SBPRF35
0.286848
Curr Bio
247849
B35
495194
F35
0.354204
FOFL
0.16661
OFL
47575.1
Bzero
81956.6
#pred survey bio
 61817.6 58746.5 50995 49751.3 82678 136696 168878 221021 265875 319484 327369 347753 393148 426137 414630 410967 396852 421977 388541 424261 388759 370610 417053 517332 508397 461071 480095 382529 1.33213e+07 7.81708e+06 5.87958e+06 4.04799e+06 2.74286e+06 1.92364e+06 1.44199e+06 1.16787e+06 1.01369e+06 926762 877114 848191 830931 820363 813725 809454 806673 804832 803597 802761 802191 801800 801530 801344 801216 801127 801065 801022 800992 800971 800957 800947 800940 800935 800932 800929 800928 800927 800926 800925 800925 800925 800925 800924 800924 800924 800924 800924 800924 800924 800924 800924 800924 800924 800924 800924 800924 800924 800924 800924 800924 800924 800924 800924 800924 800924 800924 800924 800924 800924 800924 800924 800924 800924 800924 800924 800924 800924 800924 800924 800924 800924 800924 800924 800924 800924 800924 800924 800924 800924 800924 800924 800924 800924 800924 800924 800924 800924 800924 800924 0 0 0 0 0 0 0 0 0 0 0 0 0 0 0 0 0 0 0 0 0 0 0 0 0
#obs survey bio
 62848.5 59706.2 41356 51012.1 82329.6 186720 183411 207533 232902 300608 380373 262312 289488 367278 429183 297249 364871 322446 498323 378451 376613 354050 416291 573785 685609 390238 534762 358384
#pred catch bio
 17488.9 15515.7 11383.4 8382.56 16078.6 22314.4 33383.4 54868.7 81213.5 115618 121924 167946 168494 189234 164706 204365 164578 183989 165672 215808 198859 185245 185165 254544 221978 211868 284565 190344 47575.1 92185.9 67313.6 44778.4 29237.8 19844.2 14578.1 11760 10296.5 9551.25 9176.84 8990.43 8898.2 8852.75 8830.42 8819.47 8814.12 8811.52 8810.24 8809.62 8809.32 8809.17 8809.1 8809.06 8809.05 8809.04 8809.03 8809.03 8809.03 8809.03 8809.03 8809.03 8809.03 8809.03 8809.03 8809.03 8809.03 8809.03 8809.03 8809.03 8809.03 8809.03 8809.03 8809.03 8809.03 8809.03 8809.03 8809.03 8809.03 8809.03 8809.03 8809.03 8809.03 8809.03 8809.03 8809.03 8809.03 8809.03 8809.03 8809.03 8809.03 8809.03 8809.03 8809.03 8809.03 8809.03 8809.03 8809.03 8809.03 8809.03 8809.03 8809.03 8809.03 8809.03 8809.03 8809.03 8809.03 8809.03 8809.03 8809.03 8809.03 8809.03 8809.03 8809.03 8809.03 8809.03 8809.03 8809.03 8809.03 8809.03 8809.03 8809.03 8809.03 8809.03 8809.03 8809.03 8809.03 8809.03 8809.03 8809.03 0 0 0 0 0 0 0 0 0 0 0 0 0 0 0 0 0 0 0 0 0 0 0 0 0
#obs catch bio
 14748.9 15602.2 11501.9 8290.22 16290.5 22015.4 33333.5 54767.3 81816.2 115966 119480 176996 166584 190539 160502 211339 163215 181833 166996 216699 195717 191279 186025 257800 215464 211776 294646 188088
#pred cpue bio
 60809.2 58282.4 50847.4 48875.7 78871.9 131531 161860 212350 255913 308059 315267 333503 376337 409198 397963 393969 380820 406847 375386 409275 374504 356549 401059 497511 489085 443948 461572 367773 1.28045e+07 7.81142e+06 5.86493e+06 4.033e+06 2.72787e+06 1.90864e+06 1.42699e+06 1.15287e+06 998698 911765 862117 833194 815934 805366 798728 794457 791676 789835 788601 787764 787194 786803 786533 786347 786219 786130 786068 786025 785995 785974 785960 785950 785943 785938 785935 785933 785931 785930 785929 785929 785928 785928 785928 785928 785928 785927 785927 785927 785927 785927 785927 785927 785927 785927 785927 785927 785927 785927 785927 785927 785927 785927 785927 785927 785927 785927 785927 785927 785927 785927 785927 785927 785927 785927 785927 785927 785927 785927 785927 785927 785927 785927 785927 785927 785927 785927 785927 785927 785927 785927 785927 785927 785927 785927 785927 785927 785927 785927 785927 785927 0 0 0 0 0 0 0 0 0 0 0 0 0 0 0 0 0 0 0 0 0 0 0 0 0
#obs cpue bio
 64932.9 58318.5 41984.1 57027.6 76979.3 127404 131504 243156 256466 358330 302604 296334 629249 456024 448520 437465 433381 622443 230532 527269 422782 274856 395837 482564 450518 440366 395195 401985
#pred surv len freq
 2.48657e-11 1.16957e-09 3.8092e-08 8.59069e-07 1.34156e-05 0.000145072 0.00108631 0.0056332 0.0202363 0.0504246 0.0875966 0.108179 0.101721 0.0869315 0.0820782 0.0815231 0.0751177 0.0648686 0.0552259 0.0465735 0.0389591 0.0327844 0.0271839 0.0206302 0.0130872
 1.45419e-11 6.83983e-10 2.22769e-08 5.02399e-07 7.84572e-06 8.48418e-05 0.00063533 0.0032952 0.011846 0.0296029 0.0520059 0.0669576 0.0716791 0.0790182 0.0944135 0.104456 0.100013 0.088066 0.0758417 0.0637549 0.0517371 0.0407949 0.0310321 0.0217407 0.0130167
 6.89363e-12 3.24243e-10 1.05604e-08 2.38164e-07 3.71929e-06 4.02199e-05 0.000301196 0.00156243 0.00562044 0.0140807 0.0249794 0.0333035 0.0392659 0.0504497 0.0693352 0.0885867 0.103078 0.112218 0.112481 0.101741 0.0841241 0.0648866 0.0466445 0.0303482 0.0169485
 2.90546e-11 1.36659e-09 4.4509e-08 1.00379e-06 1.56756e-05 0.000169509 0.00126926 0.00658117 0.023631 0.0587779 0.101387 0.121826 0.103826 0.0673036 0.0414664 0.0346909 0.0407433 0.0528583 0.0650769 0.0715764 0.0688679 0.0576428 0.0419734 0.0263796 0.0139351
 4.47923e-11 2.10681e-09 6.86176e-08 1.5475e-06 2.41664e-05 0.000261324 0.00195676 0.010146 0.036432 0.0906263 0.156377 0.188143 0.161006 0.105052 0.0623486 0.0406445 0.0278463 0.0190227 0.0156883 0.0169006 0.0189051 0.0185136 0.0150085 0.00988438 0.00521076
 3.73146e-11 1.7551e-09 5.71625e-08 1.28916e-06 2.01321e-05 0.0002177 0.00163014 0.00845296 0.0303608 0.0756029 0.130995 0.160165 0.145395 0.113217 0.0928381 0.0797072 0.0600488 0.0372092 0.0205579 0.0120617 0.00891618 0.00797388 0.00690944 0.00495625 0.00276315
 3.94964e-11 1.85772e-09 6.05047e-08 1.36453e-06 2.13091e-05 0.000230428 0.00172543 0.00894685 0.0321309 0.079974 0.138318 0.167937 0.148708 0.108253 0.0808582 0.0677207 0.055615 0.0416135 0.0284947 0.0175366 0.0097063 0.00537605 0.00337367 0.00220804 0.0012507
 3.80436e-11 1.78939e-09 5.82792e-08 1.31434e-06 2.05253e-05 0.000221953 0.00166197 0.00861791 0.0309513 0.0770542 0.133379 0.162466 0.145544 0.10945 0.0858014 0.0732702 0.0587167 0.0421332 0.0287156 0.0189509 0.0115404 0.00626009 0.00309089 0.00147252 0.000678905
 3.71495e-11 1.74733e-09 5.69095e-08 1.28345e-06 2.00429e-05 0.000216736 0.00162291 0.00841541 0.0302244 0.0752488 0.130282 0.158828 0.142722 0.1083 0.0862758 0.0749763 0.0613002 0.0450347 0.0311462 0.0205358 0.0125325 0.00691459 0.00339056 0.0014595 0.000552123
 3.62666e-11 1.70581e-09 5.55571e-08 1.25295e-06 1.95666e-05 0.000211586 0.00158435 0.00821547 0.0295068 0.0734676 0.127235 0.155284 0.140093 0.107484 0.0871054 0.0766833 0.0632476 0.0470028 0.033078 0.0222577 0.0138272 0.00771819 0.00379634 0.00160786 0.000573636
 3.70673e-11 1.74347e-09 5.67837e-08 1.28061e-06 1.99986e-05 0.000216257 0.00161933 0.00839678 0.0301572 0.0750791 0.129972 0.15837 0.142061 0.107284 0.0849079 0.0736711 0.0606572 0.0453454 0.0322434 0.0219861 0.0138855 0.00789594 0.00394784 0.00168574 0.000597006
 3.92026e-11 1.8439e-09 6.00547e-08 1.35438e-06 2.11507e-05 0.000228714 0.0017126 0.00888034 0.0318925 0.0793843 0.137324 0.166852 0.148127 0.108579 0.0817905 0.06824 0.0548909 0.0402156 0.0281169 0.0190528 0.0120965 0.00696742 0.00354067 0.0015361 0.000550244
 3.98114e-11 1.87254e-09 6.09874e-08 1.37542e-06 2.14791e-05 0.000232266 0.0017392 0.00901826 0.0323879 0.0806186 0.139466 0.169486 0.150561 0.110518 0.0832437 0.0688692 0.0540949 0.037942 0.0251218 0.0162708 0.0100483 0.0057181 0.00290724 0.00127265 0.000461618
 3.80897e-11 1.79156e-09 5.83498e-08 1.31593e-06 2.05502e-05 0.000222222 0.00166399 0.00862838 0.0309891 0.0771514 0.133567 0.162786 0.146121 0.110489 0.0873117 0.0748051 0.0595897 0.0418992 0.0274495 0.0172637 0.0101951 0.00553668 0.00271859 0.00116896 0.000422288
 3.84805e-11 1.80994e-09 5.89486e-08 1.32944e-06 2.07611e-05 0.000224502 0.00168106 0.00871685 0.0313062 0.0779338 0.134874 0.164159 0.14665 0.109441 0.0848691 0.0722064 0.0582161 0.042108 0.0285226 0.0183111 0.0107994 0.00573342 0.00271249 0.00112086 0.000392256
 3.91231e-11 1.84017e-09 5.9933e-08 1.35164e-06 2.11078e-05 0.000228251 0.00170913 0.00886238 0.0318284 0.079229 0.137084 0.166695 0.148421 0.1097 0.0836969 0.0702417 0.0561164 0.04031 0.0273117 0.0177703 0.0107186 0.00579917 0.00275294 0.00112046 0.000381419
 3.84886e-11 1.81032e-09 5.8961e-08 1.32972e-06 2.07654e-05 0.000224549 0.00168141 0.00871872 0.0313132 0.0779541 0.134929 0.164317 0.147082 0.110342 0.0861321 0.0731921 0.0581979 0.0410568 0.0271637 0.0173608 0.0104128 0.00566904 0.00272637 0.00112204 0.000382657
 3.60175e-11 1.69409e-09 5.51754e-08 1.24434e-06 1.94322e-05 0.000210132 0.00157347 0.0081591 0.0293051 0.0729723 0.126425 0.15452 0.14012 0.10898 0.0899672 0.0797544 0.0651141 0.0471006 0.0318306 0.0204569 0.0121469 0.00651793 0.00310802 0.00127962 0.000438899
 3.51134e-11 1.65157e-09 5.37905e-08 1.21311e-06 1.89444e-05 0.000204858 0.00153397 0.00795431 0.0285697 0.0711424 0.123264 0.150704 0.136818 0.106798 0.0888484 0.0797863 0.0666799 0.0501477 0.0355286 0.0237758 0.0145067 0.00788791 0.00376403 0.00154046 0.00052534
 3.62191e-11 1.70357e-09 5.54843e-08 1.25131e-06 1.9541e-05 0.000211309 0.00158227 0.00820468 0.0294677 0.0733666 0.127036 0.154927 0.13941 0.10623 0.0853293 0.0750378 0.0625825 0.0476059 0.0345397 0.0239371 0.0152362 0.00863656 0.00425521 0.00177395 0.000609159
 3.68715e-11 1.73426e-09 5.64837e-08 1.27385e-06 1.9893e-05 0.000215115 0.00161077 0.00835245 0.0299984 0.0746869 0.129315 0.157677 0.141775 0.107753 0.0860045 0.0747314 0.0609851 0.044883 0.0315681 0.0216509 0.0139732 0.00816874 0.00418171 0.00180886 0.000639718
 3.74773e-11 1.76275e-09 5.74118e-08 1.29478e-06 2.02198e-05 0.000218649 0.00163724 0.00848966 0.0304908 0.0759097 0.13141 0.160126 0.143639 0.108452 0.0856696 0.0738576 0.0599366 0.0437067 0.0301903 0.0201712 0.0126903 0.00732612 0.00377655 0.00167137 0.000609189
 3.76263e-11 1.76976e-09 5.764e-08 1.29993e-06 2.03002e-05 0.000219518 0.00164374 0.0085234 0.030612 0.0762112 0.131931 0.160754 0.144182 0.108813 0.0858747 0.0739257 0.0598368 0.0434274 0.029771 0.0196646 0.0121607 0.00686972 0.00347421 0.00152446 0.000558358
 3.76033e-11 1.76868e-09 5.76048e-08 1.29913e-06 2.02878e-05 0.000219384 0.00164274 0.0085182 0.0305933 0.0761644 0.131849 0.160648 0.144067 0.108691 0.0857629 0.0738954 0.0599689 0.0437046 0.0300624 0.0198403 0.0121876 0.00679909 0.00338076 0.0014575 0.000526643
 3.7376e-11 1.75799e-09 5.72565e-08 1.29128e-06 2.01651e-05 0.000218058 0.00163281 0.00846672 0.0304087 0.0757075 0.131076 0.159794 0.143583 0.108912 0.0866157 0.0749194 0.0606765 0.0439595 0.0300539 0.0197798 0.0121448 0.00676077 0.00333888 0.0014228 0.000506866
 3.69306e-11 1.73704e-09 5.65743e-08 1.27589e-06 1.99249e-05 0.00021546 0.00161335 0.00836586 0.0300467 0.0748089 0.129538 0.158002 0.142243 0.108478 0.087034 0.0758733 0.061886 0.0452185 0.0311455 0.0205442 0.0125837 0.00697832 0.0034333 0.001456 0.000514948
 3.78099e-11 1.7784e-09 5.79212e-08 1.30627e-06 2.03992e-05 0.000220589 0.00165176 0.00856496 0.0307609 0.0765789 0.132547 0.161407 0.144455 0.108375 0.0848063 0.072775 0.0592146 0.0435031 0.0302461 0.0201474 0.012438 0.00692773 0.00340974 0.00144234 0.000507968
 3.76177e-11 1.76935e-09 5.76268e-08 1.29963e-06 2.02955e-05 0.000219468 0.00164337 0.00852147 0.0306053 0.0761973 0.131926 0.160835 0.14453 0.109632 0.0870929 0.075003 0.0601382 0.0428565 0.0288114 0.0188208 0.0115871 0.00649197 0.00321794 0.00136746 0.000482227
#obs surv len freq
 2.46881e-11 1.16121e-09 3.78198e-08 8.52932e-07 1.33198e-05 0.000144035 0.00107854 0.00559296 0.0200919 0.0500658 0.0869806 0.107454 0.101156 0.0867015 0.0822183 0.0821004 0.0763924 0.0672366 0.058884 0.0509965 0.0425886 0.0335611 0.0240898 0.0149849 0.00766785
 5.99639e-12 2.82042e-10 9.18592e-09 2.07166e-07 3.23524e-06 3.49865e-05 0.000262033 0.00135987 0.0049003 0.0123603 0.0224952 0.0325974 0.0460258 0.0706796 0.101793 0.120309 0.118214 0.106167 0.0933666 0.080285 0.0662991 0.0517073 0.0368024 0.0227462 0.0115909
 1.726e-14 8.11846e-13 2.64437e-11 5.96593e-10 9.33027e-09 1.01478e-07 7.77258e-07 4.38869e-06 2.08773e-05 0.000102618 0.000526115 0.00231515 0.00773348 0.0193709 0.0384532 0.0657001 0.100416 0.13315 0.148471 0.141519 0.120501 0.0940634 0.066397 0.0406732 0.0205827
 5.27105e-11 2.47925e-09 8.07475e-08 1.82106e-06 2.84384e-05 0.00030752 0.00230265 0.011939 0.042864 0.106563 0.183444 0.218672 0.180509 0.103258 0.0412521 0.0125875 0.0056991 0.00756447 0.0120243 0.0159994 0.017324 0.0154433 0.0114932 0.00712586 0.00359715
 3.25939e-11 1.53306e-09 4.99308e-08 1.12607e-06 1.75852e-05 0.00019016 0.00142394 0.0073842 0.026529 0.0661279 0.115035 0.142796 0.136462 0.120212 0.113948 0.103522 0.074352 0.0390688 0.0160813 0.00797333 0.00732262 0.00773929 0.00676193 0.0046155 0.00243663
 4.10567e-11 1.93111e-09 6.28949e-08 1.41844e-06 2.2151e-05 0.000239531 0.00179358 0.00930009 0.0333975 0.0831049 0.143587 0.173652 0.151585 0.105825 0.0739205 0.060485 0.0523683 0.0427082 0.0307112 0.0182254 0.00895716 0.00441734 0.00276668 0.00187406 0.00105908
 3.83098e-11 1.80191e-09 5.86869e-08 1.32354e-06 2.0669e-05 0.000223506 0.0016736 0.00867822 0.0311682 0.0775957 0.134328 0.163675 0.146788 0.110662 0.0868425 0.0735451 0.0576234 0.0400541 0.0269006 0.0181308 0.0113382 0.00608853 0.00283822 0.00126283 0.000561905
 3.73425e-11 1.75641e-09 5.72051e-08 1.29012e-06 2.01471e-05 0.000217862 0.00163134 0.00845911 0.0303814 0.0756383 0.130949 0.159606 0.143311 0.108519 0.0861966 0.0748114 0.0611773 0.0448497 0.0307133 0.0199036 0.0119696 0.00657505 0.00321568 0.0013592 0.00049456
 3.68095e-11 1.73134e-09 5.63887e-08 1.27171e-06 1.98596e-05 0.000214753 0.00160806 0.00833841 0.0299481 0.0745614 0.129098 0.157414 0.141548 0.107624 0.0860474 0.0751071 0.0618278 0.0460038 0.0324169 0.0217701 0.0134234 0.00740215 0.00359338 0.00150337 0.000528523
 3.53624e-11 1.66328e-09 5.41719e-08 1.22171e-06 1.90788e-05 0.000206311 0.00154485 0.0080107 0.0287722 0.0716444 0.12412 0.151685 0.137499 0.106872 0.0883003 0.078775 0.0654038 0.0488929 0.0346996 0.0236295 0.0149017 0.00844229 0.00419007 0.00177036 0.00061918
 3.86748e-11 1.81908e-09 5.92461e-08 1.33615e-06 2.08659e-05 0.000225635 0.00168954 0.00876077 0.0314631 0.0783151 0.135472 0.164596 0.14611 0.107112 0.0808721 0.0680772 0.0558673 0.042267 0.0305479 0.0211155 0.0134891 0.00776444 0.00393258 0.00169717 0.000603466
 3.97122e-11 1.86787e-09 6.08353e-08 1.37199e-06 2.14256e-05 0.000231687 0.00173486 0.00899577 0.0323071 0.0804161 0.139107 0.169014 0.150025 0.109881 0.0824909 0.0681795 0.0537656 0.0381466 0.0258118 0.0172257 0.0109749 0.00639939 0.00329691 0.0014486 0.000524458
 3.91836e-11 1.84301e-09 6.00256e-08 1.35373e-06 2.11404e-05 0.000228604 0.00171177 0.00887609 0.031878 0.0793542 0.137314 0.16704 0.148932 0.11049 0.0847213 0.0710848 0.0562326 0.0395399 0.0260244 0.0165437 0.00995822 0.00555499 0.00280658 0.00123494 0.000452527
 3.72137e-11 1.75035e-09 5.70079e-08 1.28567e-06 2.00776e-05 0.000217111 0.00162572 0.00843 0.0302773 0.0753842 0.130543 0.159271 0.143519 0.109707 0.0882271 0.0767286 0.0619154 0.0442661 0.0295403 0.0187914 0.0110847 0.00594187 0.00286286 0.0012114 0.000434273
 3.96734e-11 1.86605e-09 6.07759e-08 1.37065e-06 2.14047e-05 0.000231461 0.00173316 0.00898695 0.0322752 0.0803334 0.138943 0.168717 0.149455 0.108866 0.0812025 0.0674194 0.0543963 0.0400483 0.027824 0.0182965 0.0109969 0.00590757 0.00280007 0.00114814 0.000396788
 3.90833e-11 1.83829e-09 5.98719e-08 1.35026e-06 2.10863e-05 0.000228018 0.00170739 0.00885337 0.0317965 0.0791521 0.13697 0.166647 0.148665 0.110458 0.0848715 0.0712361 0.0562571 0.0395392 0.0262274 0.0169762 0.0103679 0.00572552 0.00276976 0.00114075 0.000389671
 3.74909e-11 1.76339e-09 5.74325e-08 1.29525e-06 2.02272e-05 0.000218728 0.00163783 0.00849276 0.0305024 0.0759418 0.131489 0.160333 0.144178 0.109592 0.0874069 0.0756548 0.0610544 0.0437751 0.0293202 0.0187277 0.011119 0.00600932 0.0028998 0.00120776 0.00041758
 3.49466e-11 1.64372e-09 5.35348e-08 1.20735e-06 1.88544e-05 0.000203884 0.00152669 0.00791655 0.0284346 0.0708098 0.122715 0.150163 0.13674 0.107577 0.0904001 0.0814086 0.0675561 0.0500307 0.0347878 0.0229122 0.0138191 0.00746068 0.00355469 0.00146092 0.00050217
 3.49173e-11 1.64234e-09 5.34901e-08 1.20634e-06 1.88387e-05 0.000203714 0.00152541 0.00790986 0.0284099 0.0707411 0.122548 0.149731 0.13563 0.105267 0.0870048 0.0782384 0.0662667 0.0511287 0.037412 0.0258388 0.01623 0.00905181 0.00440018 0.00181954 0.00062321
 3.75849e-11 1.76781e-09 5.75764e-08 1.29849e-06 2.02778e-05 0.000219276 0.00164193 0.00851394 0.0305774 0.0761173 0.131718 0.160257 0.14298 0.106358 0.0822543 0.0704517 0.0582231 0.0443201 0.0324728 0.0229659 0.0150449 0.00880795 0.0044736 0.00191236 0.000668897
 3.674e-11 1.72807e-09 5.62822e-08 1.2693e-06 1.9822e-05 0.000214347 0.00160503 0.00832268 0.0298919 0.0744243 0.12888 0.157237 0.141671 0.108268 0.0870596 0.075792 0.0614444 0.0445927 0.0308861 0.0210359 0.0136582 0.00813002 0.00427185 0.00190183 0.000691015
 3.81805e-11 1.79583e-09 5.84889e-08 1.31907e-06 2.05992e-05 0.000222751 0.00166795 0.00864886 0.031062 0.0773236 0.133805 0.162796 0.145239 0.108004 0.0833866 0.0710355 0.0579215 0.0428728 0.0300273 0.0201153 0.0125751 0.00722438 0.00374191 0.00168135 0.000626175
 3.60171e-11 1.69407e-09 5.51747e-08 1.24433e-06 1.9432e-05 0.00021013 0.00157345 0.00815898 0.0293046 0.072969 0.126406 0.154438 0.139853 0.108366 0.0889647 0.0785671 0.0640964 0.0465919 0.0320526 0.0213525 0.0133385 0.007583 0.00384164 0.00168863 0.000622484
 3.9109e-11 1.8395e-09 5.99113e-08 1.35115e-06 2.11002e-05 0.000228168 0.00170851 0.00885912 0.0318163 0.0791928 0.136982 0.166389 0.147569 0.107888 0.08105 0.0678581 0.0553204 0.0413663 0.0293273 0.0197565 0.0122689 0.00689788 0.00345524 0.00149881 0.000544162
 3.60605e-11 1.69611e-09 5.52412e-08 1.24583e-06 1.94554e-05 0.000210383 0.00157535 0.00816884 0.0293402 0.0730602 0.126581 0.154732 0.140371 0.109263 0.0901662 0.0795358 0.0641961 0.0457601 0.0308578 0.020377 0.0127474 0.00725488 0.00364557 0.00157167 0.000564437
 3.80884e-11 1.7915e-09 5.83478e-08 1.31589e-06 2.05495e-05 0.000222214 0.00166393 0.008628 0.0309869 0.0771358 0.133473 0.162361 0.144755 0.107466 0.0828599 0.0708278 0.058379 0.0439248 0.0311395 0.0207911 0.0127289 0.00706683 0.00351182 0.00151297 0.000543478
 3.7956e-11 1.78527e-09 5.8145e-08 1.31132e-06 2.04781e-05 0.000221442 0.00165815 0.00859807 0.0308801 0.0768761 0.133066 0.162066 0.145123 0.109012 0.085347 0.0729231 0.0586409 0.042339 0.0290981 0.0194914 0.0122486 0.00694038 0.00345337 0.00147221 0.000523277
 3.71582e-11 1.74774e-09 5.69227e-08 1.28375e-06 2.00476e-05 0.000216787 0.00162329 0.00841739 0.0302318 0.0752683 0.130326 0.158927 0.142957 0.108766 0.0869231 0.0754893 0.0613128 0.0445144 0.030428 0.0199781 0.0122692 0.00688119 0.00344086 0.00148075 0.00052847
#pred catch len freq
 2.38494e-11 1.12176e-09 3.6535e-08 8.23955e-07 1.28673e-05 0.000139142 0.00104191 0.00540303 0.0194103 0.0483748 0.084093 0.104122 0.0987671 0.0861547 0.0832749 0.0836973 0.0773656 0.0668204 0.0568634 0.0479406 0.040098 0.0337416 0.0279773 0.0212322 0.0134691
 1.37457e-11 6.46532e-10 2.10571e-08 4.74891e-07 7.41614e-06 8.01965e-05 0.000600549 0.00311489 0.011199 0.0279972 0.0492621 0.0637838 0.069379 0.0784427 0.0954046 0.106223 0.101833 0.0896448 0.0771644 0.0648486 0.0526187 0.0414886 0.0315594 0.0221101 0.0132379
 6.42847e-12 3.02364e-10 9.84782e-09 2.22093e-07 3.46833e-06 3.75062e-05 0.000280876 0.00145709 0.00524233 0.0131419 0.0233712 0.0314244 0.037841 0.0499324 0.0696424 0.0893616 0.10403 0.113214 0.113445 0.102598 0.084827 0.0654272 0.0470326 0.0306007 0.0170895
 2.78271e-11 1.30885e-09 4.26285e-08 9.61378e-07 1.50133e-05 0.000162347 0.00121563 0.00630315 0.022633 0.056298 0.097127 0.116791 0.0998141 0.0653594 0.0413423 0.0356591 0.0423737 0.0550644 0.0677929 0.0745586 0.0717351 0.060042 0.0437202 0.0274774 0.014515
 4.39345e-11 2.06647e-09 6.73036e-08 1.51786e-06 2.37036e-05 0.000256321 0.00191929 0.00995175 0.035735 0.0888969 0.153424 0.184735 0.158562 0.104499 0.0634727 0.0424736 0.0294878 0.0202159 0.0166726 0.0179537 0.0200805 0.0196641 0.0159412 0.0104986 0.00553455
 3.61784e-11 1.70166e-09 5.5422e-08 1.2499e-06 1.95191e-05 0.000211072 0.00158051 0.00819568 0.0294377 0.073315 0.127103 0.155745 0.142467 0.11319 0.0954501 0.0833817 0.0631863 0.0392017 0.0216537 0.0126971 0.00938231 0.00838975 0.00726963 0.0052146 0.00290718
 3.84726e-11 1.80957e-09 5.89364e-08 1.32916e-06 2.07568e-05 0.000224456 0.00168071 0.00871501 0.0312991 0.0779113 0.134802 0.163916 0.145946 0.107959 0.082837 0.0707647 0.058523 0.0438448 0.0300159 0.0184668 0.0102193 0.00565965 0.00355151 0.00232441 0.00131661
 3.70734e-11 1.74376e-09 5.67931e-08 1.28082e-06 2.00019e-05 0.000216293 0.00161959 0.00839823 0.0301631 0.0750999 0.130051 0.158668 0.142965 0.109252 0.0877845 0.0762196 0.061427 0.0441204 0.0300597 0.0198297 0.0120731 0.00654852 0.00323321 0.00154031 0.000710155
 3.6258e-11 1.7054e-09 5.55438e-08 1.25265e-06 1.9562e-05 0.000211535 0.00158397 0.00821353 0.0295001 0.0734527 0.127222 0.155332 0.140336 0.108082 0.0880488 0.0776505 0.0637958 0.0469017 0.0324251 0.0213704 0.0130392 0.00719361 0.00352728 0.00151834 0.000574378
 3.54864e-11 1.66911e-09 5.43619e-08 1.226e-06 1.91457e-05 0.000207034 0.00155027 0.0080388 0.028873 0.0718958 0.124557 0.152223 0.137998 0.107279 0.0886338 0.0789989 0.065416 0.0486369 0.0342127 0.0230118 0.0142929 0.00797752 0.00392379 0.00166182 0.000592887
 3.63243e-11 1.70852e-09 5.56455e-08 1.25494e-06 1.95978e-05 0.000211922 0.00158687 0.00822853 0.0295536 0.0735821 0.127421 0.155453 0.140059 0.107074 0.0863413 0.0758542 0.0627098 0.0469029 0.0333362 0.0227221 0.0143475 0.00815808 0.00407879 0.00174164 0.000616802
 3.86904e-11 1.81981e-09 5.927e-08 1.33669e-06 2.08743e-05 0.000225726 0.00169022 0.00876434 0.0314763 0.0783523 0.135566 0.164843 0.146757 0.108457 0.0828116 0.0697732 0.0563115 0.0412695 0.0288391 0.0195335 0.012399 0.00714111 0.00362884 0.00157433 0.00056394
 3.92135e-11 1.84442e-09 6.00714e-08 1.35476e-06 2.11565e-05 0.000228778 0.00171308 0.00888286 0.0319021 0.0794141 0.137415 0.167149 0.148985 0.110425 0.0845094 0.0707268 0.0557781 0.0391443 0.0259058 0.0167705 0.0103544 0.00589176 0.00299544 0.00131125 0.000475616
 3.75087e-11 1.76423e-09 5.74598e-08 1.29586e-06 2.02367e-05 0.000218832 0.00163861 0.00849681 0.0305171 0.0759811 0.131574 0.160516 0.144594 0.11041 0.0885599 0.0766321 0.0612446 0.0430775 0.0282073 0.0177317 0.0104689 0.00568481 0.00279123 0.00120018 0.000433564
 3.78203e-11 1.77888e-09 5.79371e-08 1.30663e-06 2.04048e-05 0.00022065 0.00165222 0.00856734 0.0307698 0.0766038 0.132609 0.161574 0.144896 0.109311 0.0862293 0.0742325 0.0600866 0.0434825 0.0294404 0.0188921 0.0111396 0.00591352 0.00279761 0.00115601 0.000404558
 3.86577e-11 1.81827e-09 5.922e-08 1.33556e-06 2.08567e-05 0.000225535 0.0016888 0.00875698 0.0314502 0.0782914 0.135487 0.164874 0.14719 0.109619 0.0846693 0.0716791 0.0574312 0.0412636 0.0279429 0.0181725 0.0109586 0.00592851 0.00281425 0.0011454 0.000389908
 3.7834e-11 1.77953e-09 5.79581e-08 1.3071e-06 2.04123e-05 0.00022073 0.00165282 0.00857047 0.0307813 0.0766355 0.132684 0.161758 0.145356 0.110242 0.0875219 0.0752337 0.0600529 0.0423866 0.0280306 0.0179065 0.0107374 0.00584527 0.00281103 0.00115687 0.000394533
 3.53824e-11 1.66422e-09 5.42026e-08 1.2224e-06 1.90896e-05 0.000206427 0.00154573 0.00801529 0.0287891 0.071693 0.124246 0.152035 0.138436 0.108862 0.0912861 0.0817118 0.0669135 0.0484141 0.0327016 0.0210072 0.0124708 0.00669116 0.00319052 0.00131357 0.000450543
 3.44217e-11 1.61903e-09 5.27309e-08 1.18921e-06 1.85713e-05 0.000200822 0.00150376 0.00779768 0.0280077 0.0697489 0.12089 0.147989 0.134958 0.106611 0.090198 0.0818384 0.0686111 0.0516127 0.0365488 0.0244486 0.0149142 0.00810889 0.00386937 0.00158355 0.000540034
 3.57326e-11 1.68069e-09 5.47391e-08 1.2345e-06 1.92785e-05 0.00020847 0.00156102 0.00809451 0.0290725 0.0723865 0.125365 0.153017 0.138097 0.106088 0.0862611 0.0764604 0.0639229 0.0486274 0.0352615 0.0244271 0.0155451 0.00881104 0.00434107 0.00180972 0.000621442
 3.63944e-11 1.71182e-09 5.57528e-08 1.25736e-06 1.96356e-05 0.000212331 0.00158993 0.00824441 0.0296107 0.0737257 0.127678 0.155806 0.1405 0.107641 0.0869578 0.0761594 0.0623039 0.0458572 0.0322351 0.0220982 0.0142588 0.00833507 0.00426675 0.00184563 0.00065272
 3.69546e-11 1.73817e-09 5.6611e-08 1.27672e-06 1.99378e-05 0.000215599 0.0016144 0.00837128 0.0300661 0.0748566 0.129616 0.158078 0.142246 0.108338 0.0867279 0.0754382 0.0613941 0.0447781 0.0309139 0.0206452 0.0129856 0.007496 0.00386402 0.00171007 0.000623291
 3.6988e-11 1.73974e-09 5.66621e-08 1.27787e-06 1.99558e-05 0.000215794 0.00161586 0.00837886 0.0300934 0.0749253 0.129741 0.158254 0.142482 0.108677 0.0871717 0.0758619 0.0616229 0.044741 0.0306567 0.0202406 0.0125141 0.0070688 0.00357479 0.00156858 0.000574515
 3.70944e-11 1.74474e-09 5.68252e-08 1.28155e-06 2.00132e-05 0.000216415 0.00162051 0.00840295 0.0301798 0.0751392 0.130102 0.158654 0.142713 0.108586 0.0868021 0.0754446 0.0613968 0.0447531 0.0307671 0.0202962 0.0124648 0.00695318 0.00345728 0.00149047 0.000538555
 3.67727e-11 1.72961e-09 5.63324e-08 1.27044e-06 1.98397e-05 0.000214539 0.00160646 0.00833012 0.0299186 0.0744924 0.129007 0.157432 0.14198 0.108789 0.0878512 0.0767585 0.0623691 0.0451997 0.0308862 0.0203184 0.0124727 0.00694273 0.00342864 0.00146104 0.000520486
 3.63431e-11 1.7094e-09 5.56742e-08 1.25559e-06 1.96079e-05 0.000212032 0.00158769 0.00823281 0.0295693 0.0736253 0.127522 0.155701 0.140678 0.108351 0.088227 0.0776563 0.0635342 0.0464341 0.0319665 0.0210763 0.0129068 0.00715691 0.00352106 0.00149321 0.000528103
 3.75389e-11 1.76565e-09 5.75061e-08 1.29691e-06 2.0253e-05 0.000219008 0.00163993 0.0085036 0.0305408 0.0760331 0.131617 0.160347 0.143738 0.108328 0.0853727 0.0736113 0.0599779 0.0440549 0.0306105 0.0203803 0.012579 0.00700567 0.003448 0.00145851 0.000513661
 3.71195e-11 1.74593e-09 5.68637e-08 1.28242e-06 2.00268e-05 0.000216562 0.00162161 0.00840867 0.0302006 0.075194 0.130217 0.158887 0.143215 0.109551 0.0881421 0.0765465 0.0615409 0.0438636 0.0294722 0.0192431 0.0118443 0.00663545 0.00328896 0.00139763 0.000492864
#obs catch len freq
 2.39687e-11 1.12737e-09 3.67178e-08 8.2808e-07 1.29317e-05 0.000139838 0.00104712 0.00543002 0.0195068 0.0486096 0.0844639 0.104407 0.098494 0.0848791 0.0811613 0.0818401 0.0771627 0.0689379 0.0609836 0.0530855 0.0446124 0.0354542 0.0256139 0.0159759 0.008181
 2.35641e-11 1.10834e-09 3.6098e-08 8.14101e-07 1.27134e-05 0.000137478 0.00102945 0.00533842 0.0191785 0.047799 0.0831061 0.102967 0.0978884 0.0858422 0.0835442 0.0845181 0.0789152 0.0694682 0.0608071 0.0526406 0.0439508 0.0346297 0.0248548 0.0154601 0.00791085
 5.5891e-12 2.62884e-10 8.56198e-09 1.93095e-07 3.0155e-06 3.26103e-05 0.000244241 0.00126764 0.00456931 0.0115391 0.0210929 0.0309796 0.0448681 0.0704278 0.102366 0.12128 0.119186 0.106979 0.0940233 0.0808164 0.0667215 0.0520292 0.0370285 0.0228849 0.0116613
 1.60481e-14 7.54843e-13 2.45872e-11 5.54723e-10 8.67645e-09 9.44098e-08 7.24376e-07 4.11542e-06 1.99095e-05 0.000100343 0.000523092 0.00231578 0.0077479 0.0194108 0.0385189 0.0657724 0.100468 0.133168 0.148455 0.141477 0.120445 0.0940081 0.0663528 0.0406443 0.0205676
 5.23583e-11 2.46268e-09 8.02078e-08 1.80889e-06 2.82484e-05 0.000305465 0.00228726 0.0118592 0.0425775 0.10585 0.182218 0.21721 0.179304 0.102575 0.0410063 0.0126016 0.00591181 0.00802398 0.0127827 0.0170092 0.0184164 0.0164162 0.0122167 0.00757422 0.0038234
 3.15753e-11 1.48515e-09 4.83704e-08 1.09088e-06 1.70356e-05 0.000184217 0.00137944 0.00715356 0.0257016 0.064078 0.111554 0.138873 0.133966 0.120471 0.116701 0.107162 0.077226 0.0406131 0.0167141 0.00827579 0.0075914 0.00802127 0.00700799 0.00478338 0.00252523
 4.02255e-11 1.89201e-09 6.16217e-08 1.38972e-06 2.17025e-05 0.000234682 0.00175728 0.00911186 0.0327221 0.0814296 0.140729 0.170368 0.149281 0.105453 0.075347 0.0628379 0.0547858 0.044729 0.0321566 0.0190776 0.0093738 0.00462138 0.00289362 0.00195981 0.00110751
 3.74404e-11 1.76102e-09 5.73552e-08 1.2935e-06 2.01999e-05 0.000218434 0.00163563 0.00848136 0.0304619 0.0758446 0.131347 0.160279 0.144502 0.110541 0.0886978 0.0762449 0.0600427 0.0417676 0.0280355 0.0188836 0.0118048 0.00633795 0.00295414 0.00131428 0.000584754
 3.64827e-11 1.71597e-09 5.5888e-08 1.26042e-06 1.96832e-05 0.000212846 0.00159379 0.00826442 0.0296828 0.0739061 0.127998 0.156236 0.141015 0.108322 0.0879272 0.0774151 0.0636043 0.0466568 0.0319344 0.0206837 0.0124342 0.00682875 0.0033393 0.00141134 0.000513505
 3.60115e-11 1.69381e-09 5.51662e-08 1.24414e-06 1.9429e-05 0.000210097 0.0015732 0.00815769 0.0292997 0.0729536 0.126359 0.154283 0.139407 0.107418 0.0876175 0.0774836 0.0640525 0.0476795 0.0335781 0.0225373 0.0138916 0.00765876 0.00371747 0.00155516 0.000546704
 3.46798e-11 1.63117e-09 5.31262e-08 1.19813e-06 1.87105e-05 0.000202328 0.00151503 0.00785612 0.0282175 0.0702691 0.121777 0.149007 0.135668 0.106697 0.0896433 0.0808049 0.0672991 0.0503153 0.0356844 0.0242853 0.0153097 0.00867161 0.00430335 0.00181808 0.000635842
 3.81087e-11 1.79245e-09 5.8379e-08 1.31659e-06 2.05605e-05 0.000222333 0.00166481 0.00863258 0.0310032 0.0771747 0.133529 0.162372 0.144583 0.106946 0.0819561 0.069733 0.0574284 0.0434563 0.0313857 0.0216815 0.0138456 0.007968 0.00403517 0.00174131 0.000619136
 3.91486e-11 1.84136e-09 5.99719e-08 1.35252e-06 2.11215e-05 0.000228399 0.00171024 0.00886814 0.0318492 0.0792807 0.137174 0.16681 0.148535 0.109784 0.0836694 0.0699143 0.0553403 0.0392766 0.0265575 0.0177109 0.0112793 0.00657541 0.00338716 0.00148815 0.000538753
 3.86011e-11 1.81561e-09 5.91333e-08 1.33361e-06 2.08262e-05 0.000225206 0.00168633 0.00874419 0.0314048 0.0781809 0.135316 0.164764 0.147401 0.11041 0.0859719 0.0729143 0.0578877 0.0407162 0.0267802 0.0170125 0.010236 0.00570849 0.00288371 0.00126877 0.000464904
 3.65973e-11 1.72136e-09 5.60636e-08 1.26438e-06 1.97451e-05 0.000213515 0.0015988 0.00829041 0.0297765 0.0741425 0.128429 0.156862 0.141894 0.109612 0.0895363 0.0786548 0.0636707 0.0455287 0.0303617 0.0193012 0.0113807 0.00609908 0.00293817 0.00124315 0.000445633
 3.91243e-11 1.84022e-09 5.99347e-08 1.35168e-06 2.11084e-05 0.000228258 0.00170918 0.00886262 0.031829 0.0792272 0.137059 0.166566 0.14799 0.108744 0.082313 0.0690851 0.0559443 0.0411987 0.0286039 0.0187976 0.0112938 0.00606572 0.00287462 0.00117861 0.000407295
 3.8453e-11 1.80864e-09 5.89063e-08 1.32849e-06 2.07462e-05 0.000224341 0.00167986 0.00871064 0.0312844 0.0778825 0.134808 0.164184 0.147007 0.110369 0.086219 0.0732074 0.0580392 0.0408076 0.0270508 0.0174972 0.0106816 0.00589741 0.00285253 0.00117475 0.000401265
 3.6795e-11 1.73066e-09 5.63665e-08 1.27121e-06 1.98517e-05 0.000214669 0.00160743 0.00833518 0.0299371 0.0745401 0.129102 0.157611 0.142339 0.109474 0.0888679 0.0778141 0.0630311 0.0452074 0.0302603 0.0193161 0.0114638 0.00619418 0.00298857 0.00124463 0.000430306
 3.41926e-11 1.60826e-09 5.23799e-08 1.1813e-06 1.84477e-05 0.000199486 0.00149375 0.00774582 0.027822 0.069291 0.120128 0.147208 0.134727 0.107405 0.091917 0.0836878 0.0696775 0.0516114 0.0358637 0.023607 0.014233 0.00768248 0.00365986 0.00150402 0.000516958
 3.42325e-11 1.61013e-09 5.24409e-08 1.18267e-06 1.84692e-05 0.000199718 0.00149549 0.00775478 0.0278534 0.0693612 0.120196 0.147039 0.133774 0.10505 0.0882929 0.0802242 0.0681583 0.0525919 0.0384568 0.0265454 0.0166682 0.00929432 0.0045175 0.00186791 0.000639746
 3.69699e-11 1.73889e-09 5.66344e-08 1.27725e-06 1.99461e-05 0.000215689 0.00161507 0.00837468 0.0300777 0.0748782 0.129606 0.15784 0.141315 0.106167 0.0834127 0.0722284 0.0599015 0.0456059 0.0333917 0.0236015 0.0154559 0.00904678 0.00459437 0.00196385 0.000686877
 3.60837e-11 1.6972e-09 5.52768e-08 1.24663e-06 1.94679e-05 0.000210519 0.00157636 0.00817406 0.0293586 0.0731022 0.126628 0.154667 0.139924 0.108128 0.0883898 0.0777727 0.0632621 0.045921 0.0317835 0.0216327 0.0140401 0.00835555 0.00438981 0.00195421 0.00071002
 3.7476e-11 1.76269e-09 5.74096e-08 1.29473e-06 2.02191e-05 0.000218641 0.00163718 0.00848933 0.0304896 0.0759042 0.131387 0.160032 0.14335 0.107825 0.0847755 0.0731352 0.0598832 0.0443433 0.0310384 0.0207804 0.012986 0.00745882 0.00386283 0.00173554 0.000646331
 3.54086e-11 1.66545e-09 5.42426e-08 1.22331e-06 1.91037e-05 0.00020658 0.00154687 0.00802119 0.0288102 0.0717432 0.124318 0.152056 0.138238 0.108248 0.0902176 0.0804262 0.0658006 0.0478333 0.0328822 0.0218905 0.0136691 0.00776919 0.00393544 0.00172972 0.000637603
 3.84821e-11 1.81001e-09 5.89509e-08 1.32949e-06 2.07619e-05 0.000224511 0.00168112 0.00871715 0.0313069 0.0779296 0.13483 0.163929 0.145884 0.107719 0.0822724 0.0697159 0.0570662 0.0426872 0.0302447 0.0203625 0.0126406 0.00710535 0.00355869 0.00154356 0.000560381
 3.53857e-11 1.66437e-09 5.42075e-08 1.22252e-06 1.90913e-05 0.000206446 0.00154587 0.00801603 0.028792 0.071701 0.124267 0.152093 0.138589 0.109152 0.0915851 0.0816223 0.0660899 0.0471184 0.0317512 0.0209526 0.0131022 0.00745511 0.0037457 0.00161471 0.000579868
 3.7492e-11 1.76344e-09 5.74341e-08 1.29529e-06 2.02277e-05 0.000218734 0.00163787 0.00849293 0.0305023 0.0759341 0.131426 0.16002 0.143151 0.107306 0.0840259 0.0726008 0.0600481 0.0451891 0.0320146 0.0213628 0.0130741 0.00725683 0.00360573 0.0015533 0.000557939
 3.73705e-11 1.75773e-09 5.72481e-08 1.29109e-06 2.01622e-05 0.000218026 0.00163257 0.00846549 0.0304044 0.0756966 0.131058 0.159774 0.14357 0.1089 0.0865553 0.0747129 0.0602777 0.0435284 0.0298937 0.0200108 0.0125699 0.00712091 0.00354274 0.00151019 0.000536752
#spawning biomass
 52344.8 53947.7 49324.2 41999.9 48917.7 89269.3 105388 142031 174944 214953 217029 218637 240779 271635 263054 256689 250873 283116 267716 287368 258601 242410 271242 336650 332142 304609 311451 247849 246041 353014 260136 170997 109511 72345.1 51510 40360.4 34569.8 31621.4 30140.1 29402.5 29037.6 28857.8 28769.5 28726.1 28705 28694.6 28689.6 28687.1 28686 28685.4 28685.1 28684.9 28684.9 28684.8 28684.8 28684.8 28684.8 28684.8 28684.8 28684.8 28684.8 28684.8 28684.8 28684.8 28684.8 28684.8 28684.8 28684.8 28684.8 28684.8 28684.8 28684.8 28684.8 28684.8 28684.8 28684.8 28684.8 28684.8 28684.8 28684.8 28684.8 28684.8 28684.8 28684.8 28684.8 28684.8 28684.8 28684.8 28684.8 28684.8 28684.8 28684.8 28684.8 28684.8 28684.8 28684.8 28684.8 28684.8 28684.8 28684.8 28684.8 28684.8 28684.8 28684.8 28684.8 28684.8 28684.8 28684.8 28684.8 28684.8 28684.8 28684.8 28684.8 28684.8 28684.8 28684.8 28684.8 28684.8 28684.8 28684.8 28684.8 28684.8 28684.8 28684.8 28684.8 28684.8 28684.8 28684.8 0 0 0 0 0 0 0 0 0 0 0 0 0 0 0 0 0 0 0 0 0 0 0 0 0
