SBPRF35
0.819782
Curr Bio
138698
B35
689200
F35
0.209484
FOFL
0.0507577
OFL
7425.56
Bzero
234224
#pred survey bio
 8329.05 7075.33 8399.72 11214.6 15295.7 18733.7 16664.2 22450 35673.7 47601.9 59245.8 77476.8 104014 129699 129647 112082 103507 102070 104594 107507 109819 112349 114498 114626 120741 122390 129523 148110 7.00732e+06 6.63449e+06 7.44639e+06 7.18931e+06 6.4446e+06 5.5618e+06 4.72711e+06 4.01956e+06 3.45687e+06 3.02708e+06 2.70729e+06 2.47334e+06 2.30391e+06 2.18168e+06 2.09273e+06 2.02705e+06 1.9805e+06 1.94716e+06 1.92303e+06 1.90537e+06 1.89229e+06 1.88251e+06 1.87511e+06 1.86945e+06 1.86508e+06 1.86169e+06 1.85902e+06 1.85692e+06 1.85525e+06 1.85392e+06 1.85285e+06 1.85199e+06 1.8513e+06 1.85073e+06 1.85028e+06 1.84991e+06 1.84961e+06 1.84936e+06 1.84916e+06 1.849e+06 1.84887e+06 1.84876e+06 1.84867e+06 1.8486e+06 1.84854e+06 1.84849e+06 1.84845e+06 1.84841e+06 1.84839e+06 1.84837e+06 1.84835e+06 1.84833e+06 1.84832e+06 1.84831e+06 1.8483e+06 1.8483e+06 1.84829e+06 1.84829e+06 1.84828e+06 1.84828e+06 1.84828e+06 1.84828e+06 1.84828e+06 1.84827e+06 1.84827e+06 1.84827e+06 1.84827e+06 1.84827e+06 1.84827e+06 1.84827e+06 1.84827e+06 1.84827e+06 1.84827e+06 1.84827e+06 1.84827e+06 1.84827e+06 1.84827e+06 1.84827e+06 1.84827e+06 1.84827e+06 1.84827e+06 1.84827e+06 1.84827e+06 1.84827e+06 1.84827e+06 1.84827e+06 1.84827e+06 1.84827e+06 1.84827e+06 1.84827e+06 1.84827e+06 1.84827e+06 1.84827e+06 1.84827e+06 1.84827e+06 1.84827e+06 1.84827e+06 1.84827e+06 1.84827e+06 1.84827e+06 0 0 0 0 0 0 0 0 0 0 0 0 0 0 0 0 0 0 0 0 0 0 0 0 0
#obs survey bio
 7600.16 7908.61 9648.49 14497.7 14732.6 18866.2 15436 35040.2 42978.4 36838 60475.9 76604.9 90872.7 146611 107074 94720.4 99922 92691.5 97151.5 109647 118408 108164 101069 116855 135412 111119 88095.8 124163
#pred catch bio
 6048.26 5022.28 5913.18 7773.5 10151.4 14775 12092.1 15055 25510.5 35201.5 43897.4 57244.2 78125.8 101937 105970 92045.5 85261.8 83184.7 85661.7 88837.1 91377.8 94154.2 97800.6 96821.8 102459 102827 106808 97421.4 7425.56 53308.1 60146.7 57377.8 50744.5 43124 36037.8 30119.8 25489.7 22020.8 19499.4 17706.1 16451 15582.3 14982.6 14568.1 14293 14110.3 13989 13908.4 13854.9 13819.4 13795.8 13780.2 13769.8 13762.9 13758.3 13755.2 13753.2 13751.9 13751 13750.4 13750 13749.7 13749.6 13749.4 13749.4 13749.3 13749.3 13749.3 13749.3 13749.2 13749.2 13749.2 13749.2 13749.2 13749.2 13749.2 13749.2 13749.2 13749.2 13749.2 13749.2 13749.2 13749.2 13749.2 13749.2 13749.2 13749.2 13749.2 13749.2 13749.2 13749.2 13749.2 13749.2 13749.2 13749.2 13749.2 13749.2 13749.2 13749.2 13749.2 13749.2 13749.2 13749.2 13749.2 13749.2 13749.2 13749.2 13749.2 13749.2 13749.2 13749.2 13749.2 13749.2 13749.2 13749.2 13749.2 13749.2 13749.2 13749.2 13749.2 13749.2 13749.2 13749.2 13749.2 13749.2 13749.2 13749.2 13749.2 0 0 0 0 0 0 0 0 0 0 0 0 0 0 0 0 0 0 0 0 0 0 0 0 0
#obs catch bio
 4796.24 4998.29 5739.01 7514.32 9900.15 14558.7 12052.9 14302 24435.3 34255.1 42630.9 55240.1 76284.5 99731.7 108515 91835.3 85383.7 83444.6 84436.4 87894.5 87775.5 92261.6 94325.9 94119.6 98119.1 99117.4 106868 96682.5
#pred cpue bio
 7250.25 5797.61 6682.17 8831.73 12121.2 15542.5 13432.4 17307.2 27774.3 37621.3 46616.2 60258.8 80884.6 101947 104760 90277.8 81757.2 79983.5 82132 83994.7 85633.9 87254.3 88749.4 88115 92820.6 94654.7 99545.7 113455 5.76013e+06 6.50448e+06 7.41834e+06 7.14736e+06 6.39775e+06 5.51405e+06 4.67922e+06 3.97165e+06 3.40896e+06 2.97916e+06 2.65938e+06 2.42542e+06 2.25599e+06 2.13376e+06 2.04481e+06 1.97914e+06 1.93258e+06 1.89924e+06 1.87511e+06 1.85745e+06 1.84438e+06 1.83459e+06 1.82719e+06 1.82153e+06 1.81717e+06 1.81377e+06 1.81111e+06 1.809e+06 1.80733e+06 1.806e+06 1.80493e+06 1.80407e+06 1.80338e+06 1.80282e+06 1.80236e+06 1.80199e+06 1.80169e+06 1.80145e+06 1.80125e+06 1.80108e+06 1.80095e+06 1.80084e+06 1.80075e+06 1.80068e+06 1.80062e+06 1.80057e+06 1.80053e+06 1.8005e+06 1.80047e+06 1.80045e+06 1.80043e+06 1.80042e+06 1.80041e+06 1.8004e+06 1.80039e+06 1.80038e+06 1.80038e+06 1.80037e+06 1.80037e+06 1.80037e+06 1.80036e+06 1.80036e+06 1.80036e+06 1.80036e+06 1.80036e+06 1.80036e+06 1.80035e+06 1.80035e+06 1.80035e+06 1.80035e+06 1.80035e+06 1.80035e+06 1.80035e+06 1.80035e+06 1.80035e+06 1.80035e+06 1.80035e+06 1.80035e+06 1.80035e+06 1.80035e+06 1.80035e+06 1.80035e+06 1.80035e+06 1.80035e+06 1.80035e+06 1.80035e+06 1.80035e+06 1.80035e+06 1.80035e+06 1.80035e+06 1.80035e+06 1.80035e+06 1.80035e+06 1.80035e+06 1.80035e+06 1.80035e+06 1.80035e+06 1.80035e+06 1.80035e+06 1.80035e+06 0 0 0 0 0 0 0 0 0 0 0 0 0 0 0 0 0 0 0 0 0 0 0 0 0
#obs cpue bio
 5575.86 6054.6 10907.3 11951.8 15796 18829 15455.3 35048.2 40070.3 60821.1 80985.5 103440 124708 119566 70236.1 133597 78651.1 82600.1 120876 98225.3 170529 112670 192503 129762 175637 173504 124734 173072
#pred surv len freq
 2.5666e-27 2.59762e-27 4.13555e-26 8.18437e-20 2.0063e-14 5.94502e-10 2.12941e-06 0.000921952 0.0482516 0.305253 0.233674 0.036997 0.117436 0.108546 0.0285976 0.0383017 0.0178529 0.0156528 0.0105737 0.00869944 0.00728773 0.006649 0.00698215 0.00636128 0.00196003
 2.56834e-27 2.60201e-27 4.47583e-26 8.90202e-20 2.18222e-14 6.46631e-10 2.31613e-06 0.00100279 0.0524826 0.332019 0.254164 0.0402342 0.127678 0.117625 0.0237693 0.0247292 0.0094893 0.00581503 0.00317934 0.00218806 0.00158904 0.00128647 0.00122621 0.00113495 0.000385186
 2.56931e-27 2.6046e-27 4.69812e-26 9.37094e-20 2.29717e-14 6.80693e-10 2.43813e-06 0.00105562 0.0552472 0.349509 0.267518 0.0402394 0.118336 0.108992 0.0221034 0.0230267 0.00779644 0.00323729 0.00129103 0.000626519 0.00035165 0.000236516 0.000195337 0.000174198 6.16954e-05
 2.56963e-27 2.60542e-27 4.76657e-26 9.51531e-20 2.33256e-14 6.9118e-10 2.47569e-06 0.00107188 0.0560983 0.354893 0.271633 0.0404199 0.116819 0.107523 0.0206084 0.0199801 0.00676762 0.00278593 0.000898439 0.00028375 0.000100775 4.81083e-05 3.14951e-05 2.5355e-05 9.00771e-06
 2.56932e-27 2.60458e-27 4.69137e-26 9.35666e-20 2.29367e-14 6.79656e-10 2.43441e-06 0.00105401 0.055163 0.348976 0.267119 0.0406905 0.12205 0.112348 0.021436 0.0206435 0.00682622 0.00255799 0.000817232 0.000235811 5.41143e-05 1.45477e-05 6.13747e-06 4.00872e-06 1.37144e-06
 2.56705e-27 2.59848e-27 4.15707e-26 8.22954e-20 2.01737e-14 5.97783e-10 2.14116e-06 0.00092704 0.0485179 0.306938 0.235037 0.0418186 0.153175 0.141172 0.0283851 0.0292522 0.0096791 0.00361411 0.00110788 0.000296394 6.32486e-05 1.10728e-05 2.24686e-06 9.36382e-07 2.89255e-07
 2.56863e-27 2.60278e-27 4.5394e-26 9.03611e-20 2.21509e-14 6.56372e-10 2.35101e-06 0.0010179 0.0532732 0.337021 0.257987 0.0405241 0.127199 0.117234 0.0247172 0.0269181 0.00905014 0.00359269 0.00110547 0.000290204 5.75406e-05 9.00695e-06 1.06426e-06 1.87768e-07 4.44731e-08
 2.57055e-27 2.60793e-27 4.98914e-26 9.98484e-20 2.44766e-14 7.25286e-10 2.59785e-06 0.00112477 0.0588665 0.372405 0.284993 0.0396726 0.101745 0.093632 0.0184914 0.0186525 0.00642337 0.0027976 0.000891244 0.000245781 4.8371e-05 7.1095e-06 6.98283e-07 5.42203e-08 6.50543e-09
 2.57004e-27 2.6065e-27 4.85746e-26 9.70703e-20 2.37956e-14 7.05106e-10 2.52557e-06 0.00109348 0.0572286 0.362044 0.277094 0.0405015 0.113603 0.104482 0.0187496 0.0164938 0.00552277 0.00219196 0.000723301 0.000216699 4.49897e-05 6.69724e-06 6.14756e-07 3.34157e-08 1.52343e-09
 2.56938e-27 2.60472e-27 4.70063e-26 9.3762e-20 2.29846e-14 6.81076e-10 2.4395e-06 0.00105621 0.0552782 0.349705 0.267679 0.0409087 0.123316 0.113471 0.0207977 0.0188902 0.006064 0.0019934 0.000617713 0.000174555 3.88788e-05 6.20505e-06 5.81721e-07 2.85305e-08 7.16841e-10
 2.56961e-27 2.60535e-27 4.75784e-26 9.49688e-20 2.32805e-14 6.89842e-10 2.4709e-06 0.0010698 0.0559897 0.354206 0.271111 0.0406019 0.118571 0.109122 0.0205811 0.019495 0.00630916 0.00214078 0.000617267 0.000147339 3.02849e-05 4.96896e-06 5.0322e-07 2.50927e-08 5.25863e-10
 2.57009e-27 2.60664e-27 4.87099e-26 9.73558e-20 2.38656e-14 7.07181e-10 2.533e-06 0.00109669 0.057397 0.363109 0.277905 0.0403784 0.112096 0.103119 0.0189976 0.0173961 0.00569329 0.00203828 0.000598416 0.000142899 2.54262e-05 3.68018e-06 3.73847e-07 1.99661e-08 4.18029e-10
 2.57006e-27 2.60655e-27 4.86127e-26 9.71507e-20 2.38153e-14 7.05691e-10 2.52767e-06 0.00109438 0.057276 0.362344 0.277324 0.0405611 0.113895 0.104746 0.0186911 0.016282 0.00527295 0.0018087 0.000539754 0.000135179 2.43538e-05 3.18732e-06 2.80196e-07 1.48071e-08 3.271e-10
 2.56959e-27 2.60527e-27 4.74703e-26 9.47408e-20 2.32246e-14 6.88185e-10 2.46496e-06 0.00106724 0.0558553 0.353356 0.270467 0.0409321 0.121536 0.111793 0.0198722 0.017198 0.00549338 0.00176254 0.00051334 0.000124993 2.33459e-05 3.13124e-06 2.53275e-07 1.16802e-08 2.53372e-10
 2.5683e-27 2.60175e-27 4.43632e-26 8.81861e-20 2.16178e-14 6.40573e-10 2.29442e-06 0.000993398 0.0519909 0.328908 0.251814 0.0418389 0.141542 0.130259 0.0232343 0.0202189 0.00643682 0.00202712 0.000574722 0.000131623 2.37659e-05 3.22517e-06 2.67324e-07 1.14112e-08 2.19721e-10
 2.56852e-27 2.60239e-27 4.49612e-26 8.94477e-20 2.1927e-14 6.49737e-10 2.32725e-06 0.00100761 0.0527347 0.333614 0.255399 0.0413358 0.135195 0.124478 0.0235743 0.0224527 0.00715542 0.00224917 0.000633346 0.000141586 2.42522e-05 3.13327e-06 2.59361e-07 1.12167e-08 2.00736e-10
 2.56942e-27 2.60481e-27 4.70889e-26 9.39362e-20 2.30273e-14 6.82341e-10 2.44403e-06 0.00105817 0.0553809 0.350355 0.268174 0.0408598 0.122597 0.112809 0.0207314 0.0189117 0.00616746 0.00217096 0.000618501 0.000137757 2.31715e-05 2.85656e-06 2.23647e-07 9.58163e-09 1.71484e-10
 2.5697e-27 2.60555e-27 4.77105e-26 9.52473e-20 2.33487e-14 6.91865e-10 2.47814e-06 0.00107294 0.0561539 0.355245 0.27191 0.0409867 0.120937 0.111209 0.019211 0.0158377 0.00509234 0.00169499 0.000500604 0.000122312 2.07658e-05 2.52212e-06 1.88706e-07 7.65579e-09 1.34928e-10
 2.5696e-27 2.60527e-27 4.74512e-26 9.47004e-20 2.32147e-14 6.87892e-10 2.46391e-06 0.00106678 0.0558315 0.353205 0.270354 0.0410994 0.122888 0.113007 0.0194886 0.0160104 0.00502655 0.00147805 0.00042105 9.96432e-05 1.81985e-05 2.3182e-06 1.71502e-07 6.65619e-09 1.11501e-10
 2.56982e-27 2.60587e-27 4.79869e-26 9.58305e-20 2.34917e-14 6.961e-10 2.49332e-06 0.00107951 0.0564977 0.35742 0.27357 0.040921 0.119272 0.109675 0.0189903 0.0157123 0.00492914 0.00143903 0.000392331 8.3154e-05 1.45122e-05 1.91173e-06 1.50436e-07 5.81761e-09 9.34259e-11
 2.56988e-27 2.60603e-27 4.81151e-26 9.61009e-20 2.3558e-14 6.98065e-10 2.50035e-06 0.00108256 0.0566571 0.358428 0.274341 0.0409857 0.119222 0.109605 0.0185412 0.0147052 0.00461467 0.00135482 0.000368864 7.66279e-05 1.2228e-05 1.48818e-06 1.18597e-07 4.84795e-09 7.80444e-11
 2.57005e-27 2.60646e-27 4.84929e-26 9.68979e-20 2.37534e-14 7.03854e-10 2.52109e-06 0.00109153 0.057127 0.361401 0.27661 0.040909 0.117044 0.107589 0.0180678 0.0141298 0.00439218 0.00122307 0.000331328 6.90885e-05 1.08945e-05 1.2378e-06 9.00332e-08 3.67629e-09 6.18805e-11
 2.57011e-27 2.60663e-27 4.86374e-26 9.72026e-20 2.3828e-14 7.06068e-10 2.52902e-06 0.00109497 0.0573066 0.362537 0.277478 0.0409346 0.116629 0.107191 0.0177201 0.0134357 0.00416095 0.00113605 0.000301794 6.02099e-05 9.4598e-06 1.06607e-06 7.29727e-08 2.7317e-09 4.55139e-11
 2.57043e-27 2.6075e-27 4.93946e-26 9.88001e-20 2.42196e-14 7.17671e-10 2.57058e-06 0.00111296 0.0582484 0.368495 0.282025 0.0407789 0.11225 0.103134 0.0167256 0.0121864 0.00374549 0.000979791 0.000257173 5.01679e-05 7.59593e-06 8.35396e-07 5.65595e-08 1.99932e-09 3.08117e-11
 2.57042e-27 2.60746e-27 4.93574e-26 9.87215e-20 2.42004e-14 7.17101e-10 2.56853e-06 0.00111208 0.0582021 0.368202 0.281802 0.0408302 0.112796 0.103631 0.0166647 0.0119208 0.00363866 0.000911633 0.000234799 4.40876e-05 6.53289e-06 6.94108e-07 4.54625e-08 1.57657e-09 2.30037e-11
 2.57017e-27 2.60678e-27 4.87544e-26 9.74494e-20 2.38885e-14 7.0786e-10 2.53544e-06 0.00109775 0.0574521 0.363458 0.278182 0.0410365 0.11691 0.107421 0.0172381 0.0122736 0.00373366 0.000914291 0.00023181 4.17808e-05 5.98349e-06 6.14691e-07 3.8877e-08 1.30122e-09 1.84883e-11
 2.57045e-27 2.60755e-27 4.94437e-26 9.89035e-20 2.4245e-14 7.18423e-10 2.57327e-06 0.00111413 0.0583094 0.368881 0.282319 0.0407143 0.111552 0.102504 0.0168642 0.0126589 0.00385373 0.000941858 0.00023726 4.17861e-05 5.7954e-06 5.7055e-07 3.46731e-08 1.11752e-09 1.53158e-11
 2.57058e-27 2.6079e-27 4.9757e-26 9.95645e-20 2.4407e-14 7.23224e-10 2.59047e-06 0.00112157 0.0586991 0.371347 0.2842 0.0406295 0.109585 0.100685 0.0164711 0.0122227 0.00375745 0.000980692 0.000249364 4.37847e-05 5.97738e-06 5.69815e-07 3.30829e-08 1.02019e-09 1.34347e-11
#obs surv len freq
 1.63721e-41 2.27234e-33 3.81232e-26 7.73131e-20 1.89524e-14 5.61595e-10 2.01154e-06 0.000870928 0.0455809 0.288358 0.220928 0.0442133 0.164273 0.139672 0.0436796 0.0356402 0.0117392 0.00404611 0.00087662 0.000113664 6.4504e-06 1.15688e-07 4.85892e-10 3.84178e-13 4.95589e-17
 1.90077e-41 2.63815e-33 4.42604e-26 8.97592e-20 2.20034e-14 6.52001e-10 2.33536e-06 0.00101113 0.0529186 0.334778 0.256387 0.04405 0.132588 0.106671 0.0339728 0.0259836 0.00832699 0.00270255 0.000543298 6.22149e-05 2.93378e-06 4.12162e-08 1.29854e-10 7.48712e-14 6.9245e-18
 1.92839e-41 2.67648e-33 4.49035e-26 9.10634e-20 2.23231e-14 6.61475e-10 2.36929e-06 0.00102582 0.0536875 0.339643 0.260184 0.0470556 0.140838 0.105987 0.0270105 0.0172902 0.0053341 0.0016128 0.000298198 2.99461e-05 1.1695e-06 1.28435e-08 3.03281e-11 1.2766e-14 8.48318e-19
 1.96493e-41 2.72719e-33 4.57542e-26 9.27886e-20 2.2746e-14 6.74007e-10 2.41418e-06 0.00104526 0.0547046 0.346078 0.265161 0.0487541 0.139053 0.0985669 0.0262777 0.0155313 0.00372785 0.000929092 0.00015485 1.34744e-05 4.32558e-07 3.70655e-09 6.56416e-12 2.01987e-15 9.66218e-20
 1.76214e-41 2.44574e-33 4.10323e-26 8.32128e-20 2.03986e-14 6.04449e-10 2.16504e-06 0.000937386 0.049059 0.310363 0.238083 0.0549044 0.176123 0.11721 0.0312953 0.0171127 0.00397799 0.000822413 0.00010283 7.35265e-06 1.9137e-07 1.27277e-09 1.69029e-12 3.81012e-16 1.3152e-20
 1.45337e-41 2.01718e-33 3.38424e-26 6.86316e-20 1.68242e-14 4.98533e-10 1.78566e-06 0.000773131 0.0404626 0.255981 0.196829 0.0625047 0.220867 0.140052 0.0488772 0.026603 0.00583488 0.00109545 0.000112453 5.80515e-06 1.13734e-07 5.77206e-10 5.72609e-13 9.45884e-17 2.36132e-21
 2.08962e-41 2.90026e-33 4.86579e-26 9.86772e-20 2.41896e-14 7.16781e-10 2.56739e-06 0.00111159 0.0581763 0.368041 0.282079 0.0502917 0.112362 0.0690534 0.0341456 0.0188796 0.00488088 0.000893236 7.97034e-05 3.18312e-06 4.35393e-08 1.56622e-10 1.13157e-13 1.3616e-17 2.45698e-22
 1.98049e-41 2.74879e-33 4.61166e-26 9.35236e-20 2.29262e-14 6.79345e-10 2.43331e-06 0.00105354 0.055138 0.348821 0.267754 0.0603181 0.152573 0.0822195 0.0194649 0.00902806 0.00297568 0.000596228 5.34663e-05 1.77857e-06 1.79329e-08 4.41216e-11 2.1792e-14 1.83973e-18 2.36422e-23
 2.01647e-41 2.79873e-33 4.69545e-26 9.52228e-20 2.33427e-14 6.91688e-10 2.47751e-06 0.00107268 0.0561397 0.355159 0.272714 0.061771 0.144987 0.074485 0.0229748 0.00881514 0.00155088 0.00029722 2.92917e-05 9.23666e-07 7.5333e-09 1.34028e-11 4.52023e-15 2.57079e-19 2.25358e-24
 1.72381e-41 2.39253e-33 4.01397e-26 8.14025e-20 1.99549e-14 5.91299e-10 2.11794e-06 0.000916993 0.0479918 0.303617 0.233999 0.0763403 0.19984 0.09571 0.0288548 0.0105181 0.00195308 0.000238673 1.75624e-05 5.40026e-07 3.94662e-09 5.58342e-12 1.37226e-15 5.41139e-20 3.21703e-25
 2.01788e-41 2.80069e-33 4.69874e-26 9.52895e-20 2.33591e-14 6.92173e-10 2.47925e-06 0.00107343 0.056179 0.355411 0.273285 0.0666652 0.139426 0.066421 0.0293304 0.0102163 0.00177829 0.000201766 1.05023e-05 2.23671e-07 1.38534e-09 1.66391e-12 3.23896e-16 9.50762e-21 4.02948e-26
 1.8479e-41 2.56476e-33 4.30292e-26 8.72623e-20 2.13913e-14 6.33864e-10 2.2704e-06 0.000983004 0.0514465 0.325476 0.251204 0.0817219 0.180487 0.0756067 0.0231922 0.00798073 0.00171085 0.000180697 8.0083e-06 1.20956e-07 5.02984e-10 4.56319e-13 7.0903e-17 1.63615e-21 5.26608e-27
 1.92426e-41 2.67074e-33 4.48072e-26 9.08681e-20 2.22752e-14 6.60056e-10 2.36421e-06 0.00102362 0.0535724 0.338926 0.261629 0.0809622 0.160815 0.067169 0.0268956 0.00760836 0.00125194 0.000138658 5.87281e-06 7.13443e-08 2.09852e-10 1.26596e-13 1.36685e-17 2.33068e-22 5.69989e-28
 1.61979e-41 2.24816e-33 3.77175e-26 7.64903e-20 1.87507e-14 5.55618e-10 1.99013e-06 0.000861659 0.0450958 0.285311 0.222141 0.104427 0.217147 0.0838536 0.030732 0.00880053 0.00149552 0.000127843 4.79893e-06 5.2403e-08 1.21944e-10 5.27022e-14 3.84736e-18 4.39795e-23 7.40891e-29
 1.47738e-41 2.05051e-33 3.44015e-26 6.97656e-20 1.71022e-14 5.0677e-10 1.81517e-06 0.000785904 0.0411311 0.260237 0.203898 0.113317 0.224511 0.0944904 0.0472641 0.012272 0.00192982 0.000157133 4.7243e-06 4.12719e-08 7.97542e-11 2.71511e-14 1.45807e-18 1.16717e-23 1.33855e-29
 1.71703e-41 2.38312e-33 3.99818e-26 8.10823e-20 1.98764e-14 5.88973e-10 2.10961e-06 0.000913386 0.047803 0.302447 0.235901 0.102991 0.176865 0.0765086 0.0417581 0.0124998 0.00215086 0.000154901 4.03749e-06 2.78452e-08 4.07583e-11 1.07405e-14 4.46265e-19 2.68735e-24 2.24184e-30
 1.67257e-41 2.32142e-33 3.89467e-26 7.89831e-20 1.93618e-14 5.73725e-10 2.05499e-06 0.000889739 0.0465655 0.294632 0.231418 0.11902 0.193026 0.0712887 0.0314793 0.00969866 0.0018379 0.000138633 3.16314e-06 1.76785e-08 1.993e-11 3.88715e-15 1.19066e-19 5.34148e-25 3.32968e-31
 1.70074e-41 2.36052e-33 3.96026e-26 8.03132e-20 1.96878e-14 5.83387e-10 2.0896e-06 0.000904723 0.0473497 0.299606 0.236126 0.123562 0.184051 0.0694611 0.0302253 0.00736389 0.00125113 9.62179e-05 2.11151e-06 1.00406e-08 8.87503e-12 1.30779e-15 2.94969e-20 9.59067e-26 4.31885e-32
 1.65586e-41 2.29823e-33 3.85576e-26 7.8194e-20 1.91683e-14 5.67993e-10 2.03446e-06 0.00088085 0.0461003 0.291723 0.231768 0.135611 0.188458 0.0690512 0.0287003 0.00670672 0.000937787 5.9924e-05 1.20043e-06 5.07788e-09 3.71329e-12 4.25344e-16 7.19217e-21 1.7196e-26 5.62237e-33
 1.75095e-41 2.4302e-33 4.07717e-26 8.26841e-20 2.0269e-14 6.00609e-10 2.15128e-06 0.000931431 0.0487475 0.308485 0.24523 0.133763 0.168025 0.0629893 0.0255544 0.00554354 0.000692805 3.55281e-05 5.59791e-07 1.96288e-09 1.19512e-12 1.10517e-16 1.45335e-21 2.62071e-27 6.32883e-34
 1.71402e-41 2.37894e-33 3.99117e-26 8.094e-20 1.98415e-14 5.8794e-10 2.10591e-06 0.000911784 0.0477193 0.302017 0.242597 0.147846 0.17242 0.0595351 0.0218542 0.00456528 0.00051078 2.17933e-05 2.63851e-07 6.95038e-10 3.26192e-13 2.36821e-17 2.4403e-22 3.40114e-28 6.23965e-35
 1.73552e-41 2.40879e-33 4.04124e-26 8.19556e-20 2.00905e-14 5.95317e-10 2.13233e-06 0.000923225 0.0483182 0.305839 0.247183 0.152454 0.163689 0.0577985 0.0198196 0.0036036 0.000355864 1.28175e-05 1.21745e-07 2.38791e-10 8.17029e-14 4.35397e-18 3.34445e-23 3.51264e-29 4.87193e-36
 1.72836e-41 2.39885e-33 4.02457e-26 8.16174e-20 2.00075e-14 5.9286e-10 2.12353e-06 0.000919414 0.0481188 0.30463 0.248669 0.161312 0.160021 0.0552525 0.0178047 0.00301332 0.00025034 7.36426e-06 5.5417e-08 8.23198e-11 2.06324e-14 7.91122e-19 4.35247e-24 3.28877e-30 3.30861e-37
 1.74255e-41 2.41854e-33 4.0576e-26 8.22874e-20 2.01718e-14 5.97727e-10 2.14096e-06 0.000926961 0.048514 0.307187 0.252845 0.165995 0.152301 0.0533763 0.016157 0.00251091 0.000181216 4.27985e-06 2.48132e-08 2.79145e-11 5.19114e-15 1.4488e-19 5.72354e-25 3.08099e-31 2.20112e-38
 1.69081e-41 2.34673e-33 3.93712e-26 7.9844e-20 1.95728e-14 5.79978e-10 2.07739e-06 0.000899438 0.0470738 0.298173 0.249962 0.180644 0.154401 0.0520197 0.0145948 0.00209774 0.000130701 2.51061e-06 1.11781e-08 9.35387e-12 1.27949e-15 2.60877e-20 7.47029e-26 2.89201e-32 1.47623e-39
 1.59348e-41 2.21164e-33 3.71049e-26 7.52479e-20 1.84461e-14 5.46593e-10 1.95781e-06 0.000847663 0.0443645 0.281168 0.241953 0.197136 0.160653 0.0569016 0.0149413 0.00192744 0.000103441 1.61626e-06 5.56924e-09 3.48127e-12 3.4797e-16 5.1321e-21 1.05918e-26 2.94982e-33 1.0809e-40
 1.59348e-41 2.21165e-33 3.7105e-26 7.52483e-20 1.84462e-14 5.46595e-10 1.95782e-06 0.000847667 0.0443651 0.281295 0.245258 0.199542 0.154141 0.0578509 0.0148379 0.00177858 8.08486e-05 1.01902e-06 2.72203e-09 1.27862e-12 9.40226e-17 1.00576e-21 1.49208e-27 2.97262e-34 7.77578e-42
 1.64587e-41 2.28436e-33 3.83248e-26 7.7722e-20 1.90526e-14 5.64564e-10 2.02218e-06 0.000875534 0.0458241 0.290662 0.255325 0.198742 0.142204 0.0519399 0.0128912 0.00147575 5.84212e-05 5.92474e-07 1.21848e-09 4.30173e-13 2.33688e-17 1.82352e-22 1.95562e-28 2.79819e-35 5.23236e-43
#pred catch len freq
 2.56535e-27 2.59427e-27 3.84578e-26 7.57311e-20 1.85646e-14 5.50101e-10 1.97037e-06 0.000853095 0.0446479 0.282455 0.21627 0.0372839 0.131846 0.121897 0.0318809 0.0424698 0.0197458 0.0172528 0.0116434 0.00957488 0.00801989 0.00731672 0.00768327 0.00700005 0.00215685
 2.56715e-27 2.59879e-27 4.19253e-26 8.30439e-20 2.03572e-14 6.03221e-10 2.16063e-06 0.000935472 0.0489592 0.30973 0.237155 0.0409251 0.144887 0.133518 0.0268313 0.0277258 0.0106198 0.00648138 0.0035402 0.00243502 0.0017681 0.00143137 0.00136432 0.00126278 0.000428569
 2.56818e-27 2.60155e-27 4.4292e-26 8.80362e-20 2.1581e-14 6.39484e-10 2.29053e-06 0.00099171 0.0519025 0.32835 0.251373 0.0409556 0.13513 0.124503 0.0251073 0.0259788 0.00878484 0.00363147 0.00144681 0.000701612 0.000393721 0.000264799 0.000218695 0.000195027 6.90726e-05
 2.56849e-27 2.60234e-27 4.49452e-26 8.94141e-20 2.19188e-14 6.49493e-10 2.32637e-06 0.00100723 0.0527149 0.333489 0.255301 0.0411888 0.134145 0.123518 0.0235568 0.0226836 0.00767358 0.00314501 0.00101341 0.000319796 0.00011355 5.42032e-05 3.54848e-05 2.85668e-05 1.01488e-05
 2.56804e-27 2.60112e-27 4.3853e-26 8.711e-20 2.1354e-14 6.32756e-10 2.26643e-06 0.000981276 0.0513565 0.324895 0.248745 0.0415569 0.141552 0.130353 0.0247736 0.023728 0.00783749 0.00292423 0.000933443 0.000269131 6.17465e-05 1.65979e-05 7.00228e-06 4.57357e-06 1.56468e-06
 2.56614e-27 2.59601e-27 3.93916e-26 7.76984e-20 1.90468e-14 5.64392e-10 2.02156e-06 0.000875257 0.0458078 0.289793 0.221955 0.0424496 0.167168 0.154088 0.0307282 0.0313474 0.0103591 0.00384942 0.00117898 0.000315148 6.72346e-05 1.17695e-05 2.38817e-06 9.95271e-07 3.07446e-07
 2.56753e-27 2.59981e-27 4.27785e-26 8.48435e-20 2.07984e-14 6.16293e-10 2.20746e-06 0.000955745 0.0500202 0.316442 0.242284 0.0412145 0.143486 0.132281 0.0277073 0.0299553 0.0100587 0.00397501 0.00122211 0.000320558 6.35445e-05 9.94578e-06 1.17516e-06 2.07333e-07 4.9107e-08
 2.56943e-27 2.6049e-27 4.72242e-26 9.42218e-20 2.30973e-14 6.84415e-10 2.45146e-06 0.00106139 0.0555493 0.35142 0.26898 0.0403989 0.118523 0.109127 0.0214523 0.0215118 0.00739832 0.00320846 0.00102134 0.000281434 5.53754e-05 8.13822e-06 7.99299e-07 6.20636e-08 7.44647e-09
 2.56903e-27 2.60375e-27 4.61428e-26 9.19402e-20 2.2538e-14 6.67842e-10 2.3921e-06 0.00103569 0.0542041 0.34291 0.262496 0.0412359 0.129448 0.1191 0.0212614 0.0185463 0.00620205 0.00245043 0.000807884 0.000241851 5.02007e-05 7.47227e-06 6.85879e-07 3.72814e-08 1.69967e-09
 2.56841e-27 2.60207e-27 4.46559e-26 8.88036e-20 2.17691e-14 6.45058e-10 2.31049e-06 0.00100035 0.0523549 0.331212 0.253569 0.0416195 0.138639 0.127608 0.0232481 0.020922 0.00670885 0.00219498 0.000679527 0.000191865 4.27243e-05 6.81821e-06 6.39188e-07 3.13488e-08 7.8765e-10
 2.56866e-27 2.60276e-27 4.52923e-26 9.01461e-20 2.20982e-14 6.5481e-10 2.34542e-06 0.00101548 0.0531464 0.336219 0.257387 0.0412781 0.133359 0.122769 0.0230078 0.0215963 0.0069813 0.0023577 0.000679222 0.000161987 3.32873e-05 5.46106e-06 5.53043e-07 2.75769e-08 5.77923e-10
 2.56917e-27 2.60415e-27 4.65069e-26 9.27084e-20 2.27264e-14 6.73423e-10 2.41209e-06 0.00104434 0.0546571 0.345776 0.26468 0.0410399 0.126422 0.116336 0.0213006 0.0193236 0.00631652 0.00225083 0.000660255 0.000157532 2.80231e-05 4.05561e-06 4.11974e-07 2.20023e-08 4.60659e-10
 2.56919e-27 2.60418e-27 4.65126e-26 9.27203e-20 2.27293e-14 6.73509e-10 2.41239e-06 0.00104447 0.054664 0.34582 0.264717 0.0412114 0.127701 0.11748 0.020833 0.0179633 0.00581055 0.00198363 0.00059142 0.000147993 2.66563e-05 3.48831e-06 3.06646e-07 1.62047e-08 3.57974e-10
 2.56882e-27 2.60317e-27 4.56126e-26 9.08217e-20 2.22638e-14 6.59717e-10 2.363e-06 0.00102309 0.0535447 0.338738 0.259315 0.0415205 0.133849 0.123147 0.0217344 0.0185878 0.00593037 0.00189337 0.000550922 0.000134028 2.50273e-05 3.35643e-06 2.71482e-07 1.25198e-08 2.71583e-10
 2.56759e-27 2.59982e-27 4.26468e-26 8.4565e-20 2.07301e-14 6.1427e-10 2.20021e-06 0.000952608 0.049856 0.315403 0.24151 0.042395 0.153013 0.140835 0.0249206 0.0214034 0.00680581 0.0021325 0.000604024 0.000138211 2.49492e-05 3.3854e-06 2.80598e-07 1.19777e-08 2.30628e-10
 2.56784e-27 2.60054e-27 4.33257e-26 8.59975e-20 2.10813e-14 6.24676e-10 2.23748e-06 0.000968745 0.0507006 0.320746 0.245581 0.0418483 0.145992 0.134436 0.0252341 0.0237321 0.00755431 0.00236253 0.000664632 0.000148448 2.54212e-05 3.28395e-06 2.71825e-07 1.17556e-08 2.10381e-10
 2.5688e-27 2.60313e-27 4.55993e-26 9.07938e-20 2.2257e-14 6.59515e-10 2.36227e-06 0.00102277 0.0535283 0.338634 0.259232 0.0413344 0.13249 0.121932 0.0222131 0.0199957 0.00651235 0.00228082 0.000649228 0.000144473 2.42949e-05 2.99473e-06 2.34458e-07 1.00447e-08 1.79772e-10
 2.56906e-27 2.60381e-27 4.61626e-26 9.19819e-20 2.25482e-14 6.68145e-10 2.39318e-06 0.00103616 0.0542287 0.343066 0.262618 0.0414951 0.131334 0.120793 0.0207074 0.0168386 0.00540727 0.00179074 0.000528382 0.000128988 2.18941e-05 2.65887e-06 1.98932e-07 8.07057e-09 1.42238e-10
 2.56897e-27 2.60355e-27 4.59278e-26 9.14866e-20 2.24268e-14 6.64548e-10 2.3803e-06 0.00103058 0.0539367 0.341219 0.26121 0.0416033 0.133148 0.122464 0.0209566 0.0169783 0.00532431 0.00155762 0.000443264 0.000104808 1.9137e-05 2.4375e-06 1.80323e-07 6.99849e-09 1.17235e-10
 2.56924e-27 2.60428e-27 4.65731e-26 9.28479e-20 2.27605e-14 6.74435e-10 2.41571e-06 0.00104591 0.0547393 0.346296 0.265083 0.0413906 0.128808 0.118464 0.020348 0.0165966 0.00520054 0.00151047 0.000411401 8.71165e-05 1.51998e-05 2.00209e-06 1.57542e-07 6.09237e-09 9.78381e-11
 2.56933e-27 2.60451e-27 4.67664e-26 9.32557e-20 2.28605e-14 6.77397e-10 2.42632e-06 0.00105051 0.0549797 0.347817 0.266245 0.0414416 0.128379 0.118043 0.0198124 0.0154803 0.00485213 0.00141718 0.000385464 8.00038e-05 1.27634e-05 1.55316e-06 1.23771e-07 5.05944e-09 8.14489e-11
 2.56952e-27 2.60504e-27 4.7227e-26 9.42273e-20 2.30987e-14 6.84455e-10 2.4516e-06 0.00106145 0.0555525 0.35144 0.269011 0.0413412 0.125672 0.115538 0.0192496 0.014824 0.00460267 0.00127502 0.000345043 7.18832e-05 1.13323e-05 1.28739e-06 9.36374e-08 3.82342e-09 6.4357e-11
 2.56966e-27 2.60541e-27 4.75438e-26 9.48957e-20 2.32625e-14 6.8931e-10 2.46899e-06 0.00106898 0.0559466 0.353933 0.270914 0.0413173 0.124153 0.114121 0.0187134 0.0139565 0.00431718 0.00117248 0.000311148 6.20189e-05 9.74142e-06 1.09769e-06 7.51343e-08 2.81259e-09 4.68615e-11
 2.56996e-27 2.60621e-27 4.82442e-26 9.63732e-20 2.36247e-14 7.00043e-10 2.50744e-06 0.00108562 0.0568176 0.359444 0.27512 0.041181 0.120161 0.110421 0.0177722 0.0127389 0.00391086 0.00101769 0.000266835 5.20048e-05 7.87195e-06 8.65651e-07 5.8606e-08 2.07164e-09 3.19261e-11
 2.56996e-27 2.60621e-27 4.82429e-26 9.63703e-20 2.3624e-14 7.00022e-10 2.50736e-06 0.00108559 0.0568159 0.359433 0.275112 0.0412229 0.120485 0.110712 0.0176698 0.0124304 0.00379003 0.000944563 0.000243014 4.55878e-05 6.75333e-06 7.17445e-07 4.69894e-08 1.6295e-09 2.3776e-11
 2.56967e-27 2.6054e-27 4.75207e-26 9.48468e-20 2.32506e-14 6.88956e-10 2.46772e-06 0.00106843 0.0559178 0.353751 0.270777 0.0414686 0.125401 0.115242 0.0183592 0.0128614 0.00390829 0.000952062 0.000241121 4.34186e-05 6.21631e-06 6.38533e-07 4.03835e-08 1.35163e-09 1.92045e-11
 2.5699e-27 2.60604e-27 4.81011e-26 9.60712e-20 2.35507e-14 6.9785e-10 2.49958e-06 0.00108222 0.0566396 0.358318 0.27426 0.0411732 0.120706 0.110938 0.0181191 0.0133975 0.00407439 0.000990656 0.000249283 4.38628e-05 6.08172e-06 5.98664e-07 3.63803e-08 1.17253e-09 1.60697e-11
 2.56943e-27 2.60476e-27 4.69701e-26 9.36852e-20 2.29658e-14 6.80518e-10 2.4375e-06 0.00105534 0.0552329 0.349419 0.26747 0.0415325 0.128211 0.117857 0.0192206 0.0141708 0.00435279 0.00113102 0.000287328 5.04062e-05 6.87949e-06 6.55732e-07 3.80698e-08 1.17396e-09 1.54596e-11
#obs catch len freq
 1.6247e-41 2.25497e-33 3.78318e-26 7.67222e-20 1.88075e-14 5.57302e-10 1.99616e-06 0.00086427 0.0452324 0.286154 0.219246 0.0442884 0.165861 0.141026 0.0441101 0.036025 0.0119698 0.00416999 0.000920415 0.000123065 7.2602e-06 1.35728e-07 5.94115e-10 4.88161e-13 6.51441e-17
 1.64418e-41 2.28201e-33 3.82855e-26 7.76422e-20 1.90331e-14 5.63985e-10 2.0201e-06 0.000874635 0.0457749 0.289586 0.221929 0.0462998 0.167892 0.135224 0.0435892 0.0335498 0.0108808 0.00357727 0.000731389 8.57019e-05 4.17611e-06 6.08632e-08 1.98752e-10 1.1851e-13 1.13023e-17
 1.91394e-41 2.65642e-33 4.4567e-26 9.0381e-20 2.21558e-14 6.56518e-10 2.35154e-06 0.00101814 0.0532852 0.337097 0.258216 0.0458075 0.134338 0.102132 0.0335639 0.0241 0.00760702 0.00234352 0.000441855 4.53012e-05 1.81489e-06 2.05423e-08 5.0032e-11 2.16812e-14 1.47968e-18
 1.94682e-41 2.70206e-33 4.53326e-26 9.19337e-20 2.25365e-14 6.67797e-10 2.39194e-06 0.00103563 0.0542006 0.342889 0.262732 0.0489648 0.14154 0.100242 0.0261561 0.0158062 0.00480092 0.00137175 0.00023631 2.10524e-05 6.91275e-07 6.06559e-09 1.10126e-11 3.47285e-15 1.69989e-19
 1.98799e-41 2.7592e-33 4.62912e-26 9.38777e-20 2.3013e-14 6.81918e-10 2.44252e-06 0.00105753 0.0553467 0.35014 0.268342 0.0506983 0.138715 0.0923651 0.0252497 0.0139194 0.00326085 0.000774114 0.000119493 9.14134e-06 2.44331e-07 1.65964e-09 2.24811e-12 5.16661e-16 1.81732e-20
 1.79341e-41 2.48913e-33 4.17604e-26 8.46892e-20 2.07606e-14 6.15174e-10 2.20345e-06 0.000954018 0.0499295 0.31587 0.242403 0.0574963 0.174952 0.109166 0.0298718 0.0151795 0.00343049 0.000662679 7.69091e-05 4.81944e-06 1.03527e-07 5.41879e-10 5.4775e-13 9.19386e-17 2.32953e-21
 1.49292e-41 2.07208e-33 3.47634e-26 7.04995e-20 1.72821e-14 5.12101e-10 1.83426e-06 0.000794172 0.0415638 0.262948 0.202321 0.0660812 0.219346 0.13066 0.0469173 0.0234282 0.00498519 0.000867887 8.11414e-05 3.65547e-06 5.90262e-08 2.34483e-10 1.76278e-13 2.16209e-17 3.95499e-22
 2.12389e-41 2.94782e-33 4.94558e-26 1.00295e-19 2.45862e-14 7.28535e-10 2.60949e-06 0.00112982 0.0591303 0.374077 0.286782 0.052008 0.109625 0.0636797 0.0323435 0.0163792 0.00410072 0.000684499 5.49891e-05 1.88584e-06 2.11508e-08 5.95254e-11 3.2512e-14 2.89766e-18 3.82483e-23
 2.0202e-41 2.8039e-33 4.70412e-26 9.53986e-20 2.33859e-14 6.92966e-10 2.48209e-06 0.00107466 0.0562434 0.355815 0.273239 0.0625771 0.147926 0.0743276 0.0179308 0.00787356 0.00249917 0.000453787 3.59006e-05 1.00942e-06 8.25037e-09 1.58222e-11 5.90643e-15 3.6899e-19 3.46386e-24
 2.0584e-41 2.85693e-33 4.79309e-26 9.72028e-20 2.38281e-14 7.06071e-10 2.52903e-06 0.00109498 0.0573071 0.362545 0.278512 0.0639248 0.139593 0.0671258 0.0210399 0.00734421 0.00126395 0.000225988 1.93304e-05 5.05758e-07 3.29536e-09 4.53701e-12 1.154e-15 4.85651e-20 3.10903e-25
 1.77594e-41 2.46488e-33 4.13535e-26 8.38641e-20 2.05583e-14 6.0918e-10 2.18198e-06 0.000944724 0.0494431 0.3128 0.241277 0.0796373 0.192663 0.0863419 0.0263503 0.00880157 0.00155448 0.000173505 1.14543e-05 2.89785e-07 1.66652e-09 1.80635e-12 3.33312e-16 9.71574e-21 4.21986e-26
 2.06602e-41 2.8675e-33 4.81083e-26 9.75627e-20 2.39163e-14 7.08685e-10 2.53839e-06 0.00109904 0.0575192 0.363891 0.279963 0.0687503 0.132608 0.0598117 0.0264506 0.00837259 0.00138451 0.000141121 6.42703e-06 1.1449e-07 5.57577e-10 5.08482e-13 7.38435e-17 1.59768e-21 4.94477e-27
 1.90256e-41 2.64062e-33 4.43019e-26 8.98434e-20 2.2024e-14 6.52613e-10 2.33755e-06 0.00101208 0.0529682 0.335105 0.258873 0.0845467 0.171383 0.0673008 0.0207216 0.00663451 0.0013238 0.000124054 4.73132e-06 5.87923e-08 1.9318e-10 1.33275e-13 1.53841e-17 2.60619e-22 6.11302e-28
 1.9792e-41 2.74701e-33 4.60867e-26 9.34629e-20 2.29113e-14 6.78905e-10 2.43173e-06 0.00105285 0.0551022 0.348607 0.269344 0.0833707 0.15159 0.0600349 0.0237202 0.00612101 0.000956501 9.4035e-05 3.35285e-06 3.30252e-08 7.60153e-11 3.48654e-14 2.79884e-18 3.49627e-23 6.21257e-29
 1.68376e-41 2.33695e-33 3.92071e-26 7.95112e-20 1.94912e-14 5.77561e-10 2.06873e-06 0.000895689 0.0468768 0.296584 0.231299 0.108248 0.20546 0.0751525 0.0271062 0.00716726 0.00112094 8.50456e-05 2.70012e-06 2.35579e-08 4.24177e-11 1.38616e-14 7.51522e-19 6.29503e-24 7.69691e-30
 1.54599e-41 2.14574e-33 3.59992e-26 7.30056e-20 1.78965e-14 5.30305e-10 1.89947e-06 0.000822403 0.0430413 0.27233 0.213826 0.11773 0.212765 0.0865262 0.0415101 0.0099051 0.00143791 0.00010224 2.57009e-06 1.79572e-08 2.66705e-11 6.8181e-15 2.7102e-19 1.58879e-24 1.32343e-30
 1.78417e-41 2.47631e-33 4.15453e-26 8.42529e-20 2.06536e-14 6.12004e-10 2.1921e-06 0.000949104 0.0496724 0.31428 0.24554 0.105908 0.165674 0.0698852 0.0363197 0.0101077 0.00156086 9.7618e-05 2.10423e-06 1.14896e-08 1.28966e-11 2.54478e-15 7.7981e-20 3.43139e-25 2.07826e-31
 1.74161e-41 2.41724e-33 4.05542e-26 8.22431e-20 2.01609e-14 5.97405e-10 2.13981e-06 0.000926463 0.0484874 0.306802 0.241487 0.121988 0.179738 0.0641037 0.0271904 0.00785642 0.00133178 8.55573e-05 1.59183e-06 6.98913e-09 6.0033e-12 8.74101e-16 1.97092e-20 6.44675e-26 2.91195e-32
 1.77022e-41 2.45695e-33 4.12205e-26 8.35943e-20 2.04922e-14 6.07221e-10 2.17497e-06 0.000941685 0.0492841 0.311857 0.246338 0.12609 0.170579 0.0625233 0.0255939 0.00583272 0.000898339 5.84864e-05 1.0305e-06 3.80231e-09 2.54506e-12 2.78916e-16 4.6203e-21 1.09386e-26 3.56475e-33
 1.7273e-41 2.39739e-33 4.02211e-26 8.15676e-20 1.99953e-14 5.92498e-10 2.12223e-06 0.000918854 0.0480893 0.304325 0.242429 0.138015 0.17414 0.0620166 0.0241456 0.00522823 0.00065413 3.56283e-05 5.70247e-07 1.85235e-09 1.01732e-12 8.62617e-17 1.06857e-21 1.85749e-27 4.39124e-34
 1.82112e-41 2.5276e-33 4.24057e-26 8.59979e-20 2.10814e-14 6.24679e-10 2.2375e-06 0.00096876 0.0507012 0.320866 0.255726 0.135227 0.154238 0.0563323 0.0212016 0.00424777 0.000469155 2.02769e-05 2.55383e-07 6.85598e-10 3.11657e-13 2.12251e-17 2.03811e-22 2.66718e-28 4.65271e-35
 1.78565e-41 2.47837e-33 4.15798e-26 8.4323e-20 2.06708e-14 6.12513e-10 2.19392e-06 0.000949893 0.0497138 0.314664 0.253511 0.148919 0.157608 0.0528229 0.0180057 0.0034529 0.000337808 1.20031e-05 1.15246e-07 2.32005e-10 8.11331e-14 4.32371e-18 3.24245e-23 3.27154e-29 4.32891e-36
 1.80706e-41 2.50809e-33 4.20783e-26 8.53341e-20 2.09186e-14 6.19857e-10 2.22023e-06 0.000961282 0.05031 0.318477 0.258198 0.152858 0.149138 0.0510621 0.0160806 0.00267627 0.000229727 6.81284e-06 5.08731e-08 7.58779e-11 1.93054e-14 7.53994e-19 4.20613e-24 3.19033e-30 3.18439e-37
 1.80003e-41 2.49833e-33 4.19146e-26 8.5002e-20 2.08372e-14 6.17445e-10 2.21159e-06 0.000957542 0.0501144 0.317301 0.259891 0.161121 0.145382 0.0485462 0.0143288 0.0021952 0.00015713 3.78177e-06 2.22049e-08 2.49482e-11 4.6359e-15 1.3008e-19 5.19185e-25 2.82954e-31 2.04518e-38
 1.81448e-41 2.51838e-33 4.22511e-26 8.56844e-20 2.10045e-14 6.22402e-10 2.22934e-06 0.000965229 0.0505169 0.319916 0.264228 0.165029 0.137979 0.0466022 0.0128527 0.00179569 0.000110415 2.11389e-06 9.51465e-09 8.06226e-12 1.1082e-15 2.25927e-20 6.46892e-26 2.51027e-32 1.28786e-39
 1.76373e-41 2.44794e-33 4.10692e-26 8.32876e-20 2.0417e-14 6.04992e-10 2.16698e-06 0.000938229 0.0491042 0.311096 0.261809 0.179115 0.139702 0.0451589 0.0115212 0.00147503 7.75635e-05 1.19642e-06 4.10909e-09 2.58099e-12 2.60339e-16 3.8705e-21 8.02349e-27 2.2377e-33 8.20011e-41
 1.66876e-41 2.31613e-33 3.8858e-26 7.88032e-20 1.93177e-14 5.72418e-10 2.05031e-06 0.000887713 0.0464609 0.294537 0.25457 0.195308 0.14588 0.0492724 0.0116875 0.00133343 5.98445e-05 7.44365e-07 1.96644e-09 9.19087e-13 6.75936e-17 7.25876e-22 1.08326e-27 2.17138e-34 5.70818e-42
 1.66917e-41 2.3167e-33 3.88674e-26 7.88223e-20 1.93224e-14 5.72557e-10 2.05081e-06 0.000887928 0.0464728 0.294757 0.2581 0.197065 0.140106 0.0498547 0.0115037 0.0012045 4.53718e-05 4.51818e-07 9.20077e-10 3.2197e-13 1.73807e-17 1.35189e-22 1.44899e-28 2.07638e-35 3.89429e-43
#spawning biomass
 8078.88 6773.69 7964.61 10601.1 14502.7 18112.9 15893.9 21018.4 33589.6 45115.3 56018.5 72905.1 97915.2 122687 124149 107081 98067.2 96455.1 98945.2 101471 103596 105808 107762 107519 113272 115128 121465 138698 193102 324935 352969 335858 297202 252866 211642 177214 150279 130098 115430 104997 97696 92642.4 89153.1 86742.3 85141.6 84078.7 83372.9 82904.3 82593.1 82386.5 82249.3 82158.2 82097.8 82057.6 82030.9 82013.2 82001.5 81993.7 81988.5 81985 81982.8 81981.2 81980.2 81979.6 81979.1 81978.8 81978.6 81978.5 81978.4 81978.4 81978.3 81978.3 81978.3 81978.3 81978.3 81978.2 81978.2 81978.2 81978.2 81978.2 81978.2 81978.2 81978.2 81978.2 81978.2 81978.2 81978.2 81978.2 81978.2 81978.2 81978.2 81978.2 81978.2 81978.2 81978.2 81978.2 81978.2 81978.2 81978.2 81978.2 81978.2 81978.2 81978.2 81978.2 81978.2 81978.2 81978.2 81978.2 81978.2 81978.2 81978.2 81978.2 81978.2 81978.2 81978.2 81978.2 81978.2 81978.2 81978.2 81978.2 81978.2 81978.2 81978.2 81978.2 81978.2 81978.2 81978.2 81978.2 0 0 0 0 0 0 0 0 0 0 0 0 0 0 0 0 0 0 0 0 0 0 0 0 0
