SBPRF35
0.149978
Curr Bio
179087
B35
166138
F35
1.44335
FOFL
1.44335
OFL
79750
Bzero
42848.3
#pred survey bio
 11946.1 11093.6 13313.7 18257.6 22911.8 26623.1 30765.8 35668.1 39056.9 48364.1 63473.4 72635.5 86677.6 113750 112515 100605 88150.1 88337.2 91043.7 85708.9 86195.8 91212.2 96662.9 98471.3 110948 110222 98048.1 86330.9 91322.4 2.60608e+06 2.61052e+06 1.27239e+06 649132 435361 346961 302712 278290 264326 256264 251608 248925 247384 246501 245994 245703 245540 245449 245398 245369 245353 245344 245339 245336 245334 245333 245333 245333 245333 245332 245332 245332 245332 245332 245332 245332 245332 245332 245332 245332 245332 245332 245332 245332 245332 245332 245332 245332 245332 245332 245332 245332 245332 245332 245332 245332 245332 245332 245332 245332 245332 245332 245332 245332 245332 245332 245332 245332 245332 245332 245332 245332 245332 245332 245332 245332 245332 245332 245332 245332 245332 245332 245332 245332 245332 245332 245332 245332 245332 245332 245332 245332 245332 245332 245332 245332 245332 245332 245332 245332 0 0 0 0 0 0 0 0 0 0 0 0 0 0 0 0 0 0 0 0 0 0 0 0 0
#obs survey bio
 10987 9274.96 18246 17833 25832.9 25984.7 40105.3 36471.2 35147.1 47998.4 52445.8 75094.8 84836.1 76309.6 108382 115028 50441.8 107240 68154.6 89040.3 78745.4 112094 151822 99503.9 136285 103074 85913.8 126884 72071.7
#pred catch bio
 5947.96 5730.56 6928.62 9644.93 13698.6 17242.2 19932.5 25751.7 29381.7 36869.1 50930.5 61242.6 70205.4 100060 98262.1 93699.9 80962.1 79869.9 88575 83181.4 88497.4 92706.1 100299 101835 117233 117324 105869 90859 82860.8 79750 80732.2 25801.5 10000.7 6957.37 6433.54 6349.45 6336.59 6334.69 6334.41 6334.38 6334.37 6334.37 6334.37 6334.37 6334.37 6334.37 6334.37 6334.37 6334.37 6334.37 6334.37 6334.37 6334.37 6334.37 6334.37 6334.37 6334.37 6334.37 6334.37 6334.37 6334.37 6334.37 6334.37 6334.37 6334.37 6334.37 6334.37 6334.37 6334.37 6334.37 6334.37 6334.37 6334.37 6334.37 6334.37 6334.37 6334.37 6334.37 6334.37 6334.37 6334.37 6334.37 6334.37 6334.37 6334.37 6334.37 6334.37 6334.37 6334.37 6334.37 6334.37 6334.37 6334.37 6334.37 6334.37 6334.37 6334.37 6334.37 6334.37 6334.37 6334.37 6334.37 6334.37 6334.37 6334.37 6334.37 6334.37 6334.37 6334.37 6334.37 6334.37 6334.37 6334.37 6334.37 6334.37 6334.37 6334.37 6334.37 6334.37 6334.37 6334.37 6334.37 6334.37 6334.37 6334.37 6334.37 6334.37 6334.37 6334.37 0 0 0 0 0 0 0 0 0 0 0 0 0 0 0 0 0 0 0 0 0 0 0 0 0
#obs catch bio
 5767.99 5952.61 6959.64 9661.32 14002.6 17423.4 20055.5 25923 29854 36603.3 50451.7 61097.9 68555 101276 100964 95714.2 81041.6 78682.7 87110.6 82885.3 87718.4 90712 96875 99128.7 111790 112865 103556 89464.1 82025.1
#pred cpue bio
 12356.5 11031.2 12999.8 18362 22953.4 26479.3 30783.9 35673.3 38601.4 46666.9 62974 71622.6 83204 112828 113953 101012 87266.5 87594.3 89938.3 85061 83509.6 88379.2 94960.1 94382.1 107623 108590 97058.6 83967.2 87610.4 2.5861e+06 2.90462e+06 1.30429e+06 654093 438920 350438 306184 281762 267797 259736 255080 252396 250855 249972 249466 249174 249012 248921 248869 248841 248825 248816 248810 248808 248806 248805 248805 248804 248804 248804 248804 248804 248804 248804 248804 248804 248804 248804 248804 248804 248804 248804 248804 248804 248804 248804 248804 248804 248804 248804 248804 248804 248804 248804 248804 248804 248804 248804 248804 248804 248804 248804 248804 248804 248804 248804 248804 248804 248804 248804 248804 248804 248804 248804 248804 248804 248804 248804 248804 248804 248804 248804 248804 248804 248804 248804 248804 248804 248804 248804 248804 248804 248804 248804 248804 248804 248804 248804 248804 248804 0 0 0 0 0 0 0 0 0 0 0 0 0 0 0 0 0 0 0 0 0 0 0 0 0
#obs cpue bio
 5991.26 5293.32 13551.1 14992.1 15448.6 23305.1 24377.4 30322.7 33156.9 60079.4 77845.3 92259.9 102247 110049 67372.2 90816.1 115515 128104 125101 90813.1 113078 92507.6 133279 122755 199269 188929 149484 78674.9 128451
#pred surv len freq
 2.55846e-27 2.57565e-27 2.19701e-26 4.09488e-20 1.00381e-14 2.97447e-10 1.0654e-06 0.000461279 0.0241417 0.152728 0.117297 0.0426074 0.241896 0.223547 0.0517306 0.0621385 0.0255046 0.0180271 0.010607 0.00777382 0.0059284 0.00501499 0.00494119 0.00433553 0.00131872
 2.5615e-27 2.58431e-27 2.99483e-26 5.77805e-20 1.41642e-14 4.1971e-10 1.50333e-06 0.000650885 0.034065 0.215505 0.165153 0.0376123 0.170264 0.158442 0.058475 0.093772 0.0329481 0.0154279 0.0068301 0.00376702 0.00231295 0.00165932 0.00143863 0.00125693 0.000418324
 2.56385e-27 2.59015e-27 3.45512e-26 6.74886e-20 1.6544e-14 4.90229e-10 1.75592e-06 0.000760245 0.0397885 0.251713 0.192859 0.0412446 0.178439 0.164819 0.0384554 0.0466244 0.0204488 0.0155035 0.0054701 0.00196132 0.000816774 0.00044064 0.000312281 0.000254502 8.75122e-05
 2.56209e-27 2.58522e-27 3.00606e-26 5.80147e-20 1.42216e-14 4.21411e-10 1.50943e-06 0.000653523 0.0342031 0.216378 0.165915 0.0435528 0.214936 0.198453 0.0436935 0.049847 0.0174803 0.00829257 0.0039796 0.00181917 0.000485991 0.000158373 7.81977e-05 5.41144e-05 1.83521e-05
 2.56197e-27 2.58511e-27 3.01623e-26 5.823e-20 1.42744e-14 4.22975e-10 1.51503e-06 0.000655949 0.03433 0.217181 0.1665 0.0418017 0.201199 0.186204 0.0492728 0.0656711 0.0225101 0.00957409 0.00327366 0.00122269 0.00045186 0.000105442 2.74538e-05 1.3371e-05 4.21888e-06
 2.56274e-27 2.58706e-27 3.17579e-26 6.15956e-20 1.50994e-14 4.47423e-10 1.60259e-06 0.000693862 0.0363142 0.229734 0.176096 0.0424523 0.199408 0.184248 0.0434183 0.052868 0.0195105 0.0104065 0.00344995 0.00103383 0.000273275 7.39626e-05 1.32546e-05 3.20777e-06 8.33323e-07
 2.56257e-27 2.58648e-27 3.11166e-26 6.02421e-20 1.47676e-14 4.37591e-10 1.56738e-06 0.000678615 0.0355163 0.224686 0.17226 0.0436379 0.211126 0.194883 0.0420976 0.0470931 0.0164433 0.00753919 0.00278993 0.000975703 0.000220063 4.33717e-05 7.51396e-06 9.87491e-07 1.57068e-07
 2.56254e-27 2.58644e-27 3.11125e-26 6.02337e-20 1.47656e-14 4.3753e-10 1.56716e-06 0.000678521 0.0355113 0.224655 0.172231 0.0433445 0.208913 0.192939 0.0435364 0.050836 0.0171425 0.00689666 0.00231777 0.000755721 0.000199742 3.63059e-05 4.6839e-06 4.70319e-07 3.80177e-08
 2.56357e-27 2.58911e-27 3.33594e-26 6.49732e-20 1.59274e-14 4.71957e-10 1.69047e-06 0.000731909 0.0383055 0.242332 0.185734 0.0436527 0.201771 0.186129 0.0383632 0.0407388 0.0138889 0.00582368 0.00184822 0.000526309 0.000125134 2.46615e-05 2.995e-06 2.2195e-07 1.09096e-08
 2.56522e-27 2.59347e-27 3.71055e-26 7.28755e-20 1.78645e-14 5.29358e-10 1.89607e-06 0.000820927 0.0429644 0.271805 0.208236 0.0434462 0.184391 0.16991 0.0322463 0.0308208 0.0101083 0.00366013 0.00116858 0.000336205 7.09313e-05 1.23729e-05 1.54066e-06 1.03694e-07 3.53407e-09
 2.56372e-27 2.5893e-27 3.33183e-26 6.48858e-20 1.5906e-14 4.71322e-10 1.6882e-06 0.000730925 0.038254 0.242006 0.185512 0.0453414 0.214778 0.197791 0.0342725 0.0283996 0.00901157 0.00280766 0.000827815 0.000213058 4.51417e-05 7.22296e-06 7.92563e-07 5.25172e-08 1.53632e-09
 2.564e-27 2.59012e-27 3.41043e-26 6.65441e-20 1.63125e-14 4.83368e-10 1.73134e-06 0.000749605 0.0392316 0.248191 0.190223 0.0446136 0.20593 0.189757 0.0352292 0.0325874 0.0100232 0.00257351 0.000700205 0.000155672 2.91827e-05 4.44633e-06 4.51083e-07 2.66163e-08 7.38512e-10
 2.56567e-27 2.59458e-27 3.79841e-26 7.47287e-20 1.83188e-14 5.4282e-10 1.94429e-06 0.000841804 0.044057 0.278717 0.213522 0.0439984 0.184879 0.170196 0.0293234 0.0240489 0.00753643 0.00218412 0.000568936 0.000105433 1.71137e-05 2.24401e-06 2.08888e-07 1.12853e-08 2.8198e-10
 2.56385e-27 2.58958e-27 3.35125e-26 6.52952e-20 1.60063e-14 4.74296e-10 1.69885e-06 0.000735537 0.0384954 0.243533 0.186684 0.0457505 0.217068 0.19981 0.0329438 0.0248388 0.00759539 0.00191612 0.000508122 0.000102443 1.47574e-05 1.60302e-06 1.25673e-07 6.08502e-09 1.37937e-10
 2.56242e-27 2.58573e-27 3.01246e-26 5.81484e-20 1.42544e-14 4.22382e-10 1.5129e-06 0.000655029 0.0342819 0.216877 0.166343 0.0465644 0.237553 0.218769 0.0373041 0.0300022 0.00902811 0.00201219 0.000501735 9.0828e-05 1.37228e-05 1.4375e-06 9.22111e-08 3.69362e-09 7.39434e-11
 2.56283e-27 2.58693e-27 3.12777e-26 6.05811e-20 1.48507e-14 4.40054e-10 1.5762e-06 0.000682434 0.0357161 0.225951 0.173254 0.0454434 0.224167 0.206596 0.0383995 0.0355734 0.0108461 0.00261295 0.000639034 0.000102656 1.40056e-05 1.42578e-06 8.99534e-08 2.98971e-09 4.90759e-11
 2.56396e-27 2.58989e-27 3.37887e-26 6.58779e-20 1.61492e-14 4.78529e-10 1.71401e-06 0.0007421 0.0388389 0.245706 0.188342 0.0456334 0.215012 0.197916 0.0326571 0.0246705 0.00767574 0.00215027 0.000548166 9.32873e-05 1.19099e-05 1.06979e-06 6.32953e-08 2.03138e-09 2.81104e-11
 2.56391e-27 2.58972e-27 3.36133e-26 6.55078e-20 1.60584e-14 4.7584e-10 1.70438e-06 0.000737932 0.0386207 0.244326 0.187292 0.0458845 0.217661 0.200325 0.0324537 0.023582 0.00707059 0.00155651 0.000399427 7.77378e-05 1.05591e-05 9.39921e-07 4.92829e-08 1.45337e-09 1.89912e-11
 2.5641e-27 2.59027e-27 3.41202e-26 6.65772e-20 1.63206e-14 4.83609e-10 1.73221e-06 0.000749979 0.0392512 0.248314 0.190332 0.0455505 0.212984 0.196054 0.0325243 0.0248162 0.00741196 0.00156684 0.0003736 5.98674e-05 8.62427e-06 8.52382e-07 4.53644e-08 1.21057e-09 1.43805e-11
 2.56397e-27 2.58982e-27 3.36442e-26 6.55728e-20 1.60744e-14 4.76313e-10 1.70607e-06 0.000738664 0.038659 0.244568 0.187485 0.0463817 0.221309 0.203572 0.0308614 0.0191324 0.00570936 0.00123786 0.000293689 4.45268e-05 5.54082e-06 5.12232e-07 3.01555e-08 8.30618e-10 9.11112e-12
 2.56533e-27 2.59355e-27 3.69702e-26 7.25893e-20 1.77944e-14 5.2728e-10 1.88863e-06 0.000817704 0.0427957 0.270737 0.207448 0.0451401 0.197835 0.181974 0.0281981 0.0184869 0.00538409 0.000931441 0.000212367 3.28041e-05 3.97123e-06 3.26773e-07 1.7284e-08 5.0643e-10 5.77954e-12
 2.56546e-27 2.59381e-27 3.7122e-26 7.29092e-20 1.78728e-14 5.29604e-10 1.89695e-06 0.000821308 0.0429843 0.271931 0.208369 0.0457756 0.202024 0.185674 0.0258593 0.0122249 0.00354383 0.000632811 0.000138453 1.75379e-05 2.05173e-06 1.67426e-07 8.03914e-09 2.1113e-10 2.47235e-12
 2.56468e-27 2.59171e-27 3.52571e-26 6.89751e-20 1.69084e-14 5.01027e-10 1.79459e-06 0.00077699 0.0406649 0.257258 0.197174 0.0463489 0.214252 0.196962 0.0279086 0.0140489 0.0039687 0.000516642 0.000104324 1.34003e-05 1.40305e-06 9.98664e-08 4.68842e-09 1.1355e-10 1.2007e-12
 2.566e-27 2.59532e-27 3.84755e-26 7.57648e-20 1.85728e-14 5.50346e-10 1.97125e-06 0.000853474 0.0446678 0.282581 0.216492 0.0451928 0.191882 0.176361 0.0250492 0.0127161 0.00360586 0.000491249 9.54316e-05 9.23708e-06 8.94157e-07 6.02907e-08 2.44279e-09 5.55885e-11 5.46805e-13
 2.56542e-27 2.5937e-27 3.70045e-26 7.26614e-20 1.78121e-14 5.27804e-10 1.8905e-06 0.000818516 0.0428382 0.271006 0.207666 0.045931 0.2037 0.187196 0.0256702 0.011406 0.00322473 0.00044443 8.72412e-05 8.69069e-06 7.40067e-07 3.98351e-08 1.50087e-09 3.00546e-11 2.70063e-13
 2.56457e-27 2.59136e-27 3.49235e-26 6.82713e-20 1.67359e-14 4.95914e-10 1.77628e-06 0.000769062 0.0402499 0.254632 0.195175 0.0466876 0.218234 0.200578 0.027512 0.0122343 0.00342589 0.000413693 7.77907e-05 7.83331e-06 6.79173e-07 3.49719e-08 1.06438e-09 1.85887e-11 1.487e-13
 2.56427e-27 2.59056e-27 3.42206e-26 6.67885e-20 1.63724e-14 4.85143e-10 1.7377e-06 0.000752358 0.0393757 0.249102 0.190954 0.0468361 0.22233 0.204374 0.0284752 0.0134742 0.00377897 0.000453969 8.36088e-05 7.46912e-06 6.21689e-07 3.24572e-08 9.68249e-10 1.42999e-11 9.61861e-14
 2.56527e-27 2.59329e-27 3.66478e-26 7.1909e-20 1.76276e-14 5.22338e-10 1.87093e-06 0.00081004 0.0423946 0.2682 0.205524 0.0460221 0.205899 0.18923 0.0261258 0.011931 0.00335339 0.000421962 7.89673e-05 6.99242e-06 5.50545e-07 2.59552e-08 7.65192e-10 1.11526e-11 6.59219e-14
 2.56599e-27 2.59525e-27 3.83986e-26 7.56024e-20 1.8533e-14 5.49166e-10 1.96702e-06 0.000851645 0.044572 0.281975 0.216033 0.0453898 0.193703 0.178001 0.0245884 0.0112521 0.00315925 0.000391385 7.33089e-05 6.77176e-06 5.40635e-07 2.46908e-08 6.64429e-10 9.21587e-12 5.35816e-14
#obs surv len freq
 1.08235e-41 1.50224e-33 2.52031e-26 5.11115e-20 1.25294e-14 3.71268e-10 1.32982e-06 0.000575767 0.0301334 0.190633 0.146273 0.0400552 0.172786 0.146274 0.104069 0.102199 0.0447456 0.0176804 0.00403569 0.000511629 2.65148e-05 4.07279e-07 1.39288e-09 8.63685e-13 8.50597e-17
 1.60498e-41 2.22761e-33 3.73727e-26 7.57911e-20 1.85793e-14 5.50539e-10 1.97194e-06 0.000853782 0.0446835 0.282681 0.216579 0.0407124 0.126776 0.102285 0.0757866 0.0684602 0.0286276 0.010236 0.00208117 0.000226192 9.57433e-06 1.13731e-07 2.88801e-10 1.29798e-13 9.14233e-18
 1.53625e-41 2.13221e-33 3.57722e-26 7.25454e-20 1.77837e-14 5.26962e-10 1.88749e-06 0.000817219 0.04277 0.270576 0.207564 0.0499973 0.176652 0.128776 0.0565363 0.0426505 0.0170917 0.00549649 0.000978554 8.9026e-05 3.02143e-06 2.75866e-08 5.19934e-11 1.69434e-14 8.53626e-19
 1.07338e-41 1.48978e-33 2.49942e-26 5.06878e-20 1.24255e-14 3.68191e-10 1.3188e-06 0.000570994 0.0298836 0.189054 0.145545 0.056407 0.229998 0.163011 0.0984574 0.06627 0.0161903 0.00395519 0.000608951 4.55434e-05 1.21258e-06 8.38756e-09 1.16783e-11 2.76048e-15 9.96308e-20
 1.49979e-41 2.0816e-33 3.49232e-26 7.08236e-20 1.73616e-14 5.14455e-10 1.84269e-06 0.000797823 0.0417549 0.264155 0.202692 0.0471057 0.141827 0.10404 0.10453 0.0696647 0.0194132 0.00365374 0.00034424 1.94693e-05 3.99068e-07 2.05663e-09 2.09174e-12 3.56929e-16 9.22367e-21
 1.19952e-41 1.66486e-33 2.79315e-26 5.66445e-20 1.38857e-14 4.11459e-10 1.47378e-06 0.000638096 0.0333954 0.211273 0.162874 0.0650905 0.231757 0.144256 0.0782046 0.0495225 0.0189521 0.00372784 0.000297018 1.02955e-05 1.40585e-07 5.23652e-10 3.84006e-13 4.68576e-17 8.62018e-22
 1.37784e-41 1.91235e-33 3.20836e-26 6.50648e-20 1.59499e-14 4.72624e-10 1.69286e-06 0.00073295 0.0383597 0.242678 0.186726 0.0577867 0.174421 0.116344 0.110106 0.0571704 0.0129237 0.00251647 0.000226332 6.56353e-06 5.66309e-08 1.31868e-10 6.58966e-14 5.65286e-18 7.33841e-23
 1.19432e-41 1.65764e-33 2.78104e-26 5.63989e-20 1.38255e-14 4.09676e-10 1.46739e-06 0.00063533 0.0332506 0.210359 0.16262 0.0723033 0.227428 0.133361 0.0935574 0.0494169 0.0148394 0.00208602 0.000137513 3.88286e-06 2.80046e-08 4.32602e-11 1.33393e-14 7.38933e-19 6.50718e-24
 1.50978e-41 2.09548e-33 3.5156e-26 7.12956e-20 1.74773e-14 5.17884e-10 1.85498e-06 0.000803141 0.0420332 0.26592 0.204864 0.0643869 0.167042 0.104252 0.096938 0.0425627 0.00970652 0.00140614 8.25684e-05 1.65026e-06 9.80526e-09 1.23864e-11 2.7205e-15 9.7138e-20 5.41056e-25
 1.52331e-41 2.11425e-33 3.54709e-26 7.19343e-20 1.76338e-14 5.22523e-10 1.87159e-06 0.000810335 0.0424097 0.268305 0.2073 0.0778463 0.197868 0.103359 0.0659402 0.0283146 0.00701592 0.000789764 3.83721e-05 6.54054e-07 2.82319e-09 2.64002e-12 4.50396e-16 1.20644e-20 4.70218e-26
 1.0963e-41 1.5216e-33 2.55279e-26 5.17701e-20 1.26908e-14 3.76053e-10 1.34696e-06 0.000583187 0.0305217 0.193104 0.150961 0.0973427 0.25862 0.136144 0.0949545 0.0317147 0.00546357 0.000565875 2.32845e-05 3.03356e-07 1.02709e-09 7.08385e-13 8.58151e-17 1.6709e-21 4.83405e-27
 1.66391e-41 2.3094e-33 3.87449e-26 7.85739e-20 1.92615e-14 5.70753e-10 2.04434e-06 0.00088513 0.0463242 0.293071 0.226279 0.0711394 0.144477 0.0941888 0.0899895 0.0286907 0.0046049 0.000337085 1.0284e-05 1.07537e-07 2.72692e-10 1.39068e-13 1.23626e-17 1.71813e-22 3.49968e-28
 1.33708e-41 1.85577e-33 3.11344e-26 6.314e-20 1.5478e-14 4.58643e-10 1.64278e-06 0.000711268 0.037225 0.235521 0.184513 0.110424 0.2426 0.106626 0.057554 0.0205127 0.00403566 0.00026918 6.16803e-06 4.43157e-08 8.22275e-11 3.08557e-14 1.97813e-18 1.97601e-23 2.88586e-29
 1.11658e-41 1.54975e-33 2.60002e-26 5.27279e-20 1.29256e-14 3.8301e-10 1.37188e-06 0.000593976 0.0310864 0.196693 0.155474 0.112141 0.235814 0.137756 0.103471 0.0238352 0.00292627 0.000204052 4.57883e-06 2.5427e-08 3.2221e-11 8.28154e-15 3.76044e-19 2.68172e-24 2.78318e-30
 8.7738e-42 1.21775e-33 2.04302e-26 4.1432e-20 1.01566e-14 3.00958e-10 1.07798e-06 0.000466729 0.0244268 0.154574 0.124562 0.123355 0.24904 0.159848 0.124483 0.0344295 0.00460782 0.000202463 3.44516e-06 1.73981e-08 1.78433e-11 3.26092e-15 1.00058e-19 4.84877e-25 3.49005e-31
 1.41173e-41 1.95939e-33 3.28729e-26 6.66655e-20 1.63423e-14 4.84251e-10 1.73451e-06 0.000750983 0.0393035 0.248681 0.194963 0.0947617 0.160236 0.12662 0.101696 0.0287167 0.00407617 0.000190384 2.53826e-06 8.6959e-09 6.95239e-12 1.02569e-15 2.38067e-20 8.16386e-26 4.01471e-32
 9.74353e-42 1.35234e-33 2.26883e-26 4.60114e-20 1.12791e-14 3.34222e-10 1.19713e-06 0.000518315 0.0271266 0.171696 0.141565 0.162056 0.272716 0.126445 0.0723558 0.0221872 0.00318224 0.000147704 1.92658e-06 5.55724e-09 3.13274e-12 3.22388e-16 5.56691e-21 1.45583e-26 5.35486e-33
 1.43583e-41 1.99284e-33 3.34341e-26 6.78036e-20 1.66213e-14 4.92518e-10 1.76412e-06 0.000763803 0.0399745 0.252952 0.200205 0.107822 0.161199 0.135968 0.0840817 0.0152972 0.00165969 7.51192e-05 9.2141e-07 2.41394e-09 1.1539e-12 9.03406e-17 1.09437e-21 1.98112e-27 5.18073e-34
 1.00032e-41 1.38838e-33 2.32929e-26 4.72376e-20 1.15797e-14 3.43129e-10 1.22903e-06 0.000532128 0.0278497 0.176329 0.149056 0.183182 0.260783 0.121614 0.0629327 0.0161631 0.00151121 4.42559e-05 4.3984e-07 1.00984e-09 4.13282e-13 2.68311e-17 2.57804e-22 3.50451e-28 6.55783e-35
 1.28906e-41 1.78913e-33 3.00164e-26 6.08726e-20 1.49222e-14 4.42172e-10 1.58379e-06 0.000685725 0.0358883 0.227159 0.184351 0.132342 0.181262 0.152091 0.0739173 0.0113189 0.000956232 2.74933e-05 1.94163e-07 3.15293e-10 1.01478e-13 5.33709e-18 4.11672e-23 4.41921e-29 6.4018e-36
 1.41107e-41 1.95847e-33 3.28574e-26 6.66341e-20 1.63346e-14 4.84023e-10 1.73369e-06 0.000750629 0.0392852 0.248708 0.204579 0.159444 0.187573 0.101553 0.047741 0.00970188 0.000649285 1.32167e-05 7.92818e-08 9.93775e-11 2.22031e-14 8.2897e-19 4.78027e-24 3.93674e-30 4.3935e-37
 1.12662e-41 1.56367e-33 2.62338e-26 5.32017e-20 1.30418e-14 3.86451e-10 1.38421e-06 0.000599313 0.0313661 0.198712 0.172366 0.196268 0.225171 0.123434 0.045098 0.00654104 0.000434245 8.27305e-06 3.61519e-08 3.36268e-11 5.76572e-15 1.57007e-19 6.31434e-25 3.62561e-31 2.88841e-38
 1.37476e-41 1.90808e-33 3.2012e-26 6.49198e-20 1.59143e-14 4.7157e-10 1.68909e-06 0.000731317 0.0382747 0.242405 0.202976 0.160168 0.179005 0.126602 0.0441846 0.00539207 0.000255842 3.86379e-06 1.467e-08 1.0615e-11 1.30452e-15 2.56837e-20 7.5845e-26 3.15888e-32 1.78287e-39
 1.35621e-41 1.88233e-33 3.15799e-26 6.40435e-20 1.56995e-14 4.65205e-10 1.66629e-06 0.000721446 0.0377584 0.239281 0.207225 0.194184 0.188138 0.0965374 0.0318616 0.0041227 0.000166807 1.82474e-06 4.98019e-09 2.79887e-12 2.69544e-16 3.95092e-21 8.33782e-27 2.46195e-33 9.9332e-41
 1.18607e-41 1.64619e-33 2.76183e-26 5.60094e-20 1.373e-14 4.06846e-10 1.45726e-06 0.000630942 0.0330223 0.209471 0.190169 0.213984 0.206908 0.113133 0.0296672 0.00290546 0.000106544 1.02267e-06 2.09499e-09 8.23064e-13 5.65192e-17 6.1384e-22 9.71713e-28 2.12209e-34 6.19024e-42
 1.06551e-41 1.47886e-33 2.48109e-26 5.03159e-20 1.23344e-14 3.6549e-10 1.30912e-06 0.000566806 0.0296662 0.188393 0.178425 0.221384 0.217298 0.129274 0.032161 0.0027565 7.50711e-05 5.57122e-07 9.34549e-10 2.84797e-13 1.4067e-17 1.06279e-22 1.1764e-28 1.83255e-35 3.87837e-43
 1.04998e-41 1.45731e-33 2.44494e-26 4.95829e-20 1.21547e-14 3.60165e-10 1.29005e-06 0.000558549 0.0292346 0.185818 0.179764 0.221365 0.216787 0.131879 0.0318994 0.00263083 6.13709e-05 3.46655e-07 4.22271e-10 9.65717e-14 3.64221e-18 2.05428e-23 1.63829e-29 1.792e-36 2.63669e-44
 1.26855e-41 1.76066e-33 2.95388e-26 5.99041e-20 1.46848e-14 4.35137e-10 1.55859e-06 0.000674816 0.0353193 0.224208 0.204661 0.200022 0.1925 0.113156 0.0271754 0.00223183 5.0688e-05 2.63705e-07 2.7162e-10 4.95222e-14 1.47463e-18 6.69286e-24 4.37018e-30 3.92453e-37 4.6965e-45
 1.26858e-41 1.7607e-33 2.95394e-26 5.99053e-20 1.46851e-14 4.35146e-10 1.55862e-06 0.00067483 0.0353201 0.224212 0.204665 0.200031 0.192667 0.113506 0.0267973 0.00208217 4.37826e-05 2.06703e-07 1.90355e-10 3.06634e-14 7.99684e-19 3.16151e-24 1.79301e-30 1.39663e-37 1.44834e-45
#pred catch len freq
 2.55676e-27 2.57095e-27 1.77249e-26 3.19927e-20 7.84262e-15 2.32391e-10 8.32385e-07 0.000360391 0.0188616 0.119324 0.0918231 0.0446371 0.27524 0.254177 0.0546474 0.0610552 0.0247917 0.0171912 0.0100816 0.00737721 0.00562404 0.00475722 0.00468717 0.00411264 0.00125093
 2.55962e-27 2.57918e-27 2.53784e-26 4.81397e-20 1.18009e-14 3.49681e-10 1.2525e-06 0.000542284 0.0283812 0.179548 0.137723 0.0392637 0.202103 0.187765 0.0626181 0.0958306 0.0334364 0.0153188 0.00675689 0.00371932 0.00228274 0.00163752 0.00141972 0.0012404 0.000412824
 2.5618e-27 2.58452e-27 2.95302e-26 5.68961e-20 1.39474e-14 4.13286e-10 1.48032e-06 0.000640922 0.0335436 0.212206 0.162722 0.0431153 0.213848 0.19741 0.0427051 0.0481085 0.0208473 0.0155261 0.00546545 0.00195493 0.000813694 0.000438931 0.000311065 0.000253512 8.71715e-05
 2.56008e-27 2.57969e-27 2.51014e-26 4.75525e-20 1.16569e-14 3.45416e-10 1.23722e-06 0.000535669 0.028035 0.177358 0.136151 0.0455524 0.251064 0.231677 0.0474994 0.0501555 0.0174555 0.00810194 0.00387348 0.00176765 0.00047203 0.000153799 7.59373e-05 5.25501e-05 1.78216e-05
 2.56033e-27 2.58057e-27 2.60752e-26 4.96076e-20 1.21607e-14 3.60343e-10 1.29069e-06 0.000558819 0.0292466 0.185023 0.141973 0.0435941 0.232072 0.214568 0.0520343 0.0648167 0.0220663 0.00917912 0.003128 0.00116545 0.0004305 0.000100447 2.61524e-05 1.27371e-05 4.01888e-06
 2.56128e-27 2.58303e-27 2.81208e-26 5.39226e-20 1.32185e-14 3.91687e-10 1.40296e-06 0.000607427 0.0317905 0.201116 0.15427 0.0441469 0.227638 0.210169 0.0456502 0.0514162 0.0188096 0.00982372 0.0032477 0.000970849 0.000256485 6.94075e-05 1.2438e-05 3.01013e-06 7.81979e-07
 2.56107e-27 2.58234e-27 2.7377e-26 5.2353e-20 1.28337e-14 3.80286e-10 1.36212e-06 0.000589746 0.0308652 0.195262 0.14982 0.0453604 0.24 0.221395 0.0443889 0.0456325 0.0158114 0.00709165 0.00261544 0.000912691 0.000205753 4.05442e-05 7.02388e-06 9.23081e-07 1.46823e-07
 2.56145e-27 2.58337e-27 2.83171e-26 5.43362e-20 1.33199e-14 3.94691e-10 1.41372e-06 0.000612086 0.0320344 0.202659 0.15546 0.0448642 0.232261 0.214333 0.0445916 0.0478428 0.0160232 0.00630177 0.00211042 0.000686464 0.000181344 3.29571e-05 4.25171e-06 4.26919e-07 3.45095e-08
 2.56259e-27 2.58637e-27 3.08571e-26 5.96942e-20 1.46333e-14 4.33611e-10 1.55312e-06 0.000672443 0.0351932 0.222643 0.170721 0.0450232 0.222749 0.205349 0.0392778 0.0379733 0.0128509 0.00526834 0.00166653 0.000473385 0.000112488 2.21655e-05 2.6918e-06 1.9948e-07 9.80513e-09
 2.56427e-27 2.59081e-27 3.46842e-26 6.77674e-20 1.66124e-14 4.92254e-10 1.76317e-06 0.000763386 0.0399529 0.252753 0.193708 0.044683 0.20401 0.187899 0.0333362 0.0287705 0.00937249 0.00331615 0.00105484 0.00030274 6.38364e-05 1.11332e-05 1.38625e-06 9.33011e-08 3.17986e-09
 2.56292e-27 2.58705e-27 3.12622e-26 6.05482e-20 1.48426e-14 4.39814e-10 1.57534e-06 0.000682062 0.0356967 0.225828 0.173177 0.0464826 0.23213 0.213682 0.0349036 0.0258327 0.0081447 0.00247864 0.000727888 0.000186853 3.95662e-05 6.32974e-06 6.94524e-07 4.60205e-08 1.34627e-09
 2.56348e-27 2.58862e-27 3.27106e-26 6.36038e-20 1.55917e-14 4.6201e-10 1.65484e-06 0.000716483 0.0374981 0.237224 0.181865 0.0455885 0.219222 0.201892 0.0350289 0.0290714 0.00889471 0.00223019 0.000604028 0.000133927 2.50902e-05 3.82203e-06 3.87732e-07 2.28781e-08 6.34787e-10
 2.56493e-27 2.59251e-27 3.61016e-26 7.07571e-20 1.73452e-14 5.13971e-10 1.84096e-06 0.000797064 0.0417155 0.263904 0.202228 0.0450119 0.200527 0.184532 0.0299786 0.0219299 0.00683034 0.00193337 0.000501652 9.27061e-05 1.5037e-05 1.97126e-06 1.8349e-07 9.9131e-09 2.47693e-10
 2.56347e-27 2.58851e-27 3.25042e-26 6.31681e-20 1.54849e-14 4.58845e-10 1.64351e-06 0.000711575 0.0372413 0.235599 0.180638 0.0465193 0.227167 0.20902 0.0326011 0.0217357 0.0066074 0.00162767 0.00042966 8.63896e-05 1.24368e-05 1.35061e-06 1.05879e-07 5.12655e-09 1.1621e-10
 2.56203e-27 2.58459e-27 2.90491e-26 5.58793e-20 1.36981e-14 4.059e-10 1.45387e-06 0.000629469 0.0329441 0.208414 0.159895 0.0474279 0.248655 0.228886 0.0367858 0.0262709 0.00786428 0.00171174 0.000424696 7.66668e-05 1.15749e-05 1.21222e-06 7.7756e-08 3.11457e-09 6.2351e-11
 2.56288e-27 2.58698e-27 3.12515e-26 6.05257e-20 1.48371e-14 4.39651e-10 1.57476e-06 0.000681809 0.0356834 0.225744 0.173106 0.0460721 0.229055 0.210961 0.0365343 0.0302169 0.00916565 0.00215602 0.00052489 8.4082e-05 1.14625e-05 1.1666e-06 7.35973e-08 2.44607e-09 4.01519e-11
 2.56384e-27 2.5895e-27 3.33882e-26 6.50329e-20 1.5942e-14 4.72391e-10 1.69202e-06 0.000732582 0.0383407 0.242554 0.185944 0.0462101 0.221086 0.203415 0.0317165 0.0211363 0.00653407 0.00178737 0.000453831 7.7019e-05 9.82579e-06 8.82349e-07 5.22022e-08 1.67534e-09 2.31834e-11
 2.56367e-27 2.58903e-27 3.29507e-26 6.41098e-20 1.57157e-14 4.65686e-10 1.66801e-06 0.000722184 0.0377965 0.239112 0.183321 0.0465208 0.225293 0.207265 0.0318119 0.0203697 0.0060736 0.00130564 0.000333327 6.46958e-05 8.78191e-06 7.81525e-07 4.09752e-08 1.20836e-09 1.57895e-11
 2.56434e-27 2.59086e-27 3.45924e-26 6.75732e-20 1.65648e-14 4.90844e-10 1.75812e-06 0.000761199 0.0398384 0.252029 0.193173 0.0458401 0.213191 0.196144 0.0306852 0.0205983 0.00611938 0.00126314 0.000299637 4.78786e-05 6.89168e-06 6.80983e-07 3.62404e-08 9.67076e-10 1.1488e-11
 2.56413e-27 2.59021e-27 3.39491e-26 6.62159e-20 1.6232e-14 4.80984e-10 1.7228e-06 0.000745908 0.0390382 0.246967 0.18932 0.0466243 0.221865 0.204006 0.0295045 0.0159274 0.00472322 0.000999918 0.000236053 3.56873e-05 4.43726e-06 4.10101e-07 2.41415e-08 6.64957e-10 7.29395e-12
 2.56586e-27 2.59494e-27 3.81717e-26 7.51238e-20 1.84157e-14 5.4569e-10 1.95457e-06 0.000846254 0.0442899 0.28019 0.214665 0.0450633 0.19218 0.176687 0.0260157 0.0148415 0.00429914 0.00072652 0.000164612 2.5355e-05 3.06704e-06 2.52303e-07 1.33442e-08 3.90985e-10 4.46203e-12
 2.56584e-27 2.59483e-27 3.80056e-26 7.47733e-20 1.83298e-14 5.43144e-10 1.94545e-06 0.000842306 0.0440832 0.278883 0.213676 0.0456787 0.197557 0.181512 0.024384 0.00990857 0.0028519 0.000497426 0.000108192 1.36656e-05 1.5972e-06 1.303e-07 6.25608e-09 1.64299e-10 1.92395e-12
 2.56524e-27 2.59319e-27 3.65465e-26 7.16952e-20 1.75752e-14 5.20785e-10 1.86536e-06 0.000807631 0.0422685 0.267403 0.204917 0.0461383 0.207209 0.190418 0.0259521 0.0112365 0.00315511 0.000401737 8.04679e-05 1.03061e-05 1.07811e-06 7.67141e-08 3.60122e-09 8.72173e-11 9.22249e-13
 2.5665e-27 2.59664e-27 3.96252e-26 7.81899e-20 1.91673e-14 5.67962e-10 2.03434e-06 0.000880794 0.0460976 0.291626 0.223396 0.0450087 0.18563 0.170553 0.0232946 0.0101787 0.00286885 0.000382194 7.36889e-05 7.11259e-06 6.87688e-07 4.63548e-08 1.87801e-09 4.27353e-11 4.20372e-13
 2.56606e-27 2.59541e-27 3.85112e-26 7.58399e-20 1.85912e-14 5.50892e-10 1.9732e-06 0.000854321 0.0447121 0.282861 0.216712 0.0455867 0.194724 0.178886 0.023703 0.00901331 0.00253059 0.000341011 6.64411e-05 6.60012e-06 5.61423e-07 3.0209e-08 1.13807e-09 2.27893e-11 2.04778e-13
 2.56529e-27 2.5933e-27 3.66292e-26 7.18695e-20 1.76179e-14 5.22051e-10 1.8699e-06 0.000809595 0.0423713 0.268053 0.205416 0.0462846 0.207972 0.191081 0.0253205 0.00962993 0.00267861 0.000316514 5.90101e-05 5.92529e-06 5.1318e-07 2.64158e-08 8.03898e-10 1.40392e-11 1.12306e-13
 2.56512e-27 2.59286e-27 3.62418e-26 7.10524e-20 1.74176e-14 5.16116e-10 1.84864e-06 0.000800391 0.0418896 0.265005 0.20309 0.0463464 0.210077 0.193037 0.0259173 0.0104977 0.00292559 0.000343915 6.28013e-05 5.59476e-06 4.65103e-07 2.42739e-08 7.24062e-10 1.06932e-11 7.19263e-14
 2.56589e-27 2.59495e-27 3.81061e-26 7.49853e-20 1.83817e-14 5.44684e-10 1.95097e-06 0.000844694 0.0442082 0.279674 0.21428 0.0457057 0.197338 0.1813 0.0241632 0.00945357 0.00263964 0.000324944 6.03186e-05 5.32645e-06 4.18862e-07 1.97401e-08 5.81904e-10 8.481e-12 5.013e-14
 2.56569e-27 2.59441e-27 3.76195e-26 7.39588e-20 1.81301e-14 5.37228e-10 1.92426e-06 0.000833131 0.0436031 0.275845 0.21136 0.0458704 0.200644 0.184346 0.0246293 0.00974931 0.00272045 0.000329822 6.12735e-05 5.64434e-06 4.50098e-07 2.05489e-08 5.52913e-10 7.6689e-12 4.45871e-14
#obs catch len freq
 4.97787e-42 6.90895e-34 1.15912e-26 2.35067e-20 5.7624e-15 1.7075e-10 6.116e-07 0.000264802 0.0138587 0.0876752 0.0676708 0.0398049 0.218369 0.186428 0.14391 0.143711 0.0649132 0.0263364 0.00620252 0.000810712 4.37531e-05 7.02349e-07 2.50179e-09 1.60679e-12 1.63019e-16
 5.73273e-42 7.95664e-34 1.33489e-26 2.70713e-20 6.63622e-15 1.96643e-10 7.04345e-07 0.000304957 0.0159602 0.100971 0.0779331 0.04353 0.222266 0.180915 0.14311 0.131357 0.0572922 0.0212776 0.00454383 0.000514666 2.26138e-05 2.79158e-07 7.35953e-10 3.42045e-13 2.48002e-17
 1.08274e-41 1.50278e-33 2.52122e-26 5.11299e-20 1.25339e-14 3.71402e-10 1.3303e-06 0.000575975 0.0301442 0.190702 0.146502 0.0452267 0.181746 0.14086 0.113558 0.0952817 0.0394729 0.0131893 0.00249087 0.000239787 8.51897e-06 8.06636e-08 1.57089e-10 5.27643e-14 2.73164e-18
 1.11182e-41 1.54313e-33 2.58891e-26 5.25026e-20 1.28704e-14 3.81374e-10 1.36602e-06 0.000591439 0.0309536 0.195823 0.150757 0.0584481 0.238257 0.164545 0.077057 0.0544921 0.0215103 0.00642355 0.00105368 8.41711e-05 2.37663e-06 1.7171e-08 2.46996e-11 5.99871e-15 2.218e-19
 7.79838e-42 1.08236e-33 1.81589e-26 3.68259e-20 9.02743e-15 2.67499e-10 9.58139e-07 0.000414841 0.0217111 0.137355 0.106373 0.0647484 0.27385 0.184724 0.117251 0.0719144 0.0171233 0.00394253 0.000554792 3.6094e-05 7.93006e-07 4.31389e-09 4.56467e-12 8.02022e-16 2.12123e-20
 1.25891e-41 1.74728e-33 2.93143e-26 5.94489e-20 1.45732e-14 4.3183e-10 1.54675e-06 0.000669687 0.0350488 0.221731 0.170529 0.0527389 0.171731 0.12186 0.125494 0.07597 0.0204247 0.00348398 0.000302716 1.49153e-05 2.50376e-07 1.00926e-09 7.77335e-13 9.83667e-17 1.86008e-21
 1.03481e-41 1.43625e-33 2.40961e-26 4.88664e-20 1.1979e-14 3.54961e-10 1.27141e-06 0.000550477 0.0288098 0.182264 0.141103 0.0738902 0.261095 0.153956 0.0857886 0.050587 0.0184733 0.00324403 0.000230084 6.8979e-06 7.76376e-08 2.2558e-10 1.24904e-13 1.12811e-17 1.51666e-22
 1.27819e-41 1.77404e-33 2.97632e-26 6.03591e-20 1.47963e-14 4.38442e-10 1.57043e-06 0.000679941 0.0355854 0.225129 0.173634 0.0641794 0.191573 0.123588 0.116734 0.0546427 0.0119523 0.00213182 0.00016665 4.05455e-06 2.85181e-08 5.20395e-11 1.96504e-14 1.24622e-18 1.18112e-23
 1.14801e-41 1.59337e-33 2.6732e-26 5.4212e-20 1.32894e-14 3.9379e-10 1.41049e-06 0.000610695 0.0319613 0.202205 0.156804 0.079883 0.239534 0.134285 0.0941975 0.0458904 0.0129146 0.00161549 9.5132e-05 2.23403e-06 1.28374e-08 1.5395e-11 3.59318e-15 1.47384e-19 9.47207e-25
 1.51198e-41 2.09853e-33 3.52072e-26 7.13995e-20 1.75027e-14 5.18638e-10 1.85768e-06 0.00080431 0.0420944 0.266309 0.20548 0.0695639 0.17124 0.103836 0.0940009 0.0374576 0.00810901 0.00104964 5.30977e-05 8.86916e-07 4.20038e-09 4.07277e-12 6.72981e-16 1.78032e-20 7.25022e-26
 1.55592e-41 2.15952e-33 3.62304e-26 7.34744e-20 1.80114e-14 5.3371e-10 1.91166e-06 0.000827684 0.0433177 0.274052 0.212075 0.08305 0.196573 0.0981836 0.0614646 0.0243096 0.00556782 0.000554292 2.33695e-05 3.26883e-07 1.11735e-09 8.02437e-13 1.02584e-16 2.02953e-21 5.78775e-27
 1.15241e-41 1.59947e-33 2.68344e-26 5.44195e-20 1.33403e-14 3.95298e-10 1.41589e-06 0.000613032 0.0320837 0.20299 0.159086 0.104128 0.254516 0.129157 0.0866505 0.0261542 0.00421978 0.00038669 1.35383e-05 1.44513e-07 3.8493e-10 2.02633e-13 1.83672e-17 2.63661e-22 5.56838e-28
 1.72421e-41 2.39309e-33 4.0149e-26 8.14213e-20 1.99595e-14 5.91436e-10 2.11843e-06 0.000917205 0.0480029 0.303694 0.234741 0.0747458 0.140207 0.0903774 0.0804525 0.0232259 0.00341019 0.000218476 5.71392e-06 4.85001e-08 9.62104e-11 3.73466e-14 2.47653e-18 2.53365e-23 3.76407e-29
 1.39994e-41 1.94302e-33 3.25983e-26 6.61086e-20 1.62057e-14 4.80206e-10 1.72002e-06 0.000744709 0.0389751 0.246599 0.193675 0.116365 0.233973 0.0984943 0.0511656 0.0168779 0.00295411 0.000169564 3.27325e-06 1.9095e-08 2.76795e-11 7.87585e-15 3.75854e-19 2.75959e-24 2.93629e-30
 1.18638e-41 1.64661e-33 2.76253e-26 5.60236e-20 1.37335e-14 4.0695e-10 1.45763e-06 0.000631102 0.0330294 0.208994 0.16571 0.118927 0.229118 0.131757 0.090774 0.0187968 0.00213069 0.000128334 2.36843e-06 1.05166e-08 1.03709e-11 2.02131e-15 6.82369e-20 3.57183e-25 2.69844e-31
 9.46451e-42 1.31361e-33 2.20386e-26 4.46938e-20 1.09561e-14 3.24651e-10 1.16285e-06 0.000503472 0.0263498 0.166752 0.134971 0.131691 0.243741 0.154871 0.109985 0.0277549 0.00325491 0.000122852 1.75124e-06 7.00098e-09 5.52012e-12 7.61482e-16 1.73625e-20 6.17398e-26 3.23186e-32
 1.49863e-41 2.08e-33 3.48963e-26 7.0769e-20 1.73482e-14 5.14059e-10 1.84128e-06 0.000797209 0.0417228 0.263995 0.207368 0.098931 0.153675 0.120693 0.0873106 0.0225913 0.0028026 0.00011037 1.20138e-06 3.27501e-09 2.0139e-12 2.22923e-16 3.83104e-21 9.6366e-27 3.44902e-33
 1.05067e-41 1.45826e-33 2.44653e-26 4.96151e-20 1.21625e-14 3.60398e-10 1.29089e-06 0.00055891 0.0292513 0.185161 0.153446 0.17009 0.260991 0.117969 0.0626623 0.0175992 0.00218469 8.52215e-05 8.96059e-07 2.02146e-09 8.71974e-13 6.73589e-17 8.5924e-22 1.64345e-27 4.39518e-34
 1.52841e-41 2.12133e-33 3.55896e-26 7.21751e-20 1.76929e-14 5.24272e-10 1.87786e-06 0.000813047 0.0425518 0.269272 0.213579 0.111383 0.153498 0.127016 0.0692691 0.0114692 0.00110547 4.17971e-05 4.09869e-07 8.32558e-10 3.01691e-13 1.76355e-17 1.57667e-22 2.08611e-28 3.95718e-35
 1.08375e-41 1.50418e-33 2.52357e-26 5.11776e-20 1.25456e-14 3.71748e-10 1.33154e-06 0.000576512 0.0301726 0.191063 0.162349 0.190161 0.247031 0.112113 0.0532907 0.012246 0.000972112 2.40321e-05 1.92007e-07 3.39613e-10 1.04697e-13 5.04766e-18 3.56647e-23 3.53986e-29 4.80899e-36
 1.38692e-41 1.92496e-33 3.22952e-26 6.54939e-20 1.60551e-14 4.75741e-10 1.70403e-06 0.000737785 0.0386129 0.244425 0.198913 0.136127 0.172821 0.139833 0.0596398 0.00826808 0.00060536 1.42474e-05 8.00328e-08 1.00545e-10 2.43293e-14 9.46113e-19 5.34608e-24 4.17805e-30 4.3864e-37
 1.50604e-41 2.09028e-33 3.50687e-26 7.11187e-20 1.74339e-14 5.16599e-10 1.85037e-06 0.000801148 0.0419292 0.265476 0.219017 0.161554 0.174037 0.091135 0.0387302 0.00692192 0.000389843 6.57972e-06 3.11799e-08 2.98992e-11 5.01578e-15 1.38389e-19 5.82956e-25 3.48377e-31 2.81015e-38
 1.2199e-41 1.69314e-33 2.84059e-26 5.76066e-20 1.41216e-14 4.18448e-10 1.49881e-06 0.000648935 0.0339633 0.215211 0.187453 0.20007 0.211259 0.110609 0.0358685 0.0046524 0.000260882 4.01252e-06 1.37779e-08 9.80356e-12 1.25618e-15 2.52181e-20 7.40798e-26 3.08364e-32 1.77109e-39
 1.47607e-41 2.04869e-33 3.4371e-26 6.97037e-20 1.70871e-14 5.06321e-10 1.81356e-06 0.000785208 0.0410953 0.26031 0.218512 0.16158 0.167839 0.111749 0.0343014 0.00367687 0.000146952 1.80307e-06 5.32603e-09 2.92366e-12 2.68084e-16 3.88442e-21 8.36075e-27 2.52311e-33 1.02754e-40
 1.45424e-41 2.01839e-33 3.38626e-26 6.86727e-20 1.68343e-14 4.98831e-10 1.78673e-06 0.000773594 0.0404879 0.256638 0.222868 0.194231 0.173372 0.0840913 0.0246839 0.00275822 9.24133e-05 8.15154e-07 1.73302e-09 7.3697e-13 5.27056e-17 5.67431e-22 8.7255e-28 1.86511e-34 5.42099e-42
 1.28382e-41 1.78185e-33 2.98943e-26 6.06251e-20 1.48615e-14 4.40374e-10 1.57735e-06 0.000682938 0.035744 0.226816 0.206503 0.214923 0.192832 0.0979565 0.02256 0.00192301 5.82579e-05 4.44352e-07 7.03444e-10 2.08818e-13 1.06358e-17 8.46058e-23 9.73521e-29 1.53806e-35 3.2343e-43
 1.16215e-41 1.61299e-33 2.70613e-26 5.48797e-20 1.34531e-14 3.98641e-10 1.42787e-06 0.000618217 0.0323575 0.205582 0.195211 0.223332 0.20485 0.111881 0.0243423 0.00178459 3.99766e-05 2.3591e-07 3.03864e-10 6.95753e-14 2.5449e-18 1.40791e-23 1.13137e-29 1.27197e-36 1.93567e-44
 1.14728e-41 1.59234e-33 2.67149e-26 5.41772e-20 1.32809e-14 3.93538e-10 1.40959e-06 0.000610304 0.0319432 0.202925 0.191621 0.216248 0.208802 0.119107 0.0267199 0.00198272 4.05718e-05 1.96206e-07 2.00338e-10 3.78137e-14 1.16621e-18 5.34936e-24 3.45416e-30 3.04679e-37 3.60258e-45
 1.36817e-41 1.89893e-33 3.18585e-26 6.46084e-20 1.5838e-14 4.69309e-10 1.68099e-06 0.000727811 0.0380928 0.241721 0.216635 0.193014 0.180547 0.103321 0.0240541 0.0018476 3.85683e-05 1.81144e-07 1.66216e-10 2.6704e-14 6.95045e-19 2.74382e-24 1.55447e-30 1.20989e-37 1.25396e-45
#spawning biomass
 17067 17338.2 23066.1 30346.9 37637.6 45008.2 52133.1 60344.9 68696.6 90515 113645 130899 165951 205304 193639 174528 159628 159964 165748 156075 164236 175466 181017 192949 213372 205933 181238 165137 179087 206403 141075 46434.4 20909.9 16002.4 15157.7 15022.1 15001.4 14998.3 14997.9 14997.8 14997.8 14997.8 14997.8 14997.8 14997.8 14997.8 14997.8 14997.8 14997.8 14997.8 14997.8 14997.8 14997.8 14997.8 14997.8 14997.8 14997.8 14997.8 14997.8 14997.8 14997.8 14997.8 14997.8 14997.8 14997.8 14997.8 14997.8 14997.8 14997.8 14997.8 14997.8 14997.8 14997.8 14997.8 14997.8 14997.8 14997.8 14997.8 14997.8 14997.8 14997.8 14997.8 14997.8 14997.8 14997.8 14997.8 14997.8 14997.8 14997.8 14997.8 14997.8 14997.8 14997.8 14997.8 14997.8 14997.8 14997.8 14997.8 14997.8 14997.8 14997.8 14997.8 14997.8 14997.8 14997.8 14997.8 14997.8 14997.8 14997.8 14997.8 14997.8 14997.8 14997.8 14997.8 14997.8 14997.8 14997.8 14997.8 14997.8 14997.8 14997.8 14997.8 14997.8 14997.8 14997.8 14997.8 14997.8 14997.8 14997.8 0 0 0 0 0 0 0 0 0 0 0 0 0 0 0 0 0 0 0 0 0 0 0 0 0
