SBPRF35
0.18548
Curr Bio
207761
B35
195470
F35
0.864514
FOFL
0.864514
OFL
77770.6
Bzero
52994.1
#pred survey bio
 12224 14131 14778.4 16724.5 19247.4 22204.5 25222.7 30121.7 39118.1 52450.3 61132.6 76079.1 104952 129562 129970 107422 99943.3 97482.3 98484 89203.1 93051.3 91453.7 99108.9 100460 111151 115667 115356 132479 3.88582e+06 4.19054e+06 2.35563e+06 1.28321e+06 797383 582660 482204 430885 402492 385917 375954 369884 366167 363889 362487 361620 361100 360788 360600 360487 360419 360378 360353 360338 360329 360323 360320 360318 360317 360316 360315 360315 360315 360315 360315 360315 360315 360315 360315 360315 360315 360315 360315 360315 360315 360315 360315 360315 360315 360315 360315 360315 360315 360315 360315 360315 360315 360315 360315 360315 360315 360315 360315 360315 360315 360315 360315 360315 360315 360315 360315 360315 360315 360315 360315 360315 360315 360315 360315 360315 360315 360315 360315 360315 360315 360315 360315 360315 360315 360315 360315 360315 360315 360315 360315 360315 360315 360315 360315 360315 0 0 0 0 0 0 0 0 0 0 0 0 0 0 0 0 0 0 0 0 0 0 0 0 0
#obs survey bio
 10460.6 16847.4 17786.8 16614.7 20268.9 17005.6 28273.1 37986.8 25049.6 57967.4 56435.7 69702.2 116091 108306 90089.1 115144 128160 81486.9 117338 106993 106350 119667 78733.8 90554.2 117488 109760 126618 120133
#pred catch bio
 4484.11 6796.84 7080.99 8746.38 11074.3 13242.9 15912.3 20528.3 26733 38747.8 44961.9 56651.3 80179.3 97892 104070 87704.6 85388.8 83134.7 90528.3 78533.7 86440.5 83211.5 97267.5 97588.8 108585 113220 105889 102778 77770.6 95040.2 43280.7 19787.5 11007.1 8079.89 7173.53 6906.73 6830.96 6810 6804.32 6802.8 6802.39 6802.29 6802.26 6802.25 6802.25 6802.25 6802.25 6802.25 6802.25 6802.25 6802.25 6802.25 6802.25 6802.25 6802.25 6802.25 6802.25 6802.25 6802.25 6802.25 6802.25 6802.25 6802.25 6802.25 6802.25 6802.25 6802.25 6802.25 6802.25 6802.25 6802.25 6802.25 6802.25 6802.25 6802.25 6802.25 6802.25 6802.25 6802.25 6802.25 6802.25 6802.25 6802.25 6802.25 6802.25 6802.25 6802.25 6802.25 6802.25 6802.25 6802.25 6802.25 6802.25 6802.25 6802.25 6802.25 6802.25 6802.25 6802.25 6802.25 6802.25 6802.25 6802.25 6802.25 6802.25 6802.25 6802.25 6802.25 6802.25 6802.25 6802.25 6802.25 6802.25 6802.25 6802.25 6802.25 6802.25 6802.25 6802.25 6802.25 6802.25 6802.25 6802.25 6802.25 6802.25 6802.25 6802.25 6802.25 0 0 0 0 0 0 0 0 0 0 0 0 0 0 0 0 0 0 0 0 0 0 0 0 0
#obs catch bio
 7625.48 6858.46 7067.14 8838.04 11123.5 13442.3 16164.5 20514.2 26603.2 38669.4 45104.5 56450.3 77574.1 97089.7 104329 87930 83644.9 83236.6 90444.7 76760.7 84620.5 80855.9 96871.7 97326.6 105267 110839 104576 102004
#pred cpue bio
 11819 13517.5 14035.5 15841.4 17893 20796.8 23492 27269.7 34947.7 47448.7 55706.2 67268.5 92387.1 118481 122946 99515.6 90647.2 88000.2 88949.9 79820.6 82876.4 80806.2 86958.8 86486.5 96207.7 101145 100813 115212 3.56182e+06 4.47726e+06 2.35883e+06 1.27371e+06 787400 572658 472201 420883 392489 375914 365951 359881 356165 353887 352484 351618 351098 350786 350598 350485 350416 350375 350350 350335 350326 350321 350317 350315 350314 350313 350313 350313 350313 350313 350312 350312 350312 350312 350312 350312 350312 350312 350312 350312 350312 350312 350312 350312 350312 350312 350312 350312 350312 350312 350312 350312 350312 350312 350312 350312 350312 350312 350312 350312 350312 350312 350312 350312 350312 350312 350312 350312 350312 350312 350312 350312 350312 350312 350312 350312 350312 350312 350312 350312 350312 350312 350312 350312 350312 350312 350312 350312 350312 350312 350312 350312 350312 350312 350312 350312 0 0 0 0 0 0 0 0 0 0 0 0 0 0 0 0 0 0 0 0 0 0 0 0 0
#obs cpue bio
 9561.02 12133.7 10663.3 13632.4 16783.3 17397.3 19076.8 26062.1 51414.4 47158.3 50941.5 92569.6 151728 120809 176128 100788 99360.8 86180.5 85831.1 101305 100372 97463.9 105387 97888.1 172681 132247 108301 152007
#pred surv len freq
 2.56189e-27 2.58472e-27 2.97372e-26 5.73331e-20 1.40545e-14 4.1646e-10 1.49169e-06 0.000645845 0.0338012 0.213836 0.163956 0.0424299 0.207764 0.191717 0.0401432 0.0436061 0.0180674 0.0130578 0.00788174 0.00591796 0.00461049 0.00397317 0.00398153 0.003531 0.0010781
 2.56204e-27 2.58554e-27 3.08063e-26 5.95896e-20 1.46077e-14 4.32851e-10 1.5504e-06 0.000671264 0.0351316 0.222252 0.170332 0.0392795 0.179312 0.166381 0.0524497 0.0779805 0.0273784 0.0128451 0.00585294 0.00335895 0.00213742 0.00157683 0.00140022 0.00124292 0.000416011
 2.56285e-27 2.58755e-27 3.23699e-26 6.28873e-20 1.54161e-14 4.56806e-10 1.6362e-06 0.000708413 0.0370758 0.234552 0.179751 0.040973 0.185581 0.171577 0.0426542 0.0545553 0.0237153 0.0177227 0.00630801 0.00232775 0.00102006 0.000576619 0.000423815 0.000353714 0.000122647
 2.56311e-27 2.58818e-27 3.28461e-26 6.38917e-20 1.56623e-14 4.64101e-10 1.66233e-06 0.000719726 0.0376679 0.238298 0.182618 0.0414359 0.18709 0.172948 0.0425719 0.0538308 0.0205514 0.0122671 0.00597401 0.00274258 0.000753748 0.000260916 0.00013693 9.84316e-05 3.38101e-05
 2.56443e-27 2.59164e-27 3.57893e-26 7.01e-20 1.71842e-14 5.09198e-10 1.82386e-06 0.000789662 0.041328 0.261453 0.2003 0.0415092 0.175225 0.16184 0.0377659 0.0456176 0.0173146 0.0100396 0.00405803 0.00182569 0.000687097 0.000165106 4.65051e-05 2.42371e-05 7.81309e-06
 2.56417e-27 2.59075e-27 3.48302e-26 6.80761e-20 1.6688e-14 4.94496e-10 1.7712e-06 0.000766863 0.0401348 0.253904 0.194562 0.0431361 0.191637 0.176731 0.0358176 0.0373582 0.0137748 0.00745639 0.00296113 0.00120571 0.000404347 0.000118163 2.21356e-05 5.93287e-06 1.60944e-06
 2.56449e-27 2.59161e-27 3.55882e-26 6.96753e-20 1.708e-14 5.06112e-10 1.81281e-06 0.000784877 0.0410776 0.259869 0.199112 0.0428665 0.186389 0.171947 0.0360701 0.0390843 0.0134654 0.00591534 0.00221589 0.000851994 0.000263609 6.97739e-05 1.36873e-05 1.95643e-06 3.39558e-07
 2.56613e-27 2.59598e-27 3.93671e-26 7.76468e-20 1.90342e-14 5.64017e-10 2.02021e-06 0.000874675 0.0457773 0.2896 0.221808 0.0424263 0.167094 0.153995 0.0302527 0.0303225 0.0106064 0.0048806 0.00163799 0.000528003 0.000150764 3.64481e-05 6.59451e-06 7.73248e-07 6.97656e-08
 2.56689e-27 2.59791e-27 4.09459e-26 8.09769e-20 1.98505e-14 5.88206e-10 2.10686e-06 0.000912188 0.0477406 0.302021 0.231302 0.0430683 0.165309 0.152118 0.0257755 0.0205384 0.00694288 0.00287962 0.000982889 0.000314356 7.47768e-05 1.58763e-05 2.58021e-06 2.69496e-07 1.57681e-08
 2.56631e-27 2.5963e-27 3.94852e-26 7.78952e-20 1.90951e-14 5.65821e-10 2.02668e-06 0.000877473 0.0459238 0.290527 0.222537 0.0437571 0.176709 0.162602 0.0269877 0.0206352 0.00653035 0.00202845 0.00063882 0.000190072 4.52365e-05 8.3105e-06 1.14098e-06 1.0485e-07 4.95038e-09
 2.56597e-27 2.59535e-27 3.86171e-26 7.60638e-20 1.86461e-14 5.52518e-10 1.97903e-06 0.000856843 0.0448441 0.283696 0.217328 0.0441889 0.183655 0.168976 0.0274753 0.0201382 0.0063128 0.00185881 0.000517992 0.000119634 2.56512e-05 4.53751e-06 5.44153e-07 4.16274e-08 1.67932e-09
 2.56738e-27 2.5992e-27 4.20529e-26 8.33121e-20 2.0423e-14 6.05169e-10 2.16761e-06 0.000938494 0.0491174 0.31073 0.237951 0.0429537 0.159766 0.146984 0.0245208 0.0189327 0.00589001 0.00165069 0.000449329 9.54229e-05 1.62529e-05 2.39569e-06 2.65996e-07 1.75471e-08 5.87728e-10
 2.56762e-27 2.5998e-27 4.25274e-26 8.43129e-20 2.06683e-14 6.12438e-10 2.19365e-06 0.000949767 0.0497074 0.314463 0.240806 0.0432772 0.160222 0.147294 0.0225701 0.0144054 0.0045129 0.0013423 0.000362384 7.34145e-05 1.17195e-05 1.41384e-06 1.25175e-07 7.34423e-09 2.09199e-10
 2.56586e-27 2.59498e-27 3.82218e-26 7.52296e-20 1.84416e-14 5.46458e-10 1.95732e-06 0.000847446 0.0443523 0.280585 0.214963 0.0448795 0.190572 0.175234 0.0263154 0.0159031 0.00480633 0.001155 0.000308624 6.53679e-05 1.01409e-05 1.13857e-06 8.3027e-08 3.83951e-09 9.42022e-11
 2.5639e-27 2.58972e-27 3.36301e-26 6.55434e-20 1.60672e-14 4.76099e-10 1.70531e-06 0.000738333 0.0386417 0.244458 0.18739 0.0456894 0.216107 0.198936 0.0330103 0.0252034 0.00759202 0.00171654 0.000425853 7.56899e-05 1.18301e-05 1.33013e-06 8.9665e-08 3.39959e-09 6.57525e-11
 2.56505e-27 2.59289e-27 3.64842e-26 7.15645e-20 1.75432e-14 5.19836e-10 1.86196e-06 0.000806159 0.0421915 0.266915 0.204519 0.0444791 0.194863 0.179401 0.0308081 0.0251192 0.00788797 0.00231041 0.000585973 9.69539e-05 1.31446e-05 1.35815e-06 9.16662e-08 3.20256e-09 5.05956e-11
 2.56623e-27 2.59602e-27 3.91949e-26 7.72828e-20 1.89449e-14 5.61373e-10 2.01074e-06 0.000870575 0.0455627 0.288243 0.220799 0.0442013 0.18131 0.166767 0.0262465 0.0178953 0.00568295 0.00180394 0.000498098 0.000102277 1.37501e-05 1.25414e-06 7.50646e-08 2.55788e-09 3.70643e-11
 2.56652e-27 2.59675e-27 3.97714e-26 7.84986e-20 1.9243e-14 5.70204e-10 2.04238e-06 0.000884271 0.0462795 0.292777 0.224268 0.0445621 0.181618 0.166935 0.0241741 0.0131108 0.00399488 0.00103299 0.000285389 6.41041e-05 1.01789e-05 1.03028e-06 5.5826e-08 1.67566e-09 2.30739e-11
 2.56649e-27 2.59668e-27 3.9708e-26 7.8365e-20 1.92102e-14 5.69233e-10 2.0389e-06 0.000882765 0.0462007 0.292279 0.223888 0.0446133 0.182275 0.16754 0.0242635 0.013154 0.00387835 0.000784225 0.00019461 3.70881e-05 6.13718e-06 7.17226e-07 4.46071e-08 1.26249e-09 1.53811e-11
 2.56697e-27 2.59793e-27 4.07758e-26 8.06174e-20 1.97624e-14 5.85595e-10 2.0975e-06 0.000908139 0.0475287 0.30068 0.230303 0.0446138 0.177772 0.163307 0.0221202 0.00933201 0.00273171 0.000550866 0.000128286 1.93473e-05 2.70061e-06 3.00018e-07 2.11709e-08 6.854e-10 8.13586e-12
 2.56716e-27 2.59847e-27 4.12766e-26 8.16738e-20 2.00214e-14 5.93269e-10 2.12499e-06 0.000920039 0.0481515 0.30462 0.233306 0.0442892 0.173192 0.159126 0.0222011 0.0105641 0.00302658 0.000478181 0.000105392 1.55579e-05 1.8586e-06 1.63891e-07 1.05057e-08 3.74431e-10 5.02119e-12
 2.56754e-27 2.59947e-27 4.2133e-26 8.34804e-20 2.04642e-14 6.06391e-10 2.17199e-06 0.000940389 0.0492166 0.311358 0.238451 0.0442454 0.169244 0.15543 0.0205789 0.0077983 0.00224225 0.000396514 8.5489e-05 1.01579e-05 1.13773e-06 9.00798e-08 4.55025e-09 1.43284e-10 2.05388e-12
 2.56783e-27 2.60027e-27 4.28517e-26 8.49966e-20 2.08359e-14 6.17405e-10 2.21144e-06 0.000957469 0.0501105 0.317013 0.242764 0.0439387 0.16388 0.150503 0.0201363 0.00802625 0.00226761 0.000324547 6.76908e-05 8.77355e-06 8.91569e-07 5.96367e-08 2.69699e-09 6.8044e-11 8.50376e-13
 2.56861e-27 2.60238e-27 4.47053e-26 8.89069e-20 2.17945e-14 6.45809e-10 2.31318e-06 0.00100152 0.0524159 0.331597 0.253894 0.0435347 0.152986 0.140412 0.0176471 0.00489286 0.00136659 0.000204459 4.15702e-05 4.48081e-06 4.53053e-07 3.03038e-08 1.1604e-09 2.52486e-11 2.57036e-13
 2.5684e-27 2.60181e-27 4.41909e-26 8.78217e-20 2.15284e-14 6.37926e-10 2.28494e-06 0.000989293 0.051776 0.32755 0.250806 0.0437509 0.1568 0.143918 0.0180272 0.00487491 0.00132966 0.00014597 2.68841e-05 2.98151e-06 2.76762e-07 1.64157e-08 6.2717e-10 1.20127e-11 1.03019e-13
 2.568e-27 2.60069e-27 4.31912e-26 8.57128e-20 2.10115e-14 6.22607e-10 2.23007e-06 0.000965537 0.0505327 0.319684 0.244806 0.0441304 0.163903 0.150455 0.0188491 0.00510328 0.00139039 0.000149454 2.60747e-05 2.18314e-06 1.8513e-07 1.06817e-08 3.6097e-10 6.58819e-12 5.10899e-14
 2.56802e-27 2.60075e-27 4.32509e-26 8.58386e-20 2.10423e-14 6.23521e-10 2.23335e-06 0.000966954 0.0506069 0.320153 0.245164 0.0440828 0.16329 0.149896 0.0188817 0.00531804 0.00145189 0.000156205 2.71941e-05 2.21126e-06 1.63534e-07 7.43918e-09 2.36693e-10 3.91992e-12 2.80995e-14
 2.5682e-27 2.60127e-27 4.37341e-26 8.68582e-20 2.12922e-14 6.30927e-10 2.25987e-06 0.000978439 0.051208 0.323956 0.248062 0.0436966 0.158315 0.145364 0.0191461 0.00706031 0.00195394 0.000216945 3.82789e-05 3.11437e-06 2.27917e-07 9.52611e-09 2.43277e-10 3.50948e-12 2.30556e-14
#obs surv len freq
 1.24895e-41 1.73346e-33 2.90824e-26 5.89785e-20 1.44579e-14 4.28414e-10 1.53451e-06 0.000664389 0.0347715 0.219975 0.168704 0.0417791 0.170511 0.142723 0.0891548 0.0842869 0.0329582 0.0118202 0.00237463 0.000263312 1.18478e-05 1.5903e-07 4.84208e-10 2.7323e-13 2.49468e-17
 1.55599e-41 2.15962e-33 3.6232e-26 7.34779e-20 1.80122e-14 5.33735e-10 1.91175e-06 0.000827723 0.0433197 0.274054 0.21003 0.0425757 0.141845 0.113107 0.0745602 0.0651938 0.0247931 0.00810488 0.00144578 0.000136594 5.01716e-06 5.22613e-08 1.18208e-10 4.81819e-14 3.13098e-18
 1.29441e-41 1.79655e-33 3.01409e-26 6.11251e-20 1.49841e-14 4.44006e-10 1.59036e-06 0.000688571 0.036037 0.227982 0.175092 0.0517436 0.203828 0.149817 0.0730455 0.055194 0.0197834 0.005803 0.000909455 7.16527e-05 2.10104e-06 1.68266e-08 2.83283e-11 8.38244e-15 3.89013e-19
 1.55881e-41 2.16352e-33 3.62976e-26 7.36107e-20 1.80448e-14 5.34701e-10 1.91521e-06 0.00082922 0.0433981 0.27455 0.210584 0.0474118 0.149835 0.109611 0.0846299 0.059442 0.0155203 0.00366061 0.000493556 3.20516e-05 7.37238e-07 4.46418e-09 5.552e-12 1.19357e-15 3.97357e-20
 1.54106e-41 2.13889e-33 3.58843e-26 7.27727e-20 1.78394e-14 5.28613e-10 1.89341e-06 0.00081978 0.042904 0.271425 0.20844 0.0553581 0.180054 0.118717 0.0637029 0.0414569 0.0139781 0.00285915 0.000269626 1.35251e-05 2.40229e-07 1.08538e-09 9.85052e-13 1.52731e-16 3.64085e-21
 1.34693e-41 1.86945e-33 3.13638e-26 6.36052e-20 1.55921e-14 4.62021e-10 1.65489e-06 0.000716508 0.0374992 0.237234 0.182576 0.0611589 0.205243 0.131096 0.0838701 0.0469899 0.0112281 0.00217839 0.000201346 7.16771e-06 8.93197e-08 2.93858e-10 1.92664e-13 2.13558e-17 3.61963e-22
 1.56344e-41 2.16995e-33 3.64055e-26 7.38296e-20 1.80984e-14 5.3629e-10 1.9209e-06 0.000831685 0.0435271 0.275368 0.211666 0.0580356 0.165437 0.104982 0.083489 0.0442015 0.0107271 0.00161513 0.000114676 3.56065e-06 3.231e-08 7.14863e-11 3.25088e-14 2.54138e-18 3.04073e-23
 1.72929e-41 2.40014e-33 4.02674e-26 8.16615e-20 2.00183e-14 5.9318e-10 2.12467e-06 0.000919911 0.0481445 0.30458 0.234177 0.062807 0.163466 0.0928566 0.0567458 0.0278467 0.00735478 0.00103817 6.01249e-05 1.35817e-06 9.51476e-09 1.53607e-11 4.71184e-15 2.4749e-19 2.0329e-24
 1.65694e-41 2.29972e-33 3.85826e-26 7.82448e-20 1.91808e-14 5.68362e-10 2.03578e-06 0.000881422 0.0461301 0.291839 0.22485 0.0712128 0.184609 0.0979468 0.0551777 0.0223429 0.00441303 0.000564473 3.07089e-05 5.55446e-07 2.77764e-09 3.21561e-12 7.09927e-16 2.58396e-20 1.42989e-25
 1.5302e-41 2.12382e-33 3.56314e-26 7.22598e-20 1.77136e-14 5.24887e-10 1.88006e-06 0.000814002 0.0426016 0.269519 0.208249 0.0784929 0.199782 0.104949 0.0670891 0.0241251 0.00398202 0.000378518 1.58685e-05 2.44684e-07 9.66594e-10 7.99807e-13 1.22548e-16 3.12605e-21 1.21428e-26
 1.46602e-41 2.03474e-33 3.41371e-26 6.92293e-20 1.69707e-14 5.02874e-10 1.80121e-06 0.000779863 0.0408149 0.258219 0.200054 0.084151 0.203728 0.107398 0.0752499 0.0252035 0.0040731 0.000316895 9.51168e-06 1.03891e-07 3.14146e-10 1.9985e-13 2.22799e-17 3.96282e-22 1.06065e-27
 1.88028e-41 2.60971e-33 4.37832e-26 8.87915e-20 2.17662e-14 6.44972e-10 2.31019e-06 0.00100023 0.0523481 0.33118 0.255383 0.0729361 0.140742 0.0738541 0.0529675 0.0166986 0.0026941 0.000189642 4.72799e-06 3.67375e-08 7.49829e-11 3.36483e-14 2.7537e-18 3.58906e-23 6.87292e-29
 1.57084e-41 2.18022e-33 3.65778e-26 7.4179e-20 1.81841e-14 5.38828e-10 1.93e-06 0.000835622 0.0437331 0.27669 0.215478 0.102315 0.213857 0.0901341 0.0428307 0.0121447 0.00185752 0.000119281 2.64119e-06 1.65718e-08 2.44221e-11 7.36023e-15 4.04324e-19 3.65437e-24 4.98324e-30
 1.27277e-41 1.76653e-33 2.96372e-26 6.01036e-20 1.47337e-14 4.36586e-10 1.56378e-06 0.000677063 0.0354348 0.224202 0.176495 0.11377 0.233498 0.119309 0.0778412 0.0169529 0.00172488 9.24983e-05 1.78861e-06 9.45319e-09 1.10606e-11 2.45815e-15 9.35175e-20 5.66799e-25 5.17883e-31
 1.14759e-41 1.59278e-33 2.67222e-26 5.41921e-20 1.32846e-14 3.93645e-10 1.40997e-06 0.00061047 0.0319496 0.202162 0.160428 0.117424 0.227349 0.135285 0.0980321 0.0238718 0.00277889 0.000106701 1.42046e-06 5.92015e-09 5.55486e-12 9.61762e-16 2.74203e-20 1.19667e-25 7.61264e-32
 1.55852e-41 2.16312e-33 3.62908e-26 7.35971e-20 1.80415e-14 5.34601e-10 1.91485e-06 0.000829066 0.04339 0.274536 0.214998 0.100772 0.16543 0.104293 0.0740304 0.0191863 0.00243358 9.84813e-05 1.13198e-06 3.21085e-09 2.10843e-12 2.73405e-16 5.91481e-21 1.93563e-26 9.06666e-33
 1.4081e-41 1.95435e-33 3.27883e-26 6.6494e-20 1.63002e-14 4.83005e-10 1.73005e-06 0.00074905 0.0392024 0.248073 0.197817 0.136003 0.215232 0.0970413 0.0513754 0.0128443 0.00159468 6.58937e-05 7.5574e-07 1.90811e-09 9.33098e-13 8.20474e-17 1.22537e-21 2.88077e-27 9.88684e-34
 1.46182e-41 2.02891e-33 3.40392e-26 6.90309e-20 1.69221e-14 5.01433e-10 1.79605e-06 0.000777628 0.0406981 0.257545 0.205386 0.130091 0.190186 0.107671 0.0569665 0.00974386 0.000899629 3.3682e-05 3.61699e-07 8.47309e-10 3.63729e-13 2.56053e-17 2.77962e-22 4.48788e-28 1.04967e-34
 1.44002e-41 1.99865e-33 3.35315e-26 6.80011e-20 1.66697e-14 4.93953e-10 1.76926e-06 0.000766028 0.040091 0.253734 0.204555 0.14437 0.195691 0.101629 0.0492916 0.00913283 0.000718752 1.82535e-05 1.51264e-07 3.01841e-10 1.11568e-13 6.64414e-18 5.89068e-23 7.40806e-29 1.2828e-35
 1.55766e-41 2.16193e-33 3.62708e-26 7.35565e-20 1.80315e-14 5.34307e-10 1.9138e-06 0.000828609 0.0433663 0.274473 0.221076 0.141177 0.174832 0.0951671 0.0418933 0.00669483 0.000480061 1.08319e-05 6.48209e-08 9.02539e-11 2.53558e-14 1.20441e-18 8.59398e-24 8.6403e-30 1.17933e-36
 1.50564e-41 2.08973e-33 3.50596e-26 7.11002e-20 1.74294e-14 5.16464e-10 1.84989e-06 0.000800939 0.0419182 0.265365 0.217321 0.16056 0.184738 0.0894452 0.0344592 0.00507675 0.000307857 5.75445e-06 2.85749e-08 3.00874e-11 5.86148e-15 1.9413e-19 1.01034e-24 7.66399e-31 8.01162e-38
 1.55314e-41 2.15566e-33 3.61657e-26 7.33433e-20 1.79792e-14 5.32758e-10 1.90825e-06 0.000826207 0.0432408 0.273771 0.225156 0.160358 0.172507 0.0894499 0.0307815 0.00371924 0.000186492 2.86178e-06 1.11953e-08 9.19305e-12 1.36283e-15 3.26136e-20 1.1782e-25 6.16558e-32 4.52433e-39
 1.55688e-41 2.16085e-33 3.62527e-26 7.35197e-20 1.80225e-14 5.3404e-10 1.91284e-06 0.000828195 0.043345 0.274499 0.228683 0.170924 0.170223 0.0826543 0.0257948 0.00292423 0.000121006 1.4342e-06 4.3261e-09 2.70334e-12 3.0066e-16 5.36331e-21 1.42735e-26 5.38671e-33 2.78634e-40
 1.59498e-41 2.21372e-33 3.71398e-26 7.53187e-20 1.84635e-14 5.47107e-10 1.95965e-06 0.000848461 0.0444058 0.281281 0.23621 0.174147 0.161967 0.0776741 0.0213139 0.00207764 7.34954e-05 7.14555e-07 1.63333e-09 7.51033e-13 6.13799e-17 8.02399e-22 1.55844e-27 4.2819e-34 1.60838e-41
 1.58718e-41 2.2029e-33 3.69581e-26 7.49504e-20 1.83732e-14 5.44431e-10 1.95006e-06 0.000844311 0.0441889 0.280019 0.23903 0.18438 0.160028 0.0723117 0.0176365 0.00151545 4.41034e-05 3.43606e-07 6.17194e-10 2.14123e-13 1.27272e-17 1.19339e-22 1.66187e-28 3.27952e-35 8.851e-43
 1.37169e-41 1.90382e-33 3.19406e-26 6.47748e-20 1.58788e-14 4.70517e-10 1.68532e-06 0.000729684 0.0381905 0.242299 0.218611 0.216746 0.183247 0.0813106 0.0175336 0.00129947 3.14124e-05 1.95664e-07 2.70412e-10 7.09148e-14 3.14114e-18 2.15334e-23 2.15377e-29 3.02126e-36 5.77778e-44
 1.39601e-41 1.93757e-33 3.25067e-26 6.5923e-20 1.61602e-14 4.78858e-10 1.71519e-06 0.000742619 0.0388679 0.246683 0.222902 0.205001 0.177195 0.0895057 0.0179056 0.00117242 2.33915e-05 1.15772e-07 1.23397e-10 2.43198e-14 7.95454e-19 3.99177e-24 2.90601e-30 2.9473e-37 4.04333e-45
 1.46722e-41 2.03641e-33 3.41649e-26 6.92858e-20 1.69846e-14 5.03285e-10 1.80268e-06 0.0007805 0.0408505 0.259212 0.231943 0.20274 0.168995 0.0783926 0.0159915 0.00107394 1.97507e-05 8.47908e-08 7.58684e-11 1.23455e-14 3.3007e-19 1.34343e-24 7.88718e-31 6.43109e-38 7.08409e-46
#pred catch len freq
 2.5592e-27 2.57739e-27 2.32526e-26 4.36532e-20 1.0701e-14 3.17091e-10 1.13577e-06 0.000491744 0.0257361 0.162814 0.125026 0.0443277 0.249557 0.230246 0.0462519 0.0478655 0.0197676 0.0142172 0.00857634 0.00643803 0.00501549 0.00432216 0.00433125 0.00384115 0.0011728
 2.55981e-27 2.57952e-27 2.55052e-26 4.84067e-20 1.18663e-14 3.5162e-10 1.25944e-06 0.000545291 0.0285386 0.180543 0.138505 0.0406146 0.211833 0.19643 0.0584709 0.0841639 0.0294897 0.0137582 0.00626434 0.003594 0.00228689 0.00168709 0.00149813 0.00132983 0.0004451
 2.56056e-27 2.58135e-27 2.68935e-26 5.13345e-20 1.2584e-14 3.72888e-10 1.33562e-06 0.000578273 0.0302647 0.191463 0.146874 0.0425167 0.220428 0.203727 0.0482273 0.0592066 0.0256523 0.0190817 0.00678868 0.0025042 0.00109732 0.000620286 0.000455909 0.000380501 0.000131935
 2.56102e-27 2.58251e-27 2.78319e-26 5.33138e-20 1.30692e-14 3.87265e-10 1.38712e-06 0.000600569 0.0314316 0.198845 0.152517 0.0429364 0.219657 0.202985 0.0475976 0.0577476 0.0219882 0.0130562 0.00635425 0.00291637 0.000801475 0.000277433 0.000145598 0.000104663 3.59503e-05
 2.56261e-27 2.58669e-27 3.13953e-26 6.08306e-20 1.49119e-14 4.41866e-10 1.58269e-06 0.000685244 0.0358632 0.226881 0.173924 0.0428933 0.20429 0.188635 0.042025 0.0485977 0.0183965 0.0106111 0.00428645 0.00192784 0.000725503 0.000174333 4.9104e-05 2.55916e-05 8.24971e-06
 2.56243e-27 2.58601e-27 3.06121e-26 5.91776e-20 1.45067e-14 4.29859e-10 1.53968e-06 0.000666624 0.0348887 0.220716 0.169243 0.0445945 0.220524 0.203336 0.0395975 0.0392871 0.0144471 0.00777844 0.00308709 0.00125659 0.000421387 0.000123141 2.30682e-05 6.18282e-06 1.67725e-06
 2.56295e-27 2.58742e-27 3.18592e-26 6.18084e-20 1.51516e-14 4.48969e-10 1.60813e-06 0.000696259 0.0364397 0.230528 0.176729 0.0441836 0.212138 0.195659 0.0393733 0.0406508 0.0139737 0.00610394 0.00228489 0.000878225 0.000271709 7.19172e-05 1.41078e-05 2.01652e-06 3.49988e-07
 2.56494e-27 2.59273e-27 3.64662e-26 7.15271e-20 1.7534e-14 5.19564e-10 1.86099e-06 0.000805738 0.0421694 0.266776 0.204396 0.0435055 0.187539 0.172812 0.0326717 0.0311033 0.010853 0.00496624 0.00166564 0.000536715 0.000153241 3.70466e-05 6.70279e-06 7.85944e-07 7.09111e-08
 2.56572e-27 2.59469e-27 3.80657e-26 7.49006e-20 1.8361e-14 5.44069e-10 1.94876e-06 0.00084374 0.0441583 0.279358 0.214015 0.0441655 0.185804 0.170976 0.0281054 0.021105 0.00711603 0.0029346 0.00100093 0.000320009 7.61168e-05 1.61605e-05 2.62639e-06 2.7432e-07 1.60503e-08
 2.56544e-27 2.59392e-27 3.7345e-26 7.33802e-20 1.79883e-14 5.33025e-10 1.90921e-06 0.000826613 0.0432619 0.273687 0.209692 0.0446348 0.192413 0.177039 0.0285408 0.020542 0.00648635 0.00200286 0.000630185 0.000187431 4.4605e-05 8.19435e-06 1.12503e-06 1.03384e-07 4.88118e-09
 2.56506e-27 2.59285e-27 3.63789e-26 7.13422e-20 1.74887e-14 5.18221e-10 1.85618e-06 0.000803655 0.0420604 0.266086 0.203895 0.0451045 0.20006 0.184058 0.0291048 0.020057 0.00627323 0.00183622 0.000511229 0.000118022 2.53036e-05 4.47595e-06 5.36769e-07 4.10624e-08 1.65653e-09
 2.56659e-27 2.59704e-27 4.0116e-26 7.9226e-20 1.94213e-14 5.75488e-10 2.0613e-06 0.000892464 0.0467084 0.29549 0.226326 0.0437477 0.173975 0.160046 0.025926 0.0188485 0.00585149 0.00163016 0.00044332 9.41069e-05 1.60274e-05 2.3624e-06 2.62299e-07 1.73032e-08 5.79559e-10
 2.56694e-27 2.59794e-27 4.08596e-26 8.07945e-20 1.98058e-14 5.86881e-10 2.10211e-06 0.000910133 0.0476331 0.30134 0.230797 0.0439775 0.172582 0.158653 0.0237302 0.0141906 0.00443442 0.00131115 0.000353661 7.16168e-05 1.14315e-05 1.37907e-06 1.22096e-07 7.16357e-09 2.04053e-10
 2.56506e-27 2.59277e-27 3.62395e-26 7.10478e-20 1.74165e-14 5.16082e-10 1.84852e-06 0.000800338 0.0418868 0.264988 0.203066 0.0457088 0.205241 0.188715 0.0276994 0.0156649 0.004723 0.00112822 0.000301135 6.37549e-05 9.88989e-06 1.11036e-06 8.09694e-08 3.74436e-09 9.18676e-11
 2.5634e-27 2.58833e-27 3.23773e-26 6.29003e-20 1.54192e-14 4.569e-10 1.63654e-06 0.000708559 0.0370834 0.2346 0.179873 0.0463207 0.226193 0.208182 0.0335541 0.024115 0.00725034 0.00162956 0.000403814 7.17412e-05 1.12118e-05 1.26058e-06 8.49765e-08 3.22182e-09 6.23144e-11
 2.56469e-27 2.59189e-27 3.55746e-26 6.96456e-20 1.70728e-14 5.05897e-10 1.81204e-06 0.000784543 0.0410602 0.259758 0.199062 0.0449934 0.202611 0.186495 0.0310454 0.0238729 0.0074811 0.00217827 0.000551979 9.12895e-05 1.23754e-05 1.27864e-06 8.62991e-08 3.01505e-09 4.76332e-11
 2.56613e-27 2.59574e-27 3.89258e-26 7.6715e-20 1.88058e-14 5.57248e-10 1.99597e-06 0.000864178 0.045228 0.286125 0.219186 0.044459 0.184404 0.169581 0.0260079 0.0166406 0.00527145 0.00166345 0.000458923 9.41936e-05 1.26624e-05 1.1549e-06 6.91242e-08 2.35546e-09 3.41311e-11
 2.56638e-27 2.59637e-27 3.94206e-26 7.77586e-20 1.90616e-14 5.64829e-10 2.02312e-06 0.000875934 0.0458432 0.290017 0.222164 0.0448078 0.184967 0.169992 0.0241187 0.0122141 0.00371156 0.000954016 0.000263297 5.91173e-05 9.38626e-06 9.50034e-07 5.14778e-08 1.54514e-09 2.12766e-11
 2.56684e-27 2.59761e-27 4.05187e-26 8.0075e-20 1.96294e-14 5.81655e-10 2.08339e-06 0.000902028 0.0472089 0.298657 0.228755 0.0444476 0.177595 0.163202 0.0231569 0.0117224 0.00344768 0.000693024 0.000171758 3.27186e-05 5.41362e-06 6.32654e-07 3.93471e-08 1.11362e-09 1.35674e-11
 2.56701e-27 2.59803e-27 4.0853e-26 8.07802e-20 1.98023e-14 5.86778e-10 2.10174e-06 0.000909973 0.0476247 0.301287 0.230767 0.0446713 0.177883 0.163391 0.0217853 0.0085472 0.00249409 0.00049998 0.00011629 1.75303e-05 2.4467e-06 2.71803e-07 1.91798e-08 6.20939e-10 7.37069e-12
 2.56754e-27 2.59951e-27 4.21887e-26 8.35979e-20 2.0493e-14 6.07245e-10 2.17505e-06 0.000941713 0.0492859 0.311796 0.238782 0.0440555 0.167566 0.153924 0.0210949 0.00935161 0.00267214 0.000419765 9.23691e-05 1.36292e-05 1.62801e-06 1.43554e-07 9.20202e-09 3.27965e-10 4.39808e-12
 2.56776e-27 2.60008e-27 4.26738e-26 8.46212e-20 2.07439e-14 6.14678e-10 2.20167e-06 0.000953241 0.0498892 0.315613 0.241698 0.044116 0.165978 0.152408 0.0198961 0.00700232 0.00200655 0.000352767 7.59505e-05 9.02043e-06 1.01018e-06 7.99794e-08 4.04002e-09 1.27217e-10 1.82357e-12
 2.56853e-27 2.60217e-27 4.45403e-26 8.8559e-20 2.17092e-14 6.43281e-10 2.30413e-06 0.000997598 0.0522107 0.330299 0.2529 0.0433875 0.152563 0.14007 0.0184638 0.00683935 0.00192631 0.000274151 5.70794e-05 7.3948e-06 7.51366e-07 5.0257e-08 2.27279e-09 5.73415e-11 7.16622e-13
 2.56918e-27 2.60393e-27 4.60872e-26 9.18222e-20 2.25091e-14 6.66985e-10 2.38903e-06 0.00103436 0.0541346 0.34247 0.262188 0.0430523 0.143487 0.131662 0.0163801 0.00420645 0.00116958 0.00017399 3.53167e-05 3.80505e-06 3.84667e-07 2.57288e-08 9.85209e-10 2.14366e-11 2.18229e-13
 2.56902e-27 2.60349e-27 4.56842e-26 9.09719e-20 2.23007e-14 6.60809e-10 2.36691e-06 0.00102478 0.0536333 0.339299 0.25977 0.043224 0.146492 0.134424 0.0166721 0.0041752 0.00113373 0.000123812 2.27513e-05 2.52199e-06 2.34072e-07 1.38832e-08 5.30409e-10 1.01594e-11 8.71245e-14
 2.56865e-27 2.60247e-27 4.47765e-26 8.90571e-20 2.18313e-14 6.469e-10 2.31709e-06 0.00100321 0.0525044 0.332157 0.254322 0.0435703 0.152956 0.140372 0.0174123 0.00436584 0.00118419 0.000126631 2.20421e-05 1.84469e-06 1.56398e-07 9.02357e-09 3.04935e-10 5.56547e-12 4.31589e-14
 2.56827e-27 2.60145e-27 4.38686e-26 8.71418e-20 2.13618e-14 6.32987e-10 2.26725e-06 0.000981635 0.0513752 0.325014 0.248872 0.0438948 0.159254 0.146171 0.0182231 0.00475435 0.00129246 0.000138333 2.40275e-05 1.95291e-06 1.44399e-07 6.56849e-09 2.08988e-10 3.46109e-12 2.48104e-14
 2.56758e-27 2.59958e-27 4.22166e-26 8.36568e-20 2.05075e-14 6.07673e-10 2.17658e-06 0.000942377 0.0493206 0.312016 0.238954 0.0443249 0.169495 0.15564 0.0202203 0.0069231 0.00190981 0.000210937 3.71363e-05 3.02008e-06 2.20973e-07 9.23551e-09 2.35854e-10 3.40238e-12 2.2352e-14
#obs catch len freq
 6.01652e-42 8.35054e-34 1.40098e-26 2.84115e-20 6.96475e-15 2.06378e-10 7.39213e-07 0.000320054 0.0167503 0.105969 0.0816846 0.0424164 0.226916 0.191574 0.131476 0.127075 0.0519547 0.0193326 0.00404554 0.000463563 2.16904e-05 3.05658e-07 9.78379e-10 5.7691e-13 5.46232e-17
 6.79925e-42 9.43692e-34 1.58324e-26 3.21078e-20 7.87084e-15 2.33227e-10 8.35382e-07 0.000361692 0.0189295 0.119755 0.0923256 0.0462678 0.230847 0.185327 0.129307 0.114388 0.044431 0.0149637 0.00280747 0.0002778 1.06077e-05 1.14777e-07 2.70421e-10 1.14751e-13 7.73283e-18
 1.03186e-41 1.43215e-33 2.40272e-26 4.87267e-20 1.19448e-14 3.53946e-10 1.26778e-06 0.000548903 0.0287274 0.18174 0.139721 0.0480298 0.201355 0.153788 0.11051 0.089735 0.0337241 0.0102751 0.00169887 0.000142034 4.38571e-06 3.65247e-08 6.35844e-11 1.94328e-14 9.30586e-19
 8.84792e-42 1.22803e-33 2.06028e-26 4.17821e-20 1.02424e-14 3.03501e-10 1.08709e-06 0.000470672 0.0246331 0.155839 0.120282 0.0601037 0.262188 0.182924 0.0953938 0.067103 0.0236431 0.00642702 0.00092574 6.397e-05 1.56376e-06 9.94333e-09 1.28205e-11 2.83615e-15 9.68489e-20
 1.21767e-41 1.69005e-33 2.83541e-26 5.75016e-20 1.40958e-14 4.17686e-10 1.49608e-06 0.000647752 0.0339008 0.214468 0.16495 0.0540197 0.193567 0.135773 0.110046 0.0703015 0.0178826 0.00393093 0.000483553 2.72901e-05 5.18949e-07 2.47992e-09 2.35221e-12 3.77017e-16 9.22095e-21
 1.28108e-41 1.77805e-33 2.98305e-26 6.04957e-20 1.48298e-14 4.39434e-10 1.57398e-06 0.000681479 0.0356659 0.225636 0.173796 0.0637343 0.220835 0.13807 0.0770912 0.0463707 0.015086 0.00278111 0.000239429 1.04161e-05 1.5181e-07 5.38243e-10 3.71207e-13 4.28103e-17 7.48577e-22
 1.16747e-41 1.62037e-33 2.71851e-26 5.51309e-20 1.35147e-14 4.00465e-10 1.4344e-06 0.000621046 0.0325031 0.205629 0.158798 0.069474 0.235298 0.143109 0.0937599 0.0476705 0.0110151 0.00195705 0.00015994 4.87302e-06 4.98536e-08 1.28263e-10 6.37041e-14 5.24177e-18 6.50823e-23
 1.4519e-41 2.01515e-33 3.38083e-26 6.85625e-20 1.68073e-14 4.9803e-10 1.78386e-06 0.000772351 0.0404218 0.255725 0.196978 0.0646093 0.184485 0.112397 0.0899481 0.0432174 0.0100028 0.00135403 8.60259e-05 2.25278e-06 1.65317e-08 2.85794e-11 9.83913e-15 5.7018e-19 4.99222e-24
 1.6743e-41 2.32382e-33 3.89869e-26 7.90647e-20 1.93818e-14 5.74317e-10 2.05711e-06 0.000890658 0.0466135 0.294896 0.227103 0.068854 0.175299 0.0947592 0.0580851 0.0261197 0.00651752 0.000817731 4.15567e-05 7.91223e-07 4.46155e-09 5.57885e-12 1.29305e-15 5.03509e-20 3.02491e-25
 1.6422e-41 2.27926e-33 3.82394e-26 7.75486e-20 1.90101e-14 5.63305e-10 2.01767e-06 0.00087358 0.0457197 0.289244 0.223234 0.0771311 0.190348 0.0959695 0.0536711 0.0196819 0.00368327 0.000421616 1.98226e-05 2.97353e-07 1.19058e-09 1.06585e-12 1.77232e-16 4.77658e-21 1.93421e-26
 1.5547e-41 2.15782e-33 3.62019e-26 7.34168e-20 1.79973e-14 5.33292e-10 1.91016e-06 0.000827035 0.0432837 0.273837 0.211947 0.0839713 0.199499 0.100298 0.0626447 0.0202837 0.0031323 0.000264213 9.63454e-06 1.22332e-07 3.8234e-10 2.43346e-13 2.80467e-17 5.29195e-22 1.50334e-27
 1.51814e-41 2.10708e-33 3.53506e-26 7.16903e-20 1.7574e-14 5.20751e-10 1.86525e-06 0.000807587 0.0422659 0.267401 0.207503 0.0891635 0.199286 0.101313 0.0683044 0.020656 0.00308278 0.000209565 5.41695e-06 4.87892e-08 1.16549e-10 5.66931e-14 4.73628e-18 6.22461e-23 1.21801e-28
 1.92741e-41 2.67512e-33 4.48807e-26 9.10171e-20 2.23118e-14 6.61139e-10 2.36809e-06 0.0010253 0.0536602 0.339483 0.262057 0.0761322 0.135782 0.069124 0.0471399 0.0134823 0.00198774 0.000121336 2.5628e-06 1.62459e-08 2.617e-11 8.98038e-15 5.49526e-19 5.28071e-24 7.38812e-30
 1.62528e-41 2.25578e-33 3.78453e-26 7.67496e-20 1.88143e-14 5.57501e-10 1.99688e-06 0.000864579 0.0452486 0.286283 0.223409 0.107266 0.205524 0.0825659 0.0376737 0.00973706 0.00134975 7.48676e-05 1.38915e-06 7.02815e-09 8.10569e-12 1.86398e-15 7.65648e-20 5.09759e-25 5.0704e-31
 1.33671e-41 1.85527e-33 3.1126e-26 6.31229e-20 1.54738e-14 4.58518e-10 1.64234e-06 0.000711075 0.0372149 0.235472 0.185919 0.120079 0.225666 0.11248 0.067955 0.0132157 0.00122895 5.71075e-05 9.18805e-07 3.8846e-09 3.52879e-12 5.95263e-16 1.69022e-20 7.54736e-26 5.03052e-32
 1.21844e-41 1.69111e-33 2.83718e-26 5.75375e-20 1.41046e-14 4.17946e-10 1.49702e-06 0.000648156 0.033922 0.214651 0.170921 0.124142 0.220199 0.129233 0.0854334 0.0188523 0.00193265 6.31819e-05 7.04652e-07 2.34613e-09 1.69978e-12 2.22293e-16 4.71505e-21 1.51423e-26 7.03008e-33
 1.63593e-41 2.27057e-33 3.80934e-26 7.72527e-20 1.89376e-14 5.61156e-10 2.00997e-06 0.000870247 0.0455453 0.28818 0.226136 0.104572 0.157166 0.0978681 0.063044 0.0149102 0.0016501 5.62665e-05 5.27843e-07 1.19058e-09 6.04596e-13 5.90834e-17 9.48031e-22 2.27785e-27 7.77789e-34
 1.48638e-41 2.063e-33 3.46111e-26 7.01905e-20 1.72064e-14 5.09857e-10 1.82622e-06 0.000790692 0.0413818 0.261877 0.209477 0.140611 0.202658 0.0888679 0.0433306 0.00989674 0.00106913 3.70909e-05 3.43179e-07 6.78688e-10 2.54357e-13 1.68385e-17 1.86395e-22 3.21056e-28 8.01489e-35
 1.54516e-41 2.14458e-33 3.59799e-26 7.29664e-20 1.78869e-14 5.3002e-10 1.89845e-06 0.000821962 0.0430183 0.272243 0.21772 0.13383 0.178826 0.0989443 0.0467571 0.00722982 0.000589141 1.85092e-05 1.59475e-07 2.90207e-10 9.46315e-14 4.98447e-18 4.00309e-23 4.73698e-29 8.05595e-36
 1.52583e-41 2.11775e-33 3.55297e-26 7.20535e-20 1.76631e-14 5.23389e-10 1.87469e-06 0.000811677 0.0424801 0.268874 0.217439 0.14774 0.182848 0.0923745 0.04027 0.00669965 0.000451426 9.63065e-06 6.43573e-08 9.93903e-11 2.7747e-14 1.22948e-18 8.03044e-24 7.38744e-30 9.30578e-37
 1.64567e-41 2.28408e-33 3.83202e-26 7.77127e-20 1.90503e-14 5.64497e-10 2.02194e-06 0.000875428 0.0458167 0.290004 0.234207 0.143122 0.162031 0.0853708 0.033475 0.00479603 0.000294195 5.47331e-06 2.61346e-08 2.82156e-11 5.98121e-15 2.1061e-19 1.1027e-24 8.08202e-31 8.00508e-38
 1.59548e-41 2.21442e-33 3.71514e-26 7.53424e-20 1.84693e-14 5.47279e-10 1.96026e-06 0.000848727 0.0444194 0.281229 0.231 0.161988 0.170236 0.0792855 0.0272361 0.00356899 0.000183606 2.82126e-06 1.10814e-08 8.96869e-12 1.31583e-15 3.22894e-20 1.23022e-25 6.78074e-32 5.12754e-39
 1.64454e-41 2.28252e-33 3.82939e-26 7.76593e-20 1.90373e-14 5.64109e-10 2.02055e-06 0.000874828 0.0457855 0.289917 0.239083 0.160828 0.15855 0.0784651 0.0238369 0.00254899 0.000108053 1.35256e-06 4.16452e-09 2.61714e-12 2.90874e-16 5.14668e-21 1.36096e-26 5.17233e-33 2.74024e-40
 1.64914e-41 2.2889e-33 3.84011e-26 7.78766e-20 1.90905e-14 5.65688e-10 2.0262e-06 0.000877275 0.0459138 0.290811 0.242913 0.170444 0.155591 0.0716619 0.0197567 0.00196112 6.78624e-05 6.53168e-07 1.54383e-09 7.35307e-13 6.11311e-17 8.0427e-22 1.56412e-27 4.28588e-34 1.60192e-41
 1.68746e-41 2.34208e-33 3.92933e-26 7.9686e-20 1.95341e-14 5.78831e-10 2.07328e-06 0.000897658 0.0469808 0.297644 0.250541 0.172622 0.147413 0.0664651 0.0160324 0.00136166 4.00519e-05 3.13209e-07 5.57845e-10 1.94951e-13 1.18801e-17 1.14303e-22 1.6196e-28 3.22634e-35 8.74756e-43
 1.67993e-41 2.33163e-33 3.9118e-26 7.93304e-20 1.94469e-14 5.76248e-10 2.06403e-06 0.000893653 0.0467716 0.296452 0.253611 0.181932 0.145085 0.0611758 0.0130831 0.000970788 2.33375e-05 1.4549e-07 2.02476e-10 5.31593e-14 2.35094e-18 1.62014e-23 1.64361e-29 2.34857e-36 4.57025e-44
 1.46698e-41 2.03607e-33 3.41592e-26 6.92743e-20 1.69818e-14 5.03201e-10 1.80238e-06 0.00078037 0.0408438 0.259229 0.234454 0.214738 0.167482 0.0686987 0.0129337 0.000821963 1.63076e-05 8.07423e-08 8.60675e-11 1.70226e-14 5.59514e-19 2.81475e-24 2.04971e-30 2.08111e-37 2.86788e-45
 1.49408e-41 2.07368e-33 3.47903e-26 7.0554e-20 1.72955e-14 5.12496e-10 1.83568e-06 0.000794786 0.0415981 0.263914 0.234337 0.196989 0.167525 0.0792711 0.0146874 0.000867304 1.51815e-05 6.43981e-08 5.76511e-11 9.40859e-15 2.52212e-19 1.02992e-24 6.07089e-31 4.968e-38 5.48524e-46
#spawning biomass
 15685.1 18277.9 19600 22399.7 26672.2 30777.5 35258 43976.6 58617 77532.9 89642.7 115754 161141 189978 181050 153651 147664 145548 147004 135095 141568 140760 153749 159596 175559 180596 180199 207761 247410 205894 95998.7 46118.2 27475.7 21260.7 19336.3 18769.8 18608.9 18564.4 18552.4 18549.1 18548.3 18548.1 18548 18548 18548 18548 18548 18548 18548 18548 18548 18548 18548 18548 18548 18548 18548 18548 18548 18548 18548 18548 18548 18548 18548 18548 18548 18548 18548 18548 18548 18548 18548 18548 18548 18548 18548 18548 18548 18548 18548 18548 18548 18548 18548 18548 18548 18548 18548 18548 18548 18548 18548 18548 18548 18548 18548 18548 18548 18548 18548 18548 18548 18548 18548 18548 18548 18548 18548 18548 18548 18548 18548 18548 18548 18548 18548 18548 18548 18548 18548 18548 18548 18548 18548 18548 18548 18548 0 0 0 0 0 0 0 0 0 0 0 0 0 0 0 0 0 0 0 0 0 0 0 0 0
