SBPRF35
0.214123
Curr Bio
92199.9
B35
163822
F35
0.536153
FOFL
0.188843
OFL
12076.6
Bzero
61177.9
#pred survey bio
 6361.57 5310.04 7970.75 12489.4 16989.5 21304.8 26210.6 32649.4 43973.4 67109 89285.2 111563 150203 170106 174572 147527 144306 142104 149003 125379 145768 150731 168231 198162 190403 204481 192343 153283 4.32227e+06 2.72645e+06 1.9515e+06 1.34116e+06 994914 819149 733527 691854 671034 660182 654246 650848 648830 647597 646828 646342 646033 645837 645711 645630 645578 645545 645523 645509 645500 645495 645491 645488 645487 645486 645485 645485 645485 645484 645484 645484 645484 645484 645484 645484 645484 645484 645484 645484 645484 645484 645484 645484 645484 645484 645484 645484 645484 645484 645484 645484 645484 645484 645484 645484 645484 645484 645484 645484 645484 645484 645484 645484 645484 645484 645484 645484 645484 645484 645484 645484 645484 645484 645484 645484 645484 645484 645484 645484 645484 645484 645484 645484 645484 645484 645484 645484 645484 645484 645484 645484 645484 645484 645484 645484 0 0 0 0 0 0 0 0 0 0 0 0 0 0 0 0 0 0 0 0 0 0 0 0 0
#obs survey bio
 5878.38 5235.8 6835.35 15402.7 23084.8 24927.1 32161.8 34257.3 45258.6 75464.2 120493 106663 179350 153942 137039 159759 117519 138529 189000 90822.1 164341 139642 199700 264742 215972 198980 150982 162672
#pred catch bio
 3942.7 2708.13 3788.71 7021.63 9498.63 11447.7 13875.5 17804 21421.7 33784.6 48474.1 59376.4 83801.9 92631.5 107673 85979.5 84133 75308 92325.5 66756.1 81974.3 79762.2 84388 115841 102523 114558 116244 102107 12076.6 40366.7 28164.2 18056.8 12644.9 10119.6 9025.62 8572.85 8390.91 8319.22 8291.34 8280.59 8276.47 8274.9 8274.31 8274.08 8274 8273.96 8273.95 8273.95 8273.94 8273.94 8273.94 8273.94 8273.94 8273.94 8273.94 8273.94 8273.94 8273.94 8273.94 8273.94 8273.94 8273.94 8273.94 8273.94 8273.94 8273.94 8273.94 8273.94 8273.94 8273.94 8273.94 8273.94 8273.94 8273.94 8273.94 8273.94 8273.94 8273.94 8273.94 8273.94 8273.94 8273.94 8273.94 8273.94 8273.94 8273.94 8273.94 8273.94 8273.94 8273.94 8273.94 8273.94 8273.94 8273.94 8273.94 8273.94 8273.94 8273.94 8273.94 8273.94 8273.94 8273.94 8273.94 8273.94 8273.94 8273.94 8273.94 8273.94 8273.94 8273.94 8273.94 8273.94 8273.94 8273.94 8273.94 8273.94 8273.94 8273.94 8273.94 8273.94 8273.94 8273.94 8273.94 8273.94 8273.94 8273.94 8273.94 8273.94 0 0 0 0 0 0 0 0 0 0 0 0 0 0 0 0 0 0 0 0 0 0 0 0 0
#obs catch bio
 2673.62 2623.97 3671.98 7109.45 9283.51 11195.5 12978.9 16769.6 20337.8 31096.3 42611.8 57247.5 83710.8 94113.1 119528 91111.4 86988 76808.8 89085.6 68064.6 83473.4 79162.4 82494.5 119685 107715 125223 129949 105747
#pred cpue bio
 5215.88 3609.65 5271.06 8391.5 11162.7 14405.3 18035.7 22445.6 29214.6 45058.5 61612.9 75798.4 100958 118203 125777 104860 101520 99973.8 107635 88917.9 101470 106609 119004 140795 134502 145366 139944 112268 2.94459e+06 2.50161e+06 1.84684e+06 1.24212e+06 896079 720320 634699 593026 572206 561354 555418 552020 550002 548769 548000 547513 547205 547008 546883 546802 546750 546716 546695 546681 546672 546666 546662 546660 546658 546657 546657 546656 546656 546656 546656 546656 546656 546656 546656 546656 546656 546656 546656 546656 546656 546656 546656 546656 546656 546656 546656 546656 546656 546656 546656 546656 546656 546656 546656 546656 546656 546656 546656 546656 546656 546656 546656 546656 546656 546656 546656 546656 546656 546656 546656 546656 546656 546656 546656 546656 546656 546656 546656 546656 546656 546656 546656 546656 546656 546656 546656 546656 546656 546656 546656 546656 546656 546656 546656 546656 0 0 0 0 0 0 0 0 0 0 0 0 0 0 0 0 0 0 0 0 0 0 0 0 0
#obs cpue bio
 3145.81 4824.4 5961.07 6944.07 9383.71 13230 21544.5 26974.3 32890.6 61835.1 85726.7 68140.8 83932 110996 100044 81729.4 114330 89185 127121 86191.1 94347.2 118597 110455 91211.7 84321.5 102015 115983 111807
#pred surv len freq
 3.54113e-11 1.66558e-09 5.42468e-08 1.2234e-06 1.91052e-05 0.000206595 0.00154698 0.00802156 0.0288087 0.0717132 0.124085 0.150918 0.134475 0.0996716 0.0766604 0.0655114 0.0544275 0.0423071 0.0328002 0.0263362 0.0221119 0.0195422 0.0173894 0.0140794 0.00936726
 4.56087e-11 2.14521e-09 6.98683e-08 1.5757e-06 2.46069e-05 0.000266088 0.00199244 0.0103311 0.0370989 0.0923061 0.159419 0.192478 0.166918 0.113768 0.0743362 0.0535583 0.0378334 0.023408 0.013353 0.00790135 0.00514471 0.00369029 0.00280878 0.00206172 0.00130024
 4.58191e-11 2.15511e-09 7.01907e-08 1.58297e-06 2.47204e-05 0.000267316 0.00200163 0.0103789 0.037271 0.0927408 0.160214 0.19365 0.168613 0.116366 0.0778222 0.0568747 0.0395345 0.0229662 0.0113554 0.00523141 0.00239806 0.00114399 0.000603982 0.000347843 0.000192264
 4.47794e-11 2.10621e-09 6.85979e-08 1.54705e-06 2.41594e-05 0.00026125 0.00195622 0.0101434 0.0364263 0.0906474 0.156654 0.189615 0.165968 0.116431 0.0804047 0.0605906 0.0429442 0.0254032 0.0127911 0.00584981 0.0024615 0.000934676 0.000329682 0.000117705 4.46613e-05
 4.60499e-11 2.16597e-09 7.05442e-08 1.59095e-06 2.48449e-05 0.000268662 0.00201172 0.0104311 0.0374585 0.0932058 0.161007 0.194557 0.169238 0.116446 0.0774299 0.0563388 0.0391664 0.0228288 0.011291 0.00507364 0.00210591 0.000777997 0.000249687 7.01096e-05 1.77577e-05
 4.41524e-11 2.07672e-09 6.76374e-08 1.52539e-06 2.38212e-05 0.000257592 0.00192883 0.0100015 0.0359173 0.0893882 0.15453 0.187285 0.164709 0.117204 0.0830016 0.063635 0.0449589 0.0259675 0.0125008 0.0054136 0.00217173 0.00078065 0.000243553 6.51249e-05 1.47686e-05
 4.32438e-11 2.03398e-09 6.62455e-08 1.494e-06 2.3331e-05 0.000252291 0.00188914 0.00979568 0.0351789 0.0875557 0.151398 0.183661 0.162078 0.116551 0.0842097 0.0659321 0.047612 0.028494 0.0145138 0.00667902 0.00277506 0.000998804 0.000305024 7.90063e-05 1.72343e-05
 4.34559e-11 2.04396e-09 6.65704e-08 1.50133e-06 2.34454e-05 0.000253529 0.0018984 0.0098437 0.035351 0.0879809 0.152111 0.184423 0.162419 0.1161 0.0830447 0.0646277 0.0468102 0.0283935 0.0148537 0.00710593 0.00309179 0.00117011 0.000374785 0.000100322 2.21008e-05
 4.55709e-11 2.14344e-09 6.98104e-08 1.5744e-06 2.45865e-05 0.000265868 0.00199079 0.0103226 0.0370692 0.0922394 0.159353 0.192633 0.167806 0.116001 0.0779093 0.0573842 0.0404614 0.0241615 0.0124545 0.00590145 0.00257931 0.000997071 0.000330779 9.24549e-05 2.12832e-05
 4.48262e-11 2.10841e-09 6.86695e-08 1.54867e-06 2.41847e-05 0.000261523 0.00195826 0.010154 0.0364643 0.0907415 0.156814 0.189795 0.166081 0.116414 0.0802646 0.0603908 0.0427603 0.0252878 0.0127668 0.00589804 0.00252562 0.000965056 0.000319675 9.02837e-05 2.12515e-05
 4.30755e-11 2.02607e-09 6.59877e-08 1.48819e-06 2.32402e-05 0.000251309 0.00188179 0.00975758 0.0350422 0.0872169 0.150822 0.183007 0.161648 0.116553 0.0845974 0.0664558 0.0480266 0.0287363 0.0146692 0.00682519 0.00291195 0.00109624 0.00035581 9.86917e-05 2.3003e-05
 4.42148e-11 2.07965e-09 6.77329e-08 1.52754e-06 2.38548e-05 0.000257956 0.00193155 0.0100155 0.0359674 0.0895087 0.154709 0.187366 0.164345 0.11605 0.0811834 0.0620184 0.0445423 0.0269003 0.0140133 0.00667771 0.00290236 0.00110409 0.000359224 9.90667e-05 2.28079e-05
 4.48079e-11 2.10755e-09 6.86416e-08 1.54804e-06 2.41748e-05 0.000261417 0.00195746 0.0101499 0.0364494 0.0907042 0.156747 0.189704 0.16597 0.116272 0.0800995 0.0602739 0.0427787 0.0254493 0.0129851 0.00607817 0.00263175 0.00101186 0.000335098 9.39493e-05 2.18485e-05
 4.24531e-11 1.99679e-09 6.50341e-08 1.46668e-06 2.29043e-05 0.000247678 0.0018546 0.00961664 0.0345367 0.0859659 0.148706 0.180665 0.160303 0.117111 0.0868693 0.0692111 0.049958 0.0294477 0.0146263 0.00660314 0.00276438 0.00103555 0.00033716 9.39665e-05 2.19495e-05
 4.00956e-11 1.8859e-09 6.14227e-08 1.38523e-06 2.16324e-05 0.000233924 0.00175162 0.00908279 0.0326212 0.0812156 0.140609 0.171393 0.153903 0.116352 0.0913426 0.0762515 0.0569101 0.0350133 0.0185096 0.00889281 0.00384612 0.00143848 0.000458024 0.000124115 2.83149e-05
 4.12109e-11 1.93836e-09 6.31313e-08 1.42377e-06 2.22342e-05 0.000240431 0.00180034 0.00933534 0.0335272 0.0834602 0.14442 0.175688 0.156633 0.116052 0.0882598 0.0720735 0.0534057 0.0328972 0.0175508 0.00860829 0.00385099 0.00150372 0.000499101 0.000138842 3.18296e-05
 4.19603e-11 1.97361e-09 6.42793e-08 1.44966e-06 2.26385e-05 0.000244803 0.00183307 0.00950503 0.0341359 0.0849689 0.146986 0.178596 0.158538 0.116009 0.0864273 0.0694924 0.0511438 0.0313897 0.0166986 0.00818802 0.00368467 0.00146064 0.000497377 0.000143135 3.40211e-05
 4.18596e-11 1.96888e-09 6.4125e-08 1.44618e-06 2.25842e-05 0.000244216 0.00182867 0.00948224 0.0340543 0.0847676 0.146651 0.17825 0.158428 0.116335 0.0871372 0.0702281 0.0515075 0.0312918 0.0163666 0.00788036 0.00350212 0.00138106 0.000471096 0.000136845 3.30951e-05
 4.00572e-11 1.8841e-09 6.13639e-08 1.38391e-06 2.16117e-05 0.000233701 0.00174994 0.00907409 0.0325899 0.0811363 0.140464 0.17118 0.153597 0.115891 0.0907488 0.0757564 0.0568097 0.0353767 0.019128 0.00949608 0.0042822 0.00168751 0.000571273 0.000164807 3.97807e-05
 4.13847e-11 1.94654e-09 6.33975e-08 1.42977e-06 2.23279e-05 0.000241445 0.00180793 0.00937469 0.0336684 0.0838101 0.145015 0.176364 0.157079 0.11605 0.0878398 0.071459 0.0528308 0.0324796 0.0173109 0.00852094 0.00385909 0.00154272 0.000530467 0.000154472 3.7341e-05
 4.28581e-11 2.01584e-09 6.56546e-08 1.48067e-06 2.31229e-05 0.000250041 0.00187229 0.00970831 0.0348651 0.0867743 0.150044 0.182006 0.160584 0.115437 0.0834837 0.0657842 0.0483667 0.0301046 0.016416 0.00825822 0.003784 0.00151923 0.000524688 0.000154109 3.76902e-05
 4.14363e-11 1.94897e-09 6.34766e-08 1.43155e-06 2.23558e-05 0.000241746 0.00181018 0.00938639 0.0337105 0.0839162 0.145207 0.176633 0.157435 0.11654 0.0884225 0.0718631 0.0527351 0.0318797 0.0165545 0.0079531 0.00356734 0.00143448 0.000500914 0.000148723 3.66726e-05
 4.17095e-11 1.96181e-09 6.3895e-08 1.44099e-06 2.25032e-05 0.00024334 0.00182211 0.00944822 0.033932 0.0844618 0.146112 0.177553 0.157675 0.115528 0.0863324 0.0697835 0.0518596 0.0324062 0.0176754 0.00884091 0.00399695 0.00157546 0.000535202 0.000156029 3.83e-05
 4.14667e-11 1.9504e-09 6.35232e-08 1.43261e-06 2.23722e-05 0.000241924 0.00181151 0.00939325 0.0337347 0.0839724 0.145276 0.176588 0.156982 0.115371 0.0866557 0.0703296 0.0524009 0.0328829 0.0181268 0.00926467 0.00432769 0.00177042 0.000619228 0.000182491 4.45153e-05
 4.164e-11 1.95854e-09 6.37885e-08 1.43859e-06 2.24657e-05 0.000242934 0.00181908 0.00943249 0.0338758 0.0843246 0.145893 0.177373 0.157791 0.116171 0.0874058 0.070721 0.0520384 0.0317846 0.0168054 0.00824405 0.00376439 0.00153738 0.000545558 0.000164655 4.11711e-05
 4.12936e-11 1.94225e-09 6.32579e-08 1.42662e-06 2.22788e-05 0.000240913 0.00180395 0.00935404 0.0335942 0.0836253 0.144695 0.175968 0.156713 0.115761 0.0876419 0.0714354 0.0530875 0.0329722 0.0178232 0.00886761 0.0040245 0.0016067 0.000555708 0.000165112 4.12522e-05
 3.9472e-11 1.85658e-09 6.04675e-08 1.36369e-06 2.1296e-05 0.000230287 0.00172438 0.00894158 0.0321146 0.0799587 0.138464 0.168926 0.152164 0.11604 0.0923313 0.0778529 0.05848 0.0363132 0.0195738 0.00974975 0.00445957 0.00179855 0.000624802 0.000184457 4.54239e-05
 3.90121e-11 1.83494e-09 5.97629e-08 1.3478e-06 2.10479e-05 0.000227603 0.00170429 0.00883741 0.0317408 0.0790314 0.136881 0.167104 0.150872 0.115799 0.0930693 0.0791147 0.059821 0.0374857 0.0204547 0.0102937 0.00472726 0.0019064 0.000662536 0.000196094 4.84038e-05
#obs surv len freq
 4.0843e-11 1.92106e-09 6.25676e-08 1.41106e-06 2.20357e-05 0.000238285 0.00178427 0.00925202 0.0332284 0.0827189 0.143157 0.174243 0.155641 0.115946 0.0889631 0.0731379 0.0543919 0.0336337 0.0180723 0.00898216 0.00411133 0.00166759 0.000586481 0.000176382 4.44005e-05
 4.9423e-11 2.32462e-09 7.57113e-08 1.70748e-06 2.66648e-05 0.000288341 0.00215905 0.0111949 0.0401983 0.0999922 0.172521 0.207488 0.177305 0.115132 0.0675686 0.0433892 0.0288346 0.0171702 0.00907027 0.00445048 0.00201481 0.000808838 0.000281445 8.37242e-05 2.08505e-05
 4.15747e-11 1.95547e-09 6.36885e-08 1.43634e-06 2.24305e-05 0.000242554 0.00181623 0.0094178 0.0338241 0.0842052 0.145751 0.177504 0.158869 0.118917 0.0915408 0.0743057 0.0528171 0.0294395 0.013134 0.00517648 0.00196768 0.000719947 0.000240684 7.02375e-05 1.72679e-05
 4.7222e-11 2.2211e-09 7.23397e-08 1.63144e-06 2.54773e-05 0.0002755 0.00206291 0.0106965 0.0384104 0.0955621 0.164995 0.198989 0.171845 0.115564 0.0734144 0.0514234 0.0356937 0.0214746 0.0111902 0.0052248 0.00213929 0.000736112 0.000212242 5.28762e-05 1.15795e-05
 4.44866e-11 2.09244e-09 6.81493e-08 1.53694e-06 2.40015e-05 0.000259542 0.00194343 0.0100771 0.0361891 0.0900626 0.155684 0.18863 0.165714 0.117526 0.0826687 0.0628628 0.0439473 0.0249105 0.0116367 0.00489631 0.00195366 0.000714261 0.000225785 5.93283e-05 1.2672e-05
 4.34701e-11 2.04462e-09 6.6592e-08 1.50182e-06 2.3453e-05 0.000253611 0.00189902 0.00984693 0.035363 0.0880133 0.152186 0.184604 0.162865 0.117006 0.0843369 0.0657331 0.0470409 0.0276284 0.0136189 0.00601182 0.00240228 0.000837578 0.000249912 6.3941e-05 1.38774e-05
 4.34293e-11 2.04271e-09 6.65296e-08 1.50041e-06 2.34311e-05 0.000253374 0.00189724 0.0098377 0.0353298 0.0879303 0.15204 0.184414 0.162658 0.116777 0.084093 0.0655588 0.047055 0.0278583 0.0139667 0.00634094 0.00262826 0.000952547 0.000292556 7.52607e-05 1.60324e-05
 4.58228e-11 2.15529e-09 7.01962e-08 1.5831e-06 2.47224e-05 0.000267337 0.00200179 0.0103797 0.0372741 0.0927477 0.160223 0.193649 0.168574 0.116269 0.0777118 0.056894 0.0398218 0.0234681 0.0118132 0.00541206 0.00227386 0.000840573 0.000265347 7.05085e-05 1.5483e-05
 4.69579e-11 2.20867e-09 7.1935e-08 1.62232e-06 2.53348e-05 0.000273959 0.00205138 0.0106367 0.0381963 0.0950349 0.164123 0.198116 0.171663 0.116652 0.0755859 0.0535349 0.0364962 0.0207918 0.00992637 0.00427873 0.00172222 0.000626361 0.000198206 5.33753e-05 1.19596e-05
 4.42255e-11 2.08015e-09 6.77492e-08 1.52792e-06 2.38606e-05 0.000258018 0.00193202 0.010018 0.0359769 0.0895368 0.15479 0.187619 0.165058 0.11756 0.0833477 0.0638326 0.0448292 0.0255104 0.0119308 0.00495601 0.00190246 0.000656668 0.000197366 5.10248e-05 1.11802e-05
 4.52594e-11 2.12878e-09 6.9333e-08 1.56363e-06 2.44184e-05 0.00026405 0.00197718 0.0102521 0.0368164 0.0916145 0.158303 0.191504 0.167275 0.116599 0.0795274 0.059226 0.041638 0.0243872 0.0120618 0.00535335 0.00214607 0.000745264 0.000218624 5.41651e-05 1.13019e-05
 4.55956e-11 2.1446e-09 6.98482e-08 1.57525e-06 2.45998e-05 0.000266012 0.00199187 0.0103282 0.0370897 0.0922926 0.159461 0.192842 0.168238 0.116814 0.0790351 0.0583168 0.0405983 0.0234199 0.0113337 0.00494752 0.00199584 0.00071548 0.000219273 5.6301e-05 1.19001e-05
 4.33756e-11 2.04018e-09 6.64473e-08 1.49855e-06 2.34021e-05 0.00025306 0.0018949 0.00982554 0.0352864 0.0878246 0.151873 0.184287 0.162785 0.117363 0.085067 0.0664501 0.0473245 0.0274186 0.0132158 0.00571139 0.00227127 0.000802575 0.0002441 6.30604e-05 1.36046e-05
 4.01351e-11 1.88776e-09 6.14831e-08 1.3866e-06 2.16537e-05 0.000234155 0.00175334 0.00909174 0.0326538 0.0812986 0.140768 0.171661 0.154376 0.117172 0.0924393 0.0771278 0.0569751 0.0342037 0.0173497 0.00793875 0.00328533 0.001179 0.000358178 9.17428e-05 1.9626e-05
 3.78541e-11 1.78048e-09 5.79889e-08 1.3078e-06 2.04231e-05 0.000220848 0.00165371 0.00857521 0.0308004 0.0767015 0.132927 0.16266 0.148091 0.116229 0.0964435 0.0836087 0.0635129 0.0396221 0.0213364 0.0104767 0.00462309 0.00175421 0.00055988 0.000148994 3.25877e-05
 4.19943e-11 1.97521e-09 6.43313e-08 1.45083e-06 2.26568e-05 0.000245002 0.00183456 0.00951269 0.0341632 0.0850325 0.147069 0.17857 0.158114 0.11488 0.0847102 0.0679939 0.0508027 0.0323454 0.0182133 0.00945887 0.00442409 0.00178587 0.000608979 0.000172876 4.00195e-05
 4.11247e-11 1.93431e-09 6.29991e-08 1.42079e-06 2.21876e-05 0.000239928 0.00179657 0.00931581 0.0334575 0.0832886 0.144139 0.175422 0.156636 0.116542 0.0891477 0.0728657 0.053571 0.0324072 0.0168807 0.00819629 0.00375357 0.00155143 0.000555924 0.000167562 4.12699e-05
 4.03582e-11 1.89825e-09 6.18249e-08 1.39431e-06 2.17741e-05 0.000235456 0.00176309 0.00914223 0.0328347 0.0817441 0.141506 0.172406 0.154553 0.116294 0.0906235 0.0752406 0.056001 0.0343994 0.0182064 0.00883547 0.00392469 0.00154253 0.000528884 0.000156896 3.92749e-05
 4.01863e-11 1.89017e-09 6.15616e-08 1.38837e-06 2.16814e-05 0.000234454 0.00175558 0.0091033 0.0326949 0.0813962 0.140905 0.17168 0.153922 0.115876 0.0904187 0.0752883 0.0563908 0.035096 0.0189855 0.00945327 0.00428765 0.00170135 0.000579086 0.000167644 4.06702e-05
 4.27848e-11 2.01239e-09 6.55422e-08 1.47814e-06 2.30833e-05 0.000249613 0.00186908 0.00969169 0.0348056 0.0866266 0.149793 0.181722 0.1604 0.115444 0.0836613 0.0660184 0.048546 0.0302039 0.0164796 0.00832236 0.00384379 0.00155827 0.00054198 0.00015937 3.88252e-05
 4.14913e-11 1.95155e-09 6.35608e-08 1.43346e-06 2.23855e-05 0.000242067 0.00181259 0.00939884 0.0337553 0.0840269 0.145395 0.176847 0.157576 0.11654 0.0882923 0.0716747 0.0525628 0.0317572 0.0164818 0.00791998 0.00356003 0.0014383 0.000505802 0.000151368 3.75731e-05
 4.07425e-11 1.91633e-09 6.24136e-08 1.40758e-06 2.19815e-05 0.000237698 0.00177987 0.00922926 0.0331468 0.0825173 0.142819 0.173883 0.155485 0.116173 0.0895435 0.0738071 0.054844 0.0337474 0.017928 0.00873213 0.00388184 0.00151911 0.000515283 0.000150476 3.70754e-05
 4.13177e-11 1.94338e-09 6.32947e-08 1.42746e-06 2.22918e-05 0.000241054 0.001805 0.00935949 0.0336139 0.0836734 0.144774 0.176048 0.15673 0.11566 0.0874376 0.0712237 0.0529809 0.0330049 0.0179398 0.00898842 0.0041011 0.00163557 0.000558473 0.0001616 3.89953e-05
 4.06239e-11 1.91075e-09 6.2232e-08 1.40349e-06 2.19175e-05 0.000237007 0.0017747 0.00920241 0.0330504 0.0822777 0.142406 0.17339 0.155073 0.115933 0.0894583 0.0738478 0.0550217 0.0340702 0.0183489 0.00915314 0.00420638 0.00170855 0.000597475 0.00017671 4.32313e-05
 4.00034e-11 1.88157e-09 6.12814e-08 1.38205e-06 2.15827e-05 0.000233387 0.00174759 0.00906189 0.0325462 0.0810274 0.140275 0.17095 0.153394 0.115744 0.0906513 0.075714 0.0568527 0.0355208 0.0193477 0.00973565 0.00448324 0.00181828 0.000636757 0.000189954 4.71783e-05
 3.95289e-11 1.85925e-09 6.05546e-08 1.36566e-06 2.13267e-05 0.000230619 0.00172686 0.00895444 0.0321607 0.0800709 0.138643 0.169073 0.152068 0.115507 0.0914209 0.076997 0.0581744 0.0366526 0.0202201 0.0103258 0.00481873 0.00197557 0.000697234 0.000208989 5.21019e-05
 3.7262e-11 1.75263e-09 5.70819e-08 1.28734e-06 2.01037e-05 0.000217393 0.00162784 0.0084411 0.030319 0.0755054 0.130873 0.160234 0.146167 0.11533 0.0964989 0.084353 0.0647972 0.0413038 0.0231102 0.0119888 0.00567976 0.0023634 0.000846547 0.000257151 6.47926e-05
 4.03532e-11 1.89802e-09 6.18173e-08 1.39414e-06 2.17715e-05 0.000235428 0.00176287 0.00914106 0.0328297 0.0817248 0.141426 0.172087 0.153566 0.114139 0.0874851 0.072516 0.0553591 0.036136 0.0210687 0.0113866 0.00555659 0.00236164 0.000861258 0.000266 6.80507e-05
#pred catch len freq
 3.01708e-11 1.41909e-09 4.62188e-08 1.04235e-06 1.62778e-05 0.000176022 0.00131805 0.00683476 0.0245498 0.0611447 0.106026 0.130023 0.11932 0.0958366 0.0830684 0.0768913 0.0659504 0.052016 0.0407126 0.0328667 0.0276575 0.0244619 0.0217719 0.0176286 0.0117288
 4.12703e-11 1.94116e-09 6.32223e-08 1.42582e-06 2.22662e-05 0.000240778 0.00180293 0.00934871 0.0335744 0.0835689 0.144549 0.175567 0.155632 0.113426 0.0839694 0.0673195 0.0498382 0.03141 0.0181422 0.0108439 0.00710022 0.00510337 0.0038865 0.00285318 0.00179943
 4.13455e-11 1.94469e-09 6.33375e-08 1.42842e-06 2.23068e-05 0.000241217 0.00180622 0.00936584 0.033637 0.0837355 0.144911 0.176351 0.157429 0.117035 0.0893221 0.0726481 0.0528302 0.0312129 0.0156073 0.00726746 0.00335746 0.00160808 0.000850338 0.00048996 0.000270848
 4.07961e-11 1.91885e-09 6.24958e-08 1.40944e-06 2.20104e-05 0.000238011 0.00178222 0.00924143 0.0331906 0.0826289 0.143027 0.174206 0.155994 0.116993 0.0906105 0.0746485 0.0548884 0.0329213 0.0167294 0.00771391 0.00326445 0.00124328 0.00043916 0.000156901 5.95508e-05
 4.23398e-11 1.99146e-09 6.48606e-08 1.46277e-06 2.28432e-05 0.000247017 0.00184965 0.00959099 0.0344447 0.0857376 0.148316 0.180217 0.159985 0.117052 0.0870545 0.0695311 0.0503051 0.0297561 0.0148541 0.00673042 0.00281013 0.00104135 0.000334674 9.40353e-05 2.38257e-05
 3.98222e-11 1.87305e-09 6.10039e-08 1.37579e-06 2.1485e-05 0.00023233 0.00173968 0.00902094 0.0323999 0.0806725 0.139722 0.170566 0.153966 0.118036 0.0944153 0.0791854 0.0579873 0.0339419 0.0164898 0.00720545 0.00291026 0.00104996 0.000328122 8.78056e-05 1.99194e-05
 3.8626e-11 1.81678e-09 5.91715e-08 1.33446e-06 2.08396e-05 0.000225351 0.00168743 0.00875004 0.0314278 0.0782599 0.135598 0.165789 0.150487 0.117142 0.0959563 0.0821689 0.061476 0.0373028 0.0191885 0.00890874 0.00372392 0.0013445 0.0004112 0.000106586 2.32598e-05
 3.90185e-11 1.83524e-09 5.97727e-08 1.34802e-06 2.10513e-05 0.000227641 0.00170457 0.00883889 0.0317463 0.0790475 0.136925 0.167231 0.15122 0.116532 0.0941331 0.0800514 0.060078 0.0369525 0.0195215 0.00941846 0.00412071 0.00156381 0.000501513 0.000134326 2.96013e-05
 4.11214e-11 1.93415e-09 6.29942e-08 1.42068e-06 2.21859e-05 0.000239909 0.00179643 0.00931508 0.0334547 0.0832819 0.144127 0.175404 0.15661 0.116508 0.0891311 0.0729294 0.0537607 0.0326547 0.0170238 0.00814593 0.00358348 0.00138973 0.000461707 0.000129136 2.97371e-05
 4.03357e-11 1.8972e-09 6.17905e-08 1.39353e-06 2.1762e-05 0.000235325 0.00176211 0.00913717 0.0328166 0.081702 0.141451 0.172423 0.154832 0.117037 0.0917506 0.0762159 0.0562073 0.0337602 0.0172257 0.00803474 0.00346348 0.00132789 0.000440524 0.0001245 2.93152e-05
 3.85471e-11 1.81307e-09 5.90506e-08 1.33174e-06 2.0797e-05 0.000224891 0.00168398 0.00873217 0.0313637 0.078101 0.135328 0.165481 0.150278 0.117125 0.0961018 0.0823544 0.0615915 0.0373486 0.0192493 0.00903454 0.00387753 0.00146417 0.000475885 0.000132084 3.07961e-05
 3.98232e-11 1.87309e-09 6.10054e-08 1.37582e-06 2.14855e-05 0.000232335 0.00173972 0.0090211 0.0324 0.0806676 0.13968 0.170354 0.153271 0.116498 0.0921857 0.0773061 0.0576753 0.0353501 0.0186027 0.00894246 0.00390904 0.0014913 0.000485842 0.00013407 3.08766e-05
 4.07883e-11 1.91849e-09 6.24839e-08 1.40917e-06 2.20062e-05 0.000237966 0.00178188 0.00923967 0.0331842 0.0826125 0.142995 0.174148 0.155882 0.116788 0.0903212 0.074388 0.0548048 0.0330687 0.0170329 0.00803982 0.00350085 0.00134984 0.000447592 0.000125562 2.92085e-05
 3.78277e-11 1.77923e-09 5.79485e-08 1.30688e-06 2.04089e-05 0.000220693 0.00165255 0.00856928 0.0307795 0.0766553 0.132885 0.162784 0.148756 0.117842 0.0988308 0.0856241 0.0638335 0.0381001 0.0190993 0.00869955 0.00366539 0.00137764 0.00044921 0.00012528 2.92736e-05
 3.57794e-11 1.68289e-09 5.48107e-08 1.23612e-06 1.93038e-05 0.000208744 0.00156308 0.00810542 0.029115 0.0725259 0.125835 0.154662 0.142984 0.116717 0.102049 0.0911952 0.0698233 0.0434102 0.0231329 0.0111922 0.00486273 0.00182287 0.000581039 0.000157535 3.59496e-05
 3.67084e-11 1.72659e-09 5.62338e-08 1.26821e-06 1.9805e-05 0.000214163 0.00160366 0.00831578 0.0298696 0.0743952 0.129008 0.158228 0.145221 0.116384 0.0993531 0.0875835 0.0668283 0.0416598 0.0224256 0.0110849 0.00498356 0.00195068 0.000648155 0.000180401 4.13681e-05
 3.75907e-11 1.76809e-09 5.75855e-08 1.2987e-06 2.0281e-05 0.000219311 0.0016422 0.00851557 0.0305863 0.0761717 0.132029 0.161654 0.147471 0.116347 0.0972158 0.08456 0.064164 0.0398667 0.0213994 0.0105747 0.0047824 0.0019004 0.000647823 0.000186525 4.43455e-05
 3.69612e-11 1.73848e-09 5.66212e-08 1.27695e-06 1.99414e-05 0.000215639 0.0016147 0.00837305 0.0300752 0.0749062 0.129886 0.159271 0.146063 0.116808 0.0993658 0.0872325 0.0661222 0.0407093 0.0215077 0.0104497 0.00467169 0.0018477 0.000631095 0.000183433 4.4375e-05
 3.57556e-11 1.68177e-09 5.47743e-08 1.2353e-06 1.92909e-05 0.000208605 0.00156204 0.00810002 0.0290954 0.0724756 0.125737 0.154489 0.14266 0.116133 0.101239 0.0904847 0.0696221 0.0438196 0.0238861 0.0119406 0.00540808 0.00213573 0.000723716 0.000208885 5.0432e-05
 3.64145e-11 1.71276e-09 5.57836e-08 1.25806e-06 1.96464e-05 0.000212449 0.00159082 0.00824923 0.0296309 0.0738036 0.128002 0.15709 0.144481 0.116413 0.100077 0.0885656 0.0676271 0.0421326 0.0226849 0.0112659 0.0051314 0.00205701 0.000708178 0.00020634 4.98932e-05
 3.84423e-11 1.80814e-09 5.88901e-08 1.32812e-06 2.07405e-05 0.000224279 0.0016794 0.0087084 0.0312779 0.0778835 0.134925 0.164865 0.149334 0.115633 0.0941744 0.0808324 0.0614945 0.0388037 0.0213651 0.0108335 0.00498831 0.00200747 0.000694051 0.000203959 4.98946e-05
 3.64558e-11 1.71471e-09 5.58469e-08 1.25949e-06 1.96687e-05 0.00021269 0.00159263 0.00825861 0.0296647 0.0738896 0.128163 0.157343 0.144884 0.117066 0.100919 0.0891968 0.0675811 0.0413878 0.0217086 0.010526 0.00475058 0.00191606 0.000669953 0.000199027 4.90902e-05
 3.64986e-11 1.71672e-09 5.59124e-08 1.26096e-06 1.96918e-05 0.000212939 0.00159449 0.00826824 0.0296988 0.0739698 0.12827 0.157322 0.144387 0.115736 0.0989169 0.0875253 0.0673719 0.0427211 0.0235586 0.0118917 0.00540675 0.00213706 0.00072692 0.000212056 5.20695e-05
 3.70101e-11 1.74078e-09 5.6696e-08 1.27864e-06 1.99678e-05 0.000215924 0.00161684 0.00838407 0.0301143 0.074999 0.130015 0.15928 0.145602 0.11551 0.0973578 0.0854342 0.0656156 0.0416919 0.0231944 0.0119445 0.00560516 0.00229801 0.000804542 0.000237214 5.78771e-05
 3.67768e-11 1.7298e-09 5.63386e-08 1.27058e-06 1.98419e-05 0.000214562 0.00160665 0.00833127 0.0299252 0.0745338 0.129248 0.158522 0.145487 0.116577 0.0994517 0.087512 0.0665064 0.041159 0.0219806 0.0108792 0.00499635 0.00204621 0.000727002 0.000219536 5.49078e-05
 3.65714e-11 1.72014e-09 5.6024e-08 1.26348e-06 1.97311e-05 0.000213364 0.00159768 0.00828475 0.0297581 0.0741178 0.128528 0.157645 0.144704 0.116018 0.0991443 0.0875893 0.0671419 0.0422371 0.023051 0.0115622 0.00527427 0.00211089 0.000730922 0.00021729 5.43029e-05
 3.49219e-11 1.64256e-09 5.3497e-08 1.20649e-06 1.88411e-05 0.000203741 0.00152562 0.00791123 0.0284182 0.0707975 0.122886 0.151273 0.140603 0.116314 0.103449 0.0934404 0.07201 0.0451993 0.0245715 0.0123301 0.00566634 0.00229042 0.000796476 0.000235251 5.79456e-05
 3.50929e-11 1.6506e-09 5.3759e-08 1.2124e-06 1.89334e-05 0.000204739 0.00153309 0.00794995 0.028557 0.0711405 0.123462 0.151891 0.14089 0.115979 0.102567 0.0924767 0.0714698 0.0451962 0.0248363 0.0125737 0.00579584 0.00234154 0.000814422 0.000241142 5.95349e-05
#obs catch len freq
 3.55716e-11 1.67312e-09 5.44923e-08 1.22894e-06 1.91917e-05 0.000207531 0.001554 0.00805835 0.0289461 0.0721052 0.125107 0.153777 0.1422 0.116154 0.101681 0.0910462 0.0700097 0.0439865 0.0239894 0.0121063 0.00561481 0.00230397 0.000819462 0.000249178 6.33883e-05
 3.59107e-11 1.68907e-09 5.50118e-08 1.24066e-06 1.93747e-05 0.00020951 0.00156882 0.00813515 0.0292217 0.0727888 0.126274 0.15512 0.143148 0.116325 0.101134 0.0901335 0.069071 0.0431848 0.0233717 0.0116851 0.00536907 0.00218211 0.00076823 0.00023118 5.82148e-05
 4.61712e-11 2.17167e-09 7.07298e-08 1.59514e-06 2.49103e-05 0.00026937 0.00201701 0.0104585 0.0375567 0.0934455 0.161392 0.194888 0.169092 0.115437 0.0756731 0.0546636 0.0385279 0.0234219 0.0124912 0.0061688 0.00280396 0.00112799 0.000392919 0.000116957 2.91373e-05
 3.67719e-11 1.72957e-09 5.63311e-08 1.27041e-06 1.98393e-05 0.000214534 0.00160644 0.00833027 0.029923 0.0745399 0.12934 0.159015 0.147134 0.120236 0.104768 0.0920132 0.0673014 0.0378705 0.0169926 0.00673975 0.00257694 0.000946266 0.000316886 9.25485e-05 2.27621e-05
 4.34354e-11 2.04299e-09 6.65389e-08 1.50062e-06 2.34343e-05 0.000253409 0.00189751 0.00983904 0.0353344 0.087939 0.152037 0.184324 0.162308 0.115979 0.0829514 0.064673 0.0470872 0.0288033 0.0151336 0.00710793 0.00292132 0.00100725 0.000290762 7.24977e-05 1.58858e-05
 4.01793e-11 1.88984e-09 6.15509e-08 1.38813e-06 2.16776e-05 0.000234413 0.00175528 0.00910181 0.0326904 0.0813937 0.14096 0.172024 0.155108 0.118528 0.0942694 0.0785269 0.0569109 0.0326512 0.0153561 0.00650313 0.00260829 0.000956406 0.000302753 7.96079e-05 1.70103e-05
 3.90525e-11 1.83684e-09 5.98248e-08 1.3492e-06 2.10697e-05 0.000227839 0.00170606 0.00884663 0.0317746 0.0791214 0.137078 0.167537 0.151874 0.117784 0.0958828 0.081526 0.0603468 0.0358594 0.0177964 0.00790234 0.0031712 0.00110832 0.000331121 8.47844e-05 1.84101e-05
 3.89176e-11 1.8305e-09 5.96181e-08 1.34454e-06 2.09969e-05 0.000227052 0.00170016 0.00881608 0.0316649 0.0788485 0.136608 0.166972 0.151396 0.117493 0.0957678 0.0815814 0.0606082 0.0363164 0.0183368 0.008376 0.00348673 0.00126664 0.000389496 0.000100269 2.13692e-05
 4.18108e-11 1.96658e-09 6.40502e-08 1.44449e-06 2.25578e-05 0.000243931 0.00182654 0.00947119 0.034015 0.0846717 0.146499 0.178136 0.158551 0.116886 0.0880631 0.0711137 0.0518629 0.031 0.0157232 0.00724756 0.0030579 0.00113299 0.000358077 9.52125e-05 2.09163e-05
 4.31805e-11 2.031e-09 6.61485e-08 1.49182e-06 2.32968e-05 0.000251922 0.00188638 0.00978138 0.035128 0.0874322 0.151208 0.18354 0.162321 0.117441 0.0856328 0.067172 0.0478636 0.0276788 0.0133147 0.00577613 0.00233618 0.000851963 0.000269962 7.27517e-05 1.63081e-05
 3.9888e-11 1.87614e-09 6.11045e-08 1.37806e-06 2.15204e-05 0.000232713 0.00174255 0.00903583 0.0324537 0.080807 0.139963 0.170894 0.154372 0.118559 0.09502 0.0796121 0.0579161 0.0333507 0.0157011 0.00656269 0.00253172 0.000876419 0.000263809 6.8259e-05 1.49639e-05
 4.11289e-11 1.93451e-09 6.30056e-08 1.42094e-06 2.219e-05 0.000239953 0.00179676 0.0093168 0.0334613 0.0833005 0.144176 0.175544 0.156991 0.11731 0.0902997 0.0739732 0.0540766 0.0320995 0.0159921 0.00714068 0.00287483 0.00100071 0.00029393 7.28779e-05 1.5214e-05
 4.15058e-11 1.95223e-09 6.3583e-08 1.43396e-06 2.23933e-05 0.000242152 0.00181322 0.00940216 0.0337676 0.0840608 0.145476 0.177053 0.158099 0.117616 0.0898379 0.0730224 0.0529052 0.0309364 0.0150809 0.00662492 0.002685 0.000965035 0.000296143 7.60931e-05 1.60905e-05
 3.87997e-11 1.82495e-09 5.94375e-08 1.34047e-06 2.09333e-05 0.000226365 0.00169502 0.0087894 0.0315695 0.0786146 0.136227 0.166624 0.15145 0.118279 0.0971817 0.0829304 0.0611061 0.0358198 0.0173846 0.00756057 0.00302105 0.00107042 0.00032602 8.42899e-05 1.81933e-05
 3.51744e-11 1.65444e-09 5.38839e-08 1.21522e-06 1.89774e-05 0.000205214 0.00153665 0.00796846 0.0286242 0.0713128 0.123798 0.152474 0.141963 0.117892 0.10518 0.0946702 0.0718794 0.0435827 0.0222534 0.0102426 0.00425624 0.00153087 0.000465633 0.000119351 2.55439e-05
 3.26144e-11 1.53402e-09 4.99621e-08 1.12677e-06 1.75962e-05 0.000190279 0.00142482 0.00738872 0.0265439 0.0661524 0.114991 0.142342 0.134808 0.11661 0.10935 0.101668 0.0791633 0.0498583 0.0270306 0.0133485 0.005912 0.00224762 0.000718106 0.00019122 4.18402e-05
 3.72046e-11 1.74993e-09 5.6994e-08 1.28536e-06 2.00727e-05 0.000217059 0.00162533 0.0084281 0.0302722 0.0753882 0.130665 0.159958 0.145848 0.114955 0.0961067 0.084146 0.0650089 0.0419027 0.0237726 0.0124156 0.00582668 0.00235615 0.000804193 0.00022842 5.28955e-05
 3.62229e-11 1.70375e-09 5.549e-08 1.25144e-06 1.9543e-05 0.000211331 0.00158245 0.00820585 0.0294756 0.0734208 0.127366 0.156444 0.144308 0.117111 0.101518 0.089974 0.0681647 0.041687 0.0218702 0.0106856 0.0049143 0.00203561 0.000730193 0.000220211 5.42543e-05
 3.52552e-11 1.65824e-09 5.40077e-08 1.21801e-06 1.9021e-05 0.000205686 0.00154018 0.00798673 0.0286894 0.0714708 0.124042 0.152633 0.141666 0.116773 0.103346 0.0929468 0.0712378 0.0442364 0.0235824 0.0115146 0.00513546 0.00202278 0.000694346 0.00020612 5.16171e-05
 3.49525e-11 1.644e-09 5.35439e-08 1.20755e-06 1.88577e-05 0.00020392 0.00152696 0.00791816 0.0284432 0.0708589 0.122989 0.15138 0.140642 0.116228 0.103263 0.0932716 0.0719785 0.0453028 0.0246919 0.0123711 0.00563336 0.00223998 0.000763261 0.000221106 5.36614e-05
 3.79042e-11 1.78283e-09 5.80656e-08 1.30953e-06 2.04502e-05 0.00022114 0.00165589 0.00858654 0.0308409 0.0768002 0.133084 0.162786 0.147993 0.115721 0.0955632 0.082717 0.0630527 0.0397469 0.0218608 0.0111096 0.00515136 0.00209262 0.000728612 0.000214383 5.22464e-05
 3.64555e-11 1.71469e-09 5.58463e-08 1.25948e-06 1.96685e-05 0.000212688 0.00159261 0.00825852 0.0296645 0.0738892 0.128164 0.157352 0.144917 0.11714 0.101025 0.089281 0.0675834 0.0413048 0.0215984 0.0104469 0.0047168 0.00191011 0.000672504 0.000201383 5.00062e-05
 3.54691e-11 1.66829e-09 5.43352e-08 1.2254e-06 1.91363e-05 0.000206933 0.00154952 0.00803514 0.028863 0.0719008 0.12477 0.153446 0.142155 0.116641 0.102652 0.0920728 0.0705869 0.0439416 0.0235242 0.0115323 0.00514852 0.00201938 0.000685811 0.000200418 4.94014e-05
 3.6091e-11 1.69755e-09 5.52879e-08 1.24688e-06 1.94719e-05 0.000210561 0.00157669 0.00817595 0.0293679 0.0731502 0.126881 0.155771 0.143452 0.115978 0.100216 0.08914 0.0685366 0.0432239 0.0236827 0.0119425 0.00547128 0.00218667 0.000747496 0.00021644 5.22499e-05
 3.53424e-11 1.66233e-09 5.41411e-08 1.22102e-06 1.9068e-05 0.000206194 0.00154399 0.00800644 0.0287599 0.0716443 0.124327 0.152909 0.141686 0.116319 0.102462 0.0920198 0.0707307 0.0443108 0.0240509 0.0120758 0.00557281 0.0022685 0.000794176 0.000235036 5.75222e-05
 3.46403e-11 1.62931e-09 5.30656e-08 1.19676e-06 1.86892e-05 0.000202098 0.00151332 0.00784745 0.0281894 0.0702294 0.121914 0.150142 0.139762 0.116053 0.103737 0.0940711 0.072798 0.0460058 0.0252536 0.0127887 0.00591313 0.0024033 0.00084257 0.000251514 6.24918e-05
 3.40375e-11 1.60096e-09 5.21422e-08 1.17594e-06 1.8364e-05 0.000198581 0.00148699 0.00771095 0.0276996 0.0690142 0.11984 0.147754 0.138069 0.115731 0.104684 0.0956743 0.0744708 0.0474604 0.0263898 0.0135633 0.00635509 0.0026109 0.000922474 0.000276679 6.9004e-05
 3.15701e-11 1.4849e-09 4.83623e-08 1.09069e-06 1.70328e-05 0.000184186 0.0013792 0.0071522 0.025695 0.0640445 0.11138 0.138121 0.131605 0.115448 0.11008 0.103566 0.08165 0.0525925 0.0296528 0.0154798 0.00736222 0.00306965 0.00110069 0.000334557 8.4327e-05
#spawning biomass
 4634.06 2663.8 3786.58 6174.88 7949.47 10726 13725.9 17033.1 21114.5 33120.9 47065.2 56585.3 74284.1 91294.5 101459 83097 79390.5 78264 86975.8 70259.7 78119.7 84073.8 93586.9 111275 105781 115115 114102 92199.9 63007.1 117519 79648.5 49965.8 34167.1 26798 23605.7 22284.5 21753.6 21544.4 21463 21431.6 21419.6 21415.1 21413.3 21412.7 21412.4 21412.3 21412.3 21412.3 21412.3 21412.3 21412.3 21412.3 21412.3 21412.3 21412.3 21412.3 21412.3 21412.3 21412.3 21412.3 21412.3 21412.3 21412.3 21412.3 21412.3 21412.3 21412.3 21412.3 21412.3 21412.3 21412.3 21412.3 21412.3 21412.3 21412.3 21412.3 21412.3 21412.3 21412.3 21412.3 21412.3 21412.3 21412.3 21412.3 21412.3 21412.3 21412.3 21412.3 21412.3 21412.3 21412.3 21412.3 21412.3 21412.3 21412.3 21412.3 21412.3 21412.3 21412.3 21412.3 21412.3 21412.3 21412.3 21412.3 21412.3 21412.3 21412.3 21412.3 21412.3 21412.3 21412.3 21412.3 21412.3 21412.3 21412.3 21412.3 21412.3 21412.3 21412.3 21412.3 21412.3 21412.3 21412.3 21412.3 21412.3 21412.3 21412.3 21412.3 0 0 0 0 0 0 0 0 0 0 0 0 0 0 0 0 0 0 0 0 0 0 0 0 0
