SBPRF35
0.819782
Curr Bio
108523
B35
688767
F35
0.210345
FOFL
0
OFL
0
Bzero
234224
#pred survey bio
 8978.59 8954.86 7459.89 7506.98 9848.04 14958 22092.1 26765 34340.1 49608.4 66935.3 90570.7 106685 123339 126978 112471 97512.9 105794 109139 104282 97851 111551 108310 123452 114779 125374 119088 119560 115973 3.75154e+06 5.95796e+06 6.62646e+06 6.46858e+06 5.86747e+06 5.11964e+06 4.39752e+06 3.77854e+06 3.28308e+06 2.90316e+06 2.61982e+06 2.41225e+06 2.26183e+06 2.15343e+06 2.07466e+06 2.01616e+06 1.97474e+06 1.94511e+06 1.92369e+06 1.90802e+06 1.89644e+06 1.88778e+06 1.88123e+06 1.87622e+06 1.87237e+06 1.86937e+06 1.86701e+06 1.86516e+06 1.86368e+06 1.86251e+06 1.86156e+06 1.8608e+06 1.86019e+06 1.8597e+06 1.85929e+06 1.85897e+06 1.8587e+06 1.85849e+06 1.85831e+06 1.85816e+06 1.85805e+06 1.85795e+06 1.85787e+06 1.85781e+06 1.85776e+06 1.85771e+06 1.85768e+06 1.85765e+06 1.85763e+06 1.85761e+06 1.85759e+06 1.85758e+06 1.85757e+06 1.85756e+06 1.85755e+06 1.85755e+06 1.85754e+06 1.85754e+06 1.85753e+06 1.85753e+06 1.85753e+06 1.85753e+06 1.85753e+06 1.85753e+06 1.85752e+06 1.85752e+06 1.85752e+06 1.85752e+06 1.85752e+06 1.85752e+06 1.85752e+06 1.85752e+06 1.85752e+06 1.85752e+06 1.85752e+06 1.85752e+06 1.85752e+06 1.85752e+06 1.85752e+06 1.85752e+06 1.85752e+06 1.85752e+06 1.85752e+06 1.85752e+06 1.85752e+06 1.85752e+06 1.85752e+06 1.85752e+06 1.85752e+06 1.85752e+06 1.85752e+06 1.85752e+06 1.85752e+06 1.85752e+06 1.85752e+06 1.85752e+06 1.85752e+06 1.85752e+06 1.85752e+06 1.85752e+06 0 0 0 0 0 0 0 0 0 0 0 0 0 0 0 0 0 0 0 0 0 0 0 0 0
#obs survey bio
 8453.46 7931.86 5730.03 7952.5 9485.65 14658.6 19619 24629 39326.2 38930.6 79271.4 120019 95455.6 170943 125143 109239 103153 86388.1 91177.6 97210 103262 138880 137845 145240 136212 121606 127852 106487 114011
#pred catch bio
 3493.58 4099.47 3331.03 2888.84 3724.03 6677.68 12858.2 15717.4 19334.8 31133.7 42445 64534.1 76201.1 89286.9 97498.6 91798.1 76552.2 85505 91058.1 90424.7 82852.4 101559 94188.1 116696 103816 118608 113937 120237 97170.8 0 48424 53518.8 51738.2 46340.6 39832 33655.1 28440.5 24334.8 21246.7 18996.5 17393.6 16270.9 15494 14958 14586.1 14339.4 14175.7 14067.1 13995 13947.2 13915.5 13894.5 13880.5 13871.3 13865.1 13861.1 13858.3 13856.6 13855.4 13854.6 13854.1 13853.7 13853.5 13853.3 13853.2 13853.2 13853.1 13853.1 13853.1 13853 13853 13853 13853 13853 13853 13853 13853 13853 13853 13853 13853 13853 13853 13853 13853 13853 13853 13853 13853 13853 13853 13853 13853 13853 13853 13853 13853 13853 13853 13853 13853 13853 13853 13853 13853 13853 13853 13853 13853 13853 13853 13853 13853 13853 13853 13853 13853 13853 13853 13853 13853 13853 13853 13853 13853 13853 13853 13853 13853 0 0 0 0 0 0 0 0 0 0 0 0 0 0 0 0 0 0 0 0 0 0 0 0 0
#obs catch bio
 4021.85 4304.49 4002.88 2982.89 3702.33 6477.84 12398.3 15827.4 18089.5 29901.5 38658.3 59498.4 70774.5 81683.4 96676.7 92333.8 74801.7 85985.4 91155 86568.8 74427.2 91697.2 81135.8 98634.3 93886.8 106346 101085 107844 92234.6
#pred cpue bio
 8248.16 8591.87 6903.33 6695.32 8575.24 12664.8 18664.1 22439.3 28279.4 40299.1 53843 73011.4 84806.4 99713.1 104912 92146.6 76749.7 82521 85236.6 81211.9 73936.9 82895.6 79809.9 91181.8 82366.3 92015.4 85278 84695 78414.5 2.85013e+06 5.9096e+06 6.57811e+06 6.42024e+06 5.81912e+06 5.0713e+06 4.34918e+06 3.7302e+06 3.23474e+06 2.85482e+06 2.57148e+06 2.3639e+06 2.21349e+06 2.10509e+06 2.02632e+06 1.96782e+06 1.9264e+06 1.89677e+06 1.87535e+06 1.85968e+06 1.8481e+06 1.83943e+06 1.83288e+06 1.82788e+06 1.82402e+06 1.82102e+06 1.81867e+06 1.81682e+06 1.81534e+06 1.81416e+06 1.81322e+06 1.81246e+06 1.81185e+06 1.81135e+06 1.81095e+06 1.81063e+06 1.81036e+06 1.81014e+06 1.80997e+06 1.80982e+06 1.80971e+06 1.80961e+06 1.80953e+06 1.80947e+06 1.80941e+06 1.80937e+06 1.80934e+06 1.80931e+06 1.80928e+06 1.80927e+06 1.80925e+06 1.80924e+06 1.80923e+06 1.80922e+06 1.80921e+06 1.8092e+06 1.8092e+06 1.8092e+06 1.80919e+06 1.80919e+06 1.80919e+06 1.80919e+06 1.80918e+06 1.80918e+06 1.80918e+06 1.80918e+06 1.80918e+06 1.80918e+06 1.80918e+06 1.80918e+06 1.80918e+06 1.80918e+06 1.80918e+06 1.80918e+06 1.80918e+06 1.80918e+06 1.80918e+06 1.80918e+06 1.80918e+06 1.80918e+06 1.80918e+06 1.80918e+06 1.80918e+06 1.80918e+06 1.80918e+06 1.80918e+06 1.80918e+06 1.80918e+06 1.80918e+06 1.80918e+06 1.80918e+06 1.80918e+06 1.80918e+06 1.80918e+06 1.80918e+06 1.80918e+06 1.80918e+06 1.80918e+06 1.80918e+06 1.80918e+06 0 0 0 0 0 0 0 0 0 0 0 0 0 0 0 0 0 0 0 0 0 0 0 0 0
#obs cpue bio
 6938.64 5129.54 4043.98 7043.5 11025.3 17438.9 26301.3 20192.2 37822.5 57133.7 68950.2 78418.6 115364 101961 97657.7 98726.6 77407.7 94476.1 105040 112093 110431 101938 112851 158717 92023.8 151003 128513 147852 90641.6
#pred surv len freq
 9.27432e-12 1.00708e-09 6.44742e-08 2.43358e-06 5.41563e-05 0.000710576 0.00549809 0.0251114 0.0680326 0.112011 0.124613 0.125233 0.137467 0.131429 0.0979004 0.0650038 0.042006 0.0256032 0.0150915 0.00900521 0.00562551 0.00382123 0.00278893 0.00193013 0.00106235
 5.58556e-12 6.06525e-10 3.88303e-08 1.46565e-06 3.26165e-05 0.000427974 0.00331215 0.0151438 0.0412507 0.0697087 0.0858414 0.106374 0.137623 0.145229 0.123968 0.0978505 0.0711185 0.0453712 0.0262173 0.0141841 0.00746618 0.00409654 0.00246321 0.00151836 0.000801107
 9.88766e-12 1.07368e-09 6.87381e-08 2.59452e-06 5.77374e-05 0.000757543 0.00586071 0.0267491 0.072215 0.116855 0.120639 0.0993696 0.0913168 0.0913203 0.0885262 0.0838317 0.0723046 0.0546127 0.0360419 0.0205283 0.0102743 0.00479025 0.00227102 0.00113882 0.000536302
 1.20555e-11 1.30908e-09 8.38085e-08 3.16335e-06 7.0396e-05 0.000923631 0.0071457 0.0326153 0.08807 0.142652 0.147869 0.122711 0.110067 0.0962973 0.0692729 0.0479269 0.0386891 0.0335055 0.0266169 0.017925 0.0100024 0.00466626 0.00191978 0.000759696 0.000292379
 1.2887e-11 1.39937e-09 8.95891e-08 3.38154e-06 7.52515e-05 0.000987337 0.00763851 0.0348637 0.094128 0.152357 0.157433 0.129416 0.114891 0.100584 0.0724096 0.0467916 0.0301171 0.0198477 0.0143931 0.0107884 0.00712091 0.00379328 0.00161249 0.000570187 0.000177987
 1.39762e-11 1.51764e-09 9.7161e-08 3.66734e-06 8.16115e-05 0.00107078 0.00828389 0.0378053 0.102016 0.164683 0.168103 0.132874 0.111817 0.0952581 0.0677532 0.0433447 0.0273454 0.0164603 0.00962819 0.00587948 0.0037693 0.00223644 0.00107435 0.000397306 0.000114574
 1.37073e-11 1.48845e-09 9.52918e-08 3.59679e-06 8.00415e-05 0.00105018 0.00812471 0.0370823 0.100112 0.161991 0.167135 0.136655 0.119945 0.10263 0.0699111 0.0411556 0.0241469 0.0139584 0.00772691 0.00410665 0.00216101 0.00115312 0.000572331 0.000230242 6.92602e-05
 1.38074e-11 1.49932e-09 9.59877e-08 3.62306e-06 8.06261e-05 0.00105785 0.00818409 0.0373542 0.100858 0.163295 0.168933 0.139251 0.123301 0.105182 0.0700308 0.0391054 0.0212638 0.0112612 0.00571807 0.00281016 0.00131979 0.000595777 0.000260188 0.000102508 3.21613e-05
 1.45193e-11 1.57662e-09 1.00937e-07 3.80986e-06 8.4783e-05 0.00111239 0.00860587 0.0392758 0.105999 0.171234 0.175345 0.139936 0.118723 0.0993374 0.0658871 0.0366995 0.0196392 0.00994756 0.00467166 0.00207987 0.000878367 0.000349924 0.000131051 4.53538e-05 1.35149e-05
 1.50125e-11 1.63018e-09 1.04366e-07 3.93928e-06 8.76631e-05 0.00115018 0.00889811 0.0406076 0.109565 0.176772 0.179968 0.140902 0.116269 0.0956431 0.0625143 0.0340411 0.0178255 0.00890718 0.0040956 0.00173435 0.000671169 0.000237798 7.73923e-05 2.2948e-05 6.00345e-06
 1.52409e-11 1.65498e-09 1.05954e-07 3.99922e-06 8.89969e-05 0.00116768 0.0090335 0.0412254 0.111232 0.179463 0.182709 0.143008 0.1177 0.0957939 0.0606259 0.0308236 0.0149089 0.00706591 0.00314506 0.00129852 0.000484881 0.000160495 4.67871e-05 1.19995e-05 2.68223e-06
 1.51005e-11 1.63973e-09 1.04977e-07 3.96236e-06 8.81766e-05 0.00115692 0.00895028 0.0408466 0.110224 0.177942 0.181663 0.143488 0.119609 0.0978676 0.0617958 0.0310378 0.0145597 0.00651906 0.00268636 0.00103462 0.000368304 0.000117074 3.22073e-05 7.50329e-06 1.4636e-06
 1.55296e-11 1.68633e-09 1.0796e-07 4.07496e-06 9.06823e-05 0.00118979 0.00920455 0.0420056 0.113331 0.182799 0.185864 0.144821 0.11822 0.0951366 0.0586176 0.027975 0.0122989 0.00525695 0.00208149 0.000756542 0.000249711 7.3773e-05 1.91144e-05 4.19132e-06 7.51217e-07
 1.48321e-11 1.61059e-09 1.03111e-07 3.89193e-06 8.66095e-05 0.00113636 0.00879134 0.0401237 0.108307 0.175121 0.180059 0.145482 0.124856 0.10274 0.0632197 0.0296079 0.012549 0.00509991 0.00189643 0.000647272 0.000201588 5.57169e-05 1.33647e-05 2.71746e-06 4.53656e-07
 1.39687e-11 1.51684e-09 9.71093e-08 3.66539e-06 8.15682e-05 0.00107022 0.00827984 0.0377935 0.102074 0.16551 0.172365 0.144898 0.130904 0.110615 0.0692688 0.0333801 0.0146149 0.00598806 0.0021735 0.000705792 0.000205973 5.30768e-05 1.18576e-05 2.23571e-06 3.44841e-07
 1.43355e-11 1.55666e-09 9.96591e-08 3.76163e-06 8.37099e-05 0.00109832 0.00849713 0.0387832 0.104719 0.169568 0.175514 0.144813 0.127818 0.106889 0.0667522 0.0321732 0.0141743 0.00591217 0.00220285 0.000726199 0.000208694 5.1315e-05 1.07199e-05 1.87451e-06 2.67466e-07
 1.5778e-11 1.7133e-09 1.09687e-07 4.14015e-06 9.21331e-05 0.00120883 0.00935178 0.042677 0.115136 0.185655 0.188511 0.146186 0.118337 0.0942276 0.0566714 0.0254997 0.0102457 0.00403217 0.0014811 0.000493392 0.000144613 3.59405e-05 7.39073e-06 1.23409e-06 1.64639e-07
 1.60387e-11 1.74161e-09 1.11499e-07 4.20854e-06 9.36551e-05 0.00122879 0.00950622 0.0433808 0.117021 0.188587 0.190977 0.146761 0.117143 0.0923582 0.0548876 0.0239946 0.00912309 0.00333481 0.00112356 0.000346795 9.79536e-05 2.43023e-05 5.05556e-06 8.46883e-07 1.10758e-07
 1.59476e-11 1.73172e-09 1.10866e-07 4.18466e-06 9.31236e-05 0.00122182 0.00945231 0.0431356 0.116371 0.187627 0.190418 0.147395 0.118848 0.0939297 0.0553109 0.0234929 0.00848123 0.0029324 0.000932212 0.00026682 6.90209e-05 1.58413e-05 3.14878e-06 5.20914e-07 6.82472e-08
 1.60171e-11 1.73926e-09 1.11349e-07 4.20288e-06 9.3529e-05 0.00122714 0.00949345 0.0433232 0.116875 0.188422 0.191142 0.147734 0.118813 0.0936203 0.0547595 0.0228343 0.00795282 0.00263075 0.000795576 0.000214258 5.16987e-05 1.09488e-05 1.99398e-06 3.05862e-07 3.82307e-08
 1.6967e-11 1.84241e-09 1.17953e-07 4.45213e-06 9.90758e-05 0.00129991 0.0100562 0.0458868 0.123726 0.198952 0.199401 0.14781 0.111299 0.0844024 0.048384 0.0195242 0.00640439 0.00198873 0.000572516 0.000146847 3.35097e-05 6.64955e-06 1.12249e-06 1.58203e-07 1.81624e-08
 1.74545e-11 1.89535e-09 1.21342e-07 4.58006e-06 0.000101923 0.00133726 0.0103451 0.0472024 0.127242 0.204349 0.203601 0.147742 0.107282 0.0795709 0.0451715 0.0179876 0.00574066 0.00171194 0.000468023 0.000112566 2.4077e-05 4.50233e-06 7.14573e-07 9.39266e-08 9.96659e-09
 1.76374e-11 1.91521e-09 1.22613e-07 4.62804e-06 0.00010299 0.00135127 0.0104534 0.0476963 0.128567 0.206427 0.205436 0.148431 0.106861 0.0784725 0.0436482 0.0163943 0.00460299 0.0011771 0.000291466 6.60698e-05 1.33642e-05 2.34434e-06 3.47361e-07 4.26727e-08 4.23214e-09
 1.75906e-11 1.91013e-09 1.22288e-07 4.61578e-06 0.000102717 0.00134769 0.0104257 0.04757 0.128228 0.205889 0.204933 0.148162 0.106832 0.0786809 0.0441206 0.016971 0.00500621 0.00133205 0.000317957 6.4165e-05 1.13358e-05 1.79763e-06 2.47617e-07 2.84241e-08 2.62858e-09
 1.83424e-11 1.99176e-09 1.27515e-07 4.81304e-06 0.000107107 0.00140528 0.0108711 0.0495988 0.133651 0.214225 0.211477 0.148245 0.100913 0.0713774 0.0390021 0.0142624 0.00375558 0.000865784 0.000192548 3.8935e-05 6.84902e-06 1.01483e-06 1.24261e-07 1.26702e-08 1.06681e-09
 1.77342e-11 1.92572e-09 1.23287e-07 4.65345e-06 0.000103556 0.00135869 0.0105108 0.0479578 0.129267 0.20751 0.206321 0.148557 0.106279 0.0776672 0.0429784 0.0159174 0.00429448 0.00100944 0.000216987 3.97325e-05 6.25097e-06 8.70248e-07 1.03711e-07 1.00737e-08 7.73726e-10
 1.83948e-11 1.99746e-09 1.27879e-07 4.82679e-06 0.000107413 0.00140929 0.0109021 0.0497402 0.134028 0.214805 0.211929 0.148237 0.100482 0.0708621 0.0386653 0.0141047 0.00368327 0.000828074 0.000174032 3.1955e-05 4.98619e-06 6.56752e-07 7.13279e-08 6.35571e-09 4.60491e-10
 1.86608e-11 2.02634e-09 1.29728e-07 4.89658e-06 0.000108966 0.00142967 0.0110597 0.050458 0.135946 0.217749 0.214223 0.148208 0.0982989 0.0682226 0.0368867 0.0132353 0.00331279 0.000692476 0.000135709 2.36377e-05 3.54252e-06 4.56461e-07 4.88608e-08 4.20115e-09 2.84264e-10
 1.97472e-11 2.14431e-09 1.37281e-07 5.18166e-06 0.00011531 0.0015129 0.0117033 0.0533895 0.143776 0.22974 0.223415 0.147596 0.0886341 0.056949 0.0298412 0.0103854 0.00241352 0.00043692 7.34634e-05 1.14803e-05 1.57846e-06 1.8911e-07 1.91733e-08 1.5892e-09 1.04768e-10
#obs surv len freq
 2.21703e-11 2.14193e-09 1.22005e-07 4.09722e-06 8.11226e-05 0.000946998 0.00651903 0.0264868 0.0638239 0.0935578 0.0939334 0.0903919 0.103051 0.111933 0.108335 0.0972862 0.0784325 0.0563584 0.0362694 0.0200068 0.0088459 0.0029324 0.000685786 0.000107685 1.09491e-05
 4.98727e-12 4.64741e-10 2.55328e-08 8.27046e-07 1.57953e-05 0.000177918 0.00118383 0.00469249 0.0115706 0.0212361 0.0412011 0.0838984 0.133259 0.157613 0.157079 0.139243 0.105447 0.0692218 0.0409164 0.0211014 0.00876079 0.00270497 0.000583715 8.40997e-05 7.8266e-06
 8.86687e-11 7.95572e-09 4.20849e-07 1.31254e-05 0.000241344 0.00261638 0.0167228 0.0630212 0.140079 0.183972 0.144359 0.0732204 0.0394361 0.0488249 0.0719973 0.0782676 0.0619226 0.039108 0.0212385 0.00990964 0.00374626 0.00106207 0.00021085 2.78888e-05 2.3764e-06
 1.07114e-10 9.23861e-09 4.69791e-07 1.40845e-05 0.000248954 0.00259451 0.0159451 0.0578459 0.124542 0.163621 0.148716 0.129534 0.123955 0.0962525 0.0536828 0.0288469 0.0214049 0.0164028 0.00986522 0.00449425 0.00155562 0.000397746 7.14659e-05 8.60118e-06 6.6882e-07
 1.37403e-10 1.13745e-08 5.55151e-07 1.59745e-05 0.000271011 0.00271084 0.0159906 0.0556835 0.115119 0.145507 0.128443 0.112177 0.115135 0.110201 0.0898133 0.0599607 0.0300865 0.0117985 0.00452084 0.00179856 0.000598588 0.000143529 2.35111e-05 2.55542e-06 1.79596e-07
 2.05592e-10 1.63114e-08 7.62988e-07 2.10418e-05 0.000342129 0.00327987 0.0185429 0.0618943 0.122726 0.149206 0.128064 0.110417 0.110921 0.103282 0.0836431 0.0579626 0.03148 0.0128185 0.00403177 0.0010603 0.000249614 4.98219e-05 7.36877e-06 7.3332e-07 4.6927e-08
 2.89508e-10 2.19837e-08 9.84193e-07 2.59776e-05 0.000404261 0.00370929 0.0200728 0.0641605 0.122102 0.144065 0.124984 0.114405 0.11732 0.106566 0.0829276 0.0548204 0.0285199 0.0113527 0.00352354 0.000854188 0.000159868 2.3168e-05 2.58369e-06 2.11348e-07 1.18306e-08
 4.36793e-10 3.17037e-08 1.3567e-06 3.42293e-05 0.000509161 0.00446562 0.0230999 0.0705899 0.128525 0.145589 0.122763 0.11102 0.112927 0.103229 0.0816075 0.0537839 0.0273071 0.0105171 0.0031517 0.000733511 0.000128199 1.62626e-05 1.46584e-06 9.26979e-08 4.05302e-09
 6.3287e-10 4.3855e-08 1.79169e-06 4.31566e-05 0.000612882 0.00513198 0.025348 0.0740048 0.129121 0.142169 0.121977 0.116163 0.118426 0.104479 0.0787069 0.0490299 0.02338 0.00842651 0.00236575 0.000518061 8.52688e-05 1.00919e-05 8.28413e-07 4.59222e-08 1.68762e-09
 1.0282e-09 6.79454e-08 2.64717e-06 6.08056e-05 0.000823477 0.00657563 0.0309721 0.0862279 0.143431 0.150375 0.122407 0.110904 0.109848 0.0963757 0.0720304 0.0430303 0.0189415 0.00612196 0.0015237 0.000298535 4.46946e-05 4.867e-06 3.68897e-07 1.88045e-08 6.28267e-10
 1.27712e-09 8.03958e-08 2.98383e-06 6.52912e-05 0.000842341 0.00640815 0.0287673 0.0764909 0.122806 0.130263 0.121237 0.129401 0.131502 0.10934 0.076044 0.0424866 0.0175818 0.00530938 0.0012102 0.000211986 2.80157e-05 2.69972e-06 1.83039e-07 8.43818e-09 2.56767e-10
 2.2468e-09 1.34603e-07 4.75425e-06 9.90035e-05 0.00121554 0.00879996 0.0375861 0.0949859 0.144155 0.141153 0.114992 0.10954 0.111213 0.0999461 0.0742622 0.0411281 0.0157512 0.00420007 0.000826062 0.000125292 1.4519e-05 1.233e-06 7.36496e-08 2.99611e-09 8.08928e-11
 2.84619e-09 1.62122e-07 5.44448e-06 0.000107799 0.00125844 0.00866364 0.0352113 0.0849554 0.125139 0.127311 0.12345 0.135139 0.132087 0.104639 0.0688621 0.0355283 0.0132866 0.00355167 0.00069339 9.95738e-05 1.03677e-05 7.68551e-07 3.985e-08 1.41413e-09 3.35063e-11
 3.62524e-09 1.96169e-07 6.25839e-06 0.000117717 0.00130552 0.0085391 0.0329871 0.0758144 0.107508 0.109616 0.113657 0.133264 0.140641 0.123965 0.0874846 0.0447611 0.0156983 0.00384214 0.000690103 9.31638e-05 9.23587e-06 6.45344e-07 3.07489e-08 9.77301e-10 2.04027e-11
 4.9781e-09 2.55703e-07 7.7437e-06 0.000138263 0.0014556 0.00903885 0.0331697 0.0726324 0.0994968 0.102734 0.113541 0.137403 0.146074 0.129357 0.0902401 0.0449842 0.0153477 0.00365837 0.000632998 8.04854e-05 7.38665e-06 4.76367e-07 2.10453e-08 6.2158e-10 1.20013e-11
 9.17967e-09 4.47277e-07 1.28489e-05 0.00021762 0.00217322 0.0128002 0.0445381 0.0923006 0.118612 0.111561 0.109831 0.124514 0.130886 0.116232 0.0801634 0.0391718 0.0132081 0.00315522 0.000548786 6.91619e-05 6.15047e-06 3.75944e-07 1.54748e-08 4.21505e-10 7.47678e-12
 1.34563e-08 6.21564e-07 1.69273e-05 0.000271793 0.00257322 0.0143717 0.047466 0.0938395 0.117674 0.115742 0.124465 0.139534 0.132715 0.104358 0.0651747 0.0296642 0.00951131 0.00219643 0.000373941 4.6414e-05 4.06168e-06 2.42542e-07 9.63701e-09 2.49874e-10 4.16412e-12
 1.94109e-08 8.49563e-07 2.19223e-05 0.000333523 0.00299203 0.0158362 0.049595 0.0932403 0.112604 0.11058 0.121916 0.13909 0.136186 0.109779 0.0676206 0.0292625 0.00874041 0.00186688 0.000295387 3.44945e-05 2.8745e-06 1.64718e-07 6.29824e-09 1.5697e-10 2.50417e-12
 2.80351e-08 1.16214e-06 2.84023e-05 0.000409263 0.00347753 0.0174374 0.051792 0.0928306 0.109258 0.110266 0.126493 0.14337 0.137021 0.10728 0.0638576 0.0267679 0.00780456 0.0016285 0.000248049 2.72932e-05 2.11386e-06 1.12328e-07 4.00141e-09 9.34907e-11 1.40514e-12
 4.50824e-08 1.76939e-06 4.0943e-05 0.000558589 0.00449396 0.021337 0.0600249 0.102027 0.114432 0.111317 0.124124 0.13791 0.130848 0.101318 0.0588925 0.0240798 0.00691804 0.00143492 0.000216588 2.32946e-05 1.73307e-06 8.70096e-08 2.89049e-09 6.24861e-11 8.66512e-13
 7.45043e-08 2.76793e-06 6.06276e-05 0.000782967 0.00596282 0.0268027 0.0714227 0.115282 0.123948 0.117636 0.127187 0.133807 0.118911 0.0862409 0.0472611 0.0184015 0.00509407 0.00102854 0.000151864 1.59684e-05 1.15619e-06 5.60557e-08 1.78064e-09 3.64272e-11 4.73486e-13
 9.59793e-08 3.37477e-06 6.99609e-05 0.000855138 0.00616471 0.0262486 0.0664781 0.103571 0.113858 0.121273 0.141991 0.147244 0.124324 0.0845561 0.0430822 0.0154888 0.00394459 0.000735559 0.000101472 1.00959e-05 6.97423e-07 3.23637e-08 9.83518e-10 1.91956e-11 2.37056e-13
 1.49254e-07 4.96654e-06 9.74378e-05 0.00112712 0.00768981 0.0309879 0.0742855 0.109598 0.114309 0.11654 0.133937 0.141665 0.124449 0.0854961 0.041944 0.0140151 0.00323955 0.000540691 6.66819e-05 5.98433e-06 3.77527e-07 1.61842e-08 4.58441e-10 8.38999e-12 9.74731e-14
 2.22671e-07 7.0122e-06 0.000130194 0.00142531 0.00920397 0.0351241 0.0799406 0.113225 0.11753 0.123702 0.140702 0.140235 0.11469 0.0742436 0.0350948 0.0115687 0.00267659 0.000442838 5.23356e-05 4.33777e-06 2.47089e-07 9.50179e-09 2.42269e-10 4.02038e-12 4.268e-14
 2.48649e-07 7.41074e-06 0.000130224 0.00134938 0.00825074 0.0298683 0.0650446 0.0914541 0.104442 0.129058 0.156863 0.15673 0.126503 0.0795925 0.036165 0.0114802 0.00258595 0.000421122 4.91093e-05 3.98146e-06 2.1792e-07 7.87754e-09 1.85059e-10 2.78999e-12 2.67176e-14
 4.0078e-07 1.13058e-05 0.000188041 0.0018442 0.0106719 0.0365463 0.0751259 0.0988093 0.103452 0.118643 0.143393 0.151175 0.128922 0.0817698 0.0359275 0.0108192 0.00230206 0.000355336 3.95325e-05 3.07607e-06 1.62062e-07 5.63073e-09 1.26399e-10 1.80447e-12 1.61879e-14
 5.60383e-07 1.49643e-05 0.000235606 0.00218756 0.0119889 0.038954 0.076605 0.0995797 0.110689 0.134733 0.156252 0.148864 0.114382 0.0671567 0.0281152 0.00823706 0.0017181 0.000257781 2.74329e-05 2.01753e-06 1.00026e-07 3.27229e-09 6.93088e-11 9.34978e-13 7.92622e-15
 7.83966e-07 1.98197e-05 0.000295434 0.0025971 0.0134788 0.0415129 0.0777116 0.0977099 0.10859 0.133692 0.156316 0.151373 0.116399 0.0659116 0.0258415 0.00699303 0.00134879 0.000189381 1.90934e-05 1.33611e-06 6.28138e-08 1.93563e-09 3.83908e-11 4.83277e-13 3.81855e-15
 1.03369e-06 2.47444e-05 0.000349252 0.00290746 0.0142971 0.0418213 0.0751439 0.0941188 0.110476 0.140961 0.161959 0.15168 0.112688 0.0619349 0.0238352 0.00639843 0.00121978 0.000165788 1.58024e-05 1.03192e-06 4.51698e-08 1.29905e-09 2.4095e-11 2.83647e-13 2.0922e-15
#pred catch len freq
 6.57901e-12 7.14402e-10 4.57367e-08 1.72634e-06 3.84177e-05 0.000504092 0.00390117 0.0178354 0.0485615 0.0818936 0.100047 0.121864 0.153768 0.153441 0.115315 0.0766756 0.0495558 0.0302052 0.017804 0.0106238 0.00663666 0.00450807 0.00329022 0.00227706 0.0012533
 3.79621e-12 4.12223e-10 2.63909e-08 9.96131e-07 2.21681e-05 0.000290893 0.00225196 0.0103125 0.0283115 0.0496105 0.069039 0.102773 0.146323 0.158279 0.135744 0.107215 0.0779292 0.0497164 0.0287281 0.0155425 0.00818121 0.00448886 0.00269911 0.00166377 0.000877828
 7.25849e-12 7.88186e-10 5.04604e-08 1.90463e-06 4.2385e-05 0.000556122 0.00430283 0.0196483 0.0531763 0.0871094 0.0949273 0.091215 0.0994594 0.106376 0.104524 0.0991444 0.0855219 0.0645963 0.0426306 0.024281 0.0121525 0.00566595 0.00268618 0.001347 0.000634342
 9.05412e-12 9.83169e-10 6.29434e-08 2.3758e-06 5.28704e-05 0.000693701 0.00536742 0.0245121 0.0663748 0.109007 0.119998 0.117485 0.125619 0.117758 0.086046 0.059687 0.0481952 0.0417386 0.0331572 0.0223295 0.0124602 0.00581287 0.00239152 0.000946371 0.000364223
 9.84702e-12 1.06927e-09 6.84556e-08 2.58386e-06 5.75004e-05 0.000754449 0.00583739 0.0266572 0.0721664 0.118383 0.129696 0.125527 0.133082 0.125054 0.0914773 0.0592699 0.0381596 0.0251483 0.018237 0.0136696 0.00902265 0.00480633 0.00204313 0.000722464 0.000225521
 1.12064e-11 1.21688e-09 7.79058e-08 2.94056e-06 6.54381e-05 0.000858591 0.00664287 0.0303286 0.0820109 0.13377 0.143029 0.129887 0.129318 0.118479 0.0857114 0.0549895 0.0347026 0.0208894 0.0122189 0.0074615 0.00478352 0.00283821 0.00136343 0.000504211 0.000145403
 1.15126e-11 1.25014e-09 8.00348e-08 3.02092e-06 6.72264e-05 0.000882056 0.00682446 0.0311587 0.0842688 0.13756 0.147572 0.135134 0.135148 0.122092 0.0842267 0.0496927 0.0291635 0.0168586 0.00933239 0.00495992 0.00261002 0.00139271 0.000691249 0.000278081 8.36509e-05
 1.1651e-11 1.26516e-09 8.09966e-08 3.05722e-06 6.80343e-05 0.000892657 0.00690652 0.0315342 0.0852959 0.139329 0.149898 0.138277 0.139073 0.125014 0.0842561 0.0471514 0.0256459 0.0135822 0.00689661 0.00338936 0.00159181 0.000718572 0.000313815 0.000123635 3.879e-05
 1.22974e-11 1.33535e-09 8.54901e-08 3.22682e-06 7.18086e-05 0.000942174 0.00728947 0.033279 0.0899645 0.146546 0.15576 0.139015 0.135119 0.119932 0.0806706 0.0450471 0.0241139 0.0122144 0.00573623 0.00255382 0.00107853 0.000429664 0.000160914 5.56889e-05 1.65946e-05
 1.3148e-11 1.42772e-09 9.14037e-08 3.45003e-06 7.67757e-05 0.00100734 0.00779347 0.0355754 0.0961116 0.156067 0.163589 0.140283 0.130265 0.113102 0.0749015 0.0408837 0.0214152 0.0107012 0.00492049 0.00208367 0.00080635 0.000285693 9.29799e-05 2.75699e-05 7.2126e-06
 1.34377e-11 1.45917e-09 9.34174e-08 3.52604e-06 7.84672e-05 0.00102953 0.00796515 0.0363589 0.0982246 0.159469 0.167014 0.142814 0.131866 0.113137 0.072532 0.0369662 0.017886 0.00847711 0.0037732 0.00155786 0.000581723 0.000192549 5.61316e-05 1.43961e-05 3.21793e-06
 1.37117e-11 1.48893e-09 9.53226e-08 3.59795e-06 8.00674e-05 0.00105053 0.00812753 0.0370988 0.100207 0.16255 0.169603 0.143414 0.13064 0.111333 0.0710017 0.0357284 0.0167644 0.00750639 0.00309323 0.00119131 0.000424085 0.000134805 3.70852e-05 8.6397e-06 1.68527e-06
 1.41931e-11 1.5412e-09 9.86693e-08 3.72427e-06 8.28785e-05 0.00108741 0.00841278 0.0383991 0.103693 0.168001 0.174331 0.14495 0.129145 0.108314 0.0674258 0.0322422 0.0141791 0.00606076 0.00239976 0.000872222 0.000287893 8.50533e-05 2.20371e-05 4.8322e-06 8.66083e-07
 1.34939e-11 1.46528e-09 9.38085e-08 3.5408e-06 7.87957e-05 0.00103384 0.00799856 0.0365126 0.0986574 0.160311 0.168541 0.145695 0.135927 0.116037 0.0720399 0.0337963 0.014328 0.005823 0.00216532 0.000739047 0.000230171 6.36168e-05 1.52596e-05 3.10276e-06 5.17979e-07
 1.28439e-11 1.3947e-09 8.92898e-08 3.37025e-06 7.50003e-05 0.00098405 0.00761346 0.0347581 0.0939628 0.153056 0.162655 0.144998 0.14009 0.121715 0.0767218 0.0370176 0.0162104 0.0066419 0.00241083 0.000782859 0.000228464 5.88724e-05 1.31524e-05 2.47983e-06 3.82496e-07
 1.35563e-11 1.47205e-09 9.42421e-08 3.55717e-06 7.91599e-05 0.00103862 0.00803549 0.0366804 0.0990995 0.160939 0.168785 0.144879 0.134174 0.11457 0.0719086 0.0346915 0.0152859 0.0063759 0.00237564 0.00078316 0.000225064 5.534e-05 1.15608e-05 2.02154e-06 2.88445e-07
 1.48867e-11 1.61651e-09 1.03491e-07 3.90626e-06 8.69282e-05 0.00114054 0.00882371 0.0402717 0.108709 0.175797 0.180872 0.146418 0.125849 0.103178 0.0625138 0.0281692 0.0113209 0.00445541 0.00163657 0.000545182 0.000159793 3.97131e-05 8.16651e-06 1.36363e-06 1.81921e-07
 1.53118e-11 1.66268e-09 1.06446e-07 4.01781e-06 8.94106e-05 0.00117311 0.00907558 0.0414193 0.111781 0.180552 0.184768 0.147007 0.123357 0.099723 0.0596452 0.0261076 0.0099285 0.0036293 0.00122278 0.00037742 0.000106604 2.64484e-05 5.50201e-06 9.2167e-07 1.20539e-07
 1.53823e-11 1.67033e-09 1.06936e-07 4.0363e-06 8.98222e-05 0.00117851 0.00911736 0.04161 0.112295 0.18138 0.185603 0.147627 0.123745 0.0997021 0.0589997 0.0250843 0.00905722 0.00313161 0.000995542 0.000284946 7.37099e-05 1.69175e-05 3.36269e-06 5.56303e-07 7.28836e-08
 1.5671e-11 1.70168e-09 1.08943e-07 4.11206e-06 9.15082e-05 0.00120063 0.00928842 0.0423893 0.11438 0.184599 0.188201 0.147891 0.121834 0.0971706 0.0570134 0.023789 0.00828622 0.00274107 0.000828939 0.000223243 5.38668e-05 1.1408e-05 2.0776e-06 3.18689e-07 3.9834e-08
 1.65352e-11 1.79552e-09 1.14951e-07 4.33882e-06 9.65543e-05 0.00126683 0.0098004 0.0447216 0.120614 0.194185 0.195742 0.148036 0.115115 0.0888634 0.0511851 0.0206747 0.00678293 0.00210632 0.00060637 0.00015553 3.54912e-05 7.04275e-06 1.18886e-06 1.67557e-07 1.92363e-08
 1.74126e-11 1.8908e-09 1.21051e-07 4.56907e-06 0.000101678 0.00133405 0.0103202 0.0470894 0.12694 0.203886 0.203247 0.147765 0.107654 0.080005 0.0454429 0.0180978 0.00577593 0.00172246 0.0004709 0.000113258 2.42251e-05 4.53001e-06 7.18966e-07 9.4504e-08 1.00279e-08
 1.73689e-11 1.88606e-09 1.20747e-07 4.5576e-06 0.000101423 0.0013307 0.0102944 0.0469719 0.126633 0.203467 0.203175 0.148611 0.109293 0.081286 0.0453739 0.0170551 0.00478919 0.00122474 0.000303263 6.8744e-05 1.39051e-05 2.43923e-06 3.6142e-07 4.43999e-08 4.40344e-09
 1.77488e-11 1.92731e-09 1.23388e-07 4.65728e-06 0.000103641 0.00135981 0.0105194 0.0479968 0.129368 0.207634 0.206267 0.148062 0.10541 0.0770297 0.0430997 0.0165707 0.00488772 0.0013005 0.000310427 6.26455e-05 1.10674e-05 1.75506e-06 2.41753e-07 2.7751e-08 2.56633e-09
 1.82762e-11 1.98458e-09 1.27055e-07 4.79568e-06 0.000106721 0.00140021 0.0108319 0.0494203 0.133174 0.213495 0.210922 0.148292 0.101517 0.072074 0.0394261 0.0144209 0.00379746 0.000875446 0.000194697 3.93695e-05 6.92546e-06 1.02616e-06 1.25648e-07 1.28116e-08 1.07872e-09
 1.78928e-11 1.94295e-09 1.24389e-07 4.69507e-06 0.000104482 0.00137084 0.0106048 0.0483857 0.13041 0.209259 0.207655 0.148446 0.104835 0.0759998 0.04196 0.0155328 0.00419033 0.000984943 0.000211721 3.87683e-05 6.09927e-06 8.49129e-07 1.01195e-07 9.82923e-09 7.54949e-10
 1.85905e-11 2.01871e-09 1.2924e-07 4.87815e-06 0.000108556 0.00142429 0.0110181 0.0502684 0.135439 0.216963 0.213573 0.148095 0.0986923 0.0687997 0.0374108 0.0136371 0.00356065 0.000800488 0.000168234 3.08904e-05 4.82008e-06 6.34872e-07 6.89516e-08 6.14397e-09 4.45149e-10
 1.9079e-11 2.07175e-09 1.32635e-07 5.00631e-06 0.000111408 0.0014617 0.0113075 0.0515863 0.13896 0.222358 0.217732 0.147892 0.0944575 0.0638043 0.0342121 0.0122536 0.00306601 0.000640854 0.000125592 2.18755e-05 3.27841e-06 4.22431e-07 4.52181e-08 3.88794e-09 2.63071e-10
 1.94422e-11 2.11119e-09 1.3516e-07 5.10163e-06 0.000113529 0.00148953 0.0115227 0.0525666 0.141579 0.226379 0.220861 0.14784 0.0914569 0.0601852 0.0317853 0.0110811 0.0025761 0.000466379 7.84174e-05 1.22544e-05 1.6849e-06 2.01863e-07 2.04663e-08 1.69637e-09 1.11833e-10
#obs catch len freq
 1.62195e-11 1.56701e-09 8.92573e-08 2.99748e-06 5.93486e-05 0.00069283 0.0047699 0.019392 0.0468822 0.0698994 0.0753363 0.0842349 0.106469 0.119339 0.117794 0.109409 0.0920107 0.0681307 0.0444451 0.0249073 0.0112944 0.00384691 0.000921033 0.000147444 1.52309e-05
 1.52431e-11 1.42044e-09 7.80384e-08 2.52776e-06 4.82735e-05 0.000543584 0.00361086 0.014185 0.0333989 0.0503784 0.0621147 0.0869737 0.121295 0.136868 0.132553 0.118143 0.0942155 0.0669517 0.0423931 0.0227798 0.00969914 0.00306126 0.000675052 9.92156e-05 9.39312e-06
 1.49048e-12 1.33732e-10 7.07441e-09 2.20654e-07 4.05916e-06 4.41136e-05 0.000285714 0.00115326 0.00348287 0.0111048 0.0362533 0.0876557 0.14138 0.165405 0.163303 0.142863 0.106566 0.0690966 0.0402182 0.0202027 0.00806446 0.00236668 0.000481019 6.48284e-05 5.61562e-06
 1.83559e-11 1.5832e-09 8.05069e-08 2.41362e-06 4.26628e-05 0.000444619 0.00273261 0.00991552 0.021375 0.0283183 0.0273476 0.0322912 0.0612219 0.12062 0.181636 0.192 0.148192 0.0918968 0.0489862 0.0222499 0.00808824 0.00217864 0.000407092 5.03393e-05 3.99115e-06
 4.94806e-11 4.09613e-09 1.99918e-07 5.75272e-06 9.76011e-05 0.000976548 0.00576912 0.0202522 0.0436558 0.0666766 0.100836 0.163099 0.202946 0.163413 0.0905003 0.0497112 0.0374446 0.0280535 0.0163226 0.007173 0.0023801 0.000577975 9.7752e-05 1.09982e-05 7.95623e-07
 1.61854e-10 1.28413e-08 6.0067e-07 1.65654e-05 0.000269346 0.00258222 0.0146013 0.0487839 0.0972184 0.121212 0.114728 0.118284 0.13262 0.12775 0.102636 0.0667733 0.0325201 0.0125618 0.00481169 0.00187513 0.00059711 0.00013549 2.08613e-05 2.11924e-06 1.38576e-07
 2.67472e-10 2.03105e-08 9.09283e-07 2.40004e-05 0.000373492 0.003427 0.0185461 0.0592965 0.113005 0.134271 0.119642 0.114825 0.121622 0.113079 0.090424 0.0612743 0.032277 0.012735 0.00389615 0.00100155 0.000229251 4.37295e-05 6.09088e-06 5.66296e-07 3.37049e-08
 3.46708e-10 2.51651e-08 1.0769e-06 2.71699e-05 0.000404156 0.00354485 0.0183417 0.0561278 0.102941 0.120785 0.114991 0.123682 0.135051 0.122445 0.0939614 0.0606797 0.0306322 0.0118255 0.00355539 0.000831587 0.000149592 2.0745e-05 2.19582e-06 1.68774e-07 8.80751e-09
 5.8477e-10 4.05219e-08 1.65552e-06 3.98766e-05 0.000566302 0.004742 0.0234233 0.0684085 0.119565 0.13276 0.117259 0.116631 0.122496 0.111101 0.0863949 0.0554469 0.0272593 0.0101699 0.00294903 0.000660565 0.000110383 1.33116e-05 1.13492e-06 6.75365e-08 2.76314e-09
 8.98574e-10 5.93796e-08 2.31345e-06 5.314e-05 0.000719669 0.00574691 0.0270739 0.0754507 0.126157 0.135547 0.119537 0.120052 0.123125 0.10703 0.0791425 0.0479354 0.0221039 0.00771035 0.00209387 0.000441097 6.93312e-05 7.78409e-06 6.02798e-07 3.13787e-08 1.07859e-09
 1.51266e-09 9.52234e-08 3.53414e-06 7.73327e-05 0.00099768 0.0075894 0.0340582 0.0903947 0.143785 0.146191 0.120284 0.112829 0.111744 0.0964816 0.0705352 0.0407723 0.0172837 0.00539233 0.00129776 0.000244849 3.50316e-05 3.61873e-06 2.58604e-07 1.23683e-08 3.86226e-10
 1.9266e-09 1.1542e-07 4.0767e-06 8.48944e-05 0.00104233 0.00754666 0.0322479 0.0816908 0.125489 0.129638 0.121846 0.131039 0.13061 0.106263 0.0722194 0.0390363 0.0155404 0.00451938 0.000992991 0.000167118 2.10945e-05 1.9293e-06 1.23411e-07 5.33985e-09 1.51873e-10
 3.44582e-09 1.96277e-07 6.5915e-06 0.000130509 0.00152352 0.0104872 0.0425948 0.102421 0.148319 0.140312 0.113987 0.109447 0.109722 0.0966283 0.0696516 0.0369969 0.0135454 0.0034647 0.000656202 9.57033e-05 1.05974e-05 8.54033e-07 4.81272e-08 1.83816e-09 4.64079e-11
 4.41666e-09 2.38994e-07 7.62465e-06 0.000143415 0.0015905 0.0104026 0.0401745 0.0922 0.129809 0.128518 0.124552 0.13482 0.128332 0.0993005 0.0636386 0.0316363 0.011341 0.00290696 0.000544093 7.46776e-05 7.40034e-06 5.19951e-07 2.54414e-08 8.48143e-10 1.88013e-11
 5.78524e-09 2.97162e-07 8.99924e-06 0.00016068 0.00169157 0.0105032 0.038525 0.0841543 0.113943 0.112697 0.115512 0.132779 0.136661 0.11746 0.0800068 0.0391262 0.0130957 0.00306973 0.000529259 6.83724e-05 6.44566e-06 4.25808e-07 1.90966e-08 5.69291e-10 1.11139e-11
 8.01086e-09 3.90327e-07 1.12129e-05 0.000189913 0.00189658 0.0111724 0.038904 0.080936 0.105923 0.106293 0.115858 0.136978 0.14198 0.122396 0.0821872 0.0391041 0.0127254 0.00290131 0.00048055 5.83094e-05 5.08228e-06 3.0981e-07 1.28812e-08 3.56639e-10 6.43363e-12
 1.48846e-08 6.87541e-07 1.8724e-05 0.00030064 0.00284621 0.0158932 0.0524365 0.103127 0.126234 0.114503 0.11035 0.122176 0.125326 0.10813 0.0716136 0.0333834 0.010744 0.00245522 0.00040809 4.89366e-05 4.12079e-06 2.37524e-07 9.18687e-09 2.34371e-10 3.88267e-12
 2.1855e-08 9.56535e-07 2.46826e-05 0.000375518 0.0033687 0.0178284 0.0558103 0.104703 0.125218 0.11906 0.124783 0.135517 0.125243 0.0957579 0.0575798 0.0250469 0.00767456 0.0016968 0.000276119 3.25907e-05 2.69703e-06 1.51604e-07 5.64945e-09 1.36966e-10 2.12894e-12
 3.18954e-08 1.32215e-06 3.2313e-05 0.000465611 0.00395616 0.0198332 0.0588456 0.104927 0.120711 0.114171 0.121994 0.134727 0.128237 0.10011 0.0590572 0.0243404 0.00693488 0.00141747 0.000214494 2.38367e-05 1.87896e-06 1.01325e-07 3.63099e-09 8.45347e-11 1.25654e-12
 4.61964e-08 1.81311e-06 4.19547e-05 0.000572392 0.00460501 0.0218643 0.0615086 0.104551 0.117258 0.113932 0.126295 0.138374 0.1285 0.0973251 0.0554463 0.0221402 0.00615725 0.00122747 0.000178296 1.86251e-05 1.36305e-06 6.81496e-08 2.27534e-09 4.96572e-11 6.95193e-13
 7.47132e-08 2.77569e-06 6.07975e-05 0.000785158 0.0059794 0.0268748 0.0715835 0.1153 0.122911 0.114365 0.122511 0.131466 0.121129 0.0905314 0.0502973 0.0195955 0.00537318 0.00106429 0.000152911 1.55755e-05 1.0924e-06 5.15054e-08 1.60159e-09 3.23166e-11 4.17282e-13
 1.23582e-07 4.34532e-06 9.00803e-05 0.00110102 0.00793599 0.0337627 0.0851628 0.130164 0.132656 0.119558 0.123235 0.124768 0.107519 0.0752447 0.0394271 0.0146377 0.00387022 0.000746356 0.00010484 1.04299e-05 7.10955e-07 3.23215e-08 9.59612e-10 1.82998e-11 2.21257e-13
 1.62518e-07 5.4079e-06 0.000106097 0.00122729 0.00837308 0.0337397 0.0808634 0.119162 0.123606 0.123781 0.137098 0.136382 0.111434 0.0729955 0.0355082 0.0121589 0.00295631 0.000526815 6.92043e-05 6.51773e-06 4.23839e-07 1.84327e-08 5.23151e-10 9.50986e-12 1.09149e-13
 2.52609e-07 7.95497e-06 0.000147697 0.00161688 0.0104396 0.0398114 0.0903011 0.125929 0.123634 0.118055 0.128347 0.13054 0.110759 0.0728689 0.0339679 0.0107753 0.00237245 0.000378018 4.44064e-05 3.77578e-06 2.24423e-07 9.02156e-09 2.38714e-10 4.06856e-12 4.39162e-14
 3.75045e-07 1.11778e-05 0.000196416 0.00203506 0.0124372 0.0449175 0.0967206 0.129412 0.126184 0.124081 0.133358 0.127702 0.100918 0.0626755 0.028214 0.00884487 0.00194832 0.00030666 3.43628e-05 2.68965e-06 1.44156e-07 5.19787e-09 1.23853e-10 1.91495e-12 1.88931e-14
 4.33663e-07 1.22334e-05 0.000203469 0.00199554 0.0115484 0.0395599 0.0814339 0.107701 0.114187 0.130513 0.14971 0.143719 0.11188 0.0673828 0.0291358 0.00880062 0.00188897 0.000292675 3.23242e-05 2.46956e-06 1.26856e-07 4.28981e-09 9.40253e-11 1.31962e-12 1.17412e-14
 7.05159e-07 1.88302e-05 0.000296467 0.00275233 0.0150756 0.048853 0.0948863 0.117133 0.112998 0.118622 0.135013 0.136747 0.111914 0.0675657 0.0281638 0.00806068 0.00163388 0.000239978 2.52897e-05 1.85416e-06 9.16293e-08 2.97544e-09 6.2247e-11 8.26279e-13 6.88004e-15
 9.85951e-07 2.49261e-05 0.000371544 0.0032659 0.0169433 0.0520884 0.0966931 0.117492 0.119455 0.132992 0.145278 0.132876 0.0981405 0.0549908 0.0218868 0.00609988 0.00121101 0.000172529 1.73579e-05 1.20154e-06 5.58519e-08 1.7073e-09 3.36916e-11 4.22453e-13 3.3225e-15
 1.38278e-06 3.31007e-05 0.00046718 0.00388851 0.0191057 0.0556737 0.0983155 0.115243 0.116656 0.131451 0.145202 0.13497 0.0993856 0.0535067 0.0199008 0.00511989 0.000940548 0.000125526 1.19682e-05 7.87824e-07 3.46909e-08 9.97953e-10 1.84288e-11 2.15535e-13 1.57947e-15
#spawning biomass
 8832.12 8881.35 7349 7345.2 9594.4 14501.4 21409 25902.9 33133.2 47755.5 64329.4 87074.9 102330 118633 122578 108420 93381 101164 104382 99691.2 93096.8 105857 102647 117040 108342 118747 112374 112638 108523 148844 282259 311882 301562 270277 232554 196752 166528 142731 124833 111790 102500 95992.1 91489.6 88383 86227.3 84797.1 83848.4 83218.9 82801.3 82524.3 82340.5 82218.6 82137.7 82084 82048.4 82024.8 82009.1 81998.7 81991.8 81987.3 81984.2 81982.2 81980.9 81980 81979.4 81979 81978.8 81978.6 81978.5 81978.4 81978.3 81978.3 81978.3 81978.3 81978.3 81978.3 81978.2 81978.2 81978.2 81978.2 81978.2 81978.2 81978.2 81978.2 81978.2 81978.2 81978.2 81978.2 81978.2 81978.2 81978.2 81978.2 81978.2 81978.2 81978.2 81978.2 81978.2 81978.2 81978.2 81978.2 81978.2 81978.2 81978.2 81978.2 81978.2 81978.2 81978.2 81978.2 81978.2 81978.2 81978.2 81978.2 81978.2 81978.2 81978.2 81978.2 81978.2 81978.2 81978.2 81978.2 81978.2 81978.2 81978.2 81978.2 81978.2 81978.2 81978.2 81978.2 81978.2 0 0 0 0 0 0 0 0 0 0 0 0 0 0 0 0 0 0 0 0 0 0 0 0 0
