SBPRF35
0.819782
Curr Bio
236683
B35
1.64763e+06
F35
0.21027
FOFL
0
OFL
0
Bzero
234224
#pred survey bio
 21300 23639.6 21707.2 22499.3 34822 48467.6 63999.1 89099.6 111666 133058 173120 187748 220216 210455 221682 212005 200036 241733 244125 231764 202144 215718 209176 198244 222834 209527 214563 228428 8.90825e+06 1.45523e+07 1.57639e+07 1.4933e+07 1.30574e+07 1.08885e+07 8.8524e+06 7.1315e+06 5.76465e+06 4.72096e+06 3.94416e+06 3.37536e+06 2.9629e+06 2.66515e+06 2.44827e+06 2.28756e+06 2.17326e+06 2.0911e+06 2.0314e+06 1.98753e+06 1.95492e+06 1.93041e+06 1.91179e+06 1.89751e+06 1.88646e+06 1.87782e+06 1.87104e+06 1.86566e+06 1.86139e+06 1.85797e+06 1.85522e+06 1.85301e+06 1.85122e+06 1.84977e+06 1.8486e+06 1.84764e+06 1.84686e+06 1.84623e+06 1.84571e+06 1.84529e+06 1.84494e+06 1.84466e+06 1.84443e+06 1.84424e+06 1.84409e+06 1.84397e+06 1.84386e+06 1.84378e+06 1.84371e+06 1.84365e+06 1.84361e+06 1.84357e+06 1.84354e+06 1.84351e+06 1.84349e+06 1.84347e+06 1.84346e+06 1.84345e+06 1.84344e+06 1.84343e+06 1.84343e+06 1.84342e+06 1.84342e+06 1.84341e+06 1.84341e+06 1.84341e+06 1.84341e+06 1.8434e+06 1.8434e+06 1.8434e+06 1.8434e+06 1.8434e+06 1.8434e+06 1.8434e+06 1.8434e+06 1.8434e+06 1.8434e+06 1.8434e+06 1.8434e+06 1.8434e+06 1.8434e+06 1.8434e+06 1.8434e+06 1.8434e+06 1.8434e+06 1.8434e+06 1.8434e+06 1.8434e+06 1.8434e+06 1.8434e+06 1.8434e+06 1.8434e+06 1.8434e+06 1.8434e+06 1.8434e+06 1.8434e+06 1.8434e+06 1.8434e+06 1.8434e+06 1.8434e+06 0 0 0 0 0 0 0 0 0 0 0 0 0 0 0 0 0 0 0 0 0 0 0 0 0
#obs survey bio
 19415.7 23796.5 18712.1 30221 55099.3 43248 70071.7 80166.5 108195 103616 136326 216395 195735 253927 154547 285954 164810 357191 188058 233390 155656 290152 197719 223946 210434 227008 157776 224583
#pred catch bio
 10424.2 13728 12451.3 7859.75 18992.5 32247.1 42631.5 64239.3 85857.2 97648.5 144855 156010 191543 170695 194815 197395 176877 229838 236809 237163 202817 224488 225406 208552 246634 234407 246316 195712 0 118868 127845 119867 103402 84791.5 67587.2 53264.9 42083.3 33719.5 27647.9 23334.7 20319.3 18235.9 16799.9 15807.2 15148.6 14711.6 14421.7 14229.4 14101.7 14017.1 13960.9 13923.6 13898.9 13882.5 13871.6 13864.4 13859.6 13856.4 13854.3 13852.9 13852 13851.4 13851 13850.7 13850.5 13850.4 13850.3 13850.2 13850.2 13850.2 13850.2 13850.2 13850.2 13850.2 13850.2 13850.1 13850.1 13850.1 13850.1 13850.1 13850.1 13850.1 13850.1 13850.1 13850.1 13850.1 13850.1 13850.1 13850.1 13850.1 13850.1 13850.1 13850.1 13850.1 13850.1 13850.1 13850.1 13850.1 13850.1 13850.1 13850.1 13850.1 13850.1 13850.1 13850.1 13850.1 13850.1 13850.1 13850.1 13850.1 13850.1 13850.1 13850.1 13850.1 13850.1 13850.1 13850.1 13850.1 13850.1 13850.1 13850.1 13850.1 13850.1 13850.1 13850.1 13850.1 13850.1 13850.1 0 0 0 0 0 0 0 0 0 0 0 0 0 0 0 0 0 0 0 0 0 0 0 0 0
#obs catch bio
 15371.5 14368 14657.3 7398.65 17652.4 31437.1 38612.4 57917.7 85435.6 100171 158280 156129 179601 156876 210052 188984 172451 213730 227280 241366 195354 195702 217019 186041 212468 208583 233962 184302
#pred cpue bio
 19378.9 22158.4 19629.5 20686.2 30882.7 42045.7 54329.6 76243.3 94721.4 112109 146490 155211 183626 179038 187441 175642 162984 195265 197941 186861 159072 169603 162774 151364 171265 157900 160571 166201 7.41476e+06 1.45181e+07 1.57298e+07 1.4899e+07 1.30233e+07 1.08544e+07 8.81834e+06 7.09744e+06 5.73059e+06 4.68691e+06 3.9101e+06 3.3413e+06 2.92884e+06 2.63109e+06 2.41421e+06 2.2535e+06 2.1392e+06 2.05704e+06 1.99734e+06 1.95347e+06 1.92086e+06 1.89635e+06 1.87773e+06 1.86345e+06 1.8524e+06 1.84377e+06 1.83698e+06 1.83161e+06 1.82733e+06 1.82391e+06 1.82116e+06 1.81895e+06 1.81716e+06 1.81571e+06 1.81454e+06 1.81358e+06 1.8128e+06 1.81217e+06 1.81165e+06 1.81123e+06 1.81089e+06 1.8106e+06 1.81037e+06 1.81019e+06 1.81003e+06 1.80991e+06 1.8098e+06 1.80972e+06 1.80965e+06 1.80959e+06 1.80955e+06 1.80951e+06 1.80948e+06 1.80945e+06 1.80943e+06 1.80942e+06 1.8094e+06 1.80939e+06 1.80938e+06 1.80937e+06 1.80937e+06 1.80936e+06 1.80936e+06 1.80935e+06 1.80935e+06 1.80935e+06 1.80935e+06 1.80935e+06 1.80934e+06 1.80934e+06 1.80934e+06 1.80934e+06 1.80934e+06 1.80934e+06 1.80934e+06 1.80934e+06 1.80934e+06 1.80934e+06 1.80934e+06 1.80934e+06 1.80934e+06 1.80934e+06 1.80934e+06 1.80934e+06 1.80934e+06 1.80934e+06 1.80934e+06 1.80934e+06 1.80934e+06 1.80934e+06 1.80934e+06 1.80934e+06 1.80934e+06 1.80934e+06 1.80934e+06 1.80934e+06 1.80934e+06 1.80934e+06 1.80934e+06 1.80934e+06 0 0 0 0 0 0 0 0 0 0 0 0 0 0 0 0 0 0 0 0 0 0 0 0 0
#obs cpue bio
 18770.3 14212.4 14442.2 21865.5 33958.2 45117.9 81201.4 126598 80971.3 111795 139497 150954 283251 194473 178022 183867 193510 202695 275120 177241 239776 235829 188851 215230 340070 222603 266874 204483
#pred surv len freq
 1.11402e-11 1.20916e-09 7.73864e-08 2.92033e-06 6.49812e-05 0.000852605 0.00659749 0.0301318 0.0815542 0.133465 0.144535 0.13553 0.138475 0.125072 0.0841492 0.0471484 0.0264768 0.0154529 0.00943963 0.00621798 0.0044987 0.00361339 0.00305081 0.00232245 0.00134766
 8.47896e-12 9.2031e-10 5.88997e-08 2.2227e-06 4.94583e-05 0.000648945 0.00502211 0.0229494 0.0622877 0.103332 0.118397 0.127119 0.147242 0.143455 0.107307 0.0702841 0.0428639 0.0230833 0.0114707 0.00584097 0.00326756 0.00210624 0.001539 0.00110143 0.000633277
 1.18478e-11 1.28597e-09 8.23018e-08 3.10581e-06 6.91084e-05 0.000906746 0.00701599 0.0320328 0.0865562 0.140501 0.146849 0.124992 0.116625 0.107125 0.0835001 0.0604153 0.0416908 0.0256659 0.0138456 0.00655989 0.00287868 0.0013368 0.000736894 0.000450763 0.000243994
 1.00617e-11 1.0921e-09 6.98944e-08 2.6376e-06 5.86903e-05 0.00077007 0.00595909 0.0272221 0.0737606 0.12137 0.134494 0.133615 0.144155 0.133407 0.0918203 0.0541295 0.0332306 0.0212091 0.0128488 0.006845 0.00309309 0.00122146 0.000477795 0.000212317 9.73305e-05
 1.3212e-11 1.43403e-09 9.17779e-08 3.46341e-06 7.70654e-05 0.00101114 0.00782343 0.0357121 0.0964004 0.155691 0.159038 0.126034 0.107513 0.095989 0.0762232 0.0561148 0.0375288 0.0217175 0.0117584 0.00629707 0.00310759 0.00130095 0.000458645 0.000149649 5.00482e-05
 1.39277e-11 1.51172e-09 9.67501e-08 3.65105e-06 8.12406e-05 0.00106592 0.00824745 0.037651 0.10168 0.164587 0.169828 0.138665 0.121069 0.10204 0.0668082 0.0370829 0.0218136 0.0137621 0.00815105 0.00423443 0.00197385 0.000835768 0.000304149 9.15945e-05 2.37808e-05
 1.47055e-11 1.59614e-09 1.02153e-07 3.85494e-06 8.57773e-05 0.00112544 0.00870791 0.0397512 0.107325 0.173507 0.178009 0.142697 0.121405 0.100446 0.0638403 0.0324477 0.015694 0.00763635 0.00381027 0.00196544 0.000950348 0.000398364 0.000142312 4.23859e-05 1.01917e-05
 1.4142e-11 1.53498e-09 9.82386e-08 3.70722e-06 8.24905e-05 0.00108232 0.00837443 0.0382324 0.103273 0.167349 0.17353 0.143834 0.127761 0.107524 0.0679931 0.0337253 0.0155583 0.00690276 0.00285896 0.00115612 0.000474947 0.000191107 6.83682e-05 2.01722e-05 4.71996e-06
 1.45656e-11 1.58096e-09 1.01181e-07 3.81827e-06 8.49614e-05 0.00111474 0.00862516 0.039375 0.10633 0.172066 0.177317 0.144151 0.124867 0.103824 0.0653041 0.0321513 0.0146296 0.00633135 0.00248772 0.000897169 0.000301706 9.71853e-05 3.02632e-05 8.51308e-06 1.9605e-06
 1.48082e-11 1.60729e-09 1.02866e-07 3.88185e-06 8.63762e-05 0.0011333 0.00876876 0.04003 0.108092 0.174862 0.179935 0.145573 0.125105 0.102977 0.0632694 0.0295209 0.0125159 0.00516665 0.00197609 0.000689036 0.000215627 6.00255e-05 1.51354e-05 3.51302e-06 7.24643e-07
 1.46039e-11 1.58511e-09 1.01447e-07 3.82829e-06 8.51844e-05 0.00111767 0.00864782 0.0394788 0.106616 0.172572 0.178038 0.145231 0.126246 0.104719 0.0649532 0.0308488 0.0132525 0.00536047 0.00194022 0.000636674 0.000189955 5.00076e-05 1.13557e-05 2.21464e-06 3.73751e-07
 1.56244e-11 1.69588e-09 1.08536e-07 4.09582e-06 9.11371e-05 0.00119577 0.00925189 0.0422319 0.113987 0.18399 0.187411 0.146676 0.120245 0.09621 0.057589 0.0254559 0.00992021 0.00378846 0.00135283 0.000436918 0.000124807 3.09438e-05 6.58845e-06 1.17897e-06 1.73597e-07
 1.51624e-11 1.64573e-09 1.05326e-07 3.97469e-06 8.8442e-05 0.00116041 0.00897844 0.0409864 0.110664 0.178934 0.183709 0.147517 0.125268 0.10169 0.0605188 0.0260046 0.00956096 0.00337318 0.0010992 0.000327496 8.93541e-05 2.14828e-05 4.3774e-06 7.362e-07 1.00068e-07
 1.41253e-11 1.53316e-09 9.81222e-08 3.70283e-06 8.23928e-05 0.00108104 0.00836463 0.0381902 0.103193 0.167498 0.174978 0.148237 0.13472 0.112631 0.0672421 0.0285737 0.0102452 0.00348858 0.00107972 0.000297777 7.40063e-05 1.6326e-05 3.1259e-06 5.01782e-07 6.47915e-08
 1.45725e-11 1.5817e-09 1.01229e-07 3.82007e-06 8.50014e-05 0.00111527 0.00862927 0.0393947 0.106397 0.172284 0.178052 0.146025 0.12775 0.106011 0.0651929 0.0301843 0.0123305 0.0045933 0.00144876 0.000389572 9.1885e-05 1.8779e-05 3.279e-06 4.82164e-07 5.80615e-08
 1.54673e-11 1.67883e-09 1.07445e-07 4.05463e-06 9.02207e-05 0.00118374 0.00915893 0.0418087 0.112862 0.182309 0.186333 0.147462 0.12272 0.0986021 0.0584227 0.0249929 0.00919326 0.0033101 0.00111451 0.000330573 8.25232e-05 1.68224e-05 2.80376e-06 3.82433e-07 4.21354e-08
 1.61206e-11 1.74974e-09 1.11983e-07 4.22589e-06 9.40315e-05 0.00123374 0.00954564 0.0435712 0.117581 0.189624 0.192358 0.148459 0.119001 0.093282 0.0537841 0.0215223 0.00693468 0.00213959 0.000634748 0.000175136 4.42241e-05 9.64059e-06 1.70401e-06 2.35183e-07 2.49931e-08
 1.65062e-11 1.79159e-09 1.14661e-07 4.32697e-06 9.62804e-05 0.00126324 0.00977383 0.0446106 0.120356 0.193857 0.195518 0.147955 0.115139 0.0890289 0.0514929 0.0209998 0.00697682 0.00215328 0.000593348 0.000142335 3.10271e-05 6.16234e-06 1.07091e-06 1.53449e-07 1.70489e-08
 1.62828e-11 1.76734e-09 1.13109e-07 4.2684e-06 9.49772e-05 0.00124615 0.00964162 0.0440088 0.118755 0.19146 0.193951 0.148975 0.118489 0.0922398 0.0525321 0.0202989 0.00604842 0.001678 0.000444333 0.000105644 2.19749e-05 3.9052e-06 5.91539e-07 7.66112e-08 8.21571e-09
 1.65089e-11 1.79188e-09 1.1468e-07 4.32768e-06 9.62964e-05 0.00126345 0.00977548 0.0446187 0.120385 0.193965 0.19591 0.148969 0.116664 0.0900327 0.0510555 0.0195748 0.0057081 0.00151113 0.000369594 7.92241e-05 1.51308e-05 2.56212e-06 3.68262e-07 4.34277e-08 4.13597e-09
 1.74343e-11 1.89232e-09 1.21108e-07 4.57025e-06 0.000101694 0.00133427 0.0103232 0.0471139 0.127056 0.204212 0.203904 0.14889 0.109093 0.0808591 0.0448583 0.0165311 0.00440289 0.00102922 0.000230025 4.64255e-05 8.2567e-06 1.27422e-06 1.66816e-07 1.82582e-08 1.62407e-09
 1.74673e-11 1.89591e-09 1.21338e-07 4.57891e-06 0.000101886 0.00133679 0.0103427 0.047203 0.127294 0.204576 0.20418 0.148862 0.108786 0.0805142 0.0446647 0.0164732 0.0043865 0.00101236 0.000215787 3.9706e-05 6.30515e-06 8.83489e-07 1.06455e-07 1.06605e-08 8.64307e-10
 1.78302e-11 1.9353e-09 1.23859e-07 4.67405e-06 0.000104003 0.00136457 0.0105575 0.0481817 0.12991 0.208596 0.207319 0.148839 0.105828 0.0769204 0.0422236 0.0152621 0.00386519 0.000824703 0.000165544 2.95474e-05 4.53073e-06 5.93175e-07 6.46846e-08 5.8142e-09 4.26951e-10
 1.84782e-11 2.00563e-09 1.2836e-07 4.84391e-06 0.000107783 0.00141415 0.010941 0.0499289 0.134579 0.215754 0.212838 0.148566 0.100195 0.0702781 0.0379792 0.0134392 0.00322189 0.000619774 0.00011135 1.81655e-05 2.57331e-06 3.16866e-07 3.29566e-08 2.79373e-09 1.88544e-10
 1.82571e-11 1.98164e-09 1.26825e-07 4.78596e-06 0.000106494 0.00139724 0.0108102 0.0493329 0.132987 0.213313 0.210961 0.148676 0.102144 0.0725645 0.0394251 0.014041 0.00341875 0.000673645 0.000121463 1.89143e-05 2.43726e-06 2.68601e-07 2.53391e-08 1.98555e-09 1.25758e-10
 1.88991e-11 2.05131e-09 1.31284e-07 4.95423e-06 0.000110238 0.00144636 0.0111901 0.0510637 0.137612 0.220402 0.216415 0.148367 0.096504 0.0659415 0.0352309 0.012285 0.00283128 0.000500913 8.12563e-05 1.21235e-05 1.556e-06 1.68829e-07 1.5038e-08 1.07224e-09 6.11518e-11
 1.9116e-11 2.07486e-09 1.32791e-07 5.01112e-06 0.000111503 0.00146296 0.0113186 0.0516488 0.139175 0.222798 0.218254 0.148251 0.0945794 0.0636922 0.0338213 0.0117111 0.00264726 0.000446978 6.74192e-05 9.22807e-06 1.06923e-06 1.05664e-07 8.93517e-09 6.21135e-10 3.41497e-11
 1.99517e-11 2.16557e-09 1.38596e-07 5.23018e-06 0.000116378 0.00152691 0.0118131 0.0539019 0.145194 0.232011 0.225278 0.147642 0.0869243 0.0548685 0.0284621 0.00972704 0.00213857 0.000338154 4.64289e-05 5.87673e-06 6.36672e-07 5.80623e-08 4.46478e-09 2.81407e-10 1.42647e-11
#obs surv len freq
 3.91683e-11 3.62998e-09 1.98363e-07 6.39154e-06 0.000121434 0.00136044 0.00898889 0.0350632 0.081175 0.114651 0.111978 0.106062 0.117681 0.122656 0.111438 0.0883898 0.0567012 0.0282452 0.0110766 0.00342481 0.0008152 0.000144806 1.85566e-05 1.65747e-06 1.00105e-07
 2.28179e-11 2.0396e-09 1.07498e-07 3.34074e-06 6.12191e-05 0.000661584 0.00421922 0.0159364 0.0363263 0.0546388 0.0720745 0.108651 0.152356 0.168462 0.154633 0.118183 0.0691025 0.030271 0.0105471 0.0030403 0.000698187 0.000119633 1.45503e-05 1.21456e-06 6.7827e-08
 1.41363e-10 1.21661e-08 6.17387e-07 1.84735e-05 0.000325934 0.00339077 0.0208004 0.0752526 0.160708 0.203575 0.157082 0.0850686 0.0537216 0.0583236 0.0678258 0.0589258 0.0348122 0.0143399 0.00445379 0.00111222 0.000223983 3.48206e-05 3.94735e-06 3.09985e-07 1.62327e-08
 1.3169e-10 1.08948e-08 5.31458e-07 1.52865e-05 0.000259263 0.00259295 0.0152973 0.0533312 0.110912 0.144219 0.141306 0.146 0.152824 0.119556 0.0653347 0.0288519 0.0123183 0.00498409 0.00167464 0.000428822 8.09675e-05 1.11767e-05 1.11478e-06 7.82271e-08 3.73043e-09
 1.91219e-10 1.51836e-08 7.10898e-07 1.96258e-05 0.000319475 0.0030666 0.0173613 0.058039 0.11528 0.140422 0.120801 0.105331 0.111284 0.11477 0.101741 0.069003 0.0315089 0.00910774 0.00169111 0.000224813 2.59465e-05 2.79863e-06 2.45818e-07 1.54171e-08 6.5288e-10
 3.25183e-10 2.47472e-08 1.11049e-06 2.93824e-05 0.000458409 0.00421724 0.0228832 0.0733248 0.139648 0.163361 0.135481 0.11292 0.10859 0.0959053 0.0719715 0.0440132 0.0196866 0.00603076 0.0012686 0.000187812 1.97396e-05 1.47796e-06 8.14508e-08 3.47017e-09 1.13965e-10
 4.25178e-10 3.09696e-08 1.33011e-06 3.36842e-05 0.000502991 0.00442912 0.0230067 0.0706297 0.129414 0.148588 0.129628 0.122057 0.123367 0.10622 0.075582 0.0430975 0.0176277 0.00480959 0.000880481 0.000114571 1.1198e-05 8.21518e-07 4.32239e-08 1.56322e-09 3.81849e-11
 6.38981e-10 4.44901e-08 1.82653e-06 4.42158e-05 0.000631136 0.00531242 0.0263782 0.0774134 0.135623 0.149021 0.124898 0.114413 0.11563 0.103634 0.0778466 0.0452593 0.0181725 0.00477747 0.000833507 0.000101415 8.99601e-06 5.863e-07 2.75253e-08 9.08435e-10 2.05701e-11
 8.42845e-10 5.60292e-08 2.19619e-06 5.0759e-05 0.000691758 0.00555957 0.0263645 0.0739894 0.124761 0.135886 0.122762 0.125877 0.129501 0.111106 0.0786903 0.0432424 0.0165353 0.00417987 0.000709016 8.44725e-05 7.29438e-06 4.53677e-07 1.98069e-08 5.93921e-10 1.20467e-11
 1.19107e-09 7.55109e-08 2.82272e-06 6.22181e-05 0.000808658 0.00619825 0.0280362 0.075097 0.121247 0.128234 0.116707 0.12311 0.130217 0.117087 0.0859067 0.0464205 0.0165647 0.00371946 0.000528391 4.97346e-05 3.33567e-06 1.68893e-07 6.44654e-09 1.77149e-10 3.34057e-12
 1.7628e-09 1.06469e-07 3.79167e-06 7.9621e-05 0.00098589 0.00719947 0.0310309 0.079274 0.122607 0.126518 0.116962 0.125634 0.131236 0.115496 0.0822465 0.0426344 0.014515 0.00311255 0.000423553 3.802e-05 2.36487e-06 1.05e-07 3.31822e-09 7.34581e-11 1.12708e-12
 3.16792e-09 1.82103e-07 6.17231e-06 0.000123358 0.00145375 0.0101034 0.0414389 0.100659 0.147449 0.141692 0.117614 0.114274 0.113638 0.0976038 0.0674352 0.0333633 0.0107094 0.00214499 0.000269658 2.20686e-05 1.23945e-06 4.97299e-08 1.42849e-09 2.86385e-11 3.90124e-13
 3.40031e-09 1.85861e-07 5.99027e-06 0.000113841 0.00127577 0.00843352 0.0329416 0.0766845 0.110939 0.117924 0.128771 0.150237 0.146511 0.113313 0.0699979 0.031573 0.00934667 0.00172152 0.000195716 1.40473e-05 6.6664e-07 2.20989e-08 5.28595e-10 9.05659e-12 1.08012e-13
 4.84866e-09 2.51798e-07 7.71027e-06 0.000139213 0.00148222 0.00930904 0.0345437 0.0763684 0.104761 0.105277 0.110425 0.132261 0.145268 0.132478 0.0911283 0.0420366 0.0121256 0.00213999 0.000232882 1.60891e-05 7.37445e-07 2.33496e-08 5.17079e-10 7.87915e-12 8.0845e-14
 8.2541e-09 4.06936e-07 1.18296e-05 0.000202772 0.00204962 0.0122212 0.0430651 0.0905048 0.118565 0.115382 0.118144 0.134431 0.136559 0.114357 0.0728536 0.0314693 0.00857563 0.00144381 0.000152062 1.03724e-05 4.78543e-07 1.53443e-08 3.40103e-10 5.08385e-12 5.01655e-14
 1.24852e-08 5.83956e-07 1.61047e-05 0.000261892 0.00251145 0.0142088 0.047534 0.0951014 0.120081 0.116974 0.123324 0.138876 0.135305 0.107485 0.0644911 0.026084 0.00661449 0.00102607 9.791e-05 5.90979e-06 2.36317e-07 6.57305e-09 1.30091e-10 1.8066e-12 1.70772e-14
 1.8819e-08 8.3454e-07 2.18216e-05 0.000336452 0.00305918 0.0164122 0.0520926 0.0991431 0.120451 0.116628 0.124827 0.139616 0.13391 0.104036 0.0600311 0.0230393 0.00551309 0.000806395 7.26692e-05 4.14925e-06 1.5657e-07 4.06044e-09 7.33272e-11 9.08402e-13 7.55117e-15
 2.95691e-08 1.24261e-06 3.07906e-05 0.000449887 0.00387652 0.0197106 0.0593214 0.107286 0.124999 0.118855 0.126266 0.137826 0.128212 0.0960459 0.0528605 0.0192277 0.00436435 0.000610101 5.3324e-05 3.01536e-06 1.14856e-07 3.01713e-09 5.4291e-11 6.53439e-13 5.1559e-15
 3.43724e-08 1.36827e-06 3.21161e-05 0.000444515 0.00362879 0.0174921 0.0500695 0.0874472 0.104563 0.115602 0.142147 0.158548 0.142644 0.101782 0.0529662 0.0181707 0.00389765 0.000518175 4.35571e-05 2.40453e-06 9.06037e-08 2.36677e-09 4.22748e-11 5.03632e-13 3.92627e-15
 6.36619e-08 2.39973e-06 5.33381e-05 0.000699064 0.00540349 0.0246531 0.0666641 0.108995 0.117783 0.110907 0.121758 0.137262 0.132931 0.0998689 0.0518594 0.0171625 0.00351244 0.000446698 3.63051e-05 1.96416e-06 7.31383e-08 1.88504e-09 3.29932e-11 3.83115e-13 2.90527e-15
 8.80742e-08 3.14308e-06 6.61386e-05 0.000820681 0.00600675 0.0259702 0.0667917 0.105625 0.117457 0.125366 0.146205 0.150321 0.123968 0.0802601 0.0373361 0.0113619 0.00216332 0.000257169 1.95864e-05 9.95796e-07 3.50041e-08 8.57057e-10 1.43473e-11 1.60238e-13 1.1723e-15
 1.26821e-07 4.28409e-06 8.53333e-05 0.00100231 0.00694464 0.0284284 0.069289 0.10426 0.111927 0.118427 0.139599 0.149269 0.130508 0.0869179 0.0396239 0.0114441 0.00203159 0.000222042 1.53013e-05 6.92316e-07 2.14729e-08 4.66707e-10 7.04397e-12 7.20345e-14 4.88055e-16
 1.87509e-07 5.99539e-06 0.000113034 0.00125672 0.00824288 0.0319606 0.0739737 0.106891 0.114177 0.124519 0.145976 0.149263 0.123134 0.0770038 0.0329127 0.00891776 0.00148839 0.000153492 1.00234e-05 4.30547e-07 1.26032e-08 2.54563e-10 3.5019e-12 3.21269e-14 1.93638e-16
 2.70123e-07 8.17503e-06 0.000145887 0.00153528 0.00953301 0.0350128 0.0769741 0.106889 0.113564 0.126821 0.14863 0.149475 0.120507 0.0725566 0.0294698 0.00755493 0.00119673 0.000118211 7.49684e-06 3.16919e-07 9.16667e-09 1.81331e-10 2.40518e-12 2.09553e-14 1.18406e-16
 3.76607e-07 1.07887e-05 0.000182245 0.00181554 0.0106737 0.0371527 0.0777463 0.10462 0.112923 0.131378 0.154007 0.151212 0.117781 0.06753 0.0257997 0.00617305 0.000906688 8.2377e-05 4.75852e-06 1.81931e-07 4.77279e-09 8.68858e-11 1.08072e-12 8.96124e-15 4.85414e-17
 5.18031e-07 1.40486e-05 0.000224656 0.0021188 0.0117958 0.0389255 0.0776243 0.101592 0.111814 0.134701 0.158012 0.153196 0.11664 0.0641636 0.0231844 0.00521146 0.000717365 6.10207e-05 3.29497e-06 1.17284e-07 2.84306e-09 4.73748e-11 5.35068e-13 4.01217e-15 1.96713e-17
 6.62302e-07 1.70051e-05 0.000257467 0.00229929 0.0121265 0.0379899 0.0726073 0.0943444 0.110256 0.140897 0.166013 0.158402 0.117152 0.0615564 0.0210116 0.00444444 0.000576077 4.63075e-05 2.3753e-06 8.06473e-08 1.86326e-09 2.9389e-11 3.11106e-13 2.16559e-15 9.77623e-18
 8.46783e-07 2.05873e-05 0.000295159 0.00249627 0.0124744 0.0371165 0.0680655 0.0879093 0.107836 0.143445 0.170986 0.164112 0.120033 0.0608924 0.0197983 0.00398306 0.000494786 3.86951e-05 1.96799e-06 6.71714e-08 1.55823e-09 2.43022e-11 2.49585e-13 1.66049e-15 7.0926e-18
#pred catch len freq
 9.42056e-12 1.02251e-09 6.54406e-08 2.46953e-06 5.49506e-05 0.000721006 0.00557963 0.0254937 0.0691457 0.114327 0.129224 0.134405 0.150483 0.140287 0.095045 0.0533192 0.0299468 0.0174783 0.0106769 0.00703299 0.00508836 0.00408701 0.00345069 0.00262686 0.0015243
 7.22522e-12 7.84228e-10 5.01905e-08 1.89404e-06 4.21453e-05 0.000553001 0.00428001 0.0195675 0.0532361 0.0893374 0.107039 0.125769 0.155216 0.154137 0.115751 0.0758625 0.046269 0.0249172 0.012382 0.00630502 0.00352717 0.00227358 0.00166127 0.00118894 0.000683589
 1.04379e-11 1.13293e-09 7.25076e-08 2.73621e-06 6.08844e-05 0.000798849 0.00618142 0.0282291 0.0763708 0.124714 0.133842 0.12282 0.12455 0.118272 0.092869 0.06727 0.0464261 0.0285813 0.0154183 0.00730503 0.00320566 0.00148865 0.000820597 0.000501965 0.000271709
 7.9628e-12 8.64286e-10 5.53142e-08 2.08739e-06 4.64476e-05 0.00060945 0.00471675 0.021561 0.058614 0.0979971 0.115741 0.132063 0.158538 0.151799 0.105243 0.062121 0.0381425 0.0243444 0.0147482 0.00785688 0.00355033 0.00140202 0.000548426 0.000243704 0.000111719
 1.16994e-11 1.26985e-09 8.12704e-08 3.0669e-06 6.82424e-05 0.000895383 0.00692807 0.0316314 0.0854718 0.138743 0.14503 0.12356 0.115817 0.1079 0.0865191 0.0637878 0.0426664 0.0246908 0.0133682 0.00715918 0.00353304 0.00147906 0.000521437 0.000170136 5.69001e-05
 1.29826e-11 1.40914e-09 9.01845e-08 3.40328e-06 7.57275e-05 0.000993594 0.00768802 0.0351019 0.0948614 0.154078 0.161455 0.138166 0.127857 0.110552 0.0728261 0.0404687 0.0238087 0.015021 0.00889666 0.00462177 0.0021544 0.000912218 0.00033197 9.9973e-05 2.59561e-05
 1.38035e-11 1.49823e-09 9.58868e-08 3.61847e-06 8.05157e-05 0.00105641 0.008174 0.0373185 0.10082 0.163502 0.17014 0.142564 0.128442 0.10908 0.0697711 0.0355045 0.0171754 0.00835728 0.00416999 0.002151 0.00104007 0.000435974 0.000155748 4.63875e-05 1.11539e-05
 1.34909e-11 1.46431e-09 9.37154e-08 3.53653e-06 7.86924e-05 0.0010325 0.00798903 0.0364764 0.0985782 0.160132 0.167879 0.143816 0.132968 0.113865 0.0723031 0.0358912 0.0165594 0.00734697 0.00304294 0.00123052 0.000505512 0.000203405 7.2768e-05 2.14704e-05 5.02371e-06
 1.41796e-11 1.53905e-09 9.84993e-08 3.71706e-06 8.27094e-05 0.0010852 0.00839664 0.0383338 0.103546 0.167788 0.17397 0.144153 0.127974 0.107601 0.0678643 0.033429 0.0152121 0.0065835 0.0025868 0.000932901 0.000313722 0.000101056 3.14685e-05 8.85213e-06 2.03858e-06
 1.42469e-11 1.54637e-09 9.89673e-08 3.73472e-06 8.31023e-05 0.00109035 0.00843656 0.0385165 0.104046 0.16865 0.1751 0.14566 0.129751 0.108558 0.0669658 0.0312697 0.0132589 0.00547345 0.00209344 0.000729953 0.000228431 6.35899e-05 1.60342e-05 3.72163e-06 7.67675e-07
 1.46017e-11 1.58487e-09 1.01431e-07 3.82771e-06 8.51715e-05 0.0011175 0.00864651 0.0394728 0.1066 0.172547 0.178019 0.145231 0.126264 0.104741 0.0649679 0.0308559 0.0132555 0.00536173 0.00194068 0.000636823 0.00019 5.00193e-05 1.13584e-05 2.21516e-06 3.73838e-07
 1.55912e-11 1.69227e-09 1.08305e-07 4.0871e-06 9.09433e-05 0.00119322 0.00923222 0.0421422 0.113747 0.183622 0.187126 0.146686 0.120527 0.0965456 0.0578067 0.0255536 0.0099584 0.00380305 0.00135804 0.000438602 0.000125288 3.1063e-05 6.61383e-06 1.18351e-06 1.74266e-07
 1.53496e-11 1.66605e-09 1.06627e-07 4.02377e-06 8.9534e-05 0.00117473 0.00908924 0.0414912 0.112013 0.181003 0.185306 0.147447 0.123655 0.0997823 0.0592945 0.025471 0.00936432 0.00330379 0.00107659 0.000320759 8.7516e-05 2.10408e-05 4.28735e-06 7.21056e-07 9.8009e-08
 1.3971e-11 1.51642e-09 9.70504e-08 3.66238e-06 8.14929e-05 0.00106924 0.00827332 0.0377742 0.102082 0.165793 0.173663 0.148299 0.136057 0.114209 0.0682503 0.0290076 0.0104011 0.0035417 0.00109616 0.000302311 7.51332e-05 1.65746e-05 3.1735e-06 5.09423e-07 6.57781e-08
 1.48251e-11 1.60912e-09 1.02983e-07 3.88628e-06 8.64747e-05 0.0011346 0.00877877 0.0400758 0.108217 0.175079 0.180224 0.145975 0.125641 0.103481 0.0635198 0.0293992 0.0120092 0.00447357 0.001411 0.000379417 8.94899e-05 1.82895e-05 3.19353e-06 4.69595e-07 5.6548e-08
 1.60086e-11 1.73758e-09 1.11205e-07 4.19653e-06 9.33781e-05 0.00122517 0.0094793 0.0432683 0.116762 0.188291 0.190951 0.147255 0.11805 0.0930856 0.054889 0.0234587 0.00862755 0.00310636 0.00104591 0.000310226 7.74438e-05 1.57869e-05 2.63118e-06 3.58894e-07 3.95419e-08
 1.63682e-11 1.77662e-09 1.13703e-07 4.2908e-06 9.54758e-05 0.00125269 0.0096922 0.0442389 0.119365 0.192357 0.194457 0.148326 0.116806 0.0907177 0.052179 0.0208697 0.00672383 0.00207452 0.000615443 0.000169809 4.2879e-05 9.34738e-06 1.65218e-06 2.2803e-07 2.42329e-08
 1.7094e-11 1.85539e-09 1.18745e-07 4.48106e-06 9.97092e-05 0.00130823 0.0101218 0.0461956 0.124592 0.200348 0.200509 0.147664 0.109963 0.0829611 0.0476665 0.0194131 0.00644816 0.00199006 0.000548372 0.000131546 2.86752e-05 5.69524e-06 9.89736e-07 1.41817e-07 1.57566e-08
 1.69911e-11 1.84422e-09 1.1803e-07 4.45409e-06 9.9109e-05 0.00130035 0.0100609 0.0459187 0.123858 0.199275 0.199936 0.148543 0.112129 0.0848478 0.0479582 0.0185027 0.00551165 0.00152902 0.000404884 9.62649e-05 2.00239e-05 3.55848e-06 5.3902e-07 6.98094e-08 7.4863e-09
 1.74893e-11 1.89829e-09 1.2149e-07 4.58467e-06 0.000102015 0.00133847 0.0103557 0.0472619 0.127447 0.20478 0.204186 0.148354 0.107835 0.079783 0.0447274 0.0171079 0.0049866 0.00132004 0.000322856 6.92055e-05 1.32174e-05 2.23812e-06 3.21692e-07 3.79359e-08 3.61294e-09
 1.82002e-11 1.97545e-09 1.26429e-07 4.77102e-06 0.000106161 0.00139288 0.0107765 0.049179 0.132573 0.212657 0.21035 0.148354 0.102111 0.0727952 0.0399395 0.0146841 0.00390923 0.000913758 0.000204219 4.12171e-05 7.33039e-06 1.13127e-06 1.48101e-07 1.62098e-08 1.44187e-09
 1.84059e-11 1.99779e-09 1.27858e-07 4.82497e-06 0.000107361 0.00140862 0.0108983 0.0497338 0.134055 0.214926 0.21208 0.148205 0.100229 0.0706311 0.038634 0.0142066 0.00378082 0.000872501 0.000185974 3.42202e-05 5.43402e-06 7.61425e-07 9.1747e-08 9.1876e-09 7.44894e-10
 1.88801e-11 2.04925e-09 1.31152e-07 4.94925e-06 0.000110127 0.00144491 0.0111789 0.0510123 0.137472 0.220169 0.216141 0.148067 0.0962004 0.0658297 0.0354965 0.0127817 0.00323464 0.000690083 0.000138519 2.47239e-05 3.79111e-06 4.96341e-07 5.41251e-08 4.86506e-09 3.57253e-10
 1.93159e-11 2.09656e-09 1.34179e-07 5.06352e-06 0.000112669 0.00147826 0.0114369 0.0521876 0.140613 0.224987 0.219867 0.147921 0.092468 0.0613984 0.0326244 0.0115021 0.00275553 0.000529999 9.52192e-05 1.55339e-05 2.20053e-06 2.70963e-07 2.81823e-08 2.38901e-09 1.6123e-10
 1.93513e-11 2.1004e-09 1.34425e-07 5.07279e-06 0.000112876 0.00148097 0.0114578 0.052283 0.140867 0.225374 0.220146 0.147845 0.0920679 0.0609771 0.0324252 0.0114945 0.0027962 0.000550889 9.93278e-05 1.54674e-05 1.99309e-06 2.19651e-07 2.07213e-08 1.6237e-09 1.0284e-10
 1.991e-11 2.16103e-09 1.38306e-07 5.21923e-06 0.000116134 0.00152372 0.0117884 0.0537892 0.144892 0.231542 0.224888 0.147565 0.0871435 0.0552031 0.0287803 0.00998171 0.002298 0.000406489 6.59374e-05 9.83789e-06 1.26265e-06 1.37e-07 1.22029e-08 8.70093e-10 4.9623e-11
 2.01798e-11 2.19033e-09 1.40181e-07 5.28997e-06 0.000117708 0.00154437 0.0119481 0.0545168 0.146836 0.234519 0.227166 0.147395 0.0847118 0.0523805 0.0270385 0.00930372 0.00210047 0.000354575 5.34801e-05 7.32011e-06 8.48157e-07 8.38172e-08 7.08777e-09 4.92711e-10 2.7089e-11
 2.00084e-11 2.17172e-09 1.3899e-07 5.24505e-06 0.000116709 0.00153125 0.0118467 0.0540548 0.145602 0.232635 0.225753 0.147595 0.0863969 0.0542645 0.0281009 0.0095999 0.00211046 0.000333705 4.5818e-05 5.79941e-06 6.28294e-07 5.72984e-08 4.40604e-09 2.77705e-10 1.4077e-11
#obs catch len freq
 3.11778e-11 2.88945e-09 1.57896e-07 5.08764e-06 9.66613e-05 0.00108293 0.00715581 0.0279245 0.0647909 0.0925453 0.094742 0.0995568 0.120978 0.13531 0.131595 0.107664 0.0677253 0.0320967 0.0120212 0.00365267 0.000875692 0.000158332 2.07513e-05 1.9035e-06 1.18326e-07
 4.74711e-11 4.24324e-09 2.23641e-07 6.95015e-06 0.000127359 0.00137618 0.00877099 0.0330181 0.073959 0.102361 0.102839 0.107227 0.125965 0.131725 0.118679 0.0926518 0.0581091 0.0282577 0.0107999 0.00323945 0.00074352 0.000126519 1.54283e-05 1.30337e-06 7.40645e-08
 2.74854e-11 2.36549e-09 1.2004e-07 3.59188e-06 6.33756e-05 0.000659482 0.00405103 0.014762 0.0327311 0.0495638 0.0704555 0.11309 0.158887 0.173273 0.15682 0.117293 0.0667287 0.0284897 0.0096972 0.00271841 0.000601669 9.85487e-05 1.13827e-05 8.97396e-07 4.71096e-08
 1.99177e-18 8.75548e-16 2.26939e-13 3.4684e-11 3.12572e-09 1.66112e-07 5.20684e-06 9.63315e-05 0.0010542 0.00687047 0.0272186 0.0693215 0.12731 0.189347 0.223595 0.188223 0.107324 0.0428371 0.0129442 0.00314138 0.000610799 9.09007e-05 9.78585e-06 7.25116e-07 3.56555e-08
 1.4376e-10 1.14152e-08 5.34461e-07 1.47549e-05 0.000240191 0.00230582 0.0130621 0.0438059 0.0884554 0.116528 0.130224 0.161316 0.178904 0.137967 0.0736611 0.0321697 0.0136387 0.00541514 0.00176508 0.000435533 7.89076e-05 1.04064e-05 9.86062e-07 6.53329e-08 2.92576e-09
 2.73844e-10 2.08402e-08 9.35167e-07 2.47436e-05 0.000386038 0.00355148 0.0192716 0.0617671 0.117788 0.138698 0.11836 0.106128 0.113498 0.115863 0.10051 0.0658124 0.0287699 0.00794816 0.00141683 0.000182857 2.06507e-05 2.15499e-06 1.8023e-07 1.06679e-08 4.24188e-10
 4.74304e-10 3.45479e-08 1.48379e-06 3.75762e-05 0.000561105 0.00494072 0.0256608 0.0787248 0.143742 0.162249 0.132923 0.112806 0.108675 0.0945041 0.0695832 0.0413383 0.0177963 0.00523342 0.00105735 0.000150261 1.51264e-05 1.08327e-06 5.7077e-08 2.3166e-09 7.18971e-11
 6.25239e-10 4.35333e-08 1.78725e-06 4.3265e-05 0.000617566 0.00519828 0.0258137 0.0757905 0.133085 0.147825 0.128436 0.122934 0.123221 0.103983 0.0724185 0.0400131 0.0157018 0.00409897 0.000719744 9.01322e-05 8.47105e-06 5.94248e-07 2.97111e-08 1.01654e-09 2.34185e-11
 9.61301e-10 6.39038e-08 2.50485e-06 5.78928e-05 0.000788973 0.0063406 0.0300615 0.0842664 0.141246 0.149642 0.123859 0.11413 0.11406 0.100283 0.0735168 0.0412079 0.0158192 0.00397031 0.000662871 7.73811e-05 6.58204e-06 4.09817e-07 1.8296e-08 5.7167e-10 1.22035e-11
 1.31685e-09 8.34848e-08 3.1208e-06 6.87882e-05 0.000894049 0.00685265 0.0309938 0.0829841 0.133694 0.139998 0.123481 0.124253 0.124489 0.104281 0.0719847 0.0381184 0.0139305 0.003361 0.000545412 6.22786e-05 5.14575e-06 3.04931e-07 1.26299e-08 3.57983e-10 6.84095e-12
 1.88447e-09 1.13818e-07 4.05338e-06 8.51166e-05 0.00105393 0.00769614 0.0331671 0.0846715 0.130492 0.132586 0.117636 0.121496 0.125266 0.109993 0.0782641 0.040495 0.0137346 0.00292666 0.000395387 3.55442e-05 2.28538e-06 1.10828e-07 4.02872e-09 1.04761e-10 1.86022e-12
 2.83119e-09 1.62747e-07 5.51623e-06 0.000110246 0.00129924 0.00903004 0.0370461 0.0901089 0.132877 0.131453 0.117818 0.123032 0.124929 0.107217 0.0738889 0.0366079 0.0118318 0.0024057 0.000310993 2.66001e-05 1.57914e-06 6.68178e-08 2.00537e-09 4.2017e-11 6.08236e-13
 5.12072e-09 2.79899e-07 9.02107e-06 0.000171437 0.00192112 0.0126959 0.0495163 0.114393 0.159465 0.146185 0.116438 0.109141 0.10531 0.0880812 0.0587366 0.0277066 0.00842638 0.00159724 0.000190371 1.48186e-05 7.93611e-07 3.0342e-08 8.27446e-10 1.56813e-11 2.0122e-13
 5.64016e-09 2.92901e-07 8.9689e-06 0.000161939 0.00172419 0.0108291 0.0401908 0.088925 0.122425 0.124269 0.129994 0.145361 0.136765 0.102776 0.0613384 0.0263981 0.00739873 0.00128713 0.000138312 9.40725e-06 4.24466e-07 1.34022e-08 3.04819e-10 4.94534e-12 5.56131e-14
 8.20401e-09 4.04466e-07 1.17578e-05 0.000201542 0.00203716 0.0121464 0.042791 0.0898216 0.11702 0.111751 0.111689 0.128588 0.137107 0.121112 0.0796817 0.0348146 0.00947518 0.00157718 0.000162131 1.06097e-05 4.61813e-07 1.38912e-08 2.91513e-10 4.19448e-12 4.05219e-14
 1.40278e-08 6.56105e-07 1.80944e-05 0.000294246 0.00282164 0.0159615 0.0533588 0.106372 0.132091 0.121512 0.1175 0.127689 0.125541 0.101769 0.0620248 0.0253771 0.00652449 0.00103626 0.000103165 6.67115e-06 2.92297e-07 8.89071e-09 1.86297e-10 2.62349e-12 2.43264e-14
 2.13807e-08 9.48136e-07 2.47919e-05 0.000382247 0.00347547 0.0186427 0.0591284 0.11212 0.133951 0.122787 0.121574 0.130407 0.122792 0.0942802 0.0540353 0.0206719 0.00493787 0.000721124 6.48767e-05 3.70256e-06 1.40435e-07 3.70983e-09 6.9586e-11 9.12121e-13 8.10657e-15
 3.24072e-08 1.36187e-06 3.37459e-05 0.000493064 0.00424844 0.0215987 0.0649584 0.117081 0.134349 0.121913 0.122114 0.130062 0.120528 0.090308 0.0496542 0.0179967 0.00405269 0.000557708 4.73583e-05 2.55486e-06 9.13226e-08 2.2446e-09 3.833e-11 4.47475e-13 3.49514e-15
 5.10337e-08 2.0315e-06 4.76832e-05 0.000659955 0.0053866 0.0259432 0.0739464 0.12655 0.138963 0.1232 0.121912 0.126557 0.113649 0.0819542 0.0429074 0.0147263 0.00314506 0.000413812 3.41141e-05 1.82456e-06 6.58347e-08 1.63623e-09 2.77657e-11 3.14126e-13 2.32443e-15
 6.09751e-08 2.29846e-06 5.10872e-05 0.000669574 0.00517596 0.0236243 0.0640053 0.105604 0.118359 0.120964 0.138498 0.147148 0.127734 0.0876135 0.0433231 0.0140154 0.00282824 0.000353996 2.8084e-05 1.46722e-06 5.23684e-08 1.29319e-09 2.17587e-11 2.43408e-13 1.77775e-15
 1.12569e-07 4.01722e-06 8.45322e-05 0.00104887 0.00767529 0.0331491 0.0848184 0.130943 0.132412 0.114398 0.115812 0.124282 0.115905 0.0831655 0.0408267 0.0127119 0.00244593 0.000292927 2.2483e-05 1.15147e-06 4.05895e-08 9.87657e-10 1.62626e-11 1.77147e-13 1.25748e-15
 1.57659e-07 5.32579e-06 0.000106082 0.001246 0.00863227 0.0353207 0.0858965 0.127916 0.131896 0.127626 0.136943 0.133631 0.106041 0.0657665 0.0289965 0.00831012 0.00148777 0.000166516 1.19734e-05 5.76158e-07 1.91711e-08 4.43135e-10 6.97775e-12 7.30787e-14 5.00158e-16
 2.30941e-07 7.3841e-06 0.000139215 0.00154773 0.0101496 0.0393145 0.0905626 0.128068 0.126616 0.120162 0.129938 0.132143 0.110952 0.0703854 0.0302789 0.00821581 0.00136911 0.000140645 9.13349e-06 3.90565e-07 1.14636e-08 2.35397e-10 3.34494e-12 3.20942e-14 2.03457e-16
 3.42569e-07 1.03675e-05 0.00018501 0.00194691 0.012086 0.044337 0.0969277 0.131278 0.128136 0.124483 0.133915 0.130216 0.103048 0.0613275 0.0247236 0.00629234 0.000985827 9.55614e-05 5.88007e-06 2.38545e-07 6.59779e-09 1.25656e-10 1.6247e-12 1.39708e-14 7.87629e-17
 5.02043e-07 1.43821e-05 0.00024294 0.00241999 0.0142218 0.0494114 0.102505 0.132841 0.127363 0.125109 0.134216 0.1283 0.0990183 0.0566084 0.0216616 0.00521508 0.00077576 7.20843e-05 4.31099e-06 1.72134e-07 4.6993e-09 8.74945e-11 1.08888e-12 8.87965e-15 4.68766e-17
 7.10554e-07 1.92695e-05 0.000308139 0.00290584 0.0161693 0.0532295 0.104971 0.131089 0.125989 0.128036 0.137664 0.128509 0.0956403 0.051964 0.0186809 0.00419411 0.000578002 4.93499e-05 2.68558e-06 9.69426e-08 2.40166e-09 4.11923e-11 4.81095e-13 3.7344e-15 1.88918e-17
 9.94385e-07 2.55314e-05 0.000386545 0.00345138 0.0181868 0.0567444 0.106454 0.128395 0.124044 0.129886 0.140132 0.129194 0.0937724 0.0487789 0.0165669 0.00349264 0.000450976 3.60388e-05 1.8323e-06 6.15233e-08 1.40678e-09 2.2063e-11 2.33821e-13 1.64087e-15 7.51386e-18
 1.29806e-06 3.15586e-05 0.000452431 0.0038255 0.0190962 0.0565334 0.101355 0.120127 0.121478 0.135456 0.147793 0.134193 0.09443 0.0468409 0.0150173 0.00297869 0.0003622 2.7358e-05 1.32142e-06 4.23077e-08 9.21212e-10 1.366e-11 1.35541e-13 8.82263e-16 3.71751e-18
#spawning biomass
 21550.8 23831.1 21980 22735.1 35340.9 49312.3 65272 90789.3 113895 135814 176622 192035 225032 214579 226185 216795 204921 247865 250215 237688 207836 221812 215312 204450 229659 216365 221717 236683 379360 690636 742906 696649 601191 493288 393539 310500 245671 197178 161976 136969 119486 107406 99080.3 93325 89506.5 86973 85292.1 84176.9 83437 82946.1 82620.4 82404.3 82260.9 82165.8 82102.7 82060.8 82033 82014.6 82002.4 81994.2 81988.9 81985.3 81982.9 81981.3 81980.3 81979.6 81979.1 81978.8 81978.6 81978.5 81978.4 81978.4 81978.3 81978.3 81978.3 81978.3 81978.3 81978.3 81978.2 81978.2 81978.2 81978.2 81978.2 81978.2 81978.2 81978.2 81978.2 81978.2 81978.2 81978.2 81978.2 81978.2 81978.2 81978.2 81978.2 81978.2 81978.2 81978.2 81978.2 81978.2 81978.2 81978.2 81978.2 81978.2 81978.2 81978.2 81978.2 81978.2 81978.2 81978.2 81978.2 81978.2 81978.2 81978.2 81978.2 81978.2 81978.2 81978.2 81978.2 81978.2 81978.2 81978.2 81978.2 81978.2 81978.2 81978.2 81978.2 81978.2 0 0 0 0 0 0 0 0 0 0 0 0 0 0 0 0 0 0 0 0 0 0 0 0 0
