SBPRF35
0.178135
Curr Bio
195041
B35
208233
F35
0.65986
FOFL
0.65986
OFL
101301
Bzero
50895.7
#pred survey bio
 8769.96 8693.5 11435.6 12920.3 20663 32370.4 32830.7 36868.7 49466.3 62753.9 78153.1 101722 132225 151035 139912 125169 133755 123155 110901 110473 119410 124480 138639 134860 143610 151399 165225 214716 7.09678e+06 6.10124e+06 3.74611e+06 2.09938e+06 1.24394e+06 835123 641690 547154 498399 471811 456642 447718 442371 439135 437158 435943 435215 434779 434516 434358 434263 434206 434171 434150 434137 434130 434125 434122 434120 434119 434119 434118 434118 434118 434118 434118 434118 434118 434118 434118 434118 434118 434118 434118 434118 434118 434118 434118 434118 434118 434118 434118 434118 434118 434118 434118 434118 434118 434118 434118 434118 434118 434118 434118 434118 434118 434118 434118 434118 434118 434118 434118 434118 434118 434118 434118 434118 434118 434118 434118 434118 434118 434118 434118 434118 434118 434118 434118 434118 434118 434118 434118 434118 434118 434118 434118 434118 434118 434118 434118 0 0 0 0 0 0 0 0 0 0 0 0 0 0 0 0 0 0 0 0 0 0 0 0 0
#obs survey bio
 7871.7 9364.62 9791.23 15321 21745 22474.9 26139.1 45540.9 55315.8 77085.9 100556 125956 137848 133433 105561 84823.2 153168 134589 116626 84535.3 159004 156368 177717 148931 144088 114024 158805 228773
#pred catch bio
 4791.55 4393.21 6467.42 6833.68 9231.7 19514.4 21167.9 21256.2 28987.9 37499.5 46778.1 60857.8 84147 103071 97752.1 82980.3 94606.6 88638.4 78650.8 76563.9 84813.7 85473 103463 99766.3 107791 112780 113780 97917.7 101301 106755 60580.5 30022.8 15760.1 9897.14 7663.74 6855.65 6573.73 6477.94 6446.03 6435.56 6432.16 6431.06 6430.71 6430.6 6430.57 6430.56 6430.55 6430.55 6430.55 6430.55 6430.55 6430.55 6430.55 6430.55 6430.55 6430.55 6430.55 6430.55 6430.55 6430.55 6430.55 6430.55 6430.55 6430.55 6430.55 6430.55 6430.55 6430.55 6430.55 6430.55 6430.55 6430.55 6430.55 6430.55 6430.55 6430.55 6430.55 6430.55 6430.55 6430.55 6430.55 6430.55 6430.55 6430.55 6430.55 6430.55 6430.55 6430.55 6430.55 6430.55 6430.55 6430.55 6430.55 6430.55 6430.55 6430.55 6430.55 6430.55 6430.55 6430.55 6430.55 6430.55 6430.55 6430.55 6430.55 6430.55 6430.55 6430.55 6430.55 6430.55 6430.55 6430.55 6430.55 6430.55 6430.55 6430.55 6430.55 6430.55 6430.55 6430.55 6430.55 6430.55 6430.55 6430.55 6430.55 6430.55 6430.55 6430.55 0 0 0 0 0 0 0 0 0 0 0 0 0 0 0 0 0 0 0 0 0 0 0 0 0
#obs catch bio
 4480.57 4327.18 6327.55 6630.6 8932.78 19354.2 21625.6 20386.8 28521.4 35932.2 45035.4 58281.4 81569.7 100972 97554.1 83278.4 93275.4 86087.8 77527.7 75462.6 81096 81654.1 98602.7 96717.6 104378 110790 111622 97015.4
#pred cpue bio
 7439.51 6659.68 8775.69 9998.2 14909.4 24921.4 25530 27012.6 36899.4 46979.4 58299.7 75091.3 97974 112757 106440 94160.2 99211.1 92237.1 82404.6 80983.3 87270 90728.4 101256 97233.1 102424 107741 117271 152466 5.60533e+06 5.92114e+06 3.70005e+06 2.04857e+06 1.19206e+06 783134 589692 495155 446400 419812 404643 395719 390372 387136 385159 383943 383216 382780 382517 382359 382264 382206 382171 382151 382138 382130 382126 382123 382121 382120 382120 382119 382119 382119 382119 382119 382119 382119 382119 382119 382119 382119 382119 382119 382119 382119 382119 382119 382119 382119 382119 382119 382119 382119 382119 382119 382119 382119 382119 382119 382119 382119 382119 382119 382119 382119 382119 382119 382119 382119 382119 382119 382119 382119 382119 382119 382119 382119 382119 382119 382119 382119 382119 382119 382119 382119 382119 382119 382119 382119 382119 382119 382119 382119 382119 382119 382119 382119 382119 382119 0 0 0 0 0 0 0 0 0 0 0 0 0 0 0 0 0 0 0 0 0 0 0 0 0
#obs cpue bio
 5746.93 9981.49 13719.2 17110.6 24157.7 22994.1 26020.8 63685.9 32560 98636.8 78037.6 121681 131266 160154 126067 126536 129468 142645 89200.1 133694 166491 145382 166695 128260 171992 172526 173139 156632
#pred surv len freq
 2.56774e-27 2.60068e-27 4.40542e-26 8.75369e-20 2.14586e-14 6.35857e-10 2.27753e-06 0.000986085 0.0516081 0.326487 0.249875 0.03617 0.0997599 0.0922116 0.025268 0.0348151 0.0167219 0.01529 0.0106056 0.0089182 0.00761687 0.0070664 0.00753222 0.00692529 0.00214059
 2.57047e-27 2.60773e-27 4.9777e-26 9.96075e-20 2.44176e-14 7.23536e-10 2.59159e-06 0.00112206 0.0587244 0.371507 0.284298 0.039099 0.0978682 0.0900535 0.0177687 0.0179622 0.00709572 0.00465821 0.00267084 0.0019175 0.00143741 0.00119284 0.00116134 0.00108961 0.00037155
 2.56981e-27 2.60591e-27 4.8083e-26 9.60333e-20 2.35414e-14 6.97574e-10 2.49859e-06 0.0010818 0.0566173 0.358176 0.274139 0.0403527 0.114547 0.105399 0.0197348 0.0185163 0.00623459 0.00255801 0.00106984 0.00055878 0.000333175 0.000233607 0.000199143 0.000181233 6.46335e-05
 2.5694e-27 2.60481e-27 4.71205e-26 9.40031e-20 2.30437e-14 6.82826e-10 2.44577e-06 0.00105892 0.0554203 0.350604 0.26836 0.0405605 0.120189 0.110647 0.0214267 0.021048 0.00690854 0.00250416 0.000793767 0.000253861 9.8096e-05 5.06938e-05 3.50165e-05 2.90939e-05 1.04439e-05
 2.57199e-27 2.61184e-27 5.33498e-26 1.07144e-19 2.62651e-14 7.78283e-10 2.78768e-06 0.00120696 0.0631679 0.399617 0.305755 0.0386389 0.0792921 0.0729254 0.0150677 0.0160391 0.00535851 0.00207602 0.000630434 0.000164315 3.75631e-05 1.09873e-05 5.13036e-06 3.54124e-06 1.23176e-06
 2.56951e-27 2.60503e-27 4.7256e-26 9.42887e-20 2.31137e-14 6.84901e-10 2.4532e-06 0.00106214 0.0555887 0.351669 0.269181 0.041043 0.123283 0.113375 0.0195901 0.016181 0.00556394 0.00243428 0.000768854 0.000207797 4.04725e-05 6.82687e-06 1.53371e-06 7.13829e-07 2.27406e-07
 2.56917e-27 2.60417e-27 4.65522e-26 9.28042e-20 2.27498e-14 6.74118e-10 2.41458e-06 0.00104542 0.0547135 0.346133 0.264948 0.0407414 0.123962 0.114139 0.0222406 0.0220105 0.00697614 0.00214153 0.000689905 0.000206801 4.22086e-05 6.23041e-06 7.06509e-07 1.4282e-07 3.63523e-08
 2.57141e-27 2.61024e-27 5.19006e-26 1.04087e-19 2.55156e-14 7.56074e-10 2.70813e-06 0.00117252 0.0613653 0.388214 0.297059 0.0393598 0.0908879 0.083562 0.0157938 0.0150134 0.0049861 0.00189099 0.000538123 0.000123444 2.68814e-05 4.23971e-06 4.00273e-07 3.10844e-08 4.24053e-09
 2.57068e-27 2.6082e-27 5.00445e-26 1.00171e-19 2.45557e-14 7.2763e-10 2.60625e-06 0.00112841 0.0590567 0.373609 0.285923 0.0403585 0.106311 0.0976939 0.0164711 0.0129932 0.0042616 0.0015602 0.000480548 0.000124793 2.1625e-05 3.18993e-06 3.18414e-07 1.69662e-08 8.14645e-10
 2.57059e-27 2.60798e-27 4.9873e-26 9.98095e-20 2.44671e-14 7.25003e-10 2.59684e-06 0.00112433 0.0588435 0.37226 0.28489 0.0401789 0.105671 0.097166 0.0175235 0.0155158 0.00486362 0.00141108 0.000416887 0.000108123 2.10966e-05 2.8211e-06 2.48386e-07 1.29814e-08 3.27661e-10
 2.57072e-27 2.60833e-27 5.01828e-26 1.00463e-19 2.46273e-14 7.2975e-10 2.61384e-06 0.00113169 0.0592288 0.374697 0.28675 0.0401068 0.103816 0.0954441 0.0170425 0.0148599 0.00478272 0.00158685 0.000437635 9.31891e-05 1.75598e-05 2.52005e-06 2.1324e-07 9.85956e-09 2.15002e-10
 2.57108e-27 2.60931e-27 5.10426e-26 1.02277e-19 2.50719e-14 7.42926e-10 2.66104e-06 0.00115213 0.0602982 0.381463 0.291912 0.0398968 0.09859 0.0906121 0.0160074 0.0137128 0.00439392 0.00143228 0.000413299 9.56986e-05 1.55186e-05 1.99716e-06 1.7531e-07 7.8661e-09 1.52716e-10
 2.57092e-27 2.60887e-27 5.06405e-26 1.01428e-19 2.4864e-14 7.36764e-10 2.63896e-06 0.00114257 0.059798 0.378299 0.2895 0.0401275 0.102041 0.0937719 0.0161202 0.0131725 0.00419864 0.00133775 0.000382361 8.85836e-05 1.54605e-05 1.87283e-06 1.43748e-07 6.47279e-09 1.21508e-10
 2.57063e-27 2.60807e-27 4.99244e-26 9.99178e-20 2.44936e-14 7.2579e-10 2.59966e-06 0.00112555 0.0589074 0.372664 0.285202 0.0404211 0.107294 0.0986038 0.0166864 0.013244 0.0041653 0.00123967 0.000348533 7.90071e-05 1.36995e-05 1.73313e-06 1.29694e-07 5.18515e-09 9.51824e-11
 2.5699e-27 2.60605e-27 4.81283e-26 9.61288e-20 2.35648e-14 6.98267e-10 2.50108e-06 0.00108287 0.0566735 0.358532 0.274422 0.041063 0.119754 0.110078 0.0183054 0.0140458 0.00437704 0.00123963 0.00033823 7.21735e-05 1.22008e-05 1.52446e-06 1.17157e-07 4.58236e-09 7.63132e-11
 2.57036e-27 2.60734e-27 4.92878e-26 9.85749e-20 2.41644e-14 7.16036e-10 2.56472e-06 0.00111043 0.0581157 0.367656 0.28138 0.0405421 0.110901 0.101952 0.0176371 0.0145658 0.00451145 0.00122204 0.000326203 6.62363e-05 1.06021e-05 1.26612e-06 9.57597e-08 3.80318e-09 6.17803e-11
 2.57088e-27 2.60876e-27 5.05399e-26 1.01216e-19 2.48119e-14 7.35222e-10 2.63344e-06 0.00114018 0.0596729 0.377507 0.288896 0.0401597 0.10271 0.094392 0.0162741 0.0133645 0.00421062 0.00125794 0.000335546 6.53394e-05 1.0021e-05 1.12719e-06 8.06841e-08 3.14056e-09 5.13316e-11
 2.57046e-27 2.60757e-27 4.94517e-26 9.89204e-20 2.42492e-14 7.18546e-10 2.57371e-06 0.00111432 0.0583194 0.368944 0.282368 0.0408158 0.112289 0.103155 0.0164385 0.0115304 0.00360722 0.00105452 0.000289314 6.08623e-05 9.16282e-06 9.81372e-07 6.59123e-08 2.42016e-09 3.86369e-11
 2.57076e-27 2.6084e-27 5.01955e-26 1.0049e-19 2.46338e-14 7.29944e-10 2.61454e-06 0.00113199 0.0592445 0.374797 0.286832 0.0405006 0.106754 0.0980739 0.0160281 0.0118667 0.00360581 0.000873724 0.000231755 4.83108e-05 7.70576e-06 8.46635e-07 5.42257e-08 1.86365e-09 2.80635e-11
 2.57123e-27 2.60967e-27 5.13181e-26 1.02858e-19 2.52143e-14 7.47146e-10 2.67615e-06 0.00115867 0.0606407 0.38363 0.293572 0.0401806 0.0995841 0.0914523 0.014763 0.0106502 0.00326639 0.000842602 0.000213403 3.78389e-05 5.82775e-06 6.60387e-07 4.39936e-08 1.45724e-09 2.0545e-11
 2.57132e-27 2.60991e-27 5.15208e-26 1.03285e-19 2.53192e-14 7.50252e-10 2.68728e-06 0.00116349 0.0608928 0.385224 0.294789 0.0401744 0.0986818 0.0906072 0.0143893 0.0100097 0.00305598 0.000769388 0.000197672 3.63739e-05 5.01763e-06 5.13239e-07 3.45871e-08 1.18626e-09 1.62746e-11
 2.5714e-27 2.6101e-27 5.16854e-26 1.03633e-19 2.54043e-14 7.52775e-10 2.69631e-06 0.0011674 0.0610975 0.386519 0.295778 0.0401919 0.0981193 0.0900734 0.014027 0.0093162 0.00282192 0.000677367 0.000171533 3.10626e-05 4.39828e-06 4.2838e-07 2.5617e-08 8.68131e-10 1.22232e-11
 2.57134e-27 2.60995e-27 5.15574e-26 1.03363e-19 2.53381e-14 7.50812e-10 2.68928e-06 0.00116436 0.0609383 0.385512 0.295009 0.0401784 0.0985577 0.0904912 0.0143401 0.00992404 0.00299049 0.000687172 0.000170583 2.95984e-05 4.10903e-06 4.02235e-07 2.33724e-08 7.12569e-10 9.74021e-12
 2.57173e-27 2.611e-27 5.24695e-26 1.05287e-19 2.58098e-14 7.64789e-10 2.73935e-06 0.00118603 0.0620727 0.392689 0.300487 0.0400387 0.0936459 0.0859264 0.012948 0.00789857 0.00238157 0.00055998 0.000137896 2.2922e-05 3.06713e-06 2.90166e-07 1.675e-08 4.96504e-10 6.21233e-12
 2.57206e-27 2.6119e-27 5.32634e-26 1.06961e-19 2.62203e-14 7.76954e-10 2.78292e-06 0.0012049 0.06306 0.398935 0.305253 0.0398194 0.0886289 0.0812939 0.0120773 0.00707648 0.0020946 0.000430235 0.000104107 1.75875e-05 2.29568e-06 2.07555e-07 1.15149e-08 3.35888e-10 4.07505e-12
 2.57211e-27 2.61202e-27 5.33641e-26 1.07174e-19 2.62724e-14 7.78497e-10 2.78845e-06 0.00120729 0.0631853 0.399727 0.305858 0.039867 0.0885648 0.0812167 0.0117361 0.00631719 0.00185574 0.000363101 8.41872e-05 1.26573e-05 1.63273e-06 1.46608e-07 7.77882e-09 2.17365e-10 2.57678e-12
 2.57219e-27 2.61225e-27 5.35648e-26 1.07597e-19 2.63762e-14 7.81573e-10 2.79946e-06 0.00121206 0.0634349 0.401306 0.307063 0.0397903 0.0871352 0.0799021 0.0115887 0.00631081 0.00183745 0.000330261 7.44174e-05 1.06184e-05 1.25712e-06 1.05007e-07 5.5146e-09 1.48285e-10 1.68229e-12
 2.5722e-27 2.61229e-27 5.36175e-26 1.07709e-19 2.64034e-14 7.82381e-10 2.80236e-06 0.00121331 0.0635005 0.401721 0.307378 0.0396628 0.0859438 0.0788293 0.0118814 0.00724867 0.00212344 0.000393901 8.78196e-05 1.16053e-05 1.30948e-06 1.01003e-07 4.85069e-09 1.26614e-10 1.38833e-12
#obs surv len freq
 1.76945e-41 2.45588e-33 4.12024e-26 8.35577e-20 2.04832e-14 6.06954e-10 2.17401e-06 0.000941272 0.0492624 0.311648 0.238706 0.044043 0.15178 0.128559 0.0360306 0.0275775 0.00830615 0.00258526 0.000498034 5.72702e-05 2.8657e-06 4.55127e-08 1.71526e-10 1.23744e-13 1.47943e-17
 2.18131e-41 3.02752e-33 5.07929e-26 1.03007e-19 2.5251e-14 7.48232e-10 2.68005e-06 0.00116037 0.060729 0.384189 0.294068 0.0419966 0.0966227 0.0773186 0.0219744 0.0157879 0.00456459 0.00132688 0.000234477 2.3525e-05 9.74203e-07 1.21476e-08 3.44294e-11 1.81258e-14 1.55222e-18
 1.72472e-41 2.3938e-33 4.0161e-26 8.14456e-20 1.99654e-14 5.91612e-10 2.11906e-06 0.000917479 0.0480172 0.303771 0.232885 0.0512346 0.181745 0.135733 0.0265112 0.0140598 0.00388982 0.00104905 0.000168395 1.46547e-05 4.98325e-07 4.84642e-09 1.03163e-11 3.97435e-15 2.44807e-19
 2.09105e-41 2.90224e-33 4.86911e-26 9.87446e-20 2.42061e-14 7.1727e-10 2.56914e-06 0.00111235 0.058216 0.368292 0.282054 0.0458301 0.113412 0.0813317 0.0279358 0.0177194 0.00334351 0.000650834 9.29468e-05 6.93833e-06 1.92262e-07 1.45071e-09 2.31156e-12 6.51519e-16 2.89346e-20
 2.37219e-41 3.29245e-33 5.52376e-26 1.12021e-19 2.74606e-14 8.13707e-10 2.91457e-06 0.00126191 0.0660431 0.417808 0.319835 0.0442834 0.0790142 0.0520237 0.011593 0.00603784 0.00171812 0.000344943 3.19384e-05 1.84691e-06 4.11005e-08 2.39204e-10 2.84551e-13 5.86045e-17 1.87672e-21
 1.32106e-41 1.83354e-33 3.07615e-26 6.23837e-20 1.52926e-14 4.53149e-10 1.6231e-06 0.000702748 0.0367791 0.232678 0.179261 0.0712105 0.27214 0.166313 0.0278188 0.0106476 0.00201319 0.000390354 4.18864e-05 1.71468e-06 2.64954e-08 1.15502e-10 1.02053e-13 1.53391e-17 3.54138e-22
 2.2139e-41 3.07275e-33 5.15518e-26 1.04546e-19 2.56282e-14 7.59411e-10 2.72009e-06 0.0011777 0.0616363 0.38993 0.298685 0.0467759 0.0890567 0.0565551 0.0353047 0.018111 0.00244355 0.000295454 2.46979e-05 9.92735e-07 1.1547e-08 3.3591e-11 2.08921e-14 2.26392e-18 3.76041e-23
 1.98656e-41 2.75722e-33 4.62581e-26 9.38105e-20 2.29965e-14 6.8143e-10 2.44077e-06 0.00105677 0.0553071 0.349891 0.26859 0.0610121 0.155183 0.0826363 0.015918 0.00732841 0.00267584 0.000378973 1.9182e-05 5.27812e-07 5.14929e-09 1.14323e-11 4.80429e-15 3.50977e-19 4.05595e-24
 2.03119e-41 2.81915e-33 4.72972e-26 9.59177e-20 2.35131e-14 6.96736e-10 2.49559e-06 0.00108051 0.0565494 0.357751 0.274678 0.0613638 0.14266 0.0733124 0.0226527 0.00841249 0.00127525 0.000242152 1.88299e-05 3.72849e-07 2.28881e-09 3.7629e-12 1.19403e-15 6.15008e-20 4.79654e-25
 1.98269e-41 2.75184e-33 4.61678e-26 9.36274e-20 2.29516e-14 6.80099e-10 2.43601e-06 0.00105471 0.0551991 0.349211 0.268448 0.0669904 0.154141 0.0736294 0.0217952 0.00791428 0.00144315 0.000160664 1.05824e-05 2.65827e-07 1.38134e-09 1.45467e-12 3.09292e-16 1.14733e-20 6.47442e-26
 2.10039e-41 2.9152e-33 4.89086e-26 9.91857e-20 2.43142e-14 7.20474e-10 2.58062e-06 0.00111732 0.0584761 0.369942 0.28433 0.0658271 0.13303 0.0600851 0.0194991 0.0064577 0.00110448 0.000122643 5.90573e-06 1.10719e-07 5.77899e-10 5.48613e-13 8.32876e-17 2.01721e-21 7.63188e-27
 2.04632e-41 2.84016e-33 4.76496e-26 9.66325e-20 2.36883e-14 7.01928e-10 2.51419e-06 0.00108856 0.0569708 0.360422 0.277492 0.0731263 0.146516 0.0607835 0.0173698 0.00524629 0.000889745 8.87419e-05 3.81714e-06 5.39224e-08 2.00969e-10 1.59672e-13 2.12253e-17 4.10929e-22 1.11001e-27
 2.00303e-41 2.78007e-33 4.66415e-26 9.45879e-20 2.31871e-14 6.87077e-10 2.461e-06 0.00106553 0.0557654 0.3528 0.272129 0.079408 0.153457 0.0606118 0.0189262 0.00504148 0.000725526 6.50839e-05 2.44789e-06 2.85044e-08 7.96051e-11 4.4403e-14 4.35889e-18 6.69826e-23 1.46394e-28
 1.8726e-41 2.59904e-33 4.36043e-26 8.84287e-20 2.16772e-14 6.42336e-10 2.30074e-06 0.000996143 0.0521342 0.329833 0.255421 0.091254 0.175073 0.0663499 0.0224213 0.00566755 0.000786969 5.82888e-05 1.80464e-06 1.72571e-08 3.7862e-11 1.57232e-14 1.09315e-18 1.17576e-23 1.84922e-29
 1.68542e-41 2.33925e-33 3.92458e-26 7.95897e-20 1.95105e-14 5.78131e-10 2.07077e-06 0.000896573 0.0469231 0.296876 0.231435 0.106584 0.201757 0.0766279 0.030389 0.00741495 0.00102365 6.8812e-05 1.73555e-06 1.28253e-08 2.17564e-11 6.87454e-15 3.54159e-19 2.74505e-24 3.04097e-30
 1.90176e-41 2.63952e-33 4.42835e-26 8.98059e-20 2.20149e-14 6.52341e-10 2.33658e-06 0.00101166 0.0529462 0.33498 0.260242 0.0957763 0.155728 0.0619617 0.0289662 0.00726663 0.00105086 6.6269e-05 1.45042e-06 8.45552e-09 1.07053e-11 2.50201e-15 9.53469e-20 5.42974e-25 4.36967e-31
 1.85109e-41 2.56919e-33 4.31035e-26 8.7413e-20 2.14283e-14 6.34959e-10 2.27432e-06 0.000984702 0.0515354 0.326068 0.254753 0.109911 0.170214 0.0581118 0.021733 0.0057374 0.000891948 5.56994e-05 1.09847e-06 5.29837e-09 5.17911e-12 8.91779e-16 2.4565e-20 1.00913e-25 5.86953e-32
 1.84053e-41 2.55453e-33 4.28576e-26 8.69143e-20 2.1306e-14 6.31337e-10 2.26135e-06 0.000979085 0.0512414 0.324221 0.254358 0.116651 0.167729 0.0578184 0.0217683 0.00456243 0.00062982 3.95062e-05 7.27304e-07 3.01261e-09 2.36212e-12 3.10735e-16 6.31592e-21 1.87266e-26 7.77784e-33
 1.86523e-41 2.58882e-33 4.34328e-26 8.80808e-20 2.1592e-14 6.3981e-10 2.2917e-06 0.000992225 0.0519292 0.328586 0.258675 0.121213 0.159893 0.054185 0.0200038 0.00403028 0.000466472 2.39427e-05 3.95707e-07 1.43644e-09 9.30947e-13 9.65381e-17 1.49386e-21 3.28841e-27 9.95515e-34
 1.9381e-41 2.68996e-33 4.51297e-26 9.15221e-20 2.24356e-14 6.64806e-10 2.38123e-06 0.00103099 0.053958 0.341436 0.269219 0.121551 0.144882 0.0477031 0.0166863 0.0031817 0.000336254 1.41084e-05 1.8161e-07 5.375e-10 2.86898e-13 2.38916e-17 2.88234e-22 4.82803e-28 1.09156e-34
 1.93369e-41 2.68383e-33 4.50269e-26 9.13136e-20 2.23845e-14 6.63293e-10 2.37581e-06 0.00102864 0.0538352 0.340686 0.270294 0.130175 0.143363 0.0440689 0.0138784 0.00243052 0.000230331 8.25881e-06 8.33483e-08 1.84903e-10 7.50467e-14 4.85016e-18 4.55099e-23 5.86872e-29 1.00759e-35
 1.98037e-41 2.74862e-33 4.61138e-26 9.35179e-20 2.29248e-14 6.79304e-10 2.43316e-06 0.00105347 0.0551348 0.348933 0.27771 0.131568 0.131908 0.0400307 0.0117228 0.00178738 0.000145131 4.37205e-06 3.54048e-08 5.97118e-11 1.77752e-14 8.37922e-19 5.79984e-24 5.58302e-30 7.19572e-37
 1.91605e-41 2.65936e-33 4.46162e-26 9.04809e-20 2.21803e-14 6.57243e-10 2.35414e-06 0.00101926 0.0533443 0.337662 0.272033 0.146673 0.137808 0.0394168 0.0104869 0.00145279 9.8806e-05 2.38829e-06 1.52348e-08 1.97288e-11 4.38112e-15 1.50427e-19 7.48387e-25 5.16575e-31 4.79609e-38
 1.95827e-41 2.71795e-33 4.55993e-26 9.24745e-20 2.2669e-14 6.71725e-10 2.40601e-06 0.00104172 0.0545198 0.345138 0.279041 0.145824 0.125722 0.0378269 0.00963792 0.00117592 6.77204e-05 1.30486e-06 6.34519e-09 6.17706e-12 1.02155e-15 2.58152e-20 9.3374e-26 4.63667e-32 3.07419e-39
 1.94072e-41 2.6936e-33 4.51906e-26 9.16457e-20 2.24659e-14 6.65705e-10 2.38445e-06 0.00103238 0.0540315 0.342124 0.279696 0.15538 0.12368 0.0348145 0.00823413 0.000956815 4.68714e-05 7.18407e-07 2.66021e-09 1.91287e-12 2.30912e-16 4.24644e-21 1.11514e-26 4.00593e-33 1.91282e-40
 1.87567e-41 2.6033e-33 4.36758e-26 8.85736e-20 2.17128e-14 6.4339e-10 2.30452e-06 0.000997776 0.0522206 0.33078 0.275209 0.169447 0.126995 0.0357883 0.00772859 0.000796181 3.41743e-05 4.27323e-07 1.20808e-09 6.4241e-13 5.63131e-17 7.44573e-22 1.40084e-27 3.60399e-34 1.23293e-41
 1.79216e-41 2.4874e-33 4.17314e-26 8.46304e-20 2.07461e-14 6.14746e-10 2.20192e-06 0.000953356 0.0498963 0.316228 0.269151 0.184575 0.13172 0.0387359 0.00797132 0.0007398 2.6651e-05 2.71661e-07 6.00837e-10 2.39222e-13 1.5293e-17 1.4556e-22 1.95737e-28 3.58445e-35 8.71137e-43
 1.83206e-41 2.54277e-33 4.26603e-26 8.65142e-20 2.12079e-14 6.2843e-10 2.25093e-06 0.000974577 0.0510074 0.323372 0.276832 0.18161 0.121222 0.0369593 0.00736152 0.000639468 1.96509e-05 1.60054e-07 2.73959e-10 8.26991e-14 3.921e-18 2.71595e-23 2.62501e-29 3.43091e-36 5.92792e-44
#pred catch len freq
 2.56574e-27 2.59537e-27 3.94878e-26 7.79041e-20 1.90972e-14 5.65886e-10 2.02691e-06 0.000877573 0.045929 0.29056 0.222444 0.0363228 0.120195 0.111179 0.030533 0.04213 0.020203 0.018434 0.012778 0.0107415 0.00917317 0.00851002 0.00907098 0.00834004 0.00257789
 2.56875e-27 2.60308e-27 4.57003e-26 9.10074e-20 2.23094e-14 6.61067e-10 2.36783e-06 0.00102518 0.0536542 0.339431 0.25982 0.0400099 0.121998 0.112349 0.0222142 0.0225148 0.00888428 0.00581805 0.00333366 0.00239246 0.00179326 0.00148811 0.0014488 0.00135932 0.000463518
 2.56824e-27 2.60164e-27 4.43168e-26 8.80883e-20 2.15938e-14 6.39862e-10 2.29188e-06 0.000992296 0.0519332 0.328544 0.251528 0.0413859 0.138295 0.127327 0.0238416 0.0223707 0.0075265 0.00307879 0.00128674 0.000671742 0.000400477 0.000280788 0.000239362 0.000217835 7.7687e-05
 2.56763e-27 2.60001e-27 4.28912e-26 8.50809e-20 2.08566e-14 6.18017e-10 2.21363e-06 0.000958419 0.0501602 0.317327 0.242968 0.0416994 0.146695 0.135131 0.026204 0.0257874 0.0084588 0.00305729 0.000968524 0.000309572 0.000119605 6.18063e-05 4.26921e-05 3.54713e-05 1.27332e-05
 2.57038e-27 2.60751e-27 4.95438e-26 9.91153e-20 2.42969e-14 7.19961e-10 2.57878e-06 0.00111651 0.0584343 0.369671 0.282904 0.039585 0.102547 0.0944239 0.0195826 0.0209337 0.00698962 0.00270095 0.000819794 0.000213549 4.88101e-05 1.42762e-05 6.66599e-06 4.6012e-06 1.60045e-06
 2.56805e-27 2.60106e-27 4.3748e-26 8.68882e-20 2.12996e-14 6.31145e-10 2.26065e-06 0.000978777 0.0512257 0.324068 0.248122 0.042097 0.1461 0.134424 0.0232041 0.0191319 0.00657251 0.00286668 0.000904923 0.000244431 4.76002e-05 8.02861e-06 1.80366e-06 8.39469e-07 2.67432e-07
 2.56784e-27 2.60058e-27 4.33831e-26 8.61186e-20 2.11109e-14 6.25555e-10 2.24063e-06 0.000970108 0.0507719 0.321197 0.245922 0.0416213 0.144026 0.132668 0.0257842 0.0254306 0.00805458 0.00246413 0.000793241 0.000237642 4.84961e-05 7.15806e-06 8.11686e-07 1.64081e-07 4.17638e-08
 2.57012e-27 2.60674e-27 4.88164e-26 9.75805e-20 2.39207e-14 7.08812e-10 2.53885e-06 0.00109922 0.0575294 0.363947 0.278543 0.0402204 0.110446 0.101622 0.0191931 0.0182256 0.00604821 0.00228668 0.000650377 0.000149101 3.24628e-05 5.11971e-06 4.83347e-07 3.75355e-08 5.12059e-09
 2.56932e-27 2.60449e-27 4.67548e-26 9.32313e-20 2.28545e-14 6.77221e-10 2.42569e-06 0.00105023 0.0549653 0.347726 0.266175 0.0413746 0.127919 0.117623 0.0198168 0.0156107 0.00511622 0.00186719 0.000574755 0.000149172 2.58455e-05 3.81221e-06 3.80522e-07 2.02755e-08 9.73542e-10
 2.56925e-27 2.60434e-27 4.66596e-26 9.30305e-20 2.28053e-14 6.75762e-10 2.42047e-06 0.00104797 0.054847 0.346977 0.265599 0.0411279 0.126446 0.11634 0.0209573 0.0185223 0.00580255 0.00167801 0.000495399 0.000128409 2.50507e-05 3.34965e-06 2.94917e-07 1.54132e-08 3.89041e-10
 2.5694e-27 2.60476e-27 4.7023e-26 9.37971e-20 2.29932e-14 6.81331e-10 2.44041e-06 0.00105661 0.0552989 0.349836 0.267781 0.041044 0.124275 0.114324 0.0203895 0.0177437 0.00570687 0.00188736 0.000520208 0.000110702 2.0856e-05 2.9929e-06 2.53247e-07 1.17093e-08 2.55339e-10
 2.56982e-27 2.60588e-27 4.80092e-26 9.58776e-20 2.35032e-14 6.96443e-10 2.49454e-06 0.00108004 0.0565254 0.357595 0.273702 0.0408053 0.118298 0.108796 0.0191959 0.01641 0.00525452 0.00170725 0.000492335 0.00011393 1.84721e-05 2.37707e-06 2.08655e-07 9.36223e-09 1.81763e-10
 2.56978e-27 2.60576e-27 4.78878e-26 9.56215e-20 2.34405e-14 6.94583e-10 2.48788e-06 0.00107716 0.0563745 0.35664 0.272976 0.0409767 0.120113 0.110442 0.0189433 0.0154168 0.00491032 0.00155917 0.000445354 0.000103114 1.79934e-05 2.17951e-06 1.67283e-07 7.53252e-09 1.41401e-10
 2.56964e-27 2.60535e-27 4.75125e-26 9.48295e-20 2.32463e-14 6.8883e-10 2.46727e-06 0.00106824 0.0559076 0.353687 0.270724 0.0411832 0.123266 0.113333 0.0191136 0.0150729 0.00473683 0.00140467 0.00039464 8.94022e-05 1.54993e-05 1.96068e-06 1.46719e-07 5.86578e-09 1.07676e-10
 2.56889e-27 2.6033e-27 4.56863e-26 9.0977e-20 2.23019e-14 6.60846e-10 2.36704e-06 0.00102484 0.0536363 0.339318 0.259762 0.0418484 0.13603 0.125085 0.0207257 0.0157888 0.00491647 0.00138728 0.000378241 8.0659e-05 1.36328e-05 1.70327e-06 1.30896e-07 5.11969e-09 8.52616e-11
 2.56925e-27 2.60432e-27 4.66123e-26 9.29307e-20 2.27808e-14 6.75037e-10 2.41787e-06 0.00104684 0.0547881 0.346604 0.265319 0.0413721 0.128502 0.118186 0.0203856 0.0167483 0.00518399 0.00139925 0.000373237 7.57377e-05 1.21208e-05 1.44737e-06 1.09466e-07 4.3475e-09 7.06224e-11
 2.57001e-27 2.60638e-27 4.84368e-26 9.67796e-20 2.37244e-14 7.02995e-10 2.51801e-06 0.0010902 0.0570573 0.36096 0.276271 0.04082 0.116605 0.107206 0.018404 0.0149975 0.00472127 0.00140524 0.00037458 7.28922e-05 1.11772e-05 1.25715e-06 8.99847e-08 3.50256e-09 5.72483e-11
 2.5696e-27 2.60521e-27 4.73575e-26 9.45024e-20 2.31661e-14 6.86454e-10 2.45876e-06 0.00106455 0.0557147 0.352466 0.269797 0.0415126 0.126424 0.116181 0.0184421 0.0128213 0.00400767 0.00116716 0.000319985 6.72707e-05 1.01258e-05 1.08443e-06 7.28323e-08 2.67423e-09 4.2693e-11
 2.56989e-27 2.60601e-27 4.80734e-26 9.60128e-20 2.35364e-14 6.97425e-10 2.49806e-06 0.00108156 0.0566051 0.3581 0.274093 0.0411957 0.120994 0.1112 0.0181024 0.0132931 0.00403646 0.000974403 0.000258245 5.37977e-05 8.57939e-06 9.4255e-07 6.03677e-08 2.07473e-09 3.12419e-11
 2.57034e-27 2.60725e-27 4.91698e-26 9.83257e-20 2.41034e-14 7.14226e-10 2.55824e-06 0.00110762 0.0579688 0.366726 0.280676 0.0408867 0.114018 0.104757 0.0168522 0.0120658 0.0036979 0.000950391 0.000240524 4.26194e-05 6.56267e-06 7.4361e-07 4.95367e-08 1.64084e-09 2.31335e-11
 2.57051e-27 2.60769e-27 4.95536e-26 9.91353e-20 2.43018e-14 7.20107e-10 2.5793e-06 0.00111674 0.0584461 0.369746 0.28298 0.0408309 0.111974 0.102858 0.0162733 0.0112224 0.00342371 0.000858717 0.00022045 4.05384e-05 5.59105e-06 5.71843e-07 3.85355e-08 1.32168e-09 1.81324e-11
 2.5705e-27 2.60767e-27 4.95236e-26 9.90721e-20 2.42863e-14 7.19648e-10 2.57766e-06 0.00111603 0.0584088 0.36951 0.282802 0.0409194 0.112773 0.103577 0.0160805 0.0105999 0.00320859 0.000767355 0.000194167 3.51381e-05 4.97439e-06 4.84453e-07 2.89695e-08 9.81735e-10 1.38227e-11
 2.57067e-27 2.60812e-27 4.99275e-26 9.99241e-20 2.44952e-14 7.25836e-10 2.59982e-06 0.00112562 0.0589111 0.372688 0.285225 0.0407294 0.109625 0.100689 0.0158826 0.0108746 0.00327449 0.000749483 0.000185892 3.22327e-05 4.47384e-06 4.3791e-07 2.54447e-08 7.75745e-10 1.06037e-11
 2.57107e-27 2.6092e-27 5.08692e-26 1.01911e-19 2.49822e-14 7.40266e-10 2.65151e-06 0.001148 0.0600823 0.380097 0.290881 0.0405948 0.104627 0.0960416 0.0144149 0.0086974 0.00262036 0.000613722 0.000151005 2.5084e-05 3.35572e-06 3.17441e-07 1.8324e-08 5.43158e-10 6.79607e-12
 2.57148e-27 2.61029e-27 5.18361e-26 1.0395e-19 2.54822e-14 7.55083e-10 2.70458e-06 0.00117098 0.0612848 0.387704 0.296685 0.0403216 0.0984692 0.0903572 0.0133693 0.00774121 0.00228964 0.000468447 0.000113246 1.91183e-05 2.495e-06 2.25556e-07 1.25133e-08 3.65008e-10 4.42833e-12
 2.57151e-27 2.61038e-27 5.18984e-26 1.04082e-19 2.55144e-14 7.56038e-10 2.708e-06 0.00117246 0.0613624 0.388195 0.297061 0.0403899 0.0987251 0.0905731 0.0130407 0.00693675 0.00203622 0.000396864 9.19276e-05 1.38115e-05 1.78121e-06 1.59927e-07 8.48531e-09 2.37105e-10 2.81079e-12
 2.57141e-27 2.61011e-27 5.16593e-26 1.03577e-19 2.53907e-14 7.52373e-10 2.69487e-06 0.00116678 0.0610649 0.386313 0.295625 0.0404627 0.100288 0.0920159 0.0133103 0.00718698 0.00209132 0.000374527 8.431e-05 1.20218e-05 1.42295e-06 1.18848e-07 6.24131e-09 1.67825e-10 1.90396e-12
 2.5707e-27 2.60818e-27 4.99647e-26 1.00002e-19 2.45144e-14 7.26406e-10 2.60186e-06 0.00112651 0.0589573 0.37298 0.285451 0.0408968 0.110739 0.101679 0.015354 0.00941496 0.00275756 0.000510164 0.00011366 1.50109e-05 1.69337e-06 1.30602e-07 6.27201e-09 1.63712e-10 1.79512e-12
#obs catch len freq
 1.74948e-41 2.42817e-33 4.07375e-26 8.26149e-20 2.02521e-14 6.00106e-10 2.14948e-06 0.000930651 0.0487066 0.308132 0.236023 0.0441208 0.154025 0.130509 0.0369741 0.0285002 0.00869845 0.00276122 0.000548615 6.52836e-05 3.39289e-06 5.62046e-08 2.21483e-10 1.66828e-13 2.07422e-17
 1.77357e-41 2.4616e-33 4.12984e-26 8.37523e-20 2.05309e-14 6.08368e-10 2.17907e-06 0.000943464 0.0493772 0.312374 0.239319 0.045972 0.155319 0.124534 0.0358274 0.0259473 0.00765349 0.00227277 0.00041232 4.28059e-05 1.84022e-06 2.38059e-08 6.99847e-11 3.8194e-14 3.38454e-18
 2.18912e-41 3.03836e-33 5.09748e-26 1.03376e-19 2.53414e-14 7.50911e-10 2.68964e-06 0.00116452 0.0609465 0.385565 0.295161 0.0432778 0.0980413 0.0740755 0.0216397 0.0146325 0.00414338 0.0011432 0.000189053 1.69734e-05 5.98036e-07 6.02342e-09 1.32392e-11 5.2543e-15 3.32878e-19
 1.74137e-41 2.41691e-33 4.05486e-26 8.22318e-20 2.01582e-14 5.97323e-10 2.13951e-06 0.000926335 0.0484807 0.306704 0.235216 0.0537477 0.183427 0.128702 0.0254051 0.0128706 0.00348779 0.000887796 0.000132511 1.02268e-05 2.93008e-07 2.28386e-09 3.74983e-12 1.0854e-15 4.93684e-20
 2.11057e-41 2.92933e-33 4.91456e-26 9.96663e-20 2.4432e-14 7.23966e-10 2.59313e-06 0.00112273 0.0587594 0.37173 0.284743 0.0474479 0.113272 0.0764994 0.0271307 0.0158126 0.00286693 0.000536788 7.09288e-05 4.65378e-06 1.07641e-07 6.46095e-10 7.9009e-13 1.66794e-16 5.45968e-21
 2.3887e-41 3.31535e-33 5.56219e-26 1.128e-19 2.76516e-14 8.19368e-10 2.93484e-06 0.00127069 0.0665026 0.420715 0.322104 0.0453664 0.077952 0.0480396 0.010908 0.0053598 0.00148405 0.000270776 2.3241e-05 1.18605e-06 2.18539e-08 1.00477e-10 9.12976e-14 1.40419e-17 3.30832e-22
 1.35579e-41 1.88175e-33 3.15702e-26 6.40237e-20 1.56947e-14 4.65061e-10 1.66577e-06 0.000721223 0.0377459 0.238796 0.184147 0.0756409 0.271119 0.154449 0.0259612 0.00935774 0.0017169 0.000313572 2.99404e-05 1.05989e-06 1.36275e-08 4.67625e-11 3.14281e-14 3.51783e-18 5.96493e-23
 2.24326e-41 3.1135e-33 5.22354e-26 1.05932e-19 2.59681e-14 7.69481e-10 2.75616e-06 0.00119332 0.0624537 0.395101 0.302708 0.0481522 0.0868623 0.0524707 0.0334987 0.0153504 0.0019655 0.000223944 1.70868e-05 5.83162e-07 5.51993e-09 1.26448e-11 5.97994e-15 4.8157e-19 5.86504e-24
 2.02391e-41 2.80905e-33 4.71276e-26 9.55738e-20 2.34288e-14 6.94238e-10 2.48665e-06 0.00107663 0.0563467 0.356469 0.273761 0.0633483 0.150747 0.0746647 0.014591 0.00647995 0.00222488 0.000275578 1.25827e-05 2.994e-07 2.36347e-09 4.07681e-12 1.29931e-15 7.05519e-20 5.97208e-25
 2.07059e-41 2.87385e-33 4.82147e-26 9.77785e-20 2.39692e-14 7.10252e-10 2.54401e-06 0.00110147 0.0576465 0.364692 0.280136 0.0635437 0.137658 0.066222 0.0207845 0.00697866 0.00103848 0.000182922 1.20079e-05 1.98706e-07 9.9622e-10 1.27403e-12 3.04944e-16 1.16495e-20 6.65786e-26
 2.02661e-41 2.81281e-33 4.71907e-26 9.57017e-20 2.34602e-14 6.95167e-10 2.48998e-06 0.00107807 0.0564221 0.356949 0.274554 0.0693659 0.147896 0.0660786 0.0198032 0.00659081 0.0011382 0.000115124 6.78804e-06 1.38546e-07 5.6822e-10 4.64416e-13 7.46645e-17 2.05119e-21 8.47183e-27
 2.14275e-41 2.97399e-33 4.98949e-26 1.01186e-19 2.48045e-14 7.35004e-10 2.63266e-06 0.00113985 0.0596553 0.377404 0.29022 0.0677741 0.126484 0.0535861 0.0174971 0.00528824 0.000859283 8.54438e-05 3.58042e-06 5.60308e-08 2.29457e-10 1.65824e-13 1.89082e-17 3.39369e-22 9.39348e-28
 2.0932e-41 2.90522e-33 4.87411e-26 9.8846e-20 2.42309e-14 7.18007e-10 2.57178e-06 0.00111349 0.0582758 0.36868 0.284045 0.0752266 0.138493 0.053769 0.0153858 0.00426488 0.000680505 6.05356e-05 2.23639e-06 2.59052e-08 7.62562e-11 4.61427e-14 4.57049e-18 6.52543e-23 1.29032e-28
 2.05311e-41 2.84959e-33 4.78077e-26 9.6953e-20 2.37669e-14 7.04257e-10 2.52253e-06 0.00109217 0.0571598 0.361624 0.279173 0.0816289 0.144465 0.0536236 0.0166111 0.00402939 0.000545129 4.34922e-05 1.39103e-06 1.31452e-08 2.87e-11 1.21777e-14 8.90567e-19 1.00533e-23 1.60185e-29
 1.92858e-41 2.67675e-33 4.4908e-26 9.10725e-20 2.23253e-14 6.61541e-10 2.36953e-06 0.00102593 0.0536929 0.339698 0.263375 0.0939566 0.164613 0.0589261 0.0195734 0.00451641 0.00058058 3.79469e-05 9.95984e-07 7.67129e-09 1.30643e-11 4.10472e-15 2.12124e-19 1.67458e-24 1.91559e-30
 1.74813e-41 2.42629e-33 4.0706e-26 8.25509e-20 2.02364e-14 5.99641e-10 2.14782e-06 0.000929931 0.0486689 0.307927 0.240472 0.11007 0.18993 0.0688394 0.0264581 0.00590939 0.000747876 4.38567e-05 9.26623e-07 5.4928e-09 7.2017e-12 1.71444e-15 6.546e-20 3.71875e-25 2.99557e-31
 1.96126e-41 2.7221e-33 4.56688e-26 9.26155e-20 2.27036e-14 6.72749e-10 2.40968e-06 0.00104331 0.0546026 0.345466 0.268757 0.0979682 0.144977 0.0557688 0.0248717 0.00574998 0.000751694 4.09817e-05 7.41927e-07 3.43658e-09 3.34844e-12 5.88133e-16 1.65721e-20 6.90449e-26 4.03625e-32
 1.91319e-41 2.65538e-33 4.45495e-26 9.03455e-20 2.21471e-14 6.5626e-10 2.35062e-06 0.00101774 0.0532643 0.337015 0.263768 0.1121 0.157562 0.0515115 0.0185403 0.00455284 0.000632283 3.37725e-05 5.44074e-07 2.06497e-09 1.54304e-12 1.98987e-16 4.04575e-21 1.21422e-26 5.12349e-33
 1.9042e-41 2.6429e-33 4.43402e-26 8.9921e-20 2.20431e-14 6.53177e-10 2.33957e-06 0.00101295 0.0530141 0.335448 0.263686 0.11858 0.154643 0.0513662 0.0182398 0.0035412 0.000442419 2.3535e-05 3.49583e-07 1.12789e-09 6.71372e-13 6.5858e-17 9.85654e-22 2.13255e-27 6.42088e-34
 1.9289e-41 2.67718e-33 4.49153e-26 9.10873e-20 2.2329e-14 6.61649e-10 2.36992e-06 0.00102609 0.0537017 0.339815 0.268083 0.122674 0.146664 0.0480177 0.0166053 0.0030786 0.00031754 1.38996e-05 1.84489e-07 5.16768e-10 2.52445e-13 1.94284e-17 2.2072e-22 3.5395e-28 7.76153e-35
 1.99991e-41 2.77574e-33 4.65689e-26 9.44407e-20 2.3151e-14 6.86007e-10 2.45717e-06 0.00106387 0.0556788 0.35234 0.278401 0.122267 0.131954 0.0419924 0.0136759 0.00239452 0.000222808 7.87051e-06 8.12775e-08 1.85159e-10 7.40912e-14 4.55733e-18 4.02319e-23 4.89889e-29 8.01241e-36
 1.99623e-41 2.77064e-33 4.64832e-26 9.42669e-20 2.31084e-14 6.84745e-10 2.45265e-06 0.00106191 0.0555764 0.351725 0.279704 0.130363 0.129889 0.0384821 0.0112417 0.00180121 0.000149202 4.45244e-06 3.57082e-08 6.07907e-11 1.84631e-14 8.7871e-19 6.01422e-24 5.6239e-30 6.97308e-37
 2.04159e-41 2.83359e-33 4.75393e-26 9.64087e-20 2.36335e-14 7.00303e-10 2.50837e-06 0.00108604 0.0568392 0.359744 0.286984 0.131039 0.118842 0.0347299 0.00934378 0.00129646 9.15085e-05 2.27591e-06 1.45249e-08 1.86861e-11 4.15072e-15 1.43857e-19 7.2494e-25 5.04872e-31 4.68889e-38
 1.97992e-41 2.748e-33 4.61033e-26 9.34966e-20 2.29196e-14 6.79149e-10 2.4326e-06 0.00105323 0.0551225 0.34895 0.281914 0.145685 0.12388 0.0340108 0.0082844 0.00103546 6.06244e-05 1.20247e-06 6.01043e-09 5.90734e-12 9.75446e-16 2.45759e-20 8.89173e-26 4.43575e-32 2.9635e-39
 2.02108e-41 2.80512e-33 4.70618e-26 9.54403e-20 2.33961e-14 6.93268e-10 2.48317e-06 0.00107513 0.0562685 0.356248 0.288804 0.144117 0.11264 0.032486 0.00749844 0.000820104 4.02931e-05 6.31371e-07 2.39372e-09 1.76241e-12 2.16103e-16 3.99887e-21 1.05052e-26 3.76757e-33 1.79683e-40
 2.00417e-41 2.78166e-33 4.66681e-26 9.4642e-20 2.32004e-14 6.8747e-10 2.4624e-06 0.00106614 0.0557982 0.353361 0.28973 0.152948 0.110383 0.02967 0.00635893 0.000655037 2.70745e-05 3.34834e-07 9.60954e-10 5.20789e-13 4.6511e-17 6.25228e-22 1.19083e-27 3.08644e-34 1.05943e-41
 1.94162e-41 2.69484e-33 4.52115e-26 9.1688e-20 2.24762e-14 6.66012e-10 2.38555e-06 0.00103286 0.054057 0.34248 0.285882 0.166397 0.113349 0.0303458 0.0058977 0.00053625 1.92456e-05 1.92213e-07 4.18746e-10 1.67239e-13 1.08226e-17 1.04458e-22 1.42384e-28 2.64038e-35 6.48759e-43
 1.86123e-41 2.58327e-33 4.33396e-26 8.78919e-20 2.15457e-14 6.38437e-10 2.28678e-06 0.000990097 0.0518196 0.328507 0.280619 0.180959 0.117825 0.0327464 0.00602774 0.000488678 1.46138e-05 1.18144e-07 2.00066e-10 5.95974e-14 2.80686e-18 1.94775e-23 1.89602e-29 2.50118e-36 4.36357e-44
#spawning biomass
 8395.5 8086.78 10689.9 12123.3 18822.5 30351 30875.4 33829.5 45791.7 58143.6 72305.8 93715.1 122048 139884 130653 116277 123518 114301 102566 101604 109705 114259 127344 123272 130703 137703 150112 195041 292639 286271 157119 78328.9 41739.4 26703.6 20976 18903.7 18180.7 17935 17853.2 17826.3 17817.6 17814.8 17813.9 17813.6 17813.5 17813.5 17813.5 17813.5 17813.5 17813.5 17813.5 17813.5 17813.5 17813.5 17813.5 17813.5 17813.5 17813.5 17813.5 17813.5 17813.5 17813.5 17813.5 17813.5 17813.5 17813.5 17813.5 17813.5 17813.5 17813.5 17813.5 17813.5 17813.5 17813.5 17813.5 17813.5 17813.5 17813.5 17813.5 17813.5 17813.5 17813.5 17813.5 17813.5 17813.5 17813.5 17813.5 17813.5 17813.5 17813.5 17813.5 17813.5 17813.5 17813.5 17813.5 17813.5 17813.5 17813.5 17813.5 17813.5 17813.5 17813.5 17813.5 17813.5 17813.5 17813.5 17813.5 17813.5 17813.5 17813.5 17813.5 17813.5 17813.5 17813.5 17813.5 17813.5 17813.5 17813.5 17813.5 17813.5 17813.5 17813.5 17813.5 17813.5 17813.5 17813.5 17813.5 17813.5 0 0 0 0 0 0 0 0 0 0 0 0 0 0 0 0 0 0 0 0 0 0 0 0 0
