SBPRF35
0.161432
Curr Bio
84831.6
B35
134009
F35
0.636559
FOFL
0
OFL
0
Bzero
46123.4
#pred survey bio
 6097.84 6060.65 9047.81 12685 19683 25097.2 26458 31439.9 44278.3 69272.2 93431.6 141771 180678 196009 183109 163258 171238 153172 145937 160089 156984 170907 175514 194508 210515 231258 192842 138375 2.03042e+06 1.8592e+06 1.25823e+06 865388 675982 592473 556184 539936 532251 528386 526335 525200 524556 524183 523966 523837 523761 523717 523690 523675 523666 523660 523657 523655 523654 523653 523653 523652 523652 523652 523652 523652 523652 523652 523652 523652 523652 523652 523652 523652 523652 523652 523652 523652 523652 523652 523652 523652 523652 523652 523652 523652 523652 523652 523652 523652 523652 523652 523652 523652 523652 523652 523652 523652 523652 523652 523652 523652 523652 523652 523652 523652 523652 523652 523652 523652 523652 523652 523652 523652 523652 523652 523652 523652 523652 523652 523652 523652 523652 523652 523652 523652 523652 523652 523652 523652 523652 523652 523652 523652 0 0 0 0 0 0 0 0 0 0 0 0 0 0 0 0 0 0 0 0 0 0 0 0 0
#obs survey bio
 5621.52 10881 10996.8 14901 28094.5 25962.8 32039.7 32754.2 40904.2 60829.6 120065 137103 265785 152190 148884 140208 149041 109125 146440 171753 195692 133528 146195 200159 242117 228591 130621 129211
#pred catch bio
 3276.14 2707.09 3962.26 5254.64 9503.94 14114 14254.9 16145.2 20365.9 35022.3 41314.3 71203.5 91097.8 103013 101384 84295.4 97153.2 82561.8 70976 87709.2 76742.1 89174.6 87591.9 94089.1 94168.9 124316 112272 107615 0 29939.6 19314 12264.9 9146.87 7939.58 7504.94 7355.36 7305.36 7288.97 7283.67 7281.97 7281.42 7281.25 7281.2 7281.18 7281.17 7281.17 7281.17 7281.17 7281.17 7281.17 7281.17 7281.17 7281.17 7281.17 7281.17 7281.17 7281.17 7281.17 7281.17 7281.17 7281.17 7281.17 7281.17 7281.17 7281.17 7281.17 7281.17 7281.17 7281.17 7281.17 7281.17 7281.17 7281.17 7281.17 7281.17 7281.17 7281.17 7281.17 7281.17 7281.17 7281.17 7281.17 7281.17 7281.17 7281.17 7281.17 7281.17 7281.17 7281.17 7281.17 7281.17 7281.17 7281.17 7281.17 7281.17 7281.17 7281.17 7281.17 7281.17 7281.17 7281.17 7281.17 7281.17 7281.17 7281.17 7281.17 7281.17 7281.17 7281.17 7281.17 7281.17 7281.17 7281.17 7281.17 7281.17 7281.17 7281.17 7281.17 7281.17 7281.17 7281.17 7281.17 7281.17 7281.17 7281.17 7281.17 7281.17 7281.17 0 0 0 0 0 0 0 0 0 0 0 0 0 0 0 0 0 0 0 0 0 0 0 0 0
#obs catch bio
 2898.23 2567.41 3756.92 4791.15 8983.17 14136.2 14658.2 16118.2 20035.9 35533.8 39239.2 70231.9 84596.6 100388 108091 90164.7 104287 88474.7 70508.6 89017.6 72845.8 91074.5 91832.8 95492.6 88923.6 129298 118474 118469
#pred cpue bio
 4986.74 4200.73 6245.55 8968.97 13671.1 17689.4 18502 21711.7 29862.3 47167.9 64160.5 98000.1 125867 142463 135665 119232 123280 111216 106313 116374 112548 124729 126636 139971 154355 172517 145559 104741 1.28318e+06 1.68731e+06 1.16542e+06 775615 586300 502794 466505 450257 442572 438707 436655 435521 434876 434504 434286 434157 434082 434037 434011 433995 433986 433981 433977 433975 433974 433974 433973 433973 433973 433973 433973 433973 433973 433973 433973 433973 433973 433973 433973 433973 433973 433973 433973 433973 433973 433973 433973 433973 433973 433973 433973 433973 433973 433973 433973 433973 433973 433973 433973 433973 433973 433973 433973 433973 433973 433973 433973 433973 433973 433973 433973 433973 433973 433973 433973 433973 433973 433973 433973 433973 433973 433973 433973 433973 433973 433973 433973 433973 433973 433973 433973 433973 433973 433973 433973 433973 433973 433973 433973 433973 0 0 0 0 0 0 0 0 0 0 0 0 0 0 0 0 0 0 0 0 0 0 0 0 0
#obs cpue bio
 2499.25 3774.03 5834.07 13046.2 10063.5 15234.3 12457.7 22732 33341.1 50271.9 70282 100524 136542 170735 108634 100124 119440 111740 122700 109540 120311 122989 115610 144643 196681 123712 163421 88685.4
#pred surv len freq
 3.69375e-11 1.73737e-09 5.65849e-08 1.27613e-06 1.99286e-05 0.0002155 0.00161365 0.00836723 0.0300494 0.0747944 0.129367 0.157108 0.139234 0.101569 0.076002 0.0634543 0.0518849 0.0396575 0.0301807 0.0238378 0.019742 0.0172537 0.0152315 0.0122727 0.00814275
 4.63452e-11 2.17986e-09 7.09966e-08 1.60115e-06 2.50042e-05 0.000270385 0.00202461 0.0104979 0.0376971 0.0937878 0.161932 0.195297 0.168664 0.113451 0.0721499 0.050736 0.035661 0.022319 0.0130038 0.00782475 0.00510005 0.003619 0.00271937 0.00197753 0.00124029
 4.51891e-11 2.12548e-09 6.92255e-08 1.56121e-06 2.43805e-05 0.00026364 0.00197411 0.0102362 0.0367591 0.0914719 0.158054 0.191192 0.166967 0.116303 0.0792045 0.0588703 0.0413072 0.0241902 0.012122 0.00570895 0.00269303 0.00132051 0.000706789 0.000406065 0.000222745
 4.35427e-11 2.04804e-09 6.67034e-08 1.50433e-06 2.34922e-05 0.000254035 0.00190219 0.00986336 0.0354215 0.0881556 0.152408 0.184759 0.162638 0.116091 0.0828261 0.0643206 0.0465345 0.0281883 0.0147019 0.00700194 0.00305233 0.00119636 0.000436893 0.000161358 6.24503e-05
 4.50327e-11 2.11812e-09 6.89859e-08 1.5558e-06 2.42961e-05 0.000262728 0.00196728 0.0102007 0.0366315 0.0911516 0.157483 0.190415 0.166019 0.115109 0.0778859 0.0581019 0.0418789 0.0260626 0.0143147 0.0072439 0.00331354 0.00131615 0.000448659 0.000133025 3.54e-05
 4.37075e-11 2.05579e-09 6.69558e-08 1.51002e-06 2.35811e-05 0.000254996 0.00190939 0.00990067 0.0355555 0.0884885 0.15298 0.185433 0.16317 0.116324 0.082754 0.0639698 0.045934 0.0274827 0.014157 0.00677435 0.00305041 0.00123809 0.000436002 0.000129981 3.22212e-05
 4.41956e-11 2.07875e-09 6.77035e-08 1.52688e-06 2.38445e-05 0.000257844 0.00193071 0.0100112 0.035952 0.0894717 0.154654 0.18734 0.164453 0.116396 0.0817259 0.0624898 0.0446373 0.0265817 0.0135336 0.00630246 0.00271327 0.00104393 0.000351697 0.000102609 2.53207e-05
 4.50577e-11 2.1193e-09 6.90241e-08 1.55667e-06 2.43096e-05 0.000262873 0.00196837 0.0102064 0.0366523 0.0912068 0.157602 0.190669 0.166594 0.116234 0.0794618 0.0594079 0.0420636 0.0250159 0.0127527 0.00594121 0.00254525 0.000964536 0.0003157 8.8503e-05 2.09508e-05
 4.65547e-11 2.18971e-09 7.13175e-08 1.60839e-06 2.51173e-05 0.000271607 0.00203377 0.0105454 0.0378684 0.0942207 0.162725 0.196469 0.17037 0.116085 0.0757153 0.0541981 0.0375831 0.0221285 0.0111837 0.00516987 0.00220525 0.000834315 0.000272233 7.56035e-05 1.75645e-05
 4.59009e-11 2.15896e-09 7.03159e-08 1.5858e-06 2.47645e-05 0.000267793 0.00200521 0.0103974 0.0373374 0.0929053 0.160493 0.193965 0.168813 0.116353 0.0776448 0.0567194 0.039578 0.0232009 0.0115895 0.00527981 0.00222535 0.000835332 0.000271186 7.50362e-05 1.7362e-05
 4.53244e-11 2.13184e-09 6.94328e-08 1.56588e-06 2.44535e-05 0.00026443 0.00198002 0.0102668 0.0368691 0.0917452 0.158524 0.191746 0.167407 0.116517 0.0792438 0.0588634 0.0413405 0.0242328 0.0120551 0.00544891 0.00227096 0.000840532 0.000268706 7.33237e-05 1.6789e-05
 4.50686e-11 2.11981e-09 6.9041e-08 1.55704e-06 2.43155e-05 0.000262937 0.00196885 0.0102089 0.0366611 0.0912278 0.157631 0.190674 0.166499 0.115964 0.07905 0.0590615 0.0420164 0.0252862 0.0131314 0.00622139 0.00267731 0.00100408 0.000321133 8.70229e-05 1.97097e-05
 4.44592e-11 2.09115e-09 6.81074e-08 1.53599e-06 2.39867e-05 0.000259382 0.00194223 0.0100709 0.0361662 0.0900023 0.155556 0.188361 0.165116 0.116364 0.0810543 0.0615537 0.0438271 0.0260628 0.0132715 0.00619974 0.0026817 0.00102999 0.000339936 9.45934e-05 2.1746e-05
 4.13614e-11 1.94544e-09 6.33618e-08 1.42897e-06 2.23154e-05 0.000241309 0.00180691 0.00936943 0.0336497 0.0837657 0.144953 0.176353 0.157279 0.116626 0.0887427 0.0722911 0.0531161 0.0321088 0.016591 0.00783096 0.00338769 0.00129209 0.000424566 0.00011885 2.77797e-05
 4.01485e-11 1.8884e-09 6.15038e-08 1.38706e-06 2.1661e-05 0.000234233 0.00175393 0.00909475 0.0326639 0.0813187 0.140766 0.171485 0.15367 0.115536 0.0900246 0.0750358 0.0565052 0.0355629 0.0195321 0.00982704 0.00444784 0.00173953 0.000578415 0.000162522 3.80005e-05
 4.14376e-11 1.94903e-09 6.34785e-08 1.4316e-06 2.23565e-05 0.000241754 0.00181024 0.00938664 0.033711 0.0839129 0.145171 0.176449 0.156826 0.115191 0.0864617 0.0702 0.052436 0.0330903 0.0184034 0.00949679 0.00447077 0.0018387 0.000644203 0.000188967 4.54552e-05
 4.25159e-11 1.99974e-09 6.51304e-08 1.46885e-06 2.29382e-05 0.000248045 0.00185734 0.00963081 0.034587 0.0860845 0.148867 0.180654 0.159634 0.115275 0.0840375 0.0666675 0.0492168 0.0307934 0.0169777 0.00872184 0.00412894 0.00172972 0.000625339 0.000191147 4.8103e-05
 4.1544e-11 1.95403e-09 6.36415e-08 1.43527e-06 2.24139e-05 0.000242375 0.00181489 0.00941077 0.0337979 0.0841323 0.145571 0.17703 0.15764 0.116382 0.0879349 0.0712922 0.05235 0.0317656 0.0166173 0.00806892 0.00367026 0.00150567 0.000541119 0.000166674 4.27925e-05
 4.1477e-11 1.95088e-09 6.35389e-08 1.43296e-06 2.23777e-05 0.000241984 0.00181196 0.00939558 0.0337432 0.0839942 0.14532 0.176668 0.157138 0.11566 0.0870673 0.0707094 0.0525464 0.0327198 0.0177526 0.00885036 0.00400964 0.00159377 0.000549312 0.000163416 4.11585e-05
 4.18421e-11 1.96805e-09 6.40982e-08 1.44557e-06 2.25747e-05 0.000244114 0.00182791 0.00947824 0.0340395 0.0847268 0.146552 0.178 0.157794 0.115034 0.0852855 0.0686653 0.0512293 0.0324443 0.0181454 0.009398 0.00442262 0.00181537 0.000637199 0.000189074 4.66568e-05
 4.26809e-11 2.00751e-09 6.53832e-08 1.47455e-06 2.30273e-05 0.000249007 0.00186455 0.0096682 0.0347213 0.086419 0.149447 0.181363 0.160276 0.115755 0.0843432 0.0666968 0.048819 0.0300173 0.016124 0.00808102 0.00377284 0.00157315 0.000568154 0.000173699 4.3828e-05
 4.13492e-11 1.94487e-09 6.33431e-08 1.42854e-06 2.23088e-05 0.000241238 0.00180638 0.00936663 0.0336393 0.0837369 0.144882 0.176172 0.156814 0.115665 0.087365 0.0711023 0.0528423 0.0328772 0.0178541 0.00896565 0.00413189 0.00168603 0.000598673 0.000182594 4.66478e-05
 4.23296e-11 1.99098e-09 6.4845e-08 1.46242e-06 2.28377e-05 0.000246958 0.0018492 0.00958863 0.0344357 0.0857096 0.14823 0.179934 0.15917 0.11531 0.0845362 0.0673692 0.0498445 0.0312135 0.0171847 0.00876693 0.00408983 0.00167794 0.000593909 0.000179222 4.52198e-05
 4.24776e-11 1.99794e-09 6.50718e-08 1.46753e-06 2.29176e-05 0.000247821 0.00185567 0.00962216 0.034556 0.0860084 0.148743 0.180536 0.159637 0.1155 0.0844564 0.0670824 0.0494005 0.0306933 0.016728 0.00848095 0.00396771 0.00164511 0.000589874 0.000179742 4.5502e-05
 4.10242e-11 1.92958e-09 6.28453e-08 1.41732e-06 2.21335e-05 0.000239342 0.00179218 0.00929305 0.0333753 0.083082 0.143766 0.174892 0.155925 0.115544 0.087948 0.07202 0.0537356 0.0335933 0.0183879 0.00933608 0.00435688 0.00179932 0.000644353 0.000197093 5.02806e-05
 3.99239e-11 1.87783e-09 6.11597e-08 1.3793e-06 2.15398e-05 0.000232923 0.00174412 0.00904385 0.032481 0.0808617 0.139965 0.170462 0.152606 0.114456 0.0889622 0.0743687 0.0567489 0.0367697 0.021168 0.0112748 0.00542447 0.00227395 0.000819249 0.000250998 6.40658e-05
 3.87732e-11 1.8237e-09 5.93969e-08 1.33955e-06 2.0919e-05 0.000226209 0.00169385 0.00878329 0.0315464 0.078547 0.13604 0.166065 0.149903 0.115004 0.0924424 0.0787989 0.0600767 0.0383668 0.0216859 0.0114857 0.00561655 0.0024307 0.000906266 0.000285064 7.39096e-05
 3.84927e-11 1.81051e-09 5.89673e-08 1.32986e-06 2.07677e-05 0.000224573 0.0016816 0.00871979 0.0313186 0.0779825 0.135081 0.164982 0.149206 0.115059 0.0931953 0.0798546 0.0610118 0.0389746 0.0219634 0.0115305 0.00556422 0.00238221 0.000888296 0.000283362 7.51861e-05
#obs surv len freq
 4.1003e-11 1.92858e-09 6.28127e-08 1.41659e-06 2.2122e-05 0.000239218 0.00179125 0.00928824 0.0333584 0.0830413 0.143707 0.174875 0.156084 0.116016 0.0886891 0.0726929 0.0539441 0.0332619 0.0177939 0.00879671 0.0040053 0.0016161 0.000565309 0.000169121 4.23686e-05
 4.93897e-11 2.32306e-09 7.56604e-08 1.70633e-06 2.66468e-05 0.000288147 0.0021576 0.0111873 0.0401712 0.0999253 0.172408 0.207362 0.177229 0.115153 0.0676783 0.0435293 0.028943 0.0172241 0.00908371 0.00444543 0.00200555 0.000801575 0.000277457 8.20758e-05 2.0327e-05
 4.16122e-11 1.95724e-09 6.37459e-08 1.43763e-06 2.24507e-05 0.000242772 0.00181787 0.00942628 0.0338545 0.0842806 0.145879 0.177648 0.158961 0.118909 0.0914413 0.0741715 0.0527068 0.0293743 0.0131022 0.00516099 0.00195924 0.000715241 0.000238331 6.92632e-05 1.69472e-05
 4.72082e-11 2.22044e-09 7.23184e-08 1.63096e-06 2.54698e-05 0.000275419 0.00206231 0.0106934 0.0383992 0.0955341 0.164947 0.198935 0.171807 0.115559 0.0734406 0.0514649 0.0357348 0.0215077 0.0112133 0.00523826 0.0021454 0.000738155 0.000212697 5.29102e-05 1.15575e-05
 4.46869e-11 2.10186e-09 6.8456e-08 1.54386e-06 2.41095e-05 0.00026071 0.00195218 0.0101225 0.0363518 0.0904657 0.15637 0.189408 0.166225 0.117518 0.0821845 0.0621805 0.0433513 0.0245145 0.0114108 0.00477893 0.00189947 0.000693037 0.000218895 5.74919e-05 1.22727e-05
 4.3382e-11 2.04048e-09 6.64571e-08 1.49877e-06 2.34055e-05 0.000253097 0.00189517 0.00982699 0.0352915 0.0878362 0.151886 0.18427 0.162667 0.117067 0.0846334 0.0661042 0.0473164 0.0277518 0.0136399 0.00599743 0.00238693 0.000828991 0.00024638 6.28145e-05 1.35983e-05
 4.3253e-11 2.03441e-09 6.62595e-08 1.49432e-06 2.33359e-05 0.000252345 0.00188954 0.00979776 0.0351865 0.0875749 0.151434 0.18372 0.162178 0.116719 0.0844249 0.0660837 0.0475759 0.0282781 0.0142609 0.00651411 0.00270921 0.00098192 0.000300903 7.71493e-05 1.63747e-05
 4.59429e-11 2.16093e-09 7.03801e-08 1.58725e-06 2.47872e-05 0.000268038 0.00200704 0.0104069 0.0373715 0.0929893 0.160634 0.194111 0.168868 0.116238 0.0773825 0.0564493 0.039452 0.0232471 0.0117114 0.00537604 0.00226623 0.000841363 0.000266726 7.10751e-05 1.56176e-05
 4.69611e-11 2.20882e-09 7.194e-08 1.62243e-06 2.53365e-05 0.000273978 0.00205152 0.0106374 0.038199 0.0950416 0.164134 0.198132 0.171684 0.116679 0.0756173 0.0535561 0.03649 0.020758 0.00988396 0.00424677 0.00170574 0.000620296 0.000196625 5.31086e-05 1.19416e-05
 4.41091e-11 2.07468e-09 6.7571e-08 1.5239e-06 2.37978e-05 0.00025734 0.00192694 0.00999166 0.0358824 0.0893026 0.154392 0.187167 0.164761 0.117564 0.0836282 0.06423 0.0451796 0.0257459 0.0120649 0.00502261 0.00193 0.000665735 0.000199775 5.15831e-05 1.13025e-05
 4.53368e-11 2.13242e-09 6.94517e-08 1.56631e-06 2.44602e-05 0.000264502 0.00198056 0.0102696 0.0368793 0.0917703 0.158567 0.191802 0.167464 0.116576 0.0793116 0.0589373 0.0414016 0.0242498 0.0120007 0.00533145 0.00213997 0.00074419 0.000218591 5.41955e-05 1.13068e-05
 4.57865e-11 2.15358e-09 7.01405e-08 1.58185e-06 2.47028e-05 0.000267125 0.00200021 0.0103715 0.0372448 0.092677 0.160116 0.193589 0.168743 0.116847 0.0786318 0.0577141 0.0400344 0.0230009 0.0110608 0.0047919 0.00192195 0.000687096 0.000210431 5.40494e-05 1.14327e-05
 4.34178e-11 2.04216e-09 6.65119e-08 1.50001e-06 2.34248e-05 0.000253306 0.00189674 0.0098351 0.0353207 0.0879098 0.152019 0.184458 0.162918 0.117416 0.0850452 0.0663755 0.0472138 0.0272889 0.0130942 0.00562218 0.00221993 0.000778944 0.000235319 6.04501e-05 1.29937e-05
 4.0499e-11 1.90488e-09 6.20407e-08 1.39917e-06 2.18501e-05 0.000236278 0.00176924 0.00917416 0.0329495 0.0820318 0.142017 0.173086 0.155344 0.117245 0.0916862 0.0759943 0.0559084 0.0334027 0.0168187 0.00762756 0.00313097 0.00111548 0.000336367 8.54807e-05 1.81478e-05
 3.77145e-11 1.77391e-09 5.7775e-08 1.30297e-06 2.03478e-05 0.000220033 0.00164761 0.0085436 0.030687 0.0764208 0.132452 0.162131 0.147777 0.116327 0.0969168 0.0842054 0.0639641 0.0398327 0.0213749 0.0104452 0.00458309 0.0017274 0.000547082 0.000144415 3.13388e-05
 4.18158e-11 1.96681e-09 6.40578e-08 1.44467e-06 2.25605e-05 0.00024396 0.00182676 0.00947226 0.0340181 0.0846725 0.146453 0.177858 0.157599 0.114755 0.0849523 0.0684466 0.0513184 0.032832 0.0186023 0.00970815 0.00454705 0.00183205 0.000622128 0.000175618 4.03906e-05
 4.09809e-11 1.92755e-09 6.27789e-08 1.41582e-06 2.21101e-05 0.00023909 0.00179029 0.00928326 0.0333407 0.0829988 0.143644 0.174851 0.156227 0.116451 0.0893523 0.0732265 0.0539579 0.0327566 0.0171667 0.00840186 0.00387787 0.00161303 0.000580383 0.000175157 4.30779e-05
 4.00838e-11 1.88535e-09 6.14046e-08 1.38483e-06 2.16261e-05 0.000233856 0.0017511 0.00908011 0.0326117 0.081191 0.140563 0.171321 0.153787 0.116159 0.0910727 0.0759897 0.0567744 0.0350599 0.018708 0.00916577 0.00410778 0.00162829 0.00056314 0.000168385 4.23997e-05
 4.02155e-11 1.89154e-09 6.16064e-08 1.38938e-06 2.16972e-05 0.000234624 0.00175686 0.00910992 0.0327186 0.0814546 0.141003 0.171781 0.153957 0.115786 0.0902156 0.0750686 0.0562637 0.0350951 0.019064 0.00954736 0.00436037 0.0017444 0.00059927 0.000175157 4.28803e-05
 4.31519e-11 2.02966e-09 6.61046e-08 1.49082e-06 2.32814e-05 0.000251755 0.00188512 0.00977483 0.0351039 0.0873664 0.151054 0.183168 0.161401 0.115572 0.0829801 0.0649388 0.0474749 0.0293383 0.0158644 0.00794832 0.0036587 0.00148522 0.000518977 0.000153638 3.77283e-05
 4.18166e-11 1.96685e-09 6.4059e-08 1.44469e-06 2.25609e-05 0.000243965 0.00182679 0.0094725 0.0340196 0.0846826 0.146514 0.178137 0.158493 0.116722 0.0877915 0.0708166 0.0516576 0.0309614 0.0158577 0.00749667 0.00332061 0.00132653 0.000462941 0.000138066 3.42958e-05
 4.08471e-11 1.92125e-09 6.25739e-08 1.4112e-06 2.20379e-05 0.000238309 0.00178445 0.00925296 0.0332319 0.0827288 0.143182 0.174311 0.15582 0.11632 0.0895139 0.0736496 0.0545907 0.033433 0.0176164 0.00848722 0.00372648 0.0014379 0.000480263 0.000138238 3.36859e-05
 4.16537e-11 1.95919e-09 6.38095e-08 1.43907e-06 2.24731e-05 0.000243015 0.00181968 0.00943559 0.0338869 0.0843507 0.14593 0.177376 0.157663 0.115815 0.0868723 0.0702958 0.0520369 0.0322117 0.0173422 0.00859247 0.00387816 0.00152943 0.000515614 0.000147092 3.4974e-05
 4.10144e-11 1.92912e-09 6.28302e-08 1.41698e-06 2.21282e-05 0.000239285 0.00179175 0.00929084 0.0333678 0.0830649 0.14375 0.174938 0.156175 0.116152 0.0888588 0.0728194 0.0539366 0.0331166 0.0176017 0.008646 0.00391757 0.00157086 0.000542328 0.000158343 3.82395e-05
 3.99505e-11 1.87908e-09 6.12004e-08 1.38022e-06 2.15542e-05 0.000233078 0.00174528 0.00904992 0.0325033 0.0809214 0.140097 0.170762 0.153314 0.11587 0.0909638 0.0760643 0.0570727 0.0355545 0.0192569 0.00960977 0.00437862 0.00175289 0.000604836 0.000177749 4.35309e-05
 3.94723e-11 1.85659e-09 6.04678e-08 1.3637e-06 2.12962e-05 0.000230288 0.00172439 0.00894161 0.0321146 0.0799567 0.138448 0.168847 0.151906 0.11547 0.0915039 0.0771519 0.0583546 0.0368234 0.0203503 0.0103969 0.0048402 0.00197286 0.000689987 0.00020442 5.02922e-05
 3.73611e-11 1.75729e-09 5.72337e-08 1.29076e-06 2.01571e-05 0.000217971 0.00163217 0.00846355 0.0303995 0.075705 0.131212 0.16062 0.146424 0.115334 0.0962706 0.0840229 0.064499 0.0410959 0.0229876 0.0119271 0.00565367 0.00235302 0.000841689 0.000254681 6.37416e-05
 4.05447e-11 1.90703e-09 6.21106e-08 1.40075e-06 2.18748e-05 0.000236545 0.00177123 0.00918442 0.0329853 0.082111 0.142086 0.172852 0.154126 0.11429 0.0872526 0.0720608 0.0548285 0.0356206 0.0206389 0.0110923 0.00539451 0.00228895 0.000834103 0.000257438 6.57691e-05
#pred catch len freq
 3.16554e-11 1.48892e-09 4.84931e-08 1.09364e-06 1.70788e-05 0.000184683 0.00138291 0.00717101 0.0257568 0.0641431 0.111172 0.136083 0.124071 0.0979571 0.0828527 0.075329 0.0637538 0.0494869 0.0380399 0.0302191 0.0250877 0.0219433 0.019376 0.015613 0.0103591
 4.21832e-11 1.9841e-09 6.46208e-08 1.45736e-06 2.27588e-05 0.000246104 0.00184281 0.00955542 0.0343158 0.0854053 0.147664 0.179057 0.157783 0.113003 0.0812155 0.0637844 0.0471398 0.0300888 0.0177529 0.0107857 0.00706641 0.00502386 0.00377703 0.00274702 0.00172295
 4.07602e-11 1.91717e-09 6.24409e-08 1.4082e-06 2.1991e-05 0.000237802 0.00178065 0.00923331 0.0331614 0.0825564 0.142902 0.174057 0.155867 0.1169 0.090492 0.0743937 0.0544305 0.0323819 0.0164014 0.00780266 0.00370716 0.00182425 0.000977727 0.000561955 0.000308289
 3.85539e-11 1.81339e-09 5.9061e-08 1.33197e-06 2.08007e-05 0.00022493 0.00168427 0.00873368 0.0313689 0.0781121 0.135334 0.165429 0.150044 0.116569 0.0952807 0.0816497 0.0614434 0.0378035 0.0199369 0.00958757 0.00420628 0.00165403 0.000604961 0.000223598 8.65657e-05
 4.0886e-11 1.92308e-09 6.26335e-08 1.41254e-06 2.20589e-05 0.000238535 0.00178614 0.00926173 0.0332628 0.0828023 0.143283 0.174313 0.155436 0.115253 0.0878686 0.0721886 0.0542068 0.0342781 0.0190229 0.00970452 0.00446076 0.00177597 0.000606052 0.000179787 4.78573e-05
 3.99706e-11 1.88002e-09 6.12312e-08 1.38092e-06 2.1565e-05 0.000233195 0.00174616 0.00905449 0.0325199 0.0809657 0.140193 0.170967 0.153777 0.116772 0.0922055 0.0770345 0.0570735 0.0345575 0.017948 0.00865158 0.00391482 0.00159271 0.000561447 0.000167451 4.1518e-05
 4.03528e-11 1.898e-09 6.18168e-08 1.39412e-06 2.17712e-05 0.000235425 0.00176286 0.00914105 0.0328305 0.081736 0.141506 0.17247 0.154814 0.1169 0.0915134 0.0759983 0.0561418 0.033861 0.017388 0.0081594 0.00353102 0.00136214 0.000459443 0.000134117 3.31043e-05
 4.11851e-11 1.93715e-09 6.30918e-08 1.42288e-06 2.22203e-05 0.000240281 0.00179921 0.00932951 0.0335065 0.0834112 0.144352 0.175683 0.156876 0.116735 0.0893164 0.0730157 0.0536613 0.0323647 0.0166514 0.00782013 0.00336845 0.00128 0.000419472 0.000117662 2.78615e-05
 4.26288e-11 2.00505e-09 6.53033e-08 1.47275e-06 2.29991e-05 0.000248703 0.00186227 0.00965642 0.0346793 0.0863177 0.149294 0.181281 0.160534 0.116627 0.0857542 0.0680333 0.0493449 0.0295451 0.0150891 0.00703871 0.00302098 0.0011465 0.000374621 0.000104105 2.41938e-05
 4.21599e-11 1.983e-09 6.45851e-08 1.45655e-06 2.27462e-05 0.000245968 0.00184179 0.00955026 0.0342985 0.0853748 0.147697 0.179499 0.159465 0.116924 0.0872899 0.0699695 0.0507969 0.0302182 0.0152359 0.00699864 0.00296688 0.00111697 0.000363098 0.000100529 2.32672e-05
 4.09695e-11 1.92701e-09 6.27614e-08 1.41543e-06 2.21039e-05 0.000239023 0.00178979 0.0092807 0.0333316 0.082979 0.143627 0.174909 0.15653 0.117195 0.0904919 0.0743079 0.0544107 0.032398 0.0162852 0.00743091 0.00311776 0.00115795 0.000370757 0.000101244 2.31901e-05
 4.11028e-11 1.93328e-09 6.29657e-08 1.42003e-06 2.21759e-05 0.000239801 0.00179562 0.00931087 0.0334395 0.0832439 0.14406 0.175314 0.156506 0.116388 0.0890137 0.0728942 0.0538886 0.0329094 0.0172542 0.00824094 0.0035652 0.00134061 0.000429288 0.0001164 2.63713e-05
 4.03844e-11 1.89949e-09 6.18652e-08 1.39521e-06 2.17883e-05 0.00023561 0.00176424 0.00914821 0.0328562 0.0817996 0.141614 0.172593 0.154895 0.116898 0.0914322 0.0758743 0.056019 0.0337753 0.0173597 0.0081773 0.00355713 0.00137009 0.000452747 0.000126057 2.8987e-05
 3.68897e-11 1.73512e-09 5.65117e-08 1.27448e-06 1.99028e-05 0.000215222 0.00161158 0.00835687 0.0300172 0.0747636 0.129651 0.159038 0.146025 0.11713 0.100014 0.0879142 0.0664945 0.0406641 0.0211951 0.0100834 0.00438533 0.00167707 0.000551727 0.000154534 3.61305e-05
 3.57278e-11 1.68047e-09 5.47317e-08 1.23434e-06 1.92759e-05 0.000208443 0.00156082 0.00809371 0.0290727 0.0724177 0.125628 0.154318 0.142387 0.11569 0.100669 0.0900616 0.0696637 0.0443388 0.0245589 0.012443 0.00565614 0.0022167 0.000737789 0.000207402 4.85063e-05
 3.68663e-11 1.73401e-09 5.64757e-08 1.27367e-06 1.98902e-05 0.000215085 0.00161055 0.0083515 0.0299974 0.0747084 0.129516 0.158689 0.145127 0.115278 0.0973572 0.0856225 0.0659748 0.0421724 0.0236768 0.012312 0.00582282 0.00239993 0.00084164 0.000246993 5.94264e-05
 3.85884e-11 1.81501e-09 5.91138e-08 1.33316e-06 2.08193e-05 0.000225131 0.00168578 0.00874146 0.0313964 0.0781766 0.135418 0.165402 0.149608 0.115404 0.0934763 0.0799786 0.0608471 0.0385301 0.0214227 0.0110806 0.00526731 0.00221089 0.000799969 0.00024462 6.15709e-05
 3.72173e-11 1.75052e-09 5.70134e-08 1.28579e-06 2.00795e-05 0.000217132 0.00162589 0.00843103 0.0302832 0.0754218 0.130764 0.160268 0.146724 0.116809 0.0987475 0.0863098 0.0652311 0.0400399 0.021127 0.0103388 0.00472689 0.00194395 0.000699372 0.000215518 5.53446e-05
 3.66617e-11 1.72439e-09 5.61622e-08 1.2666e-06 1.97798e-05 0.000213891 0.00160162 0.00830518 0.0298314 0.074299 0.128833 0.157978 0.14488 0.115896 0.0987598 0.087154 0.0668804 0.0421996 0.0231224 0.011623 0.00529297 0.00210916 0.00072778 0.000216629 5.45756e-05
 3.76186e-11 1.7694e-09 5.76282e-08 1.29966e-06 2.0296e-05 0.000219473 0.00164342 0.00852184 0.0306084 0.0762224 0.132087 0.161586 0.146971 0.115086 0.0953108 0.0828821 0.0637385 0.0408686 0.0230591 0.012027 0.00568352 0.00233752 0.0008212 0.000243774 6.01676e-05
 3.81055e-11 1.7923e-09 5.8374e-08 1.31648e-06 2.05587e-05 0.000222314 0.00166469 0.00863213 0.0310044 0.077207 0.133784 0.163615 0.148662 0.116053 0.0955515 0.0823819 0.0623954 0.0388938 0.0211006 0.0106654 0.00500604 0.00209263 0.000756579 0.000231415 5.8404e-05
 3.68215e-11 1.73191e-09 5.6407e-08 1.27212e-06 1.9866e-05 0.000214823 0.0016086 0.00834136 0.0299612 0.0746207 0.12938 0.1586 0.145289 0.11589 0.0983596 0.086555 0.0662951 0.0417594 0.0228865 0.0115819 0.00536339 0.00219362 0.000779711 0.000237924 6.07968e-05
 3.7766e-11 1.77633e-09 5.7854e-08 1.30475e-06 2.03756e-05 0.000220334 0.00164986 0.00855524 0.0307284 0.0765209 0.132603 0.162211 0.147517 0.115455 0.0954985 0.0828406 0.0633797 0.0402338 0.0223687 0.0115031 0.00539243 0.00221747 0.000785682 0.000237207 5.98639e-05
 3.78155e-11 1.77866e-09 5.79298e-08 1.30646e-06 2.04023e-05 0.000220622 0.00165202 0.00856645 0.0307687 0.0766215 0.13278 0.16244 0.147762 0.115711 0.0957454 0.082958 0.0632262 0.0398339 0.0219297 0.011212 0.00527265 0.00219153 0.000786639 0.000239815 6.07237e-05
 3.58006e-11 1.68389e-09 5.48431e-08 1.23685e-06 1.93152e-05 0.000208867 0.001564 0.00811019 0.0291318 0.0725644 0.125879 0.154609 0.142598 0.115736 0.100534 0.0897587 0.0692272 0.0438852 0.0242794 0.0124389 0.00583723 0.00241705 0.000866578 0.000265209 6.7675e-05
 3.52984e-11 1.66027e-09 5.40739e-08 1.2195e-06 1.90443e-05 0.000205938 0.00154207 0.00799644 0.0287233 0.0715471 0.124117 0.152457 0.140661 0.114308 0.0996446 0.089684 0.0703955 0.0461672 0.0268191 0.0143855 0.00694923 0.00291867 0.00105243 0.000322574 8.23521e-05
 3.4436e-11 1.61971e-09 5.27528e-08 1.18971e-06 1.8579e-05 0.000200906 0.0015044 0.00780117 0.028023 0.0698136 0.121184 0.149202 0.138762 0.114994 0.102639 0.0932931 0.072852 0.0470087 0.0267864 0.0142814 0.00701109 0.00303967 0.00113419 0.00035688 9.25446e-05
 3.638e-11 1.71114e-09 5.57308e-08 1.25687e-06 1.96278e-05 0.000212248 0.00158931 0.00824138 0.0296022 0.0737283 0.127845 0.156771 0.143789 0.115076 0.0981969 0.086949 0.0672516 0.0431762 0.0244201 0.0128579 0.00621565 0.0026633 0.00099347 0.000316966 8.41089e-05
#obs catch len freq
 3.57276e-11 1.68045e-09 5.47313e-08 1.23433e-06 1.92758e-05 0.000208441 0.00156082 0.00809367 0.0290729 0.0724197 0.125644 0.154398 0.142645 0.116253 0.101459 0.0906513 0.0695824 0.0435995 0.0236772 0.011889 0.00548813 0.00224212 0.000794105 0.000240521 6.09673e-05
 3.60683e-11 1.69648e-09 5.52533e-08 1.2461e-06 1.94597e-05 0.000210429 0.0015757 0.00817084 0.0293497 0.0731066 0.126816 0.155746 0.143596 0.116422 0.100905 0.0897312 0.0686393 0.0427973 0.0230611 0.0114692 0.0052425 0.00211961 0.000742223 0.000222182 5.56813e-05
 4.61449e-11 2.17043e-09 7.06896e-08 1.59423e-06 2.48962e-05 0.000269216 0.00201586 0.0104526 0.0375353 0.0933928 0.161303 0.194789 0.169037 0.115464 0.0757756 0.0547889 0.038619 0.0234587 0.0124891 0.00615137 0.00278629 0.00111593 0.000386685 0.000114457 2.83569e-05
 3.67936e-11 1.73059e-09 5.63643e-08 1.27116e-06 1.9851e-05 0.000214661 0.00160739 0.00833519 0.0299406 0.0745835 0.129414 0.159099 0.147188 0.120233 0.104713 0.0919383 0.0672395 0.0378331 0.0169729 0.00672832 0.00256932 0.00094136 0.000314219 9.13908e-05 2.23704e-05
 4.34803e-11 2.0451e-09 6.66077e-08 1.50217e-06 2.34586e-05 0.000253671 0.00189947 0.00984921 0.0353709 0.0880293 0.15219 0.184497 0.162417 0.115967 0.0828278 0.0645074 0.0469515 0.0287241 0.0150974 0.00709358 0.00291597 0.00100528 0.00029 7.21976e-05 1.57795e-05
 4.03987e-11 1.90016e-09 6.1887e-08 1.39571e-06 2.1796e-05 0.000235693 0.00176486 0.00915149 0.0328686 0.0818355 0.141712 0.172877 0.155672 0.118529 0.0937541 0.0777922 0.0562598 0.0322075 0.015094 0.0063627 0.0025423 0.000930367 0.000294274 7.73446e-05 1.65171e-05
 3.88822e-11 1.82883e-09 5.95638e-08 1.34332e-06 2.09778e-05 0.000226846 0.00169862 0.00880806 0.0316363 0.0787788 0.136497 0.166887 0.151476 0.117873 0.0964132 0.0822073 0.0608731 0.0361246 0.0178775 0.00790817 0.0031612 0.00110061 0.000327543 8.35739e-05 1.81015e-05
 3.87563e-11 1.82291e-09 5.9371e-08 1.33897e-06 2.09099e-05 0.000226111 0.00169312 0.00877955 0.0315339 0.0785234 0.136052 0.166333 0.150941 0.117403 0.0960194 0.082019 0.0610809 0.0367374 0.0186573 0.0085735 0.00358061 0.00130069 0.000399058 0.000102386 2.17404e-05
 4.19579e-11 1.9735e-09 6.42755e-08 1.44958e-06 2.26372e-05 0.000244789 0.00183297 0.0095045 0.0341345 0.0849677 0.147002 0.178703 0.158911 0.116847 0.0876587 0.0705676 0.0514086 0.0307285 0.0155986 0.00720446 0.00304981 0.00113485 0.000360188 9.60438e-05 2.11125e-05
 4.31514e-11 2.02963e-09 6.61038e-08 1.49081e-06 2.32811e-05 0.000251752 0.0018851 0.00977478 0.0351044 0.0873737 0.151109 0.183433 0.162266 0.117485 0.0857642 0.0673215 0.047956 0.0276943 0.0132876 0.00574636 0.00231943 0.000845811 0.000268483 7.25713e-05 1.63247e-05
 3.97797e-11 1.87105e-09 6.09388e-08 1.37432e-06 2.1462e-05 0.000232082 0.00173782 0.00901132 0.0323657 0.0805891 0.139592 0.170473 0.154091 0.118553 0.0952673 0.0799709 0.0582417 0.0335803 0.0158397 0.00663453 0.00256187 0.000886227 0.000266335 6.88258e-05 1.50879e-05
 4.12976e-11 1.94244e-09 6.32641e-08 1.42676e-06 2.2281e-05 0.000240937 0.00180413 0.009355 0.0335983 0.08364 0.144753 0.176194 0.157406 0.117271 0.0898438 0.0733566 0.0535645 0.0317925 0.015846 0.00708128 0.00285416 0.000994842 0.000292572 7.25913e-05 1.5152e-05
 4.17451e-11 1.96349e-09 6.39495e-08 1.44222e-06 2.25224e-05 0.000243548 0.00182367 0.00945634 0.033962 0.0845428 0.146297 0.17799 0.158736 0.117665 0.0893442 0.0722766 0.0521996 0.0304032 0.0147274 0.00642074 0.00258742 0.000927452 0.000284421 7.3107e-05 1.54706e-05
 3.89577e-11 1.83238e-09 5.96795e-08 1.34592e-06 2.10185e-05 0.000227286 0.00170191 0.00882517 0.0316978 0.0789328 0.13677 0.167245 0.151879 0.11833 0.0968853 0.0824663 0.0606527 0.0354591 0.0171281 0.00739917 0.0029352 0.00103266 0.000312397 8.03121e-05 1.7271e-05
 3.55236e-11 1.67086e-09 5.44188e-08 1.22728e-06 1.91658e-05 0.000207252 0.00155191 0.00804754 0.0289079 0.0720165 0.124997 0.153848 0.142912 0.118007 0.104523 0.0936388 0.0708658 0.0427729 0.0216815 0.00989223 0.00407789 0.00145625 0.000439668 0.000111815 2.37499e-05
 3.2404e-11 1.52413e-09 4.96398e-08 1.1195e-06 1.74827e-05 0.000189052 0.00141563 0.00734108 0.026373 0.0657292 0.114274 0.141541 0.134324 0.116735 0.11003 0.102537 0.0798351 0.0501932 0.0271191 0.0133293 0.00587055 0.00221705 0.000702907 0.000185668 4.03078e-05
 3.696e-11 1.73842e-09 5.66191e-08 1.27691e-06 1.99407e-05 0.000215631 0.00161465 0.00837269 0.0300734 0.0748948 0.129822 0.158984 0.145144 0.114788 0.0964438 0.0847707 0.0657159 0.0425654 0.0243002 0.0127533 0.00599344 0.00241901 0.000822213 0.000232229 5.34293e-05
 3.59697e-11 1.69184e-09 5.51021e-08 1.24269e-06 1.94064e-05 0.000209854 0.00157139 0.00814851 0.0292698 0.0729104 0.126496 0.155444 0.143606 0.116996 0.101944 0.0906686 0.0688638 0.0422707 0.0223159 0.0109923 0.00509527 0.00212407 0.000765078 0.000231027 5.68365e-05
 3.49672e-11 1.64469e-09 5.35665e-08 1.20806e-06 1.88656e-05 0.000204005 0.0015276 0.0079215 0.0284553 0.07089 0.12305 0.151487 0.140842 0.116587 0.103754 0.0936781 0.0720375 0.0449658 0.0241668 0.0119119 0.00535964 0.00212901 0.00073714 0.000220558 5.55581e-05
 3.51246e-11 1.65209e-09 5.38075e-08 1.2135e-06 1.89505e-05 0.000204924 0.00153447 0.00795712 0.0285829 0.0712048 0.123574 0.152032 0.141028 0.116104 0.102675 0.0925291 0.0714144 0.0450371 0.0246433 0.0124151 0.0056916 0.00228147 0.000784596 0.000229465 5.61966e-05
 3.84276e-11 1.80745e-09 5.88674e-08 1.32761e-06 2.07325e-05 0.000224193 0.00167875 0.00870505 0.0312661 0.0778548 0.134882 0.164845 0.149417 0.115897 0.0945825 0.0811702 0.0615254 0.0385202 0.0209937 0.0105835 0.00489089 0.00198945 0.000695905 0.000206141 5.06393e-05
 3.68578e-11 1.73361e-09 5.64627e-08 1.27338e-06 1.98856e-05 0.000215035 0.00161019 0.00834964 0.0299915 0.0747005 0.129549 0.158951 0.146062 0.117388 0.10044 0.0882495 0.0664704 0.0403008 0.0207946 0.00989522 0.00440296 0.00176315 0.000616056 0.00018385 4.56855e-05
 3.57163e-11 1.67992e-09 5.47139e-08 1.23394e-06 1.92697e-05 0.000208375 0.00156032 0.00809112 0.0290639 0.0723993 0.125622 0.154433 0.142875 0.11683 0.102347 0.0914919 0.069928 0.0433126 0.0229922 0.0111469 0.00491466 0.0019006 0.00063557 0.00018307 4.46299e-05
 3.6586e-11 1.72083e-09 5.60463e-08 1.26399e-06 1.9739e-05 0.00021345 0.00159831 0.00828806 0.0297702 0.0741479 0.128583 0.157725 0.144818 0.116188 0.0993562 0.0877493 0.0671396 0.0420689 0.0228258 0.011381 0.00515754 0.00203828 0.000687932 0.000196378 4.67118e-05
 3.575e-11 1.68151e-09 5.47656e-08 1.2351e-06 1.92879e-05 0.000208572 0.00156179 0.00809876 0.0290912 0.0724664 0.125732 0.154536 0.14287 0.116623 0.101946 0.091042 0.0696211 0.0432556 0.0231718 0.0114579 0.00521434 0.0020956 0.000724338 0.000211624 5.11268e-05
 3.45701e-11 1.62601e-09 5.2958e-08 1.19434e-06 1.86513e-05 0.000201688 0.00151025 0.00783155 0.0281325 0.0700887 0.121678 0.149892 0.139656 0.116219 0.104149 0.0945334 0.0730895 0.0460526 0.0251362 0.0126243 0.00577582 0.00231722 0.000800474 0.0002354 5.76726e-05
 3.4e-11 1.59919e-09 5.20847e-08 1.17464e-06 1.83437e-05 0.000198362 0.00148535 0.00770244 0.0276691 0.0689384 0.11971 0.1476 0.137949 0.115681 0.104704 0.0957525 0.0745983 0.0476127 0.0265197 0.0136351 0.00637295 0.00260296 0.000911352 0.000270176 6.64953e-05
 3.17521e-11 1.49346e-09 4.86411e-08 1.09698e-06 1.7131e-05 0.000185248 0.00138715 0.00719341 0.0258428 0.064411 0.112004 0.13883 0.132076 0.115457 0.109662 0.102962 0.0811058 0.0522135 0.0294273 0.0153627 0.00731009 0.00304841 0.00109156 0.000330487 8.2744e-05
#spawning biomass
 4295.4 2960.5 4426.79 6606.32 9756.76 12973.8 13406.5 15407.2 20341.3 32699.8 45151 69596.4 90636.1 109541 106882 91943.1 93100.6 85317.3 81794.1 89097.1 84583.4 96210 95963.6 105706 119818 136811 117428 84831.6 32084.5 77455.6 48141.7 29358.8 21089.6 17888.8 16736.4 16339.9 16207.3 16163.9 16149.8 16145.3 16143.8 16143.4 16143.2 16143.2 16143.2 16143.2 16143.2 16143.2 16143.2 16143.2 16143.2 16143.2 16143.2 16143.2 16143.2 16143.2 16143.2 16143.2 16143.2 16143.2 16143.2 16143.2 16143.2 16143.2 16143.2 16143.2 16143.2 16143.2 16143.2 16143.2 16143.2 16143.2 16143.2 16143.2 16143.2 16143.2 16143.2 16143.2 16143.2 16143.2 16143.2 16143.2 16143.2 16143.2 16143.2 16143.2 16143.2 16143.2 16143.2 16143.2 16143.2 16143.2 16143.2 16143.2 16143.2 16143.2 16143.2 16143.2 16143.2 16143.2 16143.2 16143.2 16143.2 16143.2 16143.2 16143.2 16143.2 16143.2 16143.2 16143.2 16143.2 16143.2 16143.2 16143.2 16143.2 16143.2 16143.2 16143.2 16143.2 16143.2 16143.2 16143.2 16143.2 16143.2 16143.2 16143.2 16143.2 16143.2 0 0 0 0 0 0 0 0 0 0 0 0 0 0 0 0 0 0 0 0 0 0 0 0 0
