SBPRF35
0.190864
Curr Bio
187758
B35
194318
F35
1.19938
FOFL
1.19938
OFL
84006.1
Bzero
54531.8
#pred survey bio
 13363.7 14911.1 16446.4 18946.3 22057.7 26090 30419.9 37816.7 51253.5 67526 78664.6 96578.3 126561 153251 154184 129561 116343 115012 111917 110272 112425 117637 124934 134201 146632 147984 138453 130771 144066 4.80256e+06 4.16202e+06 2.43423e+06 1.25334e+06 787022 601560 515389 469096 442022 425572 415432 409155 405269 402864 401369 400441 399880 399540 399333 399208 399132 399085 399057 399040 399029 399023 399019 399017 399015 399014 399014 399013 399013 399013 399013 399013 399013 399013 399013 399013 399013 399013 399013 399013 399013 399013 399013 399013 399013 399013 399013 399013 399013 399013 399013 399013 399013 399013 399013 399013 399013 399013 399013 399013 399013 399013 399013 399013 399013 399013 399013 399013 399013 399013 399013 399013 399013 399013 399013 399013 399013 399013 399013 399013 399013 399013 399013 399013 399013 399013 399013 399013 399013 399013 399013 399013 399013 399013 399013 399013 0 0 0 0 0 0 0 0 0 0 0 0 0 0 0 0 0 0 0 0 0 0 0 0 0
#obs survey bio
 10595.6 11912 14777.8 19133.4 23377.5 22447.3 28872.4 32966.9 44322.6 62907.5 98199.7 78775.8 109070 178784 122704 83325.3 93823.4 117938 75297.9 89507 115920 92017.3 130556 118688 92573.6 105255 105728 91416.8 98843.3
#pred catch bio
 5294.24 6712.49 7170.4 8992.23 10623 12879.8 15533.5 19829.6 27346.3 39117.4 46642.1 59784.9 76475.9 92521.2 105535 93333.1 80122.6 79546.8 78446.4 78358.4 80115.6 86294.3 92423.8 99134.7 113807 116446 110043 99506.6 64041.6 84006.1 96668.3 51508.8 19510.7 10009.8 7717.42 7207.71 7099.87 7077.83 7073.44 7072.58 7072.42 7072.39 7072.38 7072.38 7072.38 7072.38 7072.38 7072.38 7072.38 7072.38 7072.38 7072.38 7072.38 7072.38 7072.38 7072.38 7072.38 7072.38 7072.38 7072.38 7072.38 7072.38 7072.38 7072.38 7072.38 7072.38 7072.38 7072.38 7072.38 7072.38 7072.38 7072.38 7072.38 7072.38 7072.38 7072.38 7072.38 7072.38 7072.38 7072.38 7072.38 7072.38 7072.38 7072.38 7072.38 7072.38 7072.38 7072.38 7072.38 7072.38 7072.38 7072.38 7072.38 7072.38 7072.38 7072.38 7072.38 7072.38 7072.38 7072.38 7072.38 7072.38 7072.38 7072.38 7072.38 7072.38 7072.38 7072.38 7072.38 7072.38 7072.38 7072.38 7072.38 7072.38 7072.38 7072.38 7072.38 7072.38 7072.38 7072.38 7072.38 7072.38 7072.38 7072.38 7072.38 7072.38 7072.38 7072.38 7072.38 0 0 0 0 0 0 0 0 0 0 0 0 0 0 0 0 0 0 0 0 0 0 0 0 0
#obs catch bio
 7822.46 6856.36 7217.37 9012.56 10523.4 12848.1 15561.6 19381.9 26811.8 37985.1 45295.1 59164.9 74105.4 89566.3 103382 94622.3 79227.5 76216 76388.6 75369.1 76556.1 83272.3 89849.9 95065.6 110236 113912 106998 98996.2 62710.6
#pred cpue bio
 8975.41 9800.37 10428.1 12014.4 13332.8 15674.4 18255.6 21435.3 27574.5 36998.3 43837.4 51216.5 63611.6 82815.6 91375.4 74420.9 61698.4 62013 60319.4 58298.3 57919 60059.5 61726.8 66022.7 71664.3 71892.5 69053.1 63572.3 68362.5 2.78495e+06 3.41347e+06 2.31876e+06 1.15264e+06 679584 492700 406265 359920 332835 316383 306243 299966 296079 293674 292180 291252 290690 290350 290144 290019 289942 289896 289868 289850 289840 289834 289830 289827 289826 289825 289824 289824 289824 289824 289824 289824 289824 289824 289824 289824 289824 289824 289824 289824 289824 289824 289824 289824 289824 289824 289824 289824 289824 289824 289824 289824 289824 289824 289824 289824 289824 289824 289824 289824 289824 289824 289824 289824 289824 289824 289824 289824 289824 289824 289824 289824 289824 289824 289824 289824 289824 289824 289824 289824 289824 289824 289824 289824 289824 289824 289824 289824 289824 289824 289824 289824 289824 289824 289824 289824 0 0 0 0 0 0 0 0 0 0 0 0 0 0 0 0 0 0 0 0 0 0 0 0 0
#obs cpue bio
 7803.99 6613.25 10705.9 15615 15977.5 15593.8 21248.9 47312.4 37806 69052.4 54710.6 69736.3 120526 111979 142792 89563 95110.9 151777 114129 152208 116062 122608 93078.4 154208 168530 130453 148775 92425.3 160614
#pred surv len freq
 2.56532e-27 2.59402e-27 3.79474e-26 7.4653e-20 1.83003e-14 5.4227e-10 1.94232e-06 0.00084095 0.0440123 0.278434 0.213246 0.0402105 0.156244 0.144184 0.0319281 0.0368055 0.0155384 0.0115985 0.0070268 0.00525832 0.00404835 0.00342921 0.00336426 0.00293696 0.000891281
 2.56535e-27 2.59429e-27 3.82963e-26 7.53895e-20 1.84808e-14 5.4762e-10 1.96148e-06 0.000849247 0.0444465 0.281181 0.215327 0.0391514 0.146725 0.135947 0.0405598 0.058413 0.0197298 0.00807767 0.00360192 0.00204083 0.00128303 0.000929262 0.000804552 0.00069892 0.000231914
 2.56596e-27 2.59586e-27 3.95808e-26 7.80988e-20 1.9145e-14 5.673e-10 2.03197e-06 0.000879767 0.0460438 0.291286 0.223053 0.039756 0.145898 0.134947 0.0360792 0.0485421 0.0182127 0.0100795 0.00321361 0.00100351 0.000422269 0.000233509 0.000166777 0.000135289 4.6353e-05
 2.56572e-27 2.59518e-27 3.8958e-26 7.67847e-20 1.88229e-14 5.57755e-10 1.99778e-06 0.000864964 0.0452691 0.286385 0.219317 0.0401608 0.151604 0.140196 0.0367388 0.0486725 0.0174483 0.00863065 0.00320754 0.00110155 0.000248936 7.7702e-05 3.9262e-05 2.72181e-05 9.1972e-06
 2.56703e-27 2.59866e-27 4.19687e-26 8.31359e-20 2.03798e-14 6.03889e-10 2.16303e-06 0.000936509 0.0490135 0.310073 0.237399 0.0398024 0.136172 0.125864 0.0325742 0.042741 0.0150176 0.00695169 0.0023966 0.000795806 0.000206625 3.85773e-05 9.32601e-06 4.60131e-06 1.44982e-06
 2.56665e-27 2.59752e-27 4.08503e-26 8.07761e-20 1.98013e-14 5.86748e-10 2.10163e-06 0.000909926 0.0476223 0.301272 0.230698 0.041021 0.150154 0.138583 0.031502 0.0370645 0.0128437 0.00569015 0.0018883 0.000577841 0.000139876 2.72902e-05 3.70432e-06 8.29518e-07 2.16144e-07
 2.56676e-27 2.59784e-27 4.11491e-26 8.14066e-20 1.99559e-14 5.91328e-10 2.11804e-06 0.000917029 0.047994 0.303623 0.232488 0.0407098 0.146528 0.135318 0.0324106 0.0399231 0.0131654 0.00481434 0.00153723 0.000447555 0.000100329 1.81222e-05 2.27218e-06 2.2207e-07 3.32873e-08
 2.56815e-27 2.60154e-27 4.43694e-26 8.81998e-20 2.16211e-14 6.40672e-10 2.29478e-06 0.000993553 0.051999 0.32896 0.251828 0.040257 0.129494 0.119483 0.0275101 0.0327292 0.0109281 0.00419513 0.00123927 0.00030527 6.42478e-05 1.07241e-05 1.23029e-06 8.77861e-08 5.42002e-09
 2.56889e-27 2.60344e-27 4.59293e-26 9.14901e-20 2.24277e-14 6.64573e-10 2.38039e-06 0.00103062 0.0539388 0.341231 0.261206 0.04074 0.126581 0.116592 0.0233148 0.0238581 0.00776564 0.00269688 0.000802246 0.000198724 3.60647e-05 5.34129e-06 5.59812e-07 3.48231e-08 1.19657e-09
 2.56821e-27 2.60155e-27 4.42189e-26 8.78818e-20 2.15432e-14 6.38363e-10 2.28651e-06 0.000989971 0.0518115 0.327774 0.250943 0.0415923 0.140277 0.129169 0.0244337 0.0232187 0.00718887 0.00192112 0.000531814 0.000121191 2.20216e-05 2.94662e-06 2.65384e-07 1.47396e-08 3.97382e-10
 2.56779e-27 2.60041e-27 4.32141e-26 8.5762e-20 2.10235e-14 6.22965e-10 2.23136e-06 0.000966092 0.0505618 0.319868 0.24491 0.0418391 0.146394 0.134835 0.0258386 0.024986 0.00756108 0.00172028 0.000427083 7.61828e-05 1.24129e-05 1.59015e-06 1.31146e-07 6.22382e-09 1.45063e-10
 2.56903e-27 2.60378e-27 4.61973e-26 9.20555e-20 2.25663e-14 6.6868e-10 2.3951e-06 0.00103699 0.0542721 0.34334 0.262819 0.0409046 0.126701 0.116672 0.0227859 0.0225973 0.00685216 0.00157566 0.000376482 5.6851e-05 7.50382e-06 7.91593e-07 6.03103e-08 2.59739e-09 5.17832e-11
 2.56977e-27 2.60571e-27 4.78217e-26 9.54818e-20 2.34062e-14 6.93568e-10 2.48425e-06 0.00107558 0.0562921 0.35612 0.27258 0.0411256 0.121524 0.111727 0.0188808 0.0149324 0.00448412 0.000983759 0.000233042 3.46834e-05 4.11438e-06 3.46392e-07 2.08961e-08 8.01181e-10 1.43135e-11
 2.56803e-27 2.60096e-27 4.35925e-26 8.65598e-20 2.12191e-14 6.2876e-10 2.25211e-06 0.000975079 0.0510321 0.322843 0.247195 0.0426252 0.150771 0.13867 0.0228042 0.017087 0.00496645 0.000818712 0.000180837 2.57912e-05 3.00983e-06 2.35391e-07 1.13987e-08 3.39817e-10 5.25132e-12
 2.566e-27 2.59556e-27 3.89167e-26 7.66964e-20 1.88012e-14 5.57113e-10 1.99548e-06 0.000863969 0.045217 0.286055 0.219112 0.0430969 0.174092 0.160419 0.0308125 0.0298679 0.00870923 0.00141906 0.000296593 3.30437e-05 3.52458e-06 2.65816e-07 1.20501e-08 2.9204e-10 3.49101e-12
 2.5671e-27 2.59856e-27 4.16041e-26 8.23658e-20 2.0191e-14 5.98295e-10 2.14299e-06 0.000927834 0.0485595 0.307201 0.235241 0.0420578 0.154852 0.14271 0.028496 0.0290573 0.00868577 0.00177592 0.000388377 4.17554e-05 3.86102e-06 2.37318e-07 1.00599e-08 2.26798e-10 2.23042e-12
 2.56861e-27 2.60255e-27 4.50213e-26 8.95741e-20 2.1958e-14 6.50655e-10 2.33054e-06 0.00100903 0.0528092 0.334086 0.255769 0.041981 0.139845 0.128634 0.0218805 0.017513 0.00519038 0.00101932 0.000229507 2.9589e-05 2.8353e-06 1.57978e-07 5.43582e-09 1.08737e-10 9.83415e-13
 2.56802e-27 2.60092e-27 4.35457e-26 8.64612e-20 2.11949e-14 6.28043e-10 2.24955e-06 0.000973967 0.0509739 0.322475 0.246916 0.0427438 0.15187 0.13966 0.0225635 0.0162859 0.00468305 0.000688686 0.000143652 1.80623e-05 1.88555e-06 1.20034e-07 3.93183e-09 6.52227e-11 5.06044e-13
 2.56817e-27 2.60134e-27 4.3943e-26 8.72993e-20 2.14004e-14 6.34131e-10 2.27135e-06 0.000983408 0.051468 0.325601 0.249297 0.0423804 0.147431 0.135626 0.0229625 0.0182077 0.0052029 0.000690593 0.000133213 1.29677e-05 1.23207e-06 8.05591e-08 2.99505e-09 5.00695e-11 3.31934e-13
 2.56855e-27 2.60236e-27 4.48338e-26 8.91786e-20 2.18611e-14 6.47782e-10 2.32025e-06 0.00100458 0.052576 0.33261 0.254647 0.0422427 0.142624 0.131156 0.0215589 0.0161354 0.00463464 0.000665475 0.00012967 1.13723e-05 9.17126e-07 4.82552e-08 1.74999e-09 3.21795e-11 2.21959e-13
 2.56902e-27 2.60363e-27 4.59369e-26 9.15057e-20 2.24315e-14 6.64686e-10 2.38079e-06 0.00103079 0.0539479 0.34129 0.261272 0.0420816 0.136744 0.125689 0.0198485 0.0136109 0.00387325 0.000503906 9.61177e-05 8.95065e-06 7.08889e-07 3.20191e-08 9.29375e-10 1.55712e-11 1.14239e-13
 2.56913e-27 2.6039e-27 4.61585e-26 9.1973e-20 2.25461e-14 6.68081e-10 2.39295e-06 0.00103606 0.0542235 0.343033 0.262604 0.0421642 0.136437 0.12537 0.0191495 0.012097 0.00340992 0.000396163 7.15892e-05 6.09797e-06 4.77161e-07 2.22442e-08 5.81834e-10 7.86343e-12 5.03792e-14
 2.56974e-27 2.60555e-27 4.76086e-26 9.5032e-20 2.32959e-14 6.903e-10 2.47254e-06 0.00107052 0.0560269 0.354442 0.27131 0.0418105 0.127628 0.117221 0.0173378 0.0100173 0.0027959 0.000285191 4.80703e-05 3.66318e-06 2.62156e-07 1.13759e-08 3.01035e-10 3.83488e-12 2.03036e-14
 2.56972e-27 2.60548e-27 4.7523e-26 9.48514e-20 2.32517e-14 6.88989e-10 2.46784e-06 0.00106848 0.0559205 0.353768 0.270799 0.0420185 0.12957 0.118969 0.0168451 0.00845465 0.00233686 0.000212267 3.32598e-05 2.24093e-06 1.43541e-07 5.49991e-09 1.33029e-10 1.65144e-12 8.41392e-15
 2.56986e-27 2.60587e-27 4.78751e-26 9.55942e-20 2.34338e-14 6.94385e-10 2.48717e-06 0.00107685 0.0563584 0.356539 0.272912 0.0418765 0.127005 0.116611 0.0165939 0.00847455 0.00233127 0.000189635 2.74998e-05 1.67053e-06 9.57842e-08 3.18099e-09 6.74594e-11 7.4746e-13 3.61494e-15
 2.56987e-27 2.60586e-27 4.78402e-26 9.55205e-20 2.34157e-14 6.93849e-10 2.48525e-06 0.00107602 0.0563149 0.356264 0.272706 0.0420855 0.128741 0.118164 0.0159804 0.00668667 0.00182284 0.000137854 1.88006e-05 1.02304e-06 5.19676e-08 1.51384e-09 2.78815e-11 2.6534e-13 1.1308e-15
 2.56929e-27 2.60428e-27 4.64293e-26 9.2544e-20 2.2686e-14 6.72228e-10 2.40781e-06 0.00104249 0.0545601 0.345162 0.264238 0.0426406 0.138914 0.127521 0.0170844 0.00684755 0.00185292 0.000119924 1.42021e-05 7.20425e-07 3.33094e-08 8.45993e-10 1.35676e-11 1.10794e-13 4.03336e-16
 2.56988e-27 2.60589e-27 4.78703e-26 9.55841e-20 2.34313e-14 6.94311e-10 2.4869e-06 0.00107673 0.0563524 0.356501 0.272886 0.0420355 0.128233 0.117706 0.016095 0.00706171 0.00191498 0.000121021 1.38501e-05 6.1766e-07 2.41201e-08 5.5483e-10 7.87412e-12 5.50629e-14 1.71496e-16
 2.57037e-27 2.60723e-27 4.90713e-26 9.81177e-20 2.40524e-14 7.12714e-10 2.55282e-06 0.00110528 0.0578461 0.36595 0.280094 0.041573 0.119649 0.109809 0.0151239 0.00683628 0.00186271 0.000130831 1.65469e-05 7.30329e-07 2.71654e-08 5.31526e-10 6.48177e-12 4.00018e-14 1.07301e-16
#obs surv len freq
 1.24849e-41 1.73282e-33 2.90717e-26 5.89568e-20 1.44526e-14 4.28256e-10 1.53394e-06 0.000664144 0.0347587 0.219894 0.168642 0.0417616 0.170435 0.142685 0.0893243 0.0844547 0.032952 0.0117884 0.00236346 0.000263202 1.1971e-05 1.62624e-07 4.9912e-10 2.82297e-13 2.57203e-17
 1.56411e-41 2.17088e-33 3.64211e-26 7.38612e-20 1.81062e-14 5.3652e-10 1.92173e-06 0.000832041 0.0435457 0.275483 0.211124 0.0427339 0.142192 0.11325 0.073727 0.064109 0.023842 0.00767599 0.00135083 0.00012687 4.6728e-06 4.91004e-08 1.12134e-10 4.60398e-14 3.0034e-18
 1.29369e-41 1.79555e-33 3.01241e-26 6.10912e-20 1.49758e-14 4.4376e-10 1.58948e-06 0.000688188 0.036017 0.227856 0.174997 0.0518156 0.20429 0.150134 0.0730472 0.0550694 0.0195162 0.00563615 0.000863232 6.69623e-05 1.95052e-06 1.56473e-08 2.65091e-11 7.90287e-15 3.6918e-19
 1.55907e-41 2.16389e-33 3.63038e-26 7.36233e-20 1.80479e-14 5.34792e-10 1.91554e-06 0.000829362 0.0434055 0.274597 0.210619 0.0473656 0.149571 0.109475 0.0848147 0.0595994 0.0155594 0.00364789 0.000483487 3.07038e-05 6.94712e-07 4.17706e-09 5.19374e-12 1.12058e-15 3.74988e-20
 1.53896e-41 2.13598e-33 3.58354e-26 7.26735e-20 1.78151e-14 5.27893e-10 1.89083e-06 0.000818662 0.0428455 0.271055 0.208157 0.0553391 0.18009 0.118767 0.0638591 0.0416781 0.0141878 0.00291275 0.000274033 1.35402e-05 2.35671e-07 1.04849e-09 9.43957e-13 1.45989e-16 3.48299e-21
 1.34834e-41 1.87141e-33 3.13969e-26 6.36722e-20 1.56085e-14 4.62508e-10 1.65663e-06 0.000717263 0.0375387 0.237484 0.182767 0.0611584 0.205159 0.131018 0.0837223 0.0468725 0.0111766 0.00217622 0.000202159 7.17951e-06 8.83259e-08 2.8569e-10 1.84676e-13 2.02826e-17 3.42075e-22
 1.56247e-41 2.1686e-33 3.63828e-26 7.37836e-20 1.80872e-14 5.35956e-10 1.91971e-06 0.000831167 0.0435 0.275197 0.211536 0.0580826 0.165689 0.105104 0.0834672 0.0441654 0.0106989 0.00160833 0.000114318 3.56324e-06 3.22956e-08 7.08224e-11 3.17932e-14 2.45484e-18 2.90846e-23
 1.73235e-41 2.40439e-33 4.03387e-26 8.18061e-20 2.00538e-14 5.9423e-10 2.12844e-06 0.00092154 0.0482297 0.305119 0.234588 0.0627855 0.163229 0.0926794 0.0565043 0.0276323 0.0072333 0.00101591 5.85611e-05 1.32156e-06 9.27658e-09 1.49767e-11 4.57315e-15 2.38228e-19 1.93813e-24
 1.6557e-41 2.29801e-33 3.85538e-26 7.81863e-20 1.91665e-14 5.67937e-10 2.03426e-06 0.000880764 0.0460957 0.291621 0.224686 0.0712709 0.184876 0.0980591 0.0551703 0.022339 0.00440847 0.000560849 3.03028e-05 5.45561e-07 2.72285e-09 3.15429e-12 6.96957e-16 2.53393e-20 1.39718e-25
 1.53373e-41 2.12872e-33 3.57137e-26 7.24266e-20 1.77545e-14 5.26099e-10 1.8844e-06 0.000815881 0.0427 0.270141 0.208724 0.07853 0.19975 0.104741 0.0665569 0.0237964 0.00386359 0.000363803 1.50982e-05 2.30788e-07 9.06442e-10 7.47718e-13 1.14467e-16 2.92097e-21 1.13503e-26
 1.46644e-41 2.03532e-33 3.41466e-26 6.92487e-20 1.69755e-14 5.03015e-10 1.80172e-06 0.000780082 0.0408264 0.258291 0.200113 0.08423 0.20395 0.107391 0.0750351 0.0250518 0.00401243 0.000308458 9.11332e-06 9.83967e-08 2.94885e-10 1.86446e-13 2.07054e-17 3.67489e-22 9.82749e-28
 1.88084e-41 2.61048e-33 4.37963e-26 8.8818e-20 2.17727e-14 6.45164e-10 2.31087e-06 0.00100053 0.0523637 0.331278 0.255457 0.0729072 0.140642 0.0738254 0.0529699 0.0166794 0.00268201 0.000187616 4.62364e-06 3.54152e-08 7.13647e-11 3.17325e-14 2.58006e-18 3.34748e-23 6.39036e-29
 1.56846e-41 2.17693e-33 3.65224e-26 7.40668e-20 1.81566e-14 5.38013e-10 1.92708e-06 0.000834358 0.043667 0.276271 0.215159 0.102317 0.213947 0.0903237 0.0431352 0.0123155 0.00190235 0.000122491 2.70709e-06 1.6857e-08 2.45686e-11 7.32011e-15 3.98321e-19 3.57474e-24 4.84918e-30
 1.27045e-41 1.7633e-33 2.9583e-26 5.99938e-20 1.47068e-14 4.35789e-10 1.56092e-06 0.000675826 0.0353701 0.223792 0.176167 0.113456 0.232885 0.119708 0.0787221 0.0173167 0.00180503 9.86376e-05 1.92998e-06 1.02264e-08 1.19273e-11 2.6327e-15 9.93111e-20 5.96824e-25 5.4126e-31
 1.14943e-41 1.59533e-33 2.6765e-26 5.42789e-20 1.33058e-14 3.94276e-10 1.41223e-06 0.000611448 0.0320008 0.202486 0.160682 0.11757 0.227567 0.134924 0.0975166 0.0237554 0.0027752 0.000107961 1.4673e-06 6.20388e-09 5.85713e-12 1.01462e-15 2.88453e-20 1.25278e-25 7.92273e-32
 1.55681e-41 2.16075e-33 3.62511e-26 7.35165e-20 1.80217e-14 5.34016e-10 1.91276e-06 0.000828159 0.0433426 0.274235 0.214769 0.10076 0.165472 0.104508 0.0742694 0.0192656 0.00244767 9.94694e-05 1.15446e-06 3.32869e-09 2.22197e-12 2.91062e-16 6.32603e-21 2.07248e-26 9.69694e-33
 1.40857e-41 1.955e-33 3.27992e-26 6.65161e-20 1.63056e-14 4.83166e-10 1.73062e-06 0.000749299 0.0392154 0.248155 0.197881 0.136022 0.215247 0.0969799 0.0512926 0.0128022 0.0015876 6.56069e-05 7.5426e-07 1.91587e-09 9.46569e-13 8.43296e-17 1.27488e-21 3.02313e-27 1.04289e-33
 1.46488e-41 2.03316e-33 3.41105e-26 6.91754e-20 1.69575e-14 5.02483e-10 1.79981e-06 0.000779256 0.0407832 0.258084 0.205805 0.130222 0.190246 0.107161 0.056452 0.00955974 0.000872441 3.24508e-05 3.47551e-07 8.14419e-10 3.50584e-13 2.48097e-17 2.71365e-22 4.42139e-28 1.04377e-34
 1.44161e-41 2.00086e-33 3.35686e-26 6.80764e-20 1.66881e-14 4.945e-10 1.77122e-06 0.000766877 0.0401354 0.254015 0.204777 0.144475 0.195764 0.101373 0.0489809 0.00899273 0.000700432 1.75474e-05 1.43885e-07 2.85788e-10 1.0549e-13 6.28565e-18 5.584e-23 7.04558e-29 1.22553e-35
 1.5604e-41 2.16573e-33 3.63346e-26 7.36859e-20 1.80632e-14 5.35246e-10 1.91717e-06 0.000830066 0.0434425 0.274955 0.221465 0.141431 0.174982 0.0945857 0.041339 0.00649801 0.000458219 1.01754e-05 5.99919e-08 8.24866e-11 2.29972e-14 1.08851e-18 7.75656e-24 7.79773e-30 1.06517e-36
 1.50418e-41 2.0877e-33 3.50256e-26 7.10312e-20 1.74125e-14 5.15963e-10 1.8481e-06 0.000800162 0.0418775 0.265108 0.217131 0.16061 0.184879 0.0896719 0.0345419 0.00506853 0.00030434 5.59875e-06 2.7376e-08 2.84397e-11 5.47622e-15 1.79707e-19 9.29516e-25 7.02563e-31 7.33027e-38
 1.55282e-41 2.15521e-33 3.61582e-26 7.3328e-20 1.79755e-14 5.32647e-10 1.90785e-06 0.000826035 0.0432318 0.273713 0.225095 0.160206 0.172415 0.0896434 0.0309241 0.00375211 0.000188189 2.87008e-06 1.10982e-08 8.99268e-12 1.31726e-15 3.12002e-20 1.11715e-25 5.80246e-32 4.23277e-39
 1.55631e-41 2.16006e-33 3.62394e-26 7.34929e-20 1.80159e-14 5.33844e-10 1.91214e-06 0.000827892 0.0433291 0.274399 0.228607 0.170918 0.170245 0.0827279 0.0258725 0.00294747 0.00012254 1.4566e-06 4.38406e-09 2.72056e-12 2.9972e-16 5.29397e-21 1.39617e-26 5.22697e-33 2.68461e-40
 1.59441e-41 2.21294e-33 3.71266e-26 7.5292e-20 1.84569e-14 5.46913e-10 1.95895e-06 0.00084816 0.04439 0.281181 0.236121 0.174056 0.161967 0.0778471 0.0214142 0.00209785 7.46374e-05 7.3007e-07 1.67595e-09 7.71505e-13 6.29039e-17 8.18214e-22 1.57891e-27 4.30796e-34 1.60711e-41
 1.58823e-41 2.20436e-33 3.69827e-26 7.50002e-20 1.83854e-14 5.44793e-10 1.95136e-06 0.000844872 0.0442183 0.280205 0.239175 0.184404 0.159935 0.0721071 0.0175581 0.0015066 4.3906e-05 3.43386e-07 6.19719e-10 2.15916e-13 1.28697e-17 1.20784e-22 1.68031e-28 3.30737e-35 8.89331e-43
 1.37473e-41 1.90803e-33 3.20112e-26 6.49181e-20 1.59139e-14 4.71558e-10 1.68904e-06 0.000731298 0.038275 0.242835 0.219081 0.217104 0.183028 0.0804916 0.0171702 0.00125178 2.99417e-05 1.85485e-07 2.56176e-10 6.73243e-14 2.99107e-18 2.0564e-23 2.06147e-29 2.8958e-36 5.5403e-44
 1.40365e-41 1.94818e-33 3.26847e-26 6.62839e-20 1.62487e-14 4.8148e-10 1.72458e-06 0.000746685 0.0390808 0.248032 0.22406 0.205663 0.176476 0.0876927 0.0171434 0.0010828 2.09788e-05 1.01452e-07 1.06702e-10 2.09036e-14 6.82529e-19 3.42702e-24 2.49885e-30 2.5392e-37 3.48993e-45
 1.4646e-41 2.03277e-33 3.41039e-26 6.91621e-20 1.69543e-14 5.02386e-10 1.79947e-06 0.000779107 0.0407776 0.258751 0.231603 0.202811 0.169379 0.0787841 0.016029 0.00106444 1.91353e-05 7.98512e-08 6.9762e-11 1.11589e-14 2.95172e-19 1.19439e-24 6.99288e-31 5.69698e-38 6.2771e-46
 1.46462e-41 2.03279e-33 3.41043e-26 6.91628e-20 1.69544e-14 5.02391e-10 1.79948e-06 0.000779115 0.040778 0.258754 0.231606 0.202816 0.169466 0.0789582 0.0158283 0.000996378 1.66326e-05 6.30995e-08 4.9292e-11 6.97267e-15 1.61844e-19 5.71788e-25 2.91249e-31 2.059e-38 1.96502e-46
#pred catch len freq
 2.55877e-27 2.57658e-27 2.29132e-26 4.29386e-20 1.05259e-14 3.11901e-10 1.11718e-06 0.000483695 0.0253148 0.160149 0.122945 0.0413909 0.22867 0.211441 0.0513148 0.0643029 0.0271622 0.0202501 0.0122043 0.00909321 0.00698275 0.0059081 0.00579395 0.00505764 0.00153483
 2.55899e-27 2.57744e-27 2.38206e-26 4.48534e-20 1.09953e-14 3.25809e-10 1.16699e-06 0.000505264 0.0264437 0.167291 0.128373 0.039815 0.212868 0.197736 0.0650833 0.0988796 0.0333837 0.0136147 0.00604119 0.00340502 0.00213465 0.00154414 0.00133634 0.00116078 0.000385165
 2.5596e-27 2.57898e-27 2.50322e-26 4.74087e-20 1.16217e-14 3.44371e-10 1.23348e-06 0.000534049 0.0279502 0.176821 0.135668 0.0409617 0.216468 0.200686 0.0588688 0.0841346 0.0315463 0.017402 0.00553126 0.00171625 0.00071982 0.00039746 0.000283734 0.00023014 7.885e-05
 2.55963e-27 2.57898e-27 2.49596e-26 4.72553e-20 1.15841e-14 3.43256e-10 1.22949e-06 0.000532321 0.0278597 0.176249 0.135241 0.0415859 0.221518 0.205274 0.0583991 0.0818077 0.0292943 0.0144155 0.00533528 0.00182273 0.000410724 0.000127933 6.46e-05 4.47775e-05 1.51304e-05
 2.56108e-27 2.58282e-27 2.82505e-26 5.41973e-20 1.32858e-14 3.93682e-10 1.4101e-06 0.000610521 0.0319525 0.202141 0.15501 0.0414464 0.206568 0.191337 0.0533923 0.0738343 0.025907 0.0119167 0.00409197 0.00135079 0.000349732 6.51906e-05 1.57442e-05 7.7662e-06 2.44699e-06
 2.56087e-27 2.58205e-27 2.73699e-26 5.23388e-20 1.28302e-14 3.80183e-10 1.36175e-06 0.000589586 0.0308568 0.195209 0.149746 0.0432868 0.224271 0.207346 0.0503114 0.0627232 0.0217062 0.00955042 0.00315705 0.000960321 0.000231776 4.51445e-05 6.12299e-06 1.37062e-06 3.5712e-07
 2.56107e-27 2.58262e-27 2.79084e-26 5.34749e-20 1.31087e-14 3.88435e-10 1.39131e-06 0.000602384 0.0315266 0.199446 0.152974 0.0428217 0.218464 0.202108 0.051605 0.0669312 0.0220442 0.00799706 0.00254319 0.000735915 0.000164485 2.96584e-05 3.71565e-06 3.6302e-07 5.44093e-08
 2.5628e-27 2.58721e-27 3.18632e-26 6.18177e-20 1.51539e-14 4.49036e-10 1.60837e-06 0.000696363 0.0364451 0.230562 0.176729 0.0425269 0.199531 0.184434 0.0448006 0.0558572 0.0186169 0.00707871 0.00208337 0.000509798 0.00010696 1.78216e-05 2.04283e-06 1.45716e-07 8.99549e-09
 2.5639e-27 2.58997e-27 3.41019e-26 6.65396e-20 1.63114e-14 4.83335e-10 1.73123e-06 0.000749555 0.039229 0.248174 0.190193 0.0435117 0.197566 0.182264 0.0379743 0.0407828 0.0132517 0.00455208 0.00134856 0.000331869 6.00492e-05 8.87577e-06 9.29452e-07 5.77966e-08 1.98571e-09
 2.56343e-27 2.58862e-27 3.28244e-26 6.38443e-20 1.56507e-14 4.63757e-10 1.6611e-06 0.000719193 0.03764 0.238121 0.182533 0.0445443 0.210806 0.19436 0.0379268 0.0375863 0.0116204 0.00306565 0.00084478 0.000191178 3.46314e-05 4.62511e-06 4.1617e-07 2.31057e-08 6.2285e-10
 2.56302e-27 2.58751e-27 3.18483e-26 6.17852e-20 1.51459e-14 4.488e-10 1.60752e-06 0.000695997 0.036426 0.230441 0.176672 0.0447652 0.216604 0.199742 0.0394543 0.0396983 0.0119988 0.00269431 0.000665995 0.00011794 1.91517e-05 2.44847e-06 2.01753e-07 9.57086e-09 2.23042e-10
 2.56475e-27 2.59222e-27 3.60143e-26 7.05737e-20 1.73003e-14 5.12638e-10 1.83618e-06 0.000794998 0.0416073 0.26322 0.201682 0.0435455 0.189751 0.174954 0.0349267 0.0356135 0.0107809 0.00244154 0.000580811 8.70563e-05 1.14511e-05 1.2052e-06 9.17309e-08 3.949e-09 7.87176e-11
 2.56568e-27 2.59459e-27 3.79766e-26 7.47128e-20 1.83149e-14 5.42705e-10 1.94388e-06 0.000841624 0.0440476 0.278657 0.213478 0.0440828 0.185552 0.170813 0.0293713 0.0239815 0.00719135 0.00155378 0.000366407 5.41313e-05 6.40056e-06 5.37585e-07 3.23936e-08 1.24143e-09 2.2175e-11
 2.56347e-27 2.58857e-27 3.26146e-26 6.34011e-20 1.5542e-14 4.60538e-10 1.64957e-06 0.0007142 0.0373787 0.236468 0.181294 0.0459763 0.222574 0.204921 0.0344084 0.0268661 0.0078047 0.0012693 0.00027894 3.94948e-05 4.59395e-06 3.58458e-07 1.7339e-08 5.16632e-10 7.98211e-12
 2.56169e-27 2.58387e-27 2.86135e-26 5.4961e-20 1.3473e-14 3.9923e-10 1.42997e-06 0.000619124 0.0324027 0.204989 0.157254 0.0458429 0.238448 0.219897 0.0429934 0.0426653 0.012427 0.00199354 0.000414487 4.58392e-05 4.87049e-06 3.6645e-07 1.65941e-08 4.01952e-10 4.80376e-12
 2.56322e-27 2.58808e-27 3.23656e-26 6.28765e-20 1.54134e-14 4.56727e-10 1.63592e-06 0.00070829 0.0370694 0.234511 0.179776 0.0444917 0.212343 0.195847 0.0394468 0.0406513 0.012127 0.00243501 0.000529975 5.65558e-05 5.21013e-06 3.19398e-07 1.35229e-08 3.04707e-10 2.99593e-12
 2.56484e-27 2.59231e-27 3.59562e-26 7.04507e-20 1.72701e-14 5.11745e-10 1.83298e-06 0.000793612 0.0415348 0.262761 0.201351 0.044749 0.199142 0.183345 0.0314299 0.0255148 0.00754847 0.00145623 0.000326167 4.17347e-05 3.98638e-06 2.21555e-07 7.61396e-09 1.52213e-10 1.37628e-12
 2.56416e-27 2.5904e-27 3.42141e-26 6.67753e-20 1.63692e-14 4.85048e-10 1.73736e-06 0.00075221 0.039368 0.249053 0.190899 0.0457177 0.213858 0.196827 0.0320467 0.0235155 0.00675463 0.000976716 0.000202428 2.52596e-05 2.62773e-06 1.6689e-07 5.46067e-09 9.05271e-11 7.02175e-13
 2.5644e-27 2.5911e-27 3.48675e-26 6.81537e-20 1.67071e-14 4.9506e-10 1.77322e-06 0.000767737 0.0401806 0.254194 0.194816 0.0451818 0.207027 0.190609 0.0324953 0.0260981 0.00744991 0.000972319 0.00018631 1.80027e-05 1.70333e-06 1.11097e-07 4.12583e-09 6.89362e-11 4.56887e-13
 2.56497e-27 2.59261e-27 3.6186e-26 7.09351e-20 1.73889e-14 5.15264e-10 1.84559e-06 0.00079907 0.0418204 0.264568 0.202734 0.0449881 0.19999 0.184063 0.0303866 0.0229426 0.00658149 0.000928391 0.00017977 1.56532e-05 1.25707e-06 6.59619e-08 2.38906e-09 4.39063e-11 3.02774e-13
 2.5656e-27 2.59429e-27 3.76422e-26 7.4007e-20 1.81419e-14 5.37577e-10 1.92551e-06 0.000833673 0.0436315 0.276025 0.21148 0.0448048 0.192451 0.177045 0.0280346 0.0193455 0.00549874 0.000702845 0.00013312 1.23056e-05 9.70829e-07 4.37339e-08 1.26769e-09 2.1225e-11 1.55678e-13
 2.56592e-27 2.59514e-27 3.83697e-26 7.55418e-20 1.85182e-14 5.48726e-10 1.96544e-06 0.000850962 0.0445363 0.281749 0.215851 0.044798 0.189328 0.174112 0.0265954 0.0168014 0.00473059 0.000539904 9.67881e-05 8.18458e-06 6.37697e-07 2.96505e-08 7.74586e-10 1.04611e-11 6.70006e-14
 2.56677e-27 2.59743e-27 4.03842e-26 7.97914e-20 1.95599e-14 5.79595e-10 2.07601e-06 0.000898834 0.0470417 0.297599 0.227946 0.044315 0.177155 0.162848 0.0240494 0.0138321 0.00385644 0.000386589 6.45721e-05 4.88601e-06 3.48059e-07 1.50626e-08 3.98066e-10 5.06761e-12 2.68218e-14
 2.56674e-27 2.59733e-27 4.02611e-26 7.95317e-20 1.94962e-14 5.77708e-10 2.06925e-06 0.000895908 0.0468886 0.29663 0.227211 0.0446033 0.179865 0.165288 0.0233746 0.0116801 0.00322534 0.000288199 4.47095e-05 2.99225e-06 1.90714e-07 7.28721e-09 1.76009e-10 2.18346e-12 1.11211e-14
 2.56724e-27 2.5987e-27 4.14863e-26 8.21162e-20 2.01298e-14 5.96482e-10 2.1365e-06 0.000925022 0.0484123 0.30627 0.234564 0.0441613 0.171335 0.157435 0.0223067 0.0112214 0.00308342 0.000246769 3.53734e-05 2.13501e-06 1.21761e-07 4.03239e-09 8.5385e-11 9.45357e-13 4.5705e-15
 2.56734e-27 2.59894e-27 4.16694e-26 8.25025e-20 2.02245e-14 5.99288e-10 2.14655e-06 0.000929373 0.04864 0.30771 0.235667 0.0443574 0.172052 0.158034 0.0212839 0.00874096 0.00237984 0.000177179 2.38643e-05 1.2908e-06 6.51893e-08 1.89366e-09 3.4821e-11 3.31112e-13 1.41058e-15
 2.56668e-27 2.59712e-27 4.00367e-26 7.9058e-20 1.93801e-14 5.74267e-10 2.05693e-06 0.000890572 0.0466093 0.294864 0.225868 0.0450063 0.183875 0.168908 0.0225405 0.00886816 0.00239699 0.00015303 1.78634e-05 9.00924e-07 4.1404e-08 1.04867e-09 1.67891e-11 1.36984e-13 4.98479e-16
 2.56713e-27 2.59838e-27 4.11737e-26 8.14567e-20 1.99681e-14 5.91691e-10 2.11934e-06 0.000917593 0.0480235 0.30381 0.232691 0.0444781 0.175061 0.160819 0.0219298 0.00951053 0.00257696 0.000160764 1.81394e-05 8.04918e-07 3.12246e-08 7.16228e-10 1.01467e-11 7.08913e-14 2.20699e-16
 2.56548e-27 2.59389e-27 3.71942e-26 7.30617e-20 1.79102e-14 5.30711e-10 1.90092e-06 0.000823025 0.0430741 0.272499 0.208802 0.0457197 0.201294 0.185019 0.0260832 0.0128859 0.00351942 0.000245829 3.09348e-05 1.36015e-06 5.03127e-08 9.82011e-10 1.19526e-11 7.3697e-14 1.97596e-16
#obs catch len freq
 6.01627e-42 8.35019e-34 1.40092e-26 2.84103e-20 6.96446e-15 2.0637e-10 7.39182e-07 0.00032004 0.0167496 0.105964 0.081683 0.042511 0.227531 0.192024 0.131246 0.126689 0.0515825 0.0191769 0.00403154 0.000467185 2.2155e-05 3.14859e-07 1.00821e-09 5.91414e-13 5.56028e-17
 6.88391e-42 9.55442e-34 1.60295e-26 3.25076e-20 7.96884e-15 2.36131e-10 8.45784e-07 0.000366196 0.0191652 0.121246 0.0934636 0.0462564 0.230135 0.184738 0.128783 0.113862 0.0441087 0.0148144 0.00277456 0.000275886 1.06507e-05 1.16594e-07 2.76777e-10 1.177e-13 7.91564e-18
 1.03944e-41 1.44267e-33 2.42038e-26 4.90849e-20 1.20326e-14 3.56547e-10 1.2771e-06 0.000552938 0.0289386 0.183075 0.140746 0.0482915 0.202308 0.154288 0.109488 0.0883775 0.0324629 0.00974383 0.00158984 0.000132227 4.0965e-06 3.44163e-08 6.04767e-11 1.86129e-14 8.94715e-19
 8.83293e-42 1.22595e-33 2.05679e-26 4.17113e-20 1.0225e-14 3.02986e-10 1.08525e-06 0.000469875 0.0245914 0.155575 0.120082 0.0602084 0.262846 0.183351 0.09543 0.0669569 0.0233148 0.00623472 0.000877838 5.97645e-05 1.4524e-06 9.25413e-09 1.20066e-11 2.67541e-15 9.1946e-20
 1.21524e-41 1.68667e-33 2.82974e-26 5.73866e-20 1.40677e-14 4.1685e-10 1.49309e-06 0.000646457 0.033833 0.214039 0.164621 0.053979 0.193517 0.135834 0.110512 0.0706323 0.0179621 0.00392154 0.000473846 2.61558e-05 4.89694e-07 2.32508e-09 2.20529e-12 3.54719e-16 8.71904e-21
 1.28068e-41 1.7775e-33 2.98213e-26 6.0477e-20 1.48252e-14 4.39299e-10 1.5735e-06 0.00068127 0.0356549 0.225567 0.173742 0.0636788 0.220603 0.137957 0.0771703 0.0465688 0.0152943 0.002829 0.000242746 1.03942e-05 1.48502e-07 5.18825e-10 3.5511e-13 4.08553e-17 7.14933e-22
 1.16904e-41 1.62256e-33 2.72217e-26 5.52051e-20 1.35329e-14 4.01004e-10 1.43633e-06 0.000621882 0.0325468 0.205906 0.159009 0.0694716 0.235203 0.143019 0.0935904 0.0475451 0.0109651 0.00195601 0.000160594 4.87734e-06 4.92401e-08 1.24592e-10 6.10418e-14 4.97815e-18 6.15096e-23
 1.45297e-41 2.01662e-33 3.3833e-26 6.86127e-20 1.68196e-14 4.98395e-10 1.78517e-06 0.000772917 0.0404514 0.255912 0.197121 0.064626 0.184497 0.112351 0.0897701 0.0431043 0.00995796 0.00134591 8.56349e-05 2.25071e-06 1.64884e-08 2.82473e-11 9.60236e-15 5.49804e-19 4.76789e-24
 1.67689e-41 2.32741e-33 3.90472e-26 7.91868e-20 1.94117e-14 5.75205e-10 2.06029e-06 0.000892035 0.0466855 0.295352 0.22745 0.0688397 0.175128 0.0946172 0.0578631 0.0259185 0.00641082 0.000800317 4.049e-05 7.70405e-07 4.35262e-09 5.44162e-12 1.25545e-15 4.84945e-20 2.88637e-25
 1.64366e-41 2.28129e-33 3.82734e-26 7.76177e-20 1.90271e-14 5.63807e-10 2.01946e-06 0.000874359 0.0457605 0.289502 0.223429 0.0771062 0.190202 0.0958571 0.0535306 0.0196293 0.00366924 0.000417608 1.9503e-05 2.91257e-07 1.16415e-09 1.04293e-12 1.73552e-16 4.67228e-21 1.8855e-26
 1.55846e-41 2.16304e-33 3.62894e-26 7.35943e-20 1.80408e-14 5.34581e-10 1.91478e-06 0.000829035 0.0433884 0.274499 0.212452 0.08399 0.199402 0.10004 0.0621162 0.0199827 0.00303578 0.00025367 9.15692e-06 1.15289e-07 3.5834e-10 2.27405e-13 2.61881e-17 4.94305e-22 1.40474e-27
 1.5185e-41 2.10757e-33 3.53589e-26 7.17072e-20 1.75782e-14 5.20873e-10 1.86568e-06 0.000807776 0.0422758 0.267464 0.207554 0.0892449 0.199496 0.101289 0.0681018 0.0205213 0.00303475 0.00020374 5.18522e-06 4.61772e-08 1.09358e-10 5.28805e-14 4.4013e-18 5.7723e-23 1.12854e-28
 1.92694e-41 2.67447e-33 4.48697e-26 9.09949e-20 2.23063e-14 6.60977e-10 2.36751e-06 0.00102505 0.0536471 0.3394 0.261994 0.0761444 0.135831 0.0691765 0.047196 0.0134803 0.00198054 0.000120095 2.50681e-06 1.5666e-08 2.4924e-11 8.47713e-15 5.1546e-19 4.93139e-24 6.87827e-30
 1.6213e-41 2.25026e-33 3.77528e-26 7.65619e-20 1.87683e-14 5.56138e-10 1.992e-06 0.000862465 0.045138 0.285584 0.222882 0.107373 0.205908 0.08288 0.0380101 0.00989757 0.00138495 7.70065e-05 1.42553e-06 7.15611e-09 8.16292e-12 1.85625e-15 7.55452e-20 4.99504e-25 4.94289e-31
 1.33521e-41 1.85319e-33 3.1091e-26 6.3052e-20 1.54564e-14 4.58003e-10 1.64049e-06 0.000710276 0.0371731 0.235207 0.185698 0.119729 0.225021 0.11288 0.0687186 0.013513 0.00128735 6.09432e-05 9.91381e-07 4.20032e-09 3.80284e-12 6.3715e-16 1.79417e-20 7.94539e-26 5.25721e-32
 1.21986e-41 1.69308e-33 2.8405e-26 5.76047e-20 1.41211e-14 4.18434e-10 1.49876e-06 0.000648913 0.0339616 0.214902 0.171122 0.124303 0.220425 0.128877 0.0849976 0.0187658 0.00193157 6.40277e-05 7.28835e-07 2.46015e-09 1.79269e-12 2.34535e-16 4.96082e-21 1.58567e-26 7.31977e-33
 1.63454e-41 2.26863e-33 3.8061e-26 7.7187e-20 1.89215e-14 5.60678e-10 2.00826e-06 0.000869506 0.0455065 0.287935 0.225948 0.104553 0.157191 0.0980659 0.0632406 0.014971 0.00165975 5.68517e-05 5.3873e-07 1.23524e-09 6.37343e-13 6.28959e-17 1.01377e-21 2.43851e-27 8.3181e-34
 1.48755e-41 2.06463e-33 3.46384e-26 7.0246e-20 1.722e-14 5.10259e-10 1.82766e-06 0.000791316 0.0414144 0.262084 0.209632 0.140574 0.202559 0.0887554 0.043231 0.00985717 0.0010637 3.69105e-05 3.42397e-07 6.81333e-10 2.57981e-13 1.72995e-17 1.93789e-22 3.36643e-28 8.44736e-35
 1.54838e-41 2.14904e-33 3.60547e-26 7.31181e-20 1.79241e-14 5.31122e-10 1.90239e-06 0.000823671 0.0431078 0.272809 0.218157 0.133922 0.178796 0.0984109 0.0462983 0.00708395 0.000570786 1.78205e-05 1.53172e-07 2.78859e-10 9.11883e-14 4.82808e-18 3.90618e-23 4.66341e-29 8.00323e-36
 1.52808e-41 2.12087e-33 3.5582e-26 7.21596e-20 1.76891e-14 5.24159e-10 1.87745e-06 0.000812873 0.0425427 0.26927 0.217742 0.147773 0.182788 0.0920627 0.0399705 0.00658764 0.000439234 9.2436e-06 6.11523e-08 9.40293e-11 2.62171e-14 1.16235e-18 7.60674e-24 7.01997e-30 8.88121e-37
 1.64807e-41 2.28742e-33 3.83762e-26 7.78261e-20 1.90782e-14 5.65321e-10 2.02489e-06 0.000876706 0.0458835 0.290427 0.234553 0.143367 0.162135 0.0848164 0.0330046 0.00464926 0.000280497 5.13645e-06 2.41688e-08 2.57769e-11 5.42419e-15 1.90339e-19 9.95244e-25 7.29361e-31 7.2294e-38
 1.59392e-41 2.21225e-33 3.71151e-26 7.52686e-20 1.84512e-14 5.46743e-10 1.95835e-06 0.000847896 0.0443759 0.280954 0.2308 0.162063 0.170404 0.0795042 0.0273023 0.00356206 0.000181361 2.74271e-06 1.06109e-08 8.47538e-12 1.22936e-15 2.98973e-20 1.13218e-25 6.218e-32 4.69286e-39
 1.64418e-41 2.28202e-33 3.82856e-26 7.76425e-20 1.90331e-14 5.63987e-10 2.02011e-06 0.000874637 0.0457755 0.289854 0.239017 0.160692 0.158494 0.0786524 0.0239556 0.00257214 0.000109018 1.35579e-06 4.12617e-09 2.55937e-12 2.81141e-16 4.92463e-21 1.29093e-26 4.87012e-33 2.56503e-40
 1.64849e-41 2.288e-33 3.83859e-26 7.78458e-20 1.9083e-14 5.65464e-10 2.0254e-06 0.000876928 0.0458956 0.290696 0.242828 0.170456 0.155633 0.0717406 0.0198241 0.00197757 6.87479e-05 6.63433e-07 1.5643e-09 7.399e-13 6.09437e-17 7.94097e-22 1.53067e-27 4.16137e-34 1.54459e-41
 1.68704e-41 2.3415e-33 3.92836e-26 7.96662e-20 1.95292e-14 5.78687e-10 2.07276e-06 0.000897435 0.0469692 0.297571 0.25047 0.17253 0.147417 0.0666165 0.0161111 0.00137529 4.06868e-05 3.20071e-07 5.72409e-10 2.00243e-13 1.2174e-17 1.16563e-22 1.64128e-28 3.24742e-35 8.74593e-43
 1.68127e-41 2.33349e-33 3.91491e-26 7.93936e-20 1.94624e-14 5.76707e-10 2.06567e-06 0.000894364 0.0468089 0.296687 0.253785 0.181902 0.144938 0.0609756 0.0130187 0.000964789 2.32287e-05 1.45374e-07 2.03257e-10 5.35861e-14 2.3763e-18 1.6391e-23 1.66136e-29 2.3682e-36 4.59233e-44
 1.47043e-41 2.04086e-33 3.42396e-26 6.94372e-20 1.70217e-14 5.04384e-10 1.80662e-06 0.000782206 0.0409399 0.259837 0.234964 0.214967 0.167123 0.0679329 0.0126455 0.000790757 1.55286e-05 7.64877e-08 8.14879e-11 1.61506e-14 5.32407e-19 2.68597e-24 1.96032e-30 1.99319e-37 2.74816e-45
 1.50127e-41 2.08367e-33 3.49579e-26 7.08938e-20 1.73788e-14 5.14966e-10 1.84452e-06 0.000798615 0.0417985 0.265184 0.235414 0.197533 0.166777 0.0776253 0.0140524 0.000800727 1.36122e-05 5.64312e-08 4.98477e-11 8.08539e-15 2.16329e-19 8.83762e-25 5.21706e-31 4.27716e-38 4.73112e-46
 1.55481e-41 2.15797e-33 3.62045e-26 7.3422e-20 1.79985e-14 5.3333e-10 1.9103e-06 0.000827095 0.0432889 0.2746 0.242027 0.194393 0.158307 0.0715249 0.0141365 0.00087971 1.45773e-05 5.49846e-08 4.27744e-11 6.03312e-15 1.39745e-19 4.92967e-25 2.50817e-31 1.77161e-38 1.68959e-46
#spawning biomass
 16026.2 18059.2 20116.6 23176.1 27318.5 32350.8 37740.6 47555.8 65185.2 85527.7 99265 123213 163198 194619 191773 162378 148368 146121 142225 140705 144216 151168 161592 173703 190041 191989 178691 169642 187758 261080 208780 98263.4 40685.8 24172 20202.8 19320.6 19133.9 19095.8 19088.2 19086.7 19086.4 19086.4 19086.4 19086.4 19086.4 19086.4 19086.4 19086.4 19086.4 19086.4 19086.4 19086.4 19086.4 19086.4 19086.4 19086.4 19086.4 19086.4 19086.4 19086.4 19086.4 19086.4 19086.4 19086.4 19086.4 19086.4 19086.4 19086.4 19086.4 19086.4 19086.4 19086.4 19086.4 19086.4 19086.4 19086.4 19086.4 19086.4 19086.4 19086.4 19086.4 19086.4 19086.4 19086.4 19086.4 19086.4 19086.4 19086.4 19086.4 19086.4 19086.4 19086.4 19086.4 19086.4 19086.4 19086.4 19086.4 19086.4 19086.4 19086.4 19086.4 19086.4 19086.4 19086.4 19086.4 19086.4 19086.4 19086.4 19086.4 19086.4 19086.4 19086.4 19086.4 19086.4 19086.4 19086.4 19086.4 19086.4 19086.4 19086.4 19086.4 19086.4 19086.4 19086.4 19086.4 19086.4 19086.4 19086.4 19086.4 0 0 0 0 0 0 0 0 0 0 0 0 0 0 0 0 0 0 0 0 0 0 0 0 0
