SBPRF35
0.819782
Curr Bio
227137
B35
897641
F35
0.233433
FOFL
0
OFL
0
Bzero
234224
#pred survey bio
 12427.5 9297 7080.21 7736.98 12071.3 20032.8 28627 35341.9 51390.4 72849.5 86583.3 125720 168862 179071 180027 160468 158724 166586 167096 181224 199180 219764 225863 255249 287020 291562 321850 327357 250010 3.38192e+06 5.14817e+06 5.74926e+06 5.59326e+06 5.06684e+06 4.43301e+06 3.83657e+06 3.33726e+06 2.94648e+06 2.65316e+06 2.4388e+06 2.2847e+06 2.17493e+06 2.09705e+06 2.04121e+06 1.99997e+06 1.971e+06 1.95037e+06 1.93548e+06 1.92458e+06 1.91649e+06 1.91041e+06 1.90578e+06 1.90222e+06 1.89945e+06 1.89728e+06 1.89556e+06 1.89419e+06 1.8931e+06 1.89222e+06 1.89151e+06 1.89093e+06 1.89047e+06 1.89009e+06 1.88978e+06 1.88953e+06 1.88933e+06 1.88916e+06 1.88903e+06 1.88891e+06 1.88882e+06 1.88875e+06 1.88869e+06 1.88864e+06 1.8886e+06 1.88856e+06 1.88854e+06 1.88851e+06 1.8885e+06 1.88848e+06 1.88847e+06 1.88846e+06 1.88845e+06 1.88844e+06 1.88844e+06 1.88843e+06 1.88843e+06 1.88843e+06 1.88842e+06 1.88842e+06 1.88842e+06 1.88842e+06 1.88842e+06 1.88842e+06 1.88842e+06 1.88842e+06 1.88842e+06 1.88842e+06 1.88842e+06 1.88842e+06 1.88841e+06 1.88841e+06 1.88841e+06 1.88841e+06 1.88841e+06 1.88841e+06 1.88841e+06 1.88841e+06 1.88841e+06 1.88841e+06 1.88841e+06 1.88841e+06 1.88841e+06 1.88841e+06 1.88841e+06 1.88841e+06 1.88841e+06 1.88841e+06 1.88841e+06 1.88841e+06 1.88841e+06 1.88841e+06 1.88841e+06 1.88841e+06 1.88841e+06 1.88841e+06 1.88841e+06 1.88841e+06 1.88841e+06 1.88841e+06 0 0 0 0 0 0 0 0 0 0 0 0 0 0 0 0 0 0 0 0 0 0 0 0 0
#obs survey bio
 12697.8 5359.24 7771.54 9740.74 11209.5 25644 25341.3 30531.1 54328 94690.2 62079.9 97002.5 153532 176293 170922 124814 155957 119127 114414 156608 191142 214600 211791 213332 209040 336392 303511 298163 167962
#pred catch bio
 6040.24 4603.4 3684.97 3118.75 5941 12319.3 19733.3 23220.3 31851.3 51634.7 57314.9 79973.9 120005 126467 132915 117368 111916 121045 118050 130284 139343 160009 161407 178855 212297 210540 232328 250212 225445 0 44869.1 50217.6 48284.9 43056 36965.6 31340.2 26708.6 23148.9 20534.3 18673.3 17378.3 16492.1 15893.1 15489.8 15216.1 15038.6 14923.5 14848.9 14800.6 14769.2 14748.9 14735.7 14727.2 14721.7 14718.1 14715.7 14714.2 14713.3 14712.6 14712.2 14712 14711.8 14711.7 14711.6 14711.5 14711.5 14711.5 14711.5 14711.5 14711.5 14711.5 14711.5 14711.5 14711.5 14711.5 14711.5 14711.5 14711.5 14711.5 14711.5 14711.5 14711.5 14711.5 14711.5 14711.5 14711.5 14711.5 14711.5 14711.5 14711.5 14711.5 14711.5 14711.5 14711.5 14711.5 14711.5 14711.5 14711.5 14711.5 14711.5 14711.5 14711.5 14711.5 14711.5 14711.5 14711.5 14711.5 14711.5 14711.5 14711.5 14711.5 14711.5 14711.5 14711.5 14711.5 14711.5 14711.5 14711.5 14711.5 14711.5 14711.5 14711.5 14711.5 14711.5 14711.5 14711.5 14711.5 14711.5 14711.5 0 0 0 0 0 0 0 0 0 0 0 0 0 0 0 0 0 0 0 0 0 0 0 0 0
#obs catch bio
 3669.93 4656.68 4289.86 2763.14 4904.11 9473.13 16964.5 20952.2 26049.4 41314.8 51378.9 71814.7 119366 110847 127322 116802 108867 112732 115179 120094 123189 142111 140724 160860 209314 204106 216280 223750 238645
#pred cpue bio
 10758.3 8559.88 5824.4 4770.92 7941.11 10729.7 16135.6 18868.8 25703.9 41237 45226.5 62256.9 96880.2 103823 111387 99853.6 91230.2 99252.7 96793.2 104031 108620 127419 127506 137552 162955 160395 173647 191830 165735 1.39422e+06 4.9779e+06 5.62519e+06 5.46821e+06 4.94175e+06 4.30792e+06 3.71148e+06 3.21217e+06 2.82138e+06 2.52807e+06 2.3137e+06 2.1596e+06 2.04984e+06 1.97195e+06 1.91611e+06 1.87488e+06 1.8459e+06 1.82527e+06 1.81038e+06 1.79949e+06 1.7914e+06 1.78532e+06 1.78069e+06 1.77713e+06 1.77436e+06 1.77218e+06 1.77046e+06 1.7691e+06 1.768e+06 1.76712e+06 1.76641e+06 1.76584e+06 1.76538e+06 1.765e+06 1.76469e+06 1.76444e+06 1.76424e+06 1.76407e+06 1.76393e+06 1.76382e+06 1.76373e+06 1.76366e+06 1.76359e+06 1.76354e+06 1.7635e+06 1.76347e+06 1.76344e+06 1.76342e+06 1.7634e+06 1.76339e+06 1.76338e+06 1.76337e+06 1.76336e+06 1.76335e+06 1.76335e+06 1.76334e+06 1.76334e+06 1.76333e+06 1.76333e+06 1.76333e+06 1.76333e+06 1.76333e+06 1.76333e+06 1.76332e+06 1.76332e+06 1.76332e+06 1.76332e+06 1.76332e+06 1.76332e+06 1.76332e+06 1.76332e+06 1.76332e+06 1.76332e+06 1.76332e+06 1.76332e+06 1.76332e+06 1.76332e+06 1.76332e+06 1.76332e+06 1.76332e+06 1.76332e+06 1.76332e+06 1.76332e+06 1.76332e+06 1.76332e+06 1.76332e+06 1.76332e+06 1.76332e+06 1.76332e+06 1.76332e+06 1.76332e+06 1.76332e+06 1.76332e+06 1.76332e+06 1.76332e+06 1.76332e+06 1.76332e+06 1.76332e+06 1.76332e+06 1.76332e+06 0 0 0 0 0 0 0 0 0 0 0 0 0 0 0 0 0 0 0 0 0 0 0 0 0
#obs cpue bio
 10581.8 8331.19 5714.23 6815.54 15286.9 17355.5 28881 28510.5 54571.4 101606 73998.6 101520 142400 168764 135831 134968 110066 168450 151370 205004 168203 227054 235208 232579 233787 185682 222849 332523 253966
#pred surv len freq
 8.06372e-12 8.75624e-10 5.60583e-08 2.11592e-06 4.70872e-05 0.000617828 0.00478064 0.021839 0.0592259 0.0979886 0.111226 0.117208 0.134647 0.133762 0.106441 0.0772459 0.0528174 0.0326558 0.019156 0.0113306 0.00702999 0.00476189 0.00347742 0.0024106 0.00132861
 5.24145e-12 5.69159e-10 3.64381e-08 1.37536e-06 3.06072e-05 0.000401613 0.00310832 0.014216 0.0387804 0.065989 0.0832942 0.107505 0.141722 0.14803 0.122295 0.0940382 0.0697989 0.0473357 0.028973 0.0160688 0.00845549 0.00460412 0.00275589 0.00169826 0.000897051
 1.09723e-11 1.19146e-09 7.62785e-08 2.87913e-06 6.4071e-05 0.000840639 0.00650344 0.0296794 0.0800821 0.12923 0.131742 0.104135 0.0903157 0.0874779 0.0831281 0.0767599 0.0640543 0.0471949 0.0315268 0.0188177 0.00987132 0.00470374 0.00223084 0.00111404 0.000524042
 1.60002e-11 1.73743e-09 1.11232e-07 4.19846e-06 9.34306e-05 0.00122584 0.00948317 0.0432704 0.116652 0.187415 0.187088 0.136801 0.10123 0.0780486 0.0497378 0.0281652 0.0188962 0.0150029 0.0114466 0.00760965 0.00433252 0.00210457 0.000895623 0.000358982 0.000138179
 1.38708e-11 1.50621e-09 9.64288e-08 3.63971e-06 8.09966e-05 0.00106272 0.00822183 0.037529 0.101365 0.164397 0.171375 0.144476 0.130859 0.110297 0.0682508 0.0321156 0.0140861 0.00667511 0.00376378 0.00248444 0.00157373 0.000839775 0.000366745 0.000133992 4.2679e-05
 1.66812e-11 1.81138e-09 1.15966e-07 4.37714e-06 9.74069e-05 0.00127801 0.00988681 0.0451131 0.121632 0.195518 0.195653 0.144302 0.108199 0.0834259 0.0513006 0.0249152 0.011058 0.00457826 0.00173257 0.000685144 0.000328138 0.000172794 8.0915e-05 3.03259e-05 8.97621e-06
 1.5484e-11 1.68138e-09 1.07644e-07 4.06301e-06 9.04165e-05 0.00118631 0.00917778 0.0418875 0.113068 0.18282 0.187965 0.151702 0.129147 0.102867 0.0566805 0.0190981 0.00382201 0.000451606 3.14699e-05 1.29302e-06 3.13337e-08 4.51595e-10 5.40842e-12 6.27177e-13 1.81688e-13
 1.61634e-11 1.75515e-09 1.12366e-07 4.24126e-06 9.43833e-05 0.00123835 0.00958022 0.0437203 0.117962 0.190301 0.193635 0.151105 0.122778 0.0956057 0.0523762 0.0176266 0.0035267 0.000416692 2.90366e-05 1.19301e-06 2.8899e-08 4.12728e-10 3.47522e-12 1.7252e-14 5.04936e-17
 1.68939e-11 1.83447e-09 1.17445e-07 4.43294e-06 9.86488e-05 0.00129431 0.010013 0.0456912 0.123224 0.198345 0.199732 0.150463 0.115929 0.0877978 0.0477477 0.0160443 0.00320914 0.000379149 2.64201e-05 1.0855e-06 2.62949e-08 3.75536e-10 3.16207e-12 1.56974e-14 4.59436e-17
 1.54275e-11 1.67524e-09 1.07251e-07 4.04817e-06 9.00864e-05 0.00118198 0.00914429 0.0417349 0.11266 0.182197 0.187494 0.151752 0.129677 0.103471 0.0570387 0.0192205 0.00384659 0.000454511 3.16723e-05 1.3013e-06 3.15223e-08 4.50192e-10 3.79068e-12 1.88181e-14 5.50774e-17
 1.64181e-11 1.78281e-09 1.14137e-07 4.3081e-06 9.58706e-05 0.00125786 0.00973112 0.0444075 0.119797 0.193106 0.195761 0.150881 0.120389 0.0928832 0.0507623 0.0170749 0.00341597 0.000403601 2.81243e-05 1.15552e-06 2.7991e-08 3.9976e-10 3.36603e-12 1.671e-14 4.89071e-17
 1.69981e-11 1.84579e-09 1.18169e-07 4.4603e-06 9.92575e-05 0.0013023 0.0100747 0.0459725 0.123975 0.199493 0.200602 0.150371 0.114951 0.0866836 0.0470872 0.0158185 0.00316383 0.000373791 2.60468e-05 1.07016e-06 2.59233e-08 3.70229e-10 3.11738e-12 1.54756e-14 4.52943e-17
 1.52461e-11 1.65554e-09 1.05989e-07 4.00057e-06 8.90272e-05 0.00116808 0.00903682 0.0412455 0.111354 0.1802 0.18598 0.151912 0.131377 0.10541 0.0581881 0.0196134 0.00392545 0.000463834 3.2322e-05 1.32799e-06 3.2169e-08 4.59428e-10 3.86845e-12 1.92041e-14 5.6207e-17
 1.51009e-11 1.63978e-09 1.0498e-07 3.96248e-06 8.81795e-05 0.00115696 0.00895082 0.0408538 0.110308 0.178601 0.184768 0.152039 0.132739 0.106962 0.0591079 0.0199279 0.00398856 0.000471295 3.2842e-05 1.34936e-06 3.26865e-08 4.66819e-10 3.93068e-12 1.95131e-14 5.71112e-17
 1.41312e-11 1.53447e-09 9.82385e-08 3.70801e-06 8.25167e-05 0.00108267 0.0083763 0.0382373 0.103321 0.167921 0.176675 0.152892 0.141831 0.117327 0.0652526 0.0220285 0.00441013 0.000521135 3.63155e-05 1.49207e-06 3.61436e-08 5.16193e-10 4.34641e-12 2.15769e-14 6.31517e-17
 1.40396e-11 1.52453e-09 9.7602e-08 3.68399e-06 8.19822e-05 0.00107565 0.00832207 0.0379903 0.102662 0.166913 0.175911 0.152973 0.142689 0.118305 0.0658327 0.0222268 0.00444993 0.00052584 3.66434e-05 1.50555e-06 3.647e-08 5.20854e-10 4.38566e-12 2.17717e-14 6.37219e-17
 1.52211e-11 1.65283e-09 1.05816e-07 3.99401e-06 8.88811e-05 0.00116616 0.009022 0.041178 0.111173 0.179924 0.185771 0.151934 0.131612 0.105677 0.0583467 0.0196676 0.00393633 0.00046512 3.24116e-05 1.33168e-06 3.22582e-08 4.60702e-10 3.87917e-12 1.92574e-14 5.63628e-17
 1.471e-11 1.59733e-09 1.02263e-07 3.85991e-06 8.58969e-05 0.00112701 0.00871924 0.0397991 0.107492 0.174296 0.181506 0.152383 0.136403 0.11114 0.0615847 0.0207746 0.00415848 0.000491384 3.42421e-05 1.40688e-06 3.408e-08 4.86721e-10 4.09825e-12 2.03449e-14 5.9546e-17
 1.51134e-11 1.64114e-09 1.05067e-07 3.96576e-06 8.82525e-05 0.00115792 0.00895822 0.0408875 0.110398 0.178739 0.184873 0.152028 0.132621 0.106828 0.0590287 0.0199008 0.00398312 0.000470652 3.27972e-05 1.34752e-06 3.26419e-08 4.66182e-10 3.92532e-12 1.94864e-14 5.70333e-17
 1.52385e-11 1.65472e-09 1.05936e-07 3.99857e-06 8.89827e-05 0.0011675 0.0090323 0.0412249 0.111299 0.180116 0.185916 0.151918 0.131449 0.105491 0.0582364 0.01963 0.00392876 0.000464225 3.23493e-05 1.32912e-06 3.21961e-08 4.59816e-10 3.87171e-12 1.92203e-14 5.62545e-17
 1.59061e-11 1.72721e-09 1.10578e-07 4.17376e-06 9.28811e-05 0.00121864 0.00942782 0.0430262 0.116108 0.187468 0.191488 0.151331 0.12519 0.0983554 0.0540062 0.0181838 0.00363853 0.000429913 2.9958e-05 1.23087e-06 2.98161e-08 4.25825e-10 3.58551e-12 1.77995e-14 5.2096e-17
 1.51007e-11 1.63975e-09 1.04979e-07 3.96242e-06 8.81781e-05 0.00115694 0.00895068 0.0408532 0.110306 0.178598 0.184766 0.15204 0.132741 0.106964 0.0591095 0.0199284 0.00398866 0.000471307 3.28428e-05 1.34939e-06 3.26873e-08 4.66831e-10 3.93078e-12 1.95136e-14 5.71127e-17
 1.54634e-11 1.67914e-09 1.075e-07 4.05759e-06 9.02961e-05 0.00118473 0.00916555 0.0418318 0.112919 0.182593 0.187793 0.151721 0.12934 0.103087 0.0568113 0.0191428 0.00383098 0.000452666 3.15437e-05 1.29601e-06 3.13943e-08 4.48364e-10 3.77529e-12 1.87417e-14 5.48535e-17
 1.60516e-11 1.74301e-09 1.11589e-07 4.21194e-06 9.37307e-05 0.00122979 0.00951401 0.0434188 0.117156 0.18907 0.192702 0.151203 0.123825 0.0968003 0.0530844 0.0178687 0.00357529 0.000422436 2.94369e-05 1.20945e-06 2.92975e-08 4.18418e-10 3.52314e-12 1.74899e-14 5.11898e-17
 1.53877e-11 1.67092e-09 1.06974e-07 4.03773e-06 8.98541e-05 0.00117893 0.00912071 0.0416276 0.112374 0.181759 0.187162 0.151787 0.13005 0.103896 0.0572909 0.0193067 0.00386389 0.000456556 3.18148e-05 1.30715e-06 3.16641e-08 4.52218e-10 3.80774e-12 1.89027e-14 5.53249e-17
 1.5797e-11 1.71537e-09 1.0982e-07 4.14514e-06 9.22442e-05 0.00121029 0.00936321 0.042732 0.115323 0.186267 0.190578 0.151427 0.126212 0.0995212 0.0546973 0.0184201 0.00368595 0.000435519 3.03487e-05 1.24692e-06 3.02049e-08 4.31378e-10 3.63226e-12 1.80316e-14 5.27753e-17
 1.60373e-11 1.74146e-09 1.1149e-07 4.20819e-06 9.36473e-05 0.00122869 0.00950556 0.0433803 0.117054 0.188913 0.192583 0.151216 0.123959 0.0969528 0.0531748 0.0178996 0.00358149 0.000423169 2.9488e-05 1.21155e-06 2.93483e-08 4.19144e-10 3.52925e-12 1.75203e-14 5.12786e-17
 1.49507e-11 1.62346e-09 1.03936e-07 3.92305e-06 8.7302e-05 0.00114545 0.00886179 0.0404484 0.109225 0.176946 0.183514 0.152171 0.134147 0.108568 0.0600601 0.0202534 0.00405388 0.000479018 3.33802e-05 1.37147e-06 3.32222e-08 4.7447e-10 3.9951e-12 1.98329e-14 5.80472e-17
 1.29455e-11 1.40573e-09 8.9996e-08 3.3969e-06 7.55935e-05 0.000991839 0.00767391 0.0350384 0.09478 0.154865 0.166779 0.153935 0.152947 0.13 0.0727649 0.0245966 0.00492555 0.00058207 4.05621e-05 1.66656e-06 4.03703e-08 5.76556e-10 4.85468e-12 2.41001e-14 7.05366e-17
#obs surv len freq
 7.82706e-12 8.49926e-10 5.4413e-08 2.05382e-06 4.57051e-05 0.000599678 0.00463963 0.0211814 0.0572598 0.0932764 0.0993107 0.0902871 0.0957598 0.107105 0.110945 0.104209 0.0847011 0.0597099 0.0375018 0.0204862 0.00909815 0.00304157 0.000715761 0.000112727 1.1468e-05
 1.31836e-12 1.43158e-10 9.16515e-09 3.45944e-07 7.69913e-06 0.000101057 0.000783398 0.00361173 0.0102406 0.0204788 0.0393516 0.0797017 0.130735 0.157373 0.15468 0.137406 0.108767 0.0751067 0.0452644 0.023183 0.00953319 0.00293753 0.000636082 9.20723e-05 8.59955e-06
 1.56788e-11 1.70253e-09 1.08997e-07 4.11411e-06 9.15533e-05 0.00120119 0.00929166 0.0423779 0.113987 0.181043 0.170994 0.100592 0.0503712 0.0489167 0.0694034 0.0764288 0.0607658 0.0383726 0.0210668 0.00998202 0.00379496 0.00107338 0.000212507 2.81041e-05 2.39942e-06
 1.36886e-11 1.48642e-09 9.51619e-08 3.59189e-06 7.99329e-05 0.00104877 0.00811435 0.037046 0.100138 0.162847 0.170951 0.144789 0.128023 0.102897 0.0613846 0.0317713 0.0207941 0.0151039 0.00900519 0.0041195 0.001438 0.000370175 6.66814e-05 8.0234e-06 6.23432e-07
 1.22366e-11 1.32875e-09 8.5068e-08 3.2109e-06 7.14544e-05 0.000937534 0.00725376 0.033118 0.0895266 0.145588 0.152718 0.129688 0.120104 0.113847 0.0933854 0.0626777 0.0320688 0.0124487 0.00434814 0.00156932 0.00050346 0.00012016 1.97513e-05 2.1545e-06 1.51718e-07
 1.22941e-11 1.33499e-09 8.54672e-08 3.22597e-06 7.17899e-05 0.00094194 0.007288 0.0332767 0.0899779 0.146424 0.153749 0.130174 0.11893 0.111081 0.091058 0.0630024 0.0344331 0.0140064 0.00426977 0.00104295 0.000222238 4.11009e-05 5.86794e-06 5.7779e-07 3.69359e-08
 1.17196e-11 1.27262e-09 8.1474e-08 3.07525e-06 6.8436e-05 0.000897946 0.00694804 0.0317329 0.0858989 0.140422 0.14988 0.131893 0.124733 0.116853 0.094292 0.0635909 0.0338903 0.0136169 0.00413123 0.000955528 0.00016792 2.24989e-05 2.31224e-06 1.7747e-07 9.56558e-09
 1.17854e-11 1.27976e-09 8.19311e-08 3.0925e-06 6.88201e-05 0.000902992 0.0069872 0.0319135 0.086398 0.141235 0.150433 0.13108 0.122445 0.1153 0.094879 0.0648401 0.034521 0.0137555 0.00412517 0.000935722 0.000157236 1.89983e-05 1.61612e-06 9.57618e-08 3.92072e-09
 1.23803e-11 1.34436e-09 8.6067e-08 3.24861e-06 7.22942e-05 0.00094858 0.00734007 0.0335264 0.090768 0.148315 0.157344 0.134745 0.121901 0.111283 0.0888149 0.0587049 0.0302449 0.0116931 0.00340838 0.000751013 0.000122044 1.40971e-05 1.12005e-06 5.9712e-08 2.09923e-09
 1.17539e-11 1.27634e-09 8.17124e-08 3.08425e-06 6.8637e-05 0.000900619 0.00696975 0.0318498 0.0863918 0.142206 0.1547 0.140018 0.132535 0.120258 0.0916097 0.0558542 0.0256122 0.00848826 0.00207834 0.000392382 5.71353e-05 6.12402e-06 4.57801e-07 2.29295e-08 7.49119e-10
 1.28014e-11 1.39008e-09 8.89944e-08 3.35911e-06 7.47537e-05 0.00098087 0.00759045 0.0346781 0.0939524 0.153793 0.163553 0.139465 0.124021 0.111295 0.0861352 0.0524544 0.0231515 0.00707083 0.00151267 0.000237107 2.81303e-05 2.50867e-06 1.62181e-07 7.27203e-09 2.17425e-10
 1.03504e-11 1.12393e-09 7.1955e-08 2.71597e-06 6.04425e-05 0.000793156 0.00613997 0.0280912 0.076543 0.128098 0.14665 0.145977 0.147413 0.133413 0.0977907 0.0561963 0.0239007 0.00716863 0.00150879 0.000226517 2.44285e-05 1.87679e-06 1.01317e-07 3.7841e-09 9.58855e-11
 1.06881e-11 1.1606e-09 7.43028e-08 2.80459e-06 6.24144e-05 0.000819019 0.00633965 0.0289929 0.0788492 0.130867 0.145523 0.137014 0.135924 0.130995 0.105149 0.0635226 0.0267025 0.00755485 0.00146064 0.000200168 1.98508e-05 1.40729e-06 6.92219e-08 2.29771e-09 5.0463e-11
 9.57634e-12 1.03988e-09 6.65742e-08 2.51288e-06 5.5924e-05 0.000733913 0.00568278 0.0260219 0.0711061 0.120027 0.140302 0.143911 0.149102 0.139352 0.105984 0.0619743 0.0261971 0.00771926 0.00157939 0.000225163 2.22292e-05 1.50031e-06 6.83604e-08 2.07756e-09 4.15352e-11
 8.01982e-12 8.7086e-10 5.57535e-08 2.10446e-06 4.68359e-05 0.000614709 0.00476152 0.0218327 0.0599485 0.102879 0.126017 0.140371 0.157285 0.155837 0.122359 0.0706295 0.028179 0.00760986 0.00141903 0.000188382 1.79146e-05 1.19025e-06 5.33366e-08 1.56709e-09 2.96404e-11
 9.88192e-12 1.07306e-09 6.86986e-08 2.59308e-06 5.77091e-05 0.000757353 0.00586436 0.0268501 0.0732872 0.122945 0.140379 0.137951 0.142067 0.139895 0.111562 0.0646418 0.0255615 0.00678273 0.0012266 0.00015456 1.36703e-05 8.39347e-07 3.50464e-08 9.72835e-10 1.75665e-11
 1.01132e-11 1.09818e-09 7.03065e-08 2.65379e-06 5.90619e-05 0.000775181 0.00600441 0.0275227 0.0754105 0.128004 0.150292 0.151792 0.151081 0.134816 0.0965288 0.0517832 0.0196909 0.00517012 0.000938537 0.000118402 1.03062e-05 6.0844e-07 2.39199e-08 6.16509e-10 1.02783e-11
 9.17874e-12 9.96706e-10 6.38105e-08 2.40862e-06 5.36071e-05 0.000703664 0.00545244 0.0250228 0.0688295 0.118237 0.143111 0.151891 0.157939 0.144641 0.104025 0.0545183 0.0197636 0.00487406 0.00082868 9.87995e-05 8.24245e-06 4.70713e-07 1.79e-08 4.42824e-10 7.00593e-12
 1.02045e-11 1.10809e-09 7.09413e-08 2.67777e-06 5.95972e-05 0.000782264 0.00606048 0.0277929 0.0762157 0.129411 0.151204 0.150714 0.149686 0.135807 0.0977517 0.0509652 0.0182764 0.00444144 0.000737983 8.47155e-05 6.70008e-06 3.59662e-07 1.28517e-08 2.99923e-10 4.49349e-12
 1.12206e-11 1.21843e-09 7.8006e-08 2.94446e-06 6.55335e-05 0.000860218 0.0066651 0.0305723 0.0838576 0.142238 0.16467 0.158572 0.147446 0.123661 0.082706 0.0407143 0.0140363 0.00332476 0.000542137 6.09845e-05 4.68639e-06 2.41491e-07 8.18395e-09 1.79414e-10 2.51036e-12
 9.88267e-12 1.07315e-09 6.87051e-08 2.59344e-06 5.77256e-05 0.00075792 0.00587723 0.0270281 0.0747371 0.1298 0.159008 0.166163 0.161739 0.133946 0.0855016 0.0395052 0.0126512 0.00276369 0.000415066 4.33113e-05 3.12472e-06 1.52671e-07 4.92491e-09 1.02612e-10 1.3581e-12
 1.00978e-11 1.09651e-09 7.02006e-08 2.64991e-06 5.8983e-05 0.00077444 0.00600527 0.0276106 0.0762487 0.131729 0.159052 0.163246 0.159406 0.134957 0.0870155 0.0393035 0.0118736 0.00236892 0.000316354 2.89246e-05 1.83225e-06 7.97483e-08 2.33263e-09 4.47266e-11 5.50294e-13
 1.07922e-11 1.17191e-09 7.50287e-08 2.83218e-06 6.30418e-05 0.000827783 0.00641978 0.0295233 0.0815357 0.140587 0.167872 0.166862 0.155157 0.125315 0.0780919 0.0347382 0.0105431 0.00214245 0.000290868 2.64128e-05 1.59886e-06 6.40291e-08 1.68124e-09 2.86779e-11 3.1458e-13
 1.04929e-11 1.13942e-09 7.29491e-08 2.75376e-06 6.1301e-05 0.000805107 0.00624797 0.0287852 0.0798865 0.139413 0.170366 0.173274 0.160411 0.125057 0.0739337 0.0309766 0.00884359 0.00169678 0.000219497 1.92238e-05 1.1323e-06 4.41041e-08 1.11429e-09 1.79681e-11 1.82782e-13
 9.04191e-12 9.81862e-10 6.28629e-08 2.37314e-06 5.28363e-05 0.000694249 0.00539464 0.0249455 0.0699416 0.125315 0.161798 0.177071 0.172647 0.137099 0.0807139 0.0331852 0.00920587 0.00170318 0.000210835 1.75438e-05 9.77683e-07 3.60318e-08 8.63718e-10 1.325e-11 1.28281e-13
 1.10214e-11 1.19681e-09 7.66241e-08 2.89255e-06 6.43936e-05 0.000845799 0.00656447 0.0302392 0.0837826 0.145121 0.17359 0.171056 0.156132 0.122194 0.0717592 0.029147 0.00789996 0.00141715 0.000169059 1.34674e-05 7.13331e-07 2.48204e-08 5.58899e-10 8.03038e-12 7.27447e-14
 9.1958e-12 9.98586e-10 6.39359e-08 2.41388e-06 5.37574e-05 0.000706825 0.00550176 0.0255479 0.0723188 0.131945 0.17386 0.188957 0.174212 0.126544 0.0674703 0.0252281 0.0064204 0.00109618 0.000125157 9.53719e-06 4.8135e-07 1.58797e-08 3.37359e-10 4.55302e-12 3.8595e-14
 9.13682e-12 9.92184e-10 6.35263e-08 2.39842e-06 5.34124e-05 0.00070223 0.00546394 0.0253373 0.0714134 0.128917 0.167354 0.182514 0.175337 0.134371 0.0736865 0.0271588 0.0065471 0.00102877 0.000106446 7.33628e-06 3.3749e-07 1.02588e-08 2.02554e-10 2.55234e-12 2.0227e-14
 9.48235e-12 1.02972e-09 6.59311e-08 2.48938e-06 5.54471e-05 0.000729271 0.00567966 0.0263931 0.0747066 0.135737 0.176563 0.188731 0.172749 0.124773 0.0648121 0.0228597 0.00531628 0.00080697 8.00273e-05 5.20289e-06 2.21682e-07 6.15439e-09 1.10278e-10 1.26158e-12 9.11528e-15
#pred catch len freq
 2.16329e-13 2.34909e-11 1.50395e-09 5.67743e-08 1.26431e-06 1.66471e-05 0.000131112 0.000652499 0.00250393 0.0100435 0.0384754 0.104007 0.176825 0.193915 0.157513 0.114867 0.0786592 0.0486513 0.0285395 0.0168804 0.0104731 0.00709415 0.00518058 0.00359124 0.00197934
 1.17335e-13 1.27413e-11 8.15748e-10 3.07977e-08 6.86188e-07 9.05859e-06 7.22731e-05 0.000380912 0.00172905 0.00845369 0.0352672 0.0974212 0.166878 0.185165 0.154964 0.119609 0.0888993 0.0603084 0.0369136 0.0204722 0.0107725 0.00586574 0.00351105 0.00216361 0.00114286
 3.86561e-13 4.1976e-11 2.68737e-09 1.0144e-07 2.25798e-06 2.96648e-05 0.000231039 0.00109033 0.00343556 0.00953346 0.0285436 0.0722248 0.124673 0.149748 0.148497 0.138 0.115265 0.0849355 0.0567361 0.0338638 0.017764 0.00846462 0.00401451 0.00200476 0.000943039
 9.07754e-13 9.85714e-11 6.31068e-09 2.38205e-07 5.30192e-06 6.96305e-05 0.000541327 0.00253203 0.00767748 0.0192129 0.0516137 0.123565 0.200393 0.203954 0.138632 0.0795468 0.0535267 0.042523 0.0324448 0.0215689 0.0122801 0.00596518 0.00253855 0.0010175 0.000391653
 7.22842e-13 7.84922e-11 5.0252e-09 1.89687e-07 4.22241e-06 5.54805e-05 0.000432397 0.00204746 0.00654229 0.0187707 0.0576741 0.145061 0.237098 0.238369 0.153272 0.0726893 0.0319456 0.0151478 0.00854188 0.00563825 0.00357142 0.00190578 0.000832289 0.000304081 9.68554e-05
 6.86133e-12 7.45058e-10 4.76993e-08 1.80042e-06 4.00664e-05 0.000525736 0.0040691 0.0186129 0.050812 0.0867555 0.110742 0.14479 0.187787 0.179858 0.116351 0.0569782 0.0252802 0.010457 0.00395574 0.00156406 0.000749047 0.000394435 0.000184704 6.92247e-05 2.04899e-05
 8.1215e-12 8.81898e-10 5.64599e-08 2.13109e-06 4.7425e-05 0.000622285 0.00481607 0.0220229 0.0600275 0.101741 0.126519 0.158177 0.198175 0.181561 0.103331 0.0350456 0.00702262 0.000829996 5.78407e-05 2.37656e-06 5.75909e-08 8.29984e-10 9.92346e-12 1.14638e-12 3.32042e-13
 8.36214e-12 9.08029e-10 5.81329e-08 2.19423e-06 4.88302e-05 0.00064072 0.00495863 0.0226722 0.0617611 0.104391 0.128527 0.157965 0.195919 0.178989 0.101806 0.0345244 0.006918 0.000817628 5.69786e-05 2.34106e-06 5.67094e-08 8.09908e-10 6.81953e-12 3.38542e-14 9.90851e-17
 8.63139e-12 9.37266e-10 6.00046e-08 2.26488e-06 5.04024e-05 0.000661346 0.00511814 0.0233986 0.0637007 0.107356 0.130775 0.157728 0.193394 0.176111 0.1001 0.0339412 0.00680096 0.00080379 5.60142e-05 2.30144e-06 5.57496e-08 7.962e-10 6.70411e-12 3.32812e-14 9.74081e-17
 8.7796e-12 9.53359e-10 6.1035e-08 2.30377e-06 5.12678e-05 0.0006727 0.00520594 0.0237985 0.0647685 0.108988 0.132011 0.157598 0.192005 0.174527 0.0991608 0.0336202 0.00673653 0.000796173 5.54834e-05 2.27963e-06 5.52212e-08 7.88654e-10 6.64058e-12 3.29658e-14 9.64854e-17
 9.1858e-12 9.97468e-10 6.38589e-08 2.41036e-06 5.36397e-05 0.000703818 0.00544659 0.0248945 0.0676948 0.113462 0.135402 0.157241 0.188196 0.170185 0.096587 0.0327403 0.00655995 0.000775297 5.40284e-05 2.21985e-06 5.37732e-08 7.67973e-10 6.46644e-12 3.21013e-14 9.39548e-17
 9.59085e-12 1.04145e-09 6.66748e-08 2.51664e-06 5.60049e-05 0.000734848 0.00568655 0.0259873 0.0706128 0.117922 0.138782 0.156885 0.184399 0.165856 0.0940206 0.031863 0.00638387 0.000754479 5.25776e-05 2.16024e-06 5.23292e-08 7.47351e-10 6.2928e-12 3.12393e-14 9.14318e-17
 8.46587e-12 9.19293e-10 5.8854e-08 2.22145e-06 4.94359e-05 0.000648667 0.00502009 0.0229521 0.0625084 0.105534 0.129393 0.157874 0.194946 0.17788 0.101149 0.0342997 0.00687291 0.000812297 5.6607e-05 2.3258e-06 5.63396e-08 8.04626e-10 6.77506e-12 3.36334e-14 9.8439e-17
 7.97322e-12 8.65797e-10 5.54291e-08 2.09218e-06 4.65592e-05 0.000610926 0.00472823 0.0216229 0.0589593 0.100108 0.125282 0.158307 0.199565 0.183146 0.10427 0.0353668 0.00708707 0.000837616 5.83716e-05 2.3983e-06 5.80958e-08 8.29709e-10 6.98626e-12 3.46819e-14 1.01508e-16
 7.27571e-12 7.90055e-10 5.05801e-08 1.90915e-06 4.24863e-05 0.000557492 0.00431501 0.0197409 0.0539344 0.092427 0.11946 0.15892 0.206105 0.190601 0.10869 0.0368777 0.00739029 0.000873464 6.08699e-05 2.50095e-06 6.05824e-08 8.65221e-10 7.28528e-12 3.61663e-14 1.05852e-16
 6.79257e-12 7.37592e-10 4.72214e-08 1.78238e-06 3.96651e-05 0.00052048 0.0040288 0.0184374 0.0504538 0.0871066 0.115428 0.159345 0.210634 0.195765 0.111751 0.0379242 0.00760032 0.000898294 6.26004e-05 2.57205e-06 6.23047e-08 8.89818e-10 7.49239e-12 3.71944e-14 1.08861e-16
 8.18816e-12 8.89137e-10 5.69234e-08 2.14858e-06 4.78143e-05 0.000627392 0.00485557 0.0222028 0.0605077 0.102475 0.127075 0.158118 0.19755 0.180848 0.102908 0.0349013 0.00699364 0.000826569 5.76017e-05 2.36667e-06 5.73296e-08 8.18765e-10 6.89412e-12 3.42244e-14 1.00169e-16
 7.97721e-12 8.6623e-10 5.54569e-08 2.09323e-06 4.65825e-05 0.000611232 0.0047306 0.0216336 0.058988 0.100152 0.125315 0.158303 0.199528 0.183103 0.104245 0.0353582 0.00708534 0.000837411 5.83573e-05 2.39771e-06 5.80816e-08 8.29505e-10 6.98455e-12 3.46734e-14 1.01483e-16
 8.01024e-12 8.69816e-10 5.56865e-08 2.10189e-06 4.67754e-05 0.000613762 0.00475016 0.0217227 0.059226 0.100516 0.125591 0.158274 0.199218 0.18275 0.104036 0.0352866 0.00707098 0.000835714 5.8239e-05 2.39285e-06 5.79639e-08 8.27824e-10 6.97039e-12 3.46031e-14 1.01277e-16
 8.76993e-12 9.5231e-10 6.09678e-08 2.30124e-06 5.12114e-05 0.00067196 0.00520022 0.0237724 0.0646989 0.108882 0.131931 0.157606 0.192095 0.17463 0.099222 0.0336411 0.00674073 0.00079667 5.5518e-05 2.28105e-06 5.52557e-08 7.89146e-10 6.64472e-12 3.29863e-14 9.65451e-17
 9.46004e-12 1.02725e-09 6.57653e-08 2.48232e-06 5.52411e-05 0.000724827 0.00560905 0.0256344 0.0696704 0.116482 0.13769 0.157 0.185625 0.167254 0.0948494 0.0321463 0.00644073 0.000761203 5.30462e-05 2.17949e-06 5.27955e-08 7.54011e-10 6.34888e-12 3.15177e-14 9.22467e-17
 8.83418e-12 9.59286e-10 6.14144e-08 2.31809e-06 5.15865e-05 0.000676881 0.00523828 0.0239458 0.0651617 0.109589 0.132467 0.15755 0.191493 0.173943 0.098815 0.033502 0.0067128 0.000793368 5.52879e-05 2.2716e-06 5.50267e-08 7.85875e-10 6.61718e-12 3.28496e-14 9.6145e-17
 9.07709e-12 9.85663e-10 6.31031e-08 2.38183e-06 5.30049e-05 0.00069549 0.00538218 0.0246011 0.0669116 0.112264 0.134494 0.157336 0.189216 0.171347 0.0972759 0.0329758 0.00660721 0.000780884 5.44178e-05 2.23585e-06 5.41607e-08 7.73508e-10 6.51304e-12 3.23327e-14 9.4632e-17
 9.81336e-12 1.06561e-09 6.82216e-08 2.57503e-06 5.73042e-05 0.000751893 0.00581836 0.0265876 0.0722157 0.120372 0.140639 0.156689 0.182313 0.163477 0.0926108 0.031381 0.00628714 0.000743044 5.17807e-05 2.1275e-06 5.1536e-08 7.36023e-10 6.19741e-12 3.07658e-14 9.00459e-17
 9.8148e-12 1.06577e-09 6.82316e-08 2.57541e-06 5.73126e-05 0.000752004 0.00581922 0.0265915 0.0722262 0.120388 0.140651 0.156688 0.182299 0.163462 0.0926016 0.0313779 0.00628651 0.00074297 5.17755e-05 2.12729e-06 5.15308e-08 7.35949e-10 6.19679e-12 3.07627e-14 9.00369e-17
 1.00285e-11 1.08898e-09 6.97173e-08 2.63149e-06 5.85605e-05 0.000768376 0.00594582 0.0271681 0.0737657 0.122742 0.142435 0.1565 0.180295 0.161178 0.0912475 0.030915 0.00619361 0.000731986 5.10101e-05 2.09583e-06 5.0769e-08 7.25069e-10 6.10518e-12 3.03079e-14 8.87058e-17
 1.05017e-11 1.14035e-09 7.30066e-08 2.75564e-06 6.13233e-05 0.000804622 0.00622612 0.0284447 0.0771743 0.127952 0.146383 0.156084 0.175859 0.156121 0.0882496 0.0298901 0.00598793 0.00070767 4.93154e-05 2.0262e-06 4.90823e-08 7.0098e-10 5.90234e-12 2.9301e-14 8.57587e-17
 9.81715e-12 1.06603e-09 6.8248e-08 2.57602e-06 5.73263e-05 0.000752184 0.00582061 0.0265979 0.0722431 0.120414 0.140671 0.156686 0.182277 0.163437 0.0925867 0.0313728 0.00628549 0.000742849 5.17671e-05 2.12694e-06 5.15225e-08 7.35829e-10 6.19578e-12 3.07577e-14 9.00223e-17
 1.07336e-11 1.16554e-09 7.46191e-08 2.8165e-06 6.26777e-05 0.000822392 0.00636354 0.0290705 0.0788453 0.130507 0.148319 0.15588 0.173685 0.153641 0.0867799 0.0293877 0.00588709 0.000695748 4.84846e-05 1.99207e-06 4.82554e-08 6.8917e-10 5.80291e-12 2.88073e-14 8.43139e-17
#obs catch len freq
 5.52124e-12 5.99542e-10 3.83832e-08 1.44878e-06 3.22408e-05 0.000423034 0.00327352 0.014958 0.0406182 0.0676395 0.0789028 0.0890354 0.11188 0.126232 0.122469 0.109357 0.0887037 0.0644825 0.0422177 0.0239763 0.0109819 0.00375689 0.000899933 0.000143798 1.48062e-05
 5.32558e-12 5.78295e-10 3.70229e-08 1.39744e-06 3.10983e-05 0.000408043 0.00315753 0.0144278 0.0391714 0.0651318 0.0753736 0.0835393 0.104956 0.123687 0.128877 0.120163 0.0966433 0.0673694 0.0416393 0.0221635 0.00947274 0.00301159 0.000667516 9.83213e-05 9.30831e-06
 6.34748e-13 6.89262e-11 4.41275e-09 1.66566e-07 3.70745e-06 4.86923e-05 0.000378576 0.00177015 0.00534268 0.0130749 0.0338332 0.0798852 0.135543 0.163579 0.160342 0.141382 0.11068 0.0754021 0.0445909 0.0222028 0.00877329 0.00256805 0.000523311 7.07976e-05 6.15064e-06
 8.40736e-12 9.12939e-10 5.84471e-08 2.20609e-06 4.90933e-05 0.000644116 0.00498269 0.02273 0.0612004 0.0977 0.0947975 0.0646188 0.0553157 0.0859162 0.129886 0.141044 0.110279 0.068633 0.036974 0.0170088 0.00620281 0.00166466 0.000309938 3.82929e-05 3.03988e-06
 1.03461e-11 1.12347e-09 7.19255e-08 2.71484e-06 6.04158e-05 0.000792732 0.00613464 0.0280351 0.0761284 0.126381 0.143715 0.147104 0.154757 0.131701 0.0792306 0.0413523 0.0271029 0.0192789 0.0111614 0.00493273 0.00164922 0.00040252 6.81508e-05 7.65801e-06 5.53161e-07
 1.16077e-11 1.26046e-09 8.06956e-08 3.04587e-06 6.7782e-05 0.00088936 0.00688143 0.0314257 0.0850401 0.138893 0.148045 0.130693 0.12552 0.119893 0.0975548 0.0643194 0.0321858 0.0122808 0.00423888 0.0014912 0.000457557 0.000103318 1.595e-05 1.62447e-06 1.06332e-07
 1.19703e-11 1.29984e-09 8.32167e-08 3.14102e-06 6.98997e-05 0.000917149 0.00709651 0.0324086 0.0876981 0.143145 0.151863 0.131544 0.122411 0.114394 0.0929685 0.0632441 0.0337463 0.0133593 0.00395959 0.000939671 0.000193313 3.40326e-05 4.56719e-06 4.19688e-07 2.49326e-08
 1.12491e-11 1.22151e-09 7.82024e-08 2.95176e-06 6.56883e-05 0.000861908 0.00666964 0.0304698 0.0825732 0.13558 0.146874 0.133395 0.129313 0.121401 0.0970749 0.0643213 0.033458 0.0130752 0.0038434 0.000856687 0.000144316 1.84261e-05 1.78942e-06 1.28571e-07 6.44246e-09
 1.15828e-11 1.25776e-09 8.05228e-08 3.03935e-06 6.76374e-05 0.000887485 0.00686759 0.0313739 0.0850067 0.139371 0.149803 0.132811 0.125371 0.117641 0.0957262 0.0641689 0.0333045 0.0128931 0.00374062 0.00081576 0.000130925 1.50201e-05 1.20646e-06 6.71105e-08 2.56358e-09
 1.24289e-11 1.34963e-09 8.64045e-08 3.26135e-06 7.2578e-05 0.000952314 0.00736928 0.0336649 0.0911904 0.149247 0.158955 0.136697 0.123182 0.111309 0.0876487 0.0567702 0.0284894 0.0106909 0.00301129 0.000636999 9.86955e-05 1.0803e-05 8.09133e-07 4.04813e-08 1.33013e-09
 1.18794e-11 1.28996e-09 8.25845e-08 3.11717e-06 6.93699e-05 0.000910248 0.00704462 0.0321976 0.0873835 0.14406 0.157159 0.142218 0.133315 0.119323 0.0894527 0.0533038 0.0237479 0.00762817 0.00180578 0.000327715 4.55036e-05 4.61716e-06 3.24934e-07 1.52558e-08 4.65616e-10
 1.29419e-11 1.40533e-09 8.99707e-08 3.39597e-06 7.55741e-05 0.000991648 0.0076742 0.035066 0.0950482 0.155784 0.166047 0.141545 0.124704 0.110334 0.0838644 0.0497757 0.0212871 0.0062838 0.00129659 0.000195205 2.21003e-05 1.86745e-06 1.13659e-07 4.77359e-09 1.33186e-10
 1.05298e-11 1.14342e-09 7.32028e-08 2.76307e-06 6.14911e-05 0.000806935 0.00624713 0.0285887 0.0779556 0.130687 0.149892 0.148536 0.147883 0.131703 0.0947998 0.0531215 0.021889 0.00633779 0.0012835 0.000184546 1.89561e-05 1.37964e-06 7.0186e-08 2.45772e-09 5.81254e-11
 1.08681e-11 1.18015e-09 7.55544e-08 2.85184e-06 6.34663e-05 0.00083284 0.0064471 0.029491 0.0802557 0.133408 0.148658 0.139638 0.136967 0.129933 0.102069 0.0598716 0.0243178 0.00663319 0.00123344 0.000161839 1.52722e-05 1.02423e-06 4.74338e-08 1.47661e-09 3.03063e-11
 9.79685e-12 1.06382e-09 6.81072e-08 2.57076e-06 5.72125e-05 0.000750846 0.00581448 0.0266328 0.0728331 0.123137 0.144047 0.146752 0.1497 0.137534 0.102443 0.0582327 0.0237907 0.00674994 0.00132449 0.000180205 1.68952e-05 1.07801e-06 4.62378e-08 1.31751e-09 2.46097e-11
 8.23844e-12 8.94599e-10 5.72734e-08 2.16184e-06 4.81136e-05 0.000631505 0.00489228 0.022441 0.0616798 0.106046 0.129973 0.143691 0.158544 0.154254 0.118236 0.066137 0.0254579 0.00661776 0.00118417 0.000150045 1.35324e-05 8.48085e-07 3.57066e-08 9.82707e-10 1.73652e-11
 1.01256e-11 1.09952e-09 7.03926e-08 2.65703e-06 5.9133e-05 0.000776064 0.00600986 0.027524 0.0751804 0.126294 0.144308 0.141028 0.143141 0.138216 0.107361 0.0601782 0.0229288 0.00584751 0.00101293 0.000121661 1.01994e-05 5.90488e-07 2.31447e-08 6.00899e-10 1.012e-11
 1.03477e-11 1.12364e-09 7.19368e-08 2.71534e-06 6.04326e-05 0.000793207 0.00614487 0.0281771 0.0772731 0.131376 0.154301 0.154657 0.151359 0.132392 0.0924784 0.0480604 0.0176126 0.00444039 0.000770713 9.24813e-05 7.61701e-06 4.23574e-07 1.56249e-08 3.76592e-10 5.85389e-12
 9.40783e-12 1.02158e-09 6.54033e-08 2.46875e-06 5.49467e-05 0.000721291 0.00558999 0.0256659 0.0706752 0.121633 0.147277 0.15509 0.15857 0.142197 0.0995488 0.0504442 0.0176036 0.00416653 0.000677153 7.6744e-05 6.05022e-06 3.24918e-07 1.15763e-08 2.67544e-10 3.94491e-12
 1.04497e-11 1.13471e-09 7.26461e-08 2.74214e-06 6.10309e-05 0.000801127 0.00620758 0.028479 0.078169 0.132934 0.155374 0.153779 0.150185 0.133251 0.0932101 0.0469279 0.0161818 0.00376871 0.000597615 6.51253e-05 4.8634e-06 2.45348e-07 8.2069e-09 1.78724e-10 2.49245e-12
 1.14761e-11 1.24618e-09 7.97825e-08 3.01153e-06 6.70278e-05 0.000879885 0.00681859 0.0312891 0.0859001 0.1459 0.168856 0.161241 0.147172 0.120586 0.0783844 0.0372676 0.0123496 0.00280068 0.000435196 4.63985e-05 3.36186e-06 1.62638e-07 5.15626e-09 1.05439e-10 1.37271e-12
 1.01519e-11 1.10238e-09 7.05771e-08 2.66413e-06 5.93011e-05 0.000778674 0.00603957 0.02779 0.0769299 0.133793 0.163636 0.169063 0.161194 0.130257 0.0807208 0.0359866 0.0110694 0.0023143 0.000331148 3.27327e-05 2.22419e-06 1.01879e-07 3.07043e-09 5.96125e-11 7.33655e-13
 1.035e-11 1.1239e-09 7.19548e-08 2.71615e-06 6.04597e-05 0.000793902 0.00615765 0.0283272 0.0783188 0.135529 0.163568 0.166355 0.159279 0.131367 0.0820027 0.035659 0.0103336 0.00197209 0.000250963 2.17471e-05 1.29764e-06 5.29165e-08 1.44439e-09 2.57712e-11 2.94435e-13
 1.10582e-11 1.2008e-09 7.68783e-08 2.90204e-06 6.45993e-05 0.000848317 0.00658064 0.03028 0.0837168 0.144546 0.172409 0.169647 0.15452 0.12152 0.0733189 0.0313942 0.00913051 0.0017711 0.000228546 1.96332e-05 1.11916e-06 4.20304e-08 1.03105e-09 1.63752e-11 1.66771e-13
 1.07456e-11 1.16686e-09 7.47067e-08 2.82016e-06 6.27823e-05 0.000824668 0.00640174 0.0295139 0.0820157 0.143353 0.174951 0.176023 0.159514 0.121001 0.0692171 0.0279037 0.00763199 0.00139742 0.000171708 1.42072e-05 7.86594e-07 2.86867e-08 6.7662e-10 1.01622e-11 9.60875e-14
 9.28954e-12 1.00876e-09 6.45855e-08 2.43824e-06 5.42898e-05 0.000713475 0.00554638 0.0256705 0.0720928 0.129399 0.166742 0.180275 0.171924 0.132724 0.0755165 0.0298417 0.0079232 0.00139755 0.000164179 1.28968e-05 6.75081e-07 2.32725e-08 5.20176e-10 7.42287e-12 6.67256e-14
 1.12958e-11 1.22662e-09 7.85331e-08 2.96468e-06 6.6003e-05 0.000867056 0.0067315 0.0310286 0.0860696 0.149282 0.178351 0.173929 0.155194 0.117773 0.0666834 0.0259938 0.00673628 0.00115098 0.000130171 9.77965e-06 4.86164e-07 1.58137e-08 3.31858e-10 4.43296e-12 3.72606e-14
 9.44815e-12 1.026e-09 6.56922e-08 2.48031e-06 5.52427e-05 0.00072654 0.0056584 0.0263047 0.0745954 0.136287 0.178933 0.191667 0.172514 0.121666 0.0626398 0.0224896 0.00546957 0.000888491 9.60507e-05 6.89489e-06 3.26292e-07 1.00553e-08 1.9897e-10 2.49543e-12 1.96212e-14
 9.40628e-12 1.02145e-09 6.54015e-08 2.46933e-06 5.49974e-05 0.000723243 0.00563034 0.0261354 0.0737858 0.133403 0.172728 0.185845 0.174051 0.129043 0.0680931 0.0240508 0.0055381 0.000828315 8.11986e-05 5.27208e-06 2.27231e-07 6.44355e-09 1.18329e-10 1.38397e-12 1.01648e-14
#spawning biomass
 11987.5 9115.22 6730.38 6902.12 10932.2 17417.1 25158.4 30745.2 44188.3 64075 75023.1 107914 148910 158237 161178 143837 140020 148003 147630 159829 173956 194197 198556 222432 252594 255055 280532 289879 227137 117461 243880 269421 259217 231613 199461 169764 145313 126521 112718 102893 96057 91378.5 88216.4 86087.4 84642.1 83705.2 83097.8 82704 82448.7 82283.3 82176 82106.4 82061.3 82032.1 82013.2 82000.9 81992.9 81987.8 81984.4 81982.2 81980.8 81979.9 81979.3 81978.9 81978.7 81978.5 81978.4 81978.4 81978.3 81978.3 81978.3 81978.3 81978.3 81978.2 81978.2 81978.2 81978.2 81978.2 81978.2 81978.2 81978.2 81978.2 81978.2 81978.2 81978.2 81978.2 81978.2 81978.2 81978.2 81978.2 81978.2 81978.2 81978.2 81978.2 81978.2 81978.2 81978.2 81978.2 81978.2 81978.2 81978.2 81978.2 81978.2 81978.2 81978.2 81978.2 81978.2 81978.2 81978.2 81978.2 81978.2 81978.2 81978.2 81978.2 81978.2 81978.2 81978.2 81978.2 81978.2 81978.2 81978.2 81978.2 81978.2 81978.2 81978.2 81978.2 81978.2 81978.2 81978.2 0 0 0 0 0 0 0 0 0 0 0 0 0 0 0 0 0 0 0 0 0 0 0 0 0
