SBPRF35
0.224663
Curr Bio
33150.9
B35
69961.5
F35
0.50186
FOFL
0.370678
OFL
21069.3
Bzero
64189.3
#pred survey bio
 7688.99 6878.64 7972.01 10259.4 12877.1 15578.2 14837.4 14362 23409 37696.2 38338.2 43727.9 70440 86760.3 74447.3 62359.7 59307.5 59560.4 56206.8 59544.5 60477 66146.9 71670.9 74231.7 79386.9 81438.2 78014.5 99848.6 4.722e+06 3.20084e+06 2.49875e+06 1.76108e+06 1.30895e+06 1.06622e+06 942400 880048 848236 831487 822287 816996 813821 811847 810583 809759 809218 808858 808619 808458 808350 808277 808228 808194 808172 808157 808146 808139 808135 808132 808129 808128 808127 808126 808126 808126 808125 808125 808125 808125 808125 808125 808125 808125 808125 808125 808125 808125 808125 808125 808125 808125 808125 808125 808125 808125 808125 808125 808125 808125 808125 808125 808125 808125 808125 808125 808125 808125 808125 808125 808125 808125 808125 808125 808125 808125 808125 808125 808125 808125 808125 808125 808125 808125 808125 808125 808125 808125 808125 808125 808125 808125 808125 808125 808125 808125 808125 808125 808125 808125 0 0 0 0 0 0 0 0 0 0 0 0 0 0 0 0 0 0 0 0 0 0 0 0 0
#obs survey bio
 6682.91 8535.82 6242.32 9774.04 14943.3 15310.5 12730.1 19100.8 38017.4 39211.8 27680.7 67310.6 87082.4 52717.6 55063.5 63500.7 72727 48804.1 48913.4 50466.1 84102 38581.9 65702.6 81190.9 80460.2 85622.4 60596.5 130877
#pred catch bio
 4032.67 3323.27 3556.43 5017.67 5874.92 8013.05 8474.8 7545.53 7981.73 19431.1 23652.7 18242.6 31955.5 51014.4 45494.5 37729.7 32914.1 35759.4 30879.7 34447.7 33877.9 35911.2 41484.1 41638.7 42981.4 48158.8 41022.9 40222.2 21069.3 42038.8 34728.5 22859.1 15800.7 12239 10570.2 9822.57 9497.15 9358.2 9299.63 9275.16 9265 9260.8 9259.06 9258.35 9258.05 9257.93 9257.89 9257.87 9257.86 9257.85 9257.85 9257.85 9257.85 9257.85 9257.85 9257.85 9257.85 9257.85 9257.85 9257.85 9257.85 9257.85 9257.85 9257.85 9257.85 9257.85 9257.85 9257.85 9257.85 9257.85 9257.85 9257.85 9257.85 9257.85 9257.85 9257.85 9257.85 9257.85 9257.85 9257.85 9257.85 9257.85 9257.85 9257.85 9257.85 9257.85 9257.85 9257.85 9257.85 9257.85 9257.85 9257.85 9257.85 9257.85 9257.85 9257.85 9257.85 9257.85 9257.85 9257.85 9257.85 9257.85 9257.85 9257.85 9257.85 9257.85 9257.85 9257.85 9257.85 9257.85 9257.85 9257.85 9257.85 9257.85 9257.85 9257.85 9257.85 9257.85 9257.85 9257.85 9257.85 9257.85 9257.85 9257.85 9257.85 9257.85 9257.85 9257.85 0 0 0 0 0 0 0 0 0 0 0 0 0 0 0 0 0 0 0 0 0 0 0 0 0
#obs catch bio
 3321.18 3321.49 3499.29 5003.7 5800.03 7886.62 8613.06 7604.58 7646.86 18839 24848.6 17465.6 30378.9 52043.5 46920.3 39200.8 32434.3 36178.7 31142.8 34594.7 34167 35426.3 42375.4 41594.8 42280 49098.8 41497.6 40240.8
#pred cpue bio
 5299.04 4062.69 4408.6 5640.18 6809.59 8926.68 9099.84 7753.32 9968.54 21018.1 22506 19868.7 35718.3 49655.5 43598.5 35286.2 31452.5 33714.4 30132 32648.3 32339.3 34872.3 39218.3 39156.9 42643.2 46162.2 42086.1 49631.6 2.7108e+06 2.62063e+06 2.29395e+06 1.57689e+06 1.12516e+06 882410 758591 696240 664427 647678 638478 633187 630012 628038 626774 625950 625409 625050 624810 624649 624541 624468 624419 624385 624363 624348 624338 624331 624326 624323 624321 624319 624318 624317 624317 624317 624317 624316 624316 624316 624316 624316 624316 624316 624316 624316 624316 624316 624316 624316 624316 624316 624316 624316 624316 624316 624316 624316 624316 624316 624316 624316 624316 624316 624316 624316 624316 624316 624316 624316 624316 624316 624316 624316 624316 624316 624316 624316 624316 624316 624316 624316 624316 624316 624316 624316 624316 624316 624316 624316 624316 624316 624316 624316 624316 624316 624316 624316 624316 624316 0 0 0 0 0 0 0 0 0 0 0 0 0 0 0 0 0 0 0 0 0 0 0 0 0
#obs cpue bio
 4233.99 4457.87 6261.83 6439.49 6948.49 11069.7 7254.23 8778.48 12136.4 19091.5 20958.2 33259.8 48109.5 40255.9 31592.2 29000 28801.6 34978.2 27067.8 34728.1 27708.2 52065.4 34824.9 41652.3 47914.2 32080.2 39446.5 46592.5
#pred surv len freq
 2.14197e-27 2.16409e-27 5.66187e-27 1.1966e-21 7.11661e-17 9.73069e-13 3.05886e-09 2.21064e-06 0.000367295 0.0140304 0.123216 0.248778 0.116101 0.0289627 0.101925 0.143418 0.057642 0.044282 0.0382786 0.0232975 0.0178537 0.0137958 0.0126906 0.0109168 0.00444223
 2.14315e-27 2.16795e-27 6.11211e-27 1.34937e-21 8.02524e-17 1.09731e-12 3.4494e-09 2.49289e-06 0.000414191 0.0158218 0.138948 0.280542 0.130878 0.0314414 0.107489 0.150984 0.0571749 0.0338314 0.0263794 0.0109438 0.00610297 0.00365233 0.00264219 0.00197407 0.000778447
 2.14389e-27 2.16991e-27 6.32392e-27 1.42122e-21 8.45251e-17 1.15573e-12 3.63305e-09 2.62562e-06 0.000436243 0.0166642 0.146346 0.295477 0.137793 0.0317022 0.104581 0.146807 0.0547831 0.0299487 0.0225125 0.00770154 0.00309706 0.00116793 0.000550905 0.000315516 0.000113532
 2.14386e-27 2.16986e-27 6.31884e-27 1.41949e-21 8.44224e-17 1.15433e-12 3.62864e-09 2.62243e-06 0.000435712 0.0166439 0.146168 0.295118 0.137634 0.0318906 0.105839 0.148567 0.055232 0.0295575 0.0220463 0.00724486 0.00262066 0.000728042 0.000190082 6.30687e-05 1.82391e-05
 2.14448e-27 2.17135e-27 6.47115e-27 1.47113e-21 8.74939e-17 1.19632e-12 3.76065e-09 2.71784e-06 0.000451564 0.0172495 0.151486 0.305855 0.142597 0.0318548 0.102384 0.143621 0.052463 0.0252439 0.0184046 0.00579881 0.00197265 0.000502108 9.58152e-05 1.57359e-05 2.66701e-06
 2.14256e-27 2.16664e-27 5.97332e-27 1.30226e-21 7.74502e-17 1.05899e-12 3.32896e-09 2.40585e-06 0.000399728 0.0152693 0.134096 0.270747 0.126425 0.0334446 0.122671 0.172243 0.0629431 0.0303526 0.0220293 0.00664981 0.00211839 0.000509939 8.72611e-05 1.00179e-05 8.26336e-07
 2.14097e-27 2.16279e-27 5.57436e-27 1.16696e-21 6.94038e-17 9.48974e-13 2.98311e-09 2.1559e-06 0.0003582 0.013683 0.120165 0.24262 0.113441 0.033973 0.134375 0.18889 0.0708606 0.0398275 0.0295827 0.0087893 0.00270714 0.000617995 9.77195e-05 9.8687e-06 5.57403e-07
 2.14443e-27 2.17128e-27 6.47364e-27 1.47202e-21 8.75466e-17 1.19704e-12 3.76292e-09 2.71947e-06 0.000451837 0.0172599 0.151577 0.306039 0.142651 0.0310473 0.0973994 0.136733 0.0519132 0.0310526 0.0234277 0.00737087 0.0024349 0.000549085 8.25803e-05 7.71474e-06 3.78659e-07
 2.14786e-27 2.17961e-27 7.33979e-27 1.76576e-21 1.05017e-16 1.43591e-12 4.51381e-09 3.26215e-06 0.000542001 0.0207041 0.181824 0.367107 0.170829 0.0295718 0.0699863 0.0978328 0.0346494 0.0133164 0.00930236 0.00300209 0.00103882 0.00024842 3.90855e-05 3.56019e-06 1.62889e-07
 2.1427e-27 2.16689e-27 5.98714e-27 1.30689e-21 7.77255e-17 1.06276e-12 3.34079e-09 2.4144e-06 0.000401149 0.0153236 0.134573 0.271709 0.126909 0.0344727 0.128658 0.180503 0.0634325 0.0227729 0.0153865 0.00428486 0.00122233 0.000295072 4.94187e-05 4.75295e-06 2.19434e-07
 2.14217e-27 2.16571e-27 5.88161e-27 1.27118e-21 7.56019e-17 1.03372e-12 3.24952e-09 2.34843e-06 0.000390189 0.0149049 0.130896 0.264286 0.123427 0.0331416 0.12277 0.172512 0.064838 0.0367754 0.0269712 0.00699983 0.0016897 0.000342354 4.96795e-05 4.8361e-06 2.35321e-07
 2.14699e-27 2.17746e-27 7.11317e-27 1.68889e-21 1.00445e-16 1.3734e-12 4.31732e-09 3.12014e-06 0.000518406 0.0198028 0.173909 0.351126 0.163464 0.0302061 0.0786751 0.110111 0.0394104 0.0164511 0.0116007 0.00346088 0.00103612 0.000199215 2.37508e-05 1.93017e-06 8.7573e-08
 2.14482e-27 2.17209e-27 6.53826e-27 1.49384e-21 8.88443e-17 1.21479e-12 3.8187e-09 2.75979e-06 0.000458534 0.0175157 0.153824 0.310576 0.144808 0.0326258 0.105669 0.148088 0.0518452 0.0179857 0.0120508 0.00336756 0.000946536 0.000206698 2.84527e-05 2.12956e-06 8.04058e-08
 2.14248e-27 2.16641e-27 5.9472e-27 1.29339e-21 7.69227e-17 1.05178e-12 3.30629e-09 2.38946e-06 0.000397006 0.0151653 0.133183 0.268903 0.125582 0.0336884 0.124716 0.175117 0.0638757 0.0304099 0.0216736 0.00561727 0.00135528 0.00027363 3.75919e-05 3.14315e-06 1.23215e-07
 2.14179e-27 2.1647e-27 5.76422e-27 1.23131e-21 7.32306e-17 1.0013e-12 3.14759e-09 2.27478e-06 0.000377951 0.0144375 0.12679 0.255997 0.119643 0.0344348 0.133162 0.186995 0.0676792 0.0306012 0.0217737 0.00609295 0.00165805 0.000314004 3.73262e-05 2.93409e-06 1.19639e-07
 2.14277e-27 2.16714e-27 6.02348e-27 1.31926e-21 7.84616e-17 1.07282e-12 3.37243e-09 2.43726e-06 0.000404948 0.0154687 0.135847 0.274282 0.12806 0.0334637 0.121723 0.170887 0.0622108 0.0292498 0.0208961 0.00567261 0.00149036 0.0003006 3.80519e-05 2.77216e-06 1.02203e-07
 2.14406e-27 2.17025e-27 6.34708e-27 1.42901e-21 8.49884e-17 1.16207e-12 3.65297e-09 2.64001e-06 0.000438634 0.0167555 0.147148 0.297097 0.138587 0.032912 0.111478 0.156345 0.055693 0.0223981 0.0155208 0.00424662 0.00112502 0.000221656 2.79037e-05 2.13425e-06 7.87828e-08
 2.14241e-27 2.1662e-27 5.91647e-27 1.28293e-21 7.63005e-17 1.04327e-12 3.27954e-09 2.37014e-06 0.000393795 0.0150427 0.132106 0.266728 0.124606 0.0344885 0.130255 0.182801 0.0648926 0.0253802 0.0173973 0.00454755 0.00111133 0.000217341 2.73695e-05 2.0717e-06 7.76369e-08
 2.14395e-27 2.17e-27 6.32366e-27 1.42108e-21 8.45168e-17 1.15562e-12 3.6327e-09 2.62536e-06 0.0004362 0.0166625 0.146331 0.295449 0.137818 0.0327108 0.110747 0.15537 0.0561207 0.0250119 0.0175864 0.00449723 0.00104026 0.000192208 2.26878e-05 1.68732e-06 6.29361e-08
 2.14329e-27 2.16836e-27 6.14695e-27 1.36112e-21 8.09508e-17 1.10686e-12 3.47942e-09 2.51459e-06 0.000417795 0.0159595 0.140157 0.282983 0.132087 0.0335829 0.119828 0.168118 0.0599068 0.0241562 0.0167531 0.004592 0.00120556 0.000222875 2.48615e-05 1.7329e-06 6.17669e-08
 2.14389e-27 2.16984e-27 6.30451e-27 1.41457e-21 8.41297e-17 1.15032e-12 3.61606e-09 2.61333e-06 0.000434202 0.0165862 0.145661 0.294095 0.137203 0.0330047 0.112949 0.158431 0.0566242 0.0233605 0.0161943 0.00421137 0.00101843 0.000198118 2.41764e-05 1.68032e-06 5.6643e-08
 2.14415e-27 2.17046e-27 6.36874e-27 1.43635e-21 8.54253e-17 1.16804e-12 3.67174e-09 2.65358e-06 0.000440888 0.0168416 0.147904 0.298624 0.139293 0.0329082 0.110995 0.155654 0.0553227 0.0218518 0.0150253 0.00395975 0.000972507 0.000181068 2.11883e-05 1.54465e-06 5.45602e-08
 2.14331e-27 2.16842e-27 6.15315e-27 1.36322e-21 8.10758e-17 1.10857e-12 3.48479e-09 2.51847e-06 0.00041844 0.0159841 0.140373 0.28342 0.13229 0.0335908 0.119744 0.167999 0.059853 0.0240915 0.0166198 0.00434049 0.00105042 0.000197113 2.30142e-05 1.62062e-06 5.69839e-08
 2.14418e-27 2.17056e-27 6.38059e-27 1.44037e-21 8.56645e-17 1.17131e-12 3.68203e-09 2.66101e-06 0.000442123 0.0168888 0.148318 0.299461 0.139675 0.0327654 0.109871 0.154089 0.0550347 0.0225866 0.0156382 0.0040589 0.000968189 0.000179457 2.07292e-05 1.45806e-06 5.05317e-08
 2.14364e-27 2.1692e-27 6.23317e-27 1.39035e-21 8.26896e-17 1.13063e-12 3.55416e-09 2.5686e-06 0.000426769 0.0163023 0.143168 0.289061 0.134896 0.0335375 0.117718 0.165104 0.0582823 0.0217551 0.0147533 0.00386235 0.00093674 0.000173031 1.97028e-05 1.36782e-06 4.70366e-08
 2.1426e-27 2.16669e-27 5.97337e-27 1.30225e-21 7.74499e-17 1.05899e-12 3.32895e-09 2.40584e-06 0.000399727 0.0152693 0.134096 0.270746 0.12644 0.0338595 0.125205 0.175761 0.0634823 0.0282816 0.0198946 0.00511613 0.001198 0.000221958 2.55999e-05 1.77024e-06 6.01031e-08
 2.14381e-27 2.16966e-27 6.28783e-27 1.40892e-21 8.3794e-17 1.14573e-12 3.60163e-09 2.60291e-06 0.000432469 0.01652 0.14508 0.292922 0.136654 0.0328373 0.11228 0.157526 0.0568039 0.0250263 0.0176559 0.00477753 0.00122691 0.000226991 2.55019e-05 1.76211e-06 6.00899e-08
 2.14553e-27 2.1739e-27 6.73728e-27 1.56139e-21 9.28617e-17 1.26972e-12 3.99138e-09 2.88458e-06 0.000479268 0.0183077 0.160779 0.324619 0.151251 0.0313041 0.0933676 0.130861 0.0472916 0.0211621 0.0150156 0.00417346 0.00113403 0.0002232 2.69317e-05 1.87269e-06 6.30486e-08
#obs surv len freq
 8.66962e-40 4.24318e-33 4.77449e-27 1.23512e-21 7.3457e-17 1.00439e-12 3.15731e-09 2.2818e-06 0.000379124 0.014482 0.127181 0.256786 0.119925 0.0322214 0.119411 0.167926 0.0651221 0.0430728 0.0336469 0.0125583 0.0052896 0.00159396 0.00035037 4.73418e-05 3.27083e-06
 1.03719e-39 5.07632e-33 5.71196e-27 1.47763e-21 8.78802e-17 1.2016e-12 3.77725e-09 2.72983e-06 0.000453565 0.0173256 0.152153 0.307204 0.143173 0.0305843 0.0942221 0.132296 0.0508805 0.0324097 0.0251074 0.00912815 0.00371889 0.0010802 0.000228648 2.99203e-05 2.00051e-06
 9.69649e-40 4.74576e-33 5.34001e-27 1.38141e-21 8.21576e-17 1.12336e-12 3.53128e-09 2.55206e-06 0.000424029 0.0161974 0.142245 0.2872 0.134009 0.0328269 0.113941 0.159886 0.0578422 0.0261181 0.019077 0.00670124 0.00262432 0.000735975 0.000149063 1.86907e-05 1.20494e-06
 1.04889e-39 5.13359e-33 5.7764e-27 1.4943e-21 8.88716e-17 1.21516e-12 3.81986e-09 2.76062e-06 0.000458681 0.017521 0.15387 0.31067 0.144804 0.0313513 0.0978598 0.137299 0.0509965 0.0271257 0.0199201 0.00577734 0.00177791 0.000465707 8.97817e-05 1.07439e-05 6.62279e-07
 9.86693e-40 4.82918e-33 5.43387e-27 1.40569e-21 8.36017e-17 1.1431e-12 3.59335e-09 2.59692e-06 0.000431482 0.0164821 0.144746 0.292248 0.136344 0.0328616 0.112632 0.158009 0.0567858 0.0244404 0.0174205 0.00540729 0.00174256 0.000380508 5.91597e-05 6.47824e-06 3.78924e-07
 8.13002e-40 3.97908e-33 4.47733e-27 1.15824e-21 6.8885e-17 9.41878e-13 2.9608e-09 2.13978e-06 0.000355527 0.0135807 0.119266 0.240806 0.112634 0.0347978 0.139956 0.196638 0.0719885 0.0351002 0.0253089 0.00706575 0.00198515 0.000444049 6.61867e-05 5.97381e-06 2.99448e-07
 7.94613e-40 3.88908e-33 4.37605e-27 1.13204e-21 6.73269e-17 9.20574e-13 2.89383e-09 2.09138e-06 0.000347485 0.0132735 0.116568 0.235359 0.110072 0.0336401 0.134531 0.189234 0.0726735 0.0459035 0.0345988 0.0101213 0.00297802 0.000608665 8.18935e-05 7.10942e-06 3.15903e-07
 1.33098e-39 6.5142e-33 7.32988e-27 1.89617e-21 1.12772e-16 1.54196e-12 4.84716e-09 3.50305e-06 0.000582037 0.0222331 0.195251 0.394216 0.183283 0.0274576 0.0489098 0.068258 0.0260197 0.0158835 0.0121046 0.00403579 0.00141178 0.000306223 4.13013e-05 3.29092e-06 1.34822e-07
 1.10445e-39 5.40553e-33 6.08239e-27 1.57346e-21 9.35793e-17 1.27953e-12 4.02221e-09 2.90686e-06 0.000482979 0.0184492 0.16202 0.327126 0.152461 0.0326678 0.100936 0.141263 0.0473183 0.00954223 0.00526078 0.00169924 0.000597779 0.000146817 2.30139e-05 1.92895e-06 7.63891e-08
 6.34891e-40 3.10735e-33 3.49644e-27 9.04497e-22 5.37938e-17 7.35534e-13 2.31216e-09 1.671e-06 0.000277639 0.0106055 0.0931371 0.188054 0.088391 0.0386696 0.179491 0.252167 0.0889348 0.0329024 0.0218676 0.00467583 0.000669105 0.000131752 2.15361e-05 2.05121e-06 8.97418e-08
 1.23288e-39 6.0341e-33 6.78966e-27 1.75642e-21 1.04461e-16 1.42832e-12 4.48992e-09 3.24488e-06 0.000539141 0.0205945 0.180861 0.365163 0.169867 0.0278784 0.0602359 0.0844234 0.034499 0.027865 0.0212907 0.00540839 0.00118284 0.000174574 1.36817e-05 1.00354e-06 4.6456e-08
 1.17789e-39 5.76493e-33 6.48679e-27 1.67807e-21 9.98012e-17 1.3646e-12 4.28964e-09 3.10013e-06 0.000515091 0.0196758 0.172793 0.348875 0.162465 0.0312986 0.0860227 0.12029 0.0405686 0.00911875 0.0054254 0.00202232 0.0007678 0.000144276 1.39618e-05 7.27188e-07 1.99704e-08
 8.77143e-40 4.29301e-33 4.83056e-27 1.24962e-21 7.43196e-17 1.01619e-12 3.19439e-09 2.30859e-06 0.000383576 0.0146521 0.128675 0.259803 0.121449 0.0356699 0.139555 0.19577 0.0675787 0.0203283 0.0127732 0.00279035 0.000450867 0.000102082 1.59878e-05 1.09755e-06 3.05231e-08
 9.23192e-40 4.51838e-33 5.08416e-27 1.31522e-21 7.82213e-17 1.06953e-12 3.36209e-09 2.42979e-06 0.000403713 0.0154213 0.13543 0.273441 0.127664 0.0332554 0.120705 0.169512 0.0625763 0.0320761 0.0229549 0.00540634 0.000993347 0.000144517 1.27649e-05 1.00613e-06 3.95804e-08
 7.36364e-40 3.60399e-33 4.05527e-27 1.04906e-21 6.23915e-17 8.53092e-13 2.6817e-09 1.93807e-06 0.000322013 0.0123005 0.108023 0.218107 0.102192 0.036195 0.155327 0.218251 0.0788987 0.0353932 0.025244 0.00731416 0.00205399 0.000344831 2.93204e-05 1.51009e-06 4.51222e-08
 1.1207e-39 5.48505e-33 6.17187e-27 1.5966e-21 9.4956e-17 1.29835e-12 4.08138e-09 2.94962e-06 0.000490084 0.0187206 0.164404 0.331938 0.154581 0.0298618 0.0823575 0.115534 0.0445016 0.0284847 0.0213546 0.00584997 0.00156226 0.000317107 3.81628e-05 2.26851e-06 5.78366e-08
 8.66373e-40 4.2403e-33 4.77125e-27 1.23428e-21 7.34071e-17 1.00371e-12 3.15517e-09 2.28025e-06 0.000378866 0.0144722 0.127095 0.256613 0.119974 0.0356559 0.14043 0.197007 0.0680293 0.0205863 0.013504 0.0044143 0.00149434 0.000302746 3.74676e-05 2.75496e-06 8.99218e-08
 9.5515e-40 4.6748e-33 5.26016e-27 1.36075e-21 8.0929e-17 1.10656e-12 3.47848e-09 2.5139e-06 0.000417689 0.0159552 0.140118 0.282906 0.132022 0.0327712 0.114896 0.161325 0.0596959 0.0310328 0.0222629 0.00527155 0.00105853 0.000228498 3.37642e-05 2.61517e-06 9.44278e-08
 1.00966e-39 4.94157e-33 5.56034e-27 1.43841e-21 8.55474e-17 1.16971e-12 3.67698e-09 2.65736e-06 0.000441525 0.0168657 0.148114 0.29905 0.139481 0.0326637 0.109374 0.153401 0.0549491 0.0230736 0.0162501 0.00473411 0.00134244 0.00023106 2.36463e-05 1.86885e-06 7.56046e-08
 8.67899e-40 4.24777e-33 4.77965e-27 1.23645e-21 7.35364e-17 1.00548e-12 3.16073e-09 2.28426e-06 0.000379534 0.0144977 0.127319 0.257065 0.12016 0.035033 0.136492 0.191579 0.0678054 0.0258774 0.0176601 0.00467814 0.00118229 0.000238812 2.92524e-05 1.89497e-06 6.32189e-08
 1.11683e-39 5.46611e-33 6.15056e-27 1.59109e-21 9.46282e-17 1.29387e-12 4.06729e-09 2.93944e-06 0.000488392 0.0186559 0.163836 0.330792 0.154082 0.0307011 0.0878263 0.12311 0.0453815 0.0230748 0.0166143 0.00424944 0.000981041 0.000180448 2.12804e-05 1.55979e-06 5.33403e-08
 8.88146e-40 4.34686e-33 4.89115e-27 1.2653e-21 7.52518e-17 1.02893e-12 3.23446e-09 2.33755e-06 0.000388388 0.0148359 0.130289 0.263061 0.122944 0.0353623 0.136695 0.191748 0.0662735 0.020235 0.0131126 0.0037686 0.00106571 0.000195559 2.09879e-05 1.42459e-06 4.96141e-08
 1.00719e-39 4.92951e-33 5.54676e-27 1.43489e-21 8.53385e-17 1.16685e-12 3.668e-09 2.65087e-06 0.000440446 0.0168245 0.147753 0.29832 0.139129 0.032282 0.107264 0.150519 0.0552118 0.0272255 0.0193609 0.00458159 0.000894292 0.000169434 2.10318e-05 1.42451e-06 4.59512e-08
 1.03456e-39 5.06347e-33 5.6975e-27 1.47389e-21 8.76578e-17 1.19856e-12 3.76769e-09 2.72292e-06 0.000452416 0.0172817 0.151768 0.306427 0.142888 0.0325762 0.106616 0.149468 0.052936 0.0203227 0.0139938 0.00397617 0.00108686 0.000184557 1.7672e-05 1.19777e-06 4.15188e-08
 8.73859e-40 4.27693e-33 4.81247e-27 1.24494e-21 7.40413e-17 1.01238e-12 3.18243e-09 2.29995e-06 0.00038214 0.0145972 0.128193 0.25883 0.120975 0.0350279 0.135928 0.190773 0.0673655 0.0252123 0.0170731 0.00437897 0.00103394 0.000201541 2.38734e-05 1.48489e-06 4.46276e-08
 9.23315e-40 4.51899e-33 5.08483e-27 1.3154e-21 7.82317e-17 1.06968e-12 3.36254e-09 2.43011e-06 0.000403767 0.0154234 0.135448 0.273477 0.12768 0.0332298 0.120537 0.169272 0.0624206 0.0318055 0.0228965 0.00582208 0.00131974 0.000234112 2.59311e-05 1.81698e-06 5.97506e-08
 9.71678e-40 4.75569e-33 5.35118e-27 1.3843e-21 8.23295e-17 1.12571e-12 3.53867e-09 2.5574e-06 0.000424916 0.0162313 0.142543 0.287801 0.134294 0.0330256 0.114973 0.161328 0.0582097 0.0257663 0.0183188 0.00528351 0.00149506 0.000272354 2.84924e-05 1.84349e-06 6.07296e-08
 1.12611e-39 5.51154e-33 6.20168e-27 1.60431e-21 9.54146e-17 1.30462e-12 4.10109e-09 2.96387e-06 0.000492451 0.018811 0.165198 0.333541 0.155367 0.0310681 0.089238 0.125006 0.0447577 0.018723 0.0130766 0.00355947 0.000942119 0.000191142 2.37879e-05 1.58965e-06 4.95813e-08
#pred catch len freq
 2.13511e-27 2.14653e-27 3.78231e-27 5.59044e-22 3.32484e-17 4.54613e-13 1.42908e-09 1.0328e-06 0.000171598 0.00655494 0.0575658 0.116233 0.0548792 0.0304651 0.15104 0.213123 0.0881129 0.0746421 0.0652045 0.039825 0.0305592 0.0236136 0.0217209 0.0186847 0.00760311
 2.13573e-27 2.14967e-27 4.18677e-27 6.96335e-22 4.14136e-17 5.66258e-13 1.78004e-09 1.28644e-06 0.00021374 0.00816472 0.071703 0.144778 0.0682668 0.0355637 0.173572 0.244462 0.0944961 0.0616579 0.048725 0.0202744 0.0113282 0.00677987 0.00490446 0.00366424 0.00144494
 2.13622e-27 2.15116e-27 4.35417e-27 7.53115e-22 4.47906e-17 6.12431e-13 1.92519e-09 1.39134e-06 0.000231169 0.00883049 0.0775498 0.156582 0.0737651 0.0366502 0.176649 0.248681 0.0946537 0.0573556 0.0437759 0.0150184 0.00605502 0.00228393 0.00107725 0.000616954 0.000221998
 2.13655e-27 2.15199e-27 4.44118e-27 7.82619e-22 4.65453e-17 6.36424e-13 2.00061e-09 1.44584e-06 0.000240225 0.00917642 0.0805878 0.162716 0.0766079 0.036838 0.175947 0.247639 0.0936043 0.0547683 0.0414085 0.0136367 0.00494275 0.00137337 0.000358537 0.000118957 3.44013e-05
 2.13702e-27 2.1531e-27 4.54966e-27 8.19371e-22 4.87311e-17 6.6631e-13 2.09456e-09 1.51374e-06 0.000251506 0.00960735 0.0843723 0.170357 0.0801572 0.0372855 0.176377 0.248117 0.092075 0.0487518 0.0361295 0.0114104 0.00389095 0.000990646 0.000189029 3.10431e-05 5.26126e-06
 2.1355e-27 2.14934e-27 4.15197e-27 6.84466e-22 4.07078e-17 5.56606e-13 1.7497e-09 1.26451e-06 0.000210097 0.00802555 0.0704808 0.142311 0.0672399 0.0385884 0.192784 0.271266 0.100562 0.0529151 0.0389816 0.0117896 0.00376356 0.000906173 0.000155052 1.77996e-05 1.46819e-06
 2.13438e-27 2.14671e-27 3.88642e-27 5.94449e-22 3.53541e-17 4.83404e-13 1.51959e-09 1.09821e-06 0.000182466 0.00697008 0.0612116 0.123597 0.058577 0.0382973 0.196647 0.276925 0.105479 0.0640688 0.0481229 0.0143185 0.00441742 0.00100858 0.000159464 1.61033e-05 9.09523e-07
 2.13747e-27 2.15431e-27 4.6926e-27 8.67932e-22 5.16192e-17 7.05801e-13 2.21869e-09 1.60346e-06 0.000266412 0.0101768 0.0893728 0.180452 0.0847586 0.0355293 0.162613 0.228937 0.0882918 0.056887 0.0433501 0.013658 0.00451822 0.00101899 0.000153235 1.43145e-05 7.02571e-07
 2.1406e-27 2.16178e-27 5.45454e-27 1.12626e-21 6.69829e-17 9.15871e-13 2.87905e-09 2.0807e-06 0.000345705 0.0132057 0.115973 0.234158 0.109588 0.0355396 0.146489 0.205753 0.0739112 0.0317153 0.0227024 0.00735065 0.00255146 0.000610388 9.60348e-05 8.74726e-06 4.00203e-07
 2.13578e-27 2.14989e-27 4.18766e-27 6.96469e-22 4.14216e-17 5.66367e-13 1.78038e-09 1.28669e-06 0.000213781 0.0081663 0.0717169 0.144807 0.0684604 0.0403617 0.202857 0.285149 0.10119 0.0394769 0.0272165 0.00759296 0.00217059 0.000524121 8.7773e-05 8.44136e-06 3.89711e-07
 2.13594e-27 2.1505e-27 4.28115e-27 7.28323e-22 4.33161e-17 5.92271e-13 1.86181e-09 1.34554e-06 0.000223559 0.00853979 0.0749969 0.151428 0.0714127 0.0374578 0.183134 0.25782 0.0979873 0.0588316 0.0434998 0.0112959 0.00272873 0.000552889 8.02169e-05 7.80817e-06 3.7993e-07
 2.13996e-27 2.16023e-27 5.29314e-27 1.07152e-21 6.37273e-17 8.71357e-13 2.73912e-09 1.97957e-06 0.000328903 0.0125639 0.110337 0.222778 0.104339 0.035859 0.151869 0.21339 0.0773582 0.0353848 0.0254172 0.00759909 0.00228032 0.000438577 5.22843e-05 4.24878e-06 1.92764e-07
 2.13755e-27 2.15423e-27 4.64636e-27 8.52063e-22 5.06754e-17 6.92896e-13 2.17813e-09 1.57414e-06 0.000261541 0.00999068 0.0877387 0.177154 0.083361 0.0389201 0.184307 0.258977 0.091605 0.0347954 0.0238535 0.0066801 0.00188235 0.000411207 5.66008e-05 4.23613e-06 1.59939e-07
 2.13607e-27 2.1507e-27 4.28945e-27 7.31074e-22 4.34797e-17 5.94507e-13 1.86884e-09 1.35062e-06 0.000224403 0.00857204 0.0752801 0.152001 0.0717198 0.0385948 0.189903 0.267153 0.0984501 0.0499673 0.0360123 0.0093412 0.00225622 0.000455581 6.25794e-05 5.23205e-06 2.05096e-07
 2.1356e-27 2.14953e-27 4.16338e-27 6.88294e-22 4.09354e-17 5.59719e-13 1.75948e-09 1.27158e-06 0.000211272 0.00807044 0.070875 0.143107 0.0676335 0.0392686 0.196696 0.276674 0.101044 0.0485096 0.0349029 0.0097747 0.00266218 0.00050419 5.99241e-05 4.71001e-06 1.92047e-07
 2.13654e-27 2.15187e-27 4.41249e-27 7.72807e-22 4.59617e-17 6.28445e-13 1.97552e-09 1.42772e-06 0.000237213 0.00906137 0.0795775 0.160677 0.0757194 0.0382873 0.18541 0.260792 0.0957924 0.0476743 0.0344044 0.00934577 0.00245711 0.000495595 6.27256e-05 4.56933e-06 1.68455e-07
 2.13754e-27 2.15424e-27 4.6543e-27 8.54789e-22 5.08375e-17 6.95113e-13 2.1851e-09 1.57917e-06 0.000262378 0.0100226 0.0880194 0.177721 0.0836008 0.038331 0.18054 0.253769 0.0911713 0.039113 0.0274794 0.00752613 0.00199605 0.000393307 4.95052e-05 3.78619e-06 1.39757e-07
 2.1362e-27 2.15092e-27 4.30016e-27 7.34644e-22 4.3692e-17 5.9741e-13 1.87797e-09 1.35721e-06 0.000225499 0.0086139 0.0756477 0.152743 0.0721055 0.0397256 0.196582 0.276358 0.0988438 0.0410033 0.0284747 0.00744887 0.00182191 0.000356329 4.4865e-05 3.39573e-06 1.27251e-07
 2.13732e-27 2.15375e-27 4.60729e-27 8.38867e-22 4.98906e-17 6.82165e-13 2.14439e-09 1.54976e-06 0.00025749 0.00983595 0.0863798 0.17441 0.0820572 0.037979 0.179389 0.252249 0.092038 0.0438983 0.0312624 0.00800206 0.0018534 0.000342517 4.04245e-05 3.00618e-06 1.12125e-07
 2.1369e-27 2.15268e-27 4.48825e-27 7.98461e-22 4.74875e-17 6.49307e-13 2.0411e-09 1.47511e-06 0.000245088 0.00936218 0.0822192 0.16601 0.0782077 0.0388857 0.187456 0.263522 0.0946683 0.0405924 0.0285231 0.00782507 0.0020563 0.000380183 4.24026e-05 2.9553e-06 1.05334e-07
 2.13739e-27 2.15389e-27 4.61765e-27 8.42358e-22 5.00982e-17 6.85004e-13 2.15332e-09 1.55621e-06 0.000258562 0.00987689 0.0867393 0.175136 0.0824073 0.0383662 0.181534 0.255194 0.0920051 0.0404683 0.0284279 0.00739941 0.00179139 0.000348526 4.25249e-05 2.95537e-06 9.9621e-08
 2.13753e-27 2.15422e-27 4.65047e-27 8.53483e-22 5.07599e-17 6.94051e-13 2.18176e-09 1.57676e-06 0.000261977 0.0100073 0.0878849 0.177449 0.0834798 0.0384506 0.181352 0.254901 0.0913962 0.0386308 0.0269569 0.00711175 0.00174893 0.000325683 3.81058e-05 2.77775e-06 9.81121e-08
 2.13694e-27 2.15276e-27 4.49661e-27 8.01292e-22 4.76558e-17 6.51609e-13 2.04834e-09 1.48034e-06 0.000245956 0.00939537 0.0825106 0.166599 0.0784806 0.0389084 0.187417 0.263464 0.0946243 0.0404885 0.028298 0.00739654 0.00179174 0.000336254 3.92538e-05 2.76396e-06 9.7182e-08
 2.13775e-27 2.15475e-27 4.70872e-27 8.73251e-22 5.19356e-17 7.10126e-13 2.23229e-09 1.61328e-06 0.000268045 0.0102391 0.0899205 0.181559 0.0853668 0.0381061 0.17801 0.250218 0.0901195 0.0393522 0.0276003 0.00716966 0.00171195 0.00031735 3.66518e-05 2.57782e-06 8.93357e-08
 2.13697e-27 2.1528e-27 4.49729e-27 8.01506e-22 4.76686e-17 6.51783e-13 2.04889e-09 1.48074e-06 0.000246022 0.00939789 0.0825327 0.166644 0.0785137 0.0392375 0.189412 0.266218 0.0947867 0.0379658 0.0261726 0.00686002 0.00166625 0.000307849 3.505e-05 2.43308e-06 8.3666e-08
 2.13625e-27 2.15112e-27 4.32927e-27 7.44558e-22 4.42817e-17 6.05473e-13 1.90331e-09 1.37553e-06 0.000228542 0.00873015 0.0766687 0.154804 0.0730275 0.0389016 0.190931 0.268525 0.0978795 0.0463868 0.0330138 0.00849649 0.00199152 0.000369018 4.2555e-05 2.94244e-06 9.98981e-08
 2.13694e-27 2.15282e-27 4.50981e-27 8.05803e-22 4.79241e-17 6.55277e-13 2.05987e-09 1.48868e-06 0.000247341 0.00944827 0.0829752 0.167537 0.0788897 0.0382578 0.183163 0.25757 0.0939293 0.0446613 0.0319685 0.00866187 0.00222822 0.000412346 4.63212e-05 3.20045e-06 1.09135e-07
 2.13787e-27 2.15513e-27 4.75689e-27 8.89633e-22 5.29098e-17 7.23448e-13 2.27417e-09 1.64355e-06 0.000273073 0.0104312 0.0916074 0.184964 0.0869068 0.0371885 0.171382 0.240997 0.088514 0.0440362 0.0318622 0.00887751 0.00242006 0.000476577 5.75038e-05 3.99836e-06 1.34611e-07
#obs catch len freq
 4.10419e-40 2.00872e-33 2.26024e-27 5.84703e-22 3.47745e-17 4.75478e-13 1.49467e-09 1.0802e-06 0.000179477 0.00685579 0.0602076 0.121569 0.057554 0.0360089 0.183286 0.258392 0.102837 0.0757111 0.0601673 0.0232074 0.0101029 0.0031127 0.000702436 9.7879e-05 6.9999e-06
 4.20531e-40 2.05821e-33 2.31593e-27 5.9911e-22 3.56313e-17 4.87193e-13 1.5315e-09 1.10682e-06 0.000183899 0.00702471 0.061691 0.124564 0.0589487 0.0362746 0.184005 0.259354 0.1025 0.0733936 0.0578823 0.0216317 0.00911507 0.00274197 0.000601463 8.1134e-05 5.59852e-06
 5.74979e-40 2.81412e-33 3.1665e-27 8.19143e-22 4.87175e-17 6.66124e-13 2.09397e-09 1.51331e-06 0.000251439 0.00960465 0.0843481 0.170308 0.0800535 0.0351176 0.163156 0.229805 0.0899185 0.0617885 0.0483224 0.0175837 0.00716439 0.00207723 0.000438734 5.73135e-05 3.82717e-06
 5.1903e-40 2.54029e-33 2.85838e-27 7.39435e-22 4.39769e-17 6.01305e-13 1.89021e-09 1.36606e-06 0.000226972 0.00867005 0.0761404 0.153738 0.072516 0.0383999 0.188187 0.264687 0.0968277 0.0470639 0.0348469 0.012249 0.00479613 0.00134255 0.000271308 3.39593e-05 2.18641e-06
 6.0115e-40 2.94221e-33 3.31062e-27 8.56427e-22 5.09349e-17 6.96443e-13 2.18927e-09 1.58219e-06 0.000262884 0.0100418 0.0881873 0.17806 0.0836921 0.0365808 0.169752 0.238855 0.0898464 0.0512155 0.038009 0.0110258 0.00339116 0.000886546 0.000170512 2.0368e-05 1.25384e-06
 5.46483e-40 2.67465e-33 3.00957e-27 7.78546e-22 4.6303e-17 6.33111e-13 1.99019e-09 1.43831e-06 0.000238978 0.00912864 0.0801678 0.161869 0.0762811 0.0385604 0.186716 0.26255 0.095253 0.0438094 0.031633 0.00981942 0.00316234 0.000689369 0.000106893 1.16818e-05 6.82335e-07
 4.08547e-40 1.99955e-33 2.24993e-27 5.82035e-22 3.46158e-17 4.73309e-13 1.48785e-09 1.07527e-06 0.000178658 0.00682451 0.0599329 0.121016 0.0574373 0.03972 0.206109 0.290053 0.107268 0.0556258 0.0405265 0.0113107 0.0031736 0.000708526 0.000105353 9.49046e-06 4.74945e-07
 3.96906e-40 1.94258e-33 2.18582e-27 5.65451e-22 3.36295e-17 4.59823e-13 1.44546e-09 1.04463e-06 0.000173568 0.00663005 0.0582252 0.117567 0.0557678 0.0377134 0.194899 0.274621 0.106854 0.0715664 0.0543366 0.0158857 0.00466744 0.000952265 0.000127782 1.10714e-05 4.91225e-07
 9.82926e-40 4.81074e-33 5.41312e-27 1.40032e-21 8.32825e-17 1.13874e-12 3.57963e-09 2.58701e-06 0.000429835 0.0164191 0.144193 0.291132 0.135767 0.0312419 0.10308 0.144823 0.0558753 0.0360864 0.0277008 0.00922688 0.00322256 0.000697705 9.38661e-05 7.46519e-06 3.05353e-07
 6.88927e-40 3.37182e-33 3.79403e-27 9.81478e-22 5.83722e-17 7.98134e-13 2.50894e-09 1.81322e-06 0.000301269 0.0115081 0.101064 0.204058 0.0958181 0.0394165 0.179227 0.251489 0.0844783 0.0178343 0.0100792 0.00325412 0.0011426 0.000280024 4.37912e-05 3.66425e-06 1.44902e-07
 3.01783e-40 1.47702e-33 1.66197e-27 4.29935e-22 2.55698e-17 3.49621e-13 1.09904e-09 7.94277e-07 0.00013197 0.00504109 0.0442709 0.089396 0.0429533 0.0433068 0.237536 0.334031 0.118504 0.0460664 0.0309766 0.00662184 0.000944935 0.000185483 3.0236e-05 2.87465e-06 1.25605e-07
 8.5377e-40 4.17861e-33 4.70184e-27 1.21632e-21 7.23392e-17 9.89108e-13 3.10927e-09 2.24708e-06 0.000373355 0.0142617 0.125246 0.252879 0.118084 0.0312835 0.114865 0.161808 0.0670595 0.0567446 0.043547 0.0110507 0.00241081 0.000355327 2.77623e-05 2.02985e-06 9.38166e-08
 7.83491e-40 3.83465e-33 4.31481e-27 1.1162e-21 6.63846e-17 9.07689e-13 2.85333e-09 2.06211e-06 0.000342622 0.0130877 0.114936 0.232066 0.108697 0.0375632 0.159472 0.223718 0.0756812 0.0177813 0.0107959 0.00401935 0.00152328 0.000285818 2.75931e-05 1.43457e-06 3.93152e-08
 4.83075e-40 2.36432e-33 2.66037e-27 6.88212e-22 4.09305e-17 5.59651e-13 1.75927e-09 1.27143e-06 0.000211249 0.00806945 0.0708659 0.14309 0.0677133 0.0416041 0.210957 0.296389 0.10275 0.0323336 0.0206009 0.00449873 0.000724468 0.000163498 2.55526e-05 1.75184e-06 4.86556e-08
 5.19185e-40 2.54105e-33 2.85923e-27 7.39656e-22 4.39901e-17 6.01486e-13 1.89077e-09 1.36647e-06 0.00022704 0.00867265 0.0761632 0.153784 0.0725313 0.0382416 0.187208 0.263421 0.0980645 0.0527694 0.0380566 0.00895652 0.00164133 0.000238389 2.09868e-05 1.64965e-06 6.48214e-08
 3.71712e-40 1.81927e-33 2.04707e-27 5.29558e-22 3.14948e-17 4.30635e-13 1.3537e-09 9.78325e-07 0.00016255 0.0062092 0.0545293 0.110106 0.0524363 0.0408562 0.216333 0.304354 0.110817 0.0521791 0.0375507 0.0108659 0.00304409 0.000510308 4.32816e-05 2.22419e-06 6.63198e-08
 7.1152e-40 3.4824e-33 3.91845e-27 1.01367e-21 6.02865e-17 8.2431e-13 2.59122e-09 1.87268e-06 0.000311149 0.0118855 0.104378 0.210749 0.0987173 0.034251 0.145678 0.205064 0.0798905 0.0537768 0.0405644 0.0111004 0.00295714 0.00059901 7.19199e-05 4.26871e-06 1.08675e-07
 4.73938e-40 2.3196e-33 2.61005e-27 6.75196e-22 4.01564e-17 5.49066e-13 1.72599e-09 1.24738e-06 0.000207254 0.00791684 0.0695257 0.140384 0.0664568 0.0414569 0.210874 0.296278 0.102749 0.0325292 0.0216313 0.00706033 0.00238429 0.000482105 5.94979e-05 4.36659e-06 1.42347e-07
 5.48564e-40 2.68484e-33 3.02102e-27 7.81511e-22 4.64794e-17 6.35521e-13 1.99777e-09 1.44379e-06 0.000239888 0.0091634 0.080473 0.162485 0.0765359 0.0377581 0.181634 0.255571 0.0953758 0.0520294 0.0376083 0.00889809 0.00178118 0.000383436 5.65188e-05 4.37007e-06 1.57563e-07
 6.0415e-40 2.9569e-33 3.32715e-27 8.60702e-22 5.11892e-17 6.99919e-13 2.2002e-09 1.59009e-06 0.000264196 0.0100919 0.0886275 0.178949 0.0841601 0.0380999 0.178758 0.25128 0.0905851 0.0398447 0.0283229 0.00823955 0.00233042 0.000400447 4.08501e-05 3.2205e-06 1.30106e-07
 4.74677e-40 2.32322e-33 2.61412e-27 6.76248e-22 4.0219e-17 5.49922e-13 1.72869e-09 1.24933e-06 0.000207577 0.00792918 0.0696341 0.140603 0.0665215 0.04049 0.204906 0.288061 0.102544 0.0410138 0.0282881 0.00748536 0.00188627 0.000380159 4.6451e-05 3.00365e-06 1.00021e-07
 7.15684e-40 3.50278e-33 3.94138e-27 1.0196e-21 6.06393e-17 8.29133e-13 2.60639e-09 1.88364e-06 0.00031297 0.011955 0.104989 0.211982 0.099342 0.0356993 0.154147 0.216747 0.08055 0.042945 0.0311565 0.00796043 0.0018325 0.000336341 3.95507e-05 2.89317e-06 9.88019e-08
 4.94329e-40 2.4194e-33 2.72235e-27 7.04245e-22 4.18841e-17 5.7269e-13 1.80025e-09 1.30105e-06 0.000216171 0.00825745 0.072517 0.146423 0.0692398 0.0412163 0.207585 0.291649 0.10123 0.0323007 0.0212099 0.00608786 0.00171688 0.000314464 3.36536e-05 2.27935e-06 7.92552e-08
 5.98139e-40 2.92748e-33 3.29404e-27 8.52138e-22 5.06798e-17 6.92955e-13 2.17831e-09 1.57427e-06 0.000261567 0.00999152 0.0877456 0.177168 0.0833126 0.0374522 0.175341 0.246626 0.0911902 0.0471909 0.0338296 0.00799933 0.00155681 0.000294237 3.64293e-05 2.463e-06 7.93248e-08
 6.26491e-40 3.06624e-33 3.45018e-27 8.92529e-22 5.30821e-17 7.25802e-13 2.28156e-09 1.64889e-06 0.000273965 0.0104651 0.0919048 0.185566 0.0872247 0.0382453 0.177651 0.249642 0.0889371 0.0358076 0.0249202 0.00707218 0.00192835 0.00032693 3.1213e-05 2.11053e-06 7.30514e-08
 4.78161e-40 2.34027e-33 2.63331e-27 6.81212e-22 4.05142e-17 5.53959e-13 1.74137e-09 1.25849e-06 0.000209101 0.00798737 0.0701451 0.141635 0.0670014 0.0405652 0.205054 0.288252 0.102374 0.040186 0.0275153 0.0070507 0.00166009 0.000322883 3.81525e-05 2.36892e-06 7.1075e-08
 5.21202e-40 2.55092e-33 2.87034e-27 7.42529e-22 4.4161e-17 6.03822e-13 1.89812e-09 1.37178e-06 0.000227922 0.00870634 0.0764591 0.154382 0.0728053 0.0381839 0.186676 0.262662 0.0976524 0.0521786 0.0378487 0.00961411 0.00217315 0.000384714 4.24896e-05 2.97113e-06 9.75702e-08
 5.62977e-40 2.75538e-33 3.1004e-27 8.02044e-22 4.77006e-17 6.5222e-13 2.05026e-09 1.48173e-06 0.000246191 0.00940417 0.0825875 0.166755 0.0785324 0.0383661 0.184058 0.25881 0.0940515 0.0437176 0.0313681 0.00903593 0.00255063 0.000463838 4.83928e-05 3.12452e-06 1.02764e-07
#spawning biomass
 4279.16 2945.62 3068.69 3893.72 4624.05 6085.77 6332.31 5395.64 6521.64 13867.3 15553.1 13123.2 23361 33625 29474.4 23879.3 20882.8 22389.4 20175.7 21725.9 21504.4 23082.3 26058.2 25999.5 28112.1 31023 28203.3 33150.9 52588.4 94012.3 93776.8 63080.5 42156.5 31445.4 26419.4 24167.3 23187.1 22768.5 22592.1 22518.4 22487.8 22475.1 22469.9 22467.8 22466.9 22466.5 22466.4 22466.3 22466.3 22466.3 22466.3 22466.3 22466.3 22466.3 22466.3 22466.3 22466.3 22466.3 22466.3 22466.3 22466.3 22466.3 22466.3 22466.3 22466.3 22466.3 22466.3 22466.3 22466.3 22466.3 22466.3 22466.3 22466.3 22466.3 22466.3 22466.3 22466.3 22466.3 22466.3 22466.3 22466.3 22466.3 22466.3 22466.3 22466.3 22466.3 22466.3 22466.3 22466.3 22466.3 22466.3 22466.3 22466.3 22466.3 22466.3 22466.3 22466.3 22466.3 22466.3 22466.3 22466.3 22466.3 22466.3 22466.3 22466.3 22466.3 22466.3 22466.3 22466.3 22466.3 22466.3 22466.3 22466.3 22466.3 22466.3 22466.3 22466.3 22466.3 22466.3 22466.3 22466.3 22466.3 22466.3 22466.3 22466.3 22466.3 22466.3 22466.3 0 0 0 0 0 0 0 0 0 0 0 0 0 0 0 0 0 0 0 0 0 0 0 0 0
