SBPRF35
0.989595
Curr Bio
132553
B35
697616
F35
0.223835
FOFL
0
OFL
0
Bzero
282741
#pred survey bio
 11083.9 10657.2 12638.1 17609.3 22520.2 28792.5 34434.1 42749.1 51683 60883.6 77294 94439.6 108598 125029 126956 114609 97822.6 95893.1 103319 99599.1 99762.7 120622 128561 117413 118321 121697 114230 105152 2.64582e+06 4.02339e+06 4.98135e+06 5.09751e+06 4.78342e+06 4.31979e+06 3.85146e+06 3.44198e+06 3.11037e+06 2.85398e+06 2.66153e+06 2.51979e+06 2.4166e+06 2.34182e+06 2.28691e+06 2.24599e+06 2.21691e+06 2.19601e+06 2.18081e+06 2.16963e+06 2.16129e+06 2.155e+06 2.15018e+06 2.14645e+06 2.14354e+06 2.14123e+06 2.13939e+06 2.13791e+06 2.13672e+06 2.13574e+06 2.13494e+06 2.13429e+06 2.13374e+06 2.1333e+06 2.13292e+06 2.13262e+06 2.13236e+06 2.13215e+06 2.13197e+06 2.13182e+06 2.1317e+06 2.13159e+06 2.1315e+06 2.13143e+06 2.13137e+06 2.13132e+06 2.13128e+06 2.13124e+06 2.13121e+06 2.13119e+06 2.13117e+06 2.13115e+06 2.13114e+06 2.13112e+06 2.13111e+06 2.13111e+06 2.1311e+06 2.13109e+06 2.13109e+06 2.13108e+06 2.13108e+06 2.13108e+06 2.13107e+06 2.13107e+06 2.13107e+06 2.13107e+06 2.13107e+06 2.13107e+06 2.13107e+06 2.13107e+06 2.13106e+06 2.13106e+06 2.13106e+06 2.13106e+06 2.13106e+06 2.13106e+06 2.13106e+06 2.13106e+06 2.13106e+06 2.13106e+06 2.13106e+06 2.13106e+06 2.13106e+06 2.13106e+06 2.13106e+06 2.13106e+06 2.13106e+06 2.13106e+06 2.13106e+06 2.13106e+06 2.13106e+06 2.13106e+06 2.13106e+06 2.13106e+06 2.13106e+06 2.13106e+06 2.13106e+06 2.13106e+06 2.13106e+06 2.13106e+06 0 0 0 0 0 0 0 0 0 0 0 0 0 0 0 0 0 0 0 0 0 0 0 0 0
#obs survey bio
 9809.42 10892.7 11719.9 22238.5 23250 28012.5 29096.2 37153.1 58112.3 49791 56326.8 66629.8 117685 90515.4 71812.3 87269.4 111490 65497.2 75074.2 76860.5 73943 124112 130456 99254.2 138339 85696 76570.1 102741
#pred catch bio
 6938.22 6531.59 6818.32 10245.2 13508.6 18627.3 21360.3 25251.7 30254.3 34837.2 47422.8 63002.6 75045.1 96376.2 106562 102582 85320.3 81183 90772.2 88133.3 81297.7 94949.8 100015 99307.4 101677 110569 105417 90092.3 0 30288.2 42359.8 43312.9 39959.9 35451 31047.9 27269.1 24255.5 21963.4 20275.8 19062 18203.7 17603.9 17184.9 16892.4 16696.7 16565.8 16478.1 16419.5 16380.2 16354 16336.4 16324.6 16316.8 16311.5 16308 16305.6 16304.1 16303 16302.3 16301.8 16301.5 16301.3 16301.2 16301.1 16301 16301 16300.9 16300.9 16300.9 16300.9 16300.9 16300.9 16300.9 16300.9 16300.9 16300.9 16300.9 16300.9 16300.9 16300.9 16300.9 16300.9 16300.9 16300.9 16300.9 16300.9 16300.9 16300.9 16300.9 16300.9 16300.9 16300.9 16300.9 16300.9 16300.9 16300.9 16300.9 16300.9 16300.9 16300.9 16300.9 16300.9 16300.9 16300.9 16300.9 16300.9 16300.9 16300.9 16300.9 16300.9 16300.9 16300.9 16300.9 16300.9 16300.9 16300.9 16300.9 16300.9 16300.9 16300.9 16300.9 16300.9 16300.9 16300.9 16300.9 16300.9 16300.9 16300.9 0 0 0 0 0 0 0 0 0 0 0 0 0 0 0 0 0 0 0 0 0 0 0 0 0
#obs catch bio
 6465.62 6526.2 6711.79 10035.9 13444.1 18374 21244.6 24749.2 29749.5 34199.3 46398.7 62056.9 72378.6 93787.9 107550 103688 82908.4 79868.4 89374.2 86174.1 80071 91626.2 95222.5 96933 97794.1 107610 104232 88875.4
#pred cpue bio
 8321.75 7614.9 8092.47 11503.3 14946.9 18732 21988.4 27144.4 32037.6 34955 45823.3 56561.8 61189.2 74201.1 80630 72405.5 58357.2 56583.4 60243.1 58694.7 54793.9 65800.3 71977.5 63023.4 62540.2 67235.9 63966.5 59098.7 1.52981e+06 3.38683e+06 4.83574e+06 5.00479e+06 4.67047e+06 4.19625e+06 3.72447e+06 3.31401e+06 2.98213e+06 2.72568e+06 2.53321e+06 2.39147e+06 2.28828e+06 2.2135e+06 2.15858e+06 2.11767e+06 2.08858e+06 2.06769e+06 2.05249e+06 2.04131e+06 2.03297e+06 2.02667e+06 2.02186e+06 2.01813e+06 2.01521e+06 2.01291e+06 2.01107e+06 2.00959e+06 2.00839e+06 2.00742e+06 2.00662e+06 2.00596e+06 2.00542e+06 2.00497e+06 2.0046e+06 2.00429e+06 2.00404e+06 2.00382e+06 2.00365e+06 2.0035e+06 2.00337e+06 2.00327e+06 2.00318e+06 2.00311e+06 2.00305e+06 2.003e+06 2.00296e+06 2.00292e+06 2.00289e+06 2.00287e+06 2.00285e+06 2.00283e+06 2.00281e+06 2.0028e+06 2.00279e+06 2.00278e+06 2.00278e+06 2.00277e+06 2.00276e+06 2.00276e+06 2.00276e+06 2.00275e+06 2.00275e+06 2.00275e+06 2.00275e+06 2.00275e+06 2.00275e+06 2.00274e+06 2.00274e+06 2.00274e+06 2.00274e+06 2.00274e+06 2.00274e+06 2.00274e+06 2.00274e+06 2.00274e+06 2.00274e+06 2.00274e+06 2.00274e+06 2.00274e+06 2.00274e+06 2.00274e+06 2.00274e+06 2.00274e+06 2.00274e+06 2.00274e+06 2.00274e+06 2.00274e+06 2.00274e+06 2.00274e+06 2.00274e+06 2.00274e+06 2.00274e+06 2.00274e+06 2.00274e+06 2.00274e+06 2.00274e+06 2.00274e+06 2.00274e+06 2.00274e+06 0 0 0 0 0 0 0 0 0 0 0 0 0 0 0 0 0 0 0 0 0 0 0 0 0
#obs cpue bio
 6501.21 8632.12 10034.1 12019.5 15569.9 23979.8 27028.7 45443.5 42727.4 51191.3 80018.6 124594 99272.4 130361 99803.2 109377 75368.8 106954 93659.5 125822 85674 119134 181856 93548.1 98876.8 127658 111318 100610
#pred surv len freq
 2.5614e-27 2.58367e-27 2.91147e-26 5.60211e-20 1.37329e-14 4.0693e-10 1.45756e-06 0.000631066 0.0330277 0.208943 0.160182 0.0400548 0.192341 0.177856 0.0443125 0.0567395 0.0241332 0.0182148 0.0110738 0.00834119 0.00649905 0.00559294 0.00559296 0.00495234 0.00151118
 2.56319e-27 2.58877e-27 3.37627e-26 6.58266e-20 1.61366e-14 4.78157e-10 1.71268e-06 0.000741524 0.0388087 0.245515 0.188068 0.0375734 0.153869 0.143124 0.0523738 0.0836411 0.0287671 0.0125419 0.00557991 0.00314138 0.00198302 0.00145718 0.00128981 0.00114226 0.000381986
 2.56611e-27 2.59635e-27 4.00959e-26 7.91857e-20 1.94114e-14 5.75195e-10 2.06025e-06 0.00089201 0.0466846 0.29534 0.226137 0.0390343 0.138239 0.127939 0.0358826 0.0499489 0.0200401 0.0128908 0.00423003 0.00136497 0.000569716 0.000316331 0.000230947 0.000192059 6.651e-05
 2.56444e-27 2.59168e-27 3.58434e-26 7.02142e-20 1.72122e-14 5.10028e-10 1.82683e-06 0.000790949 0.0413954 0.261879 0.200622 0.0412371 0.172929 0.159821 0.0392396 0.0494468 0.0178571 0.00909941 0.00371205 0.00142391 0.000334698 0.00010502 5.36801e-05 3.8316e-05 1.31353e-05
 2.56439e-27 2.59171e-27 3.60093e-26 7.05648e-20 1.72981e-14 5.12574e-10 1.83595e-06 0.000794898 0.0416021 0.263187 0.201599 0.0399283 0.162282 0.150337 0.0437485 0.0620835 0.0211537 0.0087927 0.00303081 0.00105869 0.000312001 6.2246e-05 1.53369e-05 7.77122e-06 2.49546e-06
 2.56503e-27 2.59337e-27 3.74249e-26 7.3551e-20 1.80301e-14 5.34265e-10 1.91365e-06 0.000828536 0.0433626 0.274324 0.210105 0.0400214 0.157015 0.145319 0.0399863 0.054825 0.0198586 0.0100072 0.00317775 0.000888767 0.000221332 4.8398e-05 7.18165e-06 1.671e-06 4.45643e-07
 2.56504e-27 2.59327e-27 3.72054e-26 7.30874e-20 1.79165e-14 5.30897e-10 1.90159e-06 0.000823314 0.0430893 0.272595 0.208803 0.0411712 0.166679 0.15403 0.0378065 0.0475864 0.0165237 0.00736993 0.0025334 0.000790128 0.0001632 2.91939e-05 4.07926e-06 4.41828e-07 6.90564e-08
 2.56538e-27 2.59422e-27 3.80697e-26 7.49107e-20 1.83634e-14 5.44142e-10 1.94902e-06 0.000843853 0.0441642 0.279395 0.213987 0.0406425 0.159014 0.147048 0.0382411 0.0503042 0.0168703 0.00659168 0.00210916 0.000617428 0.000142441 2.30808e-05 2.59435e-06 2.06228e-07 1.41389e-08
 2.56608e-27 2.59607e-27 3.96623e-26 7.82702e-20 1.9187e-14 5.68545e-10 2.03643e-06 0.000881698 0.0461449 0.291925 0.223554 0.0405505 0.151593 0.140103 0.0352587 0.0452619 0.0155148 0.00656542 0.00200013 0.000515338 0.000108924 1.84429e-05 1.93973e-06 1.20309e-07 4.62384e-09
 2.5679e-27 2.60087e-27 4.37793e-26 8.69549e-20 2.13159e-14 6.31629e-10 2.26239e-06 0.000979529 0.051265 0.324317 0.248284 0.0403817 0.132933 0.122664 0.0282075 0.0335233 0.0112342 0.0043895 0.00137004 0.000367265 6.98298e-05 1.05788e-05 1.11061e-06 6.32642e-08 1.7438e-09
 2.56646e-27 2.59689e-27 4.01789e-26 7.93593e-20 1.9454e-14 5.76456e-10 2.06477e-06 0.000893967 0.046787 0.295987 0.22668 0.0421254 0.161381 0.148778 0.0303454 0.0317994 0.0103175 0.00352614 0.00104948 0.000266017 5.23477e-05 7.47516e-06 6.9629e-07 3.83419e-08 9.31578e-10
 2.56654e-27 2.5972e-27 4.05356e-26 8.01122e-20 1.96385e-14 5.81925e-10 2.08436e-06 0.000902447 0.0472308 0.298795 0.228811 0.0412708 0.153381 0.141591 0.0326132 0.0387604 0.0121087 0.00335648 0.000925883 0.000206895 3.79947e-05 5.39626e-06 4.81417e-07 2.37425e-08 5.42873e-10
 2.56788e-27 2.60071e-27 4.35372e-26 8.6444e-20 2.11907e-14 6.27918e-10 2.2491e-06 0.000973773 0.0509638 0.322411 0.246843 0.0412516 0.140565 0.129554 0.0266567 0.0282089 0.00896193 0.00274107 0.000713792 0.000129362 2.0758e-05 2.65507e-06 2.29331e-07 1.07724e-08 2.23159e-10
 2.56589e-27 2.59524e-27 3.86178e-26 7.60658e-20 1.86466e-14 5.52532e-10 1.97908e-06 0.000856865 0.0448452 0.283704 0.21732 0.0433705 0.177432 0.163437 0.0301746 0.0276798 0.00845398 0.00206863 0.000536577 0.000102753 1.42934e-05 1.50332e-06 1.1406e-07 5.08379e-09 9.94669e-11
 2.564e-27 2.59022e-27 3.4296e-26 6.69489e-20 1.64117e-14 4.86308e-10 1.74187e-06 0.000754165 0.0394703 0.2497 0.19136 0.0436443 0.197755 0.18245 0.0382521 0.0412959 0.012274 0.00238255 0.000557461 8.81394e-05 1.23577e-05 1.21932e-06 7.48529e-08 2.86908e-09 5.24616e-11
 2.56457e-27 2.59184e-27 3.57917e-26 7.01044e-20 1.71853e-14 5.0923e-10 1.82398e-06 0.000789712 0.0413307 0.261469 0.200331 0.0426558 0.18393 0.169809 0.0381248 0.0442063 0.0134394 0.00309885 0.000711142 8.94944e-05 1.04483e-05 9.2915e-07 5.41725e-08 1.70587e-09 2.65151e-11
 2.56578e-27 2.59496e-27 3.83802e-26 7.55645e-20 1.85237e-14 5.48891e-10 1.96604e-06 0.000851219 0.0445497 0.281834 0.215892 0.0433175 0.178032 0.164026 0.0309228 0.0292315 0.00882676 0.00197634 0.000464848 6.55706e-05 6.91452e-06 4.82021e-07 2.40118e-08 6.96621e-10 9.05325e-12
 2.56597e-27 2.59542e-27 3.87594e-26 7.63643e-20 1.87198e-14 5.54701e-10 1.98685e-06 0.000860228 0.0450212 0.284817 0.218172 0.0434579 0.177499 0.163485 0.0299417 0.0271138 0.00793162 0.00135288 0.000299566 4.15924e-05 4.66288e-06 3.29149e-07 1.31422e-08 3.13115e-10 3.63065e-12
 2.56647e-27 2.5968e-27 4.00098e-26 7.90023e-20 1.93664e-14 5.73863e-10 2.05548e-06 0.000889944 0.0465765 0.294656 0.225675 0.0428735 0.16778 0.154567 0.0292785 0.0278459 0.00814828 0.00138128 0.000290954 3.20323e-05 3.34029e-06 2.40892e-07 9.94112e-09 2.00145e-10 1.87259e-12
 2.56571e-27 2.59467e-27 3.80395e-26 7.48454e-20 1.83474e-14 5.43667e-10 1.94733e-06 0.000843117 0.0441257 0.279152 0.213857 0.0441623 0.185891 0.171112 0.0291834 0.0234641 0.00682694 0.0011202 0.000233227 2.48341e-05 2.26948e-06 1.35836e-07 5.50125e-09 1.1322e-10 9.32834e-13
 2.56792e-27 2.60069e-27 4.34049e-26 8.61642e-20 2.11221e-14 6.25886e-10 2.24182e-06 0.000970622 0.0507989 0.321368 0.246062 0.0422587 0.148778 0.136938 0.0244608 0.0212914 0.00609157 0.000805699 0.000156904 1.61616e-05 1.44006e-06 7.87388e-08 2.64078e-09 5.0399e-11 4.16938e-13
 2.56785e-27 2.60046e-27 4.31499e-26 8.56263e-20 2.09903e-14 6.21979e-10 2.22782e-06 0.000964562 0.0504817 0.319361 0.244538 0.0427642 0.153695 0.141368 0.023291 0.0175158 0.00506385 0.000783826 0.000155523 1.34046e-05 1.09866e-06 5.79271e-08 1.80847e-09 2.91952e-11 2.16133e-13
 2.56718e-27 2.59866e-27 4.156e-26 8.22722e-20 2.0168e-14 5.97615e-10 2.14056e-06 0.000926779 0.0485043 0.306852 0.234993 0.0431878 0.163626 0.150549 0.0252323 0.0196257 0.00560383 0.000739698 0.000143032 1.40682e-05 1.12795e-06 5.0561e-08 1.47839e-09 2.22926e-11 1.42684e-13
 2.56832e-27 2.60176e-27 4.43178e-26 8.809e-20 2.15942e-14 6.39875e-10 2.29192e-06 0.000992316 0.0519342 0.32855 0.251547 0.0422827 0.145107 0.133477 0.0225151 0.0177285 0.0050617 0.000664973 0.000125551 1.07139e-05 8.57247e-07 4.16156e-08 1.08849e-09 1.46766e-11 8.72927e-14
 2.56831e-27 2.60166e-27 4.41468e-26 8.77291e-20 2.15057e-14 6.37253e-10 2.28253e-06 0.00098825 0.0517215 0.327204 0.250531 0.0429916 0.151215 0.138954 0.0205886 0.0119593 0.00336818 0.000397421 7.19948e-05 5.96094e-06 4.43304e-07 1.93881e-08 5.30989e-10 6.87531e-12 3.61948e-14
 2.56719e-27 2.5986e-27 4.14381e-26 8.20147e-20 2.01049e-14 5.95745e-10 2.13386e-06 0.000923879 0.0483525 0.305891 0.23427 0.0438209 0.168951 0.155322 0.0235134 0.0145021 0.00402682 0.000362423 5.72159e-05 4.31344e-06 3.03406e-07 1.25505e-08 3.10756e-10 3.95609e-12 2.06404e-14
 2.56689e-27 2.59779e-27 4.07287e-26 8.05183e-20 1.97381e-14 5.84875e-10 2.09492e-06 0.000907021 0.0474702 0.30031 0.23001 0.0439263 0.172746 0.158851 0.0246342 0.0161677 0.00449822 0.00040983 6.34993e-05 3.76469e-06 2.19284e-07 8.20138e-09 1.90795e-10 2.2233e-12 1.10173e-14
 2.5668e-27 2.59755e-27 4.05263e-26 8.00914e-20 1.96334e-14 5.81774e-10 2.08382e-06 0.000902213 0.0472186 0.298718 0.228794 0.0439616 0.173869 0.159894 0.0249275 0.0165743 0.00462338 0.000440779 7.00349e-05 4.17393e-06 2.26217e-07 6.50555e-09 1.28585e-10 1.37178e-12 6.26701e-15
#obs surv len freq
 1.07966e-41 1.4985e-33 2.51404e-26 5.09843e-20 1.24982e-14 3.70344e-10 1.32651e-06 0.000574334 0.0300584 0.190159 0.14591 0.039996 0.172619 0.146151 0.104127 0.10241 0.0452172 0.0180285 0.00418014 0.000540359 2.84859e-05 4.41591e-07 1.51484e-09 9.39592e-13 9.24935e-17
 1.60442e-41 2.22684e-33 3.73598e-26 7.57649e-20 1.85729e-14 5.50348e-10 1.97126e-06 0.000853487 0.0446681 0.282584 0.216504 0.0406822 0.126634 0.10219 0.0758512 0.068563 0.0287509 0.0103419 0.00212959 0.000235528 1.01657e-05 1.22604e-07 3.14026e-10 1.41667e-13 9.99011e-18
 1.53613e-41 2.13204e-33 3.57694e-26 7.25397e-20 1.77822e-14 5.26921e-10 1.88734e-06 0.000817155 0.0427666 0.270555 0.207548 0.0500341 0.17687 0.12891 0.0564411 0.0425261 0.0169942 0.00546422 0.000977834 9.01223e-05 3.11259e-06 2.89086e-08 5.52049e-11 1.81423e-14 9.18373e-19
 1.07787e-41 1.49602e-33 2.50988e-26 5.08998e-20 1.24775e-14 3.69731e-10 1.32432e-06 0.000573383 0.0300086 0.189845 0.146151 0.0565193 0.230297 0.163087 0.0977819 0.0655844 0.0157397 0.00378723 0.00057861 4.34085e-05 1.16931e-06 8.21001e-09 1.15931e-11 2.77175e-15 1.0088e-19
 1.50188e-41 2.08451e-33 3.49719e-26 7.09224e-20 1.73858e-14 5.15173e-10 1.84526e-06 0.000798936 0.0418131 0.264523 0.202977 0.0472531 0.142428 0.104305 0.104046 0.0690753 0.0189315 0.00350694 0.000322147 1.79889e-05 3.69267e-07 1.9205e-09 1.97611e-12 3.41027e-16 8.8999e-21
 1.2005e-41 1.66621e-33 2.79541e-26 5.66903e-20 1.3897e-14 4.11793e-10 1.47497e-06 0.000638613 0.0334225 0.211444 0.162999 0.0648789 0.230729 0.143796 0.0786938 0.0500422 0.0192733 0.00377468 0.000296418 1.00552e-05 1.35303e-07 5.03495e-10 3.71371e-13 4.56914e-17 8.47875e-22
 1.37382e-41 1.90678e-33 3.19902e-26 6.48754e-20 1.59034e-14 4.71248e-10 1.68793e-06 0.000730817 0.038248 0.241972 0.186191 0.0579291 0.175241 0.116727 0.109984 0.0571722 0.0130179 0.00255004 0.000229081 6.56326e-06 5.55612e-08 1.27413e-10 6.33505e-14 5.44387e-18 7.10054e-23
 1.19678e-41 1.66105e-33 2.78676e-26 5.6515e-20 1.3854e-14 4.10519e-10 1.47041e-06 0.000636637 0.0333191 0.210792 0.162946 0.0721941 0.22688 0.133167 0.0937514 0.0493693 0.0147275 0.00207389 0.000137495 3.88126e-06 2.77505e-08 4.22485e-11 1.284e-14 7.04847e-19 6.18754e-24
 1.51326e-41 2.1003e-33 3.52369e-26 7.14597e-20 1.75175e-14 5.19076e-10 1.85925e-06 0.000804989 0.0421299 0.266532 0.205332 0.064435 0.167051 0.104048 0.0963126 0.0422682 0.00961774 0.00138451 8.1068e-05 1.62551e-06 9.66556e-09 1.21497e-11 2.64379e-15 9.33359e-20 5.1447e-25
 1.51779e-41 2.1066e-33 3.53425e-26 7.16739e-20 1.757e-14 5.20632e-10 1.86482e-06 0.000807402 0.0422562 0.267334 0.206562 0.0779169 0.198341 0.103726 0.066434 0.028634 0.00714043 0.00080618 3.91346e-05 6.65635e-07 2.87727e-09 2.6949e-12 4.59089e-16 1.22418e-20 4.73952e-26
 1.09719e-41 1.52282e-33 2.55485e-26 5.18119e-20 1.27011e-14 3.76356e-10 1.34805e-06 0.000583658 0.0305463 0.19326 0.15107 0.0971016 0.25786 0.136061 0.0954069 0.0319582 0.00554794 0.000578962 2.39549e-05 3.12412e-07 1.05649e-09 7.28662e-13 8.83777e-17 1.72186e-21 4.97662e-27
 1.66453e-41 2.31026e-33 3.87595e-26 7.86034e-20 1.92687e-14 5.70967e-10 2.04511e-06 0.000885462 0.0463416 0.293181 0.226368 0.0712553 0.144767 0.0940829 0.0896011 0.0285747 0.0045929 0.000337538 1.03718e-05 1.09072e-07 2.77219e-10 1.41356e-13 1.25589e-17 1.74563e-22 3.55809e-28
 1.33633e-41 1.85473e-33 3.1117e-26 6.31046e-20 1.54694e-14 4.58385e-10 1.64186e-06 0.00071087 0.0372041 0.235389 0.184411 0.110393 0.242554 0.106721 0.0577335 0.0205613 0.00404382 0.000270238 6.21809e-06 4.49567e-08 8.39112e-11 3.15963e-14 2.02818e-18 2.02606e-23 2.95802e-29
 1.11374e-41 1.54579e-33 2.59339e-26 5.25934e-20 1.28927e-14 3.82033e-10 1.36838e-06 0.000592462 0.0310071 0.196191 0.155076 0.111826 0.235215 0.138171 0.104396 0.0242712 0.00303547 0.000213429 4.81212e-06 2.68503e-08 3.42173e-11 8.8441e-15 4.03337e-19 2.88412e-24 2.99734e-30
 8.76066e-42 1.21592e-33 2.03996e-26 4.137e-20 1.01414e-14 3.00507e-10 1.07637e-06 0.000466031 0.0243902 0.154343 0.124385 0.123342 0.249047 0.159855 0.124612 0.0346666 0.0046794 0.000208577 3.60269e-06 1.8315e-08 1.88628e-11 3.46182e-15 1.06695e-19 5.19217e-25 3.75035e-31
 1.41568e-41 1.96487e-33 3.29648e-26 6.6852e-20 1.6388e-14 4.85606e-10 1.73936e-06 0.000753083 0.0394134 0.249376 0.19549 0.0947311 0.160045 0.126264 0.101236 0.0284603 0.00403646 0.000189581 2.5541e-06 8.86907e-09 7.15751e-12 1.06103e-15 2.4709e-20 8.49986e-26 4.19329e-32
 9.73412e-42 1.35103e-33 2.26664e-26 4.59669e-20 1.12683e-14 3.33899e-10 1.19597e-06 0.000517814 0.0271004 0.17153 0.141443 0.162106 0.272822 0.126462 0.072415 0.0222606 0.00319232 0.000148121 1.93935e-06 5.63737e-09 3.21062e-12 3.33719e-16 5.80326e-21 1.52411e-26 5.62203e-33
 1.43707e-41 1.99456e-33 3.34629e-26 6.7862e-20 1.66356e-14 4.92942e-10 1.76564e-06 0.000764461 0.0400089 0.25317 0.200384 0.107992 0.161397 0.135715 0.0837347 0.0151273 0.00163118 7.36549e-05 9.02332e-07 2.36712e-09 1.13634e-12 8.95334e-17 1.09274e-21 1.99282e-27 5.24348e-34
 1.00524e-41 1.39521e-33 2.34075e-26 4.74699e-20 1.16367e-14 3.44816e-10 1.23508e-06 0.000534745 0.0279866 0.177196 0.149756 0.183689 0.261274 0.120855 0.0617103 0.0155243 0.0014309 4.12537e-05 4.06354e-07 9.30192e-10 3.80478e-13 2.47351e-17 2.3837e-22 3.25376e-28 6.11852e-35
 1.28919e-41 1.78931e-33 3.00194e-26 6.08788e-20 1.49237e-14 4.42217e-10 1.58395e-06 0.000685795 0.0358919 0.227182 0.184396 0.132634 0.181598 0.151935 0.0736094 0.0111208 0.000919246 2.59371e-05 1.80418e-07 2.89674e-10 9.27245e-14 4.86672e-18 3.75217e-23 4.03029e-29 5.84703e-36
 1.41221e-41 1.96005e-33 3.28839e-26 6.66878e-20 1.63477e-14 4.84413e-10 1.73509e-06 0.000751234 0.0393169 0.248908 0.204718 0.159315 0.187423 0.101575 0.0476886 0.00965047 0.000640021 1.27716e-05 7.51039e-08 9.27679e-11 2.0492e-14 7.59018e-19 4.35707e-24 3.58017e-30 3.9916e-37
 1.12872e-41 1.56659e-33 2.62828e-26 5.3301e-20 1.30661e-14 3.87173e-10 1.38679e-06 0.000600432 0.0314247 0.199083 0.172686 0.196607 0.225299 0.1228 0.0446526 0.00641555 0.000421965 7.95647e-06 3.42372e-08 3.12732e-11 5.28306e-15 1.42266e-19 5.67151e-25 3.23448e-31 2.56435e-38
 1.37809e-41 1.91269e-33 3.20894e-26 6.50766e-20 1.59528e-14 4.7271e-10 1.69317e-06 0.000733084 0.0383672 0.24299 0.203428 0.160237 0.178864 0.126077 0.0437703 0.00528083 0.000247638 3.69366e-06 1.38772e-08 9.93042e-12 1.20445e-15 2.33981e-20 6.83062e-26 2.81886e-32 1.57915e-39
 1.35489e-41 1.88049e-33 3.15491e-26 6.3981e-20 1.56842e-14 4.64751e-10 1.66466e-06 0.000720742 0.0377216 0.239048 0.207072 0.194352 0.188321 0.0966082 0.0318724 0.00411373 0.00016525 1.78767e-06 4.82373e-09 2.68434e-12 2.56326e-16 3.72526e-21 7.78927e-27 2.27803e-33 9.10755e-41
 1.18557e-41 1.6455e-33 2.76066e-26 5.59857e-20 1.37242e-14 4.06674e-10 1.45664e-06 0.000630676 0.0330083 0.209383 0.190084 0.21387 0.20693 0.113333 0.0297388 0.00291354 0.000106687 1.01916e-06 2.07106e-09 8.06034e-13 5.48639e-17 5.91388e-22 9.30096e-28 2.0189e-34 5.85331e-42
 1.0628e-41 1.47509e-33 2.47477e-26 5.01879e-20 1.2303e-14 3.64559e-10 1.30579e-06 0.000565364 0.0295907 0.187914 0.178012 0.221101 0.217446 0.129945 0.0325345 0.00281215 7.69647e-05 5.72327e-07 9.58529e-10 2.90825e-13 1.42773e-17 1.0714e-22 1.17817e-28 1.82448e-35 3.84121e-43
 1.0531e-41 1.46163e-33 2.45219e-26 4.97299e-20 1.21907e-14 3.61233e-10 1.29388e-06 0.000560205 0.0293214 0.186367 0.180217 0.221544 0.21649 0.131212 0.0316213 0.00260375 6.09258e-05 3.4548e-07 4.21781e-10 9.64751e-14 3.63234e-18 2.04238e-23 1.62226e-29 1.76639e-36 2.58673e-44
 1.27041e-41 1.76324e-33 2.9582e-26 5.99917e-20 1.47063e-14 4.35773e-10 1.56087e-06 0.000675803 0.035371 0.224535 0.204921 0.200082 0.192339 0.112814 0.0270016 0.00220799 5.00048e-05 2.60205e-07 2.68695e-10 4.91193e-14 1.46502e-18 6.6521e-24 4.3408e-30 3.89237e-37 4.64818e-45
#pred catch len freq
 2.55639e-27 2.57038e-27 1.77282e-26 3.20017e-20 7.84482e-15 2.32456e-10 8.32619e-07 0.000360492 0.0188669 0.119358 0.0917801 0.040327 0.242468 0.224535 0.0600435 0.0810539 0.0343936 0.0258137 0.0155975 0.0116912 0.00908318 0.0078068 0.00780334 0.0069089 0.00210818
 2.55769e-27 2.5743e-27 2.14289e-26 3.98093e-20 9.75877e-15 2.8917e-10 1.03576e-06 0.000448444 0.0234699 0.148478 0.113967 0.0372344 0.203351 0.189609 0.075466 0.12471 0.0428256 0.0185418 0.00820367 0.00459193 0.00288969 0.00212047 0.001876 0.00166122 0.000555523
 2.56031e-27 2.58098e-27 2.6885e-26 5.13177e-20 1.25799e-14 3.72765e-10 1.33518e-06 0.000578083 0.0302548 0.191401 0.146784 0.0398684 0.200338 0.185822 0.0565397 0.0826954 0.0331218 0.0212083 0.00693564 0.00222303 0.000924575 0.00051251 0.000373961 0.000310954 0.000107682
 2.55904e-27 2.57729e-27 2.33845e-26 4.39322e-20 1.07694e-14 3.19118e-10 1.14303e-06 0.000494887 0.0259006 0.163855 0.125796 0.0427664 0.237138 0.21951 0.0576851 0.076589 0.0276154 0.0139813 0.0056757 0.00216596 0.000507559 0.000158899 8.11574e-05 5.79197e-05 1.98555e-05
 2.55897e-27 2.57732e-27 2.36131e-26 4.44152e-20 1.08879e-14 3.22627e-10 1.15559e-06 0.000500328 0.0261854 0.165656 0.127142 0.0408562 0.221657 0.205727 0.0643914 0.0952981 0.0324219 0.0133786 0.00459146 0.00159371 0.000468246 9.32646e-05 2.29548e-05 1.16281e-05 3.73388e-06
 2.55992e-27 2.57981e-27 2.57025e-26 4.88225e-20 1.19682e-14 3.54641e-10 1.27026e-06 0.000549975 0.0287837 0.182094 0.139699 0.0412343 0.215711 0.199955 0.058167 0.0826372 0.0298439 0.0148945 0.00471091 0.00130855 0.000324762 7.08825e-05 1.05094e-05 2.44426e-06 6.51831e-07
 2.55991e-27 2.57956e-27 2.52938e-26 4.79597e-20 1.17567e-14 3.48373e-10 1.24782e-06 0.000540256 0.0282751 0.178877 0.137268 0.0428819 0.229957 0.212811 0.0552335 0.072603 0.0251562 0.0111189 0.00380488 0.00117942 0.000242865 4.3353e-05 6.05223e-06 6.55276e-07 1.02406e-07
 2.56012e-27 2.58019e-27 2.59051e-26 4.92495e-20 1.20729e-14 3.57742e-10 1.28137e-06 0.000554785 0.0290354 0.183687 0.14093 0.0421856 0.222086 0.205708 0.056908 0.0781665 0.0261712 0.0101396 0.0032309 0.000939652 0.000216098 3.49531e-05 3.92495e-06 3.11875e-07 2.13791e-08
 2.56096e-27 2.58239e-27 2.77779e-26 5.32001e-20 1.30414e-14 3.86439e-10 1.38416e-06 0.000599288 0.0313646 0.198421 0.152182 0.0422439 0.214624 0.198667 0.052841 0.0706811 0.0241767 0.0101365 0.00307617 0.000787208 0.000165841 2.8025e-05 2.94495e-06 1.82581e-07 7.01606e-09
 2.56295e-27 2.58762e-27 3.22153e-26 6.25604e-20 1.53359e-14 4.54431e-10 1.62769e-06 0.00070473 0.036883 0.233332 0.178844 0.0424854 0.19773 0.182752 0.0441455 0.0547886 0.0183244 0.0070891 0.00220332 0.000586756 0.000111215 1.68129e-05 1.76341e-06 1.00412e-07 2.7673e-09
 2.56164e-27 2.58389e-27 2.87699e-26 5.52914e-20 1.3554e-14 4.0163e-10 1.43857e-06 0.000622846 0.0325975 0.206221 0.158177 0.0446809 0.228958 0.211328 0.044854 0.0491654 0.0159239 0.00538235 0.00159506 0.000401517 7.87572e-05 1.12242e-05 1.04446e-06 5.74901e-08 1.3966e-09
 2.56208e-27 2.58519e-27 3.00271e-26 5.7944e-20 1.42043e-14 4.20898e-10 1.50758e-06 0.000652727 0.0341614 0.216115 0.16571 0.0433681 0.213675 0.197475 0.0469507 0.0574007 0.0178958 0.00489105 0.00134277 0.000297826 5.4507e-05 7.72519e-06 6.88526e-07 3.3942e-08 7.75959e-10
 2.56378e-27 2.58966e-27 3.38242e-26 6.59537e-20 1.61677e-14 4.79079e-10 1.71598e-06 0.000742954 0.0388836 0.245988 0.188525 0.0435919 0.199348 0.183928 0.0386345 0.0418491 0.0132599 0.00399161 0.00103499 0.000186106 2.97547e-05 3.79713e-06 3.2764e-07 1.53837e-08 3.18633e-10
 2.56199e-27 2.58466e-27 2.92799e-26 5.63667e-20 1.38176e-14 4.09441e-10 1.46655e-06 0.00063496 0.0332315 0.210232 0.16126 0.0459692 0.236595 0.218081 0.0407372 0.0380136 0.0115833 0.00278414 0.000718256 0.000136469 1.89205e-05 1.985e-06 1.50436e-07 6.70199e-09 1.31105e-10
 2.56039e-27 2.58046e-27 2.57036e-26 4.88228e-20 1.19683e-14 3.54642e-10 1.27027e-06 0.000549978 0.0287839 0.182095 0.139773 0.0458031 0.250428 0.231162 0.0487889 0.0530579 0.0157376 0.00299654 0.00069686 0.000109269 1.52621e-05 1.50242e-06 9.21245e-08 3.5292e-09 6.45194e-11
 2.56146e-27 2.58343e-27 2.83915e-26 5.44933e-20 1.33584e-14 3.95832e-10 1.41781e-06 0.000613856 0.032127 0.203245 0.155901 0.0445058 0.229224 0.211697 0.0471933 0.0543411 0.0164694 0.00371366 0.000847601 0.000105765 1.22964e-05 1.09059e-06 6.35112e-08 1.99888e-09 3.10623e-11
 2.56261e-27 2.58634e-27 3.07633e-26 5.94961e-20 1.45847e-14 4.32172e-10 1.54797e-06 0.000670211 0.0350764 0.221904 0.170165 0.0455339 0.227026 0.209256 0.039276 0.0368937 0.0111075 0.00243289 0.000568914 7.95797e-05 8.36224e-06 5.81303e-07 2.8919e-08 8.38504e-10 1.08947e-11
 2.5626e-27 2.58628e-27 3.06704e-26 5.93e-20 1.45367e-14 4.30748e-10 1.54287e-06 0.000668002 0.0349608 0.221172 0.169612 0.0458432 0.229769 0.211734 0.0387655 0.035085 0.0102431 0.00171172 0.00037644 5.18304e-05 5.78924e-06 4.0762e-07 1.6255e-08 3.87014e-10 4.48637e-12
 2.56347e-27 2.58867e-27 3.28091e-26 6.38118e-20 1.56427e-14 4.63521e-10 1.66025e-06 0.000718826 0.0376208 0.238 0.182448 0.0449976 0.214315 0.197523 0.0371364 0.0349473 0.0102031 0.00169185 0.000353959 3.86423e-05 4.01201e-06 2.88565e-07 1.18941e-08 2.39318e-10 2.23843e-12
 2.56274e-27 2.58659e-27 3.08681e-26 5.97168e-20 1.46389e-14 4.33775e-10 1.55371e-06 0.000672697 0.0352066 0.222727 0.170808 0.0464542 0.233578 0.215089 0.0364461 0.028952 0.00840478 0.00134916 0.000278955 2.94578e-05 2.68091e-06 1.59994e-07 6.47082e-09 1.33094e-10 1.09628e-12
 2.56475e-27 2.59208e-27 3.57719e-26 7.0062e-20 1.71748e-14 5.08921e-10 1.82287e-06 0.000789233 0.0413056 0.261311 0.200241 0.0445731 0.198584 0.182899 0.0326171 0.0283146 0.00808889 0.00104907 0.000202703 2.07099e-05 1.83775e-06 1.00201e-07 3.35593e-09 6.40019e-11 5.29322e-13
 2.56459e-27 2.59157e-27 3.52639e-26 6.89901e-20 1.69121e-14 5.01135e-10 1.79498e-06 0.000777159 0.0406737 0.257313 0.1972 0.0452839 0.206129 0.189722 0.031282 0.0235618 0.00680033 0.00103225 0.000203527 1.74081e-05 1.42016e-06 7.46651e-08 2.32786e-09 3.7553e-11 2.77916e-13
 2.56392e-27 2.58977e-27 3.3673e-26 6.56339e-20 1.60894e-14 4.76757e-10 1.70766e-06 0.000739353 0.0386951 0.244796 0.187648 0.0456776 0.215836 0.198706 0.0333402 0.0259864 0.00741018 0.000960129 0.000184284 1.79833e-05 1.4362e-06 6.41907e-08 1.87412e-09 2.82394e-11 1.80687e-13
 2.56569e-27 2.59459e-27 3.79497e-26 7.46559e-20 1.8301e-14 5.42291e-10 1.9424e-06 0.000840983 0.044014 0.278445 0.213321 0.0443448 0.187657 0.172711 0.0288954 0.0223971 0.00638304 0.000821033 0.000153764 1.30179e-05 1.03667e-06 5.01835e-08 1.31081e-09 1.76601e-11 1.05002e-13
 2.56569e-27 2.59448e-27 3.77532e-26 7.42411e-20 1.81993e-14 5.39278e-10 1.9316e-06 0.00083631 0.0437695 0.276898 0.212153 0.0452372 0.195268 0.179531 0.0264283 0.015058 0.00423322 0.000489227 8.78281e-05 7.21484e-06 5.3405e-07 2.32873e-08 6.36833e-10 8.23987e-12 4.3363e-14
 2.56469e-27 2.59176e-27 3.53488e-26 6.91687e-20 1.69559e-14 5.02433e-10 1.79963e-06 0.000779171 0.040779 0.25798 0.197719 0.0459598 0.210908 0.19397 0.0290848 0.0174744 0.0048447 0.000427697 6.67156e-05 4.99048e-06 3.49254e-07 1.44041e-08 3.56115e-10 4.5299e-12 2.36261e-14
 2.56443e-27 2.59107e-27 3.47484e-26 6.79023e-20 1.66454e-14 4.93234e-10 1.76668e-06 0.000764905 0.0400324 0.253256 0.194113 0.0460083 0.213811 0.196681 0.0301674 0.0192585 0.00534978 0.000477926 7.319e-05 4.30957e-06 2.49486e-07 9.30198e-09 2.16058e-10 2.51564e-12 1.24613e-14
 2.56372e-27 2.58916e-27 3.30587e-26 6.43377e-20 1.57716e-14 4.67341e-10 1.67394e-06 0.000724751 0.0379309 0.239962 0.183969 0.0464825 0.224546 0.206597 0.032094 0.0211541 0.00589427 0.00055185 8.68009e-05 5.13905e-06 2.76959e-07 7.94083e-09 1.56662e-10 1.66986e-12 7.6258e-15
#obs catch len freq
 4.94934e-42 6.86935e-34 1.15248e-26 2.3372e-20 5.72937e-15 1.69772e-10 6.08094e-07 0.000263284 0.0137792 0.0871726 0.0672841 0.0396373 0.217512 0.185791 0.144154 0.144266 0.0657773 0.0269833 0.0064708 0.000859845 4.68243e-05 7.53392e-07 2.68251e-09 1.72167e-12 1.74641e-16
 5.71051e-42 7.92581e-34 1.32972e-26 2.69664e-20 6.6105e-15 1.95881e-10 7.01615e-07 0.000303775 0.0158984 0.100579 0.0776326 0.0434417 0.221896 0.180646 0.143119 0.131596 0.0578999 0.021707 0.00471124 0.000544186 2.43058e-05 3.02617e-07 8.00024e-10 3.71921e-13 2.69546e-17
 1.08422e-41 1.50482e-33 2.52465e-26 5.11994e-20 1.25509e-14 3.71907e-10 1.33211e-06 0.000576758 0.0301852 0.190962 0.146699 0.0451762 0.181353 0.14058 0.113482 0.0952781 0.0395871 0.0133139 0.00254774 0.000249675 9.04188e-06 8.68653e-08 1.70548e-10 5.74904e-14 2.97977e-18
 1.11874e-41 1.55274e-33 2.60505e-26 5.28298e-20 1.29506e-14 3.8375e-10 1.37453e-06 0.000595125 0.0311465 0.197044 0.151687 0.0584273 0.237686 0.164092 0.076531 0.0540354 0.0212674 0.00635145 0.00104791 8.48481e-05 2.43791e-06 1.79085e-08 2.60869e-11 6.38721e-15 2.37259e-19
 7.86967e-42 1.09226e-33 1.83249e-26 3.71626e-20 9.10996e-15 2.69945e-10 9.66898e-07 0.000418634 0.0219096 0.13861 0.107334 0.0648708 0.274013 0.184632 0.11626 0.0710248 0.0165988 0.00376587 0.000526256 3.43726e-05 7.64292e-07 4.21924e-09 4.52581e-12 8.04004e-16 2.14387e-20
 1.25568e-41 1.7428e-33 2.92391e-26 5.92964e-20 1.45358e-14 4.30723e-10 1.54278e-06 0.00066797 0.0349589 0.221163 0.170102 0.0529736 0.172997 0.122538 0.12539 0.0755791 0.0199787 0.00335213 0.00028402 1.38355e-05 2.32766e-07 9.46966e-10 7.37687e-13 9.43768e-17 1.80176e-21
 1.03625e-41 1.43825e-33 2.41296e-26 4.89344e-20 1.19957e-14 3.55454e-10 1.27318e-06 0.000551242 0.0288498 0.182518 0.141288 0.07363 0.259913 0.153486 0.0863298 0.0511332 0.0187826 0.00328141 0.000229228 6.7252e-06 7.46824e-08 2.16906e-10 1.20799e-13 1.09983e-17 1.4911e-22
 1.27527e-41 1.76999e-33 2.96953e-26 6.02215e-20 1.47626e-14 4.37442e-10 1.56685e-06 0.000678391 0.0355043 0.224615 0.173247 0.0643303 0.192307 0.123857 0.116489 0.0546063 0.0120336 0.00215852 0.000168391 4.04494e-06 2.79174e-08 5.02093e-11 1.8872e-14 1.19892e-18 1.14145e-23
 1.15127e-41 1.59789e-33 2.68079e-26 5.43659e-20 1.33272e-14 3.94908e-10 1.4145e-06 0.000612428 0.032052 0.202779 0.157237 0.0797386 0.238865 0.134056 0.0943445 0.0458009 0.01281 0.00160601 9.50934e-05 2.231e-06 1.27041e-08 1.50169e-11 3.45603e-15 1.40518e-19 9.00236e-25
 1.51333e-41 2.1004e-33 3.52385e-26 7.1463e-20 1.75183e-14 5.19099e-10 1.85933e-06 0.000805026 0.0421318 0.266546 0.205664 0.0696594 0.171494 0.103762 0.0935451 0.037258 0.0080452 0.00103477 5.22301e-05 8.75263e-07 4.14672e-09 4.00027e-12 6.54956e-16 1.71361e-20 6.90765e-26
 1.55006e-41 2.15138e-33 3.60938e-26 7.31976e-20 1.79435e-14 5.31699e-10 1.90446e-06 0.000824566 0.0431545 0.273019 0.211292 0.0831554 0.197129 0.0985928 0.0619617 0.0246073 0.00567085 0.000566127 2.38396e-05 3.3284e-07 1.13945e-09 8.19503e-13 1.04608e-16 2.06046e-21 5.83807e-27
 1.15383e-41 1.60145e-33 2.68676e-26 5.44869e-20 1.33568e-14 3.95787e-10 1.41764e-06 0.000613791 0.0321234 0.203241 0.159265 0.103855 0.253714 0.129084 0.0870477 0.0263587 0.00428606 0.000395738 1.39268e-05 1.48774e-07 3.95826e-10 2.08384e-13 1.89108e-17 2.71628e-22 5.73143e-28
 1.72446e-41 2.39343e-33 4.01548e-26 8.14332e-20 1.99624e-14 5.91522e-10 2.11874e-06 0.00091734 0.0480099 0.303738 0.234781 0.0748747 0.140513 0.090272 0.0801247 0.0231392 0.00340277 0.000218933 5.76702e-06 4.92162e-08 9.78337e-11 3.79697e-14 2.51649e-18 2.57483e-23 3.82777e-29
 1.39759e-41 1.93976e-33 3.25435e-26 6.59976e-20 1.61785e-14 4.794e-10 1.71713e-06 0.000743459 0.0389097 0.246185 0.193363 0.116425 0.234195 0.0987104 0.0513894 0.0169384 0.00296415 0.000170493 3.30544e-06 1.94046e-08 2.82892e-11 8.07582e-15 3.85864e-19 2.83317e-24 3.01365e-30
 1.18355e-41 1.64269e-33 2.75596e-26 5.58903e-20 1.37009e-14 4.05981e-10 1.45416e-06 0.000629601 0.0329508 0.208496 0.165314 0.118619 0.228601 0.13224 0.0916299 0.0191684 0.00221241 0.000134315 2.49041e-06 1.11113e-08 1.10188e-11 2.15938e-15 7.32065e-20 3.84211e-25 2.9066e-31
 9.45533e-42 1.31234e-33 2.20172e-26 4.46504e-20 1.09455e-14 3.24336e-10 1.16172e-06 0.000502984 0.0263242 0.166591 0.134847 0.131667 0.243714 0.154856 0.110103 0.0279575 0.00330744 0.000126699 1.83206e-06 7.37048e-09 5.83548e-12 8.08331e-16 1.85109e-20 6.60945e-26 3.47176e-32
 1.50216e-41 2.0849e-33 3.49786e-26 7.09359e-20 1.73891e-14 5.15271e-10 1.84562e-06 0.000799088 0.0418211 0.264618 0.207838 0.0988965 0.153496 0.120352 0.0869041 0.0223862 0.00277637 0.000109985 1.21006e-06 3.34264e-09 2.07397e-12 2.30642e-16 3.9766e-21 1.00334e-26 3.60218e-33
 1.05023e-41 1.45765e-33 2.4455e-26 4.95943e-20 1.21575e-14 3.60248e-10 1.29035e-06 0.000558676 0.029239 0.185083 0.153389 0.170111 0.261028 0.117953 0.0627057 0.0176535 0.00219076 8.54516e-05 9.02122e-07 2.05104e-09 8.93727e-13 6.97144e-17 8.95417e-22 1.71984e-27 4.61246e-34
 1.53075e-41 2.12457e-33 3.56441e-26 7.22856e-20 1.772e-14 5.25075e-10 1.88073e-06 0.000814292 0.0426169 0.269684 0.2139 0.111483 0.153526 0.126633 0.0688911 0.0113234 0.0010851 4.09333e-05 4.00965e-07 8.1569e-10 2.96844e-13 1.7461e-17 1.57253e-22 2.09571e-28 3.99958e-35
 1.08879e-41 1.51117e-33 2.5353e-26 5.14154e-20 1.26039e-14 3.73476e-10 1.33773e-06 0.000579192 0.0303128 0.19195 0.163064 0.190605 0.24735 0.111294 0.052159 0.0117436 0.000919031 2.23727e-05 1.77265e-07 3.12668e-10 9.63463e-14 4.65139e-18 3.29598e-23 3.28453e-29 4.48333e-36
 1.38702e-41 1.9251e-33 3.22975e-26 6.54986e-20 1.60562e-14 4.75775e-10 1.70415e-06 0.000737838 0.0386157 0.244443 0.198956 0.136415 0.173108 0.139661 0.0593558 0.00811059 0.000581014 1.34255e-05 7.43046e-08 9.23399e-11 2.22274e-14 8.62662e-19 4.87228e-24 3.80988e-30 4.00545e-37
 1.50755e-41 2.09238e-33 3.5104e-26 7.11902e-20 1.74514e-14 5.17118e-10 1.85223e-06 0.000801953 0.0419714 0.265743 0.219199 0.161382 0.173846 0.0911208 0.0386641 0.00687969 0.000383692 6.34679e-06 2.95001e-08 2.7887e-11 4.62674e-15 1.26668e-19 5.312e-25 3.16732e-31 2.55227e-38
 1.22217e-41 1.69629e-33 2.84588e-26 5.7714e-20 1.41479e-14 4.19228e-10 1.50161e-06 0.000650144 0.0340266 0.215612 0.187793 0.200358 0.211277 0.109982 0.0354853 0.0045586 0.000253258 3.8545e-06 1.30319e-08 9.10946e-12 1.15047e-15 2.28451e-20 6.65337e-26 2.75103e-32 1.57242e-39
 1.47924e-41 2.05309e-33 3.44448e-26 6.98534e-20 1.71237e-14 5.07408e-10 1.81745e-06 0.000786894 0.0411836 0.260868 0.218941 0.161622 0.167657 0.111245 0.0339528 0.0035978 0.000142099 1.72229e-06 5.03492e-09 2.73365e-12 2.4745e-16 3.53884e-21 7.53158e-27 2.25237e-33 9.10551e-41
 1.45288e-41 2.01651e-33 3.38311e-26 6.86087e-20 1.68186e-14 4.98367e-10 1.78507e-06 0.000772873 0.0404503 0.2564 0.222716 0.194411 0.173553 0.0841587 0.024692 0.00275142 9.14988e-05 7.98161e-07 1.67798e-09 7.06725e-13 5.01235e-17 5.35155e-22 8.15555e-28 1.72708e-34 4.97504e-42
 1.28315e-41 1.78092e-33 2.98787e-26 6.05934e-20 1.48537e-14 4.40144e-10 1.57652e-06 0.00068258 0.0357253 0.226697 0.206398 0.21484 0.192899 0.0981502 0.0226192 0.00192861 5.83332e-05 4.42737e-07 6.95297e-10 2.04503e-13 1.03266e-17 8.15418e-23 9.32298e-29 1.46423e-35 3.06083e-43
 1.1596e-41 1.60945e-33 2.70019e-26 5.47592e-20 1.34236e-14 3.97765e-10 1.42473e-06 0.00061686 0.0322864 0.205132 0.194819 0.223082 0.205055 0.112504 0.0246409 0.00182139 4.09954e-05 2.42361e-07 3.1165e-10 7.10493e-14 2.58336e-18 1.4198e-23 1.13363e-29 1.26712e-36 1.91841e-44
 1.15044e-41 1.59673e-33 2.67885e-26 5.43266e-20 1.33175e-14 3.94623e-10 1.41347e-06 0.000611986 0.0320313 0.203482 0.192071 0.216375 0.208469 0.118474 0.026481 0.00196201 4.02688e-05 1.95486e-07 2.00049e-10 3.77678e-14 1.16295e-18 5.31883e-24 3.42126e-30 3.00456e-37 3.53633e-45
#spawning biomass
 12844.6 12614.7 15439.3 21391.9 27260.2 35037.3 42102.3 52364.6 63701.7 76461 96286 117408 136947 155661 155410 140533 121645 119557 129209 124181 126488 153124 162252 149599 151194 153999 144116 132553 138105 214338 248407 246481 227409 202856 178961 158460 142112 129678 120523 113938 109282 106028 103755 102169 101107 100397 99921.1 99603 99390.1 99247.6 99152.3 99088.5 99045.8 99017.3 98998.2 98985.4 98976.8 98971.1 98967.3 98964.7 98963 98961.8 98961.1 98960.5 98960.2 98960 98959.8 98959.7 98959.6 98959.6 98959.6 98959.5 98959.5 98959.5 98959.5 98959.5 98959.5 98959.5 98959.5 98959.5 98959.5 98959.5 98959.5 98959.5 98959.5 98959.5 98959.5 98959.5 98959.5 98959.5 98959.5 98959.5 98959.5 98959.5 98959.5 98959.5 98959.5 98959.5 98959.5 98959.5 98959.5 98959.5 98959.5 98959.5 98959.5 98959.5 98959.5 98959.5 98959.5 98959.5 98959.5 98959.5 98959.5 98959.5 98959.5 98959.5 98959.5 98959.5 98959.5 98959.5 98959.5 98959.5 98959.5 98959.5 98959.5 98959.5 98959.5 98959.5 0 0 0 0 0 0 0 0 0 0 0 0 0 0 0 0 0 0 0 0 0 0 0 0 0
