SBPRF35
0.224663
Curr Bio
49255.4
B35
183536
F35
0.337937
FOFL
0.0868482
OFL
10920.9
Bzero
64189.3
#pred survey bio
 9385.12 8007.19 8540.41 8397.5 10477.3 14874.7 15758.2 17684.5 30210.8 52399.6 73815.7 100135 121510 150564 153852 134177 131705 122870 126995 130252 125936 135731 141543 156204 170902 181996 175337 176355 6.45587e+06 4.32633e+06 3.43513e+06 2.49614e+06 1.81e+06 1.37781e+06 1.12539e+06 983606 905304 862161 838192 824663 816867 812269 809489 807766 806686 805996 805550 805257 805064 804935 804850 804792 804753 804727 804710 804698 804690 804684 804681 804678 804677 804675 804675 804674 804674 804674 804673 804673 804673 804673 804673 804673 804673 804673 804673 804673 804673 804673 804673 804673 804673 804673 804673 804673 804673 804673 804673 804673 804673 804673 804673 804673 804673 804673 804673 804673 804673 804673 804673 804673 804673 804673 804673 804673 804673 804673 804673 804673 804673 804673 804673 804673 804673 804673 804673 804673 804673 804673 804673 804673 804673 804673 804673 804673 804673 804673 804673 804673 0 0 0 0 0 0 0 0 0 0 0 0 0 0 0 0 0 0 0 0 0 0 0 0 0
#obs survey bio
 8831.09 8942.49 9165.19 10310.7 16915.9 17516.7 13159.8 16321.4 46243.4 60544.3 77213.9 111455 142966 137373 109352 109503 129815 134143 108318 130364 135964 143457 127390 113567 167629 146900 207329 211812
#pred catch bio
 6170.9 5096.96 5676.99 5536.14 6150.7 9757.91 10966.6 11234.2 18007 33074.6 46805.1 67552.1 79300.4 100196 108108 92020.4 91654.1 81338.3 83764.8 89155.5 82806.9 90624.3 91690.8 101353 109491 119572 112065 107238 10920.9 47742.4 37347.9 26344.2 18530.4 13769.3 11100.7 9678.9 8945.38 8574.92 8390.46 8299.5 8254.93 8233.2 8222.64 8217.5 8215.02 8213.83 8213.25 8212.97 8212.84 8212.77 8212.74 8212.73 8212.72 8212.72 8212.71 8212.71 8212.71 8212.71 8212.71 8212.71 8212.71 8212.71 8212.71 8212.71 8212.71 8212.71 8212.71 8212.71 8212.71 8212.71 8212.71 8212.71 8212.71 8212.71 8212.71 8212.71 8212.71 8212.71 8212.71 8212.71 8212.71 8212.71 8212.71 8212.71 8212.71 8212.71 8212.71 8212.71 8212.71 8212.71 8212.71 8212.71 8212.71 8212.71 8212.71 8212.71 8212.71 8212.71 8212.71 8212.71 8212.71 8212.71 8212.71 8212.71 8212.71 8212.71 8212.71 8212.71 8212.71 8212.71 8212.71 8212.71 8212.71 8212.71 8212.71 8212.71 8212.71 8212.71 8212.71 8212.71 8212.71 8212.71 8212.71 8212.71 8212.71 8212.71 8212.71 8212.71 0 0 0 0 0 0 0 0 0 0 0 0 0 0 0 0 0 0 0 0 0 0 0 0 0
#obs catch bio
 5646.02 5090.66 5695.38 5462.33 5877.41 9487.76 11033.4 11016.9 17498.7 32571.3 46005.8 66387.6 77992.4 99865.3 111348 95974.5 93229.3 80895 83953.2 89430.2 82885.9 91190.6 92115.9 101948 108650 122580 112914 107147
#pred cpue bio
 8404.88 6710.77 7183.21 7050.26 8588.44 12375.1 13196.1 14464.1 24342.6 42708.4 60679.9 82429.3 99749 124379 129115 112432 109711 102650 106293 109177 105141 113264 118098 130506 142827 153082 148088 149100 5.49804e+06 4.2274e+06 3.38759e+06 2.4502e+06 1.7641e+06 1.33192e+06 1.0795e+06 937715 859413 816270 792301 778772 770976 766378 763598 761875 760795 760106 759659 759366 759173 759045 758959 758901 758863 758836 758819 758807 758799 758794 758790 758787 758786 758785 758784 758783 758783 758783 758783 758783 758782 758782 758782 758782 758782 758782 758782 758782 758782 758782 758782 758782 758782 758782 758782 758782 758782 758782 758782 758782 758782 758782 758782 758782 758782 758782 758782 758782 758782 758782 758782 758782 758782 758782 758782 758782 758782 758782 758782 758782 758782 758782 758782 758782 758782 758782 758782 758782 758782 758782 758782 758782 758782 758782 758782 758782 758782 758782 758782 758782 0 0 0 0 0 0 0 0 0 0 0 0 0 0 0 0 0 0 0 0 0 0 0 0 0
#obs cpue bio
 5225.32 6500.97 6109.55 8122.82 13991.2 13429.3 11755 24463.8 26987.5 42417.6 76354.8 99932.7 107248 133886 97405 65306.4 101402 113250 112236 107654 93553.7 95889.8 120672 163334 181230 103737 126150 131787
#pred surv len freq
 2.14637e-27 2.17444e-27 6.7202e-27 1.55547e-21 9.25095e-17 1.2649e-12 3.97624e-09 2.87364e-06 0.000477451 0.0182383 0.16017 0.323386 0.150496 0.0263724 0.0636249 0.0892642 0.0362514 0.0289659 0.0257966 0.0175414 0.0148693 0.0129847 0.0135443 0.0126744 0.00534039
 2.14898e-27 2.18213e-27 7.59726e-27 1.85309e-21 1.1021e-16 1.50693e-12 4.73706e-09 3.42348e-06 0.000568807 0.021728 0.190817 0.385262 0.179151 0.0276802 0.0529652 0.0739098 0.0269857 0.0130145 0.0102908 0.00556313 0.00390102 0.00279427 0.00242995 0.00207193 0.000863609
 2.14813e-27 2.18021e-27 7.40028e-27 1.78627e-21 1.06237e-16 1.4526e-12 4.56625e-09 3.30004e-06 0.000548297 0.0209446 0.183936 0.371371 0.17279 0.0292974 0.0670251 0.0936495 0.0330132 0.0122066 0.00858378 0.00318486 0.00155395 0.000823297 0.000535702 0.00038176 0.000150957
 2.1482e-27 2.18045e-27 7.43083e-27 1.79665e-21 1.06854e-16 1.46104e-12 4.59279e-09 3.31922e-06 0.000551484 0.0210663 0.185005 0.373529 0.173777 0.0290162 0.0646584 0.0903633 0.0325606 0.0142843 0.0102251 0.003205 0.00113317 0.00037271 0.000147108 7.47689e-05 2.61035e-05
 2.14963e-27 2.18398e-27 7.8045e-27 1.92341e-21 1.14393e-16 1.56412e-12 4.91682e-09 3.5534e-06 0.000590392 0.0225526 0.198058 0.399881 0.185916 0.0278223 0.0494275 0.0688769 0.0247314 0.0105857 0.00763168 0.00262403 0.000977201 0.000249401 5.44092e-05 1.44212e-05 3.74731e-06
 2.1487e-27 2.18166e-27 7.5552e-27 1.83883e-21 1.09362e-16 1.49533e-12 4.70059e-09 3.39713e-06 0.000564428 0.0215608 0.189348 0.382297 0.177827 0.0289323 0.0615037 0.0858561 0.0301439 0.0107492 0.00741996 0.00252414 0.000954447 0.000259187 4.88352e-05 6.6297e-06 8.82982e-07
 2.14832e-27 2.18073e-27 7.45891e-27 1.80617e-21 1.0742e-16 1.46878e-12 4.61712e-09 3.33681e-06 0.000554405 0.0211779 0.185985 0.375508 0.174695 0.0290881 0.0645014 0.0901165 0.0321316 0.0130296 0.00915483 0.00280894 0.000939269 0.000251462 4.83393e-05 5.63798e-06 3.94517e-07
 2.14973e-27 2.18422e-27 7.82895e-27 1.9317e-21 1.14886e-16 1.57086e-12 4.93801e-09 3.56871e-06 0.000592936 0.0226497 0.198911 0.401604 0.186712 0.0278279 0.0489425 0.0681807 0.024319 0.00989505 0.00701537 0.0023 0.000809561 0.000197025 3.45114e-05 3.92415e-06 2.31819e-07
 2.15049e-27 2.18606e-27 8.02157e-27 1.99703e-21 1.18771e-16 1.62398e-12 5.10501e-09 3.68941e-06 0.000612989 0.0234158 0.205639 0.415187 0.192975 0.0273772 0.0420975 0.0584964 0.0204122 0.00687414 0.0046551 0.00153309 0.000552624 0.000142083 2.47795e-05 2.58041e-06 1.4162e-07
 2.14984e-27 2.18446e-27 7.85029e-27 1.93892e-21 1.15315e-16 1.57673e-12 4.95646e-09 3.58205e-06 0.000595152 0.0227344 0.199655 0.403105 0.187417 0.0281059 0.0501871 0.0698781 0.0241484 0.00736551 0.00478717 0.00142446 0.000454133 0.000116337 2.10353e-05 2.23425e-06 1.16917e-07
 2.14938e-27 2.18333e-27 7.7317e-27 1.89869e-21 1.12923e-16 1.54402e-12 4.85364e-09 3.50774e-06 0.000582805 0.0222628 0.195513 0.394743 0.183562 0.0284161 0.0546013 0.0761192 0.0266147 0.0091242 0.00610159 0.00172524 0.000496299 0.000113436 1.87621e-05 2.00132e-06 1.06896e-07
 2.14933e-27 2.18321e-27 7.71972e-27 1.89464e-21 1.12681e-16 1.54072e-12 4.84326e-09 3.50024e-06 0.00058156 0.0222152 0.195095 0.393899 0.18317 0.0283501 0.0544527 0.0759265 0.0267727 0.00990867 0.00680096 0.002037 0.000628739 0.000136396 1.99682e-05 1.9089e-06 9.77736e-08
 2.14948e-27 2.18358e-27 7.75853e-27 1.9078e-21 1.13464e-16 1.55142e-12 4.87691e-09 3.52456e-06 0.0005856 0.0223695 0.19645 0.396636 0.184432 0.0282611 0.0530844 0.0739885 0.0259588 0.00919271 0.00626812 0.00195327 0.000643903 0.000148474 2.23393e-05 1.97143e-06 9.01398e-08
 2.14911e-27 2.18267e-27 7.66198e-27 1.87505e-21 1.11516e-16 1.52479e-12 4.79318e-09 3.46405e-06 0.000575546 0.0219855 0.193078 0.389827 0.181296 0.0286031 0.0572245 0.0798232 0.0280069 0.00991934 0.00674591 0.0020568 0.000666352 0.000160301 2.58767e-05 2.38902e-06 1.06387e-07
 2.14814e-27 2.1803e-27 7.41138e-27 1.79004e-21 1.06461e-16 1.45566e-12 4.57589e-09 3.30701e-06 0.000549454 0.0209888 0.184324 0.372155 0.173156 0.0293916 0.0673648 0.0941295 0.0332343 0.0124381 0.00857583 0.00261358 0.000841201 0.000198833 3.22988e-05 3.14383e-06 1.47617e-07
 2.14829e-27 2.18067e-27 7.45328e-27 1.80427e-21 1.07307e-16 1.46723e-12 4.61225e-09 3.33328e-06 0.00055382 0.0211555 0.185789 0.375112 0.17451 0.0290431 0.0643461 0.0899081 0.0321987 0.0135066 0.00958613 0.00300627 0.00100229 0.000237369 3.81589e-05 3.70289e-06 1.78993e-07
 2.14866e-27 2.18159e-27 7.5511e-27 1.83745e-21 1.0928e-16 1.49421e-12 4.69707e-09 3.39459e-06 0.000564006 0.0215446 0.189206 0.38201 0.177687 0.0287277 0.0603411 0.0842555 0.0300989 0.0123941 0.00883193 0.00295497 0.00106909 0.000263031 4.34112e-05 4.21233e-06 2.02834e-07
 2.14845e-27 2.18107e-27 7.49383e-27 1.81801e-21 1.08124e-16 1.47841e-12 4.64739e-09 3.35868e-06 0.00055804 0.0213168 0.187205 0.37797 0.175831 0.0290463 0.0635036 0.0886928 0.0313879 0.0119877 0.00838723 0.00277847 0.00101292 0.000266392 4.73827e-05 4.77981e-06 2.33396e-07
 2.14836e-27 2.18085e-27 7.47257e-27 1.81081e-21 1.07696e-16 1.47255e-12 4.62898e-09 3.34537e-06 0.000555829 0.0212323 0.186463 0.376472 0.175137 0.0289838 0.0635735 0.0888166 0.0317779 0.0132369 0.00939503 0.00298894 0.00103734 0.000270965 4.99022e-05 5.39875e-06 2.78539e-07
 2.14828e-27 2.18065e-27 7.45154e-27 1.80368e-21 1.07272e-16 1.46675e-12 4.61074e-09 3.3322e-06 0.00055364 0.0211487 0.185729 0.37499 0.174453 0.0290238 0.0642649 0.0897939 0.0321573 0.0134936 0.00965025 0.00322048 0.0011667 0.000294301 5.23154e-05 5.73985e-06 3.11707e-07
 2.14853e-27 2.18125e-27 7.51527e-27 1.82529e-21 1.08557e-16 1.48433e-12 4.666e-09 3.37213e-06 0.000560275 0.0214021 0.187954 0.379483 0.176523 0.0288418 0.0617994 0.0863121 0.0308377 0.0127112 0.00906012 0.00303665 0.00111985 0.000294909 5.32619e-05 5.68152e-06 3.06741e-07
 2.14855e-27 2.18132e-27 7.52194e-27 1.82755e-21 1.08692e-16 1.48617e-12 4.67178e-09 3.37631e-06 0.000560969 0.0214286 0.188187 0.379953 0.17674 0.0288356 0.0616197 0.0860565 0.0307165 0.0125662 0.00893184 0.00296645 0.00108486 0.000288348 5.36518e-05 5.88241e-06 3.16027e-07
 2.14856e-27 2.18132e-27 7.52188e-27 1.82753e-21 1.0869e-16 1.48615e-12 4.67172e-09 3.37627e-06 0.000560962 0.0214284 0.188185 0.379949 0.176739 0.0288629 0.0617876 0.0862889 0.0307414 0.0123923 0.00877468 0.00289973 0.00105208 0.000277185 5.15583e-05 5.76685e-06 3.17884e-07
 2.14848e-27 2.18113e-27 7.50248e-27 1.82096e-21 1.08299e-16 1.4808e-12 4.65491e-09 3.36412e-06 0.000558943 0.0213512 0.187508 0.378581 0.176108 0.028889 0.0623591 0.0871017 0.0311281 0.012855 0.00914143 0.00299808 0.00107697 0.00028172 5.19281e-05 5.78895e-06 3.22677e-07
 2.14847e-27 2.18111e-27 7.49965e-27 1.82e-21 1.08242e-16 1.48002e-12 4.65246e-09 3.36235e-06 0.000558649 0.02134 0.187409 0.378382 0.176016 0.0288782 0.0623536 0.0870966 0.031162 0.0129831 0.00926587 0.00308035 0.00112068 0.000291245 5.31203e-05 5.86921e-06 3.25573e-07
 2.14805e-27 2.1801e-27 7.39305e-27 1.78384e-21 1.06092e-16 1.45061e-12 4.56003e-09 3.29554e-06 0.00054755 0.020916 0.183686 0.370865 0.172553 0.0292101 0.0666454 0.0931513 0.0333691 0.0140317 0.0100406 0.00335714 0.00123356 0.000324837 5.96084e-05 6.53559e-06 3.59131e-07
 2.1478e-27 2.17949e-27 7.32969e-27 1.76235e-21 1.04814e-16 1.43314e-12 4.5051e-09 3.25585e-06 0.000540954 0.0206641 0.181473 0.366398 0.170491 0.0293177 0.0686483 0.0959926 0.0346162 0.0152792 0.0110482 0.00371308 0.0013738 0.000364695 6.77669e-05 7.50045e-06 4.11633e-07
 2.14776e-27 2.1794e-27 7.3219e-27 1.75971e-21 1.04657e-16 1.431e-12 4.49836e-09 3.25097e-06 0.000540145 0.0206332 0.181201 0.365849 0.170234 0.0292175 0.0682021 0.0953828 0.0346558 0.0161126 0.0118119 0.00408835 0.00156121 0.000418383 7.84584e-05 8.78165e-06 4.86837e-07
#obs surv len freq
 1.23688e-39 6.05368e-33 6.8117e-27 1.76212e-21 1.048e-16 1.43295e-12 4.50449e-09 3.25541e-06 0.00054089 0.0206613 0.181448 0.366348 0.170465 0.0292161 0.0680438 0.0951531 0.0344802 0.0157484 0.0115468 0.00410881 0.0016438 0.000477669 0.0001013 1.32391e-05 8.81578e-07
 1.31573e-39 6.43959e-33 7.24593e-27 1.87445e-21 1.11481e-16 1.5243e-12 4.79165e-09 3.46293e-06 0.000575371 0.0219784 0.193015 0.389701 0.181225 0.0282323 0.0549996 0.0767437 0.0276755 0.0122226 0.00888192 0.00310241 0.00121507 0.000347397 7.19375e-05 9.15067e-06 5.93817e-07
 1.15535e-39 5.65464e-33 6.36269e-27 1.64597e-21 9.78919e-17 1.3385e-12 4.20757e-09 3.04082e-06 0.000505237 0.0192994 0.169487 0.342201 0.159364 0.0308846 0.0855072 0.119689 0.0420608 0.0151216 0.0104659 0.00357758 0.00136503 0.000381637 7.71567e-05 9.58233e-06 6.05586e-07
 1.34449e-39 6.58032e-33 7.40429e-27 1.91542e-21 1.13917e-16 1.55761e-12 4.89636e-09 3.53861e-06 0.000587946 0.0224588 0.197233 0.398217 0.185136 0.0275321 0.0481585 0.0671577 0.0250767 0.0137476 0.0102018 0.00311591 0.00103443 0.000277753 5.44777e-05 6.58642e-06 4.0587e-07
 1.39213e-39 6.81349e-33 7.66665e-27 1.98329e-21 1.17954e-16 1.6128e-12 5.06986e-09 3.664e-06 0.000608779 0.0232546 0.204222 0.412327 0.191659 0.0275426 0.0439698 0.0611261 0.0212036 0.00674168 0.00459711 0.00178788 0.000738771 0.000181722 3.16581e-05 3.64252e-06 2.17761e-07
 1.26462e-39 6.18943e-33 6.96445e-27 1.80164e-21 1.0715e-16 1.46508e-12 4.6055e-09 3.32841e-06 0.00055302 0.0211246 0.185517 0.374563 0.174279 0.0296517 0.0682269 0.095281 0.0327755 0.00949872 0.00604565 0.00173383 0.000549709 0.00016195 3.17265e-05 3.36038e-06 1.85282e-07
 1.27678e-39 6.24896e-33 7.03143e-27 1.81896e-21 1.08181e-16 1.47917e-12 4.6498e-09 3.36042e-06 0.000558338 0.0213278 0.187301 0.378165 0.175917 0.0289176 0.0626599 0.0875346 0.0314156 0.0133773 0.00938183 0.00256635 0.000691513 0.000153087 2.66463e-05 3.14738e-06 1.75315e-07
 1.42181e-39 6.9588e-33 7.83015e-27 2.02559e-21 1.20469e-16 1.6472e-12 5.17798e-09 3.74214e-06 0.000621762 0.0237505 0.208577 0.42112 0.195702 0.0269298 0.0375786 0.0521538 0.0185412 0.00735231 0.00519448 0.00172846 0.000600318 0.000127136 1.75433e-05 1.68552e-06 9.28212e-08
 1.41489e-39 6.9249e-33 7.79201e-27 2.01572e-21 1.19882e-16 1.63918e-12 5.15276e-09 3.72391e-06 0.000618733 0.0236348 0.207561 0.419069 0.194771 0.0273985 0.0410579 0.056996 0.0194074 0.00497884 0.00307113 0.000983039 0.000344968 8.808e-05 1.42525e-05 1.22656e-06 5.4818e-08
 1.34941e-39 6.60445e-33 7.43143e-27 1.92244e-21 1.14335e-16 1.56332e-12 4.91431e-09 3.55158e-06 0.000590101 0.0225411 0.197956 0.399677 0.185844 0.028418 0.0531266 0.0739997 0.0253112 0.00686158 0.00422406 0.00109341 0.000274893 6.57936e-05 1.15152e-05 1.1577e-06 5.29301e-08
 1.32573e-39 6.4885e-33 7.30097e-27 1.88869e-21 1.12328e-16 1.53588e-12 4.82804e-09 3.48924e-06 0.000579742 0.0221454 0.194481 0.392661 0.182606 0.0285656 0.0561421 0.0782851 0.0273012 0.00912843 0.00602311 0.00159425 0.000396683 7.61155e-05 1.02282e-05 1.00299e-06 5.07108e-08
 1.35385e-39 6.62617e-33 7.45588e-27 1.92877e-21 1.14711e-16 1.56846e-12 4.93048e-09 3.56327e-06 0.000592042 0.0226152 0.198607 0.400992 0.186438 0.0280487 0.0504758 0.070314 0.0246984 0.00883552 0.00599737 0.00175256 0.000514413 0.000102013 1.24831e-05 9.67121e-07 4.24078e-08
 1.33503e-39 6.53405e-33 7.35222e-27 1.90195e-21 1.13116e-16 1.54666e-12 4.86193e-09 3.51373e-06 0.000583811 0.0223008 0.195846 0.395417 0.183875 0.0284347 0.0545122 0.0759825 0.0264115 0.00855787 0.00567648 0.00171802 0.000542158 0.000120105 1.67092e-05 1.28285e-06 4.81618e-08
 1.29446e-39 6.33548e-33 7.12878e-27 1.84415e-21 1.09678e-16 1.49966e-12 4.71418e-09 3.40695e-06 0.000566069 0.0216231 0.189894 0.383401 0.17834 0.0289761 0.0614393 0.0857564 0.0299973 0.010327 0.00692762 0.00199655 0.000593122 0.000136101 2.08138e-05 1.79589e-06 7.1615e-08
 1.16982e-39 5.72544e-33 6.44236e-27 1.66658e-21 9.91176e-17 1.35525e-12 4.26025e-09 3.07889e-06 0.000511563 0.019541 0.171609 0.346485 0.161334 0.0305899 0.0824171 0.115358 0.0408883 0.015807 0.0109514 0.00325286 0.000996147 0.000219584 3.26798e-05 2.98532e-06 1.31378e-07
 1.26487e-39 6.19067e-33 6.96584e-27 1.802e-21 1.07172e-16 1.46538e-12 4.60643e-09 3.32907e-06 0.00055313 0.0211289 0.185554 0.374638 0.174275 0.0286235 0.0619277 0.0865748 0.0320477 0.0167293 0.0123748 0.00391437 0.00130744 0.000299122 4.48702e-05 3.99762e-06 1.78666e-07
 1.23232e-39 6.03134e-33 6.78657e-27 1.75562e-21 1.04413e-16 1.42766e-12 4.48787e-09 3.24339e-06 0.000538895 0.0205851 0.180778 0.364996 0.169852 0.0295392 0.0704237 0.098462 0.035024 0.0139624 0.010045 0.0037938 0.00154228 0.000385089 6.24447e-05 5.73695e-06 2.55474e-07
 1.27848e-39 6.25728e-33 7.0408e-27 1.82139e-21 1.08325e-16 1.48115e-12 4.65599e-09 3.3649e-06 0.000559082 0.0213562 0.18755 0.378669 0.176143 0.0287369 0.0614049 0.085782 0.0310045 0.0139016 0.0100303 0.0032437 0.00119068 0.000349593 6.77338e-05 6.86501e-06 3.2295e-07
 1.24297e-39 6.08347e-33 6.84522e-27 1.77079e-21 1.05316e-16 1.44e-12 4.52666e-09 3.27143e-06 0.000543552 0.020763 0.182341 0.368151 0.171307 0.0294353 0.0688387 0.0962255 0.0342135 0.0135812 0.00963579 0.00331798 0.00124734 0.000325566 6.30607e-05 7.47192e-06 4.01123e-07
 1.25954e-39 6.1646e-33 6.93651e-27 1.79441e-21 1.0672e-16 1.45921e-12 4.58703e-09 3.31505e-06 0.000550801 0.0210399 0.184772 0.37306 0.173561 0.0290337 0.0649075 0.0907159 0.0327035 0.0143997 0.0103502 0.00333146 0.00118343 0.000319396 6.02049e-05 6.85939e-06 3.98522e-07
 1.27056e-39 6.21849e-33 6.99714e-27 1.81009e-21 1.07653e-16 1.47196e-12 4.62712e-09 3.34403e-06 0.000555616 0.0212238 0.186387 0.376321 0.175066 0.0289414 0.0633613 0.088522 0.0317276 0.0133973 0.00962011 0.00327956 0.00121795 0.000312042 5.70201e-05 6.45849e-06 3.67018e-07
 1.26094e-39 6.17144e-33 6.9442e-27 1.7964e-21 1.06839e-16 1.46082e-12 4.59211e-09 3.31873e-06 0.000551412 0.0210632 0.184977 0.373474 0.173756 0.0291312 0.0653776 0.0913565 0.0326274 0.013409 0.00954352 0.0031796 0.0011711 0.000314059 5.80167e-05 6.33905e-06 3.53052e-07
 1.26653e-39 6.19878e-33 6.97496e-27 1.80436e-21 1.07312e-16 1.4673e-12 4.61246e-09 3.33343e-06 0.000553854 0.0211565 0.185797 0.375128 0.174517 0.0290109 0.0641446 0.0896264 0.0321245 0.0135639 0.00969025 0.00317754 0.0011427 0.000301134 5.62645e-05 6.29114e-06 3.46086e-07
 1.25832e-39 6.15861e-33 6.92977e-27 1.79267e-21 1.06616e-16 1.45779e-12 4.58257e-09 3.31183e-06 0.000550266 0.0210194 0.184593 0.372698 0.173397 0.0291282 0.0655934 0.0916678 0.0328341 0.0137956 0.00986536 0.00328517 0.0011962 0.000310086 5.66301e-05 6.312e-06 3.5211e-07
 1.26743e-39 6.20317e-33 6.9799e-27 1.80564e-21 1.07388e-16 1.46834e-12 4.61573e-09 3.3358e-06 0.000554247 0.0211715 0.185928 0.375394 0.174638 0.0289675 0.0638 0.089145 0.0320127 0.0137093 0.00983874 0.0032684 0.00119189 0.000312927 5.72195e-05 6.26526e-06 3.45767e-07
 1.19944e-39 5.87042e-33 6.60549e-27 1.70878e-21 1.01627e-16 1.38957e-12 4.36813e-09 3.15686e-06 0.000524516 0.0200359 0.175955 0.355258 0.165365 0.0299432 0.0758251 0.106095 0.0379898 0.0159252 0.0113947 0.00382686 0.00141132 0.00037089 6.82205e-05 7.50962e-06 4.11016e-07
 1.2019e-39 5.88244e-33 6.61902e-27 1.71228e-21 1.01836e-16 1.39242e-12 4.37708e-09 3.16332e-06 0.00052559 0.0200769 0.176315 0.355986 0.165685 0.0295088 0.0729541 0.102116 0.0375116 0.0187067 0.0138115 0.00458756 0.0016756 0.000444377 8.24756e-05 9.12187e-06 5.0148e-07
 1.22823e-39 6.01135e-33 6.76406e-27 1.7498e-21 1.04067e-16 1.42293e-12 4.47299e-09 3.23264e-06 0.000537108 0.0205168 0.180179 0.363786 0.169279 0.029161 0.0684792 0.0957943 0.0350754 0.017157 0.0128031 0.00471731 0.00190215 0.000505471 9.35804e-05 1.04346e-05 5.7758e-07
#pred catch len freq
 2.14581e-27 2.17296e-27 6.55828e-27 1.50053e-21 8.92422e-17 1.22023e-12 3.8358e-09 2.77215e-06 0.000460588 0.0175941 0.154513 0.311965 0.145221 0.0265027 0.0678623 0.0952702 0.0387617 0.0311714 0.0277802 0.0188944 0.0160175 0.0139876 0.0145904 0.0136533 0.00575286
 2.14853e-27 2.181e-27 7.477e-27 1.81229e-21 1.07784e-16 1.47376e-12 4.63277e-09 3.34812e-06 0.000556285 0.0212497 0.186616 0.376781 0.175242 0.0279839 0.0573752 0.0801349 0.0292895 0.0142215 0.0112591 0.00608804 0.00426955 0.00305828 0.00265955 0.0022677 0.00094521
 2.14768e-27 2.17911e-27 7.28362e-27 1.7467e-21 1.03883e-16 1.42041e-12 4.46508e-09 3.22693e-06 0.00053615 0.0204805 0.179861 0.363144 0.169001 0.0296773 0.071824 0.100416 0.0354239 0.0131795 0.00928225 0.00344469 0.00168097 0.00089061 0.000579502 0.000412974 0.0001633
 2.14775e-27 2.17934e-27 7.31292e-27 1.75666e-21 1.04475e-16 1.42851e-12 4.49054e-09 3.24533e-06 0.000539206 0.0205973 0.180887 0.365214 0.169947 0.0293856 0.0694202 0.0970814 0.0350129 0.0154586 0.0110799 0.00347349 0.00122831 0.000404012 0.000159464 8.1049e-05 2.8296e-05
 2.14916e-27 2.18281e-27 7.68086e-27 1.88147e-21 1.11898e-16 1.53001e-12 4.8096e-09 3.47591e-06 0.000577518 0.0220608 0.193739 0.391162 0.181899 0.0282138 0.0544458 0.0759556 0.0273008 0.0117721 0.00849996 0.00292319 0.0010888 0.00027789 6.0625e-05 1.60687e-05 4.17541e-06
 2.14827e-27 2.1806e-27 7.44362e-27 1.80097e-21 1.07111e-16 1.46455e-12 4.60383e-09 3.3272e-06 0.00055281 0.021117 0.18545 0.374428 0.174204 0.0293093 0.0661771 0.0924443 0.0324798 0.0116551 0.00805833 0.00274181 0.00103692 0.000281589 5.30564e-05 7.20278e-06 9.59307e-07
 2.14794e-27 2.17981e-27 7.36195e-27 1.77328e-21 1.05464e-16 1.44203e-12 4.53304e-09 3.27604e-06 0.000544309 0.0207922 0.182598 0.36867 0.171545 0.0294025 0.0684816 0.0957301 0.0341586 0.0139317 0.0098011 0.00300768 0.00100588 0.000269303 5.17691e-05 6.03802e-06 4.22509e-07
 2.14934e-27 2.18325e-27 7.72659e-27 1.89698e-21 1.12821e-16 1.54262e-12 4.84925e-09 3.50457e-06 0.000582278 0.0222426 0.195336 0.394386 0.183388 0.0281596 0.0531433 0.0741052 0.0264549 0.0108358 0.00769353 0.00252279 0.000888129 0.000216152 3.7862e-05 4.30514e-06 2.54326e-07
 2.1501e-27 2.18511e-27 7.92097e-27 1.9629e-21 1.16741e-16 1.59623e-12 5.01777e-09 3.62636e-06 0.000602514 0.0230156 0.202124 0.408092 0.189708 0.0277255 0.0463619 0.0645066 0.022526 0.00763921 0.00518323 0.00170737 0.000615559 0.000158269 2.76024e-05 2.87439e-06 1.57754e-07
 2.14945e-27 2.1835e-27 7.74847e-27 1.90438e-21 1.13261e-16 1.54864e-12 4.86816e-09 3.51824e-06 0.00058455 0.0223294 0.196098 0.395925 0.18411 0.0284698 0.0545733 0.0760583 0.0263001 0.00807321 0.00525768 0.00156475 0.000498952 0.000127822 2.31121e-05 2.45485e-06 1.28461e-07
 2.14896e-27 2.1823e-27 7.62212e-27 1.86152e-21 1.10712e-16 1.51379e-12 4.75861e-09 3.43906e-06 0.000571395 0.0218269 0.191685 0.387015 0.180004 0.0287961 0.05925 0.0826716 0.0289259 0.00998146 0.00668663 0.00189098 0.00054408 0.000124362 2.05693e-05 2.1941e-06 1.17193e-07
 2.14897e-27 2.18233e-27 7.62697e-27 1.86317e-21 1.1081e-16 1.51513e-12 4.76283e-09 3.44211e-06 0.000571902 0.0218463 0.191855 0.387358 0.180157 0.0286625 0.0583315 0.0813952 0.0287211 0.0106936 0.00735056 0.00220196 0.000679766 0.00014747 2.15896e-05 2.0639e-06 1.05713e-07
 2.1491e-27 2.18264e-27 7.65868e-27 1.87393e-21 1.1145e-16 1.52388e-12 4.79032e-09 3.46198e-06 0.000575203 0.0219724 0.192962 0.389594 0.181189 0.0286018 0.057287 0.0799127 0.0280569 0.00999825 0.00682851 0.00212827 0.000701711 0.000161808 2.43457e-05 2.14849e-06 9.82359e-08
 2.14873e-27 2.18172e-27 7.56157e-27 1.84099e-21 1.09491e-16 1.49709e-12 4.70612e-09 3.40112e-06 0.000565092 0.0215861 0.18957 0.382746 0.178036 0.0289458 0.0614507 0.0857808 0.0301176 0.0107322 0.0073103 0.00222924 0.000722342 0.000173775 2.80519e-05 2.58984e-06 1.1533e-07
 2.14778e-27 2.1794e-27 7.31593e-27 1.75766e-21 1.04535e-16 1.42933e-12 4.49311e-09 3.24718e-06 0.000539515 0.0206091 0.18099 0.365423 0.170056 0.0297105 0.0713401 0.0997346 0.0352366 0.0132618 0.00915622 0.00279088 0.000898401 0.000212359 3.44961e-05 3.35771e-06 1.5766e-07
 2.14789e-27 2.1797e-27 7.35059e-27 1.76943e-21 1.05235e-16 1.4389e-12 4.5232e-09 3.26893e-06 0.000543128 0.0207471 0.182202 0.36787 0.171174 0.0293716 0.0685341 0.0958156 0.0343417 0.0144915 0.0102981 0.00323004 0.00107706 0.000255084 4.1007e-05 3.97927e-06 1.92353e-07
 2.14831e-27 2.18072e-27 7.45874e-27 1.80612e-21 1.07417e-16 1.46873e-12 4.61698e-09 3.33671e-06 0.000554389 0.0211773 0.18598 0.375497 0.174687 0.0290237 0.0641111 0.0895729 0.0320226 0.0132625 0.00946253 0.00316646 0.00114577 0.000281903 4.65261e-05 4.51459e-06 2.17388e-07
 2.14802e-27 2.18e-27 7.38135e-27 1.77986e-21 1.05855e-16 1.44738e-12 4.54985e-09 3.28819e-06 0.000546328 0.0208694 0.183276 0.370037 0.172178 0.029418 0.0681639 0.0952641 0.0337388 0.0129665 0.00908549 0.00301032 0.00109761 0.000288674 5.13462e-05 5.17964e-06 2.52919e-07
 2.14792e-27 2.17976e-27 7.35744e-27 1.77175e-21 1.05373e-16 1.44079e-12 4.52914e-09 3.27322e-06 0.000543841 0.0207743 0.182441 0.368353 0.171397 0.0293531 0.0682755 0.0954488 0.0341797 0.0143281 0.0101833 0.00324027 0.00112475 0.000293806 5.4109e-05 5.85388e-06 3.02021e-07
 2.14788e-27 2.17967e-27 7.34802e-27 1.76856e-21 1.05183e-16 1.43819e-12 4.52097e-09 3.26732e-06 0.00054286 0.0207369 0.182113 0.367689 0.17109 0.0293532 0.0684759 0.0957339 0.034312 0.014484 0.0103716 0.00346179 0.00125431 0.000316408 5.62454e-05 6.17104e-06 3.35123e-07
 2.14809e-27 2.18018e-27 7.40166e-27 1.78675e-21 1.06265e-16 1.45299e-12 4.56748e-09 3.30093e-06 0.000548445 0.0209502 0.183986 0.371471 0.172833 0.0292064 0.0664397 0.092857 0.0332038 0.013774 0.0098312 0.00329567 0.00121557 0.000320123 5.78159e-05 6.16731e-06 3.32968e-07
 2.14814e-27 2.1803e-27 7.41378e-27 1.79087e-21 1.0651e-16 1.45633e-12 4.57799e-09 3.30853e-06 0.000549707 0.0209984 0.184409 0.372326 0.173227 0.0291837 0.0660438 0.0922963 0.0329704 0.0135723 0.00966002 0.00320885 0.00117368 0.000311965 5.80465e-05 6.36425e-06 3.41914e-07
 2.1481e-27 2.18021e-27 7.40396e-27 1.78753e-21 1.06311e-16 1.45362e-12 4.56947e-09 3.30237e-06 0.000548684 0.0209593 0.184066 0.371633 0.172909 0.0292452 0.0666279 0.0931152 0.033201 0.0134711 0.00955239 0.00315731 0.00114572 0.000301864 5.61491e-05 6.28034e-06 3.46189e-07
 2.14802e-27 2.18001e-27 7.38381e-27 1.7807e-21 1.05905e-16 1.44806e-12 4.552e-09 3.28975e-06 0.000546587 0.0208792 0.183362 0.370212 0.172253 0.0292703 0.0672095 0.093943 0.0336018 0.0139671 0.00994626 0.00326262 0.00117219 0.000306636 5.65211e-05 6.30099e-06 3.51219e-07
 2.14799e-27 2.17994e-27 7.37675e-27 1.77831e-21 1.05763e-16 1.44612e-12 4.54589e-09 3.28533e-06 0.000545852 0.0208512 0.183116 0.369715 0.172023 0.0292715 0.0673667 0.0941676 0.0337216 0.0141431 0.0101081 0.00336095 0.00122297 0.000317837 5.79706e-05 6.40513e-06 3.55301e-07
 2.14759e-27 2.17895e-27 7.27188e-27 1.74273e-21 1.03647e-16 1.41719e-12 4.45495e-09 3.2196e-06 0.000534933 0.0204341 0.179453 0.362319 0.168616 0.0295956 0.0715744 0.100104 0.0358906 0.0151891 0.0108835 0.00363963 0.00133757 0.000352236 6.46366e-05 7.0869e-06 3.89425e-07
 2.14728e-27 2.17821e-27 7.19529e-27 1.71676e-21 1.02102e-16 1.39607e-12 4.38855e-09 3.17162e-06 0.00052696 0.0201295 0.176778 0.356919 0.166125 0.0297366 0.0740627 0.103631 0.0374066 0.0166223 0.0120355 0.00404563 0.00149708 0.000397433 7.38507e-05 8.17381e-06 4.48588e-07
 2.14718e-27 2.17797e-27 7.17074e-27 1.70844e-21 1.01608e-16 1.3893e-12 4.36729e-09 3.15625e-06 0.000524406 0.020032 0.175922 0.35519 0.165323 0.029677 0.0742197 0.103874 0.0377821 0.0176933 0.0129883 0.00449643 0.00171734 0.000460235 8.63074e-05 9.66017e-06 5.35541e-07
#obs catch len freq
 1.21306e-39 5.93708e-33 6.6805e-27 1.72818e-21 1.02781e-16 1.40535e-12 4.41773e-09 3.1927e-06 0.000530472 0.0202634 0.177953 0.359292 0.167213 0.0294931 0.0718614 0.100544 0.0365129 0.016925 0.0124565 0.00446799 0.00181215 0.000538371 0.000116875 1.56343e-05 1.0709e-06
 1.22734e-39 6.007e-33 6.75918e-27 1.74853e-21 1.03992e-16 1.4219e-12 4.46976e-09 3.23031e-06 0.00053672 0.020502 0.180049 0.363523 0.169165 0.0293778 0.069882 0.0977403 0.0353407 0.0159011 0.0116206 0.00412233 0.0016439 0.000476974 0.000101032 1.31947e-05 8.78233e-07
 1.30774e-39 6.40046e-33 7.2019e-27 1.86306e-21 1.10803e-16 1.51504e-12 4.76253e-09 3.44189e-06 0.000571875 0.0218449 0.191842 0.387333 0.180135 0.0283672 0.0565369 0.0789074 0.0283963 0.0123542 0.00894724 0.00311575 0.00121631 0.000347223 7.18155e-05 9.12867e-06 5.92123e-07
 1.14495e-39 5.60376e-33 6.30544e-27 1.63116e-21 9.7011e-17 1.32645e-12 4.16971e-09 3.01346e-06 0.00050069 0.0191257 0.167962 0.339122 0.157947 0.0310682 0.087556 0.122571 0.0430034 0.0152344 0.0105003 0.00357859 0.00136088 0.000379901 7.67129e-05 9.52043e-06 6.01402e-07
 1.33825e-39 6.5498e-33 7.36994e-27 1.90653e-21 1.13389e-16 1.55039e-12 4.87365e-09 3.5222e-06 0.000585218 0.0223546 0.196318 0.39637 0.184286 0.0276386 0.0493653 0.068856 0.0256406 0.0138442 0.0102464 0.00312141 0.00103247 0.000276777 5.42199e-05 6.55053e-06 4.03474e-07
 1.38646e-39 6.78574e-33 7.63542e-27 1.97521e-21 1.17473e-16 1.60623e-12 5.04921e-09 3.64908e-06 0.000606299 0.0231598 0.20339 0.410648 0.190887 0.0276423 0.0450846 0.0626945 0.0217171 0.00680512 0.00461789 0.00178993 0.00073751 0.000181172 3.15206e-05 3.62389e-06 2.16545e-07
 1.25718e-39 6.15304e-33 6.9235e-27 1.79104e-21 1.0652e-16 1.45647e-12 4.57842e-09 3.30884e-06 0.000549768 0.0210004 0.184426 0.372361 0.173266 0.0297858 0.0697092 0.0973658 0.0334507 0.00955666 0.00605168 0.00173128 0.00054673 0.000160797 3.14678e-05 3.33071e-06 1.83553e-07
 1.27001e-39 6.21583e-33 6.99415e-27 1.80932e-21 1.07607e-16 1.47133e-12 4.62515e-09 3.3426e-06 0.000555378 0.0212147 0.186308 0.37616 0.174995 0.0290395 0.0640084 0.0894313 0.0320307 0.0134326 0.00938879 0.0025626 0.000687842 0.000152021 2.64224e-05 3.11861e-06 1.73642e-07
 1.41676e-39 6.93405e-33 7.80231e-27 2.01838e-21 1.20041e-16 1.64134e-12 5.15957e-09 3.72883e-06 0.000619551 0.023666 0.207835 0.419623 0.195013 0.0270171 0.0385627 0.0535387 0.0189982 0.00742103 0.0052233 0.00173302 0.000599962 0.0001269 1.74868e-05 1.67859e-06 9.23904e-08
 1.41005e-39 6.90123e-33 7.76538e-27 2.00883e-21 1.19473e-16 1.63357e-12 5.13515e-09 3.71118e-06 0.000616618 0.023554 0.206851 0.417637 0.194112 0.027485 0.0420177 0.0583461 0.0198461 0.00502139 0.00307929 0.000982814 0.000343688 8.7624e-05 1.4163e-05 1.21802e-06 5.44056e-08
 1.34403e-39 6.5781e-33 7.40178e-27 1.91477e-21 1.13879e-16 1.55708e-12 4.89471e-09 3.53742e-06 0.000587747 0.0224512 0.197166 0.398083 0.18511 0.028516 0.0542054 0.0755169 0.0258003 0.00689575 0.00422212 0.00109065 0.00027308 6.52398e-05 1.14041e-05 1.14575e-06 5.23615e-08
 1.31888e-39 6.45502e-33 7.26329e-27 1.87894e-21 1.11748e-16 1.52795e-12 4.80312e-09 3.47123e-06 0.000576749 0.0220311 0.193477 0.390635 0.181673 0.0286865 0.0574911 0.0801828 0.0279209 0.00919945 0.00604381 0.00159639 0.000395684 7.58067e-05 1.01717e-05 9.96573e-07 5.03629e-08
 1.34811e-39 6.59804e-33 7.42422e-27 1.92058e-21 1.14224e-16 1.56181e-12 4.90955e-09 3.54814e-06 0.000589529 0.0225192 0.197764 0.39929 0.185655 0.0281514 0.0516158 0.0719176 0.0252199 0.0088881 0.00600827 0.00175139 0.000512223 0.000101442 1.23969e-05 9.59617e-07 4.20534e-08
 1.32936e-39 6.50632e-33 7.32102e-27 1.89388e-21 1.12636e-16 1.54009e-12 4.8413e-09 3.49882e-06 0.000581333 0.0222062 0.195015 0.393739 0.183103 0.0285377 0.0556469 0.0775784 0.0269269 0.00859682 0.0056761 0.00171339 0.000538768 0.000119184 1.6561e-05 1.27057e-06 4.7675e-08
 1.28776e-39 6.3027e-33 7.0919e-27 1.83461e-21 1.09111e-16 1.4919e-12 4.68979e-09 3.38932e-06 0.00056314 0.0215112 0.188912 0.381417 0.177427 0.0290968 0.0627739 0.0876335 0.0306057 0.0103809 0.0069341 0.00199355 0.000590018 0.000135179 2.06474e-05 1.78029e-06 7.09603e-08
 1.16109e-39 5.68274e-33 6.39432e-27 1.65415e-21 9.83784e-17 1.34515e-12 4.22848e-09 3.05593e-06 0.000507748 0.0193953 0.17033 0.343901 0.160145 0.0307479 0.0841602 0.11781 0.0416817 0.0158731 0.0109556 0.00324587 0.000990423 0.000218003 3.2402e-05 2.95771e-06 1.30103e-07
 1.25758e-39 6.15498e-33 6.92568e-27 1.79161e-21 1.06554e-16 1.45693e-12 4.57987e-09 3.30988e-06 0.000549941 0.021007 0.184484 0.372478 0.173281 0.0287517 0.0633616 0.0885923 0.0327097 0.0168159 0.0124039 0.00391293 0.00130246 0.000297564 4.45806e-05 3.96884e-06 1.77291e-07
 1.22396e-39 5.99044e-33 6.74053e-27 1.74371e-21 1.03705e-16 1.41798e-12 4.45743e-09 3.2214e-06 0.000535239 0.0204455 0.179552 0.362521 0.168713 0.0296874 0.0720742 0.100784 0.035783 0.0140519 0.0100706 0.00379106 0.00153661 0.000383165 6.20587e-05 5.69748e-06 2.53594e-07
 1.27016e-39 6.21655e-33 6.99496e-27 1.80953e-21 1.0762e-16 1.4715e-12 4.62568e-09 3.34299e-06 0.000555443 0.0212172 0.186329 0.376204 0.175009 0.0288792 0.0630169 0.0880506 0.0317564 0.0140257 0.0100868 0.00325282 0.00118979 0.000348786 6.75062e-05 6.83763e-06 3.21519e-07
 1.23417e-39 6.0404e-33 6.79676e-27 1.75826e-21 1.0457e-16 1.42981e-12 4.49461e-09 3.24827e-06 0.000539704 0.020616 0.18105 0.365544 0.170108 0.0295888 0.0705609 0.0986488 0.0350103 0.0136912 0.00967729 0.00332226 0.0012449 0.000324449 6.27635e-05 7.43168e-06 3.98808e-07
 1.24989e-39 6.11732e-33 6.88331e-27 1.78065e-21 1.05902e-16 1.44802e-12 4.55185e-09 3.28963e-06 0.000546577 0.0208785 0.183355 0.370199 0.172245 0.0291959 0.0667599 0.0933232 0.0335737 0.0145642 0.0104339 0.00334907 0.00118555 0.000319477 6.01489e-05 6.84801e-06 3.9768e-07
 1.26133e-39 6.17331e-33 6.94631e-27 1.79694e-21 1.06871e-16 1.46127e-12 4.59351e-09 3.31974e-06 0.000551579 0.0210696 0.185033 0.373587 0.173808 0.0290976 0.0651387 0.0910236 0.0325598 0.0135453 0.00969239 0.00329443 0.00121949 0.000311983 5.69374e-05 6.44444e-06 3.66051e-07
 1.2517e-39 6.12623e-33 6.89333e-27 1.78324e-21 1.06056e-16 1.45012e-12 4.55847e-09 3.29442e-06 0.000547372 0.0209089 0.183622 0.370738 0.172497 0.0292887 0.067164 0.0938706 0.0334611 0.0135483 0.00960814 0.00319186 0.00117165 0.000313738 5.78891e-05 6.32057e-06 3.51855e-07
 1.2561e-39 6.14774e-33 6.91754e-27 1.7895e-21 1.06428e-16 1.45521e-12 4.57448e-09 3.30599e-06 0.000549295 0.0209823 0.184267 0.37204 0.173095 0.0291838 0.0661309 0.0924224 0.0330619 0.0137555 0.00979346 0.0032023 0.0011477 0.000301997 5.63571e-05 6.29707e-06 3.46256e-07
 1.24799e-39 6.10805e-33 6.87288e-27 1.77795e-21 1.05741e-16 1.44582e-12 4.54495e-09 3.28464e-06 0.000545748 0.0208469 0.183077 0.369638 0.171989 0.0293005 0.0675674 0.0944465 0.0337635 0.0139782 0.00996124 0.00330755 0.00120034 0.0003107 5.66723e-05 6.31213e-06 3.51957e-07
 1.2568e-39 6.15117e-33 6.92139e-27 1.7905e-21 1.06488e-16 1.45603e-12 4.57703e-09 3.30783e-06 0.000549601 0.0209941 0.18437 0.372247 0.17319 0.0291427 0.0658174 0.091985 0.032967 0.0139117 0.00995026 0.00329598 0.00119792 0.000314046 5.73549e-05 6.27558e-06 3.46175e-07
 1.18712e-39 5.81015e-33 6.53767e-27 1.69123e-21 1.00584e-16 1.3753e-12 4.32328e-09 3.12444e-06 0.000519131 0.0198301 0.174148 0.351611 0.163687 0.0301474 0.078171 0.109397 0.0390969 0.016151 0.0115163 0.00385652 0.00141755 0.00037198 6.83381e-05 7.51723e-06 4.11244e-07
 1.18858e-39 5.8173e-33 6.54571e-27 1.69331e-21 1.00708e-16 1.377e-12 4.3286e-09 3.12829e-06 0.00051977 0.0198545 0.174363 0.352043 0.163871 0.0297199 0.0754306 0.105604 0.038702 0.0190207 0.0140032 0.00463804 0.00168838 0.000447101 8.28817e-05 9.16031e-06 5.03363e-07
#spawning biomass
 4682.04 2342.44 2280.5 2228.59 2399.45 3642.63 4060.42 3954.16 5969.25 11032.3 16594 22957.1 27275.1 35123.9 39664.8 34876.4 33089 31075.2 32798.3 34028.6 32082.6 34428.1 35789.9 39931.4 43842.5 48540.2 48220.5 49255.4 53986.1 114331 132663 97220 65411.1 45616.5 34499.8 28575.5 25519.1 23975.5 23206.9 22827.9 22642.2 22551.6 22507.6 22486.2 22475.9 22470.9 22468.5 22467.3 22466.8 22466.5 22466.4 22466.3 22466.3 22466.3 22466.3 22466.3 22466.3 22466.3 22466.3 22466.3 22466.3 22466.3 22466.3 22466.3 22466.3 22466.3 22466.3 22466.3 22466.3 22466.3 22466.3 22466.3 22466.3 22466.3 22466.3 22466.3 22466.3 22466.3 22466.3 22466.3 22466.3 22466.3 22466.3 22466.3 22466.3 22466.3 22466.3 22466.3 22466.3 22466.3 22466.3 22466.3 22466.3 22466.3 22466.3 22466.3 22466.3 22466.3 22466.3 22466.3 22466.3 22466.3 22466.3 22466.3 22466.3 22466.3 22466.3 22466.3 22466.3 22466.3 22466.3 22466.3 22466.3 22466.3 22466.3 22466.3 22466.3 22466.3 22466.3 22466.3 22466.3 22466.3 22466.3 22466.3 22466.3 22466.3 22466.3 22466.3 0 0 0 0 0 0 0 0 0 0 0 0 0 0 0 0 0 0 0 0 0 0 0 0 0
