SBPRF35
0.0418769
Curr Bio
1.5543e+06
B35
1.04369e+06
F35
9.11503e+07
FOFL
9.11503e+07
OFL
2.44448e+06
Bzero
4582.55
#pred survey bio
 21823.5 20820.7 17605.5 20233.3 28230.6 62527 94631.6 163809 174506 181360 152003 172404 205163 229584 210778 197728 231118 236351 221601 183528 216249 224868 214804 224856 197171 204245 206867 184856 4.33059e+06 224057 23971 11085.6 10675 10664 10663.7 10663.7 10663.7 10663.7 10663.7 10663.7 10663.7 10663.7 10663.7 10663.7 10663.7 10663.7 10663.7 10663.7 10663.7 10663.7 10663.7 10663.7 10663.7 10663.7 10663.7 10663.7 10663.7 10663.7 10663.7 10663.7 10663.7 10663.7 10663.7 10663.7 10663.7 10663.7 10663.7 10663.7 10663.7 10663.7 10663.7 10663.7 10663.7 10663.7 10663.7 10663.7 10663.7 10663.7 10663.7 10663.7 10663.7 10663.7 10663.7 10663.7 10663.7 10663.7 10663.7 10663.7 10663.7 10663.7 10663.7 10663.7 10663.7 10663.7 10663.7 10663.7 10663.7 10663.7 10663.7 10663.7 10663.7 10663.7 10663.7 10663.7 10663.7 10663.7 10663.7 10663.7 10663.7 10663.7 10663.7 10663.7 10663.7 10663.7 10663.7 10663.7 10663.7 10663.7 10663.7 10663.7 10663.7 10663.7 10663.7 10663.7 10663.7 10663.7 10663.7 10663.7 0 0 0 0 0 0 0 0 0 0 0 0 0 0 0 0 0 0 0 0 0 0 0 0 0
#obs survey bio
 17794.6 29345.9 14348.1 17941.7 27750.2 59103.2 90567.6 146906 179625 220828 180603 152876 201344 256649 220492 223874 261828 220286 224884 218648 177696 200587 208707 150454 173233 213485 193429 214088
#pred catch bio
 20883.4 19945.6 15500.2 8730.24 14356.5 28920.9 49704.5 81820.7 94242.2 138933 142217 162741 158247 191355 187253 158498 192142 185513 191858 180108 186159 175078 180425 187360 208447 193449 187526 196410 2.44448e+06 6611.8 6611.8 6611.8 6611.8 6611.8 6611.8 6611.8 6611.8 6611.8 6611.8 6611.8 6611.8 6611.8 6611.8 6611.8 6611.8 6611.8 6611.8 6611.8 6611.8 6611.8 6611.8 6611.8 6611.8 6611.8 6611.8 6611.8 6611.8 6611.8 6611.8 6611.8 6611.8 6611.8 6611.8 6611.8 6611.8 6611.8 6611.8 6611.8 6611.8 6611.8 6611.8 6611.8 6611.8 6611.8 6611.8 6611.8 6611.8 6611.8 6611.8 6611.8 6611.8 6611.8 6611.8 6611.8 6611.8 6611.8 6611.8 6611.8 6611.8 6611.8 6611.8 6611.8 6611.8 6611.8 6611.8 6611.8 6611.8 6611.8 6611.8 6611.8 6611.8 6611.8 6611.8 6611.8 6611.8 6611.8 6611.8 6611.8 6611.8 6611.8 6611.8 6611.8 6611.8 6611.8 6611.8 6611.8 6611.8 6611.8 6611.8 6611.8 6611.8 6611.8 6611.8 6611.8 6611.8 6611.8 6611.8 6611.8 0 0 0 0 0 0 0 0 0 0 0 0 0 0 0 0 0 0 0 0 0 0 0 0 0
#obs catch bio
 15277.3 19667 15773.5 9097.65 14176.4 29000.3 49702.2 81671.2 92646.5 138488 144106 164269 155672 190569 187930 157120 192204 183760 191972 180515 185787 174316 180118 186067 210524 192579 186961 196974
#pred cpue bio
 21658.5 20462.9 17438.1 19630.6 25872.2 57798.7 86641.4 150297 160666 168809 141118 157725 186485 208991 191661 178694 207956 212451 198667 163772 192268 198653 189055 197735 172755 178458 180529 160877 3.77748e+06 218649 22922.9 9704.41 9288.99 9277.99 9277.7 9277.69 9277.69 9277.69 9277.69 9277.69 9277.69 9277.69 9277.69 9277.69 9277.69 9277.69 9277.69 9277.69 9277.69 9277.69 9277.69 9277.69 9277.69 9277.69 9277.69 9277.69 9277.69 9277.69 9277.69 9277.69 9277.69 9277.69 9277.69 9277.69 9277.69 9277.69 9277.69 9277.69 9277.69 9277.69 9277.69 9277.69 9277.69 9277.69 9277.69 9277.69 9277.69 9277.69 9277.69 9277.69 9277.69 9277.69 9277.69 9277.69 9277.69 9277.69 9277.69 9277.69 9277.69 9277.69 9277.69 9277.69 9277.69 9277.69 9277.69 9277.69 9277.69 9277.69 9277.69 9277.69 9277.69 9277.69 9277.69 9277.69 9277.69 9277.69 9277.69 9277.69 9277.69 9277.69 9277.69 9277.69 9277.69 9277.69 9277.69 9277.69 9277.69 9277.69 9277.69 9277.69 9277.69 9277.69 9277.69 9277.69 9277.69 9277.69 9277.69 9277.69 0 0 0 0 0 0 0 0 0 0 0 0 0 0 0 0 0 0 0 0 0 0 0 0 0
#obs cpue bio
 26832.8 23156.4 12359.4 22794.7 27134.4 63558.8 88663.6 182940 164168 144487 106392 174388 201305 196721 180246 156741 189639 236218 200575 129579 239671 229396 193772 309730 187280 172580 199385 135526
#pred surv len freq
 6.20587e-12 6.73588e-10 4.31095e-08 1.62682e-06 3.61992e-05 0.000474974 0.00367583 0.0167989 0.045615 0.0758407 0.0876957 0.0962956 0.115161 0.119482 0.103361 0.0849897 0.0672208 0.050008 0.0364513 0.0268922 0.0207238 0.017138 0.0145945 0.0111095 0.00643414
 7.34031e-12 7.96721e-10 5.099e-08 1.92421e-06 4.28166e-05 0.000561805 0.00434798 0.0198745 0.0540194 0.0902373 0.10626 0.120925 0.147204 0.149425 0.119768 0.0850877 0.0528653 0.026372 0.0112673 0.0049502 0.00257033 0.00164015 0.0012095 0.000869467 0.000499822
 4.49363e-12 4.8774e-10 3.12153e-08 1.17798e-06 2.62121e-05 0.00034396 0.002663 0.0121957 0.0334652 0.0584473 0.0804065 0.117756 0.165636 0.175728 0.143563 0.102978 0.0629592 0.0292553 0.0103249 0.0030139 0.000800883 0.000237552 0.000104583 6.11744e-05 3.3013e-05
 1.30086e-11 1.41196e-09 9.0365e-08 3.41009e-06 7.58788e-05 0.000995565 0.00770271 0.035156 0.0948297 0.152595 0.153283 0.115125 0.093004 0.0891094 0.0868143 0.0772487 0.053545 0.0266829 0.00997314 0.00297671 0.000710034 0.000136197 2.45271e-05 6.1951e-06 2.37694e-06
 1.91875e-11 2.08262e-09 1.33287e-07 5.02984e-06 0.00011192 0.00146843 0.0113607 0.0518374 0.139635 0.223146 0.216768 0.142427 0.0849527 0.0563405 0.0342944 0.0183188 0.00993915 0.00543033 0.00262141 0.000995102 0.000278893 5.77829e-05 9.15602e-06 1.19807e-06 1.69641e-07
 1.7228e-11 1.86993e-09 1.19675e-07 4.51618e-06 0.000100491 0.00131848 0.010201 0.046556 0.125546 0.201742 0.201238 0.146473 0.107066 0.0804298 0.0472469 0.0206011 0.00770809 0.00265696 0.000804171 0.000226174 6.295e-05 1.55263e-05 2.95475e-06 4.09997e-07 4.22876e-08
 1.8878e-11 2.04902e-09 1.31137e-07 4.94871e-06 0.000110115 0.00144474 0.0111775 0.0510041 0.137421 0.219859 0.214759 0.144316 0.0905194 0.0621466 0.0372841 0.0182302 0.00790901 0.0028659 0.000767011 0.000151971 2.49624e-05 3.84412e-06 5.87552e-07 8.34304e-08 9.50897e-09
 1.83254e-11 1.98905e-09 1.27299e-07 4.80386e-06 0.000106892 0.00140246 0.0108505 0.0495151 0.133453 0.213858 0.210549 0.145913 0.0973894 0.0691316 0.040205 0.0177597 0.00676725 0.00230219 0.000630797 0.000134675 2.28962e-05 3.03909e-06 3.10714e-07 2.63932e-08 2.0987e-09
 1.7927e-11 1.94581e-09 1.24531e-07 4.69942e-06 0.000104568 0.00137197 0.0106147 0.0484405 0.130577 0.20942 0.206979 0.145596 0.100124 0.0727702 0.0431087 0.0196391 0.00775671 0.00264652 0.000688907 0.00013292 2.03526e-05 2.57537e-06 2.61883e-07 2.07078e-08 1.26021e-09
 1.63413e-11 1.77369e-09 1.13516e-07 4.28374e-06 9.53185e-05 0.00125062 0.00967616 0.0441643 0.119146 0.191855 0.193256 0.145667 0.113001 0.088433 0.0537719 0.0249617 0.0100772 0.00350178 0.000926724 0.000182023 2.79999e-05 3.42435e-06 3.22755e-07 2.33476e-08 1.3208e-09
 1.68178e-11 1.82541e-09 1.16826e-07 4.40865e-06 9.80979e-05 0.00128709 0.00995817 0.045449 0.122576 0.197099 0.197217 0.1452 0.10846 0.0833096 0.0508236 0.0240479 0.00992916 0.00346023 0.000890315 0.000163947 2.30785e-05 2.60774e-06 2.31598e-07 1.57607e-08 8.21788e-10
 1.87212e-11 2.03201e-09 1.30048e-07 4.90761e-06 0.0001092 0.00143275 0.0110848 0.0505823 0.136304 0.218228 0.213907 0.145712 0.0939069 0.0650855 0.037719 0.0167746 0.00640562 0.00211109 0.00052494 9.30812e-05 1.2387e-05 1.30136e-06 1.05804e-07 6.46274e-09 2.9962e-10
 1.93548e-11 2.10078e-09 1.3445e-07 5.07371e-06 0.000112896 0.00148124 0.0114598 0.0522914 0.140879 0.225306 0.219671 0.146456 0.089933 0.0595839 0.0330832 0.0135194 0.00451834 0.00133129 0.000309472 5.15482e-05 6.30923e-06 6.05099e-07 4.55154e-08 2.58393e-09 1.0978e-10
 1.91773e-11 2.08152e-09 1.33217e-07 5.02718e-06 0.000111861 0.00146765 0.0113548 0.0518128 0.1396 0.223342 0.218148 0.146499 0.0914288 0.061376 0.0342683 0.014071 0.00473292 0.00139868 0.000323133 5.27599e-05 6.21726e-06 5.67345e-07 4.06031e-08 2.18997e-09 8.76346e-11
 1.92938e-11 2.09416e-09 1.34026e-07 5.05771e-06 0.00011254 0.00147657 0.0114237 0.052127 0.14044 0.224637 0.219178 0.146555 0.0905769 0.0602864 0.0334552 0.0135897 0.00448554 0.0013006 0.000295843 4.7296e-05 5.3747e-06 4.66652e-07 3.16996e-08 1.61878e-09 6.0683e-11
 2.00074e-11 2.17162e-09 1.38983e-07 5.24479e-06 0.000116703 0.00153118 0.0118461 0.0540513 0.145584 0.23253 0.225295 0.146359 0.0845305 0.0530684 0.0287211 0.0114221 0.00364854 0.00102416 0.000227711 3.55032e-05 3.87064e-06 3.17091e-07 2.03072e-08 9.8216e-10 3.46772e-11
 2.0492e-11 2.2242e-09 1.42349e-07 5.3718e-06 0.000119529 0.00156825 0.0121329 0.0553578 0.149075 0.237886 0.229436 0.146194 0.0803772 0.0481353 0.025519 0.00999368 0.00311992 0.000857409 0.000189102 2.95958e-05 3.2703e-06 2.7283e-07 1.7671e-08 8.51107e-10 2.94237e-11
 2.05624e-11 2.23185e-09 1.42838e-07 5.39026e-06 0.00011994 0.00157364 0.0121745 0.0555478 0.149585 0.238679 0.23011 0.146368 0.0800737 0.0476123 0.0249575 0.00949678 0.00279687 0.000720745 0.000152595 2.31863e-05 2.46465e-06 1.95464e-07 1.2119e-08 5.70183e-10 1.95513e-11
 2.08548e-11 2.26359e-09 1.44869e-07 5.46691e-06 0.000121645 0.00159602 0.0123476 0.0563362 0.151691 0.241906 0.23258 0.146189 0.0774466 0.0445582 0.0230661 0.00875324 0.00257656 0.00066299 0.00013961 2.09176e-05 2.15792e-06 1.63143e-07 9.59706e-09 4.3141e-10 1.41771e-11
 2.13158e-11 2.31362e-09 1.48071e-07 5.58775e-06 0.000124334 0.0016313 0.0126204 0.0575792 0.155013 0.247004 0.236534 0.146069 0.073551 0.0399014 0.0200027 0.00734118 0.00202775 0.000482693 9.64675e-05 1.39728e-05 1.38168e-06 9.78165e-08 5.32489e-09 2.23083e-10 6.85204e-12
 2.16684e-11 2.3519e-09 1.50521e-07 5.6802e-06 0.000126391 0.00165828 0.0128292 0.0585302 0.157555 0.250902 0.239545 0.145942 0.0705169 0.0363039 0.0176763 0.00631282 0.00165198 0.000364776 6.88856e-05 9.60603e-06 9.05225e-07 5.91121e-08 2.89615e-09 1.10133e-10 3.12056e-12
 2.2291e-11 2.41948e-09 1.54846e-07 5.84341e-06 0.000130023 0.00170593 0.0131977 0.0602089 0.16204 0.257769 0.244794 0.145531 0.0648776 0.0297706 0.013661 0.00477104 0.00122039 0.000261241 4.81367e-05 6.61036e-06 6.1215e-07 3.8766e-08 1.81354e-09 6.54883e-11 1.75808e-12
 2.26282e-11 2.45608e-09 1.57189e-07 5.93181e-06 0.00013199 0.00173173 0.0133972 0.0611181 0.164469 0.261491 0.24765 0.145343 0.0618755 0.0262655 0.0114691 0.00388523 0.000943979 0.00018627 3.20972e-05 4.27347e-06 3.90875e-07 2.45416e-08 1.13618e-09 4.05179e-11 1.0712e-12
 2.26975e-11 2.46359e-09 1.5767e-07 5.94996e-06 0.000132394 0.00173703 0.0134382 0.0613048 0.164968 0.262257 0.248246 0.145332 0.0613007 0.0255726 0.0110054 0.00366302 0.00085317 0.000155615 2.48039e-05 3.1487e-06 2.76921e-07 1.6363e-08 6.9054e-10 2.23552e-11 5.52331e-13
 2.30249e-11 2.49913e-09 1.59944e-07 6.03578e-06 0.000134303 0.00176209 0.013632 0.0621875 0.167326 0.265867 0.250996 0.145089 0.0582948 0.0221111 0.00890725 0.00289154 0.000659348 0.000115998 1.77662e-05 2.19304e-06 1.87659e-07 1.05583e-08 4.07967e-10 1.17681e-11 2.61384e-13
 2.32602e-11 2.52468e-09 1.61579e-07 6.09748e-06 0.000135676 0.0017801 0.0137713 0.0628221 0.169021 0.268463 0.252981 0.144936 0.0561666 0.0196436 0.00738818 0.00230521 0.000493353 7.57168e-05 9.71483e-06 1.06351e-06 8.53539e-08 4.50614e-09 1.55922e-10 3.78919e-12 6.98933e-14
 2.33643e-11 2.53597e-09 1.62302e-07 6.12477e-06 0.000136283 0.00178806 0.0138329 0.0631028 0.169771 0.26961 0.253854 0.144854 0.0552035 0.0185382 0.00672342 0.00206699 0.000437705 6.57991e-05 8.17838e-06 8.72337e-07 6.88667e-08 3.56533e-09 1.18633e-10 2.67911e-12 4.47282e-14
 2.35969e-11 2.56121e-09 1.63917e-07 6.18572e-06 0.00013764 0.00180586 0.0139705 0.0637297 0.171446 0.272172 0.255802 0.144665 0.0530444 0.0160642 0.00524137 0.00154278 0.000320027 4.65919e-05 5.50666e-06 5.63304e-07 4.35526e-08 2.2267e-09 7.27964e-11 1.59043e-12 2.5273e-14
#obs surv len freq
 4.80451e-11 4.45266e-09 2.43319e-07 7.84007e-06 0.000148955 0.00166875 0.0110255 0.0429979 0.0994253 0.139561 0.132629 0.117052 0.119464 0.112718 0.0891948 0.0631157 0.0389705 0.0198926 0.00834287 0.00284431 0.000762045 0.000153826 2.23603e-05 2.24126e-06 1.495e-07
 2.90466e-11 2.59635e-09 1.36841e-07 4.25267e-06 7.79298e-05 0.000842159 0.00537032 0.0202742 0.0460952 0.0685094 0.0872081 0.125379 0.166591 0.167075 0.133331 0.0916253 0.051957 0.0234091 0.00869834 0.00272036 0.000683772 0.000129387 1.75011e-05 1.62735e-06 1.00813e-07
 1.35335e-11 1.16474e-09 5.91066e-08 1.76862e-06 3.12064e-05 0.000324772 0.00199632 0.00730014 0.0164761 0.0268552 0.0448871 0.0832826 0.133191 0.174869 0.191923 0.161532 0.0966636 0.0418045 0.0140218 0.00383162 0.000845062 0.000143582 1.77661e-05 1.5223e-06 8.69597e-08
 2.67785e-10 2.21539e-08 1.08069e-06 3.10841e-05 0.000527186 0.005272 0.0310868 0.108088 0.221632 0.268188 0.19227 0.0837777 0.0267437 0.0139994 0.0148774 0.0144718 0.0104605 0.00559283 0.00219995 0.000628527 0.000130348 1.96924e-05 2.14296e-06 1.63215e-07 8.40241e-09
 1.87909e-10 1.49208e-08 6.98592e-07 1.92861e-05 0.000313949 0.00301375 0.0170677 0.0571578 0.114568 0.145837 0.146579 0.15923 0.164294 0.117718 0.0525318 0.0152896 0.00396333 0.00149534 0.000646748 0.000215772 4.96653e-05 7.70238e-06 7.99524e-07 5.53307e-08 2.53467e-09
 4.31897e-10 3.28685e-08 1.47491e-06 3.90247e-05 0.000608838 0.00560095 0.0303852 0.0972606 0.18421 0.209508 0.153832 0.0949442 0.0713767 0.060611 0.0468844 0.0287276 0.0121196 0.00325017 0.000558584 7.15569e-05 9.23216e-06 1.22968e-06 1.27745e-07 8.83875e-09 3.90234e-10
 5.37237e-10 3.91318e-08 1.68067e-06 4.2562e-05 0.000635555 0.0055963 0.029066 0.0891766 0.162871 0.184048 0.150997 0.125823 0.110733 0.0770309 0.0392846 0.0164203 0.00601084 0.0017925 0.000399079 6.28734e-05 6.80124e-06 5.14102e-07 2.96393e-08 1.41369e-09 5.3009e-11
 7.94573e-10 5.53235e-08 2.27129e-06 5.49824e-05 0.000784814 0.00660581 0.0327963 0.0961864 0.167944 0.181491 0.142663 0.115102 0.101382 0.0758439 0.0457445 0.0225427 0.00832515 0.0021117 0.000367013 4.68018e-05 4.66768e-06 3.56737e-07 1.94071e-08 7.14269e-10 1.7687e-11
 1.03063e-09 6.85128e-08 2.68551e-06 6.20683e-05 0.00084588 0.00679805 0.0322332 0.0903953 0.15187 0.16259 0.138657 0.129499 0.119334 0.0858837 0.0485743 0.0226314 0.00812877 0.00207246 0.000369364 4.70585e-05 4.33627e-06 2.86741e-07 1.34763e-08 4.45705e-10 1.01507e-11
 1.23198e-09 7.81043e-08 2.91967e-06 6.43551e-05 0.000836441 0.00641148 0.0290071 0.0777868 0.12631 0.136889 0.132094 0.14278 0.138894 0.103746 0.0620431 0.0297716 0.0104199 0.00248485 0.000406326 4.77161e-05 4.14775e-06 2.63035e-07 1.1726e-08 3.56088e-10 7.22132e-12
 2.4173e-09 1.45999e-07 5.19945e-06 0.000109183 0.00135191 0.00987146 0.042529 0.108401 0.165741 0.162384 0.128866 0.1145 0.103741 0.0787859 0.0492856 0.0240205 0.00821176 0.00187172 0.00028895 3.16187e-05 2.52593e-06 1.46209e-07 5.97217e-09 1.67827e-10 3.17306e-12
 3.69397e-09 2.12342e-07 7.19725e-06 0.000143842 0.00169515 0.0117812 0.0483212 0.117388 0.172021 0.165394 0.135974 0.124055 0.104162 0.0666512 0.0335404 0.0136689 0.00417103 0.000883113 0.00012883 1.33742e-05 1.00818e-06 5.44792e-08 2.05357e-09 5.27699e-11 9.08093e-13
 5.14446e-09 2.81197e-07 9.0629e-06 0.000172233 0.00193006 0.0127561 0.0497719 0.115231 0.162328 0.155406 0.136397 0.131934 0.110689 0.0699802 0.034892 0.013767 0.00390338 0.000734095 9.0515e-05 7.62669e-06 4.66008e-07 2.12579e-08 7.0919e-10 1.65862e-11 2.62121e-13
 7.25834e-09 3.76936e-07 1.15421e-05 0.000208398 0.00221881 0.0139339 0.0516828 0.114003 0.154657 0.148366 0.138519 0.138729 0.114625 0.0709119 0.0346693 0.013221 0.00354851 0.00062009 6.94218e-05 5.12598e-06 2.62411e-07 9.67287e-09 2.57627e-10 4.86297e-12 6.36626e-14
 1.12687e-08 5.55557e-07 1.615e-05 0.000276828 0.00279811 0.0166826 0.0587553 0.123154 0.159284 0.147345 0.13467 0.131836 0.107363 0.0672935 0.0336967 0.0128414 0.0033549 0.000566052 6.15437e-05 4.45477e-06 2.23079e-07 7.84178e-09 1.9076e-10 3.14248e-12 3.46102e-14
 1.73116e-08 8.09696e-07 2.23303e-05 0.000363128 0.00348217 0.0196977 0.0658455 0.131226 0.162667 0.148021 0.136511 0.130994 0.101265 0.0594302 0.0277381 0.00987989 0.00242573 0.000386878 4.00417e-05 2.78206e-06 1.34671e-07 4.58954e-09 1.08081e-10 1.71382e-12 1.79565e-14
 2.54407e-08 1.12818e-06 2.94997e-05 0.000454834 0.00413545 0.0221831 0.070361 0.133447 0.159504 0.14566 0.139091 0.13292 0.0994635 0.0564284 0.0253892 0.00861302 0.00199131 0.000296772 2.85153e-05 1.82891e-06 8.16025e-08 2.5765e-09 5.67239e-11 8.47968e-13 8.42229e-15
 3.74379e-08 1.57328e-06 3.89844e-05 0.000569606 0.00490799 0.0249527 0.0750592 0.135399 0.155853 0.141908 0.138057 0.131343 0.0980229 0.0567679 0.0260409 0.00877386 0.00198365 0.000290788 2.80373e-05 1.83889e-06 8.37772e-08 2.63121e-09 5.56963e-11 7.80356e-13 7.17138e-15
 5.77084e-08 2.2972e-06 5.39198e-05 0.000746274 0.00609121 0.0293385 0.0836484 0.143347 0.158224 0.141415 0.136209 0.125905 0.0911034 0.05154 0.0230107 0.00747679 0.00163086 0.000233604 2.246e-05 1.49499e-06 6.94934e-08 2.21589e-09 4.72613e-11 6.61779e-13 6.00882e-15
 8.12138e-08 3.06135e-06 6.80437e-05 0.000891803 0.00689342 0.0314537 0.0850907 0.13939 0.151532 0.142418 0.14482 0.131721 0.0903942 0.0479236 0.0199595 0.0060393 0.00122434 0.000162534 1.44679e-05 8.96856e-07 3.93996e-08 1.20922e-09 2.5204e-11 3.47963e-13 3.12305e-15
 1.29719e-07 4.62923e-06 9.74104e-05 0.00120868 0.0088451 0.0382103 0.0978783 0.151889 0.156623 0.139953 0.135875 0.119639 0.0815648 0.0436908 0.0180873 0.00528211 0.00101419 0.000126356 1.04929e-05 6.03123e-07 2.44323e-08 6.89743e-10 1.32503e-11 1.69667e-13 1.42539e-15
 1.97752e-07 6.68013e-06 0.000133058 0.00156283 0.0108265 0.044284 0.107518 0.158879 0.158696 0.141472 0.135633 0.113771 0.0725363 0.0361081 0.0139432 0.00383566 0.000702426 8.46859e-05 6.89154e-06 3.88893e-07 1.52683e-08 4.09483e-10 7.3434e-12 8.67754e-14 6.68713e-16
 2.62129e-07 8.38129e-06 0.000158016 0.00175678 0.0115214 0.0446465 0.103042 0.146949 0.149331 0.145913 0.147769 0.121805 0.0746262 0.0355063 0.012983 0.00334628 0.000569475 6.33984e-05 4.75006e-06 2.4788e-07 9.10599e-09 2.31422e-10 3.96134e-12 4.46667e-14 3.26353e-16
 3.89903e-07 1.18e-05 0.000210575 0.00221595 0.0137569 0.050479 0.110483 0.15036 0.148708 0.144451 0.143779 0.115943 0.0706247 0.0335627 0.0119751 0.00292624 0.000462253 4.69345e-05 3.15318e-06 1.45827e-07 4.74551e-09 1.07799e-10 1.66906e-12 1.72156e-14 1.16209e-16
 6.00977e-07 1.72162e-05 0.000290814 0.00289688 0.0170242 0.0591457 0.122671 0.158746 0.150741 0.141776 0.135885 0.105729 0.062875 0.0292581 0.0101356 0.00239727 0.000370299 3.75005e-05 2.55661e-06 1.19653e-07 3.82974e-09 8.22598e-11 1.16562e-12 1.0796e-14 6.50058e-17
 7.75458e-07 2.10297e-05 0.000336288 0.00317144 0.0176507 0.0581612 0.115194 0.146409 0.147288 0.153285 0.149755 0.110917 0.0611433 0.0261742 0.00836816 0.00183565 0.000263693 2.48973e-05 1.5925e-06 7.07934e-08 2.18572e-09 4.58491e-11 6.37198e-13 5.75496e-15 3.33048e-17
 1.03594e-06 2.65986e-05 0.000402707 0.00359595 0.018955 0.0592353 0.111929 0.138881 0.143642 0.155906 0.152792 0.113097 0.0634653 0.0274633 0.00857258 0.00177795 0.000236273 2.02847e-05 1.16356e-06 4.61477e-08 1.27943e-09 2.44264e-11 3.13415e-13 2.64656e-15 1.44686e-17
 1.73205e-06 4.21097e-05 0.000603688 0.0051042 0.0254738 0.0753374 0.13443 0.156106 0.147983 0.146561 0.134183 0.0945733 0.050945 0.0210644 0.00621793 0.0012104 0.00015028 1.19975e-05 6.35341e-07 2.3029e-08 5.773e-10 9.88215e-12 1.13175e-13 8.52974e-16 4.17993e-18
#pred catch len freq
 7.58718e-12 8.23515e-10 5.27049e-08 1.98892e-06 4.42564e-05 0.000580689 0.00449381 0.0205336 0.0557074 0.0922287 0.104833 0.11072 0.127345 0.126358 0.100421 0.0739017 0.053519 0.0372625 0.0258766 0.0185786 0.0141438 0.0116446 0.00990388 0.00753689 0.00436478
 8.32422e-12 9.03514e-10 5.78248e-08 2.18213e-06 4.85557e-05 0.000637105 0.00493058 0.0225335 0.0611908 0.101769 0.117782 0.129195 0.152092 0.14902 0.111513 0.0720605 0.0416606 0.0197768 0.00801749 0.00334777 0.00168748 0.00106535 0.000783524 0.000562962 0.000323596
 5.02126e-12 5.45009e-10 3.48806e-08 1.31629e-06 2.92898e-05 0.000384342 0.00297552 0.0136238 0.0373416 0.0648784 0.0877586 0.125416 0.173147 0.178646 0.137473 0.091042 0.0525659 0.0235629 0.00801969 0.00224978 0.000578374 0.000167654 7.29952e-05 4.25917e-05 2.29775e-05
 1.3214e-11 1.43425e-09 9.17919e-08 3.46394e-06 7.70771e-05 0.00101129 0.00782438 0.0357119 0.0963371 0.155085 0.156081 0.117932 0.0956868 0.0901805 0.0847395 0.0730368 0.0496775 0.02435 0.00890994 0.00260173 0.000610705 0.000115875 2.0682e-05 5.19096e-06 1.98791e-06
 1.92321e-11 2.08746e-09 1.33597e-07 5.04153e-06 0.00011218 0.00147184 0.0113871 0.0519582 0.139964 0.223698 0.217429 0.143188 0.0857889 0.0568267 0.0339811 0.0173715 0.0088973 0.00464747 0.00217952 0.000813506 0.000225726 4.64272e-05 7.31358e-06 9.52686e-07 1.34449e-07
 1.71756e-11 1.86425e-09 1.19312e-07 4.50246e-06 0.000100185 0.00131447 0.01017 0.0464152 0.125173 0.201196 0.200948 0.146923 0.108177 0.0814085 0.0474256 0.020163 0.00722868 0.00239418 0.000701261 0.000190594 5.1661e-05 1.25823e-05 2.38234e-06 3.29768e-07 3.39611e-08
 1.89229e-11 2.0539e-09 1.31449e-07 4.96049e-06 0.000110377 0.00144818 0.0112041 0.0511256 0.13775 0.220398 0.215347 0.144861 0.0909868 0.0622482 0.0367337 0.0172949 0.00716094 0.00251492 0.00065963 0.000127692 2.03636e-05 3.05362e-06 4.5911e-07 6.47066e-08 7.35471e-09
 1.83424e-11 1.99089e-09 1.27417e-07 4.8083e-06 0.000106991 0.00140376 0.0108606 0.0495611 0.133579 0.214078 0.210848 0.146331 0.0978905 0.0693875 0.039912 0.0171114 0.00621783 0.00203163 0.00054148 0.00011263 1.86851e-05 2.43737e-06 2.46343e-07 2.07324e-08 1.63697e-09
 1.79925e-11 1.95291e-09 1.24986e-07 4.71658e-06 0.00010495 0.00137698 0.0106535 0.0486174 0.131054 0.210185 0.207734 0.146113 0.100382 0.0726401 0.0424309 0.0186732 0.00701336 0.00230267 0.000585296 0.000110277 1.64211e-05 2.02912e-06 2.03257e-07 1.59281e-08 9.6387e-10
 1.67619e-11 1.81935e-09 1.16438e-07 4.39401e-06 9.77721e-05 0.00128281 0.00992516 0.0452993 0.122187 0.196583 0.197224 0.146551 0.110959 0.0851769 0.0505295 0.0222507 0.00833444 0.00273792 0.000700639 0.000133392 1.98362e-05 2.36071e-06 2.18694e-07 1.56416e-08 8.77781e-10
 1.74572e-11 1.89481e-09 1.21268e-07 4.57626e-06 0.000101827 0.00133602 0.0103367 0.0471739 0.127196 0.204261 0.203131 0.146217 0.104855 0.0780223 0.0460234 0.0203802 0.00769283 0.00251547 0.000625073 0.000111598 1.51322e-05 1.65174e-06 1.43364e-07 9.62036e-09 4.97002e-10
 1.92324e-11 2.08749e-09 1.33599e-07 5.04161e-06 0.000112182 0.00147186 0.0113873 0.051961 0.139994 0.223932 0.218529 0.146234 0.0905833 0.0605699 0.0340138 0.0142591 0.00497979 0.00152882 0.000365801 6.29327e-05 8.07938e-06 8.1968e-07 6.50583e-08 3.91541e-09 1.79654e-10
 1.96309e-11 2.13074e-09 1.36367e-07 5.14607e-06 0.000114506 0.00150236 0.0116232 0.053036 0.142872 0.228382 0.222147 0.146681 0.0880515 0.0570879 0.0311066 0.0122411 0.00381955 0.0010524 0.000235353 3.81931e-05 4.53637e-06 4.21122e-07 3.0904e-08 1.72792e-09 7.26733e-11
 1.95358e-11 2.12042e-09 1.35707e-07 5.12114e-06 0.000113952 0.00149508 0.0115669 0.0527796 0.142186 0.227332 0.22134 0.146731 0.0888938 0.0580748 0.031729 0.0124977 0.00390093 0.00107266 0.000237978 3.78658e-05 4.33173e-06 3.82005e-07 2.65997e-08 1.41044e-09 5.58212e-11
 1.97008e-11 2.13834e-09 1.36853e-07 5.16441e-06 0.000114914 0.00150771 0.0116646 0.0532247 0.143377 0.229162 0.222775 0.146741 0.0875798 0.0564604 0.0306081 0.0119161 0.00363793 0.000975933 0.000212462 3.30901e-05 3.65303e-06 3.06255e-07 2.0193e-08 1.01194e-09 3.7486e-11
 2.02838e-11 2.20161e-09 1.40903e-07 5.31722e-06 0.000118315 0.00155232 0.0120096 0.0547965 0.147577 0.235602 0.227739 0.146492 0.0825058 0.050477 0.0267842 0.0102754 0.00306504 0.000800874 0.00017086 2.60249e-05 2.76725e-06 2.19528e-07 1.36481e-08 6.47356e-10 2.2583e-11
 2.07678e-11 2.25415e-09 1.44265e-07 5.44412e-06 0.000121138 0.00158937 0.0122961 0.0561018 0.151065 0.240949 0.231858 0.146278 0.078281 0.0455001 0.0236098 0.00892147 0.00259859 0.000661873 0.000139495 2.12765e-05 2.28892e-06 1.84762e-07 1.16228e-08 5.49474e-10 1.87796e-11
 2.07983e-11 2.25745e-09 1.44477e-07 5.45209e-06 0.000121316 0.00159169 0.0123142 0.0561839 0.151285 0.241296 0.23217 0.146408 0.0782339 0.0453283 0.02334 0.00862553 0.00239014 0.00057168 0.000115364 1.70822e-05 1.77185e-06 1.3618e-07 8.19203e-09 3.77656e-10 1.27903e-11
 2.11372e-11 2.29424e-09 1.46831e-07 5.54095e-06 0.000123293 0.00161763 0.0125148 0.0570979 0.153727 0.245036 0.235032 0.146197 0.075183 0.0417841 0.0211486 0.00776825 0.00213927 0.000507357 0.000101412 1.47946e-05 1.49037e-06 1.09168e-07 6.21404e-09 2.72875e-10 8.84167e-12
 2.16203e-11 2.34667e-09 1.50187e-07 5.66757e-06 0.00012611 0.0016546 0.0128007 0.0584003 0.157208 0.250372 0.239148 0.145999 0.0709906 0.0368333 0.0179742 0.00639542 0.0016548 0.000359511 6.72996e-05 9.43776e-06 9.11138e-07 6.25219e-08 3.28365e-09 1.33786e-10 4.04049e-12
 2.18815e-11 2.37503e-09 1.52001e-07 5.73606e-06 0.000127634 0.00167459 0.0129553 0.0591047 0.15909 0.253258 0.241369 0.145878 0.0687027 0.0341423 0.0162639 0.00567251 0.00140936 0.000287008 5.08205e-05 6.86499e-06 6.34142e-07 4.03859e-08 1.91466e-09 7.06773e-11 1.96469e-12
 2.24245e-11 2.43396e-09 1.55773e-07 5.8784e-06 0.000130801 0.00171614 0.0132767 0.0605687 0.163001 0.259245 0.245937 0.145491 0.0637416 0.0284169 0.0127764 0.0043698 0.00106828 0.000212504 3.68423e-05 4.90796e-06 4.46407e-07 2.76581e-08 1.25556e-09 4.40457e-11 1.15996e-12
 2.27591e-11 2.47028e-09 1.58098e-07 5.96611e-06 0.000132753 0.00174175 0.0134747 0.0614709 0.165412 0.262936 0.248762 0.145282 0.0607286 0.0249171 0.0106125 0.00352392 0.000821892 0.00015055 2.41473e-05 3.09289e-06 2.76939e-07 1.699e-08 7.62433e-10 2.63801e-11 6.8355e-13
 2.28224e-11 2.47716e-09 1.58538e-07 5.98271e-06 0.000133122 0.00174659 0.0135122 0.0616417 0.165868 0.263637 0.249304 0.145262 0.060188 0.0242736 0.0101932 0.00333497 0.000750927 0.000127937 1.89016e-05 2.29504e-06 1.97499e-07 1.14424e-08 4.69489e-10 1.47172e-11 3.54795e-13
 2.31799e-11 2.51596e-09 1.61021e-07 6.07642e-06 0.000135207 0.00177395 0.0137238 0.0626055 0.168443 0.267577 0.252304 0.144988 0.0568928 0.0204857 0.0079067 0.00250549 0.000550155 8.95374e-05 1.24865e-05 1.45468e-06 1.21282e-07 6.69743e-09 2.52034e-10 7.01632e-12 1.50925e-13
 2.33641e-11 2.53595e-09 1.62301e-07 6.12471e-06 0.000136282 0.00178805 0.0138328 0.0631022 0.16977 0.269608 0.253855 0.14486 0.0552143 0.0185461 0.00672186 0.00205892 0.000430631 6.26365e-05 7.37349e-06 7.52802e-07 5.84589e-08 3.03625e-09 1.03214e-10 2.43912e-12 4.34906e-14
 2.34512e-11 2.54541e-09 1.62906e-07 6.14755e-06 0.00013679 0.00179471 0.0138843 0.0633371 0.170397 0.270568 0.254584 0.144789 0.0544057 0.0176194 0.00616644 0.00186211 0.000386202 5.52869e-05 6.33096e-06 6.29779e-07 4.80852e-08 2.45247e-09 8.04686e-11 1.77602e-12 2.87147e-14
 2.36813e-11 2.57037e-09 1.64504e-07 6.20785e-06 0.000138132 0.00181232 0.0140205 0.0639572 0.172054 0.273102 0.25651 0.1446 0.0522655 0.0151693 0.00470179 0.00134781 0.000273376 3.78771e-05 4.09363e-06 3.85012e-07 2.85269e-08 1.43244e-09 4.61711e-11 9.86423e-13 1.51622e-14
#obs catch len freq
 4.76221e-11 4.41345e-09 2.41177e-07 7.77104e-06 0.000147643 0.00165405 0.0109281 0.0426125 0.0984668 0.137734 0.128939 0.109966 0.110863 0.10927 0.0943183 0.072006 0.0456579 0.0232071 0.00970748 0.00336413 0.000927382 0.000191746 2.81822e-05 2.8285e-06 1.88548e-07
 6.63521e-11 5.93092e-09 3.12591e-07 9.71447e-06 0.000178013 0.00192348 0.0122577 0.0461143 0.102944 0.140048 0.131048 0.117152 0.120277 0.112059 0.087703 0.061397 0.037272 0.0186448 0.00764138 0.00253135 0.000654169 0.000126368 1.74451e-05 1.64993e-06 1.0332e-07
 4.10945e-11 3.53673e-09 1.79477e-07 5.37035e-06 9.4754e-05 0.000985938 0.00605426 0.0220211 0.0483663 0.0702436 0.0896517 0.129289 0.168526 0.165401 0.130106 0.0880121 0.0488247 0.0215159 0.00782496 0.0023815 0.000577042 0.00010434 1.3388e-05 1.1737e-06 6.82087e-08
 1.96292e-11 1.62393e-09 7.92173e-08 2.27858e-06 3.86478e-05 0.000386658 0.00228528 0.00804422 0.0175694 0.0282368 0.0475238 0.0875179 0.137532 0.17794 0.191388 0.156338 0.0905724 0.0380528 0.0124365 0.00330318 0.00070301 0.000114251 1.34103e-05 1.08276e-06 5.7986e-08
 3.85488e-10 3.06094e-08 1.43313e-06 3.95645e-05 0.000644037 0.00618164 0.0349853 0.116753 0.229781 0.266904 0.183787 0.0772314 0.0245027 0.0136167 0.0145686 0.013792 0.0096679 0.00500309 0.00189795 0.000521295 0.000103636 1.49449e-05 1.5431e-06 1.10808e-07 5.34891e-09
 2.79187e-10 2.12469e-08 9.53414e-07 2.52265e-05 0.000393576 0.00362106 0.0196559 0.0631121 0.121475 0.149498 0.147967 0.159261 0.159478 0.109653 0.0469502 0.01328 0.00348916 0.00134566 0.000567586 0.000181115 3.96383e-05 5.82452e-06 5.70976e-07 3.71834e-08 1.59672e-09
 6.41952e-10 4.67592e-08 2.00826e-06 5.08578e-05 0.000759426 0.00668669 0.0347204 0.10638 0.192921 0.210438 0.149292 0.0908636 0.0681379 0.0571944 0.0433508 0.0256812 0.0103679 0.00265326 0.000437711 5.48725e-05 7.00858e-06 9.00947e-07 8.84342e-08 5.73917e-09 2.36912e-10
 8.09719e-10 5.63781e-08 2.31459e-06 5.60305e-05 0.000799775 0.00673179 0.0334231 0.0980442 0.171365 0.186101 0.148802 0.122484 0.105071 0.0706313 0.0350666 0.0144015 0.00515854 0.00148991 0.000318914 4.80544e-05 4.95985e-06 3.58417e-07 1.98077e-08 9.00334e-10 3.17824e-11
 1.20971e-09 8.04171e-08 3.15212e-06 7.28526e-05 0.000992842 0.00797875 0.037822 0.10593 0.176777 0.183311 0.140108 0.111442 0.095882 0.069801 0.0411486 0.0197096 0.00699881 0.00169979 0.000283677 3.4895e-05 3.35127e-06 2.44597e-07 1.26112e-08 4.38089e-10 1.02154e-11
 1.59445e-09 1.01084e-07 3.7787e-06 8.32894e-05 0.00108252 0.00829697 0.0375207 0.100383 0.161095 0.165636 0.137607 0.125881 0.112349 0.0783763 0.0432854 0.0196274 0.00679153 0.00166 0.000283634 3.46367e-05 3.05146e-06 1.92258e-07 8.57991e-09 2.68361e-10 5.75368e-12
 1.95027e-09 1.17791e-07 4.1949e-06 8.80884e-05 0.00109074 0.00796528 0.034335 0.0877579 0.136051 0.141703 0.133022 0.139648 0.131111 0.095078 0.0554558 0.0257448 0.00863231 0.0019668 0.000307951 3.46921e-05 2.88629e-06 1.74255e-07 7.35703e-09 2.10735e-10 4.01817e-12
 3.81303e-09 2.19186e-07 7.42923e-06 0.000148478 0.00174977 0.0121603 0.0498644 0.120995 0.17627 0.165162 0.126542 0.109086 0.0957094 0.0707614 0.0430754 0.0202069 0.00659372 0.00143265 0.000211355 2.21422e-05 1.69045e-06 9.30991e-08 3.60168e-09 9.54706e-11 1.69641e-12
 5.85917e-09 3.20262e-07 1.0322e-05 0.00019616 0.00219816 0.0145269 0.0566595 0.13092 0.182652 0.167808 0.132773 0.116571 0.0939234 0.0580662 0.0284342 0.0112163 0.00327956 0.000662715 9.23721e-05 9.17142e-06 6.59704e-07 3.38643e-08 1.20739e-09 2.92396e-11 4.72661e-13
 8.29314e-09 4.30674e-07 1.31876e-05 0.000238108 0.00253507 0.0159185 0.0590137 0.129838 0.173949 0.158761 0.133262 0.123147 0.0989167 0.0604201 0.0292558 0.011121 0.00300593 0.000536715 6.29234e-05 5.06059e-06 2.95722e-07 1.28646e-08 4.06935e-10 8.9749e-12 1.33195e-13
 1.18015e-08 5.81827e-07 1.69137e-05 0.000289918 0.0029304 0.0174709 0.0615239 0.128875 0.166172 0.151887 0.135384 0.129283 0.102242 0.061123 0.028978 0.0106159 0.00270891 0.00044821 4.75473e-05 3.33672e-06 1.62737e-07 5.71091e-09 1.443e-10 2.57346e-12 3.17094e-14
 1.8419e-08 8.61487e-07 2.37586e-05 0.000386354 0.00370483 0.0209555 0.0700211 0.13926 0.170961 0.150181 0.130302 0.121274 0.0946295 0.0573969 0.027806 0.0101395 0.00251261 0.000401113 4.13229e-05 2.84137e-06 1.3526e-07 4.50953e-09 1.03663e-10 1.60876e-12 1.66526e-14
 2.83861e-08 1.2588e-06 3.2915e-05 0.000507488 0.00461406 0.0247468 0.0784341 0.148212 0.174171 0.15004 0.130673 0.118777 0.0878018 0.0497911 0.0224649 0.00765384 0.00178192 0.000268841 2.63634e-05 1.73988e-06 8.00324e-08 2.58478e-09 5.74576e-11 8.57113e-13 8.42634e-15
 4.16823e-08 1.75165e-06 4.34041e-05 0.000634178 0.00546422 0.0277766 0.0834938 0.150086 0.170038 0.147078 0.132803 0.12035 0.0861698 0.0472302 0.0205101 0.00664236 0.00145396 0.00020471 1.86137e-05 1.13296e-06 4.80202e-08 1.43703e-09 2.98673e-11 4.19972e-13 3.91229e-15
 6.16147e-08 2.4527e-06 5.75696e-05 0.000796784 0.00650333 0.0313197 0.0892437 0.152492 0.166178 0.142893 0.131033 0.118222 0.084612 0.0473742 0.0209127 0.00670653 0.00143437 0.00019881 1.81624e-05 1.13029e-06 4.87934e-08 1.44712e-09 2.88299e-11 3.7925e-13 3.26596e-15
 9.54582e-08 3.59829e-06 7.99778e-05 0.0010482 0.00810162 0.0369508 0.0997539 0.161787 0.168601 0.141249 0.127147 0.111109 0.0770797 0.0421236 0.0180633 0.00557994 0.00115159 0.000156139 1.42401e-05 8.9945e-07 3.95719e-08 1.18964e-09 2.38427e-11 3.12941e-13 2.65783e-15
 1.35402e-07 4.83203e-06 0.000101678 0.00126162 0.00923243 0.0398806 0.102119 0.158194 0.161932 0.141859 0.134365 0.115433 0.0758708 0.0388088 0.0155088 0.00445766 0.000854339 0.000107276 9.05575e-06 5.32993e-07 2.2184e-08 6.42405e-10 1.25838e-11 1.62764e-13 1.36519e-15
 2.14937e-07 7.26067e-06 0.000144621 0.00169862 0.0117664 0.0481125 0.116626 0.171047 0.165762 0.13745 0.123853 0.103029 0.0673759 0.0347778 0.013764 0.00380734 0.00069001 8.12262e-05 6.39013e-06 3.48372e-07 1.33596e-08 3.55707e-10 6.42179e-12 7.70525e-14 6.0504e-16
 3.27452e-07 1.04699e-05 0.000197392 0.00219446 0.0143889 0.0557027 0.127946 0.178498 0.166908 0.136983 0.121206 0.0958305 0.0585138 0.0280437 0.010353 0.00269918 0.000466964 5.32382e-05 4.10446e-06 2.19373e-07 8.13448e-09 2.0531e-10 3.45489e-12 3.82198e-14 2.75149e-16
 4.4383e-07 1.34321e-05 0.000239698 0.00252235 0.015657 0.0574149 0.125285 0.168207 0.158468 0.140581 0.130845 0.101651 0.0596112 0.02726 0.00951032 0.00231965 0.000372518 3.9185e-05 2.78061e-06 1.37491e-07 4.77347e-09 1.14199e-10 1.83358e-12 1.93383e-14 1.31854e-16
 6.54721e-07 1.87558e-05 0.00031682 0.00315585 0.0185442 0.064394 0.13324 0.17061 0.156188 0.13778 0.126442 0.0963687 0.0562571 0.0256465 0.00870195 0.00200719 0.000298635 2.85974e-05 1.81678e-06 7.95595e-08 2.44762e-09 5.23766e-11 7.61155e-13 7.34682e-15 4.62907e-17
 1.00783e-06 2.73313e-05 0.000437048 0.00412126 0.0229261 0.0753745 0.147729 0.179487 0.156636 0.132313 0.116247 0.0854001 0.0486439 0.021677 0.00713155 0.00159242 0.000231969 2.21864e-05 1.43017e-06 6.3219e-08 1.90551e-09 3.84256e-11 5.10012e-13 4.41664e-15 2.48207e-17
 1.33022e-06 3.4154e-05 0.000517087 0.0046168 0.0243238 0.0758321 0.14173 0.16809 0.153088 0.14189 0.127353 0.0890859 0.0469735 0.0192375 0.00583895 0.00120897 0.000163755 1.46032e-05 8.83625e-07 3.71309e-08 1.08025e-09 2.12737e-11 2.76713e-13 2.33344e-15 1.25835e-17
 1.8224e-06 4.43062e-05 0.000635174 0.00537027 0.0267983 0.0792081 0.140959 0.161918 0.149 0.142536 0.128362 0.089891 0.0482178 0.0198854 0.00587012 0.00114627 0.000143369 1.16069e-05 6.29166e-07 2.35851e-08 6.16557e-10 1.10596e-11 1.32894e-13 1.04812e-15 5.3398e-18
#spawning biomass
 47537 63604.4 48591.7 75608.6 175042 364782 592979 1.00975e+06 1.04997e+06 1.0044e+06 859588 1.08486e+06 1.34731e+06 1.4931e+06 1.38069e+06 1.34748e+06 1.61842e+06 1.6649e+06 1.58612e+06 1.34976e+06 1.62379e+06 1.74955e+06 1.70499e+06 1.7927e+06 1.60232e+06 1.68344e+06 1.71557e+06 1.5543e+06 1.5651e+06 4187.69 4187.69 4187.69 4187.69 4187.69 4187.69 4187.69 4187.69 4187.69 4187.69 4187.69 4187.69 4187.69 4187.69 4187.69 4187.69 4187.69 4187.69 4187.69 4187.69 4187.69 4187.69 4187.69 4187.69 4187.69 4187.69 4187.69 4187.69 4187.69 4187.69 4187.69 4187.69 4187.69 4187.69 4187.69 4187.69 4187.69 4187.69 4187.69 4187.69 4187.69 4187.69 4187.69 4187.69 4187.69 4187.69 4187.69 4187.69 4187.69 4187.69 4187.69 4187.69 4187.69 4187.69 4187.69 4187.69 4187.69 4187.69 4187.69 4187.69 4187.69 4187.69 4187.69 4187.69 4187.69 4187.69 4187.69 4187.69 4187.69 4187.69 4187.69 4187.69 4187.69 4187.69 4187.69 4187.69 4187.69 4187.69 4187.69 4187.69 4187.69 4187.69 4187.69 4187.69 4187.69 4187.69 4187.69 4187.69 4187.69 4187.69 4187.69 4187.69 4187.69 4187.69 4187.69 4187.69 4187.69 4187.69 4187.69 0 0 0 0 0 0 0 0 0 0 0 0 0 0 0 0 0 0 0 0 0 0 0 0 0
