SBPRF35
0.244824
Curr Bio
170397
B35
231441
F35
0.851307
FOFL
0.697833
OFL
37639.3
Bzero
69949.6
#pred survey bio
 15142.1 14995.6 16347.2 18250.1 21175.2 24702.9 27408.1 34727.7 46789.1 60975.4 76645.2 94109.1 121746 147725 146832 114286 116006 115938 109413 111187 104769 109269 115925 126832 142140 141777 142390 137958 132409 5.29726e+06 3.8061e+06 2.81612e+06 1.68901e+06 1.08411e+06 805842 676531 611728 576054 554803 541471 532865 527232 523520 521053 519402 518334 517641 517191 516897 516706 516581 516500 516447 516412 516389 516375 516365 516359 516354 516352 516350 516349 516348 516348 516347 516347 516347 516347 516347 516347 516347 516347 516347 516347 516347 516347 516347 516347 516347 516347 516347 516347 516347 516347 516347 516347 516347 516347 516347 516347 516347 516347 516347 516347 516347 516347 516347 516347 516347 516347 516347 516347 516347 516347 516347 516347 516347 516347 516347 516347 516347 516347 516347 516347 516347 516347 516347 516347 516347 516347 516347 516347 516347 516347 516347 516347 516347 516347 516347 0 0 0 0 0 0 0 0 0 0 0 0 0 0 0 0 0 0 0 0 0 0 0 0 0
#obs survey bio
 12657 12096.6 13611.2 17962.8 15955.6 16363.5 20177.9 36815.5 48856.8 62605.6 44416 60684.8 119166 141912 87895.4 84270.9 109793 101286 86228.6 93074.3 96992.8 83731.4 107466 122329 134671 92160.9 109030 130487 97432.2
#pred catch bio
 7346.5 7251.69 8041.5 9475.84 11179.8 14036.6 15551.5 20022.3 27211.9 34445.1 46959.7 61144.1 77332.1 94244.3 109840 78944.2 82349.1 86949.3 79659.2 86268.1 77783.9 83071.8 89544.7 96112.8 114472 112295 114198 112235 91315.6 37639.3 71878.5 54980.7 28135.1 15235.6 10405.6 8757.08 8223.87 8057.64 8007.18 7992.17 7987.76 7986.48 7986.12 7986.01 7985.98 7985.97 7985.97 7985.97 7985.97 7985.97 7985.97 7985.97 7985.97 7985.97 7985.97 7985.97 7985.97 7985.97 7985.97 7985.97 7985.97 7985.97 7985.97 7985.97 7985.97 7985.97 7985.97 7985.97 7985.97 7985.97 7985.97 7985.97 7985.97 7985.97 7985.97 7985.97 7985.97 7985.97 7985.97 7985.97 7985.97 7985.97 7985.97 7985.97 7985.97 7985.97 7985.97 7985.97 7985.97 7985.97 7985.97 7985.97 7985.97 7985.97 7985.97 7985.97 7985.97 7985.97 7985.97 7985.97 7985.97 7985.97 7985.97 7985.97 7985.97 7985.97 7985.97 7985.97 7985.97 7985.97 7985.97 7985.97 7985.97 7985.97 7985.97 7985.97 7985.97 7985.97 7985.97 7985.97 7985.97 7985.97 7985.97 7985.97 7985.97 7985.97 7985.97 7985.97 7985.97 0 0 0 0 0 0 0 0 0 0 0 0 0 0 0 0 0 0 0 0 0 0 0 0 0
#obs catch bio
 6854.37 7328.41 8105.31 9509.25 11222.5 14132.9 15692.3 20118 26410.1 33114.4 46366.3 59950.1 74263.2 91742.2 109028 78333.9 79971.1 84784.9 78177.3 84229.9 74238.3 79590.9 87109.5 92969.1 108365 109379 111489 108781 89419
#pred cpue bio
 10367 9781.8 10307.9 11350.2 12527.8 14580.1 15941.2 18799 24592.9 32686.8 42555.4 49768 60653.7 78473.1 85839.4 63676 61691.8 61433.2 56595.7 57414.2 52708.8 55025.7 56504.5 60494.9 68659.5 67903.6 69383.1 67137.9 63725.1 2.74797e+06 2.98492e+06 2.64749e+06 1.57468e+06 964507 684433 554762 489890 454202 432948 419615 411009 405376 401665 399198 397547 396479 395786 395335 395042 394850 394726 394644 394591 394556 394534 394519 394509 394503 394499 394496 394494 394493 394492 394492 394492 394491 394491 394491 394491 394491 394491 394491 394491 394491 394491 394491 394491 394491 394491 394491 394491 394491 394491 394491 394491 394491 394491 394491 394491 394491 394491 394491 394491 394491 394491 394491 394491 394491 394491 394491 394491 394491 394491 394491 394491 394491 394491 394491 394491 394491 394491 394491 394491 394491 394491 394491 394491 394491 394491 394491 394491 394491 394491 394491 394491 394491 394491 394491 394491 0 0 0 0 0 0 0 0 0 0 0 0 0 0 0 0 0 0 0 0 0 0 0 0 0
#obs cpue bio
 7639.88 8586.78 9867.83 14150.1 14357.5 18908.2 19668.3 19353.5 51198.8 58436.3 65440.2 133653 115980 101360 153878 102328 112210 103840 87848.9 115396 126847 132770 88859.3 111935 189564 119574 139894 128953 119892
#pred surv len freq
 2.56422e-27 2.59113e-27 3.54919e-26 6.94735e-20 1.70306e-14 5.04647e-10 1.80756e-06 0.000782604 0.0409587 0.259116 0.198492 0.0400186 0.16515 0.152508 0.0352646 0.0423782 0.0181309 0.0138507 0.00849964 0.00643519 0.00500894 0.00428678 0.00424817 0.00373347 0.00113578
 2.56484e-27 2.59294e-27 3.71525e-26 7.29767e-20 1.78894e-14 5.30094e-10 1.89871e-06 0.000822068 0.0430241 0.272182 0.208455 0.0390742 0.150966 0.139948 0.0428465 0.0626278 0.0211106 0.00857251 0.003829 0.00218471 0.00139103 0.00102101 0.000895944 0.000785871 0.000261705
 2.56543e-27 2.59447e-27 3.84055e-26 7.56196e-20 1.85372e-14 5.49292e-10 1.96747e-06 0.00085184 0.0445822 0.282039 0.215991 0.0396492 0.150047 0.138869 0.0384621 0.0530105 0.0198899 0.0109952 0.00346774 0.00106066 0.000447411 0.000251014 0.000182497 0.000150103 5.16964e-05
 2.56548e-27 2.59455e-27 3.84135e-26 7.56363e-20 1.85413e-14 5.49412e-10 1.9679e-06 0.000852027 0.044592 0.282101 0.216047 0.0401937 0.154151 0.142577 0.0377118 0.0502946 0.0179745 0.00880076 0.00322773 0.00108594 0.000239538 7.43643e-05 3.83149e-05 2.70919e-05 9.22467e-06
 2.56685e-27 2.59817e-27 4.15357e-26 8.22224e-20 2.01558e-14 5.97253e-10 2.13926e-06 0.000926219 0.0484749 0.306666 0.234799 0.0399132 0.138842 0.128341 0.0332436 0.0436358 0.0151566 0.00674906 0.00228229 0.000734867 0.00018579 3.37728e-05 8.12428e-06 4.10994e-06 1.31021e-06
 2.56626e-27 2.59646e-27 3.99053e-26 7.87826e-20 1.93126e-14 5.72267e-10 2.04976e-06 0.000887469 0.0464469 0.293836 0.225025 0.0413021 0.156279 0.144245 0.0326882 0.0383347 0.0130759 0.0054725 0.00175462 0.000507 0.000118074 2.22581e-05 2.93252e-06 6.61108e-07 1.75332e-07
 2.56671e-27 2.59768e-27 4.0983e-26 8.1056e-20 1.98699e-14 5.88781e-10 2.10891e-06 0.000913079 0.0477873 0.302316 0.231494 0.0409388 0.148969 0.137545 0.0323409 0.0391843 0.0126415 0.00417625 0.00126825 0.000339502 7.12131e-05 1.21729e-05 1.46324e-06 1.3918e-07 2.11294e-08
 2.56849e-27 2.60243e-27 4.5118e-26 8.97789e-20 2.20082e-14 6.52143e-10 2.33587e-06 0.00101134 0.0529299 0.334849 0.256325 0.0402918 0.126599 0.116767 0.0262237 0.0304581 0.00991917 0.00341654 0.000952683 0.000206912 3.96051e-05 6.06295e-06 6.49354e-07 4.41506e-08 2.67453e-09
 2.56859e-27 2.60258e-27 4.51321e-26 8.98083e-20 2.20154e-14 6.52356e-10 2.33663e-06 0.00101167 0.0529473 0.334959 0.256425 0.0412743 0.134006 0.123385 0.0234634 0.0224723 0.00712182 0.0021726 0.000604285 0.000130776 2.10399e-05 2.73577e-06 2.58147e-07 1.48575e-08 4.85198e-10
 2.56805e-27 2.60111e-27 4.3833e-26 8.70677e-20 2.13436e-14 6.32449e-10 2.26533e-06 0.000980799 0.0513315 0.324737 0.248626 0.0416499 0.142344 0.131098 0.0251898 0.0244466 0.00739236 0.00167449 0.000428639 8.36291e-05 1.32966e-05 1.53426e-06 1.18602e-07 5.84279e-09 1.45009e-10
 2.56737e-27 2.59933e-27 4.23155e-26 8.38665e-20 2.05589e-14 6.09196e-10 2.18204e-06 0.000944739 0.0494442 0.312798 0.239509 0.0416281 0.148583 0.136968 0.0282447 0.0299416 0.00913745 0.00218538 0.000523364 7.85268e-05 1.1003e-05 1.19085e-06 8.28115e-08 3.32445e-09 6.81317e-11
 2.56862e-27 2.6027e-27 4.52799e-26 9.01201e-20 2.20919e-14 6.54621e-10 2.34474e-06 0.00101518 0.0531311 0.336122 0.257307 0.0408952 0.130502 0.120241 0.0245436 0.0257155 0.00792286 0.00202346 0.000494382 7.53571e-05 8.9203e-06 7.72935e-07 4.84409e-08 1.72724e-09 2.8894e-11
 2.56948e-27 2.60494e-27 4.71634e-26 9.40932e-20 2.30658e-14 6.83481e-10 2.44812e-06 0.00105994 0.0554735 0.35094 0.268626 0.0411765 0.124689 0.114682 0.0200192 0.0167865 0.00506737 0.00114911 0.000278489 4.41976e-05 5.33352e-06 4.21118e-07 2.07707e-08 6.38611e-10 9.32947e-12
 2.56777e-27 2.60026e-27 4.29868e-26 8.52822e-20 2.09059e-14 6.19479e-10 2.21887e-06 0.000960686 0.0502789 0.318078 0.243557 0.0426791 0.153737 0.141437 0.0238525 0.0187809 0.00547518 0.0009228 0.000204906 2.93446e-05 3.5512e-06 2.89166e-07 1.33799e-08 3.30148e-10 4.03215e-12
 2.56548e-27 2.59415e-27 3.76862e-26 7.41006e-20 1.81649e-14 5.38257e-10 1.92795e-06 0.000834728 0.0436866 0.276374 0.211722 0.043307 0.180882 0.166724 0.0326414 0.0324503 0.00946729 0.00154556 0.000322664 3.56184e-05 3.78209e-06 2.90479e-07 1.37221e-08 3.2157e-10 3.22619e-12
 2.56704e-27 2.59841e-27 4.14584e-26 8.20583e-20 2.01156e-14 5.96061e-10 2.13499e-06 0.000924369 0.0483782 0.306054 0.234368 0.0421826 0.156415 0.144137 0.028473 0.0286397 0.00847084 0.00158091 0.000336971 3.4701e-05 3.13707e-06 1.89814e-07 8.11865e-09 1.89222e-10 1.81079e-12
 2.56817e-27 2.60144e-27 4.41074e-26 8.76465e-20 2.14855e-14 6.36653e-10 2.28039e-06 0.00098732 0.0516728 0.326896 0.250275 0.0416801 0.141415 0.13022 0.0246413 0.0234115 0.00699651 0.00144039 0.000320907 3.76506e-05 3.4411e-06 1.83421e-07 6.17349e-09 1.23756e-10 1.14737e-12
 2.56784e-27 2.60045e-27 4.31566e-26 8.56404e-20 2.09937e-14 6.22081e-10 2.22819e-06 0.000964721 0.05049 0.319414 0.244576 0.0426242 0.152604 0.140391 0.023664 0.0186161 0.00545217 0.000961763 0.000210664 2.66864e-05 2.64869e-06 1.54334e-07 4.79661e-09 7.70298e-11 5.95471e-13
 2.56836e-27 2.60186e-27 4.43857e-26 8.82332e-20 2.16293e-14 6.40915e-10 2.29565e-06 0.000993929 0.0520186 0.329084 0.251956 0.0423683 0.145471 0.133787 0.0221013 0.0167071 0.00476024 0.000614778 0.00011981 1.30624e-05 1.28973e-06 8.1984e-08 2.80093e-09 4.37434e-11 2.78694e-13
 2.56839e-27 2.60192e-27 4.44409e-26 8.83496e-20 2.16578e-14 6.41761e-10 2.29868e-06 0.00099524 0.0520873 0.329519 0.252288 0.0423769 0.145303 0.133626 0.0219657 0.0164384 0.00467937 0.00059734 0.000111216 9.22197e-06 7.60995e-07 4.37214e-08 1.57946e-09 2.70726e-11 1.73233e-13
 2.5688e-27 2.60301e-27 4.53683e-26 9.03059e-20 2.21374e-14 6.55971e-10 2.34958e-06 0.00101728 0.0532406 0.336815 0.25786 0.0424119 0.141655 0.130184 0.0199747 0.0127657 0.00359201 0.000404169 7.14943e-05 5.68737e-06 4.0998e-07 1.77695e-08 5.50005e-10 9.46858e-12 6.58018e-14
 2.56884e-27 2.60314e-27 4.54955e-26 9.05744e-20 2.22032e-14 6.57921e-10 2.35656e-06 0.0010203 0.0533989 0.337816 0.258622 0.0422645 0.139997 0.128681 0.0202125 0.013684 0.00383437 0.000394348 6.62965e-05 4.77995e-06 3.22804e-07 1.276e-08 3.09323e-10 4.28051e-12 2.85461e-14
 2.56951e-27 2.60494e-27 4.70819e-26 9.3921e-20 2.30236e-14 6.8223e-10 2.44363e-06 0.001058 0.0553719 0.350298 0.268147 0.0418597 0.130225 0.119645 0.0182617 0.0115127 0.00322341 0.000335474 5.6177e-05 3.71404e-06 2.29835e-07 8.17874e-09 1.81249e-10 2.04543e-12 1.07114e-14
 2.56983e-27 2.60578e-27 4.78014e-26 9.54388e-20 2.33957e-14 6.93256e-10 2.48313e-06 0.0010751 0.0562668 0.355959 0.272469 0.0418429 0.12706 0.116675 0.0168448 0.0090307 0.00250271 0.000231447 3.65505e-05 2.40964e-06 1.44814e-07 4.64527e-09 9.24308e-11 9.34624e-13 4.11014e-15
 2.56956e-27 2.60503e-27 4.71372e-26 9.40375e-20 2.30522e-14 6.83077e-10 2.44667e-06 0.00105931 0.0554406 0.350732 0.268482 0.0420724 0.131608 0.120866 0.0174771 0.00941624 0.00259573 0.000214405 3.13602e-05 1.87579e-06 1.05328e-07 3.32469e-09 6.16468e-11 5.54421e-13 2.16628e-15
 2.56964e-27 2.60523e-27 4.72957e-26 9.43719e-20 2.31341e-14 6.85506e-10 2.45537e-06 0.00106308 0.0556378 0.35198 0.269436 0.0421763 0.131729 0.12094 0.0168121 0.00788267 0.00215605 0.000162239 2.20046e-05 1.17327e-06 5.81002e-08 1.6421e-09 2.8971e-11 2.47748e-13 8.70761e-16
 2.56929e-27 2.60428e-27 4.64539e-26 9.2596e-20 2.26988e-14 6.72606e-10 2.40916e-06 0.00104307 0.0545908 0.345356 0.264382 0.0424246 0.137169 0.125962 0.0177456 0.00874552 0.00238873 0.000167441 2.1318e-05 1.05564e-06 4.71296e-08 1.15657e-09 1.79194e-11 1.40142e-13 4.68096e-16
 2.56933e-27 2.60442e-27 4.65791e-26 9.28602e-20 2.27636e-14 6.74525e-10 2.41604e-06 0.00104605 0.0547465 0.346342 0.265134 0.0423505 0.136077 0.124964 0.0177289 0.00895854 0.00245083 0.000175868 2.2738e-05 1.0617e-06 4.34494e-08 9.64471e-10 1.3123e-11 8.81208e-14 2.62989e-16
 2.56954e-27 2.60496e-27 4.70567e-26 9.38677e-20 2.30105e-14 6.81843e-10 2.44225e-06 0.0010574 0.0553405 0.350099 0.268001 0.04225 0.133298 0.122388 0.0170693 0.00810423 0.00221238 0.00015718 2.01741e-05 9.54547e-07 3.91641e-08 8.05301e-10 9.91718e-12 5.85519e-14 1.50327e-16
#obs surv len freq
 1.24795e-41 1.73207e-33 2.9059e-26 5.89311e-20 1.44463e-14 4.28069e-10 1.53327e-06 0.000663855 0.0347435 0.219798 0.168569 0.04173 0.170274 0.142567 0.0893909 0.0845873 0.0331306 0.0118814 0.00238507 0.000265569 1.20736e-05 1.63747e-07 5.01327e-10 2.82945e-13 2.57474e-17
 1.56224e-41 2.16828e-33 3.63774e-26 7.37727e-20 1.80845e-14 5.35877e-10 1.91942e-06 0.000831045 0.0434936 0.275153 0.210871 0.0426658 0.141919 0.113078 0.0739341 0.0644403 0.0242197 0.00786095 0.00139425 0.000131396 4.84307e-06 5.08726e-08 1.16044e-10 4.75616e-14 3.09721e-18
 1.29012e-41 1.7906e-33 3.0041e-26 6.09225e-20 1.49344e-14 4.42535e-10 1.58509e-06 0.000686288 0.0359176 0.227226 0.174516 0.0517687 0.204277 0.150165 0.0733235 0.0554373 0.0198913 0.00581291 0.000903848 7.08263e-05 2.07289e-06 1.665e-08 2.82063e-11 8.40308e-15 3.92114e-19
 1.56123e-41 2.16688e-33 3.6354e-26 7.37251e-20 1.80728e-14 5.35531e-10 1.91819e-06 0.000830508 0.0434655 0.274976 0.210909 0.0474166 0.149699 0.109501 0.0844837 0.0592593 0.015345 0.00359774 0.000481788 3.1013e-05 7.08889e-07 4.28323e-09 5.33478e-12 1.15137e-15 3.85195e-20
 1.54308e-41 2.14169e-33 3.59313e-26 7.28679e-20 1.78627e-14 5.29304e-10 1.89588e-06 0.000820852 0.0429601 0.27178 0.208712 0.0554123 0.180197 0.118742 0.0633879 0.0411447 0.013771 0.00279654 0.000260625 1.29505e-05 2.28059e-07 1.02415e-09 9.26896e-13 1.43696e-16 3.43146e-21
 1.34879e-41 1.87204e-33 3.14073e-26 6.36933e-20 1.56137e-14 4.62661e-10 1.65718e-06 0.000717501 0.0375511 0.237563 0.18283 0.0612866 0.205722 0.131252 0.0833711 0.0465089 0.0109133 0.00208635 0.000190195 6.6811e-06 8.23002e-08 2.68536e-10 1.75034e-13 1.93335e-17 3.27171e-22
 1.56496e-41 2.17206e-33 3.64408e-26 7.39013e-20 1.8116e-14 5.36811e-10 1.92277e-06 0.000832493 0.0435693 0.275635 0.211868 0.0579756 0.165102 0.104831 0.0835642 0.0442198 0.0106917 0.00159419 0.000111102 3.39728e-06 3.04317e-08 6.65947e-11 3.00423e-14 2.33523e-18 2.78281e-23
 1.73257e-41 2.40469e-33 4.03437e-26 8.18161e-20 2.00563e-14 5.94304e-10 2.1287e-06 0.000921653 0.0482357 0.305157 0.234617 0.0628163 0.163338 0.0926768 0.0563253 0.0275815 0.00725061 0.00101829 5.83151e-05 1.29442e-06 8.9197e-09 1.4224e-11 4.31986e-15 2.25113e-19 1.83817e-24
 1.65562e-41 2.29789e-33 3.85519e-26 7.81824e-20 1.91655e-14 5.67909e-10 2.03416e-06 0.00088072 0.0460934 0.291606 0.224677 0.0713375 0.185119 0.0981211 0.0550295 0.0222084 0.00434302 0.000551519 2.97731e-05 5.3287e-07 2.62507e-09 2.9933e-12 6.53027e-16 2.35518e-20 1.29356e-25
 1.53376e-41 2.12876e-33 3.57144e-26 7.2428e-20 1.77549e-14 5.26109e-10 1.88444e-06 0.000815897 0.0427008 0.270146 0.208727 0.0785047 0.199666 0.104743 0.0666455 0.0238164 0.00385585 0.000360972 1.4894e-05 2.27219e-07 8.88783e-10 7.26881e-13 1.09987e-16 2.77428e-21 1.06789e-26
 1.46499e-41 2.03332e-33 3.41131e-26 6.91806e-20 1.69588e-14 5.02521e-10 1.79995e-06 0.000779315 0.0407863 0.258038 0.19992 0.0842494 0.204066 0.107491 0.0751732 0.025136 0.00403907 0.000310432 9.13549e-06 9.80935e-08 2.93007e-10 1.84754e-13 2.0422e-17 3.59941e-22 9.54522e-28
 1.88632e-41 2.61808e-33 4.39238e-26 8.90766e-20 2.18361e-14 6.47043e-10 2.3176e-06 0.00100344 0.0525161 0.332243 0.256195 0.0729868 0.140647 0.0734082 0.0520898 0.0161871 0.00254107 0.000175939 4.30155e-06 3.27387e-08 6.55537e-11 2.90126e-14 2.35208e-18 3.04376e-23 5.79091e-29
 1.56821e-41 2.17657e-33 3.65165e-26 7.40547e-20 1.81536e-14 5.37926e-10 1.92676e-06 0.000834222 0.0436598 0.276226 0.215129 0.102389 0.214138 0.0903537 0.0430625 0.012223 0.00186336 0.000117737 2.5553e-06 1.57573e-08 2.28138e-11 6.75955e-15 3.6606e-19 3.27349e-24 4.42949e-30
 1.27376e-41 1.76789e-33 2.966e-26 6.015e-20 1.47451e-14 4.36923e-10 1.56499e-06 0.000677585 0.0354622 0.224375 0.176619 0.113636 0.233164 0.119289 0.0779509 0.016997 0.00173362 9.28284e-05 1.77599e-06 9.22557e-09 1.06169e-11 2.32492e-15 8.7217e-20 5.21787e-25 4.71393e-31
 1.14445e-41 1.58843e-33 2.66491e-26 5.40439e-20 1.32482e-14 3.92569e-10 1.40612e-06 0.000608801 0.0318623 0.20161 0.160006 0.117389 0.227384 0.135567 0.0984784 0.0241483 0.00283476 0.000109413 1.46127e-06 6.06011e-09 5.62093e-12 9.60137e-16 2.70313e-20 1.16639e-25 7.34216e-32
 1.555e-41 2.15823e-33 3.62088e-26 7.34308e-20 1.80007e-14 5.33394e-10 1.91053e-06 0.000827193 0.043292 0.273916 0.214514 0.100575 0.165194 0.104747 0.0747437 0.0195739 0.00251185 0.000102851 1.19352e-06 3.40379e-09 2.23592e-12 2.88395e-16 6.18525e-21 2.00455e-26 9.30112e-33
 1.40572e-41 1.95104e-33 3.27328e-26 6.63814e-20 1.62726e-14 4.82187e-10 1.72712e-06 0.000747782 0.039136 0.247653 0.197477 0.135693 0.214804 0.0974067 0.0520549 0.0132753 0.00168032 7.07021e-05 8.22995e-07 2.10098e-09 1.03512e-12 9.13767e-17 1.36512e-21 3.19969e-27 1.09241e-33
 1.46106e-41 2.02786e-33 3.40215e-26 6.89949e-20 1.69133e-14 5.01171e-10 1.79511e-06 0.000777222 0.0406768 0.25741 0.205275 0.129971 0.190034 0.107794 0.0571937 0.00989597 0.00093337 3.57967e-05 3.92044e-07 9.32294e-10 4.04694e-13 2.87233e-17 3.13625e-22 5.08223e-28 1.19062e-34
 1.43909e-41 1.99736e-33 3.35099e-26 6.79575e-20 1.6659e-14 4.93636e-10 1.76812e-06 0.000765536 0.0400653 0.253571 0.204427 0.14432 0.195661 0.101758 0.0494598 0.00921833 0.000732511 1.89795e-05 1.61212e-07 3.28136e-10 1.23077e-13 7.41079e-18 6.62629e-23 8.38825e-29 1.46001e-35
 1.55598e-41 2.1596e-33 3.62318e-26 7.34773e-20 1.80121e-14 5.33731e-10 1.91174e-06 0.000827717 0.0433196 0.274178 0.220869 0.14136 0.175105 0.0952436 0.0419069 0.00669659 0.000481576 1.09528e-05 6.65159e-08 9.45151e-11 2.70608e-14 1.30431e-18 9.41091e-24 9.54471e-30 1.31201e-36
 1.50818e-41 2.09325e-33 3.51186e-26 7.12198e-20 1.74587e-14 5.17333e-10 1.853e-06 0.000802287 0.0419888 0.265811 0.217654 0.160507 0.184571 0.0891495 0.0342105 0.00499664 0.000301247 5.6216e-06 2.80204e-08 2.97726e-11 5.87857e-15 1.97707e-19 1.04365e-24 8.00983e-31 8.45226e-38
 1.55025e-41 2.15164e-33 3.60982e-26 7.32064e-20 1.79457e-14 5.31764e-10 1.90469e-06 0.000824665 0.0431601 0.27326 0.224774 0.160404 0.172715 0.0898624 0.0310326 0.00377223 0.00018922 2.89374e-06 1.13003e-08 9.29235e-12 1.384e-15 3.33675e-20 1.21705e-25 6.43788e-32 4.77546e-39
 1.55585e-41 2.15942e-33 3.62288e-26 7.34712e-20 1.80106e-14 5.33687e-10 1.91158e-06 0.000827649 0.0433164 0.274318 0.228532 0.170809 0.170222 0.0829211 0.025965 0.00296246 0.000123378 1.46868e-06 4.42868e-09 2.76234e-12 3.07038e-16 5.48402e-21 1.46389e-26 5.54953e-33 2.88704e-40
 1.59601e-41 2.21515e-33 3.71638e-26 7.53674e-20 1.84754e-14 5.47461e-10 1.96092e-06 0.000849009 0.0444345 0.281462 0.236324 0.173981 0.161798 0.0776416 0.021343 0.00208971 7.43435e-05 7.27654e-07 1.67212e-09 7.70673e-13 6.29705e-17 8.22314e-22 1.59611e-27 4.38647e-34 1.64959e-41
 1.58686e-41 2.20246e-33 3.69508e-26 7.49354e-20 1.83695e-14 5.44323e-10 1.94968e-06 0.000844143 0.0441801 0.279964 0.238999 0.18445 0.160066 0.0722896 0.017642 0.00151921 4.43763e-05 3.47614e-07 6.28073e-10 2.19054e-13 1.30701e-17 1.22799e-22 1.71084e-28 3.37476e-35 9.1022e-43
 1.36951e-41 1.90079e-33 3.18898e-26 6.46718e-20 1.58535e-14 4.69769e-10 1.68264e-06 0.000728524 0.0381298 0.241915 0.218352 0.216931 0.183508 0.0815091 0.0175871 0.00130488 3.16076e-05 1.9753e-07 2.74157e-10 7.2238e-14 3.21447e-18 2.2125e-23 2.22005e-29 3.12129e-36 5.97705e-44
 1.40372e-41 1.94828e-33 3.26864e-26 6.62874e-20 1.62496e-14 4.81504e-10 1.72467e-06 0.000746723 0.0390827 0.248042 0.223959 0.205111 0.17638 0.0881494 0.0173884 0.00111635 2.20137e-05 1.08276e-07 1.15223e-10 2.27354e-14 7.45473e-19 3.75231e-24 2.7403e-30 2.78758e-37 3.83455e-45
 1.46665e-41 2.03561e-33 3.41515e-26 6.92586e-20 1.69779e-14 5.03087e-10 1.80198e-06 0.000780195 0.0408345 0.259112 0.231916 0.202994 0.169109 0.0782765 0.0158984 0.00105778 1.91803e-05 8.11569e-08 7.19537e-11 1.16557e-14 3.11169e-19 1.26697e-24 7.44846e-31 6.08472e-38 6.71668e-46
 1.46666e-41 2.03563e-33 3.41519e-26 6.92593e-20 1.69781e-14 5.03093e-10 1.802e-06 0.000780203 0.0408349 0.259115 0.231919 0.202999 0.169195 0.0784489 0.0156999 0.00099013 1.66672e-05 6.40934e-08 5.07995e-11 7.27679e-15 1.70484e-19 6.06151e-25 3.10067e-31 2.19827e-38 2.10198e-46
#pred catch len freq
 2.55841e-27 2.57571e-27 2.22523e-26 4.1545e-20 1.01843e-14 3.01778e-10 1.08092e-06 0.000467996 0.0244932 0.154951 0.118963 0.0405744 0.225253 0.208403 0.0528048 0.0685267 0.0293837 0.0224891 0.0137445 0.010369 0.00805264 0.00688466 0.00682027 0.00599351 0.00182331
 2.55894e-27 2.57736e-27 2.37987e-26 4.48074e-20 1.0984e-14 3.25475e-10 1.1658e-06 0.000504746 0.0264166 0.167119 0.128234 0.0393488 0.209418 0.19465 0.0663124 0.102466 0.0345754 0.0140659 0.00626127 0.0035575 0.00225957 0.00165669 0.0014532 0.00127456 0.000424442
 2.55965e-27 2.57916e-27 2.52483e-26 4.78649e-20 1.17335e-14 3.47684e-10 1.24535e-06 0.000539188 0.0282191 0.178523 0.136959 0.0404375 0.211572 0.196264 0.05982 0.0874362 0.032837 0.0181666 0.00571694 0.00173948 0.000731647 0.000409938 0.000297908 0.000245007 8.43807e-05
 2.55994e-27 2.57982e-27 2.57067e-26 4.88314e-20 1.19704e-14 3.54705e-10 1.27049e-06 0.000550075 0.028789 0.182127 0.139726 0.0413431 0.21652 0.200672 0.0577683 0.0815234 0.0291435 0.0142549 0.00521187 0.00174595 0.000384148 0.000119031 6.12918e-05 4.33334e-05 1.47546e-05
 2.56149e-27 2.5839e-27 2.9182e-26 5.61623e-20 1.37675e-14 4.07956e-10 1.46123e-06 0.000632657 0.033111 0.20947 0.160604 0.0413346 0.201787 0.186904 0.0522421 0.0723051 0.02511 0.0111522 0.00375981 0.0012046 0.00030379 5.51423e-05 1.32528e-05 6.70303e-06 2.13682e-06
 2.56123e-27 2.58299e-27 2.81744e-26 5.40359e-20 1.32462e-14 3.9251e-10 1.4059e-06 0.000608703 0.0318573 0.201539 0.154579 0.043296 0.220946 0.20424 0.0491065 0.060731 0.0207011 0.00862216 0.0027558 0.000792073 0.000183973 3.46274e-05 4.55886e-06 1.02739e-06 2.72462e-07
 2.56171e-27 2.58429e-27 2.93252e-26 5.64637e-20 1.38414e-14 4.10145e-10 1.46907e-06 0.000636051 0.0332886 0.210594 0.161487 0.0428797 0.212925 0.196911 0.0491558 0.0626182 0.0201914 0.00663537 0.00200866 0.000534807 0.000111883 1.90935e-05 2.29342e-06 2.18074e-07 3.31035e-08
 2.5639e-27 2.59012e-27 3.43657e-26 6.70966e-20 1.64479e-14 4.87381e-10 1.74572e-06 0.000755829 0.0395574 0.250251 0.191761 0.0423629 0.187723 0.173427 0.0408841 0.0496576 0.0161544 0.00552324 0.00153558 0.000331526 6.32768e-05 9.67028e-06 1.03489e-06 7.03418e-08 4.26061e-09
 2.56417e-27 2.59065e-27 3.4637e-26 6.76681e-20 1.6588e-14 4.91533e-10 1.76059e-06 0.000762267 0.0398943 0.252383 0.193413 0.0438961 0.19823 0.182767 0.0360978 0.0363505 0.0115107 0.00348298 0.000965607 0.000207748 3.33341e-05 4.32607e-06 4.07868e-07 2.34668e-08 7.66253e-10
 2.5634e-27 2.58856e-27 3.27972e-26 6.37869e-20 1.56366e-14 4.6334e-10 1.65961e-06 0.000718546 0.0376061 0.237907 0.182367 0.0443661 0.209567 0.193274 0.0387892 0.0398097 0.0120366 0.00270836 0.000691159 0.000134059 2.12564e-05 2.44833e-06 1.89094e-07 9.31199e-09 2.31079e-10
 2.56289e-27 2.58726e-27 3.17196e-26 6.15139e-20 1.50794e-14 4.46829e-10 1.60047e-06 0.000692941 0.0362661 0.22943 0.175888 0.0440394 0.211633 0.195332 0.0418957 0.0463844 0.0141455 0.00335342 0.000800751 0.0001194 1.66785e-05 1.8016e-06 1.25173e-07 5.02308e-09 1.02928e-10
 2.56469e-27 2.59209e-27 3.59489e-26 7.04359e-20 1.72665e-14 5.11637e-10 1.8326e-06 0.000793445 0.0415261 0.262706 0.201283 0.0431432 0.18697 0.17248 0.0361507 0.0390404 0.0120108 0.00303067 0.000737906 0.000111749 1.31902e-05 1.14038e-06 7.1399e-08 2.54482e-09 4.2564e-11
 2.56575e-27 2.59481e-27 3.82051e-26 7.51949e-20 1.84331e-14 5.46207e-10 1.95642e-06 0.000847055 0.0443318 0.280456 0.214846 0.0437593 0.182129 0.167714 0.0298904 0.0259481 0.00782467 0.00175286 0.00042318 6.67249e-05 8.02937e-06 6.32663e-07 3.11729e-08 9.57975e-10 1.39926e-11
 2.56366e-27 2.58909e-27 3.31058e-26 6.44374e-20 1.57961e-14 4.68065e-10 1.67653e-06 0.000725874 0.0379896 0.240333 0.184239 0.0455995 0.217638 0.200421 0.0345979 0.0284319 0.00828631 0.00138188 0.000305595 4.34841e-05 5.24659e-06 4.26355e-07 1.9709e-08 4.86085e-10 5.93541e-12
 2.56185e-27 2.58432e-27 2.9025e-26 5.58292e-20 1.36859e-14 4.05537e-10 1.45256e-06 0.000628905 0.0329146 0.208227 0.159723 0.0455853 0.234754 0.21652 0.0429783 0.0434809 0.0126714 0.00203883 0.000423588 4.64434e-05 4.91384e-06 3.76565e-07 1.77712e-08 4.16269e-10 4.17542e-12
 2.56313e-27 2.58783e-27 3.21439e-26 6.24088e-20 1.52988e-14 4.5333e-10 1.62375e-06 0.000703022 0.0367936 0.232767 0.178445 0.0445548 0.213758 0.197159 0.0397957 0.0411089 0.0121464 0.00223793 0.000475205 4.86241e-05 4.381e-06 2.64445e-07 1.12981e-08 2.63197e-10 2.51821e-12
 2.56465e-27 2.59189e-27 3.56844e-26 6.98775e-20 1.71296e-14 5.07581e-10 1.81807e-06 0.000787155 0.0411969 0.260623 0.199706 0.0439786 0.194435 0.179204 0.0343674 0.0332589 0.00992433 0.00201302 0.000446636 5.20512e-05 4.74281e-06 2.52214e-07 8.47904e-09 1.69874e-10 1.5746e-12
 2.56461e-27 2.59168e-27 3.53823e-26 6.92399e-20 1.69733e-14 5.0295e-10 1.80148e-06 0.000779973 0.040821 0.258245 0.197907 0.0450275 0.203681 0.187512 0.0317797 0.0252581 0.00738659 0.00128185 0.000279313 3.51359e-05 3.47658e-06 2.02123e-07 6.27524e-09 1.00716e-10 7.78365e-13
 2.56507e-27 2.59291e-27 3.64513e-26 7.14949e-20 1.75261e-14 5.1933e-10 1.86015e-06 0.000805375 0.0421504 0.266655 0.204326 0.0448579 0.197881 0.182131 0.0303067 0.023243 0.00661712 0.000842062 0.000163084 1.76585e-05 1.73743e-06 1.10197e-07 3.76101e-09 5.87068e-11 3.73931e-13
 2.56551e-27 2.59407e-27 3.74773e-26 7.36594e-20 1.80567e-14 5.35053e-10 1.91647e-06 0.000829758 0.0434265 0.274728 0.210487 0.044611 0.191674 0.176388 0.0290101 0.0217329 0.0061793 0.000775787 0.000143488 1.1819e-05 9.7118e-07 5.56601e-08 2.00852e-09 3.44096e-11 2.2013e-13
 2.56575e-27 2.59469e-27 3.79735e-26 7.47059e-20 1.83133e-14 5.42655e-10 1.9437e-06 0.000841547 0.0440435 0.278632 0.213472 0.0448835 0.19165 0.176264 0.0271403 0.0175011 0.00492082 0.000545443 9.58146e-05 7.57326e-06 5.4376e-07 2.35078e-08 7.26668e-10 1.25027e-11 8.68673e-14
 2.56595e-27 2.59524e-27 3.84747e-26 7.57632e-20 1.85724e-14 5.50334e-10 1.97121e-06 0.000853457 0.0446669 0.282575 0.216478 0.0445872 0.187283 0.172271 0.0271001 0.0184118 0.00515508 0.000522209 8.71117e-05 6.24148e-06 4.19686e-07 1.65482e-08 4.0064e-10 5.54034e-12 3.69374e-14
 2.56689e-27 2.59778e-27 4.07121e-26 8.04833e-20 1.97295e-14 5.84621e-10 2.09401e-06 0.000906628 0.0474496 0.30018 0.229911 0.044022 0.173544 0.159564 0.0243296 0.0152965 0.00427867 0.000438245 7.28047e-05 4.78422e-06 2.94699e-07 1.04602e-08 2.31498e-10 2.61072e-12 1.36673e-14
 2.56718e-27 2.59855e-27 4.13595e-26 8.18488e-20 2.00643e-14 5.9454e-10 2.12954e-06 0.00092201 0.0482547 0.305273 0.233802 0.0441032 0.171428 0.157544 0.0227443 0.0121918 0.00337622 0.000307628 4.81577e-05 3.15569e-06 1.88798e-07 6.041e-09 1.20034e-10 1.21287e-12 5.33205e-15
 2.56722e-27 2.59864e-27 4.144e-26 8.20187e-20 2.01059e-14 5.95773e-10 2.13396e-06 0.000923923 0.0483548 0.305906 0.234285 0.0440901 0.170989 0.157137 0.0226362 0.0120469 0.00331761 0.000269926 3.90705e-05 2.32322e-06 1.29799e-07 4.08669e-09 7.56715e-11 6.8005e-13 2.65623e-15
 2.56721e-27 2.5986e-27 4.13828e-26 8.18979e-20 2.00763e-14 5.94896e-10 2.13082e-06 0.000922563 0.0482836 0.305456 0.233945 0.044312 0.172917 0.158865 0.022031 0.0102333 0.00279662 0.000207542 2.78381e-05 1.4763e-06 7.27113e-08 2.04974e-09 3.6109e-11 3.08563e-13 1.08413e-15
 2.56685e-27 2.59763e-27 4.05254e-26 8.00893e-20 1.96329e-14 5.81758e-10 2.08376e-06 0.000902189 0.0472173 0.29871 0.228798 0.0445528 0.178365 0.163899 0.0230231 0.0112267 0.00306397 0.000211954 2.66651e-05 1.31369e-06 5.83186e-08 1.42749e-09 2.20811e-11 1.72552e-13 5.76143e-16
 2.56701e-27 2.59806e-27 4.09119e-26 8.09045e-20 1.98328e-14 5.8768e-10 2.10497e-06 0.000911372 0.0476979 0.30175 0.231117 0.0443825 0.17544 0.161212 0.0227819 0.011353 0.00310306 0.00021963 2.80614e-05 1.30398e-06 5.30483e-08 1.17456e-09 1.59546e-11 1.07046e-13 3.1934e-16
 2.56629e-27 2.5961e-27 3.91608e-26 7.72104e-20 1.89272e-14 5.60847e-10 2.00886e-06 0.000869759 0.0455201 0.287973 0.220607 0.0450453 0.187868 0.172649 0.0242273 0.0117695 0.00321378 0.000225977 2.87411e-05 1.35385e-06 5.5248e-08 1.13336e-09 1.39333e-11 8.2194e-14 2.10936e-16
#obs catch len freq
 6.00445e-42 8.33378e-34 1.39816e-26 2.83545e-20 6.95077e-15 2.05964e-10 7.37729e-07 0.000319411 0.0167167 0.105756 0.0815237 0.0424964 0.227532 0.192042 0.131388 0.126851 0.0516593 0.0191935 0.00403156 0.000467103 2.21061e-05 3.13189e-07 1.00051e-09 5.86397e-13 5.51635e-17
 6.84624e-42 9.50213e-34 1.59418e-26 3.23296e-20 7.92523e-15 2.34839e-10 8.41156e-07 0.000364191 0.0190603 0.120583 0.0929561 0.0462024 0.230092 0.184756 0.129148 0.114308 0.0444634 0.0149696 0.00280688 0.000279055 1.07678e-05 1.17675e-07 2.78671e-10 1.18264e-13 7.94394e-18
 1.03408e-41 1.43523e-33 2.4079e-26 4.88318e-20 1.19705e-14 3.54709e-10 1.27051e-06 0.000550087 0.0287894 0.182131 0.140023 0.048193 0.202128 0.154244 0.110024 0.0890511 0.0330706 0.0100069 0.00164527 0.000137268 4.25535e-06 3.57372e-08 6.27234e-11 1.92714e-14 9.24786e-19
 8.84782e-42 1.22802e-33 2.06026e-26 4.17816e-20 1.02423e-14 3.03497e-10 1.08708e-06 0.000470667 0.0246328 0.155837 0.12028 0.0600898 0.262115 0.182886 0.095443 0.0671684 0.0236853 0.00641098 0.000916221 6.29842e-05 1.53734e-06 9.80627e-09 1.27219e-11 2.83289e-15 9.72544e-20
 1.22253e-41 1.6968e-33 2.84673e-26 5.77311e-20 1.41521e-14 4.19353e-10 1.50205e-06 0.000650337 0.034036 0.215324 0.165602 0.0540088 0.193211 0.135498 0.109702 0.0699669 0.0176456 0.00385608 0.000470985 2.63497e-05 4.98116e-07 2.37588e-09 2.25702e-12 3.63148e-16 8.92407e-21
 1.28776e-41 1.78732e-33 2.9986e-26 6.0811e-20 1.49071e-14 4.41725e-10 1.58219e-06 0.000685032 0.0358518 0.226812 0.174693 0.0637338 0.220447 0.137718 0.0764511 0.0458514 0.0148052 0.00270866 0.000230449 9.93192e-06 1.43544e-07 5.06008e-10 3.48069e-13 4.01381e-17 7.0302e-22
 1.16817e-41 1.62134e-33 2.72013e-26 5.51637e-20 1.35227e-14 4.00703e-10 1.43525e-06 0.000621416 0.0325224 0.205751 0.158896 0.0696512 0.236013 0.143353 0.0932668 0.0471902 0.0107033 0.00187399 0.000151064 4.54178e-06 4.59478e-08 1.17275e-10 5.79196e-14 4.74961e-18 5.88799e-23
 1.45515e-41 2.01966e-33 3.3884e-26 6.8716e-20 1.68449e-14 4.99146e-10 1.78786e-06 0.000774081 0.0405123 0.256297 0.197411 0.0645052 0.183916 0.112122 0.0899162 0.0431738 0.00995242 0.001333 8.31249e-05 2.14443e-06 1.55382e-08 2.65771e-11 9.07916e-15 5.23241e-19 4.56322e-24
 1.67859e-41 2.32977e-33 3.90868e-26 7.92672e-20 1.94314e-14 5.75789e-10 2.06238e-06 0.00089294 0.0467329 0.295652 0.227678 0.0688339 0.175026 0.0944827 0.0575988 0.0258411 0.00641762 0.000800825 4.02206e-05 7.52402e-07 4.17524e-09 5.15886e-12 1.18417e-15 4.57582e-20 2.73313e-25
 1.6434e-41 2.28093e-33 3.82674e-26 7.76055e-20 1.90241e-14 5.63718e-10 2.01915e-06 0.000874221 0.0457532 0.289457 0.223397 0.0771841 0.19047 0.0959165 0.0533947 0.0195067 0.00361411 0.000410709 1.9159e-05 2.84297e-07 1.12139e-09 9.89204e-13 1.62598e-16 4.3433e-21 1.74596e-26
 1.55815e-41 2.16261e-33 3.62823e-26 7.35798e-20 1.80372e-14 5.34476e-10 1.91441e-06 0.000828872 0.0433799 0.274445 0.212411 0.0839755 0.199371 0.100076 0.0622172 0.0200031 0.00302967 0.000251634 9.03419e-06 1.13519e-07 3.51323e-10 2.21037e-13 2.51654e-17 4.69657e-22 1.32241e-27
 1.5199e-41 2.10952e-33 3.53916e-26 7.17733e-20 1.75944e-14 5.21354e-10 1.86741e-06 0.000808522 0.0423148 0.267711 0.207738 0.0891602 0.199208 0.101175 0.0680762 0.020548 0.0030481 0.000204534 5.18372e-06 4.59162e-08 1.08397e-10 5.22723e-14 4.33062e-18 5.64113e-23 1.09394e-28
 1.93205e-41 2.68156e-33 4.49888e-26 9.12363e-20 2.23655e-14 6.62731e-10 2.37379e-06 0.00102777 0.0537895 0.340301 0.262683 0.0762139 0.135813 0.0687331 0.0463883 0.0130586 0.00187466 0.000112539 2.3309e-06 1.44746e-08 2.28858e-11 7.74887e-15 4.69849e-19 4.48365e-24 6.23338e-30
 1.62271e-41 2.25221e-33 3.77855e-26 7.66282e-20 1.87845e-14 5.56619e-10 1.99372e-06 0.000863212 0.0451771 0.285831 0.223069 0.107351 0.205811 0.0827849 0.0378824 0.00980053 0.00135294 7.37904e-05 1.34247e-06 6.67613e-09 7.56621e-12 1.71121e-15 6.93177e-20 4.56729e-25 4.50856e-31
 1.33697e-41 1.85563e-33 3.11321e-26 6.31352e-20 1.54768e-14 4.58607e-10 1.64266e-06 0.000711214 0.0372221 0.235518 0.185948 0.119976 0.225451 0.112529 0.0680894 0.0132593 0.00123589 5.73126e-05 9.11788e-07 3.78926e-09 3.38682e-12 5.63097e-16 1.5771e-20 6.95339e-26 4.58353e-32
 1.21452e-41 1.68567e-33 2.82806e-26 5.73525e-20 1.40593e-14 4.16602e-10 1.4922e-06 0.000646072 0.0338129 0.213961 0.170398 0.124164 0.220374 0.129606 0.085902 0.0190968 0.00197352 6.48546e-05 7.25294e-07 2.40185e-09 1.72019e-12 2.22003e-16 4.65129e-21 1.47728e-26 6.78826e-33
 1.63149e-41 2.2644e-33 3.799e-26 7.7043e-20 1.88862e-14 5.59632e-10 2.00451e-06 0.000867884 0.0454216 0.287398 0.225533 0.104447 0.157126 0.0984407 0.0637544 0.0152433 0.00170655 5.88772e-05 5.57418e-07 1.26376e-09 6.41809e-13 6.23857e-17 9.9256e-22 2.36232e-27 7.99216e-34
 1.48379e-41 2.05941e-33 3.45508e-26 7.00684e-20 1.71764e-14 5.08969e-10 1.82304e-06 0.000789315 0.0413097 0.261421 0.209111 0.140342 0.202357 0.0892837 0.0439655 0.0102496 0.00112857 3.98623e-05 3.74173e-07 7.47947e-10 2.8234e-13 1.87618e-17 2.07746e-22 3.56804e-28 8.86263e-35
 1.54424e-41 2.1433e-33 3.59583e-26 7.29226e-20 1.78761e-14 5.29702e-10 1.89731e-06 0.000821469 0.0429925 0.272079 0.217588 0.133732 0.178731 0.0990938 0.0469742 0.00735421 0.000612485 1.97067e-05 1.73076e-07 3.19583e-10 1.05344e-13 5.59313e-18 4.51751e-23 5.3651e-29 9.13952e-36
 1.52505e-41 2.11667e-33 3.55115e-26 7.20167e-20 1.7654e-14 5.23122e-10 1.87374e-06 0.000811263 0.0424585 0.268737 0.21733 0.147688 0.182821 0.092498 0.0404173 0.00676583 0.000460561 1.00307e-05 6.86788e-08 1.08127e-10 3.06185e-14 1.37138e-18 9.03185e-24 8.36266e-30 1.05878e-36
 1.64439e-41 2.2823e-33 3.82903e-26 7.7652e-20 1.90355e-14 5.64056e-10 2.02036e-06 0.000874745 0.0457809 0.289778 0.234052 0.143282 0.162243 0.0854144 0.033476 0.0047965 0.000295169 5.53729e-06 2.684e-08 2.95652e-11 6.3841e-15 2.28022e-19 1.20694e-24 8.92239e-31 8.89919e-38
 1.59755e-41 2.2173e-33 3.71998e-26 7.54404e-20 1.84933e-14 5.47991e-10 1.96281e-06 0.000849831 0.0444771 0.281594 0.231273 0.161952 0.1701 0.0790255 0.027032 0.00351167 0.000179664 2.75705e-06 1.0873e-08 8.88086e-12 1.32033e-15 3.28898e-20 1.27061e-25 7.0844e-32 5.40715e-39
 1.64164e-41 2.27849e-33 3.82264e-26 7.75223e-20 1.90037e-14 5.63114e-10 2.01698e-06 0.000873284 0.0457047 0.289406 0.238706 0.160909 0.158796 0.0788592 0.0240459 0.00258638 0.000109637 1.3678e-06 4.20475e-09 2.64644e-12 2.95498e-16 5.26672e-21 1.40574e-26 5.3988e-33 2.89057e-40
 1.64815e-41 2.28753e-33 3.8378e-26 7.78299e-20 1.90791e-14 5.65348e-10 2.02498e-06 0.000876748 0.0458862 0.290636 0.242767 0.170347 0.15562 0.0719109 0.0198959 0.00198777 6.92225e-05 6.68958e-07 1.58045e-09 7.51412e-13 6.24354e-17 8.22439e-22 1.6041e-27 4.41446e-34 1.65907e-41
 1.68846e-41 2.34347e-33 3.93165e-26 7.97331e-20 1.95456e-14 5.79173e-10 2.0745e-06 0.000898188 0.0470086 0.297819 0.250647 0.172457 0.147259 0.0664404 0.0160576 0.00136999 4.05292e-05 3.1904e-07 5.71144e-10 2.00043e-13 1.21876e-17 1.17141e-22 1.65874e-28 3.30494e-35 8.97019e-43
 1.67959e-41 2.33116e-33 3.911e-26 7.93143e-20 1.9443e-14 5.76131e-10 2.06361e-06 0.000893471 0.0467621 0.296392 0.253579 0.182005 0.145121 0.0611602 0.013089 0.000973418 2.34894e-05 1.47233e-07 2.06089e-10 5.43882e-14 2.41428e-18 1.66709e-23 1.6921e-29 2.41698e-36 4.70043e-44
 1.46524e-41 2.03365e-33 3.41188e-26 6.91922e-20 1.69617e-14 5.02605e-10 1.80025e-06 0.000779446 0.0407955 0.258923 0.234251 0.214889 0.167694 0.0688527 0.0129707 0.000825274 1.64075e-05 8.15072e-08 8.72499e-11 1.73367e-14 5.72401e-19 2.89097e-24 2.1119e-30 2.14913e-37 2.96574e-45
 1.50154e-41 2.08404e-33 3.49641e-26 7.09066e-20 1.73819e-14 5.15058e-10 1.84485e-06 0.000798759 0.0418059 0.265229 0.235345 0.197011 0.166683 0.0780312 0.0142548 0.000825545 1.42823e-05 6.02091e-08 5.38099e-11 8.79109e-15 2.36217e-19 9.67438e-25 5.7201e-31 4.69476e-38 5.19747e-46
 1.56304e-41 2.1694e-33 3.63961e-26 7.38106e-20 1.80938e-14 5.36152e-10 1.92041e-06 0.000831472 0.043518 0.276046 0.243012 0.193794 0.157277 0.0706892 0.0139462 0.000869394 1.45264e-05 5.55382e-08 4.38363e-11 6.26126e-15 1.46391e-19 5.19713e-25 2.65555e-31 1.88106e-38 1.79744e-46
#spawning biomass
 17868.2 18003.7 19810.4 22193.1 26090.1 30425.7 33891.6 43685.8 59192.5 76793 95776.1 118942 155755 186266 181053 142643 146352 146272 138776 141074 133639 139369 148868 163556 182819 182632 182777 177143 170397 191803 197502 126678 66641.9 39572.2 29515.3 26086.2 24977.2 24631.5 24526.5 24495.3 24486.1 24483.5 24482.7 24482.5 24482.4 24482.4 24482.4 24482.4 24482.4 24482.4 24482.4 24482.4 24482.4 24482.4 24482.4 24482.4 24482.4 24482.4 24482.4 24482.4 24482.4 24482.4 24482.4 24482.4 24482.4 24482.4 24482.4 24482.4 24482.4 24482.4 24482.4 24482.4 24482.4 24482.4 24482.4 24482.4 24482.4 24482.4 24482.4 24482.4 24482.4 24482.4 24482.4 24482.4 24482.4 24482.4 24482.4 24482.4 24482.4 24482.4 24482.4 24482.4 24482.4 24482.4 24482.4 24482.4 24482.4 24482.4 24482.4 24482.4 24482.4 24482.4 24482.4 24482.4 24482.4 24482.4 24482.4 24482.4 24482.4 24482.4 24482.4 24482.4 24482.4 24482.4 24482.4 24482.4 24482.4 24482.4 24482.4 24482.4 24482.4 24482.4 24482.4 24482.4 24482.4 24482.4 24482.4 24482.4 24482.4 0 0 0 0 0 0 0 0 0 0 0 0 0 0 0 0 0 0 0 0 0 0 0 0 0
