SBPRF35
0.256306
Curr Bio
158149
B35
196995
F35
0.394622
FOFL
0.273638
OFL
39719.2
Bzero
73230.3
#pred survey bio
 32886.9 26042.7 19254.4 16766 25998.1 38740.5 51899.3 61186 81972.3 105668 135134 180307 202443 213843 225418 207935 199795 192593 200434 220128 213779 202344 221186 232544 269833 263202 255720 244845 231989 7.46486e+06 4.24681e+06 3.13493e+06 2.18255e+06 1.55392e+06 1.18465e+06 980034 869542 810134 777846 759919 749685 743664 740014 737742 736293 735360 734750 734348 734080 733901 733781 733701 733646 733610 733585 733568 733557 733549 733544 733540 733538 733536 733535 733534 733534 733534 733533 733533 733533 733533 733533 733533 733533 733533 733533 733533 733533 733533 733533 733533 733533 733533 733533 733533 733533 733533 733533 733533 733533 733533 733533 733533 733533 733533 733533 733533 733533 733533 733533 733533 733533 733533 733533 733533 733533 733533 733533 733533 733533 733533 733533 733533 733533 733533 733533 733533 733533 733533 733533 733533 733533 733533 733533 733533 733533 733533 733533 733533 733533 0 0 0 0 0 0 0 0 0 0 0 0 0 0 0 0 0 0 0 0 0 0 0 0 0
#obs survey bio
 33788.1 15133.7 20565 23761.6 31796.3 39954.5 57168.2 61953.6 81756.5 120544 189260 259053 150558 229446 199800 158069 208692 169238 225922 235650 256170 158992 271085 226107 266305 298060 154411 323881 255483
#pred catch bio
 7158.55 5206.07 3647.57 2799.79 6307.24 8846.68 14713.7 15939.7 25910.8 36810.2 39984.6 68810.4 84061.1 80071.1 99639.6 94518.1 86831.4 74949.8 72293.1 93139.6 97483.8 82325.7 94043.8 83533.2 112533 102758 106711 109750 114268 39719.2 53553.3 38292.4 25639.5 17601.6 13094.1 10742.1 9568.69 8999.99 8729.62 8602.75 8543.73 8516.44 8503.88 8498.11 8495.47 8494.26 8493.71 8493.46 8493.35 8493.29 8493.27 8493.26 8493.25 8493.25 8493.25 8493.25 8493.25 8493.25 8493.25 8493.25 8493.25 8493.25 8493.25 8493.25 8493.25 8493.25 8493.25 8493.25 8493.25 8493.25 8493.25 8493.25 8493.25 8493.25 8493.25 8493.25 8493.25 8493.25 8493.25 8493.25 8493.25 8493.25 8493.25 8493.25 8493.25 8493.25 8493.25 8493.25 8493.25 8493.25 8493.25 8493.25 8493.25 8493.25 8493.25 8493.25 8493.25 8493.25 8493.25 8493.25 8493.25 8493.25 8493.25 8493.25 8493.25 8493.25 8493.25 8493.25 8493.25 8493.25 8493.25 8493.25 8493.25 8493.25 8493.25 8493.25 8493.25 8493.25 8493.25 8493.25 8493.25 8493.25 8493.25 8493.25 8493.25 8493.25 8493.25 8493.25 8493.25 0 0 0 0 0 0 0 0 0 0 0 0 0 0 0 0 0 0 0 0 0 0 0 0 0
#obs catch bio
 3888.05 5461.82 3797.28 2782.69 6249.99 8681.4 14662.8 15112.6 25055.5 36172.7 37444.8 62923.2 80998.3 73273.5 96118.7 96903.9 87958.1 77263.4 73302.4 94044.4 98857.9 83107.9 93660.3 82945 112453 100899 109916 109276 114818
#pred cpue bio
 31845 25659.7 19071.5 16023.2 23518.6 35732.5 48602.6 57262.3 75701.2 97412.8 124012 166793 187288 197648 210743 193386 184443 179346 186428 204718 198856 187114 203945 214778 250058 245618 239789 227705 214868 6.86719e+06 4.2004e+06 3.10216e+06 2.15003e+06 1.5214e+06 1.15212e+06 947513 837021 777613 745325 727398 717164 711143 707493 705221 703772 702839 702229 701827 701559 701380 701260 701180 701125 701089 701064 701047 701036 701028 701023 701019 701017 701015 701014 701014 701013 701013 701012 701012 701012 701012 701012 701012 701012 701012 701012 701012 701012 701012 701012 701012 701012 701012 701012 701012 701012 701012 701012 701012 701012 701012 701012 701012 701012 701012 701012 701012 701012 701012 701012 701012 701012 701012 701012 701012 701012 701012 701012 701012 701012 701012 701012 701012 701012 701012 701012 701012 701012 701012 701012 701012 701012 701012 701012 701012 701012 701012 701012 701012 701012 0 0 0 0 0 0 0 0 0 0 0 0 0 0 0 0 0 0 0 0 0 0 0 0 0
#obs cpue bio
 20921.5 18639.9 15044.5 17774 32081.3 31160.9 44768.6 94949.3 73756.8 86333.9 138157 191766 217336 322089 211930 184162 176399 155308 161708 209781 159031 209123 200152 196576 293724 229584 288896 208951 185326
#pred surv len freq
 2.32441e-11 1.09329e-09 3.56077e-08 8.03043e-07 1.25407e-05 0.00013561 0.00101546 0.00526587 0.0189172 0.0471426 0.0819288 0.101339 0.0958077 0.0829883 0.0798246 0.0807347 0.0761396 0.0678322 0.0595834 0.0515033 0.0438204 0.0371763 0.0308257 0.0232969 0.0147089
 1.17324e-11 5.51836e-10 1.7973e-08 4.05335e-07 6.32993e-06 6.84507e-05 0.000512597 0.00265886 0.00956152 0.0239245 0.0422389 0.0553537 0.0622329 0.0739523 0.0930804 0.1053 0.102258 0.0917491 0.0811285 0.0704273 0.05908 0.0478588 0.0369807 0.026044 0.0155822
 9.13087e-12 4.29472e-10 1.39876e-08 3.15456e-07 4.92632e-06 5.32719e-05 0.000398918 0.00206895 0.00743661 0.0185727 0.0325536 0.0415806 0.0436282 0.0473003 0.0590704 0.075541 0.0921047 0.105434 0.109635 0.102175 0.0872635 0.0697215 0.0517089 0.0343588 0.0193892
 3.27754e-11 1.5416e-09 5.02089e-08 1.13234e-06 1.7683e-05 0.000191216 0.0014318 0.00742398 0.0266574 0.0663066 0.114381 0.137467 0.11721 0.075859 0.0455683 0.0344838 0.0351618 0.0419627 0.051352 0.0583536 0.058465 0.0508853 0.03843 0.0249211 0.0134696
 4.42875e-11 2.08307e-09 6.78443e-08 1.53006e-06 2.3894e-05 0.00025838 0.00193472 0.0100317 0.0360228 0.089618 0.154704 0.186445 0.160575 0.107022 0.0666454 0.0457169 0.0317395 0.0206599 0.0150186 0.0145256 0.0158671 0.015874 0.0133165 0.00907462 0.00492565
 3.62868e-11 1.70676e-09 5.55879e-08 1.25365e-06 1.95775e-05 0.000211704 0.00158524 0.00822021 0.0295257 0.0735332 0.127474 0.156167 0.142753 0.113232 0.095366 0.083504 0.0638184 0.0402495 0.0225609 0.0128687 0.00866807 0.00716475 0.00609826 0.00444144 0.00253692
 3.22975e-11 1.51912e-09 4.94767e-08 1.11582e-06 1.74252e-05 0.00018843 0.00141097 0.00731662 0.0262815 0.0654667 0.113581 0.139577 0.129016 0.105583 0.0939025 0.0883987 0.0759899 0.0580112 0.0403223 0.0251029 0.013865 0.00739179 0.00433638 0.00271514 0.00152485
 3.32665e-11 1.5647e-09 5.09611e-08 1.1493e-06 1.7948e-05 0.000194082 0.00145329 0.00753595 0.0270674 0.0674045 0.116809 0.142912 0.130085 0.102352 0.0865239 0.0796603 0.0695047 0.0560123 0.0430132 0.0307329 0.0194374 0.0106621 0.0051924 0.00237871 0.00104975
 3.72767e-11 1.75332e-09 5.71044e-08 1.28785e-06 2.01116e-05 0.000217478 0.00162847 0.00844411 0.0303263 0.0754903 0.130618 0.158851 0.141508 0.104822 0.0806039 0.0690322 0.0576478 0.0449351 0.034155 0.0252483 0.0172809 0.0104651 0.00543049 0.00238268 0.00089141
 3.70608e-11 1.74316e-09 5.67737e-08 1.28039e-06 1.99951e-05 0.000216219 0.00161904 0.00839533 0.0301524 0.0750703 0.129979 0.158485 0.142495 0.108255 0.0862261 0.0744739 0.0600104 0.0433255 0.0300483 0.0208073 0.0139663 0.00867498 0.00475368 0.00219597 0.000828094
 3.80972e-11 1.79191e-09 5.83614e-08 1.31619e-06 2.05543e-05 0.000222266 0.00166431 0.00863003 0.0309945 0.0771586 0.133538 0.162557 0.1453 0.108611 0.0844711 0.072087 0.0583409 0.0425027 0.0292156 0.0193289 0.0120858 0.00705758 0.00377034 0.0017604 0.00068181
 3.57822e-11 1.68302e-09 5.4815e-08 1.23621e-06 1.93053e-05 0.00020876 0.00156319 0.00810581 0.0291138 0.0724967 0.125606 0.153545 0.139318 0.108523 0.0897745 0.0796602 0.0650533 0.04718 0.0322276 0.0211999 0.0130462 0.00734026 0.00372441 0.00166352 0.000630064
 3.59829e-11 1.69246e-09 5.51225e-08 1.24315e-06 1.94136e-05 0.000209931 0.00157196 0.00815122 0.0292762 0.0728952 0.126255 0.154144 0.139243 0.107222 0.0874159 0.0773902 0.0641737 0.0479417 0.0337761 0.0225901 0.0139062 0.00773135 0.00383052 0.00165247 0.000602288
 3.6226e-11 1.7039e-09 5.54948e-08 1.25155e-06 1.95447e-05 0.000211349 0.00158257 0.00820627 0.0294739 0.0733866 0.127101 0.155153 0.140076 0.107671 0.0874461 0.0769494 0.0632064 0.046676 0.0327374 0.0221316 0.0139099 0.00787191 0.00391882 0.00167322 0.000596502
 3.28105e-11 1.54325e-09 5.02626e-08 1.13355e-06 1.7702e-05 0.000191423 0.00143338 0.00743283 0.0266988 0.0665045 0.115371 0.141725 0.130819 0.106587 0.093877 0.0868895 0.0727017 0.0539972 0.0378653 0.0255041 0.0160033 0.00910762 0.0045869 0.00197894 0.00070721
 3.48906e-11 1.64109e-09 5.34492e-08 1.20541e-06 1.88242e-05 0.000203558 0.00152424 0.0079038 0.0283878 0.0706852 0.122442 0.149558 0.135336 0.104763 0.0863096 0.0775993 0.0659905 0.0512776 0.037799 0.0262919 0.0167123 0.00954268 0.00481586 0.00208737 0.000750846
 3.67806e-11 1.72999e-09 5.63445e-08 1.27071e-06 1.98439e-05 0.000214584 0.0016068 0.00833186 0.0299243 0.0745017 0.128989 0.157253 0.14131 0.107229 0.0854068 0.0741951 0.0607468 0.0450864 0.0321695 0.0224459 0.0147069 0.00868942 0.00448916 0.00196949 0.000712931
 3.39215e-11 1.59551e-09 5.19646e-08 1.17193e-06 1.83014e-05 0.000197904 0.00148191 0.00768445 0.0276019 0.0687472 0.119214 0.146221 0.134244 0.107852 0.093106 0.0847589 0.0697482 0.050648 0.0347264 0.0231795 0.0146998 0.00860305 0.00450074 0.00201931 0.000746213
 3.47293e-11 1.6335e-09 5.3202e-08 1.19984e-06 1.87372e-05 0.000202617 0.00151719 0.00786729 0.028257 0.0703625 0.121904 0.148999 0.135144 0.105267 0.0874739 0.078958 0.0669691 0.0515783 0.0374638 0.0255811 0.01598 0.00905117 0.00460428 0.00204208 0.000757779
 3.47933e-11 1.63651e-09 5.33001e-08 1.20205e-06 1.87717e-05 0.00020299 0.00151999 0.0078818 0.0283092 0.0704936 0.122138 0.14932 0.135537 0.10574 0.0878864 0.0788638 0.0659804 0.0500419 0.0363712 0.0255262 0.0166041 0.00967699 0.00493963 0.0021592 0.000787618
 3.46349e-11 1.62906e-09 5.30574e-08 1.19658e-06 1.86863e-05 0.000202066 0.00151307 0.00784593 0.0281807 0.0701766 0.12161 0.148769 0.135344 0.10622 0.0889871 0.0800964 0.0667453 0.0500595 0.0357967 0.0247855 0.0161039 0.00952829 0.00498155 0.00222014 0.000815458
 3.6297e-11 1.70724e-09 5.56037e-08 1.254e-06 1.9583e-05 0.000211763 0.00158568 0.00822234 0.0295313 0.0735265 0.127323 0.155324 0.139915 0.106904 0.086125 0.075603 0.0624613 0.0467014 0.0332435 0.0228111 0.0146439 0.00858543 0.00448814 0.00201969 0.000752518
 3.69001e-11 1.7356e-09 5.65275e-08 1.27483e-06 1.99084e-05 0.000215281 0.00161202 0.00835893 0.0300217 0.0747456 0.129421 0.157827 0.141978 0.108047 0.0864021 0.0751409 0.0612493 0.0448763 0.0312506 0.0211076 0.013412 0.00779177 0.00403863 0.00180831 0.000674294
 3.62684e-11 1.70589e-09 5.55599e-08 1.25301e-06 1.95676e-05 0.000211596 0.00158443 0.00821591 0.0295088 0.0734756 0.127271 0.155431 0.140553 0.108493 0.0885808 0.0779731 0.0635559 0.046147 0.0316129 0.0209088 0.0129926 0.00739766 0.00377515 0.00167185 0.000618984
 3.54588e-11 1.66781e-09 5.43196e-08 1.22504e-06 1.91308e-05 0.000206873 0.00154906 0.00803254 0.0288505 0.0718402 0.124463 0.152119 0.13794 0.107313 0.0887715 0.0792174 0.06566 0.0488038 0.0341941 0.0228178 0.0140745 0.00787007 0.00392988 0.00170585 0.000621712
 3.34516e-11 1.5734e-09 5.12447e-08 1.15569e-06 1.80479e-05 0.000195163 0.00146138 0.00757799 0.0272195 0.0677946 0.117561 0.144192 0.132384 0.106408 0.0921035 0.0845138 0.0707666 0.0529138 0.0374494 0.0253948 0.0159381 0.00900532 0.00448832 0.00192406 0.00068919
 3.23044e-11 1.51944e-09 4.94873e-08 1.11606e-06 1.74289e-05 0.00018847 0.00141126 0.00731814 0.0262864 0.0654738 0.113558 0.139384 0.128305 0.103889 0.0910677 0.0849357 0.0729301 0.056623 0.0416916 0.0290848 0.0186005 0.0106771 0.00539358 0.00232953 0.000833781
 3.51451e-11 1.65306e-09 5.3839e-08 1.2142e-06 1.89615e-05 0.000205042 0.00153535 0.0079614 0.0285943 0.0711952 0.123298 0.150472 0.135738 0.104178 0.0847326 0.0755373 0.0641175 0.0501202 0.0376604 0.0271078 0.0179833 0.0106817 0.00554103 0.00243827 0.000883306
 3.58894e-11 1.68806e-09 5.49791e-08 1.23992e-06 1.93631e-05 0.000209385 0.00156787 0.00813003 0.0292002 0.0727065 0.125933 0.15377 0.138964 0.107092 0.0872615 0.0768298 0.0629527 0.0464413 0.0329475 0.0230666 0.0153816 0.00937147 0.00502402 0.00228161 0.000847964
#obs surv len freq
 2.37624e-11 1.11767e-09 3.64018e-08 8.20952e-07 1.28204e-05 0.000138635 0.0010381 0.0053832 0.0193377 0.0481799 0.0836593 0.103142 0.0964439 0.0814245 0.0762139 0.0766658 0.0736758 0.0682967 0.0631613 0.0571302 0.0491426 0.0395031 0.0289579 0.0185838 0.00990842
 8.61136e-16 4.05758e-14 1.33085e-12 3.08495e-11 5.33575e-10 7.99545e-09 1.26063e-07 2.01693e-06 2.66858e-05 0.000258433 0.00175984 0.00834256 0.0275227 0.0635608 0.104476 0.12731 0.125185 0.112449 0.100881 0.0906263 0.0789811 0.0646083 0.0476883 0.0303737 0.0159477
 1.21801e-11 5.72892e-10 1.86587e-08 4.20801e-07 6.5714e-06 7.106e-05 0.000532082 0.00275879 0.00990479 0.0246241 0.0423935 0.0505811 0.0421554 0.0265182 0.0206231 0.0354121 0.0691521 0.105339 0.124378 0.121998 0.107338 0.0877152 0.0650652 0.0416214 0.0218119
 5.1144e-11 2.40557e-09 7.83477e-08 1.76694e-06 2.75933e-05 0.000298381 0.00223422 0.0115843 0.0415918 0.103413 0.178107 0.212717 0.176921 0.104173 0.0460871 0.0182529 0.00904647 0.00794922 0.0111365 0.0156072 0.017967 0.0168217 0.0131016 0.00849431 0.00446602
 3.56641e-11 1.67747e-09 5.46341e-08 1.23214e-06 1.92416e-05 0.000208071 0.00155805 0.00807938 0.0290223 0.0723019 0.125494 0.154466 0.143485 0.118344 0.104123 0.0913828 0.0657407 0.0355728 0.0154241 0.00766289 0.00663412 0.00704132 0.00638976 0.00454983 0.00249882
 3.85187e-11 1.81173e-09 5.9007e-08 1.33076e-06 2.07817e-05 0.000224724 0.00168272 0.00872541 0.0313362 0.0779998 0.134931 0.163961 0.145637 0.107069 0.0816538 0.0703273 0.0597817 0.0462948 0.031873 0.0186104 0.00920334 0.00459268 0.00290338 0.00200488 0.00116523
 2.52384e-11 1.18709e-09 3.86628e-08 8.71946e-07 1.36167e-05 0.000147247 0.00110261 0.00571815 0.0205471 0.0512539 0.089412 0.112178 0.111021 0.10576 0.110336 0.110598 0.0937888 0.0690373 0.0482493 0.0325702 0.0198805 0.0104266 0.00481693 0.00216132 0.000980794
 4.18972e-11 1.97064e-09 6.41825e-08 1.44748e-06 2.26044e-05 0.000244434 0.00183029 0.00949029 0.0340785 0.0847799 0.146346 0.176354 0.151887 0.101599 0.0652682 0.0504393 0.0449698 0.0405132 0.034079 0.0253459 0.0163919 0.00925538 0.00452451 0.00189296 0.000685337
 3.56114e-11 1.67499e-09 5.45533e-08 1.23031e-06 1.92131e-05 0.000207763 0.00155573 0.00806721 0.0289763 0.0721646 0.125102 0.153263 0.140105 0.111147 0.093662 0.082239 0.0637078 0.0424181 0.0275818 0.0194441 0.0138644 0.00886384 0.00476113 0.00209742 0.000751106
 4.00733e-11 1.88485e-09 6.13884e-08 1.38446e-06 2.16204e-05 0.000233794 0.00175063 0.00907747 0.0325996 0.0811347 0.140287 0.17015 0.150087 0.108011 0.0790764 0.0652168 0.0533013 0.0400559 0.028 0.0181628 0.0109483 0.00629078 0.00339067 0.00159362 0.000609332
 3.80921e-11 1.79167e-09 5.83535e-08 1.31602e-06 2.05515e-05 0.000222236 0.00166409 0.00862893 0.0309913 0.0771564 0.133576 0.162798 0.146131 0.110472 0.0871794 0.0743972 0.0588486 0.0411383 0.0272054 0.0176905 0.0108945 0.00609336 0.00304535 0.00134199 0.000504656
 3.68664e-11 1.73402e-09 5.64759e-08 1.27367e-06 1.98903e-05 0.000215085 0.00161055 0.00835134 0.0299949 0.0746816 0.129331 0.157816 0.142286 0.108955 0.0879498 0.0769465 0.0627146 0.0455106 0.0308192 0.0197788 0.011747 0.00636475 0.00310416 0.00132413 0.000477385
 3.85916e-11 1.81516e-09 5.91187e-08 1.33328e-06 2.0821e-05 0.00022515 0.00168591 0.00874198 0.0313963 0.0781544 0.135233 0.16449 0.146607 0.108703 0.083479 0.070709 0.0572914 0.0420528 0.0291655 0.0192647 0.0116899 0.00634887 0.00304095 0.00125965 0.000439588
 3.59039e-11 1.68875e-09 5.50014e-08 1.24042e-06 1.93709e-05 0.00020947 0.00156851 0.00813338 0.029213 0.0727445 0.126042 0.154109 0.139924 0.109174 0.0904492 0.080116 0.0649756 0.0465596 0.0314103 0.0205239 0.0125744 0.00696556 0.00339123 0.00140948 0.000486311
 3.14508e-11 1.4793e-09 4.81797e-08 1.08657e-06 1.69684e-05 0.00018349 0.00137398 0.00712491 0.0255939 0.0637631 0.110689 0.136325 0.126962 0.105795 0.0959893 0.0906933 0.077 0.0579699 0.0408562 0.0271529 0.0165316 0.00906922 0.00441495 0.00185029 0.000643831
 3.8523e-11 1.81194e-09 5.90135e-08 1.33091e-06 2.0784e-05 0.000224749 0.00168291 0.00872632 0.0313388 0.0779991 0.134881 0.163671 0.144632 0.104701 0.0776855 0.0654489 0.0554538 0.0443855 0.0339201 0.0241852 0.0155 0.00877119 0.00432293 0.00181556 0.000632331
 3.44593e-11 1.6208e-09 5.27884e-08 1.19051e-06 1.85916e-05 0.000201042 0.0015054 0.00780626 0.0280394 0.0698354 0.121092 0.14848 0.136167 0.109021 0.0934262 0.0839887 0.067632 0.0477046 0.0322619 0.0220655 0.0146339 0.00881297 0.00459245 0.00200214 0.000711665
 3.235e-11 1.52159e-09 4.95571e-08 1.11764e-06 1.74535e-05 0.000188736 0.00141326 0.00732847 0.0263237 0.0655669 0.113723 0.139601 0.128559 0.104222 0.0915763 0.0856834 0.0738024 0.0571753 0.0413819 0.0279344 0.0173158 0.00988846 0.00513215 0.0023098 0.000855347
 3.55202e-11 1.6707e-09 5.44136e-08 1.22717e-06 1.91639e-05 0.000207231 0.00155174 0.00804634 0.028899 0.071949 0.124571 0.151877 0.136528 0.103798 0.0833097 0.0738669 0.0630631 0.0499485 0.0379962 0.0274066 0.017971 0.0104565 0.00533142 0.00234162 0.000861383
 3.36845e-11 1.58436e-09 5.16014e-08 1.16374e-06 1.81735e-05 0.000196521 0.00147155 0.00763071 0.0274085 0.0682611 0.118342 0.145018 0.132714 0.105772 0.0904449 0.0822289 0.0684441 0.0511709 0.036888 0.0262358 0.0176847 0.0107947 0.00574454 0.00257891 0.000950556
 3.56133e-11 1.67508e-09 5.45562e-08 1.23038e-06 1.92142e-05 0.000207774 0.00155581 0.00806746 0.0289752 0.0721418 0.124926 0.152412 0.137333 0.105066 0.0850126 0.0754087 0.0635859 0.0490349 0.0359928 0.0252146 0.0164655 0.00988006 0.00531418 0.00245405 0.000931094
 3.68611e-11 1.73377e-09 5.64676e-08 1.27349e-06 1.98873e-05 0.000215054 0.00161031 0.00835006 0.0299897 0.0746626 0.129257 0.157531 0.141405 0.106982 0.0848551 0.073603 0.0604003 0.045035 0.0322439 0.0225089 0.014782 0.00884795 0.00471014 0.00216317 0.000826273
 3.67108e-11 1.7267e-09 5.62374e-08 1.2683e-06 1.98063e-05 0.000214177 0.00160375 0.00831605 0.029868 0.0743645 0.128773 0.157093 0.1415 0.108064 0.0868686 0.0757752 0.061754 0.0451278 0.0313065 0.0211085 0.0134742 0.00793047 0.00419014 0.00191626 0.000729739
 3.57657e-11 1.68224e-09 5.47896e-08 1.23564e-06 1.92964e-05 0.000208663 0.00156246 0.00810203 0.0291 0.0724589 0.125519 0.153339 0.138815 0.107502 0.0883067 0.0783572 0.0646527 0.047822 0.0334018 0.0223476 0.0139352 0.00794916 0.00408134 0.00182956 0.000688755
 3.53498e-11 1.66268e-09 5.41525e-08 1.22128e-06 1.9072e-05 0.000206237 0.0015443 0.00800784 0.0287618 0.0716183 0.124073 0.151617 0.137405 0.106739 0.0881456 0.0786884 0.0654774 0.0490949 0.0348756 0.0236691 0.0148519 0.00842206 0.0042453 0.00185588 0.000682005
 3.18516e-11 1.49815e-09 4.87937e-08 1.10042e-06 1.71847e-05 0.000185829 0.00139149 0.00721564 0.0259192 0.0645666 0.112038 0.137768 0.127611 0.104923 0.0936415 0.0877509 0.0745555 0.0566853 0.0408775 0.0281982 0.0179846 0.0103333 0.00523561 0.00227641 0.000824607
 3.27184e-11 1.53892e-09 5.01215e-08 1.13037e-06 1.76523e-05 0.000190885 0.00142935 0.00741183 0.0266221 0.0662993 0.11492 0.140728 0.128503 0.101959 0.0872038 0.0808344 0.0705788 0.056662 0.0433079 0.0311423 0.0203953 0.0119526 0.00615343 0.00270405 0.000982843
 3.72808e-11 1.75351e-09 5.71106e-08 1.28799e-06 2.01138e-05 0.000217502 0.00162864 0.00844503 0.0303297 0.0754987 0.130634 0.158874 0.141542 0.104873 0.0806687 0.0690794 0.0576318 0.0448244 0.0339501 0.0250107 0.017146 0.0105325 0.0056238 0.0025336 0.000935873
 3.47525e-11 1.63459e-09 5.32376e-08 1.20064e-06 1.87498e-05 0.000202752 0.00151821 0.00787263 0.0282771 0.0704208 0.122063 0.149463 0.136412 0.107901 0.0911121 0.0816246 0.0664532 0.0478841 0.0329954 0.0226914 0.0151528 0.0094022 0.0051832 0.00242526 0.00092597
#pred catch len freq
 2.0804e-11 9.78521e-10 3.18698e-08 7.18743e-07 1.12242e-05 0.000121375 0.000908873 0.00471326 0.016934 0.0422197 0.0735057 0.0915429 0.0885314 0.0807118 0.0820698 0.0853302 0.0811959 0.072558 0.0638222 0.0552001 0.0469753 0.0398551 0.0330473 0.024976 0.015769
 1.01184e-11 4.7592e-10 1.55004e-08 3.49573e-07 5.45913e-06 5.90343e-05 0.000442091 0.00229332 0.00824966 0.020668 0.0366662 0.0488692 0.0574046 0.072413 0.0945183 0.108305 0.105617 0.0949572 0.0840704 0.0730245 0.0612713 0.0496367 0.0383551 0.027012 0.0161613
 7.79276e-12 3.66534e-10 1.19378e-08 2.69227e-07 4.20439e-06 4.54653e-05 0.000340465 0.00176589 0.00634874 0.0158701 0.0279145 0.0361147 0.0393321 0.0453692 0.0592782 0.0770948 0.0944676 0.108325 0.11272 0.105078 0.0897514 0.0717116 0.0531854 0.03534 0.0199429
 3.00432e-11 1.41309e-09 4.60234e-08 1.03794e-06 1.6209e-05 0.000175277 0.00131245 0.00680517 0.0244361 0.0607877 0.104904 0.126286 0.108363 0.0717109 0.0455284 0.0367649 0.0386238 0.0464216 0.0568866 0.064662 0.06479 0.0563913 0.0425885 0.0276178 0.0149271
 4.2401e-11 1.99434e-09 6.49544e-08 1.46488e-06 2.28763e-05 0.000247374 0.00185231 0.00960454 0.0344898 0.0858153 0.148215 0.178979 0.155298 0.106025 0.0694714 0.0501367 0.0356531 0.0233934 0.0170604 0.0165239 0.0180567 0.0180657 0.0151553 0.0103277 0.0056058
 3.38783e-11 1.59347e-09 5.18984e-08 1.17044e-06 1.82781e-05 0.000197652 0.00148003 0.00767482 0.0275691 0.0686829 0.119221 0.146785 0.13651 0.113092 0.100793 0.0912249 0.0705207 0.0446406 0.0250696 0.0143196 0.00965288 0.00798073 0.00679309 0.00494753 0.002826
 2.99402e-11 1.40824e-09 4.58656e-08 1.03438e-06 1.61534e-05 0.000174677 0.00130799 0.0067828 0.0243661 0.0607163 0.105482 0.130295 0.122584 0.104745 0.0982261 0.0952089 0.0826486 0.0632965 0.0440602 0.0274505 0.0151668 0.00808694 0.00474442 0.00297067 0.00166837
 3.08503e-11 1.45105e-09 4.72598e-08 1.06583e-06 1.66444e-05 0.000179987 0.00134775 0.0069888 0.025104 0.0625342 0.108498 0.133352 0.123341 0.101147 0.0904111 0.0860604 0.0759584 0.0614387 0.0472534 0.0337864 0.0213745 0.0117258 0.00571057 0.00261612 0.00115452
 3.51485e-11 1.65322e-09 5.38443e-08 1.21432e-06 1.89634e-05 0.000205063 0.0015355 0.00796218 0.028597 0.0712009 0.1233 0.150441 0.1356 0.103829 0.0841123 0.0746949 0.0632209 0.0494856 0.0376753 0.0278708 0.0190809 0.0115562 0.00599678 0.00263117 0.000984375
 3.5029e-11 1.6476e-09 5.36612e-08 1.21019e-06 1.88989e-05 0.000204366 0.00153029 0.00793524 0.0285016 0.0709766 0.123003 0.150504 0.137009 0.10765 0.0900871 0.0803529 0.0655058 0.0474688 0.0329753 0.0228531 0.0153446 0.00953209 0.0052235 0.00241302 0.000909944
 3.59514e-11 1.69098e-09 5.50743e-08 1.24206e-06 1.93966e-05 0.000209747 0.00157058 0.00814412 0.029251 0.0728351 0.12617 0.154128 0.139508 0.10798 0.0885761 0.0783667 0.0642704 0.0470188 0.0323764 0.0214387 0.0134099 0.00783183 0.00418412 0.00195362 0.000756644
 3.38142e-11 1.59046e-09 5.18002e-08 1.16822e-06 1.82435e-05 0.000197278 0.00147722 0.00766015 0.0275148 0.0685316 0.11885 0.145821 0.134026 0.107991 0.0936096 0.0854838 0.0705178 0.0513084 0.035098 0.0231053 0.0142233 0.00800341 0.00406101 0.00181388 0.000687015
 3.41306e-11 1.60534e-09 5.22849e-08 1.17915e-06 1.84142e-05 0.000199124 0.00149104 0.00773175 0.0277712 0.0691626 0.119892 0.146857 0.134212 0.10661 0.0908619 0.0827323 0.0692906 0.0519265 0.0366314 0.0245154 0.0150954 0.00839326 0.00415858 0.00179401 0.000653877
 3.42471e-11 1.61082e-09 5.24634e-08 1.18318e-06 1.84771e-05 0.000199804 0.00149613 0.00775815 0.027866 0.0693993 0.120305 0.147374 0.134716 0.107049 0.0911705 0.082679 0.068645 0.050865 0.0357276 0.0241707 0.0151961 0.00860061 0.00428171 0.00182818 0.000651746
 3.09799e-11 1.45715e-09 4.74584e-08 1.0703e-06 1.67144e-05 0.000180743 0.00135341 0.00701829 0.0252114 0.062816 0.109084 0.134527 0.125857 0.106003 0.0973107 0.0921829 0.0777376 0.0578844 0.0406388 0.0273889 0.0171903 0.00978399 0.00492766 0.00212597 0.000759756
 3.31419e-11 1.55883e-09 5.07702e-08 1.145e-06 1.78808e-05 0.000193356 0.00144785 0.00750778 0.0269669 0.0671607 0.11643 0.142657 0.130514 0.104024 0.0893222 0.082417 0.070729 0.0551149 0.0406738 0.0283063 0.0179965 0.0102767 0.00518638 0.00224798 0.000808621
 3.50187e-11 1.64711e-09 5.36453e-08 1.20984e-06 1.88933e-05 0.000204305 0.00152983 0.00793285 0.0284927 0.0709512 0.122937 0.15032 0.136518 0.106628 0.0886451 0.0792054 0.065512 0.0487784 0.0348495 0.0243313 0.0159462 0.00942238 0.00486794 0.00213568 0.00077309
 3.193e-11 1.50184e-09 4.89138e-08 1.10313e-06 1.7227e-05 0.000186286 0.00139492 0.00723348 0.0259838 0.0647347 0.112376 0.138402 0.128882 0.107295 0.0969535 0.0906101 0.0752357 0.0547928 0.0376197 0.0251293 0.0159413 0.0093306 0.0048815 0.00219016 0.000809351
 3.26591e-11 1.53613e-09 5.00306e-08 1.12832e-06 1.76203e-05 0.000190539 0.00142676 0.00739847 0.0265748 0.0661903 0.114789 0.140836 0.129456 0.104439 0.091113 0.0847375 0.0726258 0.0561198 0.0408191 0.0278907 0.0174275 0.00987198 0.00502196 0.00222735 0.000826532
 3.29332e-11 1.54902e-09 5.04507e-08 1.13779e-06 1.77682e-05 0.000192139 0.00143874 0.00746058 0.0267978 0.0667452 0.115747 0.141991 0.130445 0.105034 0.0912013 0.0840655 0.0709969 0.0540074 0.0393033 0.0276008 0.0179579 0.0104668 0.00534292 0.00233551 0.00085193
 3.28872e-11 1.54686e-09 5.03802e-08 1.1362e-06 1.77434e-05 0.00019187 0.00143673 0.00745017 0.0267607 0.0666549 0.115605 0.141889 0.130578 0.105597 0.092164 0.0850439 0.0714845 0.0537609 0.0384886 0.0266648 0.0173289 0.0102539 0.00536101 0.00238926 0.000877581
 3.44255e-11 1.61921e-09 5.27366e-08 1.18934e-06 1.85733e-05 0.000200844 0.00150392 0.00779852 0.0280106 0.069755 0.120893 0.147958 0.134817 0.106249 0.0895466 0.0809249 0.0675577 0.0506772 0.0361227 0.024803 0.0159269 0.00933843 0.00488191 0.0021969 0.000818547
 3.51116e-11 1.65148e-09 5.37876e-08 1.21304e-06 1.89435e-05 0.000204847 0.00153389 0.00795392 0.0285685 0.0711419 0.12328 0.150799 0.137142 0.107503 0.0897927 0.0803362 0.0661571 0.048628 0.0339086 0.022918 0.0145664 0.00846315 0.00438673 0.00196419 0.00073242
 3.42435e-11 1.61065e-09 5.24579e-08 1.18306e-06 1.84751e-05 0.000199783 0.00149598 0.00775737 0.0278635 0.0693959 0.120319 0.147482 0.135103 0.107932 0.0925051 0.083943 0.0691648 0.0503927 0.0345737 0.0228849 0.0142254 0.00810043 0.00413392 0.00183075 0.000677817
 3.35977e-11 1.58028e-09 5.14686e-08 1.16074e-06 1.81267e-05 0.000196015 0.00146776 0.00761109 0.0273383 0.0680901 0.118071 0.144801 0.132894 0.106717 0.0922629 0.0846087 0.0708036 0.0527864 0.0370324 0.0247277 0.0152568 0.00853191 0.00426049 0.00184937 0.000674021
 3.14532e-11 1.47941e-09 4.81834e-08 1.08665e-06 1.69697e-05 0.000183504 0.00137409 0.00712545 0.0255958 0.0637678 0.110697 0.136331 0.126953 0.105739 0.0958056 0.09025 0.0762501 0.05718 0.0405224 0.0274973 0.0172625 0.00975455 0.00486188 0.00208421 0.000746558
 3.03766e-11 1.42877e-09 4.65342e-08 1.04946e-06 1.63889e-05 0.000177223 0.00132706 0.00688158 0.02472 0.0615886 0.106932 0.131777 0.122993 0.10308 0.0943963 0.0902489 0.0781443 0.0608351 0.0448462 0.0313036 0.0200241 0.0114952 0.00580697 0.0025081 0.000897694
 3.33789e-11 1.56998e-09 5.11333e-08 1.15318e-06 1.80086e-05 0.000194738 0.0014582 0.00756144 0.0271591 0.0676354 0.117225 0.143495 0.130845 0.103378 0.0876879 0.080298 0.0688109 0.0539479 0.0405842 0.0292278 0.0193937 0.0115202 0.00597609 0.00262973 0.000952665
 3.43061e-11 1.6136e-09 5.25538e-08 1.18522e-06 1.85089e-05 0.000200148 0.00149871 0.0077715 0.0279138 0.0695162 0.120494 0.147542 0.134663 0.106564 0.0901863 0.0813384 0.0672195 0.0497218 0.0353143 0.024737 0.0164991 0.010053 0.00538946 0.00244758 0.000909649
#obs catch len freq
 1.96865e-11 9.25959e-10 3.01579e-08 6.80137e-07 1.06213e-05 0.000114855 0.000860055 0.00446014 0.0160251 0.0399582 0.0696007 0.0868335 0.0844776 0.0780913 0.0808738 0.085798 0.0840372 0.0779788 0.070872 0.0622146 0.0522686 0.0420268 0.0314872 0.0207438 0.0112663
 2.14795e-11 1.01029e-09 3.29046e-08 7.42083e-07 1.15887e-05 0.000125316 0.000938379 0.00486619 0.0174822 0.0435733 0.0757739 0.0939541 0.0895626 0.0791286 0.0780603 0.0807131 0.0782875 0.0728186 0.0674521 0.061056 0.0525348 0.0422346 0.0309616 0.0198701 0.0105943
 7.33357e-16 3.45654e-14 1.13507e-12 2.6431e-11 4.64393e-10 7.23953e-09 1.2017e-07 1.98158e-06 2.64906e-05 0.000257274 0.00175324 0.00831292 0.0274273 0.0633477 0.104153 0.126993 0.125022 0.112489 0.10106 0.0908567 0.0792061 0.0647997 0.0478315 0.0304654 0.015996
 1.07086e-11 5.03682e-10 1.64046e-08 3.69965e-07 5.77752e-06 6.24754e-05 0.000467803 0.00242551 0.00870821 0.0216494 0.0372726 0.0444784 0.037131 0.0237232 0.0198376 0.0361395 0.0712691 0.108672 0.128334 0.125892 0.110774 0.0905296 0.0671553 0.042959 0.022513
 5.01248e-11 2.35763e-09 7.67864e-08 1.73173e-06 2.70434e-05 0.000292435 0.00218969 0.0113534 0.0407632 0.101354 0.174576 0.208564 0.173677 0.102739 0.046187 0.0190553 0.00997674 0.00903203 0.0127311 0.0178553 0.020557 0.0192471 0.0149907 0.00971916 0.00511002
 3.36024e-11 1.58049e-09 5.14757e-08 1.16091e-06 1.81293e-05 0.000196043 0.00146799 0.00761252 0.0273475 0.0681519 0.118444 0.146502 0.138358 0.1187 0.109447 0.0985311 0.0714846 0.038779 0.0168388 0.00838529 0.00727303 0.00772275 0.00700853 0.00499046 0.00274082
 3.66018e-11 1.72157e-09 5.60704e-08 1.26453e-06 1.97475e-05 0.000213541 0.00159899 0.00829132 0.0297786 0.0741367 0.128343 0.156404 0.140379 0.10633 0.0851074 0.0758742 0.0653378 0.0508048 0.0350352 0.0204729 0.0101284 0.00505564 0.00319658 0.00220748 0.00128299
 2.32046e-11 1.09143e-09 3.55472e-08 8.0168e-07 1.25194e-05 0.000135381 0.00101377 0.00525758 0.0188946 0.047156 0.0824282 0.104188 0.105529 0.105157 0.114213 0.116521 0.0993762 0.0733262 0.0513306 0.0346854 0.0211814 0.0111109 0.00513348 0.00230345 0.00104531
 4.01809e-11 1.88992e-09 6.15533e-08 1.38818e-06 2.16784e-05 0.000234421 0.00175532 0.0091016 0.0326837 0.0813181 0.140428 0.169493 0.146867 0.100238 0.0672951 0.0543533 0.0494095 0.0447572 0.0377087 0.0280617 0.0181528 0.0102508 0.00501145 0.00209675 0.000759129
 3.38492e-11 1.5921e-09 5.18537e-08 1.16943e-06 1.82624e-05 0.000197482 0.00147875 0.00766816 0.0275446 0.0686151 0.119059 0.146376 0.135461 0.110873 0.0973618 0.0876014 0.0684464 0.0457089 0.0297732 0.0210126 0.01499 0.00958486 0.00514863 0.00226816 0.000812254
 3.8406e-11 1.80643e-09 5.88343e-08 1.32686e-06 2.07208e-05 0.000224067 0.0016778 0.0086999 0.0312448 0.0777748 0.134558 0.163584 0.145535 0.107409 0.0821131 0.0699929 0.057948 0.0437265 0.0306161 0.0198759 0.0119855 0.00688793 0.00371279 0.00174507 0.000667245
 3.64462e-11 1.71426e-09 5.58322e-08 1.25916e-06 1.96635e-05 0.000212634 0.0015922 0.00825622 0.029654 0.0738408 0.127928 0.156353 0.141756 0.110136 0.0905429 0.0793959 0.0634345 0.0444916 0.02947 0.0191805 0.0118171 0.00661039 0.00330394 0.00145597 0.000547525
 3.53004e-11 1.66036e-09 5.40769e-08 1.21957e-06 1.90454e-05 0.000205949 0.00154215 0.00799671 0.0287225 0.0715265 0.123955 0.15167 0.138079 0.108539 0.0910187 0.0816138 0.0671122 0.0488433 0.03312 0.0212706 0.0126372 0.00684799 0.00334001 0.00142477 0.000513669
 3.6997e-11 1.74016e-09 5.66759e-08 1.27819e-06 1.99607e-05 0.000215847 0.00161625 0.00838088 0.0301006 0.0749415 0.129758 0.158225 0.142298 0.108225 0.0865194 0.0753756 0.0617223 0.0454607 0.0315761 0.0208731 0.0126702 0.00688222 0.00329659 0.00136557 0.000476557
 3.43044e-11 1.61351e-09 5.25511e-08 1.18516e-06 1.8508e-05 0.000200138 0.00149864 0.00777117 0.0279134 0.069522 0.120552 0.147836 0.135641 0.108782 0.0936238 0.0849006 0.0694331 0.0498922 0.033704 0.0220393 0.0135075 0.00748343 0.00364354 0.00151437 0.000522504
 2.97984e-11 1.40157e-09 4.56483e-08 1.02948e-06 1.60769e-05 0.00017385 0.0013018 0.00675071 0.0242513 0.0604333 0.105013 0.129823 0.122466 0.105232 0.0990419 0.0954464 0.081576 0.0615566 0.043435 0.0288855 0.0175916 0.00965188 0.0046988 0.00196929 0.000685242
 3.70456e-11 1.74245e-09 5.67504e-08 1.27986e-06 1.99869e-05 0.00021613 0.00161837 0.00839176 0.0301383 0.0750211 0.129799 0.157825 0.140506 0.103958 0.0800561 0.0693607 0.0594051 0.0477062 0.0365031 0.0260411 0.0166931 0.00944716 0.00465624 0.00195557 0.000681097
 3.26419e-11 1.53532e-09 5.00042e-08 1.12772e-06 1.7611e-05 0.000190439 0.00142601 0.0073947 0.0265628 0.0661738 0.114854 0.141354 0.131306 0.108582 0.0970279 0.0893768 0.0725838 0.0513489 0.0347825 0.0238126 0.0157994 0.00951631 0.00495923 0.00216208 0.000768522
 3.06063e-11 1.43957e-09 4.68859e-08 1.0574e-06 1.65128e-05 0.000178563 0.00133709 0.00693359 0.0249068 0.0620526 0.107729 0.132722 0.123757 0.1035 0.0946107 0.0905345 0.0785829 0.061038 0.0442331 0.0298788 0.0185267 0.0105813 0.00549202 0.00247182 0.00091535
 3.37881e-11 1.58923e-09 5.17601e-08 1.16732e-06 1.82294e-05 0.000197126 0.00147607 0.00765408 0.0274915 0.0684575 0.118614 0.145027 0.131705 0.102959 0.0861292 0.078469 0.0676559 0.0537588 0.0409517 0.029558 0.0193873 0.0112818 0.00575246 0.00252659 0.000929432
 3.19883e-11 1.50458e-09 4.90031e-08 1.10514e-06 1.72584e-05 0.000186626 0.00139746 0.0072466 0.0260303 0.064843 0.112514 0.138337 0.12808 0.105146 0.0934878 0.0869714 0.0729738 0.0547068 0.0394907 0.0281074 0.0189522 0.0115697 0.0061572 0.0027642 0.00101886
 3.39069e-11 1.59481e-09 5.19421e-08 1.17143e-06 1.82935e-05 0.000197819 0.00148126 0.00768102 0.0275886 0.0687025 0.11906 0.145677 0.132623 0.104334 0.0879333 0.0800807 0.0681702 0.0527341 0.0387619 0.0271734 0.01775 0.0106521 0.00572971 0.00264598 0.00100392
 3.52479e-11 1.65789e-09 5.39964e-08 1.21776e-06 1.9017e-05 0.000205642 0.00153985 0.00798474 0.0286789 0.0714118 0.123715 0.151179 0.137004 0.106402 0.0877759 0.0781503 0.0647488 0.048429 0.0347229 0.0242569 0.0159349 0.00953915 0.0050783 0.00233228 0.000890873
 3.50058e-11 1.6465e-09 5.36255e-08 1.20939e-06 1.88864e-05 0.00020423 0.00152927 0.00792996 0.0284827 0.0709291 0.122918 0.150393 0.136888 0.10754 0.0900927 0.0807193 0.066426 0.048699 0.0338353 0.0228324 0.01458 0.00858255 0.00453492 0.00207398 0.000789804
 3.41073e-11 1.60424e-09 5.22491e-08 1.17835e-06 1.84016e-05 0.000198988 0.00149002 0.00772648 0.0277525 0.0691173 0.119823 0.146818 0.134319 0.10697 0.0914139 0.0831523 0.0692201 0.0513512 0.0359162 0.0240476 0.0150002 0.00855785 0.00439407 0.00196978 0.000741549
 3.35719e-11 1.57906e-09 5.14289e-08 1.15985e-06 1.81128e-05 0.000195865 0.00146663 0.00760522 0.0273172 0.0680356 0.117965 0.144619 0.13256 0.106114 0.0913967 0.0837549 0.0703469 0.0529116 0.0376428 0.0255674 0.0160487 0.00910204 0.00458832 0.00200588 0.000737135
 3.00642e-11 1.41407e-09 4.60555e-08 1.03867e-06 1.62203e-05 0.0001754 0.00131341 0.00681086 0.0244668 0.0609644 0.105896 0.130725 0.122716 0.104242 0.0968294 0.0927654 0.0794109 0.0605358 0.0437131 0.0301763 0.0192525 0.0110632 0.00560574 0.00243739 0.000882925
 3.09853e-11 1.4574e-09 4.74665e-08 1.07049e-06 1.67173e-05 0.000180774 0.00135364 0.00701935 0.0252137 0.0628057 0.108958 0.133868 0.123658 0.101077 0.0899647 0.0853935 0.0751762 0.0605187 0.0463131 0.0333237 0.0218296 0.0127946 0.00658713 0.00289468 0.00105214
 3.57025e-11 1.67927e-09 5.46928e-08 1.23346e-06 1.92623e-05 0.000208294 0.0015597 0.00808762 0.0290472 0.0723176 0.125206 0.152637 0.137159 0.104135 0.0832675 0.0732754 0.0617612 0.0481939 0.0365519 0.0269447 0.0184766 0.011351 0.006061 0.00273059 0.00100864
#spawning biomass
 28401.7 24404.4 18472.2 13557.9 15288.6 25770.2 37692.8 44270.3 54917 70059.9 87152.6 122031 137085 143999 162171 145198 133576 135489 140043 153681 149437 136657 146818 155923 184560 187406 187061 170928 158149 139619 188357 134637 88348.6 58947.2 42459.5 33856.5 29564.4 27484.2 26495.2 26031.1 25815.3 25715.5 25669.5 25648.4 25638.7 25634.3 25632.3 25631.4 25631 25630.8 25630.7 25630.7 25630.6 25630.6 25630.6 25630.6 25630.6 25630.6 25630.6 25630.6 25630.6 25630.6 25630.6 25630.6 25630.6 25630.6 25630.6 25630.6 25630.6 25630.6 25630.6 25630.6 25630.6 25630.6 25630.6 25630.6 25630.6 25630.6 25630.6 25630.6 25630.6 25630.6 25630.6 25630.6 25630.6 25630.6 25630.6 25630.6 25630.6 25630.6 25630.6 25630.6 25630.6 25630.6 25630.6 25630.6 25630.6 25630.6 25630.6 25630.6 25630.6 25630.6 25630.6 25630.6 25630.6 25630.6 25630.6 25630.6 25630.6 25630.6 25630.6 25630.6 25630.6 25630.6 25630.6 25630.6 25630.6 25630.6 25630.6 25630.6 25630.6 25630.6 25630.6 25630.6 25630.6 25630.6 25630.6 25630.6 25630.6 0 0 0 0 0 0 0 0 0 0 0 0 0 0 0 0 0 0 0 0 0 0 0 0 0
