SBPRF35
0.819782
Curr Bio
101914
B35
674531
F35
0.205238
FOFL
0.0767323
OFL
17360.7
Bzero
234224
#pred survey bio
 8028.83 6897.01 8120.62 10924.8 14978.8 17924.6 17138.5 21510.5 33180.3 46073.4 61060.5 78234.9 98853.8 124250 127751 114414 106238 100076 97779.4 99160.9 98725.5 95813.8 103140 113520 121658 119789 120663 110136 106414 9.7252e+06 8.05526e+06 8.36325e+06 7.83023e+06 6.90165e+06 5.89024e+06 4.96501e+06 4.19347e+06 3.5852e+06 3.12269e+06 2.77923e+06 2.52805e+06 2.34598e+06 2.21413e+06 2.11767e+06 2.04723e+06 1.99715e+06 1.9612e+06 1.93512e+06 1.916e+06 1.90183e+06 1.89122e+06 1.88318e+06 1.87704e+06 1.87231e+06 1.86862e+06 1.86574e+06 1.86346e+06 1.86165e+06 1.86021e+06 1.85906e+06 1.85813e+06 1.85738e+06 1.85677e+06 1.85628e+06 1.85588e+06 1.85556e+06 1.85529e+06 1.85508e+06 1.8549e+06 1.85476e+06 1.85464e+06 1.85455e+06 1.85447e+06 1.8544e+06 1.85435e+06 1.85431e+06 1.85427e+06 1.85425e+06 1.85422e+06 1.8542e+06 1.85419e+06 1.85417e+06 1.85416e+06 1.85416e+06 1.85415e+06 1.85414e+06 1.85414e+06 1.85413e+06 1.85413e+06 1.85413e+06 1.85413e+06 1.85412e+06 1.85412e+06 1.85412e+06 1.85412e+06 1.85412e+06 1.85412e+06 1.85412e+06 1.85412e+06 1.85412e+06 1.85412e+06 1.85412e+06 1.85412e+06 1.85412e+06 1.85412e+06 1.85412e+06 1.85412e+06 1.85412e+06 1.85412e+06 1.85412e+06 1.85412e+06 1.85412e+06 1.85412e+06 1.85412e+06 1.85412e+06 1.85412e+06 1.85412e+06 1.85412e+06 1.85412e+06 1.85412e+06 1.85412e+06 1.85412e+06 1.85412e+06 1.85412e+06 1.85412e+06 1.85412e+06 1.85412e+06 1.85412e+06 1.85412e+06 0 0 0 0 0 0 0 0 0 0 0 0 0 0 0 0 0 0 0 0 0 0 0 0 0
#obs survey bio
 7381.09 7116.81 10004.6 10595.3 18693 11862.5 18483.6 18972.9 38111.3 47633.3 71274.4 115675 113014 178004 111182 105905 172446 118609 103099 130624 68825.8 96304.9 122905 136982 159204 144822 83152.1 95034.9 151920
#pred catch bio
 5800 5023.38 5991.56 7973.49 10684.9 14116 13421.9 15940.8 24740.2 34174.2 46863.5 61150 75996.2 98942.1 105197 95633.4 89363.8 83452.2 82073.5 85660.2 88059 83546.8 88829.7 98689.3 108921 105874 108466 99206.5 1.32963 17360.7 64208.4 66190.1 61353.7 53393.7 44889.5 37218.4 30911 26017.6 22367.5 19719.2 17836.1 16516.7 15600.2 14964.3 14527.9 14237 14042.9 13913.5 13827.2 13769.7 13731.3 13705.8 13688.7 13677.3 13669.7 13664.7 13661.3 13659.1 13657.6 13656.6 13655.9 13655.5 13655.2 13655 13654.8 13654.7 13654.7 13654.6 13654.6 13654.6 13654.6 13654.6 13654.6 13654.6 13654.6 13654.6 13654.6 13654.6 13654.6 13654.6 13654.6 13654.6 13654.6 13654.6 13654.6 13654.6 13654.6 13654.6 13654.6 13654.6 13654.6 13654.6 13654.6 13654.6 13654.6 13654.6 13654.6 13654.6 13654.6 13654.6 13654.6 13654.6 13654.6 13654.6 13654.6 13654.6 13654.6 13654.6 13654.6 13654.6 13654.6 13654.6 13654.6 13654.6 13654.6 13654.6 13654.6 13654.6 13654.6 13654.6 13654.6 13654.6 13654.6 13654.6 13654.6 13654.6 13654.6 13654.6 13654.6 0 0 0 0 0 0 0 0 0 0 0 0 0 0 0 0 0 0 0 0 0 0 0 0 0
#obs catch bio
 4697.1 4950.84 5778.73 7939.97 10258.8 14295.9 13349.8 15516.6 23773.1 33017.9 45396.7 58069.2 72778 95790.9 105042 96168.5 86182.4 79826.8 80263.3 83738.9 87749.1 82900.1 86030.1 94264.1 104374 102696 107436 105021 1.21571
#pred cpue bio
 7291.11 5970.38 6863.91 9096.78 12609.6 15611.4 14594.8 17632.2 27342.9 38635.1 51233.8 65157.1 82362 104396 109847 97596.2 89693.9 84699.9 82333.3 82846.8 81918.3 78740.2 84854 93567.8 100128 98595.8 99693 91558.9 86801.6 9.03877e+06 8.02184e+06 8.32984e+06 7.79682e+06 6.86824e+06 5.85683e+06 4.9316e+06 4.16005e+06 3.55179e+06 3.08928e+06 2.74582e+06 2.49464e+06 2.31257e+06 2.18072e+06 2.08426e+06 2.01382e+06 1.96374e+06 1.92779e+06 1.90171e+06 1.88259e+06 1.86842e+06 1.8578e+06 1.84977e+06 1.84363e+06 1.8389e+06 1.83521e+06 1.83233e+06 1.83005e+06 1.82824e+06 1.8268e+06 1.82564e+06 1.82471e+06 1.82396e+06 1.82336e+06 1.82287e+06 1.82247e+06 1.82214e+06 1.82188e+06 1.82167e+06 1.82149e+06 1.82135e+06 1.82123e+06 1.82113e+06 1.82106e+06 1.82099e+06 1.82094e+06 1.8209e+06 1.82086e+06 1.82083e+06 1.82081e+06 1.82079e+06 1.82077e+06 1.82076e+06 1.82075e+06 1.82074e+06 1.82074e+06 1.82073e+06 1.82073e+06 1.82072e+06 1.82072e+06 1.82072e+06 1.82071e+06 1.82071e+06 1.82071e+06 1.82071e+06 1.82071e+06 1.82071e+06 1.82071e+06 1.82071e+06 1.82071e+06 1.82071e+06 1.82071e+06 1.82071e+06 1.8207e+06 1.8207e+06 1.8207e+06 1.8207e+06 1.8207e+06 1.8207e+06 1.8207e+06 1.8207e+06 1.8207e+06 1.8207e+06 1.8207e+06 1.8207e+06 1.8207e+06 1.8207e+06 1.8207e+06 1.8207e+06 1.8207e+06 1.8207e+06 1.8207e+06 1.8207e+06 1.8207e+06 1.8207e+06 1.8207e+06 1.8207e+06 1.8207e+06 1.8207e+06 1.8207e+06 0 0 0 0 0 0 0 0 0 0 0 0 0 0 0 0 0 0 0 0 0 0 0 0 0
#obs cpue bio
 6922.48 8777.17 10794.1 7744.66 24836.7 13094.3 19181.5 30563 51129.1 55968.8 78683.5 105542 133852 106078 110393 101082 117897 143618 97821.4 93265 113133 89978.1 132312 168834 145661 121896 158342 87985 128162
#pred surv len freq
 2.56548e-27 2.5946e-27 3.87083e-26 7.62594e-20 1.86941e-14 5.53938e-10 1.98411e-06 0.000859046 0.0449594 0.284425 0.217778 0.0374617 0.132141 0.122127 0.0311629 0.0407581 0.0189777 0.0166303 0.0112886 0.0093428 0.00788714 0.0072592 0.00769767 0.00706151 0.00218145
 2.56768e-27 2.60019e-27 4.31495e-26 8.56264e-20 2.09903e-14 6.21979e-10 2.22783e-06 0.000964563 0.0504818 0.319362 0.244506 0.0407199 0.138159 0.127264 0.0248637 0.0248186 0.00982316 0.00645316 0.00357097 0.00247964 0.00181688 0.00148593 0.00143345 0.00133941 0.000456255
 2.56867e-27 2.60281e-27 4.53528e-26 9.02738e-20 2.21295e-14 6.55738e-10 2.34874e-06 0.00101692 0.0532217 0.336695 0.257747 0.0410661 0.131492 0.121045 0.0226509 0.0212443 0.00730524 0.00323749 0.00137358 0.000709133 0.000404503 0.000275396 0.000230758 0.000208413 7.4188e-05
 2.56938e-27 2.60469e-27 4.69713e-26 9.3688e-20 2.29665e-14 6.80538e-10 2.43757e-06 0.00105538 0.0552346 0.349429 0.26747 0.0409985 0.124147 0.114203 0.0202921 0.0175686 0.00590867 0.00238824 0.000796861 0.000273944 0.000105943 5.22825e-05 3.48556e-05 2.85314e-05 1.02065e-05
 2.56873e-27 2.60292e-27 4.53827e-26 9.03367e-20 2.2145e-14 6.56195e-10 2.35038e-06 0.00101762 0.0532588 0.33693 0.257936 0.0416654 0.13592 0.125032 0.021576 0.0177616 0.00582459 0.00212799 0.000675799 0.000196601 4.8837e-05 1.45722e-05 6.46163e-06 4.31904e-06 1.4918e-06
 2.56665e-27 2.5973e-27 4.04537e-26 7.99387e-20 1.9596e-14 5.80665e-10 2.07984e-06 0.000900493 0.0471286 0.298148 0.22834 0.0427598 0.165042 0.151993 0.0279425 0.0255005 0.00826349 0.00283527 0.000856805 0.000226404 4.84924e-05 9.10388e-06 2.09049e-06 9.22079e-07 2.89036e-07
 2.56814e-27 2.60139e-27 4.41136e-26 8.76598e-20 2.14888e-14 6.3675e-10 2.28073e-06 0.00098747 0.0516806 0.326946 0.250307 0.0413429 0.138826 0.127867 0.0248567 0.0245511 0.00820307 0.00318868 0.00095182 0.000235454 4.59251e-05 7.20408e-06 9.21307e-07 1.867e-07 4.59496e-08
 2.57016e-27 2.60683e-27 4.88569e-26 9.76659e-20 2.39416e-14 7.09433e-10 2.54107e-06 0.00110019 0.0575798 0.364265 0.27879 0.0404982 0.112386 0.103337 0.0181403 0.015398 0.005273 0.00227177 0.000720511 0.000195418 3.64965e-05 5.17487e-06 5.11041e-07 4.43814e-08 5.99295e-09
 2.56984e-27 2.60589e-27 4.79785e-26 9.58126e-20 2.34873e-14 6.95971e-10 2.49285e-06 0.00107931 0.0564872 0.357353 0.273523 0.0411544 0.121081 0.111281 0.018121 0.013334 0.0043397 0.00155013 0.000506514 0.000151601 3.1114e-05 4.44006e-06 3.89732e-07 2.15703e-08 1.13202e-09
 2.56892e-27 2.60339e-27 4.57709e-26 9.11555e-20 2.23457e-14 6.62142e-10 2.37168e-06 0.00102685 0.0537415 0.339984 0.260269 0.0417555 0.134967 0.124116 0.0207747 0.0161482 0.00508465 0.0015297 0.000451117 0.000118297 2.61468e-05 4.13274e-06 3.72674e-07 1.75346e-08 4.59413e-10
 2.56892e-27 2.60344e-27 4.58548e-26 9.13328e-20 2.23891e-14 6.6343e-10 2.37629e-06 0.00102884 0.053846 0.340645 0.260769 0.0414066 0.131961 0.121415 0.0216101 0.0187409 0.00598469 0.00191309 0.000533774 0.000118059 2.2471e-05 3.55511e-06 3.55467e-07 1.7077e-08 3.46723e-10
 2.56932e-27 2.60451e-27 4.67834e-26 9.32916e-20 2.28693e-14 6.77659e-10 2.42726e-06 0.00105091 0.0550009 0.347951 0.266345 0.0412603 0.12693 0.116735 0.0201086 0.0165016 0.00541516 0.00197438 0.00057088 0.000130072 2.17135e-05 2.88004e-06 2.77086e-07 1.44959e-08 2.93075e-10
 2.56927e-27 2.60436e-27 4.66327e-26 9.29735e-20 2.27913e-14 6.75348e-10 2.41898e-06 0.00104733 0.0548134 0.346764 0.265443 0.0414873 0.129291 0.118875 0.0197891 0.0152267 0.00491664 0.0016807 0.000507794 0.000129669 2.25873e-05 2.77037e-06 2.21788e-07 1.10082e-08 2.36527e-10
 2.56882e-27 2.60313e-27 4.55486e-26 9.06866e-20 2.22307e-14 6.58736e-10 2.35948e-06 0.00102157 0.0534651 0.338235 0.258934 0.0417457 0.135831 0.124929 0.0211971 0.0169111 0.00537988 0.00170283 0.000496946 0.000122503 2.33689e-05 3.08818e-06 2.33514e-07 9.79182e-09 1.98908e-10
 2.56744e-27 2.59938e-27 4.22345e-26 8.36953e-20 2.05169e-14 6.07952e-10 2.17758e-06 0.00094281 0.0493433 0.312159 0.239039 0.0427564 0.1575 0.144917 0.0245893 0.0196221 0.00629622 0.00207659 0.000591863 0.00013578 2.47769e-05 3.42787e-06 2.81818e-07 1.12572e-08 1.97446e-10
 2.56797e-27 2.60086e-27 4.3578e-26 8.65297e-20 2.12117e-14 6.28541e-10 2.25133e-06 0.000974739 0.0510143 0.322731 0.2471 0.0420383 0.146371 0.134721 0.024108 0.0210937 0.00677868 0.00223783 0.000647686 0.000152268 2.63108e-05 3.43132e-06 2.89057e-07 1.23856e-08 2.07885e-10
 2.56855e-27 2.60242e-27 4.49266e-26 8.93744e-20 2.19091e-14 6.49205e-10 2.32534e-06 0.00100678 0.0526915 0.333341 0.255199 0.0419006 0.139633 0.128436 0.0217868 0.0173858 0.00571703 0.0021082 0.000617308 0.000145985 2.58167e-05 3.27997e-06 2.59757e-07 1.12934e-08 1.99622e-10
 2.56838e-27 2.60193e-27 4.44723e-26 8.8416e-20 2.16741e-14 6.42243e-10 2.30041e-06 0.000995988 0.0521264 0.329766 0.252475 0.0422412 0.144139 0.132552 0.0217686 0.0162974 0.0052231 0.00172756 0.000522488 0.000135163 2.42474e-05 3.1313e-06 2.44252e-07 1.00769e-08 1.7965e-10
 2.56869e-27 2.60277e-27 4.522e-26 8.99934e-20 2.20608e-14 6.53701e-10 2.34145e-06 0.00101376 0.0530564 0.335649 0.256962 0.0419092 0.13846 0.127341 0.0213804 0.0167194 0.00528489 0.00161978 0.000465067 0.000111764 2.14792e-05 2.91454e-06 2.30833e-07 9.39248e-09 1.60694e-10
 2.56911e-27 2.6039e-27 4.62119e-26 9.20859e-20 2.25738e-14 6.68901e-10 2.39589e-06 0.00103733 0.05429 0.343454 0.262918 0.0417156 0.132802 0.122095 0.0199924 0.0148758 0.00474471 0.00152783 0.000429463 9.55286e-05 1.69839e-05 2.33711e-06 1.97167e-07 8.18294e-09 1.38094e-10
 2.56945e-27 2.60479e-27 4.69794e-26 9.37048e-20 2.29706e-14 6.8066e-10 2.43801e-06 0.00105557 0.0552445 0.349492 0.267528 0.0416939 0.129398 0.118908 0.018604 0.0125057 0.00393658 0.00119759 0.000340398 7.81676e-05 1.31479e-05 1.66178e-06 1.38419e-07 6.0722e-09 1.04877e-10
 2.56992e-27 2.60605e-27 4.80678e-26 9.60008e-20 2.35334e-14 6.97338e-10 2.49775e-06 0.00108143 0.0565981 0.358055 0.274065 0.0415259 0.123527 0.113457 0.0170431 0.0103115 0.00317442 0.000860743 0.000236243 5.20438e-05 8.95147e-06 1.10464e-06 8.45617e-08 3.62984e-09 6.54669e-11
 2.56986e-27 2.60588e-27 4.79234e-26 9.56963e-20 2.34588e-14 6.95126e-10 2.48982e-06 0.001078 0.0564186 0.356919 0.273198 0.0415784 0.124535 0.114388 0.0172206 0.0104786 0.00317042 0.000765931 0.000199164 3.95639e-05 6.47351e-06 7.93578e-07 5.98558e-08 2.38668e-09 4.20226e-11
 2.56977e-27 2.60565e-27 4.77232e-26 9.52739e-20 2.33552e-14 6.92058e-10 2.47883e-06 0.00107324 0.0561696 0.355344 0.271996 0.0415907 0.125474 0.115266 0.0175815 0.011081 0.00335839 0.000815248 0.000205226 3.6511e-05 5.42791e-06 6.13084e-07 4.51198e-08 1.76318e-09 2.91863e-11
 2.56984e-27 2.60585e-27 4.78984e-26 9.56434e-20 2.34458e-14 6.94742e-10 2.48845e-06 0.0010774 0.0563874 0.356722 0.273047 0.0415476 0.124407 0.114279 0.0173506 0.0108041 0.0032919 0.000829816 0.00021041 3.72156e-05 5.12032e-06 5.13961e-07 3.42783e-08 1.288e-09 2.07492e-11
 2.56982e-27 2.60579e-27 4.78266e-26 9.5492e-20 2.34087e-14 6.93642e-10 2.48451e-06 0.0010757 0.0562981 0.356157 0.272618 0.0416922 0.125809 0.115543 0.0170526 0.00980534 0.0029763 0.000740866 0.00018949 3.46293e-05 4.78039e-06 4.55405e-07 2.6851e-08 9.05642e-10 1.38768e-11
 2.56963e-27 2.60528e-27 4.73789e-26 9.45476e-20 2.31772e-14 6.86782e-10 2.45994e-06 0.00106506 0.0557413 0.352635 0.26993 0.0417917 0.128455 0.117995 0.0176681 0.0105895 0.00317913 0.000727292 0.000182882 3.31615e-05 4.67615e-06 4.53361e-07 2.56316e-08 7.68688e-10 1.05344e-11
 2.56931e-27 2.60438e-27 4.65794e-26 9.28609e-20 2.27637e-14 6.7453e-10 2.41605e-06 0.00104606 0.0547469 0.346344 0.265131 0.0420941 0.134128 0.123214 0.0183092 0.0107389 0.00324203 0.000774058 0.000191579 3.22696e-05 4.46398e-06 4.36496e-07 2.51615e-08 7.27682e-10 8.9409e-12
 2.57028e-27 2.60704e-27 4.89468e-26 9.78553e-20 2.3988e-14 7.10809e-10 2.546e-06 0.00110232 0.0576914 0.364972 0.279341 0.0412358 0.117612 0.108009 0.0162595 0.0098916 0.00297912 0.00069555 0.000173505 3.01187e-05 3.98567e-06 3.70664e-07 2.13528e-08 6.26432e-10 7.44612e-12
#obs surv len freq
 1.64575e-41 2.28419e-33 3.83221e-26 7.77164e-20 1.90513e-14 5.64524e-10 2.02203e-06 0.00087547 0.0458186 0.289862 0.222078 0.0443286 0.164335 0.139627 0.0427804 0.0344982 0.0111265 0.00375722 0.000801624 0.000103402 5.88226e-06 1.06303e-07 4.50358e-10 3.58505e-13 4.64524e-17
 1.90962e-41 2.65043e-33 4.44665e-26 9.01771e-20 2.21059e-14 6.55037e-10 2.34624e-06 0.00101584 0.053165 0.336337 0.257577 0.0440603 0.13194 0.106099 0.033401 0.025364 0.00796124 0.00252449 0.000494095 5.55881e-05 2.60502e-06 3.66724e-08 1.16224e-10 6.74673e-14 6.27657e-18
 1.93044e-41 2.67933e-33 4.49513e-26 9.11603e-20 2.23469e-14 6.62179e-10 2.37182e-06 0.00102692 0.0537447 0.340005 0.26046 0.0470754 0.140803 0.105935 0.026812 0.0170769 0.00520692 0.00154659 0.000277734 2.71174e-05 1.03985e-06 1.13464e-08 2.68108e-11 1.13292e-14 7.56551e-19
 1.96581e-41 2.72841e-33 4.57747e-26 9.28302e-20 2.27562e-14 6.74309e-10 2.41526e-06 0.00104573 0.0547291 0.346233 0.26528 0.0487549 0.138995 0.0985182 0.0262156 0.01547 0.00368705 0.000908231 0.000148169 1.25147e-05 3.90876e-07 3.29303e-09 5.78995e-12 1.77933e-15 8.52574e-20
 1.75798e-41 2.43996e-33 4.09354e-26 8.30163e-20 2.03505e-14 6.03021e-10 2.15992e-06 0.000935172 0.0489432 0.30963 0.237525 0.0549528 0.176657 0.117592 0.0315398 0.0172764 0.00401204 0.000825641 0.000101804 7.11185e-06 1.7996e-07 1.16832e-09 1.52718e-12 3.41325e-16 1.17396e-20
 1.44937e-41 2.01162e-33 3.37492e-26 6.84426e-20 1.67779e-14 4.9716e-10 1.78075e-06 0.000771002 0.0403512 0.255276 0.196291 0.0625063 0.221124 0.140289 0.0493153 0.026911 0.00592916 0.0011147 0.000113879 5.79405e-06 1.10967e-07 5.49742e-10 5.34249e-13 8.69292e-17 2.14863e-21
 2.09408e-41 2.90644e-33 4.87616e-26 9.88874e-20 2.42411e-14 7.18308e-10 2.57286e-06 0.00111396 0.0583003 0.368826 0.282676 0.0502424 0.111877 0.0687026 0.0337649 0.0186707 0.00484981 0.000890991 7.96902e-05 3.1676e-06 4.27465e-08 1.50857e-10 1.06879e-13 1.26394e-17 2.24867e-22
 1.97929e-41 2.74713e-33 4.60888e-26 9.34671e-20 2.29124e-14 6.78935e-10 2.43183e-06 0.0010529 0.0551046 0.34861 0.267594 0.0603435 0.152746 0.082325 0.0195349 0.009056 0.00297703 0.000598207 5.38979e-05 1.7967e-06 1.80481e-08 4.39505e-11 2.13988e-14 1.77926e-18 2.25412e-23
 2.01207e-41 2.79262e-33 4.6852e-26 9.5015e-20 2.32918e-14 6.90179e-10 2.47211e-06 0.00107034 0.0560172 0.354384 0.272127 0.0618799 0.145634 0.0748555 0.0232061 0.00891886 0.0015724 0.000301085 2.97223e-05 9.40952e-07 7.6899e-09 1.36544e-11 4.57633e-15 2.57841e-19 2.23585e-24
 1.72014e-41 2.38744e-33 4.00542e-26 8.12292e-20 1.99124e-14 5.9004e-10 2.11343e-06 0.000915041 0.0478896 0.30297 0.233506 0.0763332 0.199987 0.0959528 0.0293935 0.0107709 0.0020133 0.000246822 1.81789e-05 5.59814e-07 4.10303e-09 5.81665e-12 1.42939e-15 5.62165e-20 3.32572e-25
 2.00722e-41 2.78589e-33 4.6739e-26 9.47858e-20 2.32356e-14 6.88514e-10 2.46615e-06 0.00106776 0.0558821 0.353532 0.27186 0.0668716 0.140573 0.0672277 0.0302535 0.0106213 0.00188119 0.000215403 1.12707e-05 2.40501e-07 1.49166e-09 1.79517e-12 3.50106e-16 1.02876e-20 4.35912e-26
 1.84797e-41 2.56487e-33 4.3031e-26 8.7266e-20 2.13922e-14 6.33891e-10 2.27049e-06 0.000983045 0.0514487 0.325489 0.25121 0.0816037 0.180128 0.0755759 0.0234354 0.00814767 0.00177713 0.000190586 8.55684e-06 1.30051e-07 5.42279e-10 4.92642e-13 7.66485e-17 1.77128e-21 5.70846e-27
 1.92612e-41 2.67333e-33 4.48507e-26 9.09562e-20 2.22969e-14 6.60697e-10 2.36651e-06 0.00102462 0.0536243 0.339255 0.261877 0.0809039 0.160581 0.0670008 0.0267295 0.00758735 0.00126565 0.000142631 6.13929e-06 7.55399e-08 2.23834e-10 1.35508e-13 1.46559e-17 2.50173e-22 6.1242e-28
 1.61538e-41 2.24204e-33 3.76148e-26 7.62821e-20 1.86997e-14 5.54105e-10 1.98472e-06 0.000859313 0.044973 0.284534 0.22156 0.104624 0.217801 0.0841884 0.0309572 0.00885794 0.00150708 0.000130364 4.98064e-06 5.52161e-08 1.29999e-10 5.66321e-14 4.15362e-18 4.7603e-23 8.03112e-29
 1.48489e-41 2.06093e-33 3.45763e-26 7.01201e-20 1.71891e-14 5.09345e-10 1.82439e-06 0.000789899 0.0413402 0.26156 0.204894 0.113126 0.223804 0.0937986 0.0465473 0.0120798 0.00189852 0.000154787 4.69885e-06 4.16738e-08 8.16185e-11 2.80777e-14 1.51988e-18 1.22366e-23 1.4088e-29
 1.72217e-41 2.39025e-33 4.01014e-26 8.13249e-20 1.99358e-14 5.90736e-10 2.11592e-06 0.00091612 0.0479461 0.303352 0.236592 0.103023 0.176744 0.0759634 0.0410351 0.0121868 0.0020857 0.000150084 3.91859e-06 2.72187e-08 4.02923e-11 1.07383e-14 4.50399e-19 2.73293e-24 2.29389e-30
 1.68284e-41 2.33568e-33 3.91858e-26 7.94681e-20 1.94807e-14 5.77248e-10 2.06761e-06 0.000895203 0.0468514 0.296441 0.232771 0.118654 0.192001 0.0704514 0.030708 0.00934126 0.00175003 0.000131143 2.98693e-06 1.67141e-08 1.89258e-11 3.71805e-15 1.14852e-19 5.19449e-25 3.26121e-31
 1.69207e-41 2.34848e-33 3.94005e-26 7.99035e-20 1.95874e-14 5.80411e-10 2.07894e-06 0.000900108 0.0471081 0.298078 0.235006 0.124161 0.185347 0.070131 0.0305603 0.00737577 0.00123503 9.38534e-05 2.04621e-06 9.70634e-09 8.58097e-12 1.26708e-15 2.86863e-20 9.3746e-26 4.24605e-32
 1.65459e-41 2.29646e-33 3.85279e-26 7.81339e-20 1.91536e-14 5.67556e-10 2.03289e-06 0.000880173 0.0460648 0.291499 0.231585 0.135453 0.188295 0.0693856 0.0290334 0.00679771 0.000943753 5.94426e-05 1.1776e-06 4.94983e-09 3.60858e-12 4.12932e-16 6.98471e-21 1.67229e-26 5.47994e-33
 1.74309e-41 2.4193e-33 4.05887e-26 8.23132e-20 2.01781e-14 5.97914e-10 2.14163e-06 0.000927253 0.0485288 0.307102 0.244196 0.133953 0.168604 0.0639211 0.0262494 0.00575595 0.000722687 3.68395e-05 5.73656e-07 1.99181e-09 1.20519e-12 1.11037e-16 1.45723e-21 2.62527e-27 6.33892e-34
 1.70746e-41 2.36984e-33 3.9759e-26 8.06304e-20 1.97656e-14 5.85691e-10 2.09785e-06 0.000908296 0.0475368 0.300862 0.241746 0.148104 0.172992 0.0601982 0.0223471 0.00474342 0.000537533 2.30533e-05 2.77992e-07 7.26027e-10 3.37915e-13 2.4381e-17 2.50154e-22 3.47637e-28 6.36538e-35
 1.72755e-41 2.39773e-33 4.02268e-26 8.15792e-20 1.99982e-14 5.92583e-10 2.12253e-06 0.000918984 0.0480962 0.304436 0.246142 0.152675 0.164319 0.058813 0.0204314 0.0037732 0.000379161 1.38378e-05 1.32156e-07 2.58876e-10 8.81157e-14 4.66622e-18 3.56365e-23 3.72532e-29 5.14815e-36
 1.72506e-41 2.39427e-33 4.01689e-26 8.14616e-20 1.99694e-14 5.91729e-10 2.11948e-06 0.00091766 0.048027 0.304049 0.248223 0.161262 0.160164 0.0557683 0.0181814 0.00313293 0.000264957 7.92809e-06 6.03859e-08 9.02605e-11 2.26547e-14 8.67091e-19 4.75332e-24 3.57635e-30 3.58268e-37
 1.75287e-41 2.43287e-33 4.08164e-26 8.27749e-20 2.02913e-14 6.01268e-10 2.15364e-06 0.000932453 0.0488014 0.309004 0.254149 0.165417 0.15119 0.0521466 0.0157074 0.00246496 0.000180899 4.34808e-06 2.55875e-08 2.91042e-11 5.45038e-15 1.52678e-19 6.03873e-25 3.24871e-31 2.31681e-38
 1.69723e-41 2.35565e-33 3.95209e-26 8.01476e-20 1.96472e-14 5.82184e-10 2.08529e-06 0.000902858 0.0472527 0.299305 0.250784 0.180395 0.153812 0.0512258 0.014176 0.00201625 0.000126449 2.46477e-06 1.11398e-08 9.44128e-12 1.30445e-15 2.67957e-20 7.71328e-26 2.99628e-32 1.53245e-39
 1.59345e-41 2.2116e-33 3.71043e-26 7.52467e-20 1.84458e-14 5.46584e-10 1.95777e-06 0.000847649 0.0443637 0.281164 0.241982 0.197342 0.160765 0.0567668 0.0147862 0.00187876 9.98635e-05 1.56542e-06 5.45193e-09 3.44836e-12 3.48362e-16 5.18422e-21 1.07787e-26 3.01985e-33 1.1118e-40
 1.58862e-41 2.2049e-33 3.69918e-26 7.50187e-20 1.83899e-14 5.44928e-10 1.95184e-06 0.000845081 0.0442297 0.280439 0.244645 0.199755 0.154711 0.0584949 0.0150106 0.0017861 8.01608e-05 1.00156e-06 2.6753e-09 1.26422e-12 9.37324e-17 1.01107e-21 1.51153e-27 3.03199e-34 7.97854e-42
 1.64401e-41 2.28178e-33 3.82815e-26 7.76342e-20 1.90311e-14 5.63926e-10 2.01989e-06 0.000874544 0.0457723 0.290335 0.255108 0.198899 0.142374 0.0520943 0.0129922 0.00148967 5.85994e-05 5.88357e-07 1.20045e-09 4.22537e-13 2.29865e-17 1.80118e-22 1.9422e-28 2.79514e-35 5.25635e-43
 1.64411e-41 2.28191e-33 3.82838e-26 7.76387e-20 1.90322e-14 5.6396e-10 2.02001e-06 0.000874596 0.045775 0.290352 0.25513 0.199277 0.14377 0.0513968 0.0121071 0.00126993 4.40279e-05 3.77524e-07 6.42907e-10 1.86035e-13 8.24104e-18 5.22605e-23 4.54187e-29 5.25331e-36 7.92343e-44
#pred catch len freq
 2.56488e-27 2.593e-27 3.73295e-26 7.33509e-20 1.79811e-14 5.32812e-10 1.90844e-06 0.000826282 0.0432446 0.273578 0.209496 0.0375656 0.138749 0.128253 0.0327261 0.0428027 0.0199297 0.0174645 0.0118548 0.00981146 0.00828278 0.00762333 0.0080838 0.00741573 0.00229088
 2.56719e-27 2.59887e-27 4.19878e-26 8.31756e-20 2.03895e-14 6.04177e-10 2.16406e-06 0.000936956 0.0490369 0.310221 0.237531 0.0409885 0.145104 0.133679 0.0261171 0.0260697 0.0103184 0.00677847 0.00375098 0.00260465 0.00190847 0.00156084 0.00150571 0.00140693 0.000479255
 2.56826e-27 2.60169e-27 4.43718e-26 8.82045e-20 2.16223e-14 6.40706e-10 2.2949e-06 0.000993605 0.0520017 0.328977 0.251858 0.0413332 0.137662 0.126742 0.0237169 0.0222441 0.00764906 0.00338986 0.00143822 0.000742508 0.000423541 0.000288357 0.000241618 0.000218222 7.76796e-05
 2.56896e-27 2.60356e-27 4.59714e-26 9.15786e-20 2.24494e-14 6.65216e-10 2.38269e-06 0.00103161 0.053991 0.341562 0.261467 0.0412902 0.130584 0.120143 0.0213476 0.0184825 0.00621601 0.00251247 0.00083831 0.000288193 0.000111453 5.5002e-05 3.66686e-05 3.00155e-05 1.07374e-05
 2.56823e-27 2.60154e-27 4.41614e-26 8.77603e-20 2.15134e-14 6.3748e-10 2.28334e-06 0.000988601 0.0517398 0.32732 0.250604 0.0420336 0.143873 0.132369 0.0228421 0.0188039 0.00616639 0.00225286 0.000715457 0.000208138 5.17029e-05 1.54273e-05 6.84081e-06 4.57249e-06 1.57934e-06
 2.56643e-27 2.59671e-27 3.9932e-26 7.88383e-20 1.93262e-14 5.72671e-10 2.05121e-06 0.000888097 0.0464798 0.294044 0.225209 0.0429091 0.168378 0.155073 0.0285087 0.0260172 0.00843096 0.00289273 0.000874169 0.000230992 4.94751e-05 9.28838e-06 2.13285e-06 9.40765e-07 2.94894e-07
 2.56792e-27 2.6008e-27 4.35894e-26 8.65538e-20 2.12176e-14 6.28716e-10 2.25196e-06 0.000975011 0.0510286 0.322821 0.24716 0.0414842 0.142113 0.130903 0.0254469 0.025134 0.00839783 0.00326439 0.000974419 0.000241044 4.70155e-05 7.37513e-06 9.43182e-07 1.91133e-07 4.70406e-08
 2.56982e-27 2.6059e-27 4.80335e-26 9.59288e-20 2.35158e-14 6.96815e-10 2.49587e-06 0.00108062 0.0565556 0.357786 0.273847 0.0407407 0.117705 0.108245 0.0190019 0.0161293 0.00552344 0.00237966 0.000754732 0.0002047 3.82299e-05 5.42065e-06 5.35313e-07 4.64893e-08 6.27759e-09
 2.5695e-27 2.60498e-27 4.71676e-26 9.4102e-20 2.3068e-14 6.83546e-10 2.44835e-06 0.00106004 0.0554787 0.350973 0.268655 0.0414109 0.126453 0.116235 0.0189276 0.0139275 0.00453288 0.00161913 0.000529061 0.00015835 3.2499e-05 4.63771e-06 4.0708e-07 2.25305e-08 1.18241e-09
 2.56853e-27 2.60235e-27 4.48491e-26 8.92108e-20 2.1869e-14 6.48016e-10 2.32109e-06 0.00100494 0.052595 0.332731 0.254735 0.0420428 0.141041 0.129718 0.0217124 0.0168771 0.00531415 0.00159874 0.000471479 0.000123637 2.7327e-05 4.31928e-06 3.89494e-07 1.8326e-08 4.80149e-10
 2.56865e-27 2.6027e-27 4.51979e-26 8.9947e-20 2.20494e-14 6.53363e-10 2.34024e-06 0.00101323 0.053029 0.335476 0.256825 0.0416009 0.13621 0.125336 0.022308 0.0193462 0.00617798 0.00197487 0.000551013 0.000121872 2.31967e-05 3.66993e-06 3.66948e-07 1.76285e-08 3.57921e-10
 2.56911e-27 2.60395e-27 4.62921e-26 9.22552e-20 2.26152e-14 6.7013e-10 2.40029e-06 0.00103924 0.0543898 0.344085 0.263395 0.0414088 0.130132 0.11969 0.0206175 0.0169193 0.00555222 0.00202435 0.000585329 0.000133364 2.22631e-05 2.95293e-06 2.84099e-07 1.48628e-08 3.00493e-10
 2.56901e-27 2.60366e-27 4.60082e-26 9.16562e-20 2.24684e-14 6.6578e-10 2.38471e-06 0.00103249 0.0540367 0.341851 0.261694 0.0416819 0.133406 0.12267 0.0204207 0.0157128 0.00507358 0.00173435 0.000524003 0.000133808 2.33083e-05 2.85881e-06 2.28867e-07 1.13596e-08 2.44077e-10
 2.56867e-27 2.60273e-27 4.51925e-26 8.99353e-20 2.20466e-14 6.53279e-10 2.33994e-06 0.0010131 0.0530221 0.335433 0.256796 0.0418554 0.138167 0.127084 0.0215627 0.0172028 0.00547268 0.00173221 0.000505518 0.000124616 2.3772e-05 3.14145e-06 2.37542e-07 9.96072e-09 2.02339e-10
 2.56741e-27 2.59931e-27 4.21705e-26 8.35602e-20 2.04838e-14 6.06971e-10 2.17407e-06 0.000941289 0.0492637 0.311656 0.238655 0.0427761 0.15792 0.145304 0.024655 0.0196745 0.00631305 0.00208214 0.000593444 0.000136143 2.48431e-05 3.43703e-06 2.82572e-07 1.12873e-08 1.97973e-10
 2.568e-27 2.60096e-27 4.3666e-26 8.67153e-20 2.12572e-14 6.29889e-10 2.25616e-06 0.00097683 0.0511238 0.323423 0.247628 0.0420124 0.145803 0.134196 0.0240142 0.0210116 0.00675231 0.00222912 0.000645166 0.000151675 2.62085e-05 3.41797e-06 2.87932e-07 1.23375e-08 2.07076e-10
 2.56861e-27 2.60258e-27 4.50725e-26 8.96822e-20 2.19845e-14 6.5144e-10 2.33335e-06 0.00101025 0.0528729 0.334489 0.256075 0.0418559 0.138678 0.127555 0.0216374 0.0172665 0.00567781 0.00209374 0.000613074 0.000144984 2.56396e-05 3.25747e-06 2.57976e-07 1.12159e-08 1.98253e-10
 2.56841e-27 2.602e-27 4.45344e-26 8.8547e-20 2.17062e-14 6.43194e-10 2.30381e-06 0.000997463 0.0522036 0.330255 0.252848 0.0422216 0.143728 0.132174 0.0217065 0.0162509 0.00520818 0.00172263 0.000520996 0.000134777 2.41781e-05 3.12235e-06 2.43554e-07 1.00481e-08 1.79137e-10
 2.56874e-27 2.6029e-27 4.53435e-26 9.0254e-20 2.21247e-14 6.55594e-10 2.34823e-06 0.00101669 0.05321 0.336621 0.257704 0.0418708 0.137647 0.126591 0.0212545 0.0166209 0.00525376 0.00161024 0.000462328 0.000111105 2.13527e-05 2.89738e-06 2.29474e-07 9.33717e-09 1.59747e-10
 2.56927e-27 2.60434e-27 4.66059e-26 9.29171e-20 2.27775e-14 6.74938e-10 2.41752e-06 0.00104669 0.0547801 0.346554 0.265283 0.0415909 0.130192 0.119688 0.0195982 0.0145825 0.00465116 0.00149771 0.000420995 9.36451e-05 1.6649e-05 2.29102e-06 1.93279e-07 8.0216e-09 1.35372e-10
 2.56973e-27 2.60558e-27 4.76742e-26 9.51705e-20 2.33299e-14 6.91307e-10 2.47614e-06 0.00107208 0.0561086 0.354958 0.271699 0.041466 0.124733 0.114609 0.0179314 0.0120536 0.00379424 0.00115429 0.00032809 7.53412e-05 1.26725e-05 1.6017e-06 1.33414e-07 5.85264e-09 1.01085e-10
 2.5701e-27 2.60655e-27 4.8515e-26 9.69443e-20 2.37647e-14 7.04191e-10 2.52229e-06 0.00109206 0.0571543 0.361574 0.276749 0.0413745 0.120489 0.110658 0.0166226 0.0100571 0.00309611 0.000839508 0.000230415 5.07599e-05 8.73064e-06 1.07739e-06 8.24755e-08 3.54029e-09 6.38518e-11
 2.57e-27 2.60626e-27 4.82607e-26 9.64078e-20 2.36332e-14 7.00294e-10 2.50834e-06 0.00108601 0.0568381 0.359573 0.275223 0.0414642 0.122243 0.112277 0.0169028 0.0102851 0.0031119 0.000751792 0.000195487 3.88336e-05 6.35401e-06 7.78929e-07 5.87509e-08 2.34262e-09 4.12469e-11
 2.56994e-27 2.60613e-27 4.81498e-26 9.61739e-20 2.35759e-14 6.98595e-10 2.50225e-06 0.00108338 0.0567002 0.358701 0.274556 0.0414476 0.122585 0.112604 0.0171755 0.0108251 0.00328082 0.000796419 0.000200486 3.56677e-05 5.30254e-06 5.98924e-07 4.40777e-08 1.72245e-09 2.85122e-11
 2.57013e-27 2.60664e-27 4.85997e-26 9.71229e-20 2.38085e-14 7.05488e-10 2.52694e-06 0.00109407 0.0572596 0.36224 0.277257 0.0413117 0.119654 0.109898 0.0166856 0.0103899 0.00316572 0.00079801 0.000202345 3.57892e-05 4.92406e-06 4.94261e-07 3.29644e-08 1.23864e-09 1.99539e-11
 2.57006e-27 2.60644e-27 4.84056e-26 9.67133e-20 2.37081e-14 7.02514e-10 2.51629e-06 0.00108946 0.0570182 0.360713 0.276093 0.0414936 0.121856 0.111901 0.0165151 0.00949628 0.00288249 0.000717515 0.000183517 3.35378e-05 4.62971e-06 4.41051e-07 2.60046e-08 8.77097e-10 1.34394e-11
 2.56995e-27 2.60613e-27 4.81373e-26 9.61475e-20 2.35694e-14 6.98404e-10 2.50156e-06 0.00108308 0.0566846 0.358602 0.274483 0.0415337 0.123293 0.113239 0.0169559 0.0101627 0.00305098 0.000697977 0.000175511 3.18249e-05 4.48766e-06 4.35087e-07 2.45984e-08 7.37704e-10 1.01098e-11
 2.56964e-27 2.60529e-27 4.73869e-26 9.45643e-20 2.31813e-14 6.86904e-10 2.46037e-06 0.00106525 0.0557512 0.352698 0.269978 0.0418182 0.128623 0.118142 0.0175555 0.0102968 0.00310857 0.000742194 0.000183693 3.09412e-05 4.28022e-06 4.18527e-07 2.41257e-08 6.97727e-10 8.57284e-12
 2.56785e-27 2.6004e-27 4.30477e-26 8.54105e-20 2.09374e-14 6.20411e-10 2.22221e-06 0.000962132 0.0503545 0.318557 0.243931 0.0432347 0.157702 0.14495 0.0218206 0.0132747 0.00399804 0.000933443 0.000232847 4.04199e-05 5.34885e-06 4.97439e-07 2.86559e-08 8.40685e-10 9.99284e-12
#obs catch len freq
 1.64054e-41 2.27696e-33 3.82007e-26 7.74702e-20 1.89909e-14 5.62735e-10 2.01563e-06 0.000872696 0.0456735 0.288944 0.221377 0.0443474 0.164911 0.140112 0.0428916 0.0346259 0.0113463 0.00391289 0.000861444 0.000115469 6.87129e-06 1.29783e-07 5.72335e-10 4.72262e-13 6.31724e-17
 1.65357e-41 2.29505e-33 3.85042e-26 7.80858e-20 1.91418e-14 5.67207e-10 2.03164e-06 0.000879631 0.0460364 0.29124 0.223194 0.046404 0.167809 0.135042 0.0426139 0.0324283 0.0102861 0.00331489 0.000667709 7.78897e-05 3.80652e-06 5.59043e-08 1.84099e-10 1.10491e-13 1.05828e-17
 1.92275e-41 2.66866e-33 4.47723e-26 9.07972e-20 2.22579e-14 6.59541e-10 2.36237e-06 0.00102282 0.0535306 0.33865 0.259401 0.0458056 0.133658 0.101557 0.0329767 0.0235086 0.00725947 0.00218459 0.000401059 4.04339e-05 1.6112e-06 1.82801e-08 4.47842e-11 1.95348e-14 1.34081e-18
 1.94892e-41 2.70496e-33 4.53814e-26 9.20326e-20 2.25607e-14 6.68515e-10 2.39451e-06 0.00103674 0.0542589 0.343258 0.263014 0.0489815 0.141486 0.100174 0.0259513 0.015604 0.00468093 0.00131267 0.000219524 1.90242e-05 6.14079e-07 5.3574e-09 9.73519e-12 3.08165e-15 1.51559e-19
 1.98844e-41 2.75982e-33 4.63016e-26 9.38988e-20 2.30182e-14 6.82071e-10 2.44307e-06 0.00105776 0.0553592 0.350219 0.268402 0.0507051 0.138721 0.0923607 0.0252002 0.013869 0.00322456 0.000756118 0.000114129 8.47283e-06 2.20542e-07 1.47433e-09 1.98374e-12 4.55364e-16 1.60426e-20
 1.78907e-41 2.48311e-33 4.16593e-26 8.44843e-20 2.07103e-14 6.13685e-10 2.19812e-06 0.00095171 0.0498087 0.315106 0.241821 0.0575596 0.175536 0.109559 0.0301201 0.0153292 0.00346038 0.000664983 7.60373e-05 4.65209e-06 9.71882e-08 4.97015e-10 4.94862e-13 8.23854e-17 2.0801e-21
 1.48961e-41 2.06748e-33 3.46863e-26 7.0343e-20 1.72438e-14 5.10964e-10 1.83019e-06 0.00079241 0.0414716 0.262365 0.201876 0.0660768 0.219518 0.130846 0.0473278 0.0236928 0.00506478 0.000882594 8.20625e-05 3.64053e-06 5.7459e-08 2.22942e-10 1.64302e-13 1.98602e-17 3.59784e-22
 2.1278e-41 2.95325e-33 4.95469e-26 1.0048e-19 2.46315e-14 7.29877e-10 2.6143e-06 0.0011319 0.0592392 0.374766 0.287306 0.0519575 0.1092 0.0633746 0.031995 0.0162092 0.00407781 0.00068331 5.49989e-05 1.87597e-06 2.0749e-08 5.72996e-11 3.07058e-14 2.69105e-18 3.5035e-23
 2.01884e-41 2.80202e-33 4.70096e-26 9.53346e-20 2.33701e-14 6.925e-10 2.48042e-06 0.00107394 0.0562056 0.355576 0.273058 0.0626124 0.148132 0.0744451 0.0180015 0.00789846 0.0025012 0.000455613 3.62112e-05 1.0199e-06 8.30109e-09 1.57546e-11 5.79905e-15 3.56966e-19 3.3049e-24
 2.05363e-41 2.85031e-33 4.78198e-26 9.69777e-20 2.37729e-14 7.04435e-10 2.52317e-06 0.00109245 0.0571743 0.361706 0.277877 0.0640657 0.140323 0.0675183 0.0212717 0.00743754 0.00128254 0.000229117 1.96374e-05 5.15778e-07 3.36656e-09 4.62495e-12 1.16905e-15 4.87508e-20 3.08827e-25
 1.77152e-41 2.45876e-33 4.12508e-26 8.36557e-20 2.05072e-14 6.07666e-10 2.17656e-06 0.000942376 0.0493202 0.312022 0.240686 0.0796749 0.192981 0.0866706 0.0268793 0.0090253 0.00160452 0.000179631 1.1869e-05 3.0077e-07 1.7346e-09 1.88375e-12 3.47521e-16 1.01036e-20 4.36771e-26
 2.0558e-41 2.85331e-33 4.78703e-26 9.70799e-20 2.3798e-14 7.05178e-10 2.52583e-06 0.0010936 0.0572346 0.36209 0.2786 0.0689889 0.133747 0.0605997 0.0273027 0.00871624 0.00146638 0.000150789 6.90108e-06 1.23158e-07 6.00642e-10 5.48826e-13 7.98483e-17 1.72933e-21 5.35129e-27
 1.90277e-41 2.64092e-33 4.43069e-26 8.98535e-20 2.20265e-14 6.52686e-10 2.33782e-06 0.00101219 0.0529742 0.335143 0.258896 0.0844198 0.171027 0.0672863 0.0209453 0.00678114 0.00137646 0.000130995 5.05811e-06 6.32233e-08 2.08268e-10 1.43876e-13 1.66293e-17 2.8211e-22 6.62554e-28
 1.9808e-41 2.74922e-33 4.61239e-26 9.35383e-20 2.29298e-14 6.79452e-10 2.43369e-06 0.0010537 0.0551466 0.348888 0.269556 0.0833164 0.151394 0.0598849 0.0235791 0.00610963 0.00096846 9.68891e-05 3.50977e-06 3.49974e-08 8.1117e-11 3.73302e-14 3.00164e-18 3.75355e-23 6.67609e-29
 1.67996e-41 2.33167e-33 3.91187e-26 7.93319e-20 1.94473e-14 5.76258e-10 2.06406e-06 0.000893668 0.0467711 0.295915 0.2308 0.108435 0.206018 0.07544 0.0272952 0.00721079 0.00112988 8.682e-05 2.80511e-06 2.48363e-08 4.52259e-11 1.48926e-14 8.11073e-19 6.81098e-24 8.33982e-30
 1.55363e-41 2.15634e-33 3.61771e-26 7.33664e-20 1.79849e-14 5.32926e-10 1.90885e-06 0.000826468 0.0432541 0.273675 0.214835 0.117486 0.211991 0.0858087 0.0408589 0.00974515 0.00141387 0.000100721 2.55805e-06 1.8142e-08 2.72978e-11 7.04948e-15 2.82392e-19 1.66477e-24 1.39203e-30
 1.78947e-41 2.48367e-33 4.16686e-26 8.45032e-20 2.07149e-14 6.13822e-10 2.19861e-06 0.000951922 0.0498199 0.315214 0.246249 0.105896 0.165459 0.0692999 0.0356565 0.00984268 0.00151253 9.45302e-05 2.04191e-06 1.12326e-08 1.27496e-11 2.54357e-15 7.86617e-20 3.48712e-25 2.12476e-31
 1.75122e-41 2.43057e-33 4.07779e-26 8.26967e-20 2.02721e-14 6.007e-10 2.15161e-06 0.000931573 0.0487549 0.308494 0.242746 0.121597 0.17876 0.0633008 0.0265061 0.00755854 0.0012672 8.09138e-05 1.50318e-06 6.60929e-09 5.7026e-12 8.36265e-16 1.90122e-20 6.26826e-26 2.85114e-32
 1.76174e-41 2.44519e-33 4.1023e-26 8.31939e-20 2.0394e-14 6.04312e-10 2.16455e-06 0.000937174 0.049048 0.310364 0.245253 0.126737 0.171841 0.0631599 0.0258761 0.00583718 0.000885978 5.70259e-05 9.98672e-07 3.6768e-09 2.46169e-12 2.7034e-16 4.49478e-21 1.0694e-26 3.50468e-33
 1.72568e-41 2.39513e-33 4.01833e-26 8.14909e-20 1.99765e-14 5.91941e-10 2.12024e-06 0.00091799 0.048044 0.304038 0.242202 0.137902 0.174081 0.0623761 0.0244423 0.00530047 0.000657807 3.53189e-05 5.5934e-07 1.80609e-09 9.89058e-13 8.37863e-17 1.03826e-21 1.80718e-27 4.28146e-34
 1.81344e-41 2.51693e-33 4.22267e-26 8.56349e-20 2.09924e-14 6.22043e-10 2.22806e-06 0.000964672 0.0504872 0.319513 0.254722 0.135472 0.15487 0.05724 0.0218025 0.00441547 0.000489505 2.10147e-05 2.61606e-07 6.95721e-10 3.14376e-13 2.13342e-17 2.04452e-22 2.6731e-28 4.66223e-35
 1.77905e-41 2.46921e-33 4.14261e-26 8.40112e-20 2.05944e-14 6.10249e-10 2.18581e-06 0.000946381 0.0495301 0.313502 0.252664 0.149244 0.158236 0.0534734 0.0184402 0.00359392 0.000355954 1.27026e-05 1.21419e-07 2.42363e-10 8.40753e-14 4.45356e-18 3.32585e-23 3.3461e-29 4.41906e-36
 1.7993e-41 2.49731e-33 4.18976e-26 8.49674e-20 2.08288e-14 6.17194e-10 2.21069e-06 0.000957152 0.0500939 0.31711 0.257194 0.153138 0.149821 0.0520249 0.0165989 0.0028075 0.000245196 7.36313e-06 5.52496e-08 8.22766e-11 2.08257e-14 8.08389e-19 4.48425e-24 3.38564e-30 3.3672e-37
 1.79725e-41 2.49447e-33 4.18499e-26 8.48708e-20 2.08051e-14 6.16493e-10 2.20818e-06 0.000956064 0.0500371 0.316812 0.259511 0.161052 0.145511 0.0490173 0.0146452 0.00228497 0.000166511 4.07471e-06 2.4202e-08 2.73508e-11 5.08876e-15 1.42531e-19 5.66906e-25 3.07684e-31 2.21473e-38
 1.82451e-41 2.5323e-33 4.24847e-26 8.6158e-20 2.11206e-14 6.25843e-10 2.24167e-06 0.000970565 0.0507962 0.321681 0.265475 0.164382 0.136843 0.0454793 0.0124948 0.00176408 0.000110328 2.14905e-06 9.81388e-09 8.40439e-12 1.16304e-15 2.37959e-20 6.8216e-26 2.64576e-32 1.35511e-39
 1.7699e-41 2.45651e-33 4.12131e-26 8.35793e-20 2.04885e-14 6.07111e-10 2.17457e-06 0.000941515 0.0492762 0.312183 0.262587 0.178823 0.139091 0.0444263 0.0111763 0.00141762 7.51028e-05 1.17557e-06 4.0971e-09 2.60546e-12 2.65377e-16 3.97421e-21 8.281e-27 2.31739e-33 8.50917e-41
 1.6686e-41 2.3159e-33 3.88541e-26 7.87953e-20 1.93158e-14 5.72361e-10 2.0501e-06 0.000887625 0.0464563 0.294508 0.254586 0.195521 0.145982 0.0491442 0.0115557 0.00129857 5.77794e-05 7.21495e-07 1.92639e-09 9.1079e-13 6.76797e-17 7.332e-22 1.10215e-27 2.22227e-34 5.86942e-42
 1.66447e-41 2.31017e-33 3.87579e-26 7.86002e-20 1.92679e-14 5.70944e-10 2.04503e-06 0.000885427 0.0463418 0.29393 0.257518 0.197315 0.140692 0.0504255 0.0116354 0.00120867 4.49565e-05 4.44094e-07 9.04662e-10 3.18466e-13 1.73301e-17 1.35896e-22 1.46755e-28 2.11709e-35 3.99403e-43
 1.7056e-41 2.36726e-33 3.97156e-26 8.05425e-20 1.9744e-14 5.85052e-10 2.09556e-06 0.000907307 0.0474869 0.301148 0.261913 0.191993 0.136433 0.0477874 0.0111302 0.00115936 4.00377e-05 3.42518e-07 5.8248e-10 1.68402e-13 7.45561e-18 4.72607e-23 4.10614e-29 4.74828e-36 7.16047e-44
#spawning biomass
 7859.15 6683.99 7831.92 10505.1 14434.4 17391.8 16553.8 20620.8 31840.5 44364.5 58803.2 75231.9 95066.3 119688 123630 110547 102436 96541.3 94229.8 95413.5 94865.8 91894.6 98941.9 108940 116715 114923 115848 105868 101914 273304 381498 393311 364649 317477 267080 221621 184242 155243 133612 117918 106758 98939.6 93508.1 89740.1 87154 85429.5 84279.6 83512.8 83001.5 82660.6 82433.2 82281.6 82180.6 82113.1 82068.2 82038.2 82018.2 82004.9 81996 81990.1 81986.1 81983.5 81981.8 81980.6 81979.8 81979.3 81978.9 81978.7 81978.5 81978.4 81978.4 81978.3 81978.3 81978.3 81978.3 81978.3 81978.3 81978.2 81978.2 81978.2 81978.2 81978.2 81978.2 81978.2 81978.2 81978.2 81978.2 81978.2 81978.2 81978.2 81978.2 81978.2 81978.2 81978.2 81978.2 81978.2 81978.2 81978.2 81978.2 81978.2 81978.2 81978.2 81978.2 81978.2 81978.2 81978.2 81978.2 81978.2 81978.2 81978.2 81978.2 81978.2 81978.2 81978.2 81978.2 81978.2 81978.2 81978.2 81978.2 81978.2 81978.2 81978.2 81978.2 81978.2 81978.2 81978.2 81978.2 81978.2 81978.2 0 0 0 0 0 0 0 0 0 0 0 0 0 0 0 0 0 0 0 0 0 0 0 0 0
