SBPRF35
0.0418769
Curr Bio
274831
B35
104011
F35
109.858
FOFL
109.858
OFL
371617
Bzero
10169.7
#pred survey bio
 8323.96 9675.43 11789.4 13236.3 21656.3 33704.7 32701.5 36474.4 47191.5 58165.5 71243.5 96703.9 132877 155053 144861 115356 111902 114653 108917 102863 108718 116133 123395 122514 131108 140872 139393 142670 165608 3.85509e+06 740892 228422 106797 73480.5 64490.1 62109.7 61490.1 61331 61290.6 61280.4 61277.9 61277.2 61277.1 61277 61277 61277 61277 61277 61277 61277 61277 61277 61277 61277 61277 61277 61277 61277 61277 61277 61277 61277 61277 61277 61277 61277 61277 61277 61277 61277 61277 61277 61277 61277 61277 61277 61277 61277 61277 61277 61277 61277 61277 61277 61277 61277 61277 61277 61277 61277 61277 61277 61277 61277 61277 61277 61277 61277 61277 61277 61277 61277 61277 61277 61277 61277 61277 61277 61277 61277 61277 61277 61277 61277 61277 61277 61277 61277 61277 61277 61277 61277 61277 61277 61277 61277 61277 61277 61277 0 0 0 0 0 0 0 0 0 0 0 0 0 0 0 0 0 0 0 0 0 0 0 0 0
#obs survey bio
 5408.91 9525.74 9612.31 16281.2 20599.8 30427 37895.8 33397.1 47221.6 52348 72466.6 70984.5 183472 125096 108147 86185 118179 129387 104087 100537 113984 145020 165603 113485 185337 125742 172848 168813 150824
#pred catch bio
 2153.41 4721.99 6809.21 6893.48 8715.51 19679.8 20257.4 22884.5 29688.7 38957.9 46582.9 58493.6 80078.4 102581 114360 88286.4 80885.3 81552 81913.9 75951.9 82127.6 86048.9 97670 95210.9 99971.7 114421 112675 104440 137487 371617 6250.43 6250.43 6250.43 6250.43 6250.43 6250.43 6250.43 6250.43 6250.43 6250.43 6250.43 6250.43 6250.43 6250.43 6250.43 6250.43 6250.43 6250.43 6250.43 6250.43 6250.43 6250.43 6250.43 6250.43 6250.43 6250.43 6250.43 6250.43 6250.43 6250.43 6250.43 6250.43 6250.43 6250.43 6250.43 6250.43 6250.43 6250.43 6250.43 6250.43 6250.43 6250.43 6250.43 6250.43 6250.43 6250.43 6250.43 6250.43 6250.43 6250.43 6250.43 6250.43 6250.43 6250.43 6250.43 6250.43 6250.43 6250.43 6250.43 6250.43 6250.43 6250.43 6250.43 6250.43 6250.43 6250.43 6250.43 6250.43 6250.43 6250.43 6250.43 6250.43 6250.43 6250.43 6250.43 6250.43 6250.43 6250.43 6250.43 6250.43 6250.43 6250.43 6250.43 6250.43 6250.43 6250.43 6250.43 6250.43 6250.43 6250.43 6250.43 6250.43 6250.43 6250.43 6250.43 6250.43 6250.43 6250.43 6250.43 0 0 0 0 0 0 0 0 0 0 0 0 0 0 0 0 0 0 0 0 0 0 0 0 0
#obs catch bio
 4567.51 4796.55 6906.76 6992.21 8659.69 19877.8 20671.8 23097.7 29812 39351.3 46742.8 58746.8 78936.4 101568 116346 90390.2 81434.7 80895 81263.9 75734.3 80884.1 84521.7 94894.8 93670.9 96863.6 111994 110504 102132 137636
#pred cpue bio
 8395.27 9611.23 11881.1 13324.3 20864.1 34231.3 33545.7 35921.3 46970.2 57988.9 70479.9 95072.9 132025 156891 147954 116470 111579 115645 110331 102891 108433 115593 123527 122090 130091 140598 138823 141778 164123 3.83375e+06 851637 226618 102636 69263.9 60272.2 57891.8 57272.2 57113.1 57072.7 57062.5 57060 57059.3 57059.2 57059.2 57059.1 57059.1 57059.1 57059.1 57059.1 57059.1 57059.1 57059.1 57059.1 57059.1 57059.1 57059.1 57059.1 57059.1 57059.1 57059.1 57059.1 57059.1 57059.1 57059.1 57059.1 57059.1 57059.1 57059.1 57059.1 57059.1 57059.1 57059.1 57059.1 57059.1 57059.1 57059.1 57059.1 57059.1 57059.1 57059.1 57059.1 57059.1 57059.1 57059.1 57059.1 57059.1 57059.1 57059.1 57059.1 57059.1 57059.1 57059.1 57059.1 57059.1 57059.1 57059.1 57059.1 57059.1 57059.1 57059.1 57059.1 57059.1 57059.1 57059.1 57059.1 57059.1 57059.1 57059.1 57059.1 57059.1 57059.1 57059.1 57059.1 57059.1 57059.1 57059.1 57059.1 57059.1 57059.1 57059.1 57059.1 57059.1 57059.1 57059.1 57059.1 57059.1 57059.1 57059.1 57059.1 0 0 0 0 0 0 0 0 0 0 0 0 0 0 0 0 0 0 0 0 0 0 0 0 0
#obs cpue bio
 5782.4 11425.3 8899.95 10009.8 27978.6 21222.9 32967.1 25769.3 53314.8 49969.6 73608.6 103992 179657 189699 124585 101470 106057 139971 133080 100318 157889 122896 164802 142063 185894 187397 151548 169337 151190
#pred surv len freq
 2.5672e-27 2.59923e-27 4.26576e-26 8.45901e-20 2.07362e-14 6.14452e-10 2.20086e-06 0.00095289 0.0498708 0.315496 0.241511 0.0379393 0.119102 0.109999 0.0274323 0.0352078 0.0158245 0.0131045 0.00837615 0.00651601 0.00512814 0.0043825 0.00429491 0.00373077 0.00112911
 2.57007e-27 2.6066e-27 4.87074e-26 9.73508e-20 2.38644e-14 7.07144e-10 2.53287e-06 0.00109664 0.057394 0.36309 0.277887 0.0401157 0.11011 0.10126 0.0181666 0.0160153 0.00599459 0.00346473 0.00179382 0.00115596 0.000778553 0.000581923 0.000508126 0.000439827 0.000145479
 2.56962e-27 2.60524e-27 4.73409e-26 9.44674e-20 2.31575e-14 6.862e-10 2.45785e-06 0.00106416 0.0556941 0.352336 0.269703 0.0418732 0.129234 0.118683 0.0172165 0.00939803 0.00299736 0.00101389 0.000382485 0.000173539 8.95134e-05 5.46737e-05 4.04585e-05 3.29121e-05 1.1243e-05
 2.56974e-27 2.60555e-27 4.76021e-26 9.50183e-20 2.32926e-14 6.90201e-10 2.47218e-06 0.00107036 0.0560189 0.354391 0.271272 0.0418789 0.128175 0.117702 0.0169879 0.00910805 0.0026724 0.000521352 0.000139817 3.68406e-05 1.19594e-05 5.12134e-06 2.92766e-06 2.08092e-06 7.02704e-07
 2.57226e-27 2.61243e-27 5.3741e-26 1.07969e-19 2.64673e-14 7.84273e-10 2.80913e-06 0.00121625 0.063654 0.402692 0.308119 0.0396501 0.0853258 0.0782528 0.0116662 0.00690339 0.00202659 0.000386013 8.80409e-05 1.3142e-05 2.32166e-06 5.32424e-07 1.91406e-07 1.05646e-07 3.36021e-08
 2.5692e-27 2.60405e-27 4.62505e-26 9.21669e-20 2.25936e-14 6.69489e-10 2.398e-06 0.00103824 0.0543378 0.343756 0.263161 0.042484 0.138478 0.127162 0.0177967 0.00857284 0.00253338 0.000534019 0.00012366 1.72599e-05 2.01716e-06 2.11743e-07 3.32344e-08 1.10022e-08 3.04375e-09
 2.5684e-27 2.6019e-27 4.43573e-26 8.81732e-20 2.16146e-14 6.40479e-10 2.29409e-06 0.000993252 0.0519832 0.32886 0.251794 0.042933 0.149882 0.137718 0.0202542 0.0115149 0.00333996 0.000572609 0.000129966 1.97879e-05 2.27825e-06 1.73431e-07 1.05884e-08 1.23331e-09 2.41505e-10
 2.57106e-27 2.60917e-27 5.08306e-26 1.01829e-19 2.49622e-14 7.39675e-10 2.64939e-06 0.00114709 0.0600343 0.379793 0.29065 0.040673 0.105384 0.0967265 0.0142926 0.00824302 0.00243508 0.000492002 0.000110628 1.41264e-05 1.64433e-06 1.29486e-07 5.80346e-09 1.99039e-10 1.48428e-11
 2.57057e-27 2.60777e-27 4.95414e-26 9.91094e-20 2.42955e-14 7.19919e-10 2.57863e-06 0.00111645 0.0584308 0.369649 0.282917 0.0414937 0.117062 0.107399 0.0142998 0.00557289 0.0016304 0.000334727 7.81509e-05 1.14058e-05 1.23694e-06 8.83572e-08 4.03207e-09 9.34648e-11 1.61793e-12
 2.57044e-27 2.60744e-27 4.92543e-26 9.85036e-20 2.4147e-14 7.15518e-10 2.56287e-06 0.00110962 0.0580737 0.36739 0.281193 0.041531 0.118558 0.108795 0.0148188 0.0064008 0.00181053 0.000254701 5.45042e-05 8.13074e-06 9.57941e-07 7.1304e-08 2.93889e-09 6.54258e-11 6.41103e-13
 2.57092e-27 2.60874e-27 5.04102e-26 1.00942e-19 2.47448e-14 7.33232e-10 2.62631e-06 0.00113709 0.0595114 0.376485 0.288132 0.0411681 0.110921 0.10175 0.0136177 0.00543659 0.00154594 0.00023833 4.86784e-05 5.18481e-06 5.65194e-07 4.44642e-08 1.95607e-09 4.08821e-11 3.62602e-13
 2.57129e-27 2.60973e-27 5.12898e-26 1.02798e-19 2.51996e-14 7.46711e-10 2.67459e-06 0.001158 0.0606053 0.383406 0.293412 0.0408693 0.104937 0.0962365 0.0127918 0.00494093 0.0013948 0.00020015 4.06885e-05 4.62106e-06 4.28981e-07 2.63144e-08 1.1655e-09 2.58831e-11 2.22205e-13
 2.57067e-27 2.60804e-27 4.97838e-26 9.96207e-20 2.44208e-14 7.23633e-10 2.59193e-06 0.00112221 0.0587323 0.371556 0.284372 0.0413874 0.115231 0.105721 0.0142021 0.00576859 0.00162744 0.000226628 4.51116e-05 4.81975e-06 4.5371e-07 2.66552e-08 9.22785e-10 1.90655e-11 1.71264e-13
 2.56949e-27 2.60483e-27 4.69329e-26 9.36065e-20 2.29465e-14 6.79946e-10 2.43545e-06 0.00105446 0.0551865 0.349125 0.267259 0.0423318 0.134442 0.123429 0.0169768 0.00763743 0.00216972 0.000316102 6.34664e-05 6.58136e-06 5.952e-07 3.37825e-08 1.14321e-09 1.94788e-11 1.54885e-13
 2.56883e-27 2.60304e-27 4.53439e-26 9.02544e-20 2.21248e-14 6.55597e-10 2.34824e-06 0.0010167 0.0532102 0.336623 0.25772 0.0428628 0.145184 0.133328 0.0184934 0.00860453 0.00246721 0.000395233 8.20156e-05 8.85361e-06 8.00149e-07 4.36661e-08 1.41509e-09 2.32702e-11 1.5947e-13
 2.5697e-27 2.60539e-27 4.74155e-26 9.46245e-20 2.3196e-14 6.8734e-10 2.46194e-06 0.00106592 0.0557867 0.352922 0.270158 0.042343 0.13249 0.121588 0.0159385 0.00573552 0.0016352 0.000270593 5.75419e-05 6.77847e-06 6.41074e-07 3.59272e-08 1.13457e-09 1.78314e-11 1.16701e-13
 2.57049e-27 2.60755e-27 4.93334e-26 9.86705e-20 2.41879e-14 7.1673e-10 2.56721e-06 0.0011115 0.058172 0.368012 0.28167 0.0416552 0.119167 0.109321 0.0142637 0.00500269 0.00139711 0.000182927 3.66011e-05 4.45163e-06 4.43651e-07 2.69108e-08 8.82805e-10 1.37567e-11 8.63261e-14
 2.56978e-27 2.60559e-27 4.75887e-26 9.49899e-20 2.32856e-14 6.89995e-10 2.47145e-06 0.00107004 0.0560021 0.354285 0.271198 0.0423016 0.131444 0.120622 0.015748 0.00554242 0.00154558 0.000197693 3.77481e-05 3.7202e-06 3.52612e-07 2.23876e-08 7.92641e-10 1.30357e-11 8.21957e-14
 2.56946e-27 2.60473e-27 4.68327e-26 9.3395e-20 2.28947e-14 6.7841e-10 2.42995e-06 0.00105208 0.0550619 0.348336 0.266659 0.0424772 0.13597 0.124811 0.0167291 0.00672401 0.00188468 0.000241769 4.6056e-05 4.4027e-06 3.72714e-07 2.01093e-08 7.18307e-10 1.26589e-11 8.48924e-14
 2.57028e-27 2.60698e-27 4.88339e-26 9.76168e-20 2.39296e-14 7.09077e-10 2.53979e-06 0.00109963 0.0575508 0.364082 0.278671 0.0417951 0.122339 0.11225 0.0148248 0.0055453 0.00156438 0.000225658 4.46231e-05 4.27685e-06 3.57766e-07 1.7879e-08 5.43482e-10 9.10644e-12 6.45107e-14
 2.57048e-27 2.60751e-27 4.92988e-26 9.85975e-20 2.417e-14 7.162e-10 2.56531e-06 0.00111068 0.058129 0.36774 0.281462 0.0416735 0.119453 0.109583 0.0142724 0.00495708 0.00138737 0.000187776 3.7083e-05 3.95183e-06 3.43494e-07 1.71027e-08 4.92242e-10 7.16782e-12 4.65815e-14
 2.57061e-27 2.60788e-27 4.9623e-26 9.92814e-20 2.43376e-14 7.21167e-10 2.5831e-06 0.00111838 0.0585322 0.370291 0.283409 0.0415955 0.117492 0.107768 0.0138664 0.00448802 0.00124648 0.000158124 3.02594e-05 3.05579e-06 2.73796e-07 1.49038e-08 4.35533e-10 6.08614e-12 3.51436e-14
 2.57026e-27 2.60692e-27 4.87725e-26 9.74871e-20 2.38978e-14 7.08134e-10 2.53642e-06 0.00109817 0.0574744 0.363599 0.278304 0.0419021 0.123412 0.11322 0.0146211 0.0048361 0.00133887 0.000159967 2.96749e-05 2.81725e-06 2.40667e-07 1.28219e-08 4.02408e-10 5.87343e-12 3.29919e-14
 2.57056e-27 2.60771e-27 4.94741e-26 9.89673e-20 2.42606e-14 7.18886e-10 2.57493e-06 0.00111485 0.058347 0.369119 0.282516 0.0416885 0.118827 0.108989 0.013873 0.00419588 0.00115848 0.000140916 2.6097e-05 2.34086e-06 1.90288e-07 9.49506e-09 2.87288e-10 4.3622e-12 2.58709e-14
 2.57081e-27 2.60841e-27 5.00946e-26 1.00276e-19 2.45815e-14 7.28395e-10 2.60899e-06 0.00112959 0.0591188 0.374002 0.28624 0.0414546 0.11443 0.104943 0.0133634 0.00405209 0.00111349 0.000125795 2.27e-05 2.06461e-06 1.6484e-07 7.72264e-09 2.18876e-10 3.1649e-12 1.90693e-14
 2.57047e-27 2.60747e-27 4.92521e-26 9.84989e-20 2.41458e-14 7.15484e-10 2.56274e-06 0.00110957 0.0580709 0.367372 0.281183 0.0417709 0.12039 0.110428 0.014066 0.00427332 0.00117454 0.000132932 2.37716e-05 2.02185e-06 1.57862e-07 7.39812e-09 1.99809e-10 2.69482e-12 1.53684e-14
 2.57061e-27 2.60785e-27 4.95936e-26 9.92194e-20 2.43224e-14 7.20717e-10 2.58149e-06 0.00111769 0.0584957 0.370059 0.283234 0.0416861 0.118304 0.108499 0.0136392 0.00378621 0.00103625 0.000117461 2.10234e-05 1.78727e-06 1.35744e-07 6.00433e-09 1.60388e-10 2.09389e-12 1.11738e-14
 2.57074e-27 2.60821e-27 4.99073e-26 9.98812e-20 2.44847e-14 7.25524e-10 2.59871e-06 0.00112514 0.0588858 0.372528 0.285116 0.0415706 0.116102 0.106472 0.0133741 0.00369171 0.00100566 0.000106063 1.84159e-05 1.56682e-06 1.19075e-07 5.19944e-09 1.32242e-10 1.67118e-12 8.68725e-15
 2.57086e-27 2.60856e-27 5.02349e-26 1.00572e-19 2.46541e-14 7.30544e-10 2.61669e-06 0.00113293 0.0592932 0.375105 0.287081 0.0413516 0.113055 0.103689 0.013416 0.00448668 0.00123275 0.000129415 2.22246e-05 1.76976e-06 1.30484e-07 5.69647e-09 1.43821e-10 1.75157e-12 8.73524e-15
#obs surv len freq
 1.76933e-41 2.45571e-33 4.11996e-26 8.35519e-20 2.04818e-14 6.06912e-10 2.17386e-06 0.000941207 0.049259 0.311627 0.23869 0.0440492 0.151834 0.128603 0.0360328 0.0275643 0.008269 0.00257064 0.00049772 5.74269e-05 2.87614e-06 4.5742e-08 1.73101e-10 1.25598e-13 1.50956e-17
 2.18104e-41 3.02714e-33 5.07866e-26 1.02994e-19 2.52478e-14 7.48138e-10 2.67971e-06 0.00116022 0.0607214 0.384141 0.294032 0.0420066 0.096709 0.0773832 0.0219551 0.0157596 0.0045525 0.00132012 0.000232704 2.34279e-05 9.73605e-07 1.21567e-08 3.45024e-11 1.82146e-14 1.56598e-18
 1.72662e-41 2.39643e-33 4.02051e-26 8.15352e-20 1.99874e-14 5.92263e-10 2.12139e-06 0.000918488 0.04807 0.304106 0.23314 0.0512344 0.181601 0.135607 0.0263554 0.0139153 0.00383822 0.00103268 0.000165347 1.43619e-05 4.89484e-07 4.7749e-09 1.01803e-11 3.92636e-15 2.4224e-19
 2.09066e-41 2.9017e-33 4.8682e-26 9.87262e-20 2.42016e-14 7.17136e-10 2.56867e-06 0.00111214 0.0582052 0.368223 0.282001 0.0458245 0.113408 0.081341 0.0280153 0.0177789 0.00334173 0.000647087 9.20936e-05 6.85602e-06 1.89712e-07 1.43349e-09 2.28955e-12 6.46404e-16 2.87378e-20
 2.36983e-41 3.28916e-33 5.51826e-26 1.11909e-19 2.74332e-14 8.12896e-10 2.91166e-06 0.00126065 0.0659773 0.417392 0.319518 0.0443119 0.0793228 0.0522408 0.0117142 0.00612518 0.00174927 0.000351056 3.23258e-05 1.86084e-06 4.12962e-08 2.40042e-10 2.85712e-13 5.89377e-17 1.89039e-21
 1.31669e-41 1.82748e-33 3.06597e-26 6.21773e-20 1.5242e-14 4.51649e-10 1.61773e-06 0.000700423 0.0366573 0.231908 0.178675 0.0712503 0.272608 0.166656 0.0281557 0.0108669 0.00207085 0.00040424 4.34318e-05 1.77078e-06 2.72292e-08 1.18369e-10 1.04443e-13 1.56954e-17 3.62619e-22
 2.21454e-41 3.07363e-33 5.15666e-26 1.04576e-19 2.56356e-14 7.59629e-10 2.72087e-06 0.00117804 0.061654 0.390042 0.29877 0.0467517 0.0889085 0.0564718 0.0352979 0.0181277 0.00246755 0.000301837 2.54549e-05 1.02568e-06 1.18989e-08 3.44702e-11 2.13754e-14 2.31248e-18 3.83803e-23
 1.9833e-41 2.7527e-33 4.61822e-26 9.36565e-20 2.29588e-14 6.80311e-10 2.43676e-06 0.00105503 0.0552163 0.349317 0.268154 0.0610806 0.15565 0.0829095 0.0160637 0.00742487 0.00271952 0.000387046 1.98389e-05 5.51756e-07 5.40316e-09 1.19838e-11 5.02125e-15 3.65765e-19 4.21818e-24
 2.0203e-41 2.80405e-33 4.70437e-26 9.54037e-20 2.33871e-14 6.93002e-10 2.48222e-06 0.00107472 0.0562464 0.355834 0.273222 0.0615609 0.143978 0.074176 0.0234947 0.00878647 0.00134596 0.000257579 2.01316e-05 4.02576e-07 2.4992e-09 4.13114e-12 1.31204e-15 6.74908e-20 5.25254e-25
 1.98643e-41 2.75704e-33 4.6255e-26 9.38042e-20 2.2995e-14 6.81384e-10 2.44061e-06 0.0010567 0.0553034 0.34987 0.268946 0.0668545 0.153477 0.0732921 0.0216512 0.00790215 0.00146781 0.000165281 1.10032e-05 2.78021e-07 1.45528e-09 1.54691e-12 3.31221e-16 1.23259e-20 6.96027e-26
 2.0988e-41 2.913e-33 4.88716e-26 9.91105e-20 2.42958e-14 7.19928e-10 2.57867e-06 0.00111647 0.0584318 0.369662 0.284118 0.065873 0.133251 0.0602103 0.0195964 0.00649319 0.00111413 0.000125422 6.13595e-06 1.16343e-07 6.11266e-10 5.83425e-13 8.91475e-17 2.17374e-21 8.26721e-27
 2.04231e-41 2.83459e-33 4.75561e-26 9.64428e-20 2.36418e-14 7.0055e-10 2.50926e-06 0.00108642 0.056859 0.359715 0.276958 0.0732485 0.147049 0.0610951 0.0176363 0.00534523 0.000910169 9.11409e-05 3.96529e-06 5.68543e-08 2.14357e-10 1.71522e-13 2.29064e-17 4.45355e-22 1.20859e-27
 1.99398e-41 2.76752e-33 4.64308e-26 9.41608e-20 2.30824e-14 6.83974e-10 2.44988e-06 0.00106072 0.0555136 0.351207 0.270928 0.0796784 0.154551 0.0613303 0.019618 0.00527055 0.000768262 6.93576e-05 2.62306e-06 3.08313e-08 8.71584e-11 4.91451e-14 4.86177e-18 7.50905e-23 1.64708e-28
 1.86746e-41 2.59192e-33 4.34848e-26 8.81863e-20 2.16178e-14 6.40576e-10 2.29444e-06 0.000993412 0.0519913 0.328929 0.254738 0.0913711 0.175556 0.066767 0.0228959 0.00585957 0.000831744 6.24608e-05 1.95218e-06 1.87811e-08 4.15019e-11 1.73896e-14 1.22004e-18 1.32252e-23 2.09256e-29
 1.69495e-41 2.35247e-33 3.94676e-26 8.00395e-20 1.96207e-14 5.81399e-10 2.08248e-06 0.00090164 0.0471883 0.298553 0.232694 0.10623 0.200611 0.0757972 0.0296657 0.00726801 0.00101729 6.97253e-05 1.78826e-06 1.33518e-08 2.27945e-11 7.24153e-15 3.75307e-19 2.92817e-24 3.26526e-30
 1.90847e-41 2.64883e-33 4.44396e-26 9.01226e-20 2.20925e-14 6.54641e-10 2.34482e-06 0.00101523 0.0531329 0.336161 0.261133 0.0956425 0.155214 0.0613211 0.0282801 0.00702188 0.00100979 6.43846e-05 1.43404e-06 8.49559e-09 1.08742e-11 2.55899e-15 9.79858e-20 5.60324e-25 4.52847e-31
 1.86094e-41 2.58286e-33 4.33328e-26 8.7878e-20 2.15423e-14 6.38336e-10 2.28642e-06 0.000989939 0.0518095 0.327802 0.256047 0.109517 0.169149 0.0572912 0.0210331 0.00546834 0.0008374 5.19374e-05 1.03086e-06 5.04113e-09 4.99646e-12 8.698e-16 2.41449e-20 9.97172e-26 5.82276e-32
 1.83181e-41 2.54243e-33 4.26546e-26 8.65026e-20 2.12051e-14 6.28346e-10 2.25063e-06 0.000974446 0.0509987 0.322686 0.253229 0.117211 0.168965 0.0585292 0.0221523 0.00459087 0.000622124 3.84298e-05 7.02477e-07 2.91684e-09 2.30727e-12 3.06782e-16 6.29779e-21 1.88266e-26 7.86944e-33
 1.86308e-41 2.58583e-33 4.33827e-26 8.79793e-20 2.15671e-14 6.39072e-10 2.28905e-06 0.000991081 0.0518693 0.328208 0.258389 0.121237 0.160016 0.0544575 0.0202379 0.00409784 0.000471418 2.37701e-05 3.87135e-07 1.39466e-09 9.02861e-13 9.3979e-17 1.46379e-21 3.24644e-27 9.90037e-34
 1.93801e-41 2.68983e-33 4.51275e-26 9.15176e-20 2.24345e-14 6.64774e-10 2.38111e-06 0.00103094 0.0539554 0.341419 0.269203 0.121507 0.144829 0.0477387 0.0167443 0.00321396 0.000341487 1.42649e-05 1.81095e-07 5.28979e-10 2.80031e-13 2.32295e-17 2.80122e-22 4.70201e-28 1.06711e-34
 1.94154e-41 2.69473e-33 4.52097e-26 9.16844e-20 2.24754e-14 6.65986e-10 2.38545e-06 0.00103282 0.0540538 0.342068 0.271293 0.129639 0.142409 0.0433709 0.0135299 0.00236854 0.000225459 8.12029e-06 8.17316e-08 1.79629e-10 7.2128e-14 4.62188e-18 4.31202e-23 5.54198e-29 9.50131e-36
 1.98515e-41 2.75526e-33 4.62252e-26 9.37438e-20 2.29802e-14 6.80944e-10 2.43903e-06 0.00105602 0.0552679 0.349775 0.278332 0.131407 0.131497 0.0394255 0.0113819 0.00171283 0.000138394 4.18076e-06 3.39714e-08 5.72656e-11 1.69635e-14 7.93831e-19 5.45352e-24 5.21588e-30 6.68882e-37
 1.91459e-41 2.65732e-33 4.4582e-26 9.04115e-20 2.21633e-14 6.5674e-10 2.35233e-06 0.00101848 0.0533035 0.337403 0.271864 0.1469 0.138079 0.0394663 0.0104416 0.00142404 9.54689e-05 2.29196e-06 1.46287e-08 1.89915e-11 4.22214e-15 1.44783e-19 7.17861e-25 4.93165e-31 4.5549e-38
 1.9641e-41 2.72604e-33 4.5735e-26 9.27498e-20 2.27365e-14 6.73724e-10 2.41317e-06 0.00104482 0.0546822 0.346164 0.279749 0.145282 0.124994 0.0373854 0.00948014 0.00114866 6.52259e-05 1.23896e-06 5.9777e-09 5.80855e-12 9.61626e-16 2.43378e-20 8.80996e-26 4.37325e-32 2.89527e-39
 1.9357e-41 2.68663e-33 4.50737e-26 9.14086e-20 2.24077e-14 6.63983e-10 2.37828e-06 0.00102971 0.0538917 0.341241 0.279113 0.155983 0.124353 0.035088 0.00829214 0.000958789 4.66335e-05 7.06414e-07 2.58393e-09 1.84229e-12 2.21466e-16 4.06807e-21 1.06876e-26 3.84299e-33 1.83663e-40
 1.87919e-41 2.6082e-33 4.37579e-26 8.87402e-20 2.17536e-14 6.44599e-10 2.30885e-06 0.000999653 0.0523188 0.3314 0.275601 0.168951 0.126529 0.035664 0.0077067 0.000793355 3.3904e-05 4.21091e-07 1.17985e-09 6.21322e-13 5.40137e-17 7.09975e-22 1.33101e-27 3.41841e-34 1.16883e-41
 1.78914e-41 2.4832e-33 4.16609e-26 8.44874e-20 2.07111e-14 6.13707e-10 2.1982e-06 0.000951745 0.049812 0.315696 0.268803 0.184894 0.132085 0.0389505 0.00803121 0.000746541 2.68845e-05 2.73161e-07 6.01069e-10 2.37816e-13 1.50974e-17 1.42707e-22 1.9072e-28 3.47515e-35 8.41395e-43
 1.82122e-41 2.52773e-33 4.24079e-26 8.60024e-20 2.10825e-14 6.24713e-10 2.23762e-06 0.000968812 0.0507057 0.321467 0.275543 0.182435 0.122529 0.0380186 0.00764277 0.000667455 2.05603e-05 1.67497e-07 2.86177e-10 8.61071e-14 4.06608e-18 2.80369e-23 2.69674e-29 3.50745e-36 6.03167e-44
 1.82129e-41 2.52783e-33 4.24097e-26 8.60059e-20 2.10833e-14 6.24738e-10 2.23771e-06 0.000968851 0.0507078 0.32148 0.27556 0.18271 0.123516 0.0374027 0.00707155 0.000565331 1.53798e-05 1.07323e-07 1.535e-10 3.80819e-14 1.46838e-18 8.21353e-24 6.37904e-30 6.67676e-37 9.21742e-45
#pred catch len freq
 2.5663e-27 2.59674e-27 4.04025e-26 7.98326e-20 1.957e-14 5.79894e-10 2.07708e-06 0.000899297 0.047066 0.297752 0.227979 0.0390252 0.136873 0.126322 0.028965 0.0345816 0.0154417 0.0126774 0.00809396 0.0062937 0.00495283 0.00423263 0.00414803 0.00360319 0.0010905
 2.56994e-27 2.60623e-27 4.83407e-26 9.65769e-20 2.36747e-14 7.01523e-10 2.51274e-06 0.00108792 0.0569378 0.360204 0.27569 0.0405274 0.114786 0.105518 0.0178794 0.0142785 0.00531442 0.0030406 0.00157215 0.00101258 0.000681928 0.000509695 0.000445057 0.000385235 0.000127422
 2.56973e-27 2.60552e-27 4.75661e-26 9.49423e-20 2.3274e-14 6.89649e-10 2.47021e-06 0.00106951 0.0559741 0.354107 0.271057 0.0419501 0.128869 0.118314 0.0165756 0.00802686 0.00254595 0.000851538 0.000320666 0.000145391 7.49865e-05 4.58001e-05 3.3892e-05 2.75703e-05 9.41824e-06
 2.56963e-27 2.60522e-27 4.72927e-26 9.43656e-20 2.31326e-14 6.8546e-10 2.4552e-06 0.00106301 0.055634 0.351956 0.269417 0.0421297 0.131387 0.120629 0.0168243 0.00799822 0.00233617 0.000450649 0.000120537 3.17331e-05 1.02997e-05 4.4105e-06 2.52129e-06 1.79208e-06 6.05166e-07
 2.57185e-27 2.61132e-27 5.27332e-26 1.05843e-19 2.59461e-14 7.6883e-10 2.75382e-06 0.0011923 0.0624006 0.394763 0.302072 0.0401087 0.0930651 0.0853575 0.0122516 0.00644982 0.00188569 0.000355166 8.07998e-05 1.205e-05 2.12821e-06 4.88039e-07 1.75449e-07 9.6838e-08 3.08007e-08
 2.56932e-27 2.60436e-27 4.65091e-26 9.27123e-20 2.27273e-14 6.73451e-10 2.41219e-06 0.00104438 0.0546593 0.34579 0.264715 0.0425233 0.137686 0.126403 0.017157 0.007305 0.00214764 0.000447612 0.000103415 1.44211e-05 1.68498e-06 1.76862e-07 2.77593e-08 9.18967e-09 2.54231e-09
 2.56869e-27 2.60267e-27 4.50279e-26 8.95878e-20 2.19614e-14 6.50755e-10 2.33089e-06 0.00100919 0.0528173 0.334137 0.255822 0.0428713 0.146582 0.134639 0.0190936 0.00964378 0.00278576 0.00047233 0.000106901 1.62613e-05 1.8718e-06 1.42482e-07 8.69878e-09 1.0132e-09 1.98404e-10
 2.57131e-27 2.60983e-27 5.14072e-26 1.03045e-19 2.52604e-14 7.48509e-10 2.68104e-06 0.00116079 0.0607513 0.384329 0.294113 0.0405966 0.10237 0.0939222 0.013375 0.00685632 0.00201676 0.00040291 9.03814e-05 1.15307e-05 1.34181e-06 1.05657e-07 4.73543e-09 1.62409e-10 1.21112e-11
 2.57081e-27 2.60842e-27 5.01159e-26 1.00321e-19 2.45925e-14 7.28721e-10 2.61016e-06 0.0011301 0.0591453 0.374169 0.286366 0.0413668 0.113673 0.104261 0.0135454 0.00464263 0.00134982 0.000274007 6.3823e-05 9.30634e-06 1.00903e-06 7.20721e-08 3.28887e-09 7.62372e-11 1.31971e-12
 2.57084e-27 2.6085e-27 5.01884e-26 1.00474e-19 2.46301e-14 7.29833e-10 2.61414e-06 0.00113182 0.0592355 0.37474 0.286801 0.0412842 0.11274 0.103417 0.0137064 0.00521851 0.00146854 0.000204391 4.3587e-05 6.49615e-06 7.65181e-07 5.69527e-08 2.34735e-09 5.22568e-11 5.1206e-13
 2.57124e-27 2.60959e-27 5.11568e-26 1.02517e-19 2.51308e-14 7.44672e-10 2.66729e-06 0.00115483 0.0604399 0.382359 0.292614 0.0409739 0.106294 0.0974723 0.0127208 0.00446871 0.00126351 0.000192678 3.92331e-05 4.17499e-06 4.54966e-07 3.57903e-08 1.57447e-09 3.29064e-11 2.91862e-13
 2.57143e-27 2.61012e-27 5.16272e-26 1.03509e-19 2.53741e-14 7.5188e-10 2.69311e-06 0.00116601 0.0610249 0.38606 0.295438 0.0408187 0.103129 0.0945553 0.0122663 0.00416625 0.00116932 0.000166001 3.3634e-05 3.81638e-06 3.54178e-07 2.17243e-08 9.62178e-10 2.13678e-11 1.83442e-13
 2.57082e-27 2.60844e-27 5.01361e-26 1.00364e-19 2.4603e-14 7.29031e-10 2.61127e-06 0.00113058 0.0591705 0.374328 0.286488 0.0413443 0.113417 0.104031 0.0136213 0.00487012 0.00136647 0.000188267 3.73477e-05 3.98661e-06 3.75165e-07 2.20392e-08 7.62969e-10 1.57635e-11 1.41602e-13
 2.56989e-27 2.60592e-27 4.7897e-26 9.56403e-20 2.34451e-14 6.94719e-10 2.48837e-06 0.00107737 0.0563856 0.35671 0.273047 0.0420946 0.12857 0.117997 0.0157732 0.00626096 0.00176986 0.000255083 5.10485e-05 5.28886e-06 4.78157e-07 2.71374e-08 9.18319e-10 1.56469e-11 1.24416e-13
 2.56979e-27 2.60564e-27 4.7646e-26 9.51109e-20 2.33153e-14 6.90873e-10 2.47459e-06 0.0010714 0.0560734 0.354736 0.27154 0.0421547 0.130085 0.119398 0.0160791 0.0066065 0.00188502 0.000298674 6.1795e-05 6.66479e-06 6.02149e-07 3.28583e-08 1.06482e-09 1.75103e-11 1.19997e-13
 2.57047e-27 2.60749e-27 4.92784e-26 9.85545e-20 2.41595e-14 7.15888e-10 2.56419e-06 0.0011102 0.0581037 0.36758 0.281341 0.0417325 0.119987 0.110062 0.0141055 0.0044575 0.00126273 0.000206663 4.38204e-05 5.1574e-06 4.87624e-07 2.73256e-08 8.62921e-10 1.3562e-11 8.87593e-14
 2.57105e-27 2.60906e-27 5.06818e-26 1.01515e-19 2.48852e-14 7.37394e-10 2.64122e-06 0.00114355 0.0598492 0.378622 0.289764 0.0412239 0.110198 0.10105 0.0128978 0.00397082 0.00110198 0.000142776 2.84627e-05 3.45857e-06 3.44588e-07 2.09005e-08 6.85627e-10 1.06841e-11 6.70446e-14
 2.57034e-27 2.60712e-27 4.8947e-26 9.78553e-20 2.39881e-14 7.10809e-10 2.546e-06 0.00110232 0.0576914 0.364972 0.279352 0.0418748 0.122467 0.112342 0.0143469 0.00443252 0.00122837 0.000155486 2.9579e-05 2.91245e-06 2.75957e-07 1.75195e-08 6.20274e-10 1.0201e-11 6.43212e-14
 2.5702e-27 2.60676e-27 4.86312e-26 9.71892e-20 2.38247e-14 7.0597e-10 2.52867e-06 0.00109482 0.0572987 0.362487 0.277455 0.0419112 0.124077 0.113842 0.0148767 0.00526224 0.00146696 0.000186226 3.53444e-05 3.37568e-06 2.85672e-07 1.54119e-08 5.50505e-10 9.7017e-12 6.50607e-14
 2.57091e-27 2.60869e-27 5.03547e-26 1.00825e-19 2.4716e-14 7.3238e-10 2.62326e-06 0.00113577 0.0594422 0.376048 0.2878 0.041311 0.112242 0.102938 0.0132789 0.00436502 0.00122406 0.000174677 3.44289e-05 3.29686e-06 2.75693e-07 1.37764e-08 4.18766e-10 7.0167e-12 4.97068e-14
 2.57115e-27 2.60933e-27 5.09179e-26 1.02013e-19 2.50073e-14 7.41011e-10 2.65418e-06 0.00114916 0.0601428 0.38048 0.291182 0.0411394 0.10856 0.0995415 0.0126855 0.00386686 0.00107535 0.000144009 2.83398e-05 3.01733e-06 2.62187e-07 1.30534e-08 3.75691e-10 5.47063e-12 3.5552e-14
 2.57122e-27 2.60953e-27 5.10919e-26 1.0238e-19 2.50973e-14 7.43677e-10 2.66373e-06 0.00115329 0.0603591 0.381848 0.292226 0.0411073 0.107582 0.0986339 0.0124372 0.00352912 0.000973515 0.000122215 2.33001e-05 2.35085e-06 2.10565e-07 1.14611e-08 3.34921e-10 4.68016e-12 2.70249e-14
 2.57107e-27 2.60913e-27 5.07332e-26 1.01623e-19 2.49118e-14 7.3818e-10 2.64404e-06 0.00114477 0.059913 0.379026 0.290073 0.0412341 0.110059 0.100916 0.0127655 0.00370291 0.00101841 0.000120439 2.22535e-05 2.11077e-06 1.80252e-07 9.60245e-09 3.01363e-10 4.39859e-12 2.47075e-14
 2.57128e-27 2.6097e-27 5.12429e-26 1.02699e-19 2.51754e-14 7.45991e-10 2.67201e-06 0.00115688 0.0605469 0.383036 0.293133 0.0410788 0.106728 0.0978418 0.012222 0.00323783 0.000887497 0.000106847 1.97107e-05 1.76644e-06 1.43541e-07 7.16191e-09 2.16691e-10 3.29023e-12 1.95133e-14
 2.57147e-27 2.6102e-27 5.16919e-26 1.03646e-19 2.54075e-14 7.52871e-10 2.69666e-06 0.00116755 0.0611053 0.386569 0.295827 0.0409079 0.103534 0.094903 0.0118591 0.00314982 0.000859369 9.61146e-05 1.72714e-05 1.56944e-06 1.2526e-07 5.86788e-09 1.66305e-10 2.40472e-12 1.4489e-14
 2.57132e-27 2.6098e-27 5.13274e-26 1.02877e-19 2.52191e-14 7.47286e-10 2.67665e-06 0.00115889 0.060652 0.383701 0.29364 0.0410458 0.10612 0.0972828 0.0121596 0.00323591 0.000883063 9.89424e-05 1.76195e-05 1.49726e-06 1.16858e-07 5.47605e-09 1.47894e-10 1.99464e-12 1.13754e-14
 2.57143e-27 2.6101e-27 5.15945e-26 1.0344e-19 2.53572e-14 7.51378e-10 2.69131e-06 0.00116523 0.0609842 0.385802 0.295243 0.0409774 0.104473 0.0957597 0.0118327 0.00287437 0.00078052 8.7587e-05 1.56112e-05 1.32598e-06 1.0067e-07 4.45254e-09 1.18934e-10 1.5527e-12 8.2858e-15
 2.5713e-27 2.60974e-27 5.12709e-26 1.02758e-19 2.51898e-14 7.46419e-10 2.67355e-06 0.00115754 0.0605817 0.383256 0.293301 0.0411039 0.1068 0.0979005 0.0120892 0.00291995 0.000789206 8.24225e-05 1.42469e-05 1.21103e-06 9.20003e-08 4.0169e-09 1.02163e-10 1.29106e-12 6.71128e-15
 2.57173e-27 2.61093e-27 5.23489e-26 1.05032e-19 2.57473e-14 7.62939e-10 2.73272e-06 0.00118316 0.0619225 0.391739 0.29977 0.0406205 0.0985762 0.09035 0.011448 0.00335814 0.000916783 9.5308e-05 1.62938e-05 1.29634e-06 9.55396e-08 4.17058e-09 1.05294e-10 1.28235e-12 6.3952e-15
#obs catch len freq
 1.75314e-41 2.43324e-33 4.08227e-26 8.27876e-20 2.02944e-14 6.0136e-10 2.15397e-06 0.000932597 0.0488084 0.308776 0.236514 0.0441213 0.153715 0.130223 0.0366875 0.0282041 0.00864284 0.00275516 0.000548845 6.53126e-05 3.3981e-06 5.65911e-08 2.24674e-10 1.70217e-13 2.12208e-17
 1.77367e-41 2.46173e-33 4.13007e-26 8.3757e-20 2.0532e-14 6.08402e-10 2.1792e-06 0.000943517 0.0493799 0.312392 0.239333 0.0459767 0.155342 0.124551 0.0358211 0.0259267 0.00761543 0.00226005 0.000412106 4.29184e-05 1.84659e-06 2.3925e-08 7.06268e-11 3.87601e-14 3.45234e-18
 2.18938e-41 3.03872e-33 5.09808e-26 1.03388e-19 2.53443e-14 7.50999e-10 2.68996e-06 0.00116466 0.0609536 0.38561 0.295196 0.0432825 0.0980503 0.0740768 0.0216007 0.0145933 0.00412837 0.00113608 0.000187487 1.68947e-05 5.97231e-07 6.02305e-09 1.32568e-11 5.2756e-15 3.355e-19
 1.74288e-41 2.419e-33 4.05838e-26 8.23031e-20 2.01757e-14 5.97841e-10 2.14137e-06 0.000927139 0.0485228 0.30697 0.23542 0.0537507 0.183336 0.128617 0.0252559 0.0127416 0.00344195 0.000874118 0.000130126 1.00267e-05 2.87983e-07 2.2512e-09 3.70179e-12 1.07267e-15 4.88645e-20
 2.10973e-41 2.92816e-33 4.9126e-26 9.96265e-20 2.44223e-14 7.23676e-10 2.59209e-06 0.00112229 0.058736 0.371581 0.28463 0.04745 0.113339 0.0765591 0.0272287 0.0158753 0.00286624 0.00053392 7.03101e-05 4.60088e-06 1.06291e-07 6.38959e-10 7.83164e-13 1.656e-16 5.42615e-21
 2.386e-41 3.31161e-33 5.55592e-26 1.12673e-19 2.76204e-14 8.18444e-10 2.93153e-06 0.00126925 0.0664277 0.420241 0.321743 0.0454086 0.0783282 0.0482871 0.0110361 0.0054435 0.00151264 0.000275763 2.3536e-05 1.19587e-06 2.19767e-08 1.00929e-10 9.17656e-14 1.41359e-17 3.33562e-22
 1.35161e-41 1.87594e-33 3.14728e-26 6.38262e-20 1.56462e-14 4.63627e-10 1.66064e-06 0.000718998 0.0376295 0.238059 0.183586 0.0756879 0.271577 0.154773 0.0262906 0.00955234 0.00176709 0.00032479 3.10373e-05 1.09404e-06 1.40008e-08 4.79158e-11 3.21619e-14 3.59936e-18 6.10728e-23
 2.24352e-41 3.11386e-33 5.22415e-26 1.05945e-19 2.59711e-14 7.69571e-10 2.75648e-06 0.00119346 0.0624609 0.395147 0.302743 0.0481332 0.0867675 0.0524259 0.033514 0.0153776 0.00198775 0.000229092 1.76287e-05 6.02829e-07 5.6901e-09 1.29815e-11 6.12176e-15 4.92207e-19 5.98992e-24
 2.01967e-41 2.80318e-33 4.70291e-26 9.5374e-20 2.33798e-14 6.92787e-10 2.48145e-06 0.00107438 0.0562289 0.355724 0.273197 0.0634626 0.151406 0.0750187 0.0147501 0.00657636 0.00226508 0.000282075 1.30461e-05 3.13599e-07 2.48373e-09 4.27931e-12 1.3599e-15 7.36343e-20 6.22052e-25
 2.06068e-41 2.86009e-33 4.79839e-26 9.73105e-20 2.38545e-14 7.06853e-10 2.53183e-06 0.0010962 0.0573705 0.362947 0.278812 0.0637505 0.138866 0.0670038 0.0215592 0.00728755 0.00109638 0.000194542 1.28387e-05 2.14624e-07 1.08773e-09 1.39807e-12 3.34892e-16 1.27772e-20 7.2873e-26
 2.02992e-41 2.8174e-33 4.72678e-26 9.58581e-20 2.34985e-14 6.96303e-10 2.49404e-06 0.00107983 0.0565142 0.357532 0.274994 0.0692297 0.147302 0.0657922 0.01968 0.0065896 0.0011591 0.000118587 7.06431e-06 1.45017e-07 5.99174e-10 4.94214e-13 7.9993e-17 2.20435e-21 9.11073e-27
 2.14093e-41 2.97147e-33 4.98526e-26 1.011e-19 2.47835e-14 7.34379e-10 2.63043e-06 0.00113888 0.0596047 0.377083 0.289979 0.0678385 0.126753 0.0537271 0.017594 0.00532021 0.000867882 8.75456e-05 3.72578e-06 5.89425e-08 2.42907e-10 1.76481e-13 2.02516e-17 3.65876e-22 1.01793e-27
 2.08867e-41 2.89894e-33 4.86357e-26 9.86322e-20 2.41785e-14 7.16454e-10 2.56622e-06 0.00111109 0.0581498 0.367883 0.283445 0.0753983 0.13914 0.054115 0.0156427 0.00435128 0.000697047 6.22845e-05 2.32861e-06 2.73707e-08 8.1469e-11 4.96329e-14 4.93835e-18 7.07977e-23 1.40624e-28
 2.04426e-41 2.8373e-33 4.76017e-26 9.65352e-20 2.36645e-14 7.01222e-10 2.51166e-06 0.00108746 0.0569135 0.360065 0.278001 0.0819423 0.145576 0.0543314 0.0172362 0.00421826 0.000577902 4.63924e-05 1.4923e-06 1.42383e-08 3.14616e-11 1.34901e-14 9.93938e-19 1.12759e-23 1.803e-29
 1.92429e-41 2.67078e-33 4.48079e-26 9.08696e-20 2.22756e-14 6.60067e-10 2.36425e-06 0.00102364 0.0535732 0.338942 0.262804 0.0940535 0.164987 0.0592987 0.0199857 0.00467398 0.000613949 4.06766e-05 1.0773e-06 8.34752e-09 1.43184e-11 4.53853e-15 2.3663e-19 1.88229e-24 2.16592e-30
 1.75765e-41 2.43951e-33 4.09278e-26 8.30007e-20 2.03467e-14 6.02908e-10 2.15952e-06 0.000934998 0.0489341 0.309605 0.241724 0.109654 0.188741 0.068007 0.0258144 0.00579378 0.000743834 4.4483e-05 9.55119e-07 5.71788e-09 7.54317e-12 1.80528e-15 6.93339e-20 3.96415e-25 3.2138e-31
 1.96806e-41 2.73154e-33 4.58273e-26 9.29368e-20 2.27824e-14 6.75083e-10 2.41804e-06 0.00104693 0.054792 0.346664 0.269656 0.0977805 0.144388 0.0551067 0.0242535 0.00554744 0.000722181 3.98408e-05 7.3398e-07 3.45314e-09 3.40004e-12 6.01167e-16 1.70185e-20 7.11923e-26 4.17896e-32
 1.92218e-41 2.66786e-33 4.47589e-26 9.07702e-20 2.22513e-14 6.59345e-10 2.36167e-06 0.00102252 0.0535147 0.338599 0.264944 0.111699 0.156584 0.0507423 0.0179332 0.00433429 0.000593226 3.15038e-05 5.11185e-07 1.96693e-09 1.48976e-12 1.94165e-16 3.97742e-21 1.19997e-26 5.08286e-33
 1.89581e-41 2.63126e-33 4.41448e-26 8.95248e-20 2.1946e-14 6.50299e-10 2.32926e-06 0.00100849 0.0527805 0.33397 0.262609 0.119179 0.155836 0.0520362 0.0185592 0.00355915 0.000436491 2.28799e-05 3.37726e-07 1.09283e-09 6.56262e-13 6.50527e-17 9.83074e-22 2.14411e-27 6.49635e-34
 1.92684e-41 2.67432e-33 4.48673e-26 9.099e-20 2.23051e-14 6.60942e-10 2.36739e-06 0.001025 0.0536443 0.339452 0.267811 0.12271 0.1468 0.0482836 0.0168068 0.00313048 0.000320499 1.37811e-05 1.80376e-07 5.01699e-10 2.44881e-13 1.89176e-17 2.16292e-22 3.49388e-28 7.71653e-35
 2.00011e-41 2.77602e-33 4.65735e-26 9.44501e-20 2.31533e-14 6.86076e-10 2.45741e-06 0.00106397 0.0556843 0.352375 0.278421 0.122196 0.131866 0.0420145 0.0137231 0.00241928 0.000226189 7.94692e-06 8.09313e-08 1.82055e-10 7.2278e-14 4.42939e-18 3.90854e-23 4.76878e-29 7.82796e-36
 2.00391e-41 2.78129e-33 4.66619e-26 9.46295e-20 2.31973e-14 6.87378e-10 2.46208e-06 0.00106599 0.0557901 0.353076 0.280668 0.129775 0.128939 0.0378267 0.0109526 0.00175474 0.000146039 4.37544e-06 3.49775e-08 5.899e-11 1.77299e-14 8.36853e-19 5.69578e-24 5.30847e-30 6.57216e-37
 2.04606e-41 2.8398e-33 4.76435e-26 9.66201e-20 2.36853e-14 7.01838e-10 2.51387e-06 0.00108842 0.0569638 0.360532 0.287561 0.13086 0.118428 0.0341705 0.00906365 0.0012414 8.72601e-05 2.17674e-06 1.39359e-08 1.79148e-11 3.95982e-15 1.36263e-19 6.81657e-25 4.71733e-31 4.35939e-38
 1.97864e-41 2.74622e-33 4.60736e-26 9.34363e-20 2.29048e-14 6.78711e-10 2.43103e-06 0.00105255 0.0550869 0.348726 0.281771 0.145897 0.124108 0.0340436 0.00824024 0.00101361 5.85239e-05 1.15374e-06 5.77141e-09 5.68619e-12 9.39891e-16 2.365e-20 8.52864e-26 4.23522e-32 2.81523e-39
 2.02651e-41 2.81267e-33 4.71883e-26 9.5697e-20 2.3459e-14 6.95132e-10 2.48985e-06 0.00107802 0.0564198 0.357203 0.289451 0.143572 0.111965 0.0320952 0.00737314 0.000800323 3.8761e-05 5.99039e-07 2.25458e-09 1.65725e-12 2.03424e-16 3.7698e-21 9.91117e-27 3.55354e-33 1.69246e-40
 1.99943e-41 2.77508e-33 4.65577e-26 9.4418e-20 2.31455e-14 6.85842e-10 2.45658e-06 0.00106361 0.0556661 0.352528 0.289193 0.153552 0.111002 0.0299071 0.00640243 0.000656169 2.69186e-05 3.28994e-07 9.33014e-10 5.0154e-13 4.46125e-17 5.99028e-22 1.14137e-27 2.96098e-34 1.01726e-41
 1.94493e-41 2.69944e-33 4.52887e-26 9.18446e-20 2.25146e-14 6.6715e-10 2.38962e-06 0.00103462 0.0541493 0.343063 0.286238 0.165908 0.11293 0.0302405 0.005881 0.000534202 1.90847e-05 1.89309e-07 4.08765e-10 1.61709e-13 1.03805e-17 9.96141e-23 1.35303e-28 2.5046e-35 6.15029e-43
 1.85811e-41 2.57894e-33 4.3267e-26 8.77446e-20 2.15096e-14 6.37368e-10 2.28295e-06 0.000988438 0.0517328 0.32796 0.280273 0.181318 0.118199 0.0329425 0.00607581 0.000493319 1.47444e-05 1.18805e-07 2.00163e-10 5.92595e-14 2.772e-18 1.9106e-23 1.84866e-29 2.42666e-36 4.21762e-44
 1.89744e-41 2.63353e-33 4.41829e-26 8.96019e-20 2.19649e-14 6.50859e-10 2.33127e-06 0.00100936 0.0528277 0.334844 0.283735 0.172577 0.114301 0.0338633 0.00632442 0.00050171 1.35884e-05 9.45708e-08 1.35047e-10 3.34709e-14 1.28975e-18 7.21101e-24 5.59852e-30 5.85826e-37 8.08579e-45
#spawning biomass
 11712.2 15374.4 18859.8 21273.2 37178.9 53510.4 50872.7 60603.7 77636.7 95345.6 118293 162145 219146 248105 228105 185818 183882 185061 174299 168071 178595 191511 201674 201800 217369 231503 229995 236187 274831 277391 4187.69 4187.69 4187.69 4187.69 4187.69 4187.69 4187.69 4187.69 4187.69 4187.69 4187.69 4187.69 4187.69 4187.69 4187.69 4187.69 4187.69 4187.69 4187.69 4187.69 4187.69 4187.69 4187.69 4187.69 4187.69 4187.69 4187.69 4187.69 4187.69 4187.69 4187.69 4187.69 4187.69 4187.69 4187.69 4187.69 4187.69 4187.69 4187.69 4187.69 4187.69 4187.69 4187.69 4187.69 4187.69 4187.69 4187.69 4187.69 4187.69 4187.69 4187.69 4187.69 4187.69 4187.69 4187.69 4187.69 4187.69 4187.69 4187.69 4187.69 4187.69 4187.69 4187.69 4187.69 4187.69 4187.69 4187.69 4187.69 4187.69 4187.69 4187.69 4187.69 4187.69 4187.69 4187.69 4187.69 4187.69 4187.69 4187.69 4187.69 4187.69 4187.69 4187.69 4187.69 4187.69 4187.69 4187.69 4187.69 4187.69 4187.69 4187.69 4187.69 4187.69 4187.69 4187.69 4187.69 4187.69 4187.69 4187.69 0 0 0 0 0 0 0 0 0 0 0 0 0 0 0 0 0 0 0 0 0 0 0 0 0
