SBPRF35
0.0584606
Curr Bio
194230
B35
100835
F35
5.18271
FOFL
5.18271
OFL
140054
Bzero
16697.2
#pred survey bio
 4035.42 4565.06 6839.48 12223.4 22041.6 30083.9 24793.7 27434 44666.5 68224.3 81622.4 99549.9 125854 166364 163767 127340 110506 113540 116750 115422 129167 124292 131107 132930 141542 160931 153242 142907 2.8842e+06 1.42665e+06 366632 211543 153321 130081 120842 117210 115799 115256 115048 114969 114940 114929 114924 114923 114922 114922 114922 114922 114922 114922 114922 114922 114922 114922 114922 114922 114922 114922 114922 114922 114922 114922 114922 114922 114922 114922 114922 114922 114922 114922 114922 114922 114922 114922 114922 114922 114922 114922 114922 114922 114922 114922 114922 114922 114922 114922 114922 114922 114922 114922 114922 114922 114922 114922 114922 114922 114922 114922 114922 114922 114922 114922 114922 114922 114922 114922 114922 114922 114922 114922 114922 114922 114922 114922 114922 114922 114922 114922 114922 114922 114922 114922 114922 114922 114922 114922 114922 114922 0 0 0 0 0 0 0 0 0 0 0 0 0 0 0 0 0 0 0 0 0 0 0 0 0
#obs survey bio
 2985.04 4816.84 6274.28 15226 21378.3 18742.8 25081.8 30872.8 39641.9 82364.5 82658 114540 141000 151203 175596 96994.4 111096 98185.9 110836 135102 146480 148083 157654 102433 176417 134253 192003 110641
#pred catch bio
 1142.58 1962.45 2838.94 5410.73 9801.78 17600.4 13547.5 14936.5 22970.1 39482.8 46812 65035 73713.6 105506 121029 96178.3 77570.3 81151 88111.4 79162.6 101360 95460.6 106386 104218 100352 125091 120412 128613 140054 39118.8 4755.32 4634.75 4634.39 4634.39 4634.39 4634.39 4634.39 4634.39 4634.39 4634.39 4634.39 4634.39 4634.39 4634.39 4634.39 4634.39 4634.39 4634.39 4634.39 4634.39 4634.39 4634.39 4634.39 4634.39 4634.39 4634.39 4634.39 4634.39 4634.39 4634.39 4634.39 4634.39 4634.39 4634.39 4634.39 4634.39 4634.39 4634.39 4634.39 4634.39 4634.39 4634.39 4634.39 4634.39 4634.39 4634.39 4634.39 4634.39 4634.39 4634.39 4634.39 4634.39 4634.39 4634.39 4634.39 4634.39 4634.39 4634.39 4634.39 4634.39 4634.39 4634.39 4634.39 4634.39 4634.39 4634.39 4634.39 4634.39 4634.39 4634.39 4634.39 4634.39 4634.39 4634.39 4634.39 4634.39 4634.39 4634.39 4634.39 4634.39 4634.39 4634.39 4634.39 4634.39 4634.39 4634.39 4634.39 4634.39 4634.39 4634.39 4634.39 4634.39 4634.39 4634.39 4634.39 4634.39 4634.39 4634.39 0 0 0 0 0 0 0 0 0 0 0 0 0 0 0 0 0 0 0 0 0 0 0 0 0
#obs catch bio
 2437.91 2052.89 2819.4 5411.8 9595.26 19520.2 15028.6 15022.9 22493.8 37921.4 46539.8 65093.5 72378 102958 124091 109155 77311.4 84942.1 86920.5 76690.4 97060.8 89818.2 101851 100674 89152.4 118100 106724 130515
#pred cpue bio
 3798.14 4074.79 5900.53 10538.2 18865.4 28121.5 23333 23671.8 37987.2 60642.6 73225.5 87996.4 108510 149022 151354 115277 99031.5 100679 104108 101695 114703 109345 114652 116050 123719 142262 136550 126514 2.47339e+06 1.53004e+06 353364 197071 138822 115581 106342 102710 101299 100756 100548 100470 100440 100429 100425 100423 100422 100422 100422 100422 100422 100422 100422 100422 100422 100422 100422 100422 100422 100422 100422 100422 100422 100422 100422 100422 100422 100422 100422 100422 100422 100422 100422 100422 100422 100422 100422 100422 100422 100422 100422 100422 100422 100422 100422 100422 100422 100422 100422 100422 100422 100422 100422 100422 100422 100422 100422 100422 100422 100422 100422 100422 100422 100422 100422 100422 100422 100422 100422 100422 100422 100422 100422 100422 100422 100422 100422 100422 100422 100422 100422 100422 100422 100422 100422 100422 100422 100422 100422 100422 0 0 0 0 0 0 0 0 0 0 0 0 0 0 0 0 0 0 0 0 0 0 0 0 0
#obs cpue bio
 1610.25 4572.26 5476.79 10095 20030.4 19809.1 19584.8 25849 41392.4 73187.9 58409.9 91937.8 87950.8 190806 127742 74090.5 123672 84362.7 145138 90465.7 137747 113964 112015 165215 191275 181421 200862 126810
#pred surv len freq
 1.29514e-11 1.40575e-09 8.99675e-08 3.3951e-06 7.55453e-05 0.000991197 0.00766926 0.0350114 0.0945505 0.153038 0.157881 0.128953 0.113341 0.0982727 0.0697039 0.0444594 0.0289464 0.0191732 0.0130955 0.00944957 0.00732515 0.00617037 0.00535357 0.00412719 0.0024075
 1.57304e-11 1.70738e-09 1.09272e-07 4.12359e-06 9.17551e-05 0.00120387 0.00931443 0.0425133 0.114692 0.184685 0.186051 0.140342 0.109366 0.0871174 0.056086 0.0302201 0.0161348 0.00883869 0.00495108 0.00292378 0.00187216 0.00133791 0.00104084 0.00076721 0.000446396
 1.70046e-11 1.84568e-09 1.18123e-07 4.45761e-06 9.91874e-05 0.00130138 0.0100687 0.045953 0.123928 0.199206 0.199013 0.145666 0.107549 0.0814266 0.0483016 0.0216976 0.00886904 0.0037429 0.00162284 0.000736073 0.000360228 0.000198708 0.000126396 8.3451e-05 4.65726e-05
 1.6989e-11 1.844e-09 1.18016e-07 4.45354e-06 9.90969e-05 0.00130019 0.0100596 0.0459117 0.123824 0.199096 0.199177 0.146499 0.109011 0.0827204 0.048673 0.0212169 0.00802664 0.00290426 0.000975194 0.000317268 0.000108663 4.14473e-05 1.87257e-05 9.81516e-06 4.90872e-06
 1.72575e-11 1.87314e-09 1.19881e-07 4.52392e-06 0.000100663 0.00132074 0.0102185 0.0466358 0.12576 0.202081 0.20155 0.146624 0.107051 0.0802546 0.0469096 0.02023 0.00749962 0.00262671 0.000824013 0.000229689 5.91354e-05 1.4851e-05 4.07854e-06 1.37469e-06 5.29976e-07
 1.32377e-11 1.43682e-09 9.19564e-08 3.47015e-06 7.72155e-05 0.00101312 0.00783929 0.0357967 0.0967956 0.157674 0.167333 0.148377 0.142079 0.121494 0.0731551 0.0314007 0.0114216 0.00391841 0.00120294 0.000323292 7.67496e-05 1.59584e-05 2.99218e-06 5.65511e-07 1.25988e-07
 1.28055e-11 1.38992e-09 8.89546e-08 3.35687e-06 7.46949e-05 0.00098005 0.00758346 0.03463 0.0936609 0.152731 0.162851 0.146354 0.142476 0.123697 0.0769285 0.0357258 0.014604 0.0054246 0.00169698 0.000449898 0.000103967 2.0602e-05 3.4414e-06 4.88094e-07 6.27318e-08
 1.69672e-11 1.84163e-09 1.17864e-07 4.44782e-06 9.89695e-05 0.00129852 0.0100466 0.0458516 0.123649 0.198711 0.198308 0.144627 0.106323 0.0809977 0.0495331 0.0238755 0.010458 0.00421164 0.00145186 0.000424536 0.00010392 2.07698e-05 3.37921e-06 4.46341e-07 4.75459e-08
 1.7489e-11 1.89826e-09 1.21489e-07 4.5846e-06 0.000102013 0.00133845 0.0103555 0.0472605 0.127436 0.204699 0.203811 0.147322 0.106239 0.078633 0.0449505 0.0183661 0.00628594 0.00215615 0.00073393 0.000229615 6.17518e-05 1.35535e-05 2.35735e-06 3.18361e-07 3.29836e-08
 1.57244e-11 1.70674e-09 1.09231e-07 4.12204e-06 9.17206e-05 0.00120342 0.00931115 0.0425027 0.114723 0.185215 0.188834 0.148214 0.121825 0.0969594 0.0566172 0.0232707 0.00783382 0.00246119 0.000698521 0.000178945 4.3635e-05 9.7743e-06 1.83749e-06 2.7025e-07 2.98458e-08
 1.53088e-11 1.66162e-09 1.06344e-07 4.01308e-06 8.92962e-05 0.00117161 0.00906513 0.0413815 0.111722 0.18058 0.185087 0.147819 0.12457 0.100647 0.0595895 0.025254 0.00896919 0.00295014 0.000843231 0.000204058 4.31443e-05 8.07494e-06 1.3473e-06 1.94908e-07 2.26654e-08
 1.59637e-11 1.7327e-09 1.10893e-07 4.18475e-06 9.3116e-05 0.00122173 0.00945271 0.0431471 0.116438 0.187789 0.190543 0.147207 0.118361 0.0935746 0.0554046 0.0238521 0.008744 0.00298934 0.000892924 0.000226559 4.89997e-05 8.82195e-06 1.31068e-06 1.62569e-07 1.68475e-08
 1.697e-11 1.84194e-09 1.17884e-07 4.44856e-06 9.8986e-05 0.00129874 0.0100484 0.0458615 0.1237 0.198996 0.199535 0.14794 0.111375 0.0844269 0.0483193 0.0193901 0.00629848 0.00194997 0.000568021 0.000147637 3.33259e-05 6.26568e-06 9.51454e-07 1.14533e-07 1.08042e-08
 1.53826e-11 1.66963e-09 1.06856e-07 4.03241e-06 8.97264e-05 0.00117726 0.0091088 0.041581 0.112262 0.181463 0.186041 0.148685 0.125298 0.100806 0.0587407 0.0237961 0.00777155 0.0023515 0.000636455 0.000149274 3.13763e-05 5.83685e-06 9.11878e-07 1.13831e-07 1.09293e-08
 1.38618e-11 1.50457e-09 9.62922e-08 3.63377e-06 8.08562e-05 0.00106089 0.00820873 0.0374802 0.1013 0.16463 0.172937 0.14891 0.137884 0.115971 0.0688689 0.0286517 0.00980387 0.0031026 0.000858111 0.000199812 4.00096e-05 6.85268e-06 9.92191e-07 1.19825e-07 1.16021e-08
 1.48964e-11 1.61686e-09 1.03479e-07 3.90498e-06 8.68908e-05 0.00114006 0.00882108 0.0402702 0.10876 0.176096 0.181916 0.148932 0.129584 0.105811 0.061866 0.0250695 0.00820879 0.00251974 0.000703592 0.000169986 3.52074e-05 6.06514e-06 8.49565e-07 9.61325e-08 8.69411e-09
 1.53661e-11 1.66785e-09 1.06742e-07 4.02811e-06 8.96307e-05 0.001176 0.00909911 0.0415372 0.11215 0.181331 0.186137 0.149341 0.126428 0.101622 0.058556 0.0229152 0.00698116 0.00196919 0.000515908 0.000119283 2.43165e-05 4.2556e-06 6.12451e-07 7.006e-08 6.20449e-09
 1.58284e-11 1.71802e-09 1.09953e-07 4.14928e-06 9.23269e-05 0.00121138 0.00937268 0.0427833 0.115477 0.186405 0.189917 0.148715 0.121757 0.0964698 0.0557579 0.0222639 0.00705821 0.00205014 0.000526689 0.000114013 2.14671e-05 3.53618e-06 4.93904e-07 5.64756e-08 5.0779e-09
 1.55864e-11 1.69175e-09 1.08272e-07 4.08584e-06 9.09152e-05 0.00119286 0.00922944 0.042131 0.113736 0.18376 0.18799 0.149188 0.124423 0.0993111 0.0571558 0.0223965 0.00683887 0.00192368 0.000494936 0.000109583 2.07505e-05 3.29448e-06 4.30256e-07 4.60835e-08 3.97762e-09
 1.61007e-11 1.74758e-09 1.11845e-07 4.22068e-06 9.39155e-05 0.00123222 0.00953389 0.043518 0.117444 0.189456 0.192434 0.149143 0.120215 0.0942181 0.0537266 0.020719 0.00611187 0.00164138 0.000404776 8.63608e-05 1.60117e-05 2.54543e-06 3.3353e-07 3.49656e-08 2.87084e-09
 1.57657e-11 1.71121e-09 1.09518e-07 4.13285e-06 9.19612e-05 0.00120658 0.00933558 0.0426144 0.115027 0.185727 0.189451 0.14893 0.122591 0.0973076 0.0560954 0.0221804 0.00688389 0.00194568 0.000485564 0.000100893 1.7888e-05 2.72419e-06 3.46528e-07 3.58675e-08 2.9284e-09
 1.61632e-11 1.75436e-09 1.12279e-07 4.23706e-06 9.428e-05 0.001237 0.00957089 0.0436867 0.117897 0.190168 0.193072 0.149407 0.120113 0.0938642 0.0531799 0.0201223 0.00568897 0.00145382 0.000350588 7.46187e-05 1.36468e-05 2.08008e-06 2.56893e-07 2.55296e-08 2.01411e-09
 1.64065e-11 1.78077e-09 1.13969e-07 4.30085e-06 9.56993e-05 0.00125562 0.0097149 0.0443428 0.11965 0.192851 0.195117 0.149232 0.11789 0.0913108 0.0516457 0.0195651 0.00553469 0.00139497 0.000320431 6.2777e-05 1.0644e-05 1.58114e-06 1.97521e-07 1.98093e-08 1.54168e-09
 1.64742e-11 1.78811e-09 1.14439e-07 4.31857e-06 9.60937e-05 0.0012608 0.00975493 0.0445253 0.12014 0.193624 0.195815 0.149537 0.11781 0.0909482 0.0510461 0.0188915 0.00505175 0.00117893 0.000257384 4.91623e-05 8.05746e-06 1.126e-06 1.3091e-07 1.24994e-08 9.58729e-10
 1.64254e-11 1.78282e-09 1.141e-07 4.3058e-06 9.58094e-05 0.00125707 0.00972608 0.0443938 0.119788 0.193074 0.195346 0.149411 0.118012 0.0913086 0.0514459 0.0192511 0.00528148 0.00126887 0.000276307 5.04541e-05 7.75039e-06 1.02652e-06 1.14347e-07 1.03712e-08 7.47833e-10
 1.59604e-11 1.73235e-09 1.1087e-07 4.1839e-06 9.30972e-05 0.00122148 0.00945086 0.0431397 0.116433 0.187902 0.19122 0.149149 0.121359 0.0956217 0.0547042 0.0212197 0.00631372 0.00168516 0.000395058 7.52463e-05 1.17911e-05 1.54071e-06 1.63936e-07 1.40351e-08 9.59032e-10
 1.562e-11 1.6954e-09 1.08505e-07 4.09466e-06 9.11114e-05 0.00119543 0.00924937 0.0422221 0.113984 0.184176 0.188489 0.149758 0.125022 0.0995608 0.0566942 0.0214852 0.00607464 0.00154193 0.000363233 7.38632e-05 1.26636e-05 1.77755e-06 1.96675e-07 1.69459e-08 1.12918e-09
 1.58993e-11 1.72572e-09 1.10446e-07 4.16788e-06 9.27405e-05 0.0012168 0.00941468 0.0429751 0.115996 0.187254 0.19083 0.149536 0.122438 0.0966016 0.0549275 0.0208621 0.00592489 0.00150073 0.000345652 6.7523e-05 1.12744e-05 1.6165e-06 1.90714e-07 1.76973e-08 1.24584e-09
#obs surv len freq
 1.28767e-11 1.39765e-09 8.94494e-08 3.37554e-06 7.51104e-05 0.0009855 0.00762552 0.0348186 0.0941117 0.152902 0.160056 0.135856 0.124855 0.111796 0.0817774 0.0505923 0.0271142 0.0118859 0.00413188 0.0011319 0.00023862 3.73882e-05 4.21222e-06 3.30875e-07 1.76215e-08
 1.8378e-11 1.99476e-09 1.27664e-07 4.81765e-06 0.000107199 0.00140649 0.0108817 0.0496568 0.133815 0.214207 0.209468 0.140679 0.087884 0.0622556 0.0424163 0.0255932 0.0133959 0.00570136 0.00191051 0.000500379 0.00010008 1.47791e-05 1.56038e-06 1.14325e-07 5.65678e-09
 1.56059e-11 1.69387e-09 1.08408e-07 4.09098e-06 9.10297e-05 0.00119437 0.00924155 0.042193 0.113968 0.184445 0.189236 0.149277 0.120488 0.0936123 0.0557355 0.0253574 0.0100487 0.00363774 0.00112824 0.000280539 5.32437e-05 7.41306e-06 7.33157e-07 5.00551e-08 2.29877e-09
 1.80792e-11 1.96233e-09 1.25589e-07 4.73933e-06 0.000105456 0.00138363 0.0107053 0.0488588 0.131749 0.211475 0.209053 0.145295 0.0955519 0.0675427 0.0425311 0.0221667 0.00949122 0.00313567 0.000775124 0.000149467 2.33701e-05 2.87694e-06 2.6106e-07 1.65258e-08 7.03705e-10
 1.66126e-11 1.80314e-09 1.15401e-07 4.35488e-06 9.69019e-05 0.00127142 0.00983774 0.0449138 0.121287 0.195939 0.198944 0.150539 0.112547 0.082677 0.0482347 0.0218393 0.00834394 0.0026907 0.000683495 0.000130247 1.81686e-05 1.83807e-06 1.35045e-07 7.15751e-09 2.66297e-10
 7.25158e-12 7.87091e-10 5.03738e-08 1.90097e-06 4.23008e-05 0.000555114 0.00429871 0.0196978 0.0540809 0.0937921 0.122312 0.156202 0.188306 0.170063 0.108571 0.0529626 0.0209081 0.00643491 0.00147906 0.000254943 3.31624e-05 3.17149e-06 2.14338e-07 9.94423e-09 3.11859e-10
 1.59238e-11 1.72838e-09 1.10616e-07 4.17432e-06 9.28841e-05 0.0012187 0.00942944 0.0430414 0.116114 0.186649 0.185331 0.13083 0.0921977 0.0798264 0.0695652 0.0492797 0.0250914 0.00877633 0.00213264 0.000369258 4.58728e-05 4.04247e-06 2.48942e-07 1.05508e-08 3.01995e-10
 1.80401e-11 1.95809e-09 1.25317e-07 4.72909e-06 0.000105229 0.00138068 0.0106832 0.0487719 0.131657 0.212142 0.212245 0.151171 0.0996631 0.0656312 0.036698 0.0174906 0.00792814 0.00320574 0.000983441 0.000207556 2.9071e-05 2.68285e-06 1.63456e-07 6.57878e-09 1.74169e-10
 1.59712e-11 1.73352e-09 1.10945e-07 4.18674e-06 9.31615e-05 0.00122239 0.00945966 0.0432112 0.116929 0.190295 0.197701 0.156775 0.120505 0.0860614 0.0477974 0.0203208 0.00703029 0.00201222 0.000475126 9.1785e-05 1.35902e-05 1.4061e-06 9.53957e-08 4.11927e-09 1.11952e-10
 1.46706e-11 1.59236e-09 1.01911e-07 3.84582e-06 8.55759e-05 0.00112288 0.00869056 0.0397146 0.107644 0.176282 0.187112 0.156362 0.128294 0.0966914 0.0576856 0.0269771 0.00993685 0.00275091 0.000554512 8.26395e-05 9.36338e-06 8.05385e-07 5.04974e-08 2.1776e-09 6.1369e-11
 1.42031e-11 1.54161e-09 9.8663e-08 3.72326e-06 8.28493e-05 0.00108713 0.00841445 0.0384633 0.104353 0.171447 0.183681 0.156221 0.130188 0.0994559 0.0610362 0.0298493 0.0115441 0.00335281 0.000703193 0.000104879 1.09982e-05 8.02491e-07 4.05818e-08 1.41972e-09 3.39996e-11
 1.67329e-11 1.8162e-09 1.16237e-07 4.38644e-06 9.76055e-05 0.00128071 0.00991137 0.0452771 0.122502 0.198953 0.204023 0.154005 0.109161 0.0758756 0.0452226 0.0220124 0.00853806 0.00250735 0.000537048 8.2157e-05 8.77267e-06 6.37554e-07 3.09044e-08 9.85854e-10 2.05206e-11
 1.52693e-11 1.65734e-09 1.0607e-07 4.00277e-06 8.90696e-05 0.00116878 0.00904711 0.041364 0.112274 0.184504 0.196705 0.162565 0.126511 0.0879232 0.0478725 0.0204458 0.00709718 0.00195395 0.000406124 6.13444e-05 6.51794e-06 4.7257e-07 2.27978e-08 7.1751e-10 1.4505e-11
 1.29115e-11 1.40142e-09 8.96911e-08 3.38471e-06 7.53184e-05 0.000988427 0.00765376 0.0350394 0.0955687 0.159774 0.179631 0.165854 0.144883 0.108168 0.0622776 0.0276814 0.00947639 0.0024121 0.000447129 6.03508e-05 5.87799e-06 4.01632e-07 1.86035e-08 5.67412e-10 1.11495e-11
 1.22688e-11 1.33166e-09 8.52265e-08 3.21624e-06 7.15705e-05 0.000939283 0.00727429 0.0333179 0.0910074 0.152794 0.173527 0.162913 0.145508 0.113161 0.0698393 0.0335813 0.0121899 0.00319722 0.000592253 7.68808e-05 6.92934e-06 4.27897e-07 1.78477e-08 4.95272e-10 8.98901e-12
 1.3681e-11 1.48495e-09 9.5037e-08 3.58646e-06 7.98085e-05 0.00104737 0.00811034 0.0371265 0.101168 0.168226 0.1849 0.161363 0.13314 0.099459 0.0609508 0.0296707 0.0110667 0.00301905 0.000583309 7.80346e-05 7.07668e-06 4.27058e-07 1.69133e-08 4.35013e-10 7.20055e-12
 1.35552e-11 1.47129e-09 9.41632e-08 3.55351e-06 7.90769e-05 0.00103784 0.00803836 0.0368239 0.100575 0.168373 0.18806 0.167579 0.137716 0.0983634 0.0560871 0.0253612 0.00898231 0.00239167 0.000460431 6.20997e-05 5.69768e-06 3.46516e-07 1.36881e-08 3.45908e-10 5.52881e-12
 1.39968e-11 1.51922e-09 9.72309e-08 3.66929e-06 8.1654e-05 0.00107169 0.00830095 0.03803 0.103862 0.173631 0.192501 0.16796 0.134222 0.09412 0.0529062 0.0232151 0.00777595 0.00192557 0.000344863 4.38582e-05 3.86058e-06 2.28364e-07 8.84154e-09 2.19473e-10 3.43891e-12
 1.41324e-11 1.53394e-09 9.81729e-08 3.70486e-06 8.24471e-05 0.00108216 0.00838338 0.0384247 0.10506 0.176072 0.195854 0.170481 0.133924 0.0912811 0.0496277 0.0210165 0.00678553 0.00161134 0.000273524 3.25312e-05 2.6573e-06 1.45967e-07 5.28351e-09 1.237e-10 1.84262e-12
 1.41773e-11 1.53882e-09 9.84855e-08 3.71669e-06 8.27122e-05 0.00108571 0.00841247 0.038578 0.105619 0.177525 0.198328 0.172679 0.134061 0.0894531 0.0473088 0.0193171 0.00596027 0.00134458 0.000215956 2.41991e-05 1.85211e-06 9.47204e-08 3.17449e-09 6.86046e-11 9.43296e-13
 1.4408e-11 1.56386e-09 1.00088e-07 3.7772e-06 8.40606e-05 0.00110347 0.00855152 0.0392312 0.107499 0.180916 0.202036 0.174342 0.132461 0.0859821 0.0440829 0.0173283 0.00510453 0.00109129 0.000165012 1.73127e-05 1.23582e-06 5.87872e-08 1.82828e-09 3.65753e-11 4.64359e-13
 1.48077e-11 1.60725e-09 1.02865e-07 3.88204e-06 8.63954e-05 0.00113418 0.0087905 0.0403369 0.110559 0.185961 0.206583 0.175142 0.129116 0.081214 0.0403834 0.0153325 0.0043343 0.000883541 0.000126534 1.24858e-05 8.32975e-07 3.68505e-08 1.06209e-09 1.9644e-11 2.30211e-13
 1.457e-11 1.58145e-09 1.01215e-07 3.81981e-06 8.50146e-05 0.00111621 0.00865447 0.0397535 0.109251 0.184936 0.207966 0.17864 0.13145 0.080807 0.0387005 0.0140285 0.00376995 0.000728858 9.86888e-05 9.16708e-06 5.72989e-07 2.36447e-08 6.33178e-10 1.08452e-11 1.17392e-13
 1.4533e-11 1.57743e-09 1.00958e-07 3.8102e-06 8.48045e-05 0.00111357 0.0086366 0.0396997 0.109279 0.185553 0.209477 0.179978 0.131398 0.0797698 0.037589 0.0132746 0.00342668 0.000628505 8.0055e-05 6.95978e-06 4.05934e-07 1.55981e-08 3.88185e-10 6.1665e-12 6.17814e-14
 1.44083e-11 1.5639e-09 1.00093e-07 3.77763e-06 8.40847e-05 0.00110429 0.00856799 0.0394225 0.108759 0.185513 0.210881 0.181945 0.132008 0.078918 0.0364537 0.012563 0.00314661 0.000556198 6.77052e-05 5.57199e-06 3.04933e-07 1.09201e-08 2.52171e-10 3.7074e-12 3.4325e-14
 1.32104e-11 1.43389e-09 9.17743e-08 3.46386e-06 7.71122e-05 0.00101314 0.00786955 0.036317 0.100969 0.175479 0.207165 0.188279 0.141809 0.0853709 0.0388627 0.013033 0.00315059 0.000534532 6.21722e-05 4.86573e-06 2.51892e-07 8.48582e-09 1.83338e-10 2.50946e-12 2.1543e-14
 1.33477e-11 1.4488e-09 9.27294e-08 3.49999e-06 7.79207e-05 0.00102388 0.00795473 0.0367224 0.102115 0.177244 0.208037 0.186944 0.139729 0.0845234 0.0388845 0.0130612 0.00310793 0.000510633 5.68514e-05 4.22636e-06 2.06747e-07 6.55616e-09 1.32906e-10 1.70185e-12 1.36285e-14
 1.34681e-11 1.46188e-09 9.35682e-08 3.53179e-06 7.86362e-05 0.00103351 0.00803362 0.037126 0.103442 0.180044 0.211481 0.188434 0.137817 0.0810313 0.0362746 0.0119135 0.00278397 0.0004493 4.88657e-05 3.51432e-06 1.64527e-07 4.94673e-09 9.44174e-11 1.13284e-12 8.47227e-15
#pred catch len freq
 1.08099e-11 1.17331e-09 7.50916e-08 2.83373e-06 6.30542e-05 0.000827319 0.00640174 0.0292358 0.0791012 0.129227 0.138919 0.127839 0.128714 0.117432 0.0829783 0.0515266 0.0327622 0.0214813 0.0146257 0.0105443 0.00817202 0.00688346 0.00597222 0.00460412 0.0026857
 1.43098e-11 1.55319e-09 9.94038e-08 3.75119e-06 8.34688e-05 0.00109516 0.00847361 0.0386825 0.104452 0.168966 0.173836 0.140619 0.121191 0.1012 0.0651999 0.034319 0.0178219 0.00962133 0.0053634 0.00316281 0.00202448 0.00144666 0.00112543 0.000829557 0.000482672
 1.55898e-11 1.69212e-09 1.08296e-07 4.08674e-06 9.09351e-05 0.00119312 0.00923139 0.0421383 0.113735 0.183586 0.187015 0.146403 0.120052 0.0960267 0.0574129 0.025382 0.0100762 0.00416034 0.00178839 0.000809094 0.000395689 0.000218234 0.000138813 9.16488e-05 5.11476e-05
 1.5685e-11 1.70246e-09 1.08957e-07 4.1117e-06 9.14906e-05 0.0012004 0.00928778 0.0423957 0.11443 0.184708 0.188156 0.147286 0.120706 0.0963136 0.0570832 0.0245214 0.00902172 0.00319172 0.00106112 0.000343974 0.000117656 4.48605e-05 2.02662e-05 1.06225e-05 5.31247e-06
 1.59908e-11 1.73565e-09 1.11081e-07 4.19186e-06 9.32742e-05 0.0012238 0.00946877 0.0432204 0.116635 0.188105 0.190851 0.147406 0.118438 0.0934801 0.0550788 0.0234228 0.0084471 0.0028919 0.000897993 0.000249374 6.41081e-05 1.60908e-05 4.41827e-06 1.48914e-06 5.74095e-07
 1.24083e-11 1.34681e-09 8.61955e-08 3.25275e-06 7.23781e-05 0.000949658 0.00734845 0.0335608 0.0908237 0.148543 0.16042 0.149142 0.149922 0.130412 0.0784007 0.0331383 0.011725 0.00392956 0.00119359 0.000319535 7.57415e-05 1.57394e-05 2.95051e-06 5.57599e-07 1.24223e-07
 1.1776e-11 1.27817e-09 8.18028e-08 3.08699e-06 6.86897e-05 0.000901266 0.00697413 0.0318542 0.0862463 0.141388 0.154229 0.147192 0.15204 0.134654 0.0834878 0.0380414 0.0151216 0.00550934 0.00170963 0.000451806 0.000104257 2.0647e-05 3.44817e-06 4.89017e-07 6.28489e-08
 1.61439e-11 1.75227e-09 1.12145e-07 4.232e-06 9.41673e-05 0.00123552 0.00955933 0.0436318 0.117718 0.18963 0.191366 0.145167 0.113773 0.0896252 0.0548277 0.0259047 0.0110345 0.00436572 0.00149443 0.000435815 0.00010656 2.12878e-05 3.46287e-06 4.57361e-07 4.87185e-08
 1.65422e-11 1.7955e-09 1.14912e-07 4.33641e-06 9.64906e-05 0.001266 0.00979516 0.0447078 0.120617 0.194261 0.195852 0.148011 0.11491 0.0886226 0.0510076 0.0206008 0.006863 0.00229242 0.000770651 0.000240161 6.45108e-05 1.41535e-05 2.46138e-06 3.32393e-07 3.44367e-08
 1.4948e-11 1.62247e-09 1.03838e-07 3.91851e-06 8.71919e-05 0.00114401 0.00885163 0.0404094 0.109131 0.176663 0.182342 0.148872 0.129078 0.105248 0.0615516 0.0249789 0.00819118 0.00250945 0.000703312 0.000179311 4.36417e-05 9.7692e-06 1.83617e-06 2.70041e-07 2.98223e-08
 1.44906e-11 1.57281e-09 1.0066e-07 3.79859e-06 8.45236e-05 0.001109 0.00858086 0.0391755 0.10583 0.171566 0.178242 0.148505 0.132202 0.109375 0.0647933 0.0270654 0.0093555 0.00300558 0.000849666 0.000204758 4.32149e-05 8.08196e-06 1.34809e-06 1.95005e-07 2.26761e-08
 1.55904e-11 1.69218e-09 1.08299e-07 4.08689e-06 9.09384e-05 0.00119316 0.00923176 0.0421407 0.113751 0.183689 0.187478 0.147681 0.122087 0.0977193 0.0577117 0.0244537 0.00871984 0.00291372 0.000861389 0.000217717 4.70125e-05 8.45855e-06 1.25637e-06 1.55818e-07 1.61474e-08
 1.62985e-11 1.76905e-09 1.13219e-07 4.27253e-06 9.50692e-05 0.00124735 0.00965095 0.044051 0.118864 0.191599 0.19392 0.14851 0.117649 0.0915964 0.0525866 0.0208664 0.0066068 0.00199146 0.000572168 0.00014799 3.33484e-05 6.26596e-06 9.51282e-07 1.14504e-07 1.08011e-08
 1.4875e-11 1.61454e-09 1.03331e-07 3.89937e-06 8.67661e-05 0.00113842 0.00880843 0.0402128 0.108608 0.17588 0.181831 0.149209 0.130182 0.106318 0.0619248 0.024779 0.0078879 0.00232583 0.000621167 0.00014495 3.04048e-05 5.65145e-06 8.82661e-07 1.10174e-07 1.05778e-08
 1.39376e-11 1.51279e-09 9.68184e-08 3.65363e-06 8.12981e-05 0.00106668 0.00825358 0.0376847 0.101849 0.165492 0.173701 0.149206 0.137724 0.115523 0.0682297 0.027974 0.0093198 0.00287782 0.000786483 0.000182306 3.64346e-05 6.2352e-06 9.02501e-07 1.08981e-07 1.05517e-08
 1.50536e-11 1.63392e-09 1.04571e-07 3.94617e-06 8.78074e-05 0.00115208 0.00891409 0.0406941 0.109894 0.17785 0.183343 0.149109 0.128589 0.104447 0.0607343 0.0242856 0.00774846 0.0023171 0.000638411 0.000153482 3.17297e-05 5.46195e-06 7.64856e-07 8.65381e-08 7.8261e-09
 1.52151e-11 1.65145e-09 1.05693e-07 3.98851e-06 8.87495e-05 0.00116444 0.0090097 0.04113 0.111064 0.17968 0.184933 0.149633 0.128088 0.103399 0.0594442 0.0230149 0.00684624 0.00187847 0.00048445 0.000111346 2.26485e-05 3.96033e-06 5.69785e-07 6.51726e-08 5.77145e-09
 1.57547e-11 1.71002e-09 1.09441e-07 4.12996e-06 9.18968e-05 0.00120573 0.00932905 0.0425846 0.114948 0.185608 0.189371 0.148973 0.122744 0.0974524 0.0561379 0.0221455 0.00684775 0.00193737 0.000490744 0.000105654 1.98481e-05 3.26625e-06 4.5603e-07 5.21383e-08 4.68772e-09
 1.5723e-11 1.70658e-09 1.09221e-07 4.12166e-06 9.17122e-05 0.00120331 0.00931033 0.0424995 0.114722 0.185282 0.189216 0.149301 0.123495 0.0980819 0.0561856 0.0217691 0.00648971 0.00177605 0.000449902 9.90254e-05 1.87092e-05 2.96763e-06 3.8743e-07 4.14909e-08 3.58104e-09
 1.58725e-11 1.7228e-09 1.10259e-07 4.16084e-06 9.2584e-05 0.00121475 0.0093988 0.0429027 0.115802 0.18695 0.190567 0.149453 0.122525 0.0967716 0.0551244 0.0210539 0.00607121 0.00158562 0.000384523 8.15052e-05 1.50737e-05 2.39386e-06 3.13549e-07 3.28665e-08 2.69836e-09
 1.60631e-11 1.7435e-09 1.11584e-07 4.21082e-06 9.36961e-05 0.00122934 0.00951162 0.0434165 0.117171 0.189025 0.192041 0.148959 0.120239 0.0944111 0.0540769 0.0211232 0.00639747 0.00176059 0.000432944 8.94453e-05 1.58204e-05 2.4067e-06 3.06009e-07 3.16686e-08 2.58544e-09
 1.63534e-11 1.77501e-09 1.136e-07 4.28693e-06 9.53895e-05 0.00125156 0.00968347 0.0441997 0.119269 0.192277 0.194725 0.149419 0.1186 0.092007 0.0518932 0.0194557 0.00538467 0.0013372 0.000316515 6.68755e-05 1.21988e-05 1.85747e-06 2.2931e-07 2.27851e-08 1.79748e-09
 1.68099e-11 1.82456e-09 1.16771e-07 4.40659e-06 9.80522e-05 0.00128649 0.00995365 0.0454305 0.122557 0.19731 0.198567 0.149099 0.114439 0.0872114 0.0489851 0.0183762 0.00508861 0.00124697 0.000281256 5.46948e-05 9.24659e-06 1.37183e-06 1.71289e-07 1.71756e-08 1.33663e-09
 1.67331e-11 1.81622e-09 1.16238e-07 4.38645e-06 9.7604e-05 0.00128061 0.00990818 0.0452236 0.122006 0.196487 0.198032 0.149461 0.115609 0.0883263 0.0493339 0.0181146 0.00475351 0.00107823 0.000230533 4.36466e-05 7.13021e-06 9.95102e-07 1.1563e-07 1.10384e-08 8.46602e-10
 1.63128e-11 1.77059e-09 1.13318e-07 4.27626e-06 9.51522e-05 0.00124844 0.0096594 0.0440901 0.118977 0.191841 0.194442 0.149611 0.119222 0.092614 0.0521127 0.0193482 0.00520387 0.00121562 0.000259625 4.70246e-05 7.20037e-06 9.52269e-07 1.0601e-07 9.61284e-09 6.93092e-10
 1.62086e-11 1.75929e-09 1.12594e-07 4.24895e-06 9.45445e-05 0.00124047 0.00959772 0.0438089 0.118222 0.190652 0.193378 0.149167 0.119388 0.0931986 0.0530202 0.0203433 0.00591487 0.00153631 0.000354429 6.70799e-05 1.04835e-05 1.36806e-06 1.45481e-07 1.24522e-08 8.50797e-10
 1.59163e-11 1.72756e-09 1.10564e-07 4.17233e-06 9.28398e-05 0.00121811 0.00942475 0.0430211 0.11612 0.187456 0.19104 0.149709 0.122562 0.0965988 0.054719 0.0205431 0.00568602 0.00140286 0.000324424 6.54884e-05 1.11973e-05 1.56997e-06 1.7363e-07 1.49575e-08 9.96613e-10
 1.679e-11 1.82239e-09 1.16633e-07 4.40135e-06 9.79356e-05 0.00128496 0.00994182 0.0453766 0.122413 0.197088 0.19839 0.14909 0.114588 0.0873999 0.0491237 0.0184565 0.00512938 0.00126322 0.000285734 5.54113e-05 9.22551e-06 1.32107e-06 1.55781e-07 1.44531e-08 1.01739e-09
#obs catch len freq
 1.08756e-11 1.18045e-09 7.55484e-08 2.85097e-06 6.34381e-05 0.000832364 0.00644107 0.0294211 0.0796673 0.130573 0.14189 0.133447 0.137152 0.128944 0.096272 0.0606012 0.0330021 0.0146883 0.00519024 0.00144614 0.000309935 4.93453e-05 5.64695e-06 4.50423e-07 2.43521e-08
 1.11882e-11 1.21437e-09 7.77195e-08 2.9329e-06 6.52612e-05 0.000856289 0.00662629 0.0302686 0.0819726 0.13437 0.145805 0.135844 0.137103 0.12678 0.0932323 0.0575301 0.0304887 0.0131273 0.00445926 0.00118631 0.000241224 3.62168e-05 3.88531e-06 2.88968e-07 1.45e-08
 1.72081e-11 1.86777e-09 1.19537e-07 4.51097e-06 0.000100375 0.00131696 0.0101894 0.0465044 0.125406 0.201373 0.199617 0.140728 0.0964646 0.0727049 0.050311 0.0302911 0.0156552 0.00653396 0.00213612 0.00054245 0.000104489 1.47644e-05 1.48249e-06 1.0273e-07 4.78481e-09
 1.43931e-11 1.56224e-09 9.9983e-08 3.77305e-06 8.39557e-05 0.00110157 0.00852407 0.0389289 0.105293 0.171418 0.180039 0.151382 0.131432 0.104734 0.0623044 0.0281975 0.0110758 0.00394206 0.00119241 0.000287065 5.23892e-05 6.96948e-06 6.54719e-07 4.22326e-08 1.82411e-09
 1.71828e-11 1.86503e-09 1.19362e-07 4.50435e-06 0.000100228 0.00131505 0.010175 0.0464463 0.125336 0.201819 0.202103 0.146431 0.103123 0.0757114 0.0479009 0.0247657 0.0104206 0.00336213 0.000809472 0.000151445 2.28051e-05 2.68143e-06 2.30839e-07 1.37902e-08 5.51775e-10
 1.5752e-11 1.70973e-09 1.09423e-07 4.12928e-06 9.18824e-05 0.00120558 0.00932878 0.0426005 0.115158 0.186838 0.192826 0.152585 0.120507 0.0902753 0.0525086 0.023568 0.00887204 0.00279545 0.000689237 0.000126781 1.69854e-05 1.6422e-06 1.1463e-07 5.7351e-09 2.00306e-10
 6.56217e-12 7.12262e-10 4.55848e-08 1.72025e-06 3.828e-05 0.000502382 0.00389145 0.0178525 0.0492481 0.0869156 0.118599 0.159477 0.19532 0.175376 0.110858 0.0534047 0.0206732 0.0061978 0.00138203 0.000230015 2.87048e-05 2.6174e-06 1.67809e-07 7.35312e-09 2.16834e-10
 1.52801e-11 1.65851e-09 1.06144e-07 4.00557e-06 8.91294e-05 0.00116944 0.00904868 0.0413097 0.111512 0.179694 0.180111 0.130924 0.0968761 0.0860636 0.0746382 0.0517862 0.0256455 0.00869968 0.00204453 0.000340842 4.05531e-05 3.40525e-06 1.98835e-07 7.95244e-09 2.13898e-10
 1.75864e-11 1.90884e-09 1.22166e-07 4.61017e-06 0.000102583 0.00134598 0.0104151 0.0475564 0.128463 0.207528 0.209505 0.15282 0.103912 0.0691375 0.0384957 0.0182254 0.00813528 0.00319336 0.000942046 0.000190235 2.54089e-05 2.22877e-06 1.28592e-07 4.88206e-09 1.2146e-10
 1.55251e-11 1.68511e-09 1.07847e-07 4.06982e-06 9.05601e-05 0.00118828 0.00919634 0.0420199 0.113823 0.185934 0.195485 0.159051 0.124989 0.0892478 0.0490128 0.020524 0.00695547 0.00193961 0.000443876 8.23813e-05 1.16095e-05 1.13646e-06 7.27099e-08 2.95389e-09 7.5361e-11
 1.42875e-11 1.55077e-09 9.92495e-08 3.74539e-06 8.33418e-05 0.00109359 0.00846461 0.0386947 0.105004 0.172667 0.185525 0.15867 0.132253 0.0993185 0.0585274 0.026878 0.00964617 0.00258669 0.000503289 7.20992e-05 7.80349e-06 6.36374e-07 3.7576e-08 1.51903e-09 4.00275e-11
 1.3905e-11 1.50926e-09 9.65928e-08 3.64514e-06 8.11116e-05 0.00106436 0.00823897 0.0376741 0.102334 0.168796 0.182845 0.158491 0.13344 0.101322 0.061364 0.0294334 0.0110751 0.00311003 0.000627638 8.96293e-05 8.95516e-06 6.19684e-07 2.95749e-08 9.71276e-10 2.17272e-11
 1.6533e-11 1.7945e-09 1.14848e-07 4.33402e-06 9.64397e-05 0.00126544 0.00979379 0.0447498 0.121166 0.197255 0.203646 0.155725 0.111391 0.0770195 0.0452833 0.0215987 0.00814393 0.00231024 0.000475448 6.94963e-05 7.05334e-06 4.8507e-07 2.21655e-08 6.64204e-10 1.29425e-11
 1.51242e-11 1.64159e-09 1.05062e-07 3.96476e-06 8.82244e-05 0.00115772 0.00896237 0.0409896 0.111372 0.183583 0.19719 0.16466 0.128217 0.0880336 0.0471527 0.0197386 0.00666732 0.00177299 0.000353721 5.09789e-05 5.13986e-06 3.51985e-07 1.59773e-08 4.71619e-10 8.91792e-12
 1.28192e-11 1.39141e-09 8.90504e-08 3.36055e-06 7.47817e-05 0.000981427 0.00760065 0.0348124 0.0950844 0.159589 0.180903 0.168315 0.146336 0.107664 0.0608615 0.026417 0.00876786 0.002152 0.000382923 4.9333e-05 4.55744e-06 2.93748e-07 1.27807e-08 3.64967e-10 6.69706e-12
 1.22313e-11 1.3276e-09 8.49666e-08 3.20645e-06 7.13537e-05 0.000936484 0.00725374 0.03324 0.0909244 0.153224 0.175262 0.165399 0.146755 0.112425 0.0680511 0.0318744 0.0111893 0.00282319 0.00050075 6.1927e-05 5.29048e-06 3.08196e-07 1.20738e-08 3.13455e-10 5.3054e-12
 1.36922e-11 1.48616e-09 9.51149e-08 3.58942e-06 7.98754e-05 0.00104829 0.00811855 0.0371786 0.101422 0.169111 0.186804 0.163499 0.133863 0.0984281 0.0591225 0.0280203 0.0100987 0.00264597 0.000488335 6.20794e-05 5.3252e-06 3.02777e-07 1.12577e-08 2.70942e-10 4.18403e-12
 1.36072e-11 1.47693e-09 9.45245e-08 3.56716e-06 7.9382e-05 0.0010419 0.00807103 0.03699 0.101148 0.169789 0.190414 0.169647 0.137804 0.0966378 0.0539639 0.0237628 0.00813345 0.00207873 0.00038178 4.88432e-05 4.23017e-06 2.41891e-07 8.95538e-09 2.11536e-10 3.15311e-12
 1.40812e-11 1.52839e-09 9.78174e-08 3.69145e-06 8.21485e-05 0.00107823 0.00835295 0.0382845 0.10467 0.17539 0.195047 0.169882 0.133988 0.0921062 0.0505958 0.0215705 0.00697185 0.00165624 0.000282926 3.41106e-05 2.83078e-06 1.57177e-07 5.69293e-09 1.31857e-10 1.92383e-12
 1.4252e-11 1.54693e-09 9.90045e-08 3.73627e-06 8.31478e-05 0.00109142 0.00845651 0.0387768 0.106134 0.17824 0.198668 0.172248 0.133231 0.0888713 0.047161 0.0193832 0.00603064 0.00137161 0.000221758 2.4981e-05 1.92279e-06 9.90806e-08 3.35185e-09 7.31252e-11 1.0127e-12
 1.43326e-11 1.55568e-09 9.95646e-08 3.75744e-06 8.36211e-05 0.00109771 0.00850697 0.0390288 0.106961 0.1801 0.201405 0.174297 0.13294 0.0866609 0.0446649 0.017675 0.00524904 0.0011329 0.000173113 1.83531e-05 1.32234e-06 6.33962e-08 1.98481e-09 3.99537e-11 5.10465e-13
 1.45836e-11 1.58293e-09 1.01309e-07 3.8233e-06 8.50889e-05 0.00111705 0.00865837 0.0397395 0.108998 0.183722 0.205224 0.175792 0.131026 0.0829729 0.0413975 0.0157496 0.00446 0.000911211 0.000130953 1.29876e-05 8.72062e-07 3.88603e-08 1.1283e-09 2.10145e-11 2.47829e-13
 1.50042e-11 1.62858e-09 1.04231e-07 3.93363e-06 8.75461e-05 0.00114937 0.00890995 0.0409031 0.112211 0.188974 0.209828 0.176374 0.127376 0.0780425 0.0377076 0.0138376 0.00375581 0.000730802 9.93633e-05 9.25978e-06 5.80656e-07 2.40493e-08 6.46792e-10 1.11326e-11 1.21141e-13
 1.47871e-11 1.60502e-09 1.02724e-07 3.87682e-06 8.62866e-05 0.00113301 0.00878667 0.0403804 0.111077 0.188229 0.211393 0.179731 0.129346 0.0773586 0.0359612 0.012587 0.00324446 0.000598089 7.68025e-05 6.73123e-06 3.95159e-07 1.52565e-08 3.81048e-10 6.07146e-12 6.10058e-14
 1.47659e-11 1.60272e-09 1.02577e-07 3.87136e-06 8.61694e-05 0.00113161 0.00877859 0.040373 0.111233 0.189039 0.21301 0.18097 0.129091 0.0761559 0.0347796 0.0118418 0.00292849 0.000511684 6.17632e-05 5.06259e-06 2.77128e-07 9.95642e-09 2.30968e-10 3.41158e-12 3.17176e-14
 1.46584e-11 1.59105e-09 1.01832e-07 3.84333e-06 8.55512e-05 0.00112368 0.00872074 0.0401469 0.110856 0.189218 0.214533 0.182814 0.129453 0.075127 0.0335927 0.0111476 0.00267154 0.000449297 5.17724e-05 4.01391e-06 2.0605e-07 6.89649e-09 1.48396e-10 2.02791e-12 1.74166e-14
 1.34819e-11 1.46336e-09 9.36617e-08 3.5352e-06 7.87058e-05 0.00103425 0.00803629 0.0371117 0.103286 0.179596 0.211219 0.189193 0.138901 0.08114 0.0357305 0.0115269 0.00266342 0.000429482 4.72368e-05 3.4793e-06 1.68817e-07 5.31215e-09 1.06903e-10 1.3598e-12 1.08274e-14
 1.36304e-11 1.4795e-09 9.46954e-08 3.57431e-06 7.95814e-05 0.00104588 0.00812855 0.03755 0.104517 0.181473 0.21215 0.187872 0.136815 0.080197 0.0356182 0.0114876 0.00260936 0.000407098 4.28257e-05 2.99407e-06 1.37176e-07 4.06043e-09 7.66259e-11 9.11404e-13 6.76741e-15
#spawning biomass
 4862.22 5988.38 9407.32 16872.7 30629.2 38685.9 31514.5 37663.4 62511 92068.6 109105 134681 174389 223182 213311 169238 148429 153765 157484 157397 174792 169836 180035 182957 194540 218808 207150 194230 175263 47026.2 5990.55 5846.49 5846.07 5846.06 5846.06 5846.06 5846.06 5846.06 5846.06 5846.06 5846.06 5846.06 5846.06 5846.06 5846.06 5846.06 5846.06 5846.06 5846.06 5846.06 5846.06 5846.06 5846.06 5846.06 5846.06 5846.06 5846.06 5846.06 5846.06 5846.06 5846.06 5846.06 5846.06 5846.06 5846.06 5846.06 5846.06 5846.06 5846.06 5846.06 5846.06 5846.06 5846.06 5846.06 5846.06 5846.06 5846.06 5846.06 5846.06 5846.06 5846.06 5846.06 5846.06 5846.06 5846.06 5846.06 5846.06 5846.06 5846.06 5846.06 5846.06 5846.06 5846.06 5846.06 5846.06 5846.06 5846.06 5846.06 5846.06 5846.06 5846.06 5846.06 5846.06 5846.06 5846.06 5846.06 5846.06 5846.06 5846.06 5846.06 5846.06 5846.06 5846.06 5846.06 5846.06 5846.06 5846.06 5846.06 5846.06 5846.06 5846.06 5846.06 5846.06 5846.06 5846.06 5846.06 5846.06 5846.06 0 0 0 0 0 0 0 0 0 0 0 0 0 0 0 0 0 0 0 0 0 0 0 0 0
