SBPRF35
0.159868
Curr Bio
209975
B35
174865
F35
1.34166
FOFL
1.34166
OFL
92359.9
Bzero
45674.9
#pred survey bio
 8611.93 10347.5 12319.6 17988.6 22057.8 24722.4 29628.6 34066.6 37882 45761.9 61911.9 72447.4 90460.3 117943 118680 94887.8 82988.5 85802.4 85868.7 82370.2 77915 86563.1 86801.9 99497 102672 105135 104009 106648 3.16108e+06 3.18982e+06 1.66419e+06 823495 523277 401038 341092 308124 289089 277918 271339 267469 265197 263867 263087 262628 262366 262216 262130 262081 262053 262036 262027 262021 262018 262017 262016 262015 262015 262014 262014 262014 262014 262014 262014 262014 262014 262014 262014 262014 262014 262014 262014 262014 262014 262014 262014 262014 262014 262014 262014 262014 262014 262014 262014 262014 262014 262014 262014 262014 262014 262014 262014 262014 262014 262014 262014 262014 262014 262014 262014 262014 262014 262014 262014 262014 262014 262014 262014 262014 262014 262014 262014 262014 262014 262014 262014 262014 262014 262014 262014 262014 262014 262014 262014 262014 262014 262014 262014 262014 0 0 0 0 0 0 0 0 0 0 0 0 0 0 0 0 0 0 0 0 0 0 0 0 0
#obs survey bio
 6846.61 11629.8 13498.7 21179.5 19254.9 21972.3 27228.1 30426.9 36220.8 49998.8 63821.9 89840.5 102662 108858 86054.4 84698.9 67111.8 96129.8 66363.4 60722.8 85778.9 89746.6 106225 135535 112534 109312 103418 124132
#pred catch bio
 3305.45 5712.45 6346.77 10564.1 14652.6 16608.6 21000.6 26300.9 31095.8 36194.4 50481.8 58260.6 70068.8 97445.5 107259 90716.5 78346.6 83478.7 86903.5 85780.2 79204.5 92608.9 88574.2 111313 115523 115658 111356 91364.2 92359.9 95525.3 34514.3 12505.9 7664.76 6720.73 6549.14 6519.42 6514.45 6513.64 6513.51 6513.49 6513.48 6513.48 6513.48 6513.48 6513.48 6513.48 6513.48 6513.48 6513.48 6513.48 6513.48 6513.48 6513.48 6513.48 6513.48 6513.48 6513.48 6513.48 6513.48 6513.48 6513.48 6513.48 6513.48 6513.48 6513.48 6513.48 6513.48 6513.48 6513.48 6513.48 6513.48 6513.48 6513.48 6513.48 6513.48 6513.48 6513.48 6513.48 6513.48 6513.48 6513.48 6513.48 6513.48 6513.48 6513.48 6513.48 6513.48 6513.48 6513.48 6513.48 6513.48 6513.48 6513.48 6513.48 6513.48 6513.48 6513.48 6513.48 6513.48 6513.48 6513.48 6513.48 6513.48 6513.48 6513.48 6513.48 6513.48 6513.48 6513.48 6513.48 6513.48 6513.48 6513.48 6513.48 6513.48 6513.48 6513.48 6513.48 6513.48 6513.48 6513.48 6513.48 6513.48 6513.48 6513.48 6513.48 6513.48 6513.48 0 0 0 0 0 0 0 0 0 0 0 0 0 0 0 0 0 0 0 0 0 0 0 0 0
#obs catch bio
 6184.2 5889.55 6401.92 10704.2 15009.3 16873 21382.6 27027.2 31685.1 36186.4 49838.2 57101.6 66837.2 94217 106729 92350 78305 83379.2 85901.4 86462.2 77481.9 89287.5 86704.8 107427 112649 113603 109811 90938.4
#pred cpue bio
 8638.06 10164.5 11718.3 17651.3 21722.2 23991.3 28944.6 33150 36615.2 42886.2 59872.2 69810.1 85457.8 114909 118456 93040.3 79742.6 82751.5 82298.4 79762.1 73346.3 82381.2 81954.6 93329 96120.1 99421.9 99049.8 100173 3.0804e+06 3.46801e+06 1.70763e+06 826173 523395 400990 341032 308063 289028 277857 271278 267408 265136 263806 263026 262567 262305 262155 262069 262020 261991 261975 261966 261960 261957 261955 261954 261954 261953 261953 261953 261953 261953 261953 261953 261953 261953 261953 261953 261953 261953 261953 261953 261953 261953 261953 261953 261953 261953 261953 261953 261953 261953 261953 261953 261953 261953 261953 261953 261953 261953 261953 261953 261953 261953 261953 261953 261953 261953 261953 261953 261953 261953 261953 261953 261953 261953 261953 261953 261953 261953 261953 261953 261953 261953 261953 261953 261953 261953 261953 261953 261953 261953 261953 261953 261953 261953 261953 261953 261953 0 0 0 0 0 0 0 0 0 0 0 0 0 0 0 0 0 0 0 0 0 0 0 0 0
#obs cpue bio
 8251.79 6266.13 8399.28 11412.1 21637.7 17645.2 27282.2 21393.3 36835.9 38716.4 73643.8 108015 153810 169698 142064 86725.6 77418.2 97958.8 105300 103479 108390 137017 90177.9 136635 107523 116191 126507 104502
#pred surv len freq
 2.55992e-27 2.57955e-27 2.53389e-26 4.80551e-20 1.17801e-14 3.49066e-10 1.2503e-06 0.000541331 0.0283313 0.179232 0.137531 0.0423352 0.225609 0.208425 0.0474305 0.0560939 0.0229912 0.0162068 0.0094999 0.00692761 0.00524775 0.00440487 0.00430206 0.00375076 0.00113805
 2.56121e-27 2.58354e-27 2.92869e-26 5.63852e-20 1.38221e-14 4.09575e-10 1.46703e-06 0.000635167 0.0332424 0.210301 0.16118 0.0376679 0.173478 0.16146 0.0599652 0.0963963 0.0335168 0.0151516 0.00665179 0.00364083 0.0022191 0.00157797 0.00135348 0.00117218 0.000388755
 2.5642e-27 2.59111e-27 3.54182e-26 6.93175e-20 1.69924e-14 5.03514e-10 1.8035e-06 0.000780848 0.0408667 0.258535 0.198062 0.0408745 0.171967 0.158895 0.0382904 0.0477185 0.0204606 0.0149295 0.00514733 0.00177977 0.000731592 0.000390608 0.000273319 0.00022014 7.53293e-05
 2.56227e-27 2.58573e-27 3.05157e-26 5.89748e-20 1.4457e-14 4.28386e-10 1.53441e-06 0.000664339 0.0347691 0.219959 0.168646 0.0433693 0.21162 0.195409 0.0434284 0.0500107 0.0175562 0.00832539 0.00384734 0.00169264 0.000434453 0.000138018 6.70671e-05 4.56974e-05 1.53931e-05
 2.56181e-27 2.58463e-27 2.96901e-26 5.72337e-20 1.40301e-14 4.15738e-10 1.4891e-06 0.000644725 0.0337426 0.213465 0.163671 0.0423178 0.207114 0.191593 0.0489853 0.0636352 0.0215341 0.00874386 0.00296799 0.00108241 0.000380655 8.50372e-05 2.13399e-05 1.01663e-05 3.17678e-06
 2.563e-27 2.58775e-27 3.23408e-26 6.28252e-20 1.54008e-14 4.56354e-10 1.63458e-06 0.000707712 0.0370391 0.23432 0.179597 0.0424642 0.197039 0.182058 0.0429844 0.05238 0.0185966 0.00887405 0.00284675 0.000815045 0.000210274 5.41029e-05 9.19731e-06 2.12631e-06 5.4347e-07
 2.56268e-27 2.58677e-27 3.13695e-26 6.07757e-20 1.48984e-14 4.41467e-10 1.58126e-06 0.000684625 0.0358308 0.226676 0.173779 0.0436035 0.209797 0.193666 0.0420667 0.0473112 0.0162343 0.00698367 0.00240532 0.000761152 0.000162822 3.08e-05 5.05027e-06 6.21734e-07 9.50864e-08
 2.56297e-27 2.58754e-27 3.20383e-26 6.21865e-20 1.52443e-14 4.51715e-10 1.61797e-06 0.000700518 0.0366626 0.231938 0.177794 0.0434556 0.20585 0.190042 0.0417671 0.0475046 0.0157431 0.00590374 0.0019045 0.000571549 0.000135134 2.27569e-05 2.77292e-06 2.60617e-07 1.96622e-08
 2.56356e-27 2.58902e-27 3.32314e-26 6.47031e-20 1.58612e-14 4.69995e-10 1.68344e-06 0.000728867 0.0381463 0.241324 0.184971 0.0440285 0.205168 0.189209 0.0379291 0.0389423 0.0128617 0.00476386 0.00144536 0.00038081 8.33469e-05 1.4626e-05 1.61251e-06 1.11191e-07 5.05764e-09
 2.56549e-27 2.59418e-27 3.77065e-26 7.41434e-20 1.81754e-14 5.38568e-10 1.92906e-06 0.00083521 0.0437119 0.276534 0.211847 0.0434708 0.182041 0.167711 0.0313087 0.0292145 0.00929137 0.00290268 0.000860743 0.000219584 4.26997e-05 6.75276e-06 7.4211e-07 4.489e-08 1.40611e-09
 2.56373e-27 2.58931e-27 3.33243e-26 6.48984e-20 1.59091e-14 4.71414e-10 1.68852e-06 0.000731067 0.0382614 0.242053 0.185548 0.045348 0.214804 0.197822 0.0344262 0.0287306 0.00893353 0.00247781 0.000679738 0.000150456 2.80931e-05 4.02216e-06 3.9306e-07 2.28297e-08 5.97708e-10
 2.56384e-27 2.58972e-27 3.3781e-26 6.58622e-20 1.61453e-14 4.78415e-10 1.7136e-06 0.000741924 0.0388296 0.245647 0.188278 0.0444312 0.205909 0.189809 0.0365433 0.0355653 0.0108332 0.00258657 0.00066853 0.000131047 2.13607e-05 2.77744e-06 2.45635e-07 1.26999e-08 3.0817e-10
 2.56504e-27 2.59295e-27 3.6627e-26 7.18661e-20 1.76171e-14 5.22026e-10 1.86981e-06 0.000809556 0.0423693 0.26804 0.205365 0.043697 0.188317 0.173533 0.0328942 0.0313599 0.00986185 0.00287384 0.00073273 0.000124889 1.8203e-05 2.03725e-06 1.58122e-07 7.30189e-09 1.58214e-10
 2.56319e-27 2.58791e-27 3.21263e-26 6.23713e-20 1.52896e-14 4.53057e-10 1.62277e-06 0.000702599 0.0367715 0.232627 0.178351 0.0453499 0.219875 0.202582 0.036733 0.0328004 0.0102742 0.00295258 0.000796294 0.000158957 2.16216e-05 2.09087e-06 1.37891e-07 5.48364e-09 1.04958e-10
 2.56138e-27 2.58305e-27 2.79132e-26 5.34837e-20 1.31109e-14 3.88499e-10 1.39154e-06 0.000602482 0.0315318 0.199479 0.153048 0.0458963 0.24181 0.223001 0.0435485 0.0431974 0.013317 0.00344307 0.000910629 0.000182659 2.78623e-05 2.79784e-06 1.59446e-07 5.31009e-09 8.66194e-11
 2.56265e-27 2.58652e-27 3.09867e-26 5.99676e-20 1.47003e-14 4.35597e-10 1.56024e-06 0.000675522 0.0353544 0.223662 0.171499 0.0449723 0.221815 0.204542 0.0401404 0.0400834 0.0125573 0.0035721 0.000927063 0.000169426 2.54534e-05 2.74194e-06 1.67334e-07 4.94702e-09 6.70948e-11
 2.56416e-27 2.59045e-27 3.43027e-26 6.69624e-20 1.6415e-14 4.86407e-10 1.74223e-06 0.000754318 0.0394783 0.249751 0.191425 0.0453076 0.210366 0.193669 0.0326347 0.0256884 0.00798321 0.00221653 0.000589658 0.000115598 1.64306e-05 1.67658e-06 1.07224e-07 3.36939e-09 4.15623e-11
 2.56398e-27 2.58992e-27 3.37983e-26 6.58981e-20 1.61541e-14 4.78675e-10 1.71453e-06 0.000742328 0.0388508 0.245781 0.188401 0.0457687 0.216 0.198809 0.0324914 0.0240465 0.00716013 0.00148703 0.000375056 7.26297e-05 1.08574e-05 1.10977e-06 6.68508e-08 2.15837e-09 2.78859e-11
 2.56437e-27 2.59098e-27 3.47204e-26 6.78433e-20 1.6631e-14 4.92805e-10 1.76515e-06 0.000764241 0.0399976 0.253036 0.193939 0.0456132 0.210927 0.194102 0.0311983 0.0222783 0.00656263 0.00124472 0.000285784 4.2899e-05 6.05446e-06 6.33053e-07 3.89049e-08 1.20239e-09 1.57329e-11
 2.56382e-27 2.58941e-27 3.3271e-26 6.47855e-20 1.58814e-14 4.70594e-10 1.68559e-06 0.000729795 0.0381949 0.241632 0.185245 0.0465239 0.223965 0.206021 0.0312805 0.019463 0.0056777 0.00100807 0.000223768 3.03045e-05 3.52983e-06 3.10828e-07 1.90118e-08 5.98247e-10 7.61689e-12
 2.56544e-27 2.59382e-27 3.71944e-26 7.30623e-20 1.79103e-14 5.30715e-10 1.90093e-06 0.000823031 0.0430745 0.272501 0.208796 0.0452248 0.197532 0.181661 0.0275328 0.017045 0.00489507 0.000735825 0.000154623 1.96133e-05 2.12271e-06 1.57163e-07 7.81955e-09 2.3503e-10 3.02401e-12
 2.56487e-27 2.59224e-27 3.57589e-26 7.00338e-20 1.71679e-14 5.08717e-10 1.82214e-06 0.000788917 0.041289 0.261206 0.200183 0.0459398 0.209025 0.192198 0.0281587 0.0158205 0.00453874 0.00069118 0.000141543 1.54306e-05 1.54312e-06 1.05075e-07 4.45541e-09 1.08544e-10 1.29146e-12
 2.56532e-27 2.59347e-27 3.68297e-26 7.22928e-20 1.77217e-14 5.25126e-10 1.88091e-06 0.000814364 0.0426209 0.269632 0.206613 0.0457498 0.203061 0.186664 0.0266217 0.0137073 0.00388195 0.000517904 0.000102177 1.11617e-05 1.03476e-06 6.13228e-08 2.35925e-09 4.91587e-11 4.77202e-13
 2.56565e-27 2.59437e-27 3.76617e-26 7.4048e-20 1.8152e-14 5.37876e-10 1.92658e-06 0.000834136 0.0436557 0.276178 0.211604 0.0452412 0.195684 0.17992 0.0265786 0.0153047 0.00433133 0.000550488 0.000104722 1.01713e-05 9.07619e-07 5.17389e-08 1.74638e-09 3.21248e-11 2.66982e-13
 2.56581e-27 2.59475e-27 3.79307e-26 7.46153e-20 1.8291e-14 5.41996e-10 1.94134e-06 0.000840526 0.0439901 0.278294 0.213227 0.0457453 0.19838 0.182264 0.0243826 0.00971203 0.00272701 0.000359795 6.88088e-05 6.34891e-06 5.26204e-07 2.71746e-08 8.77663e-10 1.44649e-11 1.04632e-13
 2.56529e-27 2.59332e-27 3.66461e-26 7.19052e-20 1.76267e-14 5.22311e-10 1.87083e-06 0.000809997 0.0423923 0.268186 0.205517 0.0462244 0.207443 0.190608 0.0255128 0.0101846 0.00280233 0.000267758 4.50592e-05 4.2805e-06 3.51485e-07 1.69121e-08 4.94107e-10 7.58227e-12 4.98125e-14
 2.56488e-27 2.59223e-27 3.56995e-26 6.99084e-20 1.71372e-14 5.07806e-10 1.81888e-06 0.000787504 0.0412151 0.260739 0.199832 0.0463549 0.21243 0.195249 0.0270404 0.0124973 0.00345806 0.000335747 5.47689e-05 3.88808e-06 2.82015e-07 1.37255e-08 3.81808e-10 5.31824e-12 3.20074e-14
 2.5656e-27 2.59421e-27 3.74966e-26 7.36996e-20 1.80666e-14 5.35345e-10 1.91752e-06 0.000830211 0.0434502 0.274879 0.210615 0.045486 0.198242 0.182234 0.0261527 0.01375 0.00384934 0.000429614 7.48065e-05 5.35921e-06 3.49017e-07 1.30025e-08 3.42098e-10 4.62336e-12 2.55167e-14
#obs surv len freq
 1.08728e-41 1.50907e-33 2.53177e-26 5.13439e-20 1.25863e-14 3.72956e-10 1.33587e-06 0.000578385 0.0302704 0.1915 0.146939 0.0402711 0.173789 0.146996 0.103597 0.101309 0.043564 0.0169233 0.00377034 0.00046659 2.36637e-05 3.57561e-07 1.20955e-09 7.45278e-13 7.31704e-17
 1.60548e-41 2.2283e-33 3.73843e-26 7.58146e-20 1.85851e-14 5.50709e-10 1.97255e-06 0.000854047 0.0446974 0.282769 0.216645 0.0406816 0.126551 0.102148 0.0759896 0.0686562 0.0286258 0.0101384 0.00201854 0.000213858 8.83005e-06 1.02824e-07 2.57359e-10 1.14526e-13 8.0145e-18
 1.53432e-41 2.12954e-33 3.57275e-26 7.24546e-20 1.77614e-14 5.26302e-10 1.88513e-06 0.000816196 0.0427165 0.270238 0.207306 0.0500237 0.176938 0.128974 0.0565522 0.0426857 0.0171694 0.00551692 0.000972445 8.65821e-05 2.86418e-06 2.55679e-08 4.73578e-11 1.52358e-14 7.60439e-19
 1.07572e-41 1.49303e-33 2.50487e-26 5.07983e-20 1.24526e-14 3.68993e-10 1.32167e-06 0.00057224 0.0299487 0.189467 0.14586 0.0564238 0.229932 0.162936 0.0982597 0.0660481 0.0160119 0.003896 0.000597982 4.41986e-05 1.15244e-06 7.79344e-09 1.06433e-11 2.47782e-15 8.83845e-20
 1.50179e-41 2.08439e-33 3.49699e-26 7.09183e-20 1.73848e-14 5.15143e-10 1.84516e-06 0.00079889 0.0418107 0.264508 0.202964 0.0471877 0.142109 0.10413 0.104126 0.0692689 0.0191615 0.00358071 0.000333968 1.87562e-05 3.79895e-07 1.92381e-09 1.92103e-12 3.22513e-16 8.22286e-21
 1.19856e-41 1.66352e-33 2.79091e-26 5.6599e-20 1.38746e-14 4.11129e-10 1.4726e-06 0.000637584 0.0333686 0.211103 0.162741 0.0649528 0.23118 0.144027 0.078621 0.0499873 0.0192751 0.00379327 0.000301024 1.03515e-05 1.40177e-07 5.1691e-10 3.74152e-13 4.50188e-17 8.17265e-22
 1.37598e-41 1.90978e-33 3.20405e-26 6.49774e-20 1.59284e-14 4.71989e-10 1.69059e-06 0.000731966 0.0383082 0.242352 0.186478 0.0578137 0.174635 0.116454 0.110124 0.0572608 0.0130434 0.00255987 0.000231092 6.68383e-06 5.72798e-08 1.32325e-10 6.55952e-14 5.57632e-18 7.16732e-23
 1.19533e-41 1.65904e-33 2.78338e-26 5.64464e-20 1.38372e-14 4.10021e-10 1.46863e-06 0.000635865 0.0332787 0.210536 0.162752 0.0721948 0.226953 0.133187 0.0937309 0.0495598 0.0149175 0.00210838 0.000140436 3.9863e-06 2.87278e-08 4.41719e-11 1.3535e-14 7.44998e-19 6.51924e-24
 1.51304e-41 2.10001e-33 3.5232e-26 7.14497e-20 1.75151e-14 5.19003e-10 1.85899e-06 0.000804876 0.042124 0.266494 0.205306 0.0645177 0.167359 0.104144 0.0961812 0.0420911 0.00951943 0.00137425 8.08292e-05 1.62726e-06 9.72302e-09 1.22938e-11 2.69413e-15 9.58089e-20 5.31121e-25
 1.52302e-41 2.11386e-33 3.54643e-26 7.1921e-20 1.76306e-14 5.22426e-10 1.87125e-06 0.000810185 0.0424018 0.268255 0.207265 0.0779373 0.198183 0.103462 0.0658521 0.0281251 0.00689825 0.000770185 3.71404e-05 6.3279e-07 2.74408e-09 2.57963e-12 4.41269e-16 1.18213e-20 4.60028e-26
 1.09512e-41 1.51995e-33 2.55003e-26 5.17142e-20 1.26771e-14 3.75646e-10 1.3455e-06 0.000582557 0.0304887 0.192896 0.150797 0.097217 0.258292 0.13623 0.0954326 0.0319486 0.00552197 0.000569133 2.32347e-05 3.00656e-07 1.01568e-09 7.02014e-13 8.53805e-17 1.66836e-21 4.83683e-27
 1.65935e-41 2.30308e-33 3.86388e-26 7.83588e-20 1.92087e-14 5.6919e-10 2.03875e-06 0.000882707 0.0461974 0.292269 0.225666 0.0710807 0.144492 0.0945089 0.0906709 0.0291268 0.00474346 0.000350098 1.07081e-05 1.11412e-07 2.80875e-10 1.42744e-13 1.26843e-17 1.76591e-22 3.60674e-28
 1.33565e-41 1.85379e-33 3.11012e-26 6.30726e-20 1.54615e-14 4.58153e-10 1.64103e-06 0.000710509 0.0371852 0.235269 0.184318 0.11035 0.242466 0.106721 0.0578367 0.020741 0.00411648 0.000278024 6.45475e-06 4.66398e-08 8.6423e-11 3.22911e-14 2.06206e-18 2.05498e-23 2.99909e-29
 1.11399e-41 1.54614e-33 2.59397e-26 5.26053e-20 1.28956e-14 3.82119e-10 1.36869e-06 0.000592595 0.0310141 0.196235 0.155109 0.111832 0.235218 0.138132 0.104338 0.0242613 0.00304444 0.000215921 4.91621e-06 2.7675e-08 3.53895e-11 9.12183e-15 4.13667e-19 2.9416e-24 3.04413e-30
 8.75522e-42 1.21517e-33 2.03869e-26 4.13443e-20 1.01351e-14 3.00321e-10 1.0757e-06 0.000465741 0.0243751 0.154247 0.124313 0.12335 0.249081 0.159905 0.124671 0.0346931 0.00468517 0.000209345 3.64259e-06 1.86811e-08 1.93917e-11 3.57868e-15 1.10498e-19 5.36868e-25 3.86422e-31
 1.41722e-41 1.967e-33 3.30006e-26 6.69245e-20 1.64058e-14 4.86133e-10 1.74125e-06 0.0007539 0.0394562 0.249647 0.195695 0.0947172 0.159968 0.126129 0.101064 0.0283599 0.00401657 0.000188566 2.54366e-06 8.87493e-09 7.21228e-12 1.07631e-15 2.52071e-20 8.70781e-26 4.30593e-32
 9.75441e-42 1.35385e-33 2.27136e-26 4.60627e-20 1.12917e-14 3.34595e-10 1.19846e-06 0.000518893 0.0271569 0.171888 0.141724 0.162248 0.272985 0.126195 0.0719886 0.0220059 0.00314194 0.000145247 1.89824e-06 5.51836e-09 3.14985e-12 3.28815e-16 5.74756e-21 1.51694e-26 5.62007e-33
 1.43379e-41 1.99001e-33 3.33865e-26 6.77072e-20 1.65976e-14 4.91818e-10 1.76161e-06 0.000762717 0.0399176 0.252592 0.199941 0.107943 0.161465 0.136201 0.0841812 0.0152694 0.00164969 7.43423e-05 9.08538e-07 2.37935e-09 1.14162e-12 9.0007e-17 1.10055e-21 2.01292e-27 5.31513e-34
 1.00376e-41 1.39316e-33 2.33731e-26 4.74002e-20 1.16196e-14 3.4431e-10 1.23326e-06 0.000533961 0.0279455 0.176936 0.149548 0.183553 0.261153 0.121097 0.062049 0.0156897 0.00145211 4.20358e-05 4.14214e-07 9.46614e-10 3.86576e-13 2.51059e-17 2.41857e-22 3.30227e-28 6.21524e-35
 1.28519e-41 1.78376e-33 2.99262e-26 6.06897e-20 1.48774e-14 4.40844e-10 1.57903e-06 0.000683666 0.0357805 0.226477 0.183813 0.132127 0.181234 0.152897 0.0745271 0.0114665 0.000965106 2.75115e-05 1.92595e-07 3.10232e-10 9.93294e-14 5.20854e-18 4.01164e-23 4.30563e-29 6.24356e-36
 1.41175e-41 1.95941e-33 3.28732e-26 6.66661e-20 1.63424e-14 4.84256e-10 1.73452e-06 0.000750989 0.0393041 0.248827 0.204649 0.159238 0.187325 0.101564 0.0478902 0.00978051 0.000656958 1.3373e-05 7.97486e-08 9.92383e-11 2.20176e-14 8.17277e-19 4.69365e-24 3.85519e-30 4.29533e-37
 1.12942e-41 1.56755e-33 2.6299e-26 5.33338e-20 1.30742e-14 3.87411e-10 1.38764e-06 0.000600802 0.0314441 0.199206 0.172789 0.196697 0.225324 0.122603 0.0445139 0.00639135 0.000422712 8.05573e-06 3.5189e-08 3.26174e-11 5.56257e-15 1.5063e-19 6.02616e-25 3.44417e-31 2.73358e-38
 1.37391e-41 1.9069e-33 3.19922e-26 6.48795e-20 1.59044e-14 4.71278e-10 1.68804e-06 0.000730864 0.038251 0.242255 0.202889 0.160381 0.179241 0.126628 0.0440399 0.00532827 0.000250412 3.75406e-06 1.42246e-08 1.02896e-11 1.26302e-15 2.47985e-20 7.29592e-26 3.02664e-32 1.70161e-39
 1.35526e-41 1.88101e-33 3.15578e-26 6.39986e-20 1.56885e-14 4.64879e-10 1.66512e-06 0.00072094 0.037732 0.239112 0.207033 0.193731 0.187975 0.0970839 0.0322441 0.00419468 0.000169453 1.84248e-06 4.99632e-09 2.79767e-12 2.69116e-16 3.94312e-21 8.31553e-27 2.4519e-33 9.87208e-41
 1.18762e-41 1.64834e-33 2.76543e-26 5.60824e-20 1.37479e-14 4.07377e-10 1.45916e-06 0.000631765 0.0330653 0.209744 0.1904 0.214131 0.206771 0.112699 0.0295485 0.0029005 0.000106709 1.02448e-06 2.09089e-09 8.17013e-13 5.58417e-17 6.04721e-22 9.55943e-28 2.08641e-34 6.08392e-42
 1.06355e-41 1.47614e-33 2.47653e-26 5.02235e-20 1.23117e-14 3.64818e-10 1.30672e-06 0.000565765 0.0296117 0.188047 0.178095 0.221006 0.217393 0.129923 0.0324777 0.00280251 7.67986e-05 5.73325e-07 9.64544e-10 2.93815e-13 1.44734e-17 1.08952e-22 1.20176e-28 1.86688e-35 3.94359e-43
 1.04683e-41 1.45293e-33 2.4376e-26 4.94339e-20 1.21182e-14 3.59083e-10 1.28618e-06 0.000556871 0.0291468 0.18526 0.179246 0.220878 0.216917 0.132769 0.0324485 0.00271044 6.38886e-05 3.64212e-07 4.46784e-10 1.02659e-13 3.88038e-18 2.18898e-23 1.74354e-29 1.90313e-36 2.79334e-44
 1.26949e-41 1.76197e-33 2.95607e-26 5.99485e-20 1.46957e-14 4.35459e-10 1.55974e-06 0.000675316 0.0353455 0.224375 0.20485 0.200333 0.192419 0.112716 0.0270107 0.00222284 5.0876e-05 2.6708e-07 2.77302e-10 5.08973e-14 1.52349e-18 6.94055e-24 4.5426e-30 4.08402e-37 4.88819e-45
#pred catch len freq
 2.55755e-27 2.57306e-27 1.95622e-26 3.58685e-20 8.79273e-15 2.60544e-10 9.33226e-07 0.000404051 0.0211466 0.13378 0.102857 0.0443488 0.265294 0.244977 0.0526445 0.0587841 0.0238106 0.0164247 0.00958695 0.00697628 0.00528195 0.00443312 0.00432959 0.00377475 0.00114533
 2.55937e-27 2.57852e-27 2.48118e-26 4.69445e-20 1.15079e-14 3.40999e-10 1.2214e-06 0.00052882 0.0276765 0.17509 0.134319 0.0392285 0.204227 0.189793 0.0642192 0.098956 0.0341421 0.0150456 0.00657423 0.00358877 0.00218607 0.00155429 0.00133315 0.00115457 0.000382914
 2.562e-27 2.58511e-27 3.00838e-26 5.80641e-20 1.42337e-14 4.2177e-10 1.51071e-06 0.00065408 0.0342322 0.216563 0.166042 0.0426794 0.208199 0.192276 0.043238 0.0506042 0.0214159 0.0153014 0.00526014 0.00181279 0.000744594 0.000397482 0.000278123 0.000224008 7.6653e-05
 2.56039e-27 2.58055e-27 2.58739e-26 4.91824e-20 1.20565e-14 3.57255e-10 1.27963e-06 0.000554029 0.0289959 0.183437 0.140788 0.0452323 0.24537 0.226449 0.0470394 0.0504235 0.0175494 0.00811333 0.0037318 0.00163793 0.000420147 0.000133438 6.48394e-05 4.41794e-05 1.48818e-05
 2.56034e-27 2.58056e-27 2.60086e-26 4.9467e-20 1.21262e-14 3.59322e-10 1.28703e-06 0.000557236 0.0291637 0.184498 0.141579 0.0440094 0.235509 0.217667 0.0512721 0.0622734 0.0209154 0.00827232 0.00279574 0.00101625 0.000357137 7.97695e-05 2.00169e-05 9.536e-06 2.97981e-06
 2.56151e-27 2.58363e-27 2.8631e-26 5.49986e-20 1.34823e-14 3.99503e-10 1.43095e-06 0.000619548 0.0324249 0.20513 0.157334 0.0441146 0.225239 0.207964 0.0454496 0.0514671 0.0181092 0.00842479 0.00269271 0.000768357 0.000198066 5.09495e-05 8.6609e-06 2.00228e-06 5.11769e-07
 2.56134e-27 2.58306e-27 2.80104e-26 5.36891e-20 1.31612e-14 3.89991e-10 1.39688e-06 0.000604797 0.0316529 0.200245 0.153622 0.0452037 0.236136 0.217841 0.0439824 0.0455815 0.0155115 0.0065001 0.00222932 0.000703263 0.000150329 2.84288e-05 4.6612e-06 5.73831e-07 8.77601e-08
 2.56196e-27 2.58472e-27 2.94658e-26 5.67593e-20 1.39139e-14 4.12292e-10 1.47676e-06 0.000639381 0.0334629 0.211696 0.162361 0.0448748 0.227493 0.20987 0.0426671 0.0445529 0.0146557 0.00534915 0.00171784 0.000513827 0.000121393 2.04379e-05 2.49019e-06 2.34042e-07 1.76572e-08
 2.56277e-27 2.58681e-27 3.12041e-26 6.04261e-20 1.48127e-14 4.38928e-10 1.57217e-06 0.000680688 0.0356247 0.225372 0.17281 0.0452546 0.223042 0.205565 0.0383219 0.0357091 0.0117035 0.00421813 0.00127423 0.00033456 7.3163e-05 1.28354e-05 1.41502e-06 9.75722e-08 4.43816e-09
 2.56452e-27 2.59148e-27 3.52557e-26 6.89729e-20 1.69079e-14 5.01011e-10 1.79454e-06 0.000776965 0.0406636 0.257249 0.197141 0.0446855 0.201617 0.185666 0.0324968 0.0273986 0.00865493 0.00263006 0.000776064 0.000197297 3.83341e-05 6.06056e-06 6.65997e-07 4.02855e-08 1.26188e-09
 2.56282e-27 2.58678e-27 3.10263e-26 6.00503e-20 1.47206e-14 4.36198e-10 1.56239e-06 0.000676454 0.0354032 0.223971 0.17176 0.0465533 0.233663 0.215106 0.0353222 0.0264184 0.00816142 0.00220142 0.000600788 0.000132498 2.47173e-05 3.53779e-06 3.45701e-07 2.00787e-08 5.25684e-10
 2.56293e-27 2.58716e-27 3.14425e-26 6.09287e-20 1.49359e-14 4.42578e-10 1.58524e-06 0.000686349 0.035921 0.227247 0.174248 0.0456873 0.225325 0.207597 0.0373474 0.0329176 0.00997341 0.00231588 0.00059514 0.000116229 1.89269e-05 2.46016e-06 2.17559e-07 1.12481e-08 2.72941e-10
 2.56397e-27 2.58999e-27 3.39431e-26 6.6204e-20 1.62291e-14 4.80898e-10 1.7225e-06 0.000745775 0.0390312 0.246922 0.18926 0.0449951 0.209509 0.192976 0.0342754 0.0296103 0.00925279 0.00262288 0.000665656 0.000113032 1.64573e-05 1.84121e-06 1.42894e-07 6.59856e-09 1.42974e-10
 2.56237e-27 2.5856e-27 3.00174e-26 5.79222e-20 1.41989e-14 4.20739e-10 1.50702e-06 0.000652481 0.0341485 0.216033 0.165699 0.0465443 0.237853 0.219043 0.0373 0.0299438 0.00931851 0.00260431 0.000698892 0.000139008 1.88912e-05 1.82613e-06 1.2042e-07 4.78875e-09 9.16571e-11
 2.56107e-27 2.58214e-27 2.70151e-26 5.15887e-20 1.26464e-14 3.74734e-10 1.34223e-06 0.000581136 0.0304146 0.192412 0.147667 0.0468959 0.253197 0.233339 0.0423078 0.0377589 0.0115726 0.00290854 0.00076506 0.000152895 2.33004e-05 2.33896e-06 1.33283e-07 4.43866e-09 7.24043e-11
 2.56269e-27 2.58655e-27 3.09207e-26 5.9828e-20 1.46661e-14 4.34583e-10 1.5566e-06 0.00067395 0.0352721 0.223142 0.171113 0.0457056 0.227666 0.209777 0.0380943 0.0340904 0.0106113 0.00293378 0.000757652 0.000137947 2.07032e-05 2.22945e-06 1.36047e-07 4.02196e-09 5.45482e-11
 2.564e-27 2.58996e-27 3.38132e-26 6.59294e-20 1.61618e-14 4.78903e-10 1.71535e-06 0.000742682 0.0388693 0.245898 0.188493 0.0459339 0.217192 0.199857 0.0317246 0.0220498 0.00680461 0.00183633 0.000486006 9.4928e-05 1.34801e-05 1.375e-06 8.7929e-08 2.763e-09 3.40822e-11
 2.56398e-27 2.58986e-27 3.36938e-26 6.56776e-20 1.61001e-14 4.77074e-10 1.7088e-06 0.000739844 0.0387208 0.244959 0.187781 0.0462387 0.220013 0.202408 0.0312459 0.0202988 0.00600841 0.00121291 0.000303891 5.8629e-05 8.75602e-06 8.94672e-07 5.38887e-08 1.73983e-09 2.24783e-11
 2.56461e-27 2.59158e-27 3.52044e-26 6.88642e-20 1.68812e-14 5.00221e-10 1.79171e-06 0.000775741 0.0405995 0.256844 0.19685 0.0458602 0.21076 0.193855 0.0294548 0.0183642 0.00537815 0.000991612 0.000226102 3.38089e-05 4.76589e-06 4.98139e-07 3.0611e-08 9.46038e-10 1.23786e-11
 2.56422e-27 2.59046e-27 3.41621e-26 6.66653e-20 1.63422e-14 4.84248e-10 1.7345e-06 0.000750971 0.0393031 0.248643 0.190599 0.0465785 0.220619 0.202856 0.029313 0.0157733 0.00457259 0.000789305 0.000173934 2.34647e-05 2.72978e-06 2.40274e-07 1.46949e-08 4.62395e-10 5.8872e-12
 2.56565e-27 2.59436e-27 3.76322e-26 7.39857e-20 1.81367e-14 5.37423e-10 1.92496e-06 0.000833434 0.0436189 0.275946 0.211428 0.0453841 0.196895 0.181002 0.0261352 0.0140249 0.00400489 0.000585797 0.000122058 1.54226e-05 1.66703e-06 1.23371e-07 6.13751e-09 1.84468e-10 2.37344e-12
 2.56541e-27 2.59369e-27 3.70122e-26 7.26776e-20 1.7816e-14 5.27921e-10 1.89093e-06 0.000818698 0.0428477 0.271067 0.20771 0.045793 0.20262 0.186231 0.026082 0.0125883 0.00358857 0.000531628 0.000107972 1.17258e-05 1.17092e-06 7.96942e-08 3.37879e-09 8.23124e-11 9.79351e-13
 2.56552e-27 2.59397e-27 3.72455e-26 7.31699e-20 1.79367e-14 5.31497e-10 1.90373e-06 0.000824243 0.0431379 0.272903 0.209112 0.0458514 0.202079 0.185702 0.0254458 0.0112695 0.00317151 0.000412026 8.05287e-05 8.76323e-06 8.11257e-07 4.8054e-08 1.84851e-09 3.85153e-11 3.7388e-13
 2.56649e-27 2.59663e-27 3.9638e-26 7.8217e-20 1.9174e-14 5.68159e-10 2.03505e-06 0.000881099 0.0461135 0.291727 0.22347 0.0448324 0.184236 0.169309 0.023855 0.0117674 0.00331086 0.000409771 7.71878e-05 7.46862e-06 6.65391e-07 3.79121e-08 1.2795e-09 2.35356e-11 1.95598e-13
 2.56661e-27 2.59693e-27 3.98477e-26 7.86592e-20 1.92824e-14 5.71371e-10 2.04655e-06 0.00088608 0.0463742 0.293376 0.224736 0.0452187 0.186286 0.171091 0.0221633 0.00746517 0.00207876 0.000267007 5.05826e-05 4.64981e-06 3.84751e-07 1.98594e-08 6.41306e-10 1.0569e-11 7.64503e-14
 2.56595e-27 2.5951e-27 3.82187e-26 7.52227e-20 1.84399e-14 5.46408e-10 1.95714e-06 0.000847368 0.0443482 0.280559 0.214958 0.0458306 0.197813 0.1817 0.0235566 0.00796844 0.00217619 0.000203043 3.37257e-05 3.19147e-06 2.61649e-07 1.25831e-08 3.67573e-10 5.64031e-12 3.70542e-14
 2.56538e-27 2.59358e-27 3.68759e-26 7.23901e-20 1.77455e-14 5.25832e-10 1.88344e-06 0.000815459 0.0426782 0.269994 0.206896 0.0461564 0.205956 0.189236 0.0252627 0.00995998 0.00273839 0.000259599 4.18173e-05 2.95821e-06 2.14118e-07 1.04154e-08 2.89684e-10 4.03486e-12 2.42832e-14
 2.56484e-27 2.59211e-27 3.55912e-26 6.96798e-20 1.70812e-14 5.06145e-10 1.81293e-06 0.000784928 0.0410803 0.259886 0.199182 0.046398 0.213215 0.19597 0.0271034 0.012461 0.0034702 0.000377909 6.51077e-05 4.6484e-06 3.02123e-07 1.12491e-08 2.95907e-10 3.99891e-12 2.207e-14
#obs catch len freq
 5.05014e-42 7.00927e-34 1.17595e-26 2.3848e-20 5.84606e-15 1.73229e-10 6.2048e-07 0.000268646 0.0140599 0.0889481 0.0686457 0.0399723 0.218872 0.186775 0.143548 0.142971 0.0637414 0.0255126 0.00588931 0.000754964 4.00602e-05 6.35601e-07 2.25031e-09 1.44213e-12 1.46264e-16
 5.74769e-42 7.97741e-34 1.33838e-26 2.7142e-20 6.65354e-15 1.97157e-10 7.06183e-07 0.000305753 0.0160019 0.101234 0.0781402 0.0438318 0.223992 0.182137 0.142822 0.130516 0.0558825 0.0203955 0.00424986 0.000469904 2.02157e-05 2.45644e-07 6.4088e-10 2.96061e-13 2.14012e-17
 1.0829e-41 1.503e-33 2.52159e-26 5.11374e-20 1.25357e-14 3.71457e-10 1.3305e-06 0.000576059 0.0301487 0.19073 0.146523 0.0451798 0.181468 0.140723 0.113907 0.0955779 0.0394683 0.0130503 0.00241191 0.000226289 7.84602e-06 7.28791e-08 1.39974e-10 4.65689e-14 2.39578e-18
 1.11319e-41 1.54503e-33 2.59212e-26 5.25676e-20 1.28863e-14 3.81845e-10 1.36771e-06 0.00059217 0.0309918 0.196066 0.150941 0.0584462 0.238155 0.164448 0.076868 0.0543912 0.0215475 0.00642556 0.00104244 8.14409e-05 2.24207e-06 1.58489e-08 2.2419e-11 5.37776e-15 1.97042e-19
 7.83748e-42 1.08779e-33 1.82499e-26 3.70105e-20 9.07269e-15 2.6884e-10 9.62942e-07 0.000416921 0.02182 0.138043 0.106899 0.0647572 0.273651 0.184542 0.11691 0.071591 0.0169105 0.0038793 0.000543901 3.49388e-05 7.51619e-07 3.9995e-09 4.15365e-12 7.19144e-16 1.88047e-20
 1.25625e-41 1.74359e-33 2.92523e-26 5.9323e-20 1.45423e-14 4.30916e-10 1.54347e-06 0.00066827 0.0349746 0.221262 0.170175 0.052884 0.172552 0.122301 0.125438 0.0757857 0.0202237 0.00342438 0.000294592 1.44108e-05 2.3894e-07 9.46574e-10 7.1614e-13 8.92069e-17 1.66497e-21
 1.03372e-41 1.43474e-33 2.40707e-26 4.88148e-20 1.19664e-14 3.54586e-10 1.27007e-06 0.000549896 0.0287794 0.182072 0.140951 0.0737285 0.260467 0.153752 0.0862702 0.0510939 0.0187938 0.00330077 0.00023309 6.93167e-06 7.7373e-08 2.22558e-10 1.21664e-13 1.08397e-17 1.43867e-22
 1.27566e-41 1.77054e-33 2.97044e-26 6.024e-20 1.47671e-14 4.37577e-10 1.56733e-06 0.0006786 0.0355152 0.224684 0.173296 0.0642231 0.191869 0.123742 0.116802 0.0547681 0.0120753 0.00217057 0.000170216 4.12886e-06 2.88421e-08 5.22218e-11 1.95645e-14 1.2299e-18 1.15447e-23
 1.15147e-41 1.59816e-33 2.68125e-26 5.43752e-20 1.33294e-14 3.94976e-10 1.41474e-06 0.000612533 0.0320575 0.202814 0.157262 0.0797029 0.238724 0.133944 0.0942295 0.0459559 0.0129647 0.00163141 9.70579e-05 2.28999e-06 1.31445e-08 1.56897e-11 3.63944e-15 1.48357e-19 9.47643e-25
 1.51583e-41 2.10387e-33 3.52968e-26 7.15812e-20 1.75473e-14 5.19958e-10 1.8624e-06 0.000806357 0.0422015 0.266986 0.206 0.0696841 0.171467 0.103628 0.0931996 0.0370015 0.00794483 0.00102514 5.19712e-05 8.74475e-07 4.16313e-09 4.03953e-12 6.65987e-16 1.7549e-20 7.11384e-26
 1.55457e-41 2.15764e-33 3.61989e-26 7.34107e-20 1.79958e-14 5.33248e-10 1.91001e-06 0.000826967 0.0432801 0.273814 0.211899 0.0831832 0.197032 0.0983491 0.0614249 0.0241497 0.0054762 0.000540623 2.26339e-05 3.16606e-07 1.08734e-09 7.84876e-13 1.00594e-16 1.99038e-21 5.66766e-27
 1.15007e-41 1.59623e-33 2.678e-26 5.43093e-20 1.33133e-14 3.94497e-10 1.41302e-06 0.00061179 0.0320187 0.202579 0.158769 0.104047 0.254387 0.129371 0.0871676 0.0263772 0.0042678 0.000389017 1.35132e-05 1.43311e-07 3.81011e-10 2.01015e-13 1.82913e-17 2.63482e-22 5.57619e-28
 1.71947e-41 2.38651e-33 4.00386e-26 8.11975e-20 1.99046e-14 5.8981e-10 2.1126e-06 0.000914685 0.047871 0.302859 0.234104 0.0747108 0.140294 0.0907574 0.0811215 0.0236151 0.00351689 0.000227128 5.95103e-06 5.02529e-08 9.91256e-11 3.83524e-14 2.54235e-18 2.60541e-23 3.88084e-29
 1.39705e-41 1.93901e-33 3.25309e-26 6.59721e-20 1.61723e-14 4.79214e-10 1.71647e-06 0.000743171 0.0388946 0.24609 0.193289 0.116378 0.234103 0.0987125 0.051492 0.0170981 0.00301927 0.000175546 3.43171e-06 2.01223e-08 2.91223e-11 8.25143e-15 3.92283e-19 2.87354e-24 3.05531e-30
 1.18374e-41 1.64295e-33 2.75639e-26 5.58991e-20 1.3703e-14 4.06045e-10 1.45439e-06 0.000629699 0.032956 0.208529 0.16534 0.118627 0.22861 0.132204 0.0915822 0.0191629 0.00222027 0.000135989 2.5461e-06 1.14569e-08 1.1396e-11 2.22692e-15 7.50809e-20 3.91916e-25 2.95252e-31
 9.45145e-42 1.3118e-33 2.20081e-26 4.46321e-20 1.0941e-14 3.24203e-10 1.16124e-06 0.000502777 0.0263134 0.166522 0.134795 0.13167 0.243734 0.154895 0.110148 0.0279774 0.00331152 0.00012721 1.85336e-06 7.52093e-09 6.00033e-12 8.35607e-16 1.91688e-20 6.83398e-26 3.57755e-32
 1.50407e-41 2.08755e-33 3.5023e-26 7.10258e-20 1.74111e-14 5.15924e-10 1.84796e-06 0.000800101 0.0418742 0.264953 0.20809 0.0988576 0.153365 0.120174 0.0867157 0.0222955 0.00276147 0.000109356 1.20492e-06 3.34481e-09 2.08962e-12 2.33901e-16 4.05512e-21 1.02739e-26 3.69725e-33
 1.05173e-41 1.45974e-33 2.44901e-26 4.96655e-20 1.21749e-14 3.60765e-10 1.2922e-06 0.000559478 0.029281 0.185349 0.153603 0.170275 0.261213 0.117701 0.0623289 0.0174485 0.00215598 8.37951e-05 8.83155e-07 2.00832e-09 8.77118e-13 6.87106e-17 8.86984e-22 1.71189e-27 4.61081e-34
 1.52739e-41 2.11992e-33 3.55661e-26 7.21273e-20 1.76811e-14 5.23925e-10 1.87661e-06 0.000812509 0.0425236 0.269094 0.21345 0.111461 0.15365 0.12714 0.0692916 0.0114364 0.00109762 4.13201e-05 4.03792e-07 8.2012e-10 2.98317e-13 1.75592e-17 1.58422e-22 2.11726e-28 4.0546e-35
 1.08651e-41 1.50801e-33 2.53e-26 5.13079e-20 1.25775e-14 3.72695e-10 1.33493e-06 0.00057798 0.0302494 0.191549 0.162754 0.190551 0.247382 0.111603 0.0524956 0.0118798 0.00093354 2.28138e-05 1.8079e-07 3.18362e-10 9.79491e-14 4.7241e-18 3.34632e-23 3.33553e-29 4.55675e-36
 1.3831e-41 1.91965e-33 3.22061e-26 6.53134e-20 1.60108e-14 4.74429e-10 1.69933e-06 0.000735751 0.0385065 0.243752 0.198383 0.135942 0.172876 0.140635 0.0601647 0.00837795 0.000610746 1.42522e-05 7.93665e-08 9.89303e-11 2.38182e-14 9.23564e-19 5.21108e-24 4.07167e-30 4.27864e-37
 1.50726e-41 2.09197e-33 3.50972e-26 7.11764e-20 1.7448e-14 5.17017e-10 1.85187e-06 0.000801797 0.0419632 0.265691 0.21915 0.1613 0.173747 0.091119 0.0388482 0.00697703 0.000394337 6.65256e-06 3.13372e-08 2.98359e-11 4.9711e-15 1.3638e-19 5.72196e-25 3.4105e-31 2.74645e-38
 1.22269e-41 1.69701e-33 2.84709e-26 5.77384e-20 1.41539e-14 4.19406e-10 1.50224e-06 0.00065042 0.034041 0.215703 0.187875 0.200454 0.211298 0.109803 0.0353733 0.00454287 0.000253889 3.90623e-06 1.34057e-08 9.50509e-12 1.21151e-15 2.41887e-20 7.0692e-26 2.9293e-32 1.6762e-39
 1.4749e-41 2.04707e-33 3.43438e-26 6.96486e-20 1.70735e-14 5.0592e-10 1.81212e-06 0.000784587 0.0410628 0.260105 0.218391 0.16182 0.168092 0.111785 0.0341814 0.00363203 0.000143784 1.75198e-06 5.16554e-09 2.83467e-12 2.59611e-16 3.75159e-21 8.04578e-27 2.41868e-33 9.81285e-41
 1.45351e-41 2.01738e-33 3.38457e-26 6.86384e-20 1.68259e-14 4.98582e-10 1.78584e-06 0.000773207 0.0404677 0.256509 0.222701 0.193793 0.173266 0.0845951 0.024992 0.00280643 9.38494e-05 8.2278e-07 1.73833e-09 7.36642e-13 5.26227e-17 5.6632e-22 8.70261e-28 1.85774e-34 5.3889e-42
 1.28513e-41 1.78367e-33 2.99248e-26 6.06868e-20 1.48767e-14 4.40823e-10 1.57895e-06 0.000683633 0.0357804 0.227046 0.206705 0.215068 0.192681 0.0975817 0.022473 0.00192027 5.83563e-05 4.45092e-07 7.01966e-10 2.07277e-13 1.05092e-17 8.33593e-23 9.57824e-29 1.51234e-35 3.17906e-43
 1.16003e-41 1.61005e-33 2.70119e-26 5.47796e-20 1.34286e-14 3.97913e-10 1.42526e-06 0.00061709 0.0322985 0.205207 0.194863 0.223016 0.205042 0.112499 0.0245992 0.00181554 4.09228e-05 2.42883e-07 3.13705e-10 7.17958e-14 2.61926e-18 1.44393e-23 1.15633e-29 1.29645e-36 1.96915e-44
 1.14426e-41 1.58816e-33 2.66446e-26 5.40348e-20 1.3246e-14 3.92503e-10 1.40588e-06 0.000608699 0.0318592 0.202391 0.191131 0.215819 0.208969 0.119946 0.0271889 0.00204319 4.22436e-05 2.06158e-07 2.11969e-10 4.01971e-14 1.24257e-18 5.70138e-24 3.67742e-30 3.23738e-37 3.81891e-45
#spawning biomass
 13076.5 16318.2 21961.1 30640.5 36843.1 43022.1 51396.2 59698.7 68080 88254.9 113110 132173 171722 211267 200094 166286 154068 158799 161192 152325 152105 166058 169354 195926 204317 205554 200260 209975 248461 175516 62675.3 25945.6 17899.8 16331.2 16046.1 15996.7 15988.4 15987.1 15986.8 15986.8 15986.8 15986.8 15986.8 15986.8 15986.8 15986.8 15986.8 15986.8 15986.8 15986.8 15986.8 15986.8 15986.8 15986.8 15986.8 15986.8 15986.8 15986.8 15986.8 15986.8 15986.8 15986.8 15986.8 15986.8 15986.8 15986.8 15986.8 15986.8 15986.8 15986.8 15986.8 15986.8 15986.8 15986.8 15986.8 15986.8 15986.8 15986.8 15986.8 15986.8 15986.8 15986.8 15986.8 15986.8 15986.8 15986.8 15986.8 15986.8 15986.8 15986.8 15986.8 15986.8 15986.8 15986.8 15986.8 15986.8 15986.8 15986.8 15986.8 15986.8 15986.8 15986.8 15986.8 15986.8 15986.8 15986.8 15986.8 15986.8 15986.8 15986.8 15986.8 15986.8 15986.8 15986.8 15986.8 15986.8 15986.8 15986.8 15986.8 15986.8 15986.8 15986.8 15986.8 15986.8 15986.8 15986.8 15986.8 15986.8 0 0 0 0 0 0 0 0 0 0 0 0 0 0 0 0 0 0 0 0 0 0 0 0 0
