SBPRF35
0.225936
Curr Bio
29962.7
B35
67379.3
F35
0.503329
FOFL
0.257208
OFL
10035.2
Bzero
64553.2
#pred survey bio
 6835.7 6372.66 7278.33 9715.78 12653.7 15389.4 14914 13688.8 22481.7 34140.5 35161.9 42773.2 65702.5 73748.9 62922.1 52785.9 49879.6 56764.4 55495.1 56436.9 55899.4 59105.2 69085.7 69476.1 75459.2 74144.7 70422.4 72986.4 2.88924e+06 2.06665e+06 1.76766e+06 1.34916e+06 1.07248e+06 921546 844577 806070 786624 776513 771031 767917 766068 764927 764201 763728 763418 763212 763075 762983 762921 762880 762851 762832 762819 762811 762805 762801 762798 762796 762795 762794 762794 762793 762793 762793 762793 762793 762792 762792 762792 762792 762792 762792 762792 762792 762792 762792 762792 762792 762792 762792 762792 762792 762792 762792 762792 762792 762792 762792 762792 762792 762792 762792 762792 762792 762792 762792 762792 762792 762792 762792 762792 762792 762792 762792 762792 762792 762792 762792 762792 762792 762792 762792 762792 762792 762792 762792 762792 762792 762792 762792 762792 762792 762792 762792 762792 762792 762792 762792 0 0 0 0 0 0 0 0 0 0 0 0 0 0 0 0 0 0 0 0 0 0 0 0 0
#obs survey bio
 5815.83 5611.88 8188.71 8698.81 19877.8 19230.4 16149.9 14768.7 33178.6 26128.3 54943.2 60692.3 93646.8 71463 54103.6 37582.3 54031.9 61804.2 50466.8 53982.2 57774.3 56892.8 98677.5 99548.5 74948.2 62738.1 73380.6 66656.3
#pred catch bio
 3791.42 3443.49 3449.58 4852.29 6046.89 8101.97 9183.43 6759.95 8603.77 18697.5 21009.5 19036.9 35823.7 47091 41688.6 35643.6 27706.6 35863.2 33737.6 35172 34836.6 31602.2 43027.1 40240.9 45227.9 46126.9 43082.1 39307.1 10035.2 27246.2 24577.2 17762.4 13333.4 11061 9992.02 9512.35 9303.4 9214.13 9176.5 9160.77 9154.24 9151.54 9150.43 9149.97 9149.78 9149.7 9149.67 9149.66 9149.65 9149.65 9149.65 9149.65 9149.65 9149.65 9149.65 9149.65 9149.65 9149.65 9149.65 9149.65 9149.65 9149.65 9149.65 9149.65 9149.65 9149.65 9149.65 9149.65 9149.65 9149.65 9149.65 9149.65 9149.65 9149.65 9149.65 9149.65 9149.65 9149.65 9149.65 9149.65 9149.65 9149.65 9149.65 9149.65 9149.65 9149.65 9149.65 9149.65 9149.65 9149.65 9149.65 9149.65 9149.65 9149.65 9149.65 9149.65 9149.65 9149.65 9149.65 9149.65 9149.65 9149.65 9149.65 9149.65 9149.65 9149.65 9149.65 9149.65 9149.65 9149.65 9149.65 9149.65 9149.65 9149.65 9149.65 9149.65 9149.65 9149.65 9149.65 9149.65 9149.65 9149.65 9149.65 9149.65 9149.65 9149.65 9149.65 9149.65 0 0 0 0 0 0 0 0 0 0 0 0 0 0 0 0 0 0 0 0 0 0 0 0 0
#obs catch bio
 3499.78 3470.11 3435.98 4878.42 5936.19 7864.37 9156.54 6684.29 8283 17992.2 21048.5 18224.3 34125.5 47491.2 42242.1 37937.3 27432.9 36369.7 33959.2 35297.4 34963.7 31054.1 42891 39318.6 44572.7 46093.3 43757.2 39582.9
#pred cpue bio
 4791.34 4025.66 4362.32 5804.02 7485.26 9683.47 10015 8312.19 11809.6 21089.5 22372.5 23300.1 38071.1 45577.6 39862.8 32362.9 28541.9 34549.3 33034.3 34088.1 33473.8 34261.7 42204.7 41129.1 45501.1 45932.3 42857.9 43129.1 1.78152e+06 1.67381e+06 1.59639e+06 1.19932e+06 921632 770190 693119 654596 635147 625035 619553 616440 614590 613449 612723 612250 611940 611734 611597 611505 611443 611402 611373 611354 611341 611333 611327 611323 611320 611318 611317 611316 611316 611315 611315 611315 611315 611315 611315 611314 611314 611314 611314 611314 611314 611314 611314 611314 611314 611314 611314 611314 611314 611314 611314 611314 611314 611314 611314 611314 611314 611314 611314 611314 611314 611314 611314 611314 611314 611314 611314 611314 611314 611314 611314 611314 611314 611314 611314 611314 611314 611314 611314 611314 611314 611314 611314 611314 611314 611314 611314 611314 611314 611314 611314 611314 611314 611314 611314 611314 0 0 0 0 0 0 0 0 0 0 0 0 0 0 0 0 0 0 0 0 0 0 0 0 0
#obs cpue bio
 5417.9 4243.04 3752.03 5905.81 8534.74 12122 8556.52 13042.8 16435.5 31309.2 19045.3 41944.3 41888.4 26584.4 32722.4 17950.1 33645.7 26460 32938.5 32304.7 38735.2 39081.1 38078.9 45270.4 45465.8 52537 30252.4 54447.6
#pred surv len freq
 2.14285e-27 2.1663e-27 5.8975e-27 1.27653e-21 7.59199e-17 1.03807e-12 3.26318e-09 2.35831e-06 0.00039183 0.0149676 0.131447 0.265396 0.123761 0.028385 0.0933895 0.131363 0.0530752 0.0415724 0.0361319 0.0223156 0.0172515 0.0133863 0.0123085 0.0105634 0.00429227
 2.14282e-27 2.16714e-27 6.02959e-27 1.32139e-21 7.85883e-17 1.07456e-12 3.37788e-09 2.4412e-06 0.000405602 0.0154937 0.136067 0.274724 0.128192 0.0315279 0.10977 0.154237 0.0588355 0.0360866 0.0281851 0.0114312 0.00618714 0.00360566 0.0025774 0.00191669 0.000754218
 2.14394e-27 2.17009e-27 6.35248e-27 1.43095e-21 8.51038e-17 1.16364e-12 3.65793e-09 2.64359e-06 0.000439229 0.0167783 0.147348 0.2975 0.138696 0.0308313 0.0986544 0.138586 0.0536816 0.0352925 0.0271809 0.00919663 0.00358191 0.00125634 0.000553986 0.000309921 0.00011096
 2.14384e-27 2.16987e-27 6.32865e-27 1.42286e-21 8.46228e-17 1.15707e-12 3.63725e-09 2.62865e-06 0.000436747 0.0166834 0.146515 0.295818 0.137931 0.0311631 0.101186 0.14211 0.0543088 0.0335758 0.0259006 0.00936684 0.00369219 0.000986625 0.000232905 7.03032e-05 1.97792e-05
 2.14403e-27 2.17034e-27 6.37655e-27 1.4391e-21 8.55887e-17 1.17027e-12 3.67877e-09 2.65866e-06 0.000441732 0.0168738 0.148187 0.299195 0.139492 0.03116 0.10015 0.140631 0.053557 0.0325441 0.0248679 0.00854556 0.00325935 0.000891085 0.000172339 2.54849e-05 3.88501e-06
 2.14206e-27 2.16551e-27 5.86929e-27 1.26704e-21 7.53558e-17 1.03036e-12 3.23894e-09 2.34079e-06 0.000388919 0.0148564 0.13047 0.263425 0.123005 0.0324988 0.119105 0.167416 0.0639228 0.0393329 0.030109 0.0103408 0.00389023 0.001022 0.000190935 2.25541e-05 1.7142e-06
 2.14014e-27 2.16092e-27 5.40012e-27 1.10797e-21 6.58954e-17 9.01002e-13 2.83231e-09 2.04692e-06 0.000340092 0.0129913 0.11409 0.230355 0.10772 0.0325962 0.129666 0.182558 0.072725 0.0536774 0.0419644 0.0143104 0.00533576 0.00138746 0.000251489 2.78765e-05 1.64324e-06
 2.14397e-27 2.17028e-27 6.38547e-27 1.4422e-21 8.57729e-17 1.17279e-12 3.68669e-09 2.66438e-06 0.000442682 0.0169102 0.148506 0.299838 0.139741 0.0298869 0.0921844 0.1296 0.0523115 0.0405728 0.0321805 0.0117361 0.00465013 0.00119926 0.000213006 2.29421e-05 1.25832e-06
 2.14697e-27 2.17751e-27 7.13036e-27 1.69478e-21 1.00795e-16 1.37819e-12 4.33237e-09 3.13101e-06 0.000520213 0.0198718 0.174515 0.35235 0.163991 0.0291718 0.0719914 0.100824 0.0379007 0.0215905 0.0167037 0.00667019 0.00291384 0.00081333 0.00015216 1.62826e-05 8.68331e-07
 2.14193e-27 2.1651e-27 5.81028e-27 1.24695e-21 7.41611e-17 1.01402e-12 3.18759e-09 2.30368e-06 0.000382753 0.0146209 0.128401 0.259249 0.121131 0.034008 0.129576 0.181955 0.0660562 0.0305363 0.0223179 0.00763745 0.0029984 0.000913303 0.000190976 2.19624e-05 1.19691e-06
 2.14217e-27 2.16585e-27 5.91581e-27 1.28288e-21 7.62975e-17 1.04323e-12 3.27941e-09 2.37004e-06 0.000393779 0.0150421 0.1321 0.266717 0.124483 0.0313476 0.111085 0.156316 0.0628321 0.0479034 0.0368528 0.0106657 0.00323917 0.000831748 0.00016533 2.07384e-05 1.22942e-06
 2.14624e-27 2.17575e-27 6.94687e-27 1.63255e-21 9.7094e-17 1.32759e-12 4.17329e-09 3.01605e-06 0.000501112 0.0191421 0.168107 0.339413 0.158022 0.0294924 0.0778484 0.109142 0.0416978 0.0257519 0.0199356 0.00737047 0.00284159 0.000625825 9.50061e-05 1.04839e-05 6.34335e-07
 2.14405e-27 2.17028e-27 6.359e-27 1.43309e-21 8.52312e-17 1.16539e-12 3.6634e-09 2.64755e-06 0.000439887 0.0168034 0.147568 0.297946 0.138954 0.0322352 0.107091 0.150243 0.0546228 0.0255021 0.0187191 0.00651312 0.00253401 0.000694855 0.000119703 1.10353e-05 5.54148e-07
 2.14233e-27 2.16613e-27 5.92727e-27 1.28668e-21 7.65236e-17 1.04632e-12 3.28913e-09 2.37706e-06 0.000394946 0.0150867 0.132492 0.267507 0.124905 0.032849 0.120012 0.168633 0.063545 0.0365594 0.0271405 0.00779505 0.00235034 0.000602417 0.000112261 1.20064e-05 5.85661e-07
 2.14154e-27 2.16422e-27 5.72855e-27 1.21928e-21 7.25153e-17 9.91518e-13 3.11685e-09 2.25256e-06 0.000374259 0.0142964 0.125552 0.253496 0.118442 0.0332449 0.126652 0.178035 0.0674506 0.0399075 0.0299395 0.00908629 0.00282407 0.000597467 8.88742e-05 9.32598e-06 4.99795e-07
 2.14285e-27 2.16743e-27 6.06906e-27 1.33479e-21 7.93853e-17 1.08545e-12 3.41214e-09 2.46596e-06 0.000409716 0.0156509 0.137447 0.277511 0.1295 0.0320392 0.112053 0.157462 0.0602449 0.0373982 0.0282536 0.00861616 0.00272487 0.000596502 8.39326e-05 7.22633e-06 3.44932e-07
 2.14443e-27 2.17123e-27 6.4597e-27 1.46725e-21 8.72631e-17 1.19317e-12 3.75074e-09 2.71067e-06 0.000450374 0.017204 0.151086 0.305048 0.142222 0.0318116 0.102364 0.143611 0.052722 0.0261742 0.0191249 0.00584811 0.00185833 0.000408834 5.84668e-05 4.94744e-06 2.08943e-07
 2.14265e-27 2.16688e-27 6.00263e-27 1.31222e-21 7.80429e-17 1.0671e-12 3.35443e-09 2.42426e-06 0.000402787 0.0153862 0.135122 0.272818 0.127365 0.0329773 0.119194 0.167411 0.0621753 0.0330558 0.0243027 0.00710736 0.0021317 0.000472297 6.89815e-05 5.92226e-06 2.48935e-07
 2.14359e-27 2.16921e-27 6.25326e-27 1.39726e-21 8.31002e-17 1.13625e-12 3.57181e-09 2.58136e-06 0.000428888 0.0163832 0.143878 0.290496 0.135496 0.0318482 0.106973 0.150231 0.0567414 0.033041 0.0246273 0.00720056 0.00213344 0.000450257 6.2579e-05 5.38361e-06 2.29755e-07
 2.14292e-27 2.16755e-27 6.07365e-27 1.33631e-21 7.94757e-17 1.08669e-12 3.41602e-09 2.46877e-06 0.000410182 0.0156687 0.137603 0.277827 0.129673 0.032757 0.11634 0.163377 0.0605893 0.0319591 0.0236138 0.00728755 0.002325 0.000494729 6.71058e-05 5.50937e-06 2.29165e-07
 2.14336e-27 2.16864e-27 6.19181e-27 1.37641e-21 8.18602e-17 1.11929e-12 3.51851e-09 2.54284e-06 0.000422488 0.0161388 0.141732 0.286162 0.133502 0.0321104 0.109881 0.15432 0.0580591 0.0331315 0.0246219 0.00720263 0.00216156 0.000478737 6.87553e-05 5.65737e-06 2.27862e-07
 2.14419e-27 2.17065e-27 6.40138e-27 1.44748e-21 8.60871e-17 1.17709e-12 3.70019e-09 2.67414e-06 0.000444304 0.0169721 0.14905 0.300937 0.14032 0.0317642 0.103314 0.144994 0.0538151 0.0285136 0.0210363 0.00636951 0.00198202 0.000421584 5.8589e-05 4.99292e-06 2.07118e-07
 2.14272e-27 2.16708e-27 6.02821e-27 1.32092e-21 7.85599e-17 1.07417e-12 3.37666e-09 2.44032e-06 0.000405455 0.0154881 0.136018 0.274626 0.128186 0.0325859 0.116261 0.163322 0.0613474 0.0347249 0.0259122 0.00794018 0.00253365 0.000561214 7.99901e-05 6.66072e-06 2.76054e-07
 2.14378e-27 2.16968e-27 6.30279e-27 1.41406e-21 8.40996e-17 1.14991e-12 3.61476e-09 2.6124e-06 0.000434046 0.0165803 0.145609 0.29399 0.137105 0.0316901 0.104956 0.147379 0.0556198 0.0322636 0.0241353 0.00732766 0.00231175 0.000514603 7.50947e-05 6.44366e-06 2.6822e-07
 2.14307e-27 2.16792e-27 6.11444e-27 1.35016e-21 8.0299e-17 1.09795e-12 3.45141e-09 2.49434e-06 0.000414431 0.015831 0.139029 0.280705 0.130993 0.0324911 0.11385 0.159885 0.0596088 0.0324021 0.0240996 0.00756168 0.00248561 0.000554109 8.07676e-05 7.02901e-06 3.00026e-07
 2.14232e-27 2.1661e-27 5.92602e-27 1.28626e-21 7.64988e-17 1.04598e-12 3.28807e-09 2.37629e-06 0.000394818 0.0150818 0.132449 0.267421 0.124861 0.0327496 0.119431 0.167825 0.0634146 0.0370174 0.0276908 0.00834399 0.00262178 0.000597614 8.97909e-05 7.86175e-06 3.37958e-07
 2.14306e-27 2.16794e-27 6.12288e-27 1.35305e-21 8.04709e-17 1.1003e-12 3.4588e-09 2.49968e-06 0.000415319 0.0158649 0.139326 0.281306 0.131251 0.0319505 0.110368 0.155067 0.0591349 0.0361417 0.0272968 0.00845275 0.00272541 0.000601256 8.78294e-05 7.82733e-06 3.42754e-07
 2.14377e-27 2.16966e-27 6.2994e-27 1.4129e-21 8.40308e-17 1.14897e-12 3.61181e-09 2.61026e-06 0.000433691 0.0165667 0.14549 0.293749 0.136999 0.0318279 0.105869 0.148638 0.0556719 0.0310405 0.0232112 0.00737751 0.00247243 0.000560506 8.26029e-05 7.18746e-06 3.1264e-07
#obs surv len freq
 8.68368e-40 4.25006e-33 4.78224e-27 1.23712e-21 7.35761e-17 1.00602e-12 3.16244e-09 2.2855e-06 0.000379739 0.0145055 0.127388 0.257203 0.120118 0.0322211 0.119284 0.167742 0.0649989 0.0428417 0.0334699 0.0125399 0.00530238 0.00160117 0.000352518 4.77642e-05 3.3177e-06
 1.03957e-39 5.08797e-33 5.72507e-27 1.48102e-21 8.80819e-17 1.20436e-12 3.78592e-09 2.73609e-06 0.000454605 0.0173653 0.152502 0.307909 0.1435 0.0306181 0.094216 0.132278 0.0507348 0.031909 0.0246609 0.00891973 0.00362038 0.00105453 0.000223967 2.93725e-05 1.96907e-06
 9.6956e-40 4.74533e-33 5.33952e-27 1.38128e-21 8.21501e-17 1.12325e-12 3.53096e-09 2.55183e-06 0.00042399 0.0161959 0.142232 0.287174 0.133998 0.0328447 0.114057 0.160048 0.0578787 0.0260636 0.0190072 0.00662322 0.00256965 0.000716804 0.000144952 1.82269e-05 1.17837e-06
 1.05085e-39 5.1432e-33 5.78721e-27 1.4971e-21 8.90379e-17 1.21743e-12 3.82701e-09 2.76579e-06 0.00045954 0.0175538 0.154158 0.311251 0.145073 0.0313506 0.0976807 0.137042 0.050846 0.0268783 0.019713 0.00570026 0.00174256 0.000452169 8.63424e-05 1.02907e-05 6.34809e-07
 9.83549e-40 4.81379e-33 5.41655e-27 1.40121e-21 8.33352e-17 1.13946e-12 3.5819e-09 2.58865e-06 0.000430107 0.0164295 0.144284 0.291317 0.135914 0.0328666 0.112943 0.158455 0.0570379 0.0248375 0.0177459 0.00550961 0.00177494 0.00038632 5.9562e-05 6.45676e-06 3.75293e-07
 8.09258e-40 3.96076e-33 4.45671e-27 1.15291e-21 6.85678e-17 9.3754e-13 2.94717e-09 2.12992e-06 0.00035389 0.0135181 0.118716 0.239696 0.112119 0.0347402 0.139939 0.196632 0.072236 0.0359913 0.0260727 0.0073436 0.00209293 0.000469579 6.9936e-05 6.27605e-06 3.11672e-07
 7.91092e-40 3.87185e-33 4.35666e-27 1.12703e-21 6.70285e-17 9.16494e-13 2.88101e-09 2.08211e-06 0.000345945 0.0132147 0.116051 0.234316 0.109586 0.0335377 0.13422 0.188819 0.0728466 0.0469935 0.0355739 0.0105595 0.00317819 0.000657931 8.96822e-05 7.81238e-06 3.46082e-07
 1.329e-39 6.50454e-33 7.319e-27 1.89336e-21 1.12605e-16 1.53967e-12 4.83997e-09 3.49786e-06 0.000581174 0.0222001 0.194961 0.393631 0.183013 0.0274636 0.0491227 0.0685607 0.0261616 0.0160502 0.0122605 0.00414263 0.0014748 0.000325322 4.48594e-05 3.63052e-06 1.50072e-07
 1.1062e-39 5.41409e-33 6.09201e-27 1.57595e-21 9.37274e-17 1.28155e-12 4.02858e-09 2.91146e-06 0.000483743 0.0184784 0.162277 0.327644 0.1527 0.0326412 0.100618 0.140814 0.047162 0.0094904 0.00522654 0.00169029 0.000597504 0.000148794 2.3785e-05 2.03446e-06 8.21164e-08
 6.3685e-40 3.11694e-33 3.50723e-27 9.07288e-22 5.39598e-17 7.37803e-13 2.31929e-09 1.67616e-06 0.000278496 0.0106382 0.0934244 0.188634 0.0886603 0.0387002 0.179503 0.252173 0.0887893 0.0323774 0.0214396 0.00457724 0.000651085 0.000128171 2.11383e-05 2.04749e-06 9.13304e-08
 1.23063e-39 6.02309e-33 6.77728e-27 1.75322e-21 1.0427e-16 1.42571e-12 4.48173e-09 3.23896e-06 0.000538157 0.0205569 0.180531 0.364497 0.169558 0.0278595 0.0603212 0.0845532 0.0346761 0.0283494 0.0216807 0.00549188 0.0011936 0.000175698 1.37282e-05 1.01104e-06 4.7415e-08
 1.18028e-39 5.77667e-33 6.5e-27 1.68149e-21 1.00004e-16 1.36738e-12 4.29837e-09 3.10644e-06 0.00051614 0.0197159 0.173145 0.349585 0.162792 0.031271 0.0856405 0.11975 0.0403608 0.00898638 0.00532547 0.0019929 0.000758749 0.000142176 1.3677e-05 7.09573e-07 1.94833e-08
 8.80066e-40 4.30731e-33 4.84666e-27 1.25379e-21 7.45673e-17 1.01957e-12 3.20504e-09 2.31629e-06 0.000384854 0.0147009 0.129104 0.260669 0.12185 0.0356927 0.139433 0.195586 0.0673529 0.0197305 0.012287 0.00267123 0.000424346 9.57193e-05 1.49922e-05 1.02563e-06 2.83831e-08
 9.22199e-40 4.51352e-33 5.07869e-27 1.31381e-21 7.81371e-17 1.06838e-12 3.35848e-09 2.42718e-06 0.000403279 0.0154047 0.135284 0.273147 0.127527 0.033237 0.120681 0.169485 0.0626588 0.0323994 0.0232061 0.00543002 0.000979227 0.000141068 1.23002e-05 9.63953e-07 3.78539e-08
 7.35141e-40 3.59801e-33 4.04854e-27 1.04732e-21 6.22879e-17 8.51675e-13 2.67725e-09 1.93485e-06 0.000321478 0.0122801 0.107844 0.217745 0.102026 0.036216 0.155564 0.218585 0.0790021 0.0353872 0.0252427 0.0073399 0.00206956 0.000345416 2.89098e-05 1.46759e-06 4.33512e-08
 1.12132e-39 5.48808e-33 6.17528e-27 1.59749e-21 9.50084e-17 1.29907e-12 4.08363e-09 2.95125e-06 0.000490354 0.0187309 0.164495 0.332121 0.154666 0.0298681 0.0823405 0.115507 0.0444581 0.0283591 0.0212471 0.00581045 0.00154821 0.000314961 3.79388e-05 2.23831e-06 5.62606e-08
 8.7345e-40 4.27493e-33 4.81022e-27 1.24436e-21 7.40067e-17 1.01191e-12 3.18094e-09 2.29887e-06 0.000381961 0.0145904 0.128133 0.258709 0.120943 0.0356617 0.139834 0.196149 0.0674916 0.0196328 0.0126947 0.00409712 0.00136677 0.000275554 3.39876e-05 2.49871e-06 8.13357e-08
 9.5523e-40 4.67519e-33 5.2606e-27 1.36087e-21 8.09359e-17 1.10665e-12 3.47877e-09 2.51411e-06 0.000417724 0.0159565 0.14013 0.28293 0.132034 0.0328012 0.115072 0.16157 0.059724 0.030856 0.0220912 0.00516911 0.00100154 0.000211789 3.08812e-05 2.37812e-06 8.56665e-08
 1.01122e-39 4.94924e-33 5.56897e-27 1.44064e-21 8.56802e-17 1.17152e-12 3.68269e-09 2.66149e-06 0.00044221 0.0168918 0.148344 0.299514 0.139695 0.032653 0.109168 0.15311 0.0548236 0.0229539 0.0161491 0.00468613 0.0013184 0.000223716 2.21399e-05 1.70722e-06 6.83216e-08
 8.62895e-40 4.22327e-33 4.75209e-27 1.22932e-21 7.31123e-17 9.99679e-13 3.1425e-09 2.27109e-06 0.000377345 0.0144141 0.126585 0.255583 0.119475 0.0350391 0.136976 0.192272 0.0682088 0.026534 0.0181942 0.00483372 0.00122721 0.000247214 2.99905e-05 1.90298e-06 6.16031e-08
 1.11429e-39 5.45368e-33 6.13657e-27 1.58747e-21 9.44129e-17 1.29093e-12 4.05804e-09 2.93275e-06 0.000487281 0.0186135 0.163464 0.330039 0.153734 0.0306823 0.0879383 0.123277 0.0455658 0.0235449 0.0170124 0.00439003 0.00103255 0.0001912 2.26164e-05 1.64978e-06 5.56556e-08
 8.88579e-40 4.34898e-33 4.89354e-27 1.26591e-21 7.52886e-17 1.02944e-12 3.23604e-09 2.33869e-06 0.000388577 0.0148431 0.130352 0.26319 0.123003 0.0353323 0.136473 0.191439 0.066211 0.0203617 0.0132369 0.00383796 0.00110133 0.000204376 2.22954e-05 1.52593e-06 5.31465e-08
 1.00063e-39 4.89737e-33 5.5106e-27 1.42554e-21 8.47821e-17 1.15924e-12 3.64409e-09 2.63359e-06 0.000437575 0.0167148 0.146789 0.296375 0.138229 0.0322534 0.107676 0.151121 0.0557232 0.0283705 0.0202972 0.00483715 0.000963746 0.000185395 2.34054e-05 1.6095e-06 5.26201e-08
 1.03219e-39 5.05187e-33 5.68444e-27 1.47051e-21 8.74568e-17 1.19581e-12 3.75905e-09 2.71667e-06 0.000451379 0.0172421 0.15142 0.305724 0.142563 0.0325612 0.106736 0.149645 0.0530974 0.020702 0.0143319 0.00414059 0.00116186 0.000199693 1.95197e-05 1.35e-06 4.75766e-08
 8.76749e-40 4.29108e-33 4.82839e-27 1.24906e-21 7.42862e-17 1.01573e-12 3.19296e-09 2.30756e-06 0.000383404 0.0146455 0.128617 0.259686 0.121371 0.0350352 0.135715 0.190463 0.0671309 0.024726 0.016683 0.00429055 0.00102226 0.00020265 2.4563e-05 1.55542e-06 4.77307e-08
 9.24382e-40 4.52421e-33 5.09071e-27 1.31692e-21 7.83221e-17 1.07091e-12 3.36642e-09 2.43292e-06 0.000404233 0.0154412 0.135605 0.273793 0.127826 0.0332383 0.120494 0.169208 0.0623484 0.0316198 0.0227319 0.00574545 0.00128647 0.000228437 2.56159e-05 1.83096e-06 6.14562e-08
 9.68575e-40 4.7405e-33 5.33409e-27 1.37988e-21 8.20665e-17 1.12211e-12 3.52737e-09 2.54924e-06 0.000423559 0.0161794 0.142088 0.286882 0.133869 0.0330183 0.115206 0.161664 0.0584521 0.0262521 0.0187195 0.00540531 0.00153037 0.000277376 2.87974e-05 1.87014e-06 6.25425e-08
 1.13011e-39 5.53111e-33 6.22369e-27 1.61001e-21 9.57533e-17 1.30925e-12 4.11565e-09 2.97439e-06 0.000494199 0.0188778 0.165785 0.334725 0.155914 0.0310523 0.0887847 0.124359 0.0444251 0.0182662 0.0127135 0.00346744 0.000921068 0.000186967 2.32162e-05 1.5428e-06 4.79775e-08
#pred catch len freq
 2.13829e-27 2.15461e-27 4.64698e-27 8.52352e-22 5.06926e-17 6.93131e-13 2.17887e-09 1.57467e-06 0.000261629 0.00999407 0.0877684 0.177211 0.0830241 0.0292347 0.125152 0.176466 0.0731042 0.0623448 0.0546449 0.0337602 0.0260551 0.0201568 0.0185019 0.0158703 0.00644801
 2.13814e-27 2.15565e-27 4.82131e-27 9.11579e-22 5.4215e-17 7.41294e-13 2.33027e-09 1.68409e-06 0.000279809 0.0106885 0.0938671 0.189526 0.0888945 0.0339601 0.150296 0.211597 0.0822052 0.0548336 0.0432907 0.0175572 0.00948771 0.00551171 0.00393184 0.00292195 0.00114965
 2.13892e-27 2.15787e-27 5.0753e-27 9.97786e-22 5.93421e-17 8.11398e-13 2.55064e-09 1.84335e-06 0.000306271 0.0116993 0.102744 0.207448 0.0971609 0.0334441 0.141747 0.199617 0.0791402 0.0573287 0.0446676 0.0151363 0.00589895 0.00206391 0.000907751 0.000507345 0.000181609
 2.13898e-27 2.15803e-27 5.09116e-27 1.00315e-21 5.96612e-17 8.15761e-13 2.56436e-09 1.85327e-06 0.000307918 0.0117622 0.103297 0.208564 0.0976932 0.0338852 0.144103 0.20285 0.0790845 0.0535131 0.0417593 0.0151146 0.00595775 0.0015887 0.000374014 0.000112722 3.17012e-05
 2.13908e-27 2.15828e-27 5.11537e-27 1.01136e-21 6.01492e-17 8.22433e-13 2.58533e-09 1.86842e-06 0.000310436 0.0118584 0.104141 0.210269 0.0984856 0.033987 0.144211 0.202986 0.0789285 0.0527777 0.0408357 0.0140518 0.00536231 0.00146324 0.000282389 4.16965e-05 6.35138e-06
 2.13726e-27 2.15385e-27 4.65015e-27 8.53564e-22 5.07647e-17 6.94116e-13 2.18196e-09 1.57691e-06 0.000262001 0.0100083 0.0878932 0.177465 0.0833637 0.0351611 0.161265 0.227096 0.0884095 0.059424 0.0460066 0.0158101 0.00594658 0.00155903 0.000290596 3.42821e-05 2.6035e-06
 2.13583e-27 2.15048e-27 4.31308e-27 7.39316e-22 4.39699e-17 6.0121e-13 1.88991e-09 1.36584e-06 0.000226933 0.00866868 0.0761288 0.153713 0.0723605 0.0345695 0.164813 0.232392 0.0942998 0.0744809 0.0586341 0.0199672 0.0074284 0.00192678 0.000348372 3.85631e-05 2.27148e-06
 2.13896e-27 2.15816e-27 5.12535e-27 1.01485e-21 6.03571e-17 8.25276e-13 2.59427e-09 1.87488e-06 0.000311509 0.0118994 0.104501 0.210995 0.098747 0.0320041 0.131886 0.185921 0.0770492 0.0653679 0.0523139 0.0190985 0.00756915 0.0019484 0.000345294 3.71434e-05 2.03578e-06
 2.14212e-27 2.16571e-27 5.8952e-27 1.27586e-21 7.58801e-17 1.03753e-12 3.26147e-09 2.35708e-06 0.000391625 0.0149598 0.131378 0.265258 0.123835 0.0320365 0.115729 0.162686 0.0625666 0.0398869 0.0313556 0.012565 0.00549939 0.00153265 0.000286205 3.05921e-05 1.63033e-06
 2.13738e-27 2.15396e-27 4.63942e-27 8.49809e-22 5.05414e-17 6.91063e-13 2.17237e-09 1.56997e-06 0.000260849 0.00996425 0.0875066 0.176685 0.0830804 0.037223 0.174087 0.244827 0.0900276 0.0451817 0.0335067 0.0114658 0.00449616 0.00136621 0.000285085 3.27475e-05 1.78352e-06
 2.13772e-27 2.15505e-27 4.78997e-27 9.01054e-22 5.35891e-17 7.32735e-13 2.30336e-09 1.66465e-06 0.000276579 0.0105651 0.0927834 0.187338 0.0878651 0.0334859 0.148064 0.208745 0.0854981 0.0696473 0.0539351 0.015591 0.00472263 0.00120935 0.000239751 3.00348e-05 1.77945e-06
 2.14151e-27 2.16424e-27 5.74312e-27 1.22428e-21 7.28129e-17 9.95586e-13 3.12964e-09 2.2618e-06 0.000375794 0.0143551 0.126067 0.254536 0.118884 0.032191 0.119904 0.168653 0.0658318 0.044788 0.0351062 0.0129999 0.00501599 0.00110306 0.000167039 1.84055e-05 1.11285e-06
 2.1396e-27 2.15941e-27 5.21467e-27 1.04494e-21 6.21465e-17 8.49743e-13 2.67118e-09 1.93047e-06 0.000320744 0.0122522 0.1076 0.217252 0.101768 0.0354465 0.151016 0.212275 0.0780969 0.0393222 0.0292471 0.0101687 0.00394943 0.00108042 0.00018573 1.71003e-05 8.57939e-07
 2.13828e-27 2.15623e-27 4.88874e-27 9.34429e-22 5.55741e-17 7.59876e-13 2.38868e-09 1.72631e-06 0.000286823 0.0109565 0.0962201 0.194277 0.0911494 0.0355153 0.158361 0.222848 0.0848844 0.0515559 0.0385556 0.0110488 0.00331691 0.00084749 0.000157506 1.68236e-05 8.20085e-07
 2.13762e-27 2.15463e-27 4.72246e-27 8.78041e-22 5.22204e-17 7.14021e-13 2.24453e-09 1.62213e-06 0.000269515 0.0102953 0.0904137 0.182554 0.0857392 0.0357682 0.163438 0.230051 0.0880495 0.054748 0.0413382 0.0125105 0.00387136 0.000816829 0.000121115 1.26878e-05 6.79458e-07
 2.13907e-27 2.15821e-27 5.10192e-27 1.00676e-21 5.98761e-17 8.18699e-13 2.57359e-09 1.85994e-06 0.000309027 0.0118046 0.103669 0.209315 0.0980617 0.0344486 0.147316 0.207327 0.0800319 0.0517674 0.039302 0.0119431 0.00375695 0.000820021 0.000115042 9.88822e-06 4.71535e-07
 2.1401e-27 2.16063e-27 5.3441e-27 1.08885e-21 6.4758e-17 8.8545e-13 2.78342e-09 2.01159e-06 0.000334222 0.0127671 0.112121 0.22638 0.105969 0.0349119 0.145001 0.203838 0.0757339 0.0403663 0.0298375 0.00911483 0.00289034 0.000634486 9.05013e-05 7.64713e-06 3.22683e-07
 2.1386e-27 2.15697e-27 4.96115e-27 9.58964e-22 5.70332e-17 7.79828e-13 2.4514e-09 1.77163e-06 0.000294354 0.0112441 0.0987465 0.199378 0.0935182 0.035798 0.158549 0.223019 0.0836561 0.0469888 0.0348297 0.0101632 0.00303599 0.000670826 9.77046e-05 8.37567e-06 3.51763e-07
 2.13943e-27 2.15907e-27 5.18847e-27 1.0361e-21 6.16209e-17 8.42556e-13 2.64859e-09 1.91414e-06 0.000318032 0.0121486 0.10669 0.215414 0.100886 0.0345622 0.146172 0.205652 0.0786023 0.0485418 0.0364673 0.0106418 0.00314206 0.000661477 9.16727e-05 7.87416e-06 3.35762e-07
 2.13883e-27 2.15755e-27 5.02249e-27 9.79773e-22 5.82708e-17 7.96749e-13 2.50459e-09 1.81008e-06 0.000300741 0.0114881 0.100889 0.203704 0.0955107 0.0355999 0.156036 0.219464 0.0822207 0.0458943 0.0341987 0.0105301 0.00334736 0.000710521 9.61033e-05 7.8776e-06 3.2738e-07
 2.13929e-27 2.1587e-27 5.1477e-27 1.02227e-21 6.0798e-17 8.31305e-13 2.61322e-09 1.88858e-06 0.000313785 0.0119864 0.105265 0.212538 0.0995657 0.0348227 0.148629 0.209094 0.0795238 0.0479476 0.0359019 0.0104789 0.00313223 0.000691847 9.90897e-05 8.1413e-06 3.2762e-07
 2.13967e-27 2.15961e-27 5.24086e-27 1.05385e-21 6.26764e-17 8.56988e-13 2.69395e-09 1.94693e-06 0.000323479 0.0123567 0.108517 0.219104 0.102601 0.0348257 0.146668 0.206267 0.0776615 0.0445035 0.0332246 0.0100565 0.00312555 0.000663539 9.19765e-05 7.8268e-06 3.24415e-07
 2.13859e-27 2.157e-27 4.96923e-27 9.6173e-22 5.71977e-17 7.82077e-13 2.45847e-09 1.77674e-06 0.000295203 0.0112766 0.0990313 0.199953 0.0937656 0.0353093 0.155393 0.21864 0.0830552 0.049799 0.0374571 0.0114527 0.00364145 0.000804544 0.000114359 9.50829e-06 3.93726e-07
 2.13945e-27 2.15912e-27 5.19519e-27 1.03839e-21 6.17567e-17 8.44413e-13 2.65442e-09 1.91836e-06 0.000318733 0.0121754 0.106925 0.215889 0.101102 0.0344702 0.145467 0.204662 0.0782876 0.0485483 0.0366469 0.0111111 0.0034964 0.000776495 0.000113013 9.68337e-06 4.02743e-07
 2.13882e-27 2.15755e-27 5.02483e-27 9.80578e-22 5.83187e-17 7.97404e-13 2.50665e-09 1.81156e-06 0.000300989 0.0114976 0.100972 0.203871 0.0955785 0.0353431 0.154418 0.217223 0.0819493 0.0474603 0.0356259 0.0111588 0.00365743 0.00081339 0.00011824 1.02749e-05 4.38214e-07
 2.13815e-27 2.15593e-27 4.85861e-27 9.24218e-22 5.49667e-17 7.51572e-13 2.36258e-09 1.70744e-06 0.000283689 0.0108367 0.0951686 0.192154 0.0901643 0.0354193 0.158415 0.22295 0.0852629 0.0528099 0.039818 0.0119744 0.0037495 0.000852446 0.000127735 1.11677e-05 4.79673e-07
 2.13885e-27 2.15769e-27 5.04772e-27 9.88383e-22 5.87829e-17 8.03751e-13 2.5266e-09 1.82598e-06 0.000303384 0.0115891 0.101776 0.205493 0.0962988 0.0345525 0.149103 0.209856 0.0810597 0.05259 0.0400204 0.0123677 0.00397473 0.0008747 0.000127416 1.13381e-05 4.96086e-07
 2.1392e-27 2.1585e-27 5.1285e-27 1.01576e-21 6.04112e-17 8.26015e-13 2.59659e-09 1.87656e-06 0.000311788 0.0119101 0.104595 0.211185 0.0989386 0.0347723 0.148729 0.209237 0.0795795 0.0480156 0.0363111 0.0115373 0.00386202 0.000873773 0.000128454 1.11615e-05 4.85103e-07
#obs catch len freq
 4.09344e-40 2.00346e-33 2.25432e-27 5.83172e-22 3.46834e-17 4.74233e-13 1.49076e-09 1.07737e-06 0.000179007 0.00683783 0.0600499 0.121251 0.0574039 0.0359324 0.182914 0.257882 0.102843 0.07631 0.0607148 0.0234699 0.0102339 0.00315476 0.000714363 0.000100164 7.21516e-06
 4.23393e-40 2.07221e-33 2.33169e-27 6.03186e-22 3.58737e-17 4.90508e-13 1.54192e-09 1.11435e-06 0.00018515 0.0070725 0.0621107 0.125412 0.0593408 0.0362832 0.183802 0.259058 0.102262 0.0728793 0.057476 0.0215589 0.00911857 0.00274867 0.000603883 8.1685e-05 5.66671e-06
 5.77622e-40 2.82706e-33 3.18105e-27 8.22908e-22 4.89414e-17 6.69185e-13 2.10359e-09 1.52027e-06 0.000252595 0.0096488 0.0847358 0.171091 0.0804186 0.0352043 0.163449 0.230199 0.089804 0.0609307 0.0475448 0.0172116 0.00698649 0.0020313 0.00043048 5.63595e-05 3.77341e-06
 5.20211e-40 2.54607e-33 2.86488e-27 7.41118e-22 4.40771e-17 6.02674e-13 1.89451e-09 1.36917e-06 0.000227489 0.00868979 0.0763138 0.154088 0.0726785 0.0384195 0.188201 0.264703 0.0967812 0.046876 0.0346492 0.012081 0.00468603 0.00130472 0.00026324 3.30427e-05 2.13342e-06
 6.00467e-40 2.93887e-33 3.30686e-27 8.55455e-22 5.08771e-17 6.95652e-13 2.18679e-09 1.5804e-06 0.000262585 0.0100304 0.0880871 0.177858 0.0836002 0.0366242 0.170078 0.239309 0.0899389 0.0510326 0.0378367 0.0109445 0.0033445 0.000866219 0.000165022 1.96328e-05 1.20947e-06
 5.40503e-40 2.64539e-33 2.97663e-27 7.70027e-22 4.57964e-17 6.26183e-13 1.96841e-09 1.42258e-06 0.000236363 0.00902876 0.0792906 0.160098 0.0754624 0.0385608 0.187253 0.263321 0.0957261 0.0446283 0.0323074 0.0100327 0.00323058 0.000702003 0.000107949 1.1679e-05 6.77879e-07
 4.03056e-40 1.97268e-33 2.21969e-27 5.74214e-22 3.41506e-17 4.66948e-13 1.46786e-09 1.06082e-06 0.000176257 0.0067328 0.0591275 0.11939 0.0566813 0.0396078 0.205914 0.289809 0.107611 0.0571289 0.0418181 0.0117761 0.0033525 0.000750791 0.000111554 9.99175e-06 4.95386e-07
 3.93717e-40 1.92697e-33 2.16826e-27 5.60908e-22 3.33593e-17 4.56128e-13 1.43384e-09 1.03624e-06 0.000172173 0.00657679 0.0577573 0.116623 0.0553241 0.0375251 0.194034 0.273438 0.106923 0.0731532 0.0557737 0.0165457 0.00497298 0.00102765 0.000139707 1.21466e-05 5.37296e-07
 9.81031e-40 4.80146e-33 5.40269e-27 1.39762e-21 8.31219e-17 1.13654e-12 3.57273e-09 2.58202e-06 0.000429006 0.0163875 0.143915 0.290571 0.135507 0.0312284 0.103167 0.144949 0.0559762 0.0363077 0.0279326 0.00942819 0.00335092 0.000737776 0.000101478 8.19728e-06 3.3832e-07
 6.92877e-40 3.39115e-33 3.81578e-27 9.87106e-22 5.87069e-17 8.0271e-13 2.52333e-09 1.82361e-06 0.000302996 0.0115741 0.101643 0.205228 0.0963568 0.0393583 0.178519 0.250491 0.0841268 0.0177056 0.00999141 0.00322947 0.00113929 0.000283084 4.51443e-05 3.85489e-06 1.55372e-07
 3.01418e-40 1.47523e-33 1.65996e-27 4.29415e-22 2.55389e-17 3.49198e-13 1.09771e-09 7.93316e-07 0.000131811 0.005035 0.0442174 0.0892878 0.0429064 0.0433884 0.238066 0.334765 0.118574 0.0454891 0.0304916 0.00650845 0.000923365 0.000181217 2.98052e-05 2.88179e-06 1.2838e-07
 8.53185e-40 4.17575e-33 4.69862e-27 1.21549e-21 7.22897e-17 9.88431e-13 3.10714e-09 2.24554e-06 0.000373099 0.0142519 0.12516 0.252706 0.118001 0.031215 0.114499 0.161307 0.0670803 0.0573825 0.044069 0.0111509 0.00241715 0.000355307 2.76762e-05 2.03167e-06 9.51261e-08
 7.90657e-40 3.86972e-33 4.35427e-27 1.12641e-21 6.69917e-17 9.15991e-13 2.87942e-09 2.08097e-06 0.000345755 0.0132074 0.115988 0.234188 0.109675 0.0374751 0.158294 0.222055 0.0750584 0.0174336 0.010536 0.00393719 0.00149607 0.000279918 2.68622e-05 1.39107e-06 3.81153e-08
 4.83824e-40 2.36799e-33 2.6645e-27 6.8928e-22 4.0994e-17 5.6052e-13 1.762e-09 1.2734e-06 0.000211577 0.00808197 0.0709759 0.143312 0.0678195 0.0416983 0.211466 0.297086 0.102738 0.031507 0.0199096 0.00432716 0.000685189 0.000154063 2.40801e-05 1.64519e-06 4.54695e-08
 5.18619e-40 2.53828e-33 2.85612e-27 7.3885e-22 4.39422e-17 6.0083e-13 1.88871e-09 1.36498e-06 0.000226793 0.0086632 0.0760802 0.153617 0.0724522 0.0381985 0.186996 0.263133 0.0981068 0.0532434 0.0384272 0.00898512 0.00161605 0.000232418 2.01984e-05 1.57853e-06 6.19169e-08
 3.71591e-40 1.81868e-33 2.04641e-27 5.29387e-22 3.14846e-17 4.30495e-13 1.35327e-09 9.78008e-07 0.000162497 0.00620719 0.0545115 0.110071 0.0524203 0.0408676 0.216414 0.304465 0.110823 0.052078 0.0374793 0.0108834 0.00306122 0.00051019 4.25934e-05 2.15739e-06 6.35921e-08
 7.19789e-40 3.52287e-33 3.96399e-27 1.02545e-21 6.09872e-17 8.33889e-13 2.62134e-09 1.89445e-06 0.000314765 0.0120236 0.105591 0.213198 0.099848 0.0342082 0.144678 0.203642 0.0792072 0.0529425 0.0398927 0.0108951 0.0028947 0.000587598 7.06094e-05 4.15949e-06 1.04397e-07
 4.79454e-40 2.34659e-33 2.64043e-27 6.83053e-22 4.06237e-17 5.55456e-13 1.74608e-09 1.2619e-06 0.000209666 0.00800897 0.0703348 0.142018 0.0672157 0.0415547 0.210978 0.296397 0.102404 0.03116 0.0204394 0.00658718 0.00219211 0.000441095 5.42536e-05 3.98111e-06 1.29429e-07
 5.49319e-40 2.68854e-33 3.02518e-27 7.82586e-22 4.65433e-17 6.36396e-13 2.00052e-09 1.44578e-06 0.000240218 0.00917601 0.0805838 0.162709 0.0766409 0.0378027 0.181839 0.255852 0.0953694 0.0516875 0.0372856 0.00871773 0.00168378 0.000355072 5.16441e-05 3.97014e-06 1.42805e-07
 6.02023e-40 2.94649e-33 3.31543e-27 8.57671e-22 5.10089e-17 6.97455e-13 2.19246e-09 1.58449e-06 0.000263266 0.0100564 0.0883154 0.178319 0.0838703 0.0381385 0.179183 0.251879 0.0907883 0.0398938 0.0283406 0.00821344 0.00230527 0.000390567 3.85314e-05 2.96373e-06 1.18441e-07
 4.69147e-40 2.29615e-33 2.58367e-27 6.6837e-22 3.97505e-17 5.43516e-13 1.70855e-09 1.23477e-06 0.000205159 0.0078368 0.0688228 0.138965 0.0657631 0.0404592 0.205211 0.288511 0.102967 0.0420155 0.0291149 0.00772699 0.00195628 0.000393219 4.75867e-05 3.01416e-06 9.73935e-08
 7.11846e-40 3.48399e-33 3.92025e-27 1.01413e-21 6.03141e-17 8.24687e-13 2.59241e-09 1.87354e-06 0.000311291 0.0118909 0.104426 0.210845 0.0988146 0.0356496 0.154186 0.216819 0.0808132 0.0438035 0.0318885 0.00821999 0.00192794 0.000356247 4.20189e-05 3.05908e-06 1.03058e-07
 4.89646e-40 2.39648e-33 2.69655e-27 6.97573e-22 4.14873e-17 5.67264e-13 1.7832e-09 1.28872e-06 0.000214123 0.00817922 0.0718299 0.145036 0.0685993 0.0412373 0.208131 0.292426 0.1016 0.0327469 0.0215873 0.00625224 0.0017898 0.000331543 3.60684e-05 2.46338e-06 8.5662e-08
 5.90261e-40 2.88892e-33 3.25066e-27 8.40914e-22 5.00123e-17 6.83828e-13 2.14962e-09 1.55353e-06 0.000258122 0.00985992 0.0865899 0.174835 0.08223 0.0373505 0.175424 0.24678 0.0917645 0.0490648 0.035379 0.00842493 0.00167375 0.000321201 4.04464e-05 2.77642e-06 9.06287e-08
 6.27218e-40 3.0698e-33 3.45419e-27 8.93565e-22 5.31437e-17 7.26643e-13 2.28421e-09 1.6508e-06 0.000274283 0.0104773 0.0920114 0.185781 0.0873209 0.0381562 0.177042 0.248795 0.0887923 0.0362494 0.0253496 0.00731354 0.00204682 0.000351218 3.42284e-05 2.36163e-06 8.31068e-08
 4.8077e-40 2.35303e-33 2.64767e-27 6.84927e-22 4.07352e-17 5.5698e-13 1.75087e-09 1.26536e-06 0.000210241 0.00803094 0.0705277 0.142407 0.0673601 0.0406075 0.205079 0.288272 0.102179 0.0394659 0.0269289 0.00691916 0.00164385 0.000325148 3.93138e-05 2.48519e-06 7.61322e-08
 5.19686e-40 2.54351e-33 2.86199e-27 7.40371e-22 4.40326e-17 6.02066e-13 1.8926e-09 1.36779e-06 0.00022726 0.00868103 0.0762368 0.153933 0.0725995 0.038231 0.187099 0.263255 0.0978163 0.0520931 0.0377455 0.00953116 0.00212842 0.000377179 4.21737e-05 3.00832e-06 1.00838e-07
 5.63498e-40 2.75793e-33 3.10327e-27 8.02787e-22 4.77447e-17 6.52823e-13 2.05215e-09 1.4831e-06 0.000246419 0.00941287 0.0826639 0.166909 0.0786007 0.0382857 0.183521 0.258066 0.0939604 0.0442328 0.0318156 0.00917408 0.00259058 0.000468699 4.8526e-05 3.14458e-06 1.0499e-07
#spawning biomass
 3879.06 2949.44 3101.99 4100.71 5252.84 6957.32 7472.36 6024.74 7883.26 14720.6 16356.3 15853.6 25975.5 32198.8 28498.9 22964.2 19393.1 24126.5 23041.1 23752.1 23365 23503.9 29690.7 28647.9 31775.4 32544.5 30303.2 29962.7 36079.1 63569.4 66656.4 48345.3 35156.2 28334.6 25123.8 23683.1 23055.4 22787.3 22674.3 22627 22607.4 22599.3 22595.9 22594.6 22594 22593.8 22593.7 22593.6 22593.6 22593.6 22593.6 22593.6 22593.6 22593.6 22593.6 22593.6 22593.6 22593.6 22593.6 22593.6 22593.6 22593.6 22593.6 22593.6 22593.6 22593.6 22593.6 22593.6 22593.6 22593.6 22593.6 22593.6 22593.6 22593.6 22593.6 22593.6 22593.6 22593.6 22593.6 22593.6 22593.6 22593.6 22593.6 22593.6 22593.6 22593.6 22593.6 22593.6 22593.6 22593.6 22593.6 22593.6 22593.6 22593.6 22593.6 22593.6 22593.6 22593.6 22593.6 22593.6 22593.6 22593.6 22593.6 22593.6 22593.6 22593.6 22593.6 22593.6 22593.6 22593.6 22593.6 22593.6 22593.6 22593.6 22593.6 22593.6 22593.6 22593.6 22593.6 22593.6 22593.6 22593.6 22593.6 22593.6 22593.6 22593.6 22593.6 22593.6 0 0 0 0 0 0 0 0 0 0 0 0 0 0 0 0 0 0 0 0 0 0 0 0 0
