SBPRF35
0.224663
Curr Bio
28798.4
B35
67950.6
F35
0.513562
FOFL
0.237119
OFL
8497.5
Bzero
64189.3
#pred survey bio
 9166.26 6585.95 7147.34 9375 12363.5 14264.9 13567.7 13403.3 22209.6 34838.7 34516.1 39852.2 66088.7 78891.9 65958.6 54439.5 52476.2 57162.7 54239.9 54944.3 58486 62274.2 67280.7 70316.6 76779.8 75551.6 71511 70952.5 2.73862e+06 1.99244e+06 1.71531e+06 1.31412e+06 1.05069e+06 908246 836196 800400 782415 773092 768042 765171 763463 762407 761734 761295 761008 760817 760690 760605 760548 760509 760483 760465 760453 760445 760440 760436 760434 760432 760431 760430 760430 760429 760429 760429 760429 760429 760429 760429 760429 760429 760429 760429 760429 760429 760429 760429 760429 760429 760429 760429 760429 760429 760429 760429 760429 760429 760429 760429 760429 760429 760429 760429 760429 760429 760429 760429 760429 760429 760429 760429 760429 760429 760429 760429 760429 760429 760429 760429 760429 760429 760429 760429 760429 760429 760429 760429 760429 760429 760429 760429 760429 760429 760429 760429 760429 760429 760429 760429 0 0 0 0 0 0 0 0 0 0 0 0 0 0 0 0 0 0 0 0 0 0 0 0 0
#obs survey bio
 8113.72 7738.03 7413.43 9406.62 16458.8 12118.7 11426.3 15552.5 28708.8 31801.2 33933.1 64616.7 78625.4 62469.6 59024.6 61367.1 54628.4 65897.3 48301.1 50656.9 58108.7 63327.3 51664.7 62556.1 121340 77592.6 88602.4 68094.9
#pred catch bio
 5902.84 3695.25 3407.7 4495.44 6383.72 7994.39 8310.33 7231.95 8621.48 20243 22947.9 17602.8 34371.3 50716.7 43375.2 35301.4 29784.1 37100.6 34073.6 33373.5 36893.1 37108.4 41720.2 40967.6 45698.7 46417.1 45273 40259.7 8497.5 26404.5 24109.4 17438.8 13146.3 10969.6 9957.05 9507.78 9314.27 9232.54 9198.47 9184.4 9178.62 9176.26 9175.29 9174.9 9174.74 9174.68 9174.65 9174.64 9174.64 9174.64 9174.64 9174.64 9174.64 9174.64 9174.64 9174.64 9174.64 9174.64 9174.64 9174.64 9174.64 9174.64 9174.64 9174.64 9174.64 9174.64 9174.64 9174.64 9174.64 9174.64 9174.64 9174.64 9174.64 9174.64 9174.64 9174.64 9174.64 9174.64 9174.64 9174.64 9174.64 9174.64 9174.64 9174.64 9174.64 9174.64 9174.64 9174.64 9174.64 9174.64 9174.64 9174.64 9174.64 9174.64 9174.64 9174.64 9174.64 9174.64 9174.64 9174.64 9174.64 9174.64 9174.64 9174.64 9174.64 9174.64 9174.64 9174.64 9174.64 9174.64 9174.64 9174.64 9174.64 9174.64 9174.64 9174.64 9174.64 9174.64 9174.64 9174.64 9174.64 9174.64 9174.64 9174.64 9174.64 9174.64 9174.64 9174.64 0 0 0 0 0 0 0 0 0 0 0 0 0 0 0 0 0 0 0 0 0 0 0 0 0
#obs catch bio
 3344.38 3711.53 3355.29 4445.63 6230.48 7942.16 8396.61 7352.25 8350.48 19733.4 23669.6 17063.5 33421.3 51177 43156.1 35656.2 29327.9 37217.8 34831.8 33578.5 37678.3 36970.8 42447.6 40692.2 44320.9 45432.6 45371.9 40599.1
#pred cpue bio
 6692.96 4092.63 4206.62 5507.82 7224.95 8685.65 8726.53 7742.58 10862.2 20699.3 21269.9 20063.5 36203.1 47656.4 41239.7 33142.1 29871 34237.4 31293.1 31773.1 33707.2 34903.3 39332.5 40183 45079.5 46081.4 43023.5 40709.8 1.62535e+06 1.59354e+06 1.5418e+06 1.16003e+06 895175 752173 680017 644204 626217 616893 611842 608971 607264 606208 605535 605096 604809 604618 604491 604406 604348 604310 604284 604266 604254 604246 604241 604237 604235 604233 604232 604231 604231 604230 604230 604230 604230 604230 604230 604230 604229 604229 604229 604229 604229 604229 604229 604229 604229 604229 604229 604229 604229 604229 604229 604229 604229 604229 604229 604229 604229 604229 604229 604229 604229 604229 604229 604229 604229 604229 604229 604229 604229 604229 604229 604229 604229 604229 604229 604229 604229 604229 604229 604229 604229 604229 604229 604229 604229 604229 604229 604229 604229 604229 604229 604229 604229 604229 604229 604229 0 0 0 0 0 0 0 0 0 0 0 0 0 0 0 0 0 0 0 0 0 0 0 0 0
#obs cpue bio
 4837.56 3707.45 5088.5 6519.48 9075.88 7866.77 8709.43 6773.74 16764.9 21984.2 18290.6 23936.7 33906.3 45898.4 49589.2 31640 29117 31172.3 20334.9 30522.7 28983.5 33137 39709.8 58660.2 54876.7 57427.3 30658.2 40311.1
#pred surv len freq
 2.1415e-27 2.16264e-27 5.49687e-27 1.14062e-21 6.78369e-17 9.27549e-13 2.91576e-09 2.10723e-06 0.000350113 0.0133741 0.117452 0.237141 0.110688 0.0281023 0.100178 0.141073 0.0581951 0.048976 0.0431523 0.0274095 0.0215998 0.0170381 0.0158923 0.0137636 0.00561342
 2.14265e-27 2.16673e-27 5.98443e-27 1.30607e-21 7.76767e-17 1.06209e-12 3.3387e-09 2.41289e-06 0.000400897 0.015314 0.134488 0.271538 0.126727 0.0317472 0.112069 0.157471 0.0598932 0.0362057 0.0281272 0.011162 0.00598168 0.00354782 0.00259197 0.00195695 0.000774809
 2.14368e-27 2.16945e-27 6.28219e-27 1.40709e-21 8.36853e-17 1.14425e-12 3.59695e-09 2.59953e-06 0.000431908 0.0164986 0.144891 0.292541 0.136418 0.0312288 0.102576 0.144095 0.0553815 0.0351357 0.0268167 0.0087464 0.00324699 0.00111066 0.000493708 0.000283014 0.000102473
 2.14368e-27 2.16948e-27 6.2875e-27 1.4089e-21 8.37928e-17 1.14572e-12 3.60158e-09 2.60287e-06 0.000432463 0.0165198 0.145078 0.292917 0.136592 0.031235 0.1025 0.14398 0.0552337 0.0347577 0.0267424 0.00932028 0.00351127 0.000897044 0.000202014 6.10983e-05 1.75061e-05
 2.1438e-27 2.16979e-27 6.31986e-27 1.41988e-21 8.44455e-17 1.15464e-12 3.62963e-09 2.62315e-06 0.000435832 0.0166485 0.146208 0.295199 0.137645 0.0311837 0.101499 0.142561 0.0546111 0.0341344 0.026215 0.00908806 0.00346273 0.000912369 0.0001672 2.34827e-05 3.54782e-06
 2.14229e-27 2.16605e-27 5.92249e-27 1.28507e-21 7.64279e-17 1.04502e-12 3.28502e-09 2.37409e-06 0.000394452 0.0150678 0.132326 0.267173 0.124745 0.0326902 0.119143 0.167412 0.0631276 0.0364906 0.02762 0.00929787 0.0034292 0.000897365 0.000163882 1.83979e-05 1.32231e-06
 2.14073e-27 2.1623e-27 5.53507e-27 1.1537e-21 6.86149e-17 9.38187e-13 2.9492e-09 2.1314e-06 0.000354128 0.0135275 0.118799 0.239862 0.112131 0.0330217 0.129398 0.182049 0.0707857 0.0472964 0.0362184 0.0114687 0.00391083 0.000982193 0.000173836 1.88744e-05 1.06704e-06
 2.14447e-27 2.17146e-27 6.50244e-27 1.48184e-21 8.81307e-17 1.20503e-12 3.78803e-09 2.73762e-06 0.000454851 0.017375 0.152588 0.30808 0.143558 0.0300608 0.0907617 0.127517 0.0505508 0.0366055 0.0285039 0.00956034 0.00342299 0.000810951 0.00013232 1.36888e-05 7.31481e-07
 2.14744e-27 2.17862e-27 7.2412e-27 1.73235e-21 1.03029e-16 1.40874e-12 4.4284e-09 3.20042e-06 0.000531745 0.0203123 0.178384 0.36016 0.167609 0.0293426 0.0706802 0.0988983 0.0361965 0.0176536 0.0131234 0.00471812 0.00184002 0.000462696 7.67827e-05 7.46065e-06 3.72992e-07
 2.14224e-27 2.16581e-27 5.88046e-27 1.27073e-21 7.55755e-17 1.03336e-12 3.24838e-09 2.34761e-06 0.000390052 0.0148997 0.13085 0.264194 0.123423 0.034191 0.129203 0.181374 0.0651212 0.02783 0.0197701 0.00606386 0.00203245 0.000544283 9.95217e-05 1.0119e-05 4.95215e-07
 2.14217e-27 2.16579e-27 5.90099e-27 1.27781e-21 7.59961e-17 1.03911e-12 3.26646e-09 2.36068e-06 0.000392223 0.0149827 0.131579 0.265663 0.124025 0.0321197 0.116116 0.163296 0.0637973 0.0434577 0.0327787 0.00884672 0.00233144 0.000516795 8.51798e-05 9.16513e-06 4.7779e-07
 2.14693e-27 2.17739e-27 7.11212e-27 1.68857e-21 1.00426e-16 1.37314e-12 4.31649e-09 3.11954e-06 0.000518307 0.019799 0.173876 0.351059 0.163411 0.0295966 0.0749742 0.104995 0.0389647 0.0206404 0.015324 0.00488687 0.00159401 0.000315097 3.96963e-05 3.57523e-06 1.81156e-07
 2.14462e-27 2.17165e-27 6.49866e-27 1.48044e-21 8.80474e-17 1.20389e-12 3.78445e-09 2.73503e-06 0.000454421 0.0173586 0.152444 0.30779 0.143504 0.0321877 0.103834 0.145593 0.0521934 0.0220552 0.0156633 0.00487564 0.00161092 0.000375231 5.43053e-05 4.23496e-06 1.72592e-07
 2.14221e-27 2.1658e-27 5.88918e-27 1.27374e-21 7.57543e-17 1.0358e-12 3.25606e-09 2.35317e-06 0.000390975 0.014935 0.13116 0.264818 0.123677 0.0332487 0.123263 0.173176 0.0646404 0.0353334 0.0258947 0.00706037 0.00190397 0.00042512 6.53515e-05 5.81725e-06 2.3837e-07
 2.14121e-27 2.16339e-27 5.6389e-27 1.18886e-21 7.07063e-17 9.66783e-13 3.03909e-09 2.19636e-06 0.000364922 0.0139398 0.12242 0.247173 0.115534 0.0336529 0.131049 0.184224 0.0695304 0.0403361 0.03002 0.00869218 0.00250131 0.000491715 6.31107e-05 5.48924e-06 2.43401e-07
 2.14245e-27 2.16645e-27 5.96773e-27 1.30043e-21 7.73415e-17 1.05751e-12 3.32429e-09 2.40247e-06 0.000399167 0.0152479 0.133908 0.270366 0.126203 0.0322143 0.115276 0.162039 0.0623375 0.0396971 0.0300131 0.00894286 0.0027127 0.000562702 7.24316e-05 5.51739e-06 2.20769e-07
 2.14406e-27 2.17035e-27 6.36967e-27 1.43673e-21 8.54477e-17 1.16835e-12 3.67271e-09 2.65428e-06 0.000441004 0.0168461 0.147943 0.298702 0.139288 0.031797 0.104188 0.146236 0.0543801 0.0291353 0.0216021 0.00672491 0.00217569 0.000469414 6.39341e-05 5.02278e-06 1.90268e-07
 2.14243e-27 2.16635e-27 5.94631e-27 1.29311e-21 7.69065e-17 1.05156e-12 3.30559e-09 2.38896e-06 0.000396922 0.0151622 0.133155 0.268846 0.125538 0.0332081 0.121801 0.171076 0.063346 0.0331036 0.0243168 0.00723423 0.00223123 0.00050281 7.37025e-05 6.12874e-06 2.42211e-07
 2.1437e-27 2.16946e-27 6.27673e-27 1.40521e-21 8.3573e-17 1.14271e-12 3.59213e-09 2.59604e-06 0.000431329 0.0164765 0.144697 0.292149 0.136266 0.0319986 0.107393 0.150787 0.0564552 0.0313853 0.0231438 0.00652674 0.00183685 0.000389951 5.54651e-05 4.82646e-06 2.03136e-07
 2.14331e-27 2.16847e-27 6.16625e-27 1.3677e-21 8.13423e-17 1.11221e-12 3.49625e-09 2.52675e-06 0.000419816 0.0160367 0.140835 0.284352 0.132694 0.032882 0.115136 0.16161 0.0590327 0.0283841 0.0205095 0.00596348 0.00174003 0.000352142 4.57624e-05 3.77045e-06 1.59228e-07
 2.14367e-27 2.16939e-27 6.26881e-27 1.40251e-21 8.34129e-17 1.14052e-12 3.58525e-09 2.59107e-06 0.000430502 0.0164449 0.14442 0.291589 0.136011 0.0321059 0.108217 0.151937 0.0567053 0.0309781 0.0227408 0.00629971 0.00171537 0.00035286 4.64511e-05 3.61378e-06 1.42215e-07
 2.1442e-27 2.17066e-27 6.39732e-27 1.44608e-21 8.60039e-17 1.17595e-12 3.69662e-09 2.67155e-06 0.000443875 0.0169557 0.148906 0.300647 0.1402 0.0321553 0.105789 0.148423 0.0542237 0.0260953 0.0188377 0.00542086 0.00155175 0.000307272 3.83874e-05 2.98014e-06 1.14867e-07
 2.143e-27 2.1677e-27 6.08503e-27 1.34015e-21 7.97039e-17 1.08981e-12 3.42583e-09 2.47585e-06 0.00041136 0.0157137 0.137998 0.278625 0.130054 0.0330918 0.118144 0.165868 0.0607876 0.0298349 0.0215209 0.00595719 0.00161751 0.000328882 4.23053e-05 3.18454e-06 1.19066e-07
 2.14395e-27 2.17008e-27 6.34191e-27 1.42731e-21 8.48878e-17 1.16069e-12 3.64864e-09 2.63688e-06 0.000438114 0.0167357 0.146973 0.296745 0.138384 0.0318248 0.104948 0.147333 0.0551458 0.0306063 0.0225306 0.00626035 0.00169534 0.0003329 4.14292e-05 3.16528e-06 1.18643e-07
 2.14302e-27 2.16778e-27 6.09663e-27 1.3441e-21 7.99387e-17 1.09302e-12 3.43592e-09 2.48315e-06 0.000412572 0.01576 0.138405 0.279445 0.130423 0.0328246 0.116265 0.163249 0.0602658 0.0309415 0.0226845 0.00679216 0.00206043 0.00041362 5.10464e-05 3.78708e-06 1.40106e-07
 2.14208e-27 2.16552e-27 5.86326e-27 1.26497e-21 7.52325e-17 1.02867e-12 3.23364e-09 2.33696e-06 0.000388282 0.0148321 0.130256 0.262994 0.122825 0.0330142 0.122381 0.171982 0.0648776 0.0375388 0.027914 0.00805856 0.00235676 0.0005046 6.83624e-05 5.2009e-06 1.89774e-07
 2.14278e-27 2.16726e-27 6.05145e-27 1.32882e-21 7.90302e-17 1.0806e-12 3.39687e-09 2.45493e-06 0.000407883 0.0155808 0.136832 0.276269 0.128927 0.0320821 0.11269 0.158363 0.0606126 0.0376944 0.0284852 0.0086824 0.00271688 0.00057099 7.69629e-05 6.25203e-06 2.42435e-07
 2.14382e-27 2.16975e-27 6.30674e-27 1.41538e-21 8.41782e-17 1.15099e-12 3.61814e-09 2.61484e-06 0.000434452 0.0165958 0.145745 0.294265 0.137244 0.0320162 0.106863 0.150007 0.0557088 0.0296228 0.0219277 0.00680357 0.002204 0.000486549 6.84415e-05 5.55974e-06 2.21208e-07
#obs surv len freq
 8.69478e-40 4.25549e-33 4.78835e-27 1.2387e-21 7.36702e-17 1.00731e-12 3.16648e-09 2.28842e-06 0.000380224 0.0145241 0.12755 0.257532 0.120271 0.0322546 0.119389 0.167884 0.0649597 0.0425395 0.0331864 0.0123774 0.00520278 0.0015586 0.00033934 4.54539e-05 3.13061e-06
 1.03949e-39 5.0876e-33 5.72465e-27 1.48091e-21 8.80754e-17 1.20427e-12 3.78564e-09 2.73589e-06 0.000454572 0.0173641 0.152491 0.307886 0.14349 0.0306348 0.0943243 0.132429 0.0507673 0.0318531 0.0245943 0.0088536 0.00357283 0.00103452 0.000217819 2.82526e-05 1.87242e-06
 9.73386e-40 4.76405e-33 5.36058e-27 1.38673e-21 8.24742e-17 1.12769e-12 3.54489e-09 2.5619e-06 0.000425663 0.0162598 0.142793 0.288307 0.134522 0.0328628 0.113827 0.159712 0.0576089 0.0254776 0.0184984 0.00640226 0.00246332 0.000682371 0.000136848 1.70519e-05 1.09072e-06
 1.05011e-39 5.13957e-33 5.78313e-27 1.49604e-21 8.89751e-17 1.21657e-12 3.82431e-09 2.76384e-06 0.000459216 0.0175414 0.154049 0.311031 0.144971 0.0313521 0.0977559 0.13715 0.0509188 0.0270144 0.0198098 0.00568923 0.00171839 0.000442133 8.3646e-05 9.88091e-06 6.03895e-07
 9.89438e-40 4.84261e-33 5.44898e-27 1.4096e-21 8.38342e-17 1.14628e-12 3.60334e-09 2.60414e-06 0.000432682 0.0165279 0.145148 0.293061 0.136721 0.0328967 0.112601 0.157954 0.0566019 0.023845 0.0169092 0.00521545 0.00166354 0.000358399 5.44395e-05 5.83203e-06 3.35606e-07
 8.14336e-40 3.98561e-33 4.48467e-27 1.16014e-21 6.8998e-17 9.43423e-13 2.96566e-09 2.14329e-06 0.00035611 0.013603 0.119461 0.241201 0.112817 0.0348052 0.139882 0.196531 0.0719072 0.0349289 0.0251432 0.00695071 0.00191855 0.000424921 6.24759e-05 5.52646e-06 2.70491e-07
 7.91858e-40 3.8756e-33 4.36089e-27 1.12812e-21 6.70935e-17 9.17383e-13 2.8838e-09 2.08413e-06 0.000346281 0.0132275 0.116164 0.234543 0.109693 0.0335925 0.134486 0.189186 0.0728623 0.0466316 0.035213 0.0103149 0.00303471 0.000614347 8.12969e-05 6.95664e-06 3.03717e-07
 1.32899e-39 6.5045e-33 7.31896e-27 1.89335e-21 1.12604e-16 1.53966e-12 4.83994e-09 3.49784e-06 0.000581171 0.0222 0.19496 0.393629 0.183011 0.0274575 0.0490862 0.0685108 0.026164 0.0161149 0.0123103 0.00414288 0.00146421 0.000318258 4.27836e-05 3.36728e-06 1.35736e-07
 1.10702e-39 5.41811e-33 6.09655e-27 1.57712e-21 9.37972e-17 1.28251e-12 4.03157e-09 2.91363e-06 0.000484103 0.0184921 0.162398 0.327888 0.152812 0.0326367 0.100517 0.14067 0.0470945 0.00941157 0.0051629 0.00166965 0.000589582 0.000146021 2.30674e-05 1.93368e-06 7.60088e-08
 6.39425e-40 3.12954e-33 3.52141e-27 9.10956e-22 5.4178e-17 7.40786e-13 2.32867e-09 1.68293e-06 0.000279622 0.0106812 0.0938022 0.189397 0.0890142 0.0387354 0.179488 0.252139 0.0885973 0.0317321 0.0209126 0.00445065 0.000624789 0.000122192 2.00611e-05 1.92481e-06 8.45096e-08
 1.23255e-39 6.03249e-33 6.78786e-27 1.75595e-21 1.04433e-16 1.42793e-12 4.48872e-09 3.24401e-06 0.000538997 0.020589 0.180813 0.365065 0.169822 0.0278858 0.0603098 0.0845283 0.0345465 0.0279139 0.0213068 0.0053539 0.00114308 0.000167007 1.28945e-05 9.39722e-07 4.37104e-08
 1.1801e-39 5.77576e-33 6.49897e-27 1.68122e-21 9.99886e-17 1.36716e-12 4.29769e-09 3.10595e-06 0.000516058 0.0197127 0.173117 0.34953 0.162767 0.0312703 0.0856528 0.119768 0.0403783 0.0090282 0.00535646 0.00199241 0.000753465 0.000140011 1.32721e-05 6.80699e-07 1.84557e-08
 8.82377e-40 4.31862e-33 4.85938e-27 1.25708e-21 7.47631e-17 1.02225e-12 3.21345e-09 2.32237e-06 0.000385865 0.0147395 0.129443 0.261353 0.122167 0.0356942 0.139235 0.195302 0.0671643 0.0193788 0.0120066 0.0026083 0.000412691 9.23461e-05 1.43377e-05 9.70713e-07 2.65197e-08
 9.22246e-40 4.51376e-33 5.07895e-27 1.31388e-21 7.81412e-17 1.06844e-12 3.35865e-09 2.4273e-06 0.0004033 0.0154055 0.135291 0.273161 0.127534 0.0332555 0.12079 0.169636 0.0626714 0.0322736 0.023091 0.00537769 0.000956974 0.000137195 1.189e-05 9.2279e-07 3.59113e-08
 7.38439e-40 3.61415e-33 4.06669e-27 1.05202e-21 6.25673e-17 8.55495e-13 2.68926e-09 1.94353e-06 0.000322921 0.0123351 0.108327 0.218722 0.102478 0.0362363 0.155394 0.218333 0.0787614 0.0348105 0.024753 0.00716103 0.0020026 0.000332156 2.74845e-05 1.38304e-06 4.04897e-08
 1.11938e-39 5.47859e-33 6.1646e-27 1.59472e-21 9.48442e-17 1.29682e-12 4.07657e-09 2.94615e-06 0.000489507 0.0186985 0.16421 0.331547 0.1544 0.029857 0.0824458 0.115663 0.0446133 0.0287365 0.0215502 0.00587564 0.00155591 0.000314787 3.76336e-05 2.20276e-06 5.48211e-08
 8.73068e-40 4.27306e-33 4.80812e-27 1.24381e-21 7.39743e-17 1.01147e-12 3.17955e-09 2.29787e-06 0.000381794 0.014584 0.128077 0.258596 0.120891 0.0356694 0.139915 0.196263 0.0675219 0.019613 0.0126828 0.00411128 0.00137744 0.00027694 3.39263e-05 2.47658e-06 8.00241e-08
 9.54033e-40 4.66933e-33 5.254e-27 1.35916e-21 8.08344e-17 1.10526e-12 3.47441e-09 2.51096e-06 0.0004172 0.0159365 0.139954 0.282575 0.131869 0.0327757 0.115023 0.161508 0.0598075 0.0312227 0.0223933 0.00524451 0.00101971 0.000216713 3.16874e-05 2.43163e-06 8.70163e-08
 1.01297e-39 4.9578e-33 5.5786e-27 1.44313e-21 8.58284e-17 1.17355e-12 3.68906e-09 2.66609e-06 0.000442975 0.0169211 0.148601 0.300032 0.139935 0.0326666 0.109095 0.153 0.0546893 0.022599 0.0158586 0.00461046 0.00130091 0.00022103 2.19487e-05 1.69923e-06 6.79961e-08
 8.63589e-40 4.22667e-33 4.75591e-27 1.23031e-21 7.31711e-17 1.00048e-12 3.14503e-09 2.27292e-06 0.000377649 0.0144257 0.126686 0.255788 0.119569 0.0350289 0.136851 0.192098 0.0681538 0.0265343 0.018189 0.00480929 0.00121066 0.000243949 2.96754e-05 1.88773e-06 6.13339e-08
 1.1154e-39 5.45912e-33 6.14268e-27 1.58905e-21 9.4507e-17 1.29221e-12 4.06208e-09 2.93567e-06 0.000487766 0.0186321 0.163627 0.330368 0.153886 0.0306877 0.0878718 0.12318 0.0454799 0.0233484 0.0168515 0.00434563 0.00101983 0.000187879 2.20775e-05 1.60991e-06 5.44369e-08
 8.91961e-40 4.36553e-33 4.91217e-27 1.27073e-21 7.55751e-17 1.03335e-12 3.24836e-09 2.34759e-06 0.000390056 0.0148996 0.130849 0.264192 0.123466 0.0353387 0.136209 0.191059 0.0659527 0.019868 0.012822 0.00368935 0.00104683 0.000193608 2.10247e-05 1.42996e-06 4.95925e-08
 1.00226e-39 4.90535e-33 5.51958e-27 1.42786e-21 8.49204e-17 1.16113e-12 3.65003e-09 2.63788e-06 0.000438288 0.0167421 0.147029 0.296858 0.138453 0.0322753 0.107664 0.151097 0.0556121 0.0280009 0.0199824 0.00472636 0.00092155 0.000175014 2.1866e-05 1.49524e-06 4.86195e-08
 1.03328e-39 5.05721e-33 5.69045e-27 1.47207e-21 8.75493e-17 1.19708e-12 3.76302e-09 2.71955e-06 0.000451856 0.0172603 0.15158 0.306047 0.142713 0.0325833 0.106774 0.149691 0.0530326 0.0204172 0.0140817 0.0040367 0.00111818 0.000190206 1.82135e-05 1.23918e-06 4.32714e-08
 8.75327e-40 4.28412e-33 4.82056e-27 1.24703e-21 7.41657e-17 1.01408e-12 3.18777e-09 2.30381e-06 0.000382782 0.0146218 0.128408 0.259265 0.121176 0.0350136 0.13571 0.190464 0.0672379 0.0251059 0.0169921 0.00435993 0.00103216 0.000202905 2.42874e-05 1.51557e-06 4.56399e-08
 9.24359e-40 4.5241e-33 5.09059e-27 1.31689e-21 7.83202e-17 1.07089e-12 3.36634e-09 2.43286e-06 0.000404224 0.0154408 0.135601 0.273787 0.127823 0.0332475 0.120553 0.169288 0.0623481 0.0315293 0.0226654 0.00575333 0.00129955 0.000230529 2.56486e-05 1.81324e-06 6.00668e-08
 9.71563e-40 4.75513e-33 5.35054e-27 1.38414e-21 8.23197e-17 1.12557e-12 3.53825e-09 2.5571e-06 0.000424866 0.0162293 0.142526 0.287767 0.134279 0.0330269 0.114991 0.161354 0.0582246 0.02579 0.0183316 0.00527009 0.00148359 0.000269609 2.81358e-05 1.8227e-06 6.04061e-08
 1.12866e-39 5.52401e-33 6.2157e-27 1.60794e-21 9.56305e-17 1.30757e-12 4.11037e-09 2.97057e-06 0.000493565 0.0188535 0.165572 0.334295 0.155715 0.0310517 0.0889103 0.12454 0.044545 0.0184893 0.0128904 0.00350402 0.000924619 0.00018685 2.31347e-05 1.54117e-06 4.80191e-08
#pred catch len freq
 2.13714e-27 2.15141e-27 4.29245e-27 7.32074e-22 4.35392e-17 5.95321e-13 1.8714e-09 1.35247e-06 0.00022471 0.00858377 0.0753831 0.152205 0.0714444 0.0287253 0.129577 0.182846 0.0770719 0.0693951 0.0614721 0.0389107 0.0305539 0.0240124 0.0223538 0.0193485 0.00789038
 2.13771e-27 2.15456e-27 4.70399e-27 8.7177e-22 5.18475e-17 7.08921e-13 2.2285e-09 1.61055e-06 0.00026759 0.0102217 0.0897679 0.18125 0.0850857 0.0344201 0.155599 0.219067 0.0847957 0.0556407 0.0436817 0.0173093 0.00924837 0.0054651 0.00398375 0.00300561 0.00118985
 2.13824e-27 2.1562e-27 4.89637e-27 9.37081e-22 5.57318e-17 7.62033e-13 2.39546e-09 1.73121e-06 0.000287637 0.0109875 0.0964932 0.194828 0.0913545 0.0341938 0.150127 0.211419 0.0831823 0.0584246 0.0451533 0.0147387 0.00547051 0.0018658 0.000826954 0.000473557 0.000171433
 2.13825e-27 2.15626e-27 4.90678e-27 9.40619e-22 5.59422e-17 7.6491e-13 2.4045e-09 1.73774e-06 0.000288723 0.011029 0.0968575 0.195563 0.0916951 0.0342085 0.149995 0.211218 0.0829085 0.0577091 0.044961 0.0156818 0.0059075 0.00150589 0.000338101 0.000102081 2.92366e-05
 2.13862e-27 2.15716e-27 4.99974e-27 9.72143e-22 5.7817e-17 7.90545e-13 2.48509e-09 1.79598e-06 0.000298399 0.0113987 0.100104 0.202117 0.0947218 0.0341233 0.147499 0.207664 0.0811541 0.0554503 0.04306 0.0149213 0.00567773 0.00149233 0.000272783 3.82458e-05 5.77306e-06
 2.13733e-27 2.15396e-27 4.6553e-27 8.55279e-22 5.08666e-17 6.95511e-13 2.18635e-09 1.58008e-06 0.000262528 0.0100284 0.0880698 0.177822 0.0835494 0.0357171 0.164552 0.231639 0.0888011 0.0556841 0.0426145 0.0143288 0.00527319 0.00137625 0.000250676 2.81008e-05 2.01786e-06
 2.13606e-27 2.15093e-27 4.348e-27 7.511e-22 4.46708e-17 6.10793e-13 1.92004e-09 1.38762e-06 0.00023055 0.00880686 0.0773423 0.156163 0.0735295 0.0355339 0.169962 0.239493 0.0947165 0.0679107 0.0524237 0.0165675 0.0056312 0.0014102 0.000248885 2.69829e-05 1.52422e-06
 2.13946e-27 2.1593e-27 5.23419e-27 1.05171e-21 6.25494e-17 8.55252e-13 2.6885e-09 1.94298e-06 0.000322824 0.0123317 0.108297 0.218659 0.102312 0.0325865 0.133132 0.187548 0.0759192 0.0594455 0.0466688 0.0156322 0.00558489 0.00131986 0.000214746 2.21819e-05 1.18437e-06
 2.14245e-27 2.16642e-27 5.95863e-27 1.29732e-21 7.71564e-17 1.05498e-12 3.31633e-09 2.39672e-06 0.000398212 0.0152114 0.133588 0.26972 0.125926 0.0327938 0.119008 0.167171 0.0623609 0.0340437 0.0257862 0.00928905 0.00362599 0.000910133 0.00015069 1.46222e-05 7.30433e-07
 2.13754e-27 2.15428e-27 4.66476e-27 8.58366e-22 5.10503e-17 6.98021e-13 2.19424e-09 1.58578e-06 0.000263475 0.0100646 0.0883877 0.178464 0.0839247 0.0378021 0.177087 0.248967 0.0903293 0.0415521 0.0299413 0.00916911 0.00306335 0.000817931 0.000149175 1.51468e-05 7.40689e-07
 2.13787e-27 2.15533e-27 4.80519e-27 9.06147e-22 5.3892e-17 7.36877e-13 2.31638e-09 1.67406e-06 0.000278142 0.0106248 0.0933078 0.188397 0.0883986 0.0346531 0.15487 0.218146 0.08623 0.0616305 0.0467321 0.0125755 0.00329405 0.000727559 0.000119516 1.28386e-05 6.68788e-07
 2.14206e-27 2.16549e-27 5.86236e-27 1.26467e-21 7.52147e-17 1.02843e-12 3.23287e-09 2.33641e-06 0.000388191 0.0148286 0.130226 0.262932 0.122791 0.0328847 0.121609 0.170902 0.0645823 0.0377321 0.0284298 0.00907032 0.00295798 0.000583781 7.33359e-05 6.59318e-06 3.33776e-07
 2.13974e-27 2.15971e-27 5.23816e-27 1.05287e-21 6.26184e-17 8.56195e-13 2.69146e-09 1.94513e-06 0.00032318 0.0123452 0.108417 0.218901 0.102551 0.035973 0.153733 0.216023 0.0783509 0.035967 0.0259617 0.00807497 0.0026626 0.00061873 8.9321e-05 6.95559e-06 2.83178e-07
 2.13783e-27 2.15511e-27 4.76511e-27 8.92472e-22 5.30787e-17 7.25756e-13 2.28142e-09 1.64879e-06 0.000273944 0.0104645 0.0918997 0.185554 0.0871451 0.036272 0.16561 0.23302 0.0878784 0.0507514 0.0374889 0.0101953 0.00273459 0.000608547 9.32618e-05 8.2889e-06 3.39369e-07
 2.1369e-27 2.15285e-27 4.533e-27 8.13765e-22 4.83977e-17 6.61752e-13 2.08023e-09 1.50339e-06 0.000249785 0.00954162 0.0837951 0.169191 0.0795877 0.0364708 0.171755 0.241778 0.0922534 0.0565056 0.0423583 0.0122289 0.00350152 0.000686424 8.78021e-05 7.62237e-06 3.37684e-07
 2.13806e-27 2.15577e-27 4.84787e-27 9.20607e-22 5.4752e-17 7.48636e-13 2.35335e-09 1.70077e-06 0.00028258 0.0107944 0.0947968 0.191403 0.0897977 0.0349008 0.155476 0.218908 0.0852127 0.0571846 0.043503 0.0129209 0.00389934 0.000806522 0.000103494 7.86971e-06 3.1456e-07
 2.13933e-27 2.15879e-27 5.15489e-27 1.02469e-21 6.09423e-17 8.33278e-13 2.61942e-09 1.89306e-06 0.000314529 0.0120148 0.105515 0.213042 0.0998063 0.0350199 0.14968 0.210525 0.0793258 0.0456485 0.0342038 0.0106281 0.00342775 0.000737717 0.000100188 7.85856e-06 2.97414e-07
 2.13813e-27 2.15581e-27 4.83768e-27 9.17075e-22 5.45419e-17 7.45764e-13 2.34432e-09 1.69425e-06 0.000281496 0.010753 0.0944331 0.190669 0.0895097 0.0362676 0.164041 0.230749 0.0862325 0.0474698 0.0351419 0.0104208 0.00319688 0.000718144 0.000104948 8.71315e-06 3.44036e-07
 2.13934e-27 2.15882e-27 5.15799e-27 1.02574e-21 6.10049e-17 8.34133e-13 2.62211e-09 1.895e-06 0.000314852 0.0120271 0.105623 0.213261 0.0999068 0.0350054 0.149526 0.210328 0.0795538 0.0466517 0.0346593 0.00974626 0.00272832 0.000577398 8.18638e-05 7.11162e-06 2.99052e-07
 2.13881e-27 2.15745e-27 5.00466e-27 9.7369e-22 5.79091e-17 7.91803e-13 2.48904e-09 1.79884e-06 0.000298874 0.0114168 0.100263 0.202439 0.0949497 0.0362264 0.160242 0.225306 0.08312 0.0424971 0.0310241 0.00899923 0.00261454 0.000527704 6.83604e-05 5.62229e-06 2.37208e-07
 2.13934e-27 2.15881e-27 5.15517e-27 1.02478e-21 6.09475e-17 8.33349e-13 2.61964e-09 1.89322e-06 0.000314556 0.0120158 0.105524 0.21306 0.0998193 0.035142 0.150421 0.21157 0.079741 0.0459143 0.0339599 0.0093812 0.00254051 0.000520984 6.83682e-05 5.30972e-06 2.08746e-07
 2.13974e-27 2.15972e-27 5.24416e-27 1.05493e-21 6.27408e-17 8.57869e-13 2.69672e-09 1.94893e-06 0.000323812 0.0123694 0.108629 0.219329 0.102731 0.0354963 0.150694 0.211833 0.0781581 0.0399838 0.0291599 0.00837134 0.00238596 0.000471213 5.8682e-05 4.54757e-06 1.75115e-07
 2.13855e-27 2.15681e-27 4.93812e-27 9.51121e-22 5.65667e-17 7.73449e-13 2.43135e-09 1.75714e-06 0.000291947 0.0111522 0.0979389 0.197747 0.0927861 0.0363772 0.162577 0.228619 0.0846024 0.0440345 0.0320699 0.0088562 0.00239316 0.00048519 6.22208e-05 4.67574e-06 1.74645e-07
 2.13931e-27 2.15873e-27 5.14907e-27 1.02272e-21 6.0825e-17 8.31673e-13 2.61437e-09 1.88942e-06 0.000313924 0.0119917 0.105311 0.212632 0.099615 0.0349774 0.149545 0.210368 0.0797589 0.0473341 0.0351775 0.0097565 0.00263214 0.000515539 6.39611e-05 4.87828e-06 1.82678e-07
 2.13838e-27 2.15644e-27 4.90383e-27 9.39515e-22 5.58765e-17 7.64012e-13 2.40168e-09 1.7357e-06 0.000288384 0.0110161 0.0967438 0.195334 0.0916598 0.0360887 0.161542 0.227219 0.084869 0.0465893 0.0345124 0.0103119 0.0031169 0.000624173 7.6799e-05 5.6878e-06 2.10216e-07
 2.13748e-27 2.15429e-27 4.68485e-27 8.65278e-22 5.14613e-17 7.03642e-13 2.21191e-09 1.59855e-06 0.000265597 0.0101456 0.0890994 0.179901 0.0845205 0.0359844 0.165558 0.233035 0.0890651 0.0549871 0.0412473 0.0118823 0.0034611 0.000739013 9.98304e-05 7.58299e-06 2.76428e-07
 2.13831e-27 2.15637e-27 4.91017e-27 9.41731e-22 5.60083e-17 7.65814e-13 2.40735e-09 1.7398e-06 0.000289064 0.0110421 0.096972 0.195795 0.0918262 0.0348509 0.153847 0.216578 0.0839162 0.0551951 0.0419958 0.0127617 0.00397473 0.000833001 0.000111925 9.07674e-06 3.51652e-07
 2.13906e-27 2.15812e-27 5.08408e-27 1.00067e-21 5.95137e-17 8.13744e-13 2.55801e-09 1.84868e-06 0.000307156 0.0117332 0.103041 0.208048 0.0975068 0.0352651 0.152683 0.214757 0.0808213 0.0462109 0.034578 0.0107097 0.00345881 0.000761634 0.000106834 8.66494e-06 3.44437e-07
#obs catch len freq
 4.12051e-40 2.0167e-33 2.26923e-27 5.87027e-22 3.49127e-17 4.77368e-13 1.50061e-09 1.0845e-06 0.00018019 0.00688304 0.0604469 0.122052 0.0577765 0.0359843 0.18299 0.257977 0.10273 0.0757935 0.0602126 0.0231293 0.0100043 0.00305241 0.000683938 9.52241e-05 6.83444e-06
 4.24653e-40 2.07838e-33 2.33863e-27 6.0498e-22 3.59805e-17 4.91968e-13 1.5465e-09 1.11766e-06 0.000185701 0.00709354 0.0622955 0.125785 0.0595157 0.0363491 0.184092 0.259456 0.102251 0.0723881 0.0570095 0.0212865 0.00895013 0.00267646 0.000581493 7.77584e-05 5.34878e-06
 5.81206e-40 2.8446e-33 3.20079e-27 8.28014e-22 4.92451e-17 6.73338e-13 2.11664e-09 1.5297e-06 0.000254162 0.00970867 0.0852615 0.172152 0.0809098 0.0352138 0.163187 0.229821 0.0895628 0.0604925 0.0471457 0.0169828 0.00685245 0.00198041 0.000416053 5.38718e-05 3.56571e-06
 5.22349e-40 2.55654e-33 2.87665e-27 7.44164e-22 4.42582e-17 6.05151e-13 1.9023e-09 1.37479e-06 0.000228424 0.0087255 0.0766273 0.154721 0.0729746 0.0385112 0.18857 0.265205 0.0967067 0.0460412 0.0338985 0.0117403 0.00451657 0.00124885 0.00024989 3.10829e-05 1.98563e-06
 6.06114e-40 2.96651e-33 3.33796e-27 8.63499e-22 5.13555e-17 7.02194e-13 2.20735e-09 1.59526e-06 0.000265055 0.0101247 0.0889155 0.17953 0.0843712 0.0365649 0.169212 0.238086 0.0894781 0.0507653 0.0376094 0.0108016 0.00325995 0.000837083 0.000157985 1.86282e-05 1.13695e-06
 5.49408e-40 2.68897e-33 3.02568e-27 7.82713e-22 4.65509e-17 6.36499e-13 2.00084e-09 1.44601e-06 0.000240257 0.00917751 0.0805969 0.162736 0.0766852 0.0386531 0.187021 0.262958 0.0951002 0.0428022 0.0307568 0.00948711 0.00302404 0.000650428 9.85332e-05 1.05345e-05 6.05354e-07
 4.07408e-40 1.99398e-33 2.24366e-27 5.80413e-22 3.45193e-17 4.71989e-13 1.4837e-09 1.07227e-06 0.00017816 0.00680548 0.0597658 0.120679 0.057283 0.0397634 0.206476 0.290567 0.107418 0.0555789 0.0404369 0.0111764 0.00308143 0.000681215 9.99219e-05 8.82197e-06 4.3108e-07
 3.93873e-40 1.92774e-33 2.16912e-27 5.61131e-22 3.33726e-17 4.5631e-13 1.43441e-09 1.03665e-06 0.000172241 0.0065794 0.0577803 0.116669 0.055349 0.0376184 0.19459 0.27421 0.107035 0.0726769 0.0552805 0.0161843 0.00475512 0.000960963 0.000126828 1.08316e-05 4.72195e-07
 9.82456e-40 4.80844e-33 5.41054e-27 1.39965e-21 8.32427e-17 1.13819e-12 3.57792e-09 2.58577e-06 0.000429629 0.0164113 0.144124 0.290993 0.135702 0.0312023 0.102881 0.144547 0.0558606 0.0363473 0.0279603 0.00939931 0.00331627 0.000719465 9.64746e-05 7.57868e-06 3.05017e-07
 6.96838e-40 3.41054e-33 3.8376e-27 9.9275e-22 5.90425e-17 8.073e-13 2.53775e-09 1.83404e-06 0.000304728 0.0116402 0.102225 0.206402 0.0968975 0.0393139 0.177894 0.249608 0.0837864 0.0174866 0.00982392 0.00317476 0.00111863 0.000276427 4.35636e-05 3.64564e-06 1.43097e-07
 3.04097e-40 1.48834e-33 1.67471e-27 4.33231e-22 2.57659e-17 3.52302e-13 1.10746e-09 8.00367e-07 0.000132982 0.00507975 0.0446104 0.0900813 0.0432759 0.0434575 0.238249 0.335003 0.118391 0.0445682 0.029734 0.00632666 0.000885739 0.000172686 2.82735e-05 2.70789e-06 1.18739e-07
 8.5469e-40 4.18312e-33 4.70691e-27 1.21763e-21 7.24172e-17 9.90174e-13 3.11262e-09 2.2495e-06 0.000373757 0.014277 0.125381 0.253151 0.11821 0.0312872 0.114806 0.161724 0.0670212 0.0566991 0.0434661 0.0109108 0.00232348 0.000339002 2.60939e-05 1.89549e-06 8.80258e-08
 7.9333e-40 3.8828e-33 4.36899e-27 1.13022e-21 6.72182e-17 9.19087e-13 2.88916e-09 2.088e-06 0.000346924 0.0132521 0.11638 0.23498 0.110039 0.037428 0.157768 0.221316 0.0748243 0.0174317 0.01054 0.00391434 0.00147722 0.000274088 2.5918e-05 1.3268e-06 3.58972e-08
 4.85958e-40 2.37842e-33 2.67624e-27 6.92318e-22 4.11748e-17 5.62991e-13 1.76977e-09 1.27901e-06 0.00021251 0.0081176 0.0712888 0.143944 0.0681126 0.0417264 0.211446 0.297048 0.102577 0.0309757 0.0194785 0.00423032 0.000667174 0.000148813 2.30567e-05 1.55898e-06 4.25358e-08
 5.20891e-40 2.5494e-33 2.86863e-27 7.42086e-22 4.41346e-17 6.03462e-13 1.89699e-09 1.37096e-06 0.000227786 0.00870115 0.0764135 0.154289 0.0727636 0.038209 0.186857 0.262929 0.0979382 0.0528702 0.0381107 0.00886886 0.00157383 0.000225238 1.94553e-05 1.50571e-06 5.85287e-08
 3.72186e-40 1.82159e-33 2.04968e-27 5.30234e-22 3.1535e-17 4.31184e-13 1.35543e-09 9.79573e-07 0.000162757 0.00621712 0.0545988 0.110247 0.0525047 0.0409478 0.21685 0.305065 0.110839 0.0514554 0.0369284 0.0106703 0.00297707 0.000493095 4.07003e-05 2.04351e-06 5.96992e-08
 7.18213e-40 3.51516e-33 3.95531e-27 1.0232e-21 6.08536e-17 8.32063e-13 2.6156e-09 1.8903e-06 0.000314076 0.0119973 0.10536 0.212731 0.0996306 0.0341661 0.144562 0.20349 0.0793207 0.0535169 0.040359 0.0109892 0.00290155 0.000585752 6.98594e-05 4.08278e-06 1.01461e-07
 4.7771e-40 2.33806e-33 2.63082e-27 6.80569e-22 4.0476e-17 5.53436e-13 1.73973e-09 1.25731e-06 0.000208903 0.00797983 0.0700789 0.141501 0.0669778 0.0415808 0.211294 0.29684 0.10255 0.0311838 0.0204622 0.00662398 0.00221413 0.000444313 5.4279e-05 3.95487e-06 1.27633e-07
 5.5042e-40 2.69392e-33 3.03124e-27 7.84154e-22 4.66366e-17 6.37671e-13 2.00452e-09 1.44867e-06 0.000240699 0.0091944 0.0807453 0.163035 0.0767888 0.037728 0.181284 0.255081 0.0952398 0.0520945 0.0376349 0.00880681 0.00170669 0.000361684 5.27521e-05 4.04107e-06 1.44397e-07
 6.03353e-40 2.95299e-33 3.32276e-27 8.59566e-22 5.11216e-17 6.98996e-13 2.1973e-09 1.58799e-06 0.000263847 0.0100786 0.0885105 0.178713 0.0840542 0.0381854 0.179351 0.252104 0.0907053 0.0393448 0.0278844 0.00809652 0.00227917 0.00038664 3.82739e-05 2.95571e-06 1.18112e-07
 4.70486e-40 2.3027e-33 2.59104e-27 6.70277e-22 3.98639e-17 5.45067e-13 1.71342e-09 1.23829e-06 0.000205744 0.00785916 0.0690192 0.139361 0.0659458 0.0404423 0.204989 0.288197 0.102861 0.0419873 0.0290837 0.00768176 0.00192823 0.000387679 4.7044e-05 2.98729e-06 9.68792e-08
 7.16781e-40 3.50814e-33 3.94742e-27 1.02116e-21 6.07322e-17 8.30403e-13 2.61038e-09 1.88653e-06 0.000313449 0.0119734 0.10515 0.212307 0.0994896 0.0356333 0.153646 0.216048 0.0804072 0.0432248 0.0314248 0.00809429 0.00189384 0.00034814 4.07907e-05 2.96853e-06 1.00239e-07
 4.93596e-40 2.41581e-33 2.71831e-27 7.03201e-22 4.1822e-17 5.7184e-13 1.79758e-09 1.29912e-06 0.00021585 0.0082452 0.0724094 0.146206 0.0691416 0.0412742 0.208004 0.292231 0.101319 0.0319645 0.0209214 0.00601311 0.00170193 0.000314199 3.4026e-05 2.30934e-06 7.99633e-08
 5.93833e-40 2.9064e-33 3.27033e-27 8.46004e-22 5.0315e-17 6.87967e-13 2.16263e-09 1.56294e-06 0.000259684 0.00991961 0.087114 0.175893 0.0827206 0.0373855 0.175318 0.246617 0.0915097 0.0483389 0.0347659 0.00821656 0.00159729 0.000302598 3.77081e-05 2.57393e-06 8.35631e-08
 6.25922e-40 3.06346e-33 3.44705e-27 8.91719e-22 5.30339e-17 7.25143e-13 2.27949e-09 1.64739e-06 0.000273717 0.0104556 0.0918213 0.185397 0.0871464 0.038235 0.177639 0.249627 0.0889589 0.0359042 0.0250248 0.00716461 0.00197967 0.000336215 3.21001e-05 2.17876e-06 7.5969e-08
 4.80151e-40 2.35e-33 2.64426e-27 6.84046e-22 4.06828e-17 5.56263e-13 1.74862e-09 1.26373e-06 0.000209971 0.00802061 0.070437 0.142224 0.0672733 0.0405503 0.204785 0.28787 0.102204 0.0400073 0.0273763 0.00701772 0.00165658 0.000324929 3.87975e-05 2.41686e-06 7.26565e-08
 5.2193e-40 2.55449e-33 2.87435e-27 7.43567e-22 4.42227e-17 6.04666e-13 1.90077e-09 1.37369e-06 0.000228241 0.00871851 0.076566 0.154597 0.0729065 0.0382252 0.186863 0.262917 0.0976198 0.051775 0.0375058 0.00951066 0.00214219 0.000379232 4.20712e-05 2.96814e-06 9.81914e-08
 5.64191e-40 2.76132e-33 3.10709e-27 8.03774e-22 4.78034e-17 6.53626e-13 2.05468e-09 1.48492e-06 0.000246722 0.00942445 0.0827655 0.167114 0.0786981 0.0383533 0.183872 0.258547 0.0939555 0.0436709 0.0313232 0.00899339 0.00252537 0.00045812 4.76777e-05 3.08214e-06 1.01979e-07
#spawning biomass
 5629.03 3057.25 3052.17 3991.28 5223.29 6310.78 6503.35 5637.44 7260.61 14567.3 15618.4 13586.9 24841.5 34201.6 30057.1 24172.9 21091.9 24476.6 22197.8 22328.9 23860.8 24290.7 27743.6 28404.3 31995.5 33349 31231.2 28798.4 33202.6 60718.8 64368.3 46786.8 34210.5 27776.1 24780.9 23451.8 22879.3 22637.6 22536.8 22495.1 22478.1 22471.1 22468.2 22467.1 22466.6 22466.4 22466.3 22466.3 22466.3 22466.3 22466.3 22466.3 22466.3 22466.3 22466.3 22466.3 22466.3 22466.3 22466.3 22466.3 22466.3 22466.3 22466.3 22466.3 22466.3 22466.3 22466.3 22466.3 22466.3 22466.3 22466.3 22466.3 22466.3 22466.3 22466.3 22466.3 22466.3 22466.3 22466.3 22466.3 22466.3 22466.3 22466.3 22466.3 22466.3 22466.3 22466.3 22466.3 22466.3 22466.3 22466.3 22466.3 22466.3 22466.3 22466.3 22466.3 22466.3 22466.3 22466.3 22466.3 22466.3 22466.3 22466.3 22466.3 22466.3 22466.3 22466.3 22466.3 22466.3 22466.3 22466.3 22466.3 22466.3 22466.3 22466.3 22466.3 22466.3 22466.3 22466.3 22466.3 22466.3 22466.3 22466.3 22466.3 22466.3 22466.3 22466.3 22466.3 0 0 0 0 0 0 0 0 0 0 0 0 0 0 0 0 0 0 0 0 0 0 0 0 0
