SBPRF35
0.819782
Curr Bio
118602
B35
704885
F35
0.210825
FOFL
0.0842413
OFL
19751.3
Bzero
234224
#pred survey bio
 8380.17 7260.99 7785.18 11631.3 16171.9 18259.3 17840.5 23921.9 34574.5 50537.8 66031.5 88487 107117 133493 130528 111424 103838 112544 103428 100458 106584 114647 116755 122917 128073 138132 141805 128338 128816 1.07504e+07 8.87768e+06 9.39165e+06 8.76435e+06 7.66398e+06 6.47765e+06 5.40156e+06 4.51044e+06 3.81216e+06 3.28408e+06 2.89384e+06 2.60968e+06 2.4045e+06 2.25645e+06 2.14845e+06 2.06969e+06 2.01375e+06 1.9736e+06 1.94447e+06 1.92309e+06 1.90722e+06 1.8953e+06 1.88627e+06 1.87934e+06 1.87398e+06 1.8698e+06 1.86652e+06 1.86392e+06 1.86185e+06 1.8602e+06 1.85887e+06 1.8578e+06 1.85694e+06 1.85624e+06 1.85567e+06 1.85521e+06 1.85484e+06 1.85453e+06 1.85428e+06 1.85408e+06 1.85391e+06 1.85378e+06 1.85367e+06 1.85358e+06 1.8535e+06 1.85344e+06 1.85339e+06 1.85335e+06 1.85332e+06 1.85329e+06 1.85327e+06 1.85325e+06 1.85323e+06 1.85322e+06 1.85321e+06 1.8532e+06 1.8532e+06 1.85319e+06 1.85319e+06 1.85318e+06 1.85318e+06 1.85318e+06 1.85318e+06 1.85317e+06 1.85317e+06 1.85317e+06 1.85317e+06 1.85317e+06 1.85317e+06 1.85317e+06 1.85317e+06 1.85317e+06 1.85317e+06 1.85317e+06 1.85317e+06 1.85317e+06 1.85317e+06 1.85317e+06 1.85317e+06 1.85317e+06 1.85317e+06 1.85317e+06 1.85317e+06 1.85317e+06 1.85317e+06 1.85317e+06 1.85317e+06 1.85317e+06 1.85317e+06 1.85317e+06 1.85317e+06 1.85317e+06 1.85317e+06 1.85317e+06 1.85317e+06 1.85317e+06 1.85317e+06 1.85317e+06 1.85317e+06 1.85317e+06 0 0 0 0 0 0 0 0 0 0 0 0 0 0 0 0 0 0 0 0 0 0 0 0 0
#obs survey bio
 7510.9 6871.4 10589.3 13656.9 22034.8 17609.4 16919.3 36066.5 47645.8 41236.9 67785.2 103937 128343 122545 126336 102714 133270 91767.6 98745.4 70656.5 95326.4 140019 134176 135355 140464 148000 180331 140201 118965
#pred catch bio
 5887.05 5406.64 5197.59 7930.26 11245.3 13789.1 12954.3 17314.4 23532.2 36662.6 48509.9 68630.7 79477.4 103483 104967 89403.8 79650.8 92793.4 84313.5 81504.5 86944.8 95312.6 97085.6 103733 105945 113999 121677 110160 7945.71 19751.3 71491.2 76062.9 70202.3 60535.1 50328.3 41202.7 33754.5 28014.5 23759.6 20691.2 18522.3 17011.5 15968.4 15249.2 14758.1 14432.5 14216.6 14073.4 13978.5 13915.5 13873.8 13846.1 13827.8 13815.6 13807.5 13802.2 13798.6 13796.3 13794.7 13793.7 13793 13792.5 13792.2 13792 13791.9 13791.8 13791.8 13791.7 13791.7 13791.7 13791.7 13791.7 13791.6 13791.6 13791.6 13791.6 13791.6 13791.6 13791.6 13791.6 13791.6 13791.6 13791.6 13791.6 13791.6 13791.6 13791.6 13791.6 13791.6 13791.6 13791.6 13791.6 13791.6 13791.6 13791.6 13791.6 13791.6 13791.6 13791.6 13791.6 13791.6 13791.6 13791.6 13791.6 13791.6 13791.6 13791.6 13791.6 13791.6 13791.6 13791.6 13791.6 13791.6 13791.6 13791.6 13791.6 13791.6 13791.6 13791.6 13791.6 13791.6 13791.6 13791.6 13791.6 13791.6 13791.6 13791.6 13791.6 13791.6 0 0 0 0 0 0 0 0 0 0 0 0 0 0 0 0 0 0 0 0 0 0 0 0 0
#obs catch bio
 5079.56 5308.06 5096.5 7826.1 10851.8 13611.5 12953.4 16666.7 22521.4 35763.7 47835.3 66897.9 76837.6 101688 103358 89330.6 76622 92349.5 82318.6 79532.5 86569.7 92257 93999.2 101468 102355 110088 116337 107968 7740.23
#pred cpue bio
 7184.72 5852.1 5969.5 8816.62 12449.8 14709.3 13967.9 17813.8 25802.8 38643.8 50047.1 66422 80456.2 102029 103242 87594.6 80001.6 86662.4 79205.8 76687.8 79881.7 86021.4 87603.3 91435.1 94840.2 103126 107020 96514.8 94524.4 9.37466e+06 8.68848e+06 9.33973e+06 8.71027e+06 7.6074e+06 6.42058e+06 5.34441e+06 4.45329e+06 3.75501e+06 3.22692e+06 2.83669e+06 2.55253e+06 2.34735e+06 2.19929e+06 2.0913e+06 2.01254e+06 1.9566e+06 1.91645e+06 1.88731e+06 1.86593e+06 1.85006e+06 1.83815e+06 1.82911e+06 1.82219e+06 1.81683e+06 1.81265e+06 1.80937e+06 1.80677e+06 1.8047e+06 1.80305e+06 1.80172e+06 1.80065e+06 1.79979e+06 1.79909e+06 1.79852e+06 1.79806e+06 1.79769e+06 1.79738e+06 1.79713e+06 1.79693e+06 1.79676e+06 1.79662e+06 1.79651e+06 1.79642e+06 1.79635e+06 1.79629e+06 1.79624e+06 1.7962e+06 1.79616e+06 1.79614e+06 1.79611e+06 1.7961e+06 1.79608e+06 1.79607e+06 1.79606e+06 1.79605e+06 1.79604e+06 1.79604e+06 1.79603e+06 1.79603e+06 1.79603e+06 1.79602e+06 1.79602e+06 1.79602e+06 1.79602e+06 1.79602e+06 1.79602e+06 1.79602e+06 1.79602e+06 1.79602e+06 1.79602e+06 1.79602e+06 1.79602e+06 1.79601e+06 1.79601e+06 1.79601e+06 1.79601e+06 1.79601e+06 1.79601e+06 1.79601e+06 1.79601e+06 1.79601e+06 1.79601e+06 1.79601e+06 1.79601e+06 1.79601e+06 1.79601e+06 1.79601e+06 1.79601e+06 1.79601e+06 1.79601e+06 1.79601e+06 1.79601e+06 1.79601e+06 1.79601e+06 1.79601e+06 1.79601e+06 1.79601e+06 1.79601e+06 1.79601e+06 0 0 0 0 0 0 0 0 0 0 0 0 0 0 0 0 0 0 0 0 0 0 0 0 0
#obs cpue bio
 6196.09 10281.8 5468.31 9017.69 18440.5 14997 15350.8 27053.4 38589.7 54558.8 61855 88670.9 119395 124090 136909 94640.6 134620 97159.3 131578 158680 86913.8 138788 123448 114104 155547 163936 181056 140024 122176
#pred surv len freq
 2.56658e-27 2.59757e-27 4.13139e-26 8.17561e-20 2.00415e-14 5.93866e-10 2.12713e-06 0.000920965 0.0482 0.304926 0.233423 0.0368978 0.116857 0.108017 0.0285812 0.0384029 0.0179678 0.0158428 0.0107567 0.00889415 0.00749124 0.00687275 0.0072587 0.00663878 0.00204844
 2.568e-27 2.60109e-27 4.3964e-26 8.73446e-20 2.14115e-14 6.3446e-10 2.27253e-06 0.000983919 0.0514948 0.32577 0.249393 0.040338 0.131819 0.121463 0.0247543 0.0260168 0.0099942 0.00614108 0.00337636 0.00233881 0.00171033 0.00139437 0.00133893 0.00124607 0.000423764
 2.56967e-27 2.60555e-27 4.78021e-26 9.5441e-20 2.33962e-14 6.93271e-10 2.48318e-06 0.00107512 0.0562681 0.355967 0.272449 0.0401873 0.114475 0.105389 0.0207482 0.0208367 0.00703894 0.00290339 0.00115815 0.000564211 0.000319359 0.000216728 0.000180709 0.000162377 5.76742e-05
 2.57001e-27 2.60644e-27 4.85523e-26 9.70234e-20 2.37841e-14 7.04766e-10 2.52435e-06 0.00109295 0.057201 0.361869 0.276957 0.0402417 0.111722 0.102806 0.0195239 0.0186855 0.00624315 0.00244016 0.000780966 0.000245459 8.74679e-05 4.21783e-05 2.79576e-05 2.27435e-05 8.1127e-06
 2.56931e-27 2.60454e-27 4.68555e-26 9.34438e-20 2.29066e-14 6.78764e-10 2.43122e-06 0.00105263 0.0550906 0.348518 0.266773 0.0408992 0.123882 0.113998 0.0209895 0.0192045 0.00630792 0.00230151 0.000716467 0.000198114 4.50538e-05 1.2141e-05 5.1944e-06 3.44288e-06 1.18476e-06
 2.56723e-27 2.59893e-27 4.19324e-26 8.30583e-20 2.03607e-14 6.03325e-10 2.16101e-06 0.000935635 0.0489678 0.309784 0.237213 0.0420093 0.153097 0.141042 0.0272987 0.0267914 0.00869114 0.00298156 0.000896148 0.000232481 4.75191e-05 8.1257e-06 1.65541e-06 7.03216e-07 2.1919e-07
 2.56875e-27 2.60311e-27 4.56864e-26 9.09779e-20 2.23021e-14 6.60852e-10 2.36706e-06 0.00102485 0.0536368 0.339321 0.259742 0.0404156 0.125141 0.115347 0.024622 0.0271666 0.00898156 0.00332333 0.000982244 0.000239737 4.59652e-05 6.88856e-06 7.88681e-07 1.4055e-07 3.37759e-08
 2.5707e-27 2.60831e-27 5.0218e-26 1.00537e-19 2.46455e-14 7.30291e-10 2.61578e-06 0.00113253 0.0592727 0.374975 0.286956 0.03972 0.100727 0.0926612 0.0177538 0.0172114 0.00593559 0.00259817 0.000803561 0.000206952 3.7971e-05 5.27592e-06 4.9423e-07 3.72217e-08 4.52176e-09
 2.57046e-27 2.6076e-27 4.95124e-26 9.90485e-20 2.42806e-14 7.19476e-10 2.57704e-06 0.00111576 0.0583949 0.369422 0.282728 0.0405254 0.109827 0.100935 0.0169877 0.0133561 0.00437907 0.0016072 0.000527551 0.000156772 3.06669e-05 4.22555e-06 3.61384e-07 1.86212e-08 8.28336e-10
 2.56955e-27 2.60515e-27 4.73764e-26 9.45425e-20 2.3176e-14 6.86745e-10 2.45981e-06 0.001065 0.0557384 0.352616 0.269902 0.0408965 0.121662 0.111929 0.0202614 0.0180441 0.00564033 0.00160955 0.000474351 0.000125927 2.77414e-05 4.22656e-06 3.64495e-07 1.65422e-08 3.92296e-10
 2.56994e-27 2.60624e-27 4.83577e-26 9.66128e-20 2.36835e-14 7.01783e-10 2.51367e-06 0.00108832 0.0569589 0.360338 0.275791 0.0404713 0.114289 0.10515 0.0195114 0.0180505 0.00579876 0.00189788 0.00051949 0.000108876 2.07669e-05 3.28617e-06 3.18101e-07 1.45939e-08 2.82216e-10
 2.57028e-27 2.60714e-27 4.91299e-26 9.82417e-20 2.40828e-14 7.13616e-10 2.55605e-06 0.00110667 0.0579192 0.366413 0.280429 0.0404303 0.110718 0.101809 0.0180871 0.015643 0.00506714 0.00173762 0.000501208 0.000114311 1.82787e-05 2.36445e-06 2.27009e-07 1.15146e-08 2.22432e-10
 2.57019e-27 2.60686e-27 4.88499e-26 9.76509e-20 2.39379e-14 7.09324e-10 2.54068e-06 0.00110002 0.0575709 0.364209 0.278752 0.0407821 0.114573 0.105309 0.0176674 0.013796 0.00437161 0.00135824 0.000393965 9.46795e-05 1.63999e-05 1.956e-06 1.51072e-07 7.42033e-09 1.547e-10
 2.56953e-27 2.60508e-27 4.7297e-26 9.4375e-20 2.31349e-14 6.85528e-10 2.45545e-06 0.00106311 0.0556396 0.351991 0.269427 0.0410721 0.123332 0.113437 0.0199234 0.0168913 0.00525338 0.00145725 0.000402121 8.96293e-05 1.59947e-05 2.04631e-06 1.50993e-07 6.10834e-09 1.21851e-10
 2.56802e-27 2.60099e-27 4.3682e-26 8.6749e-20 2.12655e-14 6.30134e-10 2.25703e-06 0.000977209 0.0511436 0.323549 0.247725 0.0420758 0.146218 0.134569 0.0239071 0.0206659 0.00653221 0.00197778 0.000531796 0.000106472 1.75642e-05 2.21792e-06 1.73578e-07 6.73635e-09 1.14217e-10
 2.5684e-27 2.60208e-27 4.47002e-26 8.88971e-20 2.17921e-14 6.45738e-10 2.31292e-06 0.00100141 0.0524101 0.33156 0.253831 0.0413469 0.136381 0.125589 0.0240786 0.0233222 0.00740599 0.00228082 0.000632184 0.000134575 2.06751e-05 2.35809e-06 1.78336e-07 7.19686e-09 1.16784e-10
 2.56927e-27 2.60443e-27 4.67541e-26 9.323e-20 2.28542e-14 6.77211e-10 2.42566e-06 0.00105022 0.0549646 0.347721 0.266164 0.0409325 0.124562 0.114628 0.0211497 0.0194098 0.00634813 0.0022615 0.000640444 0.000139548 2.25925e-05 2.53261e-06 1.72397e-07 6.65292e-09 1.10051e-10
 2.56927e-27 2.6044e-27 4.67195e-26 9.31569e-20 2.28363e-14 6.7668e-10 2.42375e-06 0.00104939 0.0549214 0.347448 0.265958 0.0410524 0.12562 0.115582 0.0209176 0.0186338 0.00601289 0.00202458 0.000601663 0.000148139 2.47623e-05 2.89663e-06 1.97572e-07 6.9628e-09 1.09606e-10
 2.56943e-27 2.6048e-27 4.70306e-26 9.3813e-20 2.29971e-14 6.81446e-10 2.44082e-06 0.00105678 0.0553083 0.349895 0.26783 0.0412676 0.125942 0.115812 0.0197428 0.0158884 0.00505683 0.0016021 0.000462167 0.000110467 2.03473e-05 2.57217e-06 1.82931e-07 6.46842e-09 9.45168e-11
 2.56956e-27 2.60515e-27 4.73435e-26 9.4473e-20 2.31589e-14 6.8624e-10 2.458e-06 0.00106422 0.0556974 0.352357 0.269708 0.041157 0.123781 0.113828 0.0195656 0.0159769 0.00497481 0.00139503 0.000387896 8.75101e-05 1.55264e-05 2.06544e-06 1.61699e-07 6.00199e-09 8.78285e-11
 2.57029e-27 2.60712e-27 4.90908e-26 9.81592e-20 2.40625e-14 7.13016e-10 2.5539e-06 0.00110574 0.0578706 0.366105 0.280197 0.0406422 0.112493 0.103409 0.0176872 0.0143157 0.00447175 0.0012758 0.00034152 6.90695e-05 1.15305e-05 1.46139e-06 1.1792e-07 4.79218e-09 7.39579e-11
 2.57019e-27 2.60684e-27 4.88079e-26 9.75622e-20 2.39162e-14 7.0868e-10 2.53837e-06 0.00109902 0.0575186 0.363879 0.278502 0.0409556 0.116069 0.106657 0.0173023 0.0126182 0.00392474 0.0011045 0.00029681 6.0122e-05 9.23536e-06 1.06646e-06 8.14436e-08 3.38404e-09 5.65446e-11
 2.57018e-27 2.6068e-27 4.87712e-26 9.74848e-20 2.38972e-14 7.08118e-10 2.53636e-06 0.00109815 0.057473 0.36359 0.278283 0.0410001 0.116563 0.107107 0.0173084 0.0125132 0.00381254 0.000943313 0.000247804 4.96677e-05 7.64645e-06 8.36708e-07 5.75231e-08 2.25031e-09 3.82744e-11
 2.57051e-27 2.60769e-27 4.9566e-26 9.91615e-20 2.43083e-14 7.20297e-10 2.57998e-06 0.00111703 0.0584615 0.369844 0.283054 0.0407407 0.111236 0.102198 0.0165388 0.0119938 0.00364936 0.000892696 0.000225423 4.04262e-05 6.06177e-06 6.59247e-07 4.33626e-08 1.53362e-09 2.45241e-11
 2.57064e-27 2.60805e-27 4.98689e-26 9.98006e-20 2.44649e-14 7.24939e-10 2.59661e-06 0.00112423 0.0588383 0.372227 0.284874 0.0407733 0.110205 0.101217 0.0158379 0.0106414 0.0032318 0.000788353 0.000198386 3.48158e-05 4.80335e-06 4.85535e-07 3.13983e-08 1.06213e-09 1.54863e-11
 2.57035e-27 2.60724e-27 4.91535e-26 9.82913e-20 2.40949e-14 7.13976e-10 2.55734e-06 0.00110723 0.0579485 0.366598 0.280579 0.0409709 0.114727 0.105395 0.016683 0.0115148 0.00346084 0.000780528 0.00019383 3.39124e-05 4.61701e-06 4.3834e-07 2.59506e-08 8.48318e-10 1.18016e-11
 2.56994e-27 2.60616e-27 4.82035e-26 9.62873e-20 2.36037e-14 6.99419e-10 2.5052e-06 0.00108466 0.056767 0.359123 0.274875 0.0411932 0.120426 0.110669 0.0178769 0.012911 0.00390051 0.000906928 0.000221777 3.62562e-05 4.86499e-06 4.56658e-07 2.56137e-08 7.67859e-10 1.01808e-11
 2.57007e-27 2.60651e-27 4.85067e-26 9.69269e-20 2.37604e-14 7.04065e-10 2.52184e-06 0.00109186 0.0571441 0.361509 0.276696 0.0411431 0.118765 0.109126 0.0174104 0.0122368 0.00371415 0.000896287 0.000222159 3.70376e-05 4.7686e-06 4.27697e-07 2.36024e-08 6.72907e-10 8.22694e-12
 2.57098e-27 2.60898e-27 5.07005e-26 1.01555e-19 2.48949e-14 7.37681e-10 2.64225e-06 0.00114399 0.0598725 0.37877 0.289865 0.0404581 0.1043 0.0957846 0.0151746 0.0104951 0.00317045 0.000741892 0.000184784 3.18771e-05 4.18736e-06 3.70471e-07 1.94226e-08 5.38601e-10 6.27437e-12
#obs surv len freq
 1.64118e-41 2.27785e-33 3.82156e-26 7.75005e-20 1.89983e-14 5.62956e-10 2.01642e-06 0.000873038 0.0456914 0.289057 0.221462 0.0442541 0.164214 0.139576 0.0432386 0.0351177 0.0115469 0.00397958 0.000867733 0.00011408 6.55078e-06 1.1797e-07 4.94764e-10 3.89859e-13 5.01184e-17
 1.90164e-41 2.63935e-33 4.42806e-26 8.98002e-20 2.20135e-14 6.52299e-10 2.33643e-06 0.00101159 0.0529427 0.334931 0.256503 0.044032 0.132401 0.106533 0.0340356 0.0260435 0.00828514 0.00267562 0.000537777 6.20112e-05 2.96213e-06 4.20459e-08 1.33028e-10 7.66962e-14 7.07897e-18
 1.9305e-41 2.67941e-33 4.49527e-26 9.11632e-20 2.23476e-14 6.62199e-10 2.37189e-06 0.00102695 0.0537463 0.340015 0.260468 0.0470653 0.140737 0.105883 0.0267868 0.0170833 0.0052746 0.00158897 0.000291715 2.92842e-05 1.15172e-06 1.27855e-08 3.04581e-11 1.28818e-14 8.57299e-19
 1.95832e-41 2.71802e-33 4.56004e-26 9.24767e-20 2.26696e-14 6.71741e-10 2.40607e-06 0.00104174 0.0545207 0.344914 0.264275 0.0488006 0.139789 0.0991383 0.0267339 0.0158739 0.00379563 0.000944102 0.000156925 1.35772e-05 4.3574e-07 3.75564e-09 6.70663e-12 2.07928e-15 9.99884e-20
 1.76311e-41 2.44708e-33 4.10549e-26 8.32585e-20 2.04098e-14 6.04781e-10 2.16623e-06 0.000937901 0.049086 0.310534 0.238212 0.054875 0.175901 0.117067 0.0312862 0.017136 0.00401832 0.000832855 0.000103766 7.39313e-06 1.91606e-07 1.27376e-09 1.69802e-12 3.84998e-16 1.33705e-20
 1.45339e-41 2.0172e-33 3.38428e-26 6.86324e-20 1.68244e-14 4.98539e-10 1.78568e-06 0.00077314 0.0404631 0.255984 0.196832 0.0625058 0.220871 0.140051 0.0488585 0.0265947 0.00584297 0.00110299 0.000113857 5.86557e-06 1.14484e-07 5.79092e-10 5.73871e-13 9.49507e-17 2.37851e-21
 2.08866e-41 2.89892e-33 4.86353e-26 9.86315e-20 2.41784e-14 7.16449e-10 2.5662e-06 0.00111108 0.0581494 0.367871 0.281949 0.050296 0.112437 0.0691171 0.0342461 0.0189414 0.00489785 0.00089753 8.04763e-05 3.23012e-06 4.41633e-08 1.58383e-10 1.14111e-13 1.37084e-17 2.47329e-22
 1.98814e-41 2.75941e-33 4.62948e-26 9.38849e-20 2.30148e-14 6.8197e-10 2.44271e-06 0.00105761 0.0553509 0.350169 0.268777 0.0601658 0.151515 0.08158 0.0190599 0.00879438 0.00289454 0.000579793 5.20537e-05 1.7385e-06 1.76034e-08 4.33471e-11 2.13714e-14 1.80012e-18 2.30901e-23
 2.02023e-41 2.80394e-33 4.7042e-26 9.54002e-20 2.33862e-14 6.92977e-10 2.48213e-06 0.00107468 0.0562443 0.355821 0.273219 0.0617593 0.144752 0.0742394 0.0225077 0.00857901 0.00148838 0.000283424 2.79108e-05 8.81106e-07 7.20806e-09 1.28688e-11 4.34812e-15 2.47243e-19 2.16447e-24
 1.72995e-41 2.40106e-33 4.02828e-26 8.16926e-20 2.0026e-14 5.93406e-10 2.12548e-06 0.000920262 0.0481628 0.304699 0.23482 0.0762054 0.199069 0.0952448 0.0284511 0.0103021 0.00188064 0.000226678 1.65005e-05 5.0639e-07 3.70356e-09 5.25025e-12 1.29376e-15 5.11321e-20 3.04339e-25
 2.0183e-41 2.80127e-33 4.69971e-26 9.53092e-20 2.33639e-14 6.92316e-10 2.47976e-06 0.00107365 0.0561907 0.355484 0.273344 0.0667503 0.139687 0.0664147 0.0290407 0.0100741 0.00173396 0.000193825 9.9187e-06 2.08822e-07 1.28876e-09 1.54786e-12 3.01636e-16 8.86893e-21 3.76577e-26
 1.84487e-41 2.56056e-33 4.29588e-26 8.71195e-20 2.13563e-14 6.32827e-10 2.26668e-06 0.000981395 0.0513623 0.324943 0.2508 0.0817776 0.18078 0.0758573 0.0235116 0.00807727 0.00171874 0.000179796 7.84786e-06 1.1663e-07 4.79315e-10 4.32548e-13 6.71173e-17 1.54902e-21 4.98943e-27
 1.92961e-41 2.67818e-33 4.4932e-26 9.11211e-20 2.23373e-14 6.61894e-10 2.3708e-06 0.00102647 0.0537215 0.33987 0.26234 0.0807806 0.160107 0.0667347 0.0265181 0.00751589 0.00124129 0.000136639 5.72995e-06 6.86825e-08 1.99188e-10 1.18796e-13 1.27356e-17 2.16419e-22 5.28607e-28
 1.62247e-41 2.25188e-33 3.77799e-26 7.66169e-20 1.87817e-14 5.56537e-10 1.99343e-06 0.000863085 0.0451704 0.285783 0.222503 0.10447 0.217151 0.0835887 0.0302666 0.0086155 0.00145705 0.000124753 4.66438e-06 5.04972e-08 1.16273e-10 4.96864e-14 3.59003e-18 4.07053e-23 6.81884e-29
 1.48718e-41 2.06411e-33 3.46298e-26 7.02285e-20 1.72157e-14 5.10132e-10 1.82721e-06 0.000791119 0.0414041 0.261964 0.205206 0.113195 0.223876 0.0935658 0.0461352 0.0118676 0.00184078 0.000148922 4.47183e-06 3.8958e-08 7.48195e-11 2.52773e-14 1.34627e-18 1.0688e-23 1.2164e-29
 1.71052e-41 2.37409e-33 3.98302e-26 8.07749e-20 1.9801e-14 5.86741e-10 2.10161e-06 0.000909924 0.0476218 0.301301 0.235046 0.103289 0.177712 0.077118 0.0422025 0.0125152 0.002127 0.000151217 3.90992e-06 2.68925e-08 3.92849e-11 1.03144e-14 4.26441e-19 2.55372e-24 2.11795e-30
 1.68916e-41 2.34445e-33 3.9333e-26 7.97665e-20 1.95538e-14 5.79415e-10 2.07537e-06 0.000898564 0.0470273 0.297554 0.233592 0.118252 0.191037 0.0699393 0.030449 0.00935711 0.00175862 0.000130934 2.95159e-06 1.63591e-08 1.83709e-11 3.57623e-15 1.0933e-19 4.89163e-25 3.03917e-31
 1.70406e-41 2.36512e-33 3.96798e-26 8.04698e-20 1.97262e-14 5.84524e-10 2.09367e-06 0.000906486 0.0474419 0.300189 0.236589 0.123844 0.184372 0.0688268 0.0294695 0.00707624 0.00118964 9.07177e-05 1.96879e-06 9.2649e-09 8.12507e-12 1.19141e-15 2.67999e-20 8.69977e-26 3.91224e-32
 1.65684e-41 2.29958e-33 3.85803e-26 7.82401e-20 1.91796e-14 5.68328e-10 2.03566e-06 0.000881369 0.0461274 0.291895 0.231898 0.13561 0.188439 0.069038 0.0285808 0.00656892 0.000902106 5.68915e-05 1.12965e-06 4.73677e-09 3.43499e-12 3.90696e-16 6.57063e-21 1.56504e-26 5.10426e-33
 1.74998e-41 2.42885e-33 4.0749e-26 8.26381e-20 2.02578e-14 6.00275e-10 2.15009e-06 0.000930913 0.0487204 0.308314 0.245099 0.133747 0.168055 0.0631705 0.0256855 0.00555586 0.000684698 3.44695e-05 5.35993e-07 1.86359e-09 1.12692e-12 1.03545e-16 1.35369e-21 2.42848e-27 5.83939e-34
 1.71765e-41 2.38398e-33 3.99962e-26 8.11116e-20 1.98835e-14 5.89186e-10 2.11037e-06 0.000913716 0.0478205 0.302656 0.243067 0.147675 0.172055 0.0591257 0.021635 0.00452419 0.000504363 2.12488e-05 2.53212e-07 6.58879e-10 3.06721e-13 2.21382e-17 2.26994e-22 3.14928e-28 5.75294e-35
 1.72205e-41 2.39009e-33 4.00987e-26 8.13193e-20 1.99345e-14 5.90695e-10 2.11577e-06 0.000916057 0.047943 0.303468 0.245476 0.153343 0.165236 0.0591045 0.0204211 0.00371123 0.000366597 1.31559e-05 1.23729e-07 2.39706e-10 8.1134e-14 4.28889e-18 3.27523e-23 3.42454e-29 4.73192e-36
 1.71627e-41 2.38207e-33 3.99641e-26 8.10465e-20 1.98676e-14 5.88713e-10 2.10867e-06 0.000912983 0.0477822 0.302501 0.247082 0.161549 0.160947 0.0569718 0.0187529 0.00322306 0.000268878 7.90898e-06 5.93402e-08 8.75668e-11 2.17576e-14 8.26983e-19 4.51501e-24 3.39043e-30 3.39414e-37
 1.74284e-41 2.41895e-33 4.05829e-26 8.23013e-20 2.01752e-14 5.97828e-10 2.14132e-06 0.000927118 0.0485222 0.307238 0.252857 0.165781 0.152082 0.0534001 0.0163789 0.00261417 0.000191978 4.56342e-06 2.6474e-08 2.97316e-11 5.50873e-15 1.52939e-19 6.0053e-25 3.21271e-31 2.28191e-38
 1.69135e-41 2.34748e-33 3.93839e-26 7.98697e-20 1.95791e-14 5.80165e-10 2.07806e-06 0.000899727 0.0470889 0.298269 0.250021 0.180552 0.154302 0.0519839 0.0146146 0.00212774 0.000135716 2.6537e-06 1.1908e-08 9.98633e-12 1.36561e-15 2.78002e-20 7.94057e-26 3.06391e-32 1.55795e-39
 1.60237e-41 2.22399e-33 3.7312e-26 7.56679e-20 1.85491e-14 5.49644e-10 1.96873e-06 0.000852394 0.0446121 0.282733 0.243042 0.196512 0.159641 0.0559786 0.0146324 0.00188996 0.000102637 1.63457e-06 5.72297e-09 3.61035e-12 3.62388e-16 5.35249e-21 1.10471e-26 3.07437e-33 1.12509e-40
 1.59023e-41 2.20714e-33 3.70293e-26 7.50948e-20 1.84086e-14 5.4548e-10 1.95382e-06 0.000845938 0.0442746 0.280724 0.244915 0.200061 0.154609 0.057948 0.0147774 0.00176084 8.01649e-05 1.02013e-06 2.76396e-09 1.31596e-12 9.77411e-17 1.05222e-21 1.56671e-27 3.12723e-34 8.18675e-42
 1.63874e-41 2.27446e-33 3.81587e-26 7.73851e-20 1.897e-14 5.62117e-10 2.01341e-06 0.000871739 0.0456255 0.289408 0.254483 0.19932 0.14306 0.0526115 0.0130689 0.00148945 5.86882e-05 5.95569e-07 1.2324e-09 4.3922e-13 2.41075e-17 1.89891e-22 2.05207e-28 2.95311e-35 5.54468e-43
 1.63883e-41 2.27459e-33 3.8161e-26 7.73897e-20 1.89712e-14 5.6215e-10 2.01353e-06 0.000871791 0.0456282 0.289425 0.254506 0.199703 0.144473 0.0518999 0.0121759 0.00126977 4.41071e-05 3.82227e-07 6.59951e-10 1.93315e-13 8.63948e-18 5.50791e-23 4.79822e-29 5.55079e-36 8.36083e-44
#pred catch len freq
 2.56503e-27 2.59343e-27 3.77511e-26 7.42403e-20 1.81991e-14 5.39272e-10 1.93158e-06 0.000836301 0.043769 0.276895 0.212022 0.0371366 0.13371 0.123646 0.0326902 0.0438964 0.0205066 0.018043 0.0122432 0.0101201 0.008523 0.00781916 0.00825823 0.00755295 0.00233051
 2.56681e-27 2.59788e-27 4.11411e-26 8.13896e-20 1.99517e-14 5.91204e-10 2.11759e-06 0.000916837 0.0479839 0.30356 0.232444 0.0409959 0.148734 0.137091 0.0278552 0.0291703 0.0111917 0.00685782 0.00376795 0.00260909 0.00190779 0.00155531 0.00149347 0.00138989 0.000472674
 2.56832e-27 2.6019e-27 4.45787e-26 8.86411e-20 2.17293e-14 6.43878e-10 2.30626e-06 0.000998523 0.0522591 0.330605 0.253097 0.0410317 0.134498 0.123886 0.0243806 0.0244725 0.00826123 0.00339828 0.00135473 0.000659673 0.000373348 0.000253359 0.000211251 0.000189821 6.7422e-05
 2.56875e-27 2.60305e-27 4.55581e-26 9.0707e-20 2.22357e-14 6.58885e-10 2.36001e-06 0.0010218 0.0534771 0.338311 0.258981 0.0410714 0.130666 0.120298 0.0228236 0.0218135 0.00728298 0.00283858 0.000907985 0.000285229 0.000101625 4.90029e-05 3.2481e-05 2.64234e-05 9.4253e-06
 2.56804e-27 2.60109e-27 4.38016e-26 8.70014e-20 2.13273e-14 6.31967e-10 2.2636e-06 0.000980052 0.0512924 0.32449 0.248439 0.0417774 0.143445 0.132056 0.0242841 0.0221772 0.00727925 0.00264825 0.000823945 0.000227713 5.17773e-05 1.39521e-05 5.96918e-06 3.95639e-06 1.36147e-06
 2.56606e-27 2.59574e-27 3.91152e-26 7.71151e-20 1.89038e-14 5.60155e-10 2.00638e-06 0.000868686 0.0454639 0.287617 0.2203 0.042802 0.171012 0.157583 0.0304035 0.029712 0.00963146 0.00329372 0.000989378 0.000256524 5.24258e-05 8.96419e-06 1.8262e-06 7.75768e-07 2.41805e-07
 2.56755e-27 2.59986e-27 4.28257e-26 8.49431e-20 2.08228e-14 6.17016e-10 2.21005e-06 0.000956867 0.0500789 0.316813 0.242567 0.0411351 0.142683 0.131563 0.0280091 0.0308152 0.0101802 0.00375551 0.00110938 0.000270616 5.18778e-05 7.77418e-06 8.90063e-07 1.58616e-07 3.81176e-08
 2.56969e-27 2.60559e-27 4.78133e-26 9.54645e-20 2.3402e-14 6.93442e-10 2.48379e-06 0.00107539 0.0562819 0.356055 0.272519 0.0403863 0.115941 0.106709 0.0203898 0.0196932 0.00678524 0.00296124 0.000915384 0.000235623 4.32252e-05 6.0056e-06 5.62575e-07 4.23688e-08 5.14702e-09
 2.56927e-27 2.60435e-27 4.66344e-26 9.29773e-20 2.27923e-14 6.75375e-10 2.41908e-06 0.00104737 0.0548155 0.346778 0.265452 0.0414163 0.128744 0.118382 0.0199067 0.0156245 0.00511928 0.00187351 0.000614607 0.00018255 3.57049e-05 4.91945e-06 4.20721e-07 2.16785e-08 9.64339e-10
 2.56843e-27 2.6021e-27 4.46779e-26 8.88499e-20 2.17805e-14 6.45395e-10 2.3117e-06 0.00100088 0.0523822 0.331384 0.253702 0.0416993 0.139153 0.12807 0.0231297 0.0205239 0.00641166 0.00182396 0.000537182 0.000142527 3.13938e-05 4.78278e-06 4.12457e-07 1.87188e-08 4.43913e-10
 2.5689e-27 2.60341e-27 4.58511e-26 9.1325e-20 2.23872e-14 6.63373e-10 2.37609e-06 0.00102876 0.0538414 0.340616 0.260743 0.0412009 0.130413 0.120033 0.0222104 0.020462 0.00656885 0.00214318 0.000586305 0.000122806 2.342e-05 3.70578e-06 3.58714e-07 1.64571e-08 3.18246e-10
 2.56944e-27 2.60486e-27 4.71092e-26 9.39789e-20 2.30378e-14 6.82651e-10 2.44514e-06 0.00105865 0.0554061 0.350514 0.268299 0.0410478 0.12394 0.114006 0.0201714 0.0173283 0.00560839 0.00191679 0.000552555 0.000125949 2.01365e-05 2.60458e-06 2.5006e-07 1.26838e-08 2.45017e-10
 2.56921e-27 2.60418e-27 4.64689e-26 9.26281e-20 2.27067e-14 6.72839e-10 2.41e-06 0.00104344 0.0546097 0.345476 0.26446 0.0415356 0.13035 0.119857 0.0200549 0.0155801 0.00493349 0.0015279 0.000442898 0.000106379 1.84237e-05 2.19724e-06 1.69701e-07 8.3353e-09 1.73775e-10
 2.56862e-27 2.60261e-27 4.51072e-26 8.97556e-20 2.20025e-14 6.51973e-10 2.33526e-06 0.00101108 0.0529162 0.334762 0.256282 0.0417513 0.137736 0.126723 0.0221714 0.0186743 0.00580399 0.00160455 0.000442465 9.85634e-05 1.75862e-05 2.24977e-06 1.66003e-07 6.71556e-09 1.33964e-10
 2.56714e-27 2.59859e-27 4.15597e-26 8.22717e-20 2.01679e-14 5.97611e-10 2.14054e-06 0.000926774 0.048504 0.30685 0.234984 0.0427359 0.160192 0.147459 0.026075 0.0223665 0.00706431 0.00213146 0.000572755 0.000114603 1.89022e-05 2.38671e-06 1.86785e-07 7.24886e-09 1.22907e-10
 2.56754e-27 2.59973e-27 4.26222e-26 8.45134e-20 2.07174e-14 6.13895e-10 2.19887e-06 0.000952026 0.0498256 0.315211 0.241356 0.041956 0.14978 0.137956 0.0263116 0.0253032 0.00802894 0.00246409 0.000682541 0.000145209 2.23051e-05 2.54382e-06 1.92379e-07 7.76352e-09 1.2598e-10
 2.56831e-27 2.6018e-27 4.44299e-26 8.83269e-20 2.16523e-14 6.41596e-10 2.29809e-06 0.000994984 0.0520739 0.329434 0.252211 0.0416177 0.13958 0.128487 0.0236165 0.0215499 0.00704228 0.00250062 0.000707763 0.000154127 2.49488e-05 2.79656e-06 1.90361e-07 7.3461e-09 1.21517e-10
 2.56857e-27 2.6025e-27 4.50355e-26 8.96043e-20 2.19654e-14 6.50874e-10 2.33132e-06 0.00100937 0.052827 0.334198 0.255849 0.0415743 0.136694 0.125796 0.0226355 0.019982 0.00644217 0.00216134 0.000641882 0.00015795 2.63983e-05 3.0878e-06 2.10607e-07 7.42215e-09 1.16837e-10
 2.5687e-27 2.6028e-27 4.5259e-26 9.00758e-20 2.2081e-14 6.54299e-10 2.34359e-06 0.00101469 0.053105 0.335957 0.257196 0.0418373 0.137748 0.126697 0.0214925 0.0171398 0.00545048 0.00172066 0.000496039 0.000118493 2.18222e-05 2.75844e-06 1.96176e-07 6.93671e-09 1.01359e-10
 2.56882e-27 2.60313e-27 4.55513e-26 9.06923e-20 2.22321e-14 6.58777e-10 2.35963e-06 0.00102163 0.0534684 0.338256 0.25895 0.0417308 0.135706 0.124823 0.0213511 0.0172815 0.00537697 0.00150242 0.000417458 9.41231e-05 1.6697e-05 2.22102e-06 1.73876e-07 6.45394e-09 9.4442e-11
 2.56962e-27 2.60531e-27 4.74784e-26 9.47576e-20 2.32287e-14 6.88307e-10 2.4654e-06 0.00106742 0.0558652 0.353418 0.270518 0.0411613 0.123244 0.113322 0.0192843 0.0154631 0.00482637 0.00137201 0.000367023 7.41816e-05 1.23817e-05 1.56918e-06 1.26615e-07 5.14551e-09 7.94108e-11
 2.56958e-27 2.60518e-27 4.73387e-26 9.4463e-20 2.31565e-14 6.86167e-10 2.45774e-06 0.00106411 0.0556915 0.352319 0.269684 0.0414491 0.126021 0.115827 0.018696 0.0134885 0.00419195 0.00117535 0.000315625 6.38939e-05 9.81309e-06 1.13309e-06 8.65304e-08 3.59539e-09 6.0076e-11
 2.56957e-27 2.60515e-27 4.73011e-26 9.43835e-20 2.3137e-14 6.8559e-10 2.45567e-06 0.00106321 0.0556446 0.352023 0.269458 0.0414962 0.126538 0.116299 0.0187005 0.0133742 0.00407182 0.00100374 0.000263472 5.27753e-05 8.12349e-06 8.88844e-07 6.11062e-08 2.39047e-09 4.06582e-11
 2.56998e-27 2.60625e-27 4.82822e-26 9.64532e-20 2.36443e-14 7.00624e-10 2.50952e-06 0.00108653 0.0568648 0.359742 0.275347 0.041177 0.119971 0.110246 0.0177456 0.0127199 0.0038673 0.000942448 0.000237801 4.2619e-05 6.38938e-06 6.94825e-07 4.57019e-08 1.61634e-09 2.5847e-11
 2.57005e-27 2.60644e-27 4.84318e-26 9.67689e-20 2.37217e-14 7.02917e-10 2.51773e-06 0.00109008 0.0570509 0.36092 0.276248 0.0412664 0.120018 0.110258 0.017174 0.0114128 0.00346342 0.000841744 0.00021166 3.7122e-05 5.12058e-06 5.17562e-07 3.34687e-08 1.13216e-09 1.65073e-11
 2.56972e-27 2.60555e-27 4.76436e-26 9.5106e-20 2.33141e-14 6.90838e-10 2.47447e-06 0.00107135 0.0560706 0.354718 0.271516 0.0414856 0.125011 0.114871 0.0180995 0.0123597 0.00371219 0.000834153 0.000206978 3.61902e-05 4.92621e-06 4.67659e-07 2.76858e-08 9.05036e-10 1.25907e-11
 2.56945e-27 2.6048e-27 4.69911e-26 9.37296e-20 2.29767e-14 6.8084e-10 2.43866e-06 0.00105584 0.0552591 0.349584 0.267598 0.0416105 0.128714 0.118305 0.0190019 0.0135543 0.00409173 0.000947754 0.000231574 3.78334e-05 5.07564e-06 4.76394e-07 2.67201e-08 8.01021e-10 1.06205e-11
 2.56958e-27 2.60517e-27 4.73142e-26 9.44111e-20 2.31437e-14 6.85791e-10 2.45639e-06 0.00106352 0.0556609 0.352126 0.269538 0.0415561 0.126937 0.116654 0.0185083 0.0128455 0.0038958 0.000936526 0.00023195 3.86453e-05 4.97465e-06 4.46141e-07 2.46197e-08 7.01906e-10 8.58146e-12
 2.56813e-27 2.60121e-27 4.38026e-26 8.7003e-20 2.13277e-14 6.31979e-10 2.26364e-06 0.000980071 0.0512934 0.324496 0.248457 0.0426456 0.150039 0.137965 0.0221417 0.0157665 0.00476544 0.00111492 0.000277652 4.78787e-05 6.2885e-06 5.56328e-07 2.91659e-08 8.08784e-10 9.42183e-12
#obs catch len freq
 1.62663e-41 2.25766e-33 3.78769e-26 7.68136e-20 1.88299e-14 5.57966e-10 1.99854e-06 0.0008653 0.0452864 0.286495 0.219506 0.0442697 0.165567 0.140775 0.0440262 0.0359603 0.0119725 0.00419982 0.000940738 0.000127207 7.53278e-06 1.40447e-07 6.1196e-10 5.00761e-13 6.66083e-17
 1.64752e-41 2.28664e-33 3.83632e-26 7.77998e-20 1.90717e-14 5.6513e-10 2.0242e-06 0.00087641 0.0458678 0.290173 0.222378 0.0463436 0.167907 0.135183 0.0431526 0.033073 0.0107068 0.00352108 0.000725031 8.61598e-05 4.24551e-06 6.20951e-08 2.02458e-10 1.20319e-13 1.14366e-17
 1.91545e-41 2.65852e-33 4.46022e-26 9.04523e-20 2.21733e-14 6.57036e-10 2.3534e-06 0.00101894 0.0533272 0.337364 0.258419 0.0457801 0.134057 0.101932 0.0336053 0.0241329 0.00755923 0.00231813 0.00043717 4.51641e-05 1.83281e-06 2.09483e-08 5.12184e-11 2.21926e-14 1.51165e-18
 1.94774e-41 2.70333e-33 4.5354e-26 9.1977e-20 2.25471e-14 6.68111e-10 2.39307e-06 0.00103611 0.0542261 0.343051 0.262856 0.0489892 0.141614 0.100263 0.0259646 0.0156388 0.00475356 0.00135253 0.000231431 2.06234e-05 6.8226e-07 6.05031e-09 1.10777e-11 3.50927e-15 1.72026e-19
 1.98191e-41 2.75076e-33 4.61498e-26 9.35908e-20 2.29427e-14 6.79834e-10 2.43505e-06 0.00105429 0.0551776 0.34907 0.267526 0.0507508 0.139399 0.0928758 0.0256903 0.0142192 0.00331792 0.000786249 0.000120982 9.20507e-06 2.46106e-07 1.68175e-09 2.29665e-12 5.31665e-16 1.8797e-20
 1.7943e-41 2.49037e-33 4.17811e-26 8.47312e-20 2.07709e-14 6.15479e-10 2.20454e-06 0.000954491 0.0499543 0.316027 0.242522 0.057465 0.174742 0.10904 0.0298666 0.0152054 0.00346721 0.000670959 7.75942e-05 4.84434e-06 1.03644e-07 5.42418e-10 5.50391e-13 9.29096e-17 2.36801e-21
 1.4928e-41 2.0719e-33 3.47604e-26 7.04935e-20 1.72807e-14 5.12057e-10 1.83411e-06 0.000794104 0.0415603 0.262926 0.202304 0.0660855 0.219373 0.130672 0.0469043 0.0234245 0.00499397 0.000874479 8.21627e-05 3.69281e-06 5.94056e-08 2.35248e-10 1.76691e-13 2.17064e-17 3.98375e-22
 2.12375e-41 2.94762e-33 4.94525e-26 1.00289e-19 2.45846e-14 7.28486e-10 2.60932e-06 0.00112974 0.0591263 0.374052 0.286762 0.0519965 0.109584 0.063674 0.0324033 0.0164142 0.00411042 0.000687181 5.54866e-05 1.9117e-06 2.14249e-08 6.01153e-11 3.27462e-14 2.91393e-18 3.84565e-23
 2.02808e-41 2.81484e-33 4.72247e-26 9.57709e-20 2.34771e-14 6.95669e-10 2.49177e-06 0.00107885 0.0564628 0.357204 0.274292 0.0623874 0.146788 0.0736807 0.0175351 0.00766282 0.00242893 0.000440934 3.49324e-05 9.86264e-07 8.09342e-09 1.55308e-11 5.78734e-15 3.60751e-19 3.38036e-24
 2.0623e-41 2.86234e-33 4.80216e-26 9.73869e-20 2.38733e-14 7.07408e-10 2.53382e-06 0.00109706 0.0574156 0.363232 0.279035 0.0638936 0.139299 0.0668491 0.0205917 0.00713966 0.00121138 0.000215358 1.84102e-05 4.82295e-07 3.15222e-09 4.35454e-12 1.1095e-15 4.66826e-20 2.98469e-25
 1.78215e-41 2.47351e-33 4.14982e-26 8.41576e-20 2.06302e-14 6.11312e-10 2.18962e-06 0.00094803 0.0496161 0.313894 0.242105 0.0794718 0.191846 0.0858729 0.0259636 0.00860976 0.0014947 0.000164529 1.07538e-05 2.71632e-07 1.56344e-09 1.69809e-12 3.14139e-16 9.17671e-21 3.99046e-26
 2.06602e-41 2.8675e-33 4.81082e-26 9.75625e-20 2.39163e-14 7.08683e-10 2.53839e-06 0.00109903 0.0575191 0.36389 0.279966 0.0688525 0.132915 0.0598125 0.026197 0.00825559 0.00134935 0.000135439 6.06572e-06 1.06893e-07 5.18944e-10 4.73273e-13 6.88054e-17 1.49109e-21 4.6232e-27
 1.90007e-41 2.63717e-33 4.42441e-26 8.97261e-20 2.19953e-14 6.51761e-10 2.3345e-06 0.00101076 0.0528991 0.334668 0.258541 0.0845907 0.171602 0.0675199 0.0210008 0.00670859 0.00132859 0.000123244 4.62837e-06 5.66067e-08 1.83929e-10 1.26268e-13 1.45567e-17 2.46637e-22 5.78927e-28
 1.98461e-41 2.75451e-33 4.62125e-26 9.37181e-20 2.29739e-14 6.80758e-10 2.43837e-06 0.00105573 0.0552526 0.349559 0.270059 0.0831554 0.150852 0.0595991 0.0233753 0.00604605 0.000947622 9.25498e-05 3.26642e-06 3.17441e-08 7.20634e-11 3.26902e-14 2.60635e-18 3.245e-23 5.75882e-29
 1.68693e-41 2.34135e-33 3.9281e-26 7.96611e-20 1.9528e-14 5.7865e-10 2.07263e-06 0.000897377 0.0469652 0.297143 0.231724 0.108245 0.205336 0.0748315 0.0266704 0.00700812 0.0010915 8.29254e-05 2.62099e-06 2.26697e-08 4.03926e-11 1.30546e-14 7.00711e-19 5.82302e-24 7.08043e-30
 1.55518e-41 2.15848e-33 3.6213e-26 7.34393e-20 1.80028e-14 5.33455e-10 1.91075e-06 0.000827289 0.043297 0.273947 0.215048 0.117589 0.212143 0.0856036 0.0405045 0.00956838 0.00137066 9.68829e-05 2.43257e-06 1.69446e-08 2.50113e-11 6.34607e-15 2.50228e-19 1.45514e-24 1.20308e-30
 1.77861e-41 2.46859e-33 4.14157e-26 8.39903e-20 2.05892e-14 6.10097e-10 2.18527e-06 0.000946145 0.0495175 0.313301 0.244813 0.106187 0.166393 0.0704268 0.0366716 0.0101041 0.00154103 9.51557e-05 2.03594e-06 1.10887e-08 1.24211e-11 2.44203e-15 7.44702e-20 3.2592e-25 1.96281e-31
 1.7579e-41 2.43985e-33 4.09336e-26 8.30124e-20 2.03495e-14 6.02994e-10 2.15983e-06 0.00093513 0.048941 0.309671 0.243608 0.121121 0.177737 0.0627829 0.0262771 0.00757066 0.00127198 8.06568e-05 1.48309e-06 6.46054e-09 5.52895e-12 8.03543e-16 1.80838e-20 5.89979e-26 2.65636e-32
 1.77337e-41 2.46133e-33 4.12938e-26 8.37431e-20 2.05286e-14 6.08301e-10 2.17883e-06 0.00094336 0.0493718 0.312412 0.24678 0.126356 0.170821 0.0618757 0.0249312 0.00559755 0.000853492 5.50812e-05 9.5985e-07 3.50601e-09 2.329e-12 2.54034e-16 4.19716e-21 9.92115e-27 3.22884e-33
 1.72813e-41 2.39854e-33 4.02404e-26 8.16067e-20 2.00049e-14 5.92783e-10 2.12325e-06 0.000919294 0.0481123 0.30447 0.24254 0.138018 0.174131 0.0620036 0.0240267 0.00511324 0.000628441 3.37997e-05 5.36294e-07 1.7271e-09 9.40841e-13 7.92315e-17 9.76316e-22 1.69082e-27 3.98731e-34
 1.82036e-41 2.52653e-33 4.23878e-26 8.59616e-20 2.10725e-14 6.24416e-10 2.23656e-06 0.000968353 0.0506799 0.320731 0.255621 0.135201 0.154256 0.056498 0.0213068 0.00425314 0.000462831 1.96442e-05 2.44314e-07 6.50552e-10 2.93756e-13 1.98814e-17 1.89818e-22 2.4716e-28 4.29332e-35
 1.78875e-41 2.48267e-33 4.16519e-26 8.44693e-20 2.07066e-14 6.13576e-10 2.19773e-06 0.000951541 0.0498001 0.315209 0.25391 0.148771 0.157299 0.052458 0.0178319 0.00342258 0.000333381 1.16911e-05 1.10522e-07 2.1989e-10 7.62965e-14 4.04284e-18 3.01721e-23 3.03074e-29 3.99357e-36
 1.79364e-41 2.48946e-33 4.17659e-26 8.47003e-20 2.07633e-14 6.15254e-10 2.20374e-06 0.000954143 0.0499364 0.316115 0.256522 0.153861 0.150723 0.0522993 0.0165833 0.00275887 0.000236847 6.99463e-06 5.17065e-08 7.6194e-11 1.91838e-14 7.43395e-19 4.12337e-24 3.11382e-30 3.09658e-37
 1.78852e-41 2.48235e-33 4.16465e-26 8.44583e-20 2.0704e-14 6.13496e-10 2.19744e-06 0.000951417 0.0497939 0.315274 0.258393 0.161426 0.146372 0.0501476 0.0151158 0.00235023 0.00016884 4.06257e-06 2.37776e-08 2.65384e-11 4.88956e-15 1.3603e-19 5.38883e-25 2.919e-31 2.09962e-38
 1.81478e-41 2.5188e-33 4.22581e-26 8.56986e-20 2.1008e-14 6.22505e-10 2.22971e-06 0.000965389 0.0505253 0.319968 0.264239 0.164822 0.137787 0.0466452 0.0130536 0.00187272 0.000117063 2.25426e-06 1.0151e-08 8.58614e-12 1.1759e-15 2.38504e-20 6.78884e-26 2.61858e-32 1.3358e-39
 1.76443e-41 2.44891e-33 4.10855e-26 8.33206e-20 2.04251e-14 6.05232e-10 2.16784e-06 0.000938601 0.0491237 0.311219 0.261884 0.179001 0.139589 0.0451212 0.0115411 0.00149849 8.06589e-05 1.26527e-06 4.37731e-09 2.75495e-12 2.778e-16 4.12383e-21 8.52784e-27 2.37079e-33 8.65561e-41
 1.67736e-41 2.32806e-33 3.9058e-26 7.92089e-20 1.94171e-14 5.75365e-10 2.06086e-06 0.000892284 0.0467001 0.296047 0.255599 0.194635 0.14487 0.0484434 0.011442 0.00130799 5.94483e-05 7.53501e-07 2.02128e-09 9.53036e-13 7.03746e-17 7.56825e-22 1.12954e-27 2.26261e-34 5.94089e-42
 1.6659e-41 2.31216e-33 3.87913e-26 7.86679e-20 1.92845e-14 5.71435e-10 2.04679e-06 0.00088619 0.0463818 0.294184 0.257769 0.197602 0.140551 0.0499338 0.0114525 0.00119262 4.50208e-05 4.52786e-07 9.35021e-10 3.31511e-13 1.80705e-17 1.41437e-22 1.52149e-28 2.1845e-35 4.10061e-43
 1.70108e-41 2.36099e-33 3.96105e-26 8.03293e-20 1.96918e-14 5.83504e-10 2.09002e-06 0.000904906 0.0473612 0.300354 0.261376 0.192342 0.137039 0.0482323 0.0111887 0.00115866 4.00891e-05 3.46599e-07 5.97601e-10 1.749e-13 7.81205e-18 4.97845e-23 4.33573e-29 5.01467e-36 7.55203e-44
#spawning biomass
 8071.14 6902.04 7274.03 10826.4 15162.5 17449.6 16811.4 22095.5 32027.1 47271.2 61501.8 82121 99522.1 124898 123935 105386 97395 105571 96879.5 93968.5 98917.9 106527 108500 113802 118395 128129 132118 119405 118602 302818 429003 443337 408345 352353 293310 240527 197445 164245 139634 121886 109341 100602 94568.8 90408.8 87568.6 85685.2 84436.3 83608.2 83059.1 82694.9 82453.5 82293.4 82187.2 82116.8 82070.1 82039.2 82018.6 82005 81996 81990 81986.1 81983.4 81981.7 81980.5 81979.8 81979.2 81978.9 81978.7 81978.5 81978.4 81978.4 81978.3 81978.3 81978.3 81978.3 81978.3 81978.3 81978.2 81978.2 81978.2 81978.2 81978.2 81978.2 81978.2 81978.2 81978.2 81978.2 81978.2 81978.2 81978.2 81978.2 81978.2 81978.2 81978.2 81978.2 81978.2 81978.2 81978.2 81978.2 81978.2 81978.2 81978.2 81978.2 81978.2 81978.2 81978.2 81978.2 81978.2 81978.2 81978.2 81978.2 81978.2 81978.2 81978.2 81978.2 81978.2 81978.2 81978.2 81978.2 81978.2 81978.2 81978.2 81978.2 81978.2 81978.2 81978.2 81978.2 81978.2 81978.2 0 0 0 0 0 0 0 0 0 0 0 0 0 0 0 0 0 0 0 0 0 0 0 0 0
