SBPRF35
0.0628122
Curr Bio
352668
B35
192428
F35
30040.8
FOFL
30040.8
OFL
382828
Bzero
11184.6
#pred survey bio
 9000.98 11414.5 13910.8 17946.7 22731 26833.2 34272.5 36095.2 45206.1 61863.1 70723.4 82085.3 98805.1 100343 94945.2 88474.8 96042.9 90239.5 94079.3 83147.2 98593.1 121333 101778 98284.6 121106 102635 88018 88131.8 2.24325e+06 447863 159792 58677.8 34526.8 29008 27760.1 27480.4 27418.2 27404.5 27401.5 27400.8 27400.7 27400.6 27400.6 27400.6 27400.6 27400.6 27400.6 27400.6 27400.6 27400.6 27400.6 27400.6 27400.6 27400.6 27400.6 27400.6 27400.6 27400.6 27400.6 27400.6 27400.6 27400.6 27400.6 27400.6 27400.6 27400.6 27400.6 27400.6 27400.6 27400.6 27400.6 27400.6 27400.6 27400.6 27400.6 27400.6 27400.6 27400.6 27400.6 27400.6 27400.6 27400.6 27400.6 27400.6 27400.6 27400.6 27400.6 27400.6 27400.6 27400.6 27400.6 27400.6 27400.6 27400.6 27400.6 27400.6 27400.6 27400.6 27400.6 27400.6 27400.6 27400.6 27400.6 27400.6 27400.6 27400.6 27400.6 27400.6 27400.6 27400.6 27400.6 27400.6 27400.6 27400.6 27400.6 27400.6 27400.6 27400.6 27400.6 27400.6 27400.6 27400.6 27400.6 27400.6 27400.6 27400.6 27400.6 27400.6 0 0 0 0 0 0 0 0 0 0 0 0 0 0 0 0 0 0 0 0 0 0 0 0 0
#obs survey bio
 7494.28 13368.7 14859.1 20156.7 27357.6 24580.7 40194.2 31840.1 44993.3 62055.2 74072.1 77046.4 94145 92038.7 85487.1 69895.2 94611.4 85262.1 106121 63940.3 99650.7 116358 88839.6 92455.4 133293 128831 85328.7 83342.3
#pred catch bio
 5566.02 5868.04 6489.19 10580.6 13400.9 16963.5 22125.3 26514.7 29113.4 37820 52047.2 56976.9 76878.6 101249 109370 90346 88930.6 79146.6 94178.1 75816.1 79089 88044.2 83251.7 95024 120800 120483 105346 105860 382828 6604.51 6604.51 6604.51 6604.51 6604.51 6604.51 6604.51 6604.51 6604.51 6604.51 6604.51 6604.51 6604.51 6604.51 6604.51 6604.51 6604.51 6604.51 6604.51 6604.51 6604.51 6604.51 6604.51 6604.51 6604.51 6604.51 6604.51 6604.51 6604.51 6604.51 6604.51 6604.51 6604.51 6604.51 6604.51 6604.51 6604.51 6604.51 6604.51 6604.51 6604.51 6604.51 6604.51 6604.51 6604.51 6604.51 6604.51 6604.51 6604.51 6604.51 6604.51 6604.51 6604.51 6604.51 6604.51 6604.51 6604.51 6604.51 6604.51 6604.51 6604.51 6604.51 6604.51 6604.51 6604.51 6604.51 6604.51 6604.51 6604.51 6604.51 6604.51 6604.51 6604.51 6604.51 6604.51 6604.51 6604.51 6604.51 6604.51 6604.51 6604.51 6604.51 6604.51 6604.51 6604.51 6604.51 6604.51 6604.51 6604.51 6604.51 6604.51 6604.51 6604.51 6604.51 6604.51 6604.51 6604.51 6604.51 6604.51 0 0 0 0 0 0 0 0 0 0 0 0 0 0 0 0 0 0 0 0 0 0 0 0 0
#obs catch bio
 5775.73 5962.56 6508.49 10621.5 13552.3 17047.4 22297 26741.3 29276.6 37779.4 51909.4 57238.3 76413.1 101169 110068 91280.1 87832.6 78882 93097.8 75325 78420.6 86467.5 82475.1 94121.3 118634 118626 103524 106249
#pred cpue bio
 9107.41 11297.7 13380.1 17611.8 22300 26076.4 33373.2 35016.2 43158.4 57673.5 67234 77217.7 91757.5 96406.3 93521.7 85636.7 91803.6 85544.4 89207.9 78739.1 90776 111928 94124.8 89456.1 111283 96062.7 82920.6 82868.2 2.13541e+06 468997 162094 54631.2 30184.3 24655.3 23407.1 23127.3 23065.2 23051.5 23048.5 23047.8 23047.7 23047.6 23047.6 23047.6 23047.6 23047.6 23047.6 23047.6 23047.6 23047.6 23047.6 23047.6 23047.6 23047.6 23047.6 23047.6 23047.6 23047.6 23047.6 23047.6 23047.6 23047.6 23047.6 23047.6 23047.6 23047.6 23047.6 23047.6 23047.6 23047.6 23047.6 23047.6 23047.6 23047.6 23047.6 23047.6 23047.6 23047.6 23047.6 23047.6 23047.6 23047.6 23047.6 23047.6 23047.6 23047.6 23047.6 23047.6 23047.6 23047.6 23047.6 23047.6 23047.6 23047.6 23047.6 23047.6 23047.6 23047.6 23047.6 23047.6 23047.6 23047.6 23047.6 23047.6 23047.6 23047.6 23047.6 23047.6 23047.6 23047.6 23047.6 23047.6 23047.6 23047.6 23047.6 23047.6 23047.6 23047.6 23047.6 23047.6 23047.6 23047.6 23047.6 23047.6 23047.6 23047.6 23047.6 23047.6 0 0 0 0 0 0 0 0 0 0 0 0 0 0 0 0 0 0 0 0 0 0 0 0 0
#obs cpue bio
 6272.18 9577.11 11559.4 14043.3 16282 25243.7 26947.1 32427.6 38761.3 62326.5 63582.9 77132 113049 107680 89256.6 90888.6 112632 93253 98170.3 103274 105055 163034 121982 106778 143754 95342.8 107298 90423.7
#pred surv len freq
 2.55606e-27 2.56977e-27 1.7451e-26 3.14178e-20 7.7017e-15 2.28215e-10 8.17428e-07 0.000353915 0.0185226 0.11718 0.0900854 0.0383188 0.228376 0.211874 0.0639334 0.0932308 0.0399001 0.0303026 0.0180795 0.0133278 0.0101469 0.00853777 0.00834582 0.00727619 0.00220743
 2.56006e-27 2.58063e-27 2.69122e-26 5.13764e-20 1.25943e-14 3.73191e-10 1.33671e-06 0.000578744 0.0302894 0.191619 0.146899 0.0366147 0.175498 0.163742 0.0679338 0.113986 0.0387006 0.0160517 0.00701249 0.00386046 0.00237351 0.00169677 0.00145891 0.00126405 0.000419189
 2.56306e-27 2.58802e-27 3.27051e-26 6.35942e-20 1.55893e-14 4.6194e-10 1.65459e-06 0.000716375 0.0374925 0.237188 0.18177 0.0413813 0.187271 0.173192 0.0440428 0.057127 0.0215871 0.0121604 0.00382981 0.00115323 0.000467311 0.00025137 0.000176918 0.000142733 4.88463e-05
 2.56118e-27 2.5828e-27 2.7961e-26 5.35856e-20 1.31359e-14 3.89239e-10 1.39419e-06 0.000603631 0.0315919 0.199859 0.153303 0.043649 0.22453 0.207525 0.0493151 0.0603078 0.0194655 0.00650411 0.00230448 0.000773999 0.00016909 5.02906e-05 2.45798e-05 1.68259e-05 5.67136e-06
 2.56124e-27 2.58312e-27 2.83905e-26 5.44923e-20 1.33581e-14 3.95825e-10 1.41778e-06 0.000613844 0.0321264 0.203241 0.155862 0.0422491 0.212079 0.196375 0.0535121 0.0726567 0.0227391 0.0063128 0.00171638 0.000395135 9.64223e-05 1.73658e-05 3.95331e-06 1.88773e-06 5.9111e-07
 2.56216e-27 2.58554e-27 3.04476e-26 5.88315e-20 1.44218e-14 4.27344e-10 1.53068e-06 0.000662724 0.0346846 0.219425 0.168222 0.0423693 0.204309 0.189008 0.048621 0.0633906 0.0204634 0.00670354 0.00176004 0.00031815 5.17389e-05 8.26628e-06 1.0621e-06 2.21726e-07 5.66649e-08
 2.56197e-27 2.5849e-27 2.97678e-26 5.73969e-20 1.40702e-14 4.16924e-10 1.49335e-06 0.000646565 0.0338389 0.214074 0.164154 0.0434811 0.215628 0.199259 0.0469343 0.0569289 0.0179795 0.00529283 0.00144101 0.000293721 4.14078e-05 4.45512e-06 4.17434e-07 3.69396e-08 5.22059e-09
 2.56234e-27 2.58589e-27 3.06272e-26 5.92099e-20 1.45146e-14 4.30093e-10 1.54052e-06 0.000666987 0.0349077 0.220836 0.169315 0.0433261 0.210822 0.194825 0.0461612 0.0562495 0.0172738 0.00427668 0.0010974 0.000205982 3.13387e-05 3.23679e-06 2.06913e-07 1.03833e-08 5.6086e-10
 2.56374e-27 2.58957e-27 3.37822e-26 6.58653e-20 1.61461e-14 4.78437e-10 1.71368e-06 0.000741959 0.0388315 0.245659 0.188269 0.0432912 0.19724 0.182082 0.0401203 0.0456693 0.0139056 0.00325486 0.000789138 0.000125222 1.73389e-05 1.7917e-06 1.11996e-07 3.78655e-09 8.78966e-11
 2.56556e-27 2.59446e-27 3.80356e-26 7.48379e-20 1.83456e-14 5.43613e-10 1.94713e-06 0.000843033 0.0441213 0.279124 0.213811 0.0425913 0.173968 0.160474 0.0338791 0.0368686 0.0111451 0.00248208 0.000590277 8.86222e-05 1.08738e-05 9.70617e-07 5.82926e-08 1.86581e-09 2.71395e-11
 2.56404e-27 2.59021e-27 3.41701e-26 6.66829e-20 1.63465e-14 4.84377e-10 1.73496e-06 0.00075117 0.0393135 0.248708 0.190619 0.0446334 0.205803 0.189646 0.0353424 0.0328535 0.0097991 0.00199332 0.000460884 6.585e-05 7.73942e-06 6.22432e-07 3.19179e-08 9.49933e-10 1.24728e-11
 2.56488e-27 2.59253e-27 3.62717e-26 7.11165e-20 1.74334e-14 5.16582e-10 1.85031e-06 0.000801113 0.0419274 0.265244 0.203229 0.0436308 0.189314 0.174533 0.0345478 0.0348254 0.0100794 0.00150317 0.000316577 4.10946e-05 4.58397e-06 3.48511e-07 1.62111e-08 4.13651e-10 4.92579e-12
 2.56579e-27 2.59496e-27 3.83793e-26 7.55627e-20 1.85233e-14 5.48878e-10 1.96599e-06 0.000851198 0.0445486 0.281827 0.215888 0.0433773 0.178491 0.164448 0.0309848 0.0292487 0.00855598 0.00144614 0.000298821 2.94305e-05 2.86078e-06 1.98984e-07 8.67101e-09 2.00496e-10 2.06226e-12
 2.56315e-27 2.58767e-27 3.18212e-26 6.17274e-20 1.51317e-14 4.4838e-10 1.60602e-06 0.000695346 0.0363919 0.230226 0.176531 0.0462083 0.227686 0.209646 0.0353825 0.0278904 0.00799269 0.00110372 0.000219476 2.34769e-05 2.05207e-06 1.1086e-07 4.26237e-09 9.0881e-11 8.45654e-13
 2.56087e-27 2.58155e-27 2.64602e-26 5.0418e-20 1.23594e-14 3.6623e-10 1.31177e-06 0.000567948 0.0297244 0.188045 0.14434 0.0473114 0.258698 0.238403 0.0430113 0.0380242 0.0106637 0.00102349 0.000170433 1.4951e-05 1.26238e-06 6.80731e-08 2.09692e-09 3.72707e-11 3.1428e-13
 2.56253e-27 2.58614e-27 3.05819e-26 5.91134e-20 1.44909e-14 4.29393e-10 1.53801e-06 0.0006659 0.0348508 0.220476 0.169076 0.0455387 0.227828 0.210045 0.040309 0.039 0.01096 0.00106547 0.000171715 1.07859e-05 6.95159e-07 3.1893e-08 9.63525e-10 1.45982e-11 1.00026e-13
 2.5636e-27 2.58899e-27 3.30746e-26 6.43718e-20 1.578e-14 4.67589e-10 1.67482e-06 0.000725135 0.037951 0.240089 0.184044 0.045108 0.214034 0.197229 0.0364586 0.0334606 0.0095237 0.00115577 0.000205411 1.31598e-05 7.6502e-07 2.42851e-08 5.756e-10 8.01366e-12 4.8548e-14
 2.56425e-27 2.59072e-27 3.45593e-26 6.75038e-20 1.65477e-14 4.90339e-10 1.75631e-06 0.000760416 0.0397974 0.25177 0.192963 0.0450285 0.207163 0.190798 0.0336841 0.0287551 0.00815068 0.00094599 0.000169023 1.31346e-05 8.61029e-07 2.67505e-08 4.87702e-10 4.87728e-12 2.54977e-14
 2.56423e-27 2.59068e-27 3.45344e-26 6.74513e-20 1.65349e-14 4.89958e-10 1.75495e-06 0.000759825 0.0397665 0.251574 0.192812 0.0449609 0.206754 0.19044 0.0339626 0.0294793 0.00835036 0.000955167 0.000169036 1.27951e-05 8.83282e-07 3.334e-08 6.42972e-10 5.43639e-12 2.03465e-14
 2.5643e-27 2.59077e-27 3.4524e-26 6.7429e-20 1.65294e-14 4.89796e-10 1.75437e-06 0.000759574 0.0397534 0.251491 0.192761 0.0457422 0.212736 0.19577 0.031486 0.0224923 0.00628876 0.000610133 9.98713e-05 7.27928e-06 4.87697e-07 1.84009e-08 4.04033e-10 3.87912e-12 1.33404e-14
 2.56635e-27 2.59642e-27 3.96125e-26 7.81638e-20 1.91609e-14 5.67772e-10 2.03367e-06 0.000880499 0.0460822 0.291529 0.223297 0.0434756 0.174033 0.160234 0.0284241 0.0244524 0.00684436 0.00063759 0.000100807 6.48999e-06 3.98077e-07 1.44019e-08 3.11255e-10 3.22157e-12 1.26675e-14
 2.56619e-27 2.59593e-27 3.91154e-26 7.7115e-20 1.89038e-14 5.60154e-10 2.00638e-06 0.000868684 0.0454638 0.287617 0.22032 0.044122 0.181043 0.166577 0.0272503 0.02019 0.00572442 0.000691264 0.000122356 7.67084e-06 4.42861e-07 1.40481e-08 2.82689e-10 2.84289e-12 1.16414e-14
 2.56602e-27 2.59549e-27 3.87389e-26 7.63207e-20 1.87091e-14 5.54384e-10 1.98571e-06 0.000859737 0.0449955 0.284654 0.218059 0.0441631 0.182945 0.168352 0.0279415 0.0213142 0.00598536 0.00061479 0.000104408 8.17247e-06 5.34596e-07 1.63035e-08 2.95858e-10 2.66853e-12 1.04484e-14
 2.56704e-27 2.59824e-27 4.11511e-26 8.14095e-20 1.99566e-14 5.91348e-10 2.11811e-06 0.000917061 0.0479957 0.303634 0.232542 0.043588 0.168392 0.154885 0.024857 0.0176737 0.00494382 0.000484527 7.90383e-05 5.34968e-06 3.4758e-07 1.31432e-08 2.50763e-10 2.09014e-12 7.30204e-15
 2.5664e-27 2.59642e-27 3.94814e-26 7.78869e-20 1.9093e-14 5.65761e-10 2.02646e-06 0.00087738 0.0459189 0.290496 0.222527 0.0446599 0.183586 0.168768 0.0248149 0.014085 0.00388945 0.000324426 4.80596e-05 3.06979e-06 1.8285e-07 6.1625e-09 1.31055e-10 1.25121e-12 4.23854e-15
 2.56514e-27 2.59297e-27 3.63904e-26 7.13661e-20 1.74945e-14 5.18394e-10 1.8568e-06 0.000803924 0.0420745 0.266175 0.203975 0.0458317 0.205538 0.18897 0.0273954 0.0148802 0.00406151 0.000260448 3.07376e-05 1.67983e-06 8.7426e-08 2.70311e-09 5.14397e-11 4.93677e-13 1.91342e-15
 2.56466e-27 2.59163e-27 3.51904e-26 6.88344e-20 1.68739e-14 5.00004e-10 1.79093e-06 0.000775405 0.0405819 0.256733 0.196773 0.0463664 0.214667 0.197352 0.0281336 0.0144528 0.0039216 0.000219172 2.15681e-05 9.30494e-07 3.56501e-08 9.08985e-10 1.52755e-11 1.31468e-13 4.86863e-16
 2.56481e-27 2.59209e-27 3.56268e-26 6.97552e-20 1.70996e-14 5.06693e-10 1.81489e-06 0.000785777 0.0411248 0.260167 0.199389 0.0459588 0.209727 0.192862 0.0285824 0.016603 0.00451919 0.00025301 2.47936e-05 9.63125e-07 2.93057e-08 5.46994e-10 6.90441e-12 4.95942e-14 1.63145e-16
#obs surv len freq
 1.08375e-41 1.50417e-33 2.52356e-26 5.11773e-20 1.25455e-14 3.71746e-10 1.33154e-06 0.000576509 0.0301722 0.190879 0.146461 0.0401121 0.173043 0.146457 0.103929 0.101924 0.0443674 0.0175111 0.00402321 0.000516576 2.69716e-05 4.13953e-07 1.41037e-09 8.71703e-13 8.56632e-17
 1.6088e-41 2.23291e-33 3.74618e-26 7.59717e-20 1.86236e-14 5.5185e-10 1.97664e-06 0.000855816 0.04479 0.283355 0.217094 0.0407877 0.126944 0.102369 0.0754951 0.0680114 0.0281018 0.0099544 0.00200994 0.0002195 9.38984e-06 1.12243e-07 2.85111e-10 1.27832e-13 8.97961e-18
 1.53679e-41 2.13297e-33 3.57849e-26 7.25711e-20 1.779e-14 5.27149e-10 1.88816e-06 0.000817509 0.0427852 0.270672 0.207639 0.0500758 0.177061 0.129034 0.0563915 0.0423945 0.0167789 0.00532843 0.000933421 8.42397e-05 2.86846e-06 2.64028e-08 5.00427e-11 1.63353e-14 8.22328e-19
 1.07961e-41 1.49842e-33 2.51391e-26 5.09817e-20 1.24976e-14 3.70325e-10 1.32645e-06 0.000574305 0.0300568 0.190151 0.146384 0.0565075 0.23012 0.162962 0.0977082 0.0655137 0.0156752 0.00374242 0.000562714 4.12953e-05 1.08964e-06 7.54696e-09 1.05667e-11 2.5104e-15 9.087e-20
 1.50145e-41 2.08391e-33 3.49619e-26 7.09021e-20 1.73808e-14 5.15025e-10 1.84474e-06 0.000798707 0.0418011 0.264448 0.202919 0.0472505 0.142441 0.104312 0.104042 0.0691204 0.019005 0.00352136 0.000321303 1.76491e-05 3.54835e-07 1.81197e-09 1.84087e-12 3.15068e-16 8.17473e-21
 1.201e-41 1.66691e-33 2.79659e-26 5.67144e-20 1.39029e-14 4.11967e-10 1.4756e-06 0.000638884 0.0334366 0.211533 0.16307 0.0649893 0.231208 0.144009 0.0784531 0.0496847 0.0189683 0.00370635 0.000290392 9.7742e-06 1.29418e-07 4.72953e-10 3.43386e-13 4.17444e-17 7.68039e-22
 1.37588e-41 1.90963e-33 3.2038e-26 6.49725e-20 1.59272e-14 4.71953e-10 1.69046e-06 0.000731911 0.0383053 0.242334 0.186465 0.0578637 0.174853 0.116538 0.110014 0.0571661 0.0129713 0.00252385 0.000225572 6.44375e-06 5.41764e-08 1.22647e-10 6.0088e-14 5.09497e-18 6.57194e-23
 1.19655e-41 1.66073e-33 2.78621e-26 5.65038e-20 1.38512e-14 4.10438e-10 1.47012e-06 0.000636512 0.0333125 0.210751 0.162919 0.0723382 0.227456 0.133334 0.0933832 0.0490879 0.0145955 0.00204712 0.000134565 3.77395e-06 2.68796e-08 4.07113e-11 1.22654e-14 6.65944e-19 5.7821e-24
 1.51391e-41 2.10121e-33 3.52522e-26 7.14907e-20 1.75251e-14 5.19301e-10 1.86005e-06 0.000805338 0.0421482 0.266647 0.205418 0.0643753 0.166807 0.103998 0.096469 0.0422881 0.00958489 0.00137561 8.02012e-05 1.59659e-06 9.43025e-09 1.18052e-11 2.5595e-15 8.99138e-20 4.92282e-25
 1.52163e-41 2.11193e-33 3.54319e-26 7.18552e-20 1.76145e-14 5.21949e-10 1.86954e-06 0.000809444 0.0423631 0.26801 0.207083 0.0780678 0.198672 0.103581 0.0656604 0.0280528 0.00689055 0.000769779 3.69703e-05 6.24623e-07 2.68205e-09 2.49601e-12 4.23271e-16 1.12509e-20 4.3432e-26
 1.0953e-41 1.52021e-33 2.55047e-26 5.1723e-20 1.26793e-14 3.7571e-10 1.34573e-06 0.000582656 0.0304939 0.192929 0.150824 0.0972719 0.258452 0.136272 0.0953619 0.0317906 0.00543927 0.000558722 2.27763e-05 2.93665e-07 9.85371e-10 6.75687e-13 8.15161e-17 1.58089e-21 4.55319e-27
 1.66708e-41 2.3138e-33 3.88188e-26 7.87237e-20 1.92982e-14 5.71841e-10 2.04824e-06 0.000886817 0.0464125 0.29363 0.226707 0.071193 0.1445 0.09393 0.0894448 0.0284253 0.00453003 0.000328691 9.90234e-06 1.02447e-07 2.57313e-10 1.30124e-13 1.14949e-17 1.59056e-22 3.2291e-28
 1.33754e-41 1.85642e-33 3.11453e-26 6.31621e-20 1.54834e-14 4.58803e-10 1.64336e-06 0.000711517 0.037238 0.235603 0.184583 0.110565 0.242936 0.106602 0.0572765 0.0202632 0.00395335 0.000261617 5.92952e-06 4.20846e-08 7.7231e-11 2.87296e-14 1.82829e-18 1.81497e-23 2.63758e-29
 1.11853e-41 1.55245e-33 2.60456e-26 5.28199e-20 1.29482e-14 3.83678e-10 1.37427e-06 0.000595013 0.0311406 0.197036 0.155733 0.11211 0.235678 0.137617 0.103291 0.0237128 0.0028823 0.00019883 4.42057e-06 2.43097e-08 3.04771e-11 7.75454e-15 3.49181e-19 2.47347e-24 2.55253e-30
 8.79852e-42 1.22118e-33 2.04878e-26 4.15488e-20 1.01852e-14 3.01806e-10 1.08102e-06 0.000468044 0.0244956 0.15501 0.124923 0.123872 0.250002 0.159411 0.123392 0.0337631 0.00446625 0.00019376 3.24277e-06 1.61931e-08 1.64629e-11 2.9829e-15 9.07524e-20 4.36371e-25 3.12001e-31
 1.41358e-41 1.96195e-33 3.29158e-26 6.67525e-20 1.63636e-14 4.84883e-10 1.73677e-06 0.000751963 0.0393548 0.249005 0.195197 0.0945563 0.159812 0.12665 0.101784 0.0286549 0.00404198 0.000186851 2.46196e-06 8.31638e-09 6.56833e-12 9.60919e-16 2.21528e-20 7.54816e-26 3.68873e-32
 9.77242e-42 1.35635e-33 2.27555e-26 4.61478e-20 1.13126e-14 3.35213e-10 1.20068e-06 0.000519852 0.0272071 0.172205 0.141997 0.162711 0.27368 0.125795 0.0711822 0.0215108 0.00304928 0.000139803 1.80178e-06 5.13771e-09 2.8624e-12 2.91197e-16 4.98137e-21 1.29373e-26 4.7328e-33
 1.43938e-41 1.99777e-33 3.35167e-26 6.79712e-20 1.66623e-14 4.93736e-10 1.76848e-06 0.000765691 0.0400733 0.253577 0.200689 0.107939 0.161253 0.135582 0.0835214 0.0149432 0.00158335 7.03892e-05 8.51953e-07 2.20678e-09 1.04443e-12 8.10175e-17 9.72606e-22 1.74551e-27 4.5297e-34
 1.00368e-41 1.39304e-33 2.33711e-26 4.73962e-20 1.16186e-14 3.44281e-10 1.23316e-06 0.000533915 0.0279432 0.176921 0.14955 0.183717 0.261358 0.120971 0.061903 0.0156244 0.00143561 4.0836e-05 3.95915e-07 8.95684e-10 3.62722e-13 2.33453e-17 2.2262e-22 3.00529e-28 5.58654e-35
 1.28563e-41 1.78437e-33 2.99365e-26 6.07106e-20 1.48825e-14 4.40995e-10 1.57957e-06 0.000683901 0.0357928 0.226555 0.183879 0.132197 0.181302 0.152825 0.0743922 0.0113915 0.000953986 2.70088e-05 1.8664e-07 2.95999e-10 9.37004e-14 4.87563e-18 3.73111e-23 3.97901e-29 5.73091e-36
 1.41187e-41 1.95959e-33 3.28762e-26 6.66722e-20 1.63439e-14 4.843e-10 1.73468e-06 0.000751058 0.0393077 0.24885 0.204681 0.159384 0.18747 0.10147 0.0477188 0.00970442 0.000648828 1.31152e-05 7.76553e-08 9.5772e-11 2.10058e-14 7.7095e-19 4.38877e-24 3.58165e-30 3.97023e-37
 1.12797e-41 1.56555e-33 2.62653e-26 5.32655e-20 1.30574e-14 3.86915e-10 1.38587e-06 0.000600032 0.0314037 0.19895 0.172564 0.19642 0.225206 0.123089 0.044854 0.00647606 0.000428845 8.15398e-06 3.54566e-08 3.26782e-11 5.539e-15 1.48935e-19 5.91029e-25 3.35014e-31 2.6393e-38
 1.37646e-41 1.91043e-33 3.20514e-26 6.49997e-20 1.59339e-14 4.72151e-10 1.69117e-06 0.000732217 0.0383218 0.242704 0.203231 0.160402 0.179061 0.126163 0.0438301 0.00529954 0.00024944 3.74376e-06 1.4166e-08 1.02161e-11 1.24894e-15 2.44129e-20 7.14964e-26 2.95165e-32 1.65075e-39
 1.35305e-41 1.87795e-33 3.15065e-26 6.38944e-20 1.5663e-14 4.64122e-10 1.66241e-06 0.000719767 0.0376706 0.238725 0.206771 0.193959 0.188248 0.0972319 0.0322989 0.00420272 0.000169848 1.84929e-06 5.02246e-09 2.81272e-12 2.70209e-16 3.95036e-21 8.30777e-27 2.44211e-33 9.80149e-41
 1.18697e-41 1.64743e-33 2.76391e-26 5.60515e-20 1.37404e-14 4.07152e-10 1.45835e-06 0.000631417 0.0330471 0.209628 0.190267 0.21385 0.206752 0.113075 0.029713 0.0029256 0.000107843 1.03663e-06 2.11821e-09 8.28833e-13 5.67061e-17 6.14176e-22 9.70253e-28 2.11504e-34 6.15746e-42
 1.06387e-41 1.47658e-33 2.47727e-26 5.02386e-20 1.23154e-14 3.64928e-10 1.30711e-06 0.000565935 0.0296206 0.188103 0.178146 0.221047 0.217327 0.129811 0.0324902 0.00281023 7.71964e-05 5.77585e-07 9.73081e-10 2.96709e-13 1.463e-17 1.10238e-22 1.21693e-28 1.8913e-35 3.99529e-43
 1.04457e-41 1.44979e-33 2.43232e-26 4.9327e-20 1.20919e-14 3.58306e-10 1.28339e-06 0.000555666 0.0290838 0.184862 0.178981 0.221072 0.21719 0.132969 0.0325029 0.00271754 6.41903e-05 3.66869e-07 4.51064e-10 1.03817e-13 3.92855e-18 2.21795e-23 1.76787e-29 1.93103e-36 2.8362e-44
 1.26781e-41 1.75963e-33 2.95215e-26 5.9869e-20 1.46762e-14 4.34882e-10 1.55768e-06 0.000674421 0.0352986 0.224075 0.204462 0.199524 0.192453 0.113675 0.0274991 0.00228396 5.25733e-05 2.77174e-07 2.88743e-10 5.31395e-14 1.59393e-18 7.27273e-24 4.7653e-30 4.28769e-37 5.13519e-45
#pred catch len freq
 2.55542e-27 2.56782e-27 1.55072e-26 2.73164e-20 6.69629e-15 1.98423e-10 7.10718e-07 0.000307714 0.0161046 0.101883 0.0784424 0.0406782 0.254513 0.235754 0.0639394 0.0871228 0.0363527 0.0264288 0.0156273 0.0114675 0.00872121 0.00733657 0.00717142 0.00625228 0.0018968
 2.55891e-27 2.5774e-27 2.39519e-26 4.5131e-20 1.10633e-14 3.27826e-10 1.17422e-06 0.000508392 0.0266074 0.168326 0.12914 0.0383348 0.201065 0.187181 0.0693312 0.111234 0.0372664 0.0146894 0.00635193 0.00347682 0.00213495 0.00152584 0.0013119 0.00113667 0.000376946
 2.5615e-27 2.58374e-27 2.88491e-26 5.54593e-20 1.35952e-14 4.02849e-10 1.44294e-06 0.000624738 0.0326965 0.206848 0.158629 0.0430618 0.216318 0.199893 0.0469123 0.0569226 0.0211102 0.0113638 0.00355605 0.00106282 0.000429913 0.00023117 0.000162694 0.000131256 4.49189e-05
 2.56e-27 2.57949e-27 2.49314e-26 4.71939e-20 1.1569e-14 3.42811e-10 1.22789e-06 0.00053163 0.0278236 0.17602 0.135128 0.0454112 0.250709 0.231496 0.0501743 0.0562138 0.0179324 0.00567684 0.00198977 0.00066402 0.000144841 4.30511e-05 2.10398e-05 1.44025e-05 4.85453e-06
 2.56014e-27 2.58001e-27 2.55264e-26 4.84497e-20 1.18769e-14 3.51932e-10 1.26056e-06 0.000545776 0.0285639 0.180704 0.138682 0.0440242 0.237658 0.219773 0.0539275 0.0676972 0.0209821 0.00551547 0.00148396 0.000338885 8.25295e-05 1.48562e-05 3.38156e-06 1.61469e-06 5.05614e-07
 2.56115e-27 2.58266e-27 2.77861e-26 5.32165e-20 1.30454e-14 3.86558e-10 1.38459e-06 0.000599473 0.0313742 0.198483 0.152259 0.044099 0.228688 0.211298 0.0488258 0.0582252 0.0185725 0.00575708 0.00149827 0.000268635 4.3587e-05 6.95862e-06 8.93969e-07 1.86622e-07 4.76935e-08
 2.56103e-27 2.58222e-27 2.72806e-26 5.21496e-20 1.27838e-14 3.78808e-10 1.35683e-06 0.000587454 0.0307452 0.194503 0.149237 0.0451736 0.238988 0.220602 0.0468451 0.0513361 0.0160352 0.00446146 0.0012023 0.000243129 3.42085e-05 3.67749e-06 3.44506e-07 3.04851e-08 4.30838e-09
 2.56165e-27 2.58389e-27 2.87293e-26 5.52057e-20 1.3533e-14 4.01007e-10 1.43634e-06 0.000621881 0.032547 0.205902 0.157937 0.0449566 0.231224 0.213406 0.0450174 0.0489516 0.0148868 0.00347512 0.000881133 0.000164016 2.48993e-05 2.56979e-06 1.64244e-07 8.24166e-09 4.45177e-10
 2.56272e-27 2.5867e-27 3.11512e-26 6.03146e-20 1.47854e-14 4.38118e-10 1.56926e-06 0.000679431 0.035559 0.224956 0.172485 0.0448519 0.220206 0.203096 0.0406081 0.0414838 0.0125185 0.00276931 0.000663639 0.000104435 1.44254e-05 1.48943e-06 9.30848e-08 3.14702e-09 7.30507e-11
 2.5645e-27 2.59149e-27 3.53322e-26 6.91346e-20 1.69475e-14 5.02185e-10 1.79874e-06 0.000778787 0.0407589 0.257853 0.197591 0.0440301 0.196313 0.180948 0.0348637 0.0339544 0.0101763 0.00214292 0.000503531 7.4975e-05 9.17671e-06 8.184e-07 4.91405e-08 1.5728e-09 2.28773e-11
 2.56329e-27 2.58809e-27 3.22049e-26 6.25369e-20 1.53302e-14 4.5426e-10 1.62708e-06 0.000704465 0.0368691 0.233245 0.178832 0.0459578 0.224163 0.206415 0.0351789 0.0282556 0.00835184 0.00160222 0.000365451 5.1772e-05 6.06902e-06 4.87647e-07 2.50004e-08 7.44018e-10 9.76899e-12
 2.56404e-27 2.59018e-27 3.41052e-26 6.65459e-20 1.63129e-14 4.83381e-10 1.73139e-06 0.000749625 0.0392327 0.248197 0.190234 0.0449817 0.208724 0.192277 0.0346569 0.0306072 0.00880173 0.00124215 0.000256995 3.30763e-05 3.67929e-06 2.79467e-07 1.29964e-08 3.31604e-10 3.94872e-12
 2.56527e-27 2.59347e-27 3.69793e-26 7.26089e-20 1.77992e-14 5.27422e-10 1.88914e-06 0.000817924 0.0428072 0.270811 0.207493 0.0444806 0.192785 0.177476 0.0303381 0.0244937 0.00710822 0.00113297 0.00023044 2.25063e-05 2.17984e-06 1.51464e-07 6.59859e-09 1.52567e-10 1.56925e-12
 2.56326e-27 2.58789e-27 3.19218e-26 6.19392e-20 1.51836e-14 4.49919e-10 1.61153e-06 0.000697732 0.0365168 0.231016 0.177146 0.0469437 0.23285 0.214226 0.0328224 0.0209028 0.00593839 0.000771692 0.000150259 1.59307e-05 1.38791e-06 7.48935e-08 2.87859e-09 6.13721e-11 5.71064e-13
 2.56149e-27 2.5831e-27 2.77051e-26 5.30439e-20 1.30031e-14 3.85304e-10 1.3801e-06 0.000597529 0.0312725 0.197839 0.15183 0.0480286 0.258893 0.238313 0.0380965 0.0268507 0.00747931 0.000678963 0.000109613 9.52887e-06 8.01255e-07 4.31583e-08 1.32903e-09 2.362e-11 1.99169e-13
 2.56275e-27 2.5866e-27 3.08737e-26 5.97285e-20 1.46417e-14 4.33861e-10 1.55402e-06 0.000672829 0.0352135 0.222771 0.170842 0.0464917 0.233839 0.215335 0.0365929 0.0292039 0.00815962 0.000751593 0.000117677 7.33485e-06 4.70162e-07 2.15421e-08 6.50574e-10 9.8559e-12 6.75302e-14
 2.56357e-27 2.5888e-27 3.28018e-26 6.3796e-20 1.56388e-14 4.63406e-10 1.65984e-06 0.000718649 0.0376115 0.237941 0.182419 0.046053 0.222367 0.204708 0.0339658 0.0258981 0.00732131 0.000839077 0.000145808 9.27196e-06 5.36265e-07 1.70009e-08 4.02744e-10 5.6065e-12 3.39643e-14
 2.56398e-27 2.5899e-27 3.37499e-26 6.5796e-20 1.61291e-14 4.77934e-10 1.71188e-06 0.000741179 0.0387906 0.245401 0.188115 0.0460009 0.217969 0.200592 0.0321969 0.0229021 0.00644845 0.000708138 0.000123604 9.52751e-06 6.21976e-07 1.93003e-08 3.51703e-10 3.51672e-12 1.83843e-14
 2.5645e-27 2.5913e-27 3.4987e-26 6.84057e-20 1.67688e-14 4.96891e-10 1.77978e-06 0.000770576 0.0403292 0.255134 0.195541 0.0456217 0.209865 0.193115 0.0308921 0.0218098 0.00613382 0.0006624 0.00011436 8.58539e-06 5.90026e-07 2.22437e-08 4.28808e-10 3.62515e-12 1.35672e-14
 2.56408e-27 2.59009e-27 3.38488e-26 6.60043e-20 1.61802e-14 4.79447e-10 1.7173e-06 0.000743525 0.0389134 0.246177 0.188716 0.0465477 0.221707 0.203902 0.0302466 0.0176238 0.00489302 0.00045069 7.17274e-05 5.18565e-06 3.45851e-07 1.30328e-08 2.86047e-10 2.74604e-12 9.44341e-15
 2.56587e-27 2.59506e-27 3.83335e-26 7.54656e-20 1.84995e-14 5.48173e-10 1.96346e-06 0.000850104 0.0444914 0.281465 0.215628 0.0444534 0.186862 0.171927 0.0278655 0.0202392 0.00563466 0.000499725 7.68223e-05 4.9086e-06 2.99565e-07 1.0824e-08 2.33829e-10 2.41992e-12 9.51503e-15
 2.56552e-27 2.59404e-27 3.73888e-26 7.34723e-20 1.80109e-14 5.33694e-10 1.9116e-06 0.000827651 0.0433162 0.274031 0.209963 0.0451555 0.196185 0.180425 0.0274491 0.0171586 0.00483139 0.000553139 9.58694e-05 5.96782e-06 3.42802e-07 1.08601e-08 2.18431e-10 2.19641e-12 8.99383e-15
 2.56565e-27 2.59441e-27 3.77139e-26 7.41582e-20 1.8179e-14 5.38676e-10 1.92945e-06 0.000835377 0.0437206 0.276589 0.211914 0.0450213 0.193793 0.178229 0.0272559 0.0172681 0.00481763 0.000469797 7.77381e-05 6.03543e-06 3.93193e-07 1.19768e-08 2.17234e-10 1.95911e-12 7.67046e-15
 2.56708e-27 2.59828e-27 4.11337e-26 8.13726e-20 1.99475e-14 5.91081e-10 2.11715e-06 0.000916646 0.0479739 0.303497 0.232445 0.0440698 0.172128 0.158214 0.0233186 0.0133316 0.0037014 0.000343937 5.45381e-05 3.66221e-06 2.36762e-07 8.94156e-09 1.70532e-10 1.42122e-12 4.96495e-15
 2.56658e-27 2.59686e-27 3.9824e-26 7.86095e-20 1.92702e-14 5.71009e-10 2.04526e-06 0.00088552 0.0463449 0.293191 0.224589 0.0449287 0.184182 0.169226 0.0232213 0.01034 0.0028302 0.000224723 3.21938e-05 2.04008e-06 1.20887e-07 4.06882e-09 8.64895e-11 8.25638e-13 2.79681e-15
 2.56588e-27 2.59495e-27 3.81047e-26 7.49824e-20 1.8381e-14 5.44663e-10 1.95089e-06 0.000844661 0.0442065 0.279663 0.214271 0.0456625 0.197016 0.181017 0.0243879 0.0100305 0.00271184 0.000166819 1.88191e-05 1.02025e-06 5.27745e-08 1.6294e-09 3.09917e-11 2.97394e-13 1.15262e-15
 2.56538e-27 2.59357e-27 3.68699e-26 7.23773e-20 1.77424e-14 5.2574e-10 1.88311e-06 0.000815316 0.0426707 0.269947 0.206861 0.0461945 0.206271 0.18952 0.0252012 0.00974448 0.00261813 0.000141252 1.32035e-05 5.65577e-07 2.15064e-08 5.47438e-10 9.19416e-12 7.91182e-14 2.92985e-16
 2.56552e-27 2.59396e-27 3.72319e-26 7.31411e-20 1.79297e-14 5.31288e-10 1.90298e-06 0.000823919 0.0431209 0.272795 0.209031 0.0458881 0.202414 0.18601 0.0254682 0.0112347 0.00303198 0.000163846 1.52531e-05 5.88799e-07 1.77713e-08 3.311e-10 4.176e-12 2.99905e-14 9.8652e-17
#obs catch len freq
 4.99603e-42 6.93416e-34 1.16335e-26 2.35925e-20 5.78342e-15 1.71373e-10 6.13831e-07 0.000265768 0.0139092 0.087995 0.0679157 0.0398394 0.218446 0.186425 0.143394 0.143181 0.0648769 0.0265348 0.00633718 0.000834228 4.49273e-05 7.17644e-07 2.54728e-09 1.63259e-12 1.65425e-16
 5.7737e-42 8.01351e-34 1.34443e-26 2.72648e-20 6.68365e-15 1.98049e-10 7.09379e-07 0.000307137 0.0160743 0.101692 0.0784858 0.0436264 0.222543 0.18106 0.14268 0.130744 0.0566833 0.021037 0.004525 0.000519054 2.29587e-05 2.83086e-07 7.43555e-10 3.44502e-13 2.49259e-17
 1.08996e-41 1.5128e-33 2.53803e-26 5.14707e-20 1.26174e-14 3.73878e-10 1.33917e-06 0.000579814 0.0303452 0.191974 0.147475 0.0453427 0.181895 0.140871 0.112948 0.094472 0.0386578 0.0127962 0.00240175 0.000232507 8.34645e-06 7.94843e-08 1.5481e-10 5.18766e-14 2.67868e-18
 1.11979e-41 1.5542e-33 2.60748e-26 5.28793e-20 1.29627e-14 3.8411e-10 1.37582e-06 0.000595682 0.0311756 0.197228 0.151829 0.0584854 0.237925 0.164232 0.0764457 0.0538389 0.0209793 0.00618333 0.000998276 7.9181e-05 2.24454e-06 1.63455e-08 2.36371e-11 5.74976e-15 2.12434e-19
 7.87295e-42 1.09271e-33 1.83325e-26 3.7178e-20 9.11375e-15 2.70057e-10 9.673e-07 0.000418808 0.0219187 0.138668 0.107378 0.0648727 0.274003 0.184631 0.116286 0.0710148 0.0165419 0.00372144 0.000511465 3.26717e-05 7.12104e-07 3.8804e-09 4.12855e-12 7.28951e-16 1.93349e-20
 1.25873e-41 1.74703e-33 2.931e-26 5.94401e-20 1.4571e-14 4.31767e-10 1.54652e-06 0.000669589 0.0350436 0.221699 0.17051 0.0529412 0.172672 0.122288 0.125071 0.0754457 0.0200066 0.00335628 0.000282219 1.35155e-05 2.22749e-07 8.90353e-10 6.85173e-13 8.69607e-17 1.65083e-21
 1.03621e-41 1.4382e-33 2.41287e-26 4.89325e-20 1.19952e-14 3.55441e-10 1.27313e-06 0.000551222 0.0288488 0.182511 0.141287 0.0737714 0.260516 0.153737 0.0860808 0.0507549 0.0184866 0.00322273 0.000224562 6.53239e-06 7.13658e-08 2.03633e-10 1.1169e-13 1.00515e-17 1.35145e-22
 1.27866e-41 1.77469e-33 2.97742e-26 6.03814e-20 1.48018e-14 4.38604e-10 1.57101e-06 0.000680192 0.0355986 0.225212 0.173699 0.0642314 0.191751 0.123578 0.116423 0.0545478 0.0119751 0.00213334 0.000165631 3.96643e-06 2.7178e-08 4.82535e-11 1.78777e-14 1.12112e-18 1.05589e-23
 1.15078e-41 1.59721e-33 2.67965e-26 5.43429e-20 1.33215e-14 3.94741e-10 1.4139e-06 0.000612168 0.0320385 0.202693 0.157177 0.0799048 0.239486 0.134205 0.0939745 0.0455343 0.0126938 0.00158452 9.30156e-05 2.16884e-06 1.23034e-08 1.4467e-11 3.30086e-15 1.3278e-19 8.4163e-25
 1.51729e-41 2.10589e-33 3.53307e-26 7.165e-20 1.75642e-14 5.20458e-10 1.8642e-06 0.000807133 0.0422421 0.267243 0.20619 0.0695142 0.170844 0.103471 0.0934468 0.0371675 0.00799426 0.00102504 5.15062e-05 8.56867e-07 4.03357e-09 3.87569e-12 6.32293e-16 1.64635e-20 6.59349e-26
 1.55413e-41 2.15703e-33 3.61887e-26 7.33899e-20 1.79907e-14 5.33096e-10 1.90946e-06 0.000826732 0.0432679 0.273737 0.211844 0.0832904 0.197371 0.0983689 0.0611945 0.0240699 0.00546594 0.00053981 2.24978e-05 3.12044e-07 1.06122e-09 7.58506e-13 9.63954e-17 1.89284e-21 5.34802e-27
 1.15245e-41 1.59953e-33 2.68354e-26 5.44216e-20 1.33408e-14 3.95313e-10 1.41595e-06 0.000613056 0.0320849 0.202998 0.159087 0.104018 0.254219 0.129231 0.0869659 0.0261909 0.00419603 0.000381282 1.32243e-05 1.39708e-07 3.6892e-10 1.93124e-13 1.74349e-17 2.49309e-22 5.24248e-28
 1.72787e-41 2.39817e-33 4.02343e-26 8.15944e-20 2.00019e-14 5.92693e-10 2.12293e-06 0.000919156 0.048105 0.30434 0.235234 0.0747712 0.140132 0.0900435 0.0799007 0.0229843 0.00335066 0.000212682 5.49319e-06 4.61403e-08 9.06745e-11 3.49108e-14 2.3009e-18 2.34394e-23 3.47096e-29
 1.40064e-41 1.944e-33 3.26146e-26 6.61418e-20 1.62139e-14 4.80447e-10 1.72088e-06 0.000745082 0.0389947 0.246723 0.193776 0.116492 0.234236 0.0984261 0.0508906 0.016656 0.00289167 0.000164629 3.14315e-06 1.81148e-08 2.59781e-11 7.32931e-15 3.47264e-19 2.5342e-24 2.6834e-30
 1.18954e-41 1.651e-33 2.7699e-26 5.61731e-20 1.37702e-14 4.08035e-10 1.46151e-06 0.000632786 0.0331175 0.209551 0.166128 0.118828 0.228807 0.131509 0.0905286 0.0186738 0.0020951 0.000124845 2.28305e-06 1.00391e-08 9.79601e-12 1.89051e-15 6.33029e-20 3.29188e-25 2.47317e-31
 9.48568e-42 1.31655e-33 2.20879e-26 4.47937e-20 1.09807e-14 3.25377e-10 1.16545e-06 0.000504598 0.0264087 0.167126 0.135288 0.132227 0.24464 0.154374 0.10897 0.0271904 0.00315263 0.000117421 1.64684e-06 6.51241e-09 5.09107e-12 6.96396e-16 1.5747e-20 5.55707e-26 2.88996e-32
 1.5018e-41 2.0844e-33 3.49702e-26 7.09189e-20 1.73849e-14 5.15147e-10 1.84517e-06 0.000798897 0.0418111 0.264554 0.207773 0.0986546 0.153127 0.120606 0.0872803 0.0225093 0.00277409 0.000108114 1.16295e-06 3.12622e-09 1.89982e-12 2.08583e-16 3.56093e-21 8.90131e-27 3.16642e-33
 1.05399e-41 1.46287e-33 2.45427e-26 4.97722e-20 1.22011e-14 3.6154e-10 1.29498e-06 0.00056068 0.0293439 0.185747 0.153937 0.170692 0.261736 0.117218 0.0615578 0.0170357 0.00209028 8.0541e-05 8.36881e-07 1.86661e-09 7.95911e-13 6.07955e-17 7.68441e-22 1.45984e-27 3.88334e-34
 1.53273e-41 2.12733e-33 3.56904e-26 7.23794e-20 1.7743e-14 5.25756e-10 1.88317e-06 0.000815349 0.0426722 0.270034 0.214161 0.111432 0.153402 0.126517 0.0686996 0.0111737 0.00105201 3.90859e-05 3.78318e-07 7.59988e-10 2.72727e-13 1.57987e-17 1.40004e-22 1.83678e-28 3.45806e-35
 1.08656e-41 1.50807e-33 2.5301e-26 5.13099e-20 1.2578e-14 3.7271e-10 1.33498e-06 0.000578003 0.0302506 0.191557 0.162774 0.190704 0.247541 0.111463 0.0523621 0.011825 0.000921847 2.21305e-05 1.72656e-07 3.01071e-10 9.18691e-14 4.39186e-18 3.08022e-23 3.03658e-29 4.09867e-36
 1.38368e-41 1.92046e-33 3.22197e-26 6.5341e-20 1.60176e-14 4.7463e-10 1.70005e-06 0.000736062 0.0385228 0.243855 0.198467 0.135997 0.172911 0.14054 0.0600334 0.00831868 0.000603372 1.39792e-05 7.68279e-08 9.43223e-11 2.246e-14 8.64371e-19 4.84647e-24 3.76326e-30 3.92862e-37
 1.50702e-41 2.09165e-33 3.50918e-26 7.11654e-20 1.74454e-14 5.16938e-10 1.85159e-06 0.000801674 0.0419568 0.26565 0.219139 0.161471 0.17391 0.0910445 0.0387071 0.00692242 0.000389375 6.52286e-06 3.05081e-08 2.87877e-11 4.7426e-15 1.28683e-19 5.35259e-25 3.17016e-31 2.54011e-38
 1.22147e-41 1.69532e-33 2.84425e-26 5.76808e-20 1.41398e-14 4.18987e-10 1.50074e-06 0.00064977 0.034007 0.215487 0.187676 0.20018 0.211219 0.110258 0.0356556 0.00460392 0.000257541 3.95285e-06 1.35037e-08 9.52069e-12 1.20623e-15 2.39172e-20 6.93494e-26 2.85056e-32 1.61928e-39
 1.47732e-41 2.05042e-33 3.44001e-26 6.97627e-20 1.71015e-14 5.06749e-10 1.81509e-06 0.000785873 0.0411301 0.26053 0.218714 0.161824 0.167886 0.111358 0.0340134 0.00361238 0.000143232 1.74693e-06 5.14315e-09 2.81386e-12 2.56684e-16 3.69315e-21 7.88514e-27 2.35929e-33 9.52335e-41
 1.45122e-41 2.0142e-33 3.37925e-26 6.85305e-20 1.67994e-14 4.97798e-10 1.78303e-06 0.000771991 0.0404041 0.256107 0.222437 0.194047 0.173546 0.0847391 0.0250392 0.00281234 9.40905e-05 8.2604e-07 1.74776e-09 7.40709e-13 5.28448e-17 5.67483e-22 8.69712e-28 1.85105e-34 5.35295e-42
 1.28453e-41 1.78284e-33 2.99109e-26 6.06587e-20 1.48698e-14 4.40618e-10 1.57822e-06 0.000683317 0.0357638 0.226941 0.206577 0.214805 0.192705 0.0979235 0.0226036 0.00193727 5.89841e-05 4.50418e-07 7.11215e-10 2.10292e-13 1.06724e-17 8.46675e-23 9.72262e-29 1.53334e-35 3.21826e-43
 1.16034e-41 1.61048e-33 2.70191e-26 5.47942e-20 1.34321e-14 3.98019e-10 1.42564e-06 0.000617253 0.032307 0.205262 0.194912 0.223052 0.204969 0.112406 0.0246118 0.00182077 4.11398e-05 2.44702e-07 3.16487e-10 7.25029e-14 2.64754e-18 1.46091e-23 1.17086e-29 1.31336e-36 1.99497e-44
 1.14175e-41 1.58467e-33 2.65861e-26 5.39161e-20 1.32169e-14 3.91641e-10 1.40279e-06 0.000607362 0.0317893 0.20195 0.19084 0.216047 0.209277 0.120155 0.0272412 0.00204908 4.24534e-05 2.07705e-07 2.14038e-10 4.06575e-14 1.25821e-18 5.77781e-24 3.72932e-30 3.28529e-37 3.87799e-45
#spawning biomass
 18394.5 30658.9 46990.1 55929.7 70391.2 87726.5 112018 120565 164286 249866 265560 321615 408721 362604 302177 306197 353097 345123 359182 321415 423429 519323 431359 441957 528826 418711 350252 352668 370642 6281.22 6281.22 6281.22 6281.22 6281.22 6281.22 6281.22 6281.22 6281.22 6281.22 6281.22 6281.22 6281.22 6281.22 6281.22 6281.22 6281.22 6281.22 6281.22 6281.22 6281.22 6281.22 6281.22 6281.22 6281.22 6281.22 6281.22 6281.22 6281.22 6281.22 6281.22 6281.22 6281.22 6281.22 6281.22 6281.22 6281.22 6281.22 6281.22 6281.22 6281.22 6281.22 6281.22 6281.22 6281.22 6281.22 6281.22 6281.22 6281.22 6281.22 6281.22 6281.22 6281.22 6281.22 6281.22 6281.22 6281.22 6281.22 6281.22 6281.22 6281.22 6281.22 6281.22 6281.22 6281.22 6281.22 6281.22 6281.22 6281.22 6281.22 6281.22 6281.22 6281.22 6281.22 6281.22 6281.22 6281.22 6281.22 6281.22 6281.22 6281.22 6281.22 6281.22 6281.22 6281.22 6281.22 6281.22 6281.22 6281.22 6281.22 6281.22 6281.22 6281.22 6281.22 6281.22 6281.22 6281.22 6281.22 6281.22 0 0 0 0 0 0 0 0 0 0 0 0 0 0 0 0 0 0 0 0 0 0 0 0 0
