SBPRF35
0.144992
Curr Bio
148365
B35
167006
F35
1.20765
FOFL
1.04212
OFL
48287.7
Bzero
41426.2
#pred survey bio
 4273.24 5562.49 9198.93 15870.4 29047.9 35096.8 31004.9 35611.2 59926.3 91066.9 111851 135745 164959 200608 181290 180330 170147 143251 148701 155066 178239 184783 189319 201702 200995 193307 184006 175757 6.0434e+06 3.26358e+06 1.71481e+06 893603 604628 496283 447984 423186 409463 401634 397123 394519 393019 392156 391658 391370 391209 391117 391066 391037 391021 391011 391006 391003 391002 391001 391000 391000 391000 391000 391000 390999 390999 390999 390999 390999 390999 390999 390999 390999 390999 390999 390999 390999 390999 390999 390999 390999 390999 390999 390999 390999 390999 390999 390999 390999 390999 390999 390999 390999 390999 390999 390999 390999 390999 390999 390999 390999 390999 390999 390999 390999 390999 390999 390999 390999 390999 390999 390999 390999 390999 390999 390999 390999 390999 390999 390999 390999 390999 390999 390999 390999 390999 390999 390999 390999 390999 390999 390999 390999 0 0 0 0 0 0 0 0 0 0 0 0 0 0 0 0 0 0 0 0 0 0 0 0 0
#obs survey bio
 3398.01 4984.9 8940.53 13685.1 22423.5 22135.5 15244.3 27784.5 52290.6 64628.1 89431.6 137223 171333 180693 112092 135708 139376 137047 125432 84672.1 138146 138785 170232 121779 182808 153636 140230 133395
#pred catch bio
 1458.08 1948.24 3201.43 5132.53 10618.3 15945.2 15388.1 14130.8 23113 40538.4 51070.3 68456.8 73076 108225 91516.5 96939.1 102317 75925 82117.7 82102.3 101560 106718 105247 123371 121865 118467 110690 104910 48287.7 67821.4 33282.8 13103.6 7690.37 6486.27 6239.1 6190.85 6181.75 6180.08 6179.78 6179.73 6179.72 6179.72 6179.72 6179.72 6179.72 6179.72 6179.72 6179.72 6179.72 6179.72 6179.72 6179.72 6179.72 6179.72 6179.72 6179.72 6179.72 6179.72 6179.72 6179.72 6179.72 6179.72 6179.72 6179.72 6179.72 6179.72 6179.72 6179.72 6179.72 6179.72 6179.72 6179.72 6179.72 6179.72 6179.72 6179.72 6179.72 6179.72 6179.72 6179.72 6179.72 6179.72 6179.72 6179.72 6179.72 6179.72 6179.72 6179.72 6179.72 6179.72 6179.72 6179.72 6179.72 6179.72 6179.72 6179.72 6179.72 6179.72 6179.72 6179.72 6179.72 6179.72 6179.72 6179.72 6179.72 6179.72 6179.72 6179.72 6179.72 6179.72 6179.72 6179.72 6179.72 6179.72 6179.72 6179.72 6179.72 6179.72 6179.72 6179.72 6179.72 6179.72 6179.72 6179.72 6179.72 6179.72 6179.72 6179.72 0 0 0 0 0 0 0 0 0 0 0 0 0 0 0 0 0 0 0 0 0 0 0 0 0
#obs catch bio
 2227.56 1988.21 3013.33 4996.53 9753.69 15148.7 17872.1 13473 21350.7 39566.5 48141.9 62970.2 65505.3 97916.4 92210.8 97098.6 103361 71532.4 76387.7 82703.3 98797.8 101315 92913.2 117850 119623 109804 111727 101247
#pred cpue bio
 2761.53 2910.46 4320.77 7373.82 13431.4 19390.3 18089.1 16856.1 26850.5 43522.6 55549.9 66695.5 76290 100654 92671.7 92010.7 85151.3 68794.5 71938.2 72465 82221.9 84801.5 86375.3 93232.9 88163 87416.7 82428.1 80137.1 2.73249e+06 2.43728e+06 1.5245e+06 751243 464365 356117 307823 283025 269302 261473 256962 254359 252858 251995 251497 251209 251048 250957 250905 250876 250860 250851 250845 250842 250841 250840 250839 250839 250839 250839 250839 250839 250839 250839 250839 250839 250839 250839 250839 250839 250839 250839 250839 250839 250839 250839 250839 250839 250839 250839 250839 250839 250839 250839 250839 250839 250839 250839 250839 250839 250839 250839 250839 250839 250839 250839 250839 250839 250839 250839 250839 250839 250839 250839 250839 250839 250839 250839 250839 250839 250839 250839 250839 250839 250839 250839 250839 250839 250839 250839 250839 250839 250839 250839 250839 250839 250839 250839 250839 250839 0 0 0 0 0 0 0 0 0 0 0 0 0 0 0 0 0 0 0 0 0 0 0 0 0
#obs cpue bio
 3504.74 3394.22 6956.99 7987.25 31574.4 24457.7 17602.3 41203.4 41640.4 56340.2 96510.4 110660 106771 158974 102173 139724 108327 94606 118174 99910.6 142658 144450 174082 157885 105536 154539 91941.6 139835
#pred surv len freq
 1.59108e-11 1.72696e-09 1.10525e-07 4.17089e-06 9.28074e-05 0.00121767 0.00942098 0.0429944 0.115918 0.186079 0.184732 0.132277 0.0948536 0.0737677 0.050939 0.0324836 0.0214097 0.0145079 0.0101921 0.00756398 0.00602462 0.00520477 0.00460711 0.00359723 0.0021134
 1.78541e-11 1.93789e-09 1.24025e-07 4.6803e-06 0.000104142 0.00136639 0.0105714 0.0482404 0.130005 0.208233 0.204543 0.140578 0.0927426 0.0669958 0.0427494 0.0237473 0.0129303 0.00692875 0.00374298 0.00218779 0.00142771 0.00105262 0.000842986 0.000633546 0.000372636
 1.8592e-11 2.01799e-09 1.29151e-07 4.87375e-06 0.000108447 0.00142286 0.0110083 0.0502326 0.135354 0.216647 0.212075 0.143735 0.0918333 0.0639158 0.0385237 0.0191011 0.00890442 0.00398926 0.0016818 0.000711435 0.000328619 0.000179574 0.000117339 7.96918e-05 4.52386e-05
 1.84645e-11 2.00415e-09 1.28265e-07 4.84032e-06 0.000107703 0.0014131 0.0109328 0.0498893 0.134443 0.215302 0.211291 0.14463 0.0942756 0.0663 0.039473 0.0187661 0.00812822 0.0032779 0.00117198 0.000387327 0.00012637 4.43949e-05 1.91901e-05 1.01685e-05 5.19978e-06
 1.86145e-11 2.02042e-09 1.29307e-07 4.87964e-06 0.000108578 0.00142458 0.0110216 0.0502934 0.135521 0.216932 0.21244 0.144215 0.0924445 0.0644469 0.0387245 0.0189289 0.00844766 0.00340846 0.00116564 0.00034705 9.32889e-05 2.33423e-05 6.02088e-06 1.89934e-06 7.23373e-07
 1.48439e-11 1.61117e-09 1.03114e-07 3.89122e-06 8.65847e-05 0.00113604 0.00878991 0.0401262 0.108348 0.175241 0.180163 0.145355 0.124522 0.102571 0.0634591 0.0300294 0.0127633 0.00502292 0.00171256 0.000505395 0.000129423 2.84249e-05 5.47793e-06 1.0114e-06 2.11733e-07
 1.4537e-11 1.57786e-09 1.00983e-07 3.81077e-06 8.47945e-05 0.00111255 0.00860812 0.0392951 0.106086 0.171447 0.175636 0.140217 0.119166 0.100417 0.0677598 0.0383516 0.019633 0.00834888 0.00280087 0.000787481 0.000194345 4.13465e-05 7.38522e-06 1.10125e-06 1.43615e-07
 1.8724e-11 2.03231e-09 1.30068e-07 4.90835e-06 0.000109217 0.00143296 0.0110863 0.0505875 0.136292 0.217996 0.21268 0.142252 0.0885252 0.0611863 0.0384236 0.0209724 0.0107801 0.00494589 0.00190921 0.000614507 0.000160504 3.36426e-05 5.76265e-06 8.08878e-07 9.15618e-08
 1.88758e-11 2.04879e-09 1.31122e-07 4.94814e-06 0.000110102 0.00144458 0.0111763 0.0509988 0.137414 0.219907 0.215084 0.145252 0.0919068 0.0628639 0.0363959 0.0164594 0.00675665 0.00272394 0.00102417 0.000347142 0.000101302 2.40368e-05 4.45771e-06 6.34445e-07 6.92255e-08
 1.77703e-11 1.92879e-09 1.23443e-07 4.65834e-06 0.000103654 0.00135998 0.0105219 0.0480178 0.129447 0.207678 0.205598 0.145531 0.101262 0.0741329 0.0439656 0.0200557 0.00807355 0.00296666 0.000932262 0.000260057 6.85073e-05 1.6465e-05 3.32393e-06 5.24298e-07 6.16364e-08
 1.71579e-11 1.86232e-09 1.19188e-07 4.4978e-06 0.000100082 0.00131311 0.0101595 0.0463661 0.125028 0.200866 0.200164 0.145189 0.105673 0.0798127 0.0482504 0.0226469 0.00944684 0.00353167 0.001089 0.00028003 6.28409e-05 1.25072e-05 2.22999e-06 3.4555e-07 4.30141e-08
 1.74954e-11 1.89896e-09 1.21533e-07 4.58629e-06 0.000102051 0.00133894 0.0103592 0.047276 0.127456 0.204561 0.202873 0.144588 0.102033 0.0758669 0.0461939 0.0223095 0.00969205 0.00375155 0.00119345 0.00031514 7.05011e-05 1.31401e-05 2.03723e-06 2.66824e-07 2.94939e-08
 1.82963e-11 1.98589e-09 1.27097e-07 4.79623e-06 0.000106722 0.00140023 0.0108333 0.0494363 0.13324 0.213509 0.21017 0.145562 0.0970725 0.0689924 0.0404094 0.018226 0.0072559 0.00266228 0.000835306 0.000222207 5.05733e-05 9.57455e-06 1.47196e-06 1.81248e-07 1.77307e-08
 1.68095e-11 1.82451e-09 1.16768e-07 4.40647e-06 9.80495e-05 0.00128645 0.00995328 0.045427 0.122523 0.197058 0.197391 0.145872 0.109519 0.0839325 0.0503185 0.0228844 0.00912166 0.00329534 0.000995086 0.00025195 5.54881e-05 1.04538e-05 1.62695e-06 2.02583e-07 1.95814e-08
 1.64367e-11 1.78404e-09 1.14178e-07 4.30874e-06 9.58748e-05 0.00125792 0.00973262 0.0444217 0.119835 0.192927 0.194158 0.14587 0.112523 0.087614 0.0528678 0.0241929 0.00968924 0.00347781 0.00102358 0.000247158 5.11919e-05 9.06437e-06 1.34505e-06 1.63823e-07 1.58152e-08
 1.67554e-11 1.81864e-09 1.16393e-07 4.3923e-06 9.77341e-05 0.00128231 0.00992125 0.0452804 0.122122 0.196365 0.196472 0.144631 0.108066 0.0832171 0.051225 0.0248315 0.0107579 0.00409059 0.00124926 0.00030995 6.4625e-05 1.1168e-05 1.57692e-06 1.81177e-07 1.66545e-08
 1.69129e-11 1.83574e-09 1.17487e-07 4.43359e-06 9.86529e-05 0.00129437 0.0100145 0.0457059 0.123267 0.198188 0.19821 0.145656 0.108352 0.0826729 0.0496633 0.0227925 0.00924273 0.00342009 0.00106592 0.00027723 6.06045e-05 1.08193e-05 1.54574e-06 1.74977e-07 1.54613e-08
 1.73821e-11 1.88666e-09 1.20746e-07 4.55658e-06 0.000101389 0.00133027 0.0102922 0.0469719 0.126661 0.203478 0.20271 0.146848 0.106403 0.0793194 0.0461032 0.0196072 0.00703005 0.00230833 0.000645069 0.000150612 3.07397e-05 5.44454e-06 7.99437e-07 9.32718e-08 8.36416e-09
 1.74152e-11 1.89025e-09 1.20976e-07 4.56525e-06 0.000101582 0.0013328 0.0103118 0.0470606 0.126892 0.203786 0.202721 0.14609 0.104989 0.0782578 0.0462613 0.0206143 0.00792339 0.00270929 0.000745543 0.000162885 3.00688e-05 4.78948e-06 6.4819e-07 7.30413e-08 6.59087e-09
 1.79556e-11 1.94891e-09 1.2473e-07 4.70693e-06 0.000104735 0.00137416 0.0106317 0.0485182 0.13079 0.20979 0.207482 0.146294 0.100943 0.0731323 0.0424958 0.0184503 0.00685391 0.00230979 0.000646548 0.000146277 2.74844e-05 4.24127e-06 5.29142e-07 5.37568e-08 4.43643e-09
 1.81419e-11 1.96913e-09 1.26024e-07 4.75574e-06 0.000105821 0.00138841 0.0107419 0.0490204 0.132134 0.21186 0.209125 0.146372 0.0995643 0.0713872 0.0412203 0.0177148 0.00647083 0.00214195 0.000588869 0.000130983 2.45277e-05 3.84732e-06 4.88478e-07 4.90322e-08 3.82464e-09
 1.80692e-11 1.96124e-09 1.25519e-07 4.7367e-06 0.000105397 0.00138286 0.0106989 0.048825 0.131617 0.211108 0.208746 0.147063 0.101203 0.0728001 0.0414159 0.0169891 0.00571705 0.001752 0.000455983 9.62313e-05 1.70927e-05 2.57518e-06 3.20093e-07 3.20593e-08 2.51486e-09
 1.8155e-11 1.97056e-09 1.26115e-07 4.7592e-06 0.000105898 0.00138942 0.0107497 0.0490564 0.132235 0.212059 0.209491 0.147067 0.10052 0.0719724 0.0408611 0.0167134 0.00558018 0.00167787 0.000419354 8.23477e-05 1.33454e-05 1.84884e-06 2.1475e-07 2.04166e-08 1.54956e-09
 1.79803e-11 1.95159e-09 1.24902e-07 4.7134e-06 0.000104879 0.00137605 0.0106463 0.0485852 0.130975 0.210114 0.207931 0.146943 0.101739 0.0735674 0.042096 0.0174887 0.00599999 0.00185041 0.000469154 9.26171e-05 1.48425e-05 1.97249e-06 2.13021e-07 1.85682e-08 1.30167e-09
 1.87164e-11 2.03149e-09 1.30015e-07 4.90636e-06 0.000109173 0.00143238 0.011082 0.0505704 0.136283 0.218283 0.214376 0.147115 0.0960718 0.066498 0.0370489 0.0147213 0.00466913 0.00133608 0.000324962 6.26419e-05 9.85432e-06 1.29044e-06 1.36886e-07 1.15208e-08 7.60527e-10
 1.81292e-11 1.96775e-09 1.25936e-07 4.75242e-06 0.000105747 0.00138744 0.0107344 0.0489872 0.132056 0.211828 0.209533 0.147799 0.101843 0.0729587 0.0407062 0.0157539 0.00470507 0.00125155 0.000285644 5.12637e-05 7.41e-06 9.03504e-07 9.16681e-08 7.50717e-09 4.84304e-10
 1.83502e-11 1.99174e-09 1.27471e-07 4.81035e-06 0.000107036 0.00140436 0.0108652 0.0495829 0.133645 0.214248 0.211309 0.147413 0.0994773 0.0704077 0.0394055 0.015565 0.00485018 0.0013441 0.000309008 5.37361e-05 7.27369e-06 8.14944e-07 7.56493e-08 5.69444e-09 3.43515e-10
 1.80507e-11 1.95923e-09 1.25391e-07 4.73185e-06 0.000105289 0.00138144 0.010688 0.0487754 0.131488 0.210943 0.208775 0.147585 0.10215 0.0735207 0.0413404 0.0163363 0.00509086 0.00141693 0.000330613 5.92676e-05 8.34283e-06 9.53522e-07 8.65802e-08 6.12593e-09 3.39547e-10
#obs surv len freq
 1.28617e-11 1.39602e-09 8.93449e-08 3.3716e-06 7.50227e-05 0.00098435 0.00761662 0.034778 0.0940025 0.152729 0.159892 0.135766 0.124842 0.11186 0.0819173 0.0507606 0.0272443 0.0119543 0.00415626 0.00113733 0.000239186 3.73542e-05 4.19357e-06 3.28355e-07 1.74432e-08
 1.83942e-11 1.99651e-09 1.27777e-07 4.82189e-06 0.000107293 0.00140773 0.0108913 0.0497005 0.133932 0.214391 0.209632 0.140746 0.0878522 0.0621552 0.0422736 0.0254513 0.0132978 0.00565312 0.00189284 0.000495408 9.89947e-05 1.45968e-05 1.53774e-06 1.1236e-07 5.54341e-09
 1.55971e-11 1.69292e-09 1.08347e-07 4.08867e-06 9.09784e-05 0.0011937 0.00923634 0.0421692 0.113904 0.184349 0.189162 0.14928 0.120562 0.0937004 0.0557971 0.0253874 0.010058 0.00363807 0.00112702 0.000279929 5.30824e-05 7.38506e-06 7.29751e-07 4.97638e-08 2.28183e-09
 1.80699e-11 1.96132e-09 1.25524e-07 4.7369e-06 0.000105402 0.00138293 0.0106998 0.0488337 0.131682 0.211366 0.208945 0.145224 0.0955283 0.0675873 0.0426445 0.0222918 0.00957192 0.00316943 0.00078512 0.000151694 2.37475e-05 2.92423e-06 2.65282e-07 1.6785e-08 7.14307e-10
 1.66019e-11 1.80198e-09 1.15327e-07 4.35207e-06 9.68395e-05 0.0012706 0.0098314 0.044885 0.121209 0.195819 0.198842 0.150511 0.112589 0.0827528 0.0483185 0.0219138 0.00839522 0.00271659 0.000692715 0.000132502 1.85444e-05 1.88122e-06 1.38499e-07 7.34982e-09 2.73592e-10
 7.23381e-12 7.85163e-10 5.02504e-08 1.89631e-06 4.21971e-05 0.000553753 0.00428818 0.0196497 0.0539505 0.0935777 0.12208 0.156008 0.188194 0.170131 0.108833 0.0532634 0.0211039 0.00651878 0.0015048 0.000260768 3.41133e-05 3.27918e-06 2.22564e-07 1.03617e-08 3.25839e-10
 1.5966e-11 1.73296e-09 1.10909e-07 4.18537e-06 9.313e-05 0.00122192 0.00945439 0.0431552 0.11642 0.187131 0.185765 0.131015 0.0921066 0.0795046 0.0691148 0.0488918 0.0248828 0.00870552 0.0021173 0.000367202 4.57317e-05 4.04374e-06 2.50035e-07 1.06427e-08 3.05857e-10
 1.802e-11 1.9559e-09 1.25177e-07 4.72382e-06 0.000105111 0.00137914 0.0106713 0.0487177 0.131512 0.21192 0.212071 0.151158 0.0997903 0.0657959 0.0368346 0.0175866 0.00798599 0.00323275 0.000992467 0.00020963 2.93941e-05 2.7169e-06 1.65876e-07 6.69369e-09 1.77755e-10
 1.59433e-11 1.73049e-09 1.10751e-07 4.17942e-06 9.29987e-05 0.00122025 0.00944313 0.043136 0.116728 0.189985 0.197449 0.156735 0.120658 0.0862967 0.0480207 0.0204788 0.00711271 0.00204432 0.000484816 9.40178e-05 1.39569e-05 1.44637e-06 9.82476e-08 4.2476e-09 1.15602e-10
 1.46972e-11 1.59524e-09 1.02096e-07 3.85279e-06 8.57311e-05 0.00112492 0.0087063 0.0397863 0.107836 0.176583 0.187375 0.156453 0.1282 0.0964661 0.0574156 0.0267703 0.00983545 0.00271869 0.000547679 8.16432e-05 9.26212e-06 7.98199e-07 5.01429e-08 2.16565e-09 6.11039e-11
 1.42105e-11 1.54242e-09 9.87148e-08 3.72521e-06 8.28928e-05 0.0010877 0.00841887 0.0384834 0.104407 0.171533 0.183762 0.156263 0.130184 0.0994077 0.0609573 0.0297717 0.0114938 0.00333104 0.000696974 0.000103726 1.08608e-05 7.91948e-07 4.00574e-08 1.40269e-09 3.36376e-11
 1.67136e-11 1.8141e-09 1.16102e-07 4.38137e-06 9.74926e-05 0.00127923 0.00989992 0.0452249 0.122362 0.198736 0.203839 0.153954 0.109245 0.076041 0.045403 0.0221454 0.00860398 0.00252926 0.000541929 8.28765e-05 8.84151e-06 6.41782e-07 3.10724e-08 9.90319e-10 2.06041e-11
 1.52929e-11 1.65991e-09 1.06234e-07 4.00898e-06 8.92076e-05 0.00117059 0.00906112 0.0414278 0.112445 0.184771 0.196934 0.162634 0.126414 0.0877188 0.0476452 0.0202786 0.00701459 0.00192604 0.000399554 6.02661e-05 6.39611e-06 4.63255e-07 2.23244e-08 7.01803e-10 1.4171e-11
 1.29082e-11 1.40107e-09 8.96685e-08 3.38386e-06 7.52995e-05 0.000988179 0.00765184 0.0350306 0.0955445 0.159733 0.179582 0.165813 0.144873 0.10821 0.0623457 0.0277292 0.00949323 0.00241458 0.000446963 6.02255e-05 5.85632e-06 3.99624e-07 1.84913e-08 5.63501e-10 1.10639e-11
 1.22583e-11 1.33053e-09 8.51539e-08 3.21351e-06 7.15096e-05 0.000938485 0.00726811 0.0332897 0.0909316 0.152674 0.173418 0.162867 0.145536 0.11325 0.0699527 0.0336705 0.0122357 0.00321262 0.000595609 7.73453e-05 6.96948e-06 4.30037e-07 1.79173e-08 4.96627e-10 9.00404e-12
 1.36911e-11 1.48605e-09 9.51073e-08 3.58912e-06 7.98676e-05 0.00104814 0.00811632 0.0371535 0.101239 0.168324 0.184946 0.161295 0.133011 0.0993713 0.0609356 0.0296908 0.011086 0.00302785 0.000585732 7.84511e-05 7.12151e-06 4.30063e-07 1.7038e-08 4.382e-10 7.25051e-12
 1.35256e-11 1.46808e-09 9.39577e-08 3.54576e-06 7.89043e-05 0.00103558 0.00802085 0.0367442 0.100362 0.168041 0.187775 0.167494 0.137841 0.0986204 0.0563672 0.0255663 0.0090853 0.00242713 0.000468702 6.33839e-05 5.82817e-06 3.55071e-07 1.40456e-08 3.5533e-10 5.68399e-12
 1.4e-11 1.51957e-09 9.72532e-08 3.67013e-06 8.16728e-05 0.00107193 0.00830285 0.0380386 0.103885 0.173664 0.192521 0.167947 0.134184 0.0940835 0.0528893 0.0232173 0.00778425 0.00193079 0.000346577 4.41906e-05 3.89999e-06 2.31246e-07 8.9716e-09 2.23088e-10 3.50056e-12
 1.41943e-11 1.54066e-09 9.86029e-08 3.72109e-06 8.28081e-05 0.00108689 0.00841999 0.0385913 0.105505 0.176756 0.196413 0.170581 0.133571 0.0906999 0.049087 0.0206828 0.00664707 0.00157259 0.000266231 3.1617e-05 2.58189e-06 1.41917e-07 5.14325e-09 1.20596e-10 1.79914e-12
 1.42095e-11 1.54231e-09 9.87091e-08 3.72513e-06 8.29e-05 0.00108817 0.0084316 0.0386659 0.105862 0.177942 0.1988 0.17302 0.134064 0.0890545 0.0467593 0.0189213 0.00578309 0.00129256 0.000205804 2.28905e-05 1.74199e-06 8.87397e-08 2.96689e-09 6.40401e-11 8.80234e-13
 1.44061e-11 1.56365e-09 1.00075e-07 3.77669e-06 8.40494e-05 0.00110333 0.00855037 0.0392259 0.107483 0.180886 0.201999 0.174321 0.13249 0.0860506 0.0441279 0.0173259 0.00508675 0.00108143 0.000162342 1.6897e-05 1.19672e-06 5.65241e-08 1.74733e-09 3.47871e-11 4.40039e-13
 1.48135e-11 1.60787e-09 1.02905e-07 3.88355e-06 8.64291e-05 0.00113462 0.00879395 0.0403528 0.110603 0.186038 0.206671 0.175202 0.129104 0.0811289 0.0402853 0.0152711 0.00430955 0.000876533 0.000125121 1.22905e-05 8.15321e-07 3.58409e-08 1.02622e-09 1.88598e-11 2.19722e-13
 1.45524e-11 1.57954e-09 1.01093e-07 3.8152e-06 8.49121e-05 0.00111486 0.00864405 0.0397058 0.109122 0.184727 0.207768 0.178565 0.131547 0.0810217 0.038902 0.0141389 0.00380768 0.000737157 9.98712e-05 9.27455e-06 5.79012e-07 2.38413e-08 6.36484e-10 1.08604e-11 1.17051e-13
 1.44762e-11 1.57127e-09 1.00564e-07 3.79531e-06 8.44733e-05 0.00110923 0.00860299 0.0395466 0.108869 0.184913 0.208933 0.179863 0.131758 0.0803745 0.0381141 0.0135593 0.00352659 0.000651487 8.35197e-05 7.29957e-06 4.27395e-07 1.64623e-08 4.10165e-10 6.51649e-12 6.52409e-14
 1.43841e-11 1.56128e-09 9.99255e-08 3.7713e-06 8.39438e-05 0.00110244 0.00855368 0.0393571 0.108582 0.185233 0.210629 0.181866 0.13214 0.0791822 0.0367055 0.0127113 0.00320298 0.000570091 6.99141e-05 5.79652e-06 3.19399e-07 1.15063e-08 2.67007e-10 3.94048e-12 3.65848e-14
 1.32037e-11 1.43316e-09 9.17277e-08 3.46209e-06 7.70729e-05 0.00101263 0.00786552 0.0362982 0.100916 0.175382 0.207047 0.188197 0.141825 0.0854819 0.03899 0.0131125 0.00318148 0.00054225 6.34143e-05 4.99331e-06 2.60162e-07 8.82087e-09 1.91754e-10 2.63965e-12 2.2777e-14
 1.3344e-11 1.4484e-09 9.27035e-08 3.49901e-06 7.78988e-05 0.00102359 0.00795244 0.0367113 0.102081 0.17717 0.207925 0.186847 0.139728 0.0846271 0.0390062 0.0131341 0.00313437 0.00051674 5.7759e-05 4.31284e-06 2.11984e-07 6.75587e-09 1.37656e-10 1.77174e-12 1.42601e-14
 1.34792e-11 1.46309e-09 9.36455e-08 3.53471e-06 7.87012e-05 0.00103437 0.00804027 0.0371567 0.103528 0.180189 0.211626 0.188484 0.137725 0.0808636 0.0361448 0.0118576 0.00276982 0.000447203 4.86942e-05 3.5083e-06 1.64631e-07 4.96366e-09 9.50368e-11 1.14412e-12 8.58686e-15
#pred catch len freq
 1.00671e-11 1.09269e-09 6.99319e-08 2.63902e-06 5.87217e-05 0.000770473 0.00596187 0.0272269 0.0736651 0.120341 0.129352 0.119108 0.120659 0.112658 0.084736 0.0584309 0.0407573 0.0283469 0.0201288 0.0149999 0.0119627 0.0103383 0.00915175 0.00714578 0.00419819
 1.28991e-11 1.40008e-09 8.96049e-08 3.38141e-06 7.52408e-05 0.000987206 0.00763854 0.0348749 0.0942323 0.15293 0.159676 0.135276 0.124218 0.108832 0.0752055 0.0446899 0.0257468 0.0142037 0.00777399 0.00457028 0.00298841 0.00220442 0.00176558 0.00132694 0.000780477
 1.41102e-11 1.53153e-09 9.80177e-08 3.69888e-06 8.2305e-05 0.00107989 0.00835554 0.0381453 0.103025 0.166847 0.172548 0.14188 0.124992 0.105648 0.0685844 0.0360833 0.0178263 0.00825966 0.00353557 0.00150679 0.000698246 0.00038195 0.000249637 0.000169549 9.62484e-05
 1.38279e-11 1.50088e-09 9.60562e-08 3.62487e-06 8.0658e-05 0.00105828 0.00818847 0.037385 0.101006 0.163849 0.17072 0.143606 0.130004 0.110643 0.070743 0.0356485 0.0164133 0.00687195 0.0024998 0.000833713 0.00027329 9.61935e-05 4.16057e-05 2.20489e-05 1.12752e-05
 1.42868e-11 1.5507e-09 9.92446e-08 3.74518e-06 8.33352e-05 0.00109341 0.00846011 0.0386223 0.104308 0.168885 0.174466 0.142965 0.125353 0.105581 0.0681256 0.0351957 0.0165794 0.00690312 0.0023948 0.000718652 0.000194034 4.86506e-05 1.25596e-05 3.96321e-06 1.5095e-06
 1.00878e-11 1.09493e-09 7.00754e-08 2.64443e-06 5.88424e-05 0.000772072 0.00597482 0.0272997 0.074049 0.122472 0.138598 0.144449 0.1614 0.148247 0.0955688 0.0472504 0.0211284 0.00858702 0.00297064 0.000883141 0.00022704 4.99557e-05 9.63509e-06 1.77957e-06 3.72598e-07
 9.87465e-12 1.0718e-09 6.8595e-08 2.58857e-06 5.75992e-05 0.000755757 0.00584844 0.0267192 0.0724336 0.119473 0.133722 0.136112 0.150419 0.141961 0.100646 0.059797 0.0318411 0.0138047 0.00467371 0.00132205 0.000327541 6.98154e-05 1.24802e-05 1.86161e-06 2.42807e-07
 1.45532e-11 1.57961e-09 1.01095e-07 3.815e-06 8.48886e-05 0.00111378 0.00861764 0.039338 0.106194 0.171554 0.175433 0.139254 0.117459 0.098809 0.0671113 0.0388184 0.0209076 0.00982211 0.00383225 0.00124051 0.000324974 6.82163e-05 1.16936e-05 1.64199e-06 1.85897e-07
 1.48496e-11 1.61178e-09 1.03154e-07 3.8927e-06 8.66176e-05 0.00113647 0.00879324 0.0401413 0.108386 0.175289 0.180146 0.145165 0.124148 0.10215 0.0631499 0.0299471 0.0129788 0.00542792 0.00207439 0.000708157 0.000207312 4.92558e-05 9.13983e-06 1.30116e-06 1.4199e-07
 1.36674e-11 1.48347e-09 9.49417e-08 3.58281e-06 7.97222e-05 0.00104601 0.00809356 0.0369536 0.0998667 0.162216 0.170015 0.145504 0.134242 0.114372 0.0714915 0.0339759 0.0143269 0.00542924 0.0017306 0.000486452 0.000128705 3.09911e-05 6.2606e-06 9.87739e-07 1.16129e-07
 1.29054e-11 1.40076e-09 8.96484e-08 3.38306e-06 7.52775e-05 0.000987693 0.00764253 0.0348982 0.0943659 0.153715 0.163136 0.144755 0.139239 0.12112 0.0769762 0.0376742 0.0164496 0.00632861 0.00197684 0.0005119 0.00011537 2.30132e-05 4.1072e-06 6.3668e-07 7.92648e-08
 1.36769e-11 1.4845e-09 9.50079e-08 3.5853e-06 7.97777e-05 0.00104673 0.00809915 0.0369782 0.0999204 0.1622 0.169523 0.143921 0.131749 0.112662 0.0720716 0.0361633 0.0163305 0.00646883 0.00207917 0.000552085 0.000123919 2.3135e-05 3.58966e-06 4.70325e-07 5.19966e-08
 1.43952e-11 1.56246e-09 9.99971e-08 3.77358e-06 8.39671e-05 0.0011017 0.00852431 0.0389163 0.105115 0.170294 0.176395 0.145697 0.128674 0.107409 0.0665026 0.0312325 0.0130178 0.00492697 0.00156792 0.00042006 9.59811e-05 1.82062e-05 2.80139e-06 3.45083e-07 3.3764e-08
 1.30779e-11 1.41948e-09 9.08465e-08 3.42827e-06 7.62835e-05 0.00100089 0.00774465 0.0353642 0.0956213 0.155723 0.165091 0.14602 0.139783 0.120723 0.0753162 0.0353389 0.0146035 0.0054055 0.0016504 0.000420244 9.28639e-05 1.75249e-05 2.72942e-06 3.39965e-07 3.28651e-08
 1.23391e-11 1.33929e-09 8.57143e-08 3.23459e-06 7.19741e-05 0.000944354 0.00730736 0.0333718 0.0902934 0.147526 0.158632 0.145876 0.14552 0.12787 0.0804154 0.038119 0.0159046 0.00586586 0.00174773 0.000424748 8.83333e-05 1.56749e-05 2.32825e-06 2.83696e-07 2.73925e-08
 1.29518e-11 1.40579e-09 8.99705e-08 3.39521e-06 7.55479e-05 0.00099124 0.00766995 0.0350227 0.0946927 0.154169 0.163252 0.143967 0.137671 0.119897 0.0770611 0.0386852 0.0173685 0.00674551 0.00207946 0.000518606 0.000108487 1.87809e-05 2.65408e-06 3.05054e-07 2.80467e-08
 1.37059e-11 1.48764e-09 9.52088e-08 3.59289e-06 7.99464e-05 0.00104895 0.00811633 0.0370575 0.100146 0.162663 0.170448 0.145777 0.134347 0.11427 0.0711217 0.033483 0.013969 0.00526717 0.0016555 0.000432371 9.47407e-05 1.69332e-05 2.42054e-06 2.74076e-07 2.4221e-08
 1.37991e-11 1.49776e-09 9.58565e-08 3.61733e-06 8.04903e-05 0.00105608 0.00817157 0.0373103 0.100837 0.163847 0.171973 0.147755 0.136631 0.115435 0.0698144 0.03052 0.0113369 0.00382759 0.00108397 0.000254722 5.21868e-05 9.26151e-06 1.36105e-06 1.58852e-07 1.42473e-08
 1.39898e-11 1.51846e-09 9.7181e-08 3.66731e-06 8.16024e-05 0.00107067 0.00828439 0.0378236 0.1022 0.165864 0.173175 0.146514 0.133216 0.112355 0.0691553 0.0317046 0.0125927 0.00440499 0.00122469 0.000268971 4.98284e-05 7.95344e-06 1.07745e-06 1.21464e-07 1.09622e-08
 1.45632e-11 1.5807e-09 1.01165e-07 3.81764e-06 8.49474e-05 0.00111456 0.00862382 0.0393704 0.106339 0.172253 0.178309 0.146957 0.129266 0.107133 0.0650377 0.0290671 0.0111783 0.00386454 0.00109462 0.000249079 4.69646e-05 7.26151e-06 9.06812e-07 9.21684e-08 7.60818e-09
 1.51354e-11 1.6428e-09 1.05139e-07 3.96761e-06 8.82845e-05 0.00115834 0.00896244 0.0409133 0.110465 0.178602 0.18332 0.147098 0.124876 0.101663 0.0611455 0.0269347 0.0101295 0.00342754 0.000952039 0.000212815 3.99731e-05 6.2807e-06 7.98072e-07 8.01377e-08 6.25202e-09
 1.51173e-11 1.64084e-09 1.05014e-07 3.96289e-06 8.81795e-05 0.00115696 0.00895182 0.0408655 0.110345 0.178485 0.183555 0.148173 0.126661 0.102928 0.0608113 0.0254827 0.0088123 0.00276498 0.000728138 0.0001545 2.75307e-05 4.15539e-06 5.16963e-07 5.17974e-08 4.06392e-09
 1.50709e-11 1.6358e-09 1.04691e-07 3.95072e-06 8.79087e-05 0.00115341 0.00892434 0.0407403 0.110011 0.177976 0.183176 0.14824 0.12714 0.103472 0.0611359 0.0255828 0.00879574 0.0027128 0.00068664 0.000135618 2.20595e-05 3.06322e-06 3.56222e-07 3.38843e-08 2.57232e-09
 1.52626e-11 1.65661e-09 1.06023e-07 4.00097e-06 8.90267e-05 0.00116808 0.00903778 0.041257 0.11139 0.180074 0.184715 0.147901 0.125082 0.101249 0.0599964 0.0254133 0.00892867 0.00280835 0.000718851 0.000142532 2.29051e-05 3.04937e-06 3.2962e-07 2.87444e-08 2.01547e-09
 1.62476e-11 1.76352e-09 1.12865e-07 4.25917e-06 9.4772e-05 0.00124346 0.00962078 0.0439134 0.118495 0.191016 0.19339 0.148271 0.117712 0.0919285 0.0531782 0.0215081 0.00697283 0.00203709 0.00050091 9.70293e-05 1.53074e-05 2.00808e-06 2.13204e-07 1.79517e-08 1.1853e-09
 1.55016e-11 1.68255e-09 1.07683e-07 4.06363e-06 9.0421e-05 0.00118637 0.0091793 0.0419025 0.113126 0.182823 0.187265 0.149214 0.125155 0.10021 0.0577928 0.0227162 0.00692621 0.00188331 0.000435256 7.85443e-05 1.1389e-05 1.39156e-06 1.41344e-07 1.15814e-08 7.47317e-10
 1.57075e-11 1.70489e-09 1.09113e-07 4.11758e-06 9.16215e-05 0.00120212 0.0093011 0.0424572 0.114605 0.185064 0.188861 0.148696 0.122711 0.0976804 0.0566628 0.0227761 0.00725851 0.00205579 0.00047813 8.35627e-05 1.13456e-05 1.27404e-06 1.18423e-07 8.92e-09 5.38261e-10
 1.52609e-11 1.65642e-09 1.06011e-07 4.00052e-06 8.90168e-05 0.00116795 0.0090368 0.0412531 0.111387 0.180134 0.185075 0.148933 0.126667 0.102303 0.0595568 0.0239543 0.00764185 0.00217621 0.000514032 9.26411e-05 1.30822e-05 1.49846e-06 1.36229e-07 9.64474e-09 5.3476e-10
#obs catch len freq
 1.08683e-11 1.17966e-09 7.54979e-08 2.84906e-06 6.33956e-05 0.000831807 0.00643676 0.0294015 0.0796151 0.130494 0.141835 0.133467 0.137246 0.129059 0.0963556 0.0606275 0.0329754 0.0146419 0.00515608 0.00143075 0.000305365 4.84398e-05 5.52865e-06 4.40401e-07 2.38096e-08
 1.11878e-11 1.21433e-09 7.77172e-08 2.93281e-06 6.52593e-05 0.000856263 0.00662609 0.0302676 0.0819692 0.134359 0.145768 0.135755 0.136977 0.126707 0.0932756 0.057645 0.0305921 0.0131835 0.0044787 0.00119011 0.000241408 3.61266e-05 3.8622e-06 2.86344e-07 1.43326e-08
 1.72223e-11 1.86932e-09 1.19636e-07 4.51471e-06 0.000100458 0.00131806 0.0101978 0.046543 0.125509 0.201537 0.199769 0.140804 0.0964605 0.0726276 0.0501733 0.0301438 0.0155521 0.00648365 0.00211801 0.000537475 0.000103434 1.45933e-05 1.46211e-06 1.01047e-07 4.69304e-09
 1.43707e-11 1.5598e-09 9.98272e-08 3.76717e-06 8.38249e-05 0.00109986 0.0085108 0.0388685 0.105132 0.171172 0.179852 0.151395 0.131621 0.104953 0.0624514 0.0282677 0.0111009 0.00394779 0.00119277 0.000286845 5.23048e-05 6.95306e-06 6.52611e-07 4.20477e-08 1.81336e-09
 1.71671e-11 1.86333e-09 1.19253e-07 4.50024e-06 0.000100136 0.00131385 0.0101657 0.046404 0.125222 0.201639 0.201936 0.14635 0.103137 0.075814 0.0480683 0.0249267 0.010518 0.00340117 0.000820591 0.000153825 2.31913e-05 2.72759e-06 2.34753e-07 1.40175e-08 5.60534e-10
 1.57287e-11 1.7072e-09 1.09261e-07 4.12317e-06 9.17464e-05 0.00120379 0.00931498 0.0425376 0.11499 0.18658 0.19262 0.152565 0.120651 0.0904691 0.0526728 0.0236836 0.0089406 0.0028269 0.000699659 0.00012918 1.73636e-05 1.6833e-06 1.17738e-07 5.89795e-09 2.06102e-10
 6.55488e-12 7.11471e-10 4.55342e-08 1.71834e-06 3.82375e-05 0.000501824 0.00388713 0.0178327 0.0491927 0.086814 0.118448 0.159266 0.195118 0.175354 0.111067 0.0536776 0.0208539 0.00627464 0.0014052 0.000235118 2.95067e-05 2.70417e-06 1.74104e-07 7.65514e-09 2.26353e-10
 1.53138e-11 1.66216e-09 1.06378e-07 4.0144e-06 8.93259e-05 0.00117202 0.00906861 0.0414007 0.111756 0.180082 0.180471 0.131099 0.0968313 0.0858045 0.0742473 0.0514479 0.0254679 0.00864185 0.00203278 0.000339443 4.0488e-05 3.41124e-06 1.99985e-07 8.03226e-09 2.16908e-10
 1.75593e-11 1.9059e-09 1.21977e-07 4.60306e-06 0.000102425 0.0013439 0.0103991 0.0474834 0.128268 0.207232 0.209277 0.152816 0.104096 0.0693637 0.0386731 0.0183427 0.00820236 0.00322328 0.00095159 0.000192319 2.57157e-05 2.25918e-06 1.30615e-07 4.97161e-09 1.2406e-10
 1.55095e-11 1.68341e-09 1.07738e-07 4.06572e-06 9.0469e-05 0.00118708 0.00918709 0.0419778 0.11371 0.185756 0.195327 0.15899 0.125033 0.0893715 0.04917 0.0206524 0.00702606 0.00196745 0.000452198 8.42432e-05 1.19021e-05 1.16695e-06 7.47512e-08 3.04047e-09 7.76762e-11
 1.43144e-11 1.5537e-09 9.94367e-08 3.75246e-06 8.3499e-05 0.00109566 0.00848057 0.0387675 0.105199 0.172973 0.185792 0.158762 0.132155 0.0990841 0.0582508 0.0266716 0.0095481 0.00255658 0.000497135 7.12385e-05 7.72003e-06 6.30753e-07 3.73145e-08 1.51076e-09 3.98558e-11
 1.39069e-11 1.50947e-09 9.6606e-08 3.64564e-06 8.11227e-05 0.0010645 0.0082401 0.0376793 0.102349 0.168823 0.182884 0.15854 0.133482 0.101321 0.061316 0.0293721 0.0110326 0.00309149 0.00062244 8.86983e-05 8.84897e-06 6.11942e-07 2.92114e-08 9.6021e-10 2.15082e-11
 1.65218e-11 1.79329e-09 1.1477e-07 4.3311e-06 9.63745e-05 0.00126458 0.00978717 0.0447197 0.121084 0.197125 0.203524 0.155665 0.11141 0.0771163 0.0454167 0.021705 0.00819714 0.00232758 0.000479169 7.00162e-05 7.09975e-06 4.87684e-07 2.22589e-08 6.66406e-10 1.29793e-11
 1.51443e-11 1.64378e-09 1.05202e-07 3.97003e-06 8.83418e-05 0.00115926 0.00897428 0.0410439 0.111518 0.183812 0.197393 0.164735 0.128146 0.0878549 0.046943 0.0195837 0.00659229 0.0017484 0.000348154 5.0106e-05 5.04617e-06 3.45213e-07 1.56532e-08 4.61534e-10 8.71729e-12
 1.28145e-11 1.3909e-09 8.90175e-08 3.35931e-06 7.47541e-05 0.000981064 0.00759784 0.0347995 0.0950495 0.159532 0.180843 0.168277 0.146342 0.107722 0.0609374 0.026466 0.00878434 0.00215442 0.000382819 4.92366e-05 4.5413e-06 2.92327e-07 1.27058e-08 3.62515e-10 6.64689e-12
 1.22202e-11 1.32639e-09 8.48896e-08 3.20355e-06 7.1289e-05 0.000935635 0.00724718 0.0332101 0.090844 0.153097 0.175149 0.165355 0.146792 0.112524 0.0681682 0.0319623 0.0112324 0.00283701 0.000503615 6.23035e-05 5.32134e-06 3.09755e-07 1.21219e-08 3.14345e-10 5.3149e-12
 1.3698e-11 1.4868e-09 9.51554e-08 3.59095e-06 7.99094e-05 0.00104874 0.00812198 0.0371941 0.101462 0.169163 0.186817 0.163436 0.13377 0.0983814 0.059135 0.0280529 0.0101213 0.002655 0.0004906 6.24398e-05 5.36134e-06 3.05042e-07 1.13457e-08 2.73052e-10 4.21511e-12
 1.3579e-11 1.47388e-09 9.43289e-08 3.55978e-06 7.92178e-05 0.00103974 0.00805438 0.0369141 0.100944 0.169472 0.190142 0.169566 0.137927 0.0968891 0.0542338 0.0239551 0.00822667 0.00210948 0.00038861 4.98476e-05 4.32643e-06 2.47823e-07 9.18764e-09 2.17258e-10 3.24101e-12
 1.40897e-11 1.52931e-09 9.78765e-08 3.69368e-06 8.21981e-05 0.00107889 0.00835797 0.0383072 0.10473 0.175477 0.195101 0.169857 0.133905 0.0920272 0.0505537 0.0215615 0.00697578 0.0016599 0.000284185 3.43501e-05 2.85798e-06 1.5906e-07 5.77287e-09 1.33938e-10 1.95698e-12
 1.43193e-11 1.55423e-09 9.94716e-08 3.7539e-06 8.354e-05 0.00109656 0.00849627 0.0389576 0.106616 0.178974 0.199251 0.172315 0.132813 0.0882415 0.0466093 0.0190601 0.00590302 0.00133765 0.000215698 2.4263e-05 1.86698e-06 9.62645e-08 3.26045e-09 7.12344e-11 9.87997e-13
 1.43631e-11 1.55899e-09 9.97764e-08 3.76544e-06 8.3799e-05 0.00110005 0.0085251 0.0391123 0.107193 0.180501 0.201863 0.174625 0.132926 0.0862578 0.0441363 0.0173096 0.0050923 0.001089 0.000164983 1.73634e-05 1.244e-06 5.94078e-08 1.85544e-09 3.73025e-11 4.76404e-13
 1.45831e-11 1.58286e-09 1.01305e-07 3.82316e-06 8.50857e-05 0.00111701 0.00865802 0.0397377 0.108992 0.183706 0.205195 0.175769 0.131046 0.0830286 0.041431 0.0157426 0.00444289 0.000902676 0.000128801 1.26741e-05 8.44459e-07 3.73675e-08 1.0785e-09 1.99904e-11 2.34884e-13
 1.50078e-11 1.62897e-09 1.04256e-07 3.93456e-06 8.75669e-05 0.00114965 0.00891208 0.0409131 0.11224 0.18903 0.209902 0.176437 0.127377 0.0779725 0.0376227 0.0137849 0.00373504 0.000725125 9.82712e-05 9.11712e-06 5.68548e-07 2.34017e-08 6.25327e-10 1.06958e-11 1.15713e-13
 1.47661e-11 1.60273e-09 1.02578e-07 3.8713e-06 8.61637e-05 0.0011314 0.0087742 0.0403234 0.110923 0.187987 0.211181 0.179679 0.129485 0.0775993 0.0361661 0.012692 0.00327842 0.000605168 7.77567e-05 6.81318e-06 3.99506e-07 1.5392e-08 3.8329e-10 6.08476e-12 6.08845e-14
 1.47091e-11 1.59655e-09 1.02183e-07 3.85648e-06 8.58382e-05 0.00112727 0.00874499 0.0402199 0.110823 0.188403 0.212481 0.180883 0.129476 0.0767588 0.035278 0.0120995 0.00301464 0.000530489 6.44423e-05 5.30992e-06 2.91784e-07 1.05085e-08 2.4407e-10 3.60585e-12 3.35029e-14
 1.4634e-11 1.58841e-09 1.01663e-07 3.83694e-06 8.54091e-05 0.00112182 0.00870631 0.040081 0.110679 0.188938 0.214288 0.18275 0.129601 0.0753935 0.0338329 0.011282 0.00271998 0.000460582 5.34627e-05 4.17526e-06 2.15783e-07 7.26484e-09 1.57084e-10 2.15486e-12 1.85594e-14
 1.34745e-11 1.46257e-09 9.36106e-08 3.53327e-06 7.86629e-05 0.00103368 0.00803189 0.0370912 0.103228 0.179493 0.2111 0.189121 0.138931 0.0812572 0.0358535 0.0115992 0.00268996 0.000435734 4.81822e-05 3.57024e-06 1.74324e-07 5.52009e-09 1.11762e-10 1.42963e-12 1.14414e-14
 1.36275e-11 1.47918e-09 9.4675e-08 3.57354e-06 7.95642e-05 0.00104565 0.00812673 0.0375409 0.104488 0.181406 0.212045 0.18778 0.136816 0.0802966 0.03573 0.0115516 0.00263148 0.00041194 4.35037e-05 3.05467e-06 1.40606e-07 4.18233e-09 7.93218e-11 9.48216e-13 7.07566e-15
#spawning biomass
 3851.71 4782.9 7737.88 13352.5 24378.4 31281.9 27848.7 29920.7 49962.1 77503.8 96256.8 116230 139009 173513 157746 156318 146956 122552 127250 131372 150455 156045 159608 170644 167553 162886 154458 148365 145260 144544 63603.8 26791.9 17175 15042.1 14604.4 14518.9 14502.8 14499.9 14499.3 14499.2 14499.2 14499.2 14499.2 14499.2 14499.2 14499.2 14499.2 14499.2 14499.2 14499.2 14499.2 14499.2 14499.2 14499.2 14499.2 14499.2 14499.2 14499.2 14499.2 14499.2 14499.2 14499.2 14499.2 14499.2 14499.2 14499.2 14499.2 14499.2 14499.2 14499.2 14499.2 14499.2 14499.2 14499.2 14499.2 14499.2 14499.2 14499.2 14499.2 14499.2 14499.2 14499.2 14499.2 14499.2 14499.2 14499.2 14499.2 14499.2 14499.2 14499.2 14499.2 14499.2 14499.2 14499.2 14499.2 14499.2 14499.2 14499.2 14499.2 14499.2 14499.2 14499.2 14499.2 14499.2 14499.2 14499.2 14499.2 14499.2 14499.2 14499.2 14499.2 14499.2 14499.2 14499.2 14499.2 14499.2 14499.2 14499.2 14499.2 14499.2 14499.2 14499.2 14499.2 14499.2 14499.2 14499.2 14499.2 14499.2 0 0 0 0 0 0 0 0 0 0 0 0 0 0 0 0 0 0 0 0 0 0 0 0 0
