SBPRF35
0.0255072
Curr Bio
54069.4
B35
23945
F35
6.51066
FOFL
6.51066
OFL
111959
Bzero
7285.96
#pred survey bio
 10249.6 7678.56 8620.12 10470.5 12432.8 14389.6 14097.4 14936 25131 36574.3 36942.5 44179.4 66469 74024.1 62086.8 50912.3 51855 56181.9 55475.7 56537.7 57924.2 63613.3 68134.6 67328.6 73384.7 75915.9 74312.7 90569.8 2.55649e+06 1.33567e+06 351672 167420 126432 114280 110629 109527 109193 109091 109060 109051 109048 109047 109047 109046 109046 109046 109046 109046 109046 109046 109046 109046 109046 109046 109046 109046 109046 109046 109046 109046 109046 109046 109046 109046 109046 109046 109046 109046 109046 109046 109046 109046 109046 109046 109046 109046 109046 109046 109046 109046 109046 109046 109046 109046 109046 109046 109046 109046 109046 109046 109046 109046 109046 109046 109046 109046 109046 109046 109046 109046 109046 109046 109046 109046 109046 109046 109046 109046 109046 109046 109046 109046 109046 109046 109046 109046 109046 109046 109046 109046 109046 109046 109046 109046 109046 109046 109046 109046 0 0 0 0 0 0 0 0 0 0 0 0 0 0 0 0 0 0 0 0 0 0 0 0 0
#obs survey bio
 7912.98 8060.13 7057.77 10875.1 9302.3 10667.8 8408.91 13998.6 31274.2 41274.4 29481.7 71916.4 78605.5 56449.6 54468.4 46047.8 52875.1 49153.9 92307.4 54197.6 55200.2 90807 70570.4 47907.9 82784.8 65521.7 93488 129903
#pred catch bio
 4474.49 3234.8 3580.95 5312.45 6031.92 7564.79 8247.91 7955.28 8640.4 18315.9 23404 17749.3 32637.3 46949 43384.7 35042.3 31092.4 36862.4 33672.5 34399.3 34069 33469.9 43153.4 39969.6 41787.2 49400.8 43519.4 43767.7 111959 62888.9 6576.12 4347.84 4345.39 4345.39 4345.39 4345.39 4345.39 4345.39 4345.39 4345.39 4345.39 4345.39 4345.39 4345.39 4345.39 4345.39 4345.39 4345.39 4345.39 4345.39 4345.39 4345.39 4345.39 4345.39 4345.39 4345.39 4345.39 4345.39 4345.39 4345.39 4345.39 4345.39 4345.39 4345.39 4345.39 4345.39 4345.39 4345.39 4345.39 4345.39 4345.39 4345.39 4345.39 4345.39 4345.39 4345.39 4345.39 4345.39 4345.39 4345.39 4345.39 4345.39 4345.39 4345.39 4345.39 4345.39 4345.39 4345.39 4345.39 4345.39 4345.39 4345.39 4345.39 4345.39 4345.39 4345.39 4345.39 4345.39 4345.39 4345.39 4345.39 4345.39 4345.39 4345.39 4345.39 4345.39 4345.39 4345.39 4345.39 4345.39 4345.39 4345.39 4345.39 4345.39 4345.39 4345.39 4345.39 4345.39 4345.39 4345.39 4345.39 4345.39 4345.39 4345.39 4345.39 4345.39 4345.39 4345.39 0 0 0 0 0 0 0 0 0 0 0 0 0 0 0 0 0 0 0 0 0 0 0 0 0
#obs catch bio
 3559.48 3237.91 3569.8 5316.93 6070.78 7613.29 8508.16 8219.24 8481.76 17685.8 24051.6 17302.8 31654.3 46967 43450.9 36231.1 31288.6 37531.6 33638.5 34063.3 34326.6 32684.8 42757.8 39939.5 41386.7 49916.9 43943.5 43911.7
#pred cpue bio
 8002.02 4936.86 5152.65 6231.36 7098.49 8655.14 9021.04 8378.38 11685.7 22016.6 23581 22211.5 37034.3 46077.7 40002.6 30863.7 28652.7 33337.2 32379.9 33809.4 33995.7 36541.9 41961.4 39066.3 42472.8 46309.6 43100.2 48984.4 1.51575e+06 1.07218e+06 331363 124467 81101.5 68741.5 65073.1 63969.5 63635.4 63533.9 63502.9 63493.4 63490.5 63489.7 63489.4 63489.3 63489.3 63489.3 63489.3 63489.3 63489.3 63489.3 63489.3 63489.3 63489.3 63489.3 63489.3 63489.3 63489.3 63489.3 63489.3 63489.3 63489.3 63489.3 63489.3 63489.3 63489.3 63489.3 63489.3 63489.3 63489.3 63489.3 63489.3 63489.3 63489.3 63489.3 63489.3 63489.3 63489.3 63489.3 63489.3 63489.3 63489.3 63489.3 63489.3 63489.3 63489.3 63489.3 63489.3 63489.3 63489.3 63489.3 63489.3 63489.3 63489.3 63489.3 63489.3 63489.3 63489.3 63489.3 63489.3 63489.3 63489.3 63489.3 63489.3 63489.3 63489.3 63489.3 63489.3 63489.3 63489.3 63489.3 63489.3 63489.3 63489.3 63489.3 63489.3 63489.3 63489.3 63489.3 63489.3 63489.3 63489.3 63489.3 63489.3 63489.3 63489.3 63489.3 63489.3 63489.3 0 0 0 0 0 0 0 0 0 0 0 0 0 0 0 0 0 0 0 0 0 0 0 0 0
#obs cpue bio
 3548.71 6881.62 5364.75 7093.62 5684.1 9803.82 7338.6 9255.28 17780.6 31155 18595.9 32585.4 35445.1 43881 40479 20812.8 20393.3 33383.4 28073.9 34690.4 33030.6 46044.4 46575.4 40832.9 43513.5 41873.2 28725.4 38167.5
#pred surv len freq
 2.14101e-27 2.16145e-27 5.38015e-27 1.10108e-21 6.54854e-17 8.95396e-13 2.81469e-09 2.03418e-06 0.000337977 0.0129105 0.11338 0.22892 0.106856 0.0272611 0.0975194 0.137456 0.0585815 0.0545056 0.0487126 0.031553 0.0248705 0.0192294 0.0173635 0.0146407 0.00589913
 2.14309e-27 2.1679e-27 6.11656e-27 1.35092e-21 8.03445e-17 1.09857e-12 3.45336e-09 2.49576e-06 0.000414666 0.01584 0.139107 0.280863 0.131005 0.0308572 0.103826 0.145947 0.0571412 0.0393661 0.0308008 0.0114207 0.00569059 0.00322405 0.00224049 0.0016228 0.000630303
 2.14393e-27 2.17004e-27 6.34108e-27 1.42705e-21 8.4872e-17 1.16047e-12 3.64796e-09 2.63639e-06 0.000438033 0.0167326 0.146946 0.29669 0.138345 0.0314744 0.102825 0.144389 0.0547417 0.0324966 0.0243144 0.0072037 0.0022876 0.000671202 0.000257975 0.000136878 4.79492e-05
 2.14378e-27 2.16966e-27 6.29753e-27 1.41226e-21 8.39924e-17 1.14845e-12 3.61016e-09 2.60907e-06 0.000433493 0.0165591 0.145423 0.293615 0.136942 0.0319585 0.106707 0.149818 0.0560963 0.031191 0.0229233 0.00625556 0.00165624 0.000343029 5.80511e-05 1.38326e-05 3.62791e-06
 2.14446e-27 2.1713e-27 6.46584e-27 1.46933e-21 8.73865e-17 1.19485e-12 3.75604e-09 2.7145e-06 0.00045101 0.0172283 0.1513 0.30548 0.142424 0.0318728 0.102608 0.143962 0.052975 0.0266455 0.0190945 0.00473381 0.00101794 0.000181277 2.1137e-05 1.99539e-06 2.18342e-07
 2.14309e-27 2.16792e-27 6.10591e-27 1.34722e-21 8.01245e-17 1.09556e-12 3.4439e-09 2.48892e-06 0.00041353 0.0157966 0.138726 0.280095 0.130737 0.0331876 0.118286 0.166052 0.0606685 0.0291786 0.0206979 0.00499296 0.000990962 0.00015841 1.4854e-05 9.52189e-07 4.00686e-08
 2.14174e-27 2.16465e-27 5.76743e-27 1.23244e-21 7.32979e-17 1.00222e-12 3.15048e-09 2.27686e-06 0.000378298 0.0144507 0.126907 0.256232 0.119723 0.0336567 0.128341 0.180358 0.0675232 0.0374872 0.0271646 0.00639541 0.00118414 0.000180492 1.53679e-05 8.27315e-07 2.37789e-08
 2.14519e-27 2.17314e-27 6.66566e-27 1.53714e-21 9.14195e-17 1.25e-12 3.92939e-09 2.83978e-06 0.000471825 0.0180234 0.158282 0.319577 0.148897 0.0307001 0.0912002 0.127972 0.0485544 0.0288965 0.021188 0.00508675 0.000986969 0.000148456 1.17853e-05 5.82921e-07 1.46175e-08
 2.14776e-27 2.17936e-27 7.31107e-27 1.75601e-21 1.04437e-16 1.42799e-12 4.48889e-09 3.24414e-06 0.000539008 0.0205897 0.18082 0.36508 0.169899 0.0297552 0.0717166 0.100272 0.0355338 0.0136981 0.00929703 0.00226271 0.000457472 7.05689e-05 5.76124e-06 2.80211e-07 6.5534e-09
 2.14243e-27 2.1662e-27 5.91369e-27 1.28196e-21 7.62433e-17 1.04249e-12 3.27708e-09 2.36836e-06 0.000393499 0.0150314 0.132007 0.266528 0.124525 0.0347813 0.132103 0.185364 0.0652422 0.0237246 0.0158183 0.00369223 0.000673331 0.000103912 9.05294e-06 4.62819e-07 1.10244e-08
 2.14231e-27 2.16611e-27 5.9293e-27 1.28739e-21 7.65658e-17 1.0469e-12 3.29095e-09 2.37838e-06 0.000395164 0.015095 0.132565 0.267655 0.124956 0.0323987 0.11722 0.164814 0.063866 0.0419461 0.0309559 0.00689538 0.00107195 0.000150939 1.20146e-05 6.04621e-07 1.50995e-08
 2.14685e-27 2.17715e-27 7.08324e-27 1.67875e-21 9.98418e-17 1.36516e-12 4.29139e-09 3.1014e-06 0.000515294 0.0196839 0.172865 0.349018 0.162483 0.0300234 0.0781956 0.1095 0.040095 0.0195585 0.0139161 0.0033745 0.000666947 9.55849e-05 6.52639e-06 2.83541e-07 6.55012e-09
 2.14445e-27 2.1712e-27 6.4452e-27 1.46228e-21 8.69674e-17 1.18912e-12 3.73803e-09 2.70148e-06 0.000448847 0.0171457 0.150574 0.304015 0.141781 0.0327955 0.108682 0.152372 0.0538702 0.0203637 0.0137653 0.00337122 0.000694277 0.000109455 9.146e-06 4.23112e-07 8.72009e-09
 2.14221e-27 2.16575e-27 5.87715e-27 1.26963e-21 7.55096e-17 1.03246e-12 3.24555e-09 2.34557e-06 0.000389712 0.0148867 0.130736 0.263963 0.123304 0.0338347 0.127098 0.178509 0.0655646 0.0325819 0.0230791 0.00512661 0.00079693 0.000116689 1.01336e-05 5.2444e-07 1.24547e-08
 2.14133e-27 2.16362e-27 5.65422e-27 1.19402e-21 7.10128e-17 9.70973e-13 3.05227e-09 2.20588e-06 0.000366504 0.0140002 0.12295 0.248244 0.116054 0.0343091 0.134732 0.189325 0.0701364 0.036692 0.0262359 0.00588599 0.000932215 0.000125125 8.57926e-06 3.90738e-07 9.61028e-09
 2.14305e-27 2.16783e-27 6.09954e-27 1.34508e-21 7.99969e-17 1.09381e-12 3.43842e-09 2.48496e-06 0.000412872 0.0157714 0.138505 0.279649 0.130522 0.0329493 0.116965 0.164247 0.0608105 0.0317022 0.022623 0.00498932 0.000745638 9.82185e-05 6.59209e-06 2.66948e-07 5.44774e-09
 2.14475e-27 2.17194e-27 6.52594e-27 1.48968e-21 8.85968e-17 1.2114e-12 3.80806e-09 2.7521e-06 0.000457257 0.0174669 0.153395 0.309711 0.144397 0.0323373 0.104168 0.146049 0.0521883 0.0214785 0.0146495 0.00318534 0.000452726 5.76149e-05 3.68389e-06 1.42982e-07 2.76727e-09
 2.14293e-27 2.16745e-27 6.04805e-27 1.32755e-21 7.89546e-17 1.07956e-12 3.39362e-09 2.45258e-06 0.000407493 0.0155659 0.136701 0.276006 0.128883 0.034142 0.125344 0.175875 0.0624084 0.0243035 0.0163504 0.00349004 0.000461234 5.65817e-05 3.51951e-06 1.31518e-07 2.4361e-09
 2.14373e-27 2.16948e-27 6.26879e-27 1.40247e-21 8.341e-17 1.14048e-12 3.58512e-09 2.59098e-06 0.000430487 0.0164443 0.144415 0.29158 0.136033 0.0328218 0.112591 0.158 0.0574965 0.0269256 0.0187862 0.00393768 0.000477848 5.54467e-05 3.2491e-06 1.14442e-07 2.04291e-09
 2.14301e-27 2.1677e-27 6.07876e-27 1.33799e-21 7.95756e-17 1.08805e-12 3.42031e-09 2.47187e-06 0.000410697 0.0156884 0.137776 0.278176 0.129866 0.0336129 0.12146 0.170474 0.0615258 0.027242 0.0188857 0.00417246 0.000624515 7.81049e-05 4.37463e-06 1.43625e-07 2.41199e-09
 2.14374e-27 2.16952e-27 6.2757e-27 1.40482e-21 8.35501e-17 1.1424e-12 3.59115e-09 2.59533e-06 0.00043121 0.0164719 0.144657 0.292069 0.136251 0.0325838 0.11099 0.15578 0.0571951 0.028357 0.0200616 0.00440882 0.000650385 8.45599e-05 5.46538e-06 2.01013e-07 3.32573e-09
 2.14407e-27 2.1703e-27 6.35491e-27 1.43167e-21 8.51472e-17 1.16424e-12 3.65979e-09 2.64494e-06 0.000439453 0.0167868 0.147423 0.297652 0.138833 0.0326154 0.109501 0.153621 0.055624 0.0251952 0.0175801 0.00398223 0.000651152 8.74527e-05 5.6708e-06 2.19217e-07 4.05657e-09
 2.14246e-27 2.16637e-27 5.94215e-27 1.29167e-21 7.68208e-17 1.05039e-12 3.30191e-09 2.3863e-06 0.00039648 0.0151453 0.133006 0.268547 0.125417 0.0336985 0.124885 0.175371 0.064188 0.0312167 0.0220859 0.00505499 0.000856516 0.00011989 8.48395e-06 3.49543e-07 6.6453e-09
 2.14407e-27 2.17032e-27 6.36149e-27 1.43393e-21 8.52811e-17 1.16607e-12 3.66555e-09 2.6491e-06 0.000440144 0.0168132 0.147654 0.29812 0.139035 0.0322329 0.107024 0.150198 0.0553338 0.0280128 0.01991 0.0044344 0.000688144 9.38349e-05 6.72842e-06 2.8953e-07 5.90369e-09
 2.14376e-27 2.16952e-27 6.27029e-27 1.40296e-21 8.34393e-17 1.14088e-12 3.58638e-09 2.59189e-06 0.000430639 0.0164501 0.144466 0.291682 0.136091 0.0330949 0.114227 0.160249 0.0575079 0.0244443 0.0168394 0.00380592 0.000619462 8.39789e-05 5.66902e-06 2.34812e-07 4.84933e-09
 2.14266e-27 2.16686e-27 5.99279e-27 1.30885e-21 7.78421e-17 1.06435e-12 3.3458e-09 2.41802e-06 0.000401751 0.0153466 0.134775 0.272117 0.127065 0.0336232 0.123349 0.173191 0.063214 0.030196 0.0212306 0.00468462 0.000703677 9.41726e-05 6.58218e-06 2.73324e-07 5.41393e-09
 2.14394e-27 2.17e-27 6.32509e-27 1.42157e-21 8.4546e-17 1.15602e-12 3.63395e-09 2.62627e-06 0.00043635 0.0166683 0.146382 0.295551 0.137859 0.0325556 0.109769 0.154032 0.0562182 0.0268446 0.0188624 0.0041332 0.000603302 7.79271e-05 5.077e-06 2.03103e-07 4.06931e-09
 2.14534e-27 2.17341e-27 6.68405e-27 1.54332e-21 9.17874e-17 1.25503e-12 3.9452e-09 2.85121e-06 0.000473724 0.0180959 0.158919 0.320863 0.149525 0.0315915 0.0962542 0.134927 0.0487156 0.0216315 0.0150227 0.00336824 0.000532824 7.06042e-05 4.53702e-06 1.74535e-07 3.312e-09
#obs surv len freq
 8.66157e-40 4.23924e-33 4.77006e-27 1.23397e-21 7.33888e-17 1.00346e-12 3.15438e-09 2.27968e-06 0.000378772 0.0144686 0.127063 0.256548 0.119814 0.0321797 0.119229 0.167675 0.0651076 0.0433095 0.0339081 0.0127952 0.00545105 0.00165375 0.000364808 4.93362e-05 3.41231e-06
 1.03485e-39 5.06487e-33 5.69907e-27 1.47429e-21 8.76818e-17 1.19889e-12 3.76872e-09 2.72366e-06 0.000452541 0.0172865 0.15181 0.30651 0.142852 0.0305699 0.0943429 0.132473 0.0510296 0.0327447 0.0254115 0.00929551 0.00382107 0.0011236 0.000240662 3.16834e-05 2.12325e-06
 9.69718e-40 4.7461e-33 5.34039e-27 1.38151e-21 8.21634e-17 1.12344e-12 3.53153e-09 2.55224e-06 0.000424059 0.0161985 0.142255 0.287221 0.134019 0.0328304 0.113956 0.159906 0.0578312 0.0260572 0.0190328 0.00670761 0.00263975 0.000745966 0.000152945 1.94261e-05 1.26297e-06
 1.05031e-39 5.14053e-33 5.7842e-27 1.49632e-21 8.89917e-17 1.2168e-12 3.82502e-09 2.76435e-06 0.000459301 0.0175447 0.154078 0.311089 0.144998 0.0313586 0.0977782 0.137179 0.0508918 0.0268866 0.0197179 0.00570467 0.00175061 0.000460003 8.93287e-05 1.081e-05 6.74771e-07
 9.83475e-40 4.81343e-33 5.41615e-27 1.40111e-21 8.33291e-17 1.13937e-12 3.58163e-09 2.58845e-06 0.000430075 0.0164283 0.144274 0.291295 0.135903 0.0328468 0.112828 0.158297 0.0570293 0.0249853 0.017875 0.00555478 0.00179183 0.000390826 6.08018e-05 6.69961e-06 3.95851e-07
 8.13429e-40 3.98117e-33 4.47968e-27 1.15885e-21 6.89212e-17 9.42373e-13 2.96236e-09 2.1409e-06 0.000355714 0.0135878 0.119328 0.240932 0.112692 0.0347847 0.139839 0.196473 0.0719312 0.0350843 0.0253183 0.00711993 0.0020244 0.000454062 6.77027e-05 6.11194e-06 3.07618e-07
 7.92145e-40 3.877e-33 4.36247e-27 1.12853e-21 6.71178e-17 9.17715e-13 2.88485e-09 2.08488e-06 0.000346406 0.0132323 0.116206 0.234628 0.109732 0.0335906 0.134449 0.189133 0.0728293 0.046575 0.0351733 0.010323 0.00305664 0.00063014 8.57047e-05 7.4677e-06 3.32139e-07
 1.32818e-39 6.50054e-33 7.31451e-27 1.8922e-21 1.12536e-16 1.53873e-12 4.837e-09 3.49571e-06 0.000580817 0.0221865 0.194842 0.393389 0.182901 0.0274504 0.0491149 0.0685543 0.0262202 0.0162664 0.0124407 0.00419363 0.00148549 0.000324102 4.40973e-05 3.55036e-06 1.46604e-07
 1.10392e-39 5.40291e-33 6.07944e-27 1.57269e-21 9.3534e-17 1.27891e-12 4.02026e-09 2.90545e-06 0.000482745 0.0184402 0.161942 0.326968 0.152388 0.0326644 0.100963 0.141303 0.0473523 0.00961913 0.00533162 0.00174024 0.000621132 0.000154448 2.45074e-05 2.07199e-06 8.28412e-08
 6.37159e-40 3.11845e-33 3.50893e-27 9.07728e-22 5.3986e-17 7.38161e-13 2.32042e-09 1.67697e-06 0.000278631 0.0106433 0.0934698 0.188726 0.0887027 0.038701 0.179481 0.25214 0.0887613 0.0323155 0.0213929 0.00457519 0.000656777 0.000130781 2.17087e-05 2.09518e-06 9.26288e-08
 1.2328e-39 6.03369e-33 6.7892e-27 1.7563e-21 1.04454e-16 1.42822e-12 4.48962e-09 3.24466e-06 0.000539104 0.0205931 0.180848 0.365138 0.169855 0.0278769 0.0602339 0.0844217 0.034513 0.0279156 0.0213218 0.00538831 0.00116559 0.000171734 1.35416e-05 1.00865e-06 4.7385e-08
 1.17848e-39 5.76785e-33 6.49008e-27 1.67892e-21 9.98518e-17 1.36529e-12 4.29181e-09 3.1017e-06 0.000515352 0.0196858 0.172881 0.349052 0.162547 0.0312959 0.0859532 0.120191 0.0405212 0.00906112 0.00537709 0.00200235 0.000758819 0.00014184 1.36078e-05 7.07832e-07 1.96309e-08
 8.83237e-40 4.32283e-33 4.86412e-27 1.2583e-21 7.48359e-17 1.02325e-12 3.21658e-09 2.32463e-06 0.000386241 0.0147539 0.129569 0.261608 0.122283 0.0356544 0.138916 0.194856 0.0670743 0.0195599 0.0121627 0.00264454 0.000419853 9.42322e-05 1.46891e-05 1.0021e-06 2.77111e-08
 9.2048e-40 4.50511e-33 5.06923e-27 1.31136e-21 7.79915e-17 1.06639e-12 3.35222e-09 2.42265e-06 0.000402527 0.015376 0.135032 0.272638 0.127292 0.0332479 0.120901 0.169799 0.0628052 0.0325684 0.0233374 0.00545921 0.000983731 0.000141698 1.23342e-05 9.62011e-07 3.76422e-08
 7.36945e-40 3.60683e-33 4.05847e-27 1.04989e-21 6.24407e-17 8.53764e-13 2.68381e-09 1.9396e-06 0.000322267 0.0123102 0.108108 0.218279 0.102272 0.0362058 0.155341 0.218267 0.0788519 0.035209 0.0251005 0.00729898 0.00205809 0.000343362 2.87114e-05 1.45584e-06 4.28672e-08
 1.12329e-39 5.49771e-33 6.18611e-27 1.60029e-21 9.51752e-17 1.30135e-12 4.0908e-09 2.95643e-06 0.000491215 0.0187638 0.164784 0.332704 0.154936 0.0298791 0.082232 0.115348 0.0443104 0.0280119 0.0209573 0.00571654 0.00151649 0.000308205 3.71087e-05 2.18794e-06 5.49355e-08
 8.71462e-40 4.26521e-33 4.79928e-27 1.24153e-21 7.38383e-17 1.00961e-12 3.1737e-09 2.29364e-06 0.000381092 0.0145572 0.127841 0.25812 0.120672 0.0356923 0.140198 0.196663 0.0676734 0.019702 0.0127365 0.00409338 0.00135826 0.000272999 3.35538e-05 2.46348e-06 8.01443e-08
 9.53674e-40 4.66757e-33 5.25203e-27 1.35865e-21 8.0804e-17 1.10485e-12 3.4731e-09 2.51002e-06 0.000417043 0.0159305 0.139902 0.282469 0.13182 0.032774 0.115045 0.16154 0.0598358 0.0312881 0.022447 0.00525945 0.00102196 0.000215487 3.12708e-05 2.39959e-06 8.62195e-08
 1.0088e-39 4.93738e-33 5.55562e-27 1.43719e-21 8.54749e-17 1.16871e-12 3.67387e-09 2.65511e-06 0.00044115 0.0168514 0.147989 0.298796 0.139363 0.032643 0.109324 0.153336 0.0549999 0.0233287 0.0164725 0.00482038 0.00137301 0.000233792 2.31801e-05 1.78257e-06 7.10586e-08
 8.65379e-40 4.23543e-33 4.76577e-27 1.23286e-21 7.33228e-17 1.00256e-12 3.15155e-09 2.27763e-06 0.000378431 0.0144556 0.126949 0.256319 0.119815 0.0350352 0.13673 0.19192 0.0680015 0.026193 0.0179245 0.00477609 0.00122134 0.000248162 3.0404e-05 1.93725e-06 6.27162e-08
 1.11629e-39 5.46349e-33 6.1476e-27 1.59033e-21 9.45827e-17 1.29325e-12 4.06534e-09 2.93803e-06 0.000488157 0.018647 0.163758 0.330633 0.154008 0.0306757 0.0877187 0.122964 0.0454051 0.0233243 0.01683 0.00432494 0.00100932 0.000187215 2.23269e-05 1.6444e-06 5.58817e-08
 8.86636e-40 4.33947e-33 4.88284e-27 1.26314e-21 7.5124e-17 1.02718e-12 3.22896e-09 2.33358e-06 0.000387727 0.0148107 0.130067 0.262615 0.122737 0.0353519 0.136766 0.191854 0.0663794 0.0204949 0.0133382 0.00386269 0.0011056 0.000204351 2.21875e-05 1.52324e-06 5.35035e-08
 1.00149e-39 4.90159e-33 5.51535e-27 1.42677e-21 8.48552e-17 1.16024e-12 3.64723e-09 2.63586e-06 0.000437952 0.0167292 0.146916 0.29663 0.138347 0.0322633 0.107659 0.151094 0.0556579 0.0281686 0.0201327 0.00479774 0.000955537 0.000183479 2.30779e-05 1.58017e-06 5.15817e-08
 1.03834e-39 5.08194e-33 5.71828e-27 1.47927e-21 8.79775e-17 1.20293e-12 3.78143e-09 2.73285e-06 0.000454066 0.0173448 0.152322 0.307544 0.143405 0.0325737 0.106264 0.148962 0.0526252 0.0197856 0.0135657 0.00387756 0.00107098 0.000183394 1.78697e-05 1.23105e-06 4.32044e-08
 8.74089e-40 4.27806e-33 4.81374e-27 1.24527e-21 7.40608e-17 1.01265e-12 3.18327e-09 2.30055e-06 0.00038224 0.0146011 0.128227 0.258898 0.121008 0.0350445 0.13601 0.190884 0.0673653 0.0250852 0.0169537 0.00431464 0.00100373 0.000196217 2.34879e-05 1.47931e-06 4.52289e-08
 9.25668e-40 4.5305e-33 5.09779e-27 1.31875e-21 7.84311e-17 1.0724e-12 3.37111e-09 2.43631e-06 0.000404796 0.0154627 0.135793 0.274174 0.128003 0.0332491 0.120445 0.169133 0.062247 0.0313432 0.0225107 0.00570122 0.00127969 0.000224823 2.46354e-05 1.73097e-06 5.75166e-08
 9.71595e-40 4.75529e-33 5.35072e-27 1.38418e-21 8.23225e-17 1.12561e-12 3.53837e-09 2.55719e-06 0.00042488 0.0162299 0.142531 0.287777 0.134283 0.0330319 0.115019 0.161392 0.0582281 0.0257586 0.0183009 0.00525109 0.00147333 0.000266905 2.76383e-05 1.76876e-06 5.79555e-08
 1.12671e-39 5.51447e-33 6.20497e-27 1.60517e-21 9.54653e-17 1.30532e-12 4.10327e-09 2.96544e-06 0.000492712 0.018821 0.165286 0.333718 0.155449 0.0310593 0.0891308 0.124855 0.0447052 0.0187061 0.0130652 0.00355513 0.00093937 0.000189563 2.33946e-05 1.55058e-06 4.78697e-08
#pred catch len freq
 2.13423e-27 2.14432e-27 3.56658e-27 4.85988e-22 2.89035e-17 3.95204e-13 1.24233e-09 8.97834e-07 0.000149174 0.00569834 0.0500431 0.101044 0.0477627 0.0279503 0.140264 0.198319 0.0878652 0.0905932 0.0805086 0.0492158 0.0373942 0.028228 0.0252175 0.0212051 0.00854038
 2.13549e-27 2.14929e-27 4.16649e-27 6.89531e-22 4.1009e-17 5.60725e-13 1.76265e-09 1.27387e-06 0.000211651 0.00808494 0.0710024 0.143363 0.0675831 0.0347733 0.169175 0.238495 0.0956644 0.072478 0.0569749 0.0201906 0.00953594 0.00525411 0.003603 0.00260042 0.00100943
 2.13631e-27 2.15142e-27 4.3862e-27 7.63996e-22 4.54377e-17 6.2128e-13 1.953e-09 1.41144e-06 0.000234509 0.00895807 0.0786702 0.158844 0.0748008 0.0363803 0.174321 0.245492 0.0948806 0.0616836 0.0465367 0.0133208 0.00399982 0.00114045 0.000428963 0.000226241 7.91817e-05
 2.13665e-27 2.15221e-27 4.45921e-27 7.88708e-22 4.69074e-17 6.41376e-13 2.01617e-09 1.45709e-06 0.000242094 0.00924782 0.0812149 0.163982 0.0772044 0.0371361 0.177386 0.249662 0.0943287 0.0549878 0.0405614 0.01072 0.0026703 0.000539194 8.91353e-05 2.09859e-05 5.49044e-06
 2.1373e-27 2.15373e-27 4.61162e-27 8.40366e-22 4.99797e-17 6.83384e-13 2.14823e-09 1.55253e-06 0.00025795 0.00985353 0.0865342 0.174722 0.0821796 0.0374027 0.175777 0.247268 0.0917947 0.0486263 0.0350619 0.00847537 0.00171127 0.000296807 3.38648e-05 3.15564e-06 3.43184e-07
 2.13611e-27 2.15079e-27 4.2965e-27 7.33454e-22 4.36212e-17 5.96443e-13 1.87493e-09 1.35501e-06 0.000225134 0.00859995 0.0755252 0.152496 0.0719539 0.0387361 0.190616 0.268146 0.0986561 0.0495565 0.0353443 0.00832726 0.00155094 0.000241611 2.21759e-05 1.40259e-06 5.86238e-08
 2.1351e-27 2.14837e-27 4.05032e-27 6.49992e-22 3.86574e-17 5.28571e-13 1.66157e-09 1.20082e-06 0.000199515 0.00762133 0.0669309 0.135144 0.063929 0.0386557 0.195355 0.275001 0.103475 0.0589986 0.0428384 0.00986272 0.00171068 0.000253797 2.1163e-05 1.12395e-06 3.20913e-08
 2.13834e-27 2.15636e-27 4.89866e-27 9.37777e-22 5.57732e-17 7.62599e-13 2.39724e-09 1.73249e-06 0.000287851 0.0109957 0.0965649 0.194973 0.0914784 0.0357071 0.159323 0.224206 0.0854573 0.052006 0.0381683 0.0089461 0.0016263 0.000238556 1.85559e-05 9.04959e-07 2.25432e-08
 2.14076e-27 2.16215e-27 5.48957e-27 1.13812e-21 6.76884e-17 9.25518e-13 2.90938e-09 2.10262e-06 0.000349347 0.0133448 0.117195 0.236624 0.110735 0.0357191 0.146841 0.206235 0.0739349 0.0311961 0.021554 0.00513079 0.000978737 0.000147603 1.18154e-05 5.67218e-07 1.31815e-08
 2.13547e-27 2.14909e-27 4.09972e-27 6.66619e-22 3.96463e-17 5.42093e-13 1.70408e-09 1.23154e-06 0.000204619 0.00781629 0.0686431 0.138601 0.0656115 0.0408971 0.207996 0.29238 0.10361 0.039914 0.0269367 0.00615956 0.00105529 0.000158537 1.35335e-05 6.83379e-07 1.61803e-08
 2.13581e-27 2.1502e-27 4.25446e-27 7.1929e-22 4.27789e-17 5.84925e-13 1.83872e-09 1.32885e-06 0.000220786 0.00843388 0.0740667 0.14955 0.0705285 0.037035 0.18112 0.255111 0.0988706 0.0649694 0.0478772 0.0104688 0.00152155 0.000207506 1.61697e-05 8.02242e-07 1.99073e-08
 2.13974e-27 2.15971e-27 5.24243e-27 1.05434e-21 6.27055e-17 8.57386e-13 2.6952e-09 1.94783e-06 0.000323629 0.0123624 0.108567 0.219206 0.102675 0.0355432 0.151018 0.212311 0.0786639 0.0412014 0.0296061 0.00701723 0.00130653 0.000183276 1.228e-05 5.25083e-07 1.2042e-08
 2.1374e-27 2.15385e-27 4.6063e-27 8.38477e-22 4.98674e-17 6.81848e-13 2.1434e-09 1.54904e-06 0.000257371 0.00983138 0.0863397 0.17433 0.0820576 0.0389862 0.185562 0.260779 0.0927288 0.0367392 0.0250498 0.00598609 0.00115796 0.000178226 1.46027e-05 6.67436e-07 1.36706e-08
 2.13579e-27 2.14999e-27 4.20997e-27 7.04094e-22 4.18751e-17 5.72567e-13 1.79987e-09 1.30077e-06 0.000216121 0.00825569 0.0725019 0.146392 0.0691471 0.0391391 0.194916 0.274201 0.10072 0.0500724 0.0354174 0.00772402 0.00112211 0.000158923 1.35098e-05 6.90358e-07 1.62991e-08
 2.13529e-27 2.14879e-27 4.08573e-27 6.6196e-22 3.93692e-17 5.38304e-13 1.69217e-09 1.22293e-06 0.000203189 0.00776166 0.0681634 0.137632 0.065105 0.039339 0.198777 0.279685 0.103232 0.0528472 0.0375921 0.00826833 0.00122248 0.000159208 1.06959e-05 4.79076e-07 1.16988e-08
 2.1369e-27 2.15273e-27 4.50095e-27 8.02803e-22 4.77457e-17 6.52837e-13 2.0522e-09 1.48313e-06 0.00024642 0.00941309 0.0826662 0.166913 0.0785964 0.0381248 0.182539 0.256755 0.0945676 0.0477961 0.033883 0.0073355 0.00102299 0.000130459 8.58306e-06 3.42167e-07 6.93092e-09
 2.13829e-27 2.15604e-27 4.83982e-27 9.17696e-22 5.45788e-17 7.46268e-13 2.3459e-09 1.69539e-06 0.000281687 0.0107602 0.094497 0.190799 0.0896388 0.038112 0.175261 0.246283 0.0879334 0.0359577 0.0244583 0.00522981 0.000695465 8.56683e-05 5.37184e-06 2.05132e-07 3.94077e-09
 2.13664e-27 2.15197e-27 4.4046e-27 7.70039e-22 4.57971e-17 6.26194e-13 1.96845e-09 1.4226e-06 0.000236363 0.00902892 0.0792925 0.160102 0.0755147 0.0399141 0.195515 0.274781 0.0973234 0.0373195 0.0249874 0.00525248 0.000649666 7.69401e-05 4.69336e-06 1.72517e-07 3.17151e-09
 2.13718e-27 2.15338e-27 4.56442e-27 8.24308e-22 4.90247e-17 6.70325e-13 2.10718e-09 1.52286e-06 0.000253021 0.00966524 0.0848807 0.171384 0.0806731 0.0383848 0.182779 0.25701 0.0935275 0.0437967 0.0305257 0.00631445 0.000719314 8.04302e-05 4.62407e-06 1.60093e-07 2.83532e-09
 2.13646e-27 2.15159e-27 4.37291e-27 7.59332e-22 4.51603e-17 6.17487e-13 1.94108e-09 1.40282e-06 0.000233077 0.00890337 0.0781899 0.157876 0.0744607 0.0392559 0.192168 0.270202 0.0975946 0.0434431 0.0301048 0.00653382 0.00091578 0.000111254 6.12446e-06 1.9755e-07 3.29026e-09
 2.13708e-27 2.15316e-27 4.54546e-27 8.17899e-22 4.86435e-17 6.65114e-13 2.09079e-09 1.51102e-06 0.000251054 0.0095901 0.0842207 0.170051 0.0800444 0.038047 0.181118 0.254739 0.0936636 0.0468462 0.0331452 0.00715986 0.000989106 0.000124665 7.90524e-06 2.86393e-07 4.70596e-09
 2.13712e-27 2.15323e-27 4.54947e-27 8.19242e-22 4.87234e-17 6.66205e-13 2.09423e-09 1.5135e-06 0.000251466 0.00960584 0.084359 0.170331 0.0801858 0.0383754 0.183039 0.257379 0.0936798 0.0439384 0.0308095 0.00684762 0.0010505 0.000137337 8.73977e-06 3.32584e-07 6.11107e-09
 2.13603e-27 2.15057e-27 4.27065e-27 7.24673e-22 4.3099e-17 5.89302e-13 1.85248e-09 1.33879e-06 0.000222438 0.00849699 0.0746211 0.15067 0.0711225 0.0390674 0.193189 0.271737 0.0994411 0.0482978 0.0341024 0.00764326 0.00121061 0.000164738 1.14304e-05 4.64174e-07 8.7656e-09
 2.13745e-27 2.15408e-27 4.64449e-27 8.51497e-22 5.06417e-17 6.92436e-13 2.17668e-09 1.57309e-06 0.000261367 0.00998404 0.0876804 0.177036 0.0832582 0.0376358 0.176503 0.248243 0.0915064 0.0464773 0.0330014 0.00721534 0.00104739 0.000138491 9.73198e-06 4.12672e-07 8.3585e-09
 2.13703e-27 2.15298e-27 4.51798e-27 8.08536e-22 4.80867e-17 6.575e-13 2.06686e-09 1.49373e-06 0.00024818 0.00948032 0.0832566 0.168105 0.0791771 0.0389119 0.186985 0.262864 0.094552 0.0408718 0.028207 0.00625264 0.000953132 0.000125634 8.31733e-06 3.39139e-07 6.95407e-09
 2.13632e-27 2.15127e-27 4.34198e-27 7.48857e-22 4.45373e-17 6.08968e-13 1.9143e-09 1.38347e-06 0.000229862 0.00878055 0.0771113 0.155698 0.0734452 0.0390249 0.191414 0.269202 0.0980961 0.0463535 0.0324793 0.00703814 0.000988006 0.000128055 8.77207e-06 3.58879e-07 7.05953e-09
 2.13729e-27 2.15365e-27 4.59506e-27 8.34712e-22 4.96435e-17 6.78786e-13 2.13377e-09 1.54208e-06 0.000256215 0.00978724 0.085952 0.173547 0.0816627 0.0381073 0.180433 0.25373 0.0927234 0.0446333 0.0313636 0.00675674 0.000923645 0.000115623 7.38705e-06 2.90783e-07 5.7837e-09
 2.13832e-27 2.15616e-27 4.85951e-27 9.24409e-22 5.49781e-17 7.51727e-13 2.36306e-09 1.70779e-06 0.000283747 0.010839 0.0951883 0.192194 0.0902583 0.037429 0.170672 0.239923 0.087185 0.0404542 0.0282889 0.00623025 0.000925604 0.000119331 7.52598e-06 2.84964e-07 5.36791e-09
#obs catch len freq
 4.0732e-40 1.99355e-33 2.24317e-27 5.80287e-22 3.45119e-17 4.71887e-13 1.48338e-09 1.07204e-06 0.000178122 0.00680401 0.0597529 0.120651 0.0571241 0.0358646 0.182682 0.257568 0.102917 0.0769304 0.061295 0.0237911 0.010405 0.0032043 0.000723758 0.000101021 7.21567e-06
 4.18563e-40 2.04858e-33 2.30509e-27 5.96305e-22 3.54645e-17 4.84913e-13 1.52433e-09 1.10164e-06 0.000183038 0.00699183 0.0614023 0.123981 0.0586764 0.0362005 0.183728 0.258975 0.102517 0.0738895 0.0584082 0.022071 0.00940726 0.00284913 0.000627214 8.46832e-05 5.84977e-06
 5.73519e-40 2.80698e-33 3.15846e-27 8.17063e-22 4.85938e-17 6.64432e-13 2.08865e-09 1.50947e-06 0.000250801 0.00958026 0.0841339 0.169876 0.0798514 0.0350618 0.162945 0.229518 0.08995 0.0622286 0.0487445 0.0178454 0.00733576 0.00215314 0.000460172 6.04788e-05 4.04782e-06
 5.20299e-40 2.5465e-33 2.86537e-27 7.41243e-22 4.40845e-17 6.02776e-13 1.89483e-09 1.3694e-06 0.000227528 0.00869126 0.0763267 0.154114 0.0726896 0.0383964 0.188052 0.264494 0.0967122 0.0468707 0.0347003 0.0122366 0.00481443 0.00135793 0.000277786 3.52208e-05 2.28688e-06
 5.98984e-40 2.93161e-33 3.29869e-27 8.53341e-22 5.07514e-17 6.93934e-13 2.18139e-09 1.57649e-06 0.000261936 0.0100056 0.0878695 0.177418 0.0833977 0.0366407 0.170311 0.239638 0.090062 0.0511004 0.0378882 0.0109656 0.00336401 0.000882288 0.000170938 2.0649e-05 1.28721e-06
 5.44002e-40 2.66252e-33 2.9959e-27 7.75012e-22 4.60929e-17 6.30237e-13 1.98115e-09 1.43178e-06 0.000237893 0.00908721 0.0798039 0.161135 0.0759388 0.03849 0.186508 0.262275 0.0954016 0.0446508 0.0323495 0.010053 0.0032406 0.000705627 0.00010948 1.2039e-05 7.10337e-07
 4.06898e-40 1.99148e-33 2.24085e-27 5.79687e-22 3.44761e-17 4.71399e-13 1.48185e-09 1.07093e-06 0.000177937 0.00679697 0.059691 0.120528 0.0572116 0.0397196 0.206253 0.290259 0.107374 0.0557771 0.0406796 0.0114373 0.00324819 0.000727194 0.00010817 9.7464e-06 4.89737e-07
 3.92979e-40 1.92336e-33 2.1642e-27 5.59857e-22 3.32968e-17 4.55273e-13 1.43116e-09 1.0343e-06 0.00017185 0.00656446 0.0576491 0.116404 0.0552267 0.0376232 0.194699 0.274364 0.107095 0.072718 0.0553223 0.0162285 0.00479911 0.000987631 0.000133975 1.16511e-05 5.17442e-07
 9.77613e-40 4.78474e-33 5.38386e-27 1.39275e-21 8.28323e-17 1.13258e-12 3.56028e-09 2.57302e-06 0.000427512 0.0163304 0.143414 0.289558 0.135039 0.0312103 0.103362 0.145236 0.0562398 0.0369247 0.028443 0.00957884 0.00338783 0.000737794 0.000100133 8.0467e-06 3.31754e-07
 6.91324e-40 3.38355e-33 3.80723e-27 9.84894e-22 5.85754e-17 8.00912e-13 2.51767e-09 1.81953e-06 0.000302317 0.0115481 0.101416 0.204769 0.0961441 0.0393575 0.178652 0.250682 0.0842396 0.0178933 0.0101575 0.00331331 0.00118016 0.000292804 4.63513e-05 3.91214e-06 1.56188e-07
 3.02795e-40 1.48197e-33 1.66754e-27 4.31376e-22 2.56555e-17 3.50793e-13 1.10272e-09 7.96939e-07 0.000132413 0.00505799 0.0444193 0.0896955 0.0430947 0.0433814 0.237901 0.334529 0.118454 0.0453261 0.030368 0.00649307 0.000929525 0.000184514 3.05445e-05 2.94267e-06 1.2993e-07
 8.54782e-40 4.18356e-33 4.70741e-27 1.21776e-21 7.24249e-17 9.9028e-13 3.11295e-09 2.24974e-06 0.000373797 0.0142786 0.125394 0.253179 0.118222 0.0312728 0.114709 0.161589 0.0669879 0.0567345 0.0435213 0.010987 0.0023706 0.00034879 2.74177e-05 2.03566e-06 9.54814e-08
 7.89952e-40 3.86627e-33 4.35039e-27 1.1254e-21 6.6932e-17 9.15174e-13 2.87686e-09 2.07911e-06 0.000345447 0.0131956 0.115884 0.23398 0.109579 0.0374797 0.158385 0.222185 0.0751218 0.0175133 0.0105943 0.00393927 0.00148984 0.000278063 2.66116e-05 1.38166e-06 3.82376e-08
 4.85256e-40 2.37499e-33 2.67238e-27 6.91319e-22 4.11154e-17 5.62178e-13 1.76721e-09 1.27717e-06 0.000212203 0.00810589 0.0711859 0.143736 0.0680153 0.0416916 0.211297 0.296845 0.102617 0.0313478 0.0197854 0.00430084 0.000680682 0.000152292 2.36904e-05 1.61406e-06 4.45756e-08
 5.18026e-40 2.53538e-33 2.85285e-27 7.38005e-22 4.38919e-17 6.00142e-13 1.88655e-09 1.36342e-06 0.000226533 0.00865329 0.0759932 0.153441 0.0723706 0.0381907 0.187001 0.263144 0.0981524 0.0533933 0.0385483 0.00901067 0.00161929 0.000232848 2.02013e-05 1.57123e-06 6.14092e-08
 3.73667e-40 1.82884e-33 2.05784e-27 5.32344e-22 3.16605e-17 4.329e-13 1.36083e-09 9.83472e-07 0.000163405 0.00624187 0.0548161 0.110686 0.0527044 0.0408648 0.216211 0.304174 0.110656 0.0518077 0.0372597 0.0108199 0.00304327 0.000506987 4.22865e-05 2.13937e-06 6.286e-08
 7.21517e-40 3.53132e-33 3.9735e-27 1.02791e-21 6.11335e-17 8.3589e-13 2.62763e-09 1.89899e-06 0.00031552 0.0120525 0.105845 0.213709 0.100086 0.0342496 0.144777 0.20377 0.0790998 0.0524144 0.0394426 0.010745 0.00284232 0.000576407 6.92344e-05 4.0759e-06 1.0219e-07
 4.76561e-40 2.33244e-33 2.62449e-27 6.78932e-22 4.03786e-17 5.52105e-13 1.73555e-09 1.25428e-06 0.000208401 0.00796064 0.0699104 0.141161 0.0668211 0.0415957 0.211487 0.297114 0.102667 0.0312882 0.020523 0.00658691 0.00218051 0.000437426 5.36134e-05 3.92883e-06 1.27658e-07
 5.45893e-40 2.67177e-33 3.00632e-27 7.77705e-22 4.62531e-17 6.32427e-13 1.98804e-09 1.43676e-06 0.00023872 0.00911879 0.0800812 0.161694 0.0761702 0.03776 0.181884 0.255932 0.095625 0.0525083 0.0379584 0.0088874 0.0017217 0.00036205 5.24091e-05 4.01471e-06 1.44041e-07
 6.0175e-40 2.94515e-33 3.31393e-27 8.57283e-22 5.09858e-17 6.97139e-13 2.19146e-09 1.58377e-06 0.000263146 0.0100519 0.0882754 0.178238 0.0838305 0.0380722 0.178803 0.251355 0.0907511 0.0403545 0.0287614 0.00840496 0.00238807 0.000405989 4.01264e-05 3.078e-06 1.22526e-07
 4.7157e-40 2.30801e-33 2.59701e-27 6.71821e-22 3.99557e-17 5.46322e-13 1.71737e-09 1.24115e-06 0.000206218 0.00787727 0.0691782 0.139682 0.0660955 0.0404765 0.205101 0.288346 0.102774 0.0415133 0.0287115 0.00764222 0.00194874 0.000395088 4.82872e-05 3.0713e-06 9.92463e-08
 7.12824e-40 3.48878e-33 3.92563e-27 1.01552e-21 6.03969e-17 8.25819e-13 2.59597e-09 1.87611e-06 0.000311719 0.0119073 0.10457 0.211135 0.0989492 0.0356695 0.154221 0.216862 0.0807541 0.0435433 0.0316608 0.00812791 0.00189161 0.000350129 4.16368e-05 3.06058e-06 1.03868e-07
 4.89377e-40 2.39516e-33 2.69508e-27 6.97191e-22 4.14645e-17 5.66953e-13 1.78222e-09 1.28801e-06 0.000214005 0.00817473 0.0717905 0.144957 0.0685622 0.0412283 0.208101 0.292385 0.101618 0.0328592 0.0216787 0.00627082 0.00179039 0.000330325 3.57655e-05 2.45017e-06 8.59257e-08
 5.97182e-40 2.92279e-33 3.28877e-27 8.50774e-22 5.05987e-17 6.91846e-13 2.17482e-09 1.57175e-06 0.000261148 0.00997553 0.0876051 0.176885 0.0831765 0.0373173 0.174603 0.245611 0.0911837 0.048312 0.0347855 0.00828202 0.00164412 0.000314894 3.95031e-05 2.69994e-06 8.79937e-08
 6.30397e-40 3.08536e-33 3.47169e-27 8.98094e-22 5.3413e-17 7.30326e-13 2.29579e-09 1.65917e-06 0.000275674 0.0105304 0.0924778 0.186723 0.0877609 0.0382818 0.177525 0.249447 0.0886329 0.0349437 0.0242211 0.0069148 0.00190515 0.000325714 3.16438e-05 2.17482e-06 7.62155e-08
 4.80169e-40 2.35009e-33 2.64436e-27 6.84071e-22 4.06843e-17 5.56284e-13 1.74868e-09 1.26378e-06 0.000209978 0.00802091 0.0704396 0.142229 0.0672766 0.0405737 0.204927 0.288066 0.102232 0.039885 0.0272506 0.00692851 0.00160704 0.000313445 3.74268e-05 2.35308e-06 7.18205e-08
 5.23037e-40 2.5599e-33 2.88044e-27 7.45144e-22 4.43165e-17 6.05948e-13 1.9048e-09 1.3766e-06 0.000228725 0.00873699 0.0767283 0.154925 0.0730587 0.0382414 0.186863 0.262911 0.0975456 0.0515158 0.0372851 0.00943358 0.00211151 0.000370214 4.04495e-05 2.8362e-06 9.41117e-08
 5.6292e-40 2.75511e-33 3.10009e-27 8.01964e-22 4.76958e-17 6.52154e-13 2.05005e-09 1.48158e-06 0.000246166 0.00940322 0.0825791 0.166738 0.0785249 0.0383757 0.184122 0.2589 0.0940756 0.0437015 0.0313354 0.00898003 0.00251342 0.000454537 4.69405e-05 2.99774e-06 9.80638e-08
#spawning biomass
 8253.62 5260.47 5568.29 6741.49 7745.65 9350.47 9627.47 9167.8 13342 23808.6 25155.8 24894.4 40655.1 49451.1 42650.6 33281 31497.2 36140.2 35188.5 36578.8 36895.8 39842.2 45127.9 42490.1 46252.1 49897.4 46893.2 54069.4 71426.1 40777 4913.86 2553.57 2550.72 2550.72 2550.72 2550.72 2550.72 2550.72 2550.72 2550.72 2550.72 2550.72 2550.72 2550.72 2550.72 2550.72 2550.72 2550.72 2550.72 2550.72 2550.72 2550.72 2550.72 2550.72 2550.72 2550.72 2550.72 2550.72 2550.72 2550.72 2550.72 2550.72 2550.72 2550.72 2550.72 2550.72 2550.72 2550.72 2550.72 2550.72 2550.72 2550.72 2550.72 2550.72 2550.72 2550.72 2550.72 2550.72 2550.72 2550.72 2550.72 2550.72 2550.72 2550.72 2550.72 2550.72 2550.72 2550.72 2550.72 2550.72 2550.72 2550.72 2550.72 2550.72 2550.72 2550.72 2550.72 2550.72 2550.72 2550.72 2550.72 2550.72 2550.72 2550.72 2550.72 2550.72 2550.72 2550.72 2550.72 2550.72 2550.72 2550.72 2550.72 2550.72 2550.72 2550.72 2550.72 2550.72 2550.72 2550.72 2550.72 2550.72 2550.72 2550.72 2550.72 2550.72 2550.72 2550.72 0 0 0 0 0 0 0 0 0 0 0 0 0 0 0 0 0 0 0 0 0 0 0 0 0
