SBPRF35
0.0702974
Curr Bio
95030.8
B35
90778.1
F35
2.77026
FOFL
2.77026
OFL
80667.8
Bzero
20083.4
#pred survey bio
 9857.38 8049.17 5489.11 7238.53 11041.7 16762 22225.3 29074.2 42091.7 61409.4 76006.8 99926.2 124579 133480 139118 101713 118161 119941 117629 116267 113727 101032 122624 122959 140767 116219 150977 116998 130038 3.61744e+06 1.7212e+06 510227 322749 261436 235350 223873 218844 216659 215719 215317 215146 215074 215044 215031 215026 215023 215023 215022 215022 215022 215022 215022 215022 215022 215022 215022 215022 215022 215022 215022 215022 215022 215022 215022 215022 215022 215022 215022 215022 215022 215022 215022 215022 215022 215022 215022 215022 215022 215022 215022 215022 215022 215022 215022 215022 215022 215022 215022 215022 215022 215022 215022 215022 215022 215022 215022 215022 215022 215022 215022 215022 215022 215022 215022 215022 215022 215022 215022 215022 215022 215022 215022 215022 215022 215022 215022 215022 215022 215022 215022 215022 215022 215022 215022 215022 215022 215022 215022 215022 0 0 0 0 0 0 0 0 0 0 0 0 0 0 0 0 0 0 0 0 0 0 0 0 0
#obs survey bio
 7196.12 6109.57 3302.03 5713.98 9119.01 14851.9 15784.2 25374.1 41075.2 34126.8 70478.2 107555 103099 103051 77065.5 65563 76418.2 94198.1 92741 78551.1 89918.1 91511.2 100659 63381.5 92114.9 67709.5 146738 68717.4 71729.6
#pred catch bio
 2490.71 3398.76 2280.46 2808.49 4279.97 7012.75 10223 12880.3 18836.6 35201.8 41001.3 56145.5 76706.4 79209.4 99296.4 69076.1 85768 85312.6 86732.6 87584.7 89267 76967 94418.5 100075 121486 96290.9 130561 101270 82422.6 80667.8 46149.4 6689.35 4799.71 4729.6 4727.26 4727.18 4727.18 4727.18 4727.18 4727.18 4727.18 4727.18 4727.18 4727.18 4727.18 4727.18 4727.18 4727.18 4727.18 4727.18 4727.18 4727.18 4727.18 4727.18 4727.18 4727.18 4727.18 4727.18 4727.18 4727.18 4727.18 4727.18 4727.18 4727.18 4727.18 4727.18 4727.18 4727.18 4727.18 4727.18 4727.18 4727.18 4727.18 4727.18 4727.18 4727.18 4727.18 4727.18 4727.18 4727.18 4727.18 4727.18 4727.18 4727.18 4727.18 4727.18 4727.18 4727.18 4727.18 4727.18 4727.18 4727.18 4727.18 4727.18 4727.18 4727.18 4727.18 4727.18 4727.18 4727.18 4727.18 4727.18 4727.18 4727.18 4727.18 4727.18 4727.18 4727.18 4727.18 4727.18 4727.18 4727.18 4727.18 4727.18 4727.18 4727.18 4727.18 4727.18 4727.18 4727.18 4727.18 4727.18 4727.18 4727.18 4727.18 4727.18 4727.18 4727.18 4727.18 0 0 0 0 0 0 0 0 0 0 0 0 0 0 0 0 0 0 0 0 0 0 0 0 0
#obs catch bio
 3903.42 3770.06 2722.16 2939.22 4316.09 6799.13 9832.26 11871.5 17613.8 37657.1 38565.7 49733.2 73760.8 75053.4 104316 64958.1 90356.6 80740.8 79381 83693.9 79088.5 67844.1 85636 89555.8 116476 88752.8 108485 94435.3 77948.9
#pred cpue bio
 7099.86 6255.55 3801.04 3943.17 6091.73 9260.07 12583.9 15856.9 22578.6 32778 37896.6 50913.2 62967.1 66574.1 72019.9 49494.5 53506.3 52997.8 53459.8 50889 48876.8 42357.1 50211.6 51517.9 54856.6 44349.2 57269.2 44852.8 48250.4 1.72305e+06 1.60894e+06 428398 240930 179615 153530 142053 137024 134839 133898 133497 133326 133254 133223 133211 133205 133203 133202 133202 133202 133202 133202 133201 133201 133201 133201 133201 133201 133201 133201 133201 133201 133201 133201 133201 133201 133201 133201 133201 133201 133201 133201 133201 133201 133201 133201 133201 133201 133201 133201 133201 133201 133201 133201 133201 133201 133201 133201 133201 133201 133201 133201 133201 133201 133201 133201 133201 133201 133201 133201 133201 133201 133201 133201 133201 133201 133201 133201 133201 133201 133201 133201 133201 133201 133201 133201 133201 133201 133201 133201 133201 133201 133201 133201 133201 133201 133201 133201 133201 133201 0 0 0 0 0 0 0 0 0 0 0 0 0 0 0 0 0 0 0 0 0 0 0 0 0
#obs cpue bio
 5718.6 4634.66 2960.34 5496.35 8035.01 13178.3 21968.8 26782.4 27598.5 37671.4 66741.7 80422.6 80745 100411 110306 98058.5 64334.3 91204.8 98058.4 86748.4 106642 74096 90096.7 150151 101449 99313.5 136357 94349.6 105283
#pred surv len freq
 1.70337e-11 1.84966e-09 1.18417e-07 4.46964e-06 9.94652e-05 0.00130501 0.0100954 0.0460586 0.124095 0.198783 0.195658 0.13579 0.0916834 0.0681895 0.0457686 0.0281292 0.0176826 0.0113127 0.00743439 0.00515008 0.00383552 0.00311978 0.00263956 0.00200495 0.00116
 1.39231e-11 1.51188e-09 9.67923e-08 3.65343e-06 8.13019e-05 0.00106672 0.00825267 0.0376668 0.101697 0.164611 0.170091 0.139661 0.122891 0.10399 0.0680387 0.0368392 0.0196626 0.0106708 0.00584679 0.00332894 0.00203079 0.00137822 0.00102814 0.000738676 0.00042404
 1.69741e-11 1.84318e-09 1.18002e-07 4.45399e-06 9.9117e-05 0.00130045 0.0100602 0.0459002 0.1237 0.198403 0.19648 0.13957 0.0984925 0.0751424 0.0500309 0.0292424 0.0162157 0.00815265 0.00375199 0.00171141 0.000814541 0.000425624 0.000254485 0.000160628 8.7508e-05
 2.05952e-11 2.2364e-09 1.43176e-07 5.40418e-06 0.000120262 0.00157786 0.0122057 0.0556756 0.149859 0.238862 0.229463 0.144005 0.076275 0.0446901 0.0250226 0.0119268 0.00554458 0.00266575 0.00123562 0.000524119 0.000204316 7.91711e-05 3.40142e-05 1.66863e-05 7.98325e-06
 2.01843e-11 2.19178e-09 1.4032e-07 5.29636e-06 0.000117863 0.00154638 0.0119623 0.0545682 0.146916 0.234474 0.226685 0.146168 0.0829314 0.0511573 0.0273789 0.0107716 0.00350462 0.00116193 0.000414199 0.00015373 5.58611e-05 1.87056e-05 5.93237e-06 1.99544e-06 7.26682e-07
 2.01735e-11 2.1906e-09 1.40244e-07 5.29351e-06 0.000117799 0.00154555 0.0119558 0.0545387 0.146836 0.234338 0.226519 0.145972 0.0827356 0.0511361 0.0276793 0.0112225 0.00377867 0.00118032 0.000328174 8.26031e-05 2.11987e-05 5.72894e-06 1.5183e-06 3.80194e-07 9.4603e-08
 1.98159e-11 2.15177e-09 1.37758e-07 5.19969e-06 0.000115711 0.00151816 0.011744 0.053574 0.14426 0.230405 0.223554 0.146341 0.0861694 0.0550058 0.0299083 0.0119117 0.00387489 0.0011837 0.000329131 7.93434e-05 1.66952e-05 3.14016e-06 5.67791e-07 1.03907e-07 1.8651e-08
 2.03179e-11 2.20629e-09 1.41248e-07 5.33142e-06 0.000118643 0.00155662 0.0120414 0.0549287 0.147879 0.235953 0.227836 0.146151 0.0818471 0.0498983 0.0266286 0.0104772 0.00334104 0.00099276 0.00026743 6.24363e-05 1.27661e-05 2.24502e-06 3.32551e-07 4.24661e-08 4.98899e-09
 2.0519e-11 2.22811e-09 1.42646e-07 5.38416e-06 0.000119817 0.00157202 0.0121605 0.0554712 0.149329 0.238181 0.229582 0.146163 0.0802494 0.0479401 0.0252755 0.00977776 0.00301916 0.000864833 0.000226514 5.14598e-05 1.01884e-05 1.72956e-06 2.44869e-07 2.83903e-08 2.66784e-09
 2.05705e-11 2.23372e-09 1.43005e-07 5.3977e-06 0.000120118 0.00157597 0.0121911 0.0556105 0.149702 0.238758 0.230055 0.146236 0.0799467 0.0475101 0.0249016 0.00950229 0.0028485 0.000785074 0.000198341 4.33955e-05 8.27287e-06 1.35726e-06 1.85699e-07 2.06918e-08 1.83207e-09
 2.13244e-11 2.31557e-09 1.48245e-07 5.5955e-06 0.000124519 0.00163372 0.0126377 0.0576447 0.155138 0.247106 0.23657 0.146189 0.0738161 0.0400677 0.0198489 0.00699039 0.00175347 0.00037537 7.87467e-05 1.5632e-05 2.80309e-06 4.38133e-07 5.74342e-08 6.15358e-09 5.24456e-10
 2.10744e-11 2.28843e-09 1.46507e-07 5.52992e-06 0.00012306 0.00161457 0.0124896 0.0569704 0.153338 0.244356 0.234491 0.146428 0.0761891 0.0427622 0.0214326 0.00751223 0.00183755 0.000368714 6.84745e-05 1.12145e-05 1.59442e-06 2.06957e-07 2.42941e-08 2.43465e-09 1.97474e-10
 2.11652e-11 2.29829e-09 1.47139e-07 5.55375e-06 0.00012359 0.00162153 0.0125434 0.0572154 0.153992 0.245357 0.235256 0.146367 0.0753668 0.0418109 0.020849 0.00728862 0.00177434 0.000352301 6.41989e-05 1.01126e-05 1.31835e-06 1.46176e-07 1.38603e-08 1.12169e-09 7.75648e-11
 2.13022e-11 2.31316e-09 1.48091e-07 5.58968e-06 0.00012439 0.00163202 0.0126245 0.057585 0.15498 0.246875 0.236447 0.146379 0.0742843 0.0404772 0.0199169 0.00679816 0.00154984 0.000269795 4.28109e-05 6.24323e-06 7.83068e-07 8.35503e-08 7.40778e-09 5.30104e-10 3.04964e-11
 2.08754e-11 2.26682e-09 1.45124e-07 5.4777e-06 0.000121898 0.00159933 0.0123717 0.0564335 0.151905 0.242171 0.232865 0.146698 0.0782003 0.0449845 0.0226501 0.00780628 0.00180498 0.00032188 5.15379e-05 7.18334e-06 8.11128e-07 7.64508e-08 6.18731e-09 4.17377e-10 2.25778e-11
 2.15578e-11 2.34092e-09 1.49868e-07 5.65675e-06 0.000125882 0.0016516 0.012776 0.0582747 0.156823 0.2497 0.238626 0.14628 0.0720773 0.0378677 0.018237 0.00606256 0.00128364 0.000185507 2.20582e-05 2.50517e-06 2.62229e-07 2.38299e-08 1.8095e-09 1.1031e-10 5.34661e-12
 2.22685e-11 2.41809e-09 1.54809e-07 5.84325e-06 0.000130033 0.00170605 0.013197 0.0601923 0.161943 0.257528 0.244565 0.145674 0.0654438 0.0302906 0.0137243 0.00449431 0.000949913 0.000137362 1.61044e-05 1.70318e-06 1.50804e-07 1.07205e-08 6.51931e-10 3.49401e-11 1.57253e-12
 2.24852e-11 2.44162e-09 1.56315e-07 5.9001e-06 0.000131298 0.00172265 0.0133254 0.060777 0.163504 0.259917 0.246388 0.145526 0.0634757 0.0280152 0.0123304 0.00396332 0.000803827 0.000103081 9.32301e-06 7.24015e-07 5.31051e-08 3.44599e-09 1.89381e-10 8.5661e-12 3.0937e-13
 2.22307e-11 2.41399e-09 1.54546e-07 5.83333e-06 0.000129812 0.00170315 0.0131746 0.0600903 0.161671 0.257115 0.244263 0.145746 0.0658566 0.0307321 0.0139447 0.00451967 0.00091869 0.000117979 1.06595e-05 8.09592e-07 5.45588e-08 2.94729e-09 1.244e-10 4.40213e-12 1.34406e-13
 2.25679e-11 2.4506e-09 1.5689e-07 5.9218e-06 0.000131781 0.00172898 0.0133744 0.061 0.1641 0.260828 0.24708 0.145456 0.0627055 0.0271348 0.011805 0.0037795 0.000763848 9.69808e-05 8.51316e-06 6.17425e-07 4.01044e-08 2.12264e-09 8.69758e-11 2.8429e-12 7.40394e-14
 2.27227e-11 2.46741e-09 1.57966e-07 5.96241e-06 0.000132684 0.00174084 0.0134661 0.0614176 0.165215 0.262533 0.248374 0.145328 0.0612657 0.0254877 0.0108205 0.00343315 0.000687251 8.4892e-05 6.89939e-06 4.33071e-07 2.44066e-08 1.18738e-09 4.60332e-11 1.43484e-12 3.59684e-14
 2.29253e-11 2.48941e-09 1.59375e-07 6.01559e-06 0.000133868 0.00175636 0.0135861 0.0619644 0.166675 0.264765 0.250067 0.145155 0.0593735 0.0233266 0.00953381 0.00298651 0.000592706 7.16149e-05 5.44048e-06 2.91563e-07 1.32421e-08 5.41257e-10 1.81702e-11 4.87455e-13 1.07289e-14
 2.31103e-11 2.5095e-09 1.6066e-07 6.06413e-06 0.000134948 0.00177053 0.0136957 0.0624635 0.168008 0.266802 0.251611 0.144992 0.057639 0.0213494 0.00836192 0.00258615 0.000512541 6.22149e-05 4.80378e-06 2.67693e-07 1.27589e-08 5.24128e-10 1.63971e-11 3.78117e-13 6.84155e-15
 2.29302e-11 2.48995e-09 1.59409e-07 6.01687e-06 0.000133896 0.00175674 0.013589 0.0619776 0.16671 0.264819 0.250108 0.145151 0.0593285 0.0232749 0.00950255 0.00297512 0.000589912 7.10662e-05 5.34638e-06 2.78998e-07 1.20746e-08 4.65143e-10 1.44009e-11 3.39477e-13 6.2653e-15
 2.34741e-11 2.549e-09 1.63189e-07 6.15958e-06 0.000137072 0.0017984 0.0139112 0.063445 0.170628 0.270809 0.254648 0.144675 0.0542335 0.0174644 0.00605526 0.00179319 0.000350208 4.16619e-05 3.02849e-06 1.4355e-07 5.17934e-09 1.65948e-10 4.55643e-12 9.76905e-14 1.6468e-15
 2.36192e-11 2.56476e-09 1.64198e-07 6.19766e-06 0.00013792 0.00180952 0.0139972 0.0638366 0.171674 0.272407 0.25586 0.144549 0.0528745 0.0159142 0.00513511 0.0014772 0.000285755 3.36004e-05 2.35547e-06 9.9311e-08 2.6311e-09 4.94877e-11 8.03574e-13 1.21825e-14 1.60451e-16
 2.36597e-11 2.56916e-09 1.6448e-07 6.20829e-06 0.000138156 0.00181262 0.0140212 0.0639458 0.171966 0.272853 0.256198 0.144513 0.0524948 0.0154815 0.0048787 0.00138972 0.000268317 3.15905e-05 2.22833e-06 9.59974e-08 2.71607e-09 5.89925e-11 1.11729e-12 1.70214e-14 1.81869e-16
 2.35877e-11 2.56135e-09 1.6398e-07 6.18941e-06 0.000137736 0.00180711 0.0139786 0.0637517 0.171447 0.272061 0.255597 0.144577 0.0531694 0.0162505 0.00533437 0.00154526 0.000299372 3.51923e-05 2.46188e-06 1.03006e-07 2.65978e-09 4.65321e-11 6.568e-13 8.27949e-15 8.52389e-17
 2.38053e-11 2.58497e-09 1.65492e-07 6.24649e-06 0.000139006 0.00182377 0.0141074 0.0643386 0.173014 0.274456 0.257413 0.144385 0.05113 0.0139255 0.00395608 0.00107405 0.000204772 2.39959e-05 1.67847e-06 7.03548e-08 1.82813e-09 3.25098e-11 4.69594e-13 5.91436e-15 5.74084e-17
#obs surv len freq
 3.58953e-11 3.46794e-09 1.97535e-07 6.63369e-06 0.000131343 0.00153324 0.0105541 0.0428686 0.103134 0.14992 0.144856 0.125326 0.124515 0.112545 0.0795535 0.049149 0.02904 0.0156237 0.0072566 0.00282699 0.000894967 0.000220121 3.97406e-05 4.98827e-06 4.17378e-07
 2.86839e-11 2.67292e-09 1.46849e-07 4.75662e-06 9.08386e-05 0.00102286 0.00679375 0.0266715 0.062582 0.0928095 0.107871 0.137481 0.173186 0.161315 0.108523 0.0615237 0.0330119 0.0163472 0.00714346 0.00263891 0.00077818 0.000173893 2.81802e-05 3.17867e-06 2.40407e-07
 1.02663e-10 9.21135e-09 4.87271e-07 1.5197e-05 0.000279436 0.00302936 0.0193636 0.0729978 0.162548 0.215544 0.177527 0.108759 0.0729852 0.0582783 0.0449149 0.0313635 0.0185069 0.00882757 0.00349974 0.00116921 0.000315758 6.47944e-05 9.56348e-06 9.72972e-07 6.60533e-08
 1.24787e-10 1.07628e-08 5.47299e-07 1.64082e-05 0.000290027 0.00302252 0.0185745 0.0673644 0.144799 0.188647 0.165369 0.132255 0.118075 0.0887246 0.0455531 0.017032 0.00617347 0.00260332 0.00105486 0.000343628 8.52953e-05 1.57676e-05 2.09837e-06 1.92987e-07 1.18336e-08
 1.995e-10 1.65151e-08 8.06045e-07 2.3194e-05 0.000393489 0.00393587 0.0232142 0.0807903 0.166497 0.207024 0.169791 0.121888 0.0986082 0.0709517 0.0365758 0.0140474 0.00455084 0.00128843 0.000322898 7.7038e-05 1.67671e-05 2.86932e-06 3.49624e-07 2.90257e-08 1.5997e-09
 2.63426e-10 2.09e-08 9.77624e-07 2.6961e-05 0.000438373 0.00420251 0.0237584 0.0792916 0.157099 0.190208 0.160103 0.129874 0.115047 0.081762 0.039408 0.0136036 0.00391313 0.00100265 0.000215847 3.772e-05 5.46355e-06 6.66906e-07 6.57283e-08 4.78123e-09 2.37274e-10
 4.22729e-10 3.20998e-08 1.43708e-06 3.79315e-05 0.000590283 0.00541597 0.0293038 0.0935848 0.177281 0.204344 0.160894 0.118578 0.0968523 0.0659058 0.0315108 0.0112648 0.0033854 0.000852737 0.000167978 2.55124e-05 3.02397e-06 2.7719e-07 1.93182e-08 1.0106e-09 3.87055e-11
 5.91068e-10 4.29015e-08 1.83589e-06 4.6319e-05 0.000688995 0.00604276 0.0312556 0.09547 0.173416 0.194097 0.155676 0.125036 0.106275 0.0694821 0.0302512 0.00928249 0.00233822 0.000524858 9.90015e-05 1.46409e-05 1.63174e-06 1.3278e-07 7.72019e-09 3.17033e-10 9.10692e-12
 8.81976e-10 6.1117e-08 2.49693e-06 6.01435e-05 0.000854114 0.00715173 0.0353182 0.103025 0.17895 0.192702 0.151899 0.122677 0.10279 0.0652258 0.0279047 0.00866164 0.00221318 0.000473817 7.93145e-05 1.01362e-05 9.98605e-07 7.43983e-08 4.00411e-09 1.49354e-10 3.75659e-12
 1.23658e-09 8.1716e-08 3.18368e-06 7.31292e-05 0.000990374 0.00790839 0.0372511 0.10373 0.172722 0.181873 0.14928 0.131482 0.111859 0.0675662 0.0263688 0.00706319 0.0015013 0.000278508 4.30881e-05 5.18894e-06 4.69976e-07 3.11236e-08 1.46792e-09 4.83348e-11 1.08935e-12
 2.05863e-09 1.29593e-07 4.80972e-06 0.000105244 0.00135777 0.0103282 0.0463411 0.122883 0.19454 0.193274 0.146058 0.11632 0.0915822 0.0520963 0.0191879 0.00480964 0.000935336 0.000153592 2.03659e-05 2.06259e-06 1.58867e-07 9.24385e-09 3.92094e-10 1.16287e-11 2.33729e-13
 2.84685e-09 1.70551e-07 6.02396e-06 0.000125444 0.00154017 0.0111502 0.0476261 0.120378 0.18283 0.179417 0.145254 0.128333 0.102641 0.0560145 0.0193467 0.0044416 0.000769215 0.000111698 1.32393e-05 1.19358e-06 8.00097e-08 3.96126e-09 1.41804e-10 3.57607e-12 6.21619e-14
 4.54724e-09 2.59015e-07 8.69842e-06 0.000172225 0.00201049 0.0138391 0.0562042 0.135087 0.19518 0.18247 0.141044 0.118687 0.0899675 0.0464102 0.0150958 0.00323385 0.000513946 6.7426e-05 7.14806e-06 5.6855e-07 3.31431e-08 1.41961e-09 4.3997e-11 9.57719e-13 1.42698e-14
 5.36276e-09 2.9019e-07 9.25794e-06 0.000174137 0.00193122 0.0126312 0.0487855 0.11201 0.158006 0.157318 0.151886 0.154042 0.120136 0.0598822 0.0186465 0.00385748 0.000599292 7.64303e-05 7.68191e-06 5.64168e-07 2.96873e-08 1.12768e-09 3.06351e-11 5.80227e-13 7.48829e-15
 8.97956e-09 4.61241e-07 1.39682e-05 0.000249399 0.00262551 0.0163005 0.0597576 0.130181 0.173907 0.162695 0.145785 0.137997 0.101983 0.0490652 0.0153254 0.00341359 0.000605815 8.56892e-05 8.86009e-06 6.37956e-07 3.21913e-08 1.15334e-09 2.90146e-11 4.99688e-13 5.77344e-15
 1.39867e-08 6.81496e-07 1.95773e-05 0.000331577 0.00331119 0.0195016 0.0678351 0.14036 0.178925 0.162323 0.143758 0.132291 0.0931084 0.0424352 0.0125823 0.00268187 0.000462504 6.50598e-05 6.90668e-06 5.27429e-07 2.85411e-08 1.07228e-09 2.71822e-11 4.5527e-13 4.99131e-15
 2.14587e-08 9.91209e-07 2.6994e-05 0.000433424 0.00410329 0.0229122 0.075586 0.148567 0.181228 0.161187 0.143385 0.128948 0.0858633 0.036216 0.00957713 0.00170417 0.000232679 2.67175e-05 2.48943e-06 1.75874e-07 9.11542e-09 3.37395e-10 8.61505e-12 1.47145e-13 1.64466e-15
 3.08991e-08 1.35237e-06 3.48967e-05 0.000530911 0.00476261 0.0252026 0.0788489 0.147491 0.173926 0.156924 0.147051 0.132734 0.0855637 0.0352117 0.0095121 0.00187113 0.000293942 3.59203e-05 3.14261e-06 1.90823e-07 8.21684e-09 2.56759e-10 5.76728e-12 9.01661e-14 9.49874e-16
 4.80123e-08 1.99025e-06 4.86409e-05 0.000700882 0.00595499 0.0298488 0.0884882 0.157118 0.177178 0.155946 0.143807 0.124889 0.0764671 0.0299562 0.00780816 0.00151588 0.000239534 2.98248e-05 2.71303e-06 1.74512e-07 7.86097e-09 2.43359e-10 5.05289e-12 6.93209e-14 6.26422e-16
 7.31191e-08 2.86976e-06 6.64053e-05 0.000905962 0.0072882 0.0345935 0.0971705 0.16393 0.177688 0.154789 0.142498 0.119426 0.0690527 0.0252756 0.00607211 0.00106861 0.000153018 1.76569e-05 1.52881e-06 9.57477e-08 4.27737e-09 1.33122e-10 2.79969e-12 3.88253e-14 3.49177e-16
 1.03939e-07 3.86146e-06 8.45798e-05 0.00109229 0.00831836 0.0373872 0.0995799 0.160334 0.170306 0.154267 0.148566 0.122413 0.0675481 0.0235596 0.00545557 0.000938028 0.000130323 1.41762e-05 1.12663e-06 6.39625e-08 2.60083e-09 7.48578e-11 1.48343e-12 1.96947e-14 1.71596e-16
 1.61294e-07 5.67133e-06 0.000117569 0.00143701 0.0103578 0.0440664 0.111159 0.169912 0.172859 0.152384 0.142236 0.111709 0.0586293 0.0196942 0.00451601 0.000791769 0.000111805 1.20118e-05 9.22592e-07 4.9955e-08 1.90885e-09 5.07666e-11 9.17621e-13 1.10554e-14 8.7645e-17
 2.41386e-07 8.0323e-06 0.000157584 0.00182283 0.0124348 0.0500804 0.119718 0.174266 0.171895 0.15149 0.139952 0.105225 0.0521748 0.0165186 0.00357418 0.000593614 8.00399e-05 8.31254e-06 6.25534e-07 3.34122e-08 1.25221e-09 3.21892e-11 5.53659e-13 6.26354e-15 4.61035e-17
 3.41266e-07 1.07469e-05 0.000199534 0.00218436 0.0141037 0.0537878 0.122035 0.170316 0.166923 0.153787 0.144584 0.104849 0.0491333 0.0146116 0.00295559 0.000456274 5.70239e-05 5.49634e-06 3.85079e-07 1.92575e-08 6.81564e-10 1.66977e-11 2.75463e-13 2.99374e-15 2.11e-17
 4.88126e-07 1.45481e-05 0.000255638 0.00264867 0.0161876 0.0584664 0.125937 0.16867 0.164175 0.155751 0.14591 0.101358 0.045015 0.0127257 0.00246964 0.000367712 4.38594e-05 3.96039e-06 2.56158e-07 1.17285e-08 3.79335e-10 8.51773e-12 1.29447e-13 1.30343e-15 8.56121e-18
 6.76837e-07 1.90933e-05 0.00031756 0.00311437 0.0180193 0.0616636 0.126316 0.163443 0.160837 0.159545 0.149336 0.0998907 0.0427269 0.011944 0.0023967 0.000378081 4.64302e-05 4.13337e-06 2.5688e-07 1.1145e-08 3.37438e-10 7.00917e-12 9.76236e-14 8.9597e-16 5.35485e-18
 1.05679e-06 2.822e-05 0.000444301 0.00412476 0.0225922 0.073198 0.14204 0.174409 0.163402 0.154037 0.135938 0.0852549 0.0339665 0.00872832 0.00158206 0.000225391 2.57786e-05 2.22271e-06 1.37408e-07 5.96629e-09 1.78439e-10 3.58581e-12 4.74346e-14 4.07975e-16 2.26295e-18
 1.38074e-06 3.49068e-05 0.000520315 0.00457358 0.0237266 0.0729291 0.13525 0.163447 0.161668 0.164464 0.145285 0.0867951 0.0323007 0.00760866 0.00122742 0.000151572 1.5035e-05 1.14117e-06 6.28797e-08 2.47242e-09 6.85336e-11 1.30634e-12 1.66408e-14 1.3847e-16 7.40273e-19
 1.45052e-06 3.47226e-05 0.000490097 0.00408027 0.0200714 0.0588084 0.106404 0.136176 0.162853 0.193302 0.173879 0.0996589 0.0350878 0.00780965 0.00119088 0.000138088 1.26216e-05 8.60626e-07 4.15469e-08 1.40695e-09 3.3533e-11 5.56044e-13 6.26535e-15 4.68968e-17 2.29124e-19
#pred catch len freq
 1.20126e-11 1.30443e-09 8.35108e-08 3.15212e-06 7.0146e-05 0.000920357 0.00712053 0.0325045 0.0878264 0.142706 0.150025 0.129857 0.122447 0.108974 0.0768058 0.047816 0.0302029 0.019352 0.0127213 0.00881274 0.00656327 0.0053385 0.00451676 0.00343083 0.00198496
 9.4614e-12 1.02739e-09 6.57748e-08 2.48267e-06 5.52488e-05 0.000724917 0.00560929 0.0256248 0.0694982 0.115025 0.130708 0.137644 0.155472 0.144789 0.0969596 0.0528636 0.028317 0.0153899 0.00843525 0.00480284 0.00292992 0.00198842 0.00148334 0.00106572 0.000611779
 1.29135e-11 1.40225e-09 8.97733e-08 3.3885e-06 7.54063e-05 0.000989372 0.00765443 0.0349403 0.0943891 0.153218 0.160366 0.136997 0.127093 0.111847 0.0773442 0.0456282 0.0253834 0.0127758 0.00588106 0.0026826 0.00127676 0.000667145 0.000398894 0.000251777 0.000137165
 1.79773e-11 1.95212e-09 1.24977e-07 4.71724e-06 0.000104975 0.00137731 0.0106547 0.0486106 0.130977 0.209855 0.206774 0.143987 0.0972348 0.0701044 0.042137 0.0204213 0.00953877 0.00459359 0.00213001 0.000903533 0.000352219 0.000136482 5.86366e-05 2.87653e-05 1.37622e-05
 1.73538e-11 1.88441e-09 1.20642e-07 4.55363e-06 0.000101334 0.00132954 0.0102854 0.0469305 0.126515 0.203227 0.202703 0.147669 0.107954 0.0803739 0.0456525 0.0182114 0.00595295 0.00197905 0.000706243 0.000262174 9.52676e-05 3.1901e-05 1.01172e-05 3.40307e-06 1.2393e-06
 1.75113e-11 1.90152e-09 1.21737e-07 4.59496e-06 0.000102254 0.00134161 0.0103787 0.0473553 0.127647 0.20494 0.203915 0.147251 0.10608 0.0785287 0.0450174 0.0184964 0.006254 0.00195773 0.000544788 0.000137153 3.51981e-05 9.51214e-06 2.52091e-06 6.31257e-07 1.57075e-07
 1.72173e-11 1.86959e-09 1.19693e-07 4.51781e-06 0.000100537 0.00131908 0.0102045 0.0465621 0.125531 0.201717 0.201532 0.147707 0.109134 0.081858 0.0467733 0.0188408 0.00615058 0.00188237 0.000523801 0.000126294 2.65744e-05 4.99824e-06 9.03753e-07 1.65389e-07 2.96867e-08
 1.78767e-11 1.94119e-09 1.24277e-07 4.69083e-06 0.000104388 0.0013696 0.0105952 0.0483415 0.130284 0.209006 0.207165 0.147482 0.103495 0.0751761 0.0424582 0.0169246 0.00541804 0.00161316 0.000434921 0.000101561 2.07659e-05 3.65178e-06 5.40929e-07 6.90751e-08 8.11507e-09
 1.82121e-11 1.97762e-09 1.26609e-07 4.77885e-06 0.000106346 0.0013953 0.0107939 0.0492467 0.132704 0.212724 0.210077 0.147497 0.100822 0.0719038 0.0402019 0.0157634 0.00488634 0.00140249 0.000367657 8.35429e-05 1.65406e-05 2.80785e-06 3.97528e-07 4.60895e-08 4.33104e-09
 1.8973e-11 2.06024e-09 1.31899e-07 4.97851e-06 0.000110789 0.00145359 0.0112447 0.0512999 0.138189 0.221132 0.216566 0.147209 0.0942689 0.0641559 0.0352192 0.0135798 0.00408018 0.00112537 0.000284387 6.22234e-05 1.18618e-05 1.946e-06 2.66245e-07 2.96667e-08 2.62672e-09
 1.99007e-11 2.16098e-09 1.38348e-07 5.22194e-06 0.000116206 0.00152466 0.0117943 0.0538035 0.14488 0.231415 0.224622 0.147257 0.0868844 0.0551019 0.0289538 0.0103381 0.00260113 0.000557453 0.000117013 2.32324e-05 4.16594e-06 6.51133e-07 8.53548e-08 9.14497e-09 7.79404e-10
 1.96406e-11 2.13273e-09 1.3654e-07 5.15368e-06 0.000114688 0.00150473 0.0116402 0.0531017 0.143007 0.228553 0.222466 0.147527 0.0893867 0.0579291 0.030596 0.010854 0.00266192 0.000534604 9.93299e-05 1.62705e-05 2.31326e-06 3.00249e-07 3.52445e-08 3.53201e-09 2.8648e-10
 2.00145e-11 2.17334e-09 1.39139e-07 5.2518e-06 0.000116871 0.00153337 0.0118617 0.0541106 0.145701 0.232675 0.225607 0.147253 0.0859645 0.053987 0.0282015 0.0099652 0.0024311 0.000482902 8.80052e-05 1.38624e-05 1.80711e-06 2.00357e-07 1.8997e-08 1.53737e-09 1.06309e-10
 2.01081e-11 2.1835e-09 1.3979e-07 5.27637e-06 0.000117418 0.00154055 0.0119172 0.0543633 0.146377 0.23372 0.226452 0.147346 0.0853527 0.0531582 0.0275232 0.0095065 0.00217257 0.000378428 6.00643e-05 8.76014e-06 1.09873e-06 1.17225e-07 1.03931e-08 7.43722e-10 4.27854e-11
 2.00615e-11 2.17843e-09 1.39465e-07 5.26412e-06 0.000117145 0.00153697 0.0118895 0.0542374 0.146041 0.233203 0.226049 0.147352 0.085737 0.0536236 0.0278384 0.00966115 0.00223645 0.000398732 6.38106e-05 8.89111e-06 1.00382e-06 9.46033e-08 7.656e-09 5.16437e-10 2.79362e-11
 2.07921e-11 2.25777e-09 1.44545e-07 5.45583e-06 0.000121411 0.00159294 0.0123224 0.0562088 0.151306 0.241266 0.232227 0.14693 0.0792211 0.0460293 0.0230999 0.0077549 0.00164512 0.000237784 2.82646e-05 3.2088e-06 3.3581e-07 3.05132e-08 2.31686e-09 1.41236e-10 6.84547e-12
 2.18277e-11 2.37022e-09 1.51744e-07 5.72757e-06 0.000127458 0.00167228 0.0129359 0.0590029 0.158767 0.252672 0.240881 0.146049 0.0695565 0.0349894 0.0165243 0.00546914 0.00115835 0.000167511 1.9627e-05 2.07446e-06 1.8362e-07 1.30515e-08 7.93608e-10 4.2531e-11 1.91413e-12
 2.20618e-11 2.39564e-09 1.53371e-07 5.78899e-06 0.000128825 0.00169021 0.0130745 0.0596345 0.160454 0.255254 0.242853 0.145893 0.0674384 0.0325365 0.0150158 0.00488757 0.000993845 0.000127494 1.15272e-05 8.94598e-07 6.5582e-08 4.25455e-09 2.33789e-10 1.05742e-11 3.81884e-13
 2.18096e-11 2.36826e-09 1.51618e-07 5.72283e-06 0.000127353 0.00167089 0.0129252 0.0589542 0.158637 0.252477 0.240747 0.146112 0.0697973 0.0352283 0.0166153 0.00543896 0.00110777 0.000142291 1.28508e-05 9.75295e-07 6.56874e-08 3.54751e-09 1.49714e-10 5.29749e-12 1.61734e-13
 2.22505e-11 2.41614e-09 1.54684e-07 5.83853e-06 0.000129928 0.00170467 0.0131864 0.0601438 0.161814 0.257333 0.24443 0.145732 0.065676 0.0305236 0.0138173 0.00447151 0.0009057 0.000115021 1.00926e-05 7.31376e-07 4.74732e-08 2.51183e-09 1.02908e-10 3.36337e-12 8.75897e-14
 2.24897e-11 2.44211e-09 1.56346e-07 5.90129e-06 0.000131324 0.00172299 0.0133281 0.0607892 0.163537 0.259968 0.24643 0.145531 0.0634475 0.027976 0.0122971 0.0039398 0.000790271 9.76439e-05 7.93313e-06 4.97541e-07 2.80138e-08 1.36217e-09 5.27979e-11 1.64552e-12 4.12472e-14
 2.26896e-11 2.46381e-09 1.57736e-07 5.95373e-06 0.000132491 0.0017383 0.0134465 0.0613284 0.164977 0.262169 0.2481 0.145361 0.0615827 0.0258457 0.011028 0.00349829 0.000696141 8.4152e-05 6.39213e-06 3.4237e-07 1.55357e-08 6.3457e-10 2.12962e-11 5.71234e-13 1.25718e-14
 2.29184e-11 2.48866e-09 1.59326e-07 6.01377e-06 0.000133827 0.00175583 0.013582 0.0619457 0.166625 0.264689 0.250009 0.14516 0.059437 0.0233997 0.00957817 0.00300292 0.000596895 7.24907e-05 5.5963e-06 3.11655e-07 1.48405e-08 6.09254e-10 1.90551e-11 4.39355e-13 7.9489e-15
 2.277e-11 2.47255e-09 1.58295e-07 5.97484e-06 0.000132961 0.00174447 0.0134941 0.0615454 0.165556 0.263055 0.248771 0.145291 0.0608297 0.0249866 0.0105178 0.00332277 0.000660111 7.95479e-05 5.98346e-06 3.12045e-07 1.34905e-08 5.19241e-10 1.60694e-11 3.78747e-13 6.98939e-15
 2.34173e-11 2.54283e-09 1.62795e-07 6.14467e-06 0.00013674 0.00179405 0.0138776 0.0632917 0.170219 0.270183 0.254174 0.144725 0.054766 0.0180716 0.00641525 0.00191637 0.000375009 4.46283e-05 3.24386e-06 1.53685e-07 5.53921e-09 1.77266e-10 4.86384e-12 1.04252e-13 1.75719e-15
 2.3552e-11 2.55747e-09 1.63731e-07 6.18004e-06 0.000137527 0.00180437 0.0139574 0.0636553 0.17119 0.271667 0.255299 0.144608 0.0535042 0.0166322 0.00556073 0.00162273 0.000314976 3.70619e-05 2.59842e-06 1.09547e-07 2.90144e-09 5.45308e-11 8.84426e-13 1.33965e-14 1.76373e-16
 2.36173e-11 2.56455e-09 1.64185e-07 6.19716e-06 0.000137908 0.00180937 0.013996 0.0638313 0.17166 0.272386 0.255844 0.14455 0.0528924 0.0159348 0.00514745 0.00148162 0.00028678 3.3781e-05 2.38297e-06 1.02643e-07 2.90256e-09 6.29751e-11 1.19135e-12 1.81382e-14 1.93755e-16
 2.35407e-11 2.55624e-09 1.63653e-07 6.17708e-06 0.000137461 0.00180351 0.0139507 0.0636249 0.171109 0.271543 0.255205 0.144618 0.0536102 0.0167529 0.00563224 0.0016471 0.000319819 3.76129e-05 2.6314e-06 1.10092e-07 2.84211e-09 4.96889e-11 7.00524e-13 8.82118e-15 9.0768e-17
 2.36512e-11 2.56824e-09 1.64421e-07 6.20607e-06 0.000138106 0.00181197 0.0140162 0.063923 0.171905 0.272759 0.256127 0.144521 0.0525743 0.015572 0.00493221 0.00140778 0.000271781 3.19305e-05 2.23461e-06 9.36733e-08 2.43391e-09 4.32735e-11 6.2485e-13 7.86733e-15 7.63539e-17
#obs catch len freq
 3.3098e-11 3.19768e-09 1.82141e-07 6.11673e-06 0.000121108 0.00141376 0.00973183 0.039533 0.0951631 0.138747 0.135895 0.121993 0.126133 0.118 0.087969 0.0577256 0.0348625 0.018639 0.00880268 0.00363417 0.00123755 0.000323196 6.08013e-05 7.85381e-06 6.72008e-07
 4.80145e-11 4.47425e-09 2.45814e-07 7.96219e-06 0.000152054 0.00171206 0.0113674 0.0445448 0.103493 0.146039 0.140016 0.125532 0.128159 0.114765 0.080075 0.0492447 0.0288943 0.0153261 0.00698057 0.00265109 0.000811788 0.000191279 3.27724e-05 3.87367e-06 3.03433e-07
 3.85962e-11 3.463e-09 1.8319e-07 5.71332e-06 0.000105057 0.00113905 0.00728534 0.0275576 0.0624798 0.0907348 0.107311 0.141489 0.17722 0.161068 0.106348 0.0598553 0.0318857 0.0155816 0.00667965 0.00240095 0.000682774 0.000145895 2.24266e-05 2.38221e-06 1.6867e-07
 1.44737e-10 1.24835e-08 6.34797e-07 1.90314e-05 0.000336393 0.00350564 0.0215407 0.0780673 0.167179 0.213597 0.171065 0.105188 0.0730772 0.058982 0.0451968 0.0311591 0.0180137 0.00840962 0.00326327 0.00106102 0.000276256 5.41442e-05 7.57157e-06 7.25009e-07 4.60755e-08
 1.7881e-10 1.48023e-08 7.22449e-07 2.07885e-05 0.000352681 0.00352773 0.0208085 0.0724474 0.149626 0.188128 0.162027 0.131405 0.117619 0.0860217 0.042772 0.0157313 0.00574493 0.00242058 0.000958018 0.000301625 7.19385e-05 1.26921e-05 1.60005e-06 1.38468e-07 7.94694e-09
 2.90589e-10 2.30551e-08 1.07843e-06 2.97411e-05 0.000483573 0.00463576 0.0262056 0.0874212 0.17281 0.206792 0.165535 0.11941 0.0966921 0.067796 0.0338998 0.0127397 0.00405954 0.00112833 0.000278589 6.53909e-05 1.37755e-05 2.2482e-06 2.59072e-07 2.02251e-08 1.04322e-09
 3.88782e-10 2.95221e-08 1.32168e-06 3.48855e-05 0.000542883 0.00498113 0.0269532 0.0861145 0.163496 0.190602 0.157279 0.128188 0.112245 0.0771151 0.0358776 0.0120777 0.00341873 0.000858427 0.000179847 3.05253e-05 4.28858e-06 5.04604e-07 4.73943e-08 3.25043e-09 1.51022e-10
 6.32063e-10 4.58771e-08 1.96322e-06 4.95316e-05 0.000736779 0.00646176 0.0334201 0.102038 0.184935 0.204693 0.156969 0.115205 0.0927069 0.0609781 0.0281928 0.00984405 0.00289913 0.00071028 0.000135396 1.98742e-05 2.2699e-06 1.995e-07 1.32621e-08 6.57787e-10 2.37155e-11
 8.93527e-10 6.19174e-08 2.52963e-06 6.09312e-05 0.0008653 0.00724537 0.0357802 0.104366 0.181216 0.194808 0.152553 0.121706 0.101002 0.0634422 0.0265548 0.00791763 0.00195826 0.000430238 7.87239e-05 1.12227e-05 1.19923e-06 9.3106e-08 5.14384e-09 1.99913e-10 5.41142e-12
 1.3537e-09 8.94554e-08 3.48521e-06 8.00553e-05 0.00108417 0.00865711 0.0407716 0.113443 0.188113 0.194168 0.148634 0.117871 0.0956137 0.0581541 0.0239346 0.0072243 0.00180444 0.000375135 6.06208e-05 7.46863e-06 7.07221e-07 5.03277e-08 2.57072e-09 9.05535e-11 2.1426e-12
 1.92603e-09 1.21245e-07 4.49991e-06 9.84655e-05 0.00127031 0.00966324 0.0433625 0.115056 0.182734 0.18433 0.146654 0.125719 0.102682 0.0591656 0.0220969 0.00572274 0.001189 0.000215307 3.22379e-05 3.73563e-06 3.24034e-07 2.04509e-08 9.15242e-10 2.84797e-11 6.04113e-13
 3.20933e-09 1.92267e-07 6.79097e-06 0.000141416 0.00173625 0.0125692 0.0536726 0.135474 0.204308 0.194013 0.141477 0.109208 0.0823887 0.0446446 0.0157103 0.00379812 0.000719412 0.000114868 1.46958e-05 1.43121e-06 1.05788e-07 5.87828e-09 2.36664e-10 6.62783e-12 1.2529e-13
 4.51084e-09 2.56941e-07 8.62878e-06 0.000170846 0.0019944 0.0137284 0.0557556 0.134022 0.193735 0.181519 0.141227 0.11976 0.0911722 0.0472544 0.015552 0.00343181 0.000577379 8.15092e-05 9.31668e-06 8.05894e-07 5.1708e-08 2.4415e-09 8.29693e-11 1.97783e-12 3.23722e-14
 7.20924e-09 3.90106e-07 1.24456e-05 0.000234092 0.00259604 0.0169761 0.0654987 0.149582 0.205494 0.183131 0.135604 0.109118 0.0785577 0.0384304 0.0118923 0.00244341 0.000376331 4.79098e-05 4.88911e-06 3.72357e-07 2.07508e-08 8.47419e-10 2.49269e-11 5.12695e-13 7.19134e-15
 8.73808e-09 4.48837e-07 1.35925e-05 0.000242692 0.00255492 0.0158627 0.058161 0.126797 0.169993 0.161265 0.148528 0.143004 0.105554 0.0498353 0.0147592 0.00292924 0.00044078 5.44038e-05 5.24638e-06 3.67903e-07 1.8466e-08 6.67753e-10 1.72018e-11 3.0769e-13 3.73778e-15
 1.45863e-08 7.10715e-07 2.04166e-05 0.000345793 0.00345313 0.0203367 0.0707247 0.14618 0.185368 0.164791 0.140237 0.125636 0.0878095 0.040067 0.0119527 0.00256895 0.0004415 5.99943e-05 5.91468e-06 4.05335e-07 1.9468e-08 6.62617e-10 1.57756e-11 2.56177e-13 2.78306e-15
 2.2892e-08 1.05741e-06 2.87969e-05 0.000462371 0.00437726 0.02444 0.0805927 0.158076 0.190915 0.163631 0.136124 0.11765 0.0780951 0.0337212 0.00954525 0.00196345 0.000328195 4.4431e-05 4.50734e-06 3.27907e-07 1.68544e-08 5.99024e-10 1.43126e-11 2.2538e-13 2.31885e-15
 3.5057e-08 1.53435e-06 3.95926e-05 0.000602349 0.00540326 0.0285877 0.0893592 0.166404 0.192178 0.161272 0.134546 0.113527 0.071193 0.0283681 0.00712255 0.00121471 0.000160549 1.78375e-05 1.59586e-06 1.07702e-07 5.31215e-09 1.86231e-10 4.48325e-12 7.19371e-14 7.53294e-16
 5.10158e-08 2.11475e-06 5.16836e-05 0.000744722 0.00632734 0.0317118 0.0939606 0.166392 0.185386 0.156893 0.136858 0.115562 0.0701591 0.0273392 0.00704945 0.001336 0.000202337 2.36369e-05 1.96548e-06 1.13417e-07 4.64653e-09 1.3792e-10 2.92991e-12 4.31194e-14 4.25976e-16
 7.94218e-08 3.11713e-06 7.21291e-05 0.000984044 0.00791607 0.0375669 0.105428 0.177079 0.188207 0.154314 0.13133 0.106273 0.0612189 0.022712 0.00565614 0.00105907 0.000161395 1.92261e-05 1.66447e-06 1.01678e-07 4.33796e-09 1.26723e-10 2.47511e-12 3.18788e-14 2.70048e-16
 1.21038e-07 4.49669e-06 9.84933e-05 0.00127195 0.00968581 0.0435158 0.115673 0.184459 0.187971 0.151558 0.127977 0.0997127 0.0541819 0.0187549 0.00429557 0.000727812 0.000100552 1.11188e-05 9.17588e-07 5.46363e-08 2.31309e-09 6.79291e-11 1.34285e-12 1.74537e-14 1.46785e-16
 1.73735e-07 6.10875e-06 0.000126637 0.00154783 0.011156 0.0474513 0.11956 0.181754 0.180727 0.150168 0.132044 0.101138 0.0524599 0.0173109 0.00382405 0.000632562 8.45231e-05 8.77973e-06 6.63565e-07 3.5794e-08 1.38024e-09 3.75278e-11 6.99606e-13 8.70845e-15 7.09458e-17
 2.68724e-07 8.94199e-06 0.00017543 0.00202923 0.0138417 0.0557234 0.132939 0.191673 0.181885 0.145899 0.123549 0.0900258 0.0444175 0.0141344 0.00309787 0.000522503 7.07434e-05 7.23651e-06 5.27621e-07 2.70966e-08 9.79922e-10 2.45764e-11 4.17483e-13 4.71443e-15 3.49523e-17
 4.02984e-07 1.26904e-05 0.000235618 0.00257929 0.016651 0.0634522 0.14341 0.196609 0.179861 0.142667 0.118819 0.0827601 0.0385586 0.01156 0.00238932 0.000381536 4.93241e-05 4.87987e-06 3.48695e-07 1.76517e-08 6.24986e-10 1.5121e-11 2.44027e-13 2.58421e-15 1.77699e-17
 5.76004e-07 1.71671e-05 0.000301658 0.00312535 0.019097 0.0689073 0.14773 0.193672 0.174435 0.142815 0.120711 0.0811392 0.0357272 0.0100552 0.00194045 0.000287557 3.44165e-05 3.15818e-06 2.10061e-07 9.95737e-09 3.33034e-10 7.67984e-12 1.18839e-13 1.20816e-15 7.94765e-18
 8.27165e-07 2.33338e-05 0.000388085 0.00380578 0.0220131 0.0752207 0.153023 0.192006 0.170363 0.142558 0.120199 0.0775117 0.0323641 0.00866142 0.00160336 0.000228806 2.60701e-05 2.23647e-06 1.37137e-07 5.94702e-09 1.81718e-10 3.84078e-12 5.47547e-14 5.15776e-16 3.16191e-18
 1.16778e-06 3.11837e-05 0.000490957 0.00455772 0.024959 0.0807936 0.156118 0.188205 0.166195 0.143295 0.120497 0.0748965 0.0301631 0.00800055 0.00153379 0.000231385 2.7027e-05 2.27911e-06 1.34053e-07 5.50044e-09 1.57107e-10 3.06807e-12 4.00537e-14 3.43751e-16 1.9172e-18
 1.80435e-06 4.56158e-05 0.000679923 0.00597576 0.0309817 0.0949508 0.173712 0.198217 0.165299 0.133839 0.105383 0.0612663 0.0229499 0.00558536 0.000965499 0.000131571 1.4341e-05 1.17337e-06 6.86775e-08 2.81633e-09 7.92815e-11 1.49475e-12 1.85061e-14 1.48683e-16 7.6903e-19
 2.42418e-06 5.80291e-05 0.000818995 0.00681598 0.0334705 0.0972698 0.16963 0.188499 0.162252 0.140599 0.111433 0.0618594 0.0216389 0.00481826 0.000738986 8.7076e-05 8.22389e-06 5.92125e-07 3.08999e-08 1.14889e-09 3.00196e-11 5.37332e-13 6.40633e-15 4.97646e-17 2.47846e-19
#spawning biomass
 8717.09 7334.38 4794.2 5851.5 8967.61 13618.3 18195.9 23531.1 33897.9 49383.7 59926.3 79279.9 98610.3 105257 110894 79651.7 90724.9 91497.8 90406.2 88475.6 86135.2 76038.7 91746.9 92526.8 104060 85487.3 110899 86153.7 95030.8 122437 63591.8 9687.46 7127.97 7033.01 7029.84 7029.74 7029.74 7029.74 7029.74 7029.74 7029.74 7029.74 7029.74 7029.74 7029.74 7029.74 7029.74 7029.74 7029.74 7029.74 7029.74 7029.74 7029.74 7029.74 7029.74 7029.74 7029.74 7029.74 7029.74 7029.74 7029.74 7029.74 7029.74 7029.74 7029.74 7029.74 7029.74 7029.74 7029.74 7029.74 7029.74 7029.74 7029.74 7029.74 7029.74 7029.74 7029.74 7029.74 7029.74 7029.74 7029.74 7029.74 7029.74 7029.74 7029.74 7029.74 7029.74 7029.74 7029.74 7029.74 7029.74 7029.74 7029.74 7029.74 7029.74 7029.74 7029.74 7029.74 7029.74 7029.74 7029.74 7029.74 7029.74 7029.74 7029.74 7029.74 7029.74 7029.74 7029.74 7029.74 7029.74 7029.74 7029.74 7029.74 7029.74 7029.74 7029.74 7029.74 7029.74 7029.74 7029.74 7029.74 7029.74 7029.74 7029.74 7029.74 7029.74 7029.74 7029.74 0 0 0 0 0 0 0 0 0 0 0 0 0 0 0 0 0 0 0 0 0 0 0 0 0
