SBPRF35
0.361674
Curr Bio
180227
B35
818679
F35
0.325311
FOFL
0.0848308
OFL
17088.8
Bzero
103336
#pred survey bio
 32637.8 29483.9 21514.4 14128.4 22361.1 42399.2 77160.8 131186 154629 186113 178332 172521 196598 208946 220308 212630 196179 194962 196879 189054 202742 218635 184817 197608 189221 202129 194074 209753 9.56566e+06 8.91681e+06 7.99096e+06 6.26526e+06 4.60043e+06 3.30982e+06 2.41374e+06 1.82914e+06 1.46089e+06 1.2329e+06 1.09237e+06 1.00533e+06 950786 916059 893462 878158 868073 861303 856685 853497 851274 849713 848609 847826 847269 846871 846587 846384 846238 846134 846059 846006 845967 845939 845920 845905 845895 845888 845882 845879 845876 845874 845873 845872 845871 845870 845870 845870 845870 845869 845869 845869 845869 845869 845869 845869 845869 845869 845869 845869 845869 845869 845869 845869 845869 845869 845869 845869 845869 845869 845869 845869 845869 845869 845869 845869 845869 845869 845869 845869 845869 845869 845869 845869 845869 845869 845869 845869 845869 845869 845869 845869 845869 845869 845869 845869 845869 845869 845869 845869 0 0 0 0 0 0 0 0 0 0 0 0 0 0 0 0 0 0 0 0 0 0 0 0 0
#obs survey bio
 31331 18266.4 11810.7 18000 23860.4 41593.8 89154 125143 142351 207630 145512 201453 159423 191400 176884 208688 204490 158068 179177 210784 273045 361200 176387 184537 278496 210030 259862 178798
#pred catch bio
 16977.8 14588.2 12291.3 7699.57 11393.2 23480.9 44653.8 92237.9 99755.7 137711 146956 143800 168212 180344 199127 197695 180971 185106 193969 180654 197795 230998 194432 213545 207110 230121 221434 198769 17088.8 99818.5 87411.3 66555.6 47174.8 32637.3 22916.4 16864.1 13272 11210.7 10056.2 9421.22 9076.62 8891.51 8792.7 8739.73 8712.26 8698.01 8690.62 8686.79 8684.81 8683.78 8683.24 8682.97 8682.82 8682.75 8682.71 8682.69 8682.68 8682.67 8682.67 8682.67 8682.67 8682.67 8682.67 8682.67 8682.67 8682.67 8682.67 8682.67 8682.67 8682.67 8682.67 8682.67 8682.67 8682.67 8682.67 8682.67 8682.67 8682.67 8682.67 8682.67 8682.67 8682.67 8682.67 8682.67 8682.67 8682.67 8682.67 8682.67 8682.67 8682.67 8682.67 8682.67 8682.67 8682.67 8682.67 8682.67 8682.67 8682.67 8682.67 8682.67 8682.67 8682.67 8682.67 8682.67 8682.67 8682.67 8682.67 8682.67 8682.67 8682.67 8682.67 8682.67 8682.67 8682.67 8682.67 8682.67 8682.67 8682.67 8682.67 8682.67 8682.67 8682.67 8682.67 8682.67 8682.67 8682.67 8682.67 8682.67 0 0 0 0 0 0 0 0 0 0 0 0 0 0 0 0 0 0 0 0 0 0 0 0 0
#obs catch bio
 18831.1 16238.2 15493.4 8106.29 11094.4 22365.5 41165.3 86618.2 93032.5 132553 162330 137012 170326 184166 208700 205694 177217 172487 206403 165971 179660 199623 180374 199030 179884 215569 204947 189493
#pred cpue bio
 30884.7 28512.5 21152.1 13465.3 20279.1 39058.9 70486.6 120395 142433 172999 164333 156163 177411 188667 198587 190771 175624 174392 174773 167234 180158 192849 161480 172392 164514 174919 166873 180359 8.53687e+06 8.90079e+06 7.97494e+06 6.24924e+06 4.58441e+06 3.2938e+06 2.39772e+06 1.81312e+06 1.44487e+06 1.21688e+06 1.07635e+06 989309 934767 900039 877442 862139 852054 845283 840666 837478 835255 833693 832590 831807 831250 830852 830568 830365 830219 830115 830040 829986 829948 829920 829900 829886 829876 829868 829863 829859 829857 829855 829853 829852 829852 829851 829851 829851 829850 829850 829850 829850 829850 829850 829850 829850 829850 829850 829850 829850 829850 829850 829850 829850 829850 829850 829850 829850 829850 829850 829850 829850 829850 829850 829850 829850 829850 829850 829850 829850 829850 829850 829850 829850 829850 829850 829850 829850 829850 829850 829850 829850 829850 829850 829850 829850 829850 829850 829850 829850 0 0 0 0 0 0 0 0 0 0 0 0 0 0 0 0 0 0 0 0 0 0 0 0 0
#obs cpue bio
 35856.7 18805.1 12895.8 14941.7 22755 58176.5 84791.6 161694 188186 174057 119007 188779 194024 186355 207031 169759 188876 293083 140776 225623 192851 218752 212498 247074 195378 215725 170973 247335
#pred surv len freq
 1.50762e-11 1.63638e-09 1.04728e-07 3.95211e-06 8.79394e-05 0.00115381 0.00892715 0.040747 0.109945 0.177188 0.179195 0.13703 0.109273 0.0888094 0.0589196 0.0337052 0.0194957 0.011666 0.00727003 0.00485516 0.00354158 0.00285739 0.00241775 0.00184225 0.00106943
 1.06475e-11 1.15568e-09 7.39636e-08 2.79116e-06 6.21072e-05 0.000814898 0.0063058 0.0288018 0.0779839 0.127861 0.139581 0.133705 0.139974 0.129481 0.0913208 0.0550835 0.031771 0.0170222 0.00867349 0.00455598 0.00261167 0.00170875 0.00125738 0.000902298 0.000519275
 6.83312e-12 7.4167e-10 4.74668e-08 1.79125e-06 3.98581e-05 0.000522985 0.00404751 0.0185004 0.0502752 0.083909 0.0984874 0.111504 0.136158 0.141516 0.120394 0.0938395 0.0654718 0.0384257 0.0196084 0.00911275 0.00407449 0.00195494 0.00110387 0.00068231 0.000370548
 1.5026e-11 1.63093e-09 1.04379e-07 3.93896e-06 8.76466e-05 0.00114995 0.00889688 0.0405983 0.109399 0.17514 0.17166 0.117307 0.0785643 0.0647953 0.0585697 0.0538375 0.0457849 0.0338932 0.0213077 0.0110643 0.0048096 0.00187751 0.000751112 0.000343473 0.000159658
 1.9957e-11 2.16614e-09 1.38632e-07 5.23156e-06 0.000116408 0.00152731 0.0118161 0.0539114 0.145168 0.231556 0.22288 0.140828 0.0759834 0.0456646 0.0266144 0.0144614 0.00942409 0.00746249 0.00573078 0.00371766 0.00193405 0.000800181 0.000276793 9.08733e-05 3.11051e-05
 1.76334e-11 1.91394e-09 1.22492e-07 4.62246e-06 0.000102856 0.00134951 0.0104409 0.0476486 0.128458 0.206145 0.204328 0.145282 0.101864 0.0746931 0.0438525 0.0195868 0.00800554 0.00358539 0.00196389 0.00128411 0.000796882 0.000397638 0.000152004 4.5793e-05 1.18988e-05
 1.86546e-11 2.02478e-09 1.29586e-07 4.89015e-06 0.000108812 0.00142765 0.0110453 0.0504008 0.135798 0.21728 0.212331 0.142951 0.0901766 0.0626911 0.0388097 0.0203574 0.00984241 0.00418632 0.00153479 0.00057345 0.000263212 0.000133956 5.89105e-05 1.96661e-05 4.91462e-06
 1.8074e-11 1.96176e-09 1.25552e-07 4.73794e-06 0.000105425 0.00138322 0.0107016 0.0488358 0.131623 0.210935 0.207714 0.144096 0.0965534 0.0693698 0.0418752 0.0204519 0.00943741 0.00425927 0.00174557 0.000620663 0.000194221 6.19203e-05 2.23893e-05 7.72645e-06 2.07763e-06
 1.76381e-11 1.91445e-09 1.22524e-07 4.62368e-06 0.000102883 0.00134986 0.0104437 0.0476604 0.128481 0.206113 0.203975 0.144208 0.100254 0.0738554 0.0449346 0.0219147 0.00990538 0.00425983 0.00167076 0.000602025 0.000193719 5.34891e-05 1.32451e-05 3.29221e-06 7.98208e-07
 1.66071e-11 1.80254e-09 1.15363e-07 4.35343e-06 9.68692e-05 0.00127097 0.00983344 0.0448795 0.121039 0.194613 0.194672 0.143204 0.107006 0.0828916 0.052143 0.0267047 0.0127438 0.00562596 0.00218898 0.000762126 0.000237126 6.44914e-05 1.49398e-05 2.93625e-06 5.15346e-07
 1.76997e-11 1.92113e-09 1.22952e-07 4.63983e-06 0.000103242 0.00135457 0.0104801 0.0478257 0.128914 0.206699 0.20405 0.142941 0.0977975 0.0718403 0.044802 0.023265 0.0114234 0.00525301 0.00214731 0.000774982 0.000241879 6.42195e-05 1.4376e-05 2.66248e-06 4.01746e-07
 1.94395e-11 2.10997e-09 1.35038e-07 5.09591e-06 0.00011339 0.00148772 0.0115099 0.0525186 0.141473 0.226105 0.219745 0.144626 0.0863977 0.0566177 0.032716 0.015274 0.00666775 0.00290317 0.00119469 0.000447302 0.00014602 4.00658e-05 9.01846e-06 1.63336e-06 2.34094e-07
 1.96206e-11 2.12962e-09 1.36296e-07 5.14337e-06 0.000114446 0.00150157 0.0116171 0.0530075 0.142788 0.228192 0.2217 0.145691 0.0865957 0.0560582 0.0313334 0.0134241 0.00506346 0.00189092 0.000681391 0.000234044 7.49274e-05 2.1088e-05 4.92911e-06 9.16224e-07 1.31423e-07
 1.95364e-11 2.12049e-09 1.35711e-07 5.12132e-06 0.000113956 0.00149513 0.0115673 0.0527808 0.142184 0.227278 0.221054 0.145923 0.0876388 0.0571752 0.0319158 0.0134942 0.00491134 0.00170599 0.000542765 0.000158152 4.34646e-05 1.10954e-05 2.51314e-06 4.73635e-07 6.98119e-08
 1.96975e-11 2.13798e-09 1.3683e-07 5.16355e-06 0.000114895 0.00150746 0.0116627 0.0532152 0.143345 0.229057 0.222424 0.145851 0.0862353 0.0555311 0.0308854 0.0130703 0.00476209 0.00164288 0.000508577 0.000138624 3.37674e-05 7.33377e-06 1.42415e-06 2.43116e-07 3.45641e-08
 2.01062e-11 2.18233e-09 1.39669e-07 5.27068e-06 0.000117279 0.00153873 0.0119045 0.0543173 0.146292 0.233592 0.226 0.145941 0.0830836 0.0516126 0.028109 0.011563 0.00403015 0.00134139 0.000409104 0.000110372 2.6148e-05 5.30663e-06 9.13035e-07 1.33334e-07 1.64175e-08
 2.02784e-11 2.20103e-09 1.40865e-07 5.31582e-06 0.000118283 0.00155191 0.0120065 0.0547818 0.147535 0.235514 0.22756 0.146126 0.0819819 0.0501194 0.0268953 0.0107372 0.00353606 0.0011051 0.000319796 8.2509e-05 1.89508e-05 3.76182e-06 6.24635e-07 8.47794e-08 9.26396e-09
 2.03467e-11 2.20844e-09 1.4134e-07 5.33372e-06 0.000118682 0.00155714 0.0120469 0.0549659 0.148027 0.236271 0.228152 0.146126 0.0814347 0.0494581 0.0264544 0.0105212 0.00343135 0.00104898 0.000291282 7.07473e-05 1.52484e-05 2.87044e-06 4.57873e-07 6.00751e-08 6.27214e-09
 2.09863e-11 2.27786e-09 1.45783e-07 5.50138e-06 0.000122412 0.00160608 0.0124254 0.0566906 0.152636 0.24334 0.233615 0.145899 0.0759399 0.042948 0.0222552 0.00867047 0.0027442 0.000813687 0.000221366 5.26172e-05 1.0936e-05 1.9497e-06 2.91923e-07 3.61346e-08 3.59843e-09
 2.12509e-11 2.30658e-09 1.47621e-07 5.57075e-06 0.000123956 0.00162633 0.0125821 0.0574043 0.154545 0.24628 0.235947 0.146001 0.0739652 0.0404531 0.0204356 0.00762966 0.00221478 0.000593022 0.000150597 3.42717e-05 6.89675e-06 1.19503e-06 1.7254e-07 2.0304e-08 1.90478e-09
 2.08769e-11 2.26599e-09 1.45023e-07 5.47272e-06 0.000121774 0.00159771 0.0123607 0.0563959 0.151851 0.242154 0.232787 0.14623 0.0773256 0.0443633 0.0228639 0.00858935 0.00249621 0.000658618 0.000159167 3.32318e-05 6.09685e-06 9.8682e-07 1.36151e-07 1.54519e-08 1.39464e-09
 2.14818e-11 2.33164e-09 1.49225e-07 5.63127e-06 0.000125302 0.001644 0.0127187 0.0580267 0.156208 0.248824 0.237879 0.145811 0.0718188 0.038 0.0189771 0.00712359 0.0021006 0.000565009 0.000137973 2.86495e-05 5.08644e-06 7.69758e-07 9.73395e-08 1.01972e-08 8.67363e-10
 2.21773e-11 2.40714e-09 1.54056e-07 5.8136e-06 0.00012936 0.00169723 0.0131304 0.0599023 0.16122 0.256515 0.243834 0.145601 0.0658986 0.0309518 0.0143823 0.00504709 0.00130692 0.000296539 6.53762e-05 1.32703e-05 2.37111e-06 3.5893e-07 4.43539e-08 4.40475e-09 3.47231e-10
 2.22819e-11 2.41849e-09 1.54783e-07 5.84102e-06 0.00012997 0.00170523 0.0131923 0.0601843 0.161974 0.257673 0.244737 0.145591 0.0650417 0.0299159 0.0136865 0.00470819 0.00116005 0.000238601 4.61625e-05 8.04232e-06 1.23855e-06 1.71492e-07 2.06054e-08 2.0321e-09 1.5737e-10
 2.25223e-11 2.44458e-09 1.56452e-07 5.90403e-06 0.000131372 0.00172362 0.0133345 0.0608324 0.163706 0.260325 0.246769 0.145447 0.0628873 0.0274095 0.0121318 0.00409375 0.00097498 0.000188036 3.3686e-05 5.39636e-06 7.40063e-07 8.82641e-08 9.08694e-09 7.93455e-10 5.7446e-11
 2.28428e-11 2.47937e-09 1.58679e-07 5.98806e-06 0.000133241 0.00174815 0.0135242 0.0616966 0.166015 0.26386 0.249468 0.145226 0.0599691 0.0240369 0.010071 0.00331582 0.000764867 0.000138803 2.3124e-05 3.47004e-06 4.42308e-07 4.82515e-08 4.4548e-09 3.3931e-10 2.11058e-11
 2.32672e-11 2.52543e-09 1.61627e-07 6.09931e-06 0.000135717 0.00178063 0.0137754 0.0628409 0.169072 0.268539 0.253037 0.144923 0.0560915 0.0195625 0.00734637 0.00229879 0.000498284 7.95606e-05 1.12278e-05 1.48934e-06 1.73856e-07 1.74988e-08 1.49281e-09 1.04256e-10 5.84302e-12
 2.32642e-11 2.52511e-09 1.61606e-07 6.09852e-06 0.000135699 0.0017804 0.0137736 0.0628328 0.16905 0.268507 0.253017 0.14494 0.0561404 0.0196081 0.00735891 0.00228542 0.000482525 7.17721e-05 8.95114e-06 1.03565e-06 1.04467e-07 8.96659e-09 6.6679e-10 4.19378e-11 2.14938e-12
#obs surv len freq
 4.48181e-11 4.15359e-09 2.26976e-07 7.31348e-06 0.00013895 0.00155667 0.0102851 0.0401132 0.0927889 0.130494 0.125076 0.112987 0.118923 0.116953 0.0982262 0.0726439 0.0447968 0.0221237 0.00894865 0.00297681 0.000782187 0.000154365 2.19108e-05 2.15672e-06 1.42725e-07
 3.13411e-11 2.80144e-09 1.47651e-07 4.58859e-06 8.40853e-05 0.000908657 0.00579361 0.0218571 0.0495157 0.07238 0.0877383 0.119708 0.1568 0.15927 0.131459 0.0948505 0.0570794 0.0274584 0.0107004 0.00337922 0.000835891 0.000154734 2.04999e-05 1.86955e-06 1.13783e-07
 1.53067e-11 1.31734e-09 6.68506e-08 2.00034e-06 3.52948e-05 0.000367311 0.00225745 0.00824848 0.018542 0.0297389 0.0480998 0.0867843 0.135213 0.171666 0.183749 0.154585 0.0951202 0.0436522 0.0159171 0.0047132 0.0010941 0.000189188 2.32929e-05 1.96695e-06 1.10506e-07
 2.667e-10 2.20642e-08 1.07631e-06 3.09582e-05 0.00052505 0.00525064 0.0309609 0.107651 0.220745 0.267176 0.191779 0.0841239 0.0277131 0.0151644 0.0157848 0.0147393 0.0101958 0.00528959 0.0020873 0.000620624 0.000137008 2.20363e-05 2.5087e-06 1.95469e-07 1.01143e-08
 1.94357e-10 1.54328e-08 7.22567e-07 1.9948e-05 0.000324723 0.00311715 0.0176526 0.0591038 0.118338 0.149842 0.147986 0.156958 0.160207 0.114574 0.0511959 0.0148959 0.003741 0.00129705 0.000527277 0.000171897 3.98378e-05 6.36664e-06 6.90393e-07 5.00284e-08 2.38278e-09
 4.39558e-10 3.34515e-08 1.50107e-06 3.97169e-05 0.000619637 0.00570028 0.0309239 0.0989819 0.18744 0.213002 0.155761 0.0947974 0.0696821 0.057894 0.0439004 0.0265604 0.0111415 0.00297695 0.000506206 6.22747e-05 7.43027e-06 9.39992e-07 9.70143e-08 6.82444e-09 3.09672e-10
 5.34807e-10 3.89549e-08 1.67307e-06 4.23695e-05 0.000632682 0.005571 0.0289349 0.0887773 0.162172 0.183428 0.151013 0.1266 0.111725 0.0775721 0.0392861 0.0162191 0.00585467 0.00172375 0.00037935 5.91179e-05 6.30701e-06 4.6424e-07 2.54997e-08 1.1515e-09 4.18448e-11
 8.05094e-10 5.60561e-08 2.30137e-06 5.57104e-05 0.000795206 0.00669326 0.0332302 0.0974532 0.170106 0.183563 0.143486 0.11452 0.0999824 0.0741824 0.0442303 0.0215248 0.00784869 0.00195404 0.000328446 3.97674e-05 3.74879e-06 2.7487e-07 1.45693e-08 5.24708e-10 1.26433e-11
 9.47771e-10 6.30044e-08 2.46959e-06 5.7078e-05 0.000777876 0.00625169 0.0296468 0.0832033 0.140313 0.152841 0.137526 0.137155 0.129808 0.0937301 0.0527965 0.0244702 0.00875195 0.0022208 0.000392622 4.93006e-05 4.43613e-06 2.83396e-07 1.27574e-08 4.03588e-10 8.85055e-12
 1.33839e-09 8.48503e-08 3.17185e-06 6.99135e-05 0.000908677 0.00696491 0.0315048 0.0843974 0.136336 0.144446 0.13131 0.134326 0.129268 0.0981037 0.0601191 0.0292559 0.0101953 0.00237524 0.000371873 4.11909e-05 3.38198e-06 2.05494e-07 8.88603e-09 2.62775e-10 5.17958e-12
 2.39087e-09 1.44403e-07 5.14261e-06 0.000107989 0.00133713 0.00976371 0.0420678 0.107265 0.164307 0.162322 0.131961 0.119844 0.107152 0.0776275 0.0457742 0.0214063 0.00717006 0.00161498 0.000245912 2.63098e-05 2.03096e-06 1.12454e-07 4.37222e-09 1.17154e-10 2.12692e-12
 3.81501e-09 2.193e-07 7.43309e-06 0.000148556 0.00175069 0.012167 0.0498986 0.12116 0.177111 0.168445 0.134373 0.118982 0.0994165 0.0644745 0.033163 0.0137176 0.00417988 0.000869083 0.000122554 1.21673e-05 8.77333e-07 4.56816e-08 1.66796e-09 4.15161e-11 6.90055e-13
 5.28387e-09 2.88816e-07 9.30849e-06 0.0001769 0.00198235 0.0131015 0.0511165 0.118305 0.166388 0.158208 0.136566 0.12996 0.107698 0.0669076 0.0326057 0.0126466 0.00356475 0.000672386 8.36401e-05 7.11994e-06 4.36174e-07 1.96347e-08 6.37133e-10 1.44037e-11 2.20183e-13
 7.31126e-09 3.79684e-07 1.16262e-05 0.000209918 0.00223498 0.0140353 0.0520547 0.114779 0.155425 0.148066 0.136467 0.136015 0.113481 0.0719345 0.0363314 0.0142473 0.00391385 0.000704139 8.25963e-05 6.54433e-06 3.65102e-07 1.45624e-08 4.09366e-10 7.93772e-12 1.04472e-13
 1.15073e-08 5.67322e-07 1.6492e-05 0.00028269 0.00285735 0.0170356 0.0599943 0.125706 0.16231 0.149167 0.134564 0.130273 0.105037 0.0649078 0.0320137 0.0120883 0.0031503 0.000532988 5.84571e-05 4.30784e-06 2.22437e-07 8.17577e-09 2.10503e-10 3.70017e-12 4.35395e-14
 1.62141e-08 7.5836e-07 2.09145e-05 0.000340107 0.00326146 0.0184507 0.0617018 0.123215 0.154168 0.144943 0.140923 0.139135 0.108061 0.0631411 0.0292763 0.0103758 0.00253901 0.000403642 4.1601e-05 2.87622e-06 1.38778e-07 4.73891e-09 1.12697e-10 1.82068e-12 1.96112e-14
 2.54664e-08 1.12932e-06 2.95295e-05 0.000455293 0.00413961 0.022205 0.0704226 0.133493 0.159178 0.144265 0.136537 0.130913 0.0999602 0.0588019 0.0274674 0.00953645 0.00222744 0.000333285 3.2076e-05 2.05851e-06 9.18034e-08 2.89343e-09 6.35301e-11 9.47395e-13 9.4039e-15
 3.79137e-08 1.59328e-06 3.94799e-05 0.000576845 0.00497035 0.0252695 0.0760083 0.137077 0.157607 0.142973 0.138245 0.13061 0.096395 0.0549181 0.0248248 0.00830292 0.00187532 0.000275826 2.67732e-05 1.77141e-06 8.13881e-08 2.57211e-09 5.46409e-11 7.66718e-13 7.04627e-15
 5.98517e-08 2.38252e-06 5.59224e-05 0.000773989 0.00631734 0.0304257 0.0867208 0.148384 0.162682 0.142485 0.133754 0.121906 0.0873672 0.0488743 0.0215797 0.0069427 0.00149676 0.000210764 1.9795e-05 1.28454e-06 5.85377e-08 1.8477e-09 3.93373e-11 5.52458e-13 5.0394e-15
 7.79595e-08 2.93868e-06 6.53172e-05 0.000856073 0.00661738 0.0301973 0.081734 0.13422 0.147394 0.14206 0.147984 0.135976 0.0938294 0.0500729 0.0210301 0.00643448 0.00132706 0.000180944 1.66884e-05 1.07158e-06 4.81509e-08 1.48557e-09 3.07321e-11 4.18947e-13 3.71578e-15
 1.20637e-07 4.30515e-06 9.05912e-05 0.00112407 0.00822621 0.0355422 0.0911123 0.141895 0.148483 0.137728 0.139265 0.126558 0.0897938 0.0504452 0.0217194 0.00653276 0.00129476 0.000168861 1.49571e-05 9.27454e-07 4.03746e-08 1.20811e-09 2.42328e-11 3.19686e-13 2.73384e-15
 1.99364e-07 6.73459e-06 0.000134143 0.00157557 0.0109146 0.0446424 0.108363 0.159953 0.159089 0.140484 0.133831 0.1126 0.0725867 0.0366797 0.0143368 0.0039738 0.000732373 8.91518e-05 7.38288e-06 4.28822e-07 1.75412e-08 4.9514e-10 9.40408e-12 1.17808e-13 9.58367e-16
 2.71441e-07 8.67904e-06 0.00016363 0.00181918 0.0119303 0.0462244 0.106612 0.151573 0.152311 0.145638 0.145009 0.118203 0.0714063 0.0333961 0.0120443 0.00307799 0.000520521 5.75548e-05 4.27924e-06 2.21988e-07 8.15408e-09 2.08988e-10 3.64037e-12 4.21178e-14 3.17943e-16
 3.66765e-07 1.10998e-05 0.000198079 0.00208449 0.0129415 0.0475017 0.104117 0.142612 0.144197 0.145464 0.148683 0.121984 0.0758685 0.0369195 0.0134531 0.00335719 0.000545923 5.79367e-05 4.13422e-06 2.04083e-07 7.00149e-09 1.64179e-10 2.57926e-12 2.67626e-14 1.81454e-16
 6.03515e-07 1.7289e-05 0.000292043 0.0029091 0.0170958 0.0593905 0.12314 0.159134 0.150433 0.140567 0.134621 0.105494 0.0635658 0.0299728 0.0104624 0.00248009 0.000382905 3.87727e-05 2.6559e-06 1.2616e-07 4.1518e-09 9.27524e-11 1.37614e-12 1.33467e-14 8.36337e-17
 7.82205e-07 2.12127e-05 0.000339214 0.00319901 0.0178037 0.0586589 0.116119 0.147262 0.147227 0.15211 0.14835 0.110284 0.0612957 0.0265266 0.00858224 0.00191109 0.000280748 2.73808e-05 1.82178e-06 8.40846e-08 2.67076e-09 5.71251e-11 8.06582e-13 7.41293e-15 4.38499e-17
 1.16897e-06 3.00139e-05 0.000454412 0.00405742 0.0213821 0.0667404 0.125423 0.1522 0.148248 0.150102 0.14165 0.102093 0.0555236 0.0233163 0.00712186 0.00145161 0.00018897 1.57578e-05 8.71156e-07 3.33796e-08 9.0865e-10 1.73931e-11 2.27048e-13 1.9609e-15 1.09525e-17
 1.43704e-06 3.49377e-05 0.000500882 0.00423548 0.0211499 0.0627116 0.113212 0.137608 0.145936 0.161465 0.153929 0.108719 0.0580303 0.0238327 0.00705069 0.00139037 0.000177079 1.47025e-05 8.17053e-07 3.09451e-08 7.96059e-10 1.36828e-11 1.5495e-13 1.14877e-15 5.55701e-18
#pred catch len freq
 1.49134e-11 1.61871e-09 1.03597e-07 3.90943e-06 8.69897e-05 0.00114135 0.00883078 0.0403078 0.10877 0.175375 0.177738 0.136904 0.11038 0.0902245 0.059946 0.0343015 0.0198412 0.0118728 0.00739891 0.00494123 0.00360436 0.00290804 0.00246061 0.0018749 0.00108839
 1.04226e-11 1.13127e-09 7.24011e-08 2.7322e-06 6.07952e-05 0.000797684 0.00617266 0.0281951 0.0763606 0.125356 0.137569 0.133533 0.141513 0.131472 0.0928129 0.0559925 0.0322959 0.0173035 0.0088168 0.00463126 0.00265482 0.00173698 0.00127816 0.000917207 0.000527855
 6.77875e-12 7.35768e-10 4.70891e-08 1.777e-06 3.95409e-05 0.000518824 0.00401533 0.0183537 0.0498823 0.0832988 0.0979793 0.111403 0.136436 0.141929 0.120766 0.094132 0.0656761 0.0385456 0.0196696 0.00914118 0.0040872 0.00196103 0.00110731 0.000684439 0.000371705
 1.4911e-11 1.61844e-09 1.0358e-07 3.90879e-06 8.69754e-05 0.00114115 0.00882876 0.0402877 0.108566 0.17384 0.170542 0.116973 0.0789594 0.0654907 0.0592868 0.0545074 0.0463553 0.0343155 0.0215732 0.0112021 0.00486953 0.0019009 0.000760471 0.000347753 0.000161647
 1.98473e-11 2.15423e-09 1.3787e-07 5.2028e-06 0.000115768 0.00151891 0.0117511 0.0536155 0.144377 0.230334 0.221899 0.140744 0.0767259 0.0465996 0.0272669 0.0148282 0.00966424 0.00765271 0.00587686 0.00381242 0.00198335 0.000820577 0.000283848 9.31897e-05 3.18979e-05
 1.75547e-11 1.9054e-09 1.21945e-07 4.60183e-06 0.000102396 0.00134348 0.0103944 0.0474363 0.127891 0.205274 0.203651 0.145296 0.102518 0.0754737 0.0443613 0.0198187 0.0081006 0.00362798 0.00198721 0.00129936 0.000806348 0.000402361 0.00015381 4.6337e-05 1.20401e-05
 1.8622e-11 2.02124e-09 1.29359e-07 4.88162e-06 0.000108622 0.00142516 0.011026 0.050313 0.135563 0.216919 0.212046 0.142945 0.0904282 0.0630031 0.0390293 0.0204753 0.00989957 0.00421063 0.0015437 0.000576781 0.000264741 0.000134734 5.92526e-05 1.97803e-05 4.94316e-06
 1.82529e-11 1.98118e-09 1.26795e-07 4.78486e-06 0.000106469 0.00139691 0.0108076 0.0493184 0.132913 0.212918 0.209266 0.144096 0.0951158 0.067623 0.0406933 0.0198622 0.0091645 0.00413607 0.00169508 0.000602709 0.000188603 6.01292e-05 2.17417e-05 7.50295e-06 2.01753e-06
 1.77181e-11 1.92313e-09 1.2308e-07 4.64465e-06 0.000103349 0.00135598 0.010491 0.0478761 0.129058 0.206999 0.204668 0.144207 0.0996092 0.073072 0.0444042 0.0216509 0.00978579 0.00420838 0.00165058 0.000594755 0.000191379 5.28431e-05 1.30852e-05 3.25245e-06 7.88569e-07
 1.68962e-11 1.83392e-09 1.17371e-07 4.4292e-06 9.85553e-05 0.00129309 0.0100045 0.0456591 0.123124 0.197819 0.197191 0.143238 0.104734 0.0801002 0.050212 0.0256987 0.0122626 0.00541348 0.00210631 0.000733342 0.00022817 6.20557e-05 1.43755e-05 2.82535e-06 4.95883e-07
 1.81349e-11 1.96837e-09 1.25975e-07 4.75392e-06 0.00010578 0.00138788 0.0107377 0.0489993 0.132052 0.211527 0.207852 0.143019 0.0944186 0.0676712 0.0418978 0.0217264 0.0106659 0.0049046 0.00200488 0.000723581 0.000225836 5.99601e-05 1.34225e-05 2.48588e-06 3.75099e-07
 1.97908e-11 2.1481e-09 1.37478e-07 5.18798e-06 0.000115439 0.00151459 0.0117178 0.0534657 0.144005 0.229994 0.222777 0.144589 0.0835171 0.0531477 0.0304067 0.0141663 0.00618223 0.00269169 0.00110767 0.000414718 0.000135384 3.71472e-05 8.36151e-06 1.51437e-06 2.17041e-07
 1.99951e-11 2.17027e-09 1.38897e-07 5.24155e-06 0.000116631 0.00153023 0.0118388 0.0540174 0.145487 0.232332 0.224901 0.145564 0.0833881 0.0522587 0.0288864 0.0123461 0.00465501 0.00173831 0.000626396 0.000215155 6.888e-05 1.9386e-05 4.53129e-06 8.42276e-07 1.20816e-07
 1.99293e-11 2.16313e-09 1.3844e-07 5.2243e-06 0.000116247 0.0015252 0.0117998 0.0538402 0.145015 0.231619 0.224405 0.145772 0.0842474 0.0531678 0.0293463 0.0123777 0.00450317 0.00156414 0.000497633 0.000145001 3.98504e-05 1.01728e-05 2.30417e-06 4.34251e-07 6.40068e-08
 2.01458e-11 2.18664e-09 1.39944e-07 5.28107e-06 0.00011751 0.00154177 0.011928 0.054424 0.146575 0.234011 0.226249 0.14568 0.0823667 0.0509585 0.0279512 0.011793 0.00429455 0.0014815 0.000458618 0.000125007 3.04503e-05 6.61335e-06 1.28426e-06 2.19234e-07 3.11688e-08
 2.05575e-11 2.23132e-09 1.42804e-07 5.38899e-06 0.000119911 0.00157327 0.0121717 0.0555343 0.149544 0.238578 0.229841 0.145742 0.079148 0.0469817 0.0251658 0.0103143 0.00359265 0.00119569 0.000364664 9.83822e-05 2.33075e-05 4.73018e-06 8.13854e-07 1.18851e-07 1.46341e-08
 2.0701e-11 2.2469e-09 1.43801e-07 5.4266e-06 0.000120748 0.00158425 0.0122566 0.0559213 0.15058 0.240181 0.231147 0.145912 0.0782543 0.0457543 0.0241491 0.00960504 0.00316112 0.000987844 0.000285862 7.37538e-05 1.69399e-05 3.36264e-06 5.58353e-07 7.57832e-08 8.28093e-09
 2.08025e-11 2.25791e-09 1.44506e-07 5.45321e-06 0.000121341 0.00159202 0.0123167 0.0561951 0.151311 0.241304 0.232019 0.145892 0.0774075 0.0447445 0.0234919 0.00930386 0.00303206 0.000926828 0.000257361 6.25084e-05 1.34726e-05 2.53616e-06 4.04551e-07 5.3079e-08 5.54172e-09
 2.14161e-11 2.32452e-09 1.48769e-07 5.61406e-06 0.00012492 0.00163898 0.0126798 0.0578496 0.155733 0.248085 0.237257 0.145665 0.0721221 0.0384897 0.0194673 0.00754128 0.00238435 0.000706892 0.00019231 4.57107e-05 9.50052e-06 1.69379e-06 2.53605e-07 3.13916e-08 3.1261e-09
 2.16122e-11 2.3458e-09 1.50131e-07 5.66547e-06 0.000126063 0.00165398 0.0127959 0.0583785 0.157148 0.250266 0.238997 0.145774 0.070711 0.0366757 0.0181045 0.00672199 0.00194926 0.000521849 0.000132521 3.01581e-05 6.06893e-06 1.05159e-06 1.5183e-07 1.78669e-08 1.67615e-09
 2.13075e-11 2.31273e-09 1.48014e-07 5.5856e-06 0.000124286 0.00163067 0.0126156 0.057557 0.154953 0.246905 0.236423 0.14596 0.0734482 0.0398612 0.0200838 0.007505 0.00217891 0.00057482 0.000138914 2.90032e-05 5.32105e-06 8.61251e-07 1.18826e-07 1.34857e-08 1.21717e-09
 2.19269e-11 2.37996e-09 1.52317e-07 5.74796e-06 0.000127899 0.00167806 0.0129821 0.0592269 0.159414 0.253735 0.24164 0.145539 0.0678203 0.0333524 0.0161003 0.0059935 0.00176459 0.000474526 0.000115875 2.4061e-05 4.27179e-06 6.46472e-07 8.17494e-08 8.56401e-09 7.28445e-10
 2.25075e-11 2.44298e-09 1.5635e-07 5.90017e-06 0.000131286 0.0017225 0.0133258 0.0607926 0.163599 0.260155 0.246611 0.145365 0.0628806 0.0274703 0.012264 0.00425801 0.00110023 0.000249556 5.50162e-05 1.11674e-05 1.99537e-06 3.02051e-07 3.73252e-08 3.70673e-09 2.92206e-10
 2.26182e-11 2.45498e-09 1.57119e-07 5.92916e-06 0.000131931 0.00173096 0.0133913 0.0610909 0.164396 0.261379 0.247561 0.14534 0.0619519 0.0263596 0.0115338 0.00391984 0.000963431 0.000198077 3.83204e-05 6.67606e-06 1.02814e-06 1.42358e-07 1.71048e-08 1.68687e-09 1.30635e-10
 2.28272e-11 2.47768e-09 1.58571e-07 5.98397e-06 0.00013315 0.00174696 0.013515 0.0616546 0.165902 0.263686 0.249328 0.145213 0.0600753 0.0241777 0.0101822 0.00338766 0.000804454 0.000155069 2.77783e-05 4.44994e-06 6.1027e-07 7.27843e-08 7.49326e-09 6.54298e-10 4.73711e-11
 2.31161e-11 2.50903e-09 1.60577e-07 6.05969e-06 0.000134835 0.00176906 0.013686 0.0624334 0.167983 0.266871 0.251759 0.145011 0.0574422 0.0211364 0.00832625 0.00269001 0.000618014 0.000112072 1.86689e-05 2.80148e-06 3.57089e-07 3.8955e-08 3.59651e-09 2.73936e-10 1.70394e-11
 2.34592e-11 2.54627e-09 1.62961e-07 6.14964e-06 0.000136837 0.00179532 0.0138891 0.0633586 0.170454 0.270655 0.254645 0.144766 0.0543068 0.0175183 0.00612318 0.00186773 0.000402528 6.42011e-05 9.05868e-06 1.2016e-06 1.40266e-07 1.41179e-08 1.20439e-09 8.4113e-11 4.71413e-12
 2.33829e-11 2.53798e-09 1.62431e-07 6.12962e-06 0.000136391 0.00178948 0.0138439 0.0631527 0.169905 0.269814 0.25401 0.144841 0.0550351 0.0183434 0.00660389 0.00202146 0.000425411 6.3237e-05 7.88587e-06 9.12383e-07 9.20336e-08 7.89938e-09 5.87429e-10 3.69463e-11 1.89356e-12
#obs catch len freq
 4.42483e-11 4.10077e-09 2.2409e-07 7.22049e-06 0.000137183 0.00153688 0.0101546 0.0396075 0.0916617 0.129215 0.125098 0.11551 0.122807 0.118855 0.0966598 0.0699608 0.0434592 0.0220484 0.00916181 0.00310045 0.000826422 0.000166435 2.42667e-05 2.45873e-06 1.67109e-07
 6.16511e-11 5.51072e-09 2.90444e-07 9.02619e-06 0.000165401 0.00178721 0.0113895 0.0428517 0.0957059 0.130517 0.123432 0.113355 0.120288 0.117037 0.0972504 0.0709358 0.0428741 0.0207309 0.00820088 0.00265263 0.000672293 0.000126971 1.71241e-05 1.59144e-06 9.89041e-08
 4.41867e-11 3.80285e-09 1.92981e-07 5.77444e-06 0.000101883 0.00106009 0.00650866 0.0236559 0.0517528 0.0738335 0.0896765 0.123197 0.158792 0.158135 0.128854 0.0916121 0.0539779 0.0253806 0.00965228 0.0029586 0.000704977 0.000124731 1.56812e-05 1.34879e-06 7.70357e-08
 2.23123e-11 1.8459e-09 9.00451e-08 2.59002e-06 4.393e-05 0.00043949 0.00259706 0.00913291 0.0198521 0.0313163 0.0508643 0.0910054 0.139179 0.174106 0.182959 0.149739 0.0894286 0.0399662 0.0142074 0.00408047 0.000911355 0.000150428 1.75562e-05 1.39703e-06 7.36041e-08
 3.84134e-10 3.0502e-08 1.4281e-06 3.94256e-05 0.000641776 0.00615994 0.0348626 0.116345 0.228987 0.266047 0.183438 0.0776386 0.0254428 0.0146797 0.0153211 0.0139145 0.00934084 0.0047029 0.00179582 0.000514489 0.000108901 1.66948e-05 1.80001e-06 1.32065e-07 6.40443e-09
 2.88639e-10 2.19661e-08 9.8569e-07 2.60805e-05 0.000406899 0.00374361 0.0203202 0.0652294 0.125396 0.153433 0.149079 0.156703 0.155331 0.106629 0.0457185 0.0129136 0.00326959 0.00115772 0.000460824 0.000144129 3.18256e-05 4.82378e-06 4.93941e-07 3.36544e-08 1.50115e-09
 6.52705e-10 4.75425e-08 2.04189e-06 5.17097e-05 0.000772146 0.00679869 0.0353017 0.108157 0.19611 0.213724 0.150968 0.0905584 0.0663893 0.0545167 0.0405243 0.0237217 0.00952582 0.00242835 0.000395782 4.748e-05 5.60819e-06 6.87531e-07 6.71833e-08 4.43496e-09 1.88127e-10
 8.08133e-10 5.62676e-08 2.31005e-06 5.59207e-05 0.000798208 0.00671861 0.0333578 0.097855 0.171055 0.185876 0.148946 0.12303 0.105647 0.07083 0.0349 0.0141511 0.00499841 0.00142547 0.000301637 4.49575e-05 4.57385e-06 3.21454e-07 1.6912e-08 7.28667e-10 2.49679e-11
 1.22461e-09 8.14079e-08 3.19095e-06 7.37502e-05 0.00100507 0.00807703 0.0382874 0.107227 0.178887 0.185219 0.14076 0.11078 0.0944937 0.0682062 0.039739 0.018798 0.00658895 0.00156917 0.00025289 2.95103e-05 2.68137e-06 1.88049e-07 9.45435e-09 3.21418e-10 7.29271e-12
 1.47759e-09 9.36752e-08 3.50174e-06 7.71848e-05 0.00100318 0.00768911 0.0347769 0.0931129 0.150003 0.156957 0.137439 0.133688 0.122202 0.0854506 0.0469847 0.0211934 0.00730224 0.00177602 0.000300883 3.61897e-05 3.11112e-06 1.89267e-07 8.09012e-09 2.42189e-10 5.00413e-12
 2.11499e-09 1.2774e-07 4.54921e-06 9.55285e-05 0.00118285 0.0086376 0.037225 0.0950372 0.14651 0.148941 0.131417 0.130622 0.121485 0.0896001 0.0535265 0.0251573 0.00838426 0.001863 0.000278864 2.96232e-05 2.33062e-06 1.35002e-07 5.53284e-09 1.54368e-10 2.86125e-12
 3.77272e-09 2.16869e-07 7.35069e-06 0.000146909 0.00173128 0.0120319 0.049342 0.119774 0.174832 0.165242 0.129739 0.114163 0.098587 0.0693853 0.0398488 0.0179782 0.00575509 0.00123584 0.000179729 1.83928e-05 1.35579e-06 7.14045e-08 2.63012e-09 6.65245e-11 1.13602e-12
 6.0355e-09 3.29901e-07 1.06326e-05 0.000202063 0.0022643 0.0149637 0.0583574 0.134773 0.187549 0.170396 0.130811 0.11157 0.0895586 0.0561717 0.0281118 0.0112392 0.00327627 0.000649202 8.7371e-05 8.29444e-06 5.71087e-07 2.82693e-08 9.76667e-10 2.29129e-11 3.57812e-13
 8.45113e-09 4.38878e-07 1.34388e-05 0.000242644 0.00258336 0.0162216 0.0601344 0.132272 0.177005 0.160771 0.133361 0.121723 0.0966474 0.0579844 0.0274497 0.0102696 0.00276239 0.000495004 5.85653e-05 4.75694e-06 2.7838e-07 1.19358e-08 3.67039e-10 7.82613e-12 1.12399e-13
 1.18927e-08 5.86324e-07 1.70444e-05 0.000292158 0.00295304 0.0176056 0.061993 0.129804 0.167041 0.151555 0.133282 0.126678 0.10126 0.062098 0.0304108 0.0114485 0.0029904 0.000510013 5.67967e-05 4.28394e-06 2.27665e-07 8.62789e-09 2.29549e-10 4.19773e-12 5.19435e-14
 1.87685e-08 8.77833e-07 2.42094e-05 0.000393684 0.00377511 0.0213528 0.0713435 0.14184 0.173836 0.151726 0.129949 0.119584 0.0923341 0.0551925 0.0263467 0.00952617 0.00235604 0.000377332 3.92406e-05 2.74962e-06 1.35111e-07 4.71397e-09 1.14742e-10 1.89982e-12 2.09955e-14
 2.67335e-08 1.18551e-06 3.09987e-05 0.000477944 0.00434551 0.0233084 0.0739053 0.139938 0.165997 0.147758 0.135699 0.126938 0.0942613 0.0532105 0.0238525 0.00808779 0.00187682 0.00028223 2.75575e-05 1.80988e-06 8.30117e-08 2.68783e-09 6.03719e-11 9.18015e-13 9.28117e-15
 4.18086e-08 1.75696e-06 4.35356e-05 0.000636099 0.00548075 0.0278599 0.0837339 0.150426 0.169961 0.145753 0.130273 0.118461 0.0866627 0.0492905 0.0221968 0.00734578 0.00162309 0.000229361 2.08868e-05 1.27195e-06 5.38801e-08 1.60938e-09 3.33589e-11 4.67965e-13 4.35735e-15
 6.24249e-08 2.48495e-06 5.83266e-05 0.000807261 0.00658882 0.031731 0.0904097 0.154435 0.168049 0.14381 0.130859 0.117108 0.0828123 0.0456007 0.0198478 0.00632279 0.00135157 0.000188023 1.72961e-05 1.08586e-06 4.72644e-08 1.41015e-09 2.81885e-11 3.7132e-13 3.19753e-15
 9.80554e-08 3.6962e-06 8.21538e-05 0.00107671 0.00832194 0.0379538 0.102436 0.165935 0.172003 0.14179 0.124965 0.107854 0.0741183 0.0400565 0.0169923 0.00519755 0.00105981 0.000141178 1.25735e-05 7.74544e-07 3.34372e-08 9.95912e-10 1.99341e-11 2.62464e-13 2.23941e-15
 1.29475e-07 4.62053e-06 9.72276e-05 0.00120641 0.00882861 0.0381411 0.0977258 0.151834 0.157313 0.142086 0.138674 0.120663 0.0798244 0.0411254 0.0165808 0.00482206 0.000941036 0.000121478 1.06285e-05 6.47409e-07 2.75176e-08 7.99999e-10 1.55446e-11 1.98533e-13 1.64602e-15
 2.02389e-07 6.8368e-06 0.000136179 0.00159947 0.0110799 0.0453115 0.10991 0.161703 0.158762 0.13623 0.127722 0.109802 0.0748357 0.0405005 0.0166503 0.00474259 0.000888112 0.000109625 9.21099e-06 5.41666e-07 2.22929e-08 6.28145e-10 1.18249e-11 1.46016e-13 1.16611e-15
 3.30631e-07 1.05715e-05 0.000199308 0.00221575 0.0145284 0.0562394 0.129144 0.179947 0.167442 0.135873 0.119221 0.0945034 0.0583574 0.0283861 0.0106015 0.00278414 0.000484818 5.58416e-05 4.38516e-06 2.4149e-07 9.33722e-09 2.48138e-10 4.42183e-12 5.18292e-14 3.93556e-16
 4.52065e-07 1.36813e-05 0.000244144 0.00256914 0.0159472 0.058475 0.127556 0.170995 0.160182 0.140428 0.129279 0.0994632 0.0575241 0.0258734 0.00891075 0.002156 0.000344089 3.5947e-05 2.53162e-06 1.24497e-07 4.3251e-09 1.04427e-10 1.70721e-12 1.84816e-14 1.30213e-16
 6.23511e-07 1.78618e-05 0.000301718 0.00300545 0.0176614 0.0613441 0.127081 0.163601 0.152631 0.139387 0.131344 0.101928 0.0607867 0.0283705 0.00982891 0.00231641 0.000355202 3.56051e-05 2.40434e-06 1.12293e-07 3.63508e-09 8.01578e-11 1.18082e-12 1.1462e-14 7.25436e-17
 1.00668e-06 2.73e-05 0.000436548 0.00411654 0.0228997 0.0752857 0.147537 0.179156 0.156077 0.131564 0.115824 0.0858106 0.0495534 0.0223722 0.00741339 0.00165863 0.000241493 2.31022e-05 1.49745e-06 6.72555e-08 2.0863e-09 4.37798e-11 6.08374e-13 5.51365e-15 3.22202e-17
 1.352e-06 3.47133e-05 0.000525553 0.00469235 0.0247209 0.0770562 0.143898 0.170062 0.153237 0.139997 0.124937 0.0876295 0.046575 0.0192786 0.00592153 0.00124521 0.000172623 1.59121e-05 1.00152e-06 4.36592e-08 1.30546e-09 2.61995e-11 3.46187e-13 2.97098e-15 1.63783e-17
 1.98652e-06 4.82963e-05 0.00069237 0.00585363 0.029205 0.0862483 0.152893 0.17282 0.151776 0.136551 0.118468 0.0807304 0.0419764 0.0168175 0.00486163 0.000932962 0.000114243 8.97743e-06 4.69012e-07 1.70057e-08 4.37283e-10 7.87503e-12 9.63196e-14 7.76883e-16 4.04243e-18
#spawning biomass
 30871 28500.9 21146.2 13461.1 20267.7 39035.9 70445.3 120325 142350 172903 164240 156066 177297 188546 198459 190646 175508 174276 174654 167119 180035 192716 161366 172269 164396 174793 166751 180227 243745 418121 366276 278829 197565 136609 95849.5 70472.1 55410.6 46767.4 41926.8 39264.2 37819.3 37043.1 36628.8 36406.7 36291.5 36231.8 36200.8 36184.7 36176.4 36172.1 36169.8 36168.7 36168.1 36167.8 36167.6 36167.5 36167.5 36167.5 36167.4 36167.4 36167.4 36167.4 36167.4 36167.4 36167.4 36167.4 36167.4 36167.4 36167.4 36167.4 36167.4 36167.4 36167.4 36167.4 36167.4 36167.4 36167.4 36167.4 36167.4 36167.4 36167.4 36167.4 36167.4 36167.4 36167.4 36167.4 36167.4 36167.4 36167.4 36167.4 36167.4 36167.4 36167.4 36167.4 36167.4 36167.4 36167.4 36167.4 36167.4 36167.4 36167.4 36167.4 36167.4 36167.4 36167.4 36167.4 36167.4 36167.4 36167.4 36167.4 36167.4 36167.4 36167.4 36167.4 36167.4 36167.4 36167.4 36167.4 36167.4 36167.4 36167.4 36167.4 36167.4 36167.4 36167.4 36167.4 36167.4 36167.4 0 0 0 0 0 0 0 0 0 0 0 0 0 0 0 0 0 0 0 0 0 0 0 0 0
