SBPRF35
0.945274
Curr Bio
213739
B35
1.98299e+06
F35
0.210252
FOFL
0
OFL
0
Bzero
270078
#pred survey bio
 32721.9 25965 18996.9 12958.3 25067.8 42677.3 82449.7 137065 161448 192484 196899 202889 230748 246749 261118 257322 242092 237819 248593 238518 257016 282523 249271 262469 257669 278678 273131 268022 6.92741e+06 1.10065e+07 1.25219e+07 1.22961e+07 1.11046e+07 9.55306e+06 8.01222e+06 6.6611e+06 5.5575e+06 4.69518e+06 4.04046e+06 3.55251e+06 3.193e+06 2.92976e+06 2.73606e+06 2.58934e+06 2.4839e+06 2.40736e+06 2.3512e+06 2.30954e+06 2.27828e+06 2.25456e+06 2.23636e+06 2.22225e+06 2.2112e+06 2.20247e+06 2.19553e+06 2.18995e+06 2.18546e+06 2.18181e+06 2.17884e+06 2.1764e+06 2.17441e+06 2.17277e+06 2.17141e+06 2.17029e+06 2.16936e+06 2.16859e+06 2.16796e+06 2.16743e+06 2.16699e+06 2.16662e+06 2.16632e+06 2.16607e+06 2.16586e+06 2.16568e+06 2.16553e+06 2.16541e+06 2.16531e+06 2.16523e+06 2.16516e+06 2.1651e+06 2.16505e+06 2.16501e+06 2.16498e+06 2.16495e+06 2.16492e+06 2.1649e+06 2.16489e+06 2.16487e+06 2.16486e+06 2.16485e+06 2.16485e+06 2.16484e+06 2.16483e+06 2.16483e+06 2.16483e+06 2.16482e+06 2.16482e+06 2.16482e+06 2.16482e+06 2.16481e+06 2.16481e+06 2.16481e+06 2.16481e+06 2.16481e+06 2.16481e+06 2.16481e+06 2.16481e+06 2.16481e+06 2.16481e+06 2.16481e+06 2.16481e+06 2.16481e+06 2.16481e+06 2.16481e+06 2.16481e+06 2.16481e+06 2.16481e+06 2.16481e+06 2.16481e+06 2.16481e+06 2.16481e+06 2.16481e+06 2.16481e+06 2.16481e+06 2.16481e+06 2.16481e+06 2.16481e+06 2.16481e+06 0 0 0 0 0 0 0 0 0 0 0 0 0 0 0 0 0 0 0 0 0 0 0 0 0
#obs survey bio
 31331 18266.4 11810.7 18000 23860.4 41593.8 89154 125143 142351 207630 145512 201453 159423 191400 176884 208688 204490 158068 179177 210784 273045 361200 176387 184537 278496 210030 259862 178798
#pred catch bio
 19342.7 15073.2 13210.8 7967.18 16484.1 28278.1 54740.4 104952 118825 152742 160159 162756 189073 201763 220750 220089 201555 204750 214763 202061 218159 252944 215277 233686 225950 253755 245187 228729 0 90036.5 101945 99199.5 88460.6 74881.5 61604 50119.5 40878 33783.4 28511.3 24683.6 21951.7 20026.7 18677 17719.5 17072.9 16636.3 16341.5 16142.4 16008 15917.2 15855.9 15814.5 15786.6 15767.7 15755 15746.4 15740.6 15736.6 15734 15732.2 15731 15730.2 15729.6 15729.3 15729 15728.8 15728.7 15728.6 15728.6 15728.6 15728.5 15728.5 15728.5 15728.5 15728.5 15728.5 15728.5 15728.5 15728.5 15728.5 15728.5 15728.5 15728.5 15728.5 15728.5 15728.5 15728.5 15728.5 15728.5 15728.5 15728.5 15728.5 15728.5 15728.5 15728.5 15728.5 15728.5 15728.5 15728.5 15728.5 15728.5 15728.5 15728.5 15728.5 15728.5 15728.5 15728.5 15728.5 15728.5 15728.5 15728.5 15728.5 15728.5 15728.5 15728.5 15728.5 15728.5 15728.5 15728.5 15728.5 15728.5 15728.5 15728.5 15728.5 15728.5 15728.5 15728.5 15728.5 0 0 0 0 0 0 0 0 0 0 0 0 0 0 0 0 0 0 0 0 0 0 0 0 0
#obs catch bio
 18831.1 16238.2 15493.4 8106.29 11094.4 22365.5 41165.3 86618.2 93032.5 132553 162330 137012 170326 184166 208700 205694 177217 172487 206403 165971 179660 199623 180374 199030 179884 215569 204947 189493
#pred cpue bio
 26329.9 20780.9 17275.1 8037.88 10370.4 19401.8 32669.7 62861.4 74581.1 97213.4 92587.3 87897.4 96345.4 101890 109820 101581 95673.4 100813 85719.2 89873.3 93716 100661 84454.4 91023.1 81869.1 88426.9 77338.7 83467.3 2.49795e+06 1.08837e+07 1.24034e+07 1.21757e+07 1.09841e+07 9.43262e+06 7.89178e+06 6.54066e+06 5.43706e+06 4.57473e+06 3.92001e+06 3.43206e+06 3.07255e+06 2.80932e+06 2.61562e+06 2.46889e+06 2.36345e+06 2.28692e+06 2.23076e+06 2.1891e+06 2.15784e+06 2.13412e+06 2.11592e+06 2.1018e+06 2.09076e+06 2.08203e+06 2.07508e+06 2.06951e+06 2.06502e+06 2.06137e+06 2.05839e+06 2.05596e+06 2.05397e+06 2.05232e+06 2.05097e+06 2.04985e+06 2.04892e+06 2.04815e+06 2.04751e+06 2.04699e+06 2.04655e+06 2.04618e+06 2.04588e+06 2.04562e+06 2.04541e+06 2.04524e+06 2.04509e+06 2.04497e+06 2.04487e+06 2.04478e+06 2.04471e+06 2.04466e+06 2.04461e+06 2.04457e+06 2.04453e+06 2.0445e+06 2.04448e+06 2.04446e+06 2.04445e+06 2.04443e+06 2.04442e+06 2.04441e+06 2.0444e+06 2.0444e+06 2.04439e+06 2.04439e+06 2.04438e+06 2.04438e+06 2.04438e+06 2.04438e+06 2.04437e+06 2.04437e+06 2.04437e+06 2.04437e+06 2.04437e+06 2.04437e+06 2.04437e+06 2.04437e+06 2.04437e+06 2.04437e+06 2.04437e+06 2.04437e+06 2.04437e+06 2.04437e+06 2.04436e+06 2.04436e+06 2.04436e+06 2.04436e+06 2.04436e+06 2.04436e+06 2.04436e+06 2.04436e+06 2.04436e+06 2.04436e+06 2.04436e+06 2.04436e+06 2.04436e+06 2.04436e+06 2.04436e+06 2.04436e+06 0 0 0 0 0 0 0 0 0 0 0 0 0 0 0 0 0 0 0 0 0 0 0 0 0
#obs cpue bio
 35856.7 18805.1 12895.8 14941.7 22755 58176.5 84791.6 161694 188186 174057 119007 188779 194024 186355 207031 169759 188876 293083 140776 225623 192851 218752 212498 247074 195378 215725 170973 247335
#pred surv len freq
 1.10231e-11 1.19645e-09 7.65726e-08 2.88961e-06 6.42978e-05 0.000843634 0.00652791 0.0298102 0.0806308 0.131529 0.140485 0.127093 0.12606 0.115478 0.0838196 0.054219 0.0348779 0.0220074 0.0140299 0.00945985 0.00693106 0.00561155 0.00476385 0.0036389 0.00211567
 1.01823e-11 1.10519e-09 7.07319e-08 2.66921e-06 5.93936e-05 0.000779299 0.00603057 0.0275501 0.0746689 0.123022 0.137047 0.137815 0.149884 0.137764 0.0917859 0.0499528 0.02713 0.0152541 0.00858924 0.00485933 0.00288089 0.00190862 0.00141238 0.00101699 0.000586513
 5.37037e-12 5.82903e-10 3.73057e-08 1.40781e-06 3.13262e-05 0.000411063 0.00318235 0.0145698 0.0399208 0.0692497 0.0931654 0.131889 0.179722 0.179632 0.127925 0.0760931 0.0425735 0.0216559 0.0102152 0.00482639 0.00234249 0.00120824 0.000705216 0.000440495 0.000240112
 1.61004e-11 1.74754e-09 1.11842e-07 4.22058e-06 9.39131e-05 0.00123218 0.00953312 0.0435042 0.117266 0.188033 0.18569 0.1305 0.0913007 0.0731797 0.0571889 0.0427097 0.0290154 0.0166113 0.00815908 0.00355887 0.00142961 0.000569799 0.000245628 0.000118575 5.61652e-05
 1.8869e-11 2.04805e-09 1.31075e-07 4.94635e-06 0.000110062 0.00144406 0.0111723 0.0509827 0.137396 0.22008 0.216205 0.148506 0.0969429 0.0663101 0.0352364 0.0120612 0.00269495 0.000540332 0.000180099 8.1348e-05 3.32248e-05 1.17182e-05 3.84103e-06 1.31042e-06 4.74358e-07
 1.80732e-11 1.96168e-09 1.25547e-07 4.73775e-06 0.000105421 0.00138316 0.0107014 0.0488375 0.131668 0.211337 0.209658 0.149477 0.10484 0.0751596 0.0402808 0.0135036 0.00270208 0.000319578 2.22971e-05 9.17369e-07 2.2256e-08 3.18367e-10 2.68571e-12 1.34664e-14 6.75369e-17
 1.9146e-11 2.07811e-09 1.32999e-07 5.01896e-06 0.000111678 0.00146526 0.0113363 0.0517297 0.139394 0.223152 0.218621 0.148546 0.094787 0.0636868 0.0334736 0.0111743 0.0022341 0.000264185 1.84317e-05 7.58332e-07 1.83976e-08 2.63173e-10 2.21979e-12 1.10406e-14 3.23806e-17
 1.79961e-11 1.9533e-09 1.25011e-07 4.71752e-06 0.000104971 0.00137726 0.0106557 0.0486294 0.131112 0.210487 0.209013 0.149543 0.105563 0.075985 0.0407705 0.0136712 0.00273575 0.000323563 2.25751e-05 9.28811e-07 2.25336e-08 3.22336e-10 2.71879e-12 1.35221e-14 3.96537e-17
 1.79316e-11 1.9463e-09 1.24563e-07 4.70061e-06 0.000104594 0.00137232 0.0106175 0.0484555 0.130648 0.209777 0.208474 0.149599 0.106167 0.0766747 0.0411797 0.0138113 0.00276388 0.000326893 2.28075e-05 9.38372e-07 2.27655e-08 3.25655e-10 2.74677e-12 1.36613e-14 4.00618e-17
 1.70655e-11 1.8523e-09 1.18547e-07 4.4736e-06 9.95431e-05 0.00130605 0.010105 0.0461207 0.124412 0.200238 0.201238 0.15035 0.114283 0.0859365 0.0466751 0.0156917 0.00314168 0.000371611 2.59279e-05 1.06676e-06 2.58803e-08 3.70211e-10 3.12259e-12 1.55304e-14 4.55431e-17
 1.77698e-11 1.92874e-09 1.23439e-07 4.6582e-06 0.000103651 0.00135994 0.0105218 0.0480193 0.129483 0.207995 0.207122 0.14974 0.107683 0.078405 0.0422064 0.0141626 0.00283446 0.000335247 2.33905e-05 9.62358e-07 2.33474e-08 3.33979e-10 2.81698e-12 1.40105e-14 4.10858e-17
 1.84773e-11 2.00553e-09 1.28354e-07 4.84367e-06 0.000107778 0.00141408 0.0109405 0.0499268 0.134578 0.215787 0.213034 0.149126 0.101053 0.0708384 0.0377168 0.0126263 0.00252581 0.000298714 2.08412e-05 8.57468e-07 2.08027e-08 2.97577e-10 2.50995e-12 1.24834e-14 3.66077e-17
 1.87655e-11 2.03682e-09 1.30356e-07 4.91923e-06 0.000109459 0.00143614 0.0111111 0.050704 0.136654 0.218962 0.215442 0.148876 0.0983522 0.0677557 0.0358878 0.0120004 0.00240007 0.000283831 1.98026e-05 8.14735e-07 1.9766e-08 2.82747e-10 2.38487e-12 1.18613e-14 3.47833e-17
 1.88488e-11 2.04585e-09 1.30934e-07 4.94106e-06 0.000109945 0.00144251 0.0111604 0.0509284 0.137253 0.219879 0.216138 0.148804 0.0975719 0.0668652 0.0353594 0.0118196 0.00236375 0.000279531 1.95025e-05 8.02391e-07 1.94665e-08 2.78463e-10 2.34873e-12 1.16816e-14 3.42563e-17
 1.87102e-11 2.03081e-09 1.29971e-07 4.90472e-06 0.000109136 0.00143191 0.0110783 0.0505547 0.136255 0.218352 0.214979 0.148924 0.0988709 0.0683477 0.036239 0.0121206 0.00242422 0.000286689 2.0002e-05 8.22941e-07 1.99651e-08 2.85595e-10 2.40889e-12 1.19808e-14 3.51337e-17
 1.91719e-11 2.08092e-09 1.33179e-07 5.02575e-06 0.000111829 0.00146724 0.0113516 0.0517995 0.13958 0.223437 0.218837 0.148524 0.0945442 0.0634098 0.0333092 0.0111181 0.0022228 0.000262848 1.83383e-05 7.54491e-07 1.83044e-08 2.6184e-10 2.20852e-12 1.09842e-14 3.22113e-17
 1.91643e-11 2.0801e-09 1.33126e-07 5.02377e-06 0.000111785 0.00146666 0.0113471 0.0517791 0.139526 0.223354 0.218774 0.148531 0.0946151 0.0634907 0.0333572 0.0111345 0.0022261 0.000263238 1.83656e-05 7.55613e-07 1.83316e-08 2.62229e-10 2.2118e-12 1.10006e-14 3.22592e-17
 1.86494e-11 2.02421e-09 1.29549e-07 4.88878e-06 0.000108781 0.00142725 0.0110424 0.0503908 0.135817 0.217682 0.214471 0.148977 0.0994406 0.0689979 0.0366248 0.0122526 0.00245074 0.000289828 2.02211e-05 8.31955e-07 2.01838e-08 2.88723e-10 2.43527e-12 1.2112e-14 3.55185e-17
 2.0017e-11 2.17265e-09 1.39049e-07 5.24729e-06 0.000116759 0.00153191 0.0118518 0.0540781 0.145666 0.232745 0.225899 0.147791 0.0866247 0.0543715 0.0279464 0.00928304 0.00185412 0.000219209 1.52932e-05 6.29201e-07 1.52648e-08 2.18358e-10 1.84177e-12 9.16018e-15 2.68623e-17
 1.94829e-11 2.11468e-09 1.35339e-07 5.10729e-06 0.000113643 0.00149104 0.0115357 0.0526381 0.14182 0.226863 0.221436 0.148254 0.0916295 0.0600833 0.0313354 0.0104427 0.00208711 0.000246787 1.72176e-05 7.08379e-07 1.71857e-08 2.45837e-10 2.07354e-12 1.03129e-14 3.02426e-17
 1.9689e-11 2.13706e-09 1.36771e-07 5.16132e-06 0.000114846 0.00150681 0.0116577 0.0531938 0.143304 0.229133 0.223158 0.148076 0.089698 0.057879 0.0300275 0.00999517 0.00199719 0.000236144 1.64749e-05 6.77822e-07 1.64444e-08 2.35232e-10 1.9841e-12 9.86804e-15 2.89381e-17
 1.98282e-11 2.15216e-09 1.37738e-07 5.19779e-06 0.000115657 0.00151746 0.01174 0.0535689 0.144306 0.230666 0.224321 0.147955 0.0883942 0.056391 0.0291447 0.00969306 0.0019365 0.00022896 1.59736e-05 6.57196e-07 1.5944e-08 2.28074e-10 1.92372e-12 9.56774e-15 2.80575e-17
 2.01147e-11 2.18326e-09 1.39728e-07 5.2729e-06 0.000117328 0.00153939 0.0119096 0.0543414 0.14637 0.233821 0.226715 0.147707 0.0857093 0.0533268 0.0273265 0.00907093 0.0018115 0.000214165 1.49412e-05 6.14719e-07 1.49134e-08 2.13332e-10 1.79938e-12 8.94934e-15 2.6244e-17
 1.99847e-11 2.16914e-09 1.38825e-07 5.23882e-06 0.00011657 0.00152944 0.0118327 0.0539909 0.145433 0.232389 0.225628 0.147819 0.0869276 0.0547172 0.0281516 0.00935324 0.00186822 0.000220878 1.54097e-05 6.33993e-07 1.5381e-08 2.20022e-10 1.8558e-12 9.22995e-15 2.70669e-17
 2.04507e-11 2.21973e-09 1.42062e-07 5.36098e-06 0.000119288 0.0015651 0.0121085 0.0552473 0.148789 0.237522 0.229522 0.147415 0.0825606 0.0497333 0.0251944 0.00834135 0.00166492 0.000196815 1.37305e-05 5.64905e-07 1.37049e-08 1.96045e-10 1.65356e-12 8.22412e-15 2.41173e-17
 2.04573e-11 2.22044e-09 1.42108e-07 5.36271e-06 0.000119327 0.0015656 0.0121124 0.0552651 0.148837 0.237595 0.229577 0.147409 0.0824987 0.0496626 0.0251525 0.00832701 0.00166204 0.000196474 1.37067e-05 5.63926e-07 1.36812e-08 1.95705e-10 1.6507e-12 8.20987e-15 2.40755e-17
 2.0981e-11 2.27728e-09 1.45746e-07 5.49999e-06 0.000122381 0.00160568 0.0124223 0.056677 0.152608 0.243362 0.233953 0.146955 0.0775915 0.0440622 0.0218296 0.00718995 0.0014336 0.000169434 1.18198e-05 4.86292e-07 1.17977e-08 1.68763e-10 1.42345e-12 7.07963e-15 2.07611e-17
 2.05494e-11 2.23044e-09 1.42748e-07 5.38685e-06 0.000119864 0.00157265 0.0121669 0.0555134 0.1495 0.238609 0.230347 0.14733 0.0816359 0.0486779 0.0245682 0.00812709 0.00162188 0.00019172 1.3375e-05 5.50276e-07 1.335e-08 1.90968e-10 1.61074e-12 8.01115e-15 2.34927e-17
#obs surv len freq
 4.48181e-11 4.15359e-09 2.26976e-07 7.31348e-06 0.00013895 0.00155667 0.0102851 0.0401132 0.0927889 0.130494 0.125076 0.112987 0.118923 0.116953 0.0982262 0.0726439 0.0447968 0.0221237 0.00894865 0.00297681 0.000782187 0.000154365 2.19108e-05 2.15672e-06 1.42725e-07
 3.13411e-11 2.80144e-09 1.47651e-07 4.58859e-06 8.40853e-05 0.000908657 0.00579361 0.0218571 0.0495157 0.07238 0.0877383 0.119708 0.1568 0.15927 0.131459 0.0948505 0.0570794 0.0274584 0.0107004 0.00337922 0.000835891 0.000154734 2.04999e-05 1.86955e-06 1.13783e-07
 1.53067e-11 1.31734e-09 6.68506e-08 2.00034e-06 3.52948e-05 0.000367311 0.00225745 0.00824848 0.018542 0.0297389 0.0480998 0.0867843 0.135213 0.171666 0.183749 0.154585 0.0951202 0.0436522 0.0159171 0.0047132 0.0010941 0.000189188 2.32929e-05 1.96695e-06 1.10506e-07
 2.667e-10 2.20642e-08 1.07631e-06 3.09582e-05 0.00052505 0.00525064 0.0309609 0.107651 0.220745 0.267176 0.191779 0.0841239 0.0277131 0.0151644 0.0157848 0.0147393 0.0101958 0.00528959 0.0020873 0.000620624 0.000137008 2.20363e-05 2.5087e-06 1.95469e-07 1.01143e-08
 1.94357e-10 1.54328e-08 7.22567e-07 1.9948e-05 0.000324723 0.00311715 0.0176526 0.0591038 0.118338 0.149842 0.147986 0.156958 0.160207 0.114574 0.0511959 0.0148959 0.003741 0.00129705 0.000527277 0.000171897 3.98378e-05 6.36664e-06 6.90393e-07 5.00284e-08 2.38278e-09
 4.39558e-10 3.34515e-08 1.50107e-06 3.97169e-05 0.000619637 0.00570028 0.0309239 0.0989819 0.18744 0.213002 0.155761 0.0947974 0.0696821 0.057894 0.0439004 0.0265604 0.0111415 0.00297695 0.000506206 6.22747e-05 7.43027e-06 9.39992e-07 9.70143e-08 6.82444e-09 3.09672e-10
 5.34807e-10 3.89549e-08 1.67307e-06 4.23695e-05 0.000632682 0.005571 0.0289349 0.0887773 0.162172 0.183428 0.151013 0.1266 0.111725 0.0775721 0.0392861 0.0162191 0.00585467 0.00172375 0.00037935 5.91179e-05 6.30701e-06 4.6424e-07 2.54997e-08 1.1515e-09 4.18448e-11
 8.05094e-10 5.60561e-08 2.30137e-06 5.57104e-05 0.000795206 0.00669326 0.0332302 0.0974532 0.170106 0.183563 0.143486 0.11452 0.0999824 0.0741824 0.0442303 0.0215248 0.00784869 0.00195404 0.000328446 3.97674e-05 3.74879e-06 2.7487e-07 1.45693e-08 5.24708e-10 1.26433e-11
 9.47771e-10 6.30044e-08 2.46959e-06 5.7078e-05 0.000777876 0.00625169 0.0296468 0.0832033 0.140313 0.152841 0.137526 0.137155 0.129808 0.0937301 0.0527965 0.0244702 0.00875195 0.0022208 0.000392622 4.93006e-05 4.43613e-06 2.83396e-07 1.27574e-08 4.03588e-10 8.85055e-12
 1.33839e-09 8.48503e-08 3.17185e-06 6.99135e-05 0.000908677 0.00696491 0.0315048 0.0843974 0.136336 0.144446 0.13131 0.134326 0.129268 0.0981037 0.0601191 0.0292559 0.0101953 0.00237524 0.000371873 4.11909e-05 3.38198e-06 2.05494e-07 8.88603e-09 2.62775e-10 5.17958e-12
 2.39087e-09 1.44403e-07 5.14261e-06 0.000107989 0.00133713 0.00976371 0.0420678 0.107265 0.164307 0.162322 0.131961 0.119844 0.107152 0.0776275 0.0457742 0.0214063 0.00717006 0.00161498 0.000245912 2.63098e-05 2.03096e-06 1.12454e-07 4.37222e-09 1.17154e-10 2.12692e-12
 3.81501e-09 2.193e-07 7.43309e-06 0.000148556 0.00175069 0.012167 0.0498986 0.12116 0.177111 0.168445 0.134373 0.118982 0.0994165 0.0644745 0.033163 0.0137176 0.00417988 0.000869083 0.000122554 1.21673e-05 8.77333e-07 4.56816e-08 1.66796e-09 4.15161e-11 6.90055e-13
 5.28387e-09 2.88816e-07 9.30849e-06 0.0001769 0.00198235 0.0131015 0.0511165 0.118305 0.166388 0.158208 0.136566 0.12996 0.107698 0.0669076 0.0326057 0.0126466 0.00356475 0.000672386 8.36401e-05 7.11994e-06 4.36174e-07 1.96347e-08 6.37133e-10 1.44037e-11 2.20183e-13
 7.31126e-09 3.79684e-07 1.16262e-05 0.000209918 0.00223498 0.0140353 0.0520547 0.114779 0.155425 0.148066 0.136467 0.136015 0.113481 0.0719345 0.0363314 0.0142473 0.00391385 0.000704139 8.25963e-05 6.54433e-06 3.65102e-07 1.45624e-08 4.09366e-10 7.93772e-12 1.04472e-13
 1.15073e-08 5.67322e-07 1.6492e-05 0.00028269 0.00285735 0.0170356 0.0599943 0.125706 0.16231 0.149167 0.134564 0.130273 0.105037 0.0649078 0.0320137 0.0120883 0.0031503 0.000532988 5.84571e-05 4.30784e-06 2.22437e-07 8.17577e-09 2.10503e-10 3.70017e-12 4.35395e-14
 1.62141e-08 7.5836e-07 2.09145e-05 0.000340107 0.00326146 0.0184507 0.0617018 0.123215 0.154168 0.144943 0.140923 0.139135 0.108061 0.0631411 0.0292763 0.0103758 0.00253901 0.000403642 4.1601e-05 2.87622e-06 1.38778e-07 4.73891e-09 1.12697e-10 1.82068e-12 1.96112e-14
 2.54664e-08 1.12932e-06 2.95295e-05 0.000455293 0.00413961 0.022205 0.0704226 0.133493 0.159178 0.144265 0.136537 0.130913 0.0999602 0.0588019 0.0274674 0.00953645 0.00222744 0.000333285 3.2076e-05 2.05851e-06 9.18034e-08 2.89343e-09 6.35301e-11 9.47395e-13 9.4039e-15
 3.79137e-08 1.59328e-06 3.94799e-05 0.000576845 0.00497035 0.0252695 0.0760083 0.137077 0.157607 0.142973 0.138245 0.13061 0.096395 0.0549181 0.0248248 0.00830292 0.00187532 0.000275826 2.67732e-05 1.77141e-06 8.13881e-08 2.57211e-09 5.46409e-11 7.66718e-13 7.04627e-15
 5.98517e-08 2.38252e-06 5.59224e-05 0.000773989 0.00631734 0.0304257 0.0867208 0.148384 0.162682 0.142485 0.133754 0.121906 0.0873672 0.0488743 0.0215797 0.0069427 0.00149676 0.000210764 1.9795e-05 1.28454e-06 5.85377e-08 1.8477e-09 3.93373e-11 5.52458e-13 5.0394e-15
 7.79595e-08 2.93868e-06 6.53172e-05 0.000856073 0.00661738 0.0301973 0.081734 0.13422 0.147394 0.14206 0.147984 0.135976 0.0938294 0.0500729 0.0210301 0.00643448 0.00132706 0.000180944 1.66884e-05 1.07158e-06 4.81509e-08 1.48557e-09 3.07321e-11 4.18947e-13 3.71578e-15
 1.20637e-07 4.30515e-06 9.05912e-05 0.00112407 0.00822621 0.0355422 0.0911123 0.141895 0.148483 0.137728 0.139265 0.126558 0.0897938 0.0504452 0.0217194 0.00653276 0.00129476 0.000168861 1.49571e-05 9.27454e-07 4.03746e-08 1.20811e-09 2.42328e-11 3.19686e-13 2.73384e-15
 1.99364e-07 6.73459e-06 0.000134143 0.00157557 0.0109146 0.0446424 0.108363 0.159953 0.159089 0.140484 0.133831 0.1126 0.0725867 0.0366797 0.0143368 0.0039738 0.000732373 8.91518e-05 7.38288e-06 4.28822e-07 1.75412e-08 4.9514e-10 9.40408e-12 1.17808e-13 9.58367e-16
 2.71441e-07 8.67904e-06 0.00016363 0.00181918 0.0119303 0.0462244 0.106612 0.151573 0.152311 0.145638 0.145009 0.118203 0.0714063 0.0333961 0.0120443 0.00307799 0.000520521 5.75548e-05 4.27924e-06 2.21988e-07 8.15408e-09 2.08988e-10 3.64037e-12 4.21178e-14 3.17943e-16
 3.66765e-07 1.10998e-05 0.000198079 0.00208449 0.0129415 0.0475017 0.104117 0.142612 0.144197 0.145464 0.148683 0.121984 0.0758685 0.0369195 0.0134531 0.00335719 0.000545923 5.79367e-05 4.13422e-06 2.04083e-07 7.00149e-09 1.64179e-10 2.57926e-12 2.67626e-14 1.81454e-16
 6.03515e-07 1.7289e-05 0.000292043 0.0029091 0.0170958 0.0593905 0.12314 0.159134 0.150433 0.140567 0.134621 0.105494 0.0635658 0.0299728 0.0104624 0.00248009 0.000382905 3.87727e-05 2.6559e-06 1.2616e-07 4.1518e-09 9.27524e-11 1.37614e-12 1.33467e-14 8.36337e-17
 7.82205e-07 2.12127e-05 0.000339214 0.00319901 0.0178037 0.0586589 0.116119 0.147262 0.147227 0.15211 0.14835 0.110284 0.0612957 0.0265266 0.00858224 0.00191109 0.000280748 2.73808e-05 1.82178e-06 8.40846e-08 2.67076e-09 5.71251e-11 8.06582e-13 7.41293e-15 4.38499e-17
 1.16897e-06 3.00139e-05 0.000454412 0.00405742 0.0213821 0.0667404 0.125423 0.1522 0.148248 0.150102 0.14165 0.102093 0.0555236 0.0233163 0.00712186 0.00145161 0.00018897 1.57578e-05 8.71156e-07 3.33796e-08 9.0865e-10 1.73931e-11 2.27048e-13 1.9609e-15 1.09525e-17
 1.43704e-06 3.49377e-05 0.000500882 0.00423548 0.0211499 0.0627116 0.113212 0.137608 0.145936 0.161465 0.153929 0.108719 0.0580303 0.0238327 0.00705069 0.00139037 0.000177079 1.47025e-05 8.17053e-07 3.09451e-08 7.96059e-10 1.36828e-11 1.5495e-13 1.14877e-15 5.55701e-18
#pred catch len freq
 9.30909e-13 1.01041e-10 6.46667e-09 2.4404e-07 5.43112e-06 7.13201e-05 0.000554229 0.00258603 0.00775081 0.0187369 0.0483649 0.114203 0.186576 0.196772 0.146953 0.0954304 0.0613808 0.038721 0.0246825 0.0166419 0.0121931 0.00987184 0.00838057 0.00640156 0.00372188
 8.00351e-13 8.68706e-11 5.55976e-09 2.09818e-07 4.6698e-06 6.13435e-05 0.000477523 0.00224718 0.0069911 0.0187595 0.0542275 0.133678 0.218635 0.223653 0.152271 0.0831355 0.0451405 0.0253716 0.0142843 0.00808096 0.00479081 0.00317395 0.00234873 0.00169121 0.000975344
 3.44187e-13 3.73584e-11 2.39098e-09 9.02377e-08 2.00899e-06 2.64317e-05 0.000207381 0.00101355 0.00365439 0.0133177 0.0484411 0.128711 0.215188 0.225118 0.161674 0.0962322 0.053812 0.0273636 0.0129057 0.00609726 0.00295925 0.00152635 0.000890891 0.000556472 0.000303331
 3.94868e-12 4.28591e-10 2.74298e-08 1.03512e-06 2.30334e-05 0.000302252 0.00234025 0.0107212 0.0294687 0.0518611 0.0730629 0.110369 0.157696 0.168926 0.140807 0.106043 0.0720487 0.0412377 0.0202527 0.00883353 0.0035484 0.00141428 0.000609663 0.000294311 0.000139405
 1.46278e-11 1.58771e-09 1.01613e-07 3.83458e-06 8.53243e-05 0.00111951 0.00866221 0.0395481 0.106852 0.173352 0.18069 0.151966 0.136344 0.111404 0.0621529 0.0214923 0.00480967 0.000963037 0.000320365 0.000144633 5.90688e-05 2.08332e-05 6.82874e-06 2.32973e-06 8.43334e-07
 1.30921e-11 1.42102e-09 9.09454e-08 3.432e-06 7.63666e-05 0.00100199 0.00775331 0.035408 0.0957975 0.156476 0.168038 0.153795 0.151517 0.128431 0.0718887 0.0243194 0.00487506 0.000576783 4.02451e-05 1.65583e-06 4.01716e-08 5.74646e-10 4.84765e-12 2.43056e-14 1.21652e-16
 1.5346e-11 1.66566e-09 1.06602e-07 4.02283e-06 8.95132e-05 0.00117446 0.00908726 0.0414846 0.112028 0.1813 0.18687 0.151841 0.130396 0.104327 0.0575866 0.0194254 0.00389182 0.000460402 3.21239e-05 1.32169e-06 3.20651e-08 4.58684e-10 3.86886e-12 1.92427e-14 5.64359e-17
 1.51461e-11 1.64396e-09 1.05213e-07 3.97042e-06 8.83469e-05 0.00115916 0.00896892 0.0409455 0.110589 0.179097 0.1852 0.152014 0.13227 0.106465 0.0588554 0.0198596 0.00397905 0.000470726 3.28443e-05 1.35133e-06 3.27842e-08 4.68969e-10 3.95558e-12 1.96734e-14 5.76924e-17
 1.44865e-11 1.57237e-09 1.00631e-07 3.79752e-06 8.44998e-05 0.00110869 0.00857856 0.0391673 0.105839 0.171833 0.179689 0.152586 0.138451 0.113519 0.0630407 0.0212917 0.00426678 0.000504783 3.52209e-05 1.44911e-06 3.51565e-08 5.02904e-10 4.24181e-12 2.10969e-14 6.18669e-17
 1.41833e-11 1.53946e-09 9.85254e-08 3.71805e-06 8.27314e-05 0.00108549 0.00839913 0.0383499 0.103656 0.168494 0.177156 0.152849 0.141292 0.116761 0.0649645 0.02195 0.00439904 0.000520438 3.63133e-05 1.49406e-06 3.62469e-08 5.18502e-10 4.37337e-12 2.17513e-14 6.37858e-17
 1.55801e-11 1.69107e-09 1.08228e-07 4.0842e-06 9.08787e-05 0.00119238 0.00922582 0.0421158 0.113714 0.183878 0.188826 0.151638 0.128202 0.101823 0.056101 0.0189171 0.00378969 0.000448313 3.12803e-05 1.28698e-06 3.1223e-08 4.46637e-10 3.76722e-12 1.87365e-14 5.4945e-17
 1.64466e-11 1.78512e-09 1.14247e-07 4.31134e-06 9.59328e-05 0.00125869 0.00973864 0.0444519 0.119954 0.193421 0.196066 0.150887 0.120083 0.0925561 0.0506027 0.0170356 0.00341169 0.000403571 2.81582e-05 1.15852e-06 2.81065e-08 4.02056e-10 3.39119e-12 1.68663e-14 4.94607e-17
 1.70776e-11 1.85361e-09 1.18631e-07 4.47676e-06 9.96136e-05 0.00130698 0.0101121 0.0461532 0.124499 0.200372 0.201339 0.15034 0.114169 0.0858073 0.0465984 0.0156654 0.00313641 0.000370987 2.58844e-05 1.06497e-06 2.58369e-08 3.69589e-10 3.11735e-12 1.55044e-14 4.54666e-17
 1.71737e-11 1.86404e-09 1.19298e-07 4.50194e-06 0.000100174 0.00131433 0.010169 0.0464122 0.12519 0.201429 0.202141 0.150256 0.113269 0.0847802 0.045989 0.0154569 0.00309451 0.000366028 2.55384e-05 1.05073e-06 2.54914e-08 3.64648e-10 3.07567e-12 1.52971e-14 4.48588e-17
 1.73031e-11 1.87808e-09 1.20197e-07 4.53586e-06 0.000100929 0.00132423 0.0102456 0.0467611 0.126122 0.202855 0.203223 0.150144 0.112057 0.0833962 0.0451678 0.0151759 0.00303806 0.000359346 2.50721e-05 1.03155e-06 2.5026e-08 3.5799e-10 3.01951e-12 1.50178e-14 4.40397e-17
 1.80087e-11 1.95467e-09 1.25098e-07 4.72083e-06 0.000105044 0.00137822 0.0106632 0.0486634 0.131203 0.210626 0.209118 0.149532 0.105445 0.0758501 0.0406904 0.0136438 0.00273024 0.000322912 2.25297e-05 9.26941e-07 2.24882e-08 3.21687e-10 2.71331e-12 1.34948e-14 3.95738e-17
 1.77711e-11 1.92888e-09 1.23448e-07 4.65854e-06 0.000103658 0.00136004 0.0105225 0.0480228 0.129492 0.208009 0.207133 0.149738 0.107671 0.0783912 0.0421982 0.0141598 0.0028339 0.000335181 2.33858e-05 9.62166e-07 2.33428e-08 3.33912e-10 2.81642e-12 1.40077e-14 4.10777e-17
 1.73942e-11 1.88797e-09 1.2083e-07 4.55975e-06 0.00010146 0.0013312 0.0102995 0.0470068 0.126778 0.203858 0.203984 0.150065 0.111203 0.0824216 0.0445896 0.014978 0.0029983 0.00035464 2.47437e-05 1.01804e-06 2.46982e-08 3.53301e-10 2.97997e-12 1.48211e-14 4.34629e-17
 1.9153e-11 2.07887e-09 1.33048e-07 5.0208e-06 0.000111719 0.00146579 0.0113404 0.0517486 0.139444 0.223229 0.218679 0.14854 0.0947211 0.0636117 0.033429 0.0111591 0.00223103 0.000263823 1.84064e-05 7.5729e-07 1.83723e-08 2.62811e-10 2.21671e-12 1.1025e-14 3.23308e-17
 1.83345e-11 1.99003e-09 1.27362e-07 4.80624e-06 0.000106945 0.00140316 0.010856 0.0495419 0.13355 0.214214 0.21184 0.14925 0.102391 0.0723654 0.0386229 0.0129363 0.0025881 0.000306087 2.13556e-05 8.78636e-07 2.13163e-08 3.04923e-10 2.57191e-12 1.27916e-14 3.75115e-17
 1.86161e-11 2.0206e-09 1.29318e-07 4.88005e-06 0.000108587 0.0014247 0.0110226 0.050301 0.135577 0.217316 0.214193 0.149006 0.0997527 0.0693541 0.0368361 0.012325 0.00246527 0.000291548 2.03411e-05 8.36892e-07 2.03035e-08 2.90437e-10 2.44972e-12 1.21839e-14 3.57293e-17
 1.91532e-11 2.07889e-09 1.33049e-07 5.02085e-06 0.00011172 0.00146581 0.0113405 0.0517491 0.139445 0.223231 0.218681 0.14854 0.0947195 0.0636098 0.0334278 0.0111587 0.00223096 0.000263813 1.84057e-05 7.57264e-07 1.83717e-08 2.62802e-10 2.21663e-12 1.10246e-14 3.23297e-17
 1.92727e-11 2.09187e-09 1.33879e-07 5.05219e-06 0.000112417 0.00147495 0.0114113 0.0520714 0.140306 0.224548 0.21968 0.148437 0.0935992 0.0623312 0.0326692 0.0108991 0.0021788 0.00025764 1.7975e-05 7.3954e-07 1.79417e-08 2.56651e-10 2.16476e-12 1.07666e-14 3.1573e-17
 1.93041e-11 2.09527e-09 1.34097e-07 5.06041e-06 0.0001126 0.00147736 0.0114299 0.052156 0.140532 0.224894 0.219942 0.148409 0.0933053 0.0619958 0.0324702 0.010831 0.00216512 0.000256021 1.7862e-05 7.3489e-07 1.78289e-08 2.55037e-10 2.15114e-12 1.06989e-14 3.13745e-17
 1.97753e-11 2.14642e-09 1.37371e-07 5.18394e-06 0.000115349 0.00151342 0.0117088 0.0534265 0.143926 0.230084 0.223879 0.148001 0.0888894 0.0569562 0.02948 0.00980781 0.00195955 0.000231689 1.6164e-05 6.6503e-07 1.6134e-08 2.30793e-10 1.94665e-12 9.6818e-15 2.8392e-17
 1.99849e-11 2.16917e-09 1.38827e-07 5.23889e-06 0.000116572 0.00152946 0.0118328 0.0539916 0.145435 0.232392 0.225631 0.147819 0.0869251 0.0547143 0.0281498 0.00935264 0.0018681 0.000220864 1.54087e-05 6.33953e-07 1.53801e-08 2.20007e-10 1.85568e-12 9.22936e-15 2.70652e-17
 2.05213e-11 2.22739e-09 1.42553e-07 5.3795e-06 0.0001197 0.0015705 0.0121503 0.0554378 0.149298 0.2383 0.230112 0.147354 0.0818986 0.0489777 0.0247461 0.00818795 0.0016341 0.000193167 1.3476e-05 5.54432e-07 1.34508e-08 1.9241e-10 1.62291e-12 8.07165e-15 2.36702e-17
 1.97469e-11 2.14334e-09 1.37173e-07 5.1765e-06 0.000115183 0.00151124 0.011692 0.0533499 0.143721 0.229771 0.223642 0.148025 0.0891554 0.0572597 0.0296601 0.00986943 0.00197193 0.000233154 1.62663e-05 6.69238e-07 1.62361e-08 2.32253e-10 1.95897e-12 9.74306e-15 2.85716e-17
#obs catch len freq
 4.42483e-11 4.10077e-09 2.2409e-07 7.22049e-06 0.000137183 0.00153688 0.0101546 0.0396075 0.0916617 0.129215 0.125098 0.11551 0.122807 0.118855 0.0966598 0.0699608 0.0434592 0.0220484 0.00916181 0.00310045 0.000826422 0.000166435 2.42667e-05 2.45873e-06 1.67109e-07
 6.16511e-11 5.51072e-09 2.90444e-07 9.02619e-06 0.000165401 0.00178721 0.0113895 0.0428517 0.0957059 0.130517 0.123432 0.113355 0.120288 0.117037 0.0972504 0.0709358 0.0428741 0.0207309 0.00820088 0.00265263 0.000672293 0.000126971 1.71241e-05 1.59144e-06 9.89041e-08
 4.41867e-11 3.80285e-09 1.92981e-07 5.77444e-06 0.000101883 0.00106009 0.00650866 0.0236559 0.0517528 0.0738335 0.0896765 0.123197 0.158792 0.158135 0.128854 0.0916121 0.0539779 0.0253806 0.00965228 0.0029586 0.000704977 0.000124731 1.56812e-05 1.34879e-06 7.70357e-08
 2.23123e-11 1.8459e-09 9.00451e-08 2.59002e-06 4.393e-05 0.00043949 0.00259706 0.00913291 0.0198521 0.0313163 0.0508643 0.0910054 0.139179 0.174106 0.182959 0.149739 0.0894286 0.0399662 0.0142074 0.00408047 0.000911355 0.000150428 1.75562e-05 1.39703e-06 7.36041e-08
 3.84134e-10 3.0502e-08 1.4281e-06 3.94256e-05 0.000641776 0.00615994 0.0348626 0.116345 0.228987 0.266047 0.183438 0.0776386 0.0254428 0.0146797 0.0153211 0.0139145 0.00934084 0.0047029 0.00179582 0.000514489 0.000108901 1.66948e-05 1.80001e-06 1.32065e-07 6.40443e-09
 2.88639e-10 2.19661e-08 9.8569e-07 2.60805e-05 0.000406899 0.00374361 0.0203202 0.0652294 0.125396 0.153433 0.149079 0.156703 0.155331 0.106629 0.0457185 0.0129136 0.00326959 0.00115772 0.000460824 0.000144129 3.18256e-05 4.82378e-06 4.93941e-07 3.36544e-08 1.50115e-09
 6.52705e-10 4.75425e-08 2.04189e-06 5.17097e-05 0.000772146 0.00679869 0.0353017 0.108157 0.19611 0.213724 0.150968 0.0905584 0.0663893 0.0545167 0.0405243 0.0237217 0.00952582 0.00242835 0.000395782 4.748e-05 5.60819e-06 6.87531e-07 6.71833e-08 4.43496e-09 1.88127e-10
 8.08133e-10 5.62676e-08 2.31005e-06 5.59207e-05 0.000798208 0.00671861 0.0333578 0.097855 0.171055 0.185876 0.148946 0.12303 0.105647 0.07083 0.0349 0.0141511 0.00499841 0.00142547 0.000301637 4.49575e-05 4.57385e-06 3.21454e-07 1.6912e-08 7.28667e-10 2.49679e-11
 1.22461e-09 8.14079e-08 3.19095e-06 7.37502e-05 0.00100507 0.00807703 0.0382874 0.107227 0.178887 0.185219 0.14076 0.11078 0.0944937 0.0682062 0.039739 0.018798 0.00658895 0.00156917 0.00025289 2.95103e-05 2.68137e-06 1.88049e-07 9.45435e-09 3.21418e-10 7.29271e-12
 1.47759e-09 9.36752e-08 3.50174e-06 7.71848e-05 0.00100318 0.00768911 0.0347769 0.0931129 0.150003 0.156957 0.137439 0.133688 0.122202 0.0854506 0.0469847 0.0211934 0.00730224 0.00177602 0.000300883 3.61897e-05 3.11112e-06 1.89267e-07 8.09012e-09 2.42189e-10 5.00413e-12
 2.11499e-09 1.2774e-07 4.54921e-06 9.55285e-05 0.00118285 0.0086376 0.037225 0.0950372 0.14651 0.148941 0.131417 0.130622 0.121485 0.0896001 0.0535265 0.0251573 0.00838426 0.001863 0.000278864 2.96232e-05 2.33062e-06 1.35002e-07 5.53284e-09 1.54368e-10 2.86125e-12
 3.77272e-09 2.16869e-07 7.35069e-06 0.000146909 0.00173128 0.0120319 0.049342 0.119774 0.174832 0.165242 0.129739 0.114163 0.098587 0.0693853 0.0398488 0.0179782 0.00575509 0.00123584 0.000179729 1.83928e-05 1.35579e-06 7.14045e-08 2.63012e-09 6.65245e-11 1.13602e-12
 6.0355e-09 3.29901e-07 1.06326e-05 0.000202063 0.0022643 0.0149637 0.0583574 0.134773 0.187549 0.170396 0.130811 0.11157 0.0895586 0.0561717 0.0281118 0.0112392 0.00327627 0.000649202 8.7371e-05 8.29444e-06 5.71087e-07 2.82693e-08 9.76667e-10 2.29129e-11 3.57812e-13
 8.45113e-09 4.38878e-07 1.34388e-05 0.000242644 0.00258336 0.0162216 0.0601344 0.132272 0.177005 0.160771 0.133361 0.121723 0.0966474 0.0579844 0.0274497 0.0102696 0.00276239 0.000495004 5.85653e-05 4.75694e-06 2.7838e-07 1.19358e-08 3.67039e-10 7.82613e-12 1.12399e-13
 1.18927e-08 5.86324e-07 1.70444e-05 0.000292158 0.00295304 0.0176056 0.061993 0.129804 0.167041 0.151555 0.133282 0.126678 0.10126 0.062098 0.0304108 0.0114485 0.0029904 0.000510013 5.67967e-05 4.28394e-06 2.27665e-07 8.62789e-09 2.29549e-10 4.19773e-12 5.19435e-14
 1.87685e-08 8.77833e-07 2.42094e-05 0.000393684 0.00377511 0.0213528 0.0713435 0.14184 0.173836 0.151726 0.129949 0.119584 0.0923341 0.0551925 0.0263467 0.00952617 0.00235604 0.000377332 3.92406e-05 2.74962e-06 1.35111e-07 4.71397e-09 1.14742e-10 1.89982e-12 2.09955e-14
 2.67335e-08 1.18551e-06 3.09987e-05 0.000477944 0.00434551 0.0233084 0.0739053 0.139938 0.165997 0.147758 0.135699 0.126938 0.0942613 0.0532105 0.0238525 0.00808779 0.00187682 0.00028223 2.75575e-05 1.80988e-06 8.30117e-08 2.68783e-09 6.03719e-11 9.18015e-13 9.28117e-15
 4.18086e-08 1.75696e-06 4.35356e-05 0.000636099 0.00548075 0.0278599 0.0837339 0.150426 0.169961 0.145753 0.130273 0.118461 0.0866627 0.0492905 0.0221968 0.00734578 0.00162309 0.000229361 2.08868e-05 1.27195e-06 5.38801e-08 1.60938e-09 3.33589e-11 4.67965e-13 4.35735e-15
 6.24249e-08 2.48495e-06 5.83266e-05 0.000807261 0.00658882 0.031731 0.0904097 0.154435 0.168049 0.14381 0.130859 0.117108 0.0828123 0.0456007 0.0198478 0.00632279 0.00135157 0.000188023 1.72961e-05 1.08586e-06 4.72644e-08 1.41015e-09 2.81885e-11 3.7132e-13 3.19753e-15
 9.80554e-08 3.6962e-06 8.21538e-05 0.00107671 0.00832194 0.0379538 0.102436 0.165935 0.172003 0.14179 0.124965 0.107854 0.0741183 0.0400565 0.0169923 0.00519755 0.00105981 0.000141178 1.25735e-05 7.74544e-07 3.34372e-08 9.95912e-10 1.99341e-11 2.62464e-13 2.23941e-15
 1.29475e-07 4.62053e-06 9.72276e-05 0.00120641 0.00882861 0.0381411 0.0977258 0.151834 0.157313 0.142086 0.138674 0.120663 0.0798244 0.0411254 0.0165808 0.00482206 0.000941036 0.000121478 1.06285e-05 6.47409e-07 2.75176e-08 7.99999e-10 1.55446e-11 1.98533e-13 1.64602e-15
 2.02389e-07 6.8368e-06 0.000136179 0.00159947 0.0110799 0.0453115 0.10991 0.161703 0.158762 0.13623 0.127722 0.109802 0.0748357 0.0405005 0.0166503 0.00474259 0.000888112 0.000109625 9.21099e-06 5.41666e-07 2.22929e-08 6.28145e-10 1.18249e-11 1.46016e-13 1.16611e-15
 3.30631e-07 1.05715e-05 0.000199308 0.00221575 0.0145284 0.0562394 0.129144 0.179947 0.167442 0.135873 0.119221 0.0945034 0.0583574 0.0283861 0.0106015 0.00278414 0.000484818 5.58416e-05 4.38516e-06 2.4149e-07 9.33722e-09 2.48138e-10 4.42183e-12 5.18292e-14 3.93556e-16
 4.52065e-07 1.36813e-05 0.000244144 0.00256914 0.0159472 0.058475 0.127556 0.170995 0.160182 0.140428 0.129279 0.0994632 0.0575241 0.0258734 0.00891075 0.002156 0.000344089 3.5947e-05 2.53162e-06 1.24497e-07 4.3251e-09 1.04427e-10 1.70721e-12 1.84816e-14 1.30213e-16
 6.23511e-07 1.78618e-05 0.000301718 0.00300545 0.0176614 0.0613441 0.127081 0.163601 0.152631 0.139387 0.131344 0.101928 0.0607867 0.0283705 0.00982891 0.00231641 0.000355202 3.56051e-05 2.40434e-06 1.12293e-07 3.63508e-09 8.01578e-11 1.18082e-12 1.1462e-14 7.25436e-17
 1.00668e-06 2.73e-05 0.000436548 0.00411654 0.0228997 0.0752857 0.147537 0.179156 0.156077 0.131564 0.115824 0.0858106 0.0495534 0.0223722 0.00741339 0.00165863 0.000241493 2.31022e-05 1.49745e-06 6.72555e-08 2.0863e-09 4.37798e-11 6.08374e-13 5.51365e-15 3.22202e-17
 1.352e-06 3.47133e-05 0.000525553 0.00469235 0.0247209 0.0770562 0.143898 0.170062 0.153237 0.139997 0.124937 0.0876295 0.046575 0.0192786 0.00592153 0.00124521 0.000172623 1.59121e-05 1.00152e-06 4.36592e-08 1.30546e-09 2.61995e-11 3.46187e-13 2.97098e-15 1.63783e-17
 1.98652e-06 4.82963e-05 0.00069237 0.00585363 0.029205 0.0862483 0.152893 0.17282 0.151776 0.136551 0.118468 0.0807304 0.0419764 0.0168175 0.00486163 0.000932962 0.000114243 8.97743e-06 4.69012e-07 1.70057e-08 4.37283e-10 7.87503e-12 9.63196e-14 7.76883e-16 4.04243e-18
#spawning biomass
 30885.9 24492.2 18537.6 11518.5 20761 35871.5 67854 115373 136058 164707 166423 169229 191378 204307 216804 211655 199160 197698 200742 194900 209075 229116 200838 212103 205972 222730 215492 213739 234451 523526 590349 574562 512804 434712 358354 292307 239160 198360 168040 146027 130317 119246 111484 105978 102259 99748.5 98053 96908.2 96135 95613 95260.5 95022.4 94861.7 94753.1 94679.8 94630.4 94596.9 94574.4 94559.1 94548.8 94541.9 94537.2 94534 94531.9 94530.4 94529.5 94528.8 94528.4 94528.1 94527.9 94527.7 94527.6 94527.6 94527.5 94527.5 94527.5 94527.5 94527.5 94527.4 94527.4 94527.4 94527.4 94527.4 94527.4 94527.4 94527.4 94527.4 94527.4 94527.4 94527.4 94527.4 94527.4 94527.4 94527.4 94527.4 94527.4 94527.4 94527.4 94527.4 94527.4 94527.4 94527.4 94527.4 94527.4 94527.4 94527.4 94527.4 94527.4 94527.4 94527.4 94527.4 94527.4 94527.4 94527.4 94527.4 94527.4 94527.4 94527.4 94527.4 94527.4 94527.4 94527.4 94527.4 94527.4 94527.4 94527.4 94527.4 94527.4 0 0 0 0 0 0 0 0 0 0 0 0 0 0 0 0 0 0 0 0 0 0 0 0 0
