SBPRF35
0.819782
Curr Bio
217724
B35
1.4829e+06
F35
0.232175
FOFL
0
OFL
0
Bzero
234224
#pred survey bio
 26638.7 23773.6 20657.4 24062 36019.4 50389.2 74026.9 94239.9 127621 146078 173537 197946 239997 265293 252181 239812 239786 269280 238118 236743 281481 282815 266418 272462 290289 297339 302060 261039 5.06302e+06 8.26419e+06 9.23603e+06 8.87515e+06 7.86254e+06 6.66758e+06 5.54955e+06 4.61505e+06 3.88348e+06 3.33372e+06 2.9312e+06 2.64116e+06 2.43402e+06 2.28659e+06 2.18104e+06 2.10267e+06 2.04739e+06 2.00789e+06 1.97927e+06 1.95824e+06 1.94258e+06 1.93078e+06 1.92176e+06 1.91481e+06 1.90939e+06 1.90513e+06 1.90175e+06 1.89907e+06 1.89691e+06 1.89518e+06 1.89379e+06 1.89266e+06 1.89174e+06 1.89099e+06 1.89039e+06 1.88989e+06 1.88949e+06 1.88916e+06 1.88889e+06 1.88867e+06 1.88849e+06 1.88835e+06 1.88823e+06 1.88813e+06 1.88805e+06 1.88798e+06 1.88793e+06 1.88788e+06 1.88785e+06 1.88782e+06 1.88779e+06 1.88777e+06 1.88776e+06 1.88774e+06 1.88773e+06 1.88772e+06 1.88772e+06 1.88771e+06 1.88771e+06 1.8877e+06 1.8877e+06 1.8877e+06 1.88769e+06 1.88769e+06 1.88769e+06 1.88769e+06 1.88769e+06 1.88769e+06 1.88769e+06 1.88769e+06 1.88769e+06 1.88769e+06 1.88769e+06 1.88769e+06 1.88769e+06 1.88769e+06 1.88768e+06 1.88768e+06 1.88768e+06 1.88768e+06 1.88768e+06 1.88768e+06 1.88768e+06 1.88768e+06 1.88768e+06 1.88768e+06 1.88768e+06 1.88768e+06 1.88768e+06 1.88768e+06 1.88768e+06 1.88768e+06 1.88768e+06 1.88768e+06 1.88768e+06 1.88768e+06 1.88768e+06 1.88768e+06 1.88768e+06 1.88768e+06 0 0 0 0 0 0 0 0 0 0 0 0 0 0 0 0 0 0 0 0 0 0 0 0 0
#obs survey bio
 25108.3 18731.9 19028 32076.6 33362.3 51152.1 90979.6 79911.2 95756.7 142272 95258.1 129505 252615 266543 163217 251912 200807 169930 171531 176203 227437 239155 199727 246403 252968 248124 213558 178919
#pred catch bio
 13593.7 13699.9 10469.5 11429.6 24144.4 32826.9 52169.4 63996.5 93952 103910 129344 148279 175176 203311 197161 188435 178158 221443 191823 179576 226714 235083 220880 224451 241735 246306 257851 241343 0 72571.9 81061.2 76972.7 67112.2 55799.7 45398.4 36847.1 30276.4 25448.4 22009.5 19614.5 17973.8 16863.7 16117.4 15609.1 15279.1 15064.9 14925.9 14835.6 14777 14739 14714.3 14698.3 14687.9 14681.2 14676.8 14673.9 14672.1 14670.9 14670.1 14669.6 14669.3 14669.1 14668.9 14668.8 14668.8 14668.7 14668.7 14668.7 14668.7 14668.7 14668.7 14668.7 14668.7 14668.7 14668.7 14668.7 14668.7 14668.7 14668.7 14668.7 14668.7 14668.7 14668.7 14668.7 14668.7 14668.7 14668.7 14668.7 14668.7 14668.7 14668.7 14668.7 14668.7 14668.7 14668.7 14668.7 14668.7 14668.7 14668.7 14668.7 14668.7 14668.7 14668.7 14668.7 14668.7 14668.7 14668.7 14668.7 14668.7 14668.7 14668.7 14668.7 14668.7 14668.7 14668.7 14668.7 14668.7 14668.7 14668.7 14668.7 14668.7 14668.7 14668.7 14668.7 14668.7 14668.7 14668.7 14668.7 0 0 0 0 0 0 0 0 0 0 0 0 0 0 0 0 0 0 0 0 0 0 0 0 0
#obs catch bio
 14390.1 13500 11935.4 9856.09 20292.7 28956.5 41041.5 55970.2 96459.8 92839.4 127123 150940 164889 166028 202380 184523 158160 213099 188389 166282 209731 214860 205059 196554 210036 214658 236310 224180
#pred cpue bio
 20901.7 19781.3 14883.3 16841.8 21432.1 25091.4 37966.2 47792.4 65690.7 74306.4 92216.5 97676.2 111232 143692 137067 122861 116182 137169 111064 107553 129615 127477 114146 109829 116082 118578 123860 109937 1.44718e+06 8.08492e+06 9.11636e+06 8.75353e+06 7.74083e+06 6.54587e+06 5.42783e+06 4.49333e+06 3.76176e+06 3.21201e+06 2.80948e+06 2.51944e+06 2.3123e+06 2.16487e+06 2.05932e+06 1.98095e+06 1.92568e+06 1.88617e+06 1.85755e+06 1.83652e+06 1.82087e+06 1.80906e+06 1.80005e+06 1.79309e+06 1.78767e+06 1.78341e+06 1.78004e+06 1.77735e+06 1.7752e+06 1.77347e+06 1.77207e+06 1.77094e+06 1.77002e+06 1.76928e+06 1.76867e+06 1.76818e+06 1.76777e+06 1.76744e+06 1.76717e+06 1.76696e+06 1.76678e+06 1.76663e+06 1.76651e+06 1.76641e+06 1.76633e+06 1.76626e+06 1.76621e+06 1.76617e+06 1.76613e+06 1.7661e+06 1.76608e+06 1.76606e+06 1.76604e+06 1.76603e+06 1.76602e+06 1.76601e+06 1.766e+06 1.76599e+06 1.76599e+06 1.76599e+06 1.76598e+06 1.76598e+06 1.76598e+06 1.76598e+06 1.76597e+06 1.76597e+06 1.76597e+06 1.76597e+06 1.76597e+06 1.76597e+06 1.76597e+06 1.76597e+06 1.76597e+06 1.76597e+06 1.76597e+06 1.76597e+06 1.76597e+06 1.76597e+06 1.76597e+06 1.76597e+06 1.76597e+06 1.76597e+06 1.76597e+06 1.76597e+06 1.76597e+06 1.76597e+06 1.76597e+06 1.76597e+06 1.76597e+06 1.76597e+06 1.76597e+06 1.76597e+06 1.76597e+06 1.76597e+06 1.76597e+06 1.76597e+06 1.76597e+06 1.76597e+06 1.76597e+06 1.76597e+06 0 0 0 0 0 0 0 0 0 0 0 0 0 0 0 0 0 0 0 0 0 0 0 0 0
#obs cpue bio
 20315.7 20889.5 18524.5 16185.2 37216.8 41759.1 79792.6 79837.2 87016.5 115441 174337 151510 140855 318307 179976 148348 195999 284466 158892 182811 246786 220658 201631 212155 233538 238550 242887 225416
#pred surv len freq
 1.12671e-11 1.22293e-09 7.82674e-08 2.95357e-06 6.5721e-05 0.000862308 0.00667247 0.0304718 0.0824407 0.134645 0.144561 0.132546 0.132743 0.120084 0.0830189 0.0491919 0.0292078 0.017584 0.010918 0.00727178 0.00531161 0.00430555 0.00366298 0.00280239 0.00163076
 8.93199e-12 9.69482e-10 6.20467e-08 2.34146e-06 5.21008e-05 0.000683617 0.0052904 0.0241747 0.0656039 0.108756 0.124248 0.132418 0.151699 0.144481 0.102259 0.0615584 0.0356731 0.0194268 0.0100907 0.00534608 0.0030629 0.00200525 0.00148238 0.00106908 0.000617329
 1.30471e-11 1.41613e-09 9.06323e-08 3.42018e-06 7.61035e-05 0.000998523 0.00772599 0.0352715 0.095267 0.154313 0.159744 0.13194 0.117996 0.104271 0.0763347 0.0501674 0.0313741 0.0176264 0.00889876 0.00416897 0.00189133 0.000915265 0.000518727 0.000322042 0.000175604
 1.30679e-11 1.41839e-09 9.07769e-08 3.42564e-06 7.6225e-05 0.00100012 0.00773858 0.035334 0.0955054 0.155259 0.16332 0.141315 0.132277 0.114242 0.0736558 0.0383846 0.0200536 0.0110611 0.00591334 0.00285064 0.00121266 0.000475569 0.000192553 8.88023e-05 4.14839e-05
 1.5794e-11 1.71428e-09 1.09714e-07 4.14026e-06 9.2126e-05 0.00120874 0.00935209 0.0426854 0.115158 0.185456 0.186922 0.141264 0.110515 0.0885608 0.0576781 0.0313761 0.0160913 0.00766673 0.00342253 0.00152447 0.000652374 0.000248261 8.38453e-05 2.764e-05 9.55254e-06
 1.71449e-11 1.86091e-09 1.19098e-07 4.49439e-06 0.000100006 0.00131212 0.0101519 0.0463346 0.124983 0.201112 0.2019 0.15028 0.113537 0.0850865 0.046172 0.0155212 0.00310875 0.000368493 2.60774e-05 1.22503e-06 8.76252e-08 2.18603e-08 6.80781e-09 1.89867e-09 4.84188e-10
 1.68294e-11 1.82667e-09 1.16907e-07 4.41169e-06 9.81657e-05 0.00128798 0.00996521 0.045484 0.122711 0.197638 0.199265 0.150555 0.116495 0.088462 0.0481736 0.0162044 0.0032447 0.000383807 2.67796e-05 1.10188e-06 2.67393e-08 3.82867e-10 3.24284e-12 1.69666e-14 1.90313e-16
 1.69515e-11 1.83993e-09 1.17755e-07 4.44371e-06 9.88781e-05 0.00129733 0.0100375 0.0458133 0.12359 0.198983 0.200285 0.150449 0.115351 0.0871559 0.0473986 0.0159392 0.00319142 0.000377498 2.63388e-05 1.08366e-06 2.62905e-08 3.76081e-10 3.17218e-12 1.57786e-14 4.62863e-17
 1.67895e-11 1.82234e-09 1.16629e-07 4.40122e-06 9.79328e-05 0.00128492 0.00994158 0.0453763 0.122423 0.197198 0.198931 0.15059 0.11687 0.0888891 0.048427 0.0162911 0.00326212 0.000385867 2.69228e-05 1.1077e-06 2.68743e-08 3.84466e-10 3.24393e-12 1.61538e-14 4.75807e-17
 1.69188e-11 1.83638e-09 1.17528e-07 4.43514e-06 9.86874e-05 0.00129482 0.0100181 0.0457251 0.123355 0.198623 0.200012 0.150477 0.115657 0.0875055 0.0476061 0.0160102 0.00320568 0.000379186 2.64566e-05 1.08851e-06 2.6408e-08 3.77759e-10 3.18626e-12 1.58471e-14 4.64721e-17
 1.64269e-11 1.78299e-09 1.14111e-07 4.30619e-06 9.58183e-05 0.00125718 0.00972702 0.0443989 0.119813 0.193205 0.195902 0.150904 0.120267 0.0927661 0.0507273 0.0170783 0.00342026 0.000404585 2.8229e-05 1.16143e-06 2.81772e-08 4.03068e-10 3.39976e-12 1.69094e-14 4.95923e-17
 1.72384e-11 1.87107e-09 1.19748e-07 4.51892e-06 0.000100552 0.00131928 0.0102073 0.0465868 0.125657 0.202143 0.202682 0.1502 0.112662 0.0840874 0.045578 0.0153163 0.00306625 0.000362683 2.5305e-05 1.04113e-06 2.52585e-08 3.61316e-10 3.04756e-12 1.51573e-14 4.44492e-17
 1.78452e-11 1.93693e-09 1.23963e-07 4.67799e-06 0.000104091 0.00136572 0.0105664 0.0482228 0.130026 0.208826 0.207753 0.149674 0.106976 0.0775979 0.0417275 0.0139987 0.00280154 0.00033135 2.31185e-05 9.51169e-07 2.3076e-08 3.30096e-10 2.78423e-12 1.38476e-14 4.06082e-17
 1.61991e-11 1.75826e-09 1.12528e-07 4.24647e-06 9.44893e-05 0.00123975 0.00959217 0.0437847 0.118172 0.190696 0.193998 0.151101 0.122402 0.0952028 0.0521731 0.017573 0.00351965 0.00041635 2.90499e-05 1.19521e-06 2.89966e-08 4.14789e-10 3.49859e-12 1.74005e-14 5.10271e-17
 1.61566e-11 1.75364e-09 1.12233e-07 4.23532e-06 9.42413e-05 0.00123649 0.00956701 0.0436701 0.117866 0.190227 0.193643 0.151138 0.1228 0.0956575 0.0524429 0.0176653 0.0035382 0.000418545 2.92031e-05 1.20151e-06 2.91496e-08 4.16977e-10 3.51704e-12 1.74923e-14 5.12962e-17
 1.68411e-11 1.82794e-09 1.16988e-07 4.41476e-06 9.8234e-05 0.00128888 0.00997214 0.0455156 0.122795 0.197767 0.199363 0.150545 0.116386 0.0883368 0.0480992 0.016179 0.00323959 0.0003832 2.67366e-05 1.10003e-06 2.66875e-08 3.81758e-10 3.21999e-12 1.60148e-14 4.69636e-17
 1.74222e-11 1.89101e-09 1.21024e-07 4.56709e-06 0.000101623 0.00133334 0.010316 0.0470822 0.12698 0.204166 0.204218 0.150041 0.11094 0.0821223 0.044412 0.0149173 0.00298609 0.000353195 2.46429e-05 1.01389e-06 2.45976e-08 3.51862e-10 2.96782e-12 1.47607e-14 4.32858e-17
 1.69036e-11 1.83472e-09 1.17422e-07 4.43114e-06 9.85985e-05 0.00129366 0.0100091 0.045684 0.123245 0.198455 0.199885 0.150491 0.1158 0.0876684 0.0477027 0.0160433 0.00321232 0.000379973 2.65115e-05 1.09077e-06 2.64628e-08 3.78543e-10 3.19287e-12 1.588e-14 4.65681e-17
 1.77868e-11 1.93058e-09 1.23557e-07 4.66266e-06 0.00010375 0.00136124 0.0105318 0.0480652 0.129605 0.208182 0.207264 0.149725 0.107524 0.0782231 0.0420985 0.0141256 0.00282704 0.000334369 2.33292e-05 9.59836e-07 2.32863e-08 3.33104e-10 2.8096e-12 1.39738e-14 4.09782e-17
 1.80252e-11 1.95646e-09 1.25213e-07 4.72516e-06 0.000105141 0.00137949 0.0106729 0.0487079 0.131322 0.210808 0.209256 0.149518 0.10529 0.0756734 0.0405856 0.013608 0.00272304 0.000322059 2.24702e-05 9.24492e-07 2.24288e-08 3.20837e-10 2.70614e-12 1.34592e-14 3.94692e-17
 1.79044e-11 1.94335e-09 1.24374e-07 4.69349e-06 0.000104436 0.00137024 0.0106014 0.0483822 0.130452 0.209477 0.208247 0.149623 0.106422 0.0769655 0.0413522 0.0138703 0.00277574 0.000328297 2.29055e-05 9.42402e-07 2.28633e-08 3.27053e-10 2.75857e-12 1.372e-14 4.02339e-17
 1.80944e-11 1.96397e-09 1.25694e-07 4.74329e-06 0.000105544 0.00138478 0.0107139 0.0488944 0.13182 0.21157 0.209834 0.149458 0.104642 0.0749337 0.0401467 0.0134578 0.00269287 0.000318487 2.22209e-05 9.14238e-07 2.218e-08 3.17279e-10 2.67613e-12 1.33099e-14 3.90314e-17
 1.85189e-11 2.01005e-09 1.28643e-07 4.85458e-06 0.00010802 0.00141727 0.0109651 0.0500391 0.134878 0.216246 0.213381 0.14909 0.100663 0.0703932 0.0374527 0.0125359 0.00250765 0.000296565 2.06912e-05 8.51296e-07 2.0653e-08 2.95435e-10 2.49189e-12 1.23936e-14 3.63442e-17
 1.89844e-11 2.06057e-09 1.31876e-07 4.9766e-06 0.000110735 0.00145289 0.0112406 0.051294 0.13823 0.221372 0.21727 0.148687 0.0963014 0.0654152 0.0344991 0.0115253 0.0023046 0.00027253 1.9014e-05 7.82291e-07 1.89789e-08 2.71488e-10 2.2899e-12 1.1389e-14 3.33982e-17
 1.90421e-11 2.06684e-09 1.32277e-07 4.99174e-06 0.000111072 0.00145731 0.0112748 0.0514497 0.138646 0.222008 0.217753 0.148636 0.0957603 0.0647976 0.0341326 0.0113999 0.00227941 0.000269549 1.88059e-05 7.7373e-07 1.87712e-08 2.68516e-10 2.26483e-12 1.12643e-14 3.30327e-17
 1.90616e-11 2.06895e-09 1.32413e-07 4.99684e-06 0.000111186 0.0014588 0.0112863 0.0515021 0.138786 0.222222 0.217916 0.14862 0.0955779 0.0645895 0.0340091 0.0113576 0.00227092 0.000268543 1.87358e-05 7.70844e-07 1.87012e-08 2.67515e-10 2.25639e-12 1.12223e-14 3.29095e-17
 1.88584e-11 2.0469e-09 1.31001e-07 4.94359e-06 0.000110001 0.00144325 0.0111661 0.0509544 0.137323 0.219985 0.216218 0.148796 0.0974815 0.066762 0.0352982 0.0117987 0.00235954 0.000279033 1.94678e-05 8.00961e-07 1.94318e-08 2.77967e-10 2.34455e-12 1.16608e-14 3.41953e-17
 1.86547e-11 2.02479e-09 1.29586e-07 4.89017e-06 0.000108812 0.00142766 0.0110455 0.0504051 0.135856 0.217741 0.214516 0.148972 0.0993909 0.0689411 0.0365911 0.0122411 0.00244842 0.000289554 2.02019e-05 8.31167e-07 2.01646e-08 2.8845e-10 2.43297e-12 1.21005e-14 3.54849e-17
#obs surv len freq
 3.79297e-11 3.51519e-09 1.92091e-07 6.18943e-06 0.000117594 0.00131743 0.00870481 0.0339578 0.0786487 0.111322 0.109727 0.106153 0.119999 0.126564 0.115695 0.0907542 0.0562368 0.0266674 0.0100764 0.00311657 0.000769334 0.000144297 1.95658e-05 1.837e-06 1.15441e-07
 1.91927e-11 1.71555e-09 9.04189e-08 2.80998e-06 5.14933e-05 0.000556501 0.0035498 0.0134229 0.0307733 0.0474891 0.0670184 0.107657 0.154919 0.173847 0.16164 0.123942 0.0715341 0.030251 0.00994152 0.00269251 0.000595001 0.000101563 1.26543e-05 1.09868e-06 6.40864e-08
 1.43202e-10 1.23244e-08 6.25421e-07 1.87139e-05 0.000330175 0.00343489 0.0210709 0.0762278 0.162754 0.205925 0.157948 0.0834453 0.0507289 0.0562321 0.0675179 0.0594092 0.0350825 0.0142877 0.00432319 0.00103336 0.000196896 2.9068e-05 3.18716e-06 2.47837e-07 1.31098e-08
 1.23765e-10 1.02391e-08 4.99474e-07 1.43665e-05 0.000243661 0.00243694 0.0143779 0.0501437 0.104478 0.137086 0.138656 0.150255 0.160679 0.125362 0.0672006 0.0289295 0.0124451 0.00526783 0.00184278 0.000478345 8.91373e-05 1.19036e-05 1.13722e-06 7.654e-08 3.53628e-09
 1.98329e-10 1.57482e-08 7.37331e-07 2.03555e-05 0.000331354 0.00318059 0.0180059 0.0601808 0.119396 0.144599 0.121504 0.101117 0.105044 0.111016 0.101582 0.0702128 0.032339 0.00941173 0.00177604 0.000246571 3.05141e-05 3.45805e-06 3.06538e-07 1.89173e-08 7.78933e-10
 3.30817e-10 2.5176e-08 1.12973e-06 2.98915e-05 0.000466351 0.00429032 0.0232797 0.0745965 0.142081 0.166261 0.138018 0.114934 0.109282 0.0938841 0.0678645 0.0403675 0.0178456 0.00545626 0.00115139 0.000171686 1.82941e-05 1.40694e-06 8.10541e-08 3.63115e-09 1.23311e-10
 3.89154e-10 2.83456e-08 1.21741e-06 3.08303e-05 0.000460377 0.00405395 0.0210599 0.0646862 0.118836 0.138174 0.125927 0.126485 0.131988 0.114627 0.0817799 0.0466381 0.0190272 0.00515929 0.000934016 0.0001197 1.15415e-05 8.42045e-07 4.44889e-08 1.63092e-09 4.07848e-11
 6.22435e-10 4.33381e-08 1.77923e-06 4.30709e-05 0.000614793 0.00517485 0.0256949 0.0754044 0.132072 0.144966 0.121171 0.111254 0.114876 0.107361 0.0842374 0.0502715 0.0204068 0.00538564 0.000940345 0.000114197 1.00726e-05 6.50217e-07 3.01785e-08 9.86209e-10 2.22163e-11
 8.47086e-10 5.63112e-08 2.20724e-06 5.10144e-05 0.000695239 0.00558754 0.0264971 0.0743607 0.12538 0.136523 0.123222 0.126129 0.129418 0.110552 0.0778944 0.0426163 0.0162242 0.00407523 0.000684578 8.05633e-05 6.87598e-06 4.23938e-07 1.83884e-08 5.47907e-10 1.10321e-11
 1.19973e-09 7.60597e-08 2.84324e-06 6.26702e-05 0.000814535 0.00624328 0.0282395 0.0756363 0.122075 0.128907 0.116795 0.122613 0.129437 0.116341 0.0854444 0.0463232 0.0166532 0.00379667 0.000555107 5.4741e-05 3.88811e-06 2.06425e-07 8.06938e-09 2.22883e-10 4.18956e-12
 1.87975e-09 1.13533e-07 4.04323e-06 8.49034e-05 0.00105129 0.00767689 0.0330846 0.0844666 0.130221 0.132504 0.118011 0.122224 0.125821 0.110004 0.0779118 0.0401415 0.0135338 0.00284973 0.000375134 3.19538e-05 1.86477e-06 7.86882e-08 2.44495e-09 5.49661e-11 8.69403e-13
 3.02087e-09 1.7365e-07 5.88579e-06 0.000117632 0.00138627 0.00963477 0.0395227 0.0960797 0.141289 0.138091 0.119816 0.120769 0.119546 0.100069 0.0675772 0.0330746 0.010597 0.00213077 0.000270266 2.23987e-05 1.27094e-06 5.0855e-08 1.42897e-09 2.76031e-11 3.61016e-13
 3.84096e-09 2.09947e-07 6.76655e-06 0.000128593 0.00144106 0.00952513 0.0371846 0.0863159 0.123182 0.124413 0.123902 0.137712 0.135409 0.108308 0.06912 0.0318054 0.00953842 0.00178329 0.000207962 1.56064e-05 7.92532e-07 2.84809e-08 7.31808e-10 1.3147e-11 1.60359e-13
 4.88545e-09 2.53708e-07 7.76878e-06 0.00014027 0.00149349 0.00938032 0.0348179 0.0770833 0.10644 0.109418 0.118307 0.140309 0.146033 0.124817 0.0821599 0.0370423 0.0105231 0.00182185 0.000191719 1.24883e-05 5.23326e-07 1.49045e-08 3.02889e-10 4.44911e-12 4.62078e-14
 7.88557e-09 3.88767e-07 1.13014e-05 0.000193719 0.00195811 0.0116758 0.041146 0.0865026 0.11352 0.111238 0.115668 0.134372 0.140283 0.12069 0.0780759 0.0338287 0.00915739 0.00151416 0.00015384 9.85787e-06 4.14838e-07 1.19153e-08 2.36704e-10 3.20129e-12 2.88053e-14
 1.21125e-08 5.66523e-07 1.56239e-05 0.000254073 0.00243649 0.0137851 0.0461222 0.092335 0.116928 0.115029 0.12312 0.140086 0.1376 0.110216 0.0666383 0.0271968 0.00700145 0.00111724 0.000112209 7.35081e-06 3.26667e-07 1.00265e-08 2.0981e-10 2.91557e-12 2.63869e-14
 1.86323e-08 8.26257e-07 2.1605e-05 0.000333113 0.00302882 0.0162493 0.0515761 0.0981633 0.119283 0.115603 0.124081 0.139595 0.135075 0.105794 0.0612601 0.0234769 0.0055801 0.000804265 7.0453e-05 3.83092e-06 1.34743e-07 3.24381e-09 5.59866e-11 6.96446e-13 6.04797e-15
 2.93169e-08 1.23201e-06 3.0528e-05 0.00044605 0.00384347 0.0195428 0.0588204 0.106415 0.124163 0.118571 0.126626 0.138542 0.128963 0.0966055 0.053126 0.0192859 0.00435932 0.00060435 5.19999e-05 2.86286e-06 1.04843e-07 2.62319e-09 4.47555e-11 5.09516e-13 3.79686e-15
 3.74672e-08 1.49146e-06 3.50076e-05 0.000484532 0.00395529 0.0190618 0.0545033 0.0947006 0.110905 0.116881 0.13819 0.152491 0.137342 0.098291 0.0512444 0.0175929 0.00377408 0.000501534 4.21019e-05 2.31665e-06 8.67091e-08 2.23875e-09 3.92889e-11 4.56915e-13 3.45531e-15
 6.06672e-08 2.28685e-06 5.08291e-05 0.000666186 0.00514957 0.0234992 0.0636058 0.104476 0.115061 0.113397 0.128536 0.142975 0.133985 0.0980457 0.0502181 0.0165087 0.00336229 0.000424959 3.42123e-05 1.82691e-06 6.7052e-08 1.70655e-09 2.95872e-11 3.40969e-13 2.56581e-15
 8.55774e-08 3.05398e-06 6.42637e-05 0.000797416 0.00583643 0.0252331 0.0648875 0.102556 0.113846 0.121435 0.143023 0.150913 0.129151 0.0862697 0.0408041 0.0124947 0.00238131 0.000282469 2.14037e-05 1.07921e-06 3.75241e-08 9.07613e-10 1.50058e-11 1.65557e-13 1.19726e-15
 1.28668e-07 4.34645e-06 8.65755e-05 0.0010169 0.00704566 0.0288408 0.0702805 0.105658 0.113047 0.118809 0.139256 0.148311 0.129216 0.0858441 0.0390785 0.0112745 0.00199864 0.000217899 1.49502e-05 6.71748e-07 2.06425e-08 4.44069e-10 6.63502e-12 6.71956e-14 4.50885e-16
 1.99298e-07 6.37235e-06 0.000120141 0.00133571 0.00876054 0.0339586 0.0784961 0.112765 0.118021 0.1243 0.142534 0.144506 0.118746 0.0742302 0.0318517 0.00871554 0.00148319 0.000158388 1.09336e-05 5.05502e-07 1.59715e-08 3.42658e-10 4.88835e-12 4.5576e-14 2.7561e-16
 2.84485e-07 8.60966e-06 0.000153643 0.00161689 0.0100394 0.0368669 0.0809892 0.112086 0.117725 0.128831 0.14795 0.145453 0.114619 0.0679821 0.0274285 0.00702002 0.00111368 0.000110565 7.0886e-06 3.0573e-07 9.12743e-09 1.88508e-10 2.63423e-12 2.43009e-14 1.45308e-16
 3.85074e-07 1.10313e-05 0.000186342 0.00185635 0.0109134 0.0379844 0.0794585 0.106759 0.114667 0.132352 0.153816 0.149436 0.115179 0.0655596 0.0249322 0.00593981 0.000866825 7.78868e-05 4.41872e-06 1.6479e-07 4.21114e-09 7.5245e-11 9.31088e-13 7.78682e-15 4.30251e-17
 4.65422e-07 1.26219e-05 0.000201843 0.00190374 0.010601 0.0350218 0.0701986 0.0937838 0.108718 0.13782 0.164482 0.159537 0.121103 0.0664605 0.023974 0.00537882 0.000738115 6.24348e-05 3.33879e-06 1.17082e-07 2.78297e-09 4.53543e-11 5.00663e-13 3.67076e-15 1.76268e-17
 6.28727e-07 1.61431e-05 0.000244415 0.00218272 0.0115116 0.0360623 0.0689146 0.0895419 0.104955 0.13601 0.165116 0.16402 0.125484 0.0671963 0.0231362 0.00491511 0.000639321 5.16224e-05 2.66444e-06 9.11187e-08 2.11734e-09 3.345e-11 3.52764e-13 2.43416e-15 1.08502e-17
 8.59772e-07 2.09031e-05 0.000299686 0.00253453 0.0126651 0.0376765 0.0690323 0.0888785 0.108351 0.143433 0.170553 0.163349 0.119163 0.06022 0.0194499 0.0038653 0.000469599 3.53704e-05 1.70118e-06 5.42309e-08 1.17857e-09 1.75219e-11 1.75127e-13 1.15149e-15 4.90157e-18
#pred catch len freq
 9.20466e-13 9.99079e-11 6.39414e-09 2.41304e-07 5.37031e-06 7.05276e-05 0.000548313 0.00256403 0.00776021 0.0193064 0.0515356 0.123272 0.20103 0.208471 0.148317 0.0883713 0.0525316 0.0316325 0.0196405 0.0130808 0.00955463 0.00774489 0.00658901 0.00504097 0.00293344
 6.62094e-13 7.1864e-11 4.59934e-09 1.73574e-07 3.86327e-06 5.07576e-05 0.000395466 0.00186908 0.00592216 0.0166442 0.0502606 0.126065 0.208193 0.217531 0.156889 0.0947853 0.0549694 0.0299393 0.0155505 0.00823829 0.00471983 0.00309002 0.00228429 0.00164741 0.000951279
 1.30144e-12 1.41258e-10 9.04056e-09 3.41171e-07 7.59241e-06 9.96781e-05 0.000773672 0.00358843 0.0104662 0.0231998 0.053295 0.119147 0.192442 0.204028 0.155236 0.102698 0.0642871 0.0361211 0.018235 0.0085425 0.00387539 0.00187539 0.00106288 0.000659866 0.000359814
 1.26229e-12 1.3701e-10 8.76868e-09 3.30912e-07 7.36432e-06 9.66972e-05 0.000751071 0.00349605 0.0103649 0.0242287 0.0599027 0.138327 0.222313 0.225216 0.150277 0.0788429 0.0412485 0.0227583 0.0121667 0.00586501 0.00249493 0.000978432 0.000396157 0.000182701 8.53485e-05
 7.20236e-12 7.81747e-10 5.00317e-08 1.88805e-06 4.20121e-05 0.000551261 0.00426685 0.0195146 0.0531904 0.0900478 0.111423 0.138467 0.175255 0.16941 0.115148 0.0630287 0.0323042 0.0153798 0.0068637 0.00305692 0.00130812 0.000497802 0.000168123 5.54225e-05 1.91543e-05
 1.07033e-11 1.16174e-09 7.43512e-08 2.80579e-06 6.24328e-05 0.000819183 0.00633947 0.0289674 0.0785946 0.130165 0.148078 0.155864 0.173899 0.153976 0.087048 0.0295097 0.00592038 0.000701989 4.96773e-05 2.33204e-06 1.66255e-07 4.14093e-08 1.28946e-08 3.59624e-09 9.17089e-10
 1.16844e-11 1.26823e-09 8.11663e-08 3.06297e-06 6.81554e-05 0.00089426 0.00692013 0.0316125 0.0856598 0.140971 0.156276 0.155016 0.164709 0.143487 0.0808217 0.0273761 0.0054892 0.000649478 4.53188e-05 1.86472e-06 4.52511e-08 6.47925e-10 5.48772e-12 2.87037e-14 3.20643e-16
 1.11702e-11 1.21242e-09 7.75949e-08 2.92819e-06 6.51565e-05 0.000854916 0.00661584 0.0302264 0.0819573 0.135308 0.15198 0.155462 0.169527 0.148985 0.0840842 0.0284924 0.00571348 0.000676021 4.71701e-05 1.94075e-06 4.70842e-08 6.73532e-10 5.68114e-12 2.82582e-14 8.2895e-17
 1.24543e-11 1.35179e-09 8.65144e-08 3.26479e-06 7.2646e-05 0.000953175 0.00737578 0.0336882 0.0912039 0.14945 0.162709 0.154348 0.157495 0.135253 0.0759364 0.0257044 0.00515333 0.00060972 4.25436e-05 1.75041e-06 4.24674e-08 6.07542e-10 5.12613e-12 2.55263e-14 7.51856e-17
 1.20447e-11 1.30734e-09 8.36695e-08 3.15743e-06 7.02572e-05 0.000921835 0.00713339 0.032584 0.0882547 0.14494 0.159287 0.154703 0.161332 0.139633 0.0785351 0.0265937 0.00533199 0.000630867 4.40191e-05 1.81111e-06 4.39388e-08 6.28534e-10 5.30145e-12 2.63672e-14 7.73225e-17
 1.20348e-11 1.30626e-09 8.36006e-08 3.15483e-06 7.01993e-05 0.000921076 0.00712752 0.0325573 0.0881833 0.14483 0.159204 0.154712 0.161425 0.139739 0.0785981 0.0266152 0.00533632 0.000631379 4.40549e-05 1.81258e-06 4.39746e-08 6.29046e-10 5.30581e-12 2.63896e-14 7.73959e-17
 1.3554e-11 1.47116e-09 9.41541e-08 3.55309e-06 7.90609e-05 0.00103734 0.00802669 0.0366533 0.099124 0.161563 0.171898 0.153395 0.147189 0.123491 0.0689576 0.0233164 0.00467355 0.000552931 3.85807e-05 1.58735e-06 3.85102e-08 5.50878e-10 4.64645e-12 2.31095e-14 6.77693e-17
 1.42106e-11 1.54243e-09 9.8715e-08 3.7252e-06 8.28906e-05 0.00108758 0.00841528 0.0384235 0.103852 0.168795 0.177384 0.152825 0.141036 0.116469 0.0647913 0.0218907 0.00438713 0.000519029 3.62149e-05 1.49001e-06 3.61487e-08 5.17098e-10 4.36153e-12 2.16924e-14 6.3613e-17
 1.21751e-11 1.32149e-09 8.45753e-08 3.19161e-06 7.10178e-05 0.000931814 0.00721057 0.0329356 0.0891938 0.146376 0.160376 0.15459 0.16011 0.138238 0.0777077 0.0263105 0.00527511 0.000624134 4.35493e-05 1.79178e-06 4.34698e-08 6.21824e-10 5.24486e-12 2.60857e-14 7.64965e-17
 1.24822e-11 1.35482e-09 8.67084e-08 3.27211e-06 7.28089e-05 0.000955312 0.00739231 0.0337635 0.0914051 0.149758 0.162942 0.154324 0.157233 0.134954 0.0757591 0.0256437 0.00514115 0.000608277 4.24428e-05 1.74625e-06 4.23654e-08 6.06025e-10 5.1116e-12 2.54229e-14 7.45529e-17
 1.36734e-11 1.48412e-09 9.49835e-08 3.58438e-06 7.97573e-05 0.00104647 0.00809735 0.0369752 0.0999837 0.162878 0.172895 0.153291 0.14607 0.122214 0.0682 0.0230571 0.00462147 0.000546766 3.81505e-05 1.56965e-06 3.80808e-08 5.44736e-10 4.59464e-12 2.28518e-14 6.7013e-17
 1.37408e-11 1.49143e-09 9.54515e-08 3.60204e-06 8.01503e-05 0.00105163 0.00813722 0.0371568 0.100469 0.16362 0.173458 0.153233 0.145438 0.121494 0.0677725 0.0229109 0.00459208 0.000543288 3.79078e-05 1.55966e-06 3.78385e-08 5.4127e-10 4.56541e-12 2.27064e-14 6.65866e-17
 1.44681e-11 1.57037e-09 1.00504e-07 3.7927e-06 8.43924e-05 0.00110728 0.00856767 0.0391177 0.105706 0.17163 0.179535 0.152602 0.138623 0.113716 0.0631574 0.0213317 0.00427481 0.000505733 3.52872e-05 1.45184e-06 3.52226e-08 5.03851e-10 4.24979e-12 2.11366e-14 6.19834e-17
 1.54787e-11 1.68006e-09 1.07524e-07 4.05762e-06 9.02872e-05 0.00118462 0.0091658 0.0418424 0.112984 0.182761 0.187979 0.151726 0.129153 0.102907 0.0567445 0.0191373 0.00383393 0.000453549 3.16457e-05 1.30201e-06 3.15878e-08 4.51854e-10 3.81122e-12 1.89554e-14 5.55868e-17
 1.50648e-11 1.63514e-09 1.04649e-07 3.94913e-06 8.78732e-05 0.00115295 0.00892086 0.0407266 0.110004 0.178203 0.184521 0.152085 0.133031 0.107334 0.0593707 0.0200359 0.00401448 0.000474919 3.31369e-05 1.36337e-06 3.30763e-08 4.73148e-10 3.99082e-12 1.98486e-14 5.82063e-17
 1.56496e-11 1.69862e-09 1.08711e-07 4.10242e-06 9.12842e-05 0.0011977 0.00926696 0.0423032 0.114215 0.184644 0.189407 0.151578 0.127551 0.101079 0.0556599 0.0187661 0.00375937 0.000444724 3.10299e-05 1.27667e-06 3.0973e-08 4.43061e-10 3.73705e-12 1.85865e-14 5.4505e-17
 1.62911e-11 1.76824e-09 1.13167e-07 4.27058e-06 9.50258e-05 0.00124679 0.00964661 0.0440326 0.118834 0.191709 0.194767 0.151022 0.12154 0.0942192 0.0515895 0.0173733 0.00347953 0.000411601 2.87185e-05 1.18158e-06 2.86658e-08 4.10057e-10 3.45868e-12 1.7202e-14 5.0445e-17
 1.6849e-11 1.82879e-09 1.17042e-07 4.41682e-06 9.82798e-05 0.00128948 0.00997678 0.0455367 0.122852 0.197853 0.199428 0.150538 0.116312 0.0882529 0.0480495 0.016162 0.00323616 0.000382795 2.67084e-05 1.09887e-06 2.66593e-08 3.81355e-10 3.21658e-12 1.59979e-14 4.6914e-17
 1.74275e-11 1.89159e-09 1.21062e-07 4.56849e-06 0.000101655 0.00133375 0.0103192 0.0470966 0.127018 0.204225 0.204262 0.150036 0.11089 0.0820651 0.0443781 0.0149057 0.00298376 0.000352919 2.46236e-05 1.01309e-06 2.45784e-08 3.51587e-10 2.9655e-12 1.47491e-14 4.3252e-17
 1.7604e-11 1.91075e-09 1.22288e-07 4.61475e-06 0.000102684 0.00134726 0.0104237 0.0475725 0.128289 0.206169 0.205737 0.149883 0.109236 0.0801776 0.0432581 0.0145224 0.00290677 0.000343806 2.39877e-05 9.86929e-07 2.39436e-08 3.42506e-10 2.88891e-12 1.43682e-14 4.21349e-17
 1.75835e-11 1.90851e-09 1.22145e-07 4.60936e-06 0.000102564 0.00134568 0.0104115 0.047517 0.128141 0.205943 0.205565 0.149901 0.109429 0.0803976 0.0433887 0.0145671 0.00291574 0.000344868 2.40618e-05 9.89979e-07 2.40176e-08 3.43565e-10 2.89784e-12 1.44126e-14 4.22651e-17
 1.75819e-11 1.90835e-09 1.22134e-07 4.60896e-06 0.000102555 0.00134557 0.0104106 0.0475128 0.12813 0.205926 0.205552 0.149902 0.109444 0.0804141 0.0433985 0.0145705 0.00291642 0.000344948 2.40674e-05 9.90209e-07 2.40231e-08 3.43644e-10 2.89851e-12 1.44159e-14 4.22749e-17
 1.8018e-11 1.95568e-09 1.25163e-07 4.72327e-06 0.000105099 0.00137894 0.0106687 0.0486885 0.13127 0.210729 0.209196 0.149524 0.105357 0.0757504 0.0406313 0.0136236 0.00272618 0.00032243 2.24961e-05 9.25558e-07 2.24546e-08 3.21208e-10 2.70927e-12 1.34747e-14 3.95147e-17
#obs catch len freq
 3.2162e-11 2.98066e-09 1.62881e-07 5.24825e-06 9.97126e-05 0.00111711 0.00738182 0.0288084 0.0668657 0.0956784 0.0985923 0.104501 0.125722 0.135419 0.125242 0.0995271 0.0628885 0.0308019 0.0121735 0.00394405 0.00100918 0.000193368 2.64879e-05 2.50002e-06 1.57967e-07
 4.63818e-11 4.14586e-09 2.18509e-07 6.79066e-06 0.000124436 0.0013446 0.00856986 0.0322634 0.0722967 0.100257 0.101512 0.107472 0.127842 0.135013 0.122231 0.0941937 0.056978 0.0263811 0.00973989 0.00293127 0.000698782 0.000125542 1.6184e-05 1.43556e-06 8.47997e-08
 2.32074e-11 1.99731e-09 1.01356e-07 3.03283e-06 5.35122e-05 0.000556872 0.00342166 0.0124865 0.0278892 0.0435512 0.0663286 0.112288 0.16106 0.178096 0.163167 0.122294 0.0685646 0.0282047 0.00904612 0.00238598 0.000509547 8.33149e-05 9.86592e-06 8.08811e-07 4.43151e-08
 1.73638e-18 7.63284e-16 1.97841e-13 3.02369e-11 2.72497e-09 1.44819e-07 4.53983e-06 8.40165e-05 0.000920302 0.00601549 0.0240415 0.0626598 0.120356 0.188463 0.229833 0.1957 0.111441 0.0439312 0.0129147 0.0029967 0.000551355 7.80279e-05 8.13812e-06 5.97758e-07 2.96986e-08
 1.30849e-10 1.039e-08 4.86462e-07 1.34298e-05 0.000218622 0.00209882 0.0118913 0.039912 0.0809308 0.108641 0.127868 0.166768 0.187907 0.144159 0.0754057 0.0321455 0.0137861 0.00573074 0.00194069 0.000484286 8.64509e-05 1.10223e-05 1.00067e-06 6.36451e-08 2.76375e-09
 2.85116e-10 2.16981e-08 9.73661e-07 2.57621e-05 0.000401927 0.00369762 0.0200636 0.0642879 0.122421 0.143141 0.118834 0.101447 0.107011 0.11212 0.100307 0.0668588 0.0294678 0.00819951 0.0014877 0.000201013 2.43365e-05 2.65999e-06 2.24062e-07 1.30422e-08 5.04331e-10
 4.81838e-10 3.50966e-08 1.50736e-06 3.8173e-05 0.000570018 0.00501921 0.0260686 0.0799776 0.146047 0.16494 0.13535 0.114838 0.109321 0.0923691 0.0655277 0.0379214 0.0161525 0.00474336 0.000961677 0.000137698 1.40629e-05 1.0355e-06 5.70631e-08 2.43326e-09 7.79851e-11
 5.72211e-10 3.98412e-08 1.63567e-06 3.95956e-05 0.000565192 0.00475753 0.0236277 0.0694138 0.122262 0.137781 0.125506 0.12796 0.131994 0.112244 0.0783575 0.0432907 0.0169399 0.0043932 0.000762561 9.40473e-05 8.72437e-06 6.09068e-07 3.05958e-08 1.06148e-09 2.50383e-11
 9.4201e-10 6.26214e-08 2.45458e-06 5.67309e-05 0.000773139 0.00621333 0.0294576 0.0825663 0.138335 0.146263 0.120389 0.110861 0.113208 0.103856 0.0794202 0.045616 0.0176882 0.004455 0.000744217 8.66891e-05 7.33001e-06 4.51972e-07 1.995e-08 6.17393e-10 1.31157e-11
 1.31658e-09 8.34676e-08 3.12016e-06 6.87741e-05 0.000893865 0.00685125 0.0309876 0.0829704 0.133694 0.140103 0.123826 0.124791 0.12484 0.104136 0.071523 0.0377104 0.0137196 0.0032883 0.000528321 5.95884e-05 4.86749e-06 2.8601e-07 1.17706e-08 3.3153e-10 6.28918e-12
 1.90798e-09 1.15237e-07 4.10394e-06 8.61783e-05 0.00106708 0.00779209 0.0335798 0.0857139 0.132013 0.133745 0.117726 0.120605 0.123962 0.108785 0.0774898 0.0402382 0.0137565 0.0029791 0.00041478 3.91102e-05 2.66224e-06 1.35131e-07 5.02223e-09 1.31163e-10 2.32116e-12
 3.00344e-09 1.72648e-07 5.85185e-06 0.000116954 0.00137828 0.00957916 0.0392939 0.0955137 0.140389 0.136936 0.118316 0.119336 0.119507 0.101903 0.0698466 0.0343872 0.0109999 0.00219386 0.000273949 2.22081e-05 1.23748e-06 4.98809e-08 1.47575e-09 3.14422e-11 4.69211e-13
 4.87749e-09 2.66604e-07 8.59258e-06 0.000163294 0.00182988 0.0120934 0.0471742 0.109076 0.152706 0.142596 0.119104 0.116003 0.111352 0.0907705 0.0592369 0.0276725 0.00840564 0.00160026 0.000192507 1.51753e-05 8.20474e-07 3.12415e-08 8.32447e-10 1.51958e-11 1.87307e-13
 6.37551e-09 3.31089e-07 1.01382e-05 0.000183051 0.00194893 0.0122391 0.0453964 0.100135 0.135857 0.130606 0.12401 0.131888 0.125223 0.0973407 0.0599382 0.026287 0.00746266 0.00131862 0.000145536 1.03679e-05 5.01242e-07 1.71507e-08 4.18249e-10 7.10076e-12 8.15486e-14
 8.27598e-09 4.08015e-07 1.1861e-05 0.00020331 0.00205505 0.0122538 0.0431812 0.0907652 0.119005 0.116134 0.119328 0.135529 0.136603 0.113235 0.071469 0.0305582 0.00819079 0.00133625 0.000132599 8.16204e-06 3.24251e-07 8.77976e-09 1.69652e-10 2.36194e-12 2.31481e-14
 1.33747e-08 6.25558e-07 1.7252e-05 0.000280547 0.00269029 0.0152187 0.0508807 0.101481 0.126316 0.117272 0.115657 0.128759 0.130282 0.108432 0.06702 0.0274776 0.00701102 0.00109216 0.000104685 6.3443e-06 2.53129e-07 6.89704e-09 1.29683e-10 1.65437e-12 1.40027e-14
 2.08918e-08 9.26456e-07 2.4225e-05 0.000373507 0.00339601 0.0182169 0.0577834 0.109622 0.131257 0.121235 0.121516 0.131557 0.124872 0.0966617 0.0558256 0.0215587 0.00523294 0.000787474 7.47475e-05 4.64044e-06 1.95648e-07 5.68679e-09 1.12289e-10 1.4677e-12 1.24669e-14
 3.21844e-08 1.35251e-06 3.35139e-05 0.000489675 0.00421923 0.0214502 0.0645112 0.11627 0.1334 0.121039 0.121442 0.130074 0.121606 0.0918162 0.050633 0.0183157 0.00409427 0.000554638 4.57126e-05 2.3443e-06 7.80366e-08 1.78325e-09 2.92093e-11 3.43526e-13 2.80684e-15
 5.0642e-08 2.01591e-06 4.73172e-05 0.00065489 0.00534527 0.0257445 0.0733847 0.125628 0.138141 0.122986 0.122344 0.127313 0.114405 0.0824908 0.0431494 0.0147774 0.00314185 0.000409742 3.32255e-05 1.72837e-06 5.99124e-08 1.41786e-09 2.28143e-11 2.4418e-13 1.70707e-15
 6.60854e-08 2.49109e-06 5.53687e-05 0.000725683 0.00560945 0.0255974 0.0692786 0.113739 0.124933 0.121713 0.133751 0.14047 0.122049 0.0839493 0.0415818 0.0134608 0.00271646 0.000339838 2.69212e-05 1.40156e-06 4.96729e-08 1.21189e-09 2.00265e-11 2.18628e-13 1.54864e-15
 1.07649e-07 3.84164e-06 8.08377e-05 0.00100304 0.00734017 0.0317076 0.081204 0.125905 0.129609 0.117089 0.122532 0.129737 0.117133 0.0819763 0.0397312 0.0122924 0.00235367 0.000280066 2.12862e-05 1.07584e-06 3.73841e-08 8.98559e-10 1.46596e-11 1.58493e-13 1.1164e-15
 1.54136e-07 5.20678e-06 0.000103712 0.00121815 0.0084393 0.03453 0.0839601 0.124944 0.128539 0.124148 0.134502 0.134844 0.111046 0.0709574 0.0317697 0.00915591 0.00164025 0.000183137 1.30979e-05 6.24915e-07 2.05652e-08 4.69593e-10 7.30344e-12 7.55682e-14 5.1131e-16
 2.32333e-07 7.4286e-06 0.000140054 0.00155706 0.0102107 0.0395509 0.0911024 0.128799 0.127214 0.120441 0.129853 0.131636 0.110174 0.0697354 0.0299597 0.00812055 0.00135123 0.000138447 8.9498e-06 3.7999e-07 1.10493e-08 2.2458e-10 3.15949e-12 3.00238e-14 1.88511e-16
 3.61002e-07 1.09254e-05 0.000194965 0.00205165 0.0127355 0.046709 0.102 0.137457 0.131748 0.12368 0.129906 0.12515 0.0986627 0.0587174 0.0237766 0.00611581 0.000978157 9.8348e-05 6.40755e-06 2.79948e-07 8.34794e-09 1.68524e-10 2.25555e-12 1.96887e-14 1.11305e-16
 5.25299e-07 1.50483e-05 0.000254194 0.00253207 0.01488 0.0516913 0.107164 0.138465 0.13133 0.126273 0.132415 0.123585 0.0932534 0.0525589 0.0199891 0.00480591 0.000716167 6.69119e-05 4.04809e-06 1.65054e-07 4.65488e-09 9.05387e-11 1.18733e-12 1.02497e-14 5.7225e-17
 7.24441e-07 1.96462e-05 0.000314161 0.00296263 0.016485 0.0542654 0.106981 0.133418 0.127631 0.128595 0.136939 0.12643 0.0931198 0.0502412 0.0179801 0.00401885 0.000550108 4.64265e-05 2.47993e-06 8.72993e-08 2.10767e-09 3.5517e-11 4.13084e-13 3.23638e-15 1.67073e-17
 9.05057e-07 2.32379e-05 0.000351824 0.00314149 0.0165571 0.0517062 0.0974063 0.119522 0.121157 0.134114 0.14785 0.136514 0.0988143 0.0512852 0.0173889 0.00365878 0.000470888 3.7409e-05 1.88291e-06 6.22636e-08 1.39577e-09 2.14093e-11 2.21788e-13 1.52213e-15 6.82861e-18
 1.25688e-06 3.05574e-05 0.000438077 0.0037041 0.0184896 0.054729 0.0980538 0.115945 0.116904 0.131496 0.147693 0.139553 0.101444 0.0512271 0.0165583 0.0032982 0.000402478 3.05405e-05 1.48445e-06 4.78666e-08 1.04795e-09 1.55579e-11 1.53741e-13 9.91788e-16 4.12601e-18
#spawning biomass
 25053.9 22703.8 19036.3 22048.7 31876.8 43192 63785.7 81039.7 110037 125685 150496 169405 203229 230886 219619 206595 204569 231745 201849 199820 238104 238404 222795 225772 240263 246002 250930 217724 167368 393118 434168 412478 360172 300163 244988 199627 164772 139161 120919 108214 99510.8 93622.3 89663.4 86966.6 85216.2 84080 83342.5 82863.8 82553 82351.3 82220.4 82135.4 82080.3 82044.5 82021.2 82006.1 81996.4 81990 81985.9 81983.2 81981.5 81980.3 81979.6 81979.1 81978.8 81978.6 81978.5 81978.4 81978.3 81978.3 81978.3 81978.3 81978.3 81978.3 81978.2 81978.2 81978.2 81978.2 81978.2 81978.2 81978.2 81978.2 81978.2 81978.2 81978.2 81978.2 81978.2 81978.2 81978.2 81978.2 81978.2 81978.2 81978.2 81978.2 81978.2 81978.2 81978.2 81978.2 81978.2 81978.2 81978.2 81978.2 81978.2 81978.2 81978.2 81978.2 81978.2 81978.2 81978.2 81978.2 81978.2 81978.2 81978.2 81978.2 81978.2 81978.2 81978.2 81978.2 81978.2 81978.2 81978.2 81978.2 81978.2 81978.2 81978.2 81978.2 81978.2 81978.2 0 0 0 0 0 0 0 0 0 0 0 0 0 0 0 0 0 0 0 0 0 0 0 0 0
