SBPRF35
0.256306
Curr Bio
111911
B35
192786
F35
0.456195
FOFL
0.248093
OFL
26173.8
Bzero
73230.3
#pred survey bio
 5117.61 5858.41 8981.9 11248.4 14680.2 21180.9 23116.1 27881.9 44014.7 64501.3 82784.4 107350 149956 168517 158939 139842 137348 145320 138044 120685 144819 164285 173584 177574 206085 190391 177661 184104 6.34949e+06 3.9028e+06 2.85176e+06 1.97223e+06 1.41464e+06 1.10068e+06 933261 845587 799382 774461 760560 752506 747667 744664 742751 741506 740692 740153 739794 739553 739392 739283 739209 739160 739126 739104 739088 739078 739071 739066 739063 739061 739059 739058 739058 739057 739057 739057 739056 739056 739056 739056 739056 739056 739056 739056 739056 739056 739056 739056 739056 739056 739056 739056 739056 739056 739056 739056 739056 739056 739056 739056 739056 739056 739056 739056 739056 739056 739056 739056 739056 739056 739056 739056 739056 739056 739056 739056 739056 739056 739056 739056 739056 739056 739056 739056 739056 739056 739056 739056 739056 739056 739056 739056 739056 739056 739056 739056 739056 739056 0 0 0 0 0 0 0 0 0 0 0 0 0 0 0 0 0 0 0 0 0 0 0 0 0
#obs survey bio
 4660.09 8820.97 9750.86 11790 15793.5 23867.6 24291.1 20889.1 53922.5 91520.9 70787.2 120933 151297 205995 108903 128703 165204 103238 109373 94585 129800 151293 200960 139228 237635 206530 150145 185574
#pred catch bio
 2772.43 2813.75 4945.63 6624.43 7721.44 12948.2 13933 15483.2 23893.5 35927.8 48255.3 58266.3 86068.5 98411.5 97940.1 86364.2 78548.2 86084 89120.7 67496.1 81510.4 94839.1 102570 94692 123970 109980 93864 101624 26173.8 55145.9 38235 25001.2 17021.8 12793.2 10712.6 9734.9 9288.83 9089.29 9001.19 8962.65 8945.89 8938.63 8935.5 8934.15 8933.57 8933.32 8933.21 8933.17 8933.15 8933.14 8933.14 8933.13 8933.13 8933.13 8933.13 8933.13 8933.13 8933.13 8933.13 8933.13 8933.13 8933.13 8933.13 8933.13 8933.13 8933.13 8933.13 8933.13 8933.13 8933.13 8933.13 8933.13 8933.13 8933.13 8933.13 8933.13 8933.13 8933.13 8933.13 8933.13 8933.13 8933.13 8933.13 8933.13 8933.13 8933.13 8933.13 8933.13 8933.13 8933.13 8933.13 8933.13 8933.13 8933.13 8933.13 8933.13 8933.13 8933.13 8933.13 8933.13 8933.13 8933.13 8933.13 8933.13 8933.13 8933.13 8933.13 8933.13 8933.13 8933.13 8933.13 8933.13 8933.13 8933.13 8933.13 8933.13 8933.13 8933.13 8933.13 8933.13 8933.13 8933.13 8933.13 8933.13 8933.13 8933.13 8933.13 8933.13 0 0 0 0 0 0 0 0 0 0 0 0 0 0 0 0 0 0 0 0 0 0 0 0 0
#obs catch bio
 2747.26 2582.66 4459.25 6261.86 7459.48 12964.3 13761.4 16238.8 23108.5 32198.2 46391.5 55826 85805.8 91506.4 99104.8 92817.2 81662.6 87713.4 93443.4 70329.5 84047.8 96984.7 102387 96280.6 128808 110982 93761.3 102763
#pred cpue bio
 4244.24 4167.51 6455.09 8198.07 10214.7 15150.2 16735.5 19668.5 29955.4 45551.3 59838.8 75354.7 106819 125127 122961 105907 100676 109493 105139 89191 105556 122031 129783 132285 154859 145137 137630 142844 4.90498e+06 3.84522e+06 2.77416e+06 1.89325e+06 1.33557e+06 1.02161e+06 854192 766517 720312 695391 681490 673437 668597 665595 663681 662437 661622 661083 660724 660483 660322 660213 660139 660090 660056 660034 660018 660008 660001 659996 659993 659991 659989 659988 659988 659987 659987 659987 659987 659987 659986 659986 659986 659986 659986 659986 659986 659986 659986 659986 659986 659986 659986 659986 659986 659986 659986 659986 659986 659986 659986 659986 659986 659986 659986 659986 659986 659986 659986 659986 659986 659986 659986 659986 659986 659986 659986 659986 659986 659986 659986 659986 659986 659986 659986 659986 659986 659986 659986 659986 659986 659986 659986 659986 659986 659986 659986 659986 659986 659986 0 0 0 0 0 0 0 0 0 0 0 0 0 0 0 0 0 0 0 0 0 0 0 0 0
#obs cpue bio
 2086.77 5610.7 8053.56 9311.57 9292.44 14011.1 16574 17797.5 36321.2 57634.4 68563.8 78887.3 101829 159866 140479 81834.6 71880.3 149930 113337 85579.2 110768 125058 124392 133082 129218 132701 153439 144432
#pred surv len freq
 3.7092e-11 1.74463e-09 5.68215e-08 1.28147e-06 2.00119e-05 0.000216401 0.00162039 0.0084022 0.0301749 0.0751054 0.129897 0.15771 0.139634 0.101576 0.0756543 0.0629669 0.0514743 0.0394013 0.0300379 0.0237469 0.0196688 0.0171867 0.0151709 0.0122242 0.00811117
 4.56797e-11 2.14855e-09 6.9977e-08 1.57816e-06 2.46452e-05 0.000266502 0.00199554 0.0103472 0.0371564 0.0924477 0.159653 0.192712 0.16696 0.113456 0.0736936 0.0528538 0.037385 0.0233338 0.013553 0.0082146 0.0054552 0.00394325 0.00299293 0.00218389 0.00137091
 4.40369e-11 2.07129e-09 6.74605e-08 1.5214e-06 2.37589e-05 0.000256918 0.00192378 0.00997528 0.0358232 0.0891527 0.154114 0.186742 0.164102 0.116507 0.0822073 0.0629487 0.0446881 0.0262188 0.0131225 0.00618824 0.00295143 0.00148371 0.000819553 0.000481868 0.000267204
 4.30493e-11 2.02483e-09 6.59475e-08 1.48728e-06 2.3226e-05 0.000251157 0.00188064 0.00975164 0.0350209 0.0871647 0.150736 0.182923 0.161638 0.116678 0.0848343 0.0666698 0.0480702 0.0285908 0.0144541 0.00667038 0.00286332 0.00112857 0.000422419 0.000162003 6.4987e-05
 4.58063e-11 2.15451e-09 7.01709e-08 1.58253e-06 2.47135e-05 0.000267241 0.00200107 0.0103759 0.0372604 0.0927141 0.160165 0.193577 0.168506 0.116211 0.0776587 0.0568526 0.0398093 0.023498 0.0118847 0.00550652 0.00236333 0.000905409 0.000303557 9.00874e-05 2.44555e-05
 4.413e-11 2.07566e-09 6.7603e-08 1.52462e-06 2.38091e-05 0.000257461 0.00192785 0.00999636 0.0358989 0.0893418 0.154445 0.187159 0.164524 0.116922 0.0826388 0.0633376 0.0449115 0.0262068 0.0128867 0.00577429 0.00242051 0.000916375 0.000303007 8.60221e-05 2.06982e-05
 4.33505e-11 2.039e-09 6.64089e-08 1.49768e-06 2.33885e-05 0.000252914 0.0018938 0.00981986 0.0352658 0.0877735 0.151783 0.18417 0.162656 0.117219 0.0849118 0.0663358 0.0473242 0.0275488 0.0134186 0.00590968 0.00241852 0.000889944 0.000285763 7.89411e-05 1.84197e-05
 4.49774e-11 2.11552e-09 6.89012e-08 1.55389e-06 2.42663e-05 0.000262405 0.00196487 0.0101882 0.0365872 0.0910467 0.157337 0.190405 0.166541 0.116574 0.0801453 0.060103 0.0423943 0.0248945 0.0123949 0.00559854 0.00232458 0.000853994 0.000270186 7.29139e-05 1.65488e-05
 4.69339e-11 2.20755e-09 7.18983e-08 1.62149e-06 2.53218e-05 0.000273819 0.00205033 0.0106313 0.0381765 0.0949852 0.164031 0.197976 0.171449 0.116315 0.0751542 0.0532039 0.0364992 0.0211489 0.0104184 0.00467531 0.00194865 0.00072578 0.000233406 6.36277e-05 1.44239e-05
 4.47964e-11 2.10701e-09 6.86239e-08 1.54764e-06 2.41686e-05 0.000261349 0.00195696 0.0101473 0.0364405 0.0906853 0.156737 0.189798 0.166389 0.117262 0.0815625 0.061526 0.0430224 0.0245757 0.0116415 0.00496042 0.00198092 0.000720254 0.000229606 6.27138e-05 1.4334e-05
 4.34842e-11 2.04529e-09 6.66137e-08 1.5023e-06 2.34606e-05 0.000253694 0.00189964 0.00985013 0.0353743 0.0880415 0.152233 0.184651 0.162877 0.11695 0.0842158 0.0655932 0.0469412 0.0276017 0.0136622 0.00609449 0.00248311 0.000890203 0.000274187 7.22507e-05 1.61051e-05
 4.52875e-11 2.13011e-09 6.93763e-08 1.56461e-06 2.44336e-05 0.000264215 0.00197841 0.0102585 0.0368391 0.0916704 0.158394 0.191585 0.167254 0.116389 0.0791444 0.0588275 0.0414184 0.0244204 0.0122777 0.00562574 0.00237234 0.000882779 0.000280723 7.51314e-05 1.6656e-05
 4.43853e-11 2.08767e-09 6.79942e-08 1.53344e-06 2.39468e-05 0.000258951 0.001939 0.0100542 0.0361064 0.0898555 0.155316 0.188138 0.165134 0.116821 0.0818915 0.0623635 0.0441467 0.0258013 0.0127329 0.00572395 0.00239787 0.000901522 0.000293566 8.10213e-05 1.85144e-05
 4.17344e-11 1.96299e-09 6.39332e-08 1.44185e-06 2.25166e-05 0.000243485 0.00182321 0.00945391 0.033953 0.0845195 0.14625 0.177895 0.158534 0.117281 0.0888109 0.0718363 0.052138 0.0307552 0.015251 0.00685977 0.0028548 0.00106043 0.000341565 9.40454e-05 2.16919e-05
 3.88965e-11 1.8295e-09 5.95857e-08 1.34381e-06 2.09855e-05 0.000226929 0.00169924 0.00881126 0.0316473 0.0788025 0.136512 0.166779 0.150981 0.116697 0.0946607 0.0806667 0.0604814 0.0370522 0.0194332 0.00929459 0.00403922 0.00153111 0.000495544 0.000135938 3.11449e-05
 4.06674e-11 1.9128e-09 6.22987e-08 1.40499e-06 2.1941e-05 0.000237261 0.0017766 0.00921225 0.0330855 0.0823638 0.142545 0.17351 0.155027 0.115588 0.0888612 0.0733034 0.0548706 0.0343565 0.018805 0.0095025 0.00437103 0.00175257 0.000597562 0.000170642 4.00353e-05
 4.27996e-11 2.01309e-09 6.55649e-08 1.47865e-06 2.30913e-05 0.0002497 0.00186973 0.00969508 0.0348178 0.0866594 0.149864 0.181875 0.160744 0.116116 0.0845867 0.0667402 0.0485423 0.0294526 0.0154943 0.00760307 0.00350206 0.00144915 0.000519142 0.000156609 3.86989e-05
 4.08481e-11 1.9213e-09 6.25754e-08 1.41123e-06 2.20384e-05 0.000238315 0.00178449 0.00925319 0.0332327 0.0827325 0.143198 0.174374 0.156015 0.116742 0.0901034 0.0740921 0.0545381 0.0328934 0.0169688 0.00807504 0.0035916 0.0014416 0.000508513 0.00015449 3.92558e-05
 4.01555e-11 1.88872e-09 6.15145e-08 1.3873e-06 2.16648e-05 0.000234274 0.00175423 0.00909635 0.0326699 0.0813356 0.14081 0.171607 0.153997 0.116215 0.090981 0.0758036 0.0565478 0.0348413 0.0185467 0.00908219 0.00407763 0.00161684 0.000555825 0.000164198 4.09018e-05
 4.22183e-11 1.98575e-09 6.46745e-08 1.45857e-06 2.27777e-05 0.000246308 0.00184434 0.00956345 0.0343457 0.0854899 0.14788 0.179648 0.159362 0.116361 0.0863205 0.069022 0.0503806 0.0304708 0.0158769 0.00766141 0.00344863 0.00138921 0.00048513 0.000143926 3.55126e-05
 4.3151e-11 2.02962e-09 6.61034e-08 1.4908e-06 2.32809e-05 0.00025175 0.00188509 0.00977466 0.0351033 0.0873668 0.151065 0.18323 0.161612 0.116043 0.0836692 0.065534 0.0476061 0.0289434 0.0152281 0.0073931 0.00331616 0.00132338 0.000459134 0.00013641 3.38925e-05
 4.18337e-11 1.96766e-09 6.40853e-08 1.44528e-06 2.25702e-05 0.000244065 0.00182754 0.00947638 0.0340334 0.0847167 0.146571 0.178192 0.158501 0.116641 0.0876349 0.0706639 0.051598 0.0310104 0.0159545 0.00757551 0.00336023 0.00133897 0.000464769 0.0001378 3.4114e-05
 4.14423e-11 1.94925e-09 6.34858e-08 1.43176e-06 2.2359e-05 0.000241781 0.00181045 0.00938775 0.0337153 0.0839272 0.14522 0.176623 0.157343 0.116308 0.0880829 0.0716017 0.0527534 0.0321703 0.0168997 0.00816313 0.0036292 0.00143031 0.000489148 0.000143431 3.53052e-05
 4.17017e-11 1.96145e-09 6.38831e-08 1.44072e-06 2.24989e-05 0.000243294 0.00182177 0.00944647 0.033926 0.0844492 0.146107 0.177626 0.15799 0.116263 0.0873998 0.0706506 0.0519237 0.0316349 0.0166371 0.00808308 0.00363538 0.00145302 0.000502059 0.000147487 3.60898e-05
 4.11935e-11 1.93755e-09 6.31047e-08 1.42317e-06 2.22248e-05 0.00024033 0.00179958 0.00933139 0.0335129 0.0834239 0.144352 0.17558 0.156457 0.11576 0.0878691 0.0717426 0.053331 0.0331178 0.017924 0.0089659 0.0041121 0.00166266 0.000580072 0.000172172 4.25293e-05
 4.00646e-11 1.88445e-09 6.13753e-08 1.38416e-06 2.16157e-05 0.000233744 0.00175027 0.00907578 0.0325962 0.0811539 0.140507 0.171294 0.153893 0.116495 0.0915822 0.0763784 0.056732 0.0346116 0.0182073 0.00890116 0.00407172 0.00167166 0.000596092 0.000180422 4.52275e-05
 3.89652e-11 1.83274e-09 5.9691e-08 1.34618e-06 2.10226e-05 0.00022733 0.00170224 0.00882679 0.0317027 0.0789367 0.136719 0.166912 0.150721 0.115731 0.0930789 0.0791805 0.0599282 0.0376184 0.0205856 0.0103993 0.00480188 0.00195482 0.000690153 0.000208834 5.2885e-05
 3.90696e-11 1.83765e-09 5.9851e-08 1.34979e-06 2.10789e-05 0.000227939 0.0017068 0.00885041 0.0317869 0.0791412 0.137036 0.16713 0.150379 0.114381 0.0908567 0.0771047 0.0591934 0.0384791 0.0222552 0.0119465 0.00580776 0.00245992 0.000891712 0.000273028 6.92579e-05
#obs surv len freq
 4.08264e-11 1.92028e-09 6.25421e-08 1.41048e-06 2.20267e-05 0.000238188 0.00178354 0.00924825 0.0332149 0.0826853 0.143099 0.174176 0.155591 0.11593 0.0889806 0.0731795 0.0544485 0.0336939 0.01812 0.00900673 0.00411627 0.00166403 0.000582415 0.000174158 4.35748e-05
 4.93142e-11 2.3195e-09 7.55446e-08 1.70372e-06 2.6606e-05 0.000287706 0.0021543 0.0111702 0.0401099 0.099773 0.172148 0.207062 0.177016 0.115111 0.0677948 0.0437281 0.0291516 0.0174066 0.00922719 0.00454406 0.00206271 0.000829179 0.000288483 8.56637e-05 2.12616e-05
 4.16708e-11 1.95999e-09 6.38357e-08 1.43966e-06 2.24823e-05 0.000243114 0.00182043 0.00943956 0.0339022 0.0843985 0.146079 0.177872 0.159097 0.118878 0.0912564 0.0739334 0.0525213 0.0292794 0.0130736 0.005162 0.00196767 0.000722312 0.000242221 7.08417e-05 1.74312e-05
 4.72008e-11 2.2201e-09 7.23072e-08 1.63071e-06 2.54658e-05 0.000275377 0.00206199 0.0106917 0.0383932 0.0955193 0.164922 0.198908 0.171793 0.115571 0.0734744 0.0515026 0.0357568 0.0215094 0.0112049 0.00523069 0.00214226 0.000737841 0.000213148 5.32542e-05 1.17001e-05
 4.46156e-11 2.0985e-09 6.83469e-08 1.5414e-06 2.40711e-05 0.000260295 0.00194906 0.0101064 0.0362939 0.0903224 0.156126 0.189131 0.166043 0.11752 0.0823554 0.0624224 0.0435639 0.0246572 0.0114928 0.00482126 0.00191851 0.000700244 0.000221196 5.81266e-05 1.24262e-05
 4.34372e-11 2.04308e-09 6.65417e-08 1.50068e-06 2.34353e-05 0.00025342 0.00189759 0.00983949 0.0353364 0.0879474 0.152075 0.184483 0.162802 0.117053 0.0844822 0.0659005 0.0471478 0.0276517 0.0135935 0.00597967 0.00238155 0.000827925 0.000246338 6.28662e-05 1.36194e-05
 4.32671e-11 2.03507e-09 6.62811e-08 1.49481e-06 2.33435e-05 0.000252427 0.00189016 0.00980095 0.035198 0.0876034 0.151483 0.183777 0.162221 0.116734 0.0844143 0.0660549 0.0475359 0.0282336 0.0142217 0.00648801 0.0026962 0.000977039 0.000299502 7.68403e-05 1.63232e-05
 4.58501e-11 2.15657e-09 7.0238e-08 1.58404e-06 2.47371e-05 0.000267496 0.00200299 0.0103858 0.0372962 0.0928024 0.160316 0.19375 0.168629 0.116236 0.0775982 0.056759 0.0397291 0.0234386 0.0118254 0.00543603 0.00229299 0.000851134 0.000269668 7.18241e-05 1.578e-05
 4.68787e-11 2.20495e-09 7.18137e-08 1.61958e-06 2.52921e-05 0.000273498 0.00204792 0.0106188 0.038132 0.0948755 0.163851 0.197809 0.171462 0.116656 0.0757778 0.0538042 0.0367298 0.0209454 0.0100136 0.00432529 0.00174548 0.000636787 0.000202253 5.46867e-05 1.23006e-05
 4.42792e-11 2.08268e-09 6.78316e-08 1.52977e-06 2.38896e-05 0.000258332 0.00193437 0.0100302 0.0360206 0.0896451 0.154974 0.187826 0.165189 0.117545 0.0831989 0.0636331 0.0446654 0.0254145 0.0118872 0.00493961 0.00189748 0.00065574 0.000197459 5.11824e-05 1.12505e-05
 4.53777e-11 2.13435e-09 6.95144e-08 1.56772e-06 2.44823e-05 0.000264741 0.00198235 0.0102789 0.0369126 0.0918529 0.158709 0.191967 0.167589 0.116619 0.0792772 0.0588516 0.0412869 0.0241256 0.0118918 0.00525757 0.0021017 0.00072885 0.00021374 5.29783e-05 1.10669e-05
 4.54992e-11 2.14006e-09 6.97004e-08 1.57192e-06 2.45478e-05 0.000265449 0.00198766 0.0103064 0.0370114 0.0920985 0.159132 0.19247 0.168001 0.116837 0.0792958 0.05867 0.0408926 0.0235973 0.0114181 0.00498072 0.00200601 0.000717388 0.00021925 5.61596e-05 1.1852e-05
 4.34223e-11 2.04237e-09 6.65188e-08 1.50017e-06 2.34273e-05 0.000253332 0.00189693 0.00983612 0.0353243 0.0879185 0.152032 0.184465 0.162894 0.117337 0.0849193 0.0662622 0.0471818 0.0273498 0.0131971 0.00571091 0.00227307 0.000803239 0.000244095 6.29563e-05 1.35531e-05
 4.0399e-11 1.90018e-09 6.18875e-08 1.39572e-06 2.17962e-05 0.000235695 0.00176487 0.00915152 0.0328683 0.0818305 0.141674 0.172698 0.155089 0.117248 0.0919251 0.076329 0.0561969 0.0335916 0.0169288 0.00769187 0.00316799 0.00113454 0.000344478 8.82161e-05 1.88623e-05
 3.80436e-11 1.78939e-09 5.82792e-08 1.31434e-06 2.05254e-05 0.000221953 0.00166198 0.00861813 0.0309544 0.0770838 0.133581 0.163419 0.148648 0.116385 0.0962241 0.0831688 0.0629929 0.0391091 0.0209015 0.0101736 0.00445352 0.00167783 0.000532078 0.000140881 3.07139e-05
 4.18481e-11 1.96833e-09 6.41073e-08 1.44578e-06 2.2578e-05 0.000244149 0.00182817 0.00947958 0.0340445 0.0847381 0.146568 0.178002 0.157741 0.114885 0.0850662 0.0685024 0.0512592 0.0326588 0.0183891 0.00953428 0.00444159 0.00178182 0.000603022 0.000169875 3.90542e-05
 4.09993e-11 1.92841e-09 6.2807e-08 1.41646e-06 2.212e-05 0.000239197 0.00179109 0.00928741 0.0333556 0.0830358 0.143707 0.174923 0.156278 0.116461 0.0893254 0.0731859 0.0539235 0.0327312 0.0171408 0.00837068 0.00384744 0.00159136 0.000569143 0.000170845 4.18423e-05
 4.02658e-11 1.89391e-09 6.16833e-08 1.39112e-06 2.17243e-05 0.000234917 0.00175905 0.00912132 0.0327596 0.0815577 0.141188 0.172038 0.154285 0.116227 0.0907433 0.0754634 0.0562497 0.034633 0.0184013 0.00897503 0.0040081 0.00158388 0.000545709 0.00016238 4.06664e-05
 4.02248e-11 1.89198e-09 6.16206e-08 1.3897e-06 2.17022e-05 0.000234678 0.00175726 0.00911203 0.0327261 0.0814736 0.141036 0.171825 0.154007 0.115843 0.0902788 0.0751136 0.0562594 0.0350365 0.0189793 0.00947059 0.00430834 0.00171641 0.000587119 0.000170884 4.16615e-05
 4.29408e-11 2.01973e-09 6.57812e-08 1.48353e-06 2.31675e-05 0.000250523 0.0018759 0.00972703 0.0349324 0.0869411 0.15033 0.18234 0.160837 0.115525 0.0834102 0.0655923 0.0480971 0.0298128 0.0161821 0.00813295 0.00374698 0.0015189 0.000529183 0.000156073 3.8171e-05
 4.16248e-11 1.95783e-09 6.37653e-08 1.43807e-06 2.24575e-05 0.000242846 0.00181842 0.00942908 0.0338638 0.084296 0.145854 0.177375 0.157949 0.116606 0.0880749 0.071314 0.0521934 0.0314426 0.0162391 0.00775377 0.00346323 0.00139141 0.000487211 0.00014546 3.60974e-05
 4.08863e-11 1.92309e-09 6.26339e-08 1.41255e-06 2.2059e-05 0.000238537 0.00178616 0.00926183 0.0332637 0.0828073 0.143314 0.174452 0.155885 0.116241 0.0893041 0.0734124 0.0544409 0.0334071 0.0176704 0.00856069 0.00378467 0.00147237 0.000496191 0.000143975 3.52858e-05
 4.1537e-11 1.9537e-09 6.36307e-08 1.43503e-06 2.24101e-05 0.000242333 0.00181458 0.00940915 0.0337921 0.0841155 0.145529 0.17692 0.157357 0.115801 0.0871262 0.0706655 0.0523699 0.0324469 0.0174928 0.00868581 0.00393273 0.00155806 0.000528541 0.000151921 3.6418e-05
 4.09239e-11 1.92486e-09 6.26916e-08 1.41385e-06 2.20794e-05 0.000238757 0.0017878 0.00927035 0.0332942 0.0828824 0.143438 0.174577 0.155912 0.116084 0.0889737 0.0730386 0.0541875 0.033356 0.0177988 0.00878048 0.00399233 0.00160548 0.000556073 0.000163028 3.95764e-05
 4.00081e-11 1.88179e-09 6.12887e-08 1.38221e-06 2.15853e-05 0.000233414 0.0017478 0.00906296 0.0325501 0.0810373 0.140295 0.170985 0.153459 0.115862 0.0908146 0.0758555 0.056889 0.0354336 0.0191946 0.00958805 0.0043781 0.00175832 0.00060901 0.000179655 4.41589e-05
 3.94793e-11 1.85692e-09 6.04785e-08 1.36394e-06 2.12999e-05 0.000230329 0.0017247 0.0089432 0.0321203 0.0799709 0.138472 0.168878 0.151937 0.115499 0.091529 0.0771632 0.0583388 0.0367816 0.020301 0.0103593 0.00482002 0.00196531 0.00068827 0.000204388 5.0439e-05
 3.72916e-11 1.75402e-09 5.71271e-08 1.28836e-06 2.01196e-05 0.000217566 0.00162913 0.00844779 0.030343 0.0755649 0.130973 0.160347 0.146235 0.115313 0.0964046 0.0842326 0.064705 0.0412595 0.0231003 0.0119924 0.00568384 0.00236409 0.000845142 0.000255707 6.40442e-05
 4.02421e-11 1.89279e-09 6.16471e-08 1.3903e-06 2.17115e-05 0.000234779 0.00175801 0.00911589 0.0327394 0.0815009 0.141044 0.171651 0.15327 0.114116 0.0877122 0.0728577 0.0556793 0.0363762 0.0212303 0.011486 0.00561034 0.00238641 0.000870742 0.000268881 6.86973e-05
#pred catch len freq
 3.08768e-11 1.4523e-09 4.73003e-08 1.06674e-06 1.66587e-05 0.000180141 0.0013489 0.0069947 0.0251243 0.0625756 0.108507 0.133069 0.122117 0.0980529 0.0848151 0.0780124 0.0659852 0.0508366 0.0387243 0.0305715 0.0253032 0.022104 0.0195097 0.0157198 0.0104306
 4.06718e-11 1.91301e-09 6.23054e-08 1.40514e-06 2.19433e-05 0.000237286 0.00177678 0.00921318 0.0330881 0.0823631 0.142495 0.173219 0.154025 0.113265 0.0851157 0.06901 0.0513305 0.0324498 0.0188625 0.0114116 0.00756821 0.0054677 0.00414929 0.00302753 0.00190047
 3.92789e-11 1.84749e-09 6.01717e-08 1.35702e-06 2.11918e-05 0.00022916 0.00171595 0.00889789 0.0319583 0.0795757 0.137842 0.168362 0.15227 0.117354 0.0946309 0.0798769 0.0588303 0.0348354 0.0174432 0.00821 0.00390879 0.0019631 0.00108393 0.000637227 0.000353341
 3.84597e-11 1.80896e-09 5.89167e-08 1.32872e-06 2.07499e-05 0.000224381 0.00168016 0.00871239 0.0312928 0.0779266 0.13504 0.165194 0.150224 0.117499 0.0968396 0.0830653 0.0618428 0.0370678 0.0187417 0.00863319 0.00369998 0.00145703 0.000545109 0.000209007 8.38339e-05
 4.12788e-11 1.94156e-09 6.32353e-08 1.42611e-06 2.22708e-05 0.000240828 0.00180331 0.00935074 0.0335828 0.0836011 0.144681 0.176087 0.157244 0.117015 0.0894942 0.0730205 0.0533973 0.0318728 0.0161353 0.00746332 0.00319818 0.00122419 0.000410261 0.000121727 3.30406e-05
 4.0012e-11 1.88197e-09 6.12947e-08 1.38235e-06 2.15873e-05 0.000233437 0.00174797 0.0090639 0.032554 0.0810535 0.140365 0.171268 0.154338 0.11778 0.0935859 0.0781953 0.0572923 0.0337048 0.0165786 0.00741486 0.00310297 0.00117363 0.000387896 0.000110097 2.64877e-05
 3.89741e-11 1.83316e-09 5.97047e-08 1.34649e-06 2.10274e-05 0.000227382 0.00170263 0.00882889 0.031711 0.0789652 0.136821 0.167287 0.151849 0.11817 0.0966051 0.0821804 0.0605018 0.0354937 0.0172927 0.00760181 0.0031057 0.00114169 0.000366424 0.000101199 2.36102e-05
 4.05038e-11 1.90511e-09 6.20481e-08 1.39934e-06 2.18527e-05 0.000236306 0.00176945 0.00917527 0.0329534 0.0820424 0.142039 0.173133 0.155447 0.117443 0.0919502 0.0761783 0.055853 0.033121 0.0165016 0.0074406 0.00308449 0.00113215 0.000358028 9.65966e-05 2.19211e-05
 4.28775e-11 2.01675e-09 6.56843e-08 1.48134e-06 2.31333e-05 0.000250154 0.00187314 0.00971275 0.0348815 0.0868207 0.150161 0.182319 0.161406 0.117139 0.0859086 0.0678181 0.0486988 0.0285632 0.0140885 0.00631197 0.00262651 0.000977344 0.000314166 8.56239e-05 1.94078e-05
 4.02969e-11 1.89537e-09 6.1731e-08 1.39219e-06 2.1741e-05 0.000235099 0.00176041 0.00912842 0.0327856 0.0816296 0.141357 0.172455 0.155328 0.118349 0.0937415 0.0779459 0.0565865 0.0326382 0.0154732 0.00658154 0.00262356 0.000952897 0.000303613 8.29072e-05 1.89471e-05
 3.89301e-11 1.83109e-09 5.96373e-08 1.34497e-06 2.10036e-05 0.000227125 0.00170071 0.00881892 0.0316751 0.0788753 0.136661 0.167073 0.151597 0.117866 0.0962804 0.0820018 0.0606593 0.035959 0.0178038 0.00792782 0.00322485 0.00115506 0.000355599 9.36802e-05 2.0879e-05
 4.07749e-11 1.91786e-09 6.24634e-08 1.40871e-06 2.1999e-05 0.000237888 0.0017813 0.00923665 0.0331735 0.0825873 0.142962 0.174156 0.156044 0.117222 0.0909884 0.0749868 0.0549799 0.0327527 0.0164791 0.00753793 0.00317372 0.00117996 0.000375065 0.000100358 2.22458e-05
 3.99478e-11 1.87895e-09 6.11962e-08 1.38013e-06 2.15527e-05 0.000233062 0.00174516 0.00904935 0.0325018 0.0809239 0.140143 0.171011 0.154149 0.117727 0.0936626 0.0783541 0.0574887 0.0339026 0.016739 0.00751131 0.00314139 0.00117996 0.000384064 0.000105974 2.42136e-05
 3.68274e-11 1.73218e-09 5.64161e-08 1.27232e-06 1.98692e-05 0.000214858 0.00160886 0.00834278 0.0299671 0.074643 0.129471 0.158954 0.14638 0.118267 0.101806 0.0895052 0.0668988 0.0397387 0.0197056 0.00884682 0.00367567 0.00136409 0.000439173 0.000120892 2.78808e-05
 3.38628e-11 1.59274e-09 5.18746e-08 1.1699e-06 1.82697e-05 0.000197562 0.00147936 0.00767143 0.0275583 0.0686697 0.119292 0.14731 0.138387 0.11743 0.107588 0.0984559 0.0755766 0.0465345 0.0243917 0.0116441 0.00505291 0.00191387 0.000619181 0.000169817 3.89026e-05
 3.59253e-11 1.68975e-09 5.50342e-08 1.24116e-06 1.93825e-05 0.000209595 0.00156945 0.00813844 0.0292333 0.0728169 0.126316 0.155137 0.143059 0.116049 0.100704 0.0897663 0.0690127 0.0434634 0.0237769 0.011993 0.00550926 0.00220743 0.000752396 0.000214818 5.03946e-05
 3.79763e-11 1.78622e-09 5.81762e-08 1.31202e-06 2.0489e-05 0.000221561 0.00165904 0.0086029 0.0308998 0.0769501 0.133363 0.163217 0.148667 0.116794 0.0969303 0.0837218 0.0629327 0.0384831 0.0202448 0.00991567 0.00456047 0.00188567 0.000675277 0.000203675 5.03246e-05
 3.58623e-11 1.68679e-09 5.49377e-08 1.23898e-06 1.93485e-05 0.000209227 0.0015667 0.00812422 0.0291827 0.0726965 0.126144 0.155102 0.143578 0.117548 0.10302 0.0917897 0.0694631 0.0421614 0.0217436 0.0103274 0.0045863 0.00183933 0.000648552 0.000196997 5.00518e-05
 3.56564e-11 1.67711e-09 5.46223e-08 1.23187e-06 1.92374e-05 0.000208026 0.00155771 0.00807757 0.0290151 0.0722787 0.125417 0.154196 0.142707 0.116796 0.102427 0.0916026 0.070002 0.0433569 0.0230656 0.0112737 0.00505435 0.00200261 0.000688186 0.000203259 5.06267e-05
 3.71443e-11 1.74709e-09 5.69017e-08 1.28327e-06 2.00402e-05 0.000216707 0.0016227 0.00841452 0.0302241 0.0752763 0.130523 0.160028 0.146679 0.117126 0.0993829 0.0869596 0.0655509 0.0399479 0.0208143 0.0100253 0.00450589 0.00181366 0.000633115 0.000187795 4.63322e-05
 3.83126e-11 1.80204e-09 5.86914e-08 1.32364e-06 2.06705e-05 0.000223523 0.00167374 0.00867906 0.031173 0.077627 0.134513 0.164512 0.149491 0.116714 0.0960429 0.0825759 0.062076 0.0380501 0.0200212 0.00970264 0.00434578 0.00173292 0.000600995 0.000178523 4.43514e-05
 3.6871e-11 1.73423e-09 5.64829e-08 1.27383e-06 1.98927e-05 0.000215112 0.00161076 0.00835262 0.0300021 0.0747272 0.129597 0.159011 0.146127 0.117457 0.10051 0.0882944 0.0664561 0.0402249 0.0206932 0.00980695 0.00434327 0.00172926 0.000600004 0.000177861 4.40272e-05
 3.65482e-11 1.71905e-09 5.59884e-08 1.26268e-06 1.97185e-05 0.000213229 0.00159666 0.00827952 0.0297397 0.0740753 0.128477 0.157692 0.145091 0.117002 0.100623 0.0888637 0.067402 0.0413775 0.0217308 0.0104773 0.00465123 0.00183168 0.000626169 0.000183572 4.51812e-05
 3.62572e-11 1.70536e-09 5.55426e-08 1.25262e-06 1.95615e-05 0.000211531 0.00158395 0.00821362 0.0295033 0.0734894 0.127481 0.156565 0.144356 0.117027 0.101336 0.0898351 0.0682014 0.0418676 0.0220173 0.0106774 0.00479516 0.00191508 0.000661468 0.000194278 4.75349e-05
 3.63663e-11 1.7105e-09 5.57098e-08 1.2564e-06 1.96204e-05 0.000212168 0.00158872 0.00823832 0.0295917 0.073706 0.127833 0.156885 0.1443 0.116287 0.100007 0.0885688 0.0677339 0.042329 0.0229001 0.0114341 0.00523691 0.00211594 0.000737954 0.000218993 5.40895e-05
 3.47806e-11 1.63591e-09 5.32806e-08 1.20161e-06 1.87649e-05 0.000202917 0.00151945 0.00787927 0.0283039 0.0705172 0.12243 0.150855 0.140665 0.117247 0.105119 0.0949975 0.0725078 0.0445063 0.0234029 0.0114192 0.00521574 0.00213967 0.000762702 0.000230809 5.78532e-05
 3.29828e-11 1.55135e-09 5.05265e-08 1.1395e-06 1.77949e-05 0.000192428 0.00144092 0.00747213 0.0268429 0.0668929 0.116244 0.143733 0.135619 0.116305 0.108008 0.0999377 0.077763 0.0491062 0.0268584 0.0135434 0.00624531 0.00254066 0.000896672 0.000271275 6.8691e-05
 3.33425e-11 1.56827e-09 5.10776e-08 1.15193e-06 1.7989e-05 0.000194527 0.00145663 0.00755353 0.0271344 0.0676096 0.117424 0.144886 0.135747 0.114543 0.104581 0.0964812 0.0761453 0.049784 0.0287749 0.0154195 0.00748726 0.0031694 0.00114855 0.000351611 8.91843e-05
#obs catch len freq
 3.55759e-11 1.67332e-09 5.44989e-08 1.22909e-06 1.9194e-05 0.000207556 0.00155419 0.00805932 0.0289496 0.0721142 0.125125 0.153808 0.142255 0.116252 0.101816 0.0911616 0.0700369 0.0439113 0.023861 0.0119844 0.0055292 0.00225562 0.000797151 0.000240869 6.09347e-05
 3.58426e-11 1.68586e-09 5.49075e-08 1.2383e-06 1.93379e-05 0.000209113 0.00156584 0.00811973 0.0291663 0.0726516 0.12604 0.154852 0.142964 0.116307 0.10127 0.0903461 0.0692827 0.0433544 0.0234856 0.011744 0.0053881 0.0021826 0.000764719 0.000228811 5.72694e-05
 4.60574e-11 2.16632e-09 7.05556e-08 1.59121e-06 2.4849e-05 0.000268706 0.00201204 0.0104328 0.0374643 0.0932164 0.161001 0.194441 0.168786 0.115404 0.0758931 0.0550038 0.0388564 0.0236789 0.0126706 0.00627975 0.00286185 0.00115277 0.000401489 0.000119292 2.96185e-05
 3.68551e-11 1.73349e-09 5.64586e-08 1.27328e-06 1.98842e-05 0.00021502 0.00161008 0.00834912 0.0299906 0.0747073 0.129623 0.159333 0.147329 0.120196 0.104513 0.0916829 0.0670425 0.0377353 0.0169474 0.00673443 0.00258223 0.000951346 0.000319573 9.35388e-05 2.30252e-05
 4.34521e-11 2.04378e-09 6.65644e-08 1.5012e-06 2.34433e-05 0.000253506 0.00189823 0.00984282 0.035348 0.0879726 0.152094 0.18439 0.162353 0.115984 0.082919 0.0646219 0.0470361 0.0287621 0.0151054 0.00709278 0.00291569 0.00100625 0.000291024 7.277e-05 1.59968e-05
 4.03346e-11 1.89714e-09 6.17888e-08 1.39349e-06 2.17614e-05 0.000235319 0.00176206 0.00913697 0.0328165 0.0817063 0.141492 0.172627 0.155505 0.118524 0.0938983 0.0780021 0.0564504 0.0323426 0.0151773 0.00640811 0.00256328 0.000938359 0.000296831 7.80567e-05 1.66934e-05
 3.89477e-11 1.83191e-09 5.96641e-08 1.34558e-06 2.10131e-05 0.000227228 0.00170148 0.00882289 0.0316895 0.0789106 0.136721 0.16714 0.151637 0.117856 0.0962338 0.0819656 0.0606731 0.0360059 0.0178226 0.00788737 0.00315512 0.00109956 0.000327594 8.367e-05 1.81355e-05
 3.87445e-11 1.82235e-09 5.93528e-08 1.33856e-06 2.09035e-05 0.000226042 0.0016926 0.00877685 0.0315242 0.0784995 0.136012 0.16629 0.150922 0.117429 0.0960836 0.0820888 0.0611196 0.0367364 0.0186358 0.00855331 0.00356951 0.00129648 0.000397896 0.000102155 2.17104e-05
 4.18119e-11 1.96663e-09 6.40518e-08 1.44453e-06 2.25584e-05 0.000243937 0.00182659 0.00947144 0.0340159 0.0846737 0.146502 0.178135 0.158535 0.116846 0.0880015 0.0710577 0.0518449 0.0310273 0.0157746 0.00729646 0.00309085 0.00114992 0.000364765 9.72176e-05 2.13677e-05
 4.31086e-11 2.02762e-09 6.60383e-08 1.48933e-06 2.3258e-05 0.000251503 0.00188323 0.0097651 0.0350696 0.0872875 0.150961 0.18326 0.162135 0.117439 0.0857984 0.0674089 0.0480736 0.0278226 0.0134015 0.00582553 0.00236214 0.000864069 0.000274809 7.43584e-05 1.67323e-05
 3.9989e-11 1.88089e-09 6.12594e-08 1.38155e-06 2.1575e-05 0.000233303 0.00174697 0.00905872 0.0325357 0.0810105 0.140308 0.171284 0.154619 0.118533 0.0947436 0.0792402 0.0576092 0.033169 0.0156164 0.00652903 0.00252033 0.000873496 0.000263422 6.83361e-05 1.50283e-05
 4.12335e-11 1.93942e-09 6.31658e-08 1.42455e-06 2.22464e-05 0.000240563 0.00180132 0.00934048 0.0335462 0.0835112 0.144535 0.175956 0.157276 0.117348 0.0901065 0.0736653 0.053769 0.0318493 0.0158149 0.00703499 0.00282452 0.000981896 0.000288319 7.15192e-05 1.49475e-05
 4.14046e-11 1.94747e-09 6.34279e-08 1.43046e-06 2.23387e-05 0.000241561 0.0018088 0.00937923 0.0336853 0.083857 0.14513 0.176663 0.15785 0.11764 0.0901126 0.0733944 0.0532154 0.0311233 0.0151692 0.00665853 0.00269421 0.000965995 0.000295617 7.57751e-05 1.59986e-05
 3.8947e-11 1.83188e-09 5.96631e-08 1.34555e-06 2.10128e-05 0.000227224 0.00170145 0.00882274 0.0316891 0.0789108 0.13673 0.167189 0.151805 0.118229 0.0967625 0.082376 0.0606603 0.0355703 0.0172797 0.00752358 0.00300845 0.00106589 0.000324351 8.37194e-05 1.80312e-05
 3.55103e-11 1.67023e-09 5.43984e-08 1.22682e-06 1.91586e-05 0.000207174 0.00155132 0.00804452 0.0288971 0.0719896 0.124951 0.153794 0.142872 0.117994 0.104534 0.0936612 0.0708903 0.042798 0.0217095 0.00992191 0.00410338 0.00147286 0.000447741 0.000114742 2.45452e-05
 3.27611e-11 1.54093e-09 5.01869e-08 1.13184e-06 1.76754e-05 0.000191135 0.00143124 0.00742196 0.0266632 0.0664488 0.1155 0.142941 0.135279 0.116818 0.109308 0.101437 0.0787844 0.0493877 0.0265761 0.0130113 0.00571739 0.00215832 0.000685189 0.000181539 3.95943e-05
 3.69986e-11 1.74024e-09 5.66784e-08 1.27824e-06 1.99616e-05 0.000215857 0.00161634 0.00838145 0.0301049 0.0749735 0.12996 0.159158 0.145321 0.11496 0.0966034 0.0848576 0.0656495 0.0423451 0.0240238 0.0125264 0.00585545 0.00235316 0.000797132 0.000224685 5.16731e-05
 3.60573e-11 1.69596e-09 5.52363e-08 1.24572e-06 1.94537e-05 0.000210365 0.00157522 0.00816835 0.029341 0.0730868 0.126796 0.155785 0.143834 0.117003 0.101751 0.090396 0.0686301 0.0421154 0.0222145 0.0109167 0.00503879 0.00208863 0.000747771 0.000224591 5.50227e-05
 3.51581e-11 1.65367e-09 5.38588e-08 1.21465e-06 1.89686e-05 0.000205119 0.00153594 0.00796472 0.0286104 0.0712747 0.123706 0.152242 0.141375 0.116683 0.103442 0.0931549 0.0714922 0.044497 0.0238135 0.0116857 0.00523958 0.00207496 0.00071572 0.000213109 5.33914e-05
 3.50699e-11 1.64952e-09 5.37237e-08 1.21161e-06 1.8921e-05 0.000204604 0.00153208 0.00794473 0.0285385 0.0710949 0.123389 0.15183 0.140923 0.116182 0.102919 0.0928156 0.0716075 0.0450924 0.0246078 0.0123539 0.00564185 0.00225224 0.000771233 0.000224614 5.47818e-05
 3.81139e-11 1.7927e-09 5.83869e-08 1.31677e-06 2.05633e-05 0.000222363 0.00166505 0.00863403 0.0310113 0.077223 0.133806 0.163616 0.148582 0.115832 0.0952287 0.0821468 0.0624497 0.0392193 0.0214583 0.0108526 0.00501982 0.00203905 0.000711165 0.000209874 5.13483e-05
 3.6637e-11 1.72323e-09 5.61244e-08 1.26575e-06 1.97665e-05 0.000213747 0.00160054 0.00829963 0.029812 0.0742551 0.128788 0.15807 0.145423 0.117228 0.100728 0.0887895 0.0670807 0.0408775 0.0212694 0.010222 0.00458605 0.00184685 0.000647448 0.000193423 4.80176e-05
 3.57238e-11 1.68028e-09 5.47255e-08 1.2342e-06 1.92738e-05 0.000208419 0.00156065 0.00809283 0.02907 0.0724141 0.125645 0.154448 0.142849 0.116729 0.10218 0.0913317 0.0698619 0.0433634 0.02311 0.0112672 0.00500207 0.00195033 0.000658052 0.000191075 4.68489e-05
 3.64244e-11 1.71323e-09 5.57988e-08 1.2584e-06 1.96518e-05 0.000212507 0.00159125 0.00825146 0.0296389 0.0738225 0.128028 0.157094 0.144394 0.116168 0.0997062 0.0882599 0.0676006 0.042396 0.0230359 0.0115111 0.00523319 0.0020777 0.000705608 0.00020295 4.86701e-05
 3.56754e-11 1.678e-09 5.46513e-08 1.23253e-06 1.92477e-05 0.000208137 0.00155854 0.00808186 0.0290306 0.0723158 0.125474 0.154233 0.142636 0.116529 0.101984 0.0911748 0.0698184 0.043486 0.0233859 0.0116127 0.00530275 0.00213723 0.000741101 0.000217415 5.27998e-05
 3.46367e-11 1.62915e-09 5.30602e-08 1.19664e-06 1.86873e-05 0.000202077 0.00151316 0.00784666 0.0281867 0.0702229 0.121906 0.15015 0.139823 0.116209 0.103976 0.0942908 0.072875 0.0459104 0.025063 0.0125999 0.00577707 0.00232518 0.000806262 0.000238001 5.85233e-05
 3.39892e-11 1.59869e-09 5.20682e-08 1.17427e-06 1.83379e-05 0.000198299 0.00148488 0.0077 0.0276604 0.0689168 0.119674 0.147564 0.137939 0.11572 0.104785 0.0958347 0.0746367 0.0475975 0.026478 0.0135978 0.00635226 0.00259545 0.000909954 0.000270393 6.67535e-05
 3.15752e-11 1.48514e-09 4.83701e-08 1.09087e-06 1.70355e-05 0.000184216 0.00137943 0.00715336 0.0256991 0.0640547 0.111397 0.138138 0.131609 0.115427 0.110037 0.103522 0.0816288 0.0526011 0.0296784 0.0155051 0.0073775 0.00307474 0.00110037 0.000333134 8.34674e-05
#spawning biomass
 3601.18 2952.25 4610.48 5957.5 6988.68 10746.1 12051.4 13703.5 19855.7 31754.2 43018 52166.9 75369.9 92952.1 95801.7 80667.2 73732.4 82805.9 80545.7 65956.9 76774.9 90763.9 97314.5 98773.1 116876 111269 107496 111911 109240 172713 120838 77844.8 51915.1 38174.1 31413.2 28236 26786.5 26138 25851.8 25726.5 25672.1 25648.5 25638.3 25633.9 25632 25631.2 25630.9 25630.7 25630.7 25630.6 25630.6 25630.6 25630.6 25630.6 25630.6 25630.6 25630.6 25630.6 25630.6 25630.6 25630.6 25630.6 25630.6 25630.6 25630.6 25630.6 25630.6 25630.6 25630.6 25630.6 25630.6 25630.6 25630.6 25630.6 25630.6 25630.6 25630.6 25630.6 25630.6 25630.6 25630.6 25630.6 25630.6 25630.6 25630.6 25630.6 25630.6 25630.6 25630.6 25630.6 25630.6 25630.6 25630.6 25630.6 25630.6 25630.6 25630.6 25630.6 25630.6 25630.6 25630.6 25630.6 25630.6 25630.6 25630.6 25630.6 25630.6 25630.6 25630.6 25630.6 25630.6 25630.6 25630.6 25630.6 25630.6 25630.6 25630.6 25630.6 25630.6 25630.6 25630.6 25630.6 25630.6 25630.6 25630.6 25630.6 25630.6 25630.6 0 0 0 0 0 0 0 0 0 0 0 0 0 0 0 0 0 0 0 0 0 0 0 0 0
