SBPRF35
0.0418769
Curr Bio
1.87684e+06
B35
1.12979e+06
F35
8.77318e+07
FOFL
8.77318e+07
OFL
2.96016e+06
Bzero
4593.17
#pred survey bio
 24650.9 21333.2 17723.7 19890.4 27735.2 54118.1 76516.5 126426 153975 135872 172725 157040 232687 254198 179469 210562 210231 207375 221514 226727 264601 280092 298058 261846 298326 292296 258662 235029 5.60701e+06 287600 28496.4 11710.7 11169.7 11155 11154.6 11154.6 11154.6 11154.6 11154.6 11154.6 11154.6 11154.6 11154.6 11154.6 11154.6 11154.6 11154.6 11154.6 11154.6 11154.6 11154.6 11154.6 11154.6 11154.6 11154.6 11154.6 11154.6 11154.6 11154.6 11154.6 11154.6 11154.6 11154.6 11154.6 11154.6 11154.6 11154.6 11154.6 11154.6 11154.6 11154.6 11154.6 11154.6 11154.6 11154.6 11154.6 11154.6 11154.6 11154.6 11154.6 11154.6 11154.6 11154.6 11154.6 11154.6 11154.6 11154.6 11154.6 11154.6 11154.6 11154.6 11154.6 11154.6 11154.6 11154.6 11154.6 11154.6 11154.6 11154.6 11154.6 11154.6 11154.6 11154.6 11154.6 11154.6 11154.6 11154.6 11154.6 11154.6 11154.6 11154.6 11154.6 11154.6 11154.6 11154.6 11154.6 11154.6 11154.6 11154.6 11154.6 11154.6 11154.6 11154.6 11154.6 11154.6 11154.6 11154.6 11154.6 0 0 0 0 0 0 0 0 0 0 0 0 0 0 0 0 0 0 0 0 0 0 0 0 0
#obs survey bio
 20416.1 27406.7 18202.7 20505.4 32432.7 46490.2 82969.4 167464 168097 115737 144202 135015 251593 266109 195763 212922 241158 180325 237985 216417 217839 329429 315258 161381 255917 328493 288773 184161
#pred catch bio
 23003.1 18878.1 14011.1 8718.37 13406.6 20999 42810 62190.5 95045.7 124157 112359 119763 161327 273678 177500 179404 185494 173555 178971 195638 222344 187472 223885 242160 228703 239229 188204 214205 2.96016e+06 6611.8 6611.8 6611.8 6611.8 6611.8 6611.8 6611.8 6611.8 6611.8 6611.8 6611.8 6611.8 6611.8 6611.8 6611.8 6611.8 6611.8 6611.8 6611.8 6611.8 6611.8 6611.8 6611.8 6611.8 6611.8 6611.8 6611.8 6611.8 6611.8 6611.8 6611.8 6611.8 6611.8 6611.8 6611.8 6611.8 6611.8 6611.8 6611.8 6611.8 6611.8 6611.8 6611.8 6611.8 6611.8 6611.8 6611.8 6611.8 6611.8 6611.8 6611.8 6611.8 6611.8 6611.8 6611.8 6611.8 6611.8 6611.8 6611.8 6611.8 6611.8 6611.8 6611.8 6611.8 6611.8 6611.8 6611.8 6611.8 6611.8 6611.8 6611.8 6611.8 6611.8 6611.8 6611.8 6611.8 6611.8 6611.8 6611.8 6611.8 6611.8 6611.8 6611.8 6611.8 6611.8 6611.8 6611.8 6611.8 6611.8 6611.8 6611.8 6611.8 6611.8 6611.8 6611.8 6611.8 6611.8 6611.8 6611.8 0 0 0 0 0 0 0 0 0 0 0 0 0 0 0 0 0 0 0 0 0 0 0 0 0
#obs catch bio
 13631.1 18615.3 14178.8 9155.05 13284.7 20825 43184.4 61342.9 94706 125932 110925 120761 157145 279129 176325 178635 185501 173187 178021 195352 223751 184906 223378 244568 227077 240004 186880 215061
#pred cpue bio
 23819.3 20034.5 16705.2 18493.7 24342.2 47543.9 66822.7 110774 135348 119739 152284 137188 201945 221395 155873 181881 180736 177747 189293 193526 225161 237530 252327 221278 251249 245791 217591 197198 4.72018e+06 263439 26443 9904.66 9363.33 9348.58 9348.19 9348.18 9348.18 9348.18 9348.18 9348.18 9348.18 9348.18 9348.18 9348.18 9348.18 9348.18 9348.18 9348.18 9348.18 9348.18 9348.18 9348.18 9348.18 9348.18 9348.18 9348.18 9348.18 9348.18 9348.18 9348.18 9348.18 9348.18 9348.18 9348.18 9348.18 9348.18 9348.18 9348.18 9348.18 9348.18 9348.18 9348.18 9348.18 9348.18 9348.18 9348.18 9348.18 9348.18 9348.18 9348.18 9348.18 9348.18 9348.18 9348.18 9348.18 9348.18 9348.18 9348.18 9348.18 9348.18 9348.18 9348.18 9348.18 9348.18 9348.18 9348.18 9348.18 9348.18 9348.18 9348.18 9348.18 9348.18 9348.18 9348.18 9348.18 9348.18 9348.18 9348.18 9348.18 9348.18 9348.18 9348.18 9348.18 9348.18 9348.18 9348.18 9348.18 9348.18 9348.18 9348.18 9348.18 9348.18 9348.18 9348.18 9348.18 9348.18 9348.18 9348.18 0 0 0 0 0 0 0 0 0 0 0 0 0 0 0 0 0 0 0 0 0 0 0 0 0
#obs cpue bio
 26040.7 24240.7 9805.34 17727.8 21690.4 58473 59926.7 89572.9 134250 124149 197578 145973 214268 215141 131028 189874 159007 203125 181388 200034 272688 209494 249524 335738 304656 220209 198610 245817
#pred surv len freq
 5.71841e-12 6.20679e-10 3.97234e-08 1.49904e-06 3.33559e-05 0.000437669 0.00338725 0.0154828 0.0420797 0.0702702 0.0826621 0.0940428 0.115465 0.121162 0.105825 0.0878331 0.0698316 0.0520649 0.0379999 0.0280692 0.021663 0.0179467 0.0153096 0.0116687 0.00676318
 7.15741e-12 7.76868e-10 4.97195e-08 1.87626e-06 4.17497e-05 0.000547807 0.00423966 0.0193798 0.0526799 0.0880421 0.103874 0.118713 0.145259 0.148784 0.121524 0.0884066 0.0558099 0.0280927 0.0120743 0.00530652 0.00274112 0.00174226 0.00128439 0.000924285 0.000531833
 4.43868e-12 4.81776e-10 3.08336e-08 1.16357e-06 2.58916e-05 0.000339754 0.00263044 0.0120466 0.0330565 0.0577363 0.0794439 0.116403 0.163933 0.174537 0.14378 0.104414 0.0647679 0.0307682 0.0112474 0.00341738 0.000935471 0.000281058 0.000123677 7.22425e-05 3.90012e-05
 1.30241e-11 1.41364e-09 9.04728e-08 3.41416e-06 7.59694e-05 0.000996752 0.00771188 0.0351975 0.0949358 0.152721 0.153198 0.114509 0.0918746 0.0880475 0.0863951 0.0775385 0.0543074 0.0275605 0.0106147 0.00328902 0.000817022 0.00016414 3.10287e-05 8.07211e-06 3.11354e-06
 1.89712e-11 2.05914e-09 1.31785e-07 4.97315e-06 0.000110659 0.00145188 0.0112327 0.0512543 0.138077 0.220761 0.214945 0.142568 0.0869029 0.058585 0.0356437 0.0188113 0.0100836 0.00550017 0.00267239 0.00102704 0.000293736 6.2738e-05 1.03507e-05 1.42527e-06 2.13476e-07
 1.74597e-11 1.89509e-09 1.21285e-07 4.57693e-06 0.000101842 0.00133621 0.0103382 0.0471809 0.127215 0.204295 0.203177 0.146278 0.104906 0.0779645 0.0457867 0.0201007 0.00759853 0.00262937 0.000789813 0.000219046 6.05463e-05 1.50229e-05 2.90662e-06 4.14273e-07 4.44659e-08
 1.8909e-11 2.0524e-09 1.31353e-07 4.95685e-06 0.000110296 0.00144712 0.0111959 0.0510879 0.137646 0.220209 0.21506 0.144403 0.0903996 0.0619188 0.0370169 0.0179833 0.00775551 0.00281361 0.000761995 0.000154696 2.61726e-05 4.10836e-06 6.32942e-07 9.0717e-08 1.05166e-08
 1.7883e-11 1.94103e-09 1.24226e-07 4.68789e-06 0.000104311 0.00136861 0.0105887 0.0483223 0.130266 0.208981 0.206831 0.146237 0.101447 0.0738105 0.0430521 0.0188163 0.00703218 0.0023479 0.000632031 0.000132187 2.20814e-05 2.91455e-06 3.00079e-07 2.58249e-08 2.07631e-09
 1.76233e-11 1.91284e-09 1.22421e-07 4.6198e-06 0.000102796 0.00134873 0.0104349 0.0476212 0.128384 0.206028 0.204221 0.145253 0.10205 0.0754213 0.0453263 0.0211819 0.00864484 0.00301126 0.000788674 0.000151789 2.3041e-05 2.8761e-06 2.87785e-07 2.24514e-08 1.35968e-09
 1.70155e-11 1.84687e-09 1.18199e-07 4.46048e-06 9.92512e-05 0.00130222 0.0100752 0.0459826 0.124008 0.199339 0.199166 0.145846 0.107844 0.0819834 0.0491467 0.0224022 0.00882994 0.00301031 0.000784042 0.000150743 2.25451e-05 2.67579e-06 2.44125e-07 1.6985e-08 9.21639e-10
 1.68575e-11 1.82972e-09 1.17102e-07 4.41906e-06 9.83297e-05 0.00129013 0.00998172 0.0455567 0.122871 0.197607 0.197887 0.146095 0.1095 0.0838075 0.0501439 0.0226239 0.00875291 0.00290797 0.000724498 0.000128335 1.71033e-05 1.82131e-06 1.53191e-07 9.87573e-09 4.86628e-10
 1.86669e-11 2.02612e-09 1.29671e-07 4.89339e-06 0.000108884 0.00142859 0.0110526 0.0504355 0.135907 0.217578 0.213202 0.145068 0.0933648 0.0649802 0.0383839 0.01789 0.00729158 0.00252118 0.000646218 0.000118384 1.64111e-05 1.78448e-06 1.47192e-07 8.94167e-09 4.05674e-10
 1.93397e-11 2.09913e-09 1.34344e-07 5.06973e-06 0.000112808 0.00148007 0.0114508 0.0522503 0.140767 0.225111 0.21941 0.1461 0.0895121 0.0593721 0.0333351 0.0140716 0.00498765 0.00156459 0.000387815 7.12239e-05 1.00666e-05 1.12146e-06 9.47368e-08 5.87947e-09 2.69128e-10
 1.8685e-11 2.02807e-09 1.29796e-07 4.89812e-06 0.000108989 0.00142998 0.0110634 0.0504852 0.136052 0.217897 0.213926 0.146629 0.0955913 0.0663463 0.0375281 0.0155665 0.00531802 0.00160078 0.000378685 6.46026e-05 8.23493e-06 8.36627e-07 6.7553e-08 4.18037e-09 1.95191e-10
 1.89543e-11 2.05731e-09 1.31667e-07 4.96871e-06 0.00011056 0.00145059 0.0112228 0.0512118 0.137998 0.220918 0.216437 0.147111 0.0941548 0.0641758 0.0354881 0.0139501 0.00430827 0.00116481 0.000251742 3.79839e-05 3.91355e-06 2.95929e-07 1.77392e-08 8.46404e-10 3.13896e-11
 1.98971e-11 2.15964e-09 1.38217e-07 5.21587e-06 0.000116059 0.00152274 0.0117808 0.0537539 0.144789 0.231309 0.224346 0.146381 0.0854527 0.0541779 0.0294613 0.0117733 0.00378779 0.00106741 0.000235697 3.58377e-05 3.69615e-06 2.76768e-07 1.59723e-08 6.95503e-10 2.17707e-11
 2.05271e-11 2.22802e-09 1.42593e-07 5.381e-06 0.000119734 0.00157094 0.0121536 0.0554525 0.149329 0.23828 0.229768 0.146271 0.0802107 0.0478651 0.0252449 0.00976145 0.00297132 0.000794219 0.000171756 2.63563e-05 2.81992e-06 2.24175e-07 1.3734e-08 6.21513e-10 1.97616e-11
 2.08891e-11 2.26731e-09 1.45108e-07 5.47591e-06 0.000121846 0.00159865 0.0123679 0.0564288 0.151939 0.242292 0.232905 0.146264 0.0772828 0.0442928 0.022797 0.00852589 0.00243226 0.000602943 0.000123994 1.8326e-05 1.86237e-06 1.37736e-07 7.90069e-09 3.46853e-10 1.11018e-11
 2.12931e-11 2.31116e-09 1.47914e-07 5.5818e-06 0.000124202 0.00162956 0.012607 0.057518 0.154849 0.246751 0.23633 0.146051 0.0737063 0.0401072 0.0201657 0.00744639 0.00208481 0.000504956 0.000102048 1.48514e-05 1.47219e-06 1.0444e-07 5.69012e-09 2.37727e-10 7.24163e-12
 2.14244e-11 2.32541e-09 1.48826e-07 5.61624e-06 0.000124968 0.00163961 0.0126848 0.0578722 0.155796 0.248206 0.237465 0.14604 0.0726307 0.0388023 0.0192811 0.0070102 0.00190014 0.000441161 8.66748e-05 1.24454e-05 1.22127e-06 8.54451e-08 4.57113e-09 1.87083e-10 5.55312e-12
 2.18167e-11 2.368e-09 1.51551e-07 5.71907e-06 0.000127256 0.00166963 0.0129169 0.05893 0.158623 0.252536 0.240786 0.14582 0.0691367 0.0347239 0.0167321 0.00598158 0.00157962 0.000353825 6.75844e-05 9.49856e-06 9.04092e-07 6.00588e-08 3.00957e-09 1.16569e-10 3.33119e-12
 2.22323e-11 2.41311e-09 1.54438e-07 5.82802e-06 0.00012968 0.00170144 0.0131629 0.0600506 0.161617 0.257123 0.244307 0.145591 0.0654416 0.0304073 0.014029 0.00488507 0.00123472 0.000259305 4.7106e-05 6.44242e-06 5.98864e-07 3.83578e-08 1.82629e-09 6.71202e-11 1.8267e-12
 2.24471e-11 2.43642e-09 1.55931e-07 5.88433e-06 0.000130933 0.00171787 0.0132901 0.0606298 0.163164 0.259492 0.246114 0.145439 0.0634805 0.0281433 0.0126487 0.00436808 0.00109854 0.000229396 4.15474e-05 5.69737e-06 5.3524e-07 3.50389e-08 1.71943e-09 6.48295e-11 1.78647e-12
 2.26464e-11 2.45805e-09 1.57315e-07 5.93658e-06 0.000132096 0.00173313 0.013408 0.0611671 0.1646 0.261693 0.247809 0.145347 0.0617347 0.0260901 0.0113439 0.00381697 0.000911789 0.000174501 2.92203e-05 3.82823e-06 3.46202e-07 2.14062e-08 9.70936e-10 3.40709e-11 8.98893e-13
 2.30392e-11 2.50069e-09 1.60044e-07 6.03954e-06 0.000134387 0.00176318 0.0136405 0.0622262 0.167429 0.266025 0.251118 0.145083 0.0581697 0.0219636 0.00881311 0.00285127 0.000645427 0.000111858 1.68476e-05 2.06056e-06 1.75856e-07 9.9035e-09 3.84228e-10 1.11706e-11 2.51218e-13
 2.32156e-11 2.51983e-09 1.61269e-07 6.08577e-06 0.000135415 0.00177668 0.0137449 0.0627016 0.1687 0.267969 0.2526 0.144953 0.0565527 0.0201005 0.00768238 0.00243385 0.000539462 8.9858e-05 1.29126e-05 1.53407e-06 1.2909e-07 7.17867e-09 2.72721e-10 7.66819e-12 1.64991e-13
 2.31664e-11 2.51449e-09 1.60927e-07 6.07288e-06 0.000135129 0.00177292 0.0137158 0.0625691 0.168346 0.267429 0.252194 0.145007 0.0570312 0.0206377 0.00798836 0.00252311 0.000546208 8.58593e-05 1.14101e-05 1.28384e-06 1.04866e-07 5.65756e-09 2.0408e-10 5.31477e-12 1.05957e-13
 2.34654e-11 2.54694e-09 1.63004e-07 6.15125e-06 0.000136872 0.00179579 0.0138927 0.0633751 0.170499 0.270722 0.254695 0.144758 0.0542444 0.0174499 0.00608654 0.0018598 0.000403864 6.51283e-05 8.9801e-06 1.03518e-06 8.51416e-08 4.57118e-09 1.62174e-10 4.10139e-12 7.89846e-14
#obs surv len freq
 4.80099e-11 4.44939e-09 2.4314e-07 7.83432e-06 0.000148845 0.00166752 0.0110172 0.0429613 0.0992914 0.13902 0.130679 0.112503 0.113727 0.110475 0.092706 0.068872 0.0428576 0.0214076 0.008747 0.00294048 0.000786107 0.000159147 2.3254e-05 2.35288e-06 1.59543e-07
 2.7519e-11 2.45981e-09 1.29645e-07 4.02903e-06 7.38317e-05 0.000797882 0.00508828 0.0192155 0.0437594 0.0655229 0.0851628 0.124995 0.166967 0.166909 0.132886 0.0926957 0.054903 0.026369 0.0103443 0.00330154 0.000826626 0.000155197 2.09262e-05 1.94873e-06 1.21291e-07
 1.6118e-11 1.38717e-09 7.0394e-08 2.10636e-06 3.71651e-05 0.000386752 0.00237622 0.00866851 0.0193296 0.03001 0.0455181 0.0796132 0.12698 0.170104 0.190547 0.162565 0.0987025 0.0439136 0.0154927 0.00450341 0.00104333 0.000181721 2.26209e-05 1.93495e-06 1.10288e-07
 2.66541e-10 2.2051e-08 1.07567e-06 3.09397e-05 0.000524736 0.00524751 0.0309425 0.107587 0.220617 0.267038 0.19174 0.0841979 0.0276809 0.0147631 0.0152466 0.0146842 0.0106901 0.00580553 0.0023363 0.000690203 0.000149727 2.37507e-05 2.69158e-06 2.10366e-07 1.09657e-08
 1.82559e-10 1.4496e-08 6.78705e-07 1.87371e-05 0.000305013 0.00292798 0.0165826 0.0555436 0.111441 0.142511 0.145402 0.16112 0.167784 0.120597 0.0539535 0.0156885 0.00392652 0.00137524 0.000575806 0.000192837 4.52786e-05 7.23086e-06 7.77558e-07 5.58334e-08 2.64439e-09
 4.5205e-10 3.44022e-08 1.54373e-06 4.08456e-05 0.000637246 0.00586225 0.0318019 0.10178 0.192615 0.21816 0.157081 0.0911117 0.0638448 0.0536848 0.0422981 0.0263061 0.0111771 0.00300651 0.000516595 6.56218e-05 8.33421e-06 1.10716e-06 1.16507e-07 8.23136e-09 3.72615e-10
 5.07532e-10 3.69682e-08 1.58774e-06 4.02087e-05 0.000600417 0.00528696 0.0274615 0.0842868 0.154254 0.176048 0.149832 0.132831 0.120548 0.0833643 0.0411218 0.0163423 0.0057906 0.00172824 0.00039154 6.27748e-05 6.86374e-06 5.20082e-07 2.98477e-08 1.41786e-09 5.33757e-11
 7.76736e-10 5.40816e-08 2.2203e-06 5.37481e-05 0.000767197 0.00645754 0.0320606 0.0940344 0.16424 0.177776 0.14065 0.115079 0.103113 0.0791423 0.0494653 0.0250616 0.0093201 0.00233253 0.00039193 4.75801e-05 4.54508e-06 3.40771e-07 1.85113e-08 6.83716e-10 1.69647e-11
 1.05637e-09 7.02235e-08 2.75256e-06 6.3618e-05 0.000866999 0.0069677 0.033036 0.0926229 0.155409 0.165364 0.138268 0.125923 0.115195 0.0836403 0.0482855 0.0230884 0.00853273 0.0022542 0.000419212 5.54336e-05 5.19094e-06 3.39976e-07 1.55576e-08 4.9986e-10 1.11584e-11
 1.40315e-09 8.89558e-08 3.32532e-06 7.32962e-05 0.000952642 0.00730185 0.0330276 0.0884593 0.142753 0.150546 0.134928 0.135167 0.12665 0.0917671 0.0529147 0.0246353 0.00846384 0.00199267 0.000322572 3.77873e-05 3.32287e-06 2.15488e-07 9.82005e-09 3.01859e-10 6.11488e-12
 2.17547e-09 1.31394e-07 4.67931e-06 9.82604e-05 0.00121668 0.00888447 0.0382863 0.0977121 0.150366 0.151666 0.130991 0.127476 0.117867 0.0872045 0.0525083 0.0249687 0.00847315 0.0019384 0.000302217 3.34445e-05 2.69275e-06 1.56496e-07 6.42186e-09 1.82116e-10 3.4905e-12
 3.93557e-09 2.2623e-07 7.66797e-06 0.00015325 0.001806 0.0125511 0.0514678 0.124895 0.182017 0.170782 0.131068 0.111723 0.0937595 0.0635302 0.0349098 0.0152818 0.0048369 0.00104053 0.000153234 1.60598e-05 1.22404e-06 6.69017e-08 2.54768e-09 6.59925e-11 1.1424e-12
 4.8525e-09 2.65238e-07 8.54855e-06 0.000162458 0.00182054 0.0120328 0.0469616 0.108861 0.154298 0.151435 0.140363 0.141045 0.118124 0.0724814 0.0345831 0.0132392 0.00375208 0.000727262 9.54857e-05 8.82391e-06 5.95558e-07 2.93449e-08 1.02493e-09 2.45665e-11 3.93868e-13
 7.39119e-09 3.83835e-07 1.17534e-05 0.000212213 0.0022594 0.0141885 0.052619 0.11598 0.156772 0.148325 0.134908 0.13362 0.112185 0.0722767 0.0371659 0.0146845 0.00400392 0.000703066 7.88312e-05 5.85306e-06 3.05792e-07 1.17942e-08 3.36591e-10 6.87882e-12 9.6939e-14
 1.04579e-08 5.15584e-07 1.4988e-05 0.000256911 0.00259683 0.0154839 0.0545564 0.114594 0.149698 0.14363 0.139972 0.141875 0.115267 0.0706711 0.0344653 0.0129211 0.0033603 0.000569043 6.25089e-05 4.59706e-06 2.34448e-07 8.37972e-09 2.06899e-10 3.46981e-12 3.92672e-14
 1.8684e-08 8.73885e-07 2.41005e-05 0.000391914 0.00375813 0.0212567 0.0710221 0.141198 0.173028 0.150971 0.129327 0.119397 0.0930038 0.056434 0.0273435 0.00995538 0.00245678 0.000389112 3.95877e-05 2.68127e-06 1.26337e-07 4.22622e-09 9.89715e-11 1.5771e-12 1.66986e-14
 2.43661e-08 1.08053e-06 2.82536e-05 0.000435623 0.00396084 0.0212483 0.067424 0.128141 0.154591 0.145446 0.144552 0.139866 0.103078 0.0564633 0.0244528 0.00812229 0.00187636 0.000284179 2.81964e-05 1.89127e-06 8.82822e-08 2.87227e-09 6.38117e-11 9.47816e-13 9.29455e-15
 4.18766e-08 1.75981e-06 4.36064e-05 0.000637134 0.00548965 0.0279049 0.0838646 0.150622 0.169985 0.145234 0.129225 0.117659 0.0868308 0.0500979 0.022853 0.00761038 0.00168217 0.000236771 2.13969e-05 1.29032e-06 5.42456e-08 1.6194e-09 3.38039e-11 4.79247e-13 4.50119e-15
 5.58658e-08 2.22385e-06 5.21982e-05 0.00072245 0.0058969 0.0284061 0.0810396 0.139287 0.155698 0.144121 0.143712 0.132392 0.0919098 0.0485396 0.0203144 0.00634519 0.001353 0.000189905 1.77611e-05 1.13681e-06 5.02569e-08 1.51118e-09 3.02315e-11 3.97066e-13 3.40881e-15
 8.53484e-08 3.21721e-06 7.15077e-05 0.000937198 0.00724407 0.0330483 0.0893327 0.14578 0.155984 0.14078 0.137939 0.125009 0.0876289 0.0480227 0.0205214 0.00626003 0.00125905 0.00016333 1.39848e-05 8.24e-07 3.43359e-08 1.00498e-09 2.00774e-11 2.65987e-13 2.28711e-15
 1.2965e-07 4.62677e-06 9.73588e-05 0.00120804 0.00884052 0.0381924 0.0978552 0.15202 0.157444 0.142071 0.138558 0.12057 0.0797924 0.0410779 0.0164913 0.00474641 0.000907775 0.000113198 9.41117e-06 5.38885e-07 2.15326e-08 5.9273e-10 1.09992e-11 1.35348e-13 1.09189e-15
 1.83715e-07 6.20597e-06 0.000123614 0.00145192 0.0100587 0.0411546 0.100051 0.148742 0.15213 0.142974 0.143267 0.122206 0.0784624 0.0392319 0.0151536 0.00414385 0.000748464 8.81503e-05 6.9473e-06 3.78947e-07 1.44788e-08 3.81591e-10 6.76639e-12 7.91158e-14 6.01303e-16
 2.65104e-07 8.47641e-06 0.000159809 0.00177671 0.0116518 0.0451462 0.104135 0.148117 0.149121 0.143388 0.144398 0.120457 0.0758952 0.0373804 0.0140146 0.00365385 0.000623434 6.91847e-05 5.13738e-06 2.63929e-07 9.48495e-09 2.34842e-10 3.91195e-12 4.30095e-14 3.07701e-16
 4.18358e-07 1.26612e-05 0.000225941 0.00237761 0.0147591 0.0541316 0.118218 0.15932 0.15225 0.139257 0.134014 0.108448 0.0677312 0.0332858 0.0122746 0.00311307 0.000519197 5.724e-05 4.2869e-06 2.22008e-07 7.89493e-09 1.88797e-10 2.98089e-12 3.07215e-14 2.04916e-16
 5.68555e-07 1.62875e-05 0.000275127 0.00274067 0.016108 0.0559922 0.116419 0.152289 0.149764 0.148365 0.144979 0.110629 0.0628256 0.0277678 0.00929477 0.00216482 0.000333283 3.39822e-05 2.36595e-06 1.15335e-07 3.92602e-09 9.11277e-11 1.40512e-12 1.41069e-14 9.08447e-17
 7.39367e-07 2.0051e-05 0.000320638 0.00302388 0.0168305 0.0554743 0.110017 0.14061 0.143805 0.153162 0.152628 0.116018 0.0664542 0.0295383 0.00964276 0.00212203 0.000301752 2.78935e-05 1.73384e-06 7.49933e-08 2.27871e-09 4.78424e-11 6.76938e-13 6.31849e-15 3.82489e-17
 1.06468e-06 2.73363e-05 0.000413875 0.00369558 0.019478 0.0608379 0.114684 0.140954 0.142321 0.151062 0.148184 0.112132 0.0652314 0.0292616 0.00940335 0.00200807 0.000277708 2.52326e-05 1.55043e-06 6.55253e-08 1.89242e-09 3.66544e-11 4.68546e-13 3.91431e-15 2.12096e-17
 1.57681e-06 3.83357e-05 0.00054959 0.00464706 0.0231983 0.0686909 0.123243 0.146271 0.146631 0.154003 0.14435 0.102181 0.0550478 0.022818 0.00679415 0.00134719 0.000173032 1.4606e-05 8.36947e-07 3.32805e-08 9.14264e-10 1.69688e-11 2.07874e-13 1.65161e-15 8.40052e-18
#pred catch len freq
 7.11612e-12 7.72387e-10 4.94327e-08 1.86544e-06 4.15087e-05 0.000544639 0.00421492 0.0192614 0.0522851 0.0867974 0.0997385 0.1079 0.126595 0.127053 0.102482 0.0768949 0.056545 0.0397993 0.0278648 0.0201136 0.0153657 0.012683 0.0108083 0.008236 0.00477339
 8.17102e-12 8.86885e-10 5.67606e-08 2.14197e-06 4.7662e-05 0.000625379 0.00483982 0.0221184 0.0600601 0.0998596 0.115449 0.126417 0.149036 0.147468 0.113208 0.075962 0.0452177 0.0218634 0.00900487 0.00379976 0.00191704 0.00120815 0.000888756 0.000639321 0.00036784
 4.96819e-12 5.3925e-10 3.45119e-08 1.30238e-06 2.89803e-05 0.00038028 0.00294404 0.013479 0.036936 0.0641044 0.0864142 0.122968 0.169765 0.176353 0.13819 0.0940567 0.0557363 0.0257141 0.00912865 0.00269135 0.000719472 0.000212666 9.28339e-05 5.4127e-05 2.92143e-05
 1.33713e-11 1.45133e-09 9.28847e-08 3.50518e-06 7.79946e-05 0.00102332 0.00791747 0.0361357 0.0974652 0.156779 0.15721 0.117276 0.0933534 0.087678 0.0833697 0.0728903 0.0502809 0.025187 0.00954612 0.00291174 0.000715314 0.000142648 2.68097e-05 6.94714e-06 2.67649e-06
 1.91089e-11 2.07409e-09 1.32741e-07 5.00924e-06 0.000111462 0.00146241 0.0113142 0.051626 0.139076 0.222334 0.216366 0.1432 0.0867895 0.0580089 0.0347238 0.0176979 0.00906582 0.0047773 0.00227225 0.000862736 0.000244992 5.20596e-05 8.55475e-06 1.1745e-06 1.75553e-07
 1.74689e-11 1.89608e-09 1.21349e-07 4.57934e-06 0.000101896 0.00133692 0.0103436 0.0472058 0.127284 0.204417 0.203355 0.14655 0.105247 0.0781539 0.0456201 0.0196981 0.00724825 0.00244795 0.000720953 0.000195798 5.32336e-05 1.31049e-05 2.52756e-06 3.59712e-07 3.85743e-08
 1.91137e-11 2.07461e-09 1.32775e-07 5.01051e-06 0.00011149 0.00146279 0.0113171 0.0516402 0.139126 0.222514 0.217007 0.144876 0.0894717 0.0603783 0.0354218 0.0166046 0.00685404 0.0024145 0.000641934 0.000127746 2.11089e-05 3.24775e-06 4.94283e-07 7.04485e-08 8.15019e-09
 1.80212e-11 1.95603e-09 1.25186e-07 4.72412e-06 0.000105118 0.00137918 0.0106705 0.0486952 0.131266 0.210536 0.20814 0.14654 0.100795 0.0727567 0.0419892 0.0179151 0.0064434 0.0020821 0.000548576 0.000112526 1.84528e-05 2.4033e-06 2.453e-07 2.0971e-08 1.67791e-09
 1.79606e-11 1.94945e-09 1.24765e-07 4.70823e-06 0.000104764 0.00137454 0.0106346 0.0485312 0.130822 0.209808 0.207346 0.145805 0.100172 0.0726512 0.0427936 0.0192302 0.00744449 0.00249685 0.000639678 0.000120551 1.78587e-05 2.18362e-06 2.15674e-07 1.66965e-08 1.0063e-09
 1.77169e-11 1.923e-09 1.23072e-07 4.64435e-06 0.000103343 0.0013559 0.0104904 0.0478746 0.129072 0.207163 0.205497 0.146529 0.103233 0.0757614 0.0440949 0.0190142 0.00691383 0.00221551 0.000557063 0.000103953 1.50563e-05 1.74055e-06 1.56187e-07 1.07524e-08 5.79105e-10
 1.72621e-11 1.87363e-09 1.19912e-07 4.52511e-06 0.000100689 0.00132109 0.0102212 0.046648 0.125793 0.20213 0.201585 0.146619 0.107038 0.0803431 0.0471589 0.0204722 0.00748647 0.00238305 0.000580142 0.000100816 1.31224e-05 1.36528e-06 1.12999e-07 7.21354e-09 3.53158e-10
 1.91165e-11 2.07491e-09 1.32794e-07 5.01122e-06 0.000111506 0.00146299 0.0113187 0.0516481 0.139153 0.2226 0.217297 0.145609 0.0905659 0.0610915 0.0350911 0.0155632 0.00593574 0.00195804 0.00048917 8.76233e-05 1.1828e-05 1.25556e-06 1.0195e-07 6.13353e-09 2.76316e-10
 1.96669e-11 2.13465e-09 1.36617e-07 5.15551e-06 0.000114716 0.00150512 0.0116445 0.0531328 0.143128 0.228753 0.222325 0.146314 0.0872019 0.0563646 0.0310245 0.0126399 0.00422449 0.00125764 0.000302321 5.4213e-05 7.46845e-06 8.13863e-07 6.77907e-08 4.17084e-09 1.89738e-10
 1.94697e-11 2.11325e-09 1.35248e-07 5.10382e-06 0.000113566 0.00149003 0.0115278 0.0526014 0.141711 0.226603 0.220782 0.146771 0.089486 0.0587615 0.0321508 0.0126615 0.003952 0.00109136 0.000245929 4.06591e-05 5.00968e-06 4.91645e-07 3.87226e-08 2.36113e-09 1.09241e-10
 1.95818e-11 2.12541e-09 1.36026e-07 5.1332e-06 0.00011422 0.0014986 0.0115942 0.0529039 0.142522 0.227869 0.221868 0.147084 0.0890592 0.0579697 0.0312494 0.0118262 0.00339154 0.000843989 0.000173681 2.55791e-05 2.57856e-06 1.8924e-07 1.09852e-08 5.11971e-10 1.87162e-11
 2.03393e-11 2.20763e-09 1.41288e-07 5.33177e-06 0.000118638 0.00155657 0.0120425 0.0549462 0.147977 0.236212 0.228197 0.146428 0.0819621 0.0498692 0.026442 0.0101799 0.00305996 0.000804526 0.000170955 2.54962e-05 2.58075e-06 1.88312e-07 1.05765e-08 4.51785e-10 1.39822e-11
 2.09341e-11 2.2722e-09 1.4542e-07 5.48771e-06 0.000122108 0.00160209 0.0123946 0.0565502 0.152264 0.242789 0.233286 0.146238 0.0768817 0.0438243 0.0225033 0.00840673 0.00239546 0.000593848 0.00012268 1.83795e-05 1.92279e-06 1.48625e-07 8.87023e-09 3.94651e-10 1.24255e-11
 2.12265e-11 2.30393e-09 1.47451e-07 5.56435e-06 0.000123813 0.00162446 0.0125676 0.0573385 0.154371 0.246024 0.235803 0.146189 0.0744515 0.0408971 0.020548 0.00747278 0.00201441 0.000464151 9.09117e-05 1.31145e-05 1.30669e-06 9.41885e-08 5.25699e-09 2.26268e-10 7.15767e-12
 2.15778e-11 2.34207e-09 1.49892e-07 5.65645e-06 0.000125863 0.00165135 0.0127756 0.0582859 0.156902 0.249901 0.238773 0.145978 0.0713004 0.0372305 0.0182722 0.00657274 0.00174519 0.000393852 7.58368e-05 1.07794e-05 1.04953e-06 7.27186e-08 3.85691e-09 1.57855e-10 4.74971e-12
 2.17269e-11 2.35824e-09 1.50927e-07 5.69552e-06 0.000126732 0.00166276 0.0128638 0.0586878 0.157976 0.251549 0.240049 0.145933 0.0700323 0.0357192 0.0172842 0.00612417 0.0015748 0.000339046 6.30256e-05 8.80657e-06 8.4775e-07 5.78853e-08 3.01116e-09 1.20576e-10 3.53273e-12
 2.2073e-11 2.39582e-09 1.53332e-07 5.78627e-06 0.000128751 0.00168925 0.0130686 0.0596211 0.16047 0.255368 0.242971 0.145716 0.0669141 0.0320979 0.0150463 0.0052505 0.00132074 0.000274957 4.96393e-05 6.78724e-06 6.34842e-07 4.12659e-08 2.01195e-09 7.61085e-11 2.14317e-12
 2.2375e-11 2.42859e-09 1.55429e-07 5.86542e-06 0.000130512 0.00171235 0.0132474 0.0604352 0.162645 0.258699 0.245522 0.14553 0.0642 0.0289428 0.0130924 0.00448271 0.00109449 0.000217163 3.75977e-05 5.01865e-06 4.59872e-07 2.89559e-08 1.34773e-09 4.85027e-11 1.30223e-12
 2.26099e-11 2.45408e-09 1.57061e-07 5.92699e-06 0.000131882 0.00173033 0.0133864 0.0610685 0.164336 0.261289 0.247497 0.145361 0.0620519 0.0264648 0.0115843 0.00392113 0.000948666 0.000185799 3.18418e-05 4.24441e-06 3.9205e-07 2.51621e-08 1.20429e-09 4.44244e-11 1.20762e-12
 2.28478e-11 2.47991e-09 1.58714e-07 5.98937e-06 0.00013327 0.00174854 0.0135272 0.0617101 0.166051 0.263915 0.24951 0.145225 0.0599273 0.0239875 0.0100396 0.00330198 0.000758526 0.000134983 2.09927e-05 2.6402e-06 2.33829e-07 1.41643e-08 6.24998e-10 2.13336e-11 5.52304e-13
 2.31542e-11 2.51317e-09 1.60842e-07 6.06969e-06 0.000135058 0.00177198 0.0137085 0.0625362 0.168258 0.267293 0.252088 0.145006 0.0571278 0.0207567 0.00807158 0.00256679 0.000566007 9.29293e-05 1.31091e-05 1.5395e-06 1.28992e-07 7.16767e-09 2.72858e-10 7.73547e-12 1.70109e-13
 2.33257e-11 2.53178e-09 1.62033e-07 6.11463e-06 0.000136058 0.0017851 0.01381 0.0629985 0.169493 0.269183 0.253527 0.144876 0.055549 0.0189409 0.00697435 0.00216735 0.000468378 7.39397e-05 9.89953e-06 1.12184e-06 9.23976e-08 5.06633e-09 1.88868e-10 5.17626e-12 1.08785e-13
 2.32612e-11 2.52478e-09 1.61585e-07 6.09772e-06 0.000135681 0.00178017 0.0137718 0.0628246 0.169028 0.268473 0.252991 0.144939 0.0561637 0.0196374 0.00738033 0.00229749 0.000488166 7.35544e-05 9.17659e-06 9.84742e-07 7.86881e-08 4.19331e-09 1.49e-10 3.79515e-12 7.39161e-14
 2.35638e-11 2.55763e-09 1.63688e-07 6.17706e-06 0.000137447 0.00180333 0.013951 0.0636406 0.171208 0.271807 0.255523 0.144686 0.0533426 0.0164102 0.0054548 0.00162566 0.000343814 5.24613e-05 6.69103e-06 7.2972e-07 5.85534e-08 3.1021e-09 1.08296e-10 2.67211e-12 5.00679e-14
#obs catch len freq
 4.47483e-11 4.14712e-09 2.26622e-07 7.30209e-06 0.000138733 0.00155425 0.0102692 0.0400538 0.0926821 0.130562 0.12603 0.115584 0.122277 0.11822 0.0960539 0.0691851 0.0426015 0.0215104 0.00903994 0.00314957 0.000869848 0.000180855 2.70824e-05 2.81142e-06 1.95747e-07
 6.60794e-11 5.90655e-09 3.11306e-07 9.67453e-06 0.000177281 0.00191557 0.0122071 0.0459192 0.102455 0.139015 0.128662 0.112439 0.11487 0.110556 0.0918333 0.0673141 0.0410667 0.0200833 0.00802486 0.00262414 0.000677039 0.000131186 1.8206e-05 1.73825e-06 1.10627e-07
 3.8838e-11 3.34252e-09 1.69621e-07 5.07546e-06 8.95512e-05 0.000931814 0.00572231 0.0208215 0.04582 0.0671209 0.0876382 0.129031 0.168996 0.165299 0.129838 0.089353 0.051886 0.0243777 0.00933658 0.00289267 0.000697708 0.000125213 1.60206e-05 1.40674e-06 8.21322e-08
 2.34096e-11 1.93668e-09 9.44733e-08 2.71739e-06 4.60898e-05 0.000461068 0.00272366 0.00956129 0.0206024 0.0314075 0.0479121 0.0835386 0.131254 0.173366 0.190204 0.157454 0.0926241 0.0401044 0.0138064 0.00389851 0.000869789 0.000144652 1.70685e-05 1.37562e-06 7.35115e-08
 3.83935e-10 3.04861e-08 1.42736e-06 3.94051e-05 0.000641443 0.00615675 0.0348445 0.116285 0.228873 0.265933 0.18342 0.0777129 0.025383 0.014257 0.0148169 0.0139141 0.00983261 0.00517145 0.00200862 0.000570975 0.000118773 1.79709e-05 1.9299e-06 1.42061e-07 6.93978e-09
 2.70793e-10 2.06081e-08 9.24749e-07 2.4468e-05 0.000381743 0.00351223 0.0190659 0.0612316 0.117993 0.145999 0.14697 0.161543 0.163276 0.112624 0.0483452 0.0136443 0.0034442 0.00123492 0.000506455 0.000162519 3.63099e-05 5.49536e-06 5.57954e-07 3.76794e-08 1.67166e-09
 6.70381e-10 4.88299e-08 2.09719e-06 5.311e-05 0.000793055 0.00698276 0.0362565 0.111068 0.201247 0.218536 0.151825 0.0866782 0.0607743 0.0506764 0.0391303 0.0235102 0.00955456 0.00245194 0.000404233 5.02065e-05 6.3155e-06 8.10824e-07 8.06607e-08 5.34494e-09 2.26153e-10
 7.67541e-10 5.34414e-08 2.19402e-06 5.31119e-05 0.000758118 0.00638126 0.0316853 0.0929858 0.162878 0.178754 0.148429 0.129757 0.114417 0.0762902 0.0365596 0.0142786 0.00496531 0.00143828 0.000313374 4.8028e-05 5.00715e-06 3.62499e-07 1.99382e-08 9.02882e-10 3.20065e-11
 1.18168e-09 7.85537e-08 3.07908e-06 7.11645e-05 0.000969838 0.0077939 0.0369463 0.103485 0.17277 0.179524 0.138311 0.111821 0.0980417 0.0733387 0.0448094 0.0220295 0.0078626 0.00188092 0.000303023 3.54792e-05 3.26943e-06 2.34508e-07 1.20808e-08 4.21147e-10 9.83871e-12
 1.6367e-09 1.03763e-07 3.87882e-06 8.54962e-05 0.0011112 0.00851669 0.0385121 0.103004 0.165048 0.168506 0.13693 0.121938 0.108046 0.076102 0.0429282 0.0199807 0.00711673 0.00180368 0.000321548 4.06934e-05 3.63541e-06 2.26508e-07 9.8386e-09 2.99118e-10 6.2907e-12
 2.19992e-09 1.3287e-07 4.73188e-06 9.93644e-05 0.00123035 0.00898437 0.0387183 0.0988349 0.152248 0.154228 0.134596 0.131411 0.118961 0.0836166 0.0470282 0.021208 0.00698619 0.00157192 0.000243764 2.74232e-05 2.31055e-06 1.42677e-07 6.15398e-09 1.78279e-10 3.39344e-12
 3.44604e-09 1.98091e-07 6.7142e-06 0.000134188 0.00158138 0.0109906 0.0450803 0.109538 0.160689 0.155283 0.129874 0.12258 0.109508 0.0787563 0.0461837 0.0211775 0.00686837 0.00149887 0.00022338 2.36618e-05 1.81989e-06 1.00621e-07 3.91141e-09 1.04656e-10 1.88521e-12
 6.20455e-09 3.39141e-07 1.09304e-05 0.000207722 0.00232771 0.0153824 0.0599828 0.138441 0.19206 0.172137 0.127231 0.104756 0.0847254 0.0556798 0.029777 0.0125746 0.00380381 0.000780232 0.000109769 1.10043e-05 8.00339e-07 4.15497e-08 1.49627e-09 3.65185e-11 5.93755e-13
 7.84585e-09 4.07446e-07 1.24763e-05 0.000225266 0.00239837 0.0150609 0.0558489 0.123037 0.165898 0.155361 0.137861 0.132311 0.105945 0.0627032 0.0290648 0.0107487 0.00291254 0.000537504 6.72877e-05 5.94306e-06 3.83063e-07 1.79474e-08 5.93024e-10 1.33891e-11 2.01489e-13
 1.20171e-08 5.92458e-07 1.72227e-05 0.000295214 0.00298392 0.0177894 0.0626355 0.131098 0.168395 0.151708 0.131643 0.124375 0.100118 0.0624349 0.031109 0.0117827 0.00305019 0.000506857 5.38553e-05 3.80368e-06 1.89659e-07 6.97728e-09 1.89069e-10 3.64878e-12 4.8331e-14
 1.72132e-08 8.05089e-07 2.22032e-05 0.000361062 0.00346236 0.0195857 0.0654717 0.130488 0.161792 0.147366 0.136201 0.131111 0.101943 0.0604332 0.0285315 0.010248 0.00253016 0.000405651 4.22446e-05 2.9521e-06 1.43107e-07 4.84978e-09 1.13149e-10 1.7882e-12 1.90291e-14
 3.03642e-08 1.34652e-06 3.52086e-05 0.00054285 0.00493547 0.0264681 0.083849 0.158064 0.183671 0.151877 0.123111 0.107851 0.0804789 0.047238 0.0221022 0.00768354 0.00179569 0.000268782 2.58883e-05 1.66495e-06 7.45863e-08 2.36712e-09 5.23766e-11 7.85558e-13 7.80539e-15
 4.03276e-08 1.69472e-06 4.19934e-05 0.000613568 0.00528672 0.0268763 0.0808175 0.145538 0.16623 0.147558 0.137897 0.126098 0.0887187 0.0468902 0.0196184 0.00623343 0.00136563 0.000195678 1.83961e-05 1.17144e-06 5.18898e-08 1.59715e-09 3.34474e-11 4.66985e-13 4.29495e-15
 6.82875e-08 2.71832e-06 6.38042e-05 0.000883068 0.00720731 0.0347036 0.0987957 0.168064 0.179525 0.144747 0.121186 0.104502 0.0739232 0.0412186 0.018083 0.00572633 0.00119559 0.000158784 1.35686e-05 7.76114e-07 3.09844e-08 8.76386e-10 1.72611e-11 2.3001e-13 2.02433e-15
 9.26017e-08 3.49062e-06 7.75846e-05 0.00101684 0.00785943 0.0358507 0.0968432 0.157528 0.166236 0.144228 0.134438 0.116937 0.0776273 0.0395698 0.0159415 0.00474409 0.000957761 0.000127191 1.12731e-05 6.84044e-07 2.86038e-08 8.1068e-10 1.52423e-11 1.8779e-13 1.50982e-15
 1.41823e-07 5.06118e-06 0.0001065 0.00132144 0.00966985 0.0417631 0.106854 0.164898 0.166141 0.139685 0.127287 0.108945 0.073212 0.0387022 0.0158421 0.00458278 0.000870112 0.00010661 8.64591e-06 4.83489e-07 1.90978e-08 5.27794e-10 9.9141e-12 1.23078e-13 9.89164e-16
 2.14969e-07 7.26176e-06 0.000144643 0.00169888 0.0117683 0.0481224 0.116675 0.171286 0.166642 0.139396 0.126041 0.103471 0.0655868 0.0325422 0.0125091 0.00341443 0.000616753 7.26782e-05 5.72258e-06 3.10552e-07 1.17356e-08 3.04448e-10 5.30752e-12 6.12042e-14 4.61671e-16
 3.07411e-07 9.82914e-06 0.000185312 0.00206018 0.0135091 0.05231 0.120298 0.16877 0.161333 0.139343 0.128979 0.103798 0.0638415 0.0307255 0.0113395 0.00293666 0.000500652 5.57109e-05 4.15809e-06 2.14921e-07 7.7631e-09 1.92692e-10 3.20702e-12 3.51019e-14 2.49181e-16
 4.42081e-07 1.33791e-05 0.000238753 0.00251241 0.0155951 0.0571856 0.12476 0.167354 0.15719 0.138833 0.129557 0.102237 0.0617791 0.0292512 0.010454 0.00257724 0.000414764 4.34715e-05 3.05576e-06 1.48677e-07 5.04818e-09 1.17657e-10 1.83884e-12 1.89181e-14 1.26363e-16
 6.98274e-07 2.00035e-05 0.000337893 0.0033657 0.0197755 0.0686392 0.141727 0.179784 0.159145 0.131877 0.116526 0.0890455 0.0533218 0.0251363 0.00881578 0.00211308 0.000332699 3.46812e-05 2.45856e-06 1.20349e-07 4.03224e-09 9.05551e-11 1.33938e-12 1.29052e-14 8.03205e-17
 9.59944e-07 2.60327e-05 0.000416285 0.00392556 0.0218396 0.0718369 0.141112 0.173137 0.156145 0.139029 0.12482 0.089885 0.0488508 0.0206996 0.00659236 0.00145132 0.000210895 2.03308e-05 1.34051e-06 6.18273e-08 1.9845e-09 4.32644e-11 6.24558e-13 5.85553e-15 3.51404e-17
 1.26609e-06 3.25076e-05 0.000492161 0.00439432 0.0231533 0.0722072 0.135165 0.16137 0.150011 0.143383 0.131992 0.0950311 0.0521293 0.0221514 0.0068555 0.00142239 0.000190538 1.66238e-05 9.77468e-07 3.99981e-08 1.14683e-09 2.26357e-11 3.00067e-13 2.61671e-15 1.4764e-17
 1.85281e-06 4.50455e-05 0.000645771 0.00545978 0.0272428 0.0804928 0.14301 0.163181 0.147476 0.138523 0.125063 0.0896636 0.0498964 0.0213272 0.00648167 0.00130431 0.000170013 1.4585e-05 8.46851e-07 3.37702e-08 9.1752e-10 1.66695e-11 1.99414e-13 1.55603e-15 7.86003e-18
#spawning biomass
 50520.7 61399.6 46564.6 71084.9 162990 305712 460412 730861 870573 747737 944966 938194 1.45716e+06 1.54174e+06 1.11002e+06 1.36561e+06 1.41373e+06 1.42526e+06 1.55739e+06 1.60691e+06 1.91783e+06 2.0798e+06 2.24064e+06 1.99226e+06 2.32304e+06 2.29992e+06 2.02975e+06 1.87684e+06 1.90321e+06 4187.69 4187.69 4187.69 4187.69 4187.69 4187.69 4187.69 4187.69 4187.69 4187.69 4187.69 4187.69 4187.69 4187.69 4187.69 4187.69 4187.69 4187.69 4187.69 4187.69 4187.69 4187.69 4187.69 4187.69 4187.69 4187.69 4187.69 4187.69 4187.69 4187.69 4187.69 4187.69 4187.69 4187.69 4187.69 4187.69 4187.69 4187.69 4187.69 4187.69 4187.69 4187.69 4187.69 4187.69 4187.69 4187.69 4187.69 4187.69 4187.69 4187.69 4187.69 4187.69 4187.69 4187.69 4187.69 4187.69 4187.69 4187.69 4187.69 4187.69 4187.69 4187.69 4187.69 4187.69 4187.69 4187.69 4187.69 4187.69 4187.69 4187.69 4187.69 4187.69 4187.69 4187.69 4187.69 4187.69 4187.69 4187.69 4187.69 4187.69 4187.69 4187.69 4187.69 4187.69 4187.69 4187.69 4187.69 4187.69 4187.69 4187.69 4187.69 4187.69 4187.69 4187.69 4187.69 4187.69 4187.69 4187.69 4187.69 0 0 0 0 0 0 0 0 0 0 0 0 0 0 0 0 0 0 0 0 0 0 0 0 0
