SBPRF35
0.175607
Curr Bio
209397
B35
187128
F35
0.935316
FOFL
0.935316
OFL
81560.7
Bzero
50173.4
#pred survey bio
 12241.4 14070.7 15085.7 16943.9 19148.1 23232.1 26268.7 31631.6 39952.1 52989.9 67283.7 80296.5 110808 132388 131981 108095 100059 99442.1 94628.1 91404.5 91332.4 92638.1 96798.8 103163 118129 127890 132638 135568 3.96528e+06 4.13643e+06 2.18215e+06 1.16023e+06 724553 537558 450311 405270 380124 365426 356646 351356 348163 346237 345070 344362 343944 343697 343551 343465 343413 343383 343365 343354 343348 343344 343342 343341 343340 343339 343339 343339 343339 343339 343339 343339 343339 343339 343339 343339 343339 343339 343339 343339 343339 343339 343339 343339 343339 343339 343339 343339 343339 343339 343339 343339 343339 343339 343339 343339 343339 343339 343339 343339 343339 343339 343339 343339 343339 343339 343339 343339 343339 343339 343339 343339 343339 343339 343339 343339 343339 343339 343339 343339 343339 343339 343339 343339 343339 343339 343339 343339 343339 343339 343339 343339 343339 343339 343339 343339 0 0 0 0 0 0 0 0 0 0 0 0 0 0 0 0 0 0 0 0 0 0 0 0 0
#obs survey bio
 10555.9 11442.7 19289 13747.3 17910.4 24239 24826.2 38086.8 37084.3 45083.4 61187.8 91612.4 123133 124073 89338.9 110860 91816.8 96171 68064.2 110016 100845 94621.7 126669 133203 140269 131248 131588 157915
#pred catch bio
 4573.06 6749.53 7434.68 9344.86 10556.5 13490.8 15669.2 21037.7 27398 36046.1 47802.6 54521.7 80759.3 96603.2 104929 87523.6 83140.5 85441.8 82905 80463 81833.9 83156.4 86886 90876.3 107609 116470 123157 103064 81560.7 95919 40513.7 17698 9924.12 7556.88 6886.74 6706.29 6659.4 6647.53 6644.58 6643.86 6643.68 6643.64 6643.63 6643.63 6643.63 6643.63 6643.63 6643.63 6643.63 6643.63 6643.63 6643.63 6643.63 6643.63 6643.63 6643.63 6643.63 6643.63 6643.63 6643.63 6643.63 6643.63 6643.63 6643.63 6643.63 6643.63 6643.63 6643.63 6643.63 6643.63 6643.63 6643.63 6643.63 6643.63 6643.63 6643.63 6643.63 6643.63 6643.63 6643.63 6643.63 6643.63 6643.63 6643.63 6643.63 6643.63 6643.63 6643.63 6643.63 6643.63 6643.63 6643.63 6643.63 6643.63 6643.63 6643.63 6643.63 6643.63 6643.63 6643.63 6643.63 6643.63 6643.63 6643.63 6643.63 6643.63 6643.63 6643.63 6643.63 6643.63 6643.63 6643.63 6643.63 6643.63 6643.63 6643.63 6643.63 6643.63 6643.63 6643.63 6643.63 6643.63 6643.63 6643.63 6643.63 6643.63 6643.63 6643.63 0 0 0 0 0 0 0 0 0 0 0 0 0 0 0 0 0 0 0 0 0 0 0 0 0
#obs catch bio
 7523.25 6994.82 7511.31 9688.97 10753.3 13608.9 15881.6 20931.2 27318.9 36487.8 47638.6 52877.3 77531 94663.1 108292 88252.5 83044.1 85438.8 83863.3 79166.8 80259.3 81960.8 83851.9 87077.7 103425 112265 121437 102250
#pred cpue bio
 11645.5 13160.2 14039.7 15716.1 17328.5 21354.8 24015.7 28184.8 34997.6 46417.2 60230.9 70275.9 96309.1 119078 121588 97989.6 88267.4 88110.6 83192 79942.8 79367.3 79927.3 83436.7 88460.9 100636 109689 114589 115040 3.54978e+06 4.34989e+06 2.17445e+06 1.14529e+06 709398 522397 435150 390109 364962 350265 341484 336195 333002 331075 329909 329200 328782 328536 328390 328303 328252 328222 328204 328193 328187 328183 328181 328179 328178 328178 328178 328177 328177 328177 328177 328177 328177 328177 328177 328177 328177 328177 328177 328177 328177 328177 328177 328177 328177 328177 328177 328177 328177 328177 328177 328177 328177 328177 328177 328177 328177 328177 328177 328177 328177 328177 328177 328177 328177 328177 328177 328177 328177 328177 328177 328177 328177 328177 328177 328177 328177 328177 328177 328177 328177 328177 328177 328177 328177 328177 328177 328177 328177 328177 328177 328177 328177 328177 328177 328177 0 0 0 0 0 0 0 0 0 0 0 0 0 0 0 0 0 0 0 0 0 0 0 0 0
#obs cpue bio
 8108.4 7015.27 11432.3 9834.22 15446.4 20383.3 20659.6 32808.8 33436.8 36857.6 88791.1 137096 145692 133987 87129.3 110575 87069.6 95155.9 87958.9 105428 93779.8 96362.6 127363 136530 153829 171728 138486 113188
#pred surv len freq
 2.56199e-27 2.58496e-27 2.99151e-26 5.77083e-20 1.41465e-14 4.19186e-10 1.50145e-06 0.000650072 0.0340224 0.215236 0.165029 0.0427298 0.209293 0.193089 0.0397043 0.0422411 0.0173646 0.0123615 0.00737988 0.00547891 0.00421698 0.00358841 0.00354816 0.00311763 0.000948591
 2.5627e-27 2.58725e-27 3.22436e-26 6.26214e-20 1.53509e-14 4.54874e-10 1.62928e-06 0.000705417 0.036919 0.23356 0.17897 0.0395032 0.174946 0.162234 0.0496129 0.0725287 0.0253302 0.0116767 0.00525838 0.00297375 0.00186391 0.00135375 0.00118183 0.00103546 0.000344838
 2.56325e-27 2.58853e-27 3.31304e-26 6.44912e-20 1.58092e-14 4.68456e-10 1.67793e-06 0.00072648 0.0380213 0.240534 0.184328 0.0416031 0.18716 0.172889 0.0402883 0.0487626 0.0209389 0.0153458 0.00541414 0.00196445 0.000845094 0.000468373 0.00033689 0.000276142 9.50743e-05
 2.56349e-27 2.58912e-27 3.35834e-26 6.54466e-20 1.60434e-14 4.75396e-10 1.70279e-06 0.000737242 0.0385846 0.244097 0.187055 0.0419451 0.187848 0.173533 0.0406305 0.0491969 0.0182396 0.0101246 0.00483377 0.00218583 0.000590489 0.000199517 0.000101814 7.13872e-05 2.42749e-05
 2.56508e-27 2.59328e-27 3.71296e-26 7.2927e-20 1.78772e-14 5.29733e-10 1.89741e-06 0.000821508 0.0429948 0.271997 0.208359 0.0419546 0.172953 0.159595 0.0346962 0.0391285 0.0145267 0.00796308 0.00306592 0.00130052 0.000478529 0.00011274 3.06861e-05 1.54331e-05 4.90129e-06
 2.56424e-27 2.59089e-27 3.491e-26 6.82443e-20 1.67293e-14 4.95718e-10 1.77558e-06 0.000768758 0.040234 0.254532 0.195046 0.0434446 0.193645 0.178537 0.0353029 0.0356961 0.0127526 0.00631335 0.00240977 0.000925475 0.000289157 8.14325e-05 1.48342e-05 3.78705e-06 1.00233e-06
 2.56452e-27 2.59168e-27 3.5639e-26 6.97822e-20 1.71063e-14 5.06889e-10 1.81559e-06 0.000786082 0.0411407 0.260268 0.199418 0.0429442 0.186765 0.172283 0.035927 0.0386653 0.0132106 0.00561837 0.00199619 0.000708979 0.000205373 5.03573e-05 9.40103e-06 1.28359e-06 2.13247e-07
 2.56597e-27 2.59557e-27 3.90233e-26 7.69216e-20 1.88564e-14 5.58749e-10 2.00134e-06 0.000866505 0.0453498 0.286895 0.219742 0.0424254 0.168538 0.15535 0.0309015 0.0314652 0.0110163 0.00507671 0.0016804 0.000518604 0.00013582 3.02178e-05 5.02279e-06 5.54939e-07 4.73221e-08
 2.56689e-27 2.59791e-27 4.0938e-26 8.09602e-20 1.98464e-14 5.88085e-10 2.10642e-06 0.000912 0.0477308 0.301958 0.231254 0.0430711 0.165364 0.152166 0.0257278 0.0204214 0.0069653 0.00298485 0.00102361 0.000326501 7.48467e-05 1.45792e-05 2.14049e-06 2.04158e-07 1.11643e-08
 2.56691e-27 2.5979e-27 4.0879e-26 8.08356e-20 1.98159e-14 5.8718e-10 2.10318e-06 0.000910596 0.0476573 0.301493 0.230906 0.043491 0.168803 0.155272 0.0250609 0.0180838 0.00572494 0.00179314 0.000574562 0.000175785 4.19072e-05 7.45103e-06 9.32297e-07 7.65271e-08 3.29392e-09
 2.56585e-27 2.59502e-27 3.83297e-26 7.54575e-20 1.84975e-14 5.48114e-10 1.96325e-06 0.000850014 0.0444866 0.281435 0.215602 0.0442537 0.18536 0.170558 0.0278948 0.0206935 0.00642683 0.00179246 0.000497742 0.000116613 2.57352e-05 4.59911e-06 5.31868e-07 3.67585e-08 1.32052e-09
 2.56693e-27 2.59798e-27 4.09775e-26 8.10433e-20 1.98668e-14 5.88689e-10 2.10858e-06 0.000912936 0.0477798 0.302268 0.231494 0.0432547 0.166592 0.153287 0.0257014 0.020041 0.00626422 0.00180058 0.000483527 9.83894e-05 1.6829e-05 2.54838e-06 2.86624e-07 1.80759e-08 5.43718e-10
 2.56726e-27 2.59885e-27 4.17313e-26 8.26336e-20 2.02566e-14 6.0024e-10 2.14996e-06 0.00093085 0.0487173 0.308199 0.236022 0.0431801 0.162844 0.14979 0.0243958 0.0179459 0.00566272 0.00172533 0.000471308 9.71914e-05 1.50556e-05 1.78622e-06 1.6195e-07 9.58182e-09 2.58388e-10
 2.56564e-27 2.59441e-27 3.77328e-26 7.41982e-20 1.81888e-14 5.38966e-10 1.93049e-06 0.000835827 0.0437442 0.276738 0.212026 0.0448956 0.192758 0.177275 0.0271106 0.0172122 0.00534928 0.00152458 0.000421083 9.14322e-05 1.44445e-05 1.60563e-06 1.14475e-07 5.38421e-09 1.32092e-10
 2.56427e-27 2.59075e-27 3.45543e-26 6.7493e-20 1.65451e-14 4.90261e-10 1.75603e-06 0.000760295 0.0397911 0.25173 0.192937 0.0453192 0.209393 0.192758 0.0322446 0.0250167 0.0076057 0.00183869 0.000485157 0.000100207 1.63493e-05 1.88105e-06 1.26645e-07 4.7147e-09 9.20765e-11
 2.56519e-27 2.59323e-27 3.6743e-26 7.21103e-20 1.7677e-14 5.238e-10 1.87616e-06 0.000812307 0.0425132 0.268951 0.206077 0.0447622 0.195922 0.180293 0.0294082 0.0217015 0.0068413 0.00206798 0.000536031 9.56005e-05 1.46358e-05 1.67801e-06 1.16927e-07 4.09634e-09 6.38934e-11
 2.5666e-27 2.59701e-27 4.00515e-26 7.90896e-20 1.93879e-14 5.74497e-10 2.05775e-06 0.000890928 0.046628 0.294982 0.225944 0.0440966 0.176899 0.162666 0.0249753 0.0160198 0.00498296 0.00142521 0.000392911 8.3405e-05 1.18189e-05 1.21002e-06 8.22659e-08 2.94281e-09 4.29005e-11
 2.56642e-27 2.59647e-27 3.95168e-26 7.79614e-20 1.91113e-14 5.66302e-10 2.0284e-06 0.000878219 0.0459628 0.290774 0.222741 0.0447459 0.18409 0.169192 0.0241467 0.0124777 0.00376624 0.000920647 0.000243622 5.04282e-05 8.11523e-06 8.63424e-07 5.22326e-08 1.78909e-09 2.62047e-11
 2.56679e-27 2.59748e-27 4.03948e-26 7.98136e-20 1.95654e-14 5.79756e-10 2.07659e-06 0.000899084 0.0470548 0.297682 0.228013 0.0445555 0.178937 0.164425 0.0230785 0.0112353 0.0032892 0.000640743 0.000155478 2.79753e-05 4.29744e-06 4.87692e-07 3.17879e-08 9.99657e-10 1.38599e-11
 2.56704e-27 2.59813e-27 4.09573e-26 8.10003e-20 1.98562e-14 5.88376e-10 2.10746e-06 0.000912452 0.0477544 0.302108 0.231392 0.0445071 0.176195 0.161866 0.0221175 0.00968673 0.00280884 0.000514747 0.000116637 1.69697e-05 2.26244e-06 2.32861e-07 1.56673e-08 5.26634e-10 6.90949e-12
 2.56733e-27 2.59891e-27 4.1646e-26 8.2453e-20 2.02124e-14 5.98929e-10 2.14526e-06 0.000928816 0.0486109 0.307526 0.235526 0.0443109 0.171797 0.157806 0.021371 0.009005 0.00258146 0.000427128 9.33278e-05 1.26578e-05 1.45245e-06 1.21837e-07 7.23342e-09 2.44702e-10 3.37732e-12
 2.56764e-27 2.59975e-27 4.23878e-26 8.4018e-20 2.0596e-14 6.10296e-10 2.18598e-06 0.000946446 0.0495336 0.313363 0.23998 0.0441487 0.167433 0.153765 0.0203893 0.00778363 0.0022163 0.000353419 7.49868e-05 9.25012e-06 9.968e-07 7.33947e-08 3.50556e-09 1.02209e-10 1.39139e-12
 2.56768e-27 2.59987e-27 4.24824e-26 8.42176e-20 2.06449e-14 6.11746e-10 2.19117e-06 0.000948693 0.0496512 0.314107 0.240549 0.0441558 0.167088 0.153438 0.0201884 0.00740685 0.00208947 0.000304341 6.25802e-05 7.42565e-06 7.51982e-07 5.03823e-08 2.12359e-09 5.00193e-11 5.79155e-13
 2.5679e-27 2.60046e-27 4.30108e-26 8.53322e-20 2.09182e-14 6.19843e-10 2.22017e-06 0.00096125 0.0503083 0.318265 0.24372 0.0439642 0.163402 0.150044 0.0197323 0.00722081 0.00203096 0.000285372 5.71597e-05 6.23838e-06 6.04201e-07 3.81808e-08 1.46117e-09 3.0108e-11 2.8406e-13
 2.56816e-27 2.60118e-27 4.36625e-26 8.67071e-20 2.12552e-14 6.2983e-10 2.25594e-06 0.000976738 0.0511189 0.323393 0.247631 0.0436846 0.158527 0.145566 0.0193025 0.00736808 0.00207525 0.00029088 5.78826e-05 6.09118e-06 5.59364e-07 3.27075e-08 1.17762e-09 2.20668e-11 1.81168e-13
 2.5679e-27 2.60044e-27 4.29799e-26 8.52671e-20 2.09022e-14 6.19369e-10 2.21848e-06 0.000960516 0.0502699 0.318022 0.243536 0.0440777 0.164395 0.150935 0.0194244 0.00629541 0.00176709 0.000257182 5.17293e-05 5.42502e-06 4.89215e-07 2.71787e-08 9.0554e-10 1.57608e-11 1.17858e-13
 2.56759e-27 2.5996e-27 4.22405e-26 8.37073e-20 2.05198e-14 6.08039e-10 2.17789e-06 0.000942945 0.0493503 0.312204 0.239098 0.0443221 0.169373 0.155525 0.020165 0.00682728 0.00189899 0.000239621 4.63497e-05 5.02425e-06 4.57424e-07 2.51244e-08 8.02222e-10 1.29584e-11 8.93589e-14
 2.56833e-27 2.60161e-27 4.40306e-26 8.74837e-20 2.14456e-14 6.35471e-10 2.27615e-06 0.000985486 0.0515768 0.326289 0.249843 0.0436895 0.15701 0.144138 0.0185416 0.00599269 0.00166811 0.000218349 4.18325e-05 3.98962e-06 3.52934e-07 1.98817e-08 6.32653e-10 9.86457e-12 6.34704e-14
#obs surv len freq
 1.24914e-41 1.73373e-33 2.90869e-26 5.89877e-20 1.44601e-14 4.2848e-10 1.53475e-06 0.000664492 0.0347769 0.220009 0.168729 0.0416923 0.169932 0.142283 0.0892319 0.0845288 0.0333625 0.0120616 0.00244242 0.000271786 1.22727e-05 1.65488e-07 5.05763e-10 2.85827e-13 2.60823e-17
 1.55736e-41 2.16151e-33 3.62638e-26 7.35422e-20 1.8028e-14 5.34202e-10 1.91343e-06 0.000828448 0.0433576 0.274293 0.210215 0.0426628 0.142272 0.113368 0.0741823 0.0647307 0.0244926 0.00801328 0.00143966 0.000136987 5.05307e-06 5.28111e-08 1.19886e-10 4.9021e-14 3.1919e-18
 1.29086e-41 1.79163e-33 3.00583e-26 6.09576e-20 1.4943e-14 4.4279e-10 1.586e-06 0.000686683 0.0359383 0.227357 0.174614 0.0516804 0.203721 0.14982 0.0735491 0.0556959 0.0200461 0.00588905 0.000925671 7.34981e-05 2.17159e-06 1.74727e-08 2.95083e-11 8.75669e-15 4.07466e-19
 1.55899e-41 2.16378e-33 3.63019e-26 7.36196e-20 1.8047e-14 5.34765e-10 1.91544e-06 0.00082932 0.0434033 0.274583 0.210608 0.0473835 0.149671 0.109512 0.0846569 0.0595105 0.0156104 0.00369664 0.000499976 3.2586e-05 7.54639e-07 4.60036e-09 5.74732e-12 1.23922e-15 4.13516e-20
 1.54333e-41 2.14204e-33 3.59371e-26 7.28798e-20 1.78656e-14 5.29391e-10 1.89619e-06 0.000820986 0.0429671 0.271824 0.208745 0.0553683 0.179964 0.118616 0.0634573 0.0412454 0.013869 0.00283864 0.000268652 1.35224e-05 2.411e-07 1.09525e-09 9.99552e-13 1.5565e-16 3.72167e-21
 1.34761e-41 1.87039e-33 3.13797e-26 6.36374e-20 1.56e-14 4.62255e-10 1.65572e-06 0.000716871 0.0375182 0.237354 0.182671 0.0613009 0.205856 0.131333 0.0834082 0.0465624 0.0109699 0.00210761 0.000193844 6.90703e-06 8.6318e-08 2.8491e-10 1.87542e-13 2.08778e-17 3.55242e-22
 1.56583e-41 2.17326e-33 3.6461e-26 7.39422e-20 1.81261e-14 5.37109e-10 1.92384e-06 0.000832954 0.0435935 0.275788 0.211986 0.0580331 0.165299 0.104881 0.0833521 0.0439975 0.0105516 0.00156981 0.000109665 3.37832e-06 3.06238e-08 6.78864e-11 3.09511e-14 2.42642e-18 2.91205e-23
 1.7279e-41 2.39821e-33 4.02349e-26 8.15957e-20 2.00022e-14 5.92702e-10 2.12296e-06 0.00091917 0.0481057 0.304334 0.233989 0.06278 0.16343 0.0928911 0.0569379 0.0280387 0.00746057 0.00105014 6.01713e-05 1.34038e-06 9.30158e-09 1.49744e-11 4.59583e-15 2.41813e-19 1.99024e-24
 1.65532e-41 2.29748e-33 3.8545e-26 7.81685e-20 1.91621e-14 5.67807e-10 2.03379e-06 0.000880563 0.0460851 0.291554 0.224633 0.0711981 0.184631 0.0980273 0.0553991 0.022495 0.004484 0.000578568 3.15778e-05 5.67064e-07 2.80274e-09 3.21309e-12 7.05818e-16 2.56522e-20 1.41999e-25
 1.53145e-41 2.12556e-33 3.56606e-26 7.2319e-20 1.77282e-14 5.25318e-10 1.8816e-06 0.000814669 0.0426365 0.26974 0.208417 0.0784939 0.19973 0.104862 0.0669126 0.0240373 0.00396001 0.00037772 1.59612e-05 2.47133e-07 9.72834e-10 7.9822e-13 1.21217e-16 3.07141e-21 1.18838e-26
 1.46783e-41 2.03726e-33 3.41792e-26 6.93148e-20 1.69917e-14 5.03495e-10 1.80344e-06 0.000780826 0.0408653 0.258538 0.2003 0.0842058 0.203819 0.107279 0.0748876 0.0249965 0.0040076 0.000310393 9.30477e-06 1.02127e-07 3.10226e-10 1.97327e-13 2.19038e-17 3.87111e-22 1.02936e-27
 1.88136e-41 2.6112e-33 4.38083e-26 8.88424e-20 2.17787e-14 6.45342e-10 2.31151e-06 0.0010008 0.0523781 0.331369 0.255531 0.0729985 0.140871 0.0737803 0.0527132 0.016529 0.0026377 0.000183991 4.54513e-06 3.51774e-08 7.18978e-11 3.23849e-14 2.65618e-18 3.46023e-23 6.60817e-29
 1.5702e-41 2.17934e-33 3.65629e-26 7.41488e-20 1.81767e-14 5.38609e-10 1.92921e-06 0.000835281 0.0437153 0.276577 0.215389 0.102257 0.213736 0.0902155 0.0430402 0.0122351 0.00187476 0.000119787 2.63042e-06 1.63713e-08 2.39959e-11 7.22163e-15 3.9734e-19 3.60044e-24 4.91889e-30
 1.26974e-41 1.76232e-33 2.95665e-26 5.99603e-20 1.46986e-14 4.35546e-10 1.56005e-06 0.000675449 0.0353503 0.223668 0.176087 0.113751 0.233568 0.119613 0.0782849 0.0171382 0.00176496 9.53039e-05 1.84388e-06 9.69331e-09 1.12654e-11 2.48942e-15 9.43683e-20 5.7125e-25 5.22249e-31
 1.14956e-41 1.59552e-33 2.67681e-26 5.42852e-20 1.33074e-14 3.94322e-10 1.4124e-06 0.000611519 0.0320045 0.20251 0.160689 0.117361 0.227151 0.135115 0.0978658 0.0238091 0.00277311 0.000107132 1.43848e-06 6.01418e-09 5.63111e-12 9.70394e-16 2.75268e-20 1.19611e-25 7.58465e-32
 1.55432e-41 2.15729e-33 3.61931e-26 7.33988e-20 1.79929e-14 5.33161e-10 1.9097e-06 0.000826833 0.0432732 0.273796 0.214431 0.100687 0.165416 0.104721 0.0746741 0.0195655 0.00250457 0.000101921 1.17957e-06 3.37414e-09 2.23e-12 2.89692e-16 6.25794e-21 2.04167e-26 9.52951e-33
 1.41053e-41 1.95772e-33 3.28448e-26 6.66087e-20 1.63283e-14 4.83838e-10 1.73303e-06 0.000750342 0.03927 0.2485 0.198138 0.135936 0.215035 0.0968038 0.0511486 0.0127611 0.00158882 6.61424e-05 7.6307e-07 1.93663e-09 9.52753e-13 8.42984e-17 1.26482e-21 2.97959e-27 1.02253e-33
 1.46146e-41 2.02841e-33 3.40307e-26 6.90137e-20 1.69179e-14 5.01308e-10 1.7956e-06 0.000777434 0.0406879 0.25748 0.205332 0.130026 0.190107 0.107758 0.0570869 0.00979949 0.000907968 3.41218e-05 3.68758e-07 8.69256e-10 3.74974e-13 2.65138e-17 2.8915e-22 4.69012e-28 1.10142e-34
 1.44156e-41 2.00079e-33 3.35674e-26 6.80739e-20 1.66875e-14 4.94482e-10 1.77115e-06 0.000766848 0.0401339 0.254005 0.204761 0.14437 0.195624 0.10141 0.0491117 0.00908182 0.000714738 1.81937e-05 1.51248e-07 3.03133e-10 1.12604e-13 6.73573e-18 5.99407e-23 7.56302e-29 1.31386e-35
 1.55741e-41 2.16159e-33 3.62651e-26 7.35449e-20 1.80287e-14 5.34223e-10 1.9135e-06 0.000828479 0.0433595 0.27443 0.221072 0.141486 0.175177 0.0949453 0.0416248 0.00659493 0.000469568 1.05546e-05 6.31342e-08 8.80612e-11 2.48084e-14 1.18237e-18 8.46647e-24 8.54019e-30 1.16907e-36
 1.50656e-41 2.09101e-33 3.50811e-26 7.11437e-20 1.744e-14 5.1678e-10 1.85102e-06 0.000801429 0.0419439 0.265528 0.217447 0.16059 0.18474 0.089343 0.0342964 0.00500282 0.00030023 5.55365e-06 2.73969e-08 2.87722e-11 5.60482e-15 1.85871e-19 9.69241e-25 7.36902e-31 7.72195e-38
 1.55483e-41 2.15801e-33 3.6205e-26 7.34231e-20 1.79988e-14 5.33338e-10 1.91033e-06 0.000827106 0.0432878 0.274068 0.22538 0.160339 0.172393 0.0892055 0.0306319 0.00368029 0.000182857 2.77279e-06 1.07305e-08 8.74145e-12 1.28992e-15 3.08054e-20 1.11238e-25 5.82419e-32 4.27837e-39
 1.55792e-41 2.16229e-33 3.6277e-26 7.3569e-20 1.80346e-14 5.34397e-10 1.91412e-06 0.00082875 0.043374 0.274683 0.228829 0.170974 0.170185 0.0824439 0.0256653 0.0028957 0.000119142 1.39976e-06 4.17782e-09 2.58444e-12 2.85072e-16 5.0546e-21 1.33984e-26 5.04453e-33 2.60623e-40
 1.59286e-41 2.21078e-33 3.70905e-26 7.52187e-20 1.8439e-14 5.46381e-10 1.95705e-06 0.000847334 0.0443468 0.280908 0.235944 0.174267 0.162193 0.0779188 0.0214089 0.0020895 7.38156e-05 7.1484e-07 1.62407e-09 7.40961e-13 6.0061e-17 7.79249e-22 1.50379e-27 4.11046e-34 1.53785e-41
 1.59016e-41 2.20703e-33 3.70275e-26 7.50911e-20 1.84077e-14 5.45454e-10 1.95373e-06 0.000845896 0.0442719 0.280544 0.239425 0.184361 0.159769 0.071842 0.0174148 0.00148228 4.28907e-05 3.32692e-07 5.94975e-10 2.05416e-13 1.21423e-17 1.13169e-22 1.5663e-28 3.07299e-35 8.24995e-43
 1.37481e-41 1.90815e-33 3.20131e-26 6.4922e-20 1.59149e-14 4.71586e-10 1.68914e-06 0.000731342 0.0382773 0.242849 0.219072 0.216992 0.182998 0.080581 0.0172128 0.00125553 2.9924e-05 1.8426e-07 2.52841e-10 6.59914e-14 2.91134e-18 1.98806e-23 1.98047e-29 2.7665e-36 5.26776e-44
 1.39893e-41 1.94162e-33 3.25748e-26 6.6061e-20 1.61941e-14 4.7986e-10 1.71878e-06 0.000744173 0.0389493 0.247199 0.223362 0.205344 0.17695 0.0887424 0.0175568 0.00112827 2.20959e-05 1.07369e-07 1.12839e-10 2.20267e-14 7.15993e-19 3.57784e-24 2.59603e-30 2.62516e-37 3.59123e-45
 1.46681e-41 2.03584e-33 3.41554e-26 6.92664e-20 1.69798e-14 5.03144e-10 1.80218e-06 0.000780282 0.0408391 0.25914 0.231887 0.20274 0.169086 0.0784729 0.0159693 0.00106509 1.93403e-05 8.16346e-08 7.18446e-11 1.15248e-14 3.04721e-19 1.23026e-24 7.18114e-31 5.83107e-38 6.40303e-46
#pred catch len freq
 2.55931e-27 2.57768e-27 2.34806e-26 4.41341e-20 1.08189e-14 3.20585e-10 1.14828e-06 0.000497162 0.0260196 0.164608 0.126399 0.0445224 0.250075 0.2307 0.0459284 0.0469987 0.0192793 0.0136829 0.00816601 0.00606187 0.0046656 0.00397016 0.00392562 0.00344929 0.0010495
 2.56043e-27 2.58114e-27 2.68814e-26 5.13096e-20 1.25779e-14 3.72706e-10 1.33497e-06 0.000577991 0.03025 0.19137 0.146774 0.0407155 0.206792 0.19169 0.0560503 0.0798149 0.0278387 0.0127882 0.00575648 0.00325497 0.00204013 0.00148174 0.00129357 0.00113335 0.00037744
 2.56103e-27 2.5825e-27 2.78121e-26 5.32719e-20 1.3059e-14 3.8696e-10 1.38603e-06 0.000600097 0.0314069 0.198689 0.1524 0.0430631 0.220703 0.203844 0.0457834 0.0535389 0.0229407 0.0167641 0.00591304 0.00214508 0.000922775 0.000511423 0.000367855 0.000301524 0.000103813
 2.56157e-27 2.5839e-27 2.89698e-26 5.57139e-20 1.36576e-14 4.04699e-10 1.44956e-06 0.000627606 0.0328466 0.207797 0.159358 0.0432971 0.217596 0.200977 0.0453468 0.0530594 0.0196389 0.0108651 0.00518536 0.00234452 0.000633344 0.000213995 0.000109202 7.65676e-05 2.60365e-05
 2.56316e-27 2.58807e-27 3.25216e-26 6.32062e-20 1.54942e-14 4.59122e-10 1.6445e-06 0.000712005 0.0372638 0.235741 0.180697 0.0433423 0.202948 0.18726 0.0393335 0.0427544 0.0158453 0.00865714 0.00333199 0.00141316 0.000519961 0.0001225 3.33428e-05 1.67692e-05 5.32563e-06
 2.56246e-27 2.58604e-27 3.06055e-26 5.91636e-20 1.45032e-14 4.29757e-10 1.53932e-06 0.000666466 0.0348804 0.220664 0.169208 0.0448651 0.222609 0.205227 0.039349 0.0382123 0.0136283 0.00672381 0.00256548 0.000985113 0.000307783 8.66775e-05 1.57897e-05 4.03097e-06 1.06689e-06
 2.56284e-27 2.58711e-27 3.15793e-26 6.12179e-20 1.50068e-14 4.44679e-10 1.59277e-06 0.000689607 0.0360915 0.228325 0.175049 0.0442684 0.213964 0.197352 0.0398238 0.0412467 0.0140719 0.00596349 0.00211792 0.000752084 0.000217854 5.34173e-05 9.97228e-06 1.36159e-06 2.26204e-07
 2.56476e-27 2.59225e-27 3.6066e-26 7.06828e-20 1.7327e-14 5.13431e-10 1.83902e-06 0.000796227 0.0416716 0.263627 0.201991 0.0434529 0.188829 0.174039 0.0335604 0.0328277 0.0114747 0.00526961 0.0017436 0.000538009 0.000140898 3.13474e-05 5.21055e-06 5.75683e-07 4.9091e-08
 2.56582e-27 2.59497e-27 3.8316e-26 7.54289e-20 1.84905e-14 5.47906e-10 1.96251e-06 0.000849691 0.0444698 0.281328 0.215517 0.0440433 0.183818 0.169151 0.0279191 0.0211442 0.00719874 0.00307401 0.00105375 0.000336056 7.70349e-05 1.50053e-05 2.20306e-06 2.10126e-07 1.14906e-08
 2.56579e-27 2.59484e-27 3.81441e-26 7.5066e-20 1.84015e-14 5.4527e-10 1.95307e-06 0.000845603 0.0442558 0.279975 0.214491 0.0445158 0.188135 0.173063 0.027328 0.0187757 0.00593413 0.00185182 0.000593044 0.000181405 4.32459e-05 7.689e-06 9.62072e-07 7.89712e-08 3.39912e-09
 2.56488e-27 2.59236e-27 3.59488e-26 7.04347e-20 1.72662e-14 5.11629e-10 1.83257e-06 0.000793432 0.0415254 0.262701 0.201312 0.0451757 0.202416 0.186248 0.0297829 0.0210493 0.00652729 0.00181374 0.000503362 0.000117906 2.60194e-05 4.64987e-06 5.37739e-07 3.71642e-08 1.3351e-09
 2.56581e-27 2.59492e-27 3.82424e-26 7.52734e-20 1.84524e-14 5.46776e-10 1.95846e-06 0.000847939 0.0443781 0.280748 0.215078 0.0442699 0.185852 0.171013 0.0280022 0.0208259 0.00649986 0.00186142 0.000499589 0.000101636 1.73836e-05 2.63235e-06 2.96067e-07 1.86714e-08 5.61632e-10
 2.56646e-27 2.59668e-27 3.97845e-26 7.85266e-20 1.92498e-14 5.70407e-10 2.0431e-06 0.000884586 0.046296 0.292882 0.224338 0.0439433 0.176861 0.162682 0.025911 0.0181556 0.00571965 0.00173626 0.000474047 9.77359e-05 1.51394e-05 1.79614e-06 1.62849e-07 9.63502e-09 2.59823e-10
 2.56478e-27 2.59204e-27 3.56132e-26 6.97266e-20 1.70926e-14 5.06486e-10 1.81415e-06 0.000785456 0.0411079 0.260061 0.199305 0.0457412 0.20813 0.191412 0.0287162 0.0173149 0.00537164 0.00152529 0.000421044 9.14047e-05 1.44396e-05 1.60507e-06 1.14436e-07 5.38233e-09 1.32046e-10
 2.56387e-27 2.58963e-27 3.35431e-26 6.53597e-20 1.60222e-14 4.74765e-10 1.70053e-06 0.000736264 0.0385334 0.243773 0.186869 0.0458223 0.217485 0.200178 0.0327053 0.024199 0.00734692 0.00176955 0.000466607 9.63547e-05 1.57202e-05 1.80865e-06 1.21771e-07 4.53324e-09 8.85327e-11
 2.5649e-27 2.59243e-27 3.60166e-26 7.05777e-20 1.73013e-14 5.12668e-10 1.83629e-06 0.000795044 0.0416097 0.263235 0.201719 0.0451576 0.201993 0.185854 0.0296442 0.0208385 0.00655871 0.00197526 0.000511736 9.12479e-05 1.39688e-05 1.60152e-06 1.11597e-07 3.90961e-09 6.09809e-11
 2.56647e-27 2.59664e-27 3.9706e-26 7.83608e-20 1.92092e-14 5.69203e-10 2.03879e-06 0.000882719 0.0461983 0.292263 0.223872 0.0443325 0.180149 0.165635 0.0249428 0.0151974 0.00471882 0.00134467 0.000370501 7.86318e-05 1.11421e-05 1.14072e-06 7.75541e-08 2.77426e-09 4.04433e-11
 2.56648e-27 2.59661e-27 3.96309e-26 7.82021e-20 1.91703e-14 5.68051e-10 2.03466e-06 0.000880931 0.0461047 0.291672 0.223427 0.0447981 0.184005 0.169093 0.0237608 0.0116221 0.00350088 0.000852605 0.00022547 4.6661e-05 7.50869e-06 7.98884e-07 4.83283e-08 1.65535e-09 2.42459e-11
 2.56697e-27 2.59793e-27 4.07928e-26 8.06532e-20 1.97712e-14 5.85855e-10 2.09843e-06 0.000908541 0.0475498 0.300813 0.230403 0.0444949 0.176797 0.162436 0.0224688 0.0103456 0.00302258 0.000586647 0.000142237 2.55872e-05 3.93041e-06 4.46035e-07 2.90727e-08 9.14269e-10 1.2676e-11
 2.56723e-27 2.59864e-27 4.14076e-26 8.19502e-20 2.00891e-14 5.95276e-10 2.13218e-06 0.000923152 0.0483144 0.305651 0.234095 0.0444138 0.173585 0.159448 0.0215037 0.00889592 0.00257377 0.000469951 0.000106397 1.54764e-05 2.06323e-06 2.12356e-07 1.42876e-08 4.80259e-10 6.30103e-12
 2.56762e-27 2.59971e-27 4.235e-26 8.39384e-20 2.05765e-14 6.09718e-10 2.18391e-06 0.000945548 0.0494866 0.313066 0.239753 0.0441185 0.167363 0.15371 0.020556 0.00817803 0.00233906 0.00038563 8.41818e-05 1.14148e-05 1.30973e-06 1.09864e-07 6.52261e-09 2.20655e-10 3.04544e-12
 2.56793e-27 2.60055e-27 4.30918e-26 8.55032e-20 2.09601e-14 6.21085e-10 2.22462e-06 0.000963176 0.0504092 0.318902 0.244207 0.0439444 0.162909 0.149588 0.0196115 0.00706177 0.00200573 0.000318696 6.75544e-05 8.3314e-06 8.97739e-07 6.61e-08 3.15714e-09 9.20506e-11 1.2531e-12
 2.56797e-27 2.60065e-27 4.31792e-26 8.56875e-20 2.10053e-14 6.22423e-10 2.22942e-06 0.000965252 0.0505178 0.31959 0.244732 0.0439501 0.162584 0.14928 0.0194285 0.00672108 0.00189114 0.000274484 5.63814e-05 6.68858e-06 6.77295e-07 4.53777e-08 1.91265e-09 4.50507e-11 5.21626e-13
 2.56807e-27 2.60093e-27 4.34224e-26 8.62007e-20 2.11311e-14 6.26151e-10 2.24277e-06 0.000971033 0.0508203 0.321504 0.246192 0.043863 0.160895 0.147726 0.0192174 0.00663073 0.0018602 0.000260467 5.21144e-05 5.68645e-06 5.50705e-07 3.47998e-08 1.33178e-09 2.74418e-11 2.58905e-13
 2.56853e-27 2.60218e-27 4.45459e-26 8.85707e-20 2.1712e-14 6.43366e-10 2.30443e-06 0.00099773 0.0522176 0.330343 0.252934 0.0434105 0.152714 0.140204 0.0183816 0.0066183 0.0018595 0.00025973 5.16277e-05 5.43173e-06 4.98768e-07 2.91638e-08 1.05003e-09 1.9676e-11 1.61539e-13
 2.56826e-27 2.60144e-27 4.38688e-26 8.71423e-20 2.13619e-14 6.32991e-10 2.26727e-06 0.00098164 0.0513755 0.325016 0.248872 0.0437887 0.158447 0.145451 0.0185403 0.0056603 0.00158416 0.000229747 4.61627e-05 4.84013e-06 4.36439e-07 2.42463e-08 8.07837e-10 1.40603e-11 1.05142e-13
 2.56809e-27 2.60097e-27 4.34571e-26 8.62737e-20 2.1149e-14 6.26682e-10 2.24467e-06 0.000971856 0.0508634 0.321776 0.246401 0.043915 0.161144 0.147941 0.0189904 0.00605854 0.00168053 0.000211335 4.08286e-05 4.42474e-06 4.02814e-07 2.21246e-08 7.06437e-10 1.14112e-11 7.86894e-14
 2.56774e-27 2.59999e-27 4.25756e-26 8.4414e-20 2.06931e-14 6.13173e-10 2.19628e-06 0.000950906 0.049767 0.31484 0.24111 0.0442801 0.167639 0.153911 0.0196106 0.00597042 0.00165709 0.000216162 4.13653e-05 3.94417e-06 3.48884e-07 1.96533e-08 6.25383e-10 9.75121e-12 6.2741e-14
#obs catch len freq
 5.97865e-42 8.29797e-34 1.39216e-26 2.82327e-20 6.9209e-15 2.05079e-10 7.3456e-07 0.000318039 0.0166449 0.105302 0.0811736 0.0423219 0.226609 0.191385 0.13189 0.127673 0.052501 0.0195844 0.00410295 0.000471583 2.21783e-05 3.13854e-07 1.0054e-09 5.91666e-13 5.58456e-17
 6.83253e-42 9.4831e-34 1.59099e-26 3.22649e-20 7.90936e-15 2.34369e-10 8.3947e-07 0.000363462 0.0190221 0.120341 0.0927705 0.0461449 0.229846 0.184576 0.129152 0.114476 0.0448901 0.0152391 0.00288105 0.000286054 1.09627e-05 1.19153e-07 2.81735e-10 1.19723e-13 8.06364e-18
 1.02864e-41 1.42768e-33 2.39523e-26 4.85748e-20 1.19075e-14 3.52842e-10 1.26382e-06 0.000547192 0.0286378 0.181173 0.139291 0.0481806 0.202444 0.154504 0.11032 0.0894126 0.0334381 0.0102033 0.00169941 0.000143068 4.4357e-06 3.70635e-08 6.47514e-11 1.98501e-14 9.52437e-19
 8.82121e-42 1.22433e-33 2.05406e-26 4.16559e-20 1.02115e-14 3.02584e-10 1.08381e-06 0.000469251 0.0245587 0.155368 0.11992 0.0599992 0.26181 0.182782 0.0959744 0.0676549 0.0239367 0.00651614 0.000941757 6.55946e-05 1.61525e-06 1.03163e-08 1.33419e-11 2.95973e-15 1.0133e-19
 1.21945e-41 1.69252e-33 2.83955e-26 5.75856e-20 1.41164e-14 4.18296e-10 1.49827e-06 0.000648698 0.0339503 0.214781 0.165187 0.0539673 0.193196 0.135537 0.109962 0.070313 0.0179713 0.00396598 0.000489369 2.77255e-05 5.30851e-07 2.5533e-09 2.43233e-12 3.90974e-16 9.5839e-21
 1.28736e-41 1.78677e-33 2.99768e-26 6.07923e-20 1.49025e-14 4.41589e-10 1.5817e-06 0.000684821 0.0358408 0.226743 0.174639 0.0636876 0.220257 0.137641 0.0765802 0.0459981 0.0149246 0.00275381 0.000237943 1.03866e-05 1.51971e-07 5.41729e-10 3.75635e-13 4.35023e-17 7.62917e-22
 1.16958e-41 1.62331e-33 2.72343e-26 5.52306e-20 1.35391e-14 4.0119e-10 1.437e-06 0.00062217 0.0325619 0.206001 0.159086 0.0696207 0.235807 0.143214 0.0931349 0.0471615 0.0107412 0.00189042 0.00015381 4.69175e-06 4.81368e-08 1.24249e-10 6.19521e-14 5.11896e-18 6.37987e-23
 1.45176e-41 2.01495e-33 3.38049e-26 6.85557e-20 1.68056e-14 4.97981e-10 1.78369e-06 0.000772275 0.0404178 0.2557 0.19696 0.0646538 0.184668 0.112499 0.089986 0.0430867 0.00985316 0.00131729 8.23747e-05 2.14167e-06 1.57048e-08 2.72031e-11 9.38892e-15 5.45581e-19 4.79098e-24
 1.67177e-41 2.32031e-33 3.8928e-26 7.89451e-20 1.93525e-14 5.73449e-10 2.054e-06 0.000889311 0.046543 0.29445 0.226763 0.0688558 0.175423 0.0948945 0.058349 0.0263414 0.00661876 0.000827508 4.15903e-05 7.81003e-07 4.36506e-09 5.44441e-12 1.26262e-15 4.92488e-20 2.96442e-25
 1.64157e-41 2.27839e-33 3.82247e-26 7.7519e-20 1.90029e-14 5.6309e-10 2.0169e-06 0.000873246 0.0457023 0.289134 0.223148 0.0770857 0.190226 0.0959835 0.0538444 0.0198074 0.00374158 0.000431995 2.03588e-05 3.03063e-07 1.19947e-09 1.06377e-12 1.76042e-16 4.73775e-21 1.91906e-26
 1.55681e-41 2.16075e-33 3.62511e-26 7.35164e-20 1.80217e-14 5.34015e-10 1.91276e-06 0.000828157 0.0433425 0.274208 0.212229 0.0839372 0.19931 0.100135 0.0624299 0.0201915 0.00311279 0.000263597 9.68802e-06 1.23451e-07 3.84341e-10 2.42582e-13 2.77166e-17 5.19556e-22 1.47025e-27
 1.52065e-41 2.11057e-33 3.54091e-26 7.1809e-20 1.76031e-14 5.21613e-10 1.86833e-06 0.000808924 0.0423359 0.267844 0.207841 0.0891847 0.199246 0.101114 0.0679214 0.0204621 0.00302997 0.000205071 5.29668e-06 4.79454e-08 1.15022e-10 5.59307e-14 4.65257e-18 6.07661e-23 1.18149e-28
 1.9277e-41 2.67552e-33 4.48874e-26 9.10308e-20 2.23151e-14 6.61238e-10 2.36845e-06 0.00102546 0.0536683 0.339534 0.2621 0.0762241 0.136 0.0690905 0.0469424 0.0133461 0.0019465 0.000117725 2.46463e-06 1.55681e-08 2.5118e-11 8.65093e-15 5.30484e-19 5.09529e-24 7.11014e-30
 1.62392e-41 2.2539e-33 3.78138e-26 7.66857e-20 1.87986e-14 5.57037e-10 1.99521e-06 0.000863859 0.045211 0.286045 0.223227 0.107251 0.205542 0.0827108 0.0378886 0.00981887 0.00136297 7.51958e-05 1.38369e-06 6.94534e-09 7.96903e-12 1.83027e-15 7.52989e-20 5.02582e-25 5.00831e-31
 1.33413e-41 1.85169e-33 3.10659e-26 6.30009e-20 1.54439e-14 4.57632e-10 1.63916e-06 0.000709701 0.037143 0.235017 0.185571 0.120053 0.225707 0.112772 0.0683401 0.0133673 0.00125801 5.88422e-05 9.46747e-07 3.98094e-09 3.59247e-12 6.02655e-16 1.70527e-20 7.60528e-26 5.07173e-32
 1.21934e-41 1.69237e-33 2.8393e-26 5.75805e-20 1.41152e-14 4.18258e-10 1.49813e-06 0.00064864 0.0339473 0.214811 0.171041 0.124122 0.22013 0.129147 0.0853412 0.0188143 0.00193045 6.35197e-05 7.14314e-07 2.38488e-09 1.72395e-12 2.24412e-16 4.73653e-21 1.51466e-26 7.0098e-33
 1.63242e-41 2.2657e-33 3.80118e-26 7.70871e-20 1.8897e-14 5.59952e-10 2.00566e-06 0.000868381 0.0454476 0.287562 0.22566 0.104476 0.157132 0.0982733 0.0636069 0.0152141 0.00169845 5.82417e-05 5.50166e-07 1.25131e-09 6.39358e-13 6.25851e-17 1.00276e-21 2.40221e-27 8.17428e-34
 1.48836e-41 2.06575e-33 3.46572e-26 7.0284e-20 1.72293e-14 5.10536e-10 1.82866e-06 0.000791745 0.0414369 0.262226 0.209738 0.140559 0.202506 0.0886587 0.0431433 0.00983518 0.00106601 3.72571e-05 3.46696e-07 6.89186e-10 2.5983e-13 1.73057e-17 1.92433e-22 3.32135e-28 8.29155e-35
 1.54504e-41 2.14441e-33 3.59769e-26 7.29605e-20 1.78854e-14 5.29977e-10 1.89829e-06 0.000821895 0.0430148 0.27222 0.217697 0.133753 0.178733 0.0990172 0.0468557 0.00727213 0.000594634 1.8756e-05 1.62632e-07 2.97754e-10 9.75554e-14 5.16079e-18 4.16336e-23 4.94892e-29 8.45006e-36
 1.52771e-41 2.12037e-33 3.55736e-26 7.21424e-20 1.76849e-14 5.24035e-10 1.87701e-06 0.00081268 0.0425326 0.269206 0.217687 0.147697 0.182711 0.0921312 0.0401028 0.00665914 0.000448785 9.59714e-06 6.43404e-08 9.97998e-11 2.79972e-14 1.24596e-18 8.16767e-24 7.538e-30 9.52533e-37
 1.64561e-41 2.284e-33 3.83189e-26 7.77099e-20 1.90497e-14 5.64477e-10 2.02186e-06 0.000875397 0.045815 0.289994 0.234229 0.143407 0.162295 0.0851325 0.0332376 0.00472054 0.000287597 5.33137e-06 2.545e-08 2.7526e-11 5.85106e-15 2.06706e-19 1.08598e-24 7.98519e-31 7.93181e-38
 1.59649e-41 2.21583e-33 3.71751e-26 7.53903e-20 1.8481e-14 5.47627e-10 1.96151e-06 0.000849266 0.0444476 0.281407 0.231136 0.161996 0.170205 0.0791715 0.0270887 0.00351392 0.000178897 2.72099e-06 1.06208e-08 8.57499e-12 1.25802e-15 3.09102e-20 1.17991e-25 6.51784e-32 4.94036e-39
 1.64626e-41 2.2849e-33 3.8334e-26 7.77406e-20 1.90572e-14 5.64699e-10 2.02266e-06 0.000875742 0.0458334 0.29022 0.239307 0.160786 0.158408 0.0782298 0.0237109 0.00252054 0.000105849 1.30939e-06 3.98924e-09 2.48774e-12 2.75258e-16 4.86059e-21 1.28471e-26 4.88486e-33 2.59055e-40
 1.65002e-41 2.29012e-33 3.84214e-26 7.79179e-20 1.91007e-14 5.65987e-10 2.02727e-06 0.00087774 0.0459381 0.290965 0.243037 0.170495 0.155549 0.0714744 0.0196533 0.00194143 6.67879e-05 6.3715e-07 1.49031e-09 7.02836e-13 5.79625e-17 7.58077e-22 1.46847e-27 4.01428e-34 1.49855e-41
 1.6857e-41 2.33964e-33 3.92524e-26 7.9603e-20 1.95138e-14 5.78228e-10 2.07112e-06 0.000896723 0.0469319 0.297335 0.250322 0.172725 0.147606 0.066668 0.0161027 0.00136916 4.02117e-05 3.13194e-07 5.5443e-10 1.92271e-13 1.16229e-17 1.11005e-22 1.56298e-28 3.09769e-35 8.36545e-43
 1.68302e-41 2.33592e-33 3.919e-26 7.94764e-20 1.94827e-14 5.77308e-10 2.06782e-06 0.000895297 0.0468577 0.296996 0.25401 0.181851 0.14477 0.0607393 0.0129064 0.000948806 2.26813e-05 1.40785e-07 1.95079e-10 5.09731e-14 2.24208e-18 1.53603e-23 1.54899e-29 2.20078e-36 4.26049e-44
 1.4702e-41 2.04054e-33 3.42342e-26 6.94263e-20 1.7019e-14 5.04305e-10 1.80634e-06 0.000782083 0.0409335 0.259796 0.234919 0.214902 0.167144 0.0680306 0.0126812 0.000793226 1.5519e-05 7.59836e-08 8.04343e-11 1.58343e-14 5.18409e-19 2.59808e-24 1.88455e-30 1.90562e-37 2.61504e-45
 1.49683e-41 2.0775e-33 3.48544e-26 7.06841e-20 1.73274e-14 5.13442e-10 1.83906e-06 0.000796252 0.0416748 0.2644 0.234766 0.197277 0.167263 0.0785758 0.0143964 0.000834475 1.43388e-05 5.97303e-08 5.2729e-11 8.52332e-15 2.27058e-19 9.23274e-25 5.42427e-31 4.42598e-38 4.87333e-46
#spawning biomass
 15535.6 18211.5 19923.8 22579.6 26588.6 31744.4 36123.2 45161.1 58752.1 78153.7 96507.3 118419 164986 189231 181960 152474 146609 145339 139772 136002 137001 140241 146746 157347 181482 195139 200645 209397 248695 198818 86327.5 40004.6 24221.2 19414.9 18054.3 17688 17592.8 17568.7 17562.7 17561.2 17560.8 17560.8 17560.7 17560.7 17560.7 17560.7 17560.7 17560.7 17560.7 17560.7 17560.7 17560.7 17560.7 17560.7 17560.7 17560.7 17560.7 17560.7 17560.7 17560.7 17560.7 17560.7 17560.7 17560.7 17560.7 17560.7 17560.7 17560.7 17560.7 17560.7 17560.7 17560.7 17560.7 17560.7 17560.7 17560.7 17560.7 17560.7 17560.7 17560.7 17560.7 17560.7 17560.7 17560.7 17560.7 17560.7 17560.7 17560.7 17560.7 17560.7 17560.7 17560.7 17560.7 17560.7 17560.7 17560.7 17560.7 17560.7 17560.7 17560.7 17560.7 17560.7 17560.7 17560.7 17560.7 17560.7 17560.7 17560.7 17560.7 17560.7 17560.7 17560.7 17560.7 17560.7 17560.7 17560.7 17560.7 17560.7 17560.7 17560.7 17560.7 17560.7 17560.7 17560.7 17560.7 17560.7 17560.7 17560.7 0 0 0 0 0 0 0 0 0 0 0 0 0 0 0 0 0 0 0 0 0 0 0 0 0
