SBPRF35
0.256306
Curr Bio
142607
B35
204615
F35
0.385682
FOFL
0.206487
OFL
26088.9
Bzero
73230.3
#pred survey bio
 25362 22277.6 16965.3 16091.9 26235.6 41324.7 53878.2 63427.7 88760.2 111304 140009 177310 229788 242451 252108 246148 227713 208187 217362 228484 236492 253249 261959 269245 283273 262943 256282 256270 210871 6.37664e+06 3.58013e+06 2.69428e+06 1.93047e+06 1.4202e+06 1.11769e+06 948878 857254 807840 780958 766051 757566 752595 749596 747738 746558 745802 745309 744984 744769 744625 744528 744464 744420 744390 744371 744357 744348 744342 744338 744335 744333 744332 744331 744330 744330 744330 744329 744329 744329 744329 744329 744329 744329 744329 744329 744329 744329 744329 744329 744329 744329 744329 744329 744329 744329 744329 744329 744329 744329 744329 744329 744329 744329 744329 744329 744329 744329 744329 744329 744329 744329 744329 744329 744329 744329 744329 744329 744329 744329 744329 744329 744329 744329 744329 744329 744329 744329 744329 744329 744329 744329 744329 744329 744329 744329 744329 744329 744329 744329 0 0 0 0 0 0 0 0 0 0 0 0 0 0 0 0 0 0 0 0 0 0 0 0 0
#obs survey bio
 21449.2 10774.1 13833.6 20731.9 26469.7 52083.8 46109.4 80703.8 90908 129653 115666 223164 246251 225466 210879 197085 209838 248809 165398 268007 303977 292602 273976 180520 345993 252686 291613 170756 215748
#pred catch bio
 3617.62 4016.77 2657.89 3080.23 4997.24 9501.54 16171.2 14822.2 25707.1 33749.3 43747.9 53705.3 96095.1 96261.8 100894 107751 101183 77961 82468.9 90407.2 90940.3 98031.2 104466 104193 120193 103817 97994.4 124143 107098 26088.9 44336.4 32283.9 22301.4 15875.5 12230.6 10308.8 9340.55 8866.79 8639.44 8531.77 8481.22 8457.64 8446.69 8441.61 8439.26 8438.18 8437.69 8437.46 8437.35 8437.3 8437.28 8437.27 8437.27 8437.26 8437.26 8437.26 8437.26 8437.26 8437.26 8437.26 8437.26 8437.26 8437.26 8437.26 8437.26 8437.26 8437.26 8437.26 8437.26 8437.26 8437.26 8437.26 8437.26 8437.26 8437.26 8437.26 8437.26 8437.26 8437.26 8437.26 8437.26 8437.26 8437.26 8437.26 8437.26 8437.26 8437.26 8437.26 8437.26 8437.26 8437.26 8437.26 8437.26 8437.26 8437.26 8437.26 8437.26 8437.26 8437.26 8437.26 8437.26 8437.26 8437.26 8437.26 8437.26 8437.26 8437.26 8437.26 8437.26 8437.26 8437.26 8437.26 8437.26 8437.26 8437.26 8437.26 8437.26 8437.26 8437.26 8437.26 8437.26 8437.26 8437.26 8437.26 8437.26 8437.26 8437.26 8437.26 8437.26 0 0 0 0 0 0 0 0 0 0 0 0 0 0 0 0 0 0 0 0 0 0 0 0 0
#obs catch bio
 3486.78 4334.98 2754.02 3190.07 4997.02 9202.19 16239.7 14240.9 24650.5 32107.8 42852.4 49751.1 90688.9 90797.4 101691 114274 105230 76764.2 82385.4 91251.7 89378.1 91796.9 101562 105288 117920 101322 97782 133021 107498
#pred cpue bio
 24488.1 21952.5 16790.3 15259.8 23425.4 38083.1 50335.3 58785.9 81666.3 102964 128894 162951 211179 222391 233321 228963 210492 192730 201599 211238 218329 233598 242737 248499 261761 244574 238256 238136 195102 5.82471e+06 3.54547e+06 2.65961e+06 1.89581e+06 1.38554e+06 1.08302e+06 914213 822589 773175 746293 731386 722901 717930 714931 713073 711893 711137 710644 710319 710104 709960 709863 709799 709755 709725 709706 709692 709683 709677 709673 709670 709668 709667 709666 709665 709665 709665 709664 709664 709664 709664 709664 709664 709664 709664 709664 709664 709664 709664 709664 709664 709664 709664 709664 709664 709664 709664 709664 709664 709664 709664 709664 709664 709664 709664 709664 709664 709664 709664 709664 709664 709664 709664 709664 709664 709664 709664 709664 709664 709664 709664 709664 709664 709664 709664 709664 709664 709664 709664 709664 709664 709664 709664 709664 709664 709664 709664 709664 709664 709664 0 0 0 0 0 0 0 0 0 0 0 0 0 0 0 0 0 0 0 0 0 0 0 0 0
#obs cpue bio
 18756.8 15752.6 16669.9 18264.2 31647.3 51626.4 45923.3 61827.8 108610 106661 136431 233746 225361 283310 194239 197890 222279 191275 256684 169761 202957 334653 212674 287912 287605 273654 175965 249818 221883
#pred surv len freq
 2.48476e-11 1.16871e-09 3.80643e-08 8.58444e-07 1.34059e-05 0.000144966 0.00108551 0.00562903 0.0202205 0.0503772 0.0874594 0.107752 0.100509 0.0842915 0.0780073 0.0772346 0.0722496 0.0641783 0.0564404 0.0490563 0.0420896 0.0360135 0.0300492 0.0227885 0.0144091
 1.25331e-11 5.89499e-10 1.91996e-08 4.32999e-07 6.76194e-06 7.31222e-05 0.000547577 0.00284021 0.0102125 0.0255414 0.0450126 0.0586133 0.0647662 0.075018 0.0927954 0.104135 0.100533 0.0896353 0.0788895 0.0684345 0.057631 0.0470392 0.036661 0.0259959 0.0156184
 1.0273e-11 4.83192e-10 1.57373e-08 3.54914e-07 5.54251e-06 5.99351e-05 0.00044881 0.00232762 0.00836515 0.0208795 0.036514 0.04625 0.0473091 0.0489853 0.0589701 0.0743462 0.090251 0.103051 0.106851 0.0992816 0.0846718 0.0677959 0.0505711 0.0338452 0.0192194
 3.50077e-11 1.6466e-09 5.36286e-08 1.20946e-06 1.88874e-05 0.00020424 0.00152932 0.00792959 0.0284725 0.0708176 0.122136 0.146664 0.124636 0.0796935 0.0462855 0.0333173 0.0327494 0.0383377 0.0465234 0.0526825 0.0526815 0.0458231 0.0346634 0.0225699 0.0122638
 4.58687e-11 2.15745e-09 7.02666e-08 1.58469e-06 2.47471e-05 0.000267605 0.00200379 0.0103898 0.0373079 0.0928081 0.160162 0.192789 0.165283 0.108502 0.0652855 0.0430896 0.0292078 0.0186017 0.0130678 0.0122493 0.013195 0.0131415 0.0110152 0.0075159 0.00409104
 3.62123e-11 1.70325e-09 5.54739e-08 1.25107e-06 1.95373e-05 0.000211269 0.00158199 0.00820337 0.0294655 0.0733854 0.127234 0.155947 0.14279 0.113748 0.0963371 0.0845751 0.0645616 0.0405098 0.0224521 0.0125296 0.00815708 0.00654191 0.00549033 0.00398259 0.0022747
 3.30887e-11 1.55634e-09 5.06888e-08 1.14316e-06 1.78521e-05 0.000193046 0.00144553 0.00749577 0.026924 0.0670569 0.11627 0.142555 0.130731 0.104889 0.0910572 0.0849912 0.0737009 0.0573181 0.0405554 0.0254543 0.0139857 0.00729186 0.00413649 0.00252589 0.00140294
 3.59645e-11 1.6916e-09 5.50943e-08 1.24251e-06 1.94036e-05 0.000209823 0.00157115 0.00814694 0.0292597 0.0728421 0.126083 0.153558 0.137519 0.103469 0.0817933 0.0720187 0.0618335 0.0497143 0.038441 0.0278517 0.0178875 0.00990095 0.00479933 0.00215431 0.000926504
 3.77043e-11 1.77343e-09 5.77595e-08 1.30262e-06 2.03423e-05 0.000219973 0.00164715 0.00854099 0.0306743 0.0763574 0.132124 0.160706 0.143231 0.106209 0.0816497 0.0694558 0.0569834 0.0431603 0.0318908 0.0232516 0.0159383 0.0097454 0.0051078 0.00224961 0.000836143
 3.59483e-11 1.69084e-09 5.50695e-08 1.24195e-06 1.93949e-05 0.000209729 0.00157044 0.00814339 0.0292482 0.0728263 0.126142 0.154033 0.139226 0.107347 0.0875392 0.0771171 0.0631543 0.046399 0.0325516 0.0224335 0.0148211 0.00908607 0.00496127 0.00229927 0.000870535
 3.7345e-11 1.75653e-09 5.72091e-08 1.29021e-06 2.01485e-05 0.000217877 0.00163145 0.00845964 0.0303825 0.0756348 0.130899 0.159337 0.142407 0.106471 0.0830546 0.0716579 0.0594533 0.0451733 0.0326178 0.0224411 0.0143468 0.00842941 0.00448244 0.00207854 0.000802004
 3.76214e-11 1.76953e-09 5.76324e-08 1.29975e-06 2.02975e-05 0.000219489 0.00164353 0.00852225 0.0306075 0.0761966 0.131882 0.160583 0.143673 0.10769 0.0841453 0.0721359 0.0587422 0.0434207 0.0307389 0.0211801 0.0137008 0.00805678 0.00421082 0.00190601 0.000723564
 3.75482e-11 1.76609e-09 5.75204e-08 1.29723e-06 2.02581e-05 0.000219063 0.00164033 0.00850569 0.0305482 0.0760499 0.131636 0.16032 0.143555 0.107857 0.084613 0.0727845 0.05938 0.0438303 0.0307491 0.0208298 0.0132449 0.00771385 0.00401634 0.00180745 0.00067835
 3.79042e-11 1.78283e-09 5.80657e-08 1.30953e-06 2.04501e-05 0.00022114 0.00165588 0.00858632 0.0308376 0.0767696 0.132875 0.161796 0.144768 0.108525 0.08477 0.0725207 0.0587078 0.0428334 0.0296596 0.0198654 0.0124874 0.00717208 0.00368126 0.00163754 0.000609123
 3.55443e-11 1.67183e-09 5.44505e-08 1.22799e-06 1.91769e-05 0.000207372 0.0015528 0.00805192 0.0289203 0.0720156 0.124778 0.152556 0.138497 0.108057 0.0896418 0.0798158 0.0655081 0.0478859 0.0330229 0.0219211 0.0136082 0.00770521 0.00389768 0.00170947 0.00062771
 3.44464e-11 1.62019e-09 5.27686e-08 1.19006e-06 1.85846e-05 0.000200966 0.00150483 0.00780323 0.0280273 0.0697946 0.120947 0.147958 0.134609 0.105688 0.0887399 0.080386 0.0678382 0.0517402 0.0372977 0.0254432 0.0159139 0.00896463 0.00448267 0.00193862 0.000701802
 3.63678e-11 1.71057e-09 5.57121e-08 1.25645e-06 1.96212e-05 0.000212176 0.00158877 0.00823834 0.0295883 0.0736638 0.127529 0.15543 0.139543 0.105668 0.0841085 0.0736367 0.0615803 0.0472632 0.0347677 0.0245103 0.0159236 0.00925474 0.00470339 0.00203744 0.000732146
 3.57479e-11 1.68141e-09 5.47624e-08 1.23503e-06 1.92868e-05 0.000208559 0.00156169 0.00809799 0.0290853 0.0724215 0.125448 0.153218 0.138596 0.107089 0.0876263 0.0774402 0.0636642 0.0471024 0.0333799 0.0231575 0.0151863 0.00906042 0.00475163 0.00211364 0.000771844
 3.53409e-11 1.66227e-09 5.41389e-08 1.22097e-06 1.90672e-05 0.000206185 0.00154391 0.0080058 0.0287541 0.0715972 0.12402 0.15148 0.137048 0.105991 0.0870365 0.0776198 0.0649445 0.0492254 0.0354266 0.0243969 0.0156559 0.00919465 0.00483144 0.00218581 0.000816425
 3.62867e-11 1.70675e-09 5.55878e-08 1.25364e-06 1.95775e-05 0.000211703 0.00158522 0.00821997 0.0295225 0.0735018 0.127261 0.15516 0.139483 0.105997 0.0847836 0.0743347 0.0619214 0.0471203 0.0343113 0.0240189 0.0156106 0.00918394 0.00479155 0.00215452 0.000806432
 3.65391e-11 1.71863e-09 5.59746e-08 1.26237e-06 1.97137e-05 0.000213176 0.00159625 0.00827717 0.029728 0.0740143 0.128154 0.156275 0.140567 0.106961 0.0855992 0.0747195 0.0614728 0.0458356 0.0327165 0.0227073 0.0148189 0.00880941 0.00463808 0.00209316 0.000783104
 3.67027e-11 1.72632e-09 5.62251e-08 1.26801e-06 1.98019e-05 0.00021413 0.0016034 0.0083142 0.0298609 0.0743444 0.12872 0.156938 0.141075 0.107168 0.0855615 0.0746041 0.061389 0.0457256 0.0324285 0.0222074 0.014267 0.00839347 0.00441214 0.00200007 0.000752414
 3.54454e-11 1.66718e-09 5.42991e-08 1.22458e-06 1.91236e-05 0.000206795 0.00154848 0.0080295 0.0288395 0.0718117 0.124406 0.152016 0.137738 0.106924 0.0881574 0.0784702 0.064967 0.0483816 0.0342383 0.0233635 0.0149081 0.00867706 0.00450837 0.00202692 0.000760251
 3.66579e-11 1.72421e-09 5.61566e-08 1.26647e-06 1.97778e-05 0.000213869 0.00160144 0.00830405 0.0298243 0.0742508 0.128542 0.156651 0.140593 0.106356 0.0844844 0.0737388 0.0613174 0.0465397 0.0336422 0.0232468 0.014875 0.00862758 0.00445016 0.00198254 0.000737157
 3.62281e-11 1.704e-09 5.54981e-08 1.25162e-06 1.95459e-05 0.000211361 0.00158267 0.00820674 0.0294754 0.0733886 0.127093 0.155087 0.139838 0.107117 0.0865694 0.0759973 0.062526 0.046465 0.0330062 0.0227776 0.0147425 0.00865964 0.00449483 0.00200075 0.000739995
 3.44143e-11 1.61868e-09 5.27195e-08 1.18896e-06 1.85673e-05 0.000200779 0.00150343 0.00779599 0.0280016 0.0697333 0.12086 0.14794 0.13487 0.106435 0.0898583 0.0812504 0.0677507 0.0506717 0.0359579 0.0245693 0.015706 0.00917049 0.00477266 0.00213795 0.000794285
 3.48468e-11 1.63903e-09 5.3382e-08 1.2039e-06 1.88006e-05 0.000203302 0.00152232 0.00789388 0.0283522 0.070597 0.122292 0.149389 0.135227 0.104762 0.0863735 0.0775967 0.0658108 0.0509752 0.0375827 0.0263227 0.0169659 0.00987903 0.0051084 0.00227863 0.000846389
 3.50138e-11 1.64688e-09 5.36379e-08 1.20967e-06 1.88907e-05 0.000204277 0.00152962 0.00793172 0.0284881 0.070935 0.122875 0.150089 0.135814 0.105091 0.0863765 0.0771383 0.0647822 0.049644 0.0365856 0.0260808 0.0173039 0.0103459 0.00543094 0.00243262 0.000902414
 3.60669e-11 1.69641e-09 5.52511e-08 1.24605e-06 1.94589e-05 0.00021042 0.00157562 0.00817021 0.0293441 0.0730608 0.126519 0.154357 0.139084 0.106356 0.085792 0.0753939 0.0623885 0.0468695 0.0337679 0.0236862 0.0156671 0.00947264 0.00507358 0.00231894 0.000872496
#obs surv len freq
 2.40084e-11 1.12924e-09 3.67786e-08 8.29451e-07 1.29531e-05 0.00014007 0.00104885 0.00543888 0.0195372 0.0486717 0.084478 0.103985 0.0967068 0.0805965 0.0743662 0.0745311 0.072005 0.0671428 0.062143 0.0563476 0.0493017 0.0409557 0.0310965 0.0204529 0.0110406
 1.12232e-15 5.28613e-14 1.73108e-12 3.9884e-11 6.75185e-10 9.54922e-09 1.38365e-07 2.09447e-06 2.71603e-05 0.000261546 0.00177836 0.00842617 0.0277871 0.0641175 0.105179 0.127585 0.124425 0.110694 0.098829 0.0889749 0.0781835 0.065014 0.0491978 0.0322107 0.0173072
 1.34323e-11 6.31789e-10 2.0577e-08 4.64062e-07 7.24699e-06 7.83655e-05 0.000586785 0.00304242 0.0109231 0.0271557 0.0467513 0.055775 0.0464354 0.0289208 0.0213834 0.0350201 0.0676682 0.102586 0.120428 0.117426 0.10312 0.0848047 0.0638567 0.0416966 0.0223328
 5.18333e-11 2.43799e-09 7.94037e-08 1.79075e-06 2.79652e-05 0.000302402 0.00226433 0.0117404 0.0421524 0.104806 0.180506 0.215575 0.179277 0.105511 0.0465963 0.0183305 0.008852 0.00734182 0.00986957 0.0136393 0.0156221 0.0146187 0.0114468 0.00750787 0.0040097
 3.42918e-11 1.61292e-09 5.25317e-08 1.18472e-06 1.85012e-05 0.000200065 0.0014981 0.00776864 0.0279078 0.0695421 0.120819 0.149248 0.140344 0.119196 0.108632 0.0971851 0.0703295 0.038039 0.0162969 0.00770667 0.0062805 0.00652441 0.00590392 0.00422127 0.00233778
 3.77259e-11 1.77444e-09 5.77925e-08 1.30337e-06 2.03539e-05 0.000220099 0.00164809 0.00854585 0.0306916 0.0763976 0.132176 0.16069 0.142994 0.105738 0.0816283 0.0714921 0.0621249 0.0494133 0.0348002 0.0205354 0.0100699 0.00482638 0.00289763 0.0019558 0.00113358
 2.83295e-11 1.33248e-09 4.3398e-08 9.78736e-07 1.52844e-05 0.00016528 0.00123763 0.0064181 0.0230582 0.0574781 0.0999994 0.124195 0.118953 0.105743 0.103001 0.100118 0.0844518 0.062684 0.0446407 0.0308581 0.0192288 0.0101851 0.00465861 0.00202351 0.000887116
 4.26809e-11 2.0075e-09 6.5383e-08 1.47455e-06 2.30272e-05 0.000249006 0.00186453 0.00966783 0.0347163 0.0863691 0.149107 0.17976 0.155063 0.104174 0.0671868 0.0510924 0.0434467 0.0369029 0.0297791 0.0218416 0.0142236 0.0081659 0.00405293 0.00170351 0.000610129
 3.40574e-11 1.60189e-09 5.21726e-08 1.17663e-06 1.83747e-05 0.000198697 0.00148785 0.00771532 0.027714 0.0690371 0.119791 0.147276 0.136295 0.111568 0.0980164 0.0882772 0.0690176 0.0458458 0.029129 0.0196315 0.0134137 0.00838032 0.00448276 0.001987 0.000716536
 3.91711e-11 1.84242e-09 6.00064e-08 1.3533e-06 2.11337e-05 0.000228531 0.00171122 0.00887314 0.0318661 0.0793119 0.137154 0.16644 0.147117 0.106569 0.0791125 0.0664783 0.0556845 0.0432164 0.0311077 0.0204219 0.0121624 0.00676787 0.00352294 0.0016186 0.000613232
 3.68969e-11 1.73545e-09 5.65225e-08 1.27473e-06 1.99067e-05 0.000215263 0.00161188 0.00835825 0.0300199 0.074746 0.129457 0.158033 0.142677 0.109602 0.0886489 0.0770157 0.0615661 0.0436111 0.029497 0.0197511 0.0124911 0.0070815 0.00352009 0.00151954 0.000557618
 3.90549e-11 1.83695e-09 5.98284e-08 1.34928e-06 2.1071e-05 0.000227853 0.00170615 0.00884688 0.0317725 0.0790865 0.136815 0.166266 0.147714 0.108527 0.0821581 0.0690251 0.0560103 0.0413234 0.0286828 0.0188676 0.0114913 0.00639481 0.00319044 0.00137651 0.00049517
 3.87173e-11 1.82108e-09 5.93113e-08 1.33762e-06 2.08888e-05 0.000225883 0.0016914 0.00877049 0.0314991 0.0784142 0.13571 0.165194 0.147627 0.11024 0.0854055 0.072148 0.0571961 0.0403474 0.0268673 0.0174362 0.0106716 0.00593167 0.00291986 0.00124044 0.000441156
 3.82601e-11 1.79957e-09 5.86108e-08 1.32182e-06 2.06421e-05 0.000223216 0.00167143 0.00866694 0.0311275 0.0774924 0.134136 0.163383 0.146347 0.11002 0.0862262 0.0736413 0.058949 0.0419416 0.0278819 0.0177283 0.0105156 0.0056932 0.00276123 0.00116255 0.000409523
 3.19807e-11 1.50422e-09 4.89914e-08 1.10488e-06 1.72543e-05 0.000186582 0.00139713 0.00724498 0.0260255 0.0648408 0.112578 0.138731 0.129447 0.108291 0.0984274 0.0922394 0.0765154 0.0553631 0.037312 0.023957 0.0142161 0.00760282 0.00360799 0.00148448 0.0005134
 3.45549e-11 1.62529e-09 5.29348e-08 1.19381e-06 1.86431e-05 0.000201599 0.00150957 0.00782772 0.0281144 0.0700019 0.121242 0.14802 0.133721 0.103117 0.0847717 0.0769279 0.0670987 0.0540412 0.0408882 0.0284031 0.0175372 0.0095375 0.00453761 0.00185121 0.000630282
 3.60733e-11 1.69672e-09 5.52609e-08 1.24627e-06 1.94623e-05 0.000210458 0.0015759 0.00817166 0.0293494 0.0730731 0.126536 0.154361 0.139031 0.106182 0.0854514 0.0748924 0.0618568 0.0466342 0.0341578 0.0245756 0.0164634 0.0097464 0.00492476 0.00207298 0.00071285
 3.36059e-11 1.58066e-09 5.1481e-08 1.16103e-06 1.81311e-05 0.000196063 0.00146812 0.00761293 0.0273449 0.0681051 0.118088 0.144784 0.13275 0.106325 0.0915549 0.0836325 0.0697031 0.0518305 0.0366352 0.0251959 0.01644 0.0098708 0.00524346 0.00234896 0.000851792
 3.62513e-11 1.70509e-09 5.55335e-08 1.25242e-06 1.95584e-05 0.000211496 0.00158367 0.00821193 0.0294935 0.0734266 0.127113 0.154897 0.138988 0.105112 0.0836107 0.0734673 0.0620207 0.0481592 0.0355591 0.0248455 0.0159782 0.00934803 0.00489999 0.0022213 0.000832719
 3.49357e-11 1.64321e-09 5.35182e-08 1.20697e-06 1.88486e-05 0.000203821 0.00152621 0.00791408 0.0284255 0.0707857 0.122663 0.150047 0.136465 0.106983 0.0893573 0.0799238 0.065837 0.04861 0.0344099 0.0238997 0.015673 0.00932874 0.00489734 0.00220474 0.000825081
 3.70522e-11 1.74276e-09 5.67605e-08 1.28009e-06 1.99905e-05 0.000216169 0.00161866 0.00839334 0.0301448 0.0750459 0.1299 0.15822 0.141726 0.106628 0.0839767 0.0728513 0.0603929 0.0456681 0.0327941 0.0224917 0.0143617 0.00840031 0.00440466 0.00199464 0.000749539
 3.68775e-11 1.73454e-09 5.64929e-08 1.27406e-06 1.98962e-05 0.00021515 0.00161104 0.00835383 0.0300036 0.074701 0.129349 0.157763 0.141996 0.10821 0.0866741 0.0753539 0.0612342 0.0446595 0.0310317 0.0210242 0.0134291 0.007823 0.00405394 0.00181497 0.000678425
 3.45959e-11 1.62722e-09 5.29976e-08 1.19523e-06 1.86652e-05 0.000201839 0.00151137 0.00783713 0.0281496 0.0701025 0.121506 0.14876 0.135709 0.107273 0.0907181 0.0819475 0.0679605 0.0502372 0.0350005 0.0233688 0.014564 0.00830449 0.00424684 0.00188447 0.000698679
 3.80746e-11 1.79085e-09 5.83267e-08 1.31541e-06 2.05421e-05 0.000222133 0.00166332 0.00862485 0.0309754 0.0771049 0.133405 0.16221 0.1444 0.106742 0.0817654 0.0696911 0.0576791 0.0439453 0.031842 0.0218695 0.0137708 0.00780462 0.0039265 0.00171068 0.00062479
 3.308e-11 1.55592e-09 5.06754e-08 1.14286e-06 1.78474e-05 0.000192995 0.00144515 0.0074939 0.0269185 0.0670542 0.116342 0.142999 0.132243 0.108194 0.0955399 0.0878386 0.0720228 0.051779 0.0352957 0.0236718 0.0150893 0.00874944 0.00446371 0.00194476 0.000703404
 3.54047e-11 1.66527e-09 5.42367e-08 1.22317e-06 1.91016e-05 0.000206557 0.00154669 0.0080202 0.0288054 0.0717184 0.124189 0.151492 0.136448 0.104321 0.0845272 0.0755913 0.0648687 0.0511628 0.0379535 0.0261378 0.0163212 0.0092179 0.00466346 0.00204383 0.000744735
 3.29191e-11 1.54836e-09 5.0429e-08 1.1373e-06 1.77606e-05 0.000192056 0.00143812 0.00745739 0.0267867 0.0667188 0.115712 0.142003 0.130624 0.105498 0.0918615 0.08451 0.0708033 0.0532566 0.0385544 0.0272774 0.0180028 0.0106135 0.00544028 0.00237203 0.000858732
 3.58462e-11 1.68603e-09 5.4913e-08 1.23843e-06 1.93398e-05 0.000209133 0.00156598 0.00812018 0.0291642 0.0726088 0.125711 0.153256 0.13773 0.104623 0.083812 0.0740534 0.0627486 0.0489354 0.0363791 0.025715 0.0168245 0.0100088 0.00527442 0.00236791 0.000872621
 3.45354e-11 1.62438e-09 5.29049e-08 1.19314e-06 1.86326e-05 0.000201486 0.00150872 0.00782341 0.0281002 0.069978 0.12128 0.148436 0.135261 0.106586 0.0896923 0.0806526 0.066673 0.049433 0.0351858 0.0246028 0.0162788 0.00980709 0.0052174 0.00237206 0.000889906
#pred catch len freq
 2.19293e-11 1.03145e-09 3.35936e-08 7.57619e-07 1.18313e-05 0.00012794 0.000958027 0.0049681 0.0178485 0.0444898 0.0773887 0.0960533 0.0918615 0.0816916 0.080874 0.082894 0.0783489 0.0697513 0.0613627 0.0533366 0.0457622 0.0391559 0.0326712 0.024777 0.0156664
 1.065e-11 5.00924e-10 1.63148e-08 3.67939e-07 5.74594e-06 6.21357e-05 0.000465314 0.00241373 0.00868196 0.0217427 0.0385161 0.0510734 0.059217 0.0734102 0.094756 0.107911 0.104573 0.0933113 0.0821348 0.0712506 0.0600027 0.048975 0.0381696 0.0270657 0.0162611
 8.63714e-12 4.0625e-10 1.32313e-08 2.98399e-07 4.65994e-06 5.03915e-05 0.00037735 0.00195713 0.00703528 0.0175762 0.0308468 0.0395874 0.0421209 0.0467675 0.0594408 0.0764573 0.0932454 0.106551 0.11049 0.102664 0.0875561 0.0701053 0.0522939 0.0349981 0.0198741
 3.21585e-11 1.51258e-09 4.92638e-08 1.11102e-06 1.73502e-05 0.000187617 0.00140485 0.00728427 0.0261561 0.0650629 0.112257 0.135019 0.115462 0.075485 0.0464241 0.0358798 0.0364692 0.0429908 0.0522125 0.0591284 0.0591274 0.0514298 0.0389047 0.0253315 0.0137644
 4.3815e-11 2.06085e-09 6.71204e-08 1.51373e-06 2.36391e-05 0.000255623 0.00191408 0.00992476 0.0356391 0.0886689 0.153101 0.184683 0.159609 0.107579 0.0686132 0.0481665 0.0336475 0.0216254 0.0152231 0.0142737 0.015376 0.0153136 0.0128359 0.0087582 0.00476725
 3.35119e-11 1.57624e-09 5.13372e-08 1.15778e-06 1.80804e-05 0.000195515 0.00146403 0.00759188 0.0272717 0.0679478 0.117984 0.145444 0.135842 0.113706 0.102597 0.0934047 0.0721697 0.045426 0.0251944 0.0140617 0.0091546 0.00734193 0.00616174 0.00446962 0.00255288
 3.04781e-11 1.43355e-09 4.66897e-08 1.05297e-06 1.64436e-05 0.000177815 0.00133149 0.0069046 0.0248028 0.0617961 0.1073 0.132273 0.123597 0.103937 0.0958117 0.0925124 0.0810911 0.0632228 0.0447529 0.0280905 0.0154342 0.00804709 0.00456492 0.0027875 0.00154825
 3.32614e-11 1.56446e-09 5.09534e-08 1.14913e-06 1.79453e-05 0.000194053 0.00145307 0.0075348 0.0270632 0.0673937 0.116787 0.142872 0.130002 0.102183 0.0862289 0.079239 0.0690345 0.0556951 0.0430911 0.0312231 0.0200528 0.0110995 0.00538031 0.0024151 0.00103866
 3.52207e-11 1.65662e-09 5.39549e-08 1.21682e-06 1.90024e-05 0.000205484 0.00153866 0.00797857 0.0286563 0.0713524 0.12359 0.15092 0.13643 0.105259 0.086052 0.0763411 0.0635736 0.0483291 0.0357341 0.026056 0.0178608 0.0109209 0.00572391 0.00252096 0.000937
 3.34256e-11 1.57218e-09 5.1205e-08 1.1548e-06 1.80339e-05 0.000195011 0.00146025 0.00757212 0.0271985 0.0677433 0.117479 0.144121 0.132409 0.106586 0.0923244 0.0844262 0.0700189 0.0516023 0.0362233 0.0249659 0.0164944 0.0101118 0.00552136 0.00255885 0.000968813
 3.49049e-11 1.64176e-09 5.3471e-08 1.2059e-06 1.88319e-05 0.000203641 0.00152486 0.00790706 0.0283998 0.0707175 0.122515 0.149728 0.135744 0.105584 0.0874694 0.0785634 0.066105 0.0503993 0.036414 0.0250549 0.016018 0.00941129 0.00500457 0.00232065 0.000895424
 3.51693e-11 1.6542e-09 5.38761e-08 1.21504e-06 1.89746e-05 0.000205184 0.00153641 0.00796697 0.0286152 0.0712558 0.123461 0.150946 0.137037 0.106931 0.0887704 0.0792245 0.0654314 0.0485344 0.0343816 0.0236921 0.0153259 0.00901243 0.00471028 0.00213209 0.000809389
 3.54141e-11 1.66571e-09 5.42511e-08 1.2235e-06 1.91067e-05 0.000206612 0.00154711 0.00802242 0.0288142 0.0717499 0.124307 0.151935 0.137788 0.107216 0.0886723 0.078999 0.0652469 0.0483074 0.0339094 0.0229724 0.0146074 0.00850738 0.0044295 0.00199338 0.000748132
 3.57249e-11 1.68033e-09 5.47272e-08 1.23423e-06 1.92743e-05 0.000208425 0.00156068 0.00809281 0.0290669 0.0723787 0.125393 0.153241 0.138906 0.10793 0.0890045 0.0789494 0.0647317 0.0473787 0.0328268 0.0219885 0.0138221 0.00793866 0.00407472 0.00181257 0.000674229
 3.32811e-11 1.56538e-09 5.09835e-08 1.14981e-06 1.79559e-05 0.000194168 0.00145394 0.00753942 0.0270815 0.0674558 0.117008 0.143674 0.132418 0.107457 0.0940677 0.086525 0.0717914 0.052619 0.0363053 0.0241017 0.0149619 0.00847174 0.00428543 0.00187954 0.000690156
 3.22642e-11 1.51756e-09 4.94258e-08 1.11468e-06 1.74073e-05 0.000188236 0.00140951 0.00730908 0.0262543 0.0653974 0.113451 0.139368 0.128662 0.104919 0.0927282 0.0866092 0.0738307 0.0564462 0.0407079 0.0277711 0.0173701 0.00978491 0.00489285 0.00211601 0.000766019
 3.42647e-11 1.61165e-09 5.24903e-08 1.18379e-06 1.84865e-05 0.000199906 0.0014969 0.00776207 0.0278794 0.0694254 0.120302 0.147142 0.133781 0.10486 0.0878451 0.079513 0.0672619 0.051767 0.0380999 0.0268612 0.017451 0.0101425 0.00515454 0.00223287 0.000802373
 3.34156e-11 1.57171e-09 5.11895e-08 1.15445e-06 1.80284e-05 0.000194953 0.00145981 0.00756984 0.0271902 0.0677221 0.117438 0.144051 0.132284 0.106365 0.09202 0.084171 0.0700071 0.051943 0.03683 0.0255529 0.0167573 0.00999768 0.00524317 0.00233229 0.000851688
 3.3009e-11 1.55259e-09 5.05668e-08 1.14041e-06 1.78091e-05 0.000192581 0.00144205 0.00747774 0.0268595 0.0668982 0.116009 0.142301 0.130692 0.105168 0.0912915 0.0842482 0.0713037 0.0541949 0.0390228 0.0268752 0.0172463 0.0101287 0.00532227 0.00240787 0.000899366
 3.40346e-11 1.60082e-09 5.21378e-08 1.17584e-06 1.83624e-05 0.000198564 0.00148685 0.00770997 0.0276926 0.0689634 0.119523 0.14629 0.13333 0.105169 0.0888392 0.0806754 0.0680177 0.0519107 0.0378197 0.0264767 0.0172081 0.0101238 0.00528189 0.002375 0.000888958
 3.42646e-11 1.61164e-09 5.24902e-08 1.18378e-06 1.84865e-05 0.000199906 0.0014969 0.0077621 0.0278799 0.0694311 0.120341 0.14733 0.134394 0.106215 0.0898279 0.0812379 0.0676544 0.0505956 0.0361341 0.0250812 0.0163682 0.00973046 0.005123 0.00231201 0.000864979
 3.44421e-11 1.61999e-09 5.27621e-08 1.18992e-06 1.85823e-05 0.000200942 0.00150465 0.0078023 0.0280242 0.0697894 0.120956 0.14805 0.134947 0.106443 0.0897922 0.0811193 0.0675703 0.0504806 0.0358207 0.0245322 0.0157607 0.00927223 0.00487407 0.00220947 0.000831189
 3.31741e-11 1.56035e-09 5.08197e-08 1.14611e-06 1.78982e-05 0.000193544 0.00144926 0.00751516 0.026994 0.0672351 0.116606 0.143088 0.131587 0.106212 0.0924324 0.0850406 0.0711918 0.0531604 0.0376391 0.0256858 0.01639 0.00953962 0.00495653 0.0022284 0.000835826
 3.4395e-11 1.61778e-09 5.26899e-08 1.18829e-06 1.85569e-05 0.000200666 0.00150259 0.00779159 0.0279855 0.0696906 0.120768 0.147742 0.13442 0.105547 0.0885981 0.0801571 0.0674852 0.0513751 0.037158 0.0256781 0.0164308 0.00952996 0.00491561 0.0021899 0.000814258
 3.40596e-11 1.602e-09 5.21761e-08 1.1767e-06 1.83759e-05 0.00019871 0.00148794 0.00771566 0.0277134 0.0690191 0.119645 0.146562 0.133963 0.106432 0.0906397 0.08225 0.0684401 0.0510012 0.0362471 0.025016 0.0161913 0.00951068 0.00493656 0.00219738 0.000812719
 3.21012e-11 1.50989e-09 4.91761e-08 1.10904e-06 1.73193e-05 0.000187285 0.00140239 0.00727219 0.0261222 0.0650726 0.112916 0.138845 0.128599 0.105694 0.0941887 0.0879219 0.0740857 0.05555 0.0394382 0.026949 0.0172273 0.0100588 0.00523496 0.00234504 0.000871222
 3.25081e-11 1.52903e-09 4.97995e-08 1.1231e-06 1.75389e-05 0.000189658 0.00142017 0.00736428 0.026452 0.0658839 0.114255 0.140169 0.128805 0.103832 0.0904849 0.0841021 0.0721406 0.0560287 0.0413285 0.028948 0.0186581 0.0108644 0.00561792 0.00250591 0.000930808
 3.29948e-11 1.55192e-09 5.05449e-08 1.13991e-06 1.78014e-05 0.000192498 0.00144142 0.00747449 0.0268475 0.066866 0.115937 0.142132 0.130281 0.10431 0.0899518 0.0827553 0.0701971 0.0539228 0.0397562 0.0283426 0.0188046 0.0112432 0.00590196 0.0026436 0.000980679
 3.41575e-11 1.6066e-09 5.23261e-08 1.18008e-06 1.84287e-05 0.000199281 0.00149221 0.00773782 0.0277927 0.0692131 0.119959 0.146842 0.133885 0.105691 0.0892831 0.0808076 0.0675463 0.0508693 0.0366664 0.0257208 0.0170129 0.0102864 0.00550942 0.00251815 0.000947448
#obs catch len freq
 1.89708e-11 8.92295e-10 2.90615e-08 6.5541e-07 1.02352e-05 0.00011068 0.000828789 0.00429804 0.0154433 0.0385135 0.0671249 0.0839349 0.0822488 0.0771382 0.0807922 0.0855061 0.0826505 0.075766 0.0693697 0.0630097 0.05553 0.0463861 0.0353349 0.0233319 0.0126707
 2.17188e-11 1.02155e-09 3.32712e-08 7.5035e-07 1.17178e-05 0.000126712 0.000948831 0.00492035 0.0176762 0.0440514 0.0765676 0.0947614 0.0897751 0.0782259 0.0761136 0.0784823 0.0765534 0.0716295 0.0664012 0.060252 0.0527333 0.0438112 0.0332661 0.0218802 0.0118112
 9.55003e-16 4.49913e-14 1.47472e-12 3.40996e-11 5.8467e-10 8.56253e-09 1.30742e-07 2.05011e-06 2.6932e-05 0.000260297 0.00177155 0.00839606 0.0276905 0.063902 0.104852 0.127263 0.124257 0.11073 0.0990059 0.0892048 0.0784102 0.0652098 0.049348 0.0323095 0.0173604
 1.18744e-11 5.58514e-10 1.81904e-08 4.1024e-07 6.40648e-06 6.92766e-05 0.000518729 0.00268955 0.00965621 0.0240062 0.0413297 0.0493139 0.0411161 0.0259626 0.0205553 0.0357991 0.0699227 0.106121 0.124598 0.121504 0.106712 0.0877642 0.0660875 0.0431539 0.0231134
 5.09021e-11 2.39419e-09 7.79772e-08 1.75858e-06 2.74628e-05 0.00029697 0.00222365 0.0115295 0.0413954 0.102926 0.177281 0.211788 0.176337 0.104255 0.0467724 0.0191547 0.00976576 0.00834944 0.0112987 0.0156274 0.0179013 0.0167519 0.0131173 0.00860357 0.00459489
 3.21961e-11 1.51435e-09 4.93214e-08 1.11232e-06 1.73705e-05 0.000187839 0.00140656 0.0072941 0.0262055 0.065324 0.113653 0.14116 0.135155 0.119612 0.114128 0.104543 0.0762355 0.041328 0.0177299 0.00840311 0.0068614 0.00713133 0.00645353 0.00461428 0.00255544
 3.58154e-11 1.68458e-09 5.48657e-08 1.23736e-06 1.93232e-05 0.000208953 0.00156463 0.0081132 0.0291391 0.0725469 0.125607 0.153145 0.137707 0.104902 0.0849293 0.0769108 0.0676668 0.0540298 0.038109 0.0225037 0.011039 0.00529207 0.00317773 0.00214499 0.00124325
 2.62883e-11 1.23648e-09 4.02712e-08 9.08219e-07 1.41832e-05 0.000153372 0.00114847 0.00595588 0.0213998 0.0533653 0.0929893 0.11617 0.113422 0.105093 0.10682 0.105985 0.0900077 0.0669853 0.0477825 0.033062 0.0206109 0.0109189 0.00499463 0.00216954 0.000951154
 4.09678e-11 1.92693e-09 6.27588e-08 1.41537e-06 2.2103e-05 0.000239012 0.0017897 0.00927989 0.0333242 0.0829148 0.143206 0.172942 0.150152 0.103033 0.0695259 0.0552701 0.0479338 0.0409526 0.0331079 0.0243006 0.0158297 0.00908924 0.0045115 0.00189632 0.000679194
 3.22387e-11 1.51635e-09 4.93867e-08 1.11379e-06 1.73935e-05 0.000188087 0.00140841 0.0073035 0.0262365 0.0653741 0.113555 0.140174 0.131523 0.11133 0.101911 0.0939052 0.0739929 0.0492861 0.0313673 0.0211641 0.0144684 0.00904074 0.00483628 0.00214373 0.00077306
 3.7492e-11 1.76344e-09 5.74341e-08 1.29529e-06 2.02277e-05 0.000218734 0.00163787 0.00849289 0.0305017 0.0759277 0.131382 0.159814 0.142485 0.10586 0.0820234 0.0711669 0.0603519 0.0470203 0.0338972 0.0222692 0.0132669 0.00738368 0.00384376 0.00176605 0.000669101
 3.51514e-11 1.65335e-09 5.38486e-08 1.21442e-06 1.8965e-05 0.00020508 0.00153564 0.00796298 0.0286017 0.0712295 0.123466 0.15119 0.138011 0.109188 0.092127 0.0822252 0.0663755 0.0471732 0.0319589 0.0214196 0.013552 0.00768416 0.00381988 0.00164899 0.000605128
 3.75463e-11 1.766e-09 5.75174e-08 1.29716e-06 2.02571e-05 0.000219052 0.00164025 0.00850527 0.0305468 0.0760468 0.131634 0.160335 0.143627 0.108053 0.0850036 0.0734175 0.0602038 0.0445664 0.0309771 0.0203911 0.0124231 0.00691423 0.00344975 0.00148842 0.000535429
 3.72451e-11 1.75183e-09 5.70559e-08 1.28676e-06 2.00945e-05 0.000217294 0.00162709 0.00843711 0.0303029 0.0754483 0.130658 0.159426 0.143703 0.109917 0.0883825 0.0765983 0.0613072 0.0433815 0.0289279 0.0187877 0.0115026 0.00639442 0.00314779 0.00133729 0.000475602
 3.67628e-11 1.72915e-09 5.63172e-08 1.2701e-06 1.98344e-05 0.000214481 0.00160603 0.0083279 0.029911 0.0744762 0.128998 0.157515 0.14235 0.109681 0.0892439 0.0781742 0.0631662 0.0450785 0.0300079 0.0190941 0.0113296 0.00613474 0.00297553 0.0012528 0.000441316
 3.02466e-11 1.42265e-09 4.63349e-08 1.04497e-06 1.63187e-05 0.000176465 0.00132138 0.00685228 0.0246165 0.0613471 0.106625 0.131929 0.1248 0.107857 0.101862 0.0974349 0.0813843 0.0590292 0.0398351 0.025597 0.0151949 0.00812749 0.0038572 0.00158705 0.000548879
 3.29849e-11 1.55145e-09 5.05297e-08 1.13957e-06 1.77961e-05 0.00019244 0.00144099 0.00747218 0.0268387 0.0668372 0.115842 0.141809 0.129342 0.102344 0.0873215 0.0811348 0.0713633 0.057629 0.0436509 0.0303378 0.0187359 0.0101903 0.00484839 0.00197802 0.000673462
 3.43739e-11 1.61678e-09 5.26576e-08 1.18756e-06 1.85455e-05 0.000200543 0.00150167 0.00778682 0.0279685 0.0696484 0.120696 0.147664 0.134375 0.105526 0.0884572 0.0796039 0.066383 0.0502069 0.0368292 0.0265176 0.01777 0.0105211 0.00531644 0.00223789 0.000769562
 3.184e-11 1.4976e-09 4.87759e-08 1.10002e-06 1.71784e-05 0.000185761 0.00139098 0.00721304 0.0259101 0.0645467 0.112022 0.137834 0.127942 0.105714 0.0947912 0.0886546 0.0744959 0.0555501 0.0393199 0.0270635 0.0176648 0.0106076 0.00563514 0.00252446 0.00091544
 3.46019e-11 1.62751e-09 5.30068e-08 1.19544e-06 1.86685e-05 0.000201873 0.00151162 0.0078384 0.0281532 0.0701022 0.121442 0.148385 0.134429 0.10439 0.0864152 0.0779729 0.0664649 0.0517718 0.0382778 0.0267627 0.017216 0.0100733 0.00528041 0.00239379 0.000897389
 3.32572e-11 1.56426e-09 5.09469e-08 1.14898e-06 1.7943e-05 0.000194029 0.00145289 0.00753398 0.0270617 0.0674035 0.116897 0.143444 0.131906 0.106423 0.0924604 0.084711 0.0703763 0.0521106 0.0369395 0.0256761 0.0168434 0.0100266 0.00526392 0.00236981 0.000886859
 3.54226e-11 1.66611e-09 5.42641e-08 1.22379e-06 1.91113e-05 0.000206662 0.00154748 0.0080243 0.0288207 0.0717618 0.124301 0.151799 0.137264 0.106009 0.0868864 0.0774292 0.0648264 0.0491783 0.0353642 0.0242715 0.015503 0.00906893 0.00475547 0.00215354 0.000809254
 3.51626e-11 1.65388e-09 5.38657e-08 1.21481e-06 1.8971e-05 0.000205145 0.00153612 0.00796547 0.0286101 0.0712455 0.12346 0.151024 0.13736 0.10769 0.0899273 0.0803324 0.0659284 0.0482417 0.033573 0.0227651 0.0145465 0.00847518 0.00439215 0.00196642 0.000735043
 3.29141e-11 1.54812e-09 5.04212e-08 1.13713e-06 1.77579e-05 0.000192027 0.0014379 0.00745628 0.0267831 0.0667137 0.11573 0.142148 0.131151 0.10674 0.0938792 0.0868201 0.0725971 0.0538136 0.0375427 0.0250846 0.0156386 0.00891839 0.00456101 0.00202391 0.000750384
 3.65172e-11 1.71759e-09 5.59409e-08 1.26161e-06 1.97018e-05 0.000213048 0.00159529 0.00827217 0.0297099 0.0739664 0.128053 0.156071 0.140128 0.106134 0.0845222 0.0740494 0.0619236 0.0473351 0.0343451 0.0236043 0.0148674 0.00842708 0.00423985 0.00184723 0.000674665
 3.12983e-11 1.47212e-09 4.7946e-08 1.0813e-06 1.68861e-05 0.0001826 0.00136732 0.00709043 0.0254709 0.0634645 0.110225 0.136007 0.127458 0.107723 0.0990205 0.0930988 0.0769224 0.0554501 0.0378533 0.0254089 0.0162029 0.00939657 0.00479411 0.00208875 0.000755491
 3.37049e-11 1.58532e-09 5.16327e-08 1.16445e-06 1.81845e-05 0.00019664 0.00147244 0.00763526 0.0274241 0.0682922 0.118344 0.144775 0.131733 0.103543 0.0873727 0.0802162 0.0694912 0.0549763 0.0408358 0.0281408 0.0175769 0.00992827 0.0050231 0.00220149 0.000802189
 3.12604e-11 1.47034e-09 4.78879e-08 1.07999e-06 1.68657e-05 0.000182379 0.00136566 0.00708176 0.0254389 0.0633761 0.110013 0.13547 0.126091 0.104884 0.0948378 0.0891553 0.0752538 0.0567489 0.0411351 0.0291232 0.0192266 0.0113362 0.0058109 0.00253366 0.00091725
 3.42221e-11 1.60964e-09 5.24249e-08 1.18232e-06 1.84636e-05 0.000199658 0.00149503 0.00775238 0.0278444 0.0693353 0.120127 0.14684 0.133231 0.103889 0.0865366 0.0784506 0.0670974 0.0524845 0.0390678 0.0276329 0.0180842 0.0107593 0.00567013 0.0025456 0.000938107
#spawning biomass
 21528.5 20737.8 16168.2 12566.7 14291.7 27203.6 38437.9 43381.6 58178.9 75159.6 92043.9 115320 149423 155845 170543 171484 153272 141178 149021 153899 157917 168261 178574 179576 190129 183068 178116 177646 142607 114301 157010 114523 77316.7 53360.7 39772.2 32607.9 28998.1 27231.9 26384.4 25982.9 25794.5 25706.6 25665.8 25646.8 25638.1 25634.1 25632.2 25631.3 25631 25630.8 25630.7 25630.6 25630.6 25630.6 25630.6 25630.6 25630.6 25630.6 25630.6 25630.6 25630.6 25630.6 25630.6 25630.6 25630.6 25630.6 25630.6 25630.6 25630.6 25630.6 25630.6 25630.6 25630.6 25630.6 25630.6 25630.6 25630.6 25630.6 25630.6 25630.6 25630.6 25630.6 25630.6 25630.6 25630.6 25630.6 25630.6 25630.6 25630.6 25630.6 25630.6 25630.6 25630.6 25630.6 25630.6 25630.6 25630.6 25630.6 25630.6 25630.6 25630.6 25630.6 25630.6 25630.6 25630.6 25630.6 25630.6 25630.6 25630.6 25630.6 25630.6 25630.6 25630.6 25630.6 25630.6 25630.6 25630.6 25630.6 25630.6 25630.6 25630.6 25630.6 25630.6 25630.6 25630.6 25630.6 25630.6 25630.6 25630.6 0 0 0 0 0 0 0 0 0 0 0 0 0 0 0 0 0 0 0 0 0 0 0 0 0
