SBPRF35
0.185482
Curr Bio
189128
B35
188890
F35
1.29227
FOFL
1.29227
OFL
61731.6
Bzero
52994.1
#pred survey bio
 14570.1 15924.6 16791.7 18382.3 21810.7 26129.8 31132.4 37480.2 51118.8 69729.8 83363.5 96296.3 130448 169443 158187 124766 115012 121398 115988 110652 118353 117504 127608 137222 146918 151063 140141 146243 3.70857e+06 3.46897e+06 2.10004e+06 1.08977e+06 699442 549625 480797 443787 422147 409053 401033 396108 393084 391229 390087 389382 388960 388706 388554 388462 388406 388373 388353 388341 388333 388329 388326 388325 388324 388323 388323 388322 388322 388322 388322 388322 388322 388322 388322 388322 388322 388322 388322 388322 388322 388322 388322 388322 388322 388322 388322 388322 388322 388322 388322 388322 388322 388322 388322 388322 388322 388322 388322 388322 388322 388322 388322 388322 388322 388322 388322 388322 388322 388322 388322 388322 388322 388322 388322 388322 388322 388322 388322 388322 388322 388322 388322 388322 388322 388322 388322 388322 388322 388322 388322 388322 388322 388322 388322 388322 0 0 0 0 0 0 0 0 0 0 0 0 0 0 0 0 0 0 0 0 0 0 0 0 0
#obs survey bio
 11378.4 13636.5 10281.5 16183.2 16989.2 30213.2 18851.4 31171.8 34780.2 83678.5 60699.4 93446.8 132846 103024 106080 117280 74541.1 114693 57810.2 76930.2 88669.2 99096.1 122731 177710 130720 106075 68975.1 120043
#pred catch bio
 5690.65 7189.07 7672.58 8533.03 10276.5 12152.6 16513.6 19859.4 26386.8 37891.8 51510 57836.6 70245 105486 110190 87566.8 75801.2 84592.5 84938.7 77784.9 87636.1 83584 90996.3 100638 109572 119512 103723 97920.5 61731.6 80082.6 45464 17368.2 9203.53 7391.79 7026.35 6956.41 6943.48 6941.16 6940.75 6940.68 6940.66 6940.66 6940.66 6940.66 6940.66 6940.66 6940.66 6940.66 6940.66 6940.66 6940.66 6940.66 6940.66 6940.66 6940.66 6940.66 6940.66 6940.66 6940.66 6940.66 6940.66 6940.66 6940.66 6940.66 6940.66 6940.66 6940.66 6940.66 6940.66 6940.66 6940.66 6940.66 6940.66 6940.66 6940.66 6940.66 6940.66 6940.66 6940.66 6940.66 6940.66 6940.66 6940.66 6940.66 6940.66 6940.66 6940.66 6940.66 6940.66 6940.66 6940.66 6940.66 6940.66 6940.66 6940.66 6940.66 6940.66 6940.66 6940.66 6940.66 6940.66 6940.66 6940.66 6940.66 6940.66 6940.66 6940.66 6940.66 6940.66 6940.66 6940.66 6940.66 6940.66 6940.66 6940.66 6940.66 6940.66 6940.66 6940.66 6940.66 6940.66 6940.66 6940.66 6940.66 6940.66 6940.66 6940.66 6940.66 0 0 0 0 0 0 0 0 0 0 0 0 0 0 0 0 0 0 0 0 0 0 0 0 0
#obs catch bio
 7261.82 7252.31 7774.3 8576.72 10354.5 12000.4 16669 19771.8 26171.2 36760.8 50565.6 57405.4 67646.8 103728 109894 85855.8 76054.2 83187.9 84219.1 77574.5 86579.4 80944.2 88281.1 94300.8 105879 115960 103881 96649.2
#pred cpue bio
 9449.3 10164.9 10391.6 11141.8 12577.7 14992.7 18098.9 20138.1 26063.8 36370.1 45267.1 48652.6 62848.9 89538.2 89726.7 68913.2 58469.3 62101.1 59504.3 54171.3 57537.2 56650.4 61164 66060.4 69066.5 71758.6 65707.3 69464.5 1.85966e+06 2.60969e+06 1.92413e+06 974482 582447 431712 362680 325626 303978 290881 282862 277936 274912 273057 271916 271211 270788 270535 270382 270290 270235 270201 270181 270169 270162 270157 270155 270153 270152 270151 270151 270151 270151 270151 270151 270151 270151 270151 270151 270151 270151 270151 270151 270151 270151 270151 270151 270151 270151 270151 270151 270151 270151 270151 270151 270151 270151 270151 270151 270151 270151 270151 270151 270151 270151 270151 270151 270151 270151 270151 270151 270151 270151 270151 270151 270151 270151 270151 270151 270151 270151 270151 270151 270151 270151 270151 270151 270151 270151 270151 270151 270151 270151 270151 270151 270151 270151 270151 270151 270151 0 0 0 0 0 0 0 0 0 0 0 0 0 0 0 0 0 0 0 0 0 0 0 0 0
#obs cpue bio
 7690.21 9369.43 10383.1 15804.3 13406.6 20037.8 21719 32400.5 40510.2 66298.7 68106 60163.2 124045 136751 140492 125230 59530.9 114359 119393 79934.4 104493 123130 104950 179750 102096 152917 103222 142969
#pred surv len freq
 2.56541e-27 2.59427e-27 3.81749e-26 7.51329e-20 1.84179e-14 5.45756e-10 1.95481e-06 0.000846357 0.0442953 0.280224 0.214611 0.0400422 0.154005 0.142125 0.0316981 0.0368054 0.0156328 0.0117977 0.00719734 0.00541936 0.00419498 0.00357032 0.00351803 0.00307974 0.00093554
 2.56499e-27 2.59334e-27 3.7487e-26 7.36824e-20 1.80623e-14 5.35219e-10 1.91707e-06 0.000830016 0.0434401 0.274814 0.210465 0.0390996 0.149747 0.138799 0.0422092 0.0614617 0.0207288 0.0084308 0.00373594 0.00210935 0.0013314 0.000969828 0.000844636 0.000736749 0.000244828
 2.56562e-27 2.59501e-27 3.89015e-26 7.6666e-20 1.87937e-14 5.56892e-10 1.99469e-06 0.000863626 0.0451991 0.285942 0.218966 0.0393784 0.145896 0.135066 0.0382995 0.0535991 0.0201031 0.0110963 0.00348781 0.00105482 0.000437688 0.000242433 0.000174408 0.000142322 4.88684e-05
 2.5659e-27 2.5957e-27 3.94333e-26 7.77875e-20 1.90687e-14 5.65039e-10 2.02388e-06 0.000876261 0.0458603 0.290125 0.222168 0.0398597 0.147309 0.136261 0.0365607 0.0492705 0.0178389 0.00906522 0.00331361 0.00110437 0.000240499 7.30458e-05 3.6972e-05 2.58381e-05 8.75921e-06
 2.56726e-27 2.59931e-27 4.25465e-26 8.43548e-20 2.06786e-14 6.12743e-10 2.19474e-06 0.000950239 0.0497321 0.314619 0.240866 0.0395546 0.131851 0.121892 0.0321495 0.0427757 0.0150774 0.00704703 0.00243226 0.000800798 0.000200494 3.58754e-05 8.38468e-06 4.15496e-06 1.31548e-06
 2.56675e-27 2.59781e-27 4.11137e-26 8.13319e-20 1.99375e-14 5.90785e-10 2.11609e-06 0.000916187 0.0479499 0.303345 0.232278 0.0408334 0.147616 0.136266 0.0315318 0.0377184 0.0130835 0.00580906 0.00190952 0.000574354 0.00013721 2.58463e-05 3.33327e-06 7.24248e-07 1.89472e-07
 2.5666e-27 2.59747e-27 4.08775e-26 8.08337e-20 1.98154e-14 5.87166e-10 2.10313e-06 0.000910575 0.0476562 0.301486 0.230851 0.0403596 0.145013 0.134014 0.0338727 0.0435988 0.0144723 0.00542726 0.00171875 0.000488842 0.000106956 1.89028e-05 2.2814e-06 2.10261e-07 3.09032e-08
 2.5685e-27 2.60252e-27 4.52367e-26 9.00296e-20 2.20697e-14 6.53963e-10 2.34239e-06 0.00101416 0.0530777 0.335784 0.257034 0.0399643 0.123609 0.114059 0.0266694 0.0321792 0.01079 0.00420834 0.00123726 0.000298992 6.10528e-05 9.86779e-06 1.09848e-06 7.48392e-08 4.35932e-09
 2.56914e-27 2.6041e-27 4.65127e-26 9.27208e-20 2.27294e-14 6.73513e-10 2.41241e-06 0.00104448 0.0546644 0.345822 0.264709 0.040617 0.123183 0.113447 0.0225983 0.0230111 0.00744229 0.00250844 0.00073589 0.000177602 3.14282e-05 4.48809e-06 4.52389e-07 2.71078e-08 8.80779e-10
 2.56843e-27 2.60217e-27 4.47877e-26 8.90818e-20 2.18373e-14 6.47079e-10 2.31773e-06 0.00100349 0.0525189 0.332249 0.254355 0.0412367 0.135174 0.124505 0.0244282 0.0243794 0.00752403 0.00195972 0.000528046 0.00011309 1.98122e-05 2.5602e-06 2.21146e-07 1.17578e-08 3.03262e-10
 2.56747e-27 2.59958e-27 4.25279e-26 8.43146e-20 2.06687e-14 6.12451e-10 2.1937e-06 0.000949787 0.0497084 0.314469 0.240785 0.0416337 0.14773 0.136161 0.0277678 0.0290589 0.00889972 0.00218669 0.000540933 9.07755e-05 1.38556e-05 1.67112e-06 1.31912e-07 5.97715e-09 1.3294e-10
 2.56927e-27 2.60446e-27 4.68209e-26 9.3371e-20 2.28888e-14 6.78236e-10 2.42933e-06 0.00105181 0.0550477 0.348247 0.26656 0.0405657 0.121493 0.111901 0.0225689 0.0233054 0.00709969 0.00168171 0.00040549 6.18762e-05 7.81002e-06 7.57346e-07 5.35057e-08 2.18546e-09 4.14651e-11
 2.56992e-27 2.60613e-27 4.82202e-26 9.63227e-20 2.36124e-14 6.99676e-10 2.50612e-06 0.00108506 0.0567879 0.359256 0.27497 0.0408065 0.117417 0.107983 0.0190574 0.0162797 0.00492095 0.00112342 0.000266775 3.9062e-05 4.61931e-06 3.77428e-07 2.0859e-08 7.33849e-10 1.23477e-11
 2.56771e-27 2.60016e-27 4.29535e-26 8.52122e-20 2.08887e-14 6.18971e-10 2.21705e-06 0.000959898 0.0502376 0.317817 0.243351 0.0422518 0.15063 0.138672 0.0251988 0.022552 0.00668553 0.00129661 0.0002978 4.28956e-05 4.94417e-06 3.79725e-07 1.78895e-08 4.90546e-10 6.91842e-12
 2.56594e-27 2.59542e-27 3.88314e-26 7.65165e-20 1.87571e-14 5.55806e-10 1.9908e-06 0.000861942 0.0451109 0.285384 0.218595 0.0428328 0.172445 0.158963 0.0317108 0.0322908 0.00955821 0.00179612 0.000394968 4.83178e-05 5.28943e-06 3.95017e-07 1.75122e-08 4.11063e-10 4.53992e-12
 2.56696e-27 2.59822e-27 4.13273e-26 8.17818e-20 2.00478e-14 5.94053e-10 2.1278e-06 0.000921255 0.0482152 0.305023 0.233576 0.0419117 0.15491 0.142819 0.0295229 0.0313705 0.00936711 0.0018905 0.000417651 4.82122e-05 4.7405e-06 3.10229e-07 1.31561e-08 2.90143e-10 2.75296e-12
 2.56883e-27 2.60322e-27 4.56709e-26 9.09447e-20 2.2294e-14 6.60611e-10 2.3662e-06 0.00102447 0.0536172 0.339197 0.259662 0.0413102 0.132005 0.121512 0.0226587 0.0210824 0.00629954 0.00129888 0.000291294 3.54117e-05 3.43366e-06 2.04407e-07 7.52246e-09 1.53463e-10 1.3618e-12
 2.56837e-27 2.60191e-27 4.44667e-26 8.84042e-20 2.16712e-14 6.42157e-10 2.3001e-06 0.000995855 0.0521195 0.329722 0.252439 0.0421026 0.143109 0.13166 0.0226655 0.0185373 0.00543771 0.000967816 0.000211746 2.64734e-05 2.65695e-06 1.6242e-07 5.56984e-09 9.91069e-11 7.94926e-13
 2.56825e-27 2.60158e-27 4.41674e-26 8.77728e-20 2.15164e-14 6.37571e-10 2.28367e-06 0.000988742 0.0517472 0.327367 0.250643 0.04224 0.145417 0.133783 0.0229329 0.0186052 0.00534531 0.000757438 0.000151829 1.6431e-05 1.60194e-06 1.01115e-07 3.58019e-09 6.09307e-11 4.3136e-13
 2.56928e-27 2.60435e-27 4.65983e-26 9.29009e-20 2.27735e-14 6.74821e-10 2.41709e-06 0.00104651 0.0547705 0.346493 0.265239 0.0416727 0.130845 0.120297 0.0198201 0.0149027 0.0042471 0.000550287 0.000103593 8.96823e-06 7.48499e-07 4.21836e-08 1.50405e-09 2.64026e-11 1.8199e-13
 2.56934e-27 2.6045e-27 4.67126e-26 9.31421e-20 2.28327e-14 6.76572e-10 2.42337e-06 0.00104923 0.0549127 0.347393 0.265927 0.0417838 0.131207 0.120595 0.0192369 0.0134977 0.00382834 0.000472175 8.65612e-05 6.93494e-06 5.08858e-07 2.27668e-08 6.98521e-10 1.18355e-11 8.35303e-14
 2.56938e-27 2.60458e-27 4.67601e-26 9.3242e-20 2.28572e-14 6.77298e-10 2.42597e-06 0.00105035 0.0549716 0.347766 0.266215 0.0419852 0.132537 0.121772 0.018513 0.0115506 0.00323493 0.000339768 5.79466e-05 4.3492e-06 2.99894e-07 1.19035e-08 2.95566e-10 4.11562e-12 2.70563e-14
 2.56962e-27 2.60526e-27 4.73821e-26 9.45543e-20 2.31788e-14 6.86831e-10 2.46011e-06 0.00106513 0.0557453 0.35266 0.269947 0.0416194 0.127132 0.116828 0.018436 0.0126177 0.00353137 0.000354102 5.82883e-05 3.86353e-06 2.42346e-07 8.91425e-09 1.9973e-10 2.28985e-12 1.21508e-14
 2.56946e-27 2.60481e-27 4.69704e-26 9.36858e-20 2.29659e-14 6.80522e-10 2.43752e-06 0.00105535 0.0552333 0.349421 0.267477 0.0418481 0.130607 0.120008 0.0185236 0.0120183 0.00337471 0.000364928 6.19012e-05 3.93083e-06 2.2992e-07 7.38516e-09 1.50351e-10 1.5544e-12 6.92934e-15
 2.56996e-27 2.60615e-27 4.81614e-26 9.61983e-20 2.35818e-14 6.98772e-10 2.50288e-06 0.00108365 0.0567145 0.358791 0.274627 0.0414988 0.122926 0.112918 0.0172235 0.0108388 0.00302557 0.000298638 4.8856e-05 3.27152e-06 1.95715e-07 5.91558e-09 1.07657e-10 9.8028e-13 3.92382e-15
 2.56959e-27 2.60514e-27 4.72357e-26 9.42453e-20 2.31031e-14 6.84586e-10 2.45207e-06 0.00106165 0.0555632 0.351508 0.269073 0.042003 0.130665 0.120005 0.0174902 0.0096635 0.00267903 0.000245738 3.83583e-05 2.35722e-06 1.35198e-07 4.27746e-09 7.64644e-11 6.32075e-13 2.22123e-15
 2.5698e-27 2.6057e-27 4.77221e-26 9.52715e-20 2.33547e-14 6.9204e-10 2.47877e-06 0.00107321 0.0561681 0.355335 0.271994 0.0419474 0.128189 0.117698 0.0166841 0.0084062 0.00230378 0.000173119 2.35708e-05 1.32981e-06 6.96168e-08 2.01215e-09 3.58071e-11 2.99787e-13 9.8333e-16
 2.56965e-27 2.6053e-27 4.73908e-26 9.45725e-20 2.31833e-14 6.86963e-10 2.46059e-06 0.00106534 0.0557561 0.352728 0.270002 0.0418673 0.128979 0.118472 0.0176349 0.0103771 0.00285948 0.000222926 3.08298e-05 1.5145e-06 6.77401e-08 1.76362e-09 2.84788e-11 2.26347e-13 7.48582e-16
#obs surv len freq
 1.25241e-41 1.73826e-33 2.91629e-26 5.91418e-20 1.44979e-14 4.296e-10 1.53876e-06 0.000666228 0.0348677 0.220584 0.169171 0.0418579 0.170743 0.142883 0.0889851 0.0839224 0.0323623 0.0114411 0.00225581 0.000247257 1.10886e-05 1.49341e-07 4.57076e-10 2.58911e-13 2.36887e-17
 1.56151e-41 2.16728e-33 3.63606e-26 7.37386e-20 1.80761e-14 5.35629e-10 1.91854e-06 0.00083066 0.0434734 0.275026 0.210774 0.0426814 0.142069 0.113203 0.0740463 0.0645057 0.0241419 0.00776472 0.00135189 0.000124966 4.5289e-06 4.69882e-08 1.06461e-10 4.35541e-14 2.84004e-18
 1.29252e-41 1.79393e-33 3.0097e-26 6.1036e-20 1.49623e-14 4.43359e-10 1.58804e-06 0.000687567 0.0359845 0.22765 0.174839 0.0517353 0.203915 0.149909 0.0732627 0.0553983 0.0198664 0.00578895 0.000890994 6.8541e-05 1.96667e-06 1.5549e-08 2.60488e-11 7.70659e-15 3.58372e-19
 1.55899e-41 2.16378e-33 3.63018e-26 7.36194e-20 1.80469e-14 5.34764e-10 1.91544e-06 0.000829318 0.0434032 0.274582 0.210609 0.047429 0.149914 0.109654 0.0845822 0.0593778 0.015462 0.00363764 0.000486643 3.10276e-05 6.97269e-07 4.13959e-09 5.08383e-12 1.08596e-15 3.60689e-20
 1.54123e-41 2.13912e-33 3.58882e-26 7.27805e-20 1.78413e-14 5.2867e-10 1.89361e-06 0.000819868 0.0429086 0.271454 0.208462 0.0553728 0.180117 0.118749 0.0636736 0.0414026 0.0139187 0.00283982 0.000266523 1.32475e-05 2.31355e-07 1.02465e-09 9.13988e-13 1.39954e-16 3.30975e-21
 1.34876e-41 1.872e-33 3.14066e-26 6.3692e-20 1.56133e-14 4.62652e-10 1.65714e-06 0.000717486 0.0375504 0.237558 0.182823 0.0611683 0.20518 0.131018 0.0836687 0.0468247 0.0111348 0.00215033 0.0001978 7.00148e-06 8.64221e-08 2.80413e-10 1.80971e-13 1.97675e-17 3.31027e-22
 1.56834e-41 2.17675e-33 3.65195e-26 7.40608e-20 1.81551e-14 5.37969e-10 1.92692e-06 0.000834289 0.0436634 0.27623 0.212328 0.0582107 0.165918 0.104987 0.0825153 0.0433834 0.0102905 0.00152726 0.000106829 3.28721e-06 2.9623e-08 6.49913e-11 2.9246e-14 2.25967e-18 2.67215e-23
 1.73246e-41 2.40455e-33 4.03413e-26 8.18112e-20 2.00551e-14 5.94268e-10 2.12857e-06 0.000921598 0.0482328 0.305138 0.234603 0.0628075 0.163311 0.0927172 0.0564946 0.0275641 0.00715819 0.000992493 5.61486e-05 1.24665e-06 8.63615e-09 1.38447e-11 4.2191e-15 2.19981e-19 1.79229e-24
 1.6561e-41 2.29856e-33 3.85631e-26 7.82052e-20 1.91711e-14 5.68075e-10 2.03475e-06 0.000880977 0.0461068 0.291691 0.22474 0.0712802 0.18489 0.0980459 0.0551082 0.0222903 0.00438098 0.0005533 2.94971e-05 5.21855e-07 2.5614e-09 2.92914e-12 6.41795e-16 2.3232e-20 1.27905e-25
 1.53536e-41 2.13098e-33 3.57516e-26 7.25035e-20 1.77734e-14 5.26657e-10 1.8864e-06 0.000816746 0.0427453 0.270428 0.208948 0.0786683 0.200134 0.104689 0.0660024 0.0234598 0.00374437 0.000348462 1.4265e-05 2.14944e-07 8.31119e-10 6.75281e-13 1.02083e-16 2.58057e-21 9.9632e-27
 1.46935e-41 2.03936e-33 3.42144e-26 6.93861e-20 1.70092e-14 5.04014e-10 1.80529e-06 0.00078163 0.0409074 0.258804 0.200502 0.0841889 0.203708 0.107209 0.0747955 0.0248616 0.00393357 0.000298355 8.6552e-06 9.20353e-08 2.72033e-10 1.6978e-13 1.86217e-17 3.26785e-22 8.65535e-28
 1.88434e-41 2.61533e-33 4.38777e-26 8.8983e-20 2.18131e-14 6.46363e-10 2.31517e-06 0.00100239 0.052461 0.331894 0.255934 0.0730936 0.141016 0.0735448 0.052122 0.0162081 0.00254295 0.000174558 4.20661e-06 3.15739e-08 6.25162e-11 2.74212e-14 2.20444e-18 2.83144e-23 5.35498e-29
 1.56901e-41 2.17768e-33 3.6535e-26 7.40923e-20 1.81629e-14 5.38199e-10 1.92774e-06 0.000834645 0.043682 0.276367 0.215227 0.102209 0.213665 0.0903507 0.0433124 0.0123372 0.0018907 0.000119782 2.59189e-06 1.58186e-08 2.26206e-11 6.62956e-15 3.55918e-19 3.16024e-24 4.2492e-30
 1.27129e-41 1.76447e-33 2.96026e-26 6.00334e-20 1.47165e-14 4.36077e-10 1.56195e-06 0.000676273 0.0353934 0.22394 0.176296 0.113784 0.233581 0.119419 0.0779987 0.0170596 0.00175367 9.44965e-05 1.81599e-06 9.43119e-09 1.07922e-11 2.34213e-15 8.70357e-20 5.1634e-25 4.63208e-31
 1.15242e-41 1.59948e-33 2.68347e-26 5.44202e-20 1.33405e-14 3.95303e-10 1.41591e-06 0.00061304 0.0320841 0.203013 0.161085 0.117593 0.227517 0.134725 0.0971368 0.023427 0.00270052 0.000103714 1.38375e-06 5.7488e-09 5.3356e-12 9.09365e-16 2.54758e-20 1.0921e-25 6.82668e-32
 1.55595e-41 2.15956e-33 3.62311e-26 7.34759e-20 1.80118e-14 5.33721e-10 1.9117e-06 0.000827702 0.0433186 0.274084 0.214654 0.100757 0.165495 0.104578 0.0743876 0.0193436 0.00245274 9.8707e-05 1.13171e-06 3.21533e-09 2.11211e-12 2.72702e-16 5.84951e-21 1.89313e-26 8.75925e-33
 1.40599e-41 1.95142e-33 3.27391e-26 6.63942e-20 1.62758e-14 4.8228e-10 1.72745e-06 0.000747926 0.0391435 0.2477 0.197522 0.135824 0.215016 0.0973637 0.0518625 0.0131071 0.00164252 6.82139e-05 7.81835e-07 1.96904e-09 9.62553e-13 8.47244e-17 1.26527e-21 2.96709e-27 1.01335e-33
 1.46104e-41 2.02782e-33 3.40209e-26 6.89937e-20 1.6913e-14 5.01163e-10 1.79508e-06 0.00077721 0.0406762 0.257406 0.205268 0.129919 0.189967 0.107869 0.0572572 0.00989481 0.000927884 3.52214e-05 3.81276e-07 8.95343e-10 3.84049e-13 2.70019e-17 2.93035e-22 4.73352e-28 1.10755e-34
 1.44094e-41 1.99993e-33 3.3553e-26 6.80448e-20 1.66804e-14 4.9427e-10 1.7704e-06 0.00076652 0.0401168 0.253897 0.204706 0.144693 0.196047 0.101219 0.048844 0.00898427 0.000706394 1.80991e-05 1.51793e-07 3.05504e-10 1.13407e-13 6.76212e-18 5.99303e-23 7.53033e-29 1.30316e-35
 1.55831e-41 2.16283e-33 3.62859e-26 7.35871e-20 1.8039e-14 5.34529e-10 1.9146e-06 0.000828954 0.0433843 0.274587 0.221157 0.141121 0.174762 0.0951909 0.0418414 0.0066423 0.000472838 1.06249e-05 6.38139e-08 8.96703e-11 2.5414e-14 1.21438e-18 8.69452e-24 8.75509e-30 1.19547e-36
 1.50583e-41 2.08999e-33 3.50639e-26 7.1109e-20 1.74315e-14 5.16528e-10 1.85012e-06 0.000801038 0.0419234 0.265398 0.217359 0.160688 0.184842 0.0892963 0.0343394 0.00504114 0.000303861 5.63191e-06 2.77985e-08 2.92478e-11 5.72226e-15 1.90799e-19 9.99458e-25 7.61963e-31 7.99321e-38
 1.55129e-41 2.15308e-33 3.61224e-26 7.32555e-20 1.79577e-14 5.3212e-10 1.90597e-06 0.000825219 0.043189 0.273443 0.224885 0.160162 0.172482 0.0899428 0.0310899 0.00378523 0.000190556 2.92097e-06 1.13716e-08 9.28701e-12 1.37241e-15 3.28403e-20 1.18949e-25 6.25137e-32 4.60938e-39
 1.56008e-41 2.16529e-33 3.63273e-26 7.3671e-20 1.80596e-14 5.35138e-10 1.91678e-06 0.000829899 0.0434341 0.275063 0.22912 0.170996 0.170036 0.0820467 0.0254811 0.00287086 0.000118637 1.40741e-06 4.24175e-09 2.6423e-12 2.92596e-16 5.19823e-21 1.37957e-26 5.2004e-33 2.69106e-40
 1.59403e-41 2.21241e-33 3.71178e-26 7.52741e-20 1.84526e-14 5.46783e-10 1.95849e-06 0.000847958 0.0443795 0.281115 0.236134 0.174501 0.162219 0.0775196 0.0211662 0.00204309 7.16738e-05 6.93128e-07 1.58202e-09 7.27186e-13 5.9356e-17 7.74106e-22 1.49898e-27 4.10589e-34 1.53813e-41
 1.58849e-41 2.20472e-33 3.69887e-26 7.50124e-20 1.83884e-14 5.44882e-10 1.95168e-06 0.00084501 0.0442255 0.28025 0.239153 0.184058 0.159835 0.0724136 0.0176614 0.00151341 4.37682e-05 3.38167e-07 6.03565e-10 2.08685e-13 1.23887e-17 1.16109e-22 1.61571e-28 3.18442e-35 8.57951e-43
 1.37136e-41 1.90336e-33 3.19328e-26 6.47591e-20 1.58749e-14 4.70403e-10 1.68491e-06 0.000729508 0.0381813 0.242241 0.218572 0.216772 0.18325 0.0813256 0.0175863 0.00130916 3.16674e-05 1.96616e-07 2.70149e-10 7.04154e-14 3.10467e-18 2.12232e-23 2.11962e-29 2.97133e-36 5.67996e-44
 1.40004e-41 1.94316e-33 3.26006e-26 6.61134e-20 1.62069e-14 4.8024e-10 1.72014e-06 0.000744763 0.0389802 0.247395 0.223532 0.205444 0.176805 0.0884581 0.0174891 0.00112789 2.23483e-05 1.10202e-07 1.17029e-10 2.29607e-14 7.47206e-19 3.73155e-24 2.70565e-30 2.73581e-37 3.74537e-45
 1.46853e-41 2.03822e-33 3.41953e-26 6.93475e-20 1.69997e-14 5.03732e-10 1.80429e-06 0.000781195 0.0408868 0.259442 0.232121 0.20276 0.16892 0.0781776 0.015839 0.00105136 1.90782e-05 8.09471e-08 7.1966e-11 1.16683e-14 3.11003e-19 1.26168e-24 7.38113e-31 5.99696e-38 6.58351e-46
#pred catch len freq
 2.5594e-27 2.57832e-27 2.44904e-26 4.62661e-20 1.13416e-14 3.36071e-10 1.20375e-06 0.000521178 0.0272766 0.17256 0.132409 0.0406014 0.216012 0.199794 0.0498353 0.0638795 0.0273248 0.020824 0.0126723 0.00951455 0.00734889 0.00624797 0.00615411 0.00538697 0.0016364
 2.55922e-27 2.57812e-27 2.44675e-26 4.62182e-20 1.13298e-14 3.35723e-10 1.2025e-06 0.000520638 0.0272483 0.172381 0.13225 0.0391915 0.205399 0.190934 0.065512 0.101579 0.0343491 0.0140789 0.00622486 0.00350182 0.00220495 0.00160428 0.0013966 0.0012181 0.000404781
 2.55993e-27 2.57998e-27 2.60153e-26 4.9483e-20 1.21302e-14 3.59439e-10 1.28745e-06 0.000557416 0.0291731 0.184558 0.141558 0.0398365 0.203767 0.189141 0.0599765 0.0896006 0.0337121 0.0187244 0.00587694 0.00176948 0.000732177 0.000404986 0.000291208 0.000237608 8.15857e-05
 2.56034e-27 2.58096e-27 2.67514e-26 5.10353e-20 1.25107e-14 3.70714e-10 1.32784e-06 0.000574903 0.0300883 0.190348 0.145993 0.0406967 0.207198 0.192123 0.0572189 0.0824554 0.0299328 0.0152945 0.00557903 0.00185275 0.000402491 0.000122008 6.17134e-05 4.31229e-05 1.46186e-05
 2.56189e-27 2.58504e-27 3.02382e-26 5.83906e-20 1.43138e-14 4.24142e-10 1.51921e-06 0.000657758 0.0344247 0.217781 0.16694 0.0406609 0.192209 0.178124 0.0517364 0.0733933 0.0259193 0.0121624 0.00418892 0.00137347 0.00034305 6.12922e-05 1.4311e-05 7.09005e-06 2.2447e-06
 2.56142e-27 2.58359e-27 2.87745e-26 5.53022e-20 1.35567e-14 4.01708e-10 1.43885e-06 0.000622968 0.0326039 0.206262 0.158174 0.0425272 0.21257 0.196621 0.049737 0.0641235 0.0222918 0.00994249 0.0032622 0.000977154 0.000232859 4.37974e-05 5.64398e-06 1.22583e-06 3.20677e-07
 2.5616e-27 2.58414e-27 2.93279e-26 5.64699e-20 1.38429e-14 4.1019e-10 1.46923e-06 0.000636122 0.0332923 0.210617 0.161487 0.0417747 0.204516 0.189371 0.0517738 0.0705419 0.0234315 0.00878897 0.0027767 0.000786023 0.000171535 3.02659e-05 3.65001e-06 3.36276e-07 4.94187e-08
 2.56388e-27 2.59014e-27 3.44632e-26 6.73026e-20 1.64984e-14 4.88878e-10 1.75108e-06 0.00075815 0.0396788 0.251019 0.192337 0.0417067 0.182324 0.168563 0.0421278 0.0537599 0.01803 0.00702023 0.00205921 0.000495028 0.000100807 1.62656e-05 1.8092e-06 1.23219e-07 7.17642e-09
 2.5647e-27 2.59216e-27 3.60411e-26 7.06304e-20 1.73142e-14 5.1305e-10 1.83766e-06 0.000795637 0.0416408 0.263431 0.201834 0.0429391 0.18503 0.170698 0.0359744 0.0391276 0.012661 0.00425984 0.00124669 0.000299357 5.28368e-05 7.53131e-06 7.58494e-07 4.54341e-08 1.47603e-09
 2.56403e-27 2.59029e-27 3.43545e-26 6.70724e-20 1.6442e-14 4.87206e-10 1.74509e-06 0.000755557 0.0395431 0.250161 0.191712 0.0436577 0.19761 0.182285 0.0376483 0.0399908 0.0123464 0.00320582 0.000861702 0.000183545 3.20677e-05 4.13653e-06 3.5698e-07 1.89726e-08 4.8928e-10
 2.56336e-27 2.58852e-27 3.28161e-26 6.3827e-20 1.56464e-14 4.63631e-10 1.66065e-06 0.000718998 0.0376298 0.238057 0.182473 0.0438459 0.205534 0.189669 0.0402534 0.0440675 0.0134897 0.00329031 0.000811647 0.000135369 2.05987e-05 2.47947e-06 1.95544e-07 8.8568e-09 1.96957e-10
 2.56545e-27 2.59416e-27 3.77701e-26 7.42777e-20 1.82083e-14 5.39544e-10 1.93256e-06 0.000836723 0.0437911 0.277035 0.212218 0.0427075 0.175972 0.16231 0.0339775 0.0366359 0.0111545 0.00262126 0.000630232 9.55803e-05 1.20285e-05 1.16382e-06 8.21392e-08 3.3536e-09 6.36181e-11
 2.56594e-27 2.59536e-27 3.87182e-26 7.62774e-20 1.86985e-14 5.54069e-10 1.98458e-06 0.000859249 0.04497 0.284493 0.217923 0.0433966 0.177207 0.163221 0.0299849 0.0272962 0.00825404 0.00187583 0.000444485 6.47141e-05 7.63168e-06 6.22219e-07 3.43507e-08 1.20791e-09 2.03208e-11
 2.56375e-27 2.58944e-27 3.34958e-26 6.52604e-20 1.59978e-14 4.74043e-10 1.69794e-06 0.000735145 0.0384748 0.243403 0.18657 0.0447847 0.209799 0.193349 0.0362788 0.0340524 0.010093 0.00194196 0.00044464 6.36541e-05 7.31564e-06 5.60631e-07 2.63841e-08 7.23089e-10 1.01959e-11
 2.56223e-27 2.58541e-27 3.00252e-26 5.79392e-20 1.42031e-14 4.20863e-10 1.50746e-06 0.000652673 0.0341586 0.216097 0.165723 0.0449917 0.226021 0.208523 0.0426777 0.04482 0.0132564 0.00246364 0.000539788 6.56032e-05 7.1579e-06 5.33352e-07 2.36197e-08 5.5413e-10 6.11856e-12
 2.5634e-27 2.58861e-27 3.28878e-26 6.39783e-20 1.56835e-14 4.6473e-10 1.66459e-06 0.000720702 0.0377189 0.238621 0.182905 0.0439291 0.205864 0.189965 0.0401743 0.04379 0.013061 0.00260402 0.000573205 6.57336e-05 6.44206e-06 4.20558e-07 1.78146e-08 3.92671e-10 3.72491e-12
 2.56536e-27 2.59381e-27 3.73748e-26 7.34436e-20 1.80038e-14 5.33485e-10 1.91085e-06 0.000827327 0.0432993 0.273924 0.209855 0.0435389 0.183959 0.16952 0.0323436 0.0310819 0.00927913 0.00189169 0.000422779 5.10631e-05 4.93618e-06 2.93152e-07 1.07757e-08 2.19702e-10 1.94912e-12
 2.5651e-27 2.59304e-27 3.66151e-26 7.18406e-20 1.76109e-14 5.21841e-10 1.86915e-06 0.00080927 0.0423543 0.267945 0.205304 0.0444253 0.193902 0.178543 0.0311906 0.026173 0.00767058 0.00134751 0.000293535 3.64509e-05 3.64684e-06 2.22411e-07 7.61849e-09 1.35477e-10 1.08636e-12
 2.56524e-27 2.59339e-27 3.69093e-26 7.24612e-20 1.7763e-14 5.26349e-10 1.8853e-06 0.000816261 0.0427202 0.27026 0.207072 0.0444352 0.192735 0.17745 0.0306951 0.0253086 0.00726491 0.00101482 0.0002023 2.17412e-05 2.11202e-06 1.32994e-07 4.70369e-09 8.00053e-11 5.66246e-13
 2.56629e-27 2.59621e-27 3.93798e-26 7.76729e-20 1.90406e-14 5.64206e-10 2.02089e-06 0.000874969 0.0457927 0.289698 0.221906 0.0439224 0.17841 0.164175 0.0273342 0.0209867 0.00597744 0.00076426 0.000143102 1.23082e-05 1.02314e-06 5.75149e-08 2.04823e-09 3.59349e-11 2.47632e-13
 2.56665e-27 2.59717e-27 4.02093e-26 7.94226e-20 1.94695e-14 5.76916e-10 2.06641e-06 0.000894679 0.0468243 0.296223 0.226888 0.0438914 0.174674 0.160674 0.0257486 0.0182533 0.00517289 0.000628568 0.000114517 9.11474e-06 6.66056e-07 2.97203e-08 9.1062e-10 1.54193e-11 1.08795e-13
 2.56649e-27 2.59671e-27 3.97657e-26 7.84867e-20 1.92401e-14 5.70118e-10 2.04207e-06 0.000884137 0.0462725 0.292733 0.22423 0.0443158 0.179771 0.165309 0.0253178 0.016103 0.00450842 0.000467465 7.92032e-05 5.90763e-06 4.05665e-07 1.60599e-08 3.98222e-10 5.54097e-12 3.64155e-14
 2.5668e-27 2.59758e-27 4.05654e-26 8.01738e-20 1.96536e-14 5.82373e-10 2.08596e-06 0.000903142 0.0472672 0.299025 0.229027 0.0438338 0.172733 0.158873 0.0252582 0.0175848 0.00491967 0.000487017 7.96216e-05 5.24648e-06 3.27593e-07 1.20182e-08 2.68902e-10 3.08059e-12 1.63412e-14
 2.56675e-27 2.59743e-27 4.04152e-26 7.9857e-20 1.9576e-14 5.80072e-10 2.07772e-06 0.000899573 0.0470804 0.297844 0.228128 0.0440225 0.174801 0.160745 0.0249322 0.0163727 0.0045947 0.000489929 8.25523e-05 5.21175e-06 3.0342e-07 9.72021e-09 1.97591e-10 2.04123e-12 9.09638e-15
 2.56747e-27 2.59938e-27 4.21397e-26 8.3495e-20 2.04678e-14 6.06497e-10 2.17237e-06 0.000940554 0.0492252 0.311412 0.238481 0.0435257 0.163746 0.150538 0.0230185 0.0145789 0.00406698 0.000395733 6.42414e-05 4.27543e-06 2.54632e-07 7.67641e-09 1.3949e-10 1.2691e-12 5.07799e-15
 2.56736e-27 2.59905e-27 4.18112e-26 8.28018e-20 2.02979e-14 6.01462e-10 2.15434e-06 0.000932745 0.0488165 0.308827 0.236513 0.0439036 0.168004 0.1544 0.0224676 0.0123522 0.00342139 0.000309107 4.78178e-05 2.9208e-06 1.66684e-07 5.25956e-09 9.38856e-11 7.75456e-13 2.72402e-15
 2.56725e-27 2.59872e-27 4.1506e-26 8.21579e-20 2.014e-14 5.96785e-10 2.13758e-06 0.000925492 0.0484369 0.306425 0.234683 0.0441402 0.171091 0.157214 0.0223439 0.0113611 0.00311283 0.00023114 3.11678e-05 1.74865e-06 9.10748e-08 2.62535e-09 4.66468e-11 3.90235e-13 1.27953e-15
 2.56654e-27 2.59683e-27 3.98571e-26 7.86794e-20 1.92873e-14 5.71518e-10 2.04708e-06 0.000886308 0.0463861 0.293452 0.22478 0.0443979 0.180009 0.165504 0.0249138 0.0151299 0.00417047 0.000322064 4.42224e-05 2.16263e-06 9.6212e-08 2.49833e-09 4.02783e-11 3.19862e-13 1.05745e-15
#obs catch len freq
 6.06808e-42 8.42209e-34 1.41298e-26 2.8655e-20 7.02443e-15 2.08147e-10 7.45547e-07 0.000322796 0.0168939 0.106877 0.0823821 0.0426481 0.228003 0.192337 0.130801 0.125964 0.0507416 0.0186873 0.00387722 0.000443446 2.08504e-05 2.95727e-07 9.50257e-10 5.61214e-13 5.31804e-17
 6.87263e-42 9.53877e-34 1.60033e-26 3.24543e-20 7.95579e-15 2.35744e-10 8.44398e-07 0.000365595 0.0191338 0.121048 0.0933148 0.0464013 0.231104 0.185445 0.12878 0.11358 0.0434738 0.0144264 0.00265677 0.000260022 9.90231e-06 1.07527e-07 2.54618e-10 1.08444e-13 7.32259e-18
 1.03368e-41 1.43468e-33 2.40697e-26 4.88128e-20 1.19659e-14 3.54571e-10 1.27002e-06 0.000549873 0.0287782 0.182061 0.13997 0.0482146 0.20228 0.154367 0.11015 0.0890958 0.0329374 0.00986866 0.00159217 0.000130303 3.97345e-06 3.29777e-08 5.75132e-11 1.76404e-14 8.47591e-19
 8.84944e-42 1.22824e-33 2.06063e-26 4.17893e-20 1.02441e-14 3.03553e-10 1.08728e-06 0.000470753 0.0246373 0.155866 0.120301 0.0600693 0.261995 0.182825 0.0955336 0.0672434 0.0236978 0.00639341 0.000903744 6.09658e-05 1.45945e-06 9.16853e-09 1.17678e-11 2.60298e-15 8.90594e-20
 1.21865e-41 1.69141e-33 2.83768e-26 5.75477e-20 1.41071e-14 4.1802e-10 1.49728e-06 0.000648271 0.0339279 0.21464 0.165081 0.0540368 0.193591 0.135764 0.109922 0.0701801 0.0178021 0.00390268 0.000475929 2.63534e-05 4.89742e-07 2.29628e-09 2.15199e-12 3.42815e-16 8.36523e-21
 1.28263e-41 1.78021e-33 2.98667e-26 6.0569e-20 1.48478e-14 4.39967e-10 1.57589e-06 0.000682306 0.0357092 0.22591 0.174005 0.0637315 0.220733 0.137989 0.0769753 0.0462547 0.0150033 0.00275856 0.00023629 1.01794e-05 1.45835e-07 5.07053e-10 3.439e-13 3.9185e-17 6.7987e-22
 1.17567e-41 1.63175e-33 2.7376e-26 5.55181e-20 1.36096e-14 4.03277e-10 1.44447e-06 0.000625407 0.0327313 0.207073 0.159896 0.0693718 0.234422 0.142506 0.0931311 0.0472867 0.0108713 0.00192245 0.000156357 4.73567e-06 4.79773e-08 1.21744e-10 5.95416e-14 4.82993e-18 5.92693e-23
 1.45805e-41 2.02368e-33 3.39514e-26 6.88527e-20 1.68784e-14 5.00138e-10 1.79141e-06 0.000775621 0.0405929 0.256807 0.197809 0.0647905 0.184887 0.112265 0.0888021 0.0423334 0.00957622 0.00127777 7.99983e-05 2.07684e-06 1.51357e-08 2.5947e-11 8.84102e-15 5.06529e-19 4.38473e-24
 1.67754e-41 2.32831e-33 3.90623e-26 7.92176e-20 1.94193e-14 5.75428e-10 2.06109e-06 0.000892381 0.0467037 0.295467 0.227537 0.0688493 0.175133 0.0946089 0.0578198 0.0258304 0.00633647 0.000780341 3.87517e-05 7.25542e-07 4.0476e-09 5.0268e-12 1.15764e-15 4.47559e-20 2.66766e-25
 1.64679e-41 2.28564e-33 3.83463e-26 7.77655e-20 1.90633e-14 5.6488e-10 2.02331e-06 0.000876023 0.0458476 0.290053 0.223846 0.0770239 0.189794 0.0956221 0.0533357 0.0195338 0.00363569 0.000410574 1.8912e-05 2.77542e-07 1.09138e-09 9.656e-13 1.59389e-16 4.27284e-21 1.72168e-26
 1.56054e-41 2.16593e-33 3.6338e-26 7.36928e-20 1.80649e-14 5.35297e-10 1.91735e-06 0.000830144 0.0434465 0.274866 0.212737 0.0841126 0.199684 0.0999052 0.0615546 0.0196718 0.00293795 0.000242606 8.63771e-06 1.072e-07 3.28089e-10 2.05151e-13 2.33377e-17 4.36484e-22 1.2326e-27
 1.5238e-41 2.11493e-33 3.54824e-26 7.19576e-20 1.76396e-14 5.22693e-10 1.8722e-06 0.000810598 0.0424235 0.268398 0.208259 0.0890965 0.198885 0.100913 0.0677355 0.0203089 0.00296648 0.000196392 4.90845e-06 4.3059e-08 1.00596e-10 4.80286e-14 3.94925e-18 5.12256e-23 9.92134e-29
 1.92948e-41 2.67799e-33 4.49288e-26 9.11147e-20 2.23357e-14 6.61847e-10 2.37063e-06 0.0010264 0.0537177 0.339847 0.262344 0.076358 0.136266 0.0689064 0.046454 0.0130867 0.00187681 0.000111633 2.27901e-06 1.39599e-08 2.18324e-11 7.32752e-15 4.40665e-19 4.17456e-24 5.76985e-30
 1.62337e-41 2.25314e-33 3.7801e-26 7.66598e-20 1.87922e-14 5.56848e-10 1.99454e-06 0.000863567 0.0451957 0.285948 0.223149 0.107173 0.20539 0.0828173 0.0381134 0.00989755 0.00137335 7.50832e-05 1.36111e-06 6.69814e-09 7.49927e-12 1.67811e-15 6.7404e-20 4.41046e-25 4.32685e-31
 1.33657e-41 1.85507e-33 3.11226e-26 6.31161e-20 1.54722e-14 4.58469e-10 1.64216e-06 0.000710998 0.0372109 0.235446 0.185897 0.12003 0.225568 0.112494 0.0680384 0.0132947 0.00124892 5.82804e-05 9.31051e-07 3.86707e-09 3.43634e-12 5.66285e-16 1.57144e-20 6.87168e-26 4.49858e-32
 1.22244e-41 1.69666e-33 2.8465e-26 5.77264e-20 1.4151e-14 4.19319e-10 1.50193e-06 0.000650284 0.0340333 0.215356 0.171468 0.12433 0.220394 0.128687 0.0846482 0.0184898 0.00187851 6.14436e-05 6.86624e-07 2.27778e-09 1.63215e-12 2.10161e-16 4.38188e-21 1.38287e-26 6.31131e-33
 1.63279e-41 2.2662e-33 3.80202e-26 7.71043e-20 1.89012e-14 5.60077e-10 2.00611e-06 0.000868575 0.0454578 0.287626 0.225717 0.104605 0.157337 0.0982172 0.0634035 0.0150455 0.00166369 5.64187e-05 5.2813e-07 1.19319e-09 6.06015e-13 5.89641e-17 9.38239e-22 2.23009e-27 7.52435e-34
 1.48394e-41 2.05961e-33 3.45543e-26 7.00754e-20 1.71782e-14 5.09021e-10 1.82323e-06 0.000789395 0.0413139 0.261448 0.209141 0.140477 0.202556 0.089234 0.0437852 0.0101124 0.00110226 3.84181e-05 3.55135e-07 7.00661e-10 2.62522e-13 1.73964e-17 1.92555e-22 3.30869e-28 8.2214e-35
 1.54513e-41 2.14453e-33 3.5979e-26 7.29647e-20 1.78864e-14 5.30008e-10 1.8984e-06 0.000821942 0.0430173 0.272236 0.217697 0.133614 0.178553 0.0990956 0.0469902 0.00734591 0.000607997 1.93594e-05 1.68062e-07 3.06497e-10 9.98623e-14 5.25365e-18 4.21802e-23 4.9936e-29 8.49583e-36
 1.5267e-41 2.11896e-33 3.555e-26 7.20946e-20 1.76731e-14 5.23688e-10 1.87576e-06 0.000812141 0.0425044 0.269028 0.217584 0.14805 0.183133 0.0919618 0.039883 0.00658782 0.000443801 9.55594e-06 6.46133e-08 1.00608e-10 2.82019e-14 1.25113e-18 8.16896e-24 7.50862e-30 9.45246e-37
 1.64646e-41 2.28517e-33 3.83385e-26 7.77498e-20 1.90594e-14 5.64766e-10 2.0229e-06 0.000875846 0.0458385 0.290142 0.234304 0.143049 0.161944 0.0853763 0.0334175 0.00475509 0.000289602 5.36821e-06 2.57365e-08 2.80398e-11 5.9949e-15 2.12317e-19 1.11535e-24 8.18762e-31 8.11323e-38
 1.59522e-41 2.21406e-33 3.71455e-26 7.53303e-20 1.84664e-14 5.47192e-10 1.95995e-06 0.000848591 0.0444123 0.281184 0.230985 0.162152 0.170372 0.079171 0.0271459 0.00354392 0.000181183 2.76084e-06 1.07827e-08 8.72248e-12 1.28518e-15 3.17455e-20 1.21719e-25 6.74228e-32 5.11634e-39
 1.64321e-41 2.28067e-33 3.8263e-26 7.75965e-20 1.90219e-14 5.63653e-10 2.01891e-06 0.00087412 0.0457484 0.289682 0.238877 0.160613 0.158521 0.0788962 0.0240797 0.00259452 0.000110381 1.37984e-06 4.22785e-09 2.64291e-12 2.92845e-16 5.18121e-21 1.37352e-26 5.2416e-33 2.78995e-40
 1.65232e-41 2.29332e-33 3.84752e-26 7.80269e-20 1.91274e-14 5.66779e-10 2.03011e-06 0.000878968 0.0460024 0.291371 0.243342 0.17047 0.155342 0.0710969 0.019503 0.00192441 6.65183e-05 6.40771e-07 1.51309e-09 7.18402e-13 5.94718e-17 7.79329e-22 1.51144e-27 4.13654e-34 1.54655e-41
 1.68644e-41 2.34066e-33 3.92695e-26 7.96378e-20 1.95223e-14 5.7848e-10 2.07202e-06 0.000897114 0.0469524 0.297466 0.250461 0.172976 0.147632 0.0663235 0.0159137 0.00133836 3.90469e-05 3.03804e-07 5.40348e-10 1.88767e-13 1.14888e-17 1.10285e-22 1.55811e-28 3.09456e-35 8.36798e-43
 1.68118e-41 2.33336e-33 3.9147e-26 7.93894e-20 1.94614e-14 5.76676e-10 2.06556e-06 0.000894317 0.0468064 0.29667 0.253722 0.18162 0.144927 0.0612648 0.0131004 0.000969201 2.31498e-05 1.43143e-07 1.97985e-10 5.181e-14 2.28849e-18 1.57633e-23 1.59807e-29 2.28078e-36 4.43104e-44
 1.467e-41 2.03609e-33 3.41597e-26 6.92752e-20 1.6982e-14 5.03208e-10 1.80241e-06 0.000780381 0.0408444 0.259232 0.234455 0.214723 0.167445 0.0687011 0.0129728 0.000827954 1.64335e-05 8.10951e-08 8.59467e-11 1.68979e-14 5.52913e-19 2.77373e-24 2.01683e-30 2.04628e-37 2.81872e-45
 1.49796e-41 2.07907e-33 3.48808e-26 7.07375e-20 1.73405e-14 5.1383e-10 1.84045e-06 0.000796854 0.0417063 0.2646 0.234933 0.197351 0.167107 0.078316 0.0143398 0.000834202 1.45006e-05 6.12835e-08 5.46645e-11 8.882e-15 2.36922e-19 9.62891e-25 5.65295e-31 4.61181e-38 5.08097e-46
#spawning biomass
 17476.4 19233.3 20458.8 22515.3 27071.9 32434.9 38536.5 47305.7 65235 88490 104790 123140 168417 214190 196566 156169 146764 154578 147578 142265 152365 151493 164778 176993 190463 195330 181681 189128 206159 176307 85867.4 36049.4 22323 19300.1 18691 18574.4 18552.9 18549 18548.3 18548.2 18548.2 18548.2 18548.2 18548.2 18548.2 18548.2 18548.2 18548.2 18548.2 18548.2 18548.2 18548.2 18548.2 18548.2 18548.2 18548.2 18548.2 18548.2 18548.2 18548.2 18548.2 18548.2 18548.2 18548.2 18548.2 18548.2 18548.2 18548.2 18548.2 18548.2 18548.2 18548.2 18548.2 18548.2 18548.2 18548.2 18548.2 18548.2 18548.2 18548.2 18548.2 18548.2 18548.2 18548.2 18548.2 18548.2 18548.2 18548.2 18548.2 18548.2 18548.2 18548.2 18548.2 18548.2 18548.2 18548.2 18548.2 18548.2 18548.2 18548.2 18548.2 18548.2 18548.2 18548.2 18548.2 18548.2 18548.2 18548.2 18548.2 18548.2 18548.2 18548.2 18548.2 18548.2 18548.2 18548.2 18548.2 18548.2 18548.2 18548.2 18548.2 18548.2 18548.2 18548.2 18548.2 18548.2 18548.2 18548.2 0 0 0 0 0 0 0 0 0 0 0 0 0 0 0 0 0 0 0 0 0 0 0 0 0
