SBPRF35
0.200026
Curr Bio
90369.1
B35
143389
F35
0.568487
FOFL
0.302454
OFL
22267.7
Bzero
57150.3
#pred survey bio
 42365.2 42605.8 46279.9 49713.8 54832.8 60164.5 63827.8 63980.5 78901.1 78612.5 83836.8 98613.2 95985.3 87077 90885.9 89391.5 109761 112724 127221 149793 152046 157570 153823 142694 170203 161238 160259 157253 5.12319e+06 3.05936e+06 2.06958e+06 1.35546e+06 972692 786694 699011 657248 636615 625896 620031 616675 614688 613483 612739 612275 611985 611803 611689 611617 611571 611542 611524 611513 611505 611501 611498 611496 611495 611494 611493 611493 611493 611493 611493 611493 611493 611493 611493 611493 611493 611493 611493 611493 611493 611493 611493 611493 611493 611493 611493 611493 611493 611493 611493 611493 611493 611493 611493 611493 611493 611493 611493 611493 611493 611493 611493 611493 611493 611493 611493 611493 611493 611493 611493 611493 611493 611493 611493 611493 611493 611493 611493 611493 611493 611493 611493 611493 611493 611493 611493 611493 611493 611493 611493 611493 611493 611493 611493 611493 0 0 0 0 0 0 0 0 0 0 0 0 0 0 0 0 0 0 0 0 0 0 0 0 0
#obs survey bio
 36918.2 46024.1 44723.5 47153.2 65196.7 49909.2 73989.8 79608.9 92549 95849 89314.3 111108 77301.3 74721.3 100748 71433.2 144303 108404 142344 114591 139902 137180 111299 183585 174319 209641 163000 165510
#pred catch bio
 21802.4 23083.5 25788.2 26292.4 29170.4 33509.5 36386.5 30943.5 44613 43982.6 43702.7 57353.5 59486.2 49575 53870.8 44913.3 62033.8 59174.2 62521.6 81264.8 80752.6 91569.4 92807.9 68860.6 96104.5 86344.4 88329.8 94463.8 22267.7 47137.4 30781.7 18623 12531 9849.55 8750.42 8319.33 8155.02 8093.58 8070.89 8062.59 8059.57 8058.47 8058.08 8057.94 8057.89 8057.87 8057.86 8057.86 8057.86 8057.86 8057.86 8057.86 8057.86 8057.86 8057.86 8057.86 8057.86 8057.86 8057.86 8057.86 8057.86 8057.86 8057.86 8057.86 8057.86 8057.86 8057.86 8057.86 8057.86 8057.86 8057.86 8057.86 8057.86 8057.86 8057.86 8057.86 8057.86 8057.86 8057.86 8057.86 8057.86 8057.86 8057.86 8057.86 8057.86 8057.86 8057.86 8057.86 8057.86 8057.86 8057.86 8057.86 8057.86 8057.86 8057.86 8057.86 8057.86 8057.86 8057.86 8057.86 8057.86 8057.86 8057.86 8057.86 8057.86 8057.86 8057.86 8057.86 8057.86 8057.86 8057.86 8057.86 8057.86 8057.86 8057.86 8057.86 8057.86 8057.86 8057.86 8057.86 8057.86 8057.86 8057.86 8057.86 8057.86 8057.86 8057.86 8057.86 0 0 0 0 0 0 0 0 0 0 0 0 0 0 0 0 0 0 0 0 0 0 0 0 0
#obs catch bio
 28365.4 22844.7 25967.5 26621.7 27417.6 32751.6 35593.8 28579.5 45107.6 42408.5 44260.2 54552.6 61528.2 52651.5 55486.3 45212 61057.3 57085.7 60234.2 79804.4 82777.8 93879 104765 68186.1 97739.3 82521.1 90362.5 95425.1
#pred cpue bio
 33134.7 30143.4 32257.3 34472.4 38669.2 42227.1 44384.2 44892.1 55437.4 55369.8 58021.9 68542.2 67286.4 60033.7 63101.4 61813.9 76375.4 78805.5 89164.4 106271 108387 112521 107061 99471.7 121213 115211 115585 112041 3.55593e+06 2.82513e+06 1.96531e+06 1.25659e+06 873994 688001 600318 558555 537922 527203 521338 517982 515995 514790 514046 513582 513292 513110 512996 512924 512878 512849 512831 512820 512812 512808 512805 512803 512802 512801 512801 512800 512800 512800 512800 512800 512800 512800 512800 512800 512800 512800 512800 512800 512800 512800 512800 512800 512800 512800 512800 512800 512800 512800 512800 512800 512800 512800 512800 512800 512800 512800 512800 512800 512800 512800 512800 512800 512800 512800 512800 512800 512800 512800 512800 512800 512800 512800 512800 512800 512800 512800 512800 512800 512800 512800 512800 512800 512800 512800 512800 512800 512800 512800 512800 512800 512800 512800 512800 512800 0 0 0 0 0 0 0 0 0 0 0 0 0 0 0 0 0 0 0 0 0 0 0 0 0
#obs cpue bio
 34912.5 34320.5 31052.2 32643.6 51905.4 49647.5 43356.9 52805 38926.9 57312.7 43471.8 91420.4 62647.1 47828.6 61217.5 65303.4 78570.5 89920.6 92190.9 146370 91127.8 128386 79068.1 89537.7 122407 111703 90971.4 108450
#pred surv len freq
 3.86468e-11 1.81776e-09 5.92033e-08 1.33518e-06 2.08508e-05 0.000225472 0.00168831 0.00875434 0.0314389 0.0782454 0.135285 0.164051 0.144598 0.103773 0.0754065 0.0613532 0.0492867 0.0369545 0.0274662 0.0211451 0.0170335 0.0144657 0.0124608 0.00986907 0.00647763
 4.23397e-11 1.99146e-09 6.48605e-08 1.46277e-06 2.28432e-05 0.000247017 0.00184964 0.00959089 0.0344434 0.085725 0.148231 0.179812 0.158664 0.114075 0.082473 0.0648515 0.0474957 0.0295985 0.0167488 0.00967272 0.00603849 0.00410455 0.00296711 0.0020966 0.00129099
 4.21662e-11 1.9833e-09 6.45947e-08 1.45677e-06 2.27496e-05 0.000246005 0.00184207 0.00955166 0.0343033 0.0853844 0.147697 0.179423 0.159152 0.116188 0.0861679 0.0688856 0.0502743 0.0303983 0.0158439 0.00771053 0.00363463 0.00170854 0.000856204 0.000463637 0.000244685
 4.23735e-11 1.99305e-09 6.49123e-08 1.46393e-06 2.28614e-05 0.000247214 0.00185112 0.00959861 0.0344718 0.0858023 0.14841 0.180242 0.159727 0.116292 0.0858659 0.0684612 0.0499907 0.0303035 0.0157937 0.00755181 0.00333005 0.00132222 0.000481422 0.000171295 6.23305e-05
 4.12422e-11 1.93984e-09 6.31792e-08 1.42485e-06 2.22511e-05 0.000240614 0.00180171 0.00934243 0.0335527 0.0835239 0.144533 0.175834 0.156793 0.116228 0.0884427 0.0721886 0.0533564 0.0326762 0.0172614 0.00836875 0.00371153 0.0014488 0.000489895 0.000144533 3.79438e-05
 4.17293e-11 1.96275e-09 6.39254e-08 1.44168e-06 2.25139e-05 0.000243456 0.00182298 0.00945271 0.0339482 0.0845025 0.146186 0.177655 0.157807 0.115705 0.086534 0.0699067 0.0517883 0.0321564 0.0173992 0.00866609 0.00392869 0.00155688 0.000528737 0.000152564 3.6956e-05
 4.22375e-11 1.98665e-09 6.47039e-08 1.45923e-06 2.2788e-05 0.00024642 0.00184518 0.0095678 0.0343612 0.0855276 0.147939 0.179691 0.159306 0.116132 0.0859463 0.0686912 0.0503044 0.0306724 0.0161819 0.00789465 0.00356449 0.00142914 0.000494581 0.000145057 3.52814e-05
 4.1487e-11 1.95135e-09 6.35543e-08 1.43331e-06 2.23832e-05 0.000242042 0.0018124 0.00939788 0.0337517 0.0840185 0.145382 0.176837 0.157588 0.116594 0.0883915 0.0718 0.0526773 0.0318176 0.0164546 0.00781378 0.00343168 0.00134301 0.000457147 0.000133405 3.26191e-05
 4.17705e-11 1.96468e-09 6.39884e-08 1.4431e-06 2.25361e-05 0.000243696 0.00182478 0.00946202 0.0339814 0.0845835 0.146314 0.177756 0.157721 0.115285 0.0858367 0.0692861 0.0516401 0.0325216 0.0179507 0.00908002 0.00412765 0.00162332 0.000545597 0.000156224 3.75463e-05
 4.13111e-11 1.94308e-09 6.32848e-08 1.42723e-06 2.22882e-05 0.000241016 0.00180471 0.00935803 0.0336087 0.0836633 0.144773 0.176122 0.157034 0.116364 0.0884583 0.072053 0.0530423 0.0322643 0.0169387 0.0082539 0.00375102 0.001521 0.000531375 0.000156316 3.78874e-05
 4.25913e-11 2.00329e-09 6.5246e-08 1.47146e-06 2.29789e-05 0.000248485 0.00186064 0.00964792 0.0346486 0.0862393 0.149145 0.181041 0.160131 0.115949 0.0848584 0.0673211 0.049295 0.0302082 0.0160389 0.00782596 0.00349513 0.00137794 0.000471349 0.000138448 3.41012e-05
 4.22663e-11 1.98801e-09 6.47481e-08 1.46023e-06 2.28036e-05 0.000246589 0.00184644 0.00957433 0.0343846 0.0855857 0.148037 0.1798 0.159371 0.116112 0.0858543 0.068589 0.0502526 0.0306749 0.0161932 0.00787939 0.00352885 0.00139688 0.000476882 0.000138584 3.36587e-05
 4.15079e-11 1.95233e-09 6.35862e-08 1.43403e-06 2.23944e-05 0.000242164 0.00181331 0.00940261 0.0337688 0.0840611 0.145458 0.176938 0.157705 0.116733 0.0885445 0.0718992 0.0526413 0.0316464 0.0162402 0.00764743 0.00333769 0.00129979 0.000439605 0.000127115 3.07527e-05
 4.26037e-11 2.00388e-09 6.52649e-08 1.47189e-06 2.29856e-05 0.000248557 0.00186118 0.00965075 0.034659 0.0862676 0.14921 0.181195 0.160507 0.116708 0.0859332 0.0682224 0.0494454 0.0295295 0.0150063 0.00695217 0.00296399 0.00112053 0.000367015 0.000103182 2.4467e-05
 4.21665e-11 1.98331e-09 6.45952e-08 1.45678e-06 2.27498e-05 0.000246007 0.00184208 0.00955175 0.0343038 0.0853869 0.147711 0.179484 0.15935 0.116633 0.0868569 0.0696055 0.0507437 0.0304989 0.0156388 0.00730946 0.00312732 0.00117706 0.000380518 0.000104755 2.4204e-05
 4.24195e-11 1.99521e-09 6.49827e-08 1.46552e-06 2.28862e-05 0.000247482 0.00185313 0.00960903 0.0345093 0.0858965 0.148578 0.180474 0.160019 0.116677 0.0863216 0.0688016 0.0499856 0.0299317 0.0152733 0.00711045 0.00304118 0.00114794 0.000372218 0.000102398 2.34958e-05
 4.2251e-11 1.98728e-09 6.47245e-08 1.4597e-06 2.27953e-05 0.000246499 0.00184577 0.00957084 0.034372 0.0855535 0.147977 0.179704 0.159214 0.115856 0.0855345 0.0683799 0.0503469 0.0310515 0.0166105 0.0081283 0.0035968 0.00138152 0.000452007 0.000125099 2.88278e-05
 4.17644e-11 1.9644e-09 6.39792e-08 1.44289e-06 2.25328e-05 0.00024366 0.00182452 0.00946068 0.033977 0.0845766 0.146329 0.177903 0.15826 0.116503 0.0876017 0.0707422 0.0518057 0.0313135 0.0162492 0.00776969 0.00344254 0.00135447 0.000458259 0.00013068 3.07375e-05
 4.17748e-11 1.96489e-09 6.39951e-08 1.44325e-06 2.25384e-05 0.000243721 0.00182497 0.00946302 0.0339852 0.0845947 0.146346 0.177852 0.157991 0.115855 0.0866502 0.0699589 0.0517252 0.0319709 0.0171526 0.00844071 0.00377387 0.00147554 0.000496007 0.000142144 3.40255e-05
 4.10318e-11 1.92994e-09 6.28568e-08 1.41758e-06 2.21375e-05 0.000239386 0.00179251 0.00929475 0.0333814 0.0830973 0.143792 0.174923 0.15595 0.115558 0.087959 0.0720417 0.0537763 0.033639 0.0184049 0.00930276 0.00428711 0.00172772 0.00059535 0.000173098 4.16791e-05
 4.06165e-11 1.91041e-09 6.22208e-08 1.40323e-06 2.19135e-05 0.000236964 0.00177437 0.00920074 0.0330442 0.0822624 0.142378 0.173348 0.155011 0.115837 0.0893346 0.0737495 0.0550134 0.03416 0.0184817 0.00926875 0.00428182 0.00174944 0.000616401 0.000183947 4.53997e-05
 4.05846e-11 1.9089e-09 6.21718e-08 1.40213e-06 2.18962e-05 0.000236777 0.00177298 0.00919348 0.0330181 0.0821965 0.142258 0.173176 0.154775 0.1155 0.0889269 0.0734633 0.0550737 0.0345672 0.0189911 0.00964496 0.00447353 0.00182466 0.000642659 0.000192992 4.83017e-05
 4.22422e-11 1.98687e-09 6.47111e-08 1.4594e-06 2.27906e-05 0.000246448 0.00184539 0.00956886 0.0343649 0.0855363 0.147949 0.179682 0.159231 0.115938 0.0856508 0.068423 0.0502184 0.0308011 0.016421 0.00812094 0.00372118 0.00151756 0.000536514 0.000161571 4.05215e-05
 4.18338e-11 1.96766e-09 6.40855e-08 1.44529e-06 2.25702e-05 0.000244065 0.00182755 0.00947641 0.0340336 0.0847181 0.146579 0.178231 0.158626 0.116917 0.0880396 0.0710194 0.05169 0.0307959 0.0155873 0.00723979 0.00314187 0.0012302 0.000422678 0.000125203 3.11995e-05
 4.0741e-11 1.91626e-09 6.24115e-08 1.40753e-06 2.19807e-05 0.00023769 0.00177981 0.00922892 0.0331452 0.0825117 0.142795 0.173786 0.155184 0.115522 0.0886146 0.0730584 0.0547986 0.0344388 0.0188656 0.00942972 0.00422107 0.00163076 0.000539072 0.000152826 3.67147e-05
 4.0393e-11 1.89989e-09 6.18783e-08 1.39551e-06 2.17929e-05 0.00023566 0.00176461 0.00915012 0.0328627 0.081813 0.141617 0.172502 0.154514 0.116007 0.0901069 0.0747048 0.0557091 0.0344593 0.0185279 0.00923522 0.0042427 0.00171719 0.000593856 0.000172235 4.1141e-05
 3.98427e-11 1.87401e-09 6.10353e-08 1.3765e-06 2.1496e-05 0.000232449 0.00174057 0.00902549 0.0324154 0.0807027 0.139718 0.170292 0.152872 0.115505 0.0906863 0.0759695 0.0572961 0.0360785 0.0198706 0.0100976 0.00467164 0.00189517 0.000662322 0.000196785 4.85159e-05
 4.07954e-11 1.91882e-09 6.24947e-08 1.40941e-06 2.201e-05 0.000238007 0.00178219 0.00924122 0.0331893 0.0826205 0.142977 0.173977 0.155257 0.115367 0.0882298 0.072567 0.0543704 0.0342108 0.0189073 0.00969483 0.00455109 0.00187862 0.000667078 0.000200719 5.00907e-05
#obs surv len freq
 4.10417e-11 1.93041e-09 6.2872e-08 1.41792e-06 2.21429e-05 0.000239444 0.00179295 0.00929701 0.0333897 0.0831177 0.143829 0.174974 0.156016 0.115643 0.0880409 0.0720448 0.0536291 0.0333859 0.0181999 0.00925491 0.00436416 0.00183166 0.000666567 0.000206595 5.33903e-05
 4.16412e-11 1.9586e-09 6.37904e-08 1.43863e-06 2.24663e-05 0.000242942 0.00181913 0.00943277 0.0338769 0.0843266 0.145894 0.17736 0.157736 0.116044 0.0872221 0.0705735 0.0520309 0.0319195 0.0169805 0.00836648 0.00382103 0.00155943 0.000556212 0.000170612 4.38963e-05
 4.2828e-11 2.01442e-09 6.56083e-08 1.47963e-06 2.31066e-05 0.000249865 0.00187097 0.00970151 0.0348411 0.0867175 0.149967 0.182015 0.160915 0.116337 0.0848568 0.0669799 0.0486314 0.0293342 0.0152118 0.00726257 0.00321336 0.00126985 0.000437862 0.000130059 3.26004e-05
 4.08261e-11 1.92026e-09 6.25417e-08 1.41047e-06 2.20266e-05 0.000238186 0.00178353 0.00924821 0.033215 0.0826887 0.143126 0.174306 0.156016 0.116871 0.0903548 0.0743694 0.0547208 0.0329256 0.0168711 0.00790747 0.00342131 0.00131657 0.000439978 0.00012631 3.06029e-05
 4.20997e-11 1.98017e-09 6.44927e-08 1.45447e-06 2.27137e-05 0.000245616 0.00183916 0.00953658 0.0342492 0.0852486 0.147457 0.179108 0.1588 0.115799 0.0858083 0.0688175 0.0507831 0.0314062 0.0168647 0.0082858 0.00367909 0.00141893 0.000467688 0.000131201 3.09035e-05
 4.36443e-11 2.05282e-09 6.6859e-08 1.50784e-06 2.35471e-05 0.000254628 0.00190663 0.00988636 0.0355042 0.0883603 0.152756 0.185155 0.162903 0.116096 0.0825818 0.0639376 0.0461427 0.0278952 0.0145802 0.00704129 0.00314858 0.00124833 0.000425144 0.00012198 2.88909e-05
 4.10622e-11 1.93137e-09 6.29033e-08 1.41863e-06 2.21539e-05 0.000239564 0.00179384 0.00930168 0.033407 0.083166 0.143948 0.175285 0.156819 0.117303 0.0904207 0.0740911 0.0540807 0.0320243 0.0159853 0.00728415 0.00309858 0.00118842 0.000398626 0.000114688 2.75936e-05
 4.19623e-11 1.9737e-09 6.42822e-08 1.44973e-06 2.26396e-05 0.000244815 0.00183316 0.00950546 0.0341377 0.0849726 0.14699 0.178595 0.158518 0.115958 0.0863693 0.0695003 0.0512782 0.031598 0.0168322 0.00816177 0.00355887 0.00134248 0.000432692 0.000119363 2.78693e-05
 4.15033e-11 1.95212e-09 6.35791e-08 1.43387e-06 2.23919e-05 0.000242137 0.00181311 0.00940156 0.0337652 0.0840523 0.145445 0.176934 0.157738 0.116831 0.088694 0.0720218 0.0526518 0.0315457 0.0161132 0.00756493 0.00330194 0.00128335 0.000428524 0.00012037 2.79073e-05
 4.10232e-11 1.92953e-09 6.28436e-08 1.41728e-06 2.21329e-05 0.000239336 0.00179214 0.00929282 0.0333749 0.0830828 0.143782 0.174981 0.156227 0.116223 0.0889598 0.0729471 0.054063 0.033185 0.0175528 0.00848377 0.00372467 0.00142963 0.000471445 0.000132618 3.12118e-05
 4.31494e-11 2.02954e-09 6.61008e-08 1.49074e-06 2.32801e-05 0.000251741 0.00188502 0.0097743 0.0351022 0.087364 0.151063 0.183237 0.161651 0.11614 0.0838158 0.0656696 0.0476572 0.0288937 0.0151233 0.00728513 0.00322897 0.00126236 0.000423403 0.000120014 2.82244e-05
 4.16516e-11 1.95909e-09 6.38063e-08 1.43899e-06 2.24719e-05 0.000243002 0.00181959 0.00943515 0.0338858 0.0843519 0.14596 0.177545 0.158231 0.117078 0.0887062 0.0718407 0.0522898 0.0310477 0.0156009 0.00716679 0.00306597 0.00117711 0.000393182 0.000112115 2.66596e-05
 4.22862e-11 1.98894e-09 6.47784e-08 1.46092e-06 2.28143e-05 0.000246705 0.00184731 0.00957884 0.0344011 0.085628 0.148121 0.179955 0.159676 0.116676 0.0866401 0.0692676 0.0504185 0.0302403 0.0154438 0.00717013 0.00304096 0.00113448 0.000364797 0.000100581 2.3426e-05
 4.04313e-11 1.90169e-09 6.19369e-08 1.39683e-06 2.18136e-05 0.000235883 0.00176628 0.00915882 0.0328944 0.0818951 0.141783 0.172815 0.155144 0.117185 0.0917447 0.0760932 0.0559878 0.0334725 0.0169309 0.00779524 0.00330382 0.00123831 0.000398677 0.000108825 2.47962e-05
 4.25518e-11 2.00143e-09 6.51853e-08 1.47009e-06 2.29576e-05 0.000248254 0.00185891 0.00963896 0.0346166 0.0861597 0.14901 0.180888 0.160033 0.11596 0.0849789 0.0675099 0.0495003 0.0303784 0.0161234 0.00780776 0.00341355 0.00129331 0.000416907 0.000113751 2.58921e-05
 4.10395e-11 1.9303e-09 6.28687e-08 1.41785e-06 2.21417e-05 0.000239431 0.00179285 0.00929654 0.0333884 0.0831181 0.143854 0.175121 0.156517 0.116765 0.0896916 0.0734988 0.0540179 0.0325438 0.0167533 0.0079299 0.00348 0.0013565 0.000454045 0.000127836 2.96442e-05
 4.32979e-11 2.03652e-09 6.63282e-08 1.49587e-06 2.33601e-05 0.000252607 0.0018915 0.0098079 0.0352226 0.0876611 0.151559 0.183756 0.161845 0.115728 0.0828794 0.0647036 0.047199 0.02904 0.0155338 0.00761304 0.00338295 0.00131128 0.000436004 0.000123439 2.91785e-05
 4.11913e-11 1.93744e-09 6.31012e-08 1.42309e-06 2.22236e-05 0.000240317 0.00179948 0.00933091 0.0335117 0.083424 0.144375 0.175718 0.156928 0.11681 0.0893961 0.0730327 0.0535527 0.0321688 0.0164972 0.00779166 0.00342903 0.0013488 0.0004583 0.000131716 3.13411e-05
 4.21557e-11 1.9828e-09 6.45785e-08 1.45641e-06 2.27439e-05 0.000245943 0.00184161 0.00954926 0.0342948 0.085362 0.147653 0.179347 0.159013 0.115951 0.085896 0.0688122 0.0506405 0.0311437 0.0165803 0.00807656 0.00357026 0.0013793 0.000458525 0.000130409 3.11405e-05
 4.08551e-11 1.92163e-09 6.25861e-08 1.41148e-06 2.20422e-05 0.000238356 0.0017848 0.00925478 0.0332385 0.0827463 0.143219 0.17439 0.155997 0.116664 0.0899786 0.0739911 0.0545389 0.0330007 0.0171053 0.00816057 0.00360571 0.00141494 0.000478173 0.000136729 3.2451e-05
 3.87527e-11 1.82274e-09 5.93655e-08 1.33884e-06 2.09079e-05 0.00022609 0.00169296 0.0087787 0.0315304 0.078511 0.136005 0.166154 0.150398 0.116225 0.0943116 0.0805548 0.060774 0.0377269 0.020224 0.00992886 0.00442727 0.00172557 0.000577855 0.000164951 3.93747e-05
 4.20262e-11 1.97671e-09 6.43802e-08 1.45194e-06 2.26741e-05 0.000245188 0.00183595 0.00951992 0.0341892 0.085097 0.14718 0.178704 0.158227 0.11495 0.0847385 0.0679774 0.0507301 0.0322225 0.0180752 0.00934677 0.00435745 0.00175884 0.000603878 0.00017462 4.18066e-05
 4.10697e-11 1.93172e-09 6.2915e-08 1.41889e-06 2.2158e-05 0.000239608 0.00179417 0.00930339 0.033413 0.0831798 0.143963 0.175265 0.156679 0.116946 0.0898654 0.0735542 0.0538374 0.0321724 0.0164014 0.00776349 0.00348387 0.00142105 0.0005051 0.00015175 3.74905e-05
 3.93076e-11 1.84884e-09 6.02154e-08 1.35801e-06 2.12073e-05 0.000229327 0.00171719 0.00890432 0.0319809 0.0796257 0.137888 0.16823 0.15156 0.115647 0.0921744 0.0780167 0.0590655 0.0371925 0.0203709 0.0101864 0.00457705 0.00178741 0.000603256 0.00017605 4.3548e-05
 4.22145e-11 1.98557e-09 6.46686e-08 1.45844e-06 2.27757e-05 0.000246286 0.00184418 0.00956257 0.0343423 0.0854778 0.147836 0.179487 0.158875 0.115309 0.0848046 0.0677485 0.0501764 0.0314424 0.017334 0.00886263 0.00413831 0.00168892 0.000587612 0.000171864 4.16107e-05
 3.80472e-11 1.78956e-09 5.82848e-08 1.31447e-06 2.05273e-05 0.000221974 0.00166214 0.00861896 0.0309575 0.0770926 0.133603 0.163481 0.148812 0.116714 0.0966554 0.0834151 0.0627615 0.0384718 0.0202893 0.00992523 0.004532 0.00185518 0.000659834 0.000199162 4.96578e-05
 4.17522e-11 1.96382e-09 6.39604e-08 1.44247e-06 2.25262e-05 0.000243589 0.00182398 0.00945786 0.0339664 0.0845431 0.146226 0.177564 0.157284 0.114424 0.0846302 0.0682849 0.0514938 0.033311 0.0191281 0.010063 0.00471719 0.0019071 0.000661859 0.00019681 4.91839e-05
 4.0097e-11 1.88597e-09 6.14248e-08 1.38528e-06 2.16332e-05 0.000233933 0.00175168 0.0090831 0.0326224 0.0812175 0.140607 0.171369 0.153812 0.116129 0.0909588 0.0757615 0.0564426 0.0347536 0.0186268 0.00936639 0.00442585 0.00187275 0.000682231 0.000208443 5.22963e-05
#pred catch len freq
 3.25202e-11 1.52959e-09 4.98179e-08 1.12352e-06 1.75454e-05 0.000189729 0.00142069 0.0073669 0.0264602 0.0658929 0.114192 0.13972 0.127192 0.0999939 0.0839921 0.0758057 0.0635222 0.0485113 0.0364823 0.0282799 0.0228477 0.0194223 0.016735 0.0132552 0.00870029
 3.74066e-11 1.75943e-09 5.73034e-08 1.29233e-06 2.01817e-05 0.000218237 0.00163415 0.0084738 0.0304357 0.0757905 0.131327 0.160601 0.145891 0.113824 0.0936452 0.0807396 0.0613281 0.0387791 0.0221787 0.012924 0.0081095 0.00552291 0.00399461 0.00282302 0.00173834
 3.74298e-11 1.76052e-09 5.7339e-08 1.29314e-06 2.01942e-05 0.000218372 0.00163517 0.00847915 0.0304558 0.0758491 0.131487 0.16107 0.147192 0.116632 0.097962 0.0852671 0.0643053 0.0393799 0.0207131 0.0101629 0.00481698 0.00227048 0.00113907 0.000617043 0.000325678
 3.74016e-11 1.75919e-09 5.72958e-08 1.29216e-06 2.0179e-05 0.000218208 0.00163394 0.00847277 0.030433 0.075793 0.131395 0.160982 0.14719 0.116799 0.0983189 0.0857578 0.0648356 0.0398388 0.0209654 0.0101105 0.00448348 0.00178521 0.000650829 0.000231711 8.43358e-05
 3.6078e-11 1.69694e-09 5.52682e-08 1.24643e-06 1.94649e-05 0.000210486 0.00157612 0.00817305 0.0293576 0.0731272 0.126857 0.155818 0.143735 0.116676 0.101264 0.0900611 0.0687678 0.0426665 0.0227573 0.0111267 0.00496166 0.00194197 0.000657442 0.000194074 5.0964e-05
 3.68993e-11 1.73556e-09 5.65262e-08 1.27481e-06 1.9908e-05 0.000215277 0.001612 0.00835898 0.0300245 0.0747778 0.12965 0.158914 0.145529 0.115982 0.0983208 0.086448 0.066168 0.0416226 0.0227308 0.0114093 0.00519714 0.00206431 0.000701789 0.000202596 4.90873e-05
 3.76505e-11 1.7709e-09 5.7677e-08 1.30076e-06 2.03132e-05 0.00021966 0.00164481 0.00852911 0.030635 0.0762929 0.13224 0.161915 0.147717 0.11655 0.0973611 0.0845785 0.0639716 0.0394984 0.0210236 0.0103357 0.00468979 0.00188481 0.000652946 0.000191594 4.66103e-05
 3.59053e-11 1.68881e-09 5.50036e-08 1.24047e-06 1.93717e-05 0.000209478 0.00156858 0.00813395 0.0292175 0.0727817 0.126282 0.155222 0.143536 0.117214 0.102446 0.0912798 0.0693527 0.042479 0.0222012 0.0106447 0.00470519 0.0018473 0.000629683 0.000183871 4.49719e-05
 3.70266e-11 1.74155e-09 5.67212e-08 1.2792e-06 1.99766e-05 0.00021602 0.00161756 0.0083878 0.0301276 0.0750317 0.130069 0.159331 0.145604 0.115429 0.0972296 0.0853851 0.065756 0.0419567 0.0233711 0.0119085 0.00543738 0.00214296 0.000720949 0.000206533 4.96495e-05
 3.64436e-11 1.71413e-09 5.58282e-08 1.25906e-06 1.96621e-05 0.000212619 0.00159209 0.00825583 0.0296547 0.073864 0.128114 0.157263 0.144749 0.116837 0.100611 0.0889386 0.0675343 0.0415856 0.0220308 0.0108221 0.00494407 0.00200982 0.000702898 0.00020687 5.01515e-05
 3.75825e-11 1.7677e-09 5.75729e-08 1.29841e-06 2.02766e-05 0.000219263 0.00164184 0.00851371 0.0305797 0.0761552 0.132001 0.161622 0.14745 0.11635 0.0972451 0.0846148 0.0642346 0.0399256 0.0214117 0.010537 0.00473163 0.0018704 0.000640567 0.000188255 4.63816e-05
 3.78048e-11 1.77816e-09 5.79135e-08 1.30609e-06 2.03965e-05 0.00022056 0.00165155 0.00856407 0.0307604 0.0766036 0.132767 0.16251 0.148097 0.116516 0.0969545 0.0840444 0.063557 0.0392748 0.0209116 0.0102505 0.00461261 0.00183009 0.000625408 0.00018183 4.41721e-05
 3.73331e-11 1.75597e-09 5.71909e-08 1.2898e-06 2.0142e-05 0.000217808 0.00163095 0.00845727 0.0303775 0.075657 0.131174 0.16078 0.147223 0.117259 0.0991451 0.0865432 0.0651249 0.0395635 0.0204544 0.00969688 0.00425145 0.00165938 0.000561781 0.000162515 3.93251e-05
 3.80962e-11 1.79186e-09 5.83598e-08 1.31616e-06 2.05537e-05 0.00022226 0.00166428 0.00863007 0.0309974 0.0771938 0.133789 0.163755 0.149208 0.117318 0.0974426 0.0840948 0.0629513 0.0380597 0.019507 0.00910749 0.00390353 0.0014797 0.000485238 0.000136495 3.23748e-05
 3.78161e-11 1.77869e-09 5.79308e-08 1.30648e-06 2.04026e-05 0.000220626 0.00165205 0.00856664 0.0307698 0.0766292 0.132826 0.162646 0.148426 0.11718 0.0979053 0.084876 0.0637751 0.0387758 0.0200436 0.00943581 0.00405672 0.0015306 0.000495356 0.000136439 3.15329e-05
 3.7211e-11 1.75023e-09 5.70038e-08 1.28558e-06 2.00761e-05 0.000217096 0.00162561 0.00842961 0.0302783 0.0754114 0.130758 0.160317 0.146947 0.117345 0.0995687 0.0870985 0.0655848 0.0398226 0.0205258 0.00964381 0.00415059 0.00157165 0.000510321 0.000140482 3.22445e-05
 3.76106e-11 1.76902e-09 5.7616e-08 1.29938e-06 2.02917e-05 0.000219427 0.00164307 0.00852007 0.0306024 0.0762111 0.132092 0.161709 0.14745 0.116192 0.0969614 0.084368 0.0642 0.04011 0.0216501 0.0106742 0.0047458 0.00182707 0.000598413 0.000165704 3.81946e-05
 3.66362e-11 1.72319e-09 5.61232e-08 1.26572e-06 1.9766e-05 0.000213742 0.00160051 0.00829945 0.0298112 0.0742528 0.128781 0.158043 0.145346 0.117065 0.100501 0.0886237 0.0671135 0.0411052 0.0215388 0.0103896 0.00463021 0.00182696 0.000618876 0.00017658 4.15445e-05
 3.63068e-11 1.7077e-09 5.56186e-08 1.25434e-06 1.95883e-05 0.000211821 0.00158612 0.00822483 0.0295433 0.0735858 0.127627 0.156643 0.144111 0.116211 0.100056 0.0887439 0.0680284 0.042666 0.0231367 0.0114891 0.00516627 0.00202559 0.000681765 0.000195495 4.68101e-05
 3.59196e-11 1.68949e-09 5.50255e-08 1.24096e-06 1.93794e-05 0.000209562 0.0015692 0.00813715 0.0292285 0.0728043 0.126288 0.155077 0.142921 0.115775 0.100319 0.0894458 0.0689632 0.0437106 0.0241476 0.0123036 0.00569796 0.00230166 0.000793942 0.00023095 5.56222e-05
 3.53198e-11 1.66128e-09 5.41067e-08 1.22024e-06 1.90558e-05 0.000206063 0.001543 0.00800134 0.0287414 0.0715982 0.124244 0.152796 0.141545 0.116136 0.102247 0.0918649 0.0707471 0.0445073 0.0243187 0.0122993 0.00571181 0.00233954 0.000825213 0.000246382 6.08233e-05
 3.57998e-11 1.68385e-09 5.48419e-08 1.23682e-06 1.93148e-05 0.000208863 0.00156397 0.00811 0.0291311 0.0725625 0.125875 0.154598 0.14257 0.11568 0.100463 0.0897236 0.0692788 0.0440072 0.0243901 0.0124767 0.00581255 0.00237579 0.00083755 0.000251626 6.29897e-05
 3.80023e-11 1.78745e-09 5.8216e-08 1.31292e-06 2.05031e-05 0.000221712 0.00166018 0.00860878 0.0309207 0.0770003 0.133437 0.163245 0.148497 0.116275 0.0961284 0.0830425 0.0628313 0.038993 0.0209583 0.0104366 0.00480325 0.00196294 0.0006946 0.000209262 5.24922e-05
 3.63197e-11 1.70831e-09 5.56384e-08 1.25478e-06 1.95953e-05 0.000211896 0.00158668 0.0082278 0.0295544 0.0736181 0.127715 0.156898 0.144808 0.117672 0.102128 0.0904312 0.0681826 0.0411878 0.0210649 0.00988047 0.00431718 0.00169619 0.000583648 0.000172996 4.31218e-05
 3.58084e-11 1.68426e-09 5.48552e-08 1.23712e-06 1.93194e-05 0.000208913 0.00156435 0.00811196 0.0291382 0.07258 0.125905 0.154635 0.142605 0.115716 0.100527 0.0898603 0.0695024 0.0442282 0.0244486 0.0123109 0.00553587 0.00214345 0.000709276 0.000201183 4.83446e-05
 3.51065e-11 1.65124e-09 5.37798e-08 1.21287e-06 1.89407e-05 0.000204818 0.00153368 0.00795303 0.0285682 0.0711694 0.12352 0.151997 0.141096 0.116353 0.103064 0.0928433 0.0714224 0.0447453 0.0242934 0.0122114 0.00563979 0.0022884 0.000792254 0.000229889 5.49257e-05
 3.46162e-11 1.62818e-09 5.30288e-08 1.19593e-06 1.86762e-05 0.000201958 0.00151227 0.007842 0.0281696 0.0701793 0.121821 0.149995 0.139527 0.115673 0.103246 0.093699 0.0728145 0.0464254 0.0258118 0.01322 0.00614556 0.0024988 0.000874165 0.00025985 6.40789e-05
 3.62571e-11 1.70536e-09 5.55425e-08 1.25262e-06 1.95615e-05 0.00021153 0.00158394 0.00821355 0.0295026 0.0734827 0.127436 0.156353 0.143668 0.11551 0.0991297 0.0879482 0.0678231 0.0431737 0.0240607 0.0124214 0.00585506 0.00242155 0.000860594 0.000259048 6.4659e-05
#obs catch len freq
 3.39436e-11 1.59654e-09 5.19983e-08 1.17269e-06 1.83133e-05 0.000198033 0.00148288 0.00768966 0.027623 0.0688223 0.119499 0.147297 0.13753 0.115076 0.103952 0.0951739 0.0745822 0.0481999 0.0273576 0.0143511 0.00683702 0.00286056 0.00103902 0.000324576 8.52702e-05
 3.57344e-11 1.68077e-09 5.47417e-08 1.23456e-06 1.92795e-05 0.000208481 0.00156111 0.00809521 0.0290782 0.0724321 0.125659 0.154382 0.142527 0.11595 0.100986 0.0901897 0.0693652 0.0437128 0.0240229 0.0122971 0.00582311 0.00244927 0.000892306 0.000276731 7.15416e-05
 3.66512e-11 1.7239e-09 5.61461e-08 1.26624e-06 1.97741e-05 0.00021383 0.00160116 0.00830282 0.0298233 0.0742805 0.128815 0.158021 0.145123 0.116487 0.0996203 0.0878374 0.0668879 0.041521 0.0222558 0.011035 0.00506056 0.00206978 0.000739065 0.000226842 5.83846e-05
 3.785e-11 1.78028e-09 5.79826e-08 1.30766e-06 2.04209e-05 0.000220824 0.00165353 0.0085743 0.0307974 0.0766964 0.132934 0.162743 0.148401 0.116928 0.097445 0.0843946 0.063502 0.0387977 0.0202801 0.00974796 0.00433278 0.00171639 0.000592581 0.00017614 4.41695e-05
 3.54041e-11 1.66524e-09 5.42357e-08 1.22315e-06 1.91013e-05 0.000206554 0.00154669 0.00802046 0.0288106 0.0717741 0.124576 0.153326 0.142417 0.117587 0.104172 0.0934338 0.0709497 0.0431873 0.0223024 0.0105263 0.00457653 0.00176573 0.000590883 0.000169763 4.115e-05
 3.68919e-11 1.73522e-09 5.65149e-08 1.27456e-06 1.9904e-05 0.000215234 0.00161168 0.00835733 0.0300187 0.0747639 0.12963 0.158914 0.145604 0.116191 0.0986533 0.086777 0.0663303 0.0415554 0.022498 0.0111267 0.0049615 0.00191782 0.000632898 0.000177678 4.18704e-05
 3.89752e-11 1.8332e-09 5.97063e-08 1.34653e-06 2.1028e-05 0.000227388 0.00170268 0.00882908 0.0317113 0.0789606 0.136779 0.167074 0.151148 0.116615 0.0943354 0.0802237 0.0600762 0.0367984 0.0193848 0.00942214 0.00423121 0.00168132 0.000573256 0.00016458 3.89953e-05
 3.57306e-11 1.68059e-09 5.47358e-08 1.23443e-06 1.92774e-05 0.000208459 0.00156095 0.0080944 0.0290761 0.0724339 0.125711 0.154676 0.143519 0.118167 0.104237 0.0930278 0.0700623 0.0419588 0.0211028 0.00968396 0.00414051 0.00159247 0.000534913 0.000154018 3.70728e-05
 3.71947e-11 1.74946e-09 5.69788e-08 1.28502e-06 2.00674e-05 0.000217001 0.0016249 0.00842589 0.0302648 0.0753743 0.130673 0.160116 0.146462 0.116371 0.0982098 0.0860171 0.0655396 0.0408585 0.0219217 0.010691 0.00467911 0.00176857 0.000570648 0.000157526 3.67955e-05
 3.62164e-11 1.70344e-09 5.54801e-08 1.25122e-06 1.95396e-05 0.000211293 0.00158217 0.0082044 0.0294705 0.0734096 0.127357 0.15648 0.144491 0.117556 0.102203 0.0906338 0.0684635 0.0415095 0.0213694 0.0101033 0.00443144 0.00172681 0.000577352 0.000162291 3.76426e-05
 3.59994e-11 1.69324e-09 5.51476e-08 1.24372e-06 1.94225e-05 0.000210027 0.00157269 0.00815523 0.0292938 0.0729688 0.126588 0.155516 0.143543 0.116701 0.101497 0.0903946 0.0690806 0.0428823 0.0228474 0.0111099 0.00489713 0.00188365 0.00062188 0.000175055 4.12163e-05
 3.84463e-11 1.80833e-09 5.88961e-08 1.32826e-06 2.07426e-05 0.000224303 0.00167957 0.00870932 0.0312817 0.0778959 0.134968 0.165023 0.149807 0.116653 0.0956445 0.0820709 0.0617039 0.0378845 0.0199805 0.00968546 0.00431072 0.00168895 0.000567125 0.000160856 3.7844e-05
 3.69275e-11 1.73689e-09 5.65694e-08 1.27578e-06 1.99232e-05 0.000215442 0.00161323 0.00836543 0.0300483 0.0748426 0.129801 0.159281 0.146435 0.117819 0.100913 0.0885894 0.0664457 0.0398738 0.0201704 0.00932192 0.00400508 0.00154124 0.000515415 0.000147064 3.49832e-05
 3.76325e-11 1.77005e-09 5.76494e-08 1.30014e-06 2.03036e-05 0.000219555 0.00164403 0.00852506 0.0306208 0.0762601 0.1322 0.161951 0.148016 0.117317 0.0985402 0.0856734 0.0643745 0.0390479 0.0200799 0.00937768 0.00399341 0.00149311 0.000480676 0.000132622 3.09015e-05
 3.52889e-11 1.65982e-09 5.40592e-08 1.21917e-06 1.90391e-05 0.000205882 0.00154165 0.00799438 0.0287172 0.0715436 0.124192 0.152928 0.142285 0.117948 0.104972 0.0942816 0.0714072 0.0431414 0.0219752 0.0101825 0.00433509 0.00162883 0.000525065 0.000143428 3.26948e-05
 3.755e-11 1.76617e-09 5.7523e-08 1.29729e-06 2.0259e-05 0.000219073 0.00164042 0.00850634 0.0305534 0.0760899 0.131891 0.161504 0.147393 0.116412 0.097427 0.0848565 0.0644576 0.0400679 0.0214352 0.0104468 0.00458642 0.00174154 0.000562072 0.00015347 3.49488e-05
 3.5628e-11 1.67577e-09 5.45787e-08 1.23089e-06 1.92221e-05 0.00020786 0.00155646 0.00807115 0.0289924 0.0722243 0.125339 0.154178 0.142934 0.117456 0.103445 0.0924882 0.0701939 0.0427909 0.0222037 0.0105843 0.00466748 0.00182408 0.000611346 0.000172248 3.99605e-05
 3.8226e-11 1.79797e-09 5.85586e-08 1.32064e-06 2.06238e-05 0.000223017 0.00166995 0.00865942 0.0311025 0.07745 0.134198 0.164093 0.149003 0.116133 0.0954219 0.0822204 0.0623408 0.0388979 0.0209852 0.010355 0.00462155 0.00179554 0.000597772 0.000169365 4.00528e-05
 3.58415e-11 1.68581e-09 5.49058e-08 1.23826e-06 1.93373e-05 0.000209106 0.00156579 0.0081195 0.0291659 0.0726545 0.126072 0.155017 0.143511 0.117518 0.103027 0.0918312 0.0695406 0.0422668 0.0218468 0.0103912 0.0045954 0.00181227 0.000616578 0.000177332 4.22129e-05
 3.71064e-11 1.74531e-09 5.68435e-08 1.28196e-06 2.00197e-05 0.000216486 0.00162105 0.0084059 0.030193 0.0751966 0.130371 0.159776 0.146244 0.116388 0.0984317 0.0862931 0.0657235 0.0409286 0.0219612 0.0107663 0.00477909 0.00185041 0.000615873 0.000175285 4.18749e-05
 3.54795e-11 1.66878e-09 5.43512e-08 1.22576e-06 1.9142e-05 0.000206994 0.00154998 0.00803753 0.0288718 0.0719247 0.124826 0.15358 0.142485 0.117307 0.103578 0.0928012 0.0705969 0.0432164 0.0225764 0.0108454 0.00481456 0.00189402 0.000640889 0.000183386 4.3543e-05
 3.30231e-11 1.55325e-09 5.05882e-08 1.14089e-06 1.78167e-05 0.000192663 0.00144268 0.00748126 0.0268759 0.0669755 0.116392 0.143938 0.135883 0.116662 0.108451 0.100316 0.0778698 0.0488756 0.0264076 0.0130521 0.00584554 0.00228368 0.000765716 0.000218741 5.22383e-05
 3.72722e-11 1.75311e-09 5.70975e-08 1.28769e-06 2.01092e-05 0.000217453 0.00162829 0.00844341 0.0303272 0.0755248 0.130899 0.160234 0.146065 0.11505 0.096086 0.0840405 0.0648379 0.0416881 0.0235584 0.0122499 0.00573014 0.00231693 0.000796241 0.000230374 5.51743e-05
 3.52471e-11 1.65785e-09 5.39952e-08 1.21773e-06 1.90166e-05 0.000205638 0.00153983 0.00798491 0.0286832 0.0714586 0.124043 0.152739 0.142091 0.117748 0.104742 0.0940338 0.0712062 0.0430897 0.0221599 0.0105747 0.00477249 0.00195249 0.000695003 0.000208962 5.16472e-05
 3.37618e-11 1.58799e-09 5.17199e-08 1.16642e-06 1.82153e-05 0.000196973 0.00147495 0.00764853 0.0274757 0.0684599 0.118901 0.146705 0.137439 0.115913 0.105634 0.0969605 0.0755979 0.0481443 0.0265749 0.0133728 0.00603281 0.00236095 0.000797781 0.000232991 5.76589e-05
 3.68618e-11 1.7338e-09 5.64688e-08 1.27351e-06 1.98878e-05 0.000215058 0.00161036 0.00835048 0.0299939 0.0747004 0.129508 0.158707 0.145233 0.115536 0.0977451 0.0859628 0.0660596 0.0419678 0.0233396 0.0120157 0.0056346 0.00230465 0.00080276 0.000234947 5.69077e-05
 3.20525e-11 1.50759e-09 4.91013e-08 1.10736e-06 1.7293e-05 0.000187001 0.00140028 0.0072615 0.0260877 0.0650239 0.113087 0.140255 0.133681 0.117294 0.111618 0.104206 0.0806056 0.0499485 0.0265578 0.0130881 0.00600596 0.00246494 0.000877859 0.00026516 6.61406e-05
 3.62041e-11 1.70286e-09 5.54612e-08 1.25079e-06 1.95329e-05 0.000211221 0.00158163 0.00820151 0.0294591 0.0733707 0.127219 0.155979 0.142991 0.114324 0.0975636 0.0867791 0.0679358 0.0445757 0.0258258 0.013676 0.00643593 0.00260733 0.000905939 0.000269588 6.7402e-05
#spawning biomass
 28549.4 23949.6 25399.3 26996.7 30897.4 33498.6 34860.8 35692.4 43983.6 44188.2 45287.3 53804.9 53461.1 46748.6 49550.1 48307.1 59994.3 62367.3 70647.6 85341.1 87588.2 91029.9 84129.9 78549.3 97778.5 93400.3 94576.6 90369.1 79642.9 132467 84079.8 49714 32579.7 25040.3 21949.9 20737.8 20275.8 20103 20039.3 20015.9 20007.4 20004.3 20003.2 20002.8 20002.7 20002.6 20002.6 20002.6 20002.6 20002.6 20002.6 20002.6 20002.6 20002.6 20002.6 20002.6 20002.6 20002.6 20002.6 20002.6 20002.6 20002.6 20002.6 20002.6 20002.6 20002.6 20002.6 20002.6 20002.6 20002.6 20002.6 20002.6 20002.6 20002.6 20002.6 20002.6 20002.6 20002.6 20002.6 20002.6 20002.6 20002.6 20002.6 20002.6 20002.6 20002.6 20002.6 20002.6 20002.6 20002.6 20002.6 20002.6 20002.6 20002.6 20002.6 20002.6 20002.6 20002.6 20002.6 20002.6 20002.6 20002.6 20002.6 20002.6 20002.6 20002.6 20002.6 20002.6 20002.6 20002.6 20002.6 20002.6 20002.6 20002.6 20002.6 20002.6 20002.6 20002.6 20002.6 20002.6 20002.6 20002.6 20002.6 20002.6 20002.6 20002.6 20002.6 20002.6 0 0 0 0 0 0 0 0 0 0 0 0 0 0 0 0 0 0 0 0 0 0 0 0 0
