SBPRF35
0.289089
Curr Bio
294951
B35
474141
F35
0.351799
FOFL
0.204986
OFL
66105.8
Bzero
82596.8
#pred survey bio
 70880 67635.8 54139.8 45868.7 70995.1 109917 170196 243521 290201 294980 307083 351924 390668 377400 451312 465247 456719 412748 401408 399556 395926 393225 406866 420253 456933 435502 484762 455398 1.56339e+07 8.85789e+06 6.62006e+06 4.53149e+06 3.04332e+06 2.10738e+06 1.55569e+06 1.24084e+06 1.06327e+06 962909 905470 871951 851921 839643 831925 826955 823716 821569 820128 819151 818483 818025 817709 817490 817338 817233 817160 817109 817074 817050 817032 817021 817012 817006 817002 817000 816998 816996 816995 816995 816994 816994 816994 816994 816993 816993 816993 816993 816993 816993 816993 816993 816993 816993 816993 816993 816993 816993 816993 816993 816993 816993 816993 816993 816993 816993 816993 816993 816993 816993 816993 816993 816993 816993 816993 816993 816993 816993 816993 816993 816993 816993 816993 816993 816993 816993 816993 816993 816993 816993 816993 816993 816993 816993 816993 816993 816993 816993 816993 816993 0 0 0 0 0 0 0 0 0 0 0 0 0 0 0 0 0 0 0 0 0 0 0 0 0
#obs survey bio
 62838.6 45753.9 34693.4 72315 88507 159114 153986 256969 243270 216177 255280 321424 476887 369520 464129 399941 371064 253165 347567 473190 412728 361684 442439 422281 561628 640373 507572 404146
#pred catch bio
 10881.6 12383.2 11571.6 9316.25 16913.7 25215.9 44959.6 84077.8 114850 115662 119129 150776 191455 158222 222552 227258 235605 199052 185965 183142 176511 169603 185259 185184 221320 169016 231503 214047 66105.8 103765 75328.7 49782.2 32154 21472.5 15465.2 12238.8 10556.8 9696.92 9263.16 9046.32 8938.58 8885.27 8858.97 8846.01 8839.67 8836.55 8835.03 8834.28 8833.92 8833.74 8833.65 8833.61 8833.59 8833.58 8833.57 8833.57 8833.57 8833.57 8833.57 8833.57 8833.57 8833.57 8833.57 8833.57 8833.57 8833.57 8833.57 8833.57 8833.57 8833.57 8833.57 8833.57 8833.57 8833.57 8833.57 8833.57 8833.57 8833.57 8833.57 8833.57 8833.57 8833.57 8833.57 8833.57 8833.57 8833.57 8833.57 8833.57 8833.57 8833.57 8833.57 8833.57 8833.57 8833.57 8833.57 8833.57 8833.57 8833.57 8833.57 8833.57 8833.57 8833.57 8833.57 8833.57 8833.57 8833.57 8833.57 8833.57 8833.57 8833.57 8833.57 8833.57 8833.57 8833.57 8833.57 8833.57 8833.57 8833.57 8833.57 8833.57 8833.57 8833.57 8833.57 8833.57 8833.57 8833.57 8833.57 8833.57 0 0 0 0 0 0 0 0 0 0 0 0 0 0 0 0 0 0 0 0 0 0 0 0 0
#obs catch bio
 14675.4 13045.2 12713.4 9379.08 17018.1 24106.5 42792.1 78980.7 108738 113725 118448 149852 191982 156193 224100 225402 237961 218998 195675 187097 169229 165666 186653 186033 222681 152870 217411 213918
#pred cpue bio
 68774.5 66681.4 53856.7 44495.9 65609.2 103314 160004 229368 274315 280223 290623 330525 366155 354086 421364 434234 428785 387311 376997 375893 372804 371042 383259 394107 428430 409666 458003 428461 1.46912e+07 8.83701e+06 6.59515e+06 4.50651e+06 3.01834e+06 2.0824e+06 1.53071e+06 1.21586e+06 1.03829e+06 937928 880489 846970 826939 814661 806943 801973 798734 796588 795147 794169 793502 793043 792727 792509 792357 792252 792179 792128 792093 792068 792051 792039 792031 792025 792021 792018 792016 792015 792014 792013 792013 792013 792012 792012 792012 792012 792012 792012 792012 792012 792012 792012 792012 792012 792012 792012 792012 792012 792012 792012 792012 792012 792012 792012 792012 792012 792012 792012 792012 792012 792012 792012 792012 792012 792012 792012 792012 792012 792012 792012 792012 792012 792012 792012 792012 792012 792012 792012 792012 792012 792012 792012 792012 792012 792012 792012 792012 792012 792012 792012 0 0 0 0 0 0 0 0 0 0 0 0 0 0 0 0 0 0 0 0 0 0 0 0 0
#obs cpue bio
 92213 46456.9 33152.1 71872.2 65913 125330 209000 292942 366090 323367 327792 382496 313259 339153 429906 522265 501042 312249 409963 329090 534136 397930 313626 373029 380949 573311 490608 377593
#pred surv len freq
 2.71207e-11 1.27563e-09 4.15464e-08 9.36974e-07 1.46322e-05 0.000158227 0.00118481 0.00614393 0.0220697 0.0549805 0.0954242 0.117437 0.10912 0.0905725 0.0824441 0.0799939 0.0725755 0.0616024 0.0513884 0.042344 0.0344584 0.0281165 0.0226499 0.0168122 0.0105078
 1.54945e-11 7.28789e-10 2.37362e-08 5.3531e-07 8.35968e-06 9.03994e-05 0.000676945 0.00351099 0.0126209 0.031531 0.055337 0.0709842 0.0751851 0.0814329 0.0959981 0.105509 0.100474 0.087744 0.0746095 0.0615794 0.0487176 0.0372006 0.0273374 0.0185778 0.0108748
 7.28499e-12 3.42651e-10 1.11599e-08 2.51684e-07 3.93044e-06 4.25032e-05 0.000318292 0.00165107 0.00593864 0.0148715 0.0263384 0.0349134 0.0405664 0.051157 0.0696754 0.0890833 0.104154 0.1138 0.113924 0.102227 0.083155 0.0625176 0.0434925 0.0273449 0.0148254
 3.08088e-11 1.4491e-09 4.71962e-08 1.06439e-06 1.6622e-05 0.000179743 0.00134589 0.00697848 0.0250573 0.062322 0.107476 0.129028 0.109582 0.0701331 0.0417338 0.0334494 0.038673 0.0502279 0.0620764 0.0683517 0.0654297 0.0540147 0.0384395 0.0234608 0.0120217
 4.60281e-11 2.16494e-09 7.05107e-08 1.59019e-06 2.48331e-05 0.000268534 0.00201075 0.0104259 0.0374365 0.0931202 0.160648 0.193126 0.164764 0.106388 0.0615629 0.0388807 0.0260521 0.0174398 0.0140698 0.0149967 0.0167186 0.016274 0.0130311 0.00842219 0.00433808
 3.76707e-11 1.77185e-09 5.7708e-08 1.30146e-06 2.03242e-05 0.000219777 0.00164569 0.00853361 0.0306503 0.0763225 0.132233 0.161632 0.146581 0.113831 0.0929465 0.0794944 0.0596244 0.0366385 0.0199175 0.0113913 0.0081928 0.00719522 0.00616221 0.00436745 0.00239936
 3.79588e-11 1.7854e-09 5.81494e-08 1.31141e-06 2.04796e-05 0.000221458 0.00165827 0.00859866 0.0308815 0.076875 0.133031 0.161863 0.144449 0.107572 0.0835074 0.0720941 0.0601321 0.0454417 0.0313051 0.0192465 0.0105255 0.00567854 0.00345325 0.00221024 0.00123373
 3.73678e-11 1.7576e-09 5.72439e-08 1.29099e-06 2.01607e-05 0.00021801 0.00163245 0.00846483 0.0304015 0.0756855 0.131011 0.159585 0.142984 0.107615 0.0846715 0.0730527 0.0598669 0.044638 0.0318111 0.0216928 0.0134197 0.00728919 0.00355152 0.00164853 0.000739365
 3.61147e-11 1.69866e-09 5.53243e-08 1.2477e-06 1.94846e-05 0.000210699 0.00157771 0.00818105 0.0293832 0.0731598 0.126702 0.154636 0.139514 0.107056 0.0867947 0.0764775 0.0632017 0.0471723 0.0334909 0.0228954 0.0145555 0.00832405 0.0041707 0.00180224 0.000673734
 3.43402e-11 1.6152e-09 5.2606e-08 1.1864e-06 1.85273e-05 0.000200347 0.0015002 0.0077792 0.0279411 0.0695806 0.120582 0.147536 0.134303 0.105597 0.0887963 0.0803916 0.0676421 0.051435 0.0371838 0.0257208 0.0164776 0.00953765 0.00487205 0.00212978 0.000774744
 3.60969e-11 1.69783e-09 5.52971e-08 1.24709e-06 1.94751e-05 0.000210596 0.00157693 0.00817696 0.0293678 0.073114 0.126572 0.15424 0.138404 0.104683 0.0832865 0.0732109 0.0618984 0.04832 0.0361248 0.0257302 0.0168623 0.00993576 0.00515081 0.00228002 0.000834543
 3.8675e-11 1.81909e-09 5.92465e-08 1.33615e-06 2.0866e-05 0.000225636 0.00168955 0.00876082 0.0314632 0.0783155 0.135472 0.164593 0.146093 0.107048 0.080671 0.0675843 0.0550046 0.0412888 0.0300006 0.021339 0.0142863 0.00866752 0.00461441 0.00208538 0.00077481
 3.89534e-11 1.83218e-09 5.9673e-08 1.34578e-06 2.10162e-05 0.000227261 0.00170172 0.00882394 0.0316903 0.0788854 0.136489 0.165973 0.147778 0.109216 0.0832811 0.0697732 0.05557 0.0398357 0.0272215 0.018318 0.0118373 0.00710343 0.00381974 0.0017628 0.000669745
 3.8414e-11 1.80681e-09 5.88467e-08 1.32714e-06 2.07252e-05 0.000224114 0.00167816 0.00870181 0.0312523 0.0778008 0.134652 0.163925 0.146556 0.109597 0.0851935 0.0723896 0.0579497 0.041433 0.027859 0.0180785 0.0110808 0.00629894 0.00326066 0.00148199 0.000564719
 4.00884e-11 1.88557e-09 6.14116e-08 1.38499e-06 2.16285e-05 0.000233882 0.00175129 0.00908094 0.0326123 0.081171 0.140379 0.170396 0.150731 0.10933 0.0808929 0.0665756 0.0532107 0.0386964 0.0265725 0.0174057 0.0105511 0.00580752 0.00287152 0.00124739 0.00046006
 3.99525e-11 1.87918e-09 6.12036e-08 1.38029e-06 2.15553e-05 0.00023309 0.00174536 0.00905022 0.0325026 0.0809035 0.139955 0.170062 0.151011 0.110716 0.0832225 0.0687338 0.0539266 0.0377688 0.024928 0.016016 0.00971492 0.00536165 0.00262326 0.00110925 0.000394578
 3.7979e-11 1.78635e-09 5.81802e-08 1.31211e-06 2.04905e-05 0.000221576 0.00165915 0.0086033 0.0308991 0.0769274 0.133181 0.162322 0.14573 0.110255 0.087234 0.0748943 0.0598825 0.0423636 0.0279469 0.0176465 0.0104025 0.00559418 0.00269359 0.00112653 0.000394856
 3.83623e-11 1.80438e-09 5.87675e-08 1.32535e-06 2.06973e-05 0.000223812 0.0016759 0.00869008 0.03121 0.0776941 0.134457 0.163642 0.146159 0.109023 0.0845237 0.072023 0.0583432 0.042571 0.0291651 0.0189258 0.0112563 0.00600315 0.00283448 0.00115925 0.000398464
 3.81026e-11 1.79217e-09 5.83697e-08 1.31638e-06 2.05572e-05 0.000222297 0.00166455 0.00863127 0.0309991 0.0771713 0.133569 0.162638 0.14551 0.10905 0.0851182 0.0727119 0.0586886 0.0425763 0.0292008 0.0192499 0.0117625 0.00644044 0.00308491 0.00126049 0.000428049
 3.75736e-11 1.76728e-09 5.75592e-08 1.2981e-06 2.02718e-05 0.000219211 0.00164144 0.00851146 0.0305691 0.0761042 0.131745 0.160523 0.143961 0.108627 0.0857422 0.0739251 0.0600643 0.0438608 0.0302409 0.019992 0.0122732 0.0068011 0.00331962 0.0013825 0.000475284
 3.73535e-11 1.75693e-09 5.72221e-08 1.2905e-06 2.0153e-05 0.000217927 0.00163183 0.00846161 0.0303901 0.0756589 0.130976 0.159599 0.143173 0.108129 0.0855125 0.0739559 0.0604167 0.0445243 0.0310531 0.0207428 0.0128378 0.00716565 0.00352813 0.00148685 0.000518462
 3.66598e-11 1.7243e-09 5.61593e-08 1.26653e-06 1.97787e-05 0.000213879 0.00160152 0.0083045 0.0298263 0.0742601 0.128587 0.156841 0.141193 0.107683 0.0864637 0.0755936 0.0620874 0.0459708 0.0322762 0.0217557 0.013612 0.00768479 0.00382405 0.0016275 0.000573227
 3.73926e-11 1.75877e-09 5.7282e-08 1.29185e-06 2.01741e-05 0.000218155 0.00163353 0.00847044 0.0304215 0.0757341 0.131086 0.159634 0.142894 0.107282 0.0841441 0.0725985 0.0597309 0.0447277 0.031858 0.0217348 0.0137347 0.00783333 0.00394151 0.00169658 0.000604026
 3.88452e-11 1.82709e-09 5.95072e-08 1.34204e-06 2.09578e-05 0.000226629 0.00169699 0.0087994 0.031602 0.0786638 0.136094 0.165436 0.147124 0.108387 0.0823392 0.0691462 0.0557944 0.0409716 0.0287258 0.0195273 0.0124351 0.00718151 0.00365996 0.00159412 0.000573862
 3.87055e-11 1.82052e-09 5.92932e-08 1.33721e-06 2.08825e-05 0.000225814 0.00169089 0.0087678 0.031489 0.0783866 0.135643 0.165025 0.147197 0.109351 0.0841142 0.0709786 0.0567768 0.0407947 0.0277654 0.0183622 0.0114723 0.00657069 0.00335553 0.00147432 0.000536682
 3.75252e-11 1.76501e-09 5.74851e-08 1.29643e-06 2.02457e-05 0.000218928 0.00163933 0.00850052 0.03053 0.0760092 0.131595 0.160412 0.144087 0.109183 0.0866781 0.0748309 0.0604444 0.0435687 0.0295366 0.0192473 0.0117368 0.0065453 0.00327442 0.00142386 0.000517768
 3.61603e-11 1.70081e-09 5.53942e-08 1.24928e-06 1.95093e-05 0.000210965 0.0015797 0.00819139 0.0294204 0.0732532 0.126868 0.15486 0.139787 0.107419 0.0872956 0.0770848 0.0637932 0.0475452 0.0334031 0.0222673 0.0136424 0.00753034 0.00369381 0.00157158 0.00056154
 3.78341e-11 1.77953e-09 5.79583e-08 1.3071e-06 2.04123e-05 0.00022073 0.00165282 0.00857041 0.0307801 0.076623 0.132597 0.161349 0.144021 0.107266 0.0830801 0.0711011 0.0584382 0.0439128 0.031459 0.021566 0.0136247 0.00770672 0.00382025 0.00161878 0.000570752
#obs surv len freq
 2.50283e-11 1.17721e-09 3.8341e-08 8.64687e-07 1.35033e-05 0.00014602 0.00109341 0.00567002 0.0203685 0.0507526 0.088157 0.108829 0.102204 0.0871152 0.0821442 0.0819823 0.0766403 0.0679209 0.0596296 0.0511713 0.0417388 0.0318356 0.0221764 0.0135368 0.0068738
 5.61819e-12 2.64253e-10 8.60655e-09 1.941e-07 3.0312e-06 3.278e-05 0.000245512 0.00127424 0.00459319 0.0116001 0.0212089 0.0311701 0.0451955 0.0709955 0.103168 0.12208 0.119723 0.107302 0.0944028 0.0812652 0.0667841 0.0512546 0.0355777 0.0214242 0.0106988
 1.6195e-14 7.61752e-13 2.48121e-11 5.59781e-10 8.75456e-09 9.52171e-08 7.29309e-07 4.11812e-06 1.9593e-05 9.63374e-05 0.000494244 0.00217809 0.00730106 0.0184317 0.0371288 0.0646889 0.100521 0.134465 0.150345 0.143268 0.121719 0.094416 0.065781 0.0395404 0.0196017
 5.29851e-11 2.49216e-09 8.11681e-08 1.83055e-06 2.85866e-05 0.000309122 0.00231464 0.0120012 0.0430873 0.107118 0.1844 0.21981 0.181447 0.103786 0.0414247 0.0125263 0.00544862 0.00712882 0.0114349 0.0153201 0.0166286 0.0147957 0.0109409 0.0067091 0.00333811
 3.43416e-11 1.61526e-09 5.2608e-08 1.18644e-06 1.85281e-05 0.000200356 0.00150028 0.00777994 0.0279486 0.0696461 0.121015 0.149562 0.140857 0.120025 0.109629 0.0977104 0.0697315 0.0365294 0.0149183 0.00723171 0.0065432 0.00690403 0.00602049 0.00408833 0.0021406
 4.08707e-11 1.92236e-09 6.26101e-08 1.41202e-06 2.20506e-05 0.000238446 0.00178546 0.00925802 0.0332469 0.0827352 0.142982 0.173081 0.151599 0.10691 0.0759313 0.062439 0.0531675 0.0421718 0.0295921 0.0172835 0.00838392 0.0040581 0.00249564 0.00167531 0.000941566
 3.78274e-11 1.77922e-09 5.79479e-08 1.30687e-06 2.04087e-05 0.000220691 0.00165253 0.00856898 0.0307762 0.0766234 0.132669 0.161771 0.145457 0.110468 0.0877345 0.0750617 0.059282 0.0415032 0.0278765 0.0185456 0.0113624 0.00597421 0.00272629 0.00118653 0.000518654
 3.92438e-11 1.84584e-09 6.01178e-08 1.35581e-06 2.11729e-05 0.000228955 0.0017144 0.00888967 0.0319261 0.0794676 0.137467 0.167022 0.14827 0.108692 0.0819802 0.0687041 0.0557104 0.041068 0.0284149 0.0185678 0.0111825 0.00609397 0.0029327 0.00121397 0.000431773
 3.49725e-11 1.64494e-09 5.35746e-08 1.20824e-06 1.88685e-05 0.000204036 0.00152782 0.00792247 0.0284562 0.0708674 0.12284 0.150433 0.137353 0.108772 0.0920298 0.0826311 0.0674294 0.0485634 0.0329812 0.0216895 0.0133262 0.00737116 0.00357909 0.00148719 0.000515742
 3.36689e-11 1.58362e-09 5.15775e-08 1.1632e-06 1.81651e-05 0.00019643 0.00147087 0.00762713 0.0273954 0.0682249 0.118256 0.144804 0.132188 0.104756 0.0892429 0.0819316 0.0701011 0.0543189 0.0395743 0.0269488 0.0166544 0.00922251 0.00451297 0.001895 0.000659916
 3.74338e-11 1.76071e-09 5.7345e-08 1.29328e-06 2.01964e-05 0.000218395 0.00163533 0.0084797 0.0304542 0.0758081 0.131166 0.159508 0.142065 0.105186 0.0808751 0.069387 0.0581616 0.0454087 0.0341635 0.0245425 0.0161154 0.00937199 0.0047186 0.00200864 0.000704871
 3.90386e-11 1.83619e-09 5.98035e-08 1.34872e-06 2.10622e-05 0.000227758 0.00170544 0.0088432 0.0317594 0.0790546 0.136765 0.166229 0.147752 0.10866 0.082208 0.0685548 0.0547026 0.0396188 0.0276698 0.0191961 0.0127466 0.00771981 0.00408642 0.00181845 0.000658629
 3.81765e-11 1.79564e-09 5.84828e-08 1.31893e-06 2.0597e-05 0.000222728 0.00166778 0.00864802 0.0310595 0.0773237 0.133847 0.163043 0.146081 0.10989 0.0861602 0.0734767 0.0585674 0.0414435 0.0275809 0.0178855 0.0111053 0.00644912 0.00339755 0.00154863 0.000581469
 3.7402e-11 1.75921e-09 5.72964e-08 1.29218e-06 2.01792e-05 0.00021821 0.00163395 0.00847261 0.0304299 0.0757594 0.131162 0.159878 0.143595 0.108801 0.0864383 0.0748641 0.0609051 0.0443652 0.0302998 0.0196675 0.0118196 0.00648977 0.00323089 0.00142037 0.000528407
 4.18293e-11 1.96745e-09 6.40785e-08 1.44513e-06 2.25678e-05 0.000244039 0.00182734 0.00947516 0.0340269 0.084678 0.146351 0.177211 0.155354 0.109668 0.0772867 0.0611806 0.0481936 0.0350078 0.0241851 0.0160043 0.00978578 0.0053798 0.00261699 0.00110463 0.000394256
 3.74208e-11 1.7601e-09 5.73251e-08 1.29283e-06 2.01894e-05 0.00021832 0.00163477 0.00847696 0.0304465 0.0758101 0.131313 0.160363 0.144978 0.111746 0.090675 0.0784571 0.0615861 0.0418476 0.0264586 0.0164657 0.0098696 0.00544777 0.00266893 0.0011226 0.00039345
 3.757e-11 1.76711e-09 5.75537e-08 1.29798e-06 2.02699e-05 0.00021919 0.00164128 0.00851065 0.0305663 0.0760966 0.131729 0.160494 0.14391 0.108565 0.0857833 0.0743268 0.0609929 0.0449908 0.0308419 0.0196673 0.0113683 0.00593068 0.00278985 0.00115286 0.000401387
 3.7179e-11 1.74872e-09 5.69547e-08 1.28447e-06 2.00589e-05 0.000216908 0.0016242 0.00842209 0.0302485 0.0753087 0.130387 0.15896 0.142853 0.108414 0.0863429 0.0749191 0.0610838 0.0448091 0.031138 0.020731 0.0126786 0.00687036 0.00323342 0.00130031 0.00043836
 3.54402e-11 1.66694e-09 5.42911e-08 1.2244e-06 1.91208e-05 0.000206765 0.00154825 0.00802834 0.0288357 0.071804 0.124407 0.152083 0.138008 0.107567 0.0891728 0.079553 0.0657008 0.048559 0.0339099 0.0226953 0.0140814 0.00785734 0.00383649 0.00158688 0.000539562
 3.76396e-11 1.77038e-09 5.76602e-08 1.30038e-06 2.03074e-05 0.000219596 0.00164432 0.00852634 0.030622 0.0762295 0.131919 0.160534 0.143332 0.106851 0.0829445 0.07127 0.0589671 0.0447009 0.0322199 0.0220817 0.0139071 0.00786452 0.00391016 0.00165676 0.000577894
 3.6404e-11 1.71227e-09 5.57675e-08 1.2577e-06 1.96407e-05 0.000212387 0.00159035 0.00824659 0.0296188 0.073747 0.127724 0.155906 0.14073 0.108097 0.0876159 0.0767618 0.0625333 0.0456369 0.0317515 0.0215683 0.0137974 0.00799422 0.00406541 0.00175698 0.000624898
 3.69145e-11 1.73628e-09 5.65495e-08 1.27533e-06 1.99162e-05 0.000215365 0.00161265 0.00836217 0.0300332 0.0747715 0.129449 0.157783 0.141691 0.10734 0.0853756 0.074348 0.0612951 0.0457491 0.0323132 0.0217969 0.0136641 0.00781094 0.00398481 0.00174921 0.000634627
 3.69516e-11 1.73802e-09 5.66063e-08 1.27662e-06 1.99362e-05 0.000215582 0.00161427 0.00837058 0.0300635 0.0748478 0.129587 0.157978 0.141949 0.107693 0.0857685 0.0745417 0.0610498 0.0451631 0.0317846 0.0215742 0.0136452 0.00781266 0.00396163 0.00172968 0.000628763
 3.94322e-11 1.8547e-09 6.04063e-08 1.36232e-06 2.12745e-05 0.000230054 0.00172263 0.00893232 0.0320791 0.0798469 0.138112 0.167754 0.14875 0.108657 0.081387 0.0676556 0.0544038 0.0398812 0.0278247 0.01873 0.011788 0.00674881 0.00343049 0.00149951 0.000544617
 3.72628e-11 1.75266e-09 5.70831e-08 1.28737e-06 2.01041e-05 0.000217398 0.00162787 0.00844112 0.0303173 0.0754836 0.130715 0.15948 0.143699 0.109806 0.0881764 0.0763819 0.061168 0.0433207 0.0288959 0.0187922 0.0115967 0.00656746 0.00331894 0.00144758 0.000525682
 3.80067e-11 1.78765e-09 5.82227e-08 1.31307e-06 2.05054e-05 0.000221737 0.00166036 0.00860952 0.0309209 0.0769749 0.133218 0.16216 0.144925 0.10831 0.0843037 0.0722404 0.0590181 0.0436042 0.0302712 0.0198668 0.0119915 0.00656821 0.00322907 0.00138491 0.000498636
 3.65784e-11 1.72047e-09 5.60346e-08 1.26372e-06 1.97348e-05 0.000213405 0.00159797 0.00828609 0.0297606 0.0740995 0.128331 0.15663 0.14133 0.10845 0.0877874 0.0768855 0.0626666 0.0456893 0.0315347 0.0209848 0.01298 0.00721688 0.00352909 0.00148388 0.00052256
 3.99743e-11 1.8802e-09 6.12368e-08 1.38105e-06 2.1567e-05 0.000233216 0.00174631 0.00905508 0.0325194 0.0809377 0.139964 0.169838 0.150066 0.108499 0.0799149 0.0657794 0.0530443 0.0392824 0.027626 0.0185391 0.0114959 0.00643378 0.00318134 0.00134794 0.00047373
#pred catch len freq
 2.50386e-11 1.17769e-09 3.83567e-08 8.6504e-07 1.35089e-05 0.00014608 0.00109386 0.0056724 0.0203776 0.0507813 0.0882477 0.109131 0.103084 0.0890192 0.0849611 0.0845355 0.077278 0.0656914 0.0548035 0.0451545 0.036744 0.0299812 0.0241519 0.0179271 0.0112046
 1.39418e-11 6.55754e-10 2.13575e-08 4.81665e-07 7.52193e-06 8.13405e-05 0.000609116 0.00315934 0.011359 0.0283995 0.0499849 0.064789 0.0706813 0.0802713 0.0978775 0.108921 0.104048 0.090908 0.0772932 0.0637885 0.0504634 0.0385333 0.0283166 0.0192432 0.0112643
 6.45289e-12 3.03513e-10 9.88523e-09 2.22937e-07 3.48151e-06 3.76487e-05 0.000281943 0.00146262 0.00526223 0.0131917 0.0234592 0.031541 0.0379818 0.0501524 0.0701085 0.0903661 0.105829 0.115643 0.11576 0.10387 0.08449 0.063521 0.0441904 0.0277837 0.0150633
 2.8798e-11 1.35452e-09 4.41159e-08 9.94923e-07 1.55371e-05 0.000168012 0.00125805 0.00652306 0.0234224 0.0582597 0.100497 0.120777 0.102999 0.0669247 0.0414949 0.0350026 0.041337 0.0538795 0.0666099 0.0733436 0.0702078 0.0579591 0.0412465 0.025174 0.0128995
 4.46934e-11 2.10216e-09 6.84661e-08 1.54408e-06 2.4113e-05 0.000260748 0.00195245 0.0101236 0.0363519 0.0904294 0.156053 0.187827 0.160976 0.105557 0.0633597 0.0417766 0.0286388 0.0193053 0.0155939 0.016621 0.0185286 0.0180357 0.0144418 0.00933393 0.0048077
 3.58442e-11 1.68594e-09 5.49099e-08 1.23836e-06 1.93387e-05 0.000209121 0.0015659 0.00812 0.0291664 0.0726446 0.125976 0.15453 0.141888 0.113815 0.0971902 0.0854492 0.0647015 0.0398536 0.0216729 0.0123935 0.00891234 0.00782681 0.00670308 0.00475078 0.00260995
 3.62085e-11 1.70308e-09 5.54681e-08 1.25094e-06 1.95353e-05 0.000211247 0.00158181 0.0082023 0.0294594 0.0733482 0.127019 0.154982 0.139706 0.107021 0.0868232 0.0772468 0.0651084 0.0493184 0.0339847 0.0208924 0.011425 0.00616363 0.0037482 0.00239902 0.00133911
 3.57552e-11 1.68175e-09 5.47736e-08 1.23528e-06 1.92907e-05 0.000208602 0.00156201 0.00809965 0.0290912 0.0724364 0.125473 0.153249 0.138624 0.107127 0.0877317 0.0777419 0.0643034 0.0480471 0.0342476 0.0233522 0.0144454 0.00784613 0.00382285 0.00177447 0.00079585
 3.45725e-11 1.62613e-09 5.29619e-08 1.19442e-06 1.86526e-05 0.000201702 0.00151035 0.00783183 0.0281302 0.0700525 0.121406 0.148574 0.13534 0.106578 0.0897059 0.0809489 0.0674372 0.0504237 0.0358045 0.0244746 0.0155585 0.00889745 0.00445797 0.00192637 0.000720138
 3.2751e-11 1.54045e-09 5.01715e-08 1.13149e-06 1.76699e-05 0.000191076 0.00143078 0.00741932 0.0266498 0.0663782 0.115122 0.141281 0.129975 0.105046 0.0917093 0.0849198 0.0719788 0.0548192 0.0396344 0.0274132 0.0175608 0.0101644 0.00519219 0.00226972 0.00082565
 3.45372e-11 1.62447e-09 5.29078e-08 1.1932e-06 1.86336e-05 0.000201496 0.0015088 0.00782376 0.0281004 0.0699706 0.121211 0.148087 0.134108 0.104033 0.0859829 0.0775009 0.0660876 0.0516862 0.0386473 0.0275245 0.0180373 0.0106279 0.00550959 0.00243883 0.000892671
 3.72803e-11 1.75349e-09 5.711e-08 1.28797e-06 2.01135e-05 0.0002175 0.00162863 0.00844499 0.03033 0.0755051 0.130681 0.159103 0.142293 0.106557 0.0832103 0.0715222 0.0587523 0.044196 0.0321196 0.0228442 0.0152932 0.00927819 0.00493949 0.00223229 0.000829393
 3.77061e-11 1.77351e-09 5.77622e-08 1.30268e-06 2.03433e-05 0.000219984 0.00164723 0.00854148 0.0306769 0.0763724 0.132208 0.161082 0.144439 0.108911 0.0857532 0.0734869 0.0590063 0.0423793 0.0289648 0.019489 0.0125931 0.0075568 0.0040635 0.00187529 0.000712484
 3.69911e-11 1.73988e-09 5.66669e-08 1.27798e-06 1.99575e-05 0.000215812 0.001616 0.00837957 0.0300961 0.0749341 0.129769 0.15835 0.142763 0.109285 0.0880727 0.0766971 0.061933 0.0443705 0.0298401 0.019362 0.0118667 0.00674551 0.00349181 0.00158704 0.000604749
 3.88872e-11 1.82907e-09 5.95715e-08 1.34349e-06 2.09805e-05 0.000226874 0.00169882 0.00880893 0.0316364 0.0787509 0.136255 0.165684 0.14751 0.109025 0.0832634 0.0701628 0.0565697 0.0412232 0.0283134 0.0185442 0.0112406 0.00618684 0.00305905 0.00132885 0.000490104
 3.8736e-11 1.82196e-09 5.934e-08 1.33826e-06 2.08989e-05 0.000225993 0.00169222 0.00877475 0.0315143 0.078453 0.135782 0.165302 0.147791 0.1105 0.085759 0.0724822 0.0573506 0.0402478 0.0265696 0.0170688 0.0103528 0.00571352 0.00279539 0.00118203 0.000420469
 3.67638e-11 1.72919e-09 5.63187e-08 1.27013e-06 1.98349e-05 0.000214486 0.00160607 0.00832813 0.0299118 0.0744796 0.129012 0.157568 0.142512 0.110034 0.0897639 0.0786452 0.063327 0.0448727 0.0296058 0.0186918 0.0110179 0.00592494 0.00285283 0.00119312 0.000418197
 3.70787e-11 1.744e-09 5.68011e-08 1.28101e-06 2.00048e-05 0.000216323 0.00161982 0.00839939 0.0301671 0.0751079 0.130051 0.158607 0.14272 0.108706 0.0870728 0.0758764 0.0619527 0.0452861 0.03103 0.020134 0.011974 0.00638579 0.00301512 0.00123312 0.000423857
 3.67673e-11 1.72936e-09 5.63241e-08 1.27025e-06 1.98368e-05 0.000214507 0.00160622 0.00832888 0.0299141 0.0744811 0.128986 0.157402 0.141936 0.108726 0.0877748 0.0767143 0.0624182 0.0453651 0.0311185 0.0205119 0.0125328 0.00686206 0.00328684 0.00134299 0.000456067
 3.62112e-11 1.7032e-09 5.54722e-08 1.25104e-06 1.95367e-05 0.000211262 0.00158193 0.00820295 0.0294622 0.0733594 0.127068 0.155178 0.140306 0.108278 0.0884251 0.0779846 0.0638628 0.0467176 0.0322154 0.0212951 0.0130723 0.00724376 0.00353566 0.00147247 0.000506213
 3.59562e-11 1.69121e-09 5.50816e-08 1.24223e-06 1.93992e-05 0.000209775 0.00157079 0.00814519 0.0292548 0.0728437 0.126179 0.154113 0.139411 0.107741 0.0882201 0.0780779 0.0642952 0.0474678 0.033111 0.0221152 0.0136864 0.00763909 0.00376121 0.00158507 0.000552711
 3.52106e-11 1.65614e-09 5.39393e-08 1.21647e-06 1.89969e-05 0.000205425 0.00153822 0.00797633 0.0286488 0.0713402 0.123611 0.151149 0.137284 0.107264 0.0892461 0.0798419 0.0660932 0.0490226 0.0344237 0.0232008 0.0145153 0.00819455 0.00407769 0.00173544 0.000611246
 3.60179e-11 1.69411e-09 5.51761e-08 1.24436e-06 1.94325e-05 0.000210135 0.00157348 0.00815914 0.0293045 0.0729642 0.126364 0.15423 0.139169 0.106845 0.0867235 0.0765727 0.063509 0.0476422 0.033939 0.0231522 0.0146295 0.0083435 0.00419819 0.00180706 0.00064336
 3.74832e-11 1.76303e-09 5.74208e-08 1.29498e-06 2.0223e-05 0.000218684 0.00163749 0.00849098 0.0304954 0.0759197 0.131417 0.160087 0.143452 0.107997 0.0849569 0.073134 0.0595409 0.043813 0.0307241 0.0208837 0.013298 0.0076797 0.00391383 0.00170469 0.000613666
 3.74372e-11 1.76087e-09 5.73503e-08 1.29339e-06 2.01982e-05 0.000218415 0.00163548 0.00848059 0.0304585 0.0758315 0.131291 0.160053 0.143807 0.109053 0.0866499 0.0747848 0.0603045 0.04341 0.0295504 0.0195405 0.0122077 0.00699171 0.0035705 0.00156877 0.000571064
 3.60067e-11 1.69358e-09 5.51589e-08 1.24397e-06 1.94264e-05 0.00021007 0.001573 0.00815666 0.0292963 0.07295 0.126384 0.15446 0.140031 0.108833 0.0897281 0.0794097 0.0646956 0.046725 0.0316824 0.0206434 0.0125872 0.00701941 0.00351157 0.00152698 0.000555267
 3.48058e-11 1.6371e-09 5.33193e-08 1.20248e-06 1.87785e-05 0.000203063 0.00152054 0.00788467 0.0283199 0.0705241 0.122217 0.149539 0.136131 0.107022 0.0898899 0.0810584 0.0675572 0.0504284 0.0354324 0.0236176 0.0144688 0.00798629 0.00391744 0.00166672 0.000595534
 3.65059e-11 1.71706e-09 5.59237e-08 1.26122e-06 1.96957e-05 0.000212982 0.0015948 0.00826964 0.029701 0.0739467 0.128036 0.156125 0.140417 0.106833 0.0855568 0.0749265 0.0620833 0.0467366 0.033487 0.022954 0.0145008 0.0082021 0.00406579 0.00172282 0.000607434
#obs catch len freq
 2.40824e-11 1.13272e-09 3.68919e-08 8.32006e-07 1.2993e-05 0.000140501 0.00105208 0.00545579 0.0195996 0.048844 0.0848913 0.105031 0.0993875 0.0862776 0.0832218 0.0843421 0.0795929 0.0706535 0.0612628 0.0515315 0.0416715 0.032218 0.0230355 0.0143813 0.00739607
 2.38795e-11 1.12317e-09 3.65811e-08 8.24996e-07 1.28835e-05 0.000139318 0.00104322 0.00540984 0.0194348 0.0484355 0.0841967 0.104243 0.0988644 0.0862388 0.0835057 0.0844693 0.07925 0.0702473 0.0616417 0.0528771 0.04312 0.0328844 0.0229051 0.0139809 0.00709915
 5.23613e-12 2.46283e-10 8.02127e-09 1.80901e-07 2.82507e-06 3.05511e-05 0.000228823 0.00118772 0.00428272 0.0108298 0.0198938 0.0296541 0.0441144 0.0707702 0.103721 0.123007 0.120644 0.108065 0.0950145 0.0817578 0.0671726 0.0515454 0.0357767 0.021543 0.0107579
 1.5074e-14 7.09028e-13 2.30949e-11 5.21054e-10 8.14982e-09 8.86792e-08 6.80398e-07 3.86541e-06 1.86982e-05 9.42376e-05 0.000491481 0.00217883 0.00731491 0.0184697 0.0371915 0.0647583 0.100572 0.134484 0.15033 0.143227 0.121664 0.0943619 0.0657382 0.039513 0.0195876
 5.2645e-11 2.47617e-09 8.06472e-08 1.8188e-06 2.84031e-05 0.000307138 0.00229978 0.0119241 0.0428107 0.10643 0.183216 0.2184 0.180284 0.103126 0.0411861 0.0125367 0.00564838 0.00756724 0.0121669 0.0163018 0.0176931 0.0157421 0.0116403 0.00713773 0.0035513
 3.33502e-11 1.56863e-09 5.10894e-08 1.1522e-06 1.79932e-05 0.000194572 0.00145697 0.00755547 0.0271434 0.0676511 0.117627 0.145745 0.138431 0.120285 0.112321 0.101267 0.0725385 0.0380358 0.0155315 0.00751887 0.00679471 0.00716745 0.00624991 0.00424406 0.00222211
 4.00395e-11 1.88327e-09 6.13367e-08 1.3833e-06 2.16022e-05 0.000233597 0.00174915 0.00906978 0.0325715 0.08106 0.140126 0.169805 0.149321 0.106594 0.0774384 0.0648599 0.0555972 0.0441455 0.0309687 0.0180818 0.00876899 0.00424315 0.00260866 0.00175096 0.000984052
 3.69547e-11 1.73817e-09 5.66111e-08 1.27672e-06 1.99379e-05 0.0002156 0.00161441 0.00837136 0.0300672 0.0748656 0.129677 0.158361 0.143161 0.110342 0.0895927 0.0777739 0.0617238 0.0432427 0.0290284 0.0192999 0.0118204 0.00621386 0.00283532 0.00123385 0.000539297
 3.84491e-11 1.80846e-09 5.89004e-08 1.32835e-06 2.07441e-05 0.000224318 0.00167968 0.0087097 0.0312804 0.0778664 0.134739 0.163905 0.146142 0.108496 0.08356 0.071093 0.0579486 0.042749 0.0295632 0.0193077 0.011624 0.0063332 0.00304742 0.00126135 0.000448603
 3.41831e-11 1.60781e-09 5.23653e-08 1.18097e-06 1.84426e-05 0.000199431 0.00149334 0.00774371 0.0278149 0.0692772 0.120132 0.147344 0.135262 0.108628 0.0936697 0.0850574 0.0696485 0.0501745 0.0340532 0.0223804 0.0137454 0.00760143 0.00369042 0.00153333 0.000531717
 3.29125e-11 1.54805e-09 5.04188e-08 1.13707e-06 1.7757e-05 0.000192017 0.00143783 0.00745586 0.0267808 0.0667008 0.115658 0.14183 0.130136 0.104512 0.0906602 0.084125 0.0722005 0.0559506 0.0407372 0.0277258 0.0171289 0.00948329 0.00463997 0.00194817 0.000678399
 3.67639e-11 1.7292e-09 5.63188e-08 1.27013e-06 1.98349e-05 0.000214487 0.00160607 0.00832799 0.0299098 0.0744581 0.128864 0.156869 0.140234 0.104939 0.0820796 0.0712708 0.0599736 0.0468358 0.0352145 0.0252836 0.0165967 0.00965007 0.00485805 0.00206786 0.000725618
 3.85103e-11 1.81134e-09 5.89942e-08 1.33047e-06 2.07772e-05 0.000224676 0.00168236 0.00872358 0.0313302 0.0779904 0.134952 0.16416 0.146345 0.108546 0.083276 0.0701437 0.0561571 0.0406793 0.0283887 0.0196811 0.0130633 0.00790994 0.00418658 0.00186289 0.000674701
 3.74957e-11 1.76362e-09 5.74399e-08 1.29542e-06 2.02298e-05 0.000218757 0.00163804 0.00849386 0.0305065 0.0759525 0.131512 0.160381 0.144283 0.109779 0.0875943 0.0755865 0.0604841 0.0428165 0.0284762 0.0184539 0.0114535 0.00664967 0.00350273 0.00159645 0.000599399
 3.68442e-11 1.73297e-09 5.64418e-08 1.27291e-06 1.98783e-05 0.000214955 0.00160958 0.00834629 0.0299767 0.0746358 0.129248 0.157695 0.142115 0.108695 0.0875933 0.0765798 0.0624833 0.0455181 0.0310645 0.0201508 0.0121052 0.00664496 0.00330765 0.00145399 0.000540888
 4.13147e-11 1.94324e-09 6.32902e-08 1.42735e-06 2.22902e-05 0.000241036 0.00180486 0.00935863 0.0336088 0.0836413 0.144586 0.175196 0.153984 0.109558 0.078333 0.0627439 0.0496388 0.0360742 0.0249056 0.0164706 0.010067 0.00553315 0.00269121 0.00113587 0.000405383
 3.68526e-11 1.73337e-09 5.64547e-08 1.2732e-06 1.98828e-05 0.000215004 0.00160995 0.00834829 0.0299848 0.0746657 0.129366 0.158149 0.143504 0.111713 0.0919599 0.0802973 0.0632122 0.0429589 0.0271407 0.016877 0.0101113 0.00557975 0.0027332 0.00114954 0.000402873
 3.69551e-11 1.73819e-09 5.66117e-08 1.27674e-06 1.99381e-05 0.000215602 0.00161442 0.0083714 0.0300667 0.0748578 0.129619 0.158086 0.142273 0.108435 0.0870396 0.0762099 0.0627455 0.0462918 0.0317129 0.0202106 0.0116779 0.00609077 0.00286471 0.00118368 0.000412096
 3.65371e-11 1.71853e-09 5.59714e-08 1.2623e-06 1.97126e-05 0.000213164 0.00159617 0.00827675 0.0297271 0.0740157 0.128184 0.156445 0.141144 0.108277 0.0876473 0.0768676 0.0628846 0.0461391 0.0320401 0.0213182 0.0130329 0.00706082 0.00332263 0.00133607 0.000450392
 3.47754e-11 1.63567e-09 5.32726e-08 1.20143e-06 1.87621e-05 0.000202886 0.00151921 0.00787778 0.0282955 0.0704645 0.122125 0.149477 0.136234 0.107415 0.0905108 0.0815593 0.0675611 0.0499385 0.0348488 0.0233091 0.0144568 0.00806505 0.0039374 0.0016285 0.000553685
 3.69658e-11 1.73869e-09 5.6628e-08 1.27711e-06 1.99438e-05 0.000215664 0.00161489 0.00837375 0.0300746 0.0748718 0.129605 0.157887 0.141513 0.106651 0.0842309 0.0732401 0.0608308 0.0461272 0.0332268 0.0227587 0.0143285 0.00810114 0.00402729 0.00170626 0.000595133
 3.57371e-11 1.6809e-09 5.47459e-08 1.23466e-06 1.9281e-05 0.000208497 0.00156122 0.00809558 0.029077 0.0724035 0.125435 0.153294 0.138953 0.107952 0.0889643 0.0787737 0.0643848 0.0469967 0.0326744 0.0221808 0.0141837 0.00821632 0.00417784 0.00180544 0.000642105
 3.62328e-11 1.70421e-09 5.55052e-08 1.25178e-06 1.95484e-05 0.000211388 0.00158287 0.00820779 0.0294793 0.073398 0.127109 0.155108 0.13986 0.107161 0.0867124 0.0763733 0.0631913 0.0471758 0.0332992 0.0224486 0.0140674 0.00803975 0.004101 0.00180007 0.000653053
 3.6368e-11 1.71058e-09 5.57123e-08 1.25645e-06 1.96213e-05 0.000212177 0.00158878 0.00823842 0.0295893 0.0736721 0.127584 0.15569 0.14039 0.107556 0.0869351 0.0762926 0.0626727 0.0463671 0.0326081 0.0221188 0.0139843 0.00800506 0.00405866 0.00177191 0.000644085
 3.8822e-11 1.826e-09 5.94715e-08 1.34123e-06 2.09453e-05 0.000226494 0.00169597 0.00879414 0.0315833 0.0786175 0.136017 0.165362 0.147119 0.108514 0.0826071 0.0694876 0.0561029 0.0411421 0.0286856 0.0192974 0.0121404 0.00694907 0.00353183 0.00154369 0.000560637
 3.65862e-11 1.72084e-09 5.60465e-08 1.26399e-06 1.9739e-05 0.00021345 0.00159831 0.00828789 0.0297675 0.0741206 0.128394 0.156835 0.141915 0.109702 0.0896094 0.0784854 0.0630754 0.0446844 0.0297854 0.0193576 0.0119407 0.00676068 0.00341612 0.00148985 0.000541008
 3.73326e-11 1.75595e-09 5.719e-08 1.28978e-06 2.01418e-05 0.000217805 0.00163091 0.00845687 0.0303732 0.0756168 0.130905 0.159518 0.143123 0.108152 0.0856542 0.0742741 0.0609151 0.0450207 0.0312351 0.0204873 0.0123615 0.00676931 0.00332746 0.00142699 0.000513761
 3.59508e-11 1.69095e-09 5.50733e-08 1.24204e-06 1.93963e-05 0.000209743 0.00157055 0.00814398 0.0292508 0.0728353 0.126178 0.154173 0.139662 0.108323 0.0890736 0.0787989 0.0644261 0.046978 0.032401 0.0215472 0.0133227 0.0074058 0.003621 0.0015224 0.000536099
#spawning biomass
 58113 61452 52203.8 37861.8 39516.6 70307.1 109495 159082 195132 206320 208817 224774 244811 238431 273618 280927 289912 261191 255857 258320 257900 260603 266080 264763 287210 281187 324592 294951 286166 399945 293278 191726 121634 79162.9 55277 42448.6 35760.5 32341.7 30617 29754.8 29326.4 29114.5 29009.9 28958.4 28933.1 28920.8 28914.7 28911.7 28910.3 28909.6 28909.2 28909 28909 28908.9 28908.9 28908.9 28908.9 28908.9 28908.9 28908.9 28908.9 28908.9 28908.9 28908.9 28908.9 28908.9 28908.9 28908.9 28908.9 28908.9 28908.9 28908.9 28908.9 28908.9 28908.9 28908.9 28908.9 28908.9 28908.9 28908.9 28908.9 28908.9 28908.9 28908.9 28908.9 28908.9 28908.9 28908.9 28908.9 28908.9 28908.9 28908.9 28908.9 28908.9 28908.9 28908.9 28908.9 28908.9 28908.9 28908.9 28908.9 28908.9 28908.9 28908.9 28908.9 28908.9 28908.9 28908.9 28908.9 28908.9 28908.9 28908.9 28908.9 28908.9 28908.9 28908.9 28908.9 28908.9 28908.9 28908.9 28908.9 28908.9 28908.9 28908.9 28908.9 28908.9 28908.9 28908.9 0 0 0 0 0 0 0 0 0 0 0 0 0 0 0 0 0 0 0 0 0 0 0 0 0
