SBPRF35
0.178135
Curr Bio
137983
B35
205731
F35
0.667642
FOFL
0.667642
OFL
101392
Bzero
50895.7
#pred survey bio
 7228.73 8234.31 10168 12425 19819.8 31972.7 32250 38579.5 46885.2 58950.4 76746.2 102361 129775 146865 153299 134195 125946 115131 111084 104048 106328 119214 138667 143584 146111 155458 145513 139135 151658 6.77696e+06 5.40528e+06 3.2604e+06 1.83706e+06 1.11162e+06 768279 606441 527300 486354 463940 451110 443545 439007 436257 434575 433544 432926 432556 432333 432199 432118 432069 432040 432022 432011 432005 432001 431998 431997 431996 431996 431995 431995 431995 431995 431995 431995 431995 431995 431995 431995 431995 431995 431995 431995 431995 431995 431995 431995 431995 431995 431995 431995 431995 431995 431995 431995 431995 431995 431995 431995 431995 431995 431995 431995 431995 431995 431995 431995 431995 431995 431995 431995 431995 431995 431995 431995 431995 431995 431995 431995 431995 431995 431995 431995 431995 431995 431995 431995 431995 431995 431995 431995 431995 431995 431995 431995 431995 431995 431995 0 0 0 0 0 0 0 0 0 0 0 0 0 0 0 0 0 0 0 0 0 0 0 0 0
#obs survey bio
 6193.9 9700.56 10075.6 11058.1 40859.6 23763.2 25540.7 44360.2 42583.8 51810.9 133823 103518 129826 139951 121595 111101 76310 116929 117036 86339.2 110417 156610 169561 153623 144034 194736 146524 113951 191040
#pred catch bio
 3622.9 4559.39 5573.09 6955.04 8323.35 18973.8 19774.3 24120.3 28847 36579.7 47317.7 65809.9 87106.1 96589.6 110001 96848.4 92833.2 81608.6 81852.2 77812.2 77970.2 84310.2 104185 111064 110691 122437 114629 109427 23749.7 101392 95602.7 52777.1 26253.2 14173 9287.7 7451.08 6794.11 6567.28 6490.95 6465.76 6457.56 6454.92 6454.08 6453.81 6453.73 6453.7 6453.69 6453.69 6453.69 6453.69 6453.69 6453.69 6453.69 6453.69 6453.69 6453.69 6453.69 6453.69 6453.69 6453.69 6453.69 6453.69 6453.69 6453.69 6453.69 6453.69 6453.69 6453.69 6453.69 6453.69 6453.69 6453.69 6453.69 6453.69 6453.69 6453.69 6453.69 6453.69 6453.69 6453.69 6453.69 6453.69 6453.69 6453.69 6453.69 6453.69 6453.69 6453.69 6453.69 6453.69 6453.69 6453.69 6453.69 6453.69 6453.69 6453.69 6453.69 6453.69 6453.69 6453.69 6453.69 6453.69 6453.69 6453.69 6453.69 6453.69 6453.69 6453.69 6453.69 6453.69 6453.69 6453.69 6453.69 6453.69 6453.69 6453.69 6453.69 6453.69 6453.69 6453.69 6453.69 6453.69 6453.69 6453.69 6453.69 6453.69 6453.69 6453.69 6453.69 0 0 0 0 0 0 0 0 0 0 0 0 0 0 0 0 0 0 0 0 0 0 0 0 0
#obs catch bio
 4110.2 4505.32 5449.17 6871.15 7965.29 18456.3 19692.8 23401.2 28158.4 36157.2 45571.1 64074.3 85949.1 94495.1 110987 97380.7 93594.4 80159.8 79897.4 77480.5 77337.1 81722.7 100746 109024 107504 118324 112520 110288 23305.4
#pred cpue bio
 6044.29 6282.83 7726.9 9549.05 14052.5 24834.9 25259.5 28281.1 34770.3 43475.2 55995.2 74660.6 94327.2 107969 115899 100397 92557.2 84711 82462.9 75796.3 75672.7 84601.6 99493.8 102148 102849 110067 103407 98245.7 104352 5.62851e+06 5.2921e+06 3.21868e+06 1.78718e+06 1.06052e+06 717063 555215 476072 435127 412712 399882 392318 387780 385030 383347 382316 381699 381329 381106 380971 380891 380842 380812 380794 380784 380777 380773 380771 380770 380769 380768 380768 380768 380768 380767 380767 380767 380767 380767 380767 380767 380767 380767 380767 380767 380767 380767 380767 380767 380767 380767 380767 380767 380767 380767 380767 380767 380767 380767 380767 380767 380767 380767 380767 380767 380767 380767 380767 380767 380767 380767 380767 380767 380767 380767 380767 380767 380767 380767 380767 380767 380767 380767 380767 380767 380767 380767 380767 380767 380767 380767 380767 380767 380767 380767 380767 380767 380767 380767 380767 0 0 0 0 0 0 0 0 0 0 0 0 0 0 0 0 0 0 0 0 0 0 0 0 0
#obs cpue bio
 4210.47 8753.68 9943.96 13920.3 23021.2 25501.9 37742.9 44490.5 52173.9 52603.8 77915.4 93288 106788 162823 104716 120454 130759 127136 119363 87369.7 85186.9 121408 136662 118484 172788 155115 124424 111488 105674
#pred surv len freq
 2.56821e-27 2.60194e-27 4.51153e-26 8.9775e-20 2.20073e-14 6.52114e-10 2.33576e-06 0.0010113 0.0529276 0.334834 0.256253 0.0364188 0.0971727 0.0897826 0.0241317 0.0328023 0.0156079 0.0140842 0.00965701 0.00803051 0.00677536 0.00620597 0.00652631 0.00594506 0.00183125
 2.57039e-27 2.60752e-27 4.95874e-26 9.92073e-20 2.43195e-14 7.2063e-10 2.58117e-06 0.00111755 0.0584885 0.370014 0.28316 0.0391948 0.0993971 0.0914633 0.0180018 0.0181368 0.00711809 0.0046035 0.00260431 0.00184292 0.0013605 0.00111139 0.00106366 0.000985115 0.000334261
 2.56998e-27 2.60633e-27 4.84284e-26 9.6762e-20 2.372e-14 7.02867e-10 2.51755e-06 0.00109 0.0570469 0.360894 0.276216 0.0404762 0.114028 0.104874 0.0188155 0.0165458 0.00554561 0.00224209 0.000926526 0.000475487 0.000278057 0.000191141 0.000159454 0.000142569 5.0497e-05
 2.56952e-27 2.60512e-27 4.73931e-26 9.4578e-20 2.31847e-14 6.87003e-10 2.46073e-06 0.0010654 0.0557593 0.352748 0.269997 0.0405458 0.118926 0.109473 0.0210593 0.0204973 0.00661365 0.00221819 0.000693164 0.000218137 8.25209e-05 4.15837e-05 2.79398e-05 2.26641e-05 8.05883e-06
 2.57223e-27 2.61247e-27 5.38896e-26 1.08283e-19 2.65442e-14 7.86553e-10 2.8173e-06 0.00121978 0.0638391 0.403863 0.308998 0.0386806 0.0773313 0.0710723 0.0139515 0.0139541 0.00463756 0.00176197 0.000518182 0.000126444 2.82665e-05 8.04593e-06 3.62483e-06 2.4208e-06 8.30781e-07
 2.569e-27 2.60364e-27 4.60147e-26 9.16698e-20 2.24718e-14 6.65878e-10 2.38506e-06 0.00103264 0.0540448 0.341902 0.26173 0.0414877 0.131902 0.121316 0.0207794 0.0168877 0.00567839 0.00229323 0.000713754 0.000187999 3.45037e-05 5.55306e-06 1.1979e-06 5.31857e-07 1.6605e-07
 2.56878e-27 2.60314e-27 4.56678e-26 9.09385e-20 2.22925e-14 6.60566e-10 2.36604e-06 0.0010244 0.0536136 0.339174 0.259636 0.0407848 0.128025 0.117941 0.0238633 0.0247558 0.00783033 0.00236444 0.000732369 0.000205654 4.08571e-05 5.7238e-06 6.08319e-07 1.15232e-07 2.83378e-08
 2.57122e-27 2.60976e-27 5.14985e-26 1.03239e-19 2.53077e-14 7.49913e-10 2.68606e-06 0.00116296 0.0608652 0.38505 0.294642 0.0392935 0.0920814 0.0847004 0.0166629 0.0167195 0.00566414 0.00231326 0.000659496 0.00014742 3.00669e-05 4.52517e-06 4.04668e-07 2.88554e-08 3.6799e-09
 2.57068e-27 2.60817e-27 4.99945e-26 1.00065e-19 2.45298e-14 7.26863e-10 2.6035e-06 0.00112722 0.0589945 0.373215 0.285625 0.0405359 0.107871 0.0990935 0.0159981 0.011563 0.00384177 0.00149598 0.0004788 0.000131608 2.25438e-05 3.13594e-06 2.94395e-07 1.46952e-08 6.36327e-10
 2.57089e-27 2.60878e-27 5.05684e-26 1.01276e-19 2.48267e-14 7.35659e-10 2.63501e-06 0.00114086 0.0597083 0.377731 0.289067 0.040129 0.102356 0.094074 0.0163768 0.0136725 0.00420557 0.00109652 0.000327579 9.02729e-05 1.86902e-05 2.53478e-06 2.11406e-07 1.03195e-08 2.3993e-10
 2.57123e-27 2.60969e-27 5.13624e-26 1.02951e-19 2.52373e-14 7.47825e-10 2.67859e-06 0.00115973 0.0606958 0.383978 0.293835 0.0399757 0.0978404 0.089883 0.0152033 0.0120576 0.00381543 0.00116959 0.000309294 6.06478e-05 1.18837e-05 1.82074e-06 1.58107e-07 6.96374e-09 1.41225e-10
 2.57122e-27 2.60966e-27 5.13267e-26 1.02876e-19 2.52188e-14 7.47278e-10 2.67663e-06 0.00115888 0.0606514 0.383697 0.293622 0.0400661 0.0986777 0.0906387 0.0150316 0.0114722 0.0035868 0.00103625 0.000286627 6.15167e-05 9.26965e-06 1.17904e-06 1.10466e-07 5.09221e-09 9.46193e-11
 2.57132e-27 2.60991e-27 5.15378e-26 1.03321e-19 2.5328e-14 7.50513e-10 2.68821e-06 0.00116389 0.0609139 0.385358 0.29489 0.040074 0.0978466 0.0898568 0.0146223 0.0107331 0.00332341 0.000910246 0.000244998 5.08329e-05 8.23958e-06 9.20446e-07 6.84045e-08 3.24728e-09 6.24206e-11
 2.57092e-27 2.60882e-27 5.05585e-26 1.01255e-19 2.48215e-14 7.35506e-10 2.63446e-06 0.00114062 0.059696 0.377653 0.289013 0.0405003 0.10522 0.0966308 0.0152808 0.0105275 0.00322777 0.000837166 0.0002199 4.33149e-05 6.75871e-06 7.72271e-07 5.29199e-08 2.03803e-09 3.88897e-11
 2.56997e-27 2.60625e-27 4.82913e-26 9.64724e-20 2.36491e-14 7.00764e-10 2.51002e-06 0.00108674 0.0568762 0.359814 0.2754 0.0410642 0.119075 0.109445 0.0180767 0.0136767 0.00415895 0.00100854 0.000258099 4.82884e-05 7.19846e-06 7.83873e-07 5.34398e-08 1.90296e-09 3.05022e-11
 2.57036e-27 2.60731e-27 4.92341e-26 9.84615e-20 2.41367e-14 7.15212e-10 2.56177e-06 0.00110915 0.0580488 0.367233 0.28106 0.0407388 0.112622 0.103499 0.0171622 0.0130916 0.00403623 0.00106935 0.000272027 4.77715e-05 6.79356e-06 6.99767e-07 4.52634e-08 1.57487e-09 2.32337e-11
 2.57095e-27 2.6089e-27 5.06336e-26 1.01414e-19 2.48604e-14 7.36658e-10 2.63858e-06 0.00114241 0.0597894 0.378244 0.289463 0.0404129 0.104239 0.0957401 0.0153874 0.0109962 0.00338992 0.000905445 0.000236464 4.4532e-05 6.13741e-06 5.93765e-07 3.61025e-08 1.18847e-09 1.69068e-11
 2.57087e-27 2.60866e-27 5.03944e-26 1.00909e-19 2.47367e-14 7.32991e-10 2.62545e-06 0.00113672 0.0594918 0.376362 0.28803 0.0406845 0.107312 0.098531 0.0150624 0.00954891 0.00289963 0.000713464 0.000184501 3.52333e-05 5.1158e-06 5.03212e-07 2.87591e-08 8.84885e-10 1.18872e-11
 2.57059e-27 2.60791e-27 4.97439e-26 9.95368e-20 2.44003e-14 7.23023e-10 2.58975e-06 0.00112126 0.0586828 0.371243 0.284123 0.0407712 0.110717 0.101701 0.0161382 0.0112013 0.00335133 0.00072943 0.000180611 3.21826e-05 4.65896e-06 4.75918e-07 2.80613e-08 8.22494e-10 1.03056e-11
 2.57121e-27 2.60961e-27 5.12477e-26 1.02709e-19 2.51779e-14 7.46067e-10 2.67229e-06 0.001157 0.0605531 0.383075 0.29315 0.0403166 0.100915 0.0926551 0.0145184 0.00978677 0.00296222 0.000704555 0.000171527 2.72834e-05 3.68262e-06 3.62536e-07 2.19652e-08 6.63356e-10 8.01595e-12
 2.5719e-27 2.61147e-27 5.28863e-26 1.06166e-19 2.60253e-14 7.71176e-10 2.76222e-06 0.00119594 0.062591 0.395968 0.302989 0.0399273 0.0910399 0.0835187 0.0124693 0.00741246 0.0022256 0.000509929 0.000126219 2.14746e-05 2.72717e-06 2.42107e-07 1.39043e-08 4.25692e-10 5.27343e-12
 2.57197e-27 2.61164e-27 5.30285e-26 1.06466e-19 2.60988e-14 7.73355e-10 2.77003e-06 0.00119932 0.0627679 0.397086 0.303843 0.0399595 0.0906847 0.0831747 0.0121142 0.00668695 0.0019713 0.000395957 9.47872e-05 1.57139e-05 2.07822e-06 1.84458e-07 9.55792e-09 2.73797e-10 3.39749e-12
 2.57165e-27 2.61077e-27 5.22586e-26 1.04842e-19 2.57007e-14 7.61557e-10 2.72777e-06 0.00118102 0.0618103 0.391029 0.299221 0.040171 0.0955418 0.0876625 0.0130139 0.00760761 0.00222886 0.000418083 9.56599e-05 1.40991e-05 1.78785e-06 1.59979e-07 8.41111e-09 2.21845e-10 2.56002e-12
 2.5719e-27 2.61144e-27 5.2848e-26 1.06085e-19 2.60055e-14 7.70589e-10 2.76012e-06 0.00119503 0.0625434 0.395666 0.30276 0.0400219 0.0919205 0.0843135 0.012288 0.00679609 0.00199816 0.000391303 8.89855e-05 1.22297e-05 1.41854e-06 1.15997e-07 6.02721e-09 1.60269e-10 1.73476e-12
 2.57219e-27 2.61222e-27 5.35376e-26 1.0754e-19 2.63621e-14 7.81156e-10 2.79797e-06 0.00121141 0.0634011 0.401092 0.306901 0.0398732 0.0878796 0.0805709 0.0113775 0.00566134 0.00164782 0.000302028 6.83697e-05 9.71318e-06 1.09108e-06 8.13824e-08 3.81604e-09 9.81294e-11 1.06055e-12
 2.57202e-27 2.61175e-27 5.31167e-26 1.06652e-19 2.61444e-14 7.74707e-10 2.77487e-06 0.00120141 0.0628776 0.397781 0.304375 0.0400285 0.0908365 0.0832935 0.0117509 0.00582619 0.00167883 0.000278511 6.07618e-05 8.16105e-06 9.22866e-07 6.88659e-08 2.97727e-09 6.89084e-11 7.08869e-13
 2.5719e-27 2.61142e-27 5.28174e-26 1.0602e-19 2.59896e-14 7.7012e-10 2.75844e-06 0.0011943 0.0625053 0.395425 0.302579 0.0401782 0.0932373 0.0854947 0.0118833 0.00557412 0.00160135 0.000261422 5.57073e-05 6.81507e-06 7.28217e-07 5.27028e-08 2.28299e-09 4.95241e-11 4.59987e-13
 2.57209e-27 2.61195e-27 5.32898e-26 1.07017e-19 2.62339e-14 7.77358e-10 2.78437e-06 0.00120552 0.0630928 0.399142 0.305414 0.0399915 0.0898251 0.082357 0.0115268 0.00555043 0.00158809 0.000245869 5.15325e-05 6.18126e-06 6.24747e-07 4.14099e-08 1.71198e-09 3.67207e-11 3.23496e-13
 2.57281e-27 2.61392e-27 5.50408e-26 1.10711e-19 2.71395e-14 8.04191e-10 2.88048e-06 0.00124714 0.0652706 0.41292 0.315924 0.0393889 0.0778544 0.071328 0.00989114 0.00459763 0.00131709 0.000209028 4.36825e-05 4.99298e-06 4.92853e-07 3.13041e-08 1.18732e-09 2.3924e-11 2.05798e-13
#obs surv len freq
 1.76735e-41 2.45296e-33 4.11535e-26 8.34585e-20 2.04589e-14 6.06234e-10 2.17143e-06 0.000940155 0.0492039 0.311279 0.238424 0.0440599 0.152077 0.128816 0.0361511 0.0276702 0.00826936 0.00255645 0.000491892 5.68642e-05 2.87974e-06 4.62887e-08 1.75786e-10 1.27233e-13 1.52137e-17
 2.17723e-41 3.02184e-33 5.06977e-26 1.02814e-19 2.52036e-14 7.46829e-10 2.67502e-06 0.00115819 0.0606152 0.383469 0.293519 0.042005 0.0970074 0.0776506 0.0222533 0.0160576 0.00465243 0.00134919 0.00023643 2.36707e-05 9.85574e-07 1.24179e-08 3.5555e-11 1.88529e-14 1.62108e-18
 1.71737e-41 2.3836e-33 3.99898e-26 8.10985e-20 1.98804e-14 5.89091e-10 2.11003e-06 0.00091357 0.0478126 0.302477 0.231898 0.0512824 0.182595 0.136406 0.0269082 0.0144016 0.00402164 0.00109152 0.000175063 1.51359e-05 5.13493e-07 5.01633e-09 1.07641e-11 4.18128e-15 2.59288e-19
 2.09084e-41 2.90195e-33 4.86863e-26 9.87348e-20 2.42037e-14 7.17199e-10 2.56889e-06 0.00111224 0.0582103 0.368255 0.282025 0.0457927 0.113214 0.0812215 0.0281029 0.0178812 0.00340595 0.00067213 9.68753e-05 7.23441e-06 1.99516e-07 1.50219e-09 2.39984e-12 6.80088e-16 3.03936e-20
 2.36935e-41 3.2885e-33 5.51715e-26 1.11887e-19 2.74277e-14 8.12733e-10 2.91108e-06 0.0012604 0.0659641 0.417308 0.319454 0.0443231 0.0794142 0.0522979 0.0117081 0.00612111 0.00175602 0.000355298 3.33927e-05 1.95276e-06 4.35295e-08 2.52568e-10 2.99779e-13 6.17772e-17 1.98397e-21
 1.31931e-41 1.83112e-33 3.07208e-26 6.23012e-20 1.52724e-14 4.52549e-10 1.62096e-06 0.000701819 0.0367304 0.232371 0.179026 0.0711927 0.27216 0.166378 0.0280922 0.0108353 0.00206194 0.000403398 4.37202e-05 1.814e-06 2.83632e-08 1.2405e-10 1.0946e-13 1.64186e-17 3.7871e-22
 2.21439e-41 3.07343e-33 5.15632e-26 1.04569e-19 2.56339e-14 7.59579e-10 2.72069e-06 0.00117796 0.0616499 0.390016 0.29875 0.0467664 0.0889844 0.0565042 0.0352561 0.0181017 0.00246289 0.000300991 2.54269e-05 1.03307e-06 1.21603e-08 3.57625e-11 2.23592e-14 2.42472e-18 4.0231e-23
 1.99026e-41 2.76235e-33 4.63442e-26 9.39852e-20 2.30394e-14 6.82698e-10 2.44531e-06 0.00105874 0.05541 0.350543 0.269084 0.0609449 0.154699 0.0823388 0.0157113 0.00719306 0.00262211 0.000372732 1.90846e-05 5.31602e-07 5.24174e-09 1.17543e-11 4.98608e-15 3.6671e-19 4.25172e-24
 2.02805e-41 2.8148e-33 4.72242e-26 9.57697e-20 2.34768e-14 6.95661e-10 2.49174e-06 0.00107884 0.0564622 0.357199 0.27426 0.0614437 0.14313 0.0735845 0.0228285 0.00847561 0.00127479 0.000240996 1.8786e-05 3.75304e-07 2.33241e-09 3.8737e-12 1.23949e-15 6.43288e-20 5.05091e-25
 1.97918e-41 2.74698e-33 4.60862e-26 9.3462e-20 2.29111e-14 6.78898e-10 2.4317e-06 0.00105284 0.0551016 0.348594 0.26798 0.0670593 0.154553 0.0738991 0.0220717 0.00804062 0.00147144 0.000163229 1.06858e-05 2.68737e-07 1.40508e-09 1.49406e-12 3.20692e-16 1.19864e-20 6.80662e-26
 2.09785e-41 2.91167e-33 4.88493e-26 9.90655e-20 2.42847e-14 7.19601e-10 2.57749e-06 0.00111597 0.0584052 0.369494 0.283989 0.065866 0.13327 0.0602744 0.0197469 0.00656925 0.00113397 0.000126493 6.08381e-06 1.13513e-07 5.92212e-10 5.64157e-13 8.61683e-17 2.10251e-21 8.01127e-27
 2.04803e-41 2.84253e-33 4.76893e-26 9.67129e-20 2.3708e-14 7.02513e-10 2.51629e-06 0.00108946 0.0570182 0.360722 0.277718 0.0730532 0.146225 0.0606446 0.0172985 0.00523808 0.000895817 9.00835e-05 3.89909e-06 5.50943e-08 2.04693e-10 1.62355e-13 2.16043e-17 4.19493e-22 1.13798e-27
 1.99715e-41 2.77191e-33 4.65046e-26 9.43103e-20 2.31191e-14 6.8506e-10 2.45377e-06 0.0010624 0.0556018 0.351764 0.271349 0.0796103 0.154241 0.0610756 0.0193188 0.00515907 0.000744955 6.73341e-05 2.55529e-06 2.99436e-08 8.37806e-11 4.66678e-14 4.5722e-18 7.02028e-23 1.53518e-28
 1.86812e-41 2.59283e-33 4.35001e-26 8.82174e-20 2.16254e-14 6.40801e-10 2.29525e-06 0.000993763 0.0520096 0.329045 0.254825 0.0913554 0.175494 0.0667259 0.0228487 0.00581978 0.00081735 6.08475e-05 1.89709e-06 1.82883e-08 4.03719e-11 1.68189e-14 1.16998e-18 1.25721e-23 1.9747e-29
 1.68319e-41 2.33615e-33 3.91938e-26 7.94842e-20 1.94846e-14 5.77365e-10 2.06803e-06 0.000895385 0.0468609 0.296483 0.231138 0.106627 0.201933 0.0768096 0.0306043 0.00752174 0.00105217 7.15241e-05 1.81815e-06 1.35211e-08 2.30902e-11 7.33773e-15 3.79535e-19 2.94837e-24 3.26883e-30
 1.91487e-41 2.65772e-33 4.45887e-26 9.0425e-20 2.21666e-14 6.56838e-10 2.35269e-06 0.00101863 0.0533112 0.337289 0.26197 0.0952733 0.154234 0.0608113 0.0279892 0.00701539 0.00101907 6.4996e-05 1.43891e-06 8.45806e-09 1.07723e-11 2.53102e-15 9.69252e-20 5.54251e-25 4.47469e-31
 1.86204e-41 2.58439e-33 4.33585e-26 8.79301e-20 2.1555e-14 6.38715e-10 2.28777e-06 0.000990527 0.0518403 0.327997 0.2562 0.109592 0.16924 0.0570933 0.0207763 0.0053866 0.000828826 5.18991e-05 1.0327e-06 5.03162e-09 4.95765e-12 8.58586e-16 2.37574e-20 9.79819e-26 5.71977e-32
 1.83422e-41 2.54577e-33 4.27106e-26 8.66163e-20 2.1233e-14 6.29171e-10 2.25359e-06 0.000975726 0.0510657 0.32311 0.253546 0.117132 0.168749 0.0583042 0.021955 0.00451439 0.000607765 3.7652e-05 6.93166e-07 2.889e-09 2.28304e-12 3.02488e-16 6.18344e-21 1.84152e-26 7.67587e-33
 1.85774e-41 2.57843e-33 4.32585e-26 8.77273e-20 2.15053e-14 6.37242e-10 2.2825e-06 0.000988242 0.0517207 0.327268 0.257696 0.121515 0.16063 0.0549715 0.0205569 0.00415294 0.000474656 2.37841e-05 3.87742e-07 1.40363e-09 9.12353e-13 9.5101e-17 1.47994e-21 3.27482e-27 9.95865e-34
 1.94318e-41 2.69701e-33 4.52479e-26 9.17618e-20 2.24943e-14 6.66548e-10 2.38747e-06 0.00103369 0.0540993 0.342329 0.269865 0.121163 0.144172 0.047282 0.0165182 0.00318298 0.000338055 1.40397e-05 1.7727e-07 5.17351e-10 2.74577e-13 2.28539e-17 2.76313e-22 4.64416e-28 1.05405e-34
 1.93927e-41 2.69158e-33 4.51568e-26 9.15771e-20 2.2449e-14 6.65206e-10 2.38266e-06 0.00103161 0.0539905 0.341668 0.271008 0.129844 0.142739 0.0435329 0.0135799 0.00236908 0.000225748 8.13289e-06 8.15319e-08 1.78378e-10 7.14627e-14 4.58044e-18 4.28092e-23 5.51442e-29 9.47385e-36
 1.97263e-41 2.73787e-33 4.59335e-26 9.31522e-20 2.28352e-14 6.76648e-10 2.42364e-06 0.00104935 0.0549192 0.34757 0.276746 0.132238 0.132939 0.0406345 0.011943 0.00180805 0.000146166 4.41638e-06 3.58941e-08 6.03769e-11 1.78254e-14 8.31801e-19 5.70555e-24 5.45563e-30 7.00127e-37
 1.91157e-41 2.65313e-33 4.45118e-26 9.0269e-20 2.21284e-14 6.55704e-10 2.34863e-06 0.00101687 0.0532194 0.336872 0.271457 0.146869 0.138237 0.0399664 0.0107555 0.00150066 0.000101807 2.45047e-06 1.5645e-08 2.03139e-11 4.5127e-15 1.54466e-19 7.64122e-25 5.23832e-31 4.83042e-38
 1.95383e-41 2.71178e-33 4.54958e-26 9.22645e-20 2.26176e-14 6.702e-10 2.40055e-06 0.00103935 0.0543961 0.344356 0.278479 0.146064 0.126172 0.0383235 0.00987282 0.00122273 7.10782e-05 1.37023e-06 6.64357e-09 6.46235e-12 1.07011e-15 2.70819e-20 9.79813e-26 4.85873e-32 3.21217e-39
 1.93699e-41 2.68841e-33 4.51037e-26 9.14693e-20 2.24226e-14 6.64423e-10 2.37986e-06 0.0010304 0.0539274 0.341467 0.279241 0.155682 0.124099 0.0351339 0.00837971 0.000987075 4.906e-05 7.59645e-07 2.82084e-09 2.02597e-12 2.44199e-16 4.48935e-21 1.17973e-26 4.24216e-33 2.0271e-40
 1.87306e-41 2.59969e-33 4.36151e-26 8.84506e-20 2.16826e-14 6.42496e-10 2.30132e-06 0.00099639 0.0521481 0.330322 0.274882 0.169576 0.12727 0.0361018 0.00784896 0.000816952 3.55342e-05 4.503e-07 1.28563e-09 6.87003e-13 6.02886e-17 7.96594e-22 1.49722e-27 3.84969e-34 1.31694e-41
 1.79287e-41 2.48839e-33 4.17479e-26 8.46639e-20 2.07543e-14 6.14989e-10 2.20279e-06 0.000953733 0.049916 0.316352 0.269209 0.184371 0.131601 0.0387942 0.00802167 0.000750799 2.73255e-05 2.81843e-07 6.30408e-10 2.53295e-13 1.62943e-17 1.55636e-22 2.09583e-28 3.83852e-35 9.32436e-43
 1.82891e-41 2.5384e-33 4.25869e-26 8.63654e-20 2.11715e-14 6.2735e-10 2.24706e-06 0.000972902 0.0509197 0.322819 0.276472 0.181923 0.121591 0.0371962 0.00743376 0.000649456 2.01188e-05 1.65383e-07 2.8579e-10 8.70564e-14 4.16065e-18 2.9009e-23 2.81784e-29 3.69596e-36 6.40024e-44
 1.82898e-41 2.5385e-33 4.25886e-26 8.63688e-20 2.11723e-14 6.27374e-10 2.24715e-06 0.00097294 0.0509217 0.322831 0.276489 0.182192 0.122553 0.0365952 0.00687827 0.000550166 1.50523e-05 1.05979e-07 1.53276e-10 3.84871e-14 1.50157e-18 8.49111e-24 6.65893e-30 7.02827e-37 9.77061e-45
#pred catch len freq
 2.56593e-27 2.59585e-27 3.9871e-26 7.87122e-20 1.92954e-14 5.71756e-10 2.04793e-06 0.000886677 0.0464055 0.293574 0.224751 0.0366911 0.121377 0.112237 0.0301755 0.0410229 0.0194764 0.0175231 0.0120044 0.00997806 0.00841734 0.00770971 0.00810761 0.00738553 0.00227495
 2.5687e-27 2.60297e-27 4.55925e-26 9.07801e-20 2.22536e-14 6.59415e-10 2.36191e-06 0.00102262 0.0535202 0.338583 0.259174 0.0401318 0.123379 0.113616 0.0223099 0.0224094 0.00877955 0.00565686 0.00319729 0.00226135 0.00166915 0.00136348 0.0013049 0.00120855 0.000410074
 2.56822e-27 2.60157e-27 4.42232e-26 8.78909e-20 2.15454e-14 6.38428e-10 2.28674e-06 0.000990072 0.0518168 0.327807 0.250971 0.0416931 0.141025 0.129788 0.0232417 0.0203762 0.00682187 0.0027466 0.00113393 0.000581541 0.000340016 0.000233722 0.000194975 0.000174328 6.17459e-05
 2.56775e-27 2.60032e-27 4.31493e-26 8.56255e-20 2.09901e-14 6.21973e-10 2.2278e-06 0.000964553 0.0504812 0.319358 0.24452 0.0417252 0.145801 0.134291 0.0257729 0.0250051 0.00806064 0.00269199 0.000840484 0.000264288 9.99575e-05 5.03673e-05 3.38411e-05 2.74511e-05 9.76097e-06
 2.57048e-27 2.60774e-27 4.97176e-26 9.94818e-20 2.43868e-14 7.22623e-10 2.58831e-06 0.00112064 0.0586503 0.371038 0.283951 0.039791 0.103379 0.0951361 0.0187007 0.0187366 0.00622137 0.00235477 0.000692034 0.000168733 3.77115e-05 1.07334e-05 4.83553e-06 3.22934e-06 1.10826e-06
 2.5673e-27 2.59903e-27 4.19367e-26 8.3067e-20 2.03629e-14 6.03388e-10 2.16124e-06 0.000935732 0.0489729 0.309816 0.237249 0.0427386 0.158621 0.145961 0.0249314 0.0201598 0.00677046 0.00272262 0.000846746 0.000222856 4.08924e-05 6.5806e-06 1.41952e-06 6.30255e-07 1.96771e-07
 2.56714e-27 2.5987e-27 4.17539e-26 8.26819e-20 2.02685e-14 6.00591e-10 2.15122e-06 0.000931395 0.0487458 0.30838 0.236138 0.0418419 0.152579 0.140624 0.0283344 0.0292461 0.00924241 0.00277833 0.000859742 0.000241236 4.79163e-05 6.71215e-06 7.1334e-07 1.35125e-07 3.32298e-08
 2.56998e-27 2.60637e-27 4.85125e-26 9.69395e-20 2.37636e-14 7.04157e-10 2.52217e-06 0.001092 0.0571515 0.361556 0.276716 0.0401122 0.110906 0.102085 0.0199819 0.0199195 0.00673964 0.00274037 0.00078071 0.000174368 3.55544e-05 5.35061e-06 4.78471e-07 3.41179e-08 4.35101e-09
 2.5693e-27 2.60443e-27 4.66822e-26 9.30779e-20 2.28169e-14 6.76106e-10 2.4217e-06 0.0010485 0.0548749 0.347153 0.265742 0.041605 0.129976 0.119471 0.0192245 0.0137955 0.00457785 0.00177475 0.00056755 0.000155884 2.6697e-05 3.71327e-06 3.48585e-07 1.74001e-08 7.53452e-10
 2.56958e-27 2.6052e-27 4.7394e-26 9.45797e-20 2.31851e-14 6.87015e-10 2.46077e-06 0.00106542 0.0557603 0.352755 0.270011 0.0411109 0.123217 0.113317 0.0196477 0.0162887 0.00500618 0.00129928 0.000387739 0.000106767 2.21005e-05 2.99705e-06 2.49953e-07 1.2201e-08 2.83676e-10
 2.56995e-27 2.60621e-27 4.82774e-26 9.64433e-20 2.36419e-14 7.00552e-10 2.50926e-06 0.00108641 0.056859 0.359705 0.275316 0.0409468 0.118241 0.108697 0.0183164 0.014423 0.00455946 0.00139132 0.000367629 7.20238e-05 1.4109e-05 2.16151e-06 1.87694e-07 8.2668e-09 1.67651e-10
 2.57005e-27 2.60646e-27 4.84804e-26 9.68714e-20 2.37468e-14 7.03662e-10 2.5204e-06 0.00109124 0.0571113 0.361302 0.276535 0.0409804 0.11764 0.108122 0.0178541 0.0135093 0.00421958 0.0012134 0.000335314 7.19066e-05 1.08328e-05 1.3777e-06 1.29076e-07 5.95002e-09 1.10558e-10
 2.57027e-27 2.60704e-27 4.89882e-26 9.79426e-20 2.40094e-14 7.11443e-10 2.54827e-06 0.0011033 0.0577429 0.365297 0.279585 0.0409092 0.114956 0.105628 0.0171058 0.0124274 0.00384425 0.00104788 0.000281773 5.84132e-05 9.46599e-06 1.05734e-06 7.85758e-08 3.7301e-09 7.17015e-11
 2.56976e-27 2.60565e-27 4.77401e-26 9.53097e-20 2.3364e-14 6.92318e-10 2.47977e-06 0.00107364 0.0561906 0.355477 0.272095 0.0414399 0.124256 0.114175 0.0179803 0.0122676 0.00375782 0.000970053 0.000254557 5.00985e-05 7.81525e-06 8.92901e-07 6.11843e-08 2.35628e-09 4.49626e-11
 2.56895e-27 2.60346e-27 4.58174e-26 9.12536e-20 2.23697e-14 6.62855e-10 2.37424e-06 0.00102795 0.0537994 0.34035 0.260551 0.0418777 0.135699 0.124769 0.0204859 0.0153135 0.00465239 0.00112267 0.000287005 5.36495e-05 7.99561e-06 8.70584e-07 5.93494e-08 2.11337e-09 3.38749e-11
 2.5694e-27 2.60468e-27 4.69064e-26 9.35509e-20 2.29329e-14 6.79542e-10 2.43401e-06 0.00105383 0.0551538 0.348918 0.267087 0.0415021 0.128248 0.117902 0.019431 0.0146401 0.00450908 0.00118874 0.000302109 5.30078e-05 7.53621e-06 7.76176e-07 5.02043e-08 1.74677e-09 2.57695e-11
 2.57012e-27 2.60663e-27 4.86187e-26 9.71631e-20 2.38184e-14 7.05781e-10 2.52799e-06 0.00109452 0.0572833 0.36239 0.277368 0.0410898 0.117887 0.108318 0.0173014 0.0121951 0.0037555 0.000998087 0.0002604 4.89971e-05 6.75112e-06 6.53063e-07 3.97066e-08 1.30711e-09 1.85945e-11
 2.56991e-27 2.60603e-27 4.80621e-26 9.59889e-20 2.35305e-14 6.97251e-10 2.49744e-06 0.00108129 0.0565911 0.358011 0.27403 0.0414868 0.123254 0.113218 0.0172231 0.0107795 0.00327005 0.000800672 0.000206837 3.94644e-05 5.72872e-06 5.6344e-07 3.22001e-08 9.90753e-10 1.33093e-11
 2.56972e-27 2.60553e-27 4.76311e-26 9.50797e-20 2.33076e-14 6.90647e-10 2.47378e-06 0.00107105 0.056055 0.35462 0.271441 0.0414884 0.125086 0.114941 0.0181307 0.012412 0.00371019 0.000803527 0.000198728 3.53796e-05 5.12042e-06 5.23e-07 3.08364e-08 9.03826e-10 1.13246e-11
 2.57046e-27 2.60754e-27 4.94064e-26 9.88249e-20 2.42257e-14 7.17852e-10 2.57122e-06 0.00111324 0.0582631 0.368588 0.282098 0.0409478 0.113483 0.104234 0.0162332 0.0107826 0.00326033 0.000771559 0.000187643 2.98201e-05 4.02389e-06 3.96086e-07 2.39972e-08 7.24715e-10 8.75738e-12
 2.57117e-27 2.60945e-27 5.10882e-26 1.02373e-19 2.50954e-14 7.43623e-10 2.66353e-06 0.00115321 0.0603547 0.38182 0.292196 0.0405582 0.103424 0.0949254 0.0140991 0.00825756 0.00247681 0.000564655 0.000139611 2.37322e-05 3.0131e-06 2.67457e-07 1.53596e-08 4.70245e-10 5.82533e-12
 2.57114e-27 2.60938e-27 5.10134e-26 1.02215e-19 2.50567e-14 7.42476e-10 2.65943e-06 0.00115143 0.0602617 0.381232 0.291748 0.0406736 0.104617 0.0960057 0.0139223 0.00757984 0.00223248 0.000446236 0.000106695 1.76723e-05 2.3366e-06 2.07367e-07 1.07446e-08 3.07788e-10 3.81927e-12
 2.57095e-27 2.60886e-27 5.05565e-26 1.01251e-19 2.48205e-14 7.35475e-10 2.63435e-06 0.00114057 0.0596934 0.377637 0.289005 0.040774 0.107308 0.0984988 0.0145438 0.00836828 0.00244948 0.000457179 0.000104472 1.5384e-05 1.95021e-06 1.74486e-07 9.17353e-09 2.41952e-10 2.79203e-12
 2.57131e-27 2.60983e-27 5.14136e-26 1.03059e-19 2.52637e-14 7.48608e-10 2.68139e-06 0.00116094 0.0607594 0.38438 0.29415 0.0405379 0.101896 0.0934992 0.0135518 0.00736559 0.00216341 0.000421514 9.57382e-05 1.31459e-05 1.52434e-06 1.24633e-07 6.47568e-09 1.72192e-10 1.86382e-12
 2.57157e-27 2.61053e-27 5.20287e-26 1.04357e-19 2.55818e-14 7.58033e-10 2.71515e-06 0.00117556 0.0615243 0.38922 0.297844 0.0404223 0.0984214 0.0902763 0.0126879 0.00620612 0.00180457 0.000329106 7.44023e-05 1.05607e-05 1.18594e-06 8.84462e-08 4.1471e-09 1.06641e-10 1.15254e-12
 2.57149e-27 2.61032e-27 5.18352e-26 1.03948e-19 2.54817e-14 7.55068e-10 2.70453e-06 0.00117096 0.0612837 0.387697 0.296682 0.0404991 0.0998222 0.0915653 0.0128514 0.0062534 0.00180012 0.000297134 6.47315e-05 8.68633e-06 9.81961e-07 7.32663e-08 3.16739e-09 7.33078e-11 7.54124e-13
 2.57136e-27 2.60996e-27 5.15098e-26 1.03262e-19 2.53134e-14 7.50082e-10 2.68667e-06 0.00116322 0.0608789 0.385137 0.29473 0.0406615 0.10243 0.0939564 0.0129962 0.00598143 0.00171659 0.000278833 5.93321e-05 7.25194e-06 7.74641e-07 5.60552e-08 2.42812e-09 5.26716e-11 4.8922e-13
 2.57157e-27 2.61052e-27 5.20132e-26 1.04324e-19 2.55738e-14 7.57797e-10 2.7143e-06 0.00117519 0.0615051 0.389098 0.297752 0.0404619 0.0987878 0.0906073 0.0126184 0.00596254 0.00170433 0.000262556 5.49472e-05 6.58489e-06 6.65323e-07 4.40933e-08 1.82284e-09 3.90981e-11 3.44439e-13
 2.57054e-27 2.60771e-27 4.9508e-26 9.90389e-20 2.42782e-14 7.19406e-10 2.57679e-06 0.00111565 0.0583892 0.369386 0.282714 0.0413569 0.116164 0.106608 0.0148462 0.00701448 0.00200988 0.000318048 6.64053e-05 7.58432e-06 7.48412e-07 4.75299e-08 1.80266e-09 3.63225e-11 3.1245e-13
#obs catch len freq
 1.7549e-41 2.43568e-33 4.08636e-26 8.28706e-20 2.03147e-14 6.01963e-10 2.15613e-06 0.000933532 0.0488573 0.309086 0.236751 0.0441434 0.153716 0.130205 0.0365033 0.0279713 0.00851915 0.00270308 0.000540183 6.51011e-05 3.42741e-06 5.72226e-08 2.26046e-10 1.70005e-13 2.10578e-17
 1.77076e-41 2.4577e-33 4.12331e-26 8.36198e-20 2.04984e-14 6.07405e-10 2.17563e-06 0.000941971 0.049299 0.31188 0.238943 0.0459995 0.155724 0.124866 0.0359743 0.026049 0.00762031 0.0022487 0.000407605 4.25691e-05 1.85244e-06 2.42437e-08 7.17887e-11 3.93002e-14 3.48313e-18
 2.18443e-41 3.03185e-33 5.08655e-26 1.03154e-19 2.52871e-14 7.49302e-10 2.68388e-06 0.00116203 0.0608158 0.384738 0.294531 0.0432998 0.0985312 0.0744738 0.0219461 0.0148997 0.00422802 0.00116303 0.000190764 1.71014e-05 6.06123e-07 6.16844e-09 1.36917e-11 5.4714e-15 3.48012e-19
 1.73402e-41 2.4067e-33 4.03774e-26 8.18845e-20 2.0073e-14 5.948e-10 2.13048e-06 0.000922424 0.048276 0.305409 0.234229 0.0538108 0.18431 0.129365 0.0258057 0.0131889 0.00360887 0.000923984 0.000137715 1.05599e-05 3.02028e-07 2.36533e-09 3.91444e-12 1.14216e-15 5.22896e-20
 2.10996e-41 2.92849e-33 4.91314e-26 9.96375e-20 2.4425e-14 7.23757e-10 2.59238e-06 0.00112241 0.0587425 0.371622 0.284661 0.0474155 0.11314 0.0764472 0.0273169 0.0159704 0.00292519 0.000555158 7.39957e-05 4.8538e-06 1.11741e-07 6.69492e-10 8.20928e-13 1.74227e-16 5.73773e-21
 2.38561e-41 3.31107e-33 5.55501e-26 1.12655e-19 2.76159e-14 8.18311e-10 2.93106e-06 0.00126905 0.0664168 0.420172 0.321691 0.0454195 0.0784061 0.0483315 0.0110277 0.00543979 0.00151882 0.000279374 2.43478e-05 1.25554e-06 2.31603e-08 1.06158e-10 9.62606e-14 1.48143e-17 3.49989e-22
 1.35416e-41 1.87949e-33 3.15323e-26 6.3947e-20 1.56758e-14 4.64504e-10 1.66378e-06 0.000720359 0.0377007 0.23851 0.183928 0.075623 0.271131 0.154515 0.0262305 0.0095241 0.00175949 0.000324278 3.1279e-05 1.12252e-06 1.45938e-08 5.02198e-11 3.37051e-14 3.76521e-18 6.37848e-23
 2.24418e-41 3.11477e-33 5.22567e-26 1.05976e-19 2.59786e-14 7.69795e-10 2.75728e-06 0.00119381 0.0624791 0.395262 0.30283 0.0481323 0.0867284 0.0523838 0.0334265 0.0153337 0.00198107 0.000228122 1.75928e-05 6.06912e-07 5.81338e-09 1.34567e-11 6.39513e-15 5.15361e-19 6.26998e-24
 2.0271e-41 2.81348e-33 4.72021e-26 9.57248e-20 2.34658e-14 6.95335e-10 2.49058e-06 0.00107833 0.0564357 0.357032 0.274189 0.0632837 0.150334 0.0744171 0.0144009 0.00636189 0.00218135 0.000271336 1.25367e-05 3.01944e-07 2.40858e-09 4.19551e-12 1.34936e-15 7.3747e-20 6.26277e-25
 2.06732e-41 2.86931e-33 4.81386e-26 9.76242e-20 2.39314e-14 7.09131e-10 2.53999e-06 0.00109973 0.0575555 0.364117 0.279701 0.0636418 0.138164 0.0664986 0.0209559 0.00703204 0.00103791 0.000182131 1.19909e-05 2.00275e-07 1.01634e-09 1.31263e-12 3.16747e-16 1.21901e-20 7.01255e-26
 2.02298e-41 2.80777e-33 4.71061e-26 9.55303e-20 2.34181e-14 6.93922e-10 2.48551e-06 0.00107614 0.056321 0.356309 0.27407 0.0694559 0.148351 0.0663605 0.0200678 0.00670049 0.00116098 0.000116939 6.85676e-06 1.40172e-07 5.78555e-10 4.77409e-13 7.74643e-17 2.1438e-21 8.90871e-27
 2.14047e-41 2.97084e-33 4.9842e-26 1.01079e-19 2.47782e-14 7.34223e-10 2.62987e-06 0.00113864 0.059592 0.377003 0.289917 0.0678132 0.126695 0.053761 0.017721 0.00538155 0.000882505 8.81212e-05 3.68626e-06 5.74252e-08 2.35138e-10 1.70534e-13 1.95619e-17 3.53649e-22 9.85669e-28
 2.09432e-41 2.90678e-33 4.87673e-26 9.8899e-20 2.42439e-14 7.18392e-10 2.57316e-06 0.00111409 0.0583071 0.368878 0.284194 0.0751744 0.138306 0.0536777 0.0153337 0.00426329 0.00068604 6.15348e-05 2.28643e-06 2.64815e-08 7.77116e-11 4.69518e-14 4.65561e-18 6.66596e-23 1.32354e-28
 2.04724e-41 2.84143e-33 4.76709e-26 9.66756e-20 2.36989e-14 7.02241e-10 2.51531e-06 0.00108904 0.0569962 0.360589 0.278396 0.0818665 0.145276 0.0540837 0.0169679 0.00412605 0.000560273 4.50536e-05 1.45369e-06 1.38194e-08 3.02198e-11 1.28043e-14 9.3461e-19 1.05421e-23 1.68059e-29
 1.92425e-41 2.67073e-33 4.4807e-26 9.08678e-20 2.22752e-14 6.60054e-10 2.36421e-06 0.00102362 0.0535722 0.338935 0.262801 0.0940774 0.165043 0.059302 0.019957 0.0046426 0.000603366 3.96392e-05 1.0479e-06 8.13525e-09 1.39362e-11 4.39179e-15 2.27075e-19 1.79094e-24 2.04606e-30
 1.74666e-41 2.42425e-33 4.06719e-26 8.24817e-20 2.02194e-14 5.99139e-10 2.14602e-06 0.000929151 0.0486281 0.307669 0.240276 0.110076 0.189994 0.0689779 0.0266356 0.00599637 0.000768903 4.55904e-05 9.70566e-07 5.78974e-09 7.6408e-12 1.82906e-15 7.01071e-20 3.99153e-25 3.21793e-31
 1.97431e-41 2.74021e-33 4.59727e-26 9.32316e-20 2.28546e-14 6.77225e-10 2.42571e-06 0.00105025 0.0549658 0.347763 0.270467 0.0973791 0.14343 0.0546205 0.0240048 0.00554622 0.000728753 4.01927e-05 7.35787e-07 3.43543e-09 3.36675e-12 5.94416e-16 1.68292e-20 7.03999e-26 4.12841e-32
 1.92336e-41 2.66949e-33 4.47862e-26 9.08256e-20 2.22648e-14 6.59747e-10 2.36311e-06 0.00102314 0.0535473 0.338805 0.265105 0.111759 0.156631 0.0505319 0.0177068 0.00426894 0.000587531 3.14877e-05 5.11899e-07 1.96209e-09 1.47748e-12 1.91602e-16 3.91277e-21 1.17885e-26 4.99191e-33
 1.89784e-41 2.63407e-33 4.41921e-26 8.96206e-20 2.19694e-14 6.50995e-10 2.33176e-06 0.00100957 0.052837 0.334328 0.262876 0.119113 0.155663 0.0518329 0.0183919 0.00349815 0.000426524 2.24357e-05 3.3347e-07 1.08268e-09 6.4944e-13 6.41514e-17 9.65463e-22 2.09794e-27 6.33884e-34
 1.922e-41 2.66761e-33 4.47546e-26 9.07615e-20 2.22491e-14 6.59282e-10 2.36144e-06 0.00102242 0.0535096 0.3386 0.267187 0.122986 0.14736 0.048757 0.0170682 0.00317081 0.000322439 1.37855e-05 1.80691e-07 5.04993e-10 2.47439e-13 1.91402e-17 2.18644e-22 3.52416e-28 7.76202e-35
 2.00491e-41 2.78268e-33 4.66853e-26 9.46768e-20 2.32089e-14 6.87723e-10 2.46331e-06 0.00106653 0.055818 0.35322 0.279029 0.121845 0.131254 0.0415962 0.0135407 0.00239635 0.000223826 7.81732e-06 7.92077e-08 1.78073e-10 7.08797e-14 4.35795e-18 3.85531e-23 4.70999e-29 7.73238e-36
 2.00127e-41 2.77763e-33 4.66006e-26 9.45051e-20 2.31668e-14 6.86475e-10 2.45884e-06 0.00106459 0.0557168 0.352613 0.280343 0.130039 0.129321 0.0379955 0.010998 0.00175629 0.00014635 4.3842e-06 3.49043e-08 5.86099e-11 1.75785e-14 8.29947e-19 5.65848e-24 5.28528e-30 6.55691e-37
 2.03409e-41 2.82319e-33 4.73648e-26 9.60549e-20 2.35467e-14 6.97733e-10 2.49916e-06 0.00108205 0.0566306 0.358426 0.286065 0.131748 0.119837 0.035283 0.00951979 0.00131135 9.2209e-05 2.30088e-06 1.47316e-08 1.88958e-11 4.163e-15 1.42861e-19 7.13581e-25 4.93692e-31 4.56528e-38
 1.97552e-41 2.7419e-33 4.6001e-26 9.32891e-20 2.28687e-14 6.77642e-10 2.4272e-06 0.0010509 0.0550001 0.348176 0.281358 0.145921 0.124333 0.0345208 0.00850419 0.00106998 6.24602e-05 1.23417e-06 6.17556e-09 6.08504e-12 1.00503e-15 2.52441e-20 9.08329e-26 4.50127e-32 2.98731e-39
 2.01682e-41 2.79921e-33 4.69626e-26 9.52391e-20 2.33468e-14 6.91807e-10 2.47794e-06 0.00107286 0.0561499 0.355498 0.288273 0.144382 0.113095 0.0329393 0.00768997 0.000853722 4.231e-05 6.63015e-07 2.50665e-09 1.84433e-12 2.26439e-16 4.19605e-21 1.10263e-26 3.94943e-33 1.87849e-40
 2.00056e-41 2.77665e-33 4.6584e-26 9.44715e-20 2.31586e-14 6.86231e-10 2.45797e-06 0.00106422 0.0556976 0.352726 0.289299 0.153271 0.110795 0.0299603 0.00647798 0.00067663 2.83708e-05 3.54239e-07 1.01916e-09 5.51671e-13 4.91982e-17 6.61142e-22 1.26004e-27 3.26898e-34 1.12293e-41
 1.93913e-41 2.69139e-33 4.51536e-26 9.15706e-20 2.24475e-14 6.65159e-10 2.38249e-06 0.00103154 0.0539878 0.342043 0.285575 0.166542 0.113628 0.0306254 0.00599367 0.000550806 2.00335e-05 2.02712e-07 4.458e-10 1.78874e-13 1.15878e-17 1.11771e-22 1.52205e-28 2.82079e-35 6.93032e-43
 1.86188e-41 2.58416e-33 4.33547e-26 8.79225e-20 2.15532e-14 6.38659e-10 2.28758e-06 0.000990442 0.0518377 0.32862 0.280667 0.180767 0.11773 0.0328036 0.00606916 0.000496299 1.49963e-05 1.22661e-07 2.10007e-10 6.31145e-14 2.99066e-18 2.08249e-23 2.03013e-29 2.67863e-36 4.67115e-44
 1.88738e-41 2.61956e-33 4.39486e-26 8.91269e-20 2.18484e-14 6.47409e-10 2.31891e-06 0.00100401 0.0525477 0.333082 0.282778 0.17451 0.115483 0.0338011 0.0062802 0.000498607 1.35828e-05 9.53852e-08 1.3774e-10 3.45526e-14 1.34722e-18 7.61483e-24 5.96974e-30 6.29925e-37 8.75537e-45
#spawning biomass
 6932.57 7726.22 9569.1 11741 18166.5 30381.3 30683.1 35794.8 43796.6 54919.2 71225.6 95010.6 120326 136809 144282 125780 117284 107326 103870 96601.3 97899.2 109676 128083 132219 134050 142942 134005 127815 137983 287222 252481 135868 68162.8 37440.8 25019.3 20349.4 18679 18102.3 17908.2 17844.2 17823.3 17816.6 17814.5 17813.8 17813.6 17813.5 17813.5 17813.5 17813.5 17813.5 17813.5 17813.5 17813.5 17813.5 17813.5 17813.5 17813.5 17813.5 17813.5 17813.5 17813.5 17813.5 17813.5 17813.5 17813.5 17813.5 17813.5 17813.5 17813.5 17813.5 17813.5 17813.5 17813.5 17813.5 17813.5 17813.5 17813.5 17813.5 17813.5 17813.5 17813.5 17813.5 17813.5 17813.5 17813.5 17813.5 17813.5 17813.5 17813.5 17813.5 17813.5 17813.5 17813.5 17813.5 17813.5 17813.5 17813.5 17813.5 17813.5 17813.5 17813.5 17813.5 17813.5 17813.5 17813.5 17813.5 17813.5 17813.5 17813.5 17813.5 17813.5 17813.5 17813.5 17813.5 17813.5 17813.5 17813.5 17813.5 17813.5 17813.5 17813.5 17813.5 17813.5 17813.5 17813.5 17813.5 17813.5 17813.5 17813.5 0 0 0 0 0 0 0 0 0 0 0 0 0 0 0 0 0 0 0 0 0 0 0 0 0
