SBPRF35
0.236559
Curr Bio
274033
B35
407346
F35
0.391666
FOFL
0.196666
OFL
50501.2
Bzero
67588.4
#pred survey bio
 80334.3 75209.8 58478.2 44975.3 65029 98696.9 149635 214225 264658 314177 345871 419888 435643 395982 413733 418985 419742 449115 401915 433647 387260 410998 414654 435970 438266 429319 432857 412366 1.23303e+07 6.85904e+06 4.87322e+06 3.18315e+06 2.0813e+06 1.44294e+06 1.09403e+06 908069 809327 756304 727215 710813 701288 695596 692108 689921 688536 687648 687073 686698 686452 686290 686184 686113 686067 686036 686015 686002 685993 685987 685983 685980 685979 685977 685977 685976 685976 685976 685976 685975 685975 685975 685975 685975 685975 685975 685975 685975 685975 685975 685975 685975 685975 685975 685975 685975 685975 685975 685975 685975 685975 685975 685975 685975 685975 685975 685975 685975 685975 685975 685975 685975 685975 685975 685975 685975 685975 685975 685975 685975 685975 685975 685975 685975 685975 685975 685975 685975 685975 685975 685975 685975 685975 685975 685975 685975 685975 685975 685975 685975 0 0 0 0 0 0 0 0 0 0 0 0 0 0 0 0 0 0 0 0 0 0 0 0 0
#obs survey bio
 66455 60619.6 41694.3 53994.6 56649.4 113153 172484 295414 235176 360408 318590 390745 389728 402273 419537 472388 283921 409799 437755 371013 472062 401054 458888 319967 437915 264690 436029 429217
#pred catch bio
 10828.6 12949.5 14044.4 10681.9 14833.4 24344.7 38093.4 64963 81906.4 111866 117795 186910 220304 174013 188395 197183 189087 229993 169413 217597 161040 186237 179888 204041 215116 203390 204543 227647 50501.2 86337.8 58896.1 36906.5 23153.7 15564.5 11669.7 9759.05 8848.69 8423.25 8227 8137.28 8096.51 8078.06 8069.73 8065.98 8064.3 8063.55 8063.21 8063.06 8062.99 8062.96 8062.95 8062.94 8062.94 8062.94 8062.94 8062.94 8062.94 8062.94 8062.94 8062.94 8062.94 8062.94 8062.94 8062.94 8062.94 8062.94 8062.94 8062.94 8062.94 8062.94 8062.94 8062.94 8062.94 8062.94 8062.94 8062.94 8062.94 8062.94 8062.94 8062.94 8062.94 8062.94 8062.94 8062.94 8062.94 8062.94 8062.94 8062.94 8062.94 8062.94 8062.94 8062.94 8062.94 8062.94 8062.94 8062.94 8062.94 8062.94 8062.94 8062.94 8062.94 8062.94 8062.94 8062.94 8062.94 8062.94 8062.94 8062.94 8062.94 8062.94 8062.94 8062.94 8062.94 8062.94 8062.94 8062.94 8062.94 8062.94 8062.94 8062.94 8062.94 8062.94 8062.94 8062.94 8062.94 8062.94 8062.94 8062.94 0 0 0 0 0 0 0 0 0 0 0 0 0 0 0 0 0 0 0 0 0 0 0 0 0
#obs catch bio
 12483.7 13490.8 15439.2 11169 14904.5 24308 36956.1 61181.8 77367.7 103923 109940 185073 217337 165578 185264 196834 199575 228725 167760 226764 153354 180619 171136 202695 230042 214478 207787 229852
#pred cpue bio
 79332.7 74889.8 58446.1 44273.3 62334.9 96027.8 144956 208246 257973 306289 336884 407504 422401 384144 401627 406496 406786 434992 390177 421009 376051 399504 402186 423256 424681 415745 419614 400920 1.19123e+07 6.8967e+06 4.86631e+06 3.17264e+06 2.07054e+06 1.43217e+06 1.08326e+06 897302 798560 745537 716447 700045 690520 684829 681340 679153 677769 676881 676306 675931 675685 675523 675416 675346 675299 675268 675248 675234 675225 675219 675215 675213 675211 675210 675209 675209 675208 675208 675208 675208 675208 675208 675208 675208 675208 675208 675208 675208 675208 675208 675208 675208 675208 675208 675208 675208 675208 675208 675208 675208 675208 675208 675208 675208 675208 675208 675208 675208 675208 675208 675208 675208 675208 675208 675208 675208 675208 675208 675208 675208 675208 675208 675208 675208 675208 675208 675208 675208 675208 675208 675208 675208 675208 675208 675208 675208 675208 675208 675208 675208 0 0 0 0 0 0 0 0 0 0 0 0 0 0 0 0 0 0 0 0 0 0 0 0 0
#obs cpue bio
 61468.8 52511.9 38144.6 49236.4 103780 94655 177989 250596 318630 399344 407456 356968 525228 483369 382768 349592 365891 708393 312584 430208 450146 459623 456973 505115 262075 551968 442883 398607
#pred surv len freq
 2.60946e-11 1.22737e-09 3.99745e-08 9.01525e-07 1.40786e-05 0.000152241 0.00113999 0.00591154 0.0212355 0.052908 0.0918663 0.113243 0.105817 0.0890654 0.0825396 0.0810518 0.0741591 0.0635243 0.0534834 0.0444198 0.0363857 0.0298384 0.0241113 0.0179236 0.0112088
 1.54664e-11 7.27465e-10 2.36931e-08 5.34338e-07 8.34449e-06 9.02351e-05 0.000675714 0.00350459 0.0125977 0.0314709 0.0552167 0.070762 0.0747433 0.0805949 0.0947519 0.104196 0.0995713 0.0874886 0.0749503 0.0623547 0.0497446 0.0382913 0.0283212 0.0193269 0.0113383
 7.15754e-12 3.36656e-10 1.09647e-08 2.47281e-07 3.86168e-06 4.17597e-05 0.000312726 0.00162224 0.00583544 0.0146182 0.0259245 0.0345247 0.0405844 0.0519105 0.0710344 0.090297 0.104376 0.112887 0.112525 0.10112 0.082713 0.0626791 0.0439729 0.0278453 0.0151719
 3.04469e-11 1.43207e-09 4.66418e-08 1.05189e-06 1.64267e-05 0.000177631 0.00133008 0.00689651 0.0247631 0.0615919 0.106228 0.127579 0.108516 0.0698407 0.0421993 0.0344375 0.0399238 0.0514184 0.0628215 0.0685066 0.0652714 0.0539382 0.0385877 0.0237194 0.0122365
 4.63411e-11 2.17966e-09 7.09903e-08 1.60101e-06 2.5002e-05 0.000270361 0.00202442 0.0104968 0.037691 0.0937523 0.161732 0.194399 0.165752 0.106809 0.0615025 0.0386081 0.0257768 0.0171944 0.01374 0.0144446 0.015929 0.0154116 0.0123236 0.00798415 0.00413153
 3.64087e-11 1.71249e-09 5.57747e-08 1.25786e-06 1.96433e-05 0.000212415 0.00159056 0.00824786 0.0296253 0.0737836 0.127926 0.1568 0.14358 0.114363 0.0967029 0.0844229 0.0635766 0.0388398 0.0208223 0.0116615 0.00819017 0.00706637 0.0059988 0.00423933 0.00233013
 3.89659e-11 1.83277e-09 5.96921e-08 1.3462e-06 2.10229e-05 0.000227333 0.00170226 0.0088267 0.0316996 0.0789021 0.136475 0.165755 0.146959 0.107411 0.080931 0.0686343 0.0573521 0.043871 0.0305679 0.0188381 0.0101958 0.00536518 0.00316813 0.00199162 0.00110394
 3.6898e-11 1.7355e-09 5.65243e-08 1.27476e-06 1.99073e-05 0.000215269 0.00161193 0.00835848 0.0300203 0.0747441 0.129433 0.157905 0.14225 0.108659 0.0872939 0.0759168 0.0615088 0.0446974 0.0310243 0.0208872 0.0129 0.00699207 0.00336595 0.00152669 0.000668834
 3.52452e-11 1.65776e-09 5.39923e-08 1.21766e-06 1.90155e-05 0.000205626 0.00153973 0.00798414 0.0286767 0.0714072 0.123712 0.151198 0.137097 0.106661 0.0883146 0.0790727 0.0660158 0.0496315 0.0352059 0.0237353 0.0147644 0.00827772 0.00409088 0.00174706 0.000643158
 3.52651e-11 1.6587e-09 5.40228e-08 1.21835e-06 1.90263e-05 0.000205743 0.0015406 0.00798862 0.0286923 0.0714413 0.123739 0.15108 0.13651 0.105228 0.0860833 0.076849 0.064864 0.050007 0.0367421 0.0256706 0.0164404 0.0094157 0.00472777 0.00202891 0.000725758
 3.59007e-11 1.6886e-09 5.49965e-08 1.24031e-06 1.93692e-05 0.000209451 0.00156836 0.00813255 0.0292088 0.0727231 0.125929 0.153613 0.138342 0.105655 0.0851542 0.0750445 0.0626585 0.0478177 0.0350518 0.0248224 0.0163473 0.00968641 0.00501771 0.00220248 0.000795307
 3.81092e-11 1.79247e-09 5.83797e-08 1.31661e-06 2.05607e-05 0.000222335 0.00166483 0.00863269 0.0310035 0.0771755 0.13353 0.162373 0.144577 0.106917 0.0818522 0.0694615 0.0569271 0.0428414 0.0309606 0.0216932 0.0142649 0.00854873 0.00453043 0.00204467 0.000757302
 3.8472e-11 1.80954e-09 5.89355e-08 1.32914e-06 2.07565e-05 0.000224452 0.00168068 0.00871491 0.0312991 0.0779153 0.134836 0.164082 0.146481 0.109081 0.0842174 0.071214 0.0569612 0.0409448 0.0280371 0.0188481 0.0120947 0.00716433 0.00379631 0.00173161 0.000653052
 3.80593e-11 1.79013e-09 5.83034e-08 1.31489e-06 2.05338e-05 0.000222045 0.00166266 0.00862148 0.0309641 0.0770863 0.133435 0.162537 0.145618 0.109537 0.0859396 0.0734979 0.0589758 0.042192 0.0283701 0.0184013 0.0112582 0.00636943 0.00326849 0.0014684 0.00055295
 3.76845e-11 1.7725e-09 5.77291e-08 1.30193e-06 2.03316e-05 0.000219858 0.00164629 0.00853658 0.0306593 0.0763285 0.132131 0.160985 0.144347 0.108858 0.0858465 0.0739531 0.0600189 0.0436964 0.02991 0.0195205 0.0117938 0.00646828 0.00318309 0.00137346 0.000502153
 3.80414e-11 1.78928e-09 5.82758e-08 1.31426e-06 2.05241e-05 0.00022194 0.00166188 0.00861739 0.0309492 0.0770466 0.13335 0.162355 0.145208 0.108729 0.0847943 0.0725098 0.0587647 0.042922 0.0296264 0.0195854 0.0119857 0.00660414 0.00321579 0.00135245 0.000478216
 3.86568e-11 1.81823e-09 5.92187e-08 1.33553e-06 2.08562e-05 0.00022553 0.00168876 0.00875677 0.0314494 0.078288 0.135472 0.164815 0.147005 0.109209 0.0840466 0.0710602 0.0570921 0.0412998 0.0282531 0.0186194 0.0114429 0.00636053 0.00312091 0.00131304 0.000459557
 3.89594e-11 1.83246e-09 5.96822e-08 1.34598e-06 2.10194e-05 0.000227296 0.00170198 0.0088253 0.0316953 0.0788991 0.136521 0.166051 0.147975 0.109641 0.0839841 0.0706684 0.0564746 0.0405157 0.0274068 0.0178564 0.0108756 0.00601807 0.00295527 0.00124824 0.000438121
 3.7578e-11 1.76749e-09 5.7566e-08 1.29826e-06 2.02741e-05 0.000219236 0.00164163 0.00851249 0.0305732 0.0761182 0.131795 0.160706 0.144512 0.109827 0.0875151 0.0755477 0.0606457 0.0431722 0.0288165 0.0185153 0.0111316 0.00608712 0.00296176 0.00124457 0.000436252
 3.76223e-11 1.76957e-09 5.76338e-08 1.29978e-06 2.0298e-05 0.000219495 0.00164357 0.00852247 0.0306085 0.0762012 0.131905 0.16068 0.143983 0.108409 0.0853497 0.073643 0.0601766 0.0443212 0.0306801 0.0201072 0.0120914 0.00654152 0.00314006 0.00130373 0.000452949
 3.75135e-11 1.76445e-09 5.74672e-08 1.29603e-06 2.02393e-05 0.00021886 0.00163882 0.00849785 0.0305203 0.0759837 0.131543 0.160307 0.143864 0.108749 0.086044 0.0742176 0.0601636 0.0437817 0.0301584 0.020006 0.0123248 0.00681643 0.00330424 0.00136856 0.000471315
 3.69386e-11 1.73742e-09 5.65866e-08 1.27617e-06 1.99292e-05 0.000215506 0.0016137 0.00836767 0.0300531 0.0748236 0.129555 0.157986 0.142107 0.10813 0.0864984 0.0753696 0.0616829 0.0453874 0.0315373 0.0209691 0.0129293 0.00720275 0.00354222 0.0014896 0.000517896
 3.82624e-11 1.79968e-09 5.86145e-08 1.3219e-06 2.06434e-05 0.000223229 0.00167153 0.00866743 0.0311285 0.0774896 0.134092 0.163145 0.145549 0.108222 0.0835075 0.0710295 0.0577586 0.0426323 0.0298629 0.0200551 0.012482 0.00700558 0.0034684 0.00147073 0.000516647
 3.76592e-11 1.77131e-09 5.76903e-08 1.30106e-06 2.03179e-05 0.00021971 0.00164518 0.00853085 0.0306388 0.0762781 0.132048 0.160904 0.144336 0.108963 0.0860007 0.0739508 0.0596817 0.0431423 0.0295308 0.0195859 0.0121913 0.00689232 0.00344425 0.0014736 0.000522002
 3.8754e-11 1.8228e-09 5.93675e-08 1.33888e-06 2.09086e-05 0.000226097 0.001693 0.00877876 0.0315282 0.0784825 0.135797 0.165157 0.147138 0.108954 0.0834571 0.0704538 0.0568042 0.041371 0.0284504 0.0187446 0.0114935 0.00640969 0.0031855 0.00136625 0.000487225
 3.90477e-11 1.83662e-09 5.98174e-08 1.34903e-06 2.10671e-05 0.000227811 0.00170583 0.0088453 0.0317672 0.0790779 0.136831 0.166429 0.148315 0.109888 0.08413 0.070658 0.0562334 0.0400863 0.0269649 0.0175477 0.010712 0.005944 0.00292841 0.00124475 0.000441646
 3.84133e-11 1.80678e-09 5.88456e-08 1.32712e-06 2.07248e-05 0.00022411 0.00167812 0.00870165 0.0312518 0.0778006 0.134658 0.163963 0.146688 0.1099 0.08567 0.0729053 0.0583248 0.0415849 0.027803 0.0178428 0.0106929 0.00583342 0.00283889 0.00119611 0.000421245
 3.67051e-11 1.72643e-09 5.62288e-08 1.2681e-06 1.98032e-05 0.000214144 0.0016035 0.00831481 0.0298637 0.0743572 0.128782 0.157202 0.141914 0.109041 0.0884255 0.0774877 0.0630214 0.0455939 0.0309156 0.0199954 0.0119622 0.00645913 0.00309562 0.00128385 0.0004462
#obs surv len freq
 2.5464e-11 1.1977e-09 3.90084e-08 8.79739e-07 1.37384e-05 0.000148562 0.00111244 0.00576863 0.0207218 0.0516237 0.0896078 0.110327 0.102686 0.0856985 0.0790115 0.078575 0.0745736 0.0676224 0.0603729 0.0521801 0.0427562 0.0328309 0.0230375 0.0141348 0.00719639
 5.86307e-12 2.7577e-10 8.98167e-09 2.0256e-07 3.16331e-06 3.42087e-05 0.000256211 0.00132973 0.00479268 0.0120987 0.0220853 0.0322992 0.0463928 0.0722166 0.104226 0.122243 0.118219 0.10446 0.0916839 0.0798483 0.0666692 0.0518136 0.0362852 0.0219993 0.0110434
 1.66589e-14 7.83571e-13 2.55228e-11 5.75818e-10 9.00554e-09 9.7954e-08 7.50484e-07 4.24196e-06 2.0238e-05 9.99227e-05 0.000514004 0.00226644 0.00759033 0.0191101 0.0382837 0.0661423 0.101782 0.134775 0.149125 0.140952 0.119658 0.0935657 0.065978 0.0400946 0.0200388
 5.29287e-11 2.48951e-09 8.10817e-08 1.8286e-06 2.85561e-05 0.000308792 0.00231217 0.0119884 0.0430414 0.107004 0.184203 0.219576 0.181255 0.10368 0.0413991 0.0125691 0.00556651 0.00731883 0.0116449 0.0154649 0.0166731 0.0147994 0.0109782 0.00678227 0.0034043
 3.29229e-11 1.54853e-09 5.04347e-08 1.13743e-06 1.77626e-05 0.000192079 0.00143831 0.00745869 0.0267962 0.0667907 0.116165 0.144091 0.13736 0.120338 0.113388 0.102701 0.0736815 0.0386734 0.015839 0.007721 0.00698391 0.00734094 0.00639082 0.00434656 0.0022856
 3.91021e-11 1.83918e-09 5.99008e-08 1.35091e-06 2.10965e-05 0.000228128 0.00170821 0.00885747 0.0318093 0.0791661 0.136871 0.165951 0.146236 0.105104 0.077503 0.0662327 0.0581484 0.0474166 0.0339973 0.0201131 0.00982646 0.00477786 0.00294311 0.00197605 0.00111182
 4.01843e-11 1.89008e-09 6.15585e-08 1.3883e-06 2.16803e-05 0.000234442 0.00175548 0.00910267 0.0326906 0.0813661 0.14072 0.170831 0.151172 0.109717 0.0810609 0.0661258 0.0519196 0.0372044 0.0260206 0.0180133 0.0113607 0.00609012 0.00281537 0.0012352 0.000542099
 3.64313e-11 1.71355e-09 5.58092e-08 1.25864e-06 1.96555e-05 0.000212546 0.00159154 0.00825282 0.0296417 0.073809 0.127866 0.156243 0.141553 0.109791 0.0901422 0.0792515 0.0638013 0.0451424 0.0298787 0.0192091 0.0117661 0.00662905 0.0032948 0.00139738 0.000505297
 3.75828e-11 1.76772e-09 5.75734e-08 1.29842e-06 2.02768e-05 0.000219265 0.00164184 0.00851351 0.0305761 0.0761165 0.131733 0.160355 0.143324 0.107177 0.0836423 0.0722095 0.059911 0.0453477 0.032268 0.021478 0.0129855 0.00706695 0.00343874 0.00145656 0.000518063
 3.57138e-11 1.67981e-09 5.47102e-08 1.23385e-06 1.92684e-05 0.000208361 0.0015602 0.0080903 0.029058 0.0723558 0.12535 0.153178 0.138811 0.107774 0.0887731 0.0786826 0.0645365 0.0474071 0.0331726 0.0225239 0.0142387 0.00804969 0.00396435 0.00166341 0.00058128
 3.89133e-11 1.8303e-09 5.96116e-08 1.34439e-06 2.09946e-05 0.000227027 0.00169996 0.0088148 0.0316571 0.0787967 0.136297 0.16556 0.146844 0.10739 0.0807553 0.0677744 0.0555268 0.041879 0.0300382 0.020513 0.0129382 0.00738032 0.00371945 0.00159915 0.000566306
 3.94825e-11 1.85707e-09 6.04834e-08 1.36405e-06 2.13017e-05 0.000230347 0.00172483 0.00894375 0.0321205 0.0799532 0.138319 0.168113 0.149409 0.109825 0.0829535 0.0688937 0.0544669 0.0387144 0.0262209 0.0174659 0.0110591 0.00638512 0.00325397 0.00141661 0.00050946
 3.82921e-11 1.80107e-09 5.86598e-08 1.32293e-06 2.06594e-05 0.000223402 0.00167283 0.00867419 0.0311535 0.0775569 0.134246 0.163509 0.146434 0.110025 0.0861312 0.0734381 0.0586402 0.041591 0.0276263 0.0176815 0.0106713 0.00594265 0.00298531 0.00130265 0.000473084
 3.84827e-11 1.81004e-09 5.89519e-08 1.32951e-06 2.07623e-05 0.000224515 0.00168115 0.00871734 0.0313081 0.0779382 0.134882 0.164166 0.146652 0.109429 0.0848277 0.0721113 0.0580546 0.0419213 0.0284036 0.0183275 0.0109322 0.00590663 0.00285656 0.00120769 0.000430991
 3.76652e-11 1.77159e-09 5.76995e-08 1.30127e-06 2.03212e-05 0.000219745 0.00164544 0.00853222 0.030644 0.0762919 0.13208 0.160983 0.144535 0.109382 0.0866523 0.0746658 0.0602119 0.0433277 0.0293307 0.0190582 0.0114991 0.00624983 0.00299819 0.00124004 0.000430359
 3.83104e-11 1.80194e-09 5.86879e-08 1.32356e-06 2.06693e-05 0.000223509 0.00167363 0.00867831 0.0311679 0.0775891 0.134277 0.163429 0.145989 0.108935 0.0844864 0.0719652 0.0582215 0.0424368 0.0291488 0.0191108 0.0115816 0.00632276 0.00304746 0.001261 0.000434263
 3.8096e-11 1.79185e-09 5.83595e-08 1.31615e-06 2.05536e-05 0.000222259 0.00166426 0.00862978 0.0309939 0.077159 0.133554 0.162647 0.145604 0.109295 0.0854937 0.0730509 0.0587863 0.0423782 0.0288371 0.0189058 0.0115533 0.00637384 0.00309787 0.00128875 0.000444833
 3.87233e-11 1.82136e-09 5.93204e-08 1.33783e-06 2.08921e-05 0.000225918 0.00169166 0.00877182 0.0315035 0.0784218 0.1357 0.165073 0.147175 0.109212 0.0839166 0.0709252 0.0570633 0.0413543 0.0282607 0.0185027 0.0112551 0.00619731 0.00302258 0.00126621 0.000440146
 3.64103e-11 1.71257e-09 5.57771e-08 1.25792e-06 1.96442e-05 0.000212424 0.00159063 0.00824805 0.0296244 0.0737638 0.127774 0.156064 0.141181 0.109085 0.0891476 0.0783908 0.0636211 0.0458091 0.0310147 0.0202151 0.0122968 0.00677379 0.00330193 0.00138343 0.000482037
 3.85e-11 1.81085e-09 5.89783e-08 1.33011e-06 2.07716e-05 0.000224615 0.00168191 0.00872121 0.0313215 0.0779672 0.134901 0.164048 0.146092 0.108085 0.0827932 0.0702312 0.0573593 0.0426688 0.0299758 0.0199496 0.0121813 0.00668956 0.0032517 0.00136093 0.000474225
 3.63722e-11 1.71077e-09 5.57188e-08 1.2566e-06 1.96236e-05 0.000212202 0.00158896 0.00823942 0.0295933 0.0736859 0.127635 0.155876 0.140951 0.10878 0.0887404 0.0779364 0.0632527 0.0456846 0.0312478 0.0207592 0.0129262 0.00726221 0.00357925 0.00150475 0.00052434
 3.88788e-11 1.82867e-09 5.95586e-08 1.3432e-06 2.09759e-05 0.000226825 0.00169845 0.00880698 0.0316292 0.0787297 0.136197 0.165512 0.147037 0.108021 0.0817978 0.0688427 0.0561323 0.0418303 0.02949 0.0197385 0.0121783 0.00679871 0.00337012 0.00143536 0.000506194
 3.88628e-11 1.82792e-09 5.95342e-08 1.34265e-06 2.09673e-05 0.000226732 0.00169776 0.00880343 0.031617 0.0787049 0.136192 0.165686 0.14776 0.109702 0.0842506 0.0708788 0.0563996 0.0402322 0.0272423 0.0180094 0.0112289 0.0063507 0.00316558 0.00135078 0.000478306
 3.73122e-11 1.75499e-09 5.71587e-08 1.28907e-06 2.01307e-05 0.000217686 0.00163002 0.00845229 0.0303572 0.0755815 0.130874 0.159624 0.143671 0.109478 0.0876281 0.0759828 0.0612894 0.0439041 0.0294759 0.0190066 0.0114828 0.00635107 0.00314554 0.00134722 0.000479871
 3.93472e-11 1.8507e-09 6.02762e-08 1.35938e-06 2.12287e-05 0.000229558 0.00171892 0.00891309 0.0320101 0.0796765 0.137826 0.167449 0.148616 0.10886 0.0819507 0.0684561 0.0552522 0.0405592 0.0280932 0.018478 0.0111748 0.00608828 0.00294903 0.0012394 0.00043705
 3.67948e-11 1.73065e-09 5.63661e-08 1.2712e-06 1.98516e-05 0.000214667 0.00160742 0.00833513 0.0299369 0.0745403 0.129107 0.157634 0.142413 0.109622 0.0890134 0.0777332 0.0625476 0.044512 0.0298415 0.0194315 0.0118911 0.00658399 0.00320853 0.00133936 0.000465797
 3.87063e-11 1.82056e-09 5.92944e-08 1.33724e-06 2.08829e-05 0.000225819 0.00169092 0.00876794 0.0314893 0.0783836 0.135614 0.164878 0.146714 0.108295 0.0826354 0.0698863 0.0569674 0.0422549 0.0295189 0.0194867 0.0118041 0.00645389 0.00313701 0.00131512 0.000458622
 3.41487e-11 1.60619e-09 5.23125e-08 1.17978e-06 1.8424e-05 0.000199229 0.00149183 0.0077359 0.0277868 0.0692075 0.120012 0.1472 0.135141 0.108553 0.0936281 0.0850259 0.0696176 0.0501605 0.0340939 0.0225006 0.0139177 0.00776363 0.00380116 0.00159086 0.000553268
#pred catch len freq
 2.49584e-11 1.17392e-09 3.8234e-08 8.62271e-07 1.34656e-05 0.000145612 0.00109036 0.00565423 0.0203122 0.0506173 0.0879556 0.108736 0.102606 0.088405 0.0841956 0.0838029 0.0768569 0.0657075 0.055185 0.0457623 0.0374578 0.0307078 0.0248107 0.0184427 0.0115334
 1.46286e-11 6.88057e-10 2.24096e-08 5.05392e-07 7.89246e-06 8.53472e-05 0.000639116 0.00331486 0.0119169 0.0297823 0.0523365 0.0674551 0.0724302 0.0802297 0.0961601 0.106415 0.101676 0.0891148 0.0761536 0.0632624 0.0504337 0.0388097 0.0287009 0.019585 0.0114896
 6.75949e-12 3.17934e-10 1.03549e-08 2.3353e-07 3.64693e-06 3.94375e-05 0.000295338 0.0015321 0.00551199 0.0138158 0.0245554 0.0329499 0.0394735 0.051711 0.0716668 0.0913239 0.10538 0.113697 0.113146 0.10159 0.0830598 0.0629266 0.0441414 0.0279506 0.015229
 2.9529e-11 1.3889e-09 4.52356e-08 1.02018e-06 1.59315e-05 0.000172276 0.00128998 0.00668862 0.0240168 0.0597379 0.103045 0.123826 0.105556 0.0684781 0.0422505 0.035319 0.0412592 0.0531129 0.064826 0.0706544 0.0673001 0.0556072 0.0397792 0.024451 0.0126137
 4.56774e-11 2.14844e-09 6.99735e-08 1.57807e-06 2.46439e-05 0.000266488 0.00199543 0.0103465 0.0371516 0.0924145 0.159449 0.191777 0.163911 0.106492 0.0625461 0.0402071 0.0271709 0.0181512 0.0144564 0.0151581 0.0167025 0.0161572 0.0129192 0.00836989 0.00433111
 3.54487e-11 1.66734e-09 5.43041e-08 1.22469e-06 1.91254e-05 0.000206814 0.00154863 0.00803048 0.0288455 0.0718511 0.124641 0.153082 0.141163 0.114464 0.0990977 0.0877093 0.0663183 0.0405021 0.0216606 0.0120922 0.00847357 0.00730473 0.00619989 0.00438125 0.00240812
 3.80923e-11 1.79168e-09 5.83538e-08 1.31602e-06 2.05516e-05 0.000222237 0.0016641 0.00862887 0.0309898 0.0771422 0.133477 0.162332 0.144631 0.107223 0.0827142 0.0713203 0.0598706 0.0457493 0.0318052 0.0195684 0.010581 0.00556451 0.00328456 0.00206448 0.00114428
 3.60631e-11 1.69624e-09 5.52454e-08 1.24592e-06 1.94568e-05 0.000210399 0.00157546 0.00816943 0.029342 0.0730627 0.12657 0.154646 0.140066 0.108567 0.0891155 0.0785568 0.0638701 0.0463527 0.0320852 0.0215561 0.0132989 0.00720486 0.00346759 0.0015726 0.000688903
 3.44027e-11 1.61814e-09 5.27018e-08 1.18856e-06 1.8561e-05 0.000200712 0.00150293 0.00779338 0.0279922 0.0697103 0.120822 0.147904 0.134873 0.106524 0.090091 0.0816888 0.0683981 0.0513448 0.0363265 0.0244437 0.0151896 0.00851201 0.00420568 0.00179588 0.000661099
 3.45152e-11 1.62343e-09 5.28741e-08 1.19244e-06 1.86217e-05 0.000201368 0.00150784 0.0078188 0.028083 0.0699307 0.121166 0.148144 0.134518 0.105079 0.0876233 0.079136 0.0669617 0.0515374 0.037768 0.026339 0.0168527 0.00964761 0.00484318 0.00207822 0.000743363
 3.51284e-11 1.65227e-09 5.38134e-08 1.21363e-06 1.89525e-05 0.000204945 0.00153462 0.00795766 0.0285813 0.0711673 0.123279 0.15059 0.13629 0.105501 0.086736 0.0773905 0.0648032 0.049376 0.0360982 0.0255149 0.0167874 0.00994283 0.00514951 0.00226012 0.000816087
 3.7568e-11 1.76702e-09 5.75507e-08 1.29791e-06 2.02688e-05 0.000219178 0.00164119 0.00851014 0.0305638 0.0760855 0.131674 0.160259 0.143156 0.106845 0.0830147 0.0711549 0.0584473 0.0439111 0.0316483 0.0221318 0.0145389 0.00870901 0.00461442 0.00208239 0.00077124
 3.80535e-11 1.78986e-09 5.82945e-08 1.31468e-06 2.05307e-05 0.000222011 0.00166241 0.00862016 0.0309592 0.0770727 0.133403 0.162456 0.145409 0.109085 0.0852036 0.0726029 0.0581642 0.041737 0.0284993 0.0191171 0.0122535 0.00725468 0.00384333 0.00175289 0.000661049
 3.74975e-11 1.7637e-09 5.74427e-08 1.29548e-06 2.02307e-05 0.000218767 0.00163812 0.00849426 0.0305077 0.0759549 0.13151 0.160351 0.144168 0.109519 0.0872324 0.0753387 0.0605925 0.0432829 0.0290246 0.0187853 0.0114798 0.00649125 0.00333016 0.00149594 0.000563292
 3.7152e-11 1.74745e-09 5.69133e-08 1.28354e-06 2.00443e-05 0.000216751 0.00162302 0.00841599 0.0302267 0.0752561 0.130306 0.158912 0.14297 0.108836 0.0870646 0.0756928 0.0615535 0.0447399 0.0305419 0.0198919 0.012005 0.00658066 0.00323756 0.00139679 0.000510657
 3.75453e-11 1.76595e-09 5.75158e-08 1.29713e-06 2.02565e-05 0.000219045 0.0016402 0.00850505 0.0305461 0.0760475 0.13165 0.160424 0.143926 0.10871 0.0859309 0.0741311 0.0601923 0.0438904 0.0302127 0.019932 0.0121846 0.00671037 0.00326672 0.00137371 0.000485707
 3.81266e-11 1.79329e-09 5.84064e-08 1.31721e-06 2.05701e-05 0.000222437 0.0016656 0.0086367 0.0310186 0.0772202 0.133655 0.16275 0.145633 0.109185 0.0852556 0.0727874 0.0586147 0.0423351 0.0288828 0.0189944 0.0116604 0.0064781 0.00317783 0.00133684 0.000467861
 3.85582e-11 1.81359e-09 5.90676e-08 1.33212e-06 2.0803e-05 0.000224955 0.00168445 0.00873446 0.0313694 0.0780913 0.135147 0.164493 0.14695 0.109652 0.0849425 0.0720146 0.0576394 0.0412802 0.0278471 0.0181045 0.0110142 0.00609151 0.00299058 0.00126301 0.000443282
 3.69728e-11 1.73902e-09 5.66389e-08 1.27735e-06 1.99476e-05 0.000215706 0.0016152 0.00837545 0.0300815 0.0748995 0.129722 0.158351 0.142951 0.109812 0.0889136 0.0775369 0.0623919 0.0443495 0.0295219 0.0189274 0.0113659 0.00621186 0.00302167 0.00126959 0.000444999
 3.71881e-11 1.74915e-09 5.69687e-08 1.28478e-06 2.00638e-05 0.000216962 0.0016246 0.00842415 0.0302558 0.0753269 0.130417 0.158991 0.142866 0.108404 0.0863628 0.0750801 0.0614351 0.0451655 0.0311806 0.0203944 0.0122512 0.00662454 0.0031791 0.00131977 0.000458498
 3.68996e-11 1.73558e-09 5.65268e-08 1.27482e-06 1.99081e-05 0.000215279 0.001612 0.00835885 0.0300216 0.0747475 0.129439 0.157915 0.142269 0.108706 0.0874219 0.076197 0.0619193 0.0449896 0.0309064 0.0204596 0.0125905 0.00695987 0.00337297 0.00139687 0.000481039
 3.63947e-11 1.71183e-09 5.57533e-08 1.25737e-06 1.96357e-05 0.000212333 0.00158994 0.00824449 0.0296111 0.0737281 0.127691 0.155866 0.140697 0.108098 0.0877283 0.0771326 0.0632433 0.0464558 0.0321925 0.0213614 0.0131572 0.00732601 0.00360198 0.00151456 0.000526546
 3.76966e-11 1.77307e-09 5.77477e-08 1.30235e-06 2.03381e-05 0.000219928 0.00164681 0.0085393 0.0306688 0.07635 0.132153 0.160939 0.144073 0.10817 0.0847593 0.0728378 0.0593716 0.0437532 0.030566 0.0204861 0.012737 0.00714516 0.00353668 0.00149952 0.000526733
 3.71522e-11 1.74746e-09 5.69137e-08 1.28355e-06 2.00444e-05 0.000216752 0.00162303 0.00841605 0.0302269 0.0752572 0.130311 0.158931 0.143029 0.10895 0.0871713 0.0756141 0.0611385 0.0441216 0.0301179 0.0199328 0.0123934 0.00700298 0.00349872 0.00149675 0.000530175
 3.8308e-11 1.80182e-09 5.86843e-08 1.32348e-06 2.0668e-05 0.000223495 0.00167352 0.00867777 0.0311658 0.0775844 0.134269 0.163422 0.145989 0.108945 0.0844905 0.0719218 0.0580908 0.0422359 0.0289665 0.0190454 0.0116652 0.00650206 0.00323062 0.00138544 0.000494043
 3.85674e-11 1.81403e-09 5.90817e-08 1.33244e-06 2.0808e-05 0.000225009 0.00168486 0.00873655 0.031377 0.0781109 0.135186 0.164562 0.147081 0.109886 0.0852538 0.0722479 0.05762 0.0410105 0.0275108 0.0178641 0.0108925 0.00604095 0.00297544 0.0012646 0.000448663
 3.79221e-11 1.78367e-09 5.80931e-08 1.31014e-06 2.04598e-05 0.000221244 0.00165667 0.00859041 0.0308528 0.0768114 0.132976 0.162053 0.145427 0.109901 0.0868255 0.0745385 0.0597487 0.0425324 0.0283591 0.0181604 0.0108705 0.00592707 0.00288372 0.00121485 0.00042782
 3.63735e-11 1.71083e-09 5.57208e-08 1.25664e-06 1.96243e-05 0.000212209 0.00158902 0.00823972 0.0295943 0.0736896 0.127647 0.155918 0.14108 0.109078 0.0892598 0.0786388 0.0639977 0.0462092 0.0312461 0.0201667 0.0120512 0.00650371 0.00311618 0.00129221 0.000449082
#obs catch len freq
 2.27784e-11 1.07139e-09 3.48944e-08 7.86958e-07 1.22895e-05 0.000132894 0.000995126 0.0051605 0.01854 0.0462149 0.0804013 0.0998485 0.0956674 0.085422 0.084904 0.0870849 0.0820582 0.0724929 0.0628836 0.0533182 0.0435822 0.033944 0.0243281 0.0151912 0.00781697
 2.43445e-11 1.14505e-09 3.72934e-08 8.41061e-07 1.31344e-05 0.00014203 0.00106353 0.0055151 0.0198119 0.0493656 0.0857469 0.10585 0.0994049 0.0847853 0.0802497 0.0809153 0.0770806 0.0699096 0.0623851 0.0538987 0.0441541 0.0338994 0.0237853 0.0145929 0.00742948
 5.46346e-12 2.56975e-10 8.36952e-09 1.88754e-07 2.94772e-06 3.18774e-05 0.000238755 0.00123924 0.00446795 0.011293 0.0207099 0.0307141 0.0452639 0.0719847 0.10481 0.123213 0.119173 0.105242 0.0923111 0.08036 0.0670802 0.0521257 0.036501 0.0221291 0.0111083
 1.55177e-14 7.29894e-13 2.37746e-11 5.36392e-10 8.38988e-09 9.12981e-08 7.00691e-07 3.98471e-06 1.93276e-05 9.77889e-05 0.000511217 0.00226732 0.00760483 0.0191497 0.0383489 0.066214 0.101834 0.134793 0.14911 0.14091 0.119602 0.0935102 0.0659336 0.0400659 0.020024
 5.25913e-11 2.47364e-09 8.05649e-08 1.81694e-06 2.83741e-05 0.000306824 0.00229744 0.011912 0.0427671 0.106322 0.183029 0.218177 0.180101 0.103025 0.0411633 0.012582 0.00577006 0.0077612 0.0123767 0.0164376 0.0177208 0.0157285 0.0116669 0.00720753 0.00361768
 3.18918e-11 1.50004e-09 4.88552e-08 1.10181e-06 1.72063e-05 0.000186063 0.00139327 0.00722522 0.0259587 0.0647157 0.112641 0.140121 0.134837 0.120607 0.116185 0.106398 0.0765995 0.0402402 0.0164782 0.00802191 0.00724742 0.00761586 0.00662987 0.00450906 0.00237103
 3.82482e-11 1.79901e-09 5.85926e-08 1.32141e-06 2.06357e-05 0.000223146 0.0016709 0.0086641 0.0311155 0.077445 0.133935 0.162579 0.143875 0.104735 0.0789865 0.068666 0.0606372 0.0494859 0.0354702 0.0209782 0.0102467 0.00498063 0.00306709 0.00205905 0.00115847
 3.93689e-11 1.85172e-09 6.03094e-08 1.36013e-06 2.12404e-05 0.000229685 0.00171987 0.00891803 0.0320281 0.0797235 0.137923 0.167638 0.149003 0.109547 0.0827183 0.0685837 0.0541658 0.0388504 0.0271575 0.0187892 0.0118462 0.00634933 0.00293486 0.00128749 0.000565009
 3.55569e-11 1.67243e-09 5.44698e-08 1.22843e-06 1.91837e-05 0.000207445 0.00155335 0.00805482 0.0289313 0.0720478 0.124867 0.152824 0.139245 0.10965 0.0919874 0.0819676 0.0662727 0.0469161 0.0310355 0.0199407 0.0122094 0.00687723 0.00341771 0.0014494 0.000524083
 3.68668e-11 1.73404e-09 5.64764e-08 1.27369e-06 1.98904e-05 0.000215087 0.00161056 0.00835135 0.0299943 0.0746738 0.129274 0.157543 0.141394 0.106973 0.0850246 0.0743244 0.0619156 0.0468818 0.0333399 0.0221793 0.013405 0.00729363 0.00354854 0.00150294 0.000534532
 3.4998e-11 1.64614e-09 5.36135e-08 1.20912e-06 1.88822e-05 0.000204184 0.00152893 0.00792819 0.0284764 0.0709137 0.122894 0.150373 0.1369 0.107611 0.0902116 0.0808356 0.066526 0.0488781 0.0341786 0.0231924 0.0146558 0.00828382 0.00407915 0.00171146 0.000598039
 3.82615e-11 1.79964e-09 5.8613e-08 1.32187e-06 2.06429e-05 0.000223224 0.00167149 0.00866718 0.0311274 0.0774833 0.134059 0.163 0.145085 0.107199 0.0820029 0.0696833 0.0573309 0.0432566 0.0310072 0.0211625 0.0133431 0.0076097 0.00383456 0.00164851 0.000583761
 3.88499e-11 1.82731e-09 5.95143e-08 1.3422e-06 2.09604e-05 0.000226657 0.00169719 0.0088005 0.0316065 0.078679 0.136149 0.165638 0.147734 0.109712 0.0842698 0.0708356 0.0562343 0.0399883 0.0270658 0.0180166 0.0114032 0.00658231 0.00335403 0.00146006 0.000525065
 3.77463e-11 1.77541e-09 5.78238e-08 1.30407e-06 2.0365e-05 0.000220218 0.00164899 0.00855061 0.0307101 0.0764576 0.132375 0.161376 0.144998 0.109947 0.0872976 0.0751477 0.0601899 0.0426962 0.0283397 0.0181255 0.0109345 0.00608771 0.00305773 0.00133414 0.000484497
 3.7946e-11 1.7848e-09 5.81297e-08 1.31097e-06 2.04727e-05 0.000221384 0.00165771 0.00859581 0.0308721 0.0768572 0.133041 0.162067 0.145232 0.109336 0.0859517 0.0737736 0.0595772 0.0430261 0.0291312 0.0187844 0.0112002 0.00604999 0.00292546 0.00123671 0.000441324
 3.7116e-11 1.74576e-09 5.68581e-08 1.28229e-06 2.00249e-05 0.000216541 0.00162145 0.00840785 0.0301977 0.0751856 0.130196 0.158835 0.143085 0.109292 0.0878084 0.0763703 0.0617672 0.0444505 0.0300684 0.0195243 0.0117754 0.00639855 0.00306911 0.00126926 0.000440478
 3.77465e-11 1.77541e-09 5.78241e-08 1.30408e-06 2.03651e-05 0.00022022 0.001649 0.00855062 0.0307098 0.0764532 0.132342 0.161221 0.144491 0.108823 0.0856465 0.0736919 0.0598124 0.0436032 0.0299287 0.0196094 0.0118791 0.0064837 0.0031246 0.00129281 0.000445195
 3.74868e-11 1.7632e-09 5.74261e-08 1.2951e-06 2.02249e-05 0.000218704 0.00163765 0.00849181 0.0304989 0.0759318 0.131464 0.160263 0.14399 0.109183 0.0867598 0.0749256 0.0605033 0.043626 0.0296655 0.0194362 0.0118727 0.00654855 0.00318236 0.00132378 0.000456906
 3.81024e-11 1.79215e-09 5.83693e-08 1.31638e-06 2.05571e-05 0.000222296 0.00166454 0.00863122 0.030999 0.077171 0.133569 0.162642 0.145526 0.109089 0.0851941 0.0728257 0.058813 0.0426357 0.0291172 0.0190513 0.0115843 0.00637711 0.00310984 0.00130266 0.000452794
 3.58517e-11 1.68629e-09 5.49214e-08 1.23862e-06 1.93428e-05 0.000209165 0.00156623 0.00812156 0.0291705 0.0726386 0.125858 0.15388 0.139706 0.108994 0.090325 0.080125 0.065201 0.0469469 0.0317609 0.0206872 0.0125788 0.00692749 0.00337638 0.00141451 0.000492841
 3.78308e-11 1.77938e-09 5.79532e-08 1.30699e-06 2.04105e-05 0.000220711 0.00165268 0.00856968 0.0307778 0.076619 0.132604 0.161423 0.144298 0.107915 0.0841149 0.0722315 0.0592332 0.0440793 0.0309476 0.0205844 0.0125643 0.00689842 0.00335277 0.00140311 0.000488901
 3.57413e-11 1.6811e-09 5.47523e-08 1.2348e-06 1.92832e-05 0.000208521 0.0015614 0.00809655 0.0290807 0.072415 0.12547 0.153407 0.13928 0.108664 0.0900488 0.0798723 0.0650222 0.0469683 0.0321025 0.0213127 0.0132656 0.00745123 0.00367193 0.0015436 0.00053785
 3.82429e-11 1.79876e-09 5.85844e-08 1.32123e-06 2.06329e-05 0.000223115 0.00167067 0.00866298 0.0311126 0.0774485 0.134014 0.163017 0.14533 0.107855 0.0830473 0.0707367 0.0579084 0.0431691 0.0304146 0.0203454 0.0125481 0.00700364 0.00347124 0.00147831 0.000521316
 3.82781e-11 1.80042e-09 5.86384e-08 1.32244e-06 2.06519e-05 0.000223321 0.00167222 0.00867102 0.031142 0.0775271 0.134187 0.163399 0.146214 0.109602 0.0854747 0.0726826 0.058041 0.0414142 0.0280228 0.0185127 0.011538 0.00652402 0.00325155 0.00138736 0.000491235
 3.67081e-11 1.72657e-09 5.62333e-08 1.2682e-06 1.98048e-05 0.000214161 0.00160363 0.00831549 0.0298664 0.0743647 0.128802 0.157261 0.142076 0.109379 0.0889015 0.0778596 0.0630009 0.0451372 0.0302823 0.0195135 0.0117842 0.00651618 0.00322686 0.00138193 0.000492211
 3.87232e-11 1.82135e-09 5.93203e-08 1.33782e-06 2.0892e-05 0.000225918 0.00169166 0.00877179 0.0315032 0.0784195 0.135685 0.165004 0.146951 0.10872 0.0832093 0.0703451 0.0570078 0.041864 0.0289787 0.0190489 0.0115157 0.00627261 0.0030379 0.00127664 0.000450158
 3.61742e-11 1.70146e-09 5.54155e-08 1.24976e-06 1.95168e-05 0.000211047 0.00158031 0.0081946 0.0294328 0.0732903 0.126978 0.155209 0.140778 0.109528 0.0903307 0.0796661 0.0643006 0.0457662 0.03066 0.0199508 0.0122039 0.00675558 0.00329171 0.00137397 0.000477811
 3.80927e-11 1.7917e-09 5.83545e-08 1.31604e-06 2.05519e-05 0.000222239 0.00166412 0.008629 0.0309907 0.0771474 0.133508 0.162472 0.145072 0.108147 0.083859 0.0717323 0.0586923 0.0435468 0.0304017 0.0200575 0.0121453 0.00663896 0.00322652 0.00135253 0.000471645
#spawning biomass
 67108.7 68727.6 56559.2 37368.9 36038.5 65523.1 95132.6 142311 182966 218483 237689 274484 279467 255298 269542 271044 267191 283159 261315 283281 253522 273111 267711 284441 278667 269835 275956 274033 214680 308829 212396 130761 79692.6 51511.5 37049 29954.1 26573.7 24993.9 24265.2 23932 23780.6 23712.1 23681.2 23667.2 23661 23658.2 23657 23656.4 23656.1 23656 23656 23656 23655.9 23655.9 23655.9 23655.9 23655.9 23655.9 23655.9 23655.9 23655.9 23655.9 23655.9 23655.9 23655.9 23655.9 23655.9 23655.9 23655.9 23655.9 23655.9 23655.9 23655.9 23655.9 23655.9 23655.9 23655.9 23655.9 23655.9 23655.9 23655.9 23655.9 23655.9 23655.9 23655.9 23655.9 23655.9 23655.9 23655.9 23655.9 23655.9 23655.9 23655.9 23655.9 23655.9 23655.9 23655.9 23655.9 23655.9 23655.9 23655.9 23655.9 23655.9 23655.9 23655.9 23655.9 23655.9 23655.9 23655.9 23655.9 23655.9 23655.9 23655.9 23655.9 23655.9 23655.9 23655.9 23655.9 23655.9 23655.9 23655.9 23655.9 23655.9 23655.9 23655.9 23655.9 23655.9 23655.9 0 0 0 0 0 0 0 0 0 0 0 0 0 0 0 0 0 0 0 0 0 0 0 0 0
