SBPRF35
0.235362
Curr Bio
273840
B35
405666
F35
0.395015
FOFL
0.199507
OFL
50935.7
Bzero
67246.3
#pred survey bio
 80711.8 75519.4 58589.2 45020.4 65262.6 99244.9 150409 215366 266018 315696 347550 421997 437898 398055 415897 421170 422028 451477 404093 435902 389305 413150 416806 438235 440537 431536 435053 414721 1.2416e+07 6.90388e+06 4.86985e+06 3.17024e+06 2.0693e+06 1.43425e+06 1.08842e+06 904673 807342 755166 726570 710453 701094 695500 692071 689921 688560 687688 687123 686755 686514 686356 686252 686183 686137 686107 686087 686074 686065 686060 686056 686053 686052 686051 686050 686049 686049 686049 686049 686049 686048 686048 686048 686048 686048 686048 686048 686048 686048 686048 686048 686048 686048 686048 686048 686048 686048 686048 686048 686048 686048 686048 686048 686048 686048 686048 686048 686048 686048 686048 686048 686048 686048 686048 686048 686048 686048 686048 686048 686048 686048 686048 686048 686048 686048 686048 686048 686048 686048 686048 686048 686048 686048 686048 686048 686048 686048 686048 686048 686048 0 0 0 0 0 0 0 0 0 0 0 0 0 0 0 0 0 0 0 0 0 0 0 0 0
#obs survey bio
 66455 60619.6 41694.3 53994.6 56649.4 113153 172484 295414 235176 360408 318590 390745 389728 402273 419537 472388 283921 409799 437755 371013 472062 401054 458888 319967 437915 264690 436029 429217
#pred catch bio
 10777.4 12945.1 14038.4 10675.6 14834.7 24347.8 38098.4 64975.1 81915.8 111878 117802 186922 220323 174034 188418 197197 189099 230006 169434 217606 161056 186249 179908 204073 215125 203423 204579 227696 50935.7 86874.3 59099.5 36891.5 23075.1 15488.7 11614.2 9722.59 8825.54 8408.29 8216.73 8129.56 8090.13 8072.37 8064.39 8060.82 8059.22 8058.51 8058.19 8058.05 8057.98 8057.96 8057.94 8057.94 8057.94 8057.93 8057.93 8057.93 8057.93 8057.93 8057.93 8057.93 8057.93 8057.93 8057.93 8057.93 8057.93 8057.93 8057.93 8057.93 8057.93 8057.93 8057.93 8057.93 8057.93 8057.93 8057.93 8057.93 8057.93 8057.93 8057.93 8057.93 8057.93 8057.93 8057.93 8057.93 8057.93 8057.93 8057.93 8057.93 8057.93 8057.93 8057.93 8057.93 8057.93 8057.93 8057.93 8057.93 8057.93 8057.93 8057.93 8057.93 8057.93 8057.93 8057.93 8057.93 8057.93 8057.93 8057.93 8057.93 8057.93 8057.93 8057.93 8057.93 8057.93 8057.93 8057.93 8057.93 8057.93 8057.93 8057.93 8057.93 8057.93 8057.93 8057.93 8057.93 8057.93 8057.93 8057.93 8057.93 0 0 0 0 0 0 0 0 0 0 0 0 0 0 0 0 0 0 0 0 0 0 0 0 0
#obs catch bio
 12483.7 13490.8 15439.2 11169 14904.5 24308 36956.1 61181.8 77367.7 103923 109940 185073 217337 165578 185264 196834 199575 228725 167760 226764 153354 180619 171136 202695 230042 214478 207787 229852
#pred cpue bio
 79225.5 74831.6 58398 44129.3 61877.2 95475.7 144133 207142 256699 304768 335175 405289 419985 381937 399378 404207 404511 432435 388002 418677 373991 397376 399941 420885 422205 413233 417066 398888 1.18596e+07 6.8945e+06 4.85448e+06 3.15461e+06 2.05366e+06 1.41861e+06 1.07278e+06 889029 791698 739522 710927 694810 685450 679857 676428 674277 672917 672044 671480 671112 670871 670712 670608 670539 670494 670464 670444 670430 670422 670416 670412 670410 670408 670407 670406 670406 670405 670405 670405 670405 670405 670405 670405 670405 670405 670405 670405 670405 670405 670405 670405 670405 670405 670405 670405 670405 670405 670405 670405 670405 670405 670405 670405 670405 670405 670405 670405 670405 670405 670405 670405 670405 670405 670405 670405 670405 670405 670405 670405 670405 670405 670405 670405 670405 670405 670405 670405 670405 670405 670405 670405 670405 670405 670405 670405 670405 670405 670405 670405 670405 0 0 0 0 0 0 0 0 0 0 0 0 0 0 0 0 0 0 0 0 0 0 0 0 0
#obs cpue bio
 61468.8 52511.9 38144.6 49236.4 103780 94655 177989 250596 318630 399344 407456 356968 525228 483369 382768 349592 365891 708393 312584 430208 450146 459623 456973 505115 262075 551968 442883 398607
#pred surv len freq
 2.60631e-11 1.22588e-09 3.99262e-08 9.00435e-07 1.40616e-05 0.000152057 0.00113861 0.0059044 0.0212099 0.0528448 0.0917608 0.113132 0.105774 0.0891518 0.0827455 0.0812882 0.074324 0.0635814 0.0534622 0.0443622 0.0363154 0.0297644 0.02404 0.0178639 0.0111688
 1.54836e-11 7.28275e-10 2.37195e-08 5.34933e-07 8.35378e-06 9.03357e-05 0.000676467 0.00350849 0.0126118 0.0315063 0.0552811 0.0708543 0.0748701 0.0807791 0.0949871 0.104399 0.099633 0.0873854 0.074756 0.0621558 0.0495796 0.0381605 0.0282175 0.0192498 0.0112897
 7.16935e-12 3.37212e-10 1.09828e-08 2.47689e-07 3.86805e-06 4.18286e-05 0.000313242 0.00162492 0.00584516 0.0146432 0.0259735 0.0346107 0.0407454 0.0522029 0.0714472 0.0906803 0.104536 0.112764 0.112219 0.100774 0.0824173 0.0624621 0.0438259 0.0277514 0.0151182
 3.0531e-11 1.43603e-09 4.67706e-08 1.05479e-06 1.64721e-05 0.000178122 0.00133375 0.00691556 0.0248315 0.0617622 0.106522 0.127936 0.108832 0.0700687 0.0423603 0.0345452 0.0399511 0.0513267 0.0625945 0.0681734 0.0649076 0.0536244 0.0383652 0.0235856 0.0121681
 4.63415e-11 2.17968e-09 7.09909e-08 1.60102e-06 2.50022e-05 0.000270363 0.00202444 0.0104969 0.0376914 0.0937536 0.161736 0.194415 0.165798 0.106911 0.0616608 0.0387762 0.0258924 0.0172288 0.0137004 0.0143478 0.0157948 0.01527 0.0122062 0.00790732 0.00409189
 3.64096e-11 1.71253e-09 5.57762e-08 1.25789e-06 1.96438e-05 0.00021242 0.00159061 0.00824807 0.0296261 0.0737859 0.127931 0.156815 0.143622 0.114451 0.0968351 0.0845531 0.0636478 0.0388361 0.0207706 0.0115895 0.00810595 0.00697394 0.00591267 0.00417628 0.00229501
 3.89673e-11 1.83284e-09 5.96943e-08 1.34625e-06 2.10237e-05 0.000227342 0.00170232 0.00882702 0.0317008 0.0789055 0.136484 0.165779 0.147024 0.107547 0.0811266 0.0688051 0.0573976 0.0437756 0.0304095 0.0186989 0.0101015 0.00530195 0.00312118 0.001958 0.00108426
 3.68875e-11 1.73501e-09 5.65082e-08 1.2744e-06 1.99016e-05 0.000215208 0.00161147 0.00835611 0.0300118 0.0747236 0.1294 0.157882 0.142282 0.108791 0.0875161 0.076139 0.0616195 0.0446596 0.030888 0.0207287 0.0127709 0.00690797 0.00331818 0.0015011 0.000656022
 3.524e-11 1.65752e-09 5.39844e-08 1.21748e-06 1.90127e-05 0.000205596 0.0015395 0.00798298 0.0286725 0.0713975 0.123698 0.151199 0.137152 0.106814 0.088555 0.0793032 0.0661172 0.0495702 0.0350449 0.0235567 0.0146161 0.00817522 0.00403114 0.00171769 0.000630853
 3.5255e-11 1.65823e-09 5.40073e-08 1.218e-06 1.90208e-05 0.000205684 0.00154015 0.00798633 0.0286841 0.0714216 0.123709 0.151063 0.136556 0.105389 0.0863482 0.077111 0.0649921 0.0499603 0.0365821 0.025483 0.0162796 0.00930189 0.00466001 0.00199538 0.000712195
 3.58961e-11 1.68838e-09 5.49894e-08 1.24015e-06 1.93667e-05 0.000209424 0.00156816 0.00813151 0.0292051 0.0727145 0.125918 0.153618 0.138403 0.105819 0.0854109 0.0752952 0.0627791 0.0477683 0.0348893 0.0246282 0.0161759 0.00956146 0.00494157 0.00216428 0.000779849
 3.80996e-11 1.79202e-09 5.8365e-08 1.31628e-06 2.05555e-05 0.000222279 0.00166441 0.00863052 0.0309957 0.0771568 0.133501 0.162355 0.144617 0.107061 0.0820922 0.0697018 0.0570508 0.0428106 0.0308265 0.0215281 0.0141159 0.00843701 0.00446006 0.00200824 0.000742208
 3.84424e-11 1.80814e-09 5.88901e-08 1.32812e-06 2.07405e-05 0.000224279 0.00167939 0.00870821 0.0312751 0.0778563 0.134739 0.163987 0.146471 0.109229 0.0845091 0.0715229 0.0571387 0.0409432 0.0279169 0.0186928 0.0119555 0.00706094 0.00373122 0.00169758 0.000638728
 3.80354e-11 1.789e-09 5.82667e-08 1.31406e-06 2.05209e-05 0.000221905 0.00166162 0.00861607 0.0309447 0.0770388 0.133358 0.162466 0.145626 0.10969 0.0862261 0.0737945 0.0591371 0.0421727 0.0282339 0.0182349 0.0111135 0.0062648 0.00320395 0.00143506 0.000538958
 3.7668e-11 1.77172e-09 5.77039e-08 1.30137e-06 2.03227e-05 0.000219762 0.00164557 0.00853286 0.030646 0.076296 0.132079 0.160941 0.144372 0.109007 0.0861086 0.0742187 0.0601567 0.0436653 0.0297697 0.0193531 0.0116497 0.00636528 0.00312052 0.00134159 0.000488894
 3.80202e-11 1.78829e-09 5.82435e-08 1.31353e-06 2.05127e-05 0.000221816 0.00166095 0.00861261 0.0309321 0.0770047 0.133282 0.162295 0.145223 0.108884 0.0850763 0.0727985 0.0589171 0.0428938 0.0294823 0.0194133 0.0118388 0.00650065 0.00315399 0.00132159 0.00046562
 3.86384e-11 1.81737e-09 5.91904e-08 1.33489e-06 2.08463e-05 0.000225423 0.00168796 0.0087526 0.0314344 0.0782515 0.135413 0.164764 0.147025 0.109358 0.0843141 0.0713335 0.0572366 0.0412727 0.0281139 0.0184508 0.0112972 0.00625711 0.00305935 0.00128265 0.000447364
 3.89215e-11 1.83068e-09 5.96241e-08 1.34467e-06 2.0999e-05 0.000227074 0.00170032 0.00881672 0.0316646 0.0788233 0.136395 0.165922 0.147939 0.109778 0.0842795 0.0709893 0.0566679 0.0405313 0.0273033 0.0177161 0.0107498 0.00592653 0.00289965 0.00122038 0.000426879
 3.75621e-11 1.76674e-09 5.75416e-08 1.29771e-06 2.02656e-05 0.000219144 0.00164094 0.0085089 0.0305603 0.0760868 0.131745 0.160665 0.14454 0.10998 0.087781 0.075815 0.0607803 0.0431335 0.0286683 0.018343 0.0109862 0.00598529 0.00290134 0.00121471 0.000424288
 3.75979e-11 1.76843e-09 5.75965e-08 1.29894e-06 2.02849e-05 0.000219353 0.0016425 0.00851697 0.0305888 0.0761529 0.131826 0.160606 0.143988 0.10856 0.0856334 0.0739367 0.0603356 0.0443004 0.0305433 0.0199414 0.0119495 0.00644148 0.00308056 0.00127429 0.00044113
 3.74904e-11 1.76337e-09 5.74317e-08 1.29523e-06 2.02269e-05 0.000218725 0.00163781 0.00849262 0.0305016 0.0759379 0.131468 0.16024 0.143878 0.108913 0.0863448 0.0745268 0.0603287 0.0437546 0.030006 0.0198218 0.0121669 0.00670582 0.00323928 0.00133692 0.000458792
 3.6919e-11 1.73649e-09 5.65565e-08 1.27549e-06 1.99186e-05 0.000215392 0.00161285 0.00836323 0.0300372 0.0747847 0.129493 0.15793 0.142124 0.10828 0.0867703 0.0756503 0.0618366 0.0453694 0.0314035 0.0208002 0.0127785 0.00709276 0.00347559 0.0014565 0.000504679
 3.82397e-11 1.79861e-09 5.85797e-08 1.32112e-06 2.06311e-05 0.000223097 0.00167054 0.00866229 0.0311101 0.0774445 0.134019 0.163078 0.145558 0.108374 0.0837887 0.0713199 0.0579158 0.0426119 0.0297271 0.019889 0.0123374 0.00690122 0.00340488 0.00143874 0.000503688
 3.76358e-11 1.77021e-09 5.76546e-08 1.30025e-06 2.03053e-05 0.000219574 0.00164416 0.00852557 0.0306199 0.0762317 0.131972 0.160833 0.144341 0.109107 0.0862729 0.0742352 0.059841 0.0431315 0.0294059 0.0194268 0.0120497 0.0067892 0.00338137 0.00144191 0.000509101
 3.87372e-11 1.82201e-09 5.93417e-08 1.3383e-06 2.08995e-05 0.000225999 0.00169227 0.00877496 0.0315146 0.0784493 0.135744 0.165112 0.147162 0.109103 0.0837194 0.0707187 0.0569396 0.0413371 0.0283092 0.018579 0.0113525 0.00630934 0.00312484 0.00133573 0.000474801
 3.90158e-11 1.83512e-09 5.97686e-08 1.34793e-06 2.10499e-05 0.000227625 0.00170444 0.00883809 0.0317414 0.0790144 0.136726 0.166325 0.148299 0.110036 0.084427 0.0709729 0.0564134 0.0400825 0.0268403 0.01739 0.010575 0.00584686 0.00287044 0.00121593 0.000429998
 3.83959e-11 1.80596e-09 5.8819e-08 1.32651e-06 2.07154e-05 0.000224008 0.00167736 0.00869771 0.0312377 0.0777661 0.134603 0.163915 0.146707 0.110041 0.0859234 0.0731637 0.0584605 0.041558 0.0276707 0.0176838 0.0105558 0.00573611 0.00278077 0.00116732 0.000409691
 3.67172e-11 1.727e-09 5.62474e-08 1.26852e-06 1.98098e-05 0.000214215 0.00160404 0.00831757 0.0298737 0.0743824 0.128829 0.157274 0.142024 0.109216 0.0886585 0.0776907 0.0630824 0.0454843 0.0307068 0.0197787 0.0117891 0.00634222 0.00302796 0.00125096 0.000433162
#obs surv len freq
 2.5464e-11 1.1977e-09 3.90084e-08 8.79739e-07 1.37384e-05 0.000148562 0.00111244 0.00576863 0.0207218 0.0516237 0.0896078 0.110327 0.102686 0.0856985 0.0790115 0.078575 0.0745736 0.0676224 0.0603729 0.0521801 0.0427562 0.0328309 0.0230375 0.0141348 0.00719639
 5.86307e-12 2.7577e-10 8.98167e-09 2.0256e-07 3.16331e-06 3.42087e-05 0.000256211 0.00132973 0.00479268 0.0120987 0.0220853 0.0322992 0.0463928 0.0722166 0.104226 0.122243 0.118219 0.10446 0.0916839 0.0798483 0.0666692 0.0518136 0.0362852 0.0219993 0.0110434
 1.66589e-14 7.83571e-13 2.55228e-11 5.75818e-10 9.00554e-09 9.7954e-08 7.50484e-07 4.24196e-06 2.0238e-05 9.99227e-05 0.000514004 0.00226644 0.00759033 0.0191101 0.0382837 0.0661423 0.101782 0.134775 0.149125 0.140952 0.119658 0.0935657 0.065978 0.0400946 0.0200388
 5.29287e-11 2.48951e-09 8.10817e-08 1.8286e-06 2.85561e-05 0.000308792 0.00231217 0.0119884 0.0430414 0.107004 0.184203 0.219576 0.181255 0.10368 0.0413991 0.0125691 0.00556651 0.00731883 0.0116449 0.0154649 0.0166731 0.0147994 0.0109782 0.00678227 0.0034043
 3.29229e-11 1.54853e-09 5.04347e-08 1.13743e-06 1.77626e-05 0.000192079 0.00143831 0.00745869 0.0267962 0.0667907 0.116165 0.144091 0.13736 0.120338 0.113388 0.102701 0.0736815 0.0386734 0.015839 0.007721 0.00698391 0.00734094 0.00639082 0.00434656 0.0022856
 3.91021e-11 1.83918e-09 5.99008e-08 1.35091e-06 2.10965e-05 0.000228128 0.00170821 0.00885747 0.0318093 0.0791661 0.136871 0.165951 0.146236 0.105104 0.077503 0.0662327 0.0581484 0.0474166 0.0339973 0.0201131 0.00982646 0.00477786 0.00294311 0.00197605 0.00111182
 4.01843e-11 1.89008e-09 6.15585e-08 1.3883e-06 2.16803e-05 0.000234442 0.00175548 0.00910267 0.0326906 0.0813661 0.14072 0.170831 0.151172 0.109717 0.0810609 0.0661258 0.0519196 0.0372044 0.0260206 0.0180133 0.0113607 0.00609012 0.00281537 0.0012352 0.000542099
 3.64313e-11 1.71355e-09 5.58092e-08 1.25864e-06 1.96555e-05 0.000212546 0.00159154 0.00825282 0.0296417 0.073809 0.127866 0.156243 0.141553 0.109791 0.0901422 0.0792515 0.0638013 0.0451424 0.0298787 0.0192091 0.0117661 0.00662905 0.0032948 0.00139738 0.000505297
 3.75828e-11 1.76772e-09 5.75734e-08 1.29842e-06 2.02768e-05 0.000219265 0.00164184 0.00851351 0.0305761 0.0761165 0.131733 0.160355 0.143324 0.107177 0.0836423 0.0722095 0.059911 0.0453477 0.032268 0.021478 0.0129855 0.00706695 0.00343874 0.00145656 0.000518063
 3.57138e-11 1.67981e-09 5.47102e-08 1.23385e-06 1.92684e-05 0.000208361 0.0015602 0.0080903 0.029058 0.0723558 0.12535 0.153178 0.138811 0.107774 0.0887731 0.0786826 0.0645365 0.0474071 0.0331726 0.0225239 0.0142387 0.00804969 0.00396435 0.00166341 0.00058128
 3.89133e-11 1.8303e-09 5.96116e-08 1.34439e-06 2.09946e-05 0.000227027 0.00169996 0.0088148 0.0316571 0.0787967 0.136297 0.16556 0.146844 0.10739 0.0807553 0.0677744 0.0555268 0.041879 0.0300382 0.020513 0.0129382 0.00738032 0.00371945 0.00159915 0.000566306
 3.94825e-11 1.85707e-09 6.04834e-08 1.36405e-06 2.13017e-05 0.000230347 0.00172483 0.00894375 0.0321205 0.0799532 0.138319 0.168113 0.149409 0.109825 0.0829535 0.0688937 0.0544669 0.0387144 0.0262209 0.0174659 0.0110591 0.00638512 0.00325397 0.00141661 0.00050946
 3.82921e-11 1.80107e-09 5.86598e-08 1.32293e-06 2.06594e-05 0.000223402 0.00167283 0.00867419 0.0311535 0.0775569 0.134246 0.163509 0.146434 0.110025 0.0861312 0.0734381 0.0586402 0.041591 0.0276263 0.0176815 0.0106713 0.00594265 0.00298531 0.00130265 0.000473084
 3.84827e-11 1.81004e-09 5.89519e-08 1.32951e-06 2.07623e-05 0.000224515 0.00168115 0.00871734 0.0313081 0.0779382 0.134882 0.164166 0.146652 0.109429 0.0848277 0.0721113 0.0580546 0.0419213 0.0284036 0.0183275 0.0109322 0.00590663 0.00285656 0.00120769 0.000430991
 3.76652e-11 1.77159e-09 5.76995e-08 1.30127e-06 2.03212e-05 0.000219745 0.00164544 0.00853222 0.030644 0.0762919 0.13208 0.160983 0.144535 0.109382 0.0866523 0.0746658 0.0602119 0.0433277 0.0293307 0.0190582 0.0114991 0.00624983 0.00299819 0.00124004 0.000430359
 3.83104e-11 1.80194e-09 5.86879e-08 1.32356e-06 2.06693e-05 0.000223509 0.00167363 0.00867831 0.0311679 0.0775891 0.134277 0.163429 0.145989 0.108935 0.0844864 0.0719652 0.0582215 0.0424368 0.0291488 0.0191108 0.0115816 0.00632276 0.00304746 0.001261 0.000434263
 3.8096e-11 1.79185e-09 5.83595e-08 1.31615e-06 2.05536e-05 0.000222259 0.00166426 0.00862978 0.0309939 0.077159 0.133554 0.162647 0.145604 0.109295 0.0854937 0.0730509 0.0587863 0.0423782 0.0288371 0.0189058 0.0115533 0.00637384 0.00309787 0.00128875 0.000444833
 3.87233e-11 1.82136e-09 5.93204e-08 1.33783e-06 2.08921e-05 0.000225918 0.00169166 0.00877182 0.0315035 0.0784218 0.1357 0.165073 0.147175 0.109212 0.0839166 0.0709252 0.0570633 0.0413543 0.0282607 0.0185027 0.0112551 0.00619731 0.00302258 0.00126621 0.000440146
 3.64103e-11 1.71257e-09 5.57771e-08 1.25792e-06 1.96442e-05 0.000212424 0.00159063 0.00824805 0.0296244 0.0737638 0.127774 0.156064 0.141181 0.109085 0.0891476 0.0783908 0.0636211 0.0458091 0.0310147 0.0202151 0.0122968 0.00677379 0.00330193 0.00138343 0.000482037
 3.85e-11 1.81085e-09 5.89783e-08 1.33011e-06 2.07716e-05 0.000224615 0.00168191 0.00872121 0.0313215 0.0779672 0.134901 0.164048 0.146092 0.108085 0.0827932 0.0702312 0.0573593 0.0426688 0.0299758 0.0199496 0.0121813 0.00668956 0.0032517 0.00136093 0.000474225
 3.63722e-11 1.71077e-09 5.57188e-08 1.2566e-06 1.96236e-05 0.000212202 0.00158896 0.00823942 0.0295933 0.0736859 0.127635 0.155876 0.140951 0.10878 0.0887404 0.0779364 0.0632527 0.0456846 0.0312478 0.0207592 0.0129262 0.00726221 0.00357925 0.00150475 0.00052434
 3.88788e-11 1.82867e-09 5.95586e-08 1.3432e-06 2.09759e-05 0.000226825 0.00169845 0.00880698 0.0316292 0.0787297 0.136197 0.165512 0.147037 0.108021 0.0817978 0.0688427 0.0561323 0.0418303 0.02949 0.0197385 0.0121783 0.00679871 0.00337012 0.00143536 0.000506194
 3.88628e-11 1.82792e-09 5.95342e-08 1.34265e-06 2.09673e-05 0.000226732 0.00169776 0.00880343 0.031617 0.0787049 0.136192 0.165686 0.14776 0.109702 0.0842506 0.0708788 0.0563996 0.0402322 0.0272423 0.0180094 0.0112289 0.0063507 0.00316558 0.00135078 0.000478306
 3.73122e-11 1.75499e-09 5.71587e-08 1.28907e-06 2.01307e-05 0.000217686 0.00163002 0.00845229 0.0303572 0.0755815 0.130874 0.159624 0.143671 0.109478 0.0876281 0.0759828 0.0612894 0.0439041 0.0294759 0.0190066 0.0114828 0.00635107 0.00314554 0.00134722 0.000479871
 3.93472e-11 1.8507e-09 6.02762e-08 1.35938e-06 2.12287e-05 0.000229558 0.00171892 0.00891309 0.0320101 0.0796765 0.137826 0.167449 0.148616 0.10886 0.0819507 0.0684561 0.0552522 0.0405592 0.0280932 0.018478 0.0111748 0.00608828 0.00294903 0.0012394 0.00043705
 3.67948e-11 1.73065e-09 5.63661e-08 1.2712e-06 1.98516e-05 0.000214667 0.00160742 0.00833513 0.0299369 0.0745403 0.129107 0.157634 0.142413 0.109622 0.0890134 0.0777332 0.0625476 0.044512 0.0298415 0.0194315 0.0118911 0.00658399 0.00320853 0.00133936 0.000465797
 3.87063e-11 1.82056e-09 5.92944e-08 1.33724e-06 2.08829e-05 0.000225819 0.00169092 0.00876794 0.0314893 0.0783836 0.135614 0.164878 0.146714 0.108295 0.0826354 0.0698863 0.0569674 0.0422549 0.0295189 0.0194867 0.0118041 0.00645389 0.00313701 0.00131512 0.000458622
 3.41487e-11 1.60619e-09 5.23125e-08 1.17978e-06 1.8424e-05 0.000199229 0.00149183 0.0077359 0.0277868 0.0692075 0.120012 0.1472 0.135141 0.108553 0.0936281 0.0850259 0.0696176 0.0501605 0.0340939 0.0225006 0.0139177 0.00776363 0.00380116 0.00159086 0.000553268
#pred catch len freq
 2.4756e-11 1.1644e-09 3.79239e-08 8.55279e-07 1.33564e-05 0.000144432 0.00108152 0.0056084 0.0201477 0.0502088 0.0872557 0.107918 0.101984 0.0881736 0.0843199 0.0841311 0.0772661 0.0661389 0.0556006 0.0461276 0.0377572 0.0309452 0.0249934 0.0185724 0.0116117
 1.4517e-11 6.82811e-10 2.22387e-08 5.01539e-07 7.83229e-06 8.46965e-05 0.000634244 0.00328959 0.0118263 0.029557 0.05195 0.0669999 0.0720734 0.0800711 0.0961788 0.10654 0.101859 0.0893377 0.0764021 0.0635116 0.0506567 0.0389883 0.0288294 0.0196671 0.0115344
 6.69303e-12 3.14808e-10 1.02531e-08 2.31233e-07 3.61107e-06 3.90497e-05 0.000292435 0.00151705 0.00545799 0.0136818 0.0243267 0.0326863 0.0392856 0.0516717 0.0717608 0.0914759 0.105519 0.113798 0.113221 0.101662 0.0831395 0.063008 0.0442086 0.0279936 0.0152502
 2.94002e-11 1.38284e-09 4.50383e-08 1.01573e-06 1.5862e-05 0.000171525 0.00128435 0.00665945 0.0239121 0.0594778 0.102598 0.123299 0.105142 0.0682909 0.04227 0.0354721 0.0414967 0.0534045 0.0651313 0.0709325 0.0675328 0.0557927 0.0399163 0.0245391 0.0126601
 4.55737e-11 2.14357e-09 6.98146e-08 1.57449e-06 2.4588e-05 0.000265883 0.0019909 0.010323 0.0370674 0.0922056 0.159094 0.19137 0.163632 0.106464 0.0627426 0.0404945 0.0274194 0.0183185 0.0145715 0.0152554 0.0167922 0.0162339 0.0129766 0.00840643 0.00435016
 3.53417e-11 1.6623e-09 5.41401e-08 1.22099e-06 1.90676e-05 0.00020619 0.00154396 0.00800624 0.0287585 0.0716356 0.124275 0.152669 0.140896 0.114483 0.0993787 0.0880957 0.0666479 0.0407113 0.0217705 0.0121418 0.00848948 0.00730311 0.00619161 0.00437328 0.00240327
 3.79734e-11 1.78609e-09 5.81717e-08 1.31192e-06 2.04875e-05 0.000221543 0.0016589 0.00860195 0.0308932 0.0769028 0.13307 0.161871 0.144328 0.107229 0.083004 0.0717307 0.0602336 0.0459956 0.031948 0.0196404 0.0106087 0.00556776 0.00327754 0.00205606 0.00113856
 3.59368e-11 1.6903e-09 5.50518e-08 1.24156e-06 1.93887e-05 0.000209662 0.00156994 0.00814082 0.0292394 0.0728083 0.126138 0.154156 0.139746 0.108576 0.0894276 0.0789979 0.0642604 0.0466158 0.0322331 0.0216245 0.0133207 0.00720494 0.00346074 0.00156558 0.000684199
 3.42756e-11 1.61216e-09 5.2507e-08 1.18416e-06 1.84924e-05 0.00019997 0.00149738 0.00776459 0.027889 0.0694543 0.120387 0.147411 0.13455 0.106532 0.0904045 0.0821333 0.0687937 0.0516151 0.0364812 0.024515 0.0152084 0.00850603 0.00419417 0.00178714 0.000656357
 3.4385e-11 1.61731e-09 5.26746e-08 1.18794e-06 1.85515e-05 0.000200608 0.00150215 0.00778931 0.0279772 0.0696685 0.12072 0.147639 0.134186 0.105085 0.0879404 0.0795885 0.067368 0.051819 0.0379321 0.0264158 0.0168731 0.00964051 0.00482955 0.00206796 0.000738098
 3.50033e-11 1.64639e-09 5.36218e-08 1.20931e-06 1.88851e-05 0.000204216 0.00152916 0.00792935 0.0284797 0.0709156 0.122851 0.150105 0.135974 0.105513 0.0870507 0.077835 0.0651984 0.0496453 0.0362503 0.0255814 0.0167996 0.00992959 0.00513173 0.00224755 0.000809851
 3.74566e-11 1.76178e-09 5.73801e-08 1.29406e-06 2.02087e-05 0.000218528 0.00163633 0.00848493 0.0304733 0.0758613 0.131293 0.159828 0.142876 0.10686 0.0833018 0.0715573 0.0588025 0.0441497 0.03178 0.0221866 0.0145454 0.00869319 0.00459539 0.00206917 0.000764721
 3.79363e-11 1.78434e-09 5.81149e-08 1.31063e-06 2.04675e-05 0.000221327 0.00165729 0.00859361 0.030864 0.0768368 0.133003 0.162006 0.145126 0.109127 0.0855442 0.0730595 0.0585448 0.0419655 0.028602 0.019144 0.0122417 0.00722945 0.00382018 0.00173804 0.000653949
 3.73781e-11 1.75808e-09 5.72597e-08 1.29135e-06 2.01663e-05 0.00021807 0.0016329 0.00846721 0.0304106 0.0757145 0.131103 0.159893 0.143883 0.109568 0.087589 0.0758143 0.0609878 0.0435171 0.029124 0.0188028 0.0114575 0.0064582 0.00330276 0.00147931 0.000555573
 3.70398e-11 1.74218e-09 5.67415e-08 1.27966e-06 1.99838e-05 0.000216097 0.00161812 0.0083906 0.0301356 0.0750304 0.129923 0.158481 0.142699 0.108874 0.0873878 0.0761305 0.0619254 0.0449706 0.0306486 0.0199173 0.0119871 0.00654919 0.00321059 0.0013803 0.000502999
 3.74304e-11 1.76055e-09 5.73399e-08 1.29316e-06 2.01945e-05 0.000218375 0.00163519 0.00847904 0.0304528 0.0758165 0.131258 0.159984 0.143651 0.108754 0.0862696 0.0745847 0.0605711 0.0441176 0.0303121 0.0199525 0.0121655 0.00667954 0.00324071 0.00135791 0.000478415
 3.80139e-11 1.78799e-09 5.82338e-08 1.31332e-06 2.05093e-05 0.00022178 0.00166068 0.00861119 0.0309271 0.0769935 0.133271 0.162318 0.145363 0.109228 0.0855884 0.0732336 0.0589884 0.0425601 0.0289808 0.0190129 0.0116392 0.00644609 0.00315166 0.00132134 0.000460857
 3.84358e-11 1.80784e-09 5.88801e-08 1.32789e-06 2.0737e-05 0.000224241 0.00167911 0.00870674 0.03127 0.077845 0.134729 0.164022 0.146653 0.109691 0.0852907 0.0724858 0.0580376 0.0415253 0.0279614 0.018136 0.0110024 0.00606533 0.00296748 0.00124892 0.000436859
 3.68591e-11 1.73368e-09 5.64648e-08 1.27342e-06 1.98863e-05 0.000215043 0.00161023 0.00834971 0.0299892 0.0746709 0.129334 0.157916 0.142681 0.109861 0.0892562 0.0779925 0.0627691 0.0445712 0.0296139 0.0189411 0.0113422 0.0061788 0.00299506 0.00125394 0.000437987
 3.70728e-11 1.74373e-09 5.67921e-08 1.2808e-06 2.00016e-05 0.000216289 0.00161957 0.00839806 0.0301622 0.075095 0.130024 0.158548 0.142587 0.108443 0.0866938 0.0755282 0.0618151 0.0454002 0.0312889 0.0204208 0.0122346 0.00659467 0.00315373 0.00130454 0.000451602
 3.67749e-11 1.72972e-09 5.63358e-08 1.27051e-06 1.98409e-05 0.000214551 0.00160656 0.00833062 0.0299203 0.0744967 0.129013 0.157437 0.141971 0.108757 0.0877927 0.076692 0.0623309 0.045234 0.0310104 0.0204782 0.0125676 0.00692618 0.00334564 0.0013808 0.000473851
 3.6276e-11 1.70625e-09 5.55714e-08 1.25327e-06 1.95717e-05 0.00021164 0.00158476 0.00821761 0.0295147 0.0734892 0.127285 0.155409 0.140405 0.108128 0.0880559 0.0775838 0.0636351 0.0467092 0.0323191 0.0213991 0.0131441 0.00729522 0.0035747 0.00149802 0.000519065
 3.75743e-11 1.76732e-09 5.75604e-08 1.29813e-06 2.02722e-05 0.000219215 0.00164147 0.00851162 0.0305695 0.076104 0.131735 0.160468 0.143775 0.108206 0.085102 0.0733037 0.0597679 0.0440009 0.030686 0.0205236 0.0127289 0.00711975 0.00351261 0.00148425 0.000519618
 3.70349e-11 1.74195e-09 5.6734e-08 1.27949e-06 1.99811e-05 0.000216068 0.00161791 0.00838949 0.0301316 0.0750211 0.129911 0.15848 0.142743 0.108984 0.0875011 0.0760633 0.0615222 0.0443626 0.0302337 0.0199662 0.0123819 0.00697591 0.00347428 0.00148151 0.000523082
 3.82019e-11 1.79684e-09 5.85218e-08 1.31981e-06 2.06108e-05 0.000222877 0.00166889 0.00865376 0.0310797 0.077371 0.133907 0.163015 0.145736 0.108988 0.0848059 0.0723431 0.0584418 0.0424453 0.029057 0.0190627 0.0116459 0.00647194 0.00320529 0.0013701 0.000487018
 3.84471e-11 1.80837e-09 5.88974e-08 1.32828e-06 2.0743e-05 0.000224307 0.0016796 0.0087093 0.0312793 0.0778688 0.134775 0.164101 0.146794 0.109937 0.0856148 0.0727277 0.0580162 0.0412423 0.0276067 0.0178797 0.0108706 0.00600988 0.00295039 0.00124979 0.000441969
 3.78154e-11 1.77865e-09 5.79296e-08 1.30646e-06 2.04022e-05 0.000220621 0.001652 0.00856625 0.0307661 0.0765967 0.132611 0.161644 0.145172 0.109944 0.0871426 0.0749636 0.060105 0.042747 0.0284518 0.018176 0.0108475 0.00589416 0.0028573 0.00119944 0.000420961
 3.63023e-11 1.70748e-09 5.56117e-08 1.25418e-06 1.95859e-05 0.000211794 0.00158591 0.00822359 0.0295365 0.0735465 0.127405 0.155651 0.140927 0.109146 0.0895299 0.0789776 0.064259 0.0463361 0.0312671 0.0201315 0.011997 0.00645352 0.00308101 0.00127287 0.000440744
#obs catch len freq
 2.27784e-11 1.07139e-09 3.48944e-08 7.86958e-07 1.22895e-05 0.000132894 0.000995126 0.0051605 0.01854 0.0462149 0.0804013 0.0998485 0.0956674 0.085422 0.084904 0.0870849 0.0820582 0.0724929 0.0628836 0.0533182 0.0435822 0.033944 0.0243281 0.0151912 0.00781697
 2.43445e-11 1.14505e-09 3.72934e-08 8.41061e-07 1.31344e-05 0.00014203 0.00106353 0.0055151 0.0198119 0.0493656 0.0857469 0.10585 0.0994049 0.0847853 0.0802497 0.0809153 0.0770806 0.0699096 0.0623851 0.0538987 0.0441541 0.0338994 0.0237853 0.0145929 0.00742948
 5.46346e-12 2.56975e-10 8.36952e-09 1.88754e-07 2.94772e-06 3.18774e-05 0.000238755 0.00123924 0.00446795 0.011293 0.0207099 0.0307141 0.0452639 0.0719847 0.10481 0.123213 0.119173 0.105242 0.0923111 0.08036 0.0670802 0.0521257 0.036501 0.0221291 0.0111083
 1.55177e-14 7.29894e-13 2.37746e-11 5.36392e-10 8.38988e-09 9.12981e-08 7.00691e-07 3.98471e-06 1.93276e-05 9.77889e-05 0.000511217 0.00226732 0.00760483 0.0191497 0.0383489 0.066214 0.101834 0.134793 0.14911 0.14091 0.119602 0.0935102 0.0659336 0.0400659 0.020024
 5.25913e-11 2.47364e-09 8.05649e-08 1.81694e-06 2.83741e-05 0.000306824 0.00229744 0.011912 0.0427671 0.106322 0.183029 0.218177 0.180101 0.103025 0.0411633 0.012582 0.00577006 0.0077612 0.0123767 0.0164376 0.0177208 0.0157285 0.0116669 0.00720753 0.00361768
 3.18918e-11 1.50004e-09 4.88552e-08 1.10181e-06 1.72063e-05 0.000186063 0.00139327 0.00722522 0.0259587 0.0647157 0.112641 0.140121 0.134837 0.120607 0.116185 0.106398 0.0765995 0.0402402 0.0164782 0.00802191 0.00724742 0.00761586 0.00662987 0.00450906 0.00237103
 3.82482e-11 1.79901e-09 5.85926e-08 1.32141e-06 2.06357e-05 0.000223146 0.0016709 0.0086641 0.0311155 0.077445 0.133935 0.162579 0.143875 0.104735 0.0789865 0.068666 0.0606372 0.0494859 0.0354702 0.0209782 0.0102467 0.00498063 0.00306709 0.00205905 0.00115847
 3.93689e-11 1.85172e-09 6.03094e-08 1.36013e-06 2.12404e-05 0.000229685 0.00171987 0.00891803 0.0320281 0.0797235 0.137923 0.167638 0.149003 0.109547 0.0827183 0.0685837 0.0541658 0.0388504 0.0271575 0.0187892 0.0118462 0.00634933 0.00293486 0.00128749 0.000565009
 3.55569e-11 1.67243e-09 5.44698e-08 1.22843e-06 1.91837e-05 0.000207445 0.00155335 0.00805482 0.0289313 0.0720478 0.124867 0.152824 0.139245 0.10965 0.0919874 0.0819676 0.0662727 0.0469161 0.0310355 0.0199407 0.0122094 0.00687723 0.00341771 0.0014494 0.000524083
 3.68668e-11 1.73404e-09 5.64764e-08 1.27369e-06 1.98904e-05 0.000215087 0.00161056 0.00835135 0.0299943 0.0746738 0.129274 0.157543 0.141394 0.106973 0.0850246 0.0743244 0.0619156 0.0468818 0.0333399 0.0221793 0.013405 0.00729363 0.00354854 0.00150294 0.000534532
 3.4998e-11 1.64614e-09 5.36135e-08 1.20912e-06 1.88822e-05 0.000204184 0.00152893 0.00792819 0.0284764 0.0709137 0.122894 0.150373 0.1369 0.107611 0.0902116 0.0808356 0.066526 0.0488781 0.0341786 0.0231924 0.0146558 0.00828382 0.00407915 0.00171146 0.000598039
 3.82615e-11 1.79964e-09 5.8613e-08 1.32187e-06 2.06429e-05 0.000223224 0.00167149 0.00866718 0.0311274 0.0774833 0.134059 0.163 0.145085 0.107199 0.0820029 0.0696833 0.0573309 0.0432566 0.0310072 0.0211625 0.0133431 0.0076097 0.00383456 0.00164851 0.000583761
 3.88499e-11 1.82731e-09 5.95143e-08 1.3422e-06 2.09604e-05 0.000226657 0.00169719 0.0088005 0.0316065 0.078679 0.136149 0.165638 0.147734 0.109712 0.0842698 0.0708356 0.0562343 0.0399883 0.0270658 0.0180166 0.0114032 0.00658231 0.00335403 0.00146006 0.000525065
 3.77463e-11 1.77541e-09 5.78238e-08 1.30407e-06 2.0365e-05 0.000220218 0.00164899 0.00855061 0.0307101 0.0764576 0.132375 0.161376 0.144998 0.109947 0.0872976 0.0751477 0.0601899 0.0426962 0.0283397 0.0181255 0.0109345 0.00608771 0.00305773 0.00133414 0.000484497
 3.7946e-11 1.7848e-09 5.81297e-08 1.31097e-06 2.04727e-05 0.000221384 0.00165771 0.00859581 0.0308721 0.0768572 0.133041 0.162067 0.145232 0.109336 0.0859517 0.0737736 0.0595772 0.0430261 0.0291312 0.0187844 0.0112002 0.00604999 0.00292546 0.00123671 0.000441324
 3.7116e-11 1.74576e-09 5.68581e-08 1.28229e-06 2.00249e-05 0.000216541 0.00162145 0.00840785 0.0301977 0.0751856 0.130196 0.158835 0.143085 0.109292 0.0878084 0.0763703 0.0617672 0.0444505 0.0300684 0.0195243 0.0117754 0.00639855 0.00306911 0.00126926 0.000440478
 3.77465e-11 1.77541e-09 5.78241e-08 1.30408e-06 2.03651e-05 0.00022022 0.001649 0.00855062 0.0307098 0.0764532 0.132342 0.161221 0.144491 0.108823 0.0856465 0.0736919 0.0598124 0.0436032 0.0299287 0.0196094 0.0118791 0.0064837 0.0031246 0.00129281 0.000445195
 3.74868e-11 1.7632e-09 5.74261e-08 1.2951e-06 2.02249e-05 0.000218704 0.00163765 0.00849181 0.0304989 0.0759318 0.131464 0.160263 0.14399 0.109183 0.0867598 0.0749256 0.0605033 0.043626 0.0296655 0.0194362 0.0118727 0.00654855 0.00318236 0.00132378 0.000456906
 3.81024e-11 1.79215e-09 5.83693e-08 1.31638e-06 2.05571e-05 0.000222296 0.00166454 0.00863122 0.030999 0.077171 0.133569 0.162642 0.145526 0.109089 0.0851941 0.0728257 0.058813 0.0426357 0.0291172 0.0190513 0.0115843 0.00637711 0.00310984 0.00130266 0.000452794
 3.58517e-11 1.68629e-09 5.49214e-08 1.23862e-06 1.93428e-05 0.000209165 0.00156623 0.00812156 0.0291705 0.0726386 0.125858 0.15388 0.139706 0.108994 0.090325 0.080125 0.065201 0.0469469 0.0317609 0.0206872 0.0125788 0.00692749 0.00337638 0.00141451 0.000492841
 3.78308e-11 1.77938e-09 5.79532e-08 1.30699e-06 2.04105e-05 0.000220711 0.00165268 0.00856968 0.0307778 0.076619 0.132604 0.161423 0.144298 0.107915 0.0841149 0.0722315 0.0592332 0.0440793 0.0309476 0.0205844 0.0125643 0.00689842 0.00335277 0.00140311 0.000488901
 3.57413e-11 1.6811e-09 5.47523e-08 1.2348e-06 1.92832e-05 0.000208521 0.0015614 0.00809655 0.0290807 0.072415 0.12547 0.153407 0.13928 0.108664 0.0900488 0.0798723 0.0650222 0.0469683 0.0321025 0.0213127 0.0132656 0.00745123 0.00367193 0.0015436 0.00053785
 3.82429e-11 1.79876e-09 5.85844e-08 1.32123e-06 2.06329e-05 0.000223115 0.00167067 0.00866298 0.0311126 0.0774485 0.134014 0.163017 0.14533 0.107855 0.0830473 0.0707367 0.0579084 0.0431691 0.0304146 0.0203454 0.0125481 0.00700364 0.00347124 0.00147831 0.000521316
 3.82781e-11 1.80042e-09 5.86384e-08 1.32244e-06 2.06519e-05 0.000223321 0.00167222 0.00867102 0.031142 0.0775271 0.134187 0.163399 0.146214 0.109602 0.0854747 0.0726826 0.058041 0.0414142 0.0280228 0.0185127 0.011538 0.00652402 0.00325155 0.00138736 0.000491235
 3.67081e-11 1.72657e-09 5.62333e-08 1.2682e-06 1.98048e-05 0.000214161 0.00160363 0.00831549 0.0298664 0.0743647 0.128802 0.157261 0.142076 0.109379 0.0889015 0.0778596 0.0630009 0.0451372 0.0302823 0.0195135 0.0117842 0.00651618 0.00322686 0.00138193 0.000492211
 3.87232e-11 1.82135e-09 5.93203e-08 1.33782e-06 2.0892e-05 0.000225918 0.00169166 0.00877179 0.0315032 0.0784195 0.135685 0.165004 0.146951 0.10872 0.0832093 0.0703451 0.0570078 0.041864 0.0289787 0.0190489 0.0115157 0.00627261 0.0030379 0.00127664 0.000450158
 3.61742e-11 1.70146e-09 5.54155e-08 1.24976e-06 1.95168e-05 0.000211047 0.00158031 0.0081946 0.0294328 0.0732903 0.126978 0.155209 0.140778 0.109528 0.0903307 0.0796661 0.0643006 0.0457662 0.03066 0.0199508 0.0122039 0.00675558 0.00329171 0.00137397 0.000477811
 3.80927e-11 1.7917e-09 5.83545e-08 1.31604e-06 2.05519e-05 0.000222239 0.00166412 0.008629 0.0309907 0.0771474 0.133508 0.162472 0.145072 0.108147 0.083859 0.0717323 0.0586923 0.0435468 0.0304017 0.0200575 0.0121453 0.00663896 0.00322652 0.00135253 0.000471645
#spawning biomass
 67232.7 68787.7 56553.8 37325.4 35999.1 65455 95081.1 142270 182899 218403 237569 274387 279421 255198 269424 270954 267131 283170 261199 283217 253452 273044 267657 284358 278537 269755 275755 273840 214926 309096 211826 129912 78938.9 50950.6 36656.4 29677.6 26368.1 24828.8 24122 23800.4 23655 23589.5 23560 23546.8 23540.9 23538.3 23537.1 23536.6 23536.4 23536.3 23536.2 23536.2 23536.2 23536.2 23536.2 23536.2 23536.2 23536.2 23536.2 23536.2 23536.2 23536.2 23536.2 23536.2 23536.2 23536.2 23536.2 23536.2 23536.2 23536.2 23536.2 23536.2 23536.2 23536.2 23536.2 23536.2 23536.2 23536.2 23536.2 23536.2 23536.2 23536.2 23536.2 23536.2 23536.2 23536.2 23536.2 23536.2 23536.2 23536.2 23536.2 23536.2 23536.2 23536.2 23536.2 23536.2 23536.2 23536.2 23536.2 23536.2 23536.2 23536.2 23536.2 23536.2 23536.2 23536.2 23536.2 23536.2 23536.2 23536.2 23536.2 23536.2 23536.2 23536.2 23536.2 23536.2 23536.2 23536.2 23536.2 23536.2 23536.2 23536.2 23536.2 23536.2 23536.2 23536.2 23536.2 23536.2 0 0 0 0 0 0 0 0 0 0 0 0 0 0 0 0 0 0 0 0 0 0 0 0 0
