SBPRF35
0.819782
Curr Bio
111810
B35
656439
F35
0.212822
FOFL
0
OFL
0
Bzero
234224
#pred survey bio
 14998.2 11937.8 12153.7 15293.3 17411.5 19213.5 20930.7 30379.4 44180.7 58932.1 73287.8 98664.5 111902 126794 135212 111890 105827 102139 111420 114172 107556 108816 128714 137838 132450 145899 148412 110253 2.94955e+06 4.54517e+06 5.01785e+06 4.91718e+06 4.51327e+06 4.0106e+06 3.52649e+06 3.11287e+06 2.78294e+06 2.53084e+06 2.3435e+06 2.20675e+06 2.10802e+06 2.03706e+06 1.98552e+06 1.94748e+06 1.92064e+06 1.90151e+06 1.88773e+06 1.87768e+06 1.87027e+06 1.86474e+06 1.86057e+06 1.85739e+06 1.85494e+06 1.85304e+06 1.85155e+06 1.85037e+06 1.84944e+06 1.8487e+06 1.8481e+06 1.84762e+06 1.84724e+06 1.84692e+06 1.84667e+06 1.84646e+06 1.8463e+06 1.84616e+06 1.84605e+06 1.84596e+06 1.84588e+06 1.84582e+06 1.84577e+06 1.84573e+06 1.8457e+06 1.84567e+06 1.84565e+06 1.84563e+06 1.84562e+06 1.84561e+06 1.8456e+06 1.84559e+06 1.84558e+06 1.84558e+06 1.84557e+06 1.84557e+06 1.84556e+06 1.84556e+06 1.84556e+06 1.84556e+06 1.84556e+06 1.84556e+06 1.84556e+06 1.84555e+06 1.84555e+06 1.84555e+06 1.84555e+06 1.84555e+06 1.84555e+06 1.84555e+06 1.84555e+06 1.84555e+06 1.84555e+06 1.84555e+06 1.84555e+06 1.84555e+06 1.84555e+06 1.84555e+06 1.84555e+06 1.84555e+06 1.84555e+06 1.84555e+06 1.84555e+06 1.84555e+06 1.84555e+06 1.84555e+06 1.84555e+06 1.84555e+06 1.84555e+06 1.84555e+06 1.84555e+06 1.84555e+06 1.84555e+06 1.84555e+06 1.84555e+06 1.84555e+06 1.84555e+06 1.84555e+06 1.84555e+06 1.84555e+06 0 0 0 0 0 0 0 0 0 0 0 0 0 0 0 0 0 0 0 0 0 0 0 0 0
#obs survey bio
 14157.8 7990.09 21490.2 16219 28141.6 19085.2 28691.3 43049.6 51030.8 66574.2 72518.5 121442 156947 160634 101900 116334 107981 105796 98363.9 149750 139914 93578.6 117057 101196 128152 178604 136529 91412.5
#pred catch bio
 10135.5 7668.36 7643.84 9911.46 11082.6 13747.7 13683.6 19873.7 30769.7 44331.3 52009.4 77250.3 86614.4 93125.8 106424 85872.2 85204.4 80370.7 90753.4 96367.5 90162.6 86257.7 107911 122836 112227 123148 137322 86520.1 0 37285.4 40900.2 39694.2 35989.8 31534.5 27320.2 23774.1 20990.9 18903.7 17387.2 16310 15557.4 15037.8 14679.6 14432.4 14268.8 14160.5 14088.9 14041.5 14010.1 13989.3 13975.6 13966.5 13960.5 13956.5 13953.9 13952.1 13951 13950.2 13949.7 13949.4 13949.1 13949 13948.9 13948.8 13948.8 13948.8 13948.7 13948.7 13948.7 13948.7 13948.7 13948.7 13948.7 13948.7 13948.7 13948.7 13948.7 13948.7 13948.7 13948.7 13948.7 13948.7 13948.7 13948.7 13948.7 13948.7 13948.7 13948.7 13948.7 13948.7 13948.7 13948.7 13948.7 13948.7 13948.7 13948.7 13948.7 13948.7 13948.7 13948.7 13948.7 13948.7 13948.7 13948.7 13948.7 13948.7 13948.7 13948.7 13948.7 13948.7 13948.7 13948.7 13948.7 13948.7 13948.7 13948.7 13948.7 13948.7 13948.7 13948.7 13948.7 13948.7 13948.7 13948.7 13948.7 13948.7 13948.7 13948.7 0 0 0 0 0 0 0 0 0 0 0 0 0 0 0 0 0 0 0 0 0 0 0 0 0
#obs catch bio
 8698.55 8212.85 7203.02 8523.33 10060.7 12724.4 12457.2 17057.9 27957.5 42262.2 49893.7 74430.8 77464.2 83470 101315 81465.5 81079.7 75910.3 90650.2 90885.3 80371.3 78269.7 98497.2 121627 104632 112531 131759 83315.4
#pred cpue bio
 13495.2 10678.5 10312.5 12915.9 15213.4 16465.8 17271.9 24633.1 36400.5 47938.9 59338.3 80613 90909.2 104562 116341 95568 88441.1 83947.1 90913.3 93694.7 87741.7 87635.3 103722 110290 105142 116514 121642 89062.6 2.44099e+06 4.5035e+06 4.97617e+06 4.8755e+06 4.47159e+06 3.96892e+06 3.48482e+06 3.0712e+06 2.74127e+06 2.48917e+06 2.30182e+06 2.16508e+06 2.06634e+06 1.99538e+06 1.94384e+06 1.9058e+06 1.87897e+06 1.85984e+06 1.84605e+06 1.836e+06 1.82859e+06 1.82306e+06 1.81889e+06 1.81571e+06 1.81326e+06 1.81136e+06 1.80987e+06 1.8087e+06 1.80777e+06 1.80702e+06 1.80643e+06 1.80595e+06 1.80556e+06 1.80525e+06 1.80499e+06 1.80479e+06 1.80462e+06 1.80448e+06 1.80437e+06 1.80428e+06 1.80421e+06 1.80415e+06 1.8041e+06 1.80406e+06 1.80402e+06 1.804e+06 1.80397e+06 1.80396e+06 1.80394e+06 1.80393e+06 1.80392e+06 1.80391e+06 1.8039e+06 1.8039e+06 1.8039e+06 1.80389e+06 1.80389e+06 1.80389e+06 1.80388e+06 1.80388e+06 1.80388e+06 1.80388e+06 1.80388e+06 1.80388e+06 1.80388e+06 1.80388e+06 1.80388e+06 1.80388e+06 1.80388e+06 1.80388e+06 1.80388e+06 1.80388e+06 1.80388e+06 1.80388e+06 1.80388e+06 1.80388e+06 1.80388e+06 1.80388e+06 1.80388e+06 1.80388e+06 1.80388e+06 1.80387e+06 1.80387e+06 1.80387e+06 1.80387e+06 1.80387e+06 1.80387e+06 1.80387e+06 1.80387e+06 1.80387e+06 1.80387e+06 1.80387e+06 1.80387e+06 1.80387e+06 1.80387e+06 1.80387e+06 1.80387e+06 1.80387e+06 1.80387e+06 1.80387e+06 0 0 0 0 0 0 0 0 0 0 0 0 0 0 0 0 0 0 0 0 0 0 0 0 0
#obs cpue bio
 14695.1 9481.95 13596.3 18961.7 15137.6 19631.1 20557.1 32340.1 40329.4 47788.9 62591.9 86514.7 108612 117226 171177 118591 104776 99280.8 95408.6 102589 113168 133996 169859 144263 147888 135580 165123 120159
#pred surv len freq
 1.11699e-11 1.21239e-09 7.75928e-08 2.92811e-06 6.51544e-05 0.000854873 0.00661488 0.0302073 0.0817044 0.133276 0.142324 0.128647 0.127214 0.115461 0.0818276 0.0510271 0.0322038 0.0205956 0.0135705 0.00950677 0.00722553 0.00603264 0.00523097 0.00404315 0.00236465
 1.06025e-11 1.1508e-09 7.36508e-08 2.77935e-06 6.18445e-05 0.000811453 0.00627924 0.0286826 0.0776906 0.127616 0.140393 0.137002 0.145282 0.132894 0.0894453 0.0497144 0.027286 0.0151256 0.00840221 0.00482315 0.00297754 0.00206892 0.00158975 0.0011698 0.000681769
 1.34879e-11 1.46398e-09 9.36944e-08 3.53574e-06 7.86747e-05 0.00103226 0.00798702 0.0364632 0.098486 0.159529 0.165144 0.136319 0.121326 0.105259 0.0733088 0.0441711 0.025264 0.013153 0.00630788 0.00298174 0.00145218 0.000774263 0.000476344 0.000309779 0.000172358
 1.33439e-11 1.44835e-09 9.26942e-08 3.49799e-06 7.78349e-05 0.00102124 0.00790195 0.0360786 0.0974996 0.158352 0.165881 0.141796 0.130896 0.112492 0.0725745 0.0377453 0.0192099 0.00992042 0.00485954 0.00216618 0.000885653 0.000357925 0.000159438 8.09925e-05 3.98539e-05
 1.14988e-11 1.24808e-09 7.98772e-08 3.01432e-06 6.70728e-05 0.000880049 0.0068099 0.031103 0.084197 0.137905 0.149871 0.141779 0.14583 0.131061 0.0859162 0.0448819 0.0220038 0.0102414 0.00445332 0.00186753 0.000735693 0.000262196 8.80633e-05 3.12436e-05 1.18654e-05
 1.27638e-11 1.38539e-09 8.86647e-08 3.34593e-06 7.44514e-05 0.000976851 0.00755851 0.0345116 0.0932801 0.151622 0.159419 0.137865 0.129649 0.114551 0.0788406 0.0459483 0.0251406 0.0122785 0.00523043 0.0020142 0.000712369 0.000231655 6.83299e-05 1.85151e-05 4.93037e-06
 1.42848e-11 1.55048e-09 9.92302e-08 3.74464e-06 8.33231e-05 0.00109325 0.00845889 0.0386168 0.104295 0.168872 0.17449 0.143052 0.125328 0.104928 0.0665605 0.0336368 0.0164202 0.00810546 0.00375957 0.00154105 0.000539175 0.000162033 4.25891e-05 9.8481e-06 2.02228e-06
 1.49222e-11 1.61966e-09 1.03658e-07 3.91173e-06 8.70411e-05 0.00114203 0.00883618 0.0403363 0.108898 0.175997 0.180314 0.143889 0.121584 0.0999965 0.0628865 0.0311523 0.014337 0.00633947 0.0026249 0.00103935 0.000379613 0.000118842 3.05865e-05 6.44941e-06 1.12777e-06
 1.41889e-11 1.54007e-09 9.8564e-08 3.7195e-06 8.27638e-05 0.00108591 0.00840218 0.0383594 0.10362 0.167941 0.174284 0.144796 0.128887 0.108193 0.0675965 0.0325591 0.0144063 0.00613146 0.00239335 0.000859254 0.000284655 8.56477e-05 2.23514e-05 4.74987e-06 7.90551e-07
 1.47199e-11 1.5977e-09 1.02253e-07 3.8587e-06 8.5861e-05 0.00112654 0.00871646 0.0397912 0.107447 0.173814 0.178839 0.144663 0.124429 0.102929 0.064258 0.0311081 0.0137823 0.0057754 0.00217706 0.000743515 0.000229493 6.29341e-05 1.51437e-05 3.10076e-06 5.11867e-07
 1.4792e-11 1.60553e-09 1.02753e-07 3.8776e-06 8.62816e-05 0.00113206 0.00875918 0.0399868 0.107983 0.174745 0.180092 0.146395 0.126503 0.104033 0.0631635 0.0285483 0.0115278 0.00456303 0.00168692 0.000566616 0.000168994 4.37788e-05 9.73788e-06 1.82884e-06 2.82162e-07
 1.44584e-11 1.56932e-09 1.00436e-07 3.79014e-06 8.43356e-05 0.00110653 0.0085617 0.0390867 0.105571 0.170997 0.176954 0.145723 0.128184 0.106714 0.0658586 0.0307773 0.0128623 0.00502711 0.00174105 0.000543502 0.000154854 3.89029e-05 8.30219e-06 1.46418e-06 2.08816e-07
 1.46232e-11 1.5872e-09 1.01581e-07 3.83335e-06 8.52969e-05 0.00111914 0.00865928 0.0395319 0.10677 0.172906 0.178778 0.146809 0.128508 0.106178 0.0642609 0.0286729 0.0112812 0.00429851 0.0015042 0.000469104 0.000128049 3.01365e-05 6.07923e-06 1.02477e-06 1.38917e-07
 1.39886e-11 1.51833e-09 9.71731e-08 3.66701e-06 8.15958e-05 0.00107059 0.00828373 0.0378209 0.102196 0.165888 0.173335 0.146972 0.133877 0.112629 0.0685635 0.0306922 0.0120268 0.00446702 0.0014919 0.000446552 0.000119992 2.7896e-05 5.42499e-06 8.63984e-07 1.10559e-07
 1.20717e-11 1.31027e-09 8.38569e-08 3.1645e-06 7.04145e-05 0.000923893 0.0071491 0.0326505 0.088363 0.144541 0.156208 0.145577 0.147168 0.129986 0.081923 0.0390691 0.0166938 0.00656909 0.0022303 0.000658054 0.000170523 3.81067e-05 7.20595e-06 1.11954e-06 1.37964e-07
 1.25312e-11 1.36014e-09 8.70488e-08 3.28495e-06 7.30946e-05 0.000959055 0.00742102 0.0338887 0.0916634 0.149533 0.159719 0.144267 0.141434 0.123982 0.0790585 0.0390539 0.0176532 0.00741656 0.00271871 0.000861581 0.000231735 5.16913e-05 9.50546e-06 1.4246e-06 1.69928e-07
 1.35868e-11 1.47472e-09 9.43819e-08 3.56168e-06 7.92521e-05 0.00103984 0.00804583 0.0367355 0.0992741 0.161229 0.168871 0.144264 0.132917 0.11355 0.071839 0.0353457 0.0160326 0.00689006 0.00264886 0.000897875 0.000260486 6.22613e-05 1.19471e-05 1.8032e-06 2.10853e-07
 1.41749e-11 1.53855e-09 9.84669e-08 3.71583e-06 8.26822e-05 0.00108484 0.00839395 0.0383228 0.103535 0.167919 0.174797 0.146547 0.131692 0.110204 0.0671583 0.030348 0.0122703 0.00490171 0.00184816 0.000636324 0.000192779 4.91365e-05 1.01359e-05 1.63082e-06 1.98616e-07
 1.44535e-11 1.56879e-09 1.00402e-07 3.78888e-06 8.43074e-05 0.00110616 0.00855887 0.0390743 0.105545 0.171015 0.177254 0.146665 0.129662 0.107733 0.0655298 0.0295033 0.0116921 0.00440863 0.00150977 0.00047372 0.000137281 3.51972e-05 7.55819e-06 1.29119e-06 1.67871e-07
 1.41544e-11 1.53633e-09 9.83248e-08 3.71047e-06 8.25629e-05 0.00108328 0.00838188 0.0382684 0.103398 0.167775 0.175012 0.147632 0.133549 0.111671 0.0671786 0.0292128 0.0109594 0.0039561 0.00131193 0.000390591 0.00010403 2.44489e-05 4.9958e-06 8.52899e-07 1.14826e-07
 1.4374e-11 1.56016e-09 9.98502e-08 3.76804e-06 8.38438e-05 0.00110008 0.00851186 0.0388608 0.104984 0.170233 0.177032 0.147954 0.132284 0.109891 0.0656668 0.0281038 0.0102193 0.00353845 0.001116 0.000314785 7.96963e-05 1.76341e-05 3.32973e-06 5.26562e-07 6.78019e-08
 1.48887e-11 1.61602e-09 1.03425e-07 3.90295e-06 8.68457e-05 0.00113946 0.00881646 0.0402486 0.108693 0.175923 0.181439 0.147802 0.127914 0.104705 0.0623176 0.0266121 0.00963071 0.00329599 0.00101479 0.000275063 6.61241e-05 1.38108e-05 2.45368e-06 3.6252e-07 4.33203e-08
 1.48955e-11 1.61676e-09 1.03473e-07 3.90474e-06 8.68854e-05 0.00113999 0.00882048 0.0402666 0.108738 0.175963 0.181325 0.147327 0.127135 0.104157 0.0624728 0.0272577 0.0102154 0.00359039 0.00111362 0.000299565 7.04589e-05 1.41709e-05 2.3904e-06 3.32438e-07 3.72052e-08
 1.51181e-11 1.64092e-09 1.05019e-07 3.96308e-06 8.81836e-05 0.00115702 0.00895223 0.0408673 0.11035 0.178486 0.183529 0.148081 0.126489 0.10272 0.060631 0.0254179 0.0089395 0.00301481 0.000938295 0.000258576 6.18419e-05 1.24185e-05 2.05375e-06 2.75326e-07 2.92872e-08
 1.53456e-11 1.66561e-09 1.06599e-07 4.02272e-06 8.95106e-05 0.00117443 0.00908691 0.0414814 0.111998 0.181077 0.185834 0.148997 0.126063 0.10145 0.0587873 0.0234205 0.00744253 0.00224127 0.000639626 0.000165962 3.87596e-05 7.84093e-06 1.31467e-06 1.76446e-07 1.84498e-08
 1.51541e-11 1.64483e-09 1.05269e-07 3.97252e-06 8.83936e-05 0.00115977 0.00897356 0.0409647 0.110613 0.178918 0.183999 0.148518 0.126882 0.102882 0.0603511 0.024812 0.00832809 0.00258697 0.00070934 0.000166849 3.50088e-05 6.55083e-06 1.05604e-06 1.40655e-07 1.47839e-08
 1.41222e-11 1.53283e-09 9.81008e-08 3.70202e-06 8.23748e-05 0.00108081 0.00836283 0.0381823 0.103177 0.167508 0.175162 0.14882 0.135645 0.1133 0.0671116 0.0278535 0.00952559 0.00304874 0.000870505 0.000212502 4.43429e-05 7.76298e-06 1.13426e-06 1.38657e-07 1.38517e-08
 1.46584e-11 1.59103e-09 1.01826e-07 3.84259e-06 8.55027e-05 0.00112185 0.00868024 0.0396289 0.10705 0.173505 0.18007 0.149532 0.132411 0.108745 0.0631907 0.0250156 0.00782127 0.00230235 0.00063864 0.000158001 3.4079e-05 6.15869e-06 9.02492e-07 1.05445e-07 9.72112e-09
#obs surv len freq
 1.15914e-11 1.25814e-09 8.05207e-08 3.0386e-06 6.76131e-05 0.000887137 0.00686464 0.0313497 0.084806 0.13834 0.14737 0.131586 0.128725 0.120146 0.0918762 0.0601849 0.0340975 0.0157611 0.00580124 0.00168628 0.000376678 6.24134e-05 7.41839e-06 6.1295e-07 3.42259e-08
 8.3479e-12 9.06086e-10 5.79894e-08 2.18835e-06 4.86942e-05 0.000638934 0.00494511 0.0226067 0.0614565 0.10255 0.119378 0.130573 0.151672 0.149173 0.114417 0.0740418 0.0410912 0.0185042 0.00659604 0.00184288 0.00039259 6.15715e-05 6.87916e-06 5.31103e-07 2.75736e-08
 1.84667e-11 2.00439e-09 1.28281e-07 4.84091e-06 0.000107716 0.00141328 0.0109341 0.0498923 0.1344 0.214739 0.208071 0.134755 0.0785198 0.0564882 0.0451459 0.0330219 0.0195542 0.0088518 0.00307809 0.000827131 0.00016801 2.49448e-05 2.62123e-06 1.89259e-07 9.14608e-09
 8.42919e-12 9.1491e-10 5.85542e-08 2.20967e-06 4.91691e-05 0.000645201 0.00499484 0.022859 0.0624401 0.106244 0.131501 0.157231 0.184137 0.162352 0.0968243 0.0428566 0.0174024 0.00707691 0.00252748 0.000696028 0.000139493 1.98596e-05 1.9704e-06 1.33226e-07 5.99831e-09
 1.40844e-11 1.52873e-09 9.78383e-08 3.69212e-06 8.21547e-05 0.00107792 0.00834049 0.0380773 0.102814 0.16603 0.168485 0.128722 0.104057 0.0962428 0.0835217 0.0587821 0.0299402 0.0105047 0.00266463 0.000545075 9.40325e-05 1.26821e-05 1.21667e-06 7.86617e-08 3.33819e-09
 1.19725e-11 1.29951e-09 8.31683e-08 3.13852e-06 6.98372e-05 0.000916358 0.00709203 0.032412 0.0879347 0.144979 0.159381 0.148941 0.143098 0.12031 0.0779332 0.0425588 0.0214606 0.00920213 0.00294297 0.000654038 9.98252e-05 1.07425e-05 8.38882e-07 4.71977e-08 1.83422e-09
 1.64664e-11 1.78727e-09 1.14385e-07 4.31655e-06 9.60493e-05 0.00126024 0.00975124 0.0445186 0.120198 0.193909 0.1953 0.143396 0.103124 0.0790483 0.0548867 0.0320726 0.0150457 0.00544542 0.00153885 0.000341442 5.63504e-05 6.44472e-06 4.89977e-07 2.44797e-08 8.06108e-10
 1.34517e-11 1.46006e-09 9.34436e-08 3.52629e-06 7.84657e-05 0.00102958 0.00796846 0.0364174 0.0987702 0.162396 0.175751 0.155903 0.138611 0.108795 0.0649772 0.0308163 0.0126235 0.00437697 0.00119589 0.000245581 3.69483e-05 3.98192e-06 2.97969e-07 1.49189e-08 4.84075e-10
 1.42261e-11 1.54411e-09 9.88232e-08 3.72929e-06 8.29828e-05 0.00108884 0.00842664 0.0385011 0.104285 0.170419 0.179956 0.149799 0.125327 0.100198 0.0661422 0.035194 0.0146996 0.00459218 0.00106767 0.000189308 2.55104e-05 2.5095e-06 1.72293e-07 7.98648e-09 2.43886e-10
 1.42292e-11 1.54445e-09 9.88446e-08 3.73011e-06 8.30012e-05 0.0010891 0.00842921 0.0385223 0.104435 0.171182 0.182326 0.153861 0.12838 0.0992327 0.0621172 0.0316428 0.0131961 0.0042745 0.0010243 0.000176957 2.16939e-05 1.86844e-06 1.12027e-07 4.6012e-09 1.26433e-10
 1.28673e-11 1.39662e-09 8.93837e-08 3.37309e-06 7.50579e-05 0.000984921 0.00762429 0.034869 0.0947978 0.157037 0.173132 0.157303 0.140576 0.111055 0.0691278 0.0343522 0.0137002 0.00421041 0.000967152 0.000163217 1.97042e-05 1.64651e-06 9.27256e-08 3.45865e-09 8.446e-11
 1.41646e-11 1.53743e-09 9.83958e-08 3.71318e-06 8.26252e-05 0.0010842 0.00839209 0.0383648 0.104108 0.17107 0.182961 0.154308 0.127395 0.0985407 0.0630608 0.0325162 0.0131247 0.00395857 0.000872624 0.000139524 1.59186e-05 1.26326e-06 6.79158e-08 2.41619e-09 5.57632e-11
 1.35613e-11 1.47195e-09 9.4205e-08 3.55504e-06 7.91074e-05 0.00103809 0.00803658 0.0367635 0.0999988 0.165672 0.18158 0.160378 0.136164 0.102683 0.0617684 0.0298503 0.0116093 0.00347379 0.000766133 0.000121017 1.33534e-05 1.00659e-06 5.0881e-08 1.69622e-09 3.67024e-11
 1.13967e-11 1.237e-09 7.91685e-08 2.98763e-06 6.64832e-05 0.000872524 0.00675762 0.0309607 0.0846939 0.14313 0.166374 0.164147 0.153587 0.12116 0.0743236 0.0358052 0.0134259 0.00377998 0.00078188 0.000117245 1.24433e-05 9.05818e-07 4.39751e-08 1.3938e-09 2.83904e-11
 9.24636e-12 1.00361e-09 6.42313e-08 2.42396e-06 5.39422e-05 0.000708042 0.0054867 0.0251869 0.0693759 0.119952 0.148269 0.161724 0.165047 0.139541 0.092299 0.0475142 0.0184342 0.00519409 0.00104611 0.00014931 1.48716e-05 1.01246e-06 4.61286e-08 1.37872e-09 2.65458e-11
 1.21567e-11 1.3195e-09 8.44483e-08 3.18688e-06 7.09171e-05 0.000930705 0.00720757 0.0330046 0.0900449 0.150406 0.167915 0.152908 0.136366 0.113621 0.0793421 0.0436575 0.0179416 0.00530159 0.00110343 0.00015895 1.55486e-05 1.01517e-06 4.36074e-08 1.21663e-09 2.17765e-11
 1.1715e-11 1.27156e-09 8.13802e-08 3.07113e-06 6.83441e-05 0.000897061 0.00695034 0.0318785 0.0874464 0.148562 0.173093 0.167138 0.149011 0.113014 0.0688881 0.0342515 0.0136497 0.00411441 0.000888471 0.000132151 1.31612e-05 8.59798e-07 3.6284e-08 9.77238e-10 1.66321e-11
 1.24414e-11 1.3504e-09 8.64263e-08 3.26157e-06 7.25821e-05 0.000952686 0.007381 0.0338443 0.0927085 0.156559 0.178822 0.166031 0.143341 0.108208 0.0657127 0.031238 0.0113423 0.00307457 0.00061223 8.72421e-05 8.56064e-06 5.57278e-07 2.34086e-08 6.22788e-10 1.03645e-11
 1.16962e-11 1.26952e-09 8.12503e-08 3.06628e-06 6.82396e-05 0.000895826 0.00694392 0.0318905 0.0877855 0.150355 0.177499 0.172454 0.151637 0.111977 0.0652247 0.0297035 0.0103444 0.00265817 0.000490769 6.38215e-05 5.7234e-06 3.45613e-07 1.37143e-08 3.49642e-10 5.62067e-12
 1.20746e-11 1.31059e-09 8.38791e-08 3.1655e-06 7.04486e-05 0.000924853 0.00716927 0.0329257 0.0905893 0.154672 0.180475 0.171215 0.147637 0.108998 0.063919 0.028849 0.00971559 0.00237132 0.000411532 4.98771e-05 4.12965e-06 2.28372e-07 8.27063e-09 1.92923e-10 2.85721e-12
 1.28078e-11 1.39017e-09 8.89724e-08 3.35774e-06 7.4728e-05 0.000981068 0.00760559 0.0349317 0.0960747 0.163574 0.188539 0.173255 0.14262 0.100582 0.0566425 0.0247265 0.00810477 0.00192293 0.000321063 3.68968e-05 2.85897e-06 1.46543e-07 4.88572e-09 1.04403e-10 1.4119e-12
 1.2067e-11 1.30977e-09 8.38272e-08 3.16364e-06 7.04137e-05 0.000924635 0.00717288 0.0330087 0.0912903 0.15771 0.187511 0.179366 0.150208 0.104044 0.0562304 0.0233011 0.00723717 0.00163165 0.0002596 2.84268e-05 2.09075e-06 1.01034e-07 3.15077e-09 6.25167e-11 7.80358e-13
 1.28188e-11 1.39137e-09 8.90499e-08 3.36076e-06 7.48015e-05 0.000982252 0.00761928 0.0350475 0.0967368 0.165884 0.193033 0.177555 0.143474 0.097888 0.0525001 0.0212985 0.00633621 0.00134515 0.000199842 2.04013e-05 1.40121e-06 6.33483e-08 1.84902e-09 3.42948e-11 3.9913e-13
 1.20603e-11 1.30905e-09 8.37826e-08 3.1621e-06 7.03875e-05 0.000924585 0.00717841 0.0331022 0.0919836 0.160373 0.192834 0.184288 0.15056 0.100165 0.0514597 0.0199864 0.00572091 0.00116809 0.000165486 1.59155e-05 1.01921e-06 4.27053e-08 1.15276e-09 1.97757e-11 2.13076e-13
 1.21634e-11 1.32024e-09 8.44994e-08 3.18921e-06 7.09945e-05 0.000932664 0.00724291 0.033415 0.0929079 0.161946 0.19396 0.183693 0.149133 0.0994456 0.0511232 0.0195371 0.00538993 0.00104639 0.000140164 1.27169e-05 7.66144e-07 3.00648e-08 7.55927e-10 1.20186e-11 1.1957e-13
 1.08121e-11 1.17358e-09 7.51148e-08 2.83525e-06 6.31292e-05 0.000829846 0.00645523 0.0299149 0.0841482 0.150761 0.190127 0.191301 0.160294 0.106348 0.0534224 0.0198661 0.00532696 0.00100017 0.000128333 1.10334e-05 6.24504e-07 2.29013e-08 5.36481e-10 7.93092e-12 7.3226e-14
 1.09272e-11 1.18608e-09 7.5916e-08 2.86556e-06 6.38078e-05 0.000838859 0.00652649 0.0302488 0.0850375 0.151844 0.189773 0.188915 0.15854 0.106941 0.0545842 0.020274 0.0053192 0.000963269 0.000118272 9.6807e-06 5.1907e-07 1.79333e-08 3.93622e-10 5.42637e-12 4.65518e-14
 1.11953e-11 1.21519e-09 7.77806e-08 2.93608e-06 6.5385e-05 0.000859803 0.00669289 0.0310509 0.0874249 0.156241 0.19438 0.190257 0.155372 0.102012 0.0510489 0.0187364 0.00487246 0.000870698 0.000104385 8.2387e-06 4.21352e-07 1.37752e-08 2.8455e-10 3.67702e-12 2.94723e-14
#pred catch len freq
 9.57108e-12 1.03885e-09 6.64862e-08 2.50898e-06 5.58284e-05 0.000732519 0.00566849 0.0258944 0.0701597 0.115419 0.127786 0.126758 0.137029 0.128465 0.0916974 0.0572509 0.0361366 0.023111 0.0152279 0.0106679 0.00810801 0.00676942 0.00586984 0.00453695 0.00265345
 8.86524e-12 9.62236e-10 6.1583e-08 2.32396e-06 5.17114e-05 0.000678511 0.005251 0.0239973 0.0651576 0.108299 0.125008 0.136098 0.157801 0.148655 0.100693 0.056029 0.0307561 0.0170495 0.00947088 0.0054366 0.00335625 0.00233206 0.00179195 0.00131859 0.000768482
 1.16982e-11 1.26972e-09 8.12621e-08 3.06658e-06 6.82356e-05 0.000895301 0.0069277 0.031636 0.0855709 0.139601 0.14916 0.135025 0.133698 0.121253 0.0853186 0.0514978 0.0294605 0.015338 0.00735578 0.00347708 0.00169343 0.000902887 0.000555477 0.000361241 0.000200991
 1.16636e-11 1.26597e-09 8.10218e-08 3.05751e-06 6.80339e-05 0.000892658 0.00690742 0.0315471 0.085382 0.139707 0.151186 0.14144 0.143831 0.128423 0.0835884 0.0435444 0.0221662 0.0114473 0.00560749 0.00249958 0.00102197 0.000413014 0.000183977 9.34583e-05 4.59879e-05
 9.72729e-12 1.0558e-09 6.75713e-08 2.54994e-06 5.67398e-05 0.000744484 0.00576138 0.0263256 0.0714222 0.118252 0.134396 0.141455 0.159568 0.148007 0.0977011 0.0511025 0.0250578 0.011663 0.00507148 0.00212676 0.000837814 0.000298591 0.000100287 3.55805e-05 1.35125e-05
 1.14489e-11 1.24267e-09 7.95304e-08 3.00123e-06 6.67815e-05 0.000876225 0.00678022 0.0309652 0.0837934 0.136999 0.147761 0.13715 0.139118 0.126625 0.0877413 0.0511956 0.0280156 0.0136828 0.00582863 0.00224456 0.000793842 0.000258149 7.61446e-05 2.06326e-05 5.49425e-06
 1.26907e-11 1.37745e-09 8.81565e-08 3.32676e-06 7.40248e-05 0.000971257 0.00751536 0.0343178 0.0928003 0.151196 0.160609 0.142883 0.137868 0.120259 0.077034 0.0390009 0.0190436 0.00940063 0.00436032 0.00178729 0.00062533 0.000187924 4.93945e-05 1.14217e-05 2.34542e-06
 1.3381e-11 1.45238e-09 9.29521e-08 3.50772e-06 7.80515e-05 0.00102409 0.00792399 0.0361801 0.0977863 0.158918 0.166939 0.143853 0.133917 0.115016 0.0730971 0.0362822 0.0167026 0.00738566 0.00305808 0.00121087 0.00044226 0.000138454 3.56342e-05 7.51375e-06 1.31389e-06
 1.28378e-11 1.39342e-09 8.91785e-08 3.36532e-06 7.48829e-05 0.000982517 0.0076025 0.0347159 0.0938797 0.152977 0.162604 0.144888 0.139891 0.121502 0.0765279 0.0369175 0.0163384 0.00695394 0.0027144 0.000974516 0.000322839 9.71366e-05 2.53497e-05 5.38702e-06 8.96597e-07
 1.37418e-11 1.49154e-09 9.54583e-08 3.6023e-06 8.0156e-05 0.0010517 0.00813756 0.0371537 0.100396 0.162981 0.170379 0.14472 0.132382 0.112559 0.0707411 0.0342901 0.0151948 0.00636744 0.00240023 0.000819733 0.000253018 6.93856e-05 1.66961e-05 3.41862e-06 5.64339e-07
 1.3563e-11 1.47213e-09 9.4216e-08 3.55542e-06 7.91128e-05 0.00103801 0.00803177 0.0366727 0.0991249 0.16115 0.169544 0.146692 0.136841 0.11637 0.0712299 0.0322448 0.0130236 0.00515527 0.00190587 0.000640159 0.000190928 4.9461e-05 1.10018e-05 2.06621e-06 3.18785e-07
 1.36669e-11 1.48341e-09 9.4938e-08 3.58267e-06 7.9719e-05 0.00104596 0.00809326 0.0369524 0.0998662 0.162237 0.170139 0.145854 0.13475 0.114605 0.071094 0.0332568 0.0139006 0.005433 0.00188162 0.000587385 0.000167356 4.20439e-05 8.9725e-06 1.5824e-06 2.25676e-07
 1.37833e-11 1.49605e-09 9.5747e-08 3.6132e-06 8.03984e-05 0.00105488 0.00816222 0.0372673 0.100717 0.163619 0.171582 0.147044 0.135623 0.114647 0.0697719 0.0311655 0.012264 0.00467306 0.00163527 0.00050998 0.000139206 3.27624e-05 6.60895e-06 1.11406e-06 1.51022e-07
 1.28622e-11 1.39607e-09 8.93483e-08 3.37173e-06 7.50255e-05 0.000984389 0.00761704 0.0347835 0.0940784 0.153431 0.163682 0.147286 0.14342 0.123994 0.0759704 0.0340503 0.0133453 0.00495684 0.00165549 0.000495519 0.000133149 3.09549e-05 6.01987e-06 9.58724e-07 1.22683e-07
 1.12255e-11 1.21842e-09 7.79786e-08 2.94267e-06 6.54786e-05 0.000859136 0.00664824 0.0303686 0.082263 0.135172 0.148908 0.145678 0.154132 0.138386 0.0875399 0.0417767 0.0178525 0.00702513 0.00238514 0.000703738 0.000182361 4.07522e-05 7.70621e-06 1.19726e-06 1.47542e-07
 1.15573e-11 1.25444e-09 8.02838e-08 3.02967e-06 6.74142e-05 0.00088453 0.00684462 0.0312625 0.0846424 0.138743 0.15128 0.14428 0.149287 0.13353 0.085538 0.0422907 0.0191186 0.0080323 0.00294443 0.000933113 0.000250974 5.59829e-05 1.02946e-05 1.54287e-06 1.84036e-07
 1.29092e-11 1.40117e-09 8.96745e-08 3.38404e-06 7.52993e-05 0.00098798 0.00764474 0.034908 0.0943885 0.153721 0.162999 0.144273 0.138381 0.120189 0.0763353 0.0375853 0.0170502 0.00732747 0.00281702 0.000954877 0.000277023 6.6214e-05 1.27056e-05 1.91768e-06 2.24239e-07
 1.33973e-11 1.45415e-09 9.30653e-08 3.512e-06 7.81466e-05 0.00102534 0.00793372 0.0362261 0.097931 0.159318 0.168124 0.146735 0.138232 0.118008 0.0722575 0.0326825 0.0132161 0.0052796 0.00199064 0.000685381 0.000207642 5.29247e-05 1.09173e-05 1.75655e-06 2.13928e-07
 1.38777e-11 1.50629e-09 9.64022e-08 3.63792e-06 8.09485e-05 0.0010621 0.00821804 0.0375215 0.101395 0.164646 0.172316 0.146815 0.134524 0.113531 0.0693178 0.0312317 0.0123784 0.00466748 0.00159841 0.000501535 0.000145342 3.72638e-05 8.00197e-06 1.367e-06 1.77728e-07
 1.37814e-11 1.49584e-09 9.57333e-08 3.61268e-06 8.03869e-05 0.00105473 0.00816108 0.0372625 0.10071 0.163651 0.171824 0.147762 0.136749 0.115462 0.0696208 0.0302886 0.0113638 0.00410212 0.00136036 0.000405008 0.000107869 2.53513e-05 5.1802e-06 8.84381e-07 1.19064e-07
 1.39653e-11 1.5158e-09 9.70109e-08 3.66089e-06 8.14596e-05 0.0010688 0.00826994 0.0377587 0.102039 0.165716 0.173546 0.148113 0.135816 0.114063 0.0683396 0.0292629 0.0106416 0.00368473 0.00116214 0.000327799 8.29911e-05 1.83632e-05 3.46739e-06 5.48331e-07 7.06049e-08
 1.41869e-11 1.53985e-09 9.85503e-08 3.71899e-06 8.27523e-05 0.00108576 0.00840111 0.0383563 0.103636 0.168169 0.175454 0.148078 0.133983 0.111872 0.0669077 0.0285997 0.0103516 0.00354278 0.00109078 0.000295659 7.10753e-05 1.48449e-05 2.63741e-06 3.89664e-07 4.65639e-08
 1.45025e-11 1.5741e-09 1.00742e-07 3.80171e-06 8.45929e-05 0.00110991 0.00858786 0.0392068 0.105906 0.171618 0.177967 0.147462 0.130504 0.108151 0.0650519 0.0283987 0.010644 0.00374106 0.00116035 0.000312136 7.34158e-05 1.47656e-05 2.49071e-06 3.46389e-07 3.87666e-08
 1.51051e-11 1.63952e-09 1.04929e-07 3.95969e-06 8.81082e-05 0.00115603 0.00894459 0.0408325 0.110256 0.178344 0.183419 0.148086 0.126602 0.102853 0.0607152 0.0254537 0.00895213 0.00301907 0.00093962 0.000258941 6.19293e-05 1.2436e-05 2.05665e-06 2.75715e-07 2.93286e-08
 1.50291e-11 1.63126e-09 1.04401e-07 3.93976e-06 8.76647e-05 0.00115021 0.00889961 0.0406282 0.109718 0.177584 0.183153 0.14917 0.128875 0.104732 0.0608379 0.0242495 0.00770661 0.00232082 0.00066233 0.000171853 4.01354e-05 8.11925e-06 1.36133e-06 1.82709e-07 1.91047e-08
 1.48095e-11 1.60743e-09 1.02875e-07 3.88218e-06 8.63836e-05 0.0011334 0.00876961 0.0400356 0.10813 0.175113 0.181071 0.148684 0.12991 0.106435 0.0625963 0.0257482 0.00864311 0.00268485 0.00073618 0.000173163 3.63334e-05 6.7987e-06 1.096e-06 1.45977e-07 1.53433e-08
 1.43828e-11 1.56112e-09 9.99113e-08 3.77034e-06 8.3895e-05 0.00110075 0.00851708 0.038885 0.105055 0.170387 0.177378 0.148699 0.133363 0.110618 0.0654125 0.0271392 0.00928079 0.00297037 0.000848128 0.00020704 4.3203e-05 7.56343e-06 1.10511e-06 1.35093e-07 1.34957e-08
 1.38958e-11 1.50826e-09 9.65284e-08 3.64268e-06 8.10545e-05 0.00106349 0.00822889 0.0375727 0.101556 0.165088 0.173614 0.149962 0.139206 0.116668 0.0681284 0.0269968 0.0084422 0.00248519 0.000689358 0.000170549 3.67854e-05 6.64779e-06 9.74165e-07 1.13819e-07 1.04931e-08
#obs catch len freq
 9.76264e-12 1.05964e-09 6.78171e-08 2.55921e-06 5.69461e-05 0.00074719 0.0057822 0.026417 0.0716046 0.117925 0.130728 0.129275 0.139791 0.135674 0.105093 0.0694147 0.0396169 0.0184551 0.00685742 0.00201566 0.000455926 7.65812e-05 9.23407e-06 7.74267e-07 4.38752e-08
 9.9725e-12 1.08242e-09 6.92749e-08 2.61422e-06 5.81703e-05 0.000763256 0.00590664 0.0269873 0.0731661 0.120554 0.1336 0.131236 0.139933 0.134215 0.103099 0.0673282 0.0377012 0.0171164 0.00615589 0.00173719 0.000374135 5.93675e-05 6.71441e-06 5.24863e-07 2.75898e-08
 7.09756e-12 7.70373e-10 4.93038e-08 1.86058e-06 4.14012e-05 0.000543261 0.00420536 0.0192404 0.0524965 0.0889879 0.109298 0.131201 0.160954 0.160041 0.122733 0.0790084 0.0432663 0.0191073 0.00664449 0.00179933 0.000368974 5.53343e-05 5.87491e-06 4.28629e-07 2.09303e-08
 1.74879e-11 1.89815e-09 1.21481e-07 4.58433e-06 0.000102007 0.00133838 0.0103548 0.0472542 0.127355 0.203921 0.199444 0.133789 0.084388 0.0647835 0.0526225 0.0381957 0.022218 0.00983651 0.00333072 0.000866081 0.000169074 2.39686e-05 2.39031e-06 1.62915e-07 7.39816e-09
 7.46662e-12 8.10432e-10 5.18676e-08 1.95734e-06 4.35549e-05 0.00057156 0.00442574 0.0202747 0.0556187 0.0962658 0.125308 0.16055 0.193523 0.170198 0.10062 0.0442875 0.0178779 0.0071484 0.00248075 0.000658759 0.000126568 1.71765e-05 1.6153e-06 1.02987e-07 4.3533e-09
 1.31597e-11 1.42837e-09 9.14154e-08 3.44974e-06 7.67615e-05 0.00100718 0.00779348 0.035588 0.0961858 0.155957 0.160779 0.128569 0.110472 0.104901 0.0907987 0.0627772 0.0311818 0.0106549 0.00263323 0.000522694 8.66242e-05 1.11176e-05 1.00878e-06 6.14129e-08 2.44471e-09
 1.11909e-11 1.21467e-09 7.77386e-08 2.93363e-06 6.52783e-05 0.000856562 0.00662999 0.0303144 0.0824014 0.136879 0.154241 0.151192 0.150121 0.126641 0.0816429 0.0443076 0.0219975 0.00917311 0.00283044 0.000604343 8.83651e-05 9.07165e-06 6.71358e-07 3.55468e-08 1.29347e-09
 1.5857e-11 1.72113e-09 1.10152e-07 4.1568e-06 9.24948e-05 0.00121361 0.00939094 0.0428819 0.11587 0.187501 0.190967 0.14458 0.108299 0.0844013 0.0583997 0.0336443 0.0154412 0.00544637 0.0014931 0.000318714 5.01851e-05 5.4468e-06 3.91562e-07 1.84315e-08 5.69408e-10
 1.29113e-11 1.4014e-09 8.96895e-08 3.38462e-06 7.53139e-05 0.000988252 0.00764932 0.0349724 0.0949928 0.157045 0.172896 0.158442 0.143956 0.112796 0.066723 0.031269 0.0125726 0.0042421 0.00112009 0.000220965 3.17456e-05 3.24662e-06 2.2924e-07 1.07841e-08 3.278e-10
 1.37869e-11 1.49643e-09 9.57717e-08 3.61415e-06 8.0421e-05 0.00105525 0.00816732 0.0373277 0.101222 0.166095 0.177653 0.151821 0.129696 0.103717 0.0677685 0.0354233 0.0144227 0.00437229 0.000983039 0.000167581 2.15506e-05 2.00971e-06 1.30113e-07 5.66245e-09 1.61746e-10
 1.38942e-11 1.50808e-09 9.65172e-08 3.64229e-06 8.10476e-05 0.00106349 0.0082317 0.0376315 0.102137 0.16807 0.181063 0.156031 0.131911 0.101536 0.0628437 0.0314786 0.012803 0.00401614 0.000926791 0.00015338 1.79222e-05 1.46375e-06 8.27798e-08 3.19081e-09 8.19521e-11
 1.2605e-11 1.36816e-09 8.75621e-08 3.30436e-06 7.35291e-05 0.000964889 0.00747007 0.0341775 0.0930481 0.154836 0.172744 0.159754 0.143628 0.112517 0.0690938 0.0336924 0.0130863 0.00389291 0.000860893 0.000139007 1.59594e-05 1.26191e-06 6.69662e-08 2.34477e-09 5.35576e-11
 1.39726e-11 1.5166e-09 9.70623e-08 3.66287e-06 8.15063e-05 0.00106955 0.00827941 0.0378618 0.102852 0.169569 0.182938 0.156423 0.129824 0.0996107 0.0628245 0.0317081 0.0124328 0.00362279 0.000767737 0.000117331 1.272e-05 9.54136e-07 4.82696e-08 1.60993e-09 3.47287e-11
 1.34397e-11 1.45876e-09 9.33605e-08 3.52318e-06 7.83992e-05 0.00102883 0.0079658 0.0364535 0.0992748 0.165051 0.182374 0.162656 0.137921 0.102757 0.0608447 0.028794 0.0108803 0.00314149 0.000664615 0.000100127 1.04818e-05 7.4609e-07 3.54605e-08 1.10737e-09 2.2375e-11
 1.13289e-11 1.22964e-09 7.86976e-08 2.96987e-06 6.6089e-05 0.000867396 0.00671905 0.0308006 0.0843949 0.143258 0.167975 0.166811 0.155092 0.12058 0.0726645 0.0341887 0.0124304 0.00337424 0.000669317 9.56552e-05 9.61796e-06 6.60053e-07 3.00894e-08 8.92578e-10 1.69686e-11
 9.22963e-12 1.00179e-09 6.41152e-08 2.4196e-06 5.38463e-05 0.000706837 0.00547866 0.0251684 0.0694714 0.120747 0.15054 0.16476 0.16663 0.138754 0.0900192 0.0451287 0.0169325 0.0045901 0.0008849 0.00012022 1.13354e-05 7.26998e-07 3.10726e-08 8.68199e-10 1.55839e-11
 1.21862e-11 1.3227e-09 8.4653e-08 3.19462e-06 7.10903e-05 0.00093302 0.00722651 0.0331051 0.0904251 0.151481 0.170014 0.155342 0.137627 0.113011 0.077302 0.0413424 0.0164012 0.00465241 0.000924456 0.000126458 1.16909e-05 7.18348e-07 2.89299e-08 7.54201e-10 1.25785e-11
 1.17879e-11 1.27947e-09 8.18868e-08 3.09027e-06 6.87715e-05 0.00090273 0.00699561 0.0321037 0.0881913 0.150303 0.175859 0.169535 0.149222 0.111218 0.066506 0.032238 0.0124143 0.00358737 0.000737798 0.000103949 9.76194e-06 5.99075e-07 2.3672e-08 5.95307e-10 9.43764e-12
 1.25522e-11 1.36242e-09 8.7196e-08 3.29063e-06 7.32306e-05 0.000961257 0.00744873 0.0341715 0.0937196 0.15867 0.181773 0.168298 0.143305 0.1061 0.0629732 0.0290811 0.010193 0.00265155 0.000503292 6.78877e-05 6.26977e-06 3.82568e-07 1.50175e-08 3.725e-10 5.76841e-12
 1.18375e-11 1.28485e-09 8.22318e-08 3.10335e-06 6.90665e-05 0.000906755 0.00703024 0.0323062 0.0890553 0.152929 0.180896 0.174746 0.151125 0.109307 0.0621902 0.0274891 0.00922437 0.00226979 0.000398934 4.90965e-05 4.14378e-06 2.34384e-07 8.67913e-09 2.05919e-10 3.07461e-12
 1.22481e-11 1.32942e-09 8.50843e-08 3.21102e-06 7.14637e-05 0.000938256 0.00727479 0.033429 0.0920895 0.157571 0.184048 0.173421 0.14694 0.106105 0.0606407 0.0265042 0.00858714 0.00200468 0.000330814 3.79021e-05 2.95122e-06 1.52816e-07 5.16332e-09 1.12032e-10 1.5397e-12
 1.30013e-11 1.41118e-09 9.03175e-08 3.40854e-06 7.58611e-05 0.000996029 0.00772327 0.0354912 0.0977247 0.166676 0.192148 0.175161 0.141487 0.097474 0.0534534 0.0225786 0.00711038 0.00161079 0.000255324 2.77059e-05 2.01741e-06 9.67775e-08 3.00932e-09 5.98065e-11 7.50483e-13
 1.2288e-11 1.33376e-09 8.5363e-08 3.22165e-06 7.17079e-05 0.000941735 0.00730755 0.0336498 0.0931808 0.161237 0.191499 0.181241 0.14861 0.100422 0.052795 0.0211508 0.00630649 0.0013563 0.000204622 2.11304e-05 1.45877e-06 6.59193e-08 1.91637e-09 3.53559e-11 4.0949e-13
 1.30579e-11 1.41732e-09 9.07116e-08 3.42353e-06 7.62017e-05 0.00100075 0.00776475 0.0357371 0.0987467 0.169541 0.196998 0.179254 0.141731 0.0941811 0.0490252 0.0191884 0.00547252 0.00110731 0.000155892 1.49976e-05 9.66056e-07 4.08039e-08 1.10933e-09 1.91189e-11 2.06366e-13
 1.23145e-11 1.33665e-09 8.55496e-08 3.22886e-06 7.18779e-05 0.000944296 0.00733388 0.0338429 0.0941569 0.164342 0.197077 0.185901 0.148386 0.0960941 0.0478993 0.0179369 0.00491576 0.00095511 0.000128054 1.1596e-05 6.96111e-07 2.72395e-08 6.84564e-10 1.09064e-11 1.0892e-13
 1.24359e-11 1.34983e-09 8.63942e-08 3.26081e-06 7.2593e-05 0.000953809 0.00740963 0.0342078 0.09522 0.166113 0.198324 0.185297 0.146862 0.0951789 0.0473722 0.0174228 0.00459698 0.000848603 0.000107482 9.17297e-06 5.1757e-07 1.89552e-08 4.4355e-10 6.54807e-12 6.03756e-14
 1.10935e-11 1.20414e-09 7.70722e-08 2.90925e-06 6.4783e-05 0.000851771 0.0066289 0.0307476 0.0866081 0.155259 0.194878 0.192999 0.157724 0.101686 0.0494345 0.0176751 0.00452637 0.000806891 9.77796e-05 7.90147e-06 4.18625e-07 1.43202e-08 3.12047e-10 4.28144e-12 3.66231e-14
 1.12202e-11 1.2179e-09 7.79539e-08 2.94261e-06 6.55301e-05 0.000861696 0.00670733 0.0311145 0.0875824 0.156461 0.194637 0.190756 0.156059 0.102124 0.0503304 0.0179407 0.00449013 0.000771321 8.93557e-05 6.86754e-06 3.44378e-07 1.10916e-08 2.26371e-10 2.89567e-12 2.30105e-14
#spawning biomass
 15108 12029.1 12289.1 15467.6 17571.3 19414.8 21199.8 30802.8 44752.4 59741.3 74314.4 99991.7 113445 128424 136586 113082 107102 103475 112927 115675 109012 110375 130553 139866 134462 148062 150375 111810 124451 215757 236550 229633 208388 182836 158666 138329 122366 110396 101698 95520.4 91204.5 88224.4 86170.3 84752.4 83814.1 83193.2 82782.3 82510.3 82330.4 82211.3 82132.5 82080.3 82045.8 82022.9 82007.8 81997.8 81991.2 81986.8 81983.9 81982 81980.7 81979.9 81979.3 81979 81978.7 81978.6 81978.4 81978.4 81978.3 81978.3 81978.3 81978.3 81978.3 81978.3 81978.2 81978.2 81978.2 81978.2 81978.2 81978.2 81978.2 81978.2 81978.2 81978.2 81978.2 81978.2 81978.2 81978.2 81978.2 81978.2 81978.2 81978.2 81978.2 81978.2 81978.2 81978.2 81978.2 81978.2 81978.2 81978.2 81978.2 81978.2 81978.2 81978.2 81978.2 81978.2 81978.2 81978.2 81978.2 81978.2 81978.2 81978.2 81978.2 81978.2 81978.2 81978.2 81978.2 81978.2 81978.2 81978.2 81978.2 81978.2 81978.2 81978.2 81978.2 81978.2 81978.2 81978.2 0 0 0 0 0 0 0 0 0 0 0 0 0 0 0 0 0 0 0 0 0 0 0 0 0
