SBPRF35
0.256306
Curr Bio
174935
B35
199296
F35
0.388345
FOFL
0.388345
OFL
75015.1
Bzero
73230.3
#pred survey bio
 25715.9 21959.2 16378.7 14932.9 24731.5 38409.3 51678.8 61935.4 86279.9 119520 149922 195071 216171 246982 239862 213307 223261 206424 213686 213713 218935 219024 218260 224742 248857 256405 258385 247114 264620 6.83514e+06 5.45765e+06 3.89885e+06 2.63561e+06 1.81366e+06 1.33305e+06 1.06691e+06 923003 845479 803265 779794 766387 758498 753719 750746 748855 747637 746843 746319 745970 745738 745582 745477 745406 745358 745326 745304 745289 745279 745273 745268 745265 745263 745262 745261 745260 745260 745259 745259 745259 745259 745259 745259 745259 745259 745259 745259 745259 745259 745259 745259 745259 745259 745259 745259 745259 745259 745259 745259 745259 745259 745259 745259 745259 745259 745259 745259 745259 745259 745259 745259 745259 745259 745259 745259 745259 745259 745259 745259 745259 745259 745259 745259 745259 745259 745259 745259 745259 745259 745259 745259 745259 745259 745259 745259 745259 745259 745259 745259 745259 0 0 0 0 0 0 0 0 0 0 0 0 0 0 0 0 0 0 0 0 0 0 0 0 0
#obs survey bio
 22795 13070.8 12542.8 18523.7 29633.9 45383.5 60239.7 69094.6 127142 152962 190817 168459 283348 218373 211061 181871 166840 171167 211844 267404 231387 253281 194654 179168 221401 270917 227760 223677 282758
#pred catch bio
 4102.04 4213.93 3099.76 2663.06 4750.69 7834.76 12729.9 14135.6 21174.8 38589 45472.8 73228.4 71433.7 98161.7 108687 86272 101313 80255.3 83866.7 79224.2 87119.6 87609.4 84851.6 83476.2 98156.1 97515.3 111135 95633.4 87263.6 75015.1 68050.8 46957.3 30475.5 20142.7 14370 11356.8 9849.56 9116.24 8765.96 8600.73 8523.44 8487.5 8470.86 8463.17 8459.62 8457.99 8457.25 8456.9 8456.75 8456.67 8456.64 8456.63 8456.62 8456.62 8456.61 8456.61 8456.61 8456.61 8456.61 8456.61 8456.61 8456.61 8456.61 8456.61 8456.61 8456.61 8456.61 8456.61 8456.61 8456.61 8456.61 8456.61 8456.61 8456.61 8456.61 8456.61 8456.61 8456.61 8456.61 8456.61 8456.61 8456.61 8456.61 8456.61 8456.61 8456.61 8456.61 8456.61 8456.61 8456.61 8456.61 8456.61 8456.61 8456.61 8456.61 8456.61 8456.61 8456.61 8456.61 8456.61 8456.61 8456.61 8456.61 8456.61 8456.61 8456.61 8456.61 8456.61 8456.61 8456.61 8456.61 8456.61 8456.61 8456.61 8456.61 8456.61 8456.61 8456.61 8456.61 8456.61 8456.61 8456.61 8456.61 8456.61 8456.61 8456.61 8456.61 8456.61 8456.61 0 0 0 0 0 0 0 0 0 0 0 0 0 0 0 0 0 0 0 0 0 0 0 0 0
#obs catch bio
 2912.51 4496.1 3345.09 2753.96 4719.97 7693.79 12396.5 13665.8 20137.4 37465.7 42017.5 69801.8 64414.7 94009.2 117187 89401 106887 82143.4 83651.6 74581.8 85105.1 83257.9 83193.1 85491.5 100585 97132.6 117414 98536 86432.5
#pred cpue bio
 24752.4 21619.5 16198 14065.2 21867.2 35168.6 48000.9 57620.3 78590 109263 136468 177780 197801 227611 221572 195772 203612 189192 196436 197003 202174 201088 200771 206364 227304 235577 238900 226049 242047 6.3159e+06 5.41927e+06 3.86092e+06 2.59768e+06 1.77572e+06 1.29512e+06 1.02897e+06 885070 807546 765332 741861 728454 720565 715786 712813 710921 709704 708910 708386 708037 707805 707648 707543 707473 707425 707393 707371 707356 707346 707340 707335 707332 707330 707328 707327 707327 707326 707326 707326 707326 707326 707326 707326 707325 707325 707325 707325 707325 707325 707325 707325 707325 707325 707325 707325 707325 707325 707325 707325 707325 707325 707325 707325 707325 707325 707325 707325 707325 707325 707325 707325 707325 707325 707325 707325 707325 707325 707325 707325 707325 707325 707325 707325 707325 707325 707325 707325 707325 707325 707325 707325 707325 707325 707325 707325 707325 707325 707325 707325 707325 0 0 0 0 0 0 0 0 0 0 0 0 0 0 0 0 0 0 0 0 0 0 0 0 0
#obs cpue bio
 21971.1 14371.2 10590.8 17517.4 38178.9 33680.9 52944.6 56831.6 72924.5 85100.8 178880 215774 284833 215310 121727 202113 245095 198430 246156 252243 178101 242113 205833 181684 255482 239421 187125 233941 267857
#pred surv len freq
 2.48633e-11 1.16945e-09 3.80883e-08 8.58985e-07 1.34143e-05 0.000145057 0.0010862 0.00563257 0.0202332 0.0504082 0.0875093 0.107795 0.100489 0.0841515 0.0777348 0.0768816 0.07189 0.0638684 0.0562306 0.0489986 0.0422166 0.0363186 0.0304697 0.0232084 0.0147184
 1.22264e-11 5.75073e-10 1.87298e-08 4.22403e-07 6.59647e-06 7.13329e-05 0.000534179 0.00277076 0.00996328 0.0249235 0.0439594 0.0574081 0.0639363 0.0749176 0.0933418 0.104918 0.101147 0.0899405 0.0789883 0.0684974 0.0577919 0.0473611 0.0371106 0.0264533 0.0159592
 1.0128e-11 4.76372e-10 1.55151e-08 3.49905e-07 5.46429e-06 5.90892e-05 0.000442476 0.00229477 0.00824705 0.0205844 0.0359958 0.0455843 0.0466052 0.0482478 0.0582148 0.0738168 0.0902722 0.103632 0.107639 0.0999428 0.0851614 0.0682509 0.0510754 0.0343391 0.0195886
 3.56292e-11 1.67583e-09 5.45806e-08 1.23093e-06 1.92227e-05 0.000207866 0.00155647 0.00807034 0.0289777 0.0720727 0.124289 0.149197 0.126614 0.0805518 0.0461356 0.0325587 0.0316686 0.0370677 0.0451725 0.0513603 0.0514729 0.0448176 0.0339477 0.0221594 0.0120821
 4.56491e-11 2.14711e-09 6.99301e-08 1.5771e-06 2.46286e-05 0.000266323 0.00199419 0.0103401 0.0371296 0.0923665 0.159414 0.19196 0.164798 0.108678 0.0660641 0.0440626 0.0299359 0.0189264 0.0131013 0.0121648 0.0131014 0.0130782 0.010985 0.00750987 0.00409676
 3.59417e-11 1.69053e-09 5.50594e-08 1.24173e-06 1.93913e-05 0.000209691 0.00157017 0.00814209 0.0292456 0.0728398 0.126302 0.154871 0.142018 0.113578 0.0967324 0.0852878 0.0653512 0.0412261 0.0229938 0.0128506 0.00830415 0.00660686 0.00553317 0.00401764 0.00229865
 3.30076e-11 1.55252e-09 5.05646e-08 1.14036e-06 1.78083e-05 0.000192573 0.00144199 0.0074774 0.0268579 0.0668918 0.11598 0.142181 0.13033 0.104463 0.090618 0.0846945 0.0737594 0.0577633 0.0411847 0.0260207 0.014368 0.0075024 0.00424206 0.00258047 0.00143147
 3.31929e-11 1.56123e-09 5.08484e-08 1.14676e-06 1.79083e-05 0.000193653 0.00145007 0.00751927 0.0270073 0.0672539 0.11654 0.142547 0.129636 0.101755 0.0857352 0.0788129 0.0688828 0.0559132 0.0436006 0.0318474 0.0206109 0.0114858 0.00559424 0.0025152 0.00108053
 3.86278e-11 1.81687e-09 5.91742e-08 1.33453e-06 2.08405e-05 0.000225361 0.00168749 0.00875006 0.0314237 0.0782094 0.135235 0.164051 0.144803 0.104431 0.0768319 0.0639373 0.0533704 0.0422986 0.032855 0.02478 0.0173005 0.0106962 0.00565236 0.00250531 0.000935162
 3.7057e-11 1.74299e-09 5.67679e-08 1.28026e-06 1.99931e-05 0.000216197 0.00161888 0.00839448 0.0301493 0.0750626 0.129965 0.158465 0.142465 0.108198 0.0860996 0.0742153 0.0595934 0.0428655 0.0297883 0.0209088 0.0143581 0.00914664 0.00512939 0.00241527 0.000923277
 3.79841e-11 1.78659e-09 5.81881e-08 1.31229e-06 2.04932e-05 0.000221606 0.00165937 0.00860439 0.0309022 0.0769269 0.133124 0.161992 0.144604 0.107711 0.0834041 0.0712524 0.0582439 0.0432091 0.0302959 0.0203394 0.0128756 0.00764691 0.00417804 0.00199748 0.000789891
 3.7591e-11 1.7681e-09 5.75859e-08 1.2987e-06 2.02811e-05 0.000219312 0.0016422 0.00851538 0.030583 0.0761375 0.131792 0.160533 0.143816 0.108193 0.0850042 0.0730766 0.0593924 0.0435688 0.0303866 0.0204806 0.0129135 0.00743312 0.00385288 0.00175784 0.000680175
 3.66105e-11 1.72198e-09 5.60839e-08 1.26483e-06 1.97522e-05 0.000213592 0.00159937 0.00829337 0.0297865 0.0741625 0.128429 0.156697 0.14122 0.108024 0.0870807 0.0761982 0.0623368 0.0457633 0.031796 0.0212737 0.0133052 0.00758607 0.00386408 0.00171121 0.000638656
 3.50344e-11 1.64785e-09 5.36695e-08 1.21038e-06 1.89018e-05 0.000204397 0.00153052 0.00793642 0.0285054 0.070982 0.122984 0.150349 0.13646 0.106439 0.0884502 0.0793601 0.0663055 0.0499366 0.0356021 0.0241954 0.0151862 0.00861792 0.00434589 0.00189582 0.000692971
 3.46303e-11 1.62884e-09 5.30503e-08 1.19642e-06 1.86838e-05 0.000202039 0.00151287 0.00784486 0.0281766 0.0701635 0.121567 0.148627 0.13493 0.105334 0.0877141 0.0790345 0.0666119 0.0509814 0.0371933 0.0259407 0.0166879 0.00964574 0.00490416 0.00213531 0.000773187
 3.62959e-11 1.70718e-09 5.56019e-08 1.25396e-06 1.95824e-05 0.000211756 0.00158562 0.00822205 0.02953 0.0735203 0.127292 0.155197 0.13951 0.106 0.0847476 0.0742372 0.0617505 0.0469253 0.0342056 0.0240822 0.0157946 0.00935598 0.00486876 0.00215592 0.000787074
 3.76267e-11 1.76978e-09 5.76405e-08 1.29994e-06 2.03004e-05 0.00021952 0.00164376 0.00852345 0.0306117 0.0762062 0.131893 0.160571 0.14358 0.107453 0.0837781 0.0717826 0.058568 0.0434506 0.0308807 0.0213799 0.0139627 0.00833314 0.00440806 0.00199185 0.000741055
 3.61772e-11 1.7016e-09 5.54201e-08 1.24986e-06 1.95184e-05 0.000211064 0.00158044 0.00819525 0.0294346 0.0732917 0.126957 0.155072 0.140302 0.108445 0.0886836 0.0780537 0.0634676 0.0459316 0.0314837 0.0210353 0.0133463 0.00781456 0.00410636 0.00186466 0.000702371
 3.56443e-11 1.67654e-09 5.46038e-08 1.23145e-06 1.92309e-05 0.000207955 0.00155716 0.00807453 0.029001 0.072211 0.125079 0.152749 0.138121 0.106657 0.0873657 0.0777206 0.0648144 0.0488012 0.0346738 0.0233734 0.0145461 0.00824648 0.00420606 0.00187369 0.000700609
 3.50841e-11 1.65019e-09 5.37455e-08 1.21209e-06 1.89286e-05 0.000204687 0.00153269 0.00794764 0.0285455 0.0710801 0.123141 0.150484 0.136395 0.106001 0.0876355 0.0784218 0.0656015 0.0497147 0.0359159 0.0248793 0.0159214 0.00915395 0.00463847 0.00202452 0.000740275
 3.47735e-11 1.63558e-09 5.32698e-08 1.20137e-06 1.87611e-05 0.000202875 0.00151912 0.0078773 0.0282929 0.0704516 0.122055 0.149171 0.135253 0.10523 0.0872019 0.0783327 0.0659614 0.0505101 0.0369478 0.0259411 0.0168906 0.00992408 0.00513006 0.00226212 0.000825166
 3.62752e-11 1.70621e-09 5.55703e-08 1.25325e-06 1.95713e-05 0.000211636 0.00158472 0.00821737 0.0295131 0.0734775 0.127213 0.155076 0.139325 0.105706 0.0843544 0.0738843 0.0616164 0.0470535 0.0344878 0.0243951 0.0160844 0.0096064 0.00505906 0.00227192 0.000840728
 3.5603e-11 1.6746e-09 5.45405e-08 1.23002e-06 1.92086e-05 0.000207714 0.00155536 0.00806519 0.0289675 0.0721284 0.124942 0.152608 0.13807 0.106749 0.0874663 0.077475 0.0639419 0.0475761 0.033879 0.0235425 0.015459 0.00928736 0.0049514 0.00225871 0.000849637
 3.60942e-11 1.6977e-09 5.5293e-08 1.24699e-06 1.94736e-05 0.00021058 0.00157682 0.0081764 0.0293663 0.0731155 0.12661 0.154451 0.13912 0.106295 0.0857047 0.0754771 0.0628015 0.0474722 0.0341492 0.0235714 0.0151873 0.00896191 0.00474048 0.00216851 0.000823592
 3.73137e-11 1.75506e-09 5.71612e-08 1.28913e-06 2.01316e-05 0.000217695 0.00163009 0.00845257 0.0303573 0.0755741 0.130808 0.15929 0.142567 0.106992 0.0838474 0.0722684 0.0594089 0.0445332 0.0319403 0.022139 0.0143358 0.00844057 0.00442056 0.00200012 0.000755233
 3.5706e-11 1.67944e-09 5.46982e-08 1.23358e-06 1.92642e-05 0.000208315 0.00155986 0.00808853 0.0290515 0.0723395 0.12532 0.153129 0.138731 0.10764 0.088584 0.0784853 0.0643687 0.0472311 0.0329546 0.0223758 0.0143459 0.00842375 0.00440792 0.00198805 0.00074625
 3.429e-11 1.61284e-09 5.25291e-08 1.18466e-06 1.85002e-05 0.000200054 0.001498 0.00776782 0.0279003 0.0694799 0.120413 0.147355 0.134222 0.105712 0.0891186 0.0808412 0.0680886 0.0517227 0.0371745 0.0254218 0.0160849 0.00926544 0.00477867 0.00213817 0.000798999
 3.71313e-11 1.74648e-09 5.68817e-08 1.28282e-06 2.00331e-05 0.00021663 0.00162212 0.00841122 0.0302086 0.0752019 0.13015 0.158426 0.141596 0.105877 0.0826316 0.0714036 0.0594983 0.0456793 0.0336091 0.0236677 0.0153737 0.00897865 0.00462348 0.00204676 0.00075593
 3.68558e-11 1.73352e-09 5.64596e-08 1.2733e-06 1.98845e-05 0.000215023 0.00161008 0.00834889 0.0299856 0.0746553 0.129262 0.157617 0.14174 0.107756 0.0860126 0.07466 0.060765 0.0445682 0.0313343 0.0216383 0.0141693 0.00845797 0.00445005 0.00199521 0.000738659
#obs surv len freq
 2.34107e-11 1.10113e-09 3.5863e-08 8.08801e-07 1.26306e-05 0.000136583 0.00102274 0.00530355 0.0190519 0.0474712 0.0824514 0.101758 0.0954833 0.0812605 0.0766439 0.0769965 0.0732121 0.0669136 0.0614342 0.0559876 0.0494041 0.0413552 0.0316629 0.0210121 0.0114249
 1.01109e-15 4.76283e-14 1.56045e-12 3.60181e-11 6.13716e-10 8.83737e-09 1.31632e-07 2.03069e-06 2.65197e-05 0.000255893 0.00174095 0.00825157 0.0272256 0.0629009 0.103498 0.12639 0.124678 0.112157 0.100209 0.0894511 0.0781066 0.0650637 0.0495843 0.032735 0.0177234
 1.29567e-11 6.09423e-10 1.98485e-08 4.47634e-07 6.99043e-06 7.55913e-05 0.000566012 0.00293471 0.0105364 0.0261943 0.0450964 0.0538018 0.0448027 0.0279653 0.020923 0.0347107 0.0674376 0.102807 0.121535 0.119238 0.104915 0.0861588 0.0648757 0.0425146 0.0229039
 5.18823e-11 2.44029e-09 7.94788e-08 1.79245e-06 2.79916e-05 0.000302688 0.00226647 0.0117515 0.0421921 0.104904 0.180672 0.215757 0.179374 0.105446 0.0463797 0.0180597 0.00862851 0.00719656 0.00978839 0.0136262 0.0156857 0.0147282 0.0115549 0.00759154 0.00406508
 3.24975e-11 1.52853e-09 4.97831e-08 1.12274e-06 1.75331e-05 0.000189597 0.00141972 0.00736235 0.0264504 0.0659309 0.114685 0.142331 0.135925 0.119602 0.113408 0.103536 0.075375 0.0407788 0.0174247 0.00822607 0.00674351 0.00705005 0.00640445 0.00459124 0.00254835
 3.94488e-11 1.85548e-09 6.04318e-08 1.36289e-06 2.12835e-05 0.00023015 0.00172335 0.00893596 0.0320909 0.079864 0.138057 0.167297 0.147118 0.105078 0.076614 0.0649155 0.0568972 0.0465643 0.033669 0.0201733 0.00995938 0.00479325 0.0028936 0.00196241 0.00114093
 2.5485e-11 1.19869e-09 3.90406e-08 8.80466e-07 1.37498e-05 0.000148685 0.00111339 0.00577403 0.020748 0.0517555 0.090291 0.113298 0.112171 0.10687 0.111237 0.110661 0.0923821 0.0665736 0.0461328 0.0317575 0.0200656 0.0108142 0.0050174 0.00220255 0.000972606
 4.07262e-11 1.91556e-09 6.23886e-08 1.40702e-06 2.19727e-05 0.000237603 0.00177914 0.0092251 0.0331269 0.0824191 0.142316 0.171709 0.148579 0.10094 0.067086 0.0536029 0.0483521 0.0434227 0.0361561 0.0265747 0.0170903 0.00972265 0.00483713 0.00205529 0.000746004
 3.82148e-11 1.79744e-09 5.85414e-08 1.32026e-06 2.06177e-05 0.000222952 0.00166945 0.00865672 0.031091 0.0774045 0.134003 0.163309 0.146546 0.110619 0.0868051 0.0730312 0.0562301 0.0380887 0.0254779 0.0182933 0.0130652 0.00831605 0.00446067 0.00197458 0.000713425
 3.75751e-11 1.76735e-09 5.75616e-08 1.29816e-06 2.02726e-05 0.00021922 0.00164151 0.00851182 0.0305706 0.0761089 0.13176 0.160579 0.14413 0.10901 0.0863693 0.0746578 0.0605924 0.0437909 0.0293756 0.0187153 0.0113586 0.00662812 0.00360743 0.00170117 0.000651802
 4.01294e-11 1.8875e-09 6.14745e-08 1.38641e-06 2.16507e-05 0.000234122 0.00175309 0.00909023 0.0326458 0.0812533 0.140516 0.170542 0.150793 0.10923 0.08064 0.0662755 0.0529999 0.0386552 0.026679 0.0175493 0.0106316 0.00583023 0.00289312 0.00128024 0.000484847
 3.80505e-11 1.78971e-09 5.82897e-08 1.31458e-06 2.05291e-05 0.000221993 0.00166227 0.00861951 0.0309575 0.0770734 0.133439 0.162665 0.146123 0.110703 0.0876662 0.0750193 0.0594023 0.0414119 0.0270811 0.0172768 0.0104493 0.0057629 0.00281974 0.00119518 0.000428483
 3.65701e-11 1.72008e-09 5.60219e-08 1.26344e-06 1.97304e-05 0.000213356 0.00159761 0.00828423 0.029754 0.0740842 0.128312 0.156643 0.141459 0.10881 0.0884441 0.0777878 0.0636232 0.0463361 0.0314697 0.0201764 0.0118907 0.0063479 0.00303612 0.00126568 0.000443754
 3.50613e-11 1.64912e-09 5.37106e-08 1.21131e-06 1.89164e-05 0.000204554 0.0015317 0.00794253 0.0285277 0.07104 0.123102 0.15058 0.136941 0.107365 0.0897953 0.0806643 0.0669785 0.0497875 0.0348761 0.0232045 0.0141305 0.00766493 0.00364427 0.00148883 0.000509739
 3.2293e-11 1.51891e-09 4.94699e-08 1.11567e-06 1.74228e-05 0.000188404 0.00141077 0.0073156 0.026278 0.0654573 0.113562 0.139544 0.12894 0.105368 0.093302 0.0870303 0.0737907 0.0559724 0.040162 0.0274394 0.0172201 0.00965101 0.00471952 0.00195859 0.000670952
 3.67892e-11 1.73039e-09 5.63575e-08 1.27101e-06 1.98486e-05 0.000214634 0.00160717 0.00833371 0.0299302 0.0745074 0.128939 0.156913 0.140124 0.104565 0.0815212 0.0708875 0.060121 0.047422 0.0357528 0.0254559 0.0165183 0.00955638 0.00482403 0.00206179 0.000722967
 3.63994e-11 1.71205e-09 5.57604e-08 1.25754e-06 1.96383e-05 0.00021236 0.00159015 0.00824555 0.0296151 0.0737381 0.12771 0.155899 0.140747 0.108142 0.0876108 0.076522 0.0619208 0.0448324 0.0312309 0.0216559 0.0143603 0.00865292 0.00454955 0.00201508 0.000728656
 3.35956e-11 1.58017e-09 5.14652e-08 1.16067e-06 1.81255e-05 0.000196003 0.00146767 0.0076106 0.0273367 0.0680856 0.118062 0.144787 0.132871 0.106674 0.0921868 0.0844829 0.0705968 0.0524743 0.0366796 0.0245299 0.0153892 0.00893579 0.00469093 0.00212829 0.000795444
 3.61295e-11 1.69936e-09 5.53469e-08 1.24821e-06 1.94926e-05 0.000210786 0.00157835 0.00818434 0.0293945 0.0731815 0.126697 0.15443 0.138698 0.105166 0.0839924 0.0740105 0.0625569 0.048616 0.0359016 0.0249955 0.0158765 0.00906948 0.0046157 0.0020445 0.000760354
 3.3726e-11 1.58631e-09 5.1665e-08 1.16518e-06 1.81959e-05 0.000196764 0.00147337 0.00764013 0.0274426 0.0683474 0.118502 0.145264 0.1331 0.106404 0.0913392 0.0831597 0.0690786 0.0513186 0.0365321 0.0254564 0.0166808 0.00986268 0.00510498 0.00225224 0.00082532
 3.61718e-11 1.70135e-09 5.54118e-08 1.24968e-06 1.95155e-05 0.000211033 0.0015802 0.00819393 0.029429 0.0732673 0.126846 0.154612 0.138863 0.105287 0.0840573 0.0739656 0.0623171 0.0481647 0.0353836 0.0246704 0.0159015 0.0093358 0.00488536 0.00219467 0.000814043
 3.63967e-11 1.71192e-09 5.57563e-08 1.25745e-06 1.96368e-05 0.000212345 0.00159003 0.00824492 0.0296126 0.0737293 0.127678 0.155781 0.140393 0.107381 0.0865333 0.0756719 0.0619158 0.0456985 0.032353 0.0224275 0.014661 0.00870689 0.00456759 0.00205431 0.000766371
 3.47014e-11 1.63219e-09 5.31593e-08 1.19888e-06 1.87222e-05 0.000202454 0.00151598 0.00786103 0.0282352 0.0703142 0.121862 0.149143 0.135892 0.107071 0.0901408 0.081206 0.0673089 0.0498248 0.0348791 0.02353 0.0149182 0.00869807 0.0045499 0.00205611 0.000771197
 3.58066e-11 1.68417e-09 5.48523e-08 1.23706e-06 1.93185e-05 0.000208902 0.00156425 0.00811125 0.0291325 0.0725344 0.125611 0.153271 0.138181 0.105858 0.085772 0.0759963 0.0637625 0.0487385 0.0353537 0.0243393 0.0154184 0.00884021 0.00452479 0.00201175 0.000749202
 3.66319e-11 1.72299e-09 5.61167e-08 1.26557e-06 1.97637e-05 0.000213717 0.00160031 0.00829818 0.0298036 0.0742017 0.128475 0.156653 0.140861 0.107087 0.0855787 0.0746228 0.0613622 0.0457469 0.0326467 0.0226033 0.0146244 0.00854748 0.0043989 0.00194044 0.000712942
 3.27213e-11 1.53905e-09 5.01259e-08 1.13047e-06 1.76539e-05 0.000190902 0.00142948 0.00741263 0.0266265 0.0663257 0.115071 0.141404 0.130675 0.106768 0.0943187 0.0872908 0.0727479 0.0536673 0.0374477 0.0253017 0.0160968 0.00937668 0.00486395 0.00216701 0.000799547
 3.38896e-11 1.594e-09 5.19156e-08 1.17083e-06 1.82842e-05 0.000197718 0.00148051 0.00767708 0.0275741 0.0686639 0.118975 0.145488 0.132186 0.10348 0.0867805 0.0792724 0.0684439 0.0541225 0.0404699 0.0283152 0.0180216 0.0103385 0.00528677 0.00234151 0.000865073
 3.80714e-11 1.79069e-09 5.83217e-08 1.3153e-06 2.05403e-05 0.000222115 0.00166318 0.0086241 0.0309726 0.0770964 0.13338 0.16213 0.144165 0.106205 0.0808341 0.0684369 0.0563539 0.0430119 0.0318365 0.0229076 0.015317 0.00916061 0.0047721 0.00211345 0.000775719
 3.37726e-11 1.5885e-09 5.17364e-08 1.16679e-06 1.82211e-05 0.000197035 0.0014754 0.00765073 0.0274811 0.0684487 0.118713 0.145687 0.134007 0.108157 0.0938341 0.0853856 0.0697499 0.0500581 0.0341158 0.0230361 0.0150136 0.00906294 0.00486019 0.00221782 0.000829805
#pred catch len freq
 2.16863e-11 1.02002e-09 3.32214e-08 7.49226e-07 1.17003e-05 0.000126522 0.000947414 0.00491308 0.017651 0.043999 0.0765456 0.0950569 0.0910674 0.0813028 0.0808256 0.0830066 0.0784961 0.0699094 0.0615747 0.0536585 0.0462319 0.039773 0.0333678 0.0254158 0.0161184
 1.02138e-11 4.80408e-10 1.56466e-08 3.5287e-07 5.51061e-06 5.95911e-05 0.000446261 0.00231496 0.00832753 0.0208636 0.0370164 0.0493502 0.0580067 0.0732015 0.09544 0.108954 0.10546 0.0938577 0.0824422 0.0714948 0.0603212 0.049434 0.0387349 0.0276112 0.0166577
 8.3934e-12 3.94786e-10 1.28579e-08 2.89978e-07 4.52845e-06 4.89695e-05 0.000366702 0.00190191 0.00683689 0.0170816 0.0299859 0.0385165 0.0410935 0.0458732 0.0586799 0.0760245 0.0934362 0.107354 0.111517 0.103546 0.0882317 0.0707115 0.0529169 0.0355771 0.0202948
 3.24642e-11 1.52696e-09 4.97321e-08 1.12158e-06 1.75151e-05 0.000189401 0.00141821 0.00735351 0.0264046 0.0656801 0.113315 0.13626 0.116419 0.075867 0.0462704 0.0353749 0.0357616 0.0422009 0.0514777 0.0585339 0.0586626 0.0510777 0.0386896 0.0252546 0.0137697
 4.33435e-11 2.03867e-09 6.63982e-08 1.49744e-06 2.33847e-05 0.000252873 0.00189348 0.009818 0.0352562 0.08772 0.15149 0.182866 0.15845 0.10769 0.0698747 0.0498382 0.0349646 0.0223208 0.0154856 0.0143838 0.0154918 0.0154644 0.0129893 0.0088801 0.00484424
 3.28686e-11 1.54598e-09 5.03517e-08 1.13556e-06 1.77334e-05 0.000191762 0.00143593 0.00744621 0.0267491 0.0666516 0.115775 0.142915 0.134099 0.113506 0.103821 0.0953101 0.0740124 0.0468523 0.0261527 0.0146185 0.00944699 0.00751618 0.00629473 0.00457061 0.00261503
 2.9957e-11 1.40904e-09 4.58914e-08 1.03497e-06 1.61625e-05 0.000174775 0.00130873 0.00678658 0.0243792 0.060744 0.105497 0.130158 0.121971 0.103299 0.0960995 0.0934164 0.0823739 0.0646967 0.0461529 0.0291623 0.0161029 0.00840837 0.00475432 0.00289209 0.00160433
 3.00955e-11 1.41555e-09 4.61035e-08 1.03975e-06 1.62372e-05 0.000175583 0.00131477 0.00681784 0.0244904 0.0610105 0.105886 0.130295 0.121 0.100231 0.0907391 0.0870078 0.0770918 0.0627763 0.0489805 0.0357801 0.0231564 0.0129043 0.00628516 0.00282584 0.00121399
 3.58011e-11 1.68391e-09 5.4844e-08 1.23687e-06 1.93155e-05 0.00020887 0.00156401 0.00810993 0.0291268 0.0725116 0.125513 0.15287 0.136924 0.103041 0.0813823 0.0713459 0.060703 0.0483351 0.0375757 0.0283439 0.0197889 0.0122348 0.00646542 0.00286569 0.00106968
 3.43601e-11 1.61614e-09 5.26365e-08 1.18708e-06 1.85381e-05 0.000200463 0.00150107 0.00778376 0.0279581 0.0696289 0.120706 0.147878 0.135208 0.107448 0.0912968 0.0820662 0.0668622 0.0482708 0.0335697 0.0235658 0.0161831 0.0103092 0.00578138 0.00272226 0.00104063
 3.52795e-11 1.65938e-09 5.40449e-08 1.21885e-06 1.90341e-05 0.000205827 0.00154123 0.00799193 0.0287047 0.0714773 0.123835 0.15136 0.137278 0.10686 0.0884952 0.0790907 0.0656867 0.0489231 0.0343286 0.0230497 0.0145916 0.0086661 0.0047349 0.0022637 0.000895169
 3.50766e-11 1.64983e-09 5.3734e-08 1.21184e-06 1.89246e-05 0.000204643 0.00153236 0.00794599 0.0285401 0.0710714 0.123159 0.150659 0.137039 0.107475 0.0898418 0.0804468 0.0663198 0.0488239 0.0340757 0.0229697 0.0144832 0.00833668 0.00432124 0.00197152 0.000762857
 3.39157e-11 1.59523e-09 5.19557e-08 1.17173e-06 1.82983e-05 0.000197871 0.00148166 0.00768312 0.0275969 0.068733 0.119176 0.146116 0.133963 0.107268 0.0922889 0.0841279 0.0697915 0.0514136 0.0357463 0.0239194 0.0149603 0.00852973 0.00434475 0.00192408 0.000718101
 3.24828e-11 1.52783e-09 4.97606e-08 1.12223e-06 1.75252e-05 0.000189511 0.00141906 0.00735859 0.0264321 0.0658404 0.114219 0.140313 0.129531 0.105598 0.0931975 0.0867064 0.0733211 0.0553822 0.039507 0.0268517 0.0168537 0.00956421 0.0048231 0.00210399 0.000769064
 3.2248e-11 1.51679e-09 4.94009e-08 1.11411e-06 1.73985e-05 0.000188141 0.0014088 0.00730538 0.0262409 0.0653627 0.113382 0.139244 0.128417 0.10445 0.0919962 0.0857431 0.0730807 0.0560839 0.040937 0.0285541 0.0183694 0.0106177 0.00539832 0.00235047 0.000851097
 3.38116e-11 1.59033e-09 5.17962e-08 1.16813e-06 1.82421e-05 0.000197263 0.0014771 0.00765947 0.0275114 0.068514 0.118757 0.145412 0.132722 0.105084 0.0892166 0.0812212 0.0684582 0.052191 0.0380675 0.0268038 0.0175798 0.0104135 0.00541908 0.00239961 0.000876038
 3.53611e-11 1.66322e-09 5.417e-08 1.22167e-06 1.90781e-05 0.000206303 0.00154479 0.00801041 0.0287709 0.0716412 0.124112 0.151663 0.137437 0.106724 0.08801 0.0782929 0.0647301 0.0481807 0.0342645 0.0237252 0.0154946 0.0092474 0.00489168 0.00221039 0.00082236
 3.36406e-11 1.58229e-09 5.15343e-08 1.16223e-06 1.81498e-05 0.000196265 0.00146964 0.00762084 0.0273737 0.0681813 0.11825 0.145121 0.133499 0.107796 0.0936738 0.0855843 0.0704767 0.0511652 0.0350933 0.0234496 0.0148784 0.00871165 0.00457777 0.00207872 0.000783003
 3.30981e-11 1.55678e-09 5.07032e-08 1.14348e-06 1.78571e-05 0.0001931 0.00144594 0.00749792 0.0269321 0.0670802 0.116333 0.142735 0.131207 0.10582 0.0921086 0.0850645 0.0718362 0.0542539 0.0385709 0.0260028 0.0161828 0.00917439 0.00467934 0.00208452 0.000779443
 3.245e-11 1.52629e-09 4.97103e-08 1.12109e-06 1.75075e-05 0.000189319 0.00141763 0.00735114 0.0264052 0.0657721 0.114092 0.140117 0.12922 0.105081 0.0924541 0.0859151 0.0727794 0.0553231 0.0399912 0.027705 0.0177299 0.0101938 0.00516537 0.00225449 0.000824367
 3.22142e-11 1.5152e-09 4.93491e-08 1.11295e-06 1.73803e-05 0.000187944 0.00140733 0.00729773 0.0262133 0.0652939 0.113261 0.139088 0.128249 0.104264 0.0917747 0.0855074 0.0728826 0.0559739 0.0409674 0.0287658 0.0187301 0.0110049 0.00568879 0.00250849 0.000915036
 3.37758e-11 1.58865e-09 5.17414e-08 1.1669e-06 1.82228e-05 0.000197054 0.00147554 0.00765136 0.0274822 0.0684405 0.118624 0.145228 0.132481 0.104753 0.0888018 0.0808643 0.0683435 0.0523609 0.0384017 0.0271662 0.0179117 0.0106978 0.00563384 0.00253004 0.000936247
 3.30432e-11 1.55419e-09 5.06191e-08 1.14159e-06 1.78275e-05 0.00019278 0.00144354 0.0074855 0.0268875 0.0669704 0.116149 0.142542 0.131127 0.105919 0.0922371 0.0848169 0.0708897 0.0529096 0.0377 0.0262003 0.0172046 0.0103361 0.0055105 0.00251375 0.000945576
 3.34992e-11 1.57564e-09 5.13177e-08 1.15734e-06 1.80736e-05 0.000195441 0.00146346 0.00758875 0.0272578 0.0678862 0.117695 0.144237 0.132048 0.105382 0.0904422 0.082851 0.0698673 0.0529865 0.03814 0.0263286 0.0169641 0.0100104 0.0052951 0.00242222 0.00091995
 3.48433e-11 1.63886e-09 5.33767e-08 1.20378e-06 1.87987e-05 0.000203282 0.00152217 0.00789313 0.02835 0.070596 0.122321 0.14957 0.135849 0.106155 0.0884013 0.0793188 0.0661272 0.0497418 0.0357001 0.0247477 0.0160253 0.00943532 0.00494154 0.00223585 0.00084424
 3.31243e-11 1.55801e-09 5.07434e-08 1.14439e-06 1.78713e-05 0.000193253 0.00144709 0.0075039 0.0269539 0.0671378 0.116456 0.142991 0.131772 0.106901 0.0935453 0.0860392 0.0714566 0.0525953 0.0367201 0.0249351 0.015987 0.00938744 0.0049122 0.00221548 0.000831622
 3.18216e-11 1.49673e-09 4.87477e-08 1.09938e-06 1.71684e-05 0.000185653 0.00139018 0.00720884 0.0258946 0.0645057 0.111933 0.137639 0.127496 0.104849 0.0936371 0.0878796 0.0748482 0.057011 0.0409966 0.0280379 0.0177405 0.0102191 0.00527054 0.00235825 0.00088124
 3.46286e-11 1.62876e-09 5.30478e-08 1.19636e-06 1.86829e-05 0.000202029 0.00151279 0.00784448 0.0281751 0.0701584 0.12155 0.148563 0.134735 0.104905 0.0870613 0.078382 0.0662561 0.0510459 0.0375824 0.0264684 0.0171933 0.0100413 0.00517071 0.00228902 0.000845401
 3.41696e-11 1.60718e-09 5.23447e-08 1.1805e-06 1.84353e-05 0.000199352 0.00149275 0.00774061 0.0278031 0.069243 0.120038 0.147065 0.134488 0.10696 0.0911295 0.0824618 0.0680837 0.050115 0.0352591 0.0243514 0.0159462 0.00951869 0.00500814 0.00224544 0.000831295
#obs catch len freq
 1.98379e-11 9.33079e-10 3.03898e-08 6.85366e-07 1.0703e-05 0.000115738 0.000866664 0.00449436 0.0161473 0.040256 0.0700714 0.0871954 0.0841183 0.0763616 0.0776645 0.0817855 0.0801108 0.0747076 0.0688828 0.0624707 0.0551893 0.0466062 0.0359602 0.0239438 0.0130403
 2.11708e-11 9.95771e-10 3.24316e-08 7.31416e-07 1.14221e-05 0.000123515 0.000924891 0.00479627 0.0172313 0.0429514 0.0747147 0.0927454 0.0887366 0.0790169 0.0784599 0.0809428 0.0776557 0.0712118 0.0654872 0.0597259 0.0527183 0.0441343 0.033792 0.0224254 0.0121935
 8.60854e-16 4.05615e-14 1.33025e-12 3.08237e-11 5.32416e-10 7.95041e-09 1.24759e-07 1.99026e-06 2.63063e-05 0.000254689 0.00173427 0.00822187 0.0271302 0.062688 0.103176 0.126074 0.124515 0.112195 0.100385 0.0896758 0.0783271 0.0652548 0.049732 0.032833 0.0177766
 1.14482e-11 5.38468e-10 1.75375e-08 3.95516e-07 6.17654e-06 6.67902e-05 0.000500111 0.00259302 0.00930963 0.0231445 0.0398464 0.0475452 0.0396515 0.025099 0.0201142 0.0354466 0.0695897 0.106201 0.125567 0.123206 0.108416 0.0890401 0.0670474 0.0439384 0.0236711
 5.09476e-11 2.39633e-09 7.80469e-08 1.76015e-06 2.74873e-05 0.000297235 0.00222564 0.0115398 0.0414323 0.103017 0.177435 0.211953 0.176415 0.104166 0.046527 0.0188547 0.0095207 0.00819457 0.0112217 0.0156345 0.0179996 0.0169012 0.0132599 0.00871174 0.00466494
 3.03243e-11 1.42631e-09 4.6454e-08 1.04766e-06 1.63607e-05 0.000176919 0.0013248 0.00687026 0.0246851 0.0615569 0.107255 0.133944 0.130544 0.120033 0.119106 0.111163 0.081494 0.0441818 0.0189035 0.0089449 0.00734769 0.00768556 0.00698223 0.00500548 0.00277828
 3.75618e-11 1.76673e-09 5.75412e-08 1.2977e-06 2.02654e-05 0.000219142 0.00164092 0.00850865 0.0305576 0.0760602 0.131566 0.159825 0.141835 0.104116 0.0796782 0.0701046 0.0623485 0.0512501 0.0371151 0.0222531 0.0109898 0.00529038 0.00319424 0.00216644 0.00125956
 2.34711e-11 1.10397e-09 3.59555e-08 8.10887e-07 1.26632e-05 0.000136936 0.00102541 0.00531797 0.0191116 0.047698 0.0833776 0.105396 0.106765 0.10634 0.115166 0.116577 0.0978673 0.0706935 0.0490701 0.0338157 0.0213762 0.0115225 0.00534641 0.00234706 0.00103644
 3.89377e-11 1.83144e-09 5.96488e-08 1.34523e-06 2.10077e-05 0.000227168 0.00170101 0.00882006 0.0316734 0.0788117 0.136149 0.164562 0.143358 0.0995436 0.0692346 0.0577252 0.0530132 0.0478509 0.0399044 0.0293467 0.0188778 0.0107409 0.00534407 0.00227076 0.000824223
 3.64631e-11 1.71505e-09 5.5858e-08 1.25974e-06 1.96726e-05 0.000212732 0.00159293 0.00826004 0.0296678 0.0738758 0.127993 0.156452 0.141896 0.110271 0.0903702 0.0782578 0.0609026 0.0414042 0.0277491 0.019947 0.014253 0.00907344 0.00486714 0.00215455 0.000778453
 3.58214e-11 1.68487e-09 5.4875e-08 1.23757e-06 1.93264e-05 0.000208988 0.0015649 0.00811468 0.0291457 0.0725755 0.125739 0.153694 0.139412 0.108531 0.089787 0.0798671 0.0655048 0.0475053 0.0319183 0.0203533 0.0123581 0.00721268 0.00392586 0.00185138 0.000709362
 3.85659e-11 1.81395e-09 5.90793e-08 1.33239e-06 2.08071e-05 0.000225 0.00168479 0.00873616 0.0313754 0.0781029 0.135147 0.1644 0.146573 0.108772 0.0836361 0.0708631 0.0573447 0.0419837 0.0290227 0.0191064 0.0115791 0.00635075 0.00315161 0.00139466 0.000528182
 3.63815e-11 1.71121e-09 5.5733e-08 1.25692e-06 1.96286e-05 0.000212256 0.00158937 0.00824156 0.0296015 0.0737113 0.127713 0.156133 0.141694 0.110382 0.0911104 0.0801299 0.0640898 0.044829 0.0293628 0.0187498 0.0113452 0.00625806 0.00306221 0.00129799 0.000465343
 3.4942e-11 1.6435e-09 5.35278e-08 1.20719e-06 1.8852e-05 0.000203858 0.00152649 0.00791553 0.0284312 0.0708039 0.122722 0.150253 0.137081 0.108371 0.0916253 0.0826346 0.0682005 0.0498176 0.0338808 0.0217385 0.0128158 0.00684276 0.00327299 0.00136446 0.000478389
 3.34966e-11 1.57552e-09 5.13136e-08 1.15725e-06 1.80722e-05 0.000195425 0.00146335 0.00758819 0.0272564 0.0678871 0.117728 0.144428 0.132701 0.106869 0.0927388 0.0852074 0.071315 0.0531502 0.0372772 0.024818 0.0151174 0.00820118 0.00389939 0.00159308 0.000545436
 3.06512e-11 1.44168e-09 4.69547e-08 1.05895e-06 1.6537e-05 0.000178825 0.00133905 0.0069438 0.0249439 0.0621486 0.107921 0.133077 0.124455 0.104766 0.0962665 0.0916766 0.0782812 0.0595221 0.04276 0.0292331 0.018351 0.0102859 0.0050302 0.00208755 0.000715135
 3.52903e-11 1.65989e-09 5.40614e-08 1.21922e-06 1.90399e-05 0.00020589 0.0015417 0.00799428 0.0287123 0.0714862 0.123785 0.150989 0.135959 0.103859 0.0839935 0.0749096 0.0641296 0.050733 0.0382943 0.0272803 0.0177062 0.0102444 0.00517152 0.00221033 0.000775056
 3.47221e-11 1.63316e-09 5.31909e-08 1.19959e-06 1.87333e-05 0.000202575 0.00151688 0.00786572 0.0282523 0.0703584 0.121951 0.149309 0.136217 0.10764 0.0907935 0.0813724 0.0664619 0.0482707 0.0336769 0.0233714 0.0155034 0.00934291 0.00491255 0.00217589 0.000786811
 3.18787e-11 1.49942e-09 4.88352e-08 1.10136e-06 1.71993e-05 0.000185986 0.00139267 0.00722181 0.0259417 0.0646261 0.112165 0.138034 0.128208 0.106106 0.0953788 0.089426 0.0753197 0.0561355 0.0392912 0.0262959 0.0165027 0.00958361 0.00503126 0.00228275 0.000853176
 3.44337e-11 1.6196e-09 5.27492e-08 1.18963e-06 1.85777e-05 0.000200892 0.00150428 0.00780032 0.0280166 0.0697637 0.120867 0.147736 0.134014 0.104431 0.0868872 0.0786574 0.0671419 0.0523463 0.0387099 0.0269691 0.0171351 0.00978965 0.00498245 0.00220699 0.000820792
 3.2011e-11 1.50564e-09 4.90378e-08 1.10593e-06 1.72706e-05 0.000186758 0.00139845 0.00725176 0.026049 0.0648915 0.112611 0.138515 0.128433 0.105814 0.0944848 0.0880296 0.0737124 0.0549117 0.0391438 0.0272969 0.0178927 0.0105805 0.00547676 0.0024163 0.000885444
 3.45275e-11 1.62401e-09 5.28929e-08 1.19287e-06 1.86284e-05 0.00020144 0.00150838 0.00782157 0.0280929 0.0699533 0.121193 0.148123 0.134325 0.104584 0.0868764 0.0784782 0.0667537 0.0517536 0.0380709 0.0265616 0.0171254 0.0100555 0.00526219 0.00236399 0.000876852
 3.47533e-11 1.63463e-09 5.32388e-08 1.20067e-06 1.87502e-05 0.000202757 0.00151824 0.00787277 0.0282773 0.0704178 0.122034 0.149316 0.135928 0.106831 0.0895699 0.0803596 0.0663648 0.0491332 0.0348346 0.024166 0.0158027 0.00938602 0.00492408 0.00221468 0.0008262
 3.29555e-11 1.55007e-09 5.04847e-08 1.13856e-06 1.77802e-05 0.000192268 0.00143971 0.00746565 0.0268166 0.0667961 0.115865 0.142277 0.131153 0.106499 0.0933921 0.0862298 0.0720941 0.0535235 0.037522 0.0253328 0.0160669 0.00936915 0.00490121 0.00221491 0.000830765
 3.41134e-11 1.60453e-09 5.22585e-08 1.17856e-06 1.84049e-05 0.000199024 0.00149029 0.00772782 0.0277567 0.0691221 0.119792 0.146596 0.133532 0.105187 0.0887549 0.080719 0.0683656 0.0524188 0.0380761 0.0262319 0.0166225 0.00953177 0.004879 0.00216928 0.000807872
 3.50237e-11 1.64734e-09 5.36529e-08 1.21001e-06 1.8896e-05 0.000204334 0.00153005 0.00793398 0.0284968 0.0709608 0.12295 0.150323 0.136479 0.106522 0.0885133 0.079184 0.0657237 0.0491487 0.035123 0.0243351 0.0157498 0.00920625 0.00473813 0.00209012 0.000767937
 3.09984e-11 1.45801e-09 4.74866e-08 1.07094e-06 1.67243e-05 0.000180851 0.00135422 0.00702247 0.0252266 0.0628541 0.109154 0.134631 0.126006 0.106221 0.0975519 0.0922668 0.0774681 0.0572968 0.0400336 0.0270693 0.0172272 0.0100365 0.00520646 0.00231964 0.000855869
 3.2213e-11 1.51514e-09 4.93472e-08 1.1129e-06 1.73796e-05 0.000187936 0.00140727 0.0072974 0.0262118 0.0652845 0.11321 0.138861 0.12753 0.102697 0.0895606 0.083797 0.0729627 0.0578556 0.0433145 0.0303238 0.0193051 0.0110759 0.00566413 0.00250869 0.000926842
 3.64319e-11 1.71358e-09 5.58102e-08 1.25866e-06 1.96558e-05 0.00021255 0.00159156 0.00825283 0.0296404 0.0737922 0.127745 0.155661 0.139649 0.105518 0.083656 0.0729173 0.0607095 0.046502 0.0344719 0.024822 0.0166021 0.00993033 0.0051733 0.00229117 0.000840953
#spawning biomass
 21835.7 20479.1 15623.7 11556.5 13538.8 25437.1 36961.7 44719.7 55935.8 78770.4 96615.2 126468 143128 169755 166939 143649 145356 137801 145010 147126 152137 147791 148619 151680 163374 173423 180598 163613 174935 207011 243236 168333 107250 68948.5 47550.4 36381 30794 28075.7 26777.3 26164.8 25878.3 25745.1 25683.4 25654.9 25641.8 25635.7 25633 25631.7 25631.1 25630.8 25630.7 25630.7 25630.6 25630.6 25630.6 25630.6 25630.6 25630.6 25630.6 25630.6 25630.6 25630.6 25630.6 25630.6 25630.6 25630.6 25630.6 25630.6 25630.6 25630.6 25630.6 25630.6 25630.6 25630.6 25630.6 25630.6 25630.6 25630.6 25630.6 25630.6 25630.6 25630.6 25630.6 25630.6 25630.6 25630.6 25630.6 25630.6 25630.6 25630.6 25630.6 25630.6 25630.6 25630.6 25630.6 25630.6 25630.6 25630.6 25630.6 25630.6 25630.6 25630.6 25630.6 25630.6 25630.6 25630.6 25630.6 25630.6 25630.6 25630.6 25630.6 25630.6 25630.6 25630.6 25630.6 25630.6 25630.6 25630.6 25630.6 25630.6 25630.6 25630.6 25630.6 25630.6 25630.6 25630.6 25630.6 25630.6 25630.6 0 0 0 0 0 0 0 0 0 0 0 0 0 0 0 0 0 0 0 0 0 0 0 0 0
