SBPRF35
0.270325
Curr Bio
270973
B35
448802
F35
0.383346
FOFL
0.210836
OFL
59566
Bzero
77235.7
#pred survey bio
 85380.8 79217.3 62251.3 50760.2 77238.7 121373 182171 247924 280476 323632 304814 347607 391840 389643 402244 411392 412836 435583 404631 401621 432358 457917 454226 437248 407315 411639 422230 428411 1.44908e+07 8.27603e+06 6.0848e+06 4.06433e+06 2.67907e+06 1.84281e+06 1.36854e+06 1.10709e+06 963952 884939 840496 814852 799624 790319 784479 780725 778285 776676 775603 774881 774394 774062 773837 773683 773577 773506 773456 773423 773399 773384 773373 773365 773360 773357 773354 773353 773352 773351 773350 773350 773350 773349 773349 773349 773349 773349 773349 773349 773349 773349 773349 773349 773349 773349 773349 773349 773349 773349 773349 773349 773349 773349 773349 773349 773349 773349 773349 773349 773349 773349 773349 773349 773349 773349 773349 773349 773349 773349 773349 773349 773349 773349 773349 773349 773349 773349 773349 773349 773349 773349 773349 773349 773349 773349 773349 773349 773349 773349 773349 773349 0 0 0 0 0 0 0 0 0 0 0 0 0 0 0 0 0 0 0 0 0 0 0 0 0
#obs survey bio
 75328.3 74529.7 38351.1 75437.7 120759 202317 203550 295201 390538 228726 322306 373337 416914 496545 196003 458942 459478 311596 321717 346638 438888 439811 367231 425467 335361 355212 443891 411865
#pred catch bio
 12766.2 14084.5 14206.4 9817.7 16202.4 28042.4 47061.2 90247.5 93164.3 143933 118592 141989 182492 176939 191966 199469 185171 210132 176470 165369 192520 222028 226864 217657 189746 195292 199594 214415 59566 99753.4 72752.5 46857.3 29505.8 19453.3 14061.7 11301.1 9928.97 9260.16 8938.44 8785.07 8712.4 8678.12 8661.99 8654.41 8650.86 8649.21 8648.44 8648.07 8647.91 8647.83 8647.79 8647.77 8647.77 8647.76 8647.76 8647.76 8647.76 8647.76 8647.76 8647.76 8647.76 8647.76 8647.76 8647.76 8647.76 8647.76 8647.76 8647.76 8647.76 8647.76 8647.76 8647.76 8647.76 8647.76 8647.76 8647.76 8647.76 8647.76 8647.76 8647.76 8647.76 8647.76 8647.76 8647.76 8647.76 8647.76 8647.76 8647.76 8647.76 8647.76 8647.76 8647.76 8647.76 8647.76 8647.76 8647.76 8647.76 8647.76 8647.76 8647.76 8647.76 8647.76 8647.76 8647.76 8647.76 8647.76 8647.76 8647.76 8647.76 8647.76 8647.76 8647.76 8647.76 8647.76 8647.76 8647.76 8647.76 8647.76 8647.76 8647.76 8647.76 8647.76 8647.76 8647.76 8647.76 8647.76 8647.76 8647.76 0 0 0 0 0 0 0 0 0 0 0 0 0 0 0 0 0 0 0 0 0 0 0 0 0
#obs catch bio
 16448.4 14507.8 15648 9890.93 16044.5 26565.6 43310.3 84945.6 87097.4 145769 115776 134809 176302 172855 204473 194600 182863 213355 179409 163440 197455 222300 237962 238456 193705 196721 204464 215038
#pred cpue bio
 80749.5 76196.3 60962.1 48398.8 68792.3 108842 163927 224414 253617 293980 275904 312306 351385 349531 360458 367037 368578 390267 364192 362837 389123 409855 405774 390519 365200 368725 376886 383165 1.29323e+07 7.92497e+06 5.98813e+06 4.01022e+06 2.63063e+06 1.79505e+06 1.32086e+06 1.05942e+06 916282 837268 792826 767181 751954 742649 736809 733055 730615 729006 727933 727211 726723 726392 726166 726012 725907 725835 725786 725752 725729 725713 725703 725695 725690 725687 725684 725683 725681 725681 725680 725680 725679 725679 725679 725679 725679 725679 725679 725679 725679 725679 725679 725679 725679 725679 725679 725679 725679 725679 725679 725679 725679 725679 725679 725679 725679 725679 725679 725679 725679 725679 725679 725679 725679 725679 725679 725679 725679 725679 725679 725679 725679 725679 725679 725679 725679 725679 725679 725679 725679 725679 725679 725679 725679 725679 725679 725679 725679 725679 725679 725679 0 0 0 0 0 0 0 0 0 0 0 0 0 0 0 0 0 0 0 0 0 0 0 0 0
#obs cpue bio
 68122.9 53439 34478.6 71113.1 65629.2 130673 218695 195166 206899 306565 292208 418067 357317 274970 434033 508463 312664 508619 397907 476869 310099 478130 359558 247621 484922 444723 302764 433969
#pred surv len freq
 2.60509e-11 1.22531e-09 3.99075e-08 9.00013e-07 1.4055e-05 0.000151986 0.00113808 0.0059016 0.0211995 0.0528156 0.0916875 0.112936 0.105255 0.0880511 0.0810681 0.07955 0.0732126 0.0633894 0.0540245 0.0453759 0.0375353 0.0310154 0.0251784 0.0187579 0.0117405
 1.46973e-11 6.91291e-10 2.25149e-08 5.07767e-07 7.92955e-06 8.57482e-05 0.000642118 0.0033304 0.0119725 0.0299179 0.0525531 0.0676329 0.0723112 0.079547 0.0948771 0.104837 0.100239 0.0881463 0.0758593 0.0637116 0.0514774 0.0401378 0.0299909 0.0205982 0.0121243
 6.9948e-12 3.29002e-10 1.07154e-08 2.41659e-07 3.77388e-06 4.08102e-05 0.000305614 0.00158532 0.00570229 0.0142811 0.0253028 0.0335879 0.0391738 0.049683 0.0680243 0.087463 0.102962 0.113225 0.113974 0.103012 0.0848366 0.0649555 0.0461325 0.0295335 0.0162149
 3.13585e-11 1.47495e-09 4.80382e-08 1.08338e-06 1.69186e-05 0.00018295 0.0013699 0.00710297 0.0255041 0.0634322 0.109382 0.131275 0.111351 0.0709308 0.0416325 0.0327199 0.0374531 0.0485668 0.0601329 0.0664633 0.0640279 0.0534121 0.0385866 0.0239685 0.0124863
 4.5392e-11 2.13502e-09 6.95363e-08 1.56822e-06 2.449e-05 0.000264824 0.00198296 0.0102818 0.0369199 0.09184 0.158473 0.190671 0.163188 0.106509 0.0632224 0.0410992 0.0278198 0.0183943 0.014432 0.0151089 0.0168052 0.016441 0.0132865 0.00869348 0.00454055
 3.69794e-11 1.73933e-09 5.6649e-08 1.27758e-06 1.99512e-05 0.000215744 0.00161549 0.00837706 0.0300885 0.0749291 0.129855 0.158898 0.144654 0.113495 0.0940908 0.0814055 0.0616019 0.0383073 0.0211254 0.0121117 0.00854821 0.00737854 0.0063015 0.00449112 0.00248958
 3.74258e-11 1.76033e-09 5.73328e-08 1.293e-06 2.0192e-05 0.000218348 0.00163498 0.00847795 0.0304483 0.0757999 0.131192 0.159732 0.142887 0.107142 0.084128 0.0733068 0.0615262 0.0467993 0.0324829 0.0201182 0.0110545 0.00593998 0.00356578 0.00226206 0.00126225
 3.55946e-11 1.6742e-09 5.45276e-08 1.22973e-06 1.92041e-05 0.000207665 0.00155499 0.00806328 0.0289607 0.0721121 0.124917 0.152597 0.138123 0.106929 0.0878144 0.0780031 0.0646657 0.0484639 0.0346637 0.0237084 0.0147051 0.0080019 0.00389356 0.00179571 0.000798975
 3.64115e-11 1.71262e-09 5.5779e-08 1.25796e-06 1.96448e-05 0.000212431 0.00159068 0.00824824 0.029624 0.0737537 0.127692 0.155665 0.139872 0.106163 0.0847926 0.0743581 0.0620707 0.0473041 0.0343079 0.0237243 0.0151124 0.00862609 0.00431177 0.00185797 0.000691504
 3.47257e-11 1.63333e-09 5.31965e-08 1.19971e-06 1.87353e-05 0.000202596 0.00151703 0.00786649 0.0282544 0.0703589 0.121917 0.149105 0.135521 0.106096 0.0885949 0.0796485 0.0664871 0.0500888 0.0360188 0.0250032 0.0161645 0.00942996 0.00483124 0.00210955 0.000764976
 3.62595e-11 1.70547e-09 5.55461e-08 1.2527e-06 1.95628e-05 0.000211544 0.00158403 0.0082138 0.0295003 0.0734462 0.127162 0.155029 0.139332 0.105827 0.0846347 0.0743417 0.0622065 0.0475881 0.0346794 0.0241195 0.0155255 0.00905783 0.00468387 0.00207531 0.000760132
 3.82994e-11 1.80142e-09 5.86712e-08 1.32318e-06 2.06634e-05 0.000223445 0.00167315 0.00867579 0.0311583 0.0775609 0.134197 0.163186 0.145304 0.107451 0.0822093 0.0696025 0.0567479 0.0423463 0.0302999 0.0210092 0.013623 0.00801007 0.00416266 0.0018536 0.000683744
 3.80862e-11 1.79139e-09 5.83445e-08 1.31581e-06 2.05483e-05 0.000222201 0.00166383 0.00862755 0.0309857 0.0771382 0.133513 0.162572 0.145459 0.109018 0.0850597 0.0725259 0.0582883 0.0420216 0.0287387 0.019149 0.0120934 0.00702308 0.0036446 0.00162975 0.000604598
 3.77603e-11 1.77607e-09 5.78453e-08 1.30456e-06 2.03725e-05 0.0002203 0.0016496 0.00855376 0.030721 0.0764822 0.132398 0.161311 0.144644 0.109082 0.0859885 0.073959 0.0598038 0.0432674 0.0294165 0.0191505 0.0116381 0.00648142 0.00325581 0.00142958 0.000526888
 3.81797e-11 1.79579e-09 5.84877e-08 1.31904e-06 2.05988e-05 0.000222747 0.00166792 0.00864871 0.0310616 0.0773257 0.133828 0.162914 0.145631 0.108885 0.0847205 0.0723372 0.0585881 0.0427299 0.0293513 0.0192211 0.0116255 0.00635058 0.00309072 0.00131044 0.000469169
 3.93397e-11 1.85035e-09 6.02648e-08 1.35912e-06 2.12246e-05 0.000229515 0.00171859 0.00891143 0.0320043 0.0796647 0.137822 0.167522 0.148927 0.109587 0.0830195 0.0693633 0.0554155 0.0399135 0.0271319 0.0177068 0.0107353 0.00587202 0.00283831 0.00118228 0.000412564
 3.87183e-11 1.82112e-09 5.93128e-08 1.33765e-06 2.08893e-05 0.000225889 0.00169145 0.00877072 0.0314997 0.0784164 0.135715 0.165204 0.147653 0.110304 0.0855464 0.0724154 0.0575891 0.0407204 0.0269852 0.0172164 0.0102772 0.00557163 0.00268061 0.00111127 0.000384243
 3.78323e-11 1.77945e-09 5.79555e-08 1.30704e-06 2.04113e-05 0.00022072 0.00165274 0.00857007 0.0307796 0.0766288 0.132656 0.161646 0.145008 0.109492 0.0864676 0.0744311 0.0601217 0.0433268 0.0291874 0.0186646 0.0109991 0.00584629 0.00276246 0.00113067 0.000387538
 3.66203e-11 1.72244e-09 5.60989e-08 1.26517e-06 1.97575e-05 0.000213649 0.0015998 0.0082956 0.0297947 0.074185 0.128481 0.156826 0.141544 0.108703 0.0881333 0.0773483 0.0631887 0.0460788 0.0315319 0.0205105 0.012255 0.00654926 0.0030775 0.00124291 0.000419554
 3.59802e-11 1.69234e-09 5.51183e-08 1.24306e-06 1.94121e-05 0.000209915 0.00157184 0.00815061 0.0292741 0.0728899 0.126247 0.15414 0.139258 0.107273 0.0875112 0.0775223 0.0643316 0.048114 0.0339284 0.0226565 0.0138317 0.00753045 0.00358842 0.00145865 0.000491507
 3.76223e-11 1.76957e-09 5.76339e-08 1.29979e-06 2.02981e-05 0.000219495 0.00164357 0.00852245 0.030608 0.076196 0.131868 0.160508 0.14342 0.107141 0.0834072 0.0716918 0.0591083 0.0445393 0.0319452 0.0218543 0.0137347 0.00770451 0.00376914 0.00156352 0.00053408
 3.8781e-11 1.82407e-09 5.94088e-08 1.33982e-06 2.09232e-05 0.000226255 0.00169418 0.00878487 0.0315501 0.0785366 0.135888 0.165254 0.14718 0.108881 0.0832271 0.0700463 0.0562551 0.0408633 0.0282705 0.0190098 0.012005 0.00686801 0.00345069 0.00147143 0.000515049
 3.879e-11 1.8245e-09 5.94227e-08 1.34013e-06 2.09281e-05 0.000226308 0.00169458 0.00878696 0.0315579 0.0785592 0.135949 0.165431 0.147667 0.109921 0.0847933 0.0715927 0.0570534 0.0405982 0.0271706 0.0175661 0.010697 0.00597663 0.00298817 0.00128871 0.000460265
 3.87155e-11 1.82099e-09 5.93085e-08 1.33755e-06 2.08878e-05 0.000225872 0.00169132 0.00877007 0.0314973 0.0784093 0.135696 0.16515 0.147504 0.109995 0.0851188 0.0720953 0.0576258 0.0411031 0.0274349 0.017488 0.0103582 0.00558041 0.00269549 0.00113624 0.000402663
 3.7506e-11 1.7641e-09 5.74557e-08 1.29577e-06 2.02353e-05 0.000218816 0.00163849 0.00849619 0.0305146 0.0759726 0.131544 0.160404 0.144256 0.109678 0.0874966 0.0757176 0.0610615 0.0437503 0.0293104 0.0187167 0.0110442 0.00587017 0.00276747 0.00113185 0.000389962
 3.82839e-11 1.80069e-09 5.86474e-08 1.32264e-06 2.0655e-05 0.000223355 0.00167247 0.00867232 0.0311462 0.0775352 0.134182 0.163305 0.145853 0.108792 0.0843671 0.0719766 0.0584736 0.0428784 0.0295526 0.0192766 0.0115028 0.0061343 0.00287921 0.00116236 0.000392461
 3.91673e-11 1.84224e-09 6.00007e-08 1.35316e-06 2.11316e-05 0.000228509 0.00171106 0.00887238 0.0318642 0.0793175 0.137232 0.166854 0.148492 0.109604 0.0834435 0.0699402 0.0558935 0.0402216 0.0273407 0.0178725 0.0108448 0.00590441 0.00281382 0.00114268 0.000384597
 3.82504e-11 1.79912e-09 5.85961e-08 1.32149e-06 2.06369e-05 0.00022316 0.00167101 0.00866477 0.0311196 0.0774731 0.134104 0.163347 0.146327 0.110026 0.0862394 0.0736144 0.0588539 0.0418336 0.0278701 0.0178444 0.01067 0.00578654 0.00277772 0.00114284 0.000389228
#obs surv len freq
 2.41452e-11 1.13568e-09 3.69882e-08 8.34178e-07 1.30269e-05 0.000140868 0.00105483 0.00547 0.0196504 0.0489673 0.0850843 0.105168 0.0991868 0.085391 0.0814256 0.0816731 0.0764835 0.0682178 0.0609689 0.0537802 0.0451132 0.0350818 0.0246093 0.0149756 0.00754331
 5.19522e-12 2.44358e-10 7.95859e-09 1.79487e-07 2.80299e-06 3.03123e-05 0.000227033 0.0011784 0.00424862 0.0107389 0.0196956 0.0292205 0.04311 0.0687321 0.100627 0.119706 0.118245 0.106995 0.0951259 0.0830287 0.0696805 0.0548545 0.038919 0.0237373 0.0118962
 1.78836e-14 8.41172e-13 2.73986e-11 6.18099e-10 9.66439e-09 1.05018e-07 8.01559e-07 4.4694e-06 2.05212e-05 9.53539e-05 0.000469981 0.00204148 0.00682823 0.0173024 0.0351619 0.0620213 0.0975131 0.131664 0.148523 0.143129 0.123515 0.0977809 0.0696837 0.0427458 0.0214986
 5.34463e-11 2.51385e-09 8.18746e-08 1.84648e-06 2.88354e-05 0.000311812 0.00233479 0.0121056 0.0434623 0.10805 0.186005 0.221723 0.183025 0.104676 0.0417282 0.0124502 0.00503988 0.00630931 0.0101722 0.0137712 0.0151306 0.0136705 0.0102985 0.00644167 0.00326349
 3.17463e-11 1.49319e-09 4.86324e-08 1.09678e-06 1.71279e-05 0.000185215 0.00138691 0.0071923 0.0258408 0.0644248 0.112157 0.139619 0.134671 0.121076 0.117257 0.107648 0.077527 0.0406235 0.0163761 0.00757919 0.0066328 0.00702373 0.00620546 0.00427948 0.00227672
 4.30645e-11 2.02555e-09 6.59707e-08 1.48781e-06 2.32342e-05 0.000251245 0.00188129 0.00975475 0.0350288 0.0871501 0.150479 0.18153 0.156974 0.106343 0.0699522 0.0544397 0.0466633 0.0384472 0.0279426 0.0166186 0.00804816 0.0038007 0.00227853 0.00152586 0.000865421
 3.60054e-11 1.69352e-09 5.51569e-08 1.24393e-06 1.94257e-05 0.000210062 0.00157295 0.00815646 0.0292967 0.0729612 0.126473 0.154897 0.141456 0.11195 0.0941263 0.0827998 0.0646323 0.0434413 0.0278798 0.0182592 0.0113277 0.00605394 0.00277434 0.00119511 0.000516515
 3.86122e-11 1.81613e-09 5.91503e-08 1.33399e-06 2.08321e-05 0.00022527 0.00168681 0.00874661 0.0314124 0.0781895 0.13526 0.164364 0.145996 0.107264 0.0814469 0.0692485 0.0576102 0.0439537 0.0311689 0.0203169 0.0119578 0.0063743 0.00304365 0.00126232 0.000449592
 3.58411e-11 1.68579e-09 5.49051e-08 1.23825e-06 1.93371e-05 0.000209103 0.00156576 0.00811914 0.0291617 0.0726146 0.125803 0.153753 0.139399 0.10835 0.0893118 0.0789833 0.0643516 0.0467791 0.0324325 0.0219207 0.01378 0.00768842 0.00371052 0.00152309 0.000523125
 3.4394e-11 1.61773e-09 5.26883e-08 1.18826e-06 1.85563e-05 0.000200661 0.00150255 0.00779137 0.027985 0.0696901 0.120774 0.147786 0.134578 0.10592 0.0892195 0.0809151 0.0681651 0.0517412 0.0370427 0.0251298 0.0157088 0.00887506 0.00442454 0.0018764 0.000653738
 3.72723e-11 1.75311e-09 5.70977e-08 1.2877e-06 2.01092e-05 0.000217453 0.00162828 0.00844315 0.0303232 0.075485 0.130627 0.158945 0.141863 0.105669 0.0820055 0.0707092 0.059114 0.0457022 0.0338455 0.0238766 0.0154437 0.00892639 0.00451667 0.0019463 0.000691801
 3.98522e-11 1.87445e-09 6.10498e-08 1.37683e-06 2.15011e-05 0.000232504 0.00174097 0.00902743 0.0324204 0.080693 0.139553 0.169401 0.149872 0.108736 0.080436 0.0660572 0.0525957 0.0382783 0.0268437 0.0185562 0.0121766 0.00726443 0.00379931 0.00168204 0.000610509
 3.74355e-11 1.76079e-09 5.73476e-08 1.29333e-06 2.01973e-05 0.000218405 0.00163541 0.00848024 0.0304577 0.075833 0.131318 0.160207 0.144322 0.110207 0.0883582 0.0763218 0.0607799 0.0426039 0.0280351 0.0180655 0.0111919 0.00647198 0.00337974 0.0015242 0.00056745
 3.79924e-11 1.78698e-09 5.82007e-08 1.31257e-06 2.04977e-05 0.000221654 0.00165973 0.00860629 0.0309094 0.0769467 0.133173 0.162123 0.144948 0.108446 0.0845521 0.0725215 0.0592219 0.0436586 0.0301614 0.0196376 0.0117428 0.00639724 0.00316146 0.00137996 0.000509426
 3.77035e-11 1.77339e-09 5.77582e-08 1.30259e-06 2.03419e-05 0.000219969 0.00164712 0.00854088 0.0306749 0.076367 0.132198 0.161067 0.144421 0.108901 0.0858196 0.0737764 0.0596548 0.0432963 0.0297554 0.019711 0.012125 0.00669636 0.00325526 0.001367 0.000484459
 3.92179e-11 1.84462e-09 6.00781e-08 1.35491e-06 2.11589e-05 0.000228804 0.00171327 0.00888382 0.0319052 0.0794174 0.137391 0.166985 0.14841 0.109133 0.0826288 0.069138 0.0555128 0.0403444 0.0277265 0.0182884 0.0112241 0.00623711 0.00306487 0.00129155 0.000452423
 3.82512e-11 1.79915e-09 5.85972e-08 1.32151e-06 2.06373e-05 0.000223164 0.00167104 0.00866493 0.0311203 0.0774744 0.134105 0.163342 0.146303 0.109961 0.086108 0.073399 0.0585688 0.0415715 0.0277763 0.0179819 0.0109501 0.00606972 0.00298394 0.00126113 0.000443003
 3.7049e-11 1.74261e-09 5.67555e-08 1.27998e-06 1.99887e-05 0.00021615 0.00161852 0.00839267 0.0301431 0.0750488 0.129954 0.158514 0.142715 0.10886 0.0873568 0.0761238 0.0619761 0.0450563 0.0307057 0.0199155 0.0119485 0.00649699 0.00315012 0.00132283 0.000463979
 3.50002e-11 1.64624e-09 5.36169e-08 1.2092e-06 1.88834e-05 0.000204197 0.00152903 0.00792868 0.028478 0.0709168 0.122892 0.150338 0.13677 0.107331 0.0898829 0.0807956 0.0670769 0.0498253 0.0348816 0.0232349 0.0142232 0.0077996 0.00376571 0.00156335 0.000542112
 3.54341e-11 1.66665e-09 5.42817e-08 1.22419e-06 1.91175e-05 0.000206729 0.00154798 0.00802689 0.0288298 0.0717832 0.124328 0.151787 0.137108 0.105601 0.0862726 0.0769156 0.0647993 0.0497591 0.0362887 0.0250768 0.0158395 0.00892587 0.00439797 0.00184473 0.000640115
 3.88022e-11 1.82507e-09 5.94412e-08 1.34055e-06 2.09346e-05 0.000226378 0.0016951 0.00878961 0.0315667 0.0785721 0.135912 0.165107 0.146487 0.10721 0.0806658 0.0675874 0.0551471 0.0415112 0.0300763 0.0210926 0.0137588 0.0080575 0.00411326 0.00177437 0.000627783
 3.75247e-11 1.76498e-09 5.74843e-08 1.29642e-06 2.02454e-05 0.000218926 0.00163931 0.00850042 0.0305299 0.0760094 0.131602 0.160448 0.144205 0.109426 0.0869484 0.0748073 0.0598312 0.0425341 0.0287092 0.0191149 0.0122126 0.00719454 0.00376146 0.00167475 0.000611119
 3.90874e-11 1.83848e-09 5.98782e-08 1.35041e-06 2.10885e-05 0.000228042 0.00170757 0.00885426 0.0317991 0.0791535 0.136936 0.16644 0.147952 0.108867 0.0825661 0.069304 0.0559346 0.0409009 0.0281581 0.0184591 0.0112558 0.00630815 0.00320368 0.00142197 0.000526607
 3.5852e-11 1.6863e-09 5.49218e-08 1.23863e-06 1.93429e-05 0.000209167 0.00156624 0.00812163 0.0291709 0.0726406 0.125868 0.153926 0.139853 0.109311 0.0907708 0.0804618 0.0651676 0.0465492 0.0312741 0.020354 0.0124339 0.00690082 0.00340825 0.00146318 0.000529468
 3.65747e-11 1.7203e-09 5.60289e-08 1.26359e-06 1.97328e-05 0.000213383 0.0015978 0.00828521 0.029757 0.0740854 0.128272 0.1564 0.140621 0.106917 0.0856124 0.075159 0.0626107 0.0473258 0.0336535 0.0224876 0.0137056 0.00751462 0.00366408 0.00154818 0.000548595
 3.8985e-11 1.83367e-09 5.97214e-08 1.34687e-06 2.10333e-05 0.000227445 0.00170309 0.00883105 0.0317157 0.0789444 0.136566 0.165948 0.14738 0.108158 0.0816737 0.0683856 0.055329 0.0409504 0.0290115 0.0198556 0.012599 0.00714843 0.0035379 0.00149142 0.000522377
 3.83245e-11 1.8026e-09 5.87095e-08 1.32405e-06 2.06769e-05 0.000223592 0.00167424 0.00868154 0.0311798 0.0776212 0.13435 0.1636 0.146402 0.109754 0.0855932 0.0727387 0.0579705 0.0411796 0.0276766 0.0181955 0.0113767 0.00651838 0.00330581 0.0014287 0.000508094
 3.67603e-11 1.72903e-09 5.63133e-08 1.27001e-06 1.9833e-05 0.000214466 0.00160591 0.0083273 0.0299086 0.0744677 0.128966 0.157397 0.141991 0.108894 0.0880748 0.0770858 0.0627319 0.0454508 0.030857 0.0200023 0.012075 0.00666874 0.00331346 0.0014317 0.00051564
#pred catch len freq
 2.36864e-11 1.1141e-09 3.62854e-08 8.18326e-07 1.27794e-05 0.000138191 0.00103479 0.0053661 0.0192774 0.0480421 0.0835035 0.10334 0.097868 0.085091 0.0821021 0.082891 0.0775559 0.0681344 0.0587747 0.0497467 0.0413324 0.0342365 0.0278265 0.0207408 0.0129839
 1.29915e-11 6.11057e-10 1.99017e-08 4.48834e-07 7.00923e-06 7.57963e-05 0.0005676 0.00294405 0.0105856 0.0264717 0.0466326 0.0606333 0.0667311 0.0768519 0.0947815 0.106446 0.103024 0.091814 0.079938 0.067632 0.054872 0.0428842 0.0320818 0.0220462 0.0129795
 6.04397e-12 2.84279e-10 9.2588e-09 2.08809e-07 3.26088e-06 3.52629e-05 0.000264076 0.00136994 0.00492883 0.0123564 0.0219773 0.0295666 0.0356726 0.0473035 0.0666348 0.0870366 0.103811 0.115412 0.117011 0.106224 0.0877401 0.0673086 0.0478563 0.0306535 0.0168337
 2.87717e-11 1.35329e-09 4.40756e-08 9.94015e-07 1.5523e-05 0.000167858 0.0012569 0.00651709 0.0234008 0.0582045 0.100392 0.120601 0.102689 0.0663643 0.0406317 0.0339592 0.0403227 0.0530586 0.0661163 0.0733179 0.070767 0.0591026 0.0427274 0.0265512 0.0138346
 4.38015e-11 2.06021e-09 6.70998e-08 1.51327e-06 2.36318e-05 0.000255544 0.00191348 0.00992163 0.0356272 0.0886316 0.152986 0.184303 0.1585 0.105127 0.0647531 0.0439055 0.0304687 0.0205044 0.0164167 0.0174132 0.0194499 0.0190505 0.015402 0.0100798 0.00526523
 3.51125e-11 1.65153e-09 5.37892e-08 1.21308e-06 1.8944e-05 0.000204853 0.00153394 0.00795431 0.0285718 0.071168 0.123447 0.151577 0.139654 0.113027 0.0977532 0.0868581 0.0665179 0.0417469 0.0233005 0.0135409 0.00965487 0.00837273 0.00716078 0.00510547 0.00283046
 3.55526e-11 1.67223e-09 5.44633e-08 1.22828e-06 1.91814e-05 0.00020742 0.00155316 0.00805375 0.0289261 0.0720231 0.124743 0.152291 0.137563 0.106005 0.0868739 0.0781176 0.0666666 0.0513502 0.0360217 0.0224716 0.0124058 0.0066916 0.0040285 0.002559 0.00142854
 3.39064e-11 1.5948e-09 5.19415e-08 1.17141e-06 1.82933e-05 0.000197816 0.00148125 0.00768097 0.0275888 0.0687084 0.119105 0.14589 0.133322 0.105889 0.0902342 0.0821965 0.0690616 0.052353 0.0378576 0.0260924 0.0162531 0.0088656 0.00432049 0.00199469 0.000888047
 3.46575e-11 1.63012e-09 5.3092e-08 1.19736e-06 1.86985e-05 0.000202198 0.00151405 0.00785101 0.0281985 0.0702168 0.121651 0.148686 0.134848 0.105005 0.087195 0.0786196 0.066611 0.0513798 0.0376759 0.0262538 0.0167983 0.00961321 0.00481249 0.00207554 0.00077286
 3.32158e-11 1.56231e-09 5.08835e-08 1.14755e-06 1.79206e-05 0.000193787 0.00145108 0.00752456 0.0270274 0.0673143 0.116716 0.143097 0.131197 0.1051 0.0906575 0.0832971 0.0703564 0.0535518 0.0388927 0.0271893 0.0176491 0.0103195 0.00529386 0.00231323 0.000839165
 3.4634e-11 1.62902e-09 5.30561e-08 1.19655e-06 1.86858e-05 0.000202061 0.00151303 0.00784569 0.0281793 0.0701683 0.121562 0.148556 0.134662 0.104721 0.0868094 0.078238 0.0663819 0.0513618 0.0378184 0.0264923 0.0171245 0.0100152 0.00518638 0.00229977 0.000842694
 3.67962e-11 1.73072e-09 5.63684e-08 1.27125e-06 1.98524e-05 0.000214675 0.00160748 0.00833537 0.0299367 0.07453 0.129021 0.157213 0.141027 0.10652 0.0843541 0.0733158 0.0606223 0.0457473 0.0330784 0.0231072 0.0150474 0.00886879 0.00461521 0.00205666 0.000758949
 3.67399e-11 1.72807e-09 5.62822e-08 1.2693e-06 1.9822e-05 0.000214347 0.00160503 0.00832268 0.0298917 0.0744243 0.12888 0.15724 0.141682 0.108303 0.0871586 0.0760224 0.0618357 0.0450211 0.0310951 0.0208734 0.0132399 0.00770751 0.00400521 0.0017923 0.00066515
 3.6377e-11 1.711e-09 5.57261e-08 1.25676e-06 1.96262e-05 0.00021223 0.00158917 0.00824049 0.0295969 0.0736935 0.127638 0.155833 0.140767 0.10836 0.0881722 0.0775964 0.0635091 0.0464066 0.0318603 0.0208933 0.0127528 0.00712039 0.00358218 0.00157419 0.000580433
 3.68659e-11 1.73399e-09 5.64751e-08 1.27365e-06 1.98899e-05 0.000215082 0.00161053 0.00835119 0.0299939 0.0746772 0.129307 0.157708 0.141939 0.108177 0.0867614 0.0757644 0.062105 0.0457395 0.0317162 0.020914 0.0127013 0.00695491 0.00338972 0.00143841 0.000515212
 3.80884e-11 1.7915e-09 5.83479e-08 1.31589e-06 2.05495e-05 0.000222214 0.00166393 0.00862804 0.0309874 0.0771422 0.133517 0.162569 0.145429 0.108953 0.0850211 0.0726764 0.0587739 0.0427451 0.029333 0.0192786 0.0117367 0.00643504 0.0031148 0.00129848 0.000453312
 3.7364e-11 1.75742e-09 5.72382e-08 1.29086e-06 2.01587e-05 0.000217988 0.00163229 0.00846403 0.0303993 0.0756868 0.131058 0.159855 0.1439 0.10969 0.0878218 0.0761026 0.0612635 0.043747 0.0292815 0.0188254 0.0112893 0.00613635 0.0029568 0.00122682 0.000424392
 3.65301e-11 1.7182e-09 5.59607e-08 1.26205e-06 1.97088e-05 0.000213123 0.00159586 0.00827518 0.0297215 0.0740039 0.128176 0.156493 0.141372 0.10884 0.0885684 0.0779081 0.0636556 0.0463088 0.031488 0.0202766 0.0119991 0.00639358 0.0030256 0.00123944 0.000425018
 3.51575e-11 1.65364e-09 5.38581e-08 1.21463e-06 1.89683e-05 0.000205115 0.0015359 0.00796434 0.028606 0.0712362 0.123448 0.151031 0.137438 0.107924 0.0904208 0.0811832 0.0671234 0.0494449 0.0341723 0.022391 0.0134365 0.00719879 0.00338788 0.00136949 0.00046251
 3.44239e-11 1.61913e-09 5.27342e-08 1.18929e-06 1.85724e-05 0.000200835 0.00150385 0.00779816 0.0280093 0.069752 0.120889 0.147959 0.13484 0.106335 0.0897813 0.0814493 0.0684561 0.0517474 0.0368602 0.0247918 0.0151991 0.00829553 0.00395894 0.00161068 0.000542997
 3.61892e-11 1.70217e-09 5.54385e-08 1.25028e-06 1.95249e-05 0.000211134 0.00158097 0.00819791 0.0294434 0.0733064 0.126933 0.154811 0.139334 0.106238 0.0854339 0.0752352 0.0628488 0.0478624 0.0346657 0.0238786 0.0150665 0.00847092 0.0041497 0.00172272 0.000588715
 3.75031e-11 1.76397e-09 5.74512e-08 1.29567e-06 2.02337e-05 0.000218799 0.00163836 0.00849548 0.0305116 0.0759604 0.131491 0.16019 0.143585 0.108181 0.0851882 0.0733374 0.0596154 0.043731 0.0305464 0.0206863 0.0131173 0.00752147 0.00378385 0.00161463 0.000565391
 3.75635e-11 1.76681e-09 5.75438e-08 1.29776e-06 2.02663e-05 0.000219152 0.001641 0.0085092 0.0305612 0.076087 0.131731 0.160581 0.14425 0.109326 0.0867949 0.0748732 0.0603485 0.0433416 0.029278 0.0190639 0.0116586 0.00652966 0.00326921 0.00141098 0.000504129
 3.7484e-11 1.76307e-09 5.7422e-08 1.29501e-06 2.02234e-05 0.000218688 0.00163753 0.00849119 0.0304966 0.0759271 0.13146 0.160281 0.144078 0.109407 0.0871446 0.0754146 0.0609681 0.0438906 0.0295662 0.0189786 0.0112884 0.00609649 0.0029491 0.00124417 0.000441107
 3.61537e-11 1.7005e-09 5.53841e-08 1.24905e-06 1.95057e-05 0.000210927 0.00157942 0.00818995 0.0294158 0.0732467 0.126892 0.155055 0.140488 0.109021 0.0897064 0.0793507 0.064732 0.0468263 0.0316737 0.0203731 0.0120737 0.0064336 0.00303771 0.00124348 0.000428628
 3.69652e-11 1.73866e-09 5.66272e-08 1.27708e-06 1.99435e-05 0.000215661 0.00161486 0.00837367 0.0300746 0.0748767 0.129644 0.158079 0.142145 0.108075 0.0864086 0.0754181 0.0620225 0.0459312 0.0319545 0.0209855 0.012573 0.00672103 0.0031592 0.00127649 0.000431198
 3.78795e-11 1.78167e-09 5.80279e-08 1.30867e-06 2.04368e-05 0.000220996 0.00165481 0.00858075 0.0308178 0.0767217 0.132802 0.161758 0.144894 0.108956 0.0855104 0.0733547 0.059349 0.0431311 0.029603 0.0194912 0.0118769 0.00648175 0.00309327 0.00125716 0.000423319
 3.70131e-11 1.74092e-09 5.67006e-08 1.27874e-06 1.99694e-05 0.000215941 0.00161696 0.00838456 0.0301141 0.074979 0.129849 0.158455 0.142886 0.10944 0.0882798 0.0769494 0.0622018 0.044618 0.0300011 0.0193453 0.0116165 0.00631509 0.00303572 0.00124998 0.000425896
#obs catch len freq
 2.34219e-11 1.10165e-09 3.58801e-08 8.09186e-07 1.26366e-05 0.000136648 0.00102323 0.00530613 0.0190618 0.0475012 0.0825415 0.10205 0.0963442 0.0832586 0.0801991 0.0820735 0.0792707 0.0726358 0.0647894 0.0555438 0.0453624 0.0350468 0.0248009 0.0152725 0.00776845
 2.30157e-11 1.08255e-09 3.52579e-08 7.95155e-07 1.24175e-05 0.000134278 0.00100549 0.0052142 0.0187324 0.0466891 0.0811898 0.100656 0.0958905 0.0844989 0.0827124 0.084052 0.0789831 0.0704575 0.0629384 0.0554955 0.0465414 0.0361875 0.025383 0.0154457 0.00777994
 4.85036e-12 2.28138e-10 7.4303e-09 1.67573e-07 2.61693e-06 2.83004e-05 0.000211968 0.0011003 0.00396837 0.0100436 0.0185085 0.0278519 0.0421335 0.0685269 0.101124 0.120538 0.119071 0.107677 0.0956719 0.0834704 0.0700339 0.0551249 0.0391079 0.0238515 0.0119532
 1.66438e-14 7.82863e-13 2.54995e-11 5.7527e-10 8.99559e-09 9.77867e-08 7.47457e-07 4.18971e-06 1.9529e-05 9.30044e-05 0.000466738 0.00204142 0.00684067 0.017338 0.0352213 0.062088 0.0975639 0.131685 0.148513 0.143092 0.123463 0.0977277 0.0696404 0.0427175 0.0214839
 5.31195e-11 2.49848e-09 8.1374e-08 1.83519e-06 2.86591e-05 0.000309906 0.00232051 0.0120316 0.0431965 0.107389 0.184867 0.220368 0.181907 0.104042 0.0414975 0.0124558 0.00522234 0.00671519 0.0108572 0.0146998 0.0161501 0.0145908 0.0109914 0.00687488 0.00348289
 3.075e-11 1.44633e-09 4.71061e-08 1.06236e-06 1.65903e-05 0.000179402 0.00134339 0.00696669 0.0250315 0.0624198 0.108752 0.135785 0.13224 0.121354 0.119986 0.11125 0.0803672 0.0421442 0.0169868 0.00785146 0.00686214 0.00726439 0.00641776 0.00442582 0.00235455
 4.23176e-11 1.99041e-09 6.48265e-08 1.462e-06 2.28312e-05 0.000246887 0.00184866 0.00958561 0.0344219 0.0856445 0.14791 0.178576 0.154894 0.105988 0.071204 0.0565324 0.0488413 0.0402957 0.0292803 0.0174094 0.00842931 0.00397952 0.002385 0.00159695 0.000905706
 3.51359e-11 1.65262e-09 5.38248e-08 1.21389e-06 1.89566e-05 0.000204989 0.00153496 0.00795955 0.0285903 0.07121 0.123493 0.151509 0.1392 0.111896 0.0960803 0.0855876 0.0670777 0.0451081 0.0289308 0.0189338 0.0117415 0.00627392 0.00287482 0.00123827 0.000535129
 3.77699e-11 1.77652e-09 5.78599e-08 1.30489e-06 2.03777e-05 0.000220356 0.00165001 0.00855586 0.030728 0.0764923 0.132367 0.161053 0.143715 0.107003 0.0830456 0.0717228 0.0599868 0.0457998 0.0324635 0.0211507 0.0124445 0.00663229 0.00316638 0.0013131 0.000467655
 3.51133e-11 1.65156e-09 5.37902e-08 1.21311e-06 1.89444e-05 0.000204857 0.00153397 0.00795432 0.0285703 0.0711484 0.123306 0.150903 0.137463 0.1082 0.0907973 0.0811918 0.0663789 0.0482638 0.033439 0.0225866 0.0141933 0.0079174 0.00382056 0.00156815 0.000538571
 3.3624e-11 1.58151e-09 5.15088e-08 1.16165e-06 1.81409e-05 0.000196169 0.00146891 0.00761701 0.0273594 0.0681387 0.11813 0.144762 0.132501 0.105697 0.0906989 0.0831773 0.0703035 0.0533732 0.0381868 0.0258914 0.0161793 0.00913893 0.0045555 0.00193179 0.000673007
 3.65722e-11 1.72018e-09 5.60251e-08 1.26351e-06 1.97315e-05 0.000213368 0.00159769 0.0082846 0.0297543 0.0740742 0.128221 0.15619 0.139957 0.105426 0.0832889 0.0727035 0.0610231 0.0471925 0.0349273 0.0246262 0.0159233 0.0092018 0.00465547 0.00200597 0.000712977
 3.92724e-11 1.84718e-09 6.01615e-08 1.35679e-06 2.11883e-05 0.000229121 0.00171565 0.00889614 0.0319493 0.079525 0.137564 0.167129 0.148323 0.1086 0.0815933 0.0677893 0.0541921 0.0394546 0.0276495 0.0191006 0.0125289 0.00747308 0.00390797 0.00173002 0.0006279
 3.67637e-11 1.72919e-09 5.63185e-08 1.27012e-06 1.98348e-05 0.000214486 0.00160606 0.0083281 0.0299119 0.0744798 0.129015 0.157582 0.142556 0.110114 0.0897974 0.0784247 0.0626766 0.0439468 0.0288992 0.0186095 0.0115239 0.00666237 0.00347869 0.0015687 0.000583994
 3.73985e-11 1.75905e-09 5.7291e-08 1.29206e-06 2.01773e-05 0.000218189 0.00163379 0.0084718 0.0304268 0.0757502 0.131135 0.159796 0.143365 0.108316 0.0857557 0.0743267 0.0608997 0.0449035 0.0310005 0.0201715 0.0120574 0.0065671 0.00324492 0.00141626 0.000522801
 3.71275e-11 1.7463e-09 5.68758e-08 1.28269e-06 2.00311e-05 0.000216608 0.00162196 0.00841045 0.0302069 0.0752068 0.130222 0.158812 0.142893 0.108791 0.087009 0.0755409 0.0612734 0.0444769 0.0305444 0.0202203 0.0124334 0.00686511 0.00333685 0.00140115 0.000496535
 3.86535e-11 1.81807e-09 5.92134e-08 1.33541e-06 2.08544e-05 0.000225511 0.00168861 0.008756 0.0314466 0.0782803 0.135455 0.164775 0.14691 0.109019 0.0837857 0.0708609 0.0571001 0.0415084 0.0285067 0.0187908 0.0115279 0.00640447 0.00314668 0.00132591 0.00046444
 3.76138e-11 1.76917e-09 5.76207e-08 1.29949e-06 2.02935e-05 0.000219445 0.0016432 0.00852059 0.0306024 0.0761905 0.131919 0.160851 0.144622 0.109861 0.0874574 0.0753821 0.0603706 0.0428637 0.0286203 0.0185159 0.0112706 0.00624594 0.00307015 0.00129747 0.000455744
 3.64025e-11 1.7122e-09 5.57652e-08 1.25765e-06 1.964e-05 0.000212379 0.00159029 0.00824628 0.0296179 0.0737465 0.127736 0.155983 0.140999 0.108736 0.0886922 0.0781096 0.0638048 0.0463948 0.0315965 0.0204803 0.0122827 0.00667711 0.00323699 0.00135919 0.000476709
 3.42891e-11 1.61279e-09 5.25277e-08 1.18463e-06 1.84997e-05 0.000200049 0.00149797 0.00776766 0.0279003 0.0694843 0.120452 0.147551 0.134869 0.107164 0.0913057 0.0829361 0.0690696 0.051312 0.0358982 0.0238977 0.0146236 0.00801742 0.00387036 0.00160666 0.000557104
 3.47629e-11 1.63508e-09 5.32535e-08 1.201e-06 1.87554e-05 0.000202813 0.00151866 0.0078749 0.0282845 0.0704307 0.122023 0.149149 0.135292 0.105393 0.0875406 0.0788658 0.0666517 0.0511861 0.0373042 0.0257638 0.0162679 0.00916538 0.00451541 0.00189385 0.000657128
 3.82116e-11 1.79729e-09 5.85365e-08 1.32015e-06 2.0616e-05 0.000222933 0.00166931 0.00865588 0.0310868 0.0773822 0.133884 0.162787 0.144893 0.107037 0.0817947 0.0693088 0.0567645 0.0427397 0.0309451 0.0216886 0.0141425 0.00828052 0.00422661 0.00182314 0.00064501
 3.68881e-11 1.73504e-09 5.65091e-08 1.27442e-06 1.99019e-05 0.000215212 0.0016115 0.00835626 0.0300126 0.074727 0.129418 0.157958 0.142522 0.109317 0.0882798 0.0767671 0.0616098 0.0438092 0.0295488 0.0196604 0.0125559 0.00739505 0.0038658 0.00172109 0.000628001
 3.85011e-11 1.8109e-09 5.898e-08 1.33015e-06 2.07722e-05 0.000224622 0.00168195 0.00872148 0.0313227 0.0779722 0.134924 0.164143 0.14639 0.10874 0.0837565 0.0710855 0.0575845 0.0421192 0.0289775 0.0189844 0.0115715 0.00648358 0.0032923 0.00146118 0.000541104
 3.52255e-11 1.65684e-09 5.39621e-08 1.21698e-06 1.90049e-05 0.000205512 0.00153887 0.00797976 0.0286619 0.0713786 0.123719 0.151477 0.138201 0.109214 0.092098 0.0824112 0.0669374 0.0478172 0.0321024 0.0208788 0.0127492 0.00707417 0.00349338 0.0014996 0.000542621
 3.5941e-11 1.69049e-09 5.50582e-08 1.2417e-06 1.9391e-05 0.000209686 0.00157012 0.00814172 0.0292421 0.0728087 0.126097 0.153913 0.138917 0.106746 0.086849 0.0770413 0.0643848 0.0486726 0.034588 0.0230985 0.0140729 0.00771429 0.00376092 0.00158896 0.000563019
 3.83976e-11 1.80604e-09 5.88215e-08 1.32657e-06 2.07164e-05 0.000224018 0.00167743 0.00869803 0.0312384 0.0777609 0.13455 0.163644 0.145806 0.108011 0.0828353 0.0701358 0.056957 0.0421667 0.0298525 0.0204184 0.0129513 0.00734679 0.00363561 0.0015325 0.000536739
 3.77118e-11 1.77378e-09 5.7771e-08 1.30288e-06 2.03464e-05 0.000220017 0.00164748 0.0085428 0.030682 0.0763871 0.132249 0.161205 0.144784 0.109653 0.086882 0.0746345 0.0596921 0.0424142 0.0284864 0.0187151 0.0116966 0.00670014 0.00339755 0.00146824 0.000522132
#spawning biomass
 71144.1 72497.4 60140.7 41703.4 43914.4 79050.6 118945 168598 188327 224697 205723 223317 250775 250631 256379 254161 257870 278682 266900 270187 281681 288430 284099 273477 262338 261585 261919 270973 256935 372063 267692 169622 104770 67293.5 47203.7 36918.3 31805.9 29314.1 28115.5 27544.1 27273.4 27145.6 27085.5 27057.3 27044.1 27037.9 27035 27033.7 27033.1 27032.8 27032.6 27032.6 27032.5 27032.5 27032.5 27032.5 27032.5 27032.5 27032.5 27032.5 27032.5 27032.5 27032.5 27032.5 27032.5 27032.5 27032.5 27032.5 27032.5 27032.5 27032.5 27032.5 27032.5 27032.5 27032.5 27032.5 27032.5 27032.5 27032.5 27032.5 27032.5 27032.5 27032.5 27032.5 27032.5 27032.5 27032.5 27032.5 27032.5 27032.5 27032.5 27032.5 27032.5 27032.5 27032.5 27032.5 27032.5 27032.5 27032.5 27032.5 27032.5 27032.5 27032.5 27032.5 27032.5 27032.5 27032.5 27032.5 27032.5 27032.5 27032.5 27032.5 27032.5 27032.5 27032.5 27032.5 27032.5 27032.5 27032.5 27032.5 27032.5 27032.5 27032.5 27032.5 27032.5 27032.5 27032.5 27032.5 0 0 0 0 0 0 0 0 0 0 0 0 0 0 0 0 0 0 0 0 0 0 0 0 0
