SBPRF35
0.819782
Curr Bio
128656
B35
659340
F35
0.212954
FOFL
0
OFL
0
Bzero
234224
#pred survey bio
 15816.4 12314.2 12084.3 16091.1 20949.8 20694.9 23375.6 32149.3 47471.4 57156.2 76151.4 88507.7 122894 144262 145931 120968 98706.4 94716.2 96105.8 96028.9 102956 118415 130377 143756 156872 145176 138182 128457 3.51636e+06 5.25294e+06 5.74137e+06 5.57193e+06 5.06115e+06 4.44593e+06 3.86066e+06 3.36369e+06 2.96863e+06 2.66737e+06 2.44372e+06 2.28053e+06 2.16269e+06 2.07795e+06 2.01635e+06 1.97094e+06 1.93885e+06 1.91592e+06 1.89937e+06 1.88727e+06 1.87834e+06 1.87166e+06 1.86661e+06 1.86275e+06 1.85977e+06 1.85746e+06 1.85564e+06 1.85421e+06 1.85307e+06 1.85216e+06 1.85143e+06 1.85085e+06 1.85037e+06 1.84999e+06 1.84968e+06 1.84942e+06 1.84922e+06 1.84905e+06 1.84891e+06 1.8488e+06 1.84871e+06 1.84864e+06 1.84858e+06 1.84853e+06 1.84849e+06 1.84845e+06 1.84843e+06 1.8484e+06 1.84839e+06 1.84837e+06 1.84836e+06 1.84835e+06 1.84834e+06 1.84833e+06 1.84833e+06 1.84832e+06 1.84832e+06 1.84832e+06 1.84831e+06 1.84831e+06 1.84831e+06 1.84831e+06 1.84831e+06 1.84831e+06 1.84831e+06 1.84831e+06 1.84831e+06 1.8483e+06 1.8483e+06 1.8483e+06 1.8483e+06 1.8483e+06 1.8483e+06 1.8483e+06 1.8483e+06 1.8483e+06 1.8483e+06 1.8483e+06 1.8483e+06 1.8483e+06 1.8483e+06 1.8483e+06 1.8483e+06 1.8483e+06 1.8483e+06 1.8483e+06 1.8483e+06 1.8483e+06 1.8483e+06 1.8483e+06 1.8483e+06 1.8483e+06 1.8483e+06 1.8483e+06 1.8483e+06 1.8483e+06 1.8483e+06 1.8483e+06 1.8483e+06 1.8483e+06 0 0 0 0 0 0 0 0 0 0 0 0 0 0 0 0 0 0 0 0 0 0 0 0 0
#obs survey bio
 14855.2 8121.52 14817.8 20876.3 24754.2 21779.3 30613.4 43941.1 75437.8 63825.2 96005 98557.6 164655 170064 150346 107036 93728 116741 90852.7 109310 146348 108230 117366 161947 193949 175878 145405 98936.5
#pred catch bio
 10768.1 8211.44 7561.9 9403.75 14364.2 14470.1 15958.1 20467.5 34478.3 39598.9 57795.4 60611.9 90284.2 106175 113153 98440.9 80180.3 76562.9 78361.6 76636.1 80357.1 95015.1 106691 118587 136514 123072 116892 95992.2 0 43136.4 46835.9 45004.7 40364.8 34940.3 29867.1 25624 22306.1 19824.1 18023.8 16746.7 15855.3 15240.3 14816.6 14524.7 14331.6 14203.7 14119.2 14063.2 14026.2 14001.7 13985.5 13974.8 13967.7 13963 13959.9 13957.8 13956.4 13955.5 13954.9 13954.5 13954.3 13954.1 13954 13953.9 13953.9 13953.8 13953.8 13953.8 13953.8 13953.8 13953.8 13953.8 13953.8 13953.8 13953.8 13953.8 13953.8 13953.8 13953.8 13953.8 13953.8 13953.8 13953.8 13953.8 13953.8 13953.8 13953.8 13953.8 13953.8 13953.8 13953.8 13953.8 13953.8 13953.8 13953.8 13953.8 13953.8 13953.8 13953.8 13953.8 13953.8 13953.8 13953.8 13953.8 13953.8 13953.8 13953.8 13953.8 13953.8 13953.8 13953.8 13953.8 13953.8 13953.8 13953.8 13953.8 13953.8 13953.8 13953.8 13953.8 13953.8 13953.8 13953.8 13953.8 13953.8 13953.8 13953.8 13953.8 0 0 0 0 0 0 0 0 0 0 0 0 0 0 0 0 0 0 0 0 0 0 0 0 0
#obs catch bio
 8601.51 9211.93 7730.6 8252.93 14091.5 13373 14993.6 17832.2 30288.1 35732.6 55773 56116.2 80000.9 91963.6 105605 99651.7 80847.8 75503.2 76460.2 72752.1 70169.6 86221.2 95070 109144 121344 110806 102648 92759.9
#pred cpue bio
 14134.5 10926.8 10047.6 13232 18171.6 17472.5 19062.6 25533.9 38861.5 45976.9 61586 70992.3 98699.9 118668 124316 102697 80900.5 76448.5 77624.8 77394.6 82403.2 94515.2 103893 112872 124734 115342 111620 102905 2.90311e+06 5.20824e+06 5.69667e+06 5.52722e+06 5.01645e+06 4.40122e+06 3.81595e+06 3.31898e+06 2.92393e+06 2.62266e+06 2.39902e+06 2.23583e+06 2.11799e+06 2.03324e+06 1.97165e+06 1.92624e+06 1.89414e+06 1.87122e+06 1.85466e+06 1.84257e+06 1.83363e+06 1.82695e+06 1.8219e+06 1.81805e+06 1.81507e+06 1.81276e+06 1.81094e+06 1.80951e+06 1.80837e+06 1.80746e+06 1.80673e+06 1.80614e+06 1.80567e+06 1.80528e+06 1.80497e+06 1.80472e+06 1.80451e+06 1.80435e+06 1.80421e+06 1.8041e+06 1.80401e+06 1.80393e+06 1.80387e+06 1.80382e+06 1.80378e+06 1.80375e+06 1.80372e+06 1.8037e+06 1.80368e+06 1.80367e+06 1.80365e+06 1.80364e+06 1.80364e+06 1.80363e+06 1.80362e+06 1.80362e+06 1.80361e+06 1.80361e+06 1.80361e+06 1.80361e+06 1.80361e+06 1.8036e+06 1.8036e+06 1.8036e+06 1.8036e+06 1.8036e+06 1.8036e+06 1.8036e+06 1.8036e+06 1.8036e+06 1.8036e+06 1.8036e+06 1.8036e+06 1.8036e+06 1.8036e+06 1.8036e+06 1.8036e+06 1.8036e+06 1.8036e+06 1.8036e+06 1.8036e+06 1.8036e+06 1.8036e+06 1.8036e+06 1.8036e+06 1.8036e+06 1.8036e+06 1.8036e+06 1.8036e+06 1.8036e+06 1.8036e+06 1.8036e+06 1.8036e+06 1.8036e+06 1.8036e+06 1.8036e+06 1.8036e+06 1.8036e+06 1.8036e+06 1.8036e+06 0 0 0 0 0 0 0 0 0 0 0 0 0 0 0 0 0 0 0 0 0 0 0 0 0
#obs cpue bio
 8761.09 7764.79 11721.8 17295.8 17084.5 21864.4 20201.2 32835.1 42564.8 53519.4 52146.4 89117.7 132700 169966 137617 110289 78398.2 68046.5 89564.9 86553.5 112519 137165 189359 130526 174449 134797 187508 143227
#pred surv len freq
 1.13138e-11 1.22801e-09 7.85922e-08 2.96583e-06 6.59936e-05 0.000865883 0.00670004 0.0305954 0.0827436 0.134886 0.143649 0.128863 0.126413 0.114388 0.0810305 0.0505378 0.0318843 0.0203635 0.0133869 0.00935032 0.00708107 0.00588864 0.00508837 0.00392372 0.00229169
 1.07857e-11 1.17069e-09 7.49237e-08 2.82739e-06 6.29134e-05 0.000825477 0.00638772 0.0291771 0.079016 0.12968 0.142146 0.137458 0.144525 0.13166 0.0882409 0.0486906 0.0265371 0.0146645 0.00813564 0.0046611 0.00286775 0.00198347 0.00151702 0.00111252 0.000647096
 1.40099e-11 1.52064e-09 9.7321e-08 3.67259e-06 8.17199e-05 0.00107221 0.00829606 0.037872 0.102263 0.165419 0.17017 0.137702 0.11928 0.101744 0.0696558 0.0408986 0.0228483 0.0117262 0.00557179 0.00261919 0.00127142 0.000675156 0.000413096 0.000267353 0.000148308
 1.41304e-11 1.53372e-09 9.81579e-08 3.70417e-06 8.24227e-05 0.00108143 0.00836751 0.0382002 0.103178 0.167131 0.173009 0.142654 0.125934 0.105907 0.0674817 0.0344012 0.0170004 0.00851317 0.00405705 0.00177287 0.000715934 0.000287113 0.000127093 6.4162e-05 3.14285e-05
 1.15912e-11 1.25811e-09 8.0519e-08 3.03854e-06 6.76117e-05 0.000887119 0.00686457 0.0313519 0.0848603 0.138907 0.150568 0.141495 0.144669 0.129943 0.0855766 0.045135 0.0222636 0.0102692 0.00435146 0.00176387 0.000673939 0.00023488 7.77198e-05 2.72889e-05 1.02884e-05
 1.30679e-11 1.4184e-09 9.07773e-08 3.42566e-06 7.62253e-05 0.00100013 0.00773857 0.035333 0.0954901 0.155132 0.162722 0.139701 0.130022 0.113519 0.0762194 0.0425351 0.0224313 0.0108288 0.00461304 0.00176254 0.000608437 0.000191246 5.4652e-05 1.44592e-05 3.7888e-06
 1.44116e-11 1.56424e-09 1.00111e-07 3.77788e-06 8.40628e-05 0.00110295 0.00853395 0.0389588 0.105209 0.170277 0.17559 0.143059 0.124351 0.103837 0.0660042 0.0334691 0.0162129 0.00777149 0.00347403 0.00139127 0.000481733 0.000142815 3.65671e-05 8.1741e-06 1.62666e-06
 1.53003e-11 1.6607e-09 1.06284e-07 4.01084e-06 8.92464e-05 0.00117096 0.00905998 0.0413563 0.11163 0.180239 0.183842 0.14458 0.119606 0.0970381 0.060171 0.0290227 0.0129431 0.00562232 0.00229807 0.000887413 0.000313743 9.57375e-05 2.42005e-05 4.99856e-06 8.48958e-07
 1.40891e-11 1.52923e-09 9.78706e-08 3.69334e-06 8.21815e-05 0.00107827 0.0083431 0.0380903 0.102901 0.166846 0.173474 0.144951 0.12994 0.109391 0.0683251 0.0327943 0.0143651 0.0059919 0.00227267 0.000793964 0.000256979 7.52394e-05 1.90546e-05 3.94573e-06 6.42003e-07
 1.47652e-11 1.60262e-09 1.02567e-07 3.87057e-06 8.61252e-05 0.00113001 0.00874328 0.0399137 0.107778 0.174355 0.179418 0.14518 0.124859 0.103037 0.0637983 0.0302916 0.0130812 0.00538337 0.0020015 0.000670248 0.000201252 5.3544e-05 1.25077e-05 2.48562e-06 3.98667e-07
 1.4546e-11 1.57882e-09 1.01044e-07 3.81311e-06 8.48465e-05 0.00111324 0.00861354 0.0393226 0.106199 0.171937 0.17757 0.145325 0.126849 0.105355 0.0652476 0.0308682 0.0132363 0.00539386 0.0019786 0.000651033 0.000190279 4.81818e-05 1.04148e-05 1.8944e-06 2.83087e-07
 1.47895e-11 1.60526e-09 1.02736e-07 3.87695e-06 8.62671e-05 0.00113187 0.00875772 0.0399802 0.107965 0.174718 0.180074 0.146405 0.126547 0.104106 0.0632539 0.0286154 0.0115215 0.00449502 0.00161619 0.00052488 0.000151119 3.74492e-05 7.81503e-06 1.34272e-06 1.8583e-07
 1.48134e-11 1.60785e-09 1.02902e-07 3.8832e-06 8.64063e-05 0.0011337 0.0087718 0.0400436 0.108125 0.174889 0.179835 0.145179 0.124496 0.102675 0.0636991 0.0303357 0.0130098 0.00516842 0.0017949 0.000554225 0.000153993 3.73557e-05 7.6453e-06 1.27849e-06 1.69678e-07
 1.37906e-11 1.49684e-09 9.57973e-08 3.61509e-06 8.04406e-05 0.00105543 0.00816649 0.0372864 0.100763 0.16365 0.171414 0.146408 0.134584 0.113882 0.0698911 0.0319438 0.0130523 0.00515637 0.00185864 0.000592517 0.000163045 3.80408e-05 7.48795e-06 1.21688e-06 1.57457e-07
 1.22675e-11 1.33152e-09 8.52169e-08 3.21583e-06 7.15565e-05 0.000938875 0.00726497 0.0331783 0.0897719 0.14669 0.157808 0.145306 0.145168 0.127736 0.0806112 0.0386744 0.016716 0.00670293 0.00235664 0.000736839 0.000205259 4.89013e-05 9.59961e-06 1.51658e-06 1.89395e-07
 1.25047e-11 1.35727e-09 8.6865e-08 3.27802e-06 7.29403e-05 0.00095703 0.00740535 0.0338173 0.0914718 0.149233 0.159458 0.144179 0.141508 0.12413 0.0792245 0.0392182 0.0177934 0.0075194 0.00278603 0.000900577 0.000250874 5.91272e-05 1.16333e-05 1.85379e-06 2.30499e-07
 1.39926e-11 1.51877e-09 9.72009e-08 3.66806e-06 8.16192e-05 0.00107089 0.00828606 0.0378308 0.102214 0.165836 0.172914 0.145711 0.131873 0.1111 0.0686422 0.0320617 0.0136048 0.00562275 0.00214122 0.00072867 0.000213864 5.2247e-05 1.04022e-05 1.65559e-06 2.05898e-07
 1.45029e-11 1.57415e-09 1.00745e-07 3.80181e-06 8.45953e-05 0.00110994 0.00858809 0.0392077 0.105905 0.171598 0.177854 0.147137 0.129976 0.107691 0.0649291 0.0286097 0.0110318 0.00414743 0.00146351 0.000477242 0.00014098 3.58721e-05 7.49026e-06 1.23452e-06 1.56085e-07
 1.44407e-11 1.5674e-09 1.00314e-07 3.78552e-06 8.42328e-05 0.00110518 0.00855133 0.0390404 0.105461 0.170941 0.177463 0.147546 0.13112 0.108801 0.0653464 0.0284073 0.0106216 0.00378661 0.00123045 0.000362282 9.79333e-05 2.3711e-05 4.93528e-06 8.38138e-07 1.10236e-07
 1.45165e-11 1.57563e-09 1.0084e-07 3.80539e-06 8.46749e-05 0.00111098 0.00859618 0.0392448 0.106008 0.171786 0.178147 0.147623 0.130631 0.108156 0.0648488 0.0280866 0.01042 0.00366494 0.00116022 0.000324808 8.10357e-05 1.77691e-05 3.38463e-06 5.46249e-07 7.12665e-08
 1.48031e-11 1.60674e-09 1.02831e-07 3.88052e-06 8.63466e-05 0.00113292 0.0087658 0.0400174 0.108071 0.174931 0.180486 0.14722 0.127712 0.104939 0.0631032 0.027689 0.0104893 0.0037417 0.00118481 0.00032774 7.95768e-05 1.65794e-05 2.9173e-06 4.28557e-07 5.15219e-08
 1.49154e-11 1.61892e-09 1.03611e-07 3.90994e-06 8.70012e-05 0.00114151 0.00883223 0.04032 0.108879 0.176164 0.181409 0.147083 0.126595 0.103681 0.0623762 0.027474 0.010494 0.00379079 0.001221 0.000343475 8.39394e-05 1.73238e-05 2.96155e-06 4.12546e-07 4.59433e-08
 1.49426e-11 1.62188e-09 1.038e-07 3.91709e-06 8.71602e-05 0.00114359 0.00884838 0.0403939 0.10908 0.176506 0.181833 0.147598 0.127162 0.103937 0.0619773 0.0266579 0.00980703 0.00344926 0.00110544 0.000313715 7.78452e-05 1.6313e-05 2.80828e-06 3.87726e-07 4.19199e-08
 1.5456e-11 1.6776e-09 1.07366e-07 4.05167e-06 9.01549e-05 0.00118288 0.00915226 0.0417785 0.112783 0.182203 0.186328 0.147719 0.12322 0.0990475 0.0585373 0.0247982 0.00887185 0.00301685 0.000933052 0.000256242 6.25105e-05 1.31168e-05 2.2846e-06 3.19447e-07 3.47151e-08
 1.49646e-11 1.62426e-09 1.03953e-07 3.92285e-06 8.72884e-05 0.00114527 0.00886141 0.0404537 0.109246 0.176811 0.182319 0.148415 0.12824 0.104591 0.0615713 0.0255134 0.00874967 0.00284868 0.000850648 0.000225339 5.29124e-05 1.07331e-05 1.83045e-06 2.54781e-07 2.78757e-08
 1.49593e-11 1.62369e-09 1.03916e-07 3.92147e-06 8.72577e-05 0.00114487 0.0088583 0.0404398 0.109213 0.176791 0.182453 0.148909 0.129041 0.105162 0.0614345 0.0248694 0.00813883 0.00251044 0.000714229 0.000180241 4.04265e-05 7.86547e-06 1.28929e-06 1.7346e-07 1.85618e-08
 1.43506e-11 1.55761e-09 9.96871e-08 3.76188e-06 8.37068e-05 0.00109829 0.00849799 0.0387981 0.104823 0.170036 0.177128 0.148783 0.133753 0.111031 0.0656169 0.02715 0.00921974 0.00291314 0.000816906 0.000196947 4.17527e-05 7.69121e-06 1.19805e-06 1.53893e-07 1.5809e-08
 1.47056e-11 1.59615e-09 1.02153e-07 3.85495e-06 8.57776e-05 0.00112545 0.0087081 0.039755 0.107376 0.173921 0.179976 0.148148 0.129924 0.106888 0.0634708 0.0268117 0.00947817 0.00312991 0.000911822 0.00022659 4.82936e-05 8.64227e-06 1.27859e-06 1.55089e-07 1.50945e-08
#obs surv len freq
 1.16247e-11 1.26175e-09 8.07519e-08 3.04733e-06 6.78072e-05 0.000889684 0.00688434 0.0314395 0.0850463 0.138712 0.147674 0.131629 0.128509 0.119808 0.0915451 0.0599599 0.0340258 0.0157905 0.00584736 0.00171209 0.000385364 6.43254e-05 7.69804e-06 6.40002e-07 3.59357e-08
 8.3529e-12 9.06629e-10 5.80242e-08 2.18966e-06 4.87234e-05 0.000639318 0.00494808 0.0226205 0.0614955 0.102628 0.119526 0.130847 0.152026 0.149361 0.114263 0.07368 0.0407677 0.0183257 0.00653199 0.00182927 0.000391518 6.17827e-05 6.94895e-06 5.39992e-07 2.82043e-08
 1.84824e-11 2.00609e-09 1.28389e-07 4.84501e-06 0.000107807 0.00141447 0.0109433 0.0499344 0.134513 0.214913 0.20821 0.134769 0.0784262 0.056375 0.0450659 0.0329605 0.0194939 0.00880375 0.00305286 0.000818699 0.000166249 2.47266e-05 2.60749e-06 1.89157e-07 9.1894e-09
 8.43105e-12 9.15112e-10 5.85671e-08 2.21015e-06 4.918e-05 0.000645344 0.00499595 0.0228642 0.0624553 0.106279 0.13158 0.15739 0.184343 0.162463 0.096749 0.0426694 0.0172276 0.00696951 0.00247958 0.000680573 0.000135989 1.9318e-05 1.91494e-06 1.29555e-07 5.84448e-09
 1.41359e-11 1.53432e-09 9.81963e-08 3.70563e-06 8.24552e-05 0.00108187 0.00837101 0.0382165 0.103189 0.166624 0.169038 0.129004 0.104037 0.095934 0.082991 0.05825 0.0295944 0.0103447 0.00260668 0.000528298 9.03691e-05 1.21192e-05 1.1585e-06 7.47244e-08 3.16678e-09
 1.19548e-11 1.29758e-09 8.30449e-08 3.13387e-06 6.97336e-05 0.000914999 0.00708152 0.0323641 0.0878069 0.144783 0.159226 0.148931 0.143221 0.120477 0.0780752 0.0426466 0.0214945 0.00920499 0.00293817 0.000651037 9.89085e-05 1.05748e-05 8.19774e-07 4.58318e-08 1.7731e-09
 1.64648e-11 1.7871e-09 1.14374e-07 4.31613e-06 9.60398e-05 0.00126011 0.00975028 0.0445141 0.120186 0.193884 0.195259 0.14333 0.103055 0.0790325 0.0549452 0.0321559 0.0151039 0.00547153 0.00154688 0.000343075 5.65404e-05 6.45135e-06 4.88845e-07 2.43156e-08 7.96518e-10
 1.35047e-11 1.46581e-09 9.38117e-08 3.54018e-06 7.87748e-05 0.00103364 0.00799984 0.0365606 0.0991565 0.163015 0.176356 0.156273 0.13868 0.1085 0.0643717 0.0301808 0.0122006 0.0041847 0.00113434 0.000231617 3.47028e-05 3.72778e-06 2.78168e-07 1.38901e-08 4.49432e-10
 1.42678e-11 1.54864e-09 9.91126e-08 3.74022e-06 8.32259e-05 0.00109203 0.00845131 0.0386135 0.104586 0.170889 0.18036 0.149927 0.125189 0.0999061 0.065794 0.034883 0.0144923 0.00449068 0.00103197 0.000180545 2.40464e-05 2.34554e-06 1.6011e-07 7.39159e-09 2.25024e-10
 1.4194e-11 1.54062e-09 9.85996e-08 3.72086e-06 8.27956e-05 0.00108641 0.00840835 0.0384272 0.104181 0.170789 0.181999 0.153788 0.12855 0.099527 0.0624247 0.0318728 0.0133142 0.00431367 0.0010318 0.000177456 2.15963e-05 1.8425e-06 1.09367e-07 4.45186e-09 1.21471e-10
 1.28321e-11 1.39281e-09 8.91397e-08 3.36388e-06 7.4853e-05 0.000982233 0.00760348 0.034774 0.0945412 0.156624 0.172722 0.15705 0.140549 0.111302 0.069569 0.0347655 0.0139451 0.00430874 0.000994481 0.000168389 2.03495e-05 1.69787e-06 9.52538e-08 3.53278e-09 8.56763e-11
 1.41546e-11 1.53635e-09 9.83262e-08 3.71055e-06 8.25668e-05 0.00108343 0.00838615 0.0383377 0.104034 0.17095 0.182837 0.154219 0.127361 0.0985861 0.0631805 0.0326552 0.0132262 0.00400778 0.000888531 0.000142921 1.63934e-05 1.3062e-06 7.03934e-08 2.506e-09 5.77785e-11
 1.35468e-11 1.47038e-09 9.41041e-08 3.55124e-06 7.90227e-05 0.00103698 0.008028 0.0367246 0.0998964 0.165525 0.181498 0.160451 0.136331 0.102805 0.0617984 0.0298408 0.011603 0.00347467 0.000767851 0.000121674 1.34814e-05 1.02094e-06 5.18435e-08 1.7353e-09 3.7667e-11
 1.13472e-11 1.23164e-09 7.88251e-08 2.97467e-06 6.61948e-05 0.00086874 0.00672834 0.0308269 0.0843323 0.142546 0.1658 0.163818 0.153625 0.1216 0.0749667 0.0363223 0.0136885 0.00387014 0.000803639 0.000120956 1.28835e-05 9.41245e-07 4.58659e-08 1.45935e-09 2.98408e-11
 9.26601e-12 1.00574e-09 6.43678e-08 2.42911e-06 5.40568e-05 0.000709546 0.00549832 0.0252397 0.0695166 0.120166 0.148432 0.161721 0.164882 0.139312 0.0921273 0.0474576 0.018447 0.00521329 0.00105383 0.000150983 1.5092e-05 1.03086e-06 4.71121e-08 1.41228e-09 2.72706e-11
 1.22076e-11 1.32502e-09 8.48018e-08 3.20022e-06 7.12139e-05 0.0009346 0.00723772 0.0331423 0.090418 0.151011 0.168517 0.15326 0.136332 0.113165 0.0786733 0.0431113 0.0176601 0.005207 0.00108271 0.000156026 1.52857e-05 1.00024e-06 4.30751e-08 1.20489e-09 2.16204e-11
 1.17795e-11 1.27856e-09 8.18281e-08 3.08803e-06 6.87202e-05 0.000901996 0.00698853 0.0320528 0.0879167 0.149314 0.173809 0.167505 0.148928 0.112505 0.0681535 0.0336088 0.0132795 0.00397252 0.00085267 0.000126284 1.25436e-05 8.18407e-07 3.45316e-08 9.30654e-10 1.58587e-11
 1.24577e-11 1.35217e-09 8.65398e-08 3.26585e-06 7.26775e-05 0.000953939 0.00739071 0.033889 0.0928327 0.156778 0.179091 0.166277 0.143445 0.108071 0.0654055 0.0309413 0.0111623 0.00300127 0.000592287 8.36977e-05 8.15755e-06 5.2839e-07 2.21179e-08 5.8711e-10 9.75778e-12
 1.17404e-11 1.27432e-09 8.15574e-08 3.07787e-06 6.84974e-05 0.000899209 0.0069701 0.0320101 0.0881078 0.15087 0.177981 0.172675 0.151522 0.111577 0.0647256 0.0293177 0.0101449 0.00258768 0.000473779 6.10647e-05 5.4278e-06 3.25096e-07 1.28102e-08 3.24754e-10 5.19785e-12
 1.20777e-11 1.31093e-09 8.39006e-08 3.16631e-06 7.04667e-05 0.000925091 0.00717114 0.0329346 0.0906166 0.154733 0.180583 0.171357 0.147729 0.10896 0.0637801 0.0287086 0.00963252 0.00233956 0.000403573 4.85767e-05 3.99248e-06 2.19131e-07 7.87738e-09 1.82464e-10 2.68503e-12
 1.28584e-11 1.39566e-09 8.93237e-08 3.371e-06 7.50231e-05 0.000984939 0.00763552 0.035068 0.0964391 0.164139 0.189014 0.173369 0.14236 0.100111 0.0561787 0.024422 0.00796833 0.00188117 0.000312411 3.5699e-05 2.74978e-06 1.40087e-07 4.64163e-09 9.85766e-11 1.32509e-12
 1.21226e-11 1.3158e-09 8.42133e-08 3.17821e-06 7.07379e-05 0.000928892 0.00720588 0.03316 0.0917044 0.158399 0.188223 0.179767 0.15006 0.103386 0.0554565 0.0227802 0.00701268 0.00156745 0.000247361 2.68862e-05 1.96434e-06 9.43556e-08 2.92612e-09 5.77525e-11 7.17227e-13
 1.28312e-11 1.39272e-09 8.91366e-08 3.36403e-06 7.48743e-05 0.000983208 0.00762671 0.0350818 0.096833 0.166054 0.193239 0.177725 0.143513 0.0977461 0.0522584 0.0210974 0.00623507 0.00131303 0.000193345 1.95642e-05 1.33274e-06 5.98148e-08 1.73471e-09 3.19932e-11 3.7047e-13
 1.20766e-11 1.31082e-09 8.38959e-08 3.16637e-06 7.04827e-05 0.000925834 0.00718807 0.0331462 0.0921017 0.160559 0.192996 0.184339 0.150487 0.100012 0.0512979 0.0198743 0.00566865 0.0011519 0.000162222 1.54941e-05 9.84869e-07 4.09575e-08 1.09762e-09 1.87042e-11 2.00317e-13
 1.21502e-11 1.31881e-09 8.4408e-08 3.18576e-06 7.09179e-05 0.00093166 0.00723519 0.0333803 0.092819 0.161826 0.193907 0.183766 0.149263 0.0995357 0.0511512 0.0195333 0.00538214 0.00104284 0.000139298 1.25922e-05 7.55288e-07 2.94907e-08 7.37492e-10 1.16599e-11 1.15352e-13
 1.07904e-11 1.17123e-09 7.49647e-08 2.82958e-06 6.3003e-05 0.000828186 0.00644231 0.0298549 0.0839789 0.150461 0.189784 0.191098 0.160396 0.106703 0.0537769 0.0200612 0.00539268 0.00101417 0.000130227 1.11945e-05 6.32978e-07 2.31703e-08 5.41451e-10 7.98063e-12 7.34375e-14
 1.08585e-11 1.17862e-09 7.54386e-08 2.84755e-06 6.34068e-05 0.000833592 0.00648563 0.030061 0.0845228 0.150993 0.188941 0.188578 0.158934 0.107826 0.0554133 0.0207333 0.00547948 0.000999075 0.000123389 1.01455e-05 5.45704e-07 1.88891e-08 4.14955e-10 5.7207e-12 4.9047e-14
 1.1222e-11 1.21809e-09 7.79659e-08 2.94307e-06 6.55406e-05 0.000861843 0.00670867 0.0311227 0.0876163 0.156532 0.194597 0.190222 0.155103 0.101712 0.0508883 0.0187013 0.00487703 0.000875006 0.000105393 8.35854e-06 4.29447e-07 1.40967e-08 2.92167e-10 3.78527e-12 3.03969e-14
#pred catch len freq
 9.54833e-12 1.03638e-09 6.63282e-08 2.50302e-06 5.56957e-05 0.000730778 0.00565503 0.0258331 0.069996 0.115168 0.127598 0.126784 0.137262 0.128761 0.0919413 0.0574199 0.0362316 0.0231402 0.0152123 0.0106253 0.00804664 0.00669161 0.00578222 0.00445876 0.00260418
 8.98123e-12 9.74827e-10 6.23888e-08 2.35436e-06 5.2388e-05 0.000687388 0.00531967 0.0243104 0.0659982 0.10962 0.126183 0.136567 0.157604 0.148088 0.0999212 0.0552017 0.0300903 0.0166282 0.00922507 0.00528526 0.00325177 0.00224908 0.00172017 0.00126149 0.000733748
 1.20392e-11 1.30674e-09 8.3631e-08 3.15598e-06 7.02247e-05 0.000921397 0.00712958 0.0325566 0.088043 0.143489 0.152639 0.13647 0.133204 0.119578 0.0828517 0.0487483 0.0272403 0.0139805 0.00664296 0.00312272 0.00151585 0.000804953 0.000492513 0.000318751 0.00017682
 1.19629e-11 1.29846e-09 8.31012e-08 3.13598e-06 6.97799e-05 0.000915566 0.00708461 0.032355 0.0875486 0.143092 0.154105 0.142342 0.142853 0.126644 0.0817025 0.041747 0.0206372 0.0103346 0.00492507 0.00215218 0.000869111 0.000348542 0.000154285 7.78897e-05 3.81527e-05
 9.89736e-12 1.07426e-09 6.87528e-08 2.59452e-06 5.77318e-05 0.000757499 0.00586203 0.026784 0.0726453 0.120112 0.135756 0.141145 0.157746 0.146114 0.0968815 0.05116 0.0252396 0.0116421 0.0049332 0.00199968 0.000764037 0.000266281 8.81101e-05 3.09371e-05 1.16638e-05
 1.14826e-11 1.24632e-09 7.97644e-08 3.01006e-06 6.6978e-05 0.000878804 0.00680021 0.0310573 0.0840544 0.137519 0.148751 0.139076 0.141802 0.128325 0.0868711 0.0485501 0.025608 0.0123626 0.00526642 0.00201219 0.000694615 0.000218334 6.23927e-05 1.65071e-05 4.32543e-06
 1.28099e-11 1.39039e-09 8.89851e-08 3.35802e-06 7.47205e-05 0.000980384 0.00758596 0.0346395 0.0936602 0.152518 0.161642 0.142887 0.136953 0.119262 0.0765723 0.0389006 0.0188489 0.00903523 0.00403896 0.00161752 0.00056007 0.000166038 4.25135e-05 9.50333e-06 1.89118e-06
 1.35195e-11 1.46741e-09 9.39143e-08 3.54403e-06 7.88594e-05 0.00103469 0.008006 0.0365542 0.0987927 0.160515 0.168437 0.144673 0.134064 0.114537 0.0719268 0.0347769 0.0155147 0.00673961 0.00275475 0.00106377 0.000376093 0.000114763 2.90097e-05 5.99191e-06 1.01767e-06
 1.27408e-11 1.3829e-09 8.85052e-08 3.33991e-06 7.43175e-05 0.000975099 0.00754513 0.0344547 0.0931824 0.151916 0.161825 0.145062 0.140952 0.122699 0.0772464 0.0371319 0.0162688 0.00678607 0.00257389 0.000899197 0.000291039 8.52117e-05 2.15801e-05 4.4687e-06 7.27096e-07
 1.32596e-11 1.4392e-09 9.21086e-08 3.47589e-06 7.73432e-05 0.0010148 0.00785216 0.0358537 0.0969249 0.157686 0.166427 0.145349 0.137226 0.117949 0.0737526 0.0350837 0.0151548 0.0062369 0.00231884 0.000776517 0.00023316 6.20335e-05 1.44908e-05 2.87972e-06 4.61876e-07
 1.34422e-11 1.45902e-09 9.3377e-08 3.52376e-06 7.84083e-05 0.00102877 0.00796025 0.0363462 0.0982425 0.159718 0.168051 0.145463 0.135937 0.116305 0.0725452 0.0343675 0.0147399 0.00600666 0.0022034 0.000724999 0.000211897 5.36559e-05 1.15981e-05 2.10963e-06 3.15249e-07
 1.32419e-11 1.43728e-09 9.19855e-08 3.47125e-06 7.72399e-05 0.00101344 0.00784172 0.0358069 0.0968108 0.157599 0.166792 0.14678 0.139569 0.119649 0.0734235 0.03328 0.0134036 0.00522948 0.00188028 0.000610644 0.000175812 4.35683e-05 9.09199e-06 1.56212e-06 2.16195e-07
 1.35705e-11 1.47295e-09 9.42687e-08 3.55741e-06 7.91571e-05 0.00103859 0.00803622 0.0366923 0.0991665 0.161129 0.16911 0.14532 0.134709 0.114999 0.0719449 0.0343173 0.0147209 0.0058483 0.00203102 0.000627132 0.00017425 4.22697e-05 8.65102e-06 1.44667e-06 1.91999e-07
 1.24909e-11 1.35577e-09 8.67692e-08 3.2744e-06 7.28599e-05 0.000955976 0.00739727 0.0337818 0.0913961 0.149272 0.16025 0.146694 0.145474 0.126903 0.0784403 0.0359005 0.014672 0.0057964 0.00208934 0.000666064 0.000183283 4.27626e-05 8.4174e-06 1.36793e-06 1.77001e-07
 1.11723e-11 1.21264e-09 7.76089e-08 2.92872e-06 6.51682e-05 0.000855064 0.00661674 0.0302249 0.0818769 0.134563 0.148352 0.145415 0.154145 0.13858 0.0878797 0.0421998 0.0182422 0.00731502 0.00257184 0.000804125 0.000224002 5.33668e-05 1.04762e-05 1.65507e-06 2.0669e-07
 1.16997e-11 1.26989e-09 8.12726e-08 3.06698e-06 6.82445e-05 0.000895423 0.00692887 0.0316463 0.0856678 0.140313 0.152479 0.144184 0.14799 0.132015 0.0845801 0.0418991 0.0190117 0.00803431 0.00297682 0.000962247 0.000268053 6.31761e-05 1.243e-05 1.98073e-06 2.46283e-07
 1.32331e-11 1.43632e-09 9.19245e-08 3.46895e-06 7.71887e-05 0.00101277 0.0078365 0.0357826 0.0967385 0.157429 0.166372 0.145829 0.138162 0.118654 0.0736447 0.0344283 0.014611 0.00603867 0.00229961 0.000782571 0.000229684 5.61118e-05 1.11717e-05 1.77806e-06 2.21129e-07
 1.3742e-11 1.49156e-09 9.54595e-08 3.60235e-06 8.01569e-05 0.00105171 0.00813773 0.0371559 0.100422 0.163185 0.171342 0.147373 0.136458 0.115388 0.0699129 0.0308353 0.0118918 0.00447083 0.00157763 0.000514456 0.000151973 3.86693e-05 8.07433e-06 1.33079e-06 1.68256e-07
 1.37284e-11 1.49009e-09 9.53656e-08 3.5988e-06 8.00781e-05 0.00105068 0.00812975 0.0371198 0.100328 0.163067 0.171377 0.147796 0.137232 0.116042 0.0700125 0.0304628 0.0113918 0.00406126 0.00131969 0.000388558 0.000105037 2.54308e-05 5.29324e-06 8.9893e-07 1.18231e-07
 1.36845e-11 1.48532e-09 9.50605e-08 3.58729e-06 7.9822e-05 0.00104732 0.00810376 0.0370014 0.100013 0.16259 0.171042 0.147922 0.137784 0.116623 0.0702988 0.0304789 0.0113094 0.00397784 0.00125928 0.000352539 8.79545e-05 1.92862e-05 3.67361e-06 5.92887e-07 7.73512e-08
 1.38661e-11 1.50503e-09 9.63217e-08 3.63489e-06 8.0881e-05 0.00106121 0.00821121 0.0374908 0.101318 0.164572 0.172473 0.147528 0.135723 0.114445 0.0692544 0.0304255 0.0115283 0.00411239 0.00130219 0.00036021 8.74607e-05 1.82219e-05 3.20632e-06 4.71016e-07 5.66263e-08
 1.41353e-11 1.53425e-09 9.81916e-08 3.70545e-06 8.24511e-05 0.00108181 0.00837052 0.0382165 0.103257 0.16754 0.174736 0.147331 0.133251 0.111586 0.067498 0.0297616 0.0113697 0.0041072 0.00132292 0.000372144 9.09458e-05 1.87698e-05 3.20875e-06 4.46982e-07 4.97781e-08
 1.42769e-11 1.54962e-09 9.91754e-08 3.74257e-06 8.32771e-05 0.00109265 0.00845436 0.0385988 0.104283 0.169148 0.176151 0.147847 0.132899 0.11072 0.0663326 0.0285576 0.0105075 0.00369568 0.00118441 0.000336128 8.34066e-05 1.74784e-05 3.00891e-06 4.15426e-07 4.49148e-08
 1.48635e-11 1.61329e-09 1.03251e-07 3.89636e-06 8.6699e-05 0.00113754 0.00880159 0.0401809 0.108513 0.175657 0.181279 0.147962 0.128359 0.105108 0.0624079 0.0264623 0.00946866 0.00321985 0.000995837 0.000273485 6.67168e-05 1.39994e-05 2.43833e-06 3.40943e-07 3.70511e-08
 1.46807e-11 1.59345e-09 1.0198e-07 3.84842e-06 8.56324e-05 0.00112355 0.00869337 0.0396881 0.107201 0.173676 0.179905 0.148547 0.130726 0.107511 0.0634207 0.0262905 0.00901681 0.00293567 0.000876627 0.000232221 5.45283e-05 1.10608e-05 1.88636e-06 2.62562e-07 2.8727e-08
 1.45087e-11 1.57478e-09 1.00786e-07 3.80334e-06 8.46292e-05 0.00111039 0.00859159 0.0392248 0.105966 0.171815 0.17863 0.149142 0.133022 0.109821 0.0643615 0.026071 0.008533 0.00263206 0.00074883 0.000188973 4.2385e-05 8.24653e-06 1.35175e-06 1.81863e-07 1.94611e-08
 1.3864e-11 1.5048e-09 9.63071e-08 3.63433e-06 8.08687e-05 0.00106105 0.00821 0.0374861 0.101317 0.164662 0.172993 0.149012 0.138019 0.116042 0.0687886 0.0284796 0.00967227 0.00305616 0.000857013 0.000206616 4.38027e-05 8.06882e-06 1.25687e-06 1.61448e-07 1.65852e-08
 1.35438e-11 1.47005e-09 9.40833e-08 3.55041e-06 7.90014e-05 0.00103655 0.00802052 0.0366226 0.0990054 0.161086 0.170082 0.148639 0.140024 0.118791 0.071064 0.0300632 0.0106302 0.00351043 0.00102268 0.000254138 5.4165e-05 9.69297e-06 1.43404e-06 1.73944e-07 1.69297e-08
#obs catch len freq
 9.7039e-12 1.05327e-09 6.7409e-08 2.54381e-06 5.66035e-05 0.000742694 0.00574742 0.0262581 0.071175 0.117226 0.129993 0.128662 0.139341 0.135619 0.105634 0.0703166 0.0404465 0.0189883 0.00711288 0.00210708 0.000480015 8.11684e-05 9.84859e-06 8.30434e-07 4.72803e-08
 1.00145e-11 1.08698e-09 6.95669e-08 2.62524e-06 5.84155e-05 0.000766473 0.00593152 0.0271007 0.0734695 0.121023 0.133982 0.131287 0.13966 0.133793 0.102692 0.0670559 0.0376135 0.0171459 0.00620419 0.00176357 0.000382695 6.117e-05 6.965e-06 5.47775e-07 2.89519e-08
 7.10135e-12 7.70785e-10 4.93302e-08 1.86158e-06 4.14234e-05 0.000543552 0.00420762 0.0192509 0.0525272 0.0890558 0.109447 0.1315 0.161345 0.160244 0.122562 0.078621 0.0429279 0.0189255 0.00658165 0.00178667 0.000368102 5.55417e-05 5.93583e-06 4.35853e-07 2.14092e-08
 1.75175e-11 1.90136e-09 1.21687e-07 4.59209e-06 0.00010218 0.00134064 0.0103724 0.0473341 0.127569 0.20425 0.19971 0.133824 0.0842187 0.0645607 0.0524411 0.0380554 0.0221072 0.00976415 0.00329714 0.000855692 0.000167011 2.37181e-05 2.37361e-06 1.62528e-07 7.41868e-09
 7.48309e-12 8.12219e-10 5.1982e-08 1.96166e-06 4.3651e-05 0.000572821 0.0044355 0.0203192 0.0557392 0.096462 0.125513 0.160711 0.193619 0.170172 0.100443 0.0440439 0.0176766 0.00703118 0.00243072 0.000643351 0.000123245 1.66898e-05 1.56817e-06 1.00042e-07 4.23681e-09
 1.32033e-11 1.43309e-09 9.17179e-08 3.46115e-06 7.70155e-05 0.00101051 0.00781926 0.0357057 0.0965028 0.156464 0.161266 0.128854 0.110511 0.104656 0.0903146 0.0622772 0.0308549 0.0105029 0.0025783 0.000507093 8.33413e-05 1.06368e-05 9.61744e-07 5.84139e-08 2.32217e-09
 1.11702e-11 1.21242e-09 7.75946e-08 2.9282e-06 6.51574e-05 0.000854977 0.00661773 0.0302586 0.0822523 0.136651 0.154063 0.151185 0.150268 0.126836 0.0818044 0.044405 0.0220345 0.00917665 0.00282594 0.000601574 8.75531e-05 8.93053e-06 6.56179e-07 3.45271e-08 1.25075e-09
 1.58918e-11 1.72491e-09 1.10394e-07 4.16593e-06 9.2698e-05 0.00121628 0.00941154 0.0429757 0.116119 0.187875 0.19123 0.144513 0.107966 0.0840629 0.0582103 0.0335793 0.0154292 0.00544671 0.00149371 0.000318689 5.01094e-05 5.42589e-06 3.88772e-07 1.82211e-08 5.6003e-10
 1.29691e-11 1.40767e-09 9.0091e-08 3.39978e-06 7.56511e-05 0.000992676 0.00768355 0.0351286 0.095414 0.15772 0.17355 0.158828 0.143998 0.112443 0.0660601 0.030602 0.0121435 0.00405363 0.001062 0.000208329 2.98075e-05 3.03862e-06 2.13957e-07 1.00385e-08 3.04301e-10
 1.3817e-11 1.4997e-09 9.59808e-08 3.62204e-06 8.05966e-05 0.00105755 0.00818514 0.0374089 0.10144 0.166439 0.177965 0.151958 0.12965 0.103526 0.0674889 0.0351499 0.0142342 0.00427972 0.000951076 0.000160002 2.03402e-05 1.88105e-06 1.21091e-07 5.24858e-09 1.49466e-10
 1.38479e-11 1.50307e-09 9.61961e-08 3.63017e-06 8.07779e-05 0.00105996 0.00820435 0.037507 0.101804 0.167559 0.180651 0.155969 0.132171 0.101932 0.0632211 0.0317412 0.0129308 0.0040568 0.000934385 0.000153938 1.78568e-05 1.44485e-06 8.09072e-08 3.09118e-09 7.88403e-11
 1.25683e-11 1.36417e-09 8.73071e-08 3.29473e-06 7.33149e-05 0.000962079 0.00744832 0.0340782 0.0927799 0.154404 0.172319 0.159499 0.143619 0.112794 0.0695561 0.0341082 0.013324 0.00398482 0.00088537 0.000143421 1.6482e-05 1.30128e-06 6.87971e-08 2.39553e-09 5.43493e-11
 1.39654e-11 1.51582e-09 9.70123e-08 3.66098e-06 8.14642e-05 0.00106899 0.00827514 0.0378422 0.102799 0.169478 0.182835 0.156329 0.129769 0.0996365 0.0629319 0.0318389 0.0125275 0.00366748 0.000781632 0.000120163 1.30956e-05 9.86212e-07 5.00112e-08 1.66917e-09 3.59739e-11
 1.34143e-11 1.456e-09 9.31843e-08 3.51653e-06 7.82512e-05 0.00102689 0.00795081 0.0363855 0.0990957 0.16479 0.182215 0.162749 0.138177 0.102968 0.0609331 0.028815 0.0108867 0.00314603 0.000666925 0.000100795 1.05949e-05 7.57579e-07 3.6169e-08 1.134e-09 2.29854e-11
 1.12833e-11 1.2247e-09 7.83811e-08 2.95793e-06 6.58232e-05 0.000863908 0.00669205 0.0306772 0.0840606 0.142714 0.167428 0.166481 0.155119 0.121009 0.0732872 0.0346773 0.0126709 0.00345395 0.000687772 9.86558e-05 9.95505e-06 6.85623e-07 3.13702e-08 9.34105e-10 1.78256e-11
 9.25483e-12 1.00453e-09 6.42902e-08 2.4262e-06 5.39933e-05 0.000708764 0.00549355 0.0252361 0.0696514 0.121019 0.150742 0.164746 0.166417 0.138477 0.0898208 0.0450612 0.0169396 0.00460577 0.000891148 0.000121522 1.14987e-05 7.39875e-07 3.17195e-08 8.88855e-10 1.6e-11
 1.22434e-11 1.32891e-09 8.50504e-08 3.20962e-06 7.14241e-05 0.0009374 0.0072604 0.0332599 0.0908434 0.152154 0.170665 0.15568 0.13752 0.112476 0.0765914 0.0407953 0.0161329 0.00456658 0.000906583 0.000124063 1.14866e-05 7.07341e-07 2.85577e-08 7.46389e-10 1.24788e-11
 1.1854e-11 1.28665e-09 8.23461e-08 3.1076e-06 6.91572e-05 0.00090779 0.00703476 0.0322825 0.0886731 0.151072 0.176583 0.169885 0.149096 0.110668 0.0657593 0.0316144 0.0120711 0.00346219 0.000707853 9.93121e-05 9.30225e-06 5.70146e-07 2.25247e-08 5.66803e-10 8.99629e-12
 1.25729e-11 1.36467e-09 8.73397e-08 3.29606e-06 7.33513e-05 0.000962842 0.00746102 0.034228 0.0938749 0.158935 0.182073 0.16853 0.143358 0.10591 0.0626391 0.0287841 0.0100232 0.00258629 0.000486563 6.50939e-05 5.97194e-06 3.62603e-07 1.41846e-08 3.51039e-10 5.42871e-12
 1.18818e-11 1.28967e-09 8.25399e-08 3.11498e-06 6.93252e-05 0.000910151 0.00705651 0.0324262 0.0893786 0.153444 0.181374 0.174953 0.150987 0.108891 0.0616958 0.0271229 0.00904318 0.00220881 0.000385006 4.69662e-05 3.92949e-06 2.20483e-07 8.10822e-09 1.913e-10 2.84394e-12
 1.22542e-11 1.33009e-09 8.51272e-08 3.21264e-06 7.14998e-05 0.000938731 0.00727848 0.0334462 0.0921388 0.157664 0.184178 0.173553 0.146998 0.106032 0.0604845 0.0263632 0.00850948 0.00197683 0.000324264 3.68994e-05 2.85236e-06 1.46608e-07 4.91761e-09 1.05966e-10 1.44715e-12
 1.30566e-11 1.41718e-09 9.07014e-08 3.42303e-06 7.61834e-05 0.00100026 0.00775595 0.0356399 0.098121 0.167285 0.192643 0.175246 0.141169 0.0969594 0.0529792 0.0222845 0.00698557 0.00157468 0.000248276 2.679e-05 1.93934e-06 9.24748e-08 2.85807e-09 5.64579e-11 7.0428e-13
 1.23439e-11 1.33983e-09 8.57519e-08 3.23633e-06 7.20345e-05 0.000946022 0.00734078 0.0338023 0.0935979 0.161928 0.192204 0.181608 0.148414 0.0997433 0.0520437 0.0206688 0.00610843 0.0013025 0.00019493 1.99825e-05 1.37049e-06 6.15635e-08 1.77992e-09 3.2668e-11 3.7647e-13
 1.30709e-11 1.41874e-09 9.08021e-08 3.42695e-06 7.62778e-05 0.00100175 0.00777251 0.035773 0.0988471 0.169717 0.197206 0.179414 0.141749 0.0940235 0.048785 0.0190007 0.0053833 0.00108057 0.0001508 1.43818e-05 9.18938e-07 3.85351e-08 1.04102e-09 1.78415e-11 1.91621e-13
 1.23306e-11 1.3384e-09 8.56616e-08 3.23309e-06 7.19719e-05 0.00094553 0.00734342 0.0338864 0.0942736 0.164525 0.197235 0.185945 0.148306 0.0959392 0.0477431 0.0178336 0.00487004 0.000941738 0.000125518 1.12893e-05 6.72775e-07 2.61329e-08 6.52106e-10 1.0321e-11 1.0246e-13
 1.24213e-11 1.34824e-09 8.62924e-08 3.25697e-06 7.25077e-05 0.000952691 0.00740104 0.0341692 0.0951214 0.16598 0.198266 0.185377 0.147002 0.0952761 0.0474039 0.0174213 0.00459081 0.000845813 0.000106833 9.08486e-06 5.10388e-07 1.8601e-08 4.32972e-10 6.35702e-12 5.82927e-14
 1.10694e-11 1.20152e-09 7.69046e-08 2.90292e-06 6.4642e-05 0.000849918 0.00661448 0.0306808 0.0864211 0.154936 0.19453 0.192826 0.15787 0.102061 0.0497794 0.017854 0.00458344 0.000818387 9.92465e-05 8.01894e-06 4.24436e-07 1.44939e-08 3.15089e-10 4.31082e-12 3.6755e-14
 1.11529e-11 1.21059e-09 7.74861e-08 2.92496e-06 6.51371e-05 0.000856533 0.00666727 0.0309303 0.0870773 0.155628 0.193833 0.190463 0.156491 0.102999 0.0511089 0.0183509 0.00462596 0.000799997 9.32136e-05 7.19631e-06 3.62e-07 1.16816e-08 2.38632e-10 3.05286e-12 2.42471e-14
#spawning biomass
 15828.8 12323.7 12100.3 16113.4 20969.3 20719.4 23409.5 32202.4 47537.9 57244.3 76265.4 88645.4 123085 144457 146086 121101 98843.2 94858.1 96249 96173.6 103117 118603 130586 144002 157125 145410 138387 128656 146708 249183 270458 259962 233366 202273 173193 148872 129853 115627 105307 97987 92877.8 89352.4 86924 85250.8 84143.7 83411.1 82926.4 82605.6 82393.4 82252.9 82160 82098.5 82057.8 82030.9 82013.1 82001.3 81993.5 81988.3 81984.9 81982.7 81981.2 81980.2 81979.5 81979.1 81978.8 81978.6 81978.5 81978.4 81978.3 81978.3 81978.3 81978.3 81978.3 81978.3 81978.2 81978.2 81978.2 81978.2 81978.2 81978.2 81978.2 81978.2 81978.2 81978.2 81978.2 81978.2 81978.2 81978.2 81978.2 81978.2 81978.2 81978.2 81978.2 81978.2 81978.2 81978.2 81978.2 81978.2 81978.2 81978.2 81978.2 81978.2 81978.2 81978.2 81978.2 81978.2 81978.2 81978.2 81978.2 81978.2 81978.2 81978.2 81978.2 81978.2 81978.2 81978.2 81978.2 81978.2 81978.2 81978.2 81978.2 81978.2 81978.2 81978.2 81978.2 81978.2 81978.2 81978.2 0 0 0 0 0 0 0 0 0 0 0 0 0 0 0 0 0 0 0 0 0 0 0 0 0
