SBPRF35
0.0701473
Curr Bio
79705
B35
96381.3
F35
2.93424
FOFL
2.35034
OFL
42635.5
Bzero
20040
#pred survey bio
 9790.04 8906.47 5950.34 7047.08 11558.7 17019.8 22883.5 31974 44895.1 61699.6 84391.2 91229.3 114830 142158 135712 145767 136852 143778 153275 127587 125985 136314 138027 140186 154919 148811 125223 124667 108971 3.76021e+06 1.38281e+06 429925 294202 249686 230652 222264 218586 216988 216300 216006 215881 215829 215807 215797 215793 215792 215791 215791 215791 215791 215791 215791 215791 215791 215791 215791 215791 215791 215791 215791 215791 215791 215791 215791 215791 215791 215791 215791 215791 215791 215791 215791 215791 215791 215791 215791 215791 215791 215791 215791 215791 215791 215791 215791 215791 215791 215791 215791 215791 215791 215791 215791 215791 215791 215791 215791 215791 215791 215791 215791 215791 215791 215791 215791 215791 215791 215791 215791 215791 215791 215791 215791 215791 215791 215791 215791 215791 215791 215791 215791 215791 215791 215791 215791 215791 215791 215791 215791 215791 0 0 0 0 0 0 0 0 0 0 0 0 0 0 0 0 0 0 0 0 0 0 0 0 0
#obs survey bio
 6134.86 6771.09 4273.16 4177.63 6928.22 16614.6 16252 24787.2 50630.9 51345.8 56889.5 80844.8 90076.1 96840 93454.8 106559 88255.9 112969 115702 111070 94324 101365 121430 99878.8 99026.2 85295.1 90750.7 116131 60235.2
#pred catch bio
 2045.8 3899.88 2629.58 2316.58 4552.18 7157.31 10143.3 15211 22599.4 30688.1 50621.4 51357.2 67260.1 93674.6 82948.6 97571.2 91556.7 96779.2 115902 99483 98616.6 110070 108323 106796 123677 125083 103518 107092 94891.5 42635.5 38360.7 6093.04 4788.95 4747.89 4746.73 4746.7 4746.7 4746.7 4746.7 4746.7 4746.7 4746.7 4746.7 4746.7 4746.7 4746.7 4746.7 4746.7 4746.7 4746.7 4746.7 4746.7 4746.7 4746.7 4746.7 4746.7 4746.7 4746.7 4746.7 4746.7 4746.7 4746.7 4746.7 4746.7 4746.7 4746.7 4746.7 4746.7 4746.7 4746.7 4746.7 4746.7 4746.7 4746.7 4746.7 4746.7 4746.7 4746.7 4746.7 4746.7 4746.7 4746.7 4746.7 4746.7 4746.7 4746.7 4746.7 4746.7 4746.7 4746.7 4746.7 4746.7 4746.7 4746.7 4746.7 4746.7 4746.7 4746.7 4746.7 4746.7 4746.7 4746.7 4746.7 4746.7 4746.7 4746.7 4746.7 4746.7 4746.7 4746.7 4746.7 4746.7 4746.7 4746.7 4746.7 4746.7 4746.7 4746.7 4746.7 4746.7 4746.7 4746.7 4746.7 4746.7 4746.7 4746.7 4746.7 4746.7 4746.7 0 0 0 0 0 0 0 0 0 0 0 0 0 0 0 0 0 0 0 0 0 0 0 0 0
#obs catch bio
 4641.17 4331.91 3191.51 2306.78 4720.13 6622.26 10210.2 14444.4 21816.3 28876.5 51600.9 46429.9 64803 97073.4 81077.1 84546.7 86794.7 86274.2 112902 87730 96669.6 103183 98082.9 93491.1 109592 116642 88378.6 88774.4 94256.3
#pred cpue bio
 6684.15 6835.35 4036.71 3809.15 6327.07 9191.81 12528.5 16831.6 22947.3 30990 42790.1 44637.7 55919.1 67811.1 64025.2 70726.2 63871 65010.8 68699.3 53859.7 49544 52578.5 52071.2 54522.6 61201.2 57307.9 46285.1 45976.8 39102.7 1.31582e+06 1.27646e+06 345207 209484 164967 145934 137545 133867 132269 131581 131287 131163 131110 131088 131079 131075 131073 131072 131072 131072 131072 131072 131072 131072 131072 131072 131072 131072 131072 131072 131072 131072 131072 131072 131072 131072 131072 131072 131072 131072 131072 131072 131072 131072 131072 131072 131072 131072 131072 131072 131072 131072 131072 131072 131072 131072 131072 131072 131072 131072 131072 131072 131072 131072 131072 131072 131072 131072 131072 131072 131072 131072 131072 131072 131072 131072 131072 131072 131072 131072 131072 131072 131072 131072 131072 131072 131072 131072 131072 131072 131072 131072 131072 131072 131072 131072 131072 131072 131072 131072 0 0 0 0 0 0 0 0 0 0 0 0 0 0 0 0 0 0 0 0 0 0 0 0 0
#obs cpue bio
 8235.65 6054.36 2744.35 7083.92 10469.9 16615.5 13753.5 30166.9 25067.9 42524.7 60620.3 82721.8 74882 84325.1 104736 200809 107206 138216 96770.7 106338 65720.9 95577.2 89526.5 129484 153863 130588 120680 105280 67193.9
#pred surv len freq
 1.78553e-11 1.93887e-09 1.24128e-07 4.68522e-06 0.000104263 0.00136795 0.0105822 0.0482767 0.130033 0.207984 0.203244 0.137093 0.0871726 0.0619278 0.0407108 0.0246173 0.0152921 0.00973949 0.00639937 0.00443966 0.00331122 0.00269418 0.00227775 0.00172836 0.000999173
 1.39696e-11 1.51693e-09 9.71153e-08 3.66562e-06 8.15732e-05 0.00107028 0.00828023 0.037793 0.102042 0.16521 0.170895 0.140774 0.124265 0.10489 0.0677393 0.0356276 0.0183703 0.00973026 0.00525444 0.00297249 0.00181212 0.00123122 0.000918776 0.000659686 0.000378396
 1.70373e-11 1.85005e-09 1.18442e-07 4.47058e-06 9.94863e-05 0.00130529 0.0100977 0.0460715 0.124164 0.199169 0.197341 0.140436 0.0993428 0.0755678 0.049591 0.028166 0.0151202 0.00736563 0.00327213 0.00144621 0.000675437 0.000350467 0.00020937 0.000132154 7.19628e-05
 2.03099e-11 2.20542e-09 1.41193e-07 5.32932e-06 0.000118596 0.001556 0.0120366 0.054906 0.147806 0.235739 0.22717 0.144499 0.0793339 0.0480408 0.0268398 0.0123128 0.00538113 0.00244994 0.0010879 0.000443656 0.000166298 6.23051e-05 2.62679e-05 1.28147e-05 6.1253e-06
 1.99962e-11 2.17135e-09 1.39012e-07 5.247e-06 0.000116764 0.00153197 0.0118508 0.0540603 0.145556 0.232365 0.224936 0.14584 0.0839432 0.0526701 0.0287816 0.0118734 0.0042006 0.00147752 0.000518611 0.000182125 6.26583e-05 2.00003e-05 6.07073e-06 1.97776e-06 7.10765e-07
 2.01331e-11 2.18621e-09 1.39963e-07 5.2829e-06 0.000117563 0.00154245 0.0119319 0.0544297 0.146545 0.233896 0.226193 0.146038 0.0831581 0.0515842 0.0278922 0.0112403 0.00376102 0.00119137 0.000348322 9.35901e-05 2.45172e-05 6.36808e-06 1.59025e-06 3.76529e-07 8.96708e-08
 1.99308e-11 2.16425e-09 1.38557e-07 5.22984e-06 0.000116382 0.00152696 0.0118121 0.0538842 0.14509 0.231682 0.22457 0.146396 0.0853295 0.0539353 0.0291145 0.0114436 0.003629 0.00107886 0.000295681 7.1637e-05 1.5585e-05 3.08403e-06 5.70968e-07 1.01265e-07 1.71137e-08
 2.04192e-11 2.21728e-09 1.41952e-07 5.35799e-06 0.000119234 0.00156438 0.0121014 0.055202 0.14861 0.237076 0.228719 0.146166 0.0810567 0.0489227 0.0259461 0.0101144 0.00316682 0.000919482 0.000242108 5.51611e-05 1.10623e-05 1.94242e-06 2.94501e-07 3.90205e-08 4.65217e-09
 2.07309e-11 2.25113e-09 1.44119e-07 5.43978e-06 0.000121054 0.00158825 0.0122861 0.0560432 0.150859 0.240541 0.231475 0.14632 0.0787856 0.0460196 0.0237816 0.00883091 0.00249846 0.000643862 0.000157548 3.44695e-05 6.63078e-06 1.09688e-06 1.52225e-07 1.75574e-08 1.67468e-09
 2.09075e-11 2.2703e-09 1.45347e-07 5.48611e-06 0.000122085 0.00160178 0.0123907 0.0565198 0.152133 0.242503 0.233032 0.146393 0.0774777 0.0443641 0.0225696 0.0081311 0.00213685 0.000489121 0.000105774 2.04492e-05 3.51099e-06 5.36511e-07 7.03053e-08 7.60343e-09 6.59435e-10
 2.07987e-11 2.25849e-09 1.4459e-07 5.45756e-06 0.00012145 0.00159345 0.0123262 0.0562262 0.15135 0.241305 0.232127 0.146496 0.0785102 0.0455375 0.0232608 0.00836048 0.00217413 0.000485247 0.000100013 1.7755e-05 2.6906e-06 3.57775e-07 4.12271e-08 4.02097e-09 3.22353e-10
 2.11637e-11 2.29812e-09 1.47128e-07 5.55333e-06 0.000123581 0.00162141 0.0125425 0.0572112 0.153982 0.245347 0.23528 0.14647 0.0755349 0.0419259 0.0208081 0.00714277 0.00164958 0.000296637 4.99058e-05 7.94222e-06 1.12557e-06 1.38384e-07 1.42836e-08 1.21634e-09 8.50254e-11
 2.12163e-11 2.30383e-09 1.47494e-07 5.56714e-06 0.000123888 0.00162544 0.0125737 0.0573532 0.154361 0.245925 0.23571 0.1464 0.0750058 0.0413419 0.0204896 0.00706639 0.00165579 0.000304245 5.05324e-05 7.28132e-06 8.59802e-07 8.73223e-08 7.87694e-09 6.08344e-10 3.83442e-11
 2.14241e-11 2.3264e-09 1.48938e-07 5.62168e-06 0.000125102 0.00164136 0.0126968 0.057914 0.155859 0.248219 0.237468 0.146281 0.0731542 0.0391827 0.0191408 0.00652209 0.00148603 0.000257933 4.03742e-05 5.67569e-06 6.65184e-07 6.48052e-08 5.20911e-09 3.38653e-10 1.79639e-11
 2.15236e-11 2.3372e-09 1.4963e-07 5.64777e-06 0.000125683 0.00164898 0.0127557 0.0581824 0.156576 0.249322 0.238339 0.146307 0.0723937 0.0382307 0.0184553 0.00614098 0.00130208 0.000188803 2.25453e-05 2.55502e-06 2.64622e-07 2.38939e-08 1.83778e-09 1.15145e-10 5.68483e-12
 2.12425e-11 2.30668e-09 1.47676e-07 5.57403e-06 0.000124042 0.00162745 0.0125892 0.0574241 0.154551 0.246223 0.235973 0.146497 0.0749421 0.0411792 0.0202652 0.00683437 0.00149505 0.000234344 3.12858e-05 3.6784e-06 3.42762e-07 2.49467e-08 1.53334e-09 8.22773e-11 3.71255e-12
 2.16291e-11 2.34866e-09 1.50364e-07 5.67547e-06 0.000126299 0.00165707 0.0128182 0.0584672 0.157337 0.250485 0.239222 0.146218 0.0714105 0.0371067 0.0177846 0.00590624 0.00125079 0.00018066 2.12462e-05 2.30318e-06 2.16881e-07 1.67555e-08 1.05139e-09 5.16512e-11 1.94346e-12
 2.19261e-11 2.38092e-09 1.52428e-07 5.75341e-06 0.000128033 0.00167982 0.0129942 0.0592686 0.159476 0.253758 0.241709 0.14598 0.0686613 0.0339549 0.0158912 0.00522872 0.0010927 0.000152267 1.66359e-05 1.64483e-06 1.40776e-07 9.77712e-09 5.64314e-10 2.71588e-11 1.04244e-12
 2.20046e-11 2.38944e-09 1.52974e-07 5.77399e-06 0.000128491 0.00168583 0.0130407 0.0594802 0.160042 0.254623 0.242369 0.145925 0.0679462 0.0331295 0.0153874 0.00503885 0.00104177 0.000140687 1.43674e-05 1.30802e-06 1.04518e-07 6.74535e-09 3.54332e-10 1.53529e-11 5.32876e-13
 2.25129e-11 2.44463e-09 1.56507e-07 5.90737e-06 0.00013146 0.00172477 0.0133418 0.0608517 0.163704 0.260223 0.246623 0.145512 0.0632316 0.0277293 0.0121499 0.0038883 0.000779104 9.59808e-05 7.73908e-06 4.81259e-07 2.76975e-08 1.48217e-09 6.89634e-11 2.70842e-12 8.59418e-14
 2.30508e-11 2.50305e-09 1.60247e-07 6.04853e-06 0.000134601 0.00176598 0.0136605 0.0623031 0.167579 0.266148 0.251116 0.145046 0.0581985 0.0219861 0.00873777 0.00271272 0.000536556 6.44638e-05 4.81254e-06 2.4626e-07 1.03667e-08 3.98217e-10 1.30335e-11 3.5425e-13 8.394e-15
 2.31866e-11 2.51779e-09 1.61191e-07 6.08415e-06 0.000135394 0.00177638 0.0137409 0.0626694 0.168557 0.267643 0.252249 0.144928 0.0569281 0.0205366 0.0078768 0.00241635 0.000475602 5.66269e-05 4.10673e-06 1.93101e-07 6.84355e-09 2.14409e-10 5.78532e-12 1.2239e-13 2.05673e-15
 2.33369e-11 2.53411e-09 1.62236e-07 6.1236e-06 0.000136271 0.0017879 0.01383 0.063075 0.16964 0.269298 0.253504 0.144796 0.0555201 0.0189308 0.0069239 0.00208943 0.000409144 4.84093e-05 3.44314e-06 1.52265e-07 4.64229e-09 1.16687e-10 2.61945e-12 4.76794e-14 6.67511e-16
 2.31288e-11 2.51151e-09 1.60789e-07 6.06899e-06 0.000135056 0.00177195 0.0137067 0.0625135 0.168141 0.267007 0.251767 0.144979 0.0574705 0.0211546 0.00824269 0.00254085 0.000500161 5.93486e-05 4.25046e-06 1.92083e-07 6.18572e-09 1.68328e-10 3.93561e-12 6.91031e-14 8.58495e-16
 2.3018e-11 2.49948e-09 1.60019e-07 6.03992e-06 0.000134409 0.00176347 0.0136411 0.0622146 0.167343 0.265787 0.250842 0.145075 0.0585071 0.0223373 0.00894526 0.00278277 0.00054998 6.57776e-05 4.83409e-06 2.36199e-07 9.02686e-09 3.02189e-10 8.06462e-12 1.51721e-13 2.00027e-15
 2.31975e-11 2.51897e-09 1.61267e-07 6.08701e-06 0.000135457 0.00177721 0.0137474 0.0626988 0.168636 0.267763 0.25234 0.144919 0.0568265 0.0204204 0.00780752 0.00239215 0.000470364 5.58455e-05 4.0114e-06 1.83067e-07 6.05068e-09 1.72523e-10 4.3094e-12 8.45395e-14 1.26704e-15
 2.34706e-11 2.54863e-09 1.63165e-07 6.15867e-06 0.000137052 0.00179814 0.0139092 0.0634356 0.170603 0.27077 0.25462 0.144679 0.0542676 0.0175025 0.00607673 0.00179924 0.000350481 4.12934e-05 2.90185e-06 1.23279e-07 3.34462e-09 6.65744e-11 1.16122e-12 1.79986e-14 2.2605e-16
 2.34849e-11 2.55018e-09 1.63265e-07 6.16243e-06 0.000137135 0.00179923 0.0139176 0.0634742 0.170706 0.270928 0.254739 0.144667 0.0541334 0.0173496 0.00598607 0.00176824 0.000344254 4.0555e-05 2.84982e-06 1.21049e-07 3.28084e-09 6.49087e-11 1.10321e-12 1.58731e-14 1.68976e-16
 2.36564e-11 2.5688e-09 1.64457e-07 6.20743e-06 0.000138137 0.00181237 0.0140192 0.063937 0.171942 0.272817 0.256171 0.144516 0.0525256 0.0155165 0.00489922 0.00139645 0.000269466 3.16397e-05 2.21003e-06 9.20252e-08 2.33832e-09 3.90499e-11 5.03078e-13 5.74665e-15 5.49078e-17
#obs surv len freq
 3.67976e-11 3.55511e-09 2.025e-07 6.80044e-06 0.000134645 0.00157178 0.0108193 0.0439443 0.105702 0.153501 0.147645 0.126183 0.12389 0.111355 0.0780788 0.0471602 0.0267138 0.0137127 0.00619617 0.00240398 0.000760324 0.000184959 3.28318e-05 4.06154e-06 3.36977e-07
 2.67806e-11 2.49556e-09 1.37105e-07 4.441e-06 8.48113e-05 0.000955008 0.00634348 0.0249126 0.058566 0.0876581 0.105092 0.139624 0.17897 0.166781 0.111201 0.061959 0.0325067 0.0156147 0.00655247 0.00232901 0.000670312 0.000148061 2.38027e-05 2.65866e-06 1.98824e-07
 1.06598e-10 9.56437e-09 5.05945e-07 1.57794e-05 0.000290145 0.00314545 0.0201054 0.0757904 0.168717 0.223381 0.182547 0.108429 0.0687339 0.0529887 0.0402406 0.027773 0.0161592 0.0075476 0.00290247 0.000933996 0.000242823 4.82884e-05 6.97634e-06 7.00358e-07 4.71066e-08
 1.15527e-10 9.96423e-09 5.06689e-07 1.51907e-05 0.000268508 0.00279828 0.0171973 0.0623861 0.134286 0.176221 0.15939 0.137299 0.130069 0.0994266 0.0509932 0.0187991 0.00661887 0.00271347 0.00107567 0.000341855 8.22782e-05 1.47013e-05 1.89507e-06 1.69806e-07 1.02131e-08
 2.12248e-10 1.75705e-08 8.57552e-07 2.46761e-05 0.000418632 0.00418733 0.0246964 0.0859305 0.176891 0.218656 0.174524 0.115868 0.0865123 0.0609935 0.0321167 0.0129989 0.00446491 0.00130016 0.000323102 7.48448e-05 1.5797e-05 2.62974e-06 3.11765e-07 2.5182e-08 1.35273e-09
 2.44273e-10 1.93804e-08 9.06542e-07 2.50007e-05 0.0004065 0.003897 0.0220327 0.0735583 0.146013 0.178466 0.156096 0.136897 0.127629 0.0915542 0.0435699 0.0145445 0.00401657 0.0010199 0.000226016 4.09413e-05 6.01393e-06 7.24436e-07 6.95626e-08 4.92867e-09 2.38833e-10
 4.3302e-10 3.28813e-08 1.47207e-06 3.88549e-05 0.000604652 0.00554779 0.0300164 0.0958501 0.181466 0.208544 0.162106 0.115887 0.0923924 0.06251 0.029988 0.0108008 0.00325446 0.000809984 0.000155646 2.30938e-05 2.72507e-06 2.53355e-07 1.79295e-08 9.39901e-10 3.5563e-11
 5.43765e-10 3.94682e-08 1.68897e-06 4.26122e-05 0.000633858 0.00555929 0.0287576 0.0878839 0.160056 0.181487 0.152943 0.134145 0.120072 0.079586 0.0347376 0.0106636 0.00269027 0.000606338 0.000114793 1.6938e-05 1.86733e-06 1.49616e-07 8.59607e-09 3.52119e-10 1.01706e-11
 9.74201e-10 6.75078e-08 2.75802e-06 6.64325e-05 0.000943421 0.00789933 0.0390054 0.113706 0.196824 0.208359 0.153571 0.108983 0.0842792 0.0528537 0.023205 0.0076432 0.00209638 0.000470022 8.02389e-05 1.03343e-05 1.02205e-06 7.61934e-08 4.08526e-09 1.51185e-10 3.76607e-12
 1.18638e-09 7.83984e-08 3.05442e-06 7.01603e-05 0.000950169 0.00758746 0.0357421 0.0995678 0.166132 0.176636 0.149655 0.137471 0.118921 0.0715415 0.0272566 0.00687374 0.00132433 0.000227856 3.5104e-05 4.393e-06 4.1444e-07 2.81847e-08 1.34737e-09 4.46178e-11 1.00676e-12
 2.0674e-09 1.30145e-07 4.83021e-06 0.000105693 0.00136355 0.0103722 0.0465379 0.123398 0.195301 0.193773 0.145765 0.115325 0.0906418 0.0518034 0.0193692 0.00502065 0.0010222 0.00017178 2.22894e-05 2.13699e-06 1.5562e-07 8.83053e-09 3.77883e-10 1.14771e-11 2.36049e-13
 2.73988e-09 1.64142e-07 5.7976e-06 0.000120731 0.0014823 0.0107315 0.0458414 0.115919 0.17646 0.174968 0.146003 0.133475 0.108378 0.0596348 0.0209152 0.00498044 0.000920622 0.000143751 1.80459e-05 1.69776e-06 1.16676e-07 5.76857e-09 2.01277e-10 4.90082e-12 8.28909e-14
 4.51763e-09 2.57328e-07 8.64177e-06 0.000171103 0.0019974 0.013749 0.0558389 0.134216 0.19397 0.181549 0.140835 0.119108 0.0907814 0.0473898 0.0159206 0.00368415 0.00066736 0.00010022 1.17114e-05 1.00493e-06 6.3041e-08 2.88906e-09 9.4304e-11 2.11997e-12 3.19979e-14
 5.54709e-09 3.00164e-07 9.57615e-06 0.000180122 0.00199758 0.0130649 0.0504535 0.115756 0.162713 0.15976 0.149952 0.149196 0.115885 0.0580023 0.0183345 0.00393829 0.000655306 9.09685e-05 9.99168e-06 8.13252e-07 4.81546e-08 2.05186e-09 6.13741e-11 1.25628e-12 1.72933e-14
 9.52834e-09 4.89429e-07 1.48218e-05 0.00026464 0.00278593 0.0172957 0.0633907 0.137927 0.183152 0.167273 0.142387 0.129622 0.0942908 0.0447122 0.0135292 0.00282564 0.000461607 6.18646e-05 6.36051e-06 4.73606e-07 2.54389e-08 9.88319e-10 2.72174e-11 5.15458e-13 6.55131e-15
 1.43747e-08 7.00403e-07 2.01204e-05 0.000340776 0.00340304 0.0200421 0.0697065 0.144142 0.183195 0.164278 0.142193 0.128669 0.0896874 0.0402288 0.0114602 0.00224295 0.000342321 4.30731e-05 4.19947e-06 2.98364e-07 1.52323e-08 5.54481e-10 1.40646e-11 2.42413e-13 2.7918e-15
 2.13014e-08 9.83941e-07 2.6796e-05 0.000430246 0.00407321 0.0227444 0.0750359 0.147519 0.18014 0.160837 0.144033 0.130062 0.0867381 0.0366376 0.00971753 0.00173772 0.000237378 2.67072e-05 2.35955e-06 1.53212e-07 7.18046e-09 2.41465e-10 5.69717e-12 9.16038e-14 9.81472e-16
 3.06154e-08 1.33995e-06 3.45764e-05 0.000526038 0.00471891 0.0249717 0.0781327 0.146209 0.172723 0.156759 0.148132 0.134215 0.0864868 0.035455 0.0094836 0.00183224 0.000282189 3.40637e-05 2.96368e-06 1.78797e-07 7.5667e-09 2.27915e-10 4.8334e-12 7.03108e-14 6.85612e-16
 4.24634e-08 1.76023e-06 4.30194e-05 0.000619887 0.00526707 0.0264071 0.0783801 0.140004 0.162123 0.154521 0.15717 0.142477 0.0879626 0.0342926 0.00878996 0.00165456 0.000252355 3.05641e-05 2.72197e-06 1.71792e-07 7.61206e-09 2.32698e-10 4.78152e-12 6.47868e-14 5.74249e-16
 8.06081e-08 3.16369e-06 7.32064e-05 0.000998741 0.00803424 0.0381265 0.106981 0.179544 0.19014 0.154097 0.12904 0.103695 0.0598351 0.0224167 0.0057113 0.0011079 0.000174123 2.10272e-05 1.8262e-06 1.12264e-07 4.89183e-09 1.48772e-10 3.06942e-12 4.18981e-14 3.71888e-16
 1.02737e-07 3.81679e-06 8.36014e-05 0.00107966 0.00822221 0.0369564 0.0984508 0.158658 0.169157 0.154696 0.150334 0.124143 0.0682913 0.0235746 0.00533172 0.000884209 0.000120022 1.3276e-05 1.11395e-06 6.78429e-08 2.92766e-09 8.7076e-11 1.73834e-12 2.28827e-14 1.96311e-16
 1.55715e-07 5.47515e-06 0.000113502 0.00138731 0.00999976 0.0425483 0.107392 0.164605 0.169352 0.15343 0.146873 0.116475 0.0613565 0.0206995 0.00478344 0.000846127 0.000119696 1.27367e-05 9.61537e-07 5.13073e-08 1.96331e-09 5.34839e-11 1.00731e-12 1.27119e-14 1.04943e-16
 2.48467e-07 8.26794e-06 0.000162207 0.00187629 0.0127992 0.0515424 0.123146 0.178798 0.174576 0.150251 0.135937 0.101334 0.0499744 0.0156641 0.00331876 0.000534301 7.01585e-05 7.1956e-06 5.39461e-07 2.87352e-08 1.07029e-09 2.7249e-11 4.64107e-13 5.22346e-15 3.85959e-17
 3.41274e-07 1.07471e-05 0.000199539 0.00218441 0.014104 0.0537891 0.122038 0.170323 0.166937 0.153812 0.144608 0.10485 0.0491097 0.0145841 0.0029395 0.000450486 5.56523e-05 5.27873e-06 3.6233e-07 1.77265e-08 6.16119e-10 1.49196e-11 2.44465e-13 2.64357e-15 1.85331e-17
 4.91441e-07 1.46469e-05 0.000257374 0.00266665 0.0162973 0.0588598 0.126754 0.169584 0.164462 0.155071 0.144786 0.10061 0.0448512 0.0128071 0.00253696 0.000388452 4.73686e-05 4.31876e-06 2.7938e-07 1.27123e-08 4.06627e-10 8.9991e-12 1.34564e-13 1.33354e-15 8.63861e-18
 5.97923e-07 1.68671e-05 0.000280538 0.00275142 0.015923 0.0545496 0.112323 0.148599 0.156326 0.169339 0.165327 0.111452 0.0473039 0.0129104 0.0024776 0.000371325 4.41845e-05 3.90872e-06 2.4518e-07 1.07943e-08 3.30893e-10 6.91799e-12 9.63997e-14 8.80973e-16 5.22493e-18
 1.12288e-06 2.99849e-05 0.000472085 0.00438258 0.0240016 0.0777207 0.15042 0.182604 0.165002 0.147535 0.126671 0.0791222 0.0318061 0.00837773 0.00158728 0.00023697 2.76576e-05 2.35752e-06 1.4147e-07 5.95162e-09 1.74238e-10 3.47397e-12 4.60598e-14 3.99028e-16 2.23098e-18
 1.28827e-06 3.2569e-05 0.000485471 0.00426745 0.0221424 0.068116 0.126806 0.15562 0.160201 0.170121 0.153397 0.0928237 0.0353602 0.00879708 0.00157739 0.000223838 2.50006e-05 2.05793e-06 1.20137e-07 4.91548e-09 1.38794e-10 2.64126e-12 3.31701e-14 2.71059e-16 1.42663e-18
 1.60163e-06 3.83397e-05 0.000541139 0.0045048 0.02215 0.0647656 0.116121 0.143851 0.161573 0.183461 0.163407 0.0947198 0.034651 0.0084495 0.00152201 0.000216666 2.35618e-05 1.83809e-06 1.00514e-07 3.85197e-09 1.02446e-10 1.84767e-12 2.20683e-14 1.71493e-16 8.55685e-19
#pred catch len freq
 1.24855e-11 1.35578e-09 8.67982e-08 3.2762e-06 7.29072e-05 0.000956583 0.00740072 0.0337814 0.0912486 0.14804 0.154573 0.131111 0.120644 0.105994 0.0739269 0.0453561 0.0283111 0.0180579 0.0118682 0.00823397 0.0061411 0.00499672 0.00422439 0.00320547 0.0018531
 9.29612e-12 1.00945e-09 6.46258e-08 2.43931e-06 5.42837e-05 0.000712256 0.00551141 0.0251798 0.0683208 0.113312 0.129838 0.139201 0.159239 0.148279 0.0980297 0.0518913 0.0268392 0.0142342 0.00768879 0.00434972 0.00265171 0.00180166 0.00134446 0.000965329 0.000553713
 1.2883e-11 1.39894e-09 8.95614e-08 3.3805e-06 7.52283e-05 0.000987038 0.00763641 0.0348589 0.0941817 0.15298 0.160578 0.138318 0.129407 0.113735 0.0775181 0.0444122 0.0239061 0.011656 0.00517912 0.00228909 0.00106908 0.000554716 0.000331389 0.000209172 0.000113902
 1.69599e-11 1.84164e-09 1.17903e-07 4.45026e-06 9.90342e-05 0.00129936 0.0100519 0.0458655 0.123648 0.198652 0.198289 0.1449 0.106816 0.0810582 0.0487001 0.0227233 0.00998208 0.00455364 0.00202307 0.000825084 0.00030927 0.000115871 4.88511e-05 2.38318e-05 1.13914e-05
 1.68717e-11 1.83206e-09 1.1729e-07 4.42712e-06 9.85192e-05 0.00129261 0.00999974 0.0456291 0.123033 0.197848 0.198349 0.147182 0.111088 0.0846072 0.0490918 0.0205317 0.0072944 0.00257091 0.000903026 0.000317163 0.000109116 3.48294e-05 1.05718e-05 3.44415e-06 1.23775e-06
 1.72616e-11 1.87441e-09 1.20001e-07 4.52945e-06 0.000100796 0.00132248 0.0102308 0.0466817 0.125848 0.20219 0.201826 0.147455 0.108391 0.0811561 0.0465557 0.0190151 0.00638714 0.00202694 0.000593035 0.000159366 4.17481e-05 1.08435e-05 2.70785e-06 6.41145e-07 1.5269e-07
 1.70947e-11 1.85628e-09 1.18841e-07 4.48564e-06 9.98215e-05 0.00130969 0.0101319 0.0462315 0.124649 0.200379 0.200564 0.147966 0.110514 0.0833219 0.0474879 0.0188948 0.0060129 0.00179067 0.000491123 0.000119008 2.58911e-05 5.12335e-06 9.48516e-07 1.68226e-07 2.843e-08
 1.80583e-11 1.96092e-09 1.2554e-07 4.7385e-06 0.000105448 0.00138352 0.0107028 0.0488317 0.131595 0.211021 0.208746 0.147502 0.102065 0.0734177 0.0412363 0.016284 0.00511525 0.00148727 0.000391831 8.92846e-05 1.79054e-05 3.14396e-06 4.76669e-07 6.3157e-08 7.5298e-09
 1.87087e-11 2.03154e-09 1.30061e-07 4.90916e-06 0.000109246 0.00143334 0.0110881 0.050587 0.136287 0.218238 0.214438 0.147656 0.0970723 0.0671926 0.0367936 0.0138429 0.0039285 0.00101362 0.000248159 5.4301e-05 1.04456e-05 1.7279e-06 2.39797e-07 2.76578e-08 2.63808e-09
 1.89499e-11 2.05773e-09 1.31738e-07 4.97244e-06 0.000110654 0.00145182 0.011231 0.0512379 0.138028 0.220921 0.216579 0.147797 0.0953498 0.0649744 0.0351213 0.0128291 0.00338224 0.000775194 0.00016775 3.24377e-05 5.56941e-06 8.51037e-07 1.1152e-07 1.20607e-08 1.04601e-09
 1.93473e-11 2.10088e-09 1.345e-07 5.07671e-06 0.000112975 0.00148226 0.0114664 0.0523101 0.140891 0.225305 0.219932 0.147549 0.0917796 0.0608316 0.0325637 0.0118283 0.00308233 0.000688229 0.000141861 2.5184e-05 3.81621e-06 5.0743e-07 5.84711e-08 5.70276e-09 4.57178e-10
 1.9687e-11 2.13777e-09 1.36862e-07 5.16585e-06 0.000114958 0.00150828 0.0116677 0.0532269 0.143342 0.229077 0.222914 0.147654 0.0892072 0.0575978 0.0302192 0.0105068 0.00243292 0.000437813 7.36823e-05 1.17276e-05 1.66202e-06 2.04332e-07 2.109e-08 1.79595e-09 1.25541e-10
 1.9875e-11 2.15819e-09 1.38169e-07 5.2152e-06 0.000116056 0.00152269 0.0117791 0.0537343 0.144697 0.231146 0.224474 0.147464 0.0874061 0.0555653 0.0290449 0.0101408 0.00238208 0.000437936 7.27497e-05 1.04831e-05 1.23785e-06 1.25712e-07 1.13395e-08 8.75745e-10 5.51984e-11
 2.04909e-11 2.22507e-09 1.42451e-07 5.37681e-06 0.000119653 0.00156987 0.0121439 0.0553961 0.149135 0.237937 0.229656 0.147037 0.0818054 0.049094 0.0250856 0.00863832 0.00197212 0.000342339 5.35708e-05 7.52925e-06 8.82324e-07 8.59543e-08 6.90885e-09 4.49147e-10 2.38249e-11
 2.04292e-11 2.21837e-09 1.42022e-07 5.36062e-06 0.000119293 0.00156514 0.0121074 0.0552298 0.148692 0.237269 0.229194 0.147235 0.0826025 0.0498944 0.025406 0.00856104 0.00181982 0.000263994 3.1524e-05 3.57228e-06 3.69953e-07 3.34028e-08 2.56904e-09 1.60959e-10 7.94663e-12
 2.02932e-11 2.2036e-09 1.41077e-07 5.32493e-06 0.000118498 0.00155473 0.0120268 0.0548628 0.147712 0.235766 0.228034 0.147287 0.0837752 0.0512828 0.0263024 0.00895597 0.00196276 0.000307686 4.10642e-05 4.82677e-06 4.4971e-07 3.27281e-08 2.0115e-09 1.07931e-10 4.87002e-12
 2.0804e-11 2.25907e-09 1.44628e-07 5.45897e-06 0.000121481 0.00159386 0.0123294 0.056241 0.151392 0.241397 0.232327 0.146919 0.0791084 0.0459014 0.0230251 0.00773036 0.0016406 0.000237012 2.78643e-05 3.01954e-06 2.84282e-07 2.19606e-08 1.37792e-09 6.76908e-11 2.54695e-12
 2.12107e-11 2.30323e-09 1.47455e-07 5.56569e-06 0.000123856 0.00162502 0.0125704 0.0573384 0.154323 0.245879 0.235732 0.146592 0.0753421 0.0415843 0.0204328 0.00680393 0.00142528 0.000198665 2.16981e-05 2.14444e-06 1.83493e-07 1.27425e-08 7.35417e-10 3.53921e-11 1.35844e-12
 2.15604e-11 2.3412e-09 1.49886e-07 5.65743e-06 0.000125898 0.0016518 0.0127775 0.0582817 0.156841 0.24973 0.238658 0.146307 0.0720984 0.0378694 0.0182064 0.00601355 0.00124538 0.000168192 1.71661e-05 1.56164e-06 1.24725e-07 8.04795e-09 4.22719e-10 1.83151e-11 6.35676e-13
 2.22205e-11 2.41288e-09 1.54475e-07 5.83065e-06 0.000129752 0.00170237 0.0131686 0.0600628 0.161598 0.257003 0.244182 0.145767 0.0659704 0.0308528 0.0140033 0.00452407 0.00090827 0.000111924 9.02211e-06 5.60623e-07 3.22368e-08 1.72422e-09 8.02102e-11 3.14987e-12 9.99465e-14
 2.28548e-11 2.48176e-09 1.58884e-07 5.99708e-06 0.000133456 0.00175096 0.0135443 0.0617741 0.166167 0.263989 0.249479 0.145217 0.0600359 0.0240812 0.00998029 0.00313813 0.000622408 7.48154e-05 5.5849e-06 2.85642e-07 1.20139e-08 4.6114e-10 1.50874e-11 4.10015e-13 9.71464e-15
 2.3042e-11 2.50209e-09 1.60186e-07 6.04622e-06 0.000134549 0.0017653 0.0136553 0.0622793 0.167516 0.266051 0.251042 0.145055 0.0582832 0.0220816 0.00879293 0.00272981 0.00053871 6.41724e-05 4.65386e-06 2.18751e-07 7.74643e-09 2.42467e-10 6.5387e-12 1.38297e-13 2.32379e-15
 2.31901e-11 2.51817e-09 1.61215e-07 6.08507e-06 0.000135414 0.00177665 0.013743 0.0626788 0.168583 0.267682 0.252279 0.144925 0.0568965 0.0204999 0.00785423 0.00240761 0.000473107 5.60158e-05 3.98448e-06 1.76174e-07 5.36838e-09 1.34817e-10 3.02418e-12 5.50272e-14 7.7027e-16
 2.29184e-11 2.48867e-09 1.59327e-07 6.01378e-06 0.000133828 0.00175583 0.013582 0.0619458 0.166625 0.26469 0.250011 0.145164 0.0594429 0.0234033 0.00957595 0.00299691 0.000591889 7.02781e-05 5.0335e-06 2.27422e-07 7.31957e-09 1.99017e-10 4.65037e-12 8.16325e-14 1.01405e-15
 2.2838e-11 2.47993e-09 1.58768e-07 5.99268e-06 0.000133358 0.00174967 0.0135344 0.0617288 0.166046 0.263804 0.249339 0.145233 0.0601946 0.0242615 0.0100863 0.0031733 0.000628689 7.52245e-05 5.52803e-06 2.69992e-07 1.03096e-08 3.44839e-10 9.19879e-12 1.7303e-13 2.28102e-15
 2.30906e-11 2.50736e-09 1.60523e-07 6.05895e-06 0.000134833 0.00176902 0.013684 0.0624103 0.167866 0.266585 0.251448 0.145013 0.0578289 0.0215633 0.00848514 0.00262394 0.000516995 6.14053e-05 4.41067e-06 2.01227e-07 6.64584e-09 1.89292e-10 4.72491e-12 9.26631e-14 1.38862e-15
 2.33805e-11 2.53884e-09 1.62539e-07 6.13502e-06 0.000136526 0.00179123 0.0138558 0.0631925 0.169954 0.269778 0.253868 0.144759 0.0551125 0.0184657 0.00664777 0.00199449 0.000389694 4.59413e-05 3.22877e-06 1.37156e-07 3.7199e-09 7.39866e-11 1.28917e-12 1.99684e-14 2.5072e-16
 2.34211e-11 2.54325e-09 1.62821e-07 6.14567e-06 0.000136763 0.00179434 0.0138798 0.063302 0.170246 0.270225 0.254206 0.144723 0.054732 0.018032 0.00639064 0.00190657 0.000372036 4.38478e-05 3.08139e-06 1.30873e-07 3.54585e-09 7.00937e-11 1.19004e-12 1.71104e-14 1.82095e-16
 2.36134e-11 2.56413e-09 1.64158e-07 6.19614e-06 0.000137886 0.00180907 0.0139937 0.0638209 0.171632 0.272343 0.255811 0.144554 0.0529292 0.0159765 0.00517194 0.00148969 0.000288184 3.38548e-05 2.36496e-06 9.84739e-08 2.50178e-09 4.17594e-11 5.3745e-13 6.13273e-15 5.85627e-17
#obs catch len freq
 3.26501e-11 3.15441e-09 1.79676e-07 6.03396e-06 0.000119469 0.00139464 0.00960035 0.0390026 0.0939353 0.137328 0.136112 0.125694 0.132235 0.121866 0.0866546 0.0536971 0.031823 0.0173397 0.00831875 0.00339776 0.00112732 0.000287959 5.36042e-05 6.91588e-06 5.93697e-07
 4.92933e-11 4.59341e-09 2.52361e-07 8.17424e-06 0.000156104 0.00175766 0.0116701 0.0457287 0.106219 0.1497 0.14275 0.126294 0.127488 0.113553 0.078534 0.0471404 0.0264882 0.013418 0.00595848 0.00225541 0.000689502 0.00016061 2.70621e-05 3.15402e-06 2.45057e-07
 3.62401e-11 3.25161e-09 1.72007e-07 5.36456e-06 9.86439e-05 0.00106954 0.00684124 0.025888 0.058817 0.0862662 0.105231 0.143902 0.182685 0.165885 0.108458 0.0599517 0.0312064 0.0147773 0.00608154 0.00210552 0.000585147 0.000123661 1.88583e-05 1.98375e-06 1.38913e-07
 1.50274e-10 1.29611e-08 6.59085e-07 1.97596e-05 0.000349263 0.00363976 0.0223645 0.081048 0.173505 0.221286 0.175661 0.104488 0.0687162 0.0537715 0.0406453 0.0276961 0.015781 0.00720844 0.00271118 0.000848921 0.000212907 4.04788e-05 5.54541e-06 5.24217e-07 3.30155e-08
 1.65353e-10 1.36883e-08 6.68078e-07 1.9224e-05 0.000326139 0.00326228 0.0192438 0.0670206 0.138647 0.175795 0.156825 0.137321 0.129911 0.0964315 0.0478489 0.0173299 0.00614311 0.00251785 0.000974912 0.000299319 6.92058e-05 1.18056e-05 1.44258e-06 1.21719e-07 6.85592e-09
 3.08912e-10 2.45088e-08 1.14643e-06 3.16164e-05 0.000514064 0.00492802 0.0278565 0.0929059 0.183415 0.218023 0.169357 0.112668 0.084622 0.0583984 0.0299119 0.0118666 0.0040029 0.0011407 0.000278599 6.34539e-05 1.29686e-05 2.05958e-06 2.30989e-07 1.75525e-08 8.82931e-10
 3.61832e-10 2.74756e-08 1.23006e-06 3.24672e-05 0.000505251 0.00463592 0.025087 0.0801835 0.152548 0.179675 0.154354 0.135714 0.124375 0.0860269 0.0394501 0.0128233 0.00348931 0.000871385 0.000188227 3.30744e-05 4.70121e-06 5.45143e-07 4.98868e-08 3.33414e-09 1.51339e-10
 6.4646e-10 4.6922e-08 2.00794e-06 5.06598e-05 0.00075356 0.00660891 0.0341804 0.104347 0.189 0.208523 0.157775 0.112388 0.0884806 0.0579319 0.0268889 0.00945916 0.00279024 0.000674591 0.000125394 1.80027e-05 2.05058e-06 1.82895e-07 1.2337e-08 6.12639e-10 2.18151e-11
 8.23679e-10 5.70772e-08 2.33188e-06 5.61682e-05 0.000797662 0.00667916 0.0329876 0.0962749 0.167661 0.182853 0.150988 0.13157 0.114635 0.0729152 0.0305893 0.00912471 0.00226082 0.000498796 9.15741e-05 1.30161e-05 1.37511e-06 1.05133e-07 5.74305e-09 2.22775e-10 6.06467e-12
 1.48833e-09 9.8352e-08 3.83182e-06 8.80168e-05 0.00119198 0.00951777 0.0448188 0.124614 0.205861 0.208587 0.14872 0.103536 0.0778006 0.0468858 0.0198555 0.00637314 0.00170662 0.000370561 6.09789e-05 7.56776e-06 7.1919e-07 5.11962e-08 2.60448e-09 9.10123e-11 2.13295e-12
 1.85061e-09 1.16497e-07 4.32369e-06 9.46095e-05 0.00122057 0.00928499 0.0416686 0.11061 0.176067 0.179472 0.147623 0.131998 0.10953 0.0627874 0.0228394 0.00554829 0.00104416 0.000176362 2.64325e-05 3.18637e-06 2.87566e-07 1.86137e-08 8.43671e-10 2.63918e-11 5.60376e-13
 3.21649e-09 1.92696e-07 6.80612e-06 0.000141732 0.00174013 0.0125972 0.0537919 0.13577 0.204713 0.194213 0.141173 0.108518 0.0818472 0.0446002 0.0159546 0.00399541 0.000791824 0.000128913 1.6083e-05 1.48108e-06 1.03706e-07 5.63721e-09 2.29344e-10 6.57807e-12 1.27178e-13
 4.34235e-09 2.47344e-07 8.30648e-06 0.000164465 0.00191991 0.0132159 0.0536795 0.129097 0.187098 0.177338 0.142615 0.125418 0.0970139 0.0507344 0.0169796 0.00389614 0.000700908 0.000106313 1.28524e-05 1.15861e-06 7.6058e-08 3.57861e-09 1.1841e-10 2.72617e-12 4.34626e-14
 7.15705e-09 3.87282e-07 1.23555e-05 0.000232398 0.00257725 0.0168532 0.0650256 0.148513 0.204099 0.182191 0.135584 0.109829 0.0795844 0.0394523 0.0126473 0.00282093 0.00049655 7.21668e-05 8.0953e-06 6.64725e-07 3.98487e-08 1.73891e-09 5.37808e-11 1.1406e-12 1.61877e-14
 9.0322e-09 4.63945e-07 1.40501e-05 0.000250861 0.0026409 0.016396 0.0601072 0.130936 0.174871 0.163428 0.146086 0.137856 0.101332 0.0480648 0.0144709 0.0029898 0.000482905 6.49071e-05 6.84573e-06 5.32777e-07 3.00929e-08 1.21858e-09 3.44914e-11 6.65717e-13 8.61546e-15
 1.54206e-08 7.51362e-07 2.15843e-05 0.000365569 0.00365058 0.0214985 0.0747459 0.154291 0.194425 0.168561 0.136007 0.117009 0.0804216 0.0361201 0.0104117 0.00209247 0.000331346 4.28443e-05 4.21614e-06 2.99607e-07 1.53436e-08 5.66663e-10 1.47679e-11 2.63593e-13 3.14722e-15
 2.34411e-08 1.08278e-06 2.94876e-05 0.000473461 0.00448223 0.0250255 0.0825135 0.161746 0.194783 0.165094 0.134323 0.114167 0.0750118 0.0318278 0.00862711 0.00162261 0.000239846 2.91145e-05 2.71668e-06 1.84068e-07 8.94465e-09 3.08873e-10 7.40189e-12 1.20124e-13 1.29915e-15
 3.48566e-08 1.52558e-06 3.93663e-05 0.000598906 0.00537238 0.0284245 0.0888527 0.165493 0.191301 0.16107 0.135162 0.114464 0.0718861 0.028688 0.00722564 0.00123831 0.000163533 1.77521e-05 1.50133e-06 9.29424e-08 4.14553e-09 1.32252e-10 2.9475e-12 4.45977e-14 4.48336e-16
 5.06642e-08 2.10017e-06 5.13274e-05 0.000739591 0.00628376 0.0314938 0.0933209 0.165313 0.184459 0.156883 0.137832 0.116758 0.0708401 0.0274873 0.00701297 0.0013047 0.000193806 2.23806e-05 1.85103e-06 1.06056e-07 4.26423e-09 1.21806e-10 2.44032e-12 3.34091e-14 3.05669e-16
 7.12368e-08 2.79589e-06 6.46958e-05 0.000882642 0.00710068 0.0337053 0.0947022 0.159985 0.174456 0.154678 0.145462 0.123152 0.0715709 0.0264114 0.00646093 0.00117194 0.000172456 1.99975e-05 1.69539e-06 1.01639e-07 4.26708e-09 1.23131e-10 2.38018e-12 3.02687e-14 2.51387e-16
 1.31458e-07 4.88384e-06 0.000106973 0.00138145 0.0105192 0.0472505 0.125475 0.19912 0.198549 0.149423 0.114775 0.0855944 0.0464228 0.0164808 0.00401717 0.000751373 0.000113555 1.30848e-05 1.08047e-06 6.30942e-08 2.6057e-09 7.48085e-11 1.45135e-12 1.85737e-14 1.54201e-16
 1.71971e-07 6.04672e-06 0.000125351 0.00153211 0.0110428 0.0469716 0.118372 0.1801 0.179718 0.150738 0.133804 0.102734 0.0531078 0.0173305 0.00373456 0.000595912 7.80329e-05 8.27366e-06 6.61636e-07 3.82724e-08 1.56267e-09 4.37959e-11 8.21191e-13 1.01282e-14 8.12374e-17
 2.61414e-07 8.69874e-06 0.000170658 0.00197404 0.0134655 0.0542143 0.129402 0.187006 0.179164 0.147285 0.127814 0.0940696 0.0465957 0.014896 0.00329083 0.000559764 7.58469e-05 7.67754e-06 5.50132e-07 2.78723e-08 1.01135e-09 2.60227e-11 4.60865e-13 5.44894e-15 4.20265e-17
 4.12471e-07 1.29892e-05 0.000241164 0.00263999 0.0170425 0.0649379 0.146698 0.200673 0.181937 0.141138 0.115042 0.0793778 0.0367627 0.0109032 0.00220456 0.000341202 4.30016e-05 4.20527e-06 2.99439e-07 1.51127e-08 5.31618e-10 1.27373e-11 2.03604e-13 2.14627e-15 1.48249e-17
 5.75347e-07 1.71475e-05 0.000301313 0.00312179 0.0190752 0.0688292 0.147568 0.193488 0.17437 0.142934 0.12092 0.0812907 0.0357772 0.0100541 0.00193288 0.00028425 3.36155e-05 3.03422e-06 1.97671e-07 9.16878e-09 3.01332e-10 6.87197e-12 1.05645e-13 1.06871e-15 6.99283e-18
 8.33776e-07 2.35203e-05 0.000391187 0.00383619 0.0221887 0.0758164 0.154192 0.19323 0.170676 0.141622 0.118767 0.0765675 0.0320949 0.00868095 0.00164139 0.000240847 2.80293e-05 2.42584e-06 1.48688e-07 6.4052e-09 1.93508e-10 4.03057e-12 5.65396e-14 5.24279e-16 3.17072e-18
 1.0561e-06 2.82017e-05 0.000444012 0.00412207 0.0225775 0.0731504 0.141948 0.1743 0.163314 0.153986 0.135956 0.0853638 0.0341094 0.00882285 0.00161608 0.000231828 2.62883e-05 2.20594e-06 1.31034e-07 5.45532e-09 1.57685e-10 3.09782e-12 4.04464e-14 3.45568e-16 1.91239e-18
 1.87745e-06 4.7464e-05 0.000707469 0.00621775 0.0322337 0.0987503 0.18034 0.204171 0.165792 0.128351 0.0983816 0.0569569 0.0215402 0.00538013 0.00097296 0.000138781 1.54012e-05 1.24371e-06 7.06344e-08 2.80862e-09 7.7485e-11 1.45078e-12 1.80108e-14 1.45767e-16 7.5987e-19
 2.27779e-06 5.4525e-05 0.000769545 0.00640465 0.0314556 0.0914821 0.160083 0.180439 0.161827 0.147801 0.120482 0.0679431 0.0243771 0.00574904 0.000982938 0.000133128 1.41328e-05 1.10216e-06 6.08713e-08 2.35138e-09 6.24795e-11 1.11528e-12 1.31044e-14 9.99854e-17 4.9043e-19
#spawning biomass
 8519.6 8089.35 5174.23 5711.3 9406.27 13797.2 18626.5 25731.2 35833 49009 67210.6 71951.9 90447.8 111353 105996 114707 106582 111058 118128 96870.1 94054.7 101315 102075 104390 115778 110563 92185.9 91731.1 79705 78160.9 52059.8 8806.93 7070.98 7016.33 7014.78 7014.74 7014.73 7014.73 7014.73 7014.73 7014.73 7014.73 7014.73 7014.73 7014.73 7014.73 7014.73 7014.73 7014.73 7014.73 7014.73 7014.73 7014.73 7014.73 7014.73 7014.73 7014.73 7014.73 7014.73 7014.73 7014.73 7014.73 7014.73 7014.73 7014.73 7014.73 7014.73 7014.73 7014.73 7014.73 7014.73 7014.73 7014.73 7014.73 7014.73 7014.73 7014.73 7014.73 7014.73 7014.73 7014.73 7014.73 7014.73 7014.73 7014.73 7014.73 7014.73 7014.73 7014.73 7014.73 7014.73 7014.73 7014.73 7014.73 7014.73 7014.73 7014.73 7014.73 7014.73 7014.73 7014.73 7014.73 7014.73 7014.73 7014.73 7014.73 7014.73 7014.73 7014.73 7014.73 7014.73 7014.73 7014.73 7014.73 7014.73 7014.73 7014.73 7014.73 7014.73 7014.73 7014.73 7014.73 7014.73 7014.73 7014.73 7014.73 7014.73 7014.73 7014.73 0 0 0 0 0 0 0 0 0 0 0 0 0 0 0 0 0 0 0 0 0 0 0 0 0
