SBPRF35
0.178135
Curr Bio
170180
B35
402176
F35
0.535675
FOFL
0.195479
OFL
24593.2
Bzero
50895.7
#pred survey bio
 37020.1 38087.1 21289.1 11885.1 29981.3 48444.4 75217.6 107464 155067 188302 184336 206810 249988 306251 313072 277357 271966 223720 244928 228393 266364 270536 251046 262050 275855 237019 252768 260981 8.60376e+06 5.2129e+06 3.43512e+06 366243 366243 366243 366243 366243 366243 366243 366243 366243 366243 366243 366243 366243 366243 366243 366243 366243 366243 366243 366243 366243 366243 366243 366243 366243 366243 366243 366243 366243 366243 366243 366243 366243 366243 366243 366243 366243 366243 366243 366243 366243 366243 366243 366243 366243 366243 366243 366243 366243 366243 366243 366243 366243 366243 366243 366243 366243 366243 366243 366243 366243 366243 366243 366243 366243 366243 366243 366243 366243 366243 366243 366243 366243 366243 366243 366243 366243 366243 366243 366243 366243 366243 366243 366243 366243 366243 366243 366243 366243 366243 366243 366243 366243 366243 366243 366243 366243 0 0 0 0 0 0 0 0 0 0 0 0 0 0 0 0 0 0 0 0 0 0 0 0 0
#obs survey bio
 36308.4 26408.8 9489.62 13235.3 30084.3 41934.8 65739.2 82103.7 100199 132836 184367 175990 256544 269104 229228 241384 233745 196934 222512 222682 284617 331583 194649 328145 218243 253737 195270 169622
#pred catch bio
 11580 17077.3 12048 5909.44 11880.2 20742.3 33114.2 49389 77095.2 110418 108712 121339 146112 190246 205991 184682 190329 151469 177131 159582 192132 202013 194620 205129 224218 190607 214184 224622 24593.2 79351.8 50021 28357.4 16283.8 10467.5 7903.5 6837.73 6412.44 6247.64 6185.14 6161.82 6153.22 6150.08 6148.94 6148.53 6148.38 6148.33 6148.31 6148.31 6148.3 6148.3 6148.3 6148.3 6148.3 6148.3 6148.3 6148.3 6148.3 6148.3 6148.3 6148.3 6148.3 6148.3 6148.3 6148.3 6148.3 6148.3 6148.3 6148.3 6148.3 6148.3 6148.3 6148.3 6148.3 6148.3 6148.3 6148.3 6148.3 6148.3 6148.3 6148.3 6148.3 6148.3 6148.3 6148.3 6148.3 6148.3 6148.3 6148.3 6148.3 6148.3 6148.3 6148.3 6148.3 6148.3 6148.3 6148.3 6148.3 6148.3 6148.3 6148.3 6148.3 6148.3 6148.3 6148.3 6148.3 6148.3 6148.3 6148.3 6148.3 6148.3 6148.3 6148.3 6148.3 6148.3 6148.3 6148.3 6148.3 6148.3 6148.3 6148.3 6148.3 6148.3 6148.3 6148.3 6148.3 6148.3 6148.3 6148.3 0 0 0 0 0 0 0 0 0 0 0 0 0 0 0 0 0 0 0 0 0 0 0 0 0
#obs catch bio
 16766.5 17746.6 15365.9 6397.58 12009.6 21237.5 33620.5 52224.3 86759.7 132403 114314 124081 152727 204250 220000 184825 192269 151410 184707 152737 179716 180082 195398 187770 230790 176820 202995 227826
#pred cpue bio
 39456.7 41242.7 26417.2 15815.4 26641.8 42124.7 61876.5 89663.8 127758 156767 151563 165721 197895 241454 247761 218697 210492 172935 185657 171222 198237 201255 185341 188831 197878 168909 179230 181579 5.96275e+06 5.16922e+06 3.46618e+06 2.1175e+06 1.30746e+06 876638 658872 549687 493869 464336 448103 438874 433491 430295 428376 427193 426489 426067 425815 425663 425571 425516 425483 425463 425451 425443 425439 425436 425435 425434 425433 425433 425432 425432 425432 425432 425432 425432 425432 425432 425432 425432 425432 425432 425432 425432 425432 425432 425432 425432 425432 425432 425432 425432 425432 425432 425432 425432 425432 425432 425432 425432 425432 425432 425432 425432 425432 425432 425432 425432 425432 425432 425432 425432 425432 425432 425432 425432 425432 425432 425432 425432 425432 425432 425432 425432 425432 425432 425432 425432 425432 425432 425432 425432 425432 425432 425432 425432 425432 425432 0 0 0 0 0 0 0 0 0 0 0 0 0 0 0 0 0 0 0 0 0 0 0 0 0
#obs cpue bio
 27001.5 29541.2 9188.01 15479.6 48154.6 46076.8 61688.4 81646.8 108615 108150 169040 186007 159724 206976 263849 272764 233589 180664 170146 204827 243186 252704 200758 215177 182990 181354 258941 222325
#pred surv len freq
 1.75653e-11 1.90655e-09 1.22019e-07 4.60461e-06 0.000102458 0.00134429 0.0104005 0.047463 0.12794 0.205172 0.202707 0.142475 0.0983227 0.0733633 0.0472597 0.0256093 0.0121646 0.00443827 0.00106372 0.000155555 1.35464e-05 6.97501e-07 2.11928e-08 3.79773e-10 4.01291e-12
 1.1729e-11 1.27307e-09 8.14763e-08 3.07466e-06 6.84154e-05 0.000897661 0.00694601 0.0317205 0.0858124 0.140099 0.150179 0.137192 0.137343 0.125736 0.0895146 0.0535736 0.0275535 0.0104273 0.00252955 0.000371228 3.23604e-05 1.6667e-06 5.06447e-08 9.07566e-10 9.58995e-12
 7.8147e-12 8.48211e-10 5.42854e-08 2.04857e-06 4.55835e-05 0.000598103 0.00462858 0.0211495 0.0573809 0.095021 0.108145 0.114939 0.135164 0.142689 0.127296 0.0999893 0.0611057 0.0247322 0.00612614 0.000904437 7.89729e-05 4.06934e-06 1.23668e-07 2.21624e-09 2.34185e-11
 1.78205e-11 1.93424e-09 1.23791e-07 4.67149e-06 0.000103946 0.00136381 0.0105511 0.0481415 0.12965 0.206951 0.199944 0.128798 0.0755443 0.0575664 0.0524315 0.0449482 0.0287606 0.0118241 0.00294235 0.000434961 3.79934e-05 1.95793e-06 5.95035e-08 1.06636e-09 1.12681e-11
 2.18509e-11 2.37171e-09 1.51789e-07 5.72804e-06 0.000127456 0.00167225 0.0129371 0.0590211 0.158853 0.252784 0.240465 0.144119 0.0662845 0.032736 0.0173597 0.00837885 0.00363912 0.00126933 0.0002995 4.35944e-05 3.79138e-06 1.95146e-07 5.92869e-09 1.06238e-10 1.12257e-12
 1.78937e-11 1.94219e-09 1.243e-07 4.6907e-06 0.000104374 0.00136943 0.0105951 0.0483515 0.130348 0.209134 0.207084 0.146679 0.102047 0.0742108 0.0429102 0.0182597 0.00644747 0.00195287 0.000435487 6.22792e-05 5.38898e-06 2.76982e-07 8.4116e-09 1.50714e-10 1.59247e-12
 1.96196e-11 2.12952e-09 1.36289e-07 5.14312e-06 0.00011444 0.00150149 0.0116164 0.0530024 0.142746 0.227898 0.220347 0.142001 0.081054 0.0526638 0.0335641 0.0192152 0.00964442 0.00361299 0.00087362 0.000128088 1.11626e-05 5.74878e-07 1.7468e-08 3.1303e-10 3.30768e-12
 1.93453e-11 2.09975e-09 1.34384e-07 5.07123e-06 0.000112841 0.00148051 0.0114542 0.0522645 0.140792 0.225045 0.218847 0.144417 0.0869234 0.0577117 0.0342053 0.0165912 0.00706015 0.00242969 0.000570423 8.29033e-05 7.20694e-06 3.70904e-07 1.1268e-08 2.01913e-10 2.13351e-12
 1.9497e-11 2.11621e-09 1.35437e-07 5.11098e-06 0.000113725 0.00149211 0.0115439 0.052673 0.14188 0.226683 0.219963 0.143868 0.0848708 0.055685 0.0334535 0.0168782 0.0075116 0.00265109 0.000628106 9.15382e-05 7.9638e-06 4.09945e-07 1.24548e-08 2.23184e-10 2.35828e-12
 1.90567e-11 2.06842e-09 1.32379e-07 4.99556e-06 0.000111157 0.00145842 0.0112833 0.051486 0.138709 0.221835 0.216289 0.144264 0.089017 0.0604068 0.0362405 0.0178143 0.00768694 0.00266641 0.00062781 9.13236e-05 7.9409e-06 4.08705e-07 1.24166e-08 2.22497e-10 2.35102e-12
 1.94395e-11 2.10997e-09 1.35038e-07 5.09591e-06 0.00011339 0.00148771 0.0115099 0.0525182 0.141468 0.226071 0.219586 0.144202 0.0858394 0.0565754 0.0336751 0.0165837 0.00718447 0.00249807 0.000588689 8.56555e-05 7.44861e-06 3.83376e-07 1.16472e-08 2.08709e-10 2.20533e-12
 2.02292e-11 2.19569e-09 1.40524e-07 5.30292e-06 0.000117996 0.00154815 0.0119773 0.054648 0.147165 0.234844 0.226542 0.144502 0.0799317 0.0490865 0.0281669 0.0134126 0.00561682 0.00191561 0.000448241 6.50803e-05 5.65593e-06 2.91058e-07 8.84208e-09 1.58442e-10 1.67417e-12
 2.04285e-11 2.21732e-09 1.41908e-07 5.35517e-06 0.000119159 0.0015634 0.0120953 0.0551858 0.148606 0.237091 0.228451 0.144998 0.0790769 0.0476042 0.0265647 0.0119915 0.00469979 0.00153771 0.000354141 5.11672e-05 4.44057e-06 2.28425e-07 6.9386e-09 1.2433e-10 1.31372e-12
 2.04442e-11 2.21903e-09 1.42017e-07 5.35929e-06 0.000119251 0.0015646 0.0121046 0.0552283 0.148721 0.237272 0.228619 0.145085 0.0790816 0.0475334 0.0264143 0.011809 0.0045683 0.0014817 0.000340063 4.90802e-05 4.25813e-06 2.19022e-07 6.65279e-09 1.19208e-10 1.25959e-12
 2.02557e-11 2.19856e-09 1.40708e-07 5.30987e-06 0.000118151 0.00155018 0.011993 0.0547201 0.147363 0.235198 0.227053 0.145275 0.0808885 0.0495755 0.0275971 0.0121789 0.00461745 0.00147678 0.00033702 4.85547e-05 4.21039e-06 2.16535e-07 6.577e-09 1.17848e-10 1.24522e-12
 2.03558e-11 2.20942e-09 1.41403e-07 5.3361e-06 0.000118735 0.00155783 0.0120522 0.0549899 0.148084 0.236305 0.227914 0.145257 0.0800553 0.0485723 0.0269274 0.0118599 0.00448832 0.00143376 0.000327043 4.71101e-05 4.08495e-06 2.10081e-07 6.38095e-09 1.14335e-10 1.2081e-12
 2.09559e-11 2.27456e-09 1.45572e-07 5.49342e-06 0.000122235 0.00160376 0.0124074 0.0566082 0.15241 0.242947 0.233084 0.145164 0.0750794 0.0425693 0.0229035 0.00992461 0.00369559 0.00116764 0.000265152 3.81409e-05 3.30588e-06 1.69996e-07 5.16324e-09 9.25152e-11 9.77544e-13
 2.0897e-11 2.26817e-09 1.45162e-07 5.47798e-06 0.000121892 0.00159925 0.0123726 0.0564496 0.15199 0.242329 0.232735 0.14561 0.0762295 0.0435828 0.0230781 0.00946898 0.00323118 0.000953632 0.000210228 2.99522e-05 2.58892e-06 1.33024e-07 4.03942e-09 7.23743e-11 7.64716e-13
 2.1503e-11 2.33394e-09 1.49372e-07 5.63683e-06 0.000125426 0.00164562 0.0127312 0.0580836 0.156355 0.249015 0.237853 0.145233 0.0707761 0.0372462 0.0191576 0.00793322 0.00278211 0.000840541 0.000187265 2.6773e-05 2.31645e-06 1.19058e-07 3.61562e-09 6.47824e-11 6.84503e-13
 2.17813e-11 2.36416e-09 1.51306e-07 5.7098e-06 0.00012705 0.00166692 0.012896 0.0588343 0.158364 0.252116 0.240347 0.145454 0.0688683 0.0347184 0.017158 0.00664529 0.0020866 0.000571929 0.000121679 1.71298e-05 1.4754e-06 7.57336e-08 2.2991e-09 4.11898e-11 4.35207e-13
 2.19714e-11 2.38478e-09 1.52626e-07 5.75961e-06 0.000128158 0.00168147 0.0130085 0.0593467 0.159733 0.254215 0.241967 0.145378 0.0672215 0.032772 0.0159076 0.00610198 0.00189393 0.000513504 0.000108645 1.52656e-05 1.31409e-06 6.74425e-08 2.04731e-09 3.66783e-11 3.87538e-13
 2.19653e-11 2.38412e-09 1.52584e-07 5.75803e-06 0.000128123 0.001681 0.0130049 0.0593305 0.159691 0.254156 0.241952 0.145481 0.0674263 0.0329316 0.0158966 0.00597058 0.00177519 0.000460061 9.50115e-05 1.32363e-05 1.13649e-06 5.82855e-08 1.76898e-09 3.16901e-11 3.34829e-13
 2.21781e-11 2.40722e-09 1.54062e-07 5.81382e-06 0.000129364 0.00169729 0.0131308 0.0599043 0.161224 0.256508 0.243765 0.145392 0.0655765 0.0307482 0.014498 0.0053675 0.00156394 0.000396632 8.09236e-05 1.12242e-05 9.62454e-07 4.93414e-08 1.49736e-09 2.68236e-11 2.83407e-13
 2.28412e-11 2.47919e-09 1.58668e-07 5.98763e-06 0.000133232 0.00174803 0.0135233 0.0616921 0.166001 0.263828 0.24939 0.145053 0.0597202 0.023886 0.0101717 0.00357938 0.000982071 0.000232806 4.56155e-05 6.23165e-06 5.31883e-07 2.72316e-08 8.26093e-10 1.4797e-11 1.56335e-13
 2.29459e-11 2.49056e-09 1.59396e-07 6.01509e-06 0.000133843 0.00175605 0.0135853 0.0619746 0.166757 0.264991 0.250309 0.14508 0.0589177 0.0228804 0.00944718 0.00317703 0.000789499 0.000162353 2.87154e-05 3.7596e-06 3.16591e-07 1.6146e-08 4.89268e-10 8.7611e-12 9.2556e-14
 2.31125e-11 2.50864e-09 1.60552e-07 6.05874e-06 0.000134814 0.00176879 0.0136838 0.0624236 0.167957 0.266829 0.251719 0.144988 0.0574359 0.02115 0.00836438 0.00273878 0.000652449 0.000125231 2.08694e-05 2.65762e-06 2.21742e-07 1.12783e-08 3.41502e-10 6.11383e-12 6.45853e-14
 2.32408e-11 2.52257e-09 1.61444e-07 6.09239e-06 0.000135563 0.00177861 0.0137598 0.0627697 0.168881 0.268245 0.2528 0.144899 0.0562678 0.0197995 0.00753819 0.00242603 0.000567883 0.000105951 1.71933e-05 2.1608e-06 1.7948e-07 9.11658e-09 2.75943e-10 4.93963e-12 5.21798e-14
 2.37096e-11 2.57344e-09 1.647e-07 6.21526e-06 0.000138297 0.00181448 0.0140372 0.0640335 0.172257 0.273412 0.256739 0.144555 0.0519697 0.014847 0.00453246 0.00131628 0.000286144 4.75329e-05 6.81277e-06 7.99084e-07 6.47397e-08 3.26384e-09 9.85803e-11 1.76362e-12 1.8627e-14
#obs surv len freq
 4.80219e-11 4.4505e-09 2.43201e-07 7.83628e-06 0.000148883 0.00166794 0.0110201 0.0429748 0.0993491 0.139291 0.131715 0.114972 0.116972 0.112121 0.0914298 0.0660701 0.0404852 0.020068 0.00813931 0.00270012 0.000706141 0.000139 1.97302e-05 1.94375e-06 1.28635e-07
 2.83837e-11 2.53709e-09 1.33719e-07 4.15562e-06 7.61515e-05 0.000822947 0.005248 0.0198161 0.0450977 0.0673253 0.0867785 0.126303 0.168216 0.167939 0.133002 0.0911725 0.0520976 0.0237452 0.00883384 0.00271679 0.000664935 0.000122509 1.61788e-05 1.47253e-06 8.95509e-08
 1.64574e-11 1.41638e-09 7.18761e-08 2.15071e-06 3.79478e-05 0.000394902 0.00242646 0.00885512 0.0197831 0.0309513 0.0476757 0.0839081 0.132446 0.173634 0.190157 0.158883 0.093711 0.0396807 0.0130329 0.00351097 0.000765188 0.000127878 1.54929e-05 1.29876e-06 7.26992e-08
 2.66368e-10 2.20367e-08 1.07497e-06 3.09196e-05 0.000524395 0.0052441 0.0309224 0.107517 0.220475 0.266871 0.191645 0.0842332 0.0278823 0.0151547 0.0156919 0.0148839 0.010543 0.00552063 0.00212465 0.000594013 0.000120776 1.7943e-05 1.92385e-06 1.4433e-07 7.31036e-09
 1.84567e-10 1.46555e-08 6.8617e-07 1.89432e-05 0.000308367 0.00296017 0.0167647 0.0561494 0.112614 0.143755 0.145828 0.160383 0.166467 0.119573 0.0535192 0.0155979 0.00391993 0.00136056 0.000554221 0.000179032 4.02922e-05 6.13073e-06 6.25604e-07 4.26375e-08 1.92644e-09
 4.30958e-10 3.2797e-08 1.47171e-06 3.89399e-05 0.000607514 0.00558877 0.0303192 0.0970496 0.183815 0.209086 0.153617 0.0950048 0.0716247 0.0609487 0.0472215 0.0289615 0.0122178 0.00326746 0.000553456 6.71005e-05 7.77135e-06 9.52538e-07 9.53159e-08 6.46502e-09 2.8122e-10
 5.42476e-10 3.95135e-08 1.69706e-06 4.2977e-05 0.000641753 0.00565085 0.029349 0.0900377 0.164378 0.185387 0.150968 0.124147 0.108565 0.0757951 0.039224 0.0168699 0.00641106 0.0019887 0.000458843 7.40687e-05 8.05741e-06 5.95031e-07 3.2223e-08 1.41419e-09 4.97765e-11
 7.69345e-10 5.35669e-08 2.19917e-06 5.32367e-05 0.000759897 0.00639613 0.0317566 0.0931571 0.162836 0.176928 0.141925 0.118587 0.106334 0.079439 0.0474637 0.0231926 0.00854656 0.00218044 0.000385714 5.08772e-05 5.29592e-06 4.19322e-07 2.32471e-08 8.55497e-10 2.0722e-11
 1.07006e-09 7.11335e-08 2.78823e-06 6.44424e-05 0.000878233 0.00705797 0.0334635 0.0938148 0.157351 0.167138 0.138938 0.125471 0.114162 0.0824148 0.0470293 0.0220142 0.00785303 0.00196257 0.000339058 4.17879e-05 3.77188e-06 2.49604e-07 1.19648e-08 4.07192e-10 9.52027e-12
 1.29086e-09 8.18373e-08 3.05922e-06 6.7431e-05 0.000876417 0.00671785 0.030392 0.0814834 0.132172 0.142566 0.135754 0.144144 0.137027 0.0980645 0.0551131 0.0249941 0.00838557 0.00191264 0.00029334 3.15942e-05 2.50822e-06 1.4792e-07 6.28971e-09 1.86303e-10 3.75253e-12
 2.59561e-09 1.56769e-07 5.58298e-06 0.000117236 0.00145162 0.0105993 0.0456597 0.116313 0.177313 0.171345 0.130033 0.108701 0.0951794 0.0706973 0.0432586 0.0206596 0.00690382 0.00151835 0.00022092 2.22007e-05 1.60517e-06 8.41268e-08 3.13471e-09 8.12052e-11 1.43574e-12
 3.65626e-09 2.10174e-07 7.12378e-06 0.000142374 0.00167785 0.0116611 0.0478312 0.116231 0.170564 0.164996 0.137817 0.127352 0.106318 0.0662988 0.0319742 0.0125157 0.00372031 0.000772184 0.000109871 1.09884e-05 7.86747e-07 3.98657e-08 1.39439e-09 3.30274e-11 5.23291e-13
 5.39458e-09 2.94868e-07 9.50353e-06 0.000180606 0.00202388 0.0133757 0.052181 0.120706 0.169335 0.159319 0.134161 0.125459 0.104611 0.0667515 0.0337823 0.0134696 0.00382616 0.000714963 8.67499e-05 7.10403e-06 4.16936e-07 1.81655e-08 5.78333e-10 1.28901e-11 1.93453e-13
 7.51092e-09 3.90052e-07 1.19437e-05 0.00021565 0.002296 0.0144183 0.0534713 0.117858 0.159303 0.150665 0.13672 0.134351 0.110636 0.0687436 0.0339104 0.0130917 0.00357951 0.000645926 7.63805e-05 6.10977e-06 3.42288e-07 1.35449e-08 3.72865e-10 7.02331e-12 8.97307e-14
 1.02042e-08 5.03075e-07 1.46244e-05 0.000250678 0.00253384 0.0151086 0.0532402 0.111892 0.146553 0.14195 0.140599 0.144032 0.117748 0.0727234 0.0357372 0.0134552 0.00350044 0.000591433 6.47838e-05 4.77077e-06 2.46647e-07 9.10135e-09 2.35585e-10 4.15637e-12 4.88526e-14
 1.7708e-08 8.28232e-07 2.28414e-05 0.00037144 0.00356184 0.0201472 0.0673287 0.133991 0.16499 0.146622 0.130237 0.124006 0.0993143 0.0625725 0.0315135 0.0118012 0.00297887 0.000485436 5.15899e-05 3.71189e-06 1.86799e-07 6.59558e-09 1.60098e-10 2.61445e-12 2.83287e-14
 2.37977e-08 1.05532e-06 2.75946e-05 0.000425462 0.0038685 0.0207537 0.0658679 0.125307 0.151845 0.144869 0.146646 0.142967 0.105249 0.0573082 0.0246069 0.00810086 0.00185185 0.000276118 2.67706e-05 1.7474e-06 7.99897e-08 2.60494e-09 5.9279e-11 9.16067e-13 9.39226e-15
 3.84636e-08 1.61639e-06 4.00525e-05 0.000585209 0.00504238 0.0256343 0.0770856 0.138843 0.15874 0.14156 0.134236 0.127049 0.0961501 0.0570328 0.0266593 0.00901384 0.00201212 0.000286095 2.62109e-05 1.60712e-06 6.84952e-08 2.05259e-09 4.25567e-11 5.96588e-13 5.56045e-15
 5.72447e-08 2.27874e-06 5.34865e-05 0.000740279 0.00604233 0.0291042 0.0829968 0.142366 0.157785 0.142641 0.138905 0.127986 0.0909303 0.0499844 0.0217518 0.00696568 0.00150827 0.000214712 2.04357e-05 1.33549e-06 6.02992e-08 1.84796e-09 3.75809e-11 5.003e-13 4.33575e-15
 9.06263e-08 3.41616e-06 7.59296e-05 0.000995146 0.00769177 0.0350858 0.0947756 0.154156 0.162658 0.141249 0.132603 0.117864 0.0819124 0.0446293 0.0190595 0.00586083 0.00120227 0.000161709 1.46336e-05 9.2267e-07 4.10042e-08 1.26106e-09 2.60794e-11 3.54167e-13 3.10444e-15
 1.21774e-07 4.34572e-06 9.1445e-05 0.00113467 0.00830395 0.0358818 0.0920292 0.143658 0.151688 0.143299 0.145447 0.127927 0.0842791 0.0430013 0.0171841 0.00496873 0.000965543 0.000124113 1.08154e-05 6.57694e-07 2.80435e-08 8.22769e-10 1.62251e-11 2.11265e-13 1.79117e-15
 1.84322e-07 6.22649e-06 0.000124023 0.00145671 0.0100918 0.0412876 0.100345 0.148982 0.151617 0.141113 0.140911 0.121432 0.0798575 0.0411487 0.016239 0.004478 0.000808238 9.46325e-05 7.40738e-06 4.03666e-07 1.56115e-08 4.22931e-10 7.80519e-12 9.56854e-14 7.64547e-16
 2.65448e-07 8.48741e-06 0.000160017 0.00177901 0.011667 0.0452063 0.104286 0.148413 0.149701 0.144362 0.1453 0.120399 0.0748448 0.0362746 0.0134465 0.00348804 0.000594407 6.59916e-05 4.90288e-06 2.51683e-07 9.02061e-09 2.22598e-10 3.70329e-12 4.08752e-14 2.95756e-16
 4.11816e-07 1.24632e-05 0.000222408 0.00234045 0.0145288 0.0532949 0.116472 0.157458 0.152133 0.14182 0.137549 0.11018 0.0671521 0.0320175 0.0114844 0.00283076 0.000453937 4.72427e-05 3.2867e-06 1.58012e-07 5.30538e-09 1.22506e-10 1.8997e-12 1.94093e-14 1.28875e-16
 5.53663e-07 1.58608e-05 0.000267921 0.00266891 0.0156869 0.0545385 0.113496 0.149032 0.148356 0.149669 0.147799 0.113284 0.0645376 0.0285624 0.00952707 0.00219436 0.000330301 3.23864e-05 2.12698e-06 9.63931e-08 3.03632e-09 6.54121e-11 9.42541e-13 8.92875e-15 5.491e-17
 8.21532e-07 2.22792e-05 0.000356267 0.00335975 0.0186962 0.0615666 0.121575 0.152592 0.147991 0.147224 0.141839 0.106578 0.0606089 0.0267478 0.00866593 0.00188767 0.000263898 2.37021e-05 1.41003e-06 5.76183e-08 1.64429e-09 3.24045e-11 4.3056e-13 3.77511e-15 2.1495e-17
 1.23323e-06 3.1664e-05 0.00047939 0.00428033 0.0225537 0.0703517 0.131816 0.158 0.14864 0.144441 0.134471 0.0978184 0.0544183 0.0234988 0.00739457 0.00156661 0.000216293 1.96504e-05 1.20431e-06 5.04414e-08 1.43076e-09 2.69518e-11 3.32059e-13 2.65526e-15 1.37157e-17
 1.42979e-06 3.47614e-05 0.000498357 0.00421419 0.0210452 0.0624224 0.112861 0.13796 0.148051 0.164887 0.155875 0.10738 0.0551654 0.0218617 0.00633222 0.00123791 0.000157595 1.31951e-05 7.49782e-07 2.95923e-08 8.08341e-10 1.49311e-11 1.81824e-13 1.43153e-15 7.18356e-18
#pred catch len freq
 1.51297e-11 1.64218e-09 1.05099e-07 3.96612e-06 8.82512e-05 0.0011579 0.00895874 0.04089 0.110315 0.177657 0.179065 0.135356 0.106042 0.08547 0.0568426 0.0330309 0.0198671 0.0127207 0.00861359 0.00620996 0.00482663 0.004144 0.00376867 0.00308086 0.00189114
 9.514e-12 1.03265e-09 6.60897e-08 2.49402e-06 5.54956e-05 0.000728154 0.00563481 0.0257426 0.0697775 0.115023 0.128429 0.13002 0.143247 0.135836 0.0982393 0.0615066 0.0366927 0.0202328 0.0108172 0.00616844 0.00391254 0.00282375 0.00227232 0.00176109 0.00107537
 5.76161e-12 6.25367e-10 4.00234e-08 1.51036e-06 3.36079e-05 0.00044098 0.00341301 0.0156038 0.0424533 0.0712535 0.0854723 0.101159 0.128466 0.139165 0.126992 0.106957 0.078728 0.0481607 0.0256007 0.0124675 0.00601242 0.00324877 0.00209458 0.00143819 0.000837815
 1.41589e-11 1.53681e-09 9.83556e-08 3.71163e-06 8.25883e-05 0.00108359 0.00838337 0.0382541 0.103069 0.164899 0.161124 0.108852 0.0717627 0.0608248 0.0598733 0.0605957 0.0561332 0.0449894 0.0301699 0.0164918 0.00756141 0.00319898 0.00146443 0.000780598 0.000403589
 2.04976e-11 2.22482e-09 1.42388e-07 5.37328e-06 0.000119562 0.00156868 0.012136 0.0553686 0.149056 0.237464 0.227175 0.139725 0.0698082 0.0386088 0.0220956 0.0126374 0.00926376 0.00830034 0.00704192 0.00495268 0.00275413 0.00121485 0.000459988 0.000174665 6.99064e-05
 1.63558e-11 1.77526e-09 1.13617e-07 4.28753e-06 9.5403e-05 0.00125173 0.00968474 0.0442035 0.119252 0.19203 0.193448 0.145816 0.112902 0.0875065 0.0516127 0.0224588 0.00885584 0.00405986 0.00251246 0.00188904 0.00130022 0.000702528 0.000289652 9.64126e-05 2.89186e-05
 1.84443e-11 2.00196e-09 1.28125e-07 4.83503e-06 0.000107585 0.00141156 0.0109208 0.0498322 0.134262 0.214785 0.209722 0.140787 0.0885628 0.0625343 0.0410637 0.0240033 0.0127497 0.00558987 0.00203872 0.000793217 0.000416671 0.000242954 0.000117894 4.28932e-05 1.18697e-05
 1.80887e-11 1.96336e-09 1.25655e-07 4.74182e-06 0.000105511 0.00138435 0.0107104 0.048875 0.131722 0.211037 0.207549 0.143276 0.0951242 0.0681293 0.04159 0.0210771 0.0104685 0.00522809 0.00236662 0.000895416 0.000291458 0.000101886 4.26326e-05 1.66175e-05 4.92077e-06
 1.8374e-11 1.99432e-09 1.27636e-07 4.81658e-06 0.000107175 0.00140617 0.0108792 0.049644 0.133775 0.214173 0.209907 0.142972 0.092423 0.0652742 0.0402957 0.0209263 0.0102696 0.00473472 0.0020075 0.000799994 0.000284288 8.50676e-05 2.30676e-05 6.57477e-06 1.83003e-06
 1.80171e-11 1.95559e-09 1.25157e-07 4.72305e-06 0.000105094 0.00137887 0.010668 0.0486821 0.131207 0.210253 0.206974 0.143411 0.0959581 0.0691956 0.0424616 0.0215079 0.0103285 0.00475266 0.00199267 0.000757594 0.000259071 7.81849e-05 2.00981e-05 4.39977e-06 8.82615e-07
 1.84757e-11 2.00536e-09 1.28343e-07 4.84326e-06 0.000107769 0.00141396 0.0109394 0.0499188 0.134513 0.215338 0.210969 0.143466 0.0923678 0.0648215 0.0395042 0.0200058 0.00955885 0.00432556 0.00177444 0.00066347 0.00022215 6.47775e-05 1.61121e-05 3.335e-06 5.66201e-07
 1.94013e-11 2.10583e-09 1.34773e-07 5.0859e-06 0.000113167 0.00148479 0.0114873 0.0524152 0.141192 0.225634 0.219187 0.143999 0.0857465 0.0563462 0.0332134 0.0162615 0.00750483 0.00333313 0.00135388 0.000498922 0.000163672 4.66578e-05 1.12917e-05 2.25346e-06 3.6063e-07
 1.96558e-11 2.13345e-09 1.36541e-07 5.15262e-06 0.000114652 0.00150427 0.0116379 0.053102 0.143034 0.228512 0.221667 0.144757 0.0848713 0.0546952 0.0313481 0.0144856 0.00617626 0.00257472 0.00100044 0.00035775 0.000115151 3.2251e-05 7.63741e-06 1.48455e-06 2.29642e-07
 1.97472e-11 2.14337e-09 1.37175e-07 5.17656e-06 0.000115185 0.00151126 0.011692 0.0533485 0.143694 0.229538 0.222527 0.144945 0.0844373 0.0540497 0.0307779 0.0140259 0.00580707 0.00230327 0.000833017 0.000276086 8.38385e-05 2.26009e-05 5.21666e-06 9.91951e-07 1.49739e-07
 1.95977e-11 2.12714e-09 1.36137e-07 5.13738e-06 0.000114313 0.00149982 0.0116036 0.0529456 0.142619 0.2279 0.221315 0.145176 0.0859957 0.0557665 0.0317166 0.0142423 0.0057544 0.00222704 0.00078142 0.000246481 6.97667e-05 1.74207e-05 3.7739e-06 6.87015e-07 1.00645e-07
 1.97289e-11 2.14138e-09 1.37048e-07 5.17176e-06 0.000115078 0.00150986 0.0116812 0.0532993 0.143564 0.229353 0.222453 0.14518 0.0849494 0.0544978 0.030865 0.0138207 0.00555169 0.00212264 0.00072938 0.000223573 6.09738e-05 1.44333e-05 2.91334e-06 4.92277e-07 6.77566e-08
 2.0469e-11 2.22171e-09 1.42189e-07 5.36578e-06 0.000119395 0.0015665 0.0121192 0.0552951 0.148899 0.237549 0.228845 0.145112 0.0788921 0.0471771 0.0259533 0.0114326 0.00451362 0.00170378 0.000580299 0.000175722 4.6952e-05 1.07786e-05 2.0843e-06 3.32391e-07 4.26724e-08
 2.03768e-11 2.2117e-09 1.41549e-07 5.3416e-06 0.000118857 0.00155944 0.0120647 0.0550468 0.14824 0.23657 0.228253 0.145683 0.0805083 0.0486751 0.0263605 0.0109695 0.00394021 0.00137629 0.000450361 0.00013348 3.51508e-05 7.94775e-06 1.5028e-06 2.3178e-07 2.84099e-08
 2.11345e-11 2.29395e-09 1.46812e-07 5.54023e-06 0.000123277 0.00161742 0.0125131 0.0570899 0.153699 0.244935 0.234675 0.145279 0.0737992 0.0408528 0.021496 0.00901427 0.00329147 0.00113422 0.000348861 9.50297e-05 2.34479e-05 5.11223e-06 9.46031e-07 1.43102e-07 1.7104e-08
 2.14221e-11 2.32516e-09 1.4881e-07 5.61562e-06 0.000124954 0.00163943 0.0126834 0.0578656 0.155775 0.248144 0.237276 0.145576 0.071936 0.0383286 0.0194388 0.00762241 0.00248745 0.000781953 0.000233075 6.25525e-05 1.47753e-05 2.9974e-06 5.17328e-07 7.46301e-08 8.66177e-09
 2.16677e-11 2.35182e-09 1.50516e-07 5.68e-06 0.000126387 0.00165823 0.0128287 0.0585278 0.157545 0.25086 0.239379 0.145501 0.0698481 0.0358545 0.0178472 0.00691712 0.00220535 0.000659573 0.000180752 4.38703e-05 9.62878e-06 1.87334e-06 3.09134e-07 4.18826e-08 4.55436e-09
 2.16921e-11 2.35447e-09 1.50686e-07 5.6864e-06 0.000126529 0.00166009 0.0128432 0.0585937 0.157722 0.251138 0.239629 0.145608 0.0698144 0.0357234 0.0176395 0.00668592 0.00203599 0.000578117 0.00015232 3.53096e-05 7.2035e-06 1.27706e-06 1.93521e-07 2.46171e-08 2.53607e-09
 2.19616e-11 2.38372e-09 1.52558e-07 5.75706e-06 0.000128101 0.00168072 0.0130027 0.0593205 0.159664 0.254117 0.241926 0.145499 0.0674795 0.0329689 0.0158794 0.00592768 0.00176194 0.000483088 0.000122113 2.69126e-05 5.20469e-06 8.72981e-07 1.2329e-07 1.43799e-08 1.35914e-09
 2.26989e-11 2.46375e-09 1.5768e-07 5.95034e-06 0.000132402 0.00173714 0.0134391 0.0613086 0.164977 0.262258 0.248187 0.145134 0.0609871 0.0253577 0.0110788 0.00393609 0.00109854 0.00027921 6.67993e-05 1.41304e-05 2.61568e-06 4.17099e-07 5.56699e-08 6.10211e-09 5.36932e-10
 2.28367e-11 2.4787e-09 1.58637e-07 5.98645e-06 0.000133206 0.00174768 0.0135206 0.06168 0.16597 0.263786 0.249388 0.145154 0.0599096 0.0240251 0.010143 0.00343777 0.000863548 0.000186667 3.8858e-05 7.44761e-06 1.2744e-06 1.91307e-07 2.42677e-08 2.52456e-09 2.09741e-10
 2.30119e-11 2.49772e-09 1.59854e-07 6.03238e-06 0.000134228 0.00176109 0.0136243 0.0621525 0.167232 0.265721 0.250874 0.145062 0.0583577 0.0222108 0.00900567 0.0029737 0.000713181 0.000140966 2.60954e-05 4.35062e-06 6.34284e-07 8.25746e-08 9.42434e-09 9.0684e-10 7.08356e-11
 2.31758e-11 2.51551e-09 1.60992e-07 6.07534e-06 0.000135183 0.00177363 0.0137213 0.0625944 0.168413 0.267528 0.252254 0.144948 0.0568651 0.0204864 0.00795278 0.00257708 0.000606334 0.000115686 2.03916e-05 3.18412e-06 4.19908e-07 4.76955e-08 4.64878e-09 3.82187e-10 2.61752e-11
 2.36784e-11 2.57006e-09 1.64484e-07 6.2071e-06 0.000138115 0.0018121 0.0140188 0.0639495 0.172033 0.273069 0.256478 0.14458 0.0522578 0.0151775 0.00473077 0.00138705 0.000302941 5.11745e-05 7.8709e-06 1.12565e-06 1.39984e-07 1.49246e-08 1.3347e-09 9.73069e-11 5.73708e-12
#obs catch len freq
 4.66754e-11 4.32571e-09 2.36382e-07 7.61655e-06 0.000144708 0.00162117 0.0107112 0.0417726 0.0965979 0.135637 0.129105 0.114554 0.118233 0.114056 0.0935183 0.0680888 0.0421488 0.0211726 0.00871953 0.00294196 0.000785595 0.000158631 2.31403e-05 2.33843e-06 1.58108e-07
 6.63464e-11 5.93042e-09 3.12564e-07 9.71363e-06 0.000177997 0.00192331 0.0122565 0.0461075 0.102901 0.139801 0.13009 0.114985 0.117811 0.111653 0.0900637 0.0642626 0.0386348 0.0187528 0.00743545 0.00239779 0.000604916 0.000113977 1.53732e-05 1.42991e-06 8.88661e-08
 4.03108e-11 3.46928e-09 1.76054e-07 5.26794e-06 9.29471e-05 0.000967143 0.00593906 0.0216061 0.0475002 0.0692807 0.0894285 0.130273 0.170011 0.166018 0.12961 0.0875241 0.0489552 0.0218138 0.00793127 0.0023712 0.000559437 9.85334e-05 1.23494e-05 1.06018e-06 6.05077e-08
 2.39257e-11 1.97937e-09 9.65561e-08 2.7773e-06 4.71061e-05 0.000471241 0.00278397 0.00977702 0.0211102 0.0324421 0.0502353 0.0879977 0.13666 0.176567 0.189428 0.153526 0.0876109 0.0360316 0.0115368 0.00302207 0.000635459 0.000101554 1.16731e-05 9.22424e-07 4.84272e-08
 3.83694e-10 3.0467e-08 1.42647e-06 3.93804e-05 0.00064104 0.00615288 0.0348226 0.116212 0.22873 0.265773 0.183336 0.0777591 0.0255937 0.0146479 0.0152347 0.0140723 0.00966721 0.00489913 0.00181846 0.000488864 9.53161e-05 1.35211e-05 1.37581e-06 9.73316e-08 4.62382e-09
 2.74832e-10 2.09154e-08 9.38542e-07 2.4833e-05 0.000387437 0.0035646 0.0193498 0.0621364 0.119667 0.147677 0.147432 0.160418 0.161452 0.111272 0.0477876 0.0135201 0.00342501 0.00121433 0.000484008 0.000149755 3.20638e-05 4.62414e-06 4.45766e-07 2.85975e-08 1.21154e-09
 6.39488e-10 4.65797e-08 2.00055e-06 5.06626e-05 0.000756511 0.00666103 0.0345872 0.105973 0.192194 0.209708 0.148983 0.0910662 0.0686485 0.0577935 0.0438821 0.02602 0.010503 0.00267899 0.00043469 5.13288e-05 5.88127e-06 6.98838e-07 6.6218e-08 4.21569e-09 1.71514e-10
 8.17504e-10 5.69201e-08 2.33684e-06 5.65691e-05 0.000807464 0.00679648 0.0337437 0.0989763 0.172917 0.187381 0.148636 0.120723 0.102957 0.069509 0.0350583 0.0148314 0.00551746 0.00165734 0.000367321 5.66304e-05 5.86694e-06 4.13197e-07 2.14118e-08 8.96496e-10 2.97704e-11
 1.17543e-09 7.81381e-08 3.06279e-06 7.0788e-05 0.000964708 0.00775271 0.036752 0.102956 0.172009 0.179348 0.139841 0.114922 0.100408 0.0729133 0.0425689 0.0202265 0.00717133 0.00175326 0.000298189 3.79807e-05 3.80594e-06 2.87412e-07 1.50815e-08 5.23265e-10 1.19266e-11
 1.6614e-09 1.05329e-07 3.93736e-06 8.67865e-05 0.00112797 0.00864519 0.0390924 0.104546 0.167431 0.170523 0.137475 0.121092 0.106591 0.0745916 0.0415518 0.0189095 0.00649025 0.00155328 0.000257138 3.0398e-05 2.62761e-06 1.65936e-07 7.5586e-09 2.4324e-10 5.35067e-12
 2.04211e-09 1.23339e-07 4.39245e-06 9.22369e-05 0.00114211 0.00834031 0.0359499 0.0918628 0.14224 0.147348 0.136282 0.140323 0.128491 0.0890577 0.0487897 0.0214379 0.00689401 0.00150051 0.000219925 2.27036e-05 1.72731e-06 9.72006e-08 3.92212e-09 1.09735e-10 2.07996e-12
 4.07467e-09 2.34226e-07 7.93899e-06 0.000158666 0.00186982 0.0129943 0.053278 0.129198 0.187634 0.173296 0.126822 0.10286 0.0872218 0.0630414 0.0375369 0.0172554 0.00549945 0.00115092 0.000159673 1.53395e-05 1.05998e-06 5.29101e-08 1.86965e-09 4.57525e-11 7.61377e-13
 5.80124e-09 3.17096e-07 1.02199e-05 0.000194221 0.00217643 0.0143835 0.0561035 0.129674 0.181184 0.167524 0.134715 0.119741 0.0958054 0.0576214 0.0270254 0.0102521 0.00292305 0.000578992 7.86435e-05 7.51397e-06 5.12884e-07 2.46747e-08 8.16251e-10 1.82285e-11 2.71542e-13
 8.62192e-09 4.47748e-07 1.37104e-05 0.000247548 0.00263556 0.0165489 0.0613413 0.134852 0.179972 0.161665 0.130742 0.117308 0.0938351 0.0579056 0.0284608 0.0109252 0.00295627 0.000524067 6.04023e-05 4.71651e-06 2.6459e-07 1.09945e-08 3.31978e-10 6.97913e-12 9.83852e-14
 1.21793e-08 6.00454e-07 1.74552e-05 0.000299199 0.0030242 0.0180295 0.0634813 0.132871 0.170687 0.153788 0.133244 0.124885 0.0984658 0.0591467 0.028302 0.0105013 0.00273248 0.000467678 5.25172e-05 3.99811e-06 2.13182e-07 8.00696e-09 2.0847e-10 3.70314e-12 4.45003e-14
 1.67499e-08 7.83423e-07 2.16057e-05 0.000351346 0.00336921 0.0190593 0.063721 0.127088 0.158095 0.145698 0.137376 0.133959 0.104902 0.0626714 0.0298118 0.01075 0.00265434 0.000424547 4.40954e-05 3.08807e-06 1.51965e-07 5.32383e-09 1.30273e-10 2.16438e-12 2.38839e-14
 2.90601e-08 1.28869e-06 3.36965e-05 0.000519537 0.00472355 0.0253325 0.0802658 0.151445 0.176727 0.148514 0.124361 0.112191 0.086148 0.0525387 0.0255283 0.00911911 0.00218021 0.00033614 3.38707e-05 2.31592e-06 1.10722e-07 3.70253e-09 8.47994e-11 1.3027e-12 1.32459e-14
 3.93648e-08 1.65426e-06 4.09909e-05 0.000598923 0.00516058 0.0262362 0.0789104 0.142259 0.163285 0.147193 0.140394 0.12948 0.0910033 0.0478016 0.0198289 0.00624421 0.00135323 0.000190774 1.7516e-05 1.08577e-06 4.72369e-08 1.45818e-09 3.1322e-11 4.55163e-13 4.37525e-15
 6.32917e-08 2.51945e-06 5.91364e-05 0.000818468 0.00668022 0.0321695 0.0916345 0.156325 0.16914 0.142275 0.126965 0.113929 0.0827427 0.047446 0.0213114 0.00684695 0.00144351 0.000193709 1.67868e-05 9.76223e-07 3.94816e-08 1.1199e-09 2.18961e-11 2.88533e-13 2.52132e-15
 9.43314e-08 3.55582e-06 7.90338e-05 0.00103583 0.00800608 0.036517 0.0986065 0.160114 0.167699 0.142503 0.13013 0.113452 0.0772276 0.0410078 0.0171599 0.00522952 0.00107174 0.000144387 1.30276e-05 8.07189e-07 3.44657e-08 9.95275e-10 1.90172e-11 2.37402e-13 1.92606e-15
 1.48754e-07 5.30852e-06 0.000111704 0.00138601 0.0101421 0.0437975 0.111992 0.172336 0.171544 0.13941 0.12219 0.102685 0.0684309 0.035984 0.0147341 0.00430143 0.000834194 0.000106161 9.11226e-06 5.45325e-07 2.29425e-08 6.65173e-10 1.29196e-11 1.64305e-13 1.3456e-15
 2.03627e-07 6.8786e-06 0.000137012 0.00160925 0.0111479 0.0455946 0.110652 0.163176 0.161658 0.141328 0.13299 0.110366 0.0696257 0.0342455 0.0131139 0.00359981 0.000661503 8.04749e-05 6.65033e-06 3.83481e-07 1.54604e-08 4.27249e-10 7.91032e-12 9.64485e-14 7.63912e-16
 3.09138e-07 9.88433e-06 0.000186352 0.00207174 0.0135848 0.0525993 0.120925 0.169401 0.161037 0.137512 0.126656 0.103002 0.0649368 0.0321914 0.012122 0.0031624 0.000538428 5.95496e-05 4.41569e-06 2.28249e-07 8.35598e-09 2.13415e-10 3.69854e-12 4.24434e-14 3.16647e-16
 4.47142e-07 1.35323e-05 0.000241486 0.00254117 0.0157735 0.0578382 0.126166 0.169134 0.158474 0.139188 0.128999 0.100853 0.0600549 0.0279741 0.00988796 0.0024261 0.000390009 4.08943e-05 2.87574e-06 1.39777e-07 4.73254e-09 1.09938e-10 1.71652e-12 1.77365e-14 1.19865e-16
 6.91091e-07 1.97977e-05 0.000334418 0.0033311 0.0195726 0.0679429 0.140365 0.178488 0.159375 0.134157 0.119254 0.0900881 0.0525899 0.024049 0.00820378 0.00190955 0.000288623 2.83552e-05 1.86637e-06 8.49224e-08 2.69217e-09 5.84816e-11 8.5038e-13 8.12616e-15 5.03554e-17
 9.44493e-07 2.56137e-05 0.000409585 0.0038624 0.0214887 0.0706912 0.138938 0.170881 0.155351 0.140144 0.12688 0.0917269 0.0499917 0.0211977 0.00672169 0.00146191 0.00020741 1.91953e-05 1.19217e-06 5.10924e-08 1.51808e-09 3.07421e-11 4.15138e-13 3.67662e-15 2.10938e-17
 1.38281e-06 3.55043e-05 0.000537527 0.00479919 0.0252823 0.0787831 0.146926 0.17266 0.15291 0.136535 0.121185 0.0861497 0.0469046 0.0197884 0.00607712 0.00124747 0.000164141 1.38975e-05 7.81176e-07 3.01839e-08 8.12895e-10 1.50653e-11 1.87613e-13 1.53758e-15 8.16481e-18
 2.08473e-06 5.06839e-05 0.000726594 0.00614281 0.0306439 0.0904441 0.159896 0.178691 0.151677 0.130449 0.111239 0.076464 0.0406788 0.0167602 0.00499443 0.000997748 0.000129866 1.11385e-05 6.44783e-07 2.54654e-08 6.79058e-10 1.1992e-11 1.38228e-13 1.03239e-15 4.97265e-18
#spawning biomass
 38588.7 40774.1 26276.2 15555.5 25558.7 40914.7 59728.8 86619.5 123318 151587 146302 159329 189984 231739 237997 209963 201414 165483 177023 162930 188388 191249 175865 178296 186667 159123 168666 170180 159533 237468 149528 84489.6 48242.2 30780.5 23083 19883.3 18606.5 18111.7 17924.1 17854.1 17828.3 17818.8 17815.4 17814.2 17813.7 17813.6 17813.5 17813.5 17813.5 17813.5 17813.5 17813.5 17813.5 17813.5 17813.5 17813.5 17813.5 17813.5 17813.5 17813.5 17813.5 17813.5 17813.5 17813.5 17813.5 17813.5 17813.5 17813.5 17813.5 17813.5 17813.5 17813.5 17813.5 17813.5 17813.5 17813.5 17813.5 17813.5 17813.5 17813.5 17813.5 17813.5 17813.5 17813.5 17813.5 17813.5 17813.5 17813.5 17813.5 17813.5 17813.5 17813.5 17813.5 17813.5 17813.5 17813.5 17813.5 17813.5 17813.5 17813.5 17813.5 17813.5 17813.5 17813.5 17813.5 17813.5 17813.5 17813.5 17813.5 17813.5 17813.5 17813.5 17813.5 17813.5 17813.5 17813.5 17813.5 17813.5 17813.5 17813.5 17813.5 17813.5 17813.5 17813.5 17813.5 17813.5 17813.5 17813.5 0 0 0 0 0 0 0 0 0 0 0 0 0 0 0 0 0 0 0 0 0 0 0 0 0
