SBPRF35
0.175648
Curr Bio
67257.6
B35
202322
F35
0.688764
FOFL
0.21892
OFL
7196.24
Bzero
50185.1
#pred survey bio
 10669 7953.29 5530.41 6453.79 9656.87 13691 21191.8 28720 39339.8 47199.3 57252.7 72864 107063 124101 124181 110035 107913 114172 112291 108022 102501 110754 110529 120775 120084 127219 128982 120983 92658.2 3.38052e+06 2.5476e+06 1.66963e+06 1.06216e+06 746669 596942 526848 492899 475474 465981 460560 457368 455455 454298 453596 453159 452899 452744 452651 452595 452562 452542 452529 452522 452518 452515 452514 452513 452512 452512 452512 452511 452511 452511 452511 452511 452511 452511 452511 452511 452511 452511 452511 452511 452511 452511 452511 452511 452511 452511 452511 452511 452511 452511 452511 452511 452511 452511 452511 452511 452511 452511 452511 452511 452511 452511 452511 452511 452511 452511 452511 452511 452511 452511 452511 452511 452511 452511 452511 452511 452511 452511 452511 452511 452511 452511 452511 452511 452511 452511 452511 452511 452511 452511 452511 452511 452511 452511 452511 452511 0 0 0 0 0 0 0 0 0 0 0 0 0 0 0 0 0 0 0 0 0 0 0 0 0
#obs survey bio
 9232.9 5517.2 3078.24 5836.43 8800.46 11556 15529.6 22390.8 61189.7 50819.2 63341.6 51864.8 88813.1 107669 105904 90373.4 85714.3 128079 79716.6 92792.4 84769.8 109198 104678 107914 169134 118513 93695.9 93104.9 58608.8
#pred catch bio
 5155.23 4542.72 3236.35 3197.27 5327.95 7086.61 12523.7 17693.3 25890.3 32623.1 40164.4 49545.8 78489.6 95079.1 100129 91246.2 91465.2 96593.9 99960.3 94930.5 90467.1 101044 99931.3 113307 108150 118178 125058 120510 87121.6 7196.24 45509.8 27429.3 15568.5 10028.7 7773.19 6929.24 6630.78 6529.32 6495.8 6484.95 6481.5 6480.41 6480.07 6479.96 6479.93 6479.92 6479.92 6479.92 6479.92 6479.92 6479.92 6479.92 6479.92 6479.92 6479.92 6479.92 6479.92 6479.92 6479.92 6479.92 6479.92 6479.92 6479.92 6479.92 6479.92 6479.92 6479.92 6479.92 6479.92 6479.92 6479.92 6479.92 6479.92 6479.92 6479.92 6479.92 6479.92 6479.92 6479.92 6479.92 6479.92 6479.92 6479.92 6479.92 6479.92 6479.92 6479.92 6479.92 6479.92 6479.92 6479.92 6479.92 6479.92 6479.92 6479.92 6479.92 6479.92 6479.92 6479.92 6479.92 6479.92 6479.92 6479.92 6479.92 6479.92 6479.92 6479.92 6479.92 6479.92 6479.92 6479.92 6479.92 6479.92 6479.92 6479.92 6479.92 6479.92 6479.92 6479.92 6479.92 6479.92 6479.92 6479.92 6479.92 6479.92 6479.92 6479.92 6479.92 6479.92 0 0 0 0 0 0 0 0 0 0 0 0 0 0 0 0 0 0 0 0 0 0 0 0 0
#obs catch bio
 4713.35 4856.28 4013.76 3083.55 5072.04 6570.6 12151.5 16390 23096.3 29636.1 36450.4 45720.9 72479 88088.3 93667.8 83355.1 89158.4 88608.6 98604.2 90497 76020.4 88546.6 84719.6 93355.8 85307.8 91713.2 107813 100504 83091
#pred cpue bio
 8344.96 6529.41 4155.14 4042.47 6283.5 8597.07 13381.4 17757.5 23749.6 28559.6 33285.1 41544.9 60187.7 70297.4 70098.3 60534.9 56282.7 57541.2 57671.3 52207.6 50736.7 53368.8 51851.6 56771.3 54587.2 60434.3 59172 53230.3 40027.3 1.53521e+06 2.42071e+06 1.59386e+06 986709 671212 521485 451391 417441 400017 390524 385103 381911 379998 378841 378139 377702 377442 377287 377194 377138 377105 377084 377072 377065 377061 377058 377057 377056 377055 377055 377054 377054 377054 377054 377054 377054 377054 377054 377054 377054 377054 377054 377054 377054 377054 377054 377054 377054 377054 377054 377054 377054 377054 377054 377054 377054 377054 377054 377054 377054 377054 377054 377054 377054 377054 377054 377054 377054 377054 377054 377054 377054 377054 377054 377054 377054 377054 377054 377054 377054 377054 377054 377054 377054 377054 377054 377054 377054 377054 377054 377054 377054 377054 377054 377054 377054 377054 377054 377054 377054 0 0 0 0 0 0 0 0 0 0 0 0 0 0 0 0 0 0 0 0 0 0 0 0 0
#obs cpue bio
 9501.42 5838.52 3299.26 6669.58 9747.67 12553.3 20214.9 32323.9 26676.8 35527.8 45814.1 72637.9 105867 106920 109329 104046 75626.7 74788.8 82993.8 74943.4 125258 90478.6 104393 138856 100736 173316 141466 146551 71317.8
#pred surv len freq
 1.59975e-11 1.73714e-09 1.11213e-07 4.19774e-06 9.34146e-05 0.00122563 0.00948143 0.0432604 0.116597 0.187097 0.185701 0.133056 0.0955902 0.0744473 0.05145 0.0327397 0.0213013 0.0140333 0.00948388 0.00674838 0.00515886 0.0043011 0.00371167 0.00285506 0.00166352
 1.27921e-11 1.38907e-09 8.89295e-08 3.35665e-06 7.46976e-05 0.000980076 0.00758262 0.034615 0.0935451 0.152127 0.160516 0.14027 0.132846 0.115415 0.0747817 0.0391703 0.020317 0.0110858 0.00625954 0.00369624 0.00233944 0.00164543 0.00126485 0.000926831 0.00053788
 1.60135e-11 1.73887e-09 1.11324e-07 4.20194e-06 9.3508e-05 0.00122686 0.00949105 0.0433069 0.116757 0.18764 0.187589 0.138005 0.103813 0.0829099 0.0569922 0.0345187 0.0194974 0.00967524 0.00433944 0.00197323 0.000968291 0.000530454 0.000332231 0.000216702 0.000120214
 1.97141e-11 2.14071e-09 1.3705e-07 5.17296e-06 0.000115117 0.00151036 0.0116836 0.0532975 0.143502 0.229088 0.221778 0.143864 0.0831129 0.0530557 0.0307354 0.0148837 0.00706811 0.00349322 0.00165004 0.000697915 0.000268759 0.000105311 4.74075e-05 2.45156e-05 1.21262e-05
 1.87385e-11 2.03478e-09 1.30268e-07 4.91697e-06 0.00010942 0.00143562 0.0111057 0.0506663 0.136488 0.218454 0.214152 0.146155 0.0945165 0.0652551 0.0369638 0.015586 0.00570931 0.00211813 0.000802271 0.000308099 0.000114072 3.8335e-05 1.22627e-05 4.29074e-06 1.64407e-06
 1.94276e-11 2.10961e-09 1.35059e-07 5.0978e-06 0.000113444 0.00148841 0.011514 0.0525257 0.141453 0.226051 0.219944 0.145663 0.0882535 0.0581103 0.0327661 0.0141474 0.00530167 0.00185705 0.000577125 0.000164336 4.67037e-05 1.33399e-05 3.62294e-06 9.23752e-07 2.38081e-07
 1.9305e-11 2.09629e-09 1.34207e-07 5.06562e-06 0.000112728 0.00147902 0.0114413 0.0521949 0.140571 0.224711 0.218972 0.145913 0.0896172 0.0595545 0.0334647 0.014203 0.00519297 0.00180368 0.000563069 0.000153606 3.68815e-05 7.93974e-06 1.61641e-06 3.18417e-07 5.94745e-08
 1.96417e-11 2.13285e-09 1.36547e-07 5.15396e-06 0.000114694 0.00150481 0.0116408 0.0531037 0.143002 0.228465 0.222001 0.14622 0.087383 0.056578 0.0311003 0.0126474 0.00429139 0.0013871 0.00041343 0.000109708 2.57824e-05 5.20752e-06 8.90364e-07 1.31675e-07 1.75973e-08
 2.00197e-11 2.17391e-09 1.39175e-07 5.25317e-06 0.000116902 0.00153378 0.0118648 0.0541241 0.14573 0.232664 0.225324 0.14635 0.0845448 0.0530167 0.0285358 0.0112041 0.00354992 0.00105547 0.000290271 7.09553e-05 1.556e-05 2.99896e-06 4.90244e-07 6.60376e-08 7.23463e-09
 1.99416e-11 2.16541e-09 1.38632e-07 5.23266e-06 0.000116445 0.00152779 0.0118185 0.0539134 0.14517 0.23183 0.224801 0.146775 0.0858226 0.0542178 0.02889 0.0108813 0.00313893 0.000828274 0.000206072 4.58245e-05 9.10836e-06 1.5998e-06 2.41548e-07 3.05201e-08 3.11917e-09
 2.0577e-11 2.23441e-09 1.43049e-07 5.39939e-06 0.000120155 0.00157646 0.0121949 0.055628 0.149751 0.238848 0.230202 0.146485 0.080275 0.0476999 0.0247549 0.00913201 0.00252727 0.00062331 0.000142487 2.83758e-05 4.96849e-06 7.74206e-07 1.04687e-07 1.19524e-08 1.11885e-09
 2.0853e-11 2.26439e-09 1.44968e-07 5.47182e-06 0.000121767 0.00159761 0.0123584 0.0563728 0.151741 0.241906 0.232589 0.146473 0.0780373 0.0449791 0.022902 0.00820489 0.0021207 0.000471355 9.84973e-05 1.8216e-05 2.92269e-06 4.08042e-07 4.85561e-08 4.85988e-09 4.02638e-10
 2.10597e-11 2.28683e-09 1.46405e-07 5.52605e-06 0.000122974 0.00161344 0.0124809 0.0569305 0.15323 0.244183 0.234322 0.146315 0.0761372 0.0427964 0.0215852 0.00772563 0.00200002 0.000442536 8.98693e-05 1.55512e-05 2.26487e-06 2.86108e-07 3.08803e-08 2.76934e-09 2.02268e-10
 2.0932e-11 2.27296e-09 1.45517e-07 5.49254e-06 0.000122228 0.00160366 0.0124052 0.0565861 0.152312 0.242789 0.233312 0.146581 0.0775662 0.0443112 0.0223209 0.0077799 0.00186566 0.000361539 6.55484e-05 1.07492e-05 1.51538e-06 1.82132e-07 1.81519e-08 1.47238e-09 9.66097e-11
 2.09769e-11 2.27784e-09 1.45829e-07 5.50432e-06 0.00012249 0.0016071 0.0124318 0.0567072 0.152636 0.243288 0.233709 0.146602 0.0772386 0.0438929 0.0220095 0.00759563 0.00176966 0.000321782 5.33475e-05 7.87384e-06 9.78711e-07 1.04971e-07 9.71562e-09 7.45349e-10 4.57003e-11
 2.13335e-11 2.31656e-09 1.48308e-07 5.59789e-06 0.000124573 0.00163442 0.0126431 0.0576694 0.155206 0.247223 0.236723 0.146393 0.0740539 0.0401839 0.0196994 0.00667077 0.00148481 0.000243973 3.55311e-05 4.74033e-06 5.38646e-07 5.18835e-08 4.24381e-09 2.87441e-10 1.58707e-11
 2.2022e-11 2.39132e-09 1.53095e-07 5.77855e-06 0.000128593 0.00168716 0.013051 0.0595271 0.160167 0.254811 0.242499 0.145868 0.0677208 0.0329035 0.0152976 0.00506166 0.00108545 0.000163004 2.05746e-05 2.3957e-06 2.40276e-07 2.02457e-08 1.45969e-09 8.80891e-11 4.31443e-12
 2.24237e-11 2.43494e-09 1.55887e-07 5.88396e-06 0.000130938 0.00171793 0.0132889 0.0606109 0.163061 0.259238 0.245868 0.145561 0.0640236 0.0286544 0.01273 0.00412496 0.000854467 0.000116936 1.23439e-05 1.18534e-06 1.01986e-07 7.38145e-09 4.5388e-10 2.35634e-11 1.00164e-12
 2.2203e-11 2.41098e-09 1.54353e-07 5.82605e-06 0.00012965 0.00170103 0.0131582 0.0600155 0.161471 0.256808 0.244028 0.145759 0.0660989 0.0310171 0.0141261 0.0045967 0.00094507 0.000125814 1.24344e-05 1.08263e-06 8.31088e-08 5.15345e-09 2.60783e-10 1.11733e-11 3.98611e-13
 2.28797e-11 2.48446e-09 1.59057e-07 6.00361e-06 0.000133601 0.00175287 0.0135591 0.0618412 0.166346 0.264262 0.249683 0.145185 0.059786 0.0238046 0.00982831 0.00310063 0.000625351 7.9654e-05 7.07042e-06 5.25049e-07 3.5409e-08 1.99569e-09 9.07066e-11 3.39464e-12 1.02809e-13
 2.26229e-11 2.45658e-09 1.57272e-07 5.93624e-06 0.000132102 0.0017332 0.013407 0.0611485 0.164496 0.261434 0.24754 0.145412 0.0621958 0.0265505 0.0114542 0.00365422 0.000734821 9.18857e-05 7.73443e-06 5.20331e-07 3.15022e-08 1.598e-09 6.36773e-11 2.05733e-12 5.46735e-14
 2.29105e-11 2.48781e-09 1.59272e-07 6.0117e-06 0.000133781 0.00175523 0.0135773 0.0619244 0.166568 0.264601 0.249941 0.14516 0.0595005 0.0234774 0.00963174 0.00303035 0.000609002 7.67449e-05 6.60886e-06 4.62183e-07 2.86934e-08 1.43246e-09 5.35939e-11 1.56244e-12 3.67985e-14
 2.31814e-11 2.51722e-09 1.61155e-07 6.08279e-06 0.000135363 0.00177598 0.0137378 0.0626554 0.16852 0.267586 0.252205 0.144929 0.0569719 0.0205889 0.00791131 0.00243232 0.00048183 5.86559e-05 4.57625e-06 2.62369e-07 1.3219e-08 5.94988e-10 2.18499e-11 6.43377e-13 1.50851e-14
 2.31617e-11 2.51509e-09 1.61018e-07 6.07762e-06 0.000135248 0.00177447 0.0137262 0.0626023 0.168378 0.267369 0.25204 0.144947 0.0571571 0.0207999 0.00803594 0.00247445 0.000489933 5.94614e-05 4.592e-06 2.56188e-07 1.22696e-08 5.11267e-10 1.65485e-11 4.07742e-13 8.11127e-15
 2.34824e-11 2.54991e-09 1.63248e-07 6.16178e-06 0.000137121 0.00179904 0.0139162 0.0634676 0.170689 0.270901 0.254718 0.144668 0.0541546 0.0173747 0.00600242 0.00177559 0.000347004 4.14238e-05 3.04747e-06 1.4969e-07 5.81834e-09 2.03481e-10 6.0025e-12 1.38684e-13 2.54673e-15
 2.3056e-11 2.50361e-09 1.60283e-07 6.04989e-06 0.000134631 0.00176638 0.0136636 0.0623171 0.167617 0.266205 0.251159 0.145041 0.0581493 0.0219303 0.00870521 0.00270219 0.000534874 6.4447e-05 4.85611e-06 2.54268e-07 1.1004e-08 4.15489e-10 1.20932e-11 2.51846e-13 3.9246e-15
 2.33967e-11 2.5406e-09 1.62652e-07 6.13929e-06 0.00013662 0.00179248 0.0138654 0.0632363 0.170071 0.269957 0.254002 0.144742 0.0549568 0.0182899 0.00654585 0.00196243 0.000385277 4.62786e-05 3.46877e-06 1.79313e-07 7.61803e-09 2.8586e-10 8.49339e-12 1.86532e-13 3.12667e-15
 2.37755e-11 2.58173e-09 1.65285e-07 6.23867e-06 0.000138832 0.00182149 0.0140898 0.0642582 0.1728 0.274128 0.257164 0.144411 0.0514089 0.0142436 0.00414493 0.00113891 0.000218012 2.56558e-05 1.81799e-06 7.96463e-08 2.37099e-09 5.76227e-11 1.29206e-12 2.51431e-14 4.00734e-16
 2.39323e-11 2.59876e-09 1.66375e-07 6.27983e-06 0.000139748 0.00183351 0.0141827 0.0646814 0.17393 0.275855 0.258473 0.144274 0.049939 0.0125676 0.00315108 0.000798789 0.000149483 1.74396e-05 1.21659e-06 5.06439e-08 1.28671e-09 2.14989e-11 2.78492e-13 3.26129e-15 3.34185e-17
#obs surv len freq
 3.77225e-11 3.64447e-09 2.0759e-07 6.97137e-06 0.000138029 0.00161128 0.0110911 0.0450458 0.108319 0.157058 0.149994 0.125698 0.121101 0.108198 0.0759553 0.0462332 0.026532 0.0137098 0.00610629 0.00229437 0.000704943 0.000169344 3.01105e-05 3.75653e-06 3.14831e-07
 2.44445e-11 2.27787e-09 1.25146e-07 4.05361e-06 7.74134e-05 0.00087172 0.00579079 0.0227535 0.0536317 0.0812965 0.101512 0.141814 0.185371 0.172778 0.114014 0.0624355 0.032372 0.0155598 0.00656393 0.00232686 0.000659076 0.00014232 2.24577e-05 2.48539e-06 1.8573e-07
 1.08288e-10 9.71601e-09 5.13967e-07 1.60296e-05 0.000294745 0.00319532 0.0204241 0.0769886 0.171352 0.226633 0.184235 0.107183 0.0655248 0.0501447 0.038965 0.0274951 0.0160727 0.00744506 0.0028337 0.000907258 0.000235167 4.64182e-05 6.61753e-06 6.54117e-07 4.34165e-08
 1.17124e-10 1.01019e-08 5.13691e-07 1.54006e-05 0.000272218 0.00283695 0.0174348 0.0632456 0.136112 0.178449 0.160759 0.137195 0.128922 0.0979479 0.0495857 0.0176724 0.00589801 0.00234884 0.000926424 0.000293091 7.00753e-05 1.24443e-05 1.59457e-06 1.41802e-07 8.44641e-09
 2.05166e-10 1.69842e-08 8.28939e-07 2.38528e-05 0.000404665 0.00404764 0.0238728 0.0830726 0.17109 0.212018 0.171231 0.117801 0.0917238 0.066271 0.035851 0.0151294 0.00539278 0.00158064 0.000383312 8.58555e-05 1.77672e-05 2.93232e-06 3.45623e-07 2.7764e-08 1.48311e-09
 2.59697e-10 2.06042e-08 9.63785e-07 2.65794e-05 0.000432167 0.00414303 0.0234224 0.0781753 0.15494 0.187917 0.159303 0.131195 0.117421 0.0835829 0.0401742 0.0138331 0.0040376 0.00108847 0.000252357 4.67847e-05 6.85439e-06 8.09179e-07 7.60968e-08 5.32067e-09 2.55878e-10
 4.09185e-10 3.10713e-08 1.39104e-06 3.67162e-05 0.00057137 0.00524247 0.0283658 0.0906036 0.171776 0.19883 0.159347 0.122216 0.102826 0.0704131 0.0334623 0.0117743 0.00346925 0.000863444 0.000170722 2.66342e-05 3.31438e-06 3.19715e-07 2.29517e-08 1.19836e-09 4.47486e-11
 5.77019e-10 4.18818e-08 1.79225e-06 4.52181e-05 0.000672619 0.00589917 0.0305135 0.0932144 0.169425 0.19022 0.154438 0.126973 0.109732 0.0725795 0.0323067 0.0103915 0.00278986 0.00065301 0.000124285 1.82857e-05 2.03521e-06 1.67638e-07 1.0018e-08 4.26679e-10 1.26794e-11
 8.91682e-10 6.17896e-08 2.52441e-06 6.08054e-05 0.000863514 0.00723041 0.0357062 0.104149 0.180825 0.194315 0.151968 0.121051 0.100693 0.0639409 0.027567 0.00871803 0.00229672 0.000510813 8.94885e-05 1.2004e-05 1.22719e-06 9.30887e-08 5.04119e-09 1.89064e-10 4.81028e-12
 1.23302e-09 8.14805e-08 3.1745e-06 7.29185e-05 0.00098752 0.00788562 0.037144 0.103435 0.172257 0.181513 0.149341 0.131961 0.112394 0.0678262 0.0263762 0.00700789 0.0014735 0.000272663 4.27705e-05 5.30061e-06 4.98858e-07 3.4447e-08 1.68941e-09 5.73714e-11 1.31956e-12
 2.06937e-09 1.30268e-07 4.83479e-06 0.000105793 0.00136484 0.0103821 0.0465823 0.123519 0.195514 0.194085 0.146249 0.115912 0.0908825 0.0513672 0.0186044 0.00447642 0.000810764 0.000123806 1.56841e-05 1.55236e-06 1.18676e-07 6.95954e-09 3.01537e-10 9.21066e-12 1.91245e-13
 2.85647e-09 1.71127e-07 6.04431e-06 0.000125868 0.00154537 0.0111879 0.0477867 0.12078 0.183412 0.17986 0.1453 0.128026 0.102201 0.0556085 0.0190531 0.00428449 0.000712176 9.79481e-05 1.09781e-05 9.31567e-07 5.85226e-08 2.73895e-09 9.45106e-11 2.34364e-12 4.06924e-14
 4.51293e-09 2.5706e-07 8.63278e-06 0.000170926 0.00199532 0.0137347 0.0557813 0.134083 0.193816 0.181566 0.141198 0.119677 0.0910997 0.0472277 0.0155508 0.0034303 0.000572968 7.87328e-05 8.48256e-06 6.65032e-07 3.73731e-08 1.5224e-09 4.46283e-11 9.19e-13 1.30145e-14
 5.69881e-09 3.08374e-07 9.83808e-06 0.000185049 0.00205221 0.0134219 0.0518268 0.118843 0.166614 0.161878 0.148608 0.1455 0.112472 0.0562505 0.017787 0.00382116 0.000633127 8.64502e-05 9.16355e-06 7.03969e-07 3.86208e-08 1.51166e-09 4.14341e-11 7.7482e-13 9.71292e-15
 9.42949e-09 4.84351e-07 1.4668e-05 0.000261895 0.00275704 0.0171164 0.0627364 0.136534 0.181499 0.166497 0.143103 0.131241 0.0956913 0.0453999 0.0137394 0.00287009 0.000469049 6.28844e-05 6.46029e-06 4.78743e-07 2.53668e-08 9.59261e-10 2.53389e-11 4.54462e-13 5.42093e-15
 1.34753e-08 6.56581e-07 1.88615e-05 0.000319456 0.00319017 0.0187897 0.0653726 0.135413 0.173528 0.160564 0.14745 0.138636 0.0976558 0.0438229 0.0124253 0.00240408 0.000360578 4.46875e-05 4.32115e-06 3.05838e-07 1.55771e-08 5.65497e-10 1.42749e-11 2.43794e-13 2.76393e-15
 2.24123e-08 1.03526e-06 2.81935e-05 0.000452683 0.00428557 0.0239287 0.0789176 0.154899 0.187702 0.162912 0.13874 0.121595 0.0806821 0.0343842 0.0093819 0.0017861 0.000267334 3.24241e-05 2.96335e-06 1.93514e-07 9.01499e-09 3.00733e-10 7.05222e-12 1.1294e-13 1.20646e-15
 2.95811e-08 1.29468e-06 3.34082e-05 0.000508267 0.00455954 0.0241297 0.0755199 0.141521 0.168276 0.155972 0.151749 0.139372 0.0899289 0.0366545 0.00965199 0.00181312 0.000271894 3.27506e-05 2.93344e-06 1.86799e-07 8.42867e-09 2.67957e-10 5.86927e-12 8.64874e-14 8.44473e-16
 4.48241e-08 1.85809e-06 4.5411e-05 0.000654345 0.00555973 0.0278713 0.0826801 0.147282 0.168516 0.155092 0.151429 0.134961 0.0830971 0.0325055 0.00841326 0.00160926 0.000248716 3.01307e-05 2.65222e-06 1.64874e-07 7.25316e-09 2.23821e-10 4.72509e-12 6.65981e-14 6.16732e-16
 7.48322e-08 2.937e-06 6.79609e-05 0.000927183 0.00745884 0.0354013 0.0994098 0.167463 0.180352 0.15412 0.138668 0.115415 0.0672983 0.0253672 0.0065287 0.00128704 0.00020584 2.52424e-05 2.22412e-06 1.38482e-07 6.07837e-09 1.84805e-10 3.79186e-12 5.14627e-14 4.56318e-16
 9.97548e-08 3.70601e-06 8.11751e-05 0.00104833 0.00798373 0.0358874 0.0956408 0.154422 0.165947 0.154835 0.153472 0.1279 0.0708802 0.0248608 0.00583538 0.00103275 0.000150383 1.74484e-05 1.50591e-06 9.35905e-08 4.10819e-09 1.23969e-10 2.50415e-12 3.32495e-14 2.8666e-16
 1.65435e-07 5.81693e-06 0.000120587 0.0014739 0.0106234 0.0451929 0.113953 0.173839 0.175419 0.151504 0.138667 0.108131 0.0566961 0.0190772 0.004395 0.00077687 0.000110888 1.20886e-05 9.50703e-07 5.34716e-08 2.15542e-09 6.11614e-11 1.18489e-12 1.52502e-14 1.2778e-16
 2.32745e-07 7.74475e-06 0.000151943 0.00175758 0.0119901 0.0482967 0.11554 0.168767 0.168748 0.153284 0.145166 0.110036 0.0546037 0.0172424 0.0037074 0.000610291 8.17728e-05 8.49062e-06 6.42348e-07 3.46501e-08 1.31716e-09 3.45252e-11 6.09767e-13 7.14145e-15 5.48414e-17
 3.62769e-07 1.1424e-05 0.000212106 0.00232195 0.0149912 0.0571544 0.129476 0.17944 0.171293 0.149625 0.135316 0.0971344 0.0457219 0.0138469 0.0029124 0.000474992 6.2074e-05 6.10917e-06 4.30168e-07 2.1498e-08 7.60619e-10 1.86816e-11 3.09991e-13 3.39918e-15 2.42455e-17
 4.99675e-07 1.48923e-05 0.000261686 0.00271132 0.0165699 0.0598389 0.128804 0.171977 0.1656 0.1542 0.142731 0.0986859 0.0436475 0.012235 0.00233583 0.000341086 4.04252e-05 3.70803e-06 2.47872e-07 1.17978e-08 3.94087e-10 9.02669e-12 1.3847e-13 1.39924e-15 9.2062e-18
 6.4977e-07 1.83297e-05 0.000304862 0.00298988 0.0173003 0.0592242 0.121523 0.158385 0.1594 0.163102 0.154979 0.103818 0.0441053 0.0121036 0.00234536 0.00035433 4.2023e-05 3.65378e-06 2.23251e-07 9.59012e-09 2.90751e-10 6.12412e-12 8.72693e-14 8.21968e-16 5.03045e-18
 1.03526e-06 2.7645e-05 0.000435249 0.00404076 0.022133 0.0717246 0.139311 0.171749 0.16291 0.156204 0.138993 0.0872431 0.0346262 0.00880173 0.0015595 0.000214819 2.3702e-05 1.97229e-06 1.17462e-07 4.91602e-09 1.4252e-10 2.799e-12 3.64742e-14 3.11305e-16 1.72594e-18
 1.41299e-06 3.57221e-05 0.000532467 0.00468033 0.0242789 0.0746048 0.138171 0.166058 0.161842 0.161977 0.142158 0.0849242 0.031745 0.00756623 0.00124922 0.000158887 1.60566e-05 1.21715e-06 6.58807e-08 2.51826e-09 6.75592e-11 1.24602e-12 1.53837e-14 1.24412e-16 6.48902e-19
 1.54992e-06 3.7102e-05 0.000523674 0.00435955 0.0214391 0.0627322 0.112836 0.141411 0.162506 0.187521 0.167317 0.0960252 0.034113 0.00776899 0.00123987 0.000152951 1.47677e-05 1.04692e-06 5.20929e-08 1.80848e-09 4.3776e-11 7.27611e-13 8.11766e-15 5.96507e-17 2.848e-19
#pred catch len freq
 1.2653e-11 1.37396e-09 8.79624e-08 3.32014e-06 7.38851e-05 0.00096941 0.00749986 0.0342316 0.0924318 0.149695 0.155073 0.128455 0.115033 0.10069 0.0718217 0.0460996 0.030093 0.019846 0.0134149 0.00954574 0.00729732 0.006084 0.00525024 0.00403855 0.00235309
 9.71287e-12 1.0547e-09 6.7523e-08 2.54866e-06 5.67172e-05 0.000744182 0.00575831 0.0263045 0.0713262 0.117927 0.133436 0.139154 0.155747 0.143831 0.0945818 0.049787 0.0259027 0.0141528 0.00799385 0.00472052 0.00298773 0.00210141 0.00161535 0.00118367 0.000686934
 1.32975e-11 1.44395e-09 9.24428e-08 3.48925e-06 7.76485e-05 0.00101879 0.00788189 0.0359758 0.0971486 0.157391 0.16331 0.135948 0.122434 0.107137 0.0754332 0.0459675 0.0260214 0.0129224 0.00579688 0.00263601 0.00129352 0.000708621 0.000443819 0.000289487 0.000160591
 1.75694e-11 1.90783e-09 1.22141e-07 4.6102e-06 0.000102593 0.00134606 0.010413 0.0475097 0.128033 0.20532 0.203162 0.143769 0.100154 0.0737669 0.0447366 0.0219094 0.0104464 0.00517108 0.00244354 0.0010336 0.000398028 0.000155963 7.02096e-05 3.63071e-05 1.79587e-05
 1.65491e-11 1.79704e-09 1.15048e-07 4.34249e-06 9.66359e-05 0.0012679 0.00980866 0.0447586 0.120705 0.194261 0.195486 0.146994 0.113378 0.0875132 0.0512012 0.0217581 0.00799588 0.00297192 0.00112639 0.00043262 0.000160177 5.38287e-05 1.72188e-05 6.0249e-06 2.30853e-06
 1.72983e-11 1.87839e-09 1.20256e-07 4.53907e-06 0.00010101 0.00132529 0.0102525 0.0467799 0.126103 0.202514 0.201753 0.14638 0.106455 0.0796982 0.0467399 0.0203738 0.00766291 0.00268928 0.000836344 0.000238186 6.76928e-05 1.93349e-05 5.2511e-06 1.33889e-06 3.45076e-07
 1.74927e-11 1.89949e-09 1.21607e-07 4.59007e-06 0.000102145 0.00134018 0.0103676 0.0473045 0.127506 0.204684 0.203519 0.146605 0.105233 0.0780079 0.0453169 0.0193836 0.00710621 0.00247154 0.000771935 0.000210606 5.05674e-05 1.08859e-05 2.2162e-06 4.36569e-07 8.15431e-08
 1.80608e-11 1.96119e-09 1.25557e-07 4.73915e-06 0.000105463 0.0013837 0.0107042 0.048838 0.131608 0.211008 0.208577 0.146978 0.10124 0.0728341 0.0413811 0.0169566 0.00576725 0.00186639 0.000556539 0.000147697 3.47101e-05 7.01065e-06 1.19865e-06 1.77266e-07 2.36903e-08
 1.87523e-11 2.03628e-09 1.30364e-07 4.9206e-06 0.000109501 0.00143668 0.0111139 0.0507042 0.136596 0.218675 0.214597 0.147053 0.0958026 0.0661512 0.0367454 0.0145305 0.00461246 0.00137252 0.000377583 9.23035e-05 2.02412e-05 3.90113e-06 6.37719e-07 8.59028e-08 9.41093e-09
 1.88096e-11 2.0425e-09 1.30763e-07 4.93564e-06 0.000109835 0.00144107 0.0111479 0.0508592 0.137013 0.219345 0.215258 0.147506 0.0960322 0.0660521 0.0361812 0.0137115 0.00396101 0.00104577 0.000260243 5.78725e-05 1.15028e-05 2.02032e-06 3.05038e-07 3.85421e-08 3.93902e-09
 1.96507e-11 2.13383e-09 1.3661e-07 5.15634e-06 0.000114747 0.00150551 0.0116462 0.0531288 0.143076 0.228634 0.222404 0.147114 0.0886768 0.0574162 0.0307104 0.0114065 0.00316127 0.000779992 0.000178329 3.55141e-05 6.21816e-06 9.68905e-07 1.31013e-07 1.4958e-08 1.40019e-09
 1.99139e-11 2.16242e-09 1.3844e-07 5.22541e-06 0.000116284 0.00152567 0.0118021 0.0538392 0.144975 0.231554 0.224701 0.147158 0.0866281 0.0548775 0.0289182 0.0104423 0.00270373 0.000601315 0.000125692 2.32472e-05 3.72988e-06 5.20723e-07 6.19639e-08 6.2018e-09 5.13814e-10
 2.03686e-11 2.21179e-09 1.41601e-07 5.34471e-06 0.000118939 0.0015605 0.0120715 0.0550658 0.148251 0.236565 0.228517 0.146819 0.0824586 0.0500807 0.026014 0.00937394 0.00242975 0.000537676 0.000109182 1.88919e-05 2.75125e-06 3.47534e-07 3.75094e-08 3.36381e-09 2.45686e-10
 2.03346e-11 2.20809e-09 1.41364e-07 5.33579e-06 0.00011874 0.0015579 0.0120513 0.0549743 0.148008 0.236206 0.228305 0.147047 0.0830776 0.0506384 0.0261342 0.00915954 0.00219854 0.000425984 7.72083e-05 1.26589e-05 1.78444e-06 2.14459e-07 2.13731e-08 1.73365e-09 1.13753e-10
 2.05296e-11 2.22927e-09 1.4272e-07 5.38695e-06 0.000119879 0.00157283 0.0121668 0.0555004 0.149413 0.238359 0.229963 0.14696 0.0813775 0.0486385 0.0248613 0.00861728 0.00200892 0.000365137 6.04995e-05 8.92636e-06 1.10937e-06 1.18976e-07 1.10114e-08 8.44745e-10 5.17944e-11
 2.10066e-11 2.28107e-09 1.46036e-07 5.51212e-06 0.000122664 0.00160938 0.0124494 0.0567875 0.152851 0.243622 0.233989 0.146663 0.0770911 0.0436599 0.0217793 0.00740512 0.00164922 0.000270867 3.94169e-05 5.25596e-06 5.97102e-07 5.75084e-08 4.70366e-09 3.18582e-10 1.75899e-11
 2.18162e-11 2.36898e-09 1.51664e-07 5.72457e-06 0.000127392 0.0016714 0.0129291 0.058972 0.158684 0.252545 0.240779 0.146042 0.0696384 0.0350953 0.016605 0.00551837 0.00118422 0.000177769 2.24186e-05 2.60848e-06 2.61526e-07 2.20331e-08 1.58846e-09 9.58572e-11 4.69485e-12
 2.22533e-11 2.41644e-09 1.54703e-07 5.83925e-06 0.000129944 0.00170488 0.013188 0.0601512 0.161833 0.257362 0.244445 0.145707 0.0656156 0.030472 0.0138113 0.00449921 0.000932918 0.000127652 1.34649e-05 1.29183e-06 1.11092e-07 8.03887e-09 4.9426e-10 2.56587e-11 1.09069e-12
 2.20989e-11 2.39968e-09 1.53629e-07 5.79874e-06 0.000129042 0.00169305 0.0130965 0.0597347 0.160721 0.255662 0.243158 0.145849 0.0670724 0.0321281 0.0147865 0.00482462 0.000992374 0.000132077 1.30423e-05 1.13432e-06 8.70167e-08 5.39425e-09 2.72935e-10 1.16933e-11 4.17146e-13
 2.27962e-11 2.47539e-09 1.58477e-07 5.9817e-06 0.000133114 0.00174647 0.0135096 0.061616 0.165745 0.263342 0.248985 0.145257 0.0605676 0.0246963 0.0103578 0.00328271 0.000662682 8.4405e-05 7.48755e-06 5.55438e-07 3.74263e-08 2.10856e-09 9.5822e-11 3.5858e-12 1.08594e-13
 2.25292e-11 2.4464e-09 1.56621e-07 5.91165e-06 0.000131555 0.00172602 0.0133515 0.0608957 0.163821 0.260402 0.246758 0.145494 0.0630733 0.0275515 0.0120483 0.00385822 0.000776419 9.70842e-05 8.16786e-06 5.48937e-07 3.32022e-08 1.68342e-09 6.70684e-11 2.16669e-12 5.75768e-14
 2.28699e-11 2.4834e-09 1.5899e-07 6.00106e-06 0.000133544 0.00175212 0.0135533 0.061815 0.166276 0.264155 0.249602 0.145195 0.0598802 0.0239105 0.00988884 0.00311866 0.000627029 7.9006e-05 6.79927e-06 4.74959e-07 2.94572e-08 1.46989e-09 5.49842e-11 1.60282e-12 3.77473e-14
 2.31414e-11 2.51288e-09 1.60877e-07 6.07228e-06 0.000135129 0.00177291 0.0137141 0.0625474 0.168232 0.267144 0.25187 0.144964 0.0573471 0.0210168 0.00816514 0.00251931 0.000499436 6.08016e-05 4.74201e-06 2.71633e-07 1.36697e-08 6.14809e-10 2.25707e-11 6.64519e-13 1.55799e-14
 2.3153e-11 2.51414e-09 1.60958e-07 6.07534e-06 0.000135197 0.00177381 0.013721 0.0625788 0.168315 0.267273 0.251968 0.144954 0.0572387 0.0208929 0.00809109 0.00249333 0.000493738 5.99181e-05 4.62555e-06 2.57824e-07 1.23324e-08 5.13438e-10 1.66128e-11 4.09266e-13 8.14091e-15
 2.34513e-11 2.54653e-09 1.63031e-07 6.1536e-06 0.000136939 0.00179665 0.0138977 0.0633835 0.170464 0.270557 0.254458 0.144695 0.0544467 0.0177077 0.00619991 0.00184318 0.000360623 4.30573e-05 3.16718e-06 1.55485e-07 6.03719e-09 2.10913e-10 6.21837e-12 1.43641e-13 2.6375e-15
 2.30372e-11 2.50156e-09 1.60152e-07 6.04494e-06 0.000134521 0.00176493 0.0136524 0.0622662 0.167481 0.265997 0.251001 0.145057 0.0583261 0.0221319 0.00882475 0.00274311 0.000543126 6.54395e-05 4.92955e-06 2.57919e-07 1.11484e-08 4.20537e-10 1.22349e-11 2.54753e-13 3.96955e-15
 2.34114e-11 2.5422e-09 1.62754e-07 6.14314e-06 0.000136706 0.0017936 0.0138741 0.063276 0.170177 0.270119 0.254125 0.144729 0.0548192 0.0181329 0.00645276 0.00193054 0.000378828 4.54956e-05 3.409e-06 1.76083e-07 7.4709e-09 2.80032e-10 8.31605e-12 1.82603e-13 3.0605e-15
 2.37931e-11 2.58365e-09 1.65408e-07 6.24331e-06 0.000138935 0.00182284 0.0141002 0.0643059 0.172927 0.274322 0.257312 0.144396 0.0512434 0.0140549 0.00403304 0.00110065 0.00021032 2.47411e-05 1.7529e-06 7.67726e-08 2.28368e-09 5.54237e-11 1.2412e-12 2.41389e-14 3.84644e-16
 2.39303e-11 2.59854e-09 1.66361e-07 6.27929e-06 0.000139736 0.00183335 0.0141815 0.0646759 0.173915 0.275833 0.258456 0.144275 0.0499581 0.0125894 0.00316399 0.000803202 0.000150369 1.75443e-05 1.2239e-06 5.09456e-08 1.29413e-09 2.16112e-11 2.79629e-13 3.27062e-15 3.34917e-17
#obs catch len freq
 3.34605e-11 3.23271e-09 1.84136e-07 6.18373e-06 0.000122434 0.00142925 0.00983848 0.0399672 0.096221 0.140385 0.137909 0.124644 0.129149 0.119467 0.0864522 0.0543436 0.0316425 0.0164643 0.00757694 0.00304641 0.0010153 0.000262545 4.95196e-05 6.46477e-06 5.60791e-07
 5.05884e-11 4.7141e-09 2.58991e-07 8.38901e-06 0.000160205 0.00180383 0.0119765 0.0469263 0.108961 0.153277 0.144946 0.12559 0.124569 0.110405 0.0764878 0.0462938 0.0263513 0.013418 0.0058626 0.00214866 0.000638935 0.000147154 2.48487e-05 2.92055e-06 2.29165e-07
 3.30906e-11 2.96903e-09 1.57059e-07 4.89835e-06 9.00715e-05 0.000976611 0.00624754 0.0236554 0.0539118 0.0802298 0.102188 0.146479 0.189033 0.171475 0.110871 0.0602294 0.0310125 0.0147049 0.00608138 0.00209751 0.000573281 0.000118474 1.77472e-05 1.85074e-06 1.29526e-07
 1.52987e-10 1.31952e-08 6.70984e-07 2.01163e-05 0.000355569 0.00370546 0.0227681 0.0825066 0.176583 0.224917 0.177376 0.102936 0.0651516 0.0507227 0.0392579 0.0273127 0.0156134 0.00706922 0.00263247 0.000820389 0.000205092 3.86879e-05 5.22968e-06 4.86895e-07 3.0271e-08
 1.66887e-10 1.38154e-08 6.74279e-07 1.94024e-05 0.000329166 0.00329256 0.0194224 0.0676409 0.139914 0.177298 0.157784 0.137434 0.129397 0.0955288 0.0467457 0.0163345 0.00549157 0.00219295 0.000845252 0.000258278 5.93239e-05 1.0059e-05 1.22185e-06 1.02319e-07 5.70822e-09
 2.9851e-10 2.36835e-08 1.10782e-06 3.05517e-05 0.000496753 0.00476208 0.026919 0.0897889 0.177361 0.211443 0.166459 0.115027 0.0900224 0.0636343 0.0335249 0.0138757 0.00484764 0.00138652 0.00032991 7.27111e-05 1.45891e-05 2.29804e-06 2.5627e-07 1.93688e-08 9.6896e-10
 3.8401e-10 2.91597e-08 1.30546e-06 3.44573e-05 0.000536219 0.00492001 0.0266227 0.0850642 0.161557 0.188663 0.156747 0.129486 0.114328 0.0786096 0.0364619 0.0122513 0.0035282 0.000934706 0.000210876 3.78414e-05 5.35522e-06 6.08345e-07 5.45558e-08 3.60024e-09 1.62226e-10
 6.11314e-10 4.43711e-08 1.89878e-06 4.79056e-05 0.000712594 0.00624969 0.0323244 0.0987112 0.179079 0.199186 0.155848 0.119342 0.0988809 0.065402 0.0300342 0.0103161 0.00297975 0.000722182 0.000138421 2.09124e-05 2.50941e-06 2.31796e-07 1.58371e-08 7.82763e-10 2.75079e-11
 8.72851e-10 6.04847e-08 2.47109e-06 5.95213e-05 0.000845279 0.00707776 0.0349534 0.101968 0.177176 0.191124 0.151643 0.123869 0.10447 0.0664189 0.0284719 0.00891852 0.00234968 0.000536659 9.88946e-05 1.40244e-05 1.49792e-06 1.17848e-07 6.69603e-09 2.69861e-10 7.55108e-12
 1.36807e-09 9.04047e-08 3.52219e-06 8.09048e-05 0.00109567 0.00874894 0.0412034 0.114634 0.189999 0.195669 0.148534 0.116165 0.0935847 0.0569853 0.0236531 0.00728194 0.00187684 0.000405604 6.86295e-05 8.86959e-06 8.70088e-07 6.2959e-08 3.23467e-09 1.14583e-10 2.74311e-12
 1.92488e-09 1.21172e-07 4.49722e-06 9.84065e-05 0.00126955 0.00965745 0.0433366 0.114989 0.182637 0.184279 0.146732 0.125908 0.102838 0.0591761 0.0220139 0.00565253 0.00116204 0.000210162 3.19495e-05 3.81352e-06 3.43831e-07 2.26209e-08 1.05194e-09 3.37286e-11 7.29603e-13
 3.22749e-09 1.93354e-07 6.82939e-06 0.000142216 0.00174608 0.0126403 0.0539757 0.136233 0.205408 0.19485 0.14156 0.108623 0.0815509 0.0438748 0.0151584 0.00350828 0.00061794 9.19178e-05 1.12611e-05 1.07334e-06 7.8843e-08 4.42042e-09 1.81899e-10 5.24703e-12 1.02435e-13
 4.51868e-09 2.57388e-07 8.64379e-06 0.000171143 0.00199787 0.0137522 0.0558524 0.134253 0.194056 0.181763 0.141283 0.119651 0.0909598 0.0469967 0.0153323 0.00330884 0.00053346 7.13013e-05 7.70533e-06 6.27062e-07 3.77223e-08 1.68637e-09 5.53364e-11 1.29875e-12 2.12491e-14
 7.1499e-09 3.86895e-07 1.23431e-05 0.000232166 0.00257467 0.0168364 0.0649614 0.148372 0.203948 0.182224 0.13595 0.110356 0.0798415 0.0392758 0.0123177 0.00261096 0.000423008 5.62894e-05 5.82109e-06 4.36074e-07 2.3398e-08 9.08342e-10 2.52774e-11 4.92107e-13 6.56612e-15
 9.25448e-09 4.75362e-07 1.43958e-05 0.000257034 0.00270588 0.0167991 0.0615783 0.134069 0.178585 0.165165 0.144459 0.1342 0.0981847 0.0465381 0.0140164 0.00289569 0.000465342 6.14265e-05 6.24028e-06 4.576e-07 2.39285e-08 8.90178e-10 2.30967e-11 4.07408e-13 4.80462e-15
 1.52854e-08 7.44776e-07 2.13951e-05 0.000362364 0.00361858 0.0213102 0.0740944 0.152979 0.19297 0.167994 0.136781 0.118491 0.081619 0.0366759 0.0105735 0.00212541 0.00033669 4.35482e-05 4.281e-06 3.02586e-07 1.52714e-08 5.48377e-10 1.36968e-11 2.31437e-13 2.59359e-15
 2.20992e-08 1.0208e-06 2.77997e-05 0.00044636 0.00422572 0.023595 0.0778238 0.15282 0.18558 0.162356 0.140284 0.124024 0.0823799 0.0349671 0.00942952 0.00175223 0.000254509 3.04479e-05 2.81926e-06 1.90329e-07 9.22735e-09 3.17742e-10 7.576e-12 1.21787e-13 1.29615e-15
 3.64656e-08 1.596e-06 4.11834e-05 0.000626549 0.00562028 0.0297343 0.0929169 0.172785 0.198218 0.162297 0.129538 0.106441 0.0665221 0.0268124 0.00696389 0.0012746 0.000184481 2.15139e-05 1.87642e-06 1.16659e-07 5.17039e-09 1.6365e-10 3.62581e-12 5.465e-14 5.47776e-16
 4.91472e-08 2.03729e-06 4.97906e-05 0.000717447 0.00609569 0.0305529 0.0905583 0.160642 0.18038 0.156601 0.141657 0.121676 0.0739145 0.0284994 0.00715056 0.00129273 0.000187272 2.16413e-05 1.84727e-06 1.11869e-07 4.79346e-09 1.44248e-10 2.97931e-12 4.12697e-14 3.77907e-16
 7.45877e-08 2.9274e-06 6.7739e-05 0.000924156 0.00743449 0.0352862 0.0990928 0.16698 0.180072 0.154492 0.139623 0.116215 0.0673623 0.0249516 0.00616716 0.00113695 0.000169377 1.96213e-05 1.64319e-06 9.70671e-08 4.05121e-09 1.18184e-10 2.34957e-12 3.10918e-14 2.69693e-16
 1.23327e-07 4.58175e-06 0.000100356 0.00129601 0.0098689 0.044336 0.117821 0.18764 0.190113 0.150621 0.124443 0.0963319 0.0528455 0.0188864 0.00465322 0.000884808 0.000136063 1.59197e-05 1.33356e-06 7.88424e-08 3.27765e-09 9.40202e-11 1.81376e-12 2.30841e-14 1.91541e-16
 1.67835e-07 5.90132e-06 0.000122337 0.00149528 0.0107775 0.0458462 0.115577 0.176144 0.17702 0.151276 0.136944 0.106165 0.0553268 0.0183696 0.00411777 0.000702271 9.85224e-05 1.09359e-05 8.98715e-07 5.30308e-08 2.20187e-09 6.25921e-11 1.18718e-12 1.47645e-14 1.18977e-16
 2.74429e-07 9.13183e-06 0.000179154 0.0020723 0.0141352 0.056901 0.135698 0.195304 0.183966 0.144724 0.120116 0.0868501 0.0428037 0.0136458 0.00300562 0.000511241 6.99888e-05 7.26961e-06 5.43349e-07 2.90249e-08 1.1084e-09 2.96691e-11 5.39975e-13 6.5076e-15 5.09254e-17
 3.90471e-07 1.22964e-05 0.000228302 0.00249922 0.0161345 0.0614928 0.139076 0.19128 0.177244 0.144934 0.124055 0.0872384 0.0406895 0.0121655 0.00249814 0.000395415 5.08231e-05 5.02969e-06 3.61471e-07 1.84862e-08 6.64131e-10 1.63913e-11 2.71748e-13 2.98029e-15 2.13835e-17
 6.05126e-07 1.80351e-05 0.000316908 0.00328332 0.0200611 0.0723665 0.154945 0.201914 0.177681 0.138231 0.112092 0.074463 0.0329384 0.00945176 0.00189954 0.000297388 3.71535e-05 3.47596e-06 2.32213e-07 1.09996e-08 3.67853e-10 8.50643e-12 1.32425e-13 1.35855e-15 9.04529e-18
 8.4411e-07 2.38119e-05 0.000396035 0.00388372 0.0224633 0.076749 0.156034 0.195232 0.171456 0.140676 0.116939 0.074979 0.031162 0.00826469 0.00150437 0.000210663 2.38912e-05 2.08538e-06 1.3226e-07 5.96013e-09 1.87887e-10 4.04672e-12 5.81973e-14 5.50029e-16 3.37756e-18
 1.13237e-06 3.02381e-05 0.000476071 0.00441958 0.0242039 0.0783707 0.151631 0.183829 0.165381 0.146851 0.125514 0.0781629 0.031252 0.00812937 0.00150353 0.000217255 2.45253e-05 2.02083e-06 1.16912e-07 4.75354e-09 1.36096e-10 2.69708e-12 3.60335e-14 3.17303e-16 1.81137e-18
 1.77409e-06 4.4851e-05 0.000668525 0.00587562 0.0304636 0.0933786 0.17097 0.195755 0.165102 0.136121 0.108288 0.0630498 0.0235252 0.0056602 0.000955651 0.000125856 1.32311e-05 1.04445e-06 5.88859e-08 2.32853e-09 6.35863e-11 1.17247e-12 1.43081e-14 1.14131e-16 5.90284e-19
 2.46041e-06 5.88964e-05 0.000831235 0.00691778 0.033969 0.0987003 0.171975 0.190409 0.162132 0.138502 0.109047 0.0605308 0.0212742 0.00479585 0.000753248 9.13892e-05 8.78286e-06 6.30791e-07 3.2308e-08 1.16732e-09 2.9521e-11 5.11403e-13 5.91144e-15 4.46476e-17 2.1703e-19
#spawning biomass
 9597.65 7330.26 4900.22 5319.33 8085.6 11304 17536.2 23577.5 32006.8 38440.7 45936 58048.1 84853.9 98637.6 98578.5 86542.1 83291.6 87094.4 86213.3 81256.5 77718.5 83229.8 82337.1 90028.2 88558.2 95157.3 95397.5 88314.4 67257.6 71207.5 116881 69747.8 40194.9 26401 20785 18683.6 17940.4 17687.8 17604.3 17577.3 17568.7 17566 17565.2 17564.9 17564.8 17564.8 17564.8 17564.8 17564.8 17564.8 17564.8 17564.8 17564.8 17564.8 17564.8 17564.8 17564.8 17564.8 17564.8 17564.8 17564.8 17564.8 17564.8 17564.8 17564.8 17564.8 17564.8 17564.8 17564.8 17564.8 17564.8 17564.8 17564.8 17564.8 17564.8 17564.8 17564.8 17564.8 17564.8 17564.8 17564.8 17564.8 17564.8 17564.8 17564.8 17564.8 17564.8 17564.8 17564.8 17564.8 17564.8 17564.8 17564.8 17564.8 17564.8 17564.8 17564.8 17564.8 17564.8 17564.8 17564.8 17564.8 17564.8 17564.8 17564.8 17564.8 17564.8 17564.8 17564.8 17564.8 17564.8 17564.8 17564.8 17564.8 17564.8 17564.8 17564.8 17564.8 17564.8 17564.8 17564.8 17564.8 17564.8 17564.8 17564.8 17564.8 17564.8 17564.8 17564.8 0 0 0 0 0 0 0 0 0 0 0 0 0 0 0 0 0 0 0 0 0 0 0 0 0
