SBPRF35
0.819782
Curr Bio
131743
B35
695358
F35
0.206776
FOFL
0
OFL
0
Bzero
234224
#pred survey bio
 7063.14 6767.32 7729.35 11014.2 16603.8 18463.1 17143.9 22554.1 32665.1 47882.3 59738.7 81110.4 112330 128617 129361 109499 102469 93817.7 101286 101470 97985 102088 108986 116788 124125 130432 128730 138858 4.30399e+06 6.34983e+06 6.96718e+06 6.75187e+06 6.09632e+06 5.30063e+06 4.53822e+06 3.88637e+06 3.36477e+06 2.96444e+06 2.66543e+06 2.44597e+06 2.28662e+06 2.17148e+06 2.08755e+06 2.02538e+06 1.98129e+06 1.94971e+06 1.92685e+06 1.91014e+06 1.89777e+06 1.88853e+06 1.88154e+06 1.87621e+06 1.8721e+06 1.86891e+06 1.86642e+06 1.86445e+06 1.86288e+06 1.86164e+06 1.86064e+06 1.85984e+06 1.85919e+06 1.85867e+06 1.85824e+06 1.8579e+06 1.85762e+06 1.85739e+06 1.8572e+06 1.85705e+06 1.85693e+06 1.85683e+06 1.85675e+06 1.85668e+06 1.85662e+06 1.85658e+06 1.85654e+06 1.85651e+06 1.85649e+06 1.85647e+06 1.85645e+06 1.85644e+06 1.85643e+06 1.85642e+06 1.85641e+06 1.8564e+06 1.8564e+06 1.85639e+06 1.85639e+06 1.85639e+06 1.85639e+06 1.85638e+06 1.85638e+06 1.85638e+06 1.85638e+06 1.85638e+06 1.85638e+06 1.85638e+06 1.85638e+06 1.85638e+06 1.85638e+06 1.85638e+06 1.85638e+06 1.85638e+06 1.85638e+06 1.85638e+06 1.85638e+06 1.85638e+06 1.85638e+06 1.85638e+06 1.85638e+06 1.85638e+06 1.85638e+06 1.85638e+06 1.85638e+06 1.85638e+06 1.85638e+06 1.85638e+06 1.85638e+06 1.85638e+06 1.85638e+06 1.85638e+06 1.85638e+06 1.85638e+06 1.85638e+06 1.85638e+06 1.85638e+06 1.85638e+06 1.85638e+06 1.85638e+06 0 0 0 0 0 0 0 0 0 0 0 0 0 0 0 0 0 0 0 0 0 0 0 0 0
#obs survey bio
 6343.82 6635.23 8160.66 18733.8 20461.3 14924.1 22701 21200.1 48793.5 44440.7 77098.3 113777 128551 129764 112783 139298 102243 85485.4 79334.7 119701 107449 95047.3 100238 144080 146033 178352 159527 165705
#pred catch bio
 4897.93 5095.64 5516.14 7349.48 12115.4 14557.5 12783.3 16930.2 23298.2 36910.4 45407.6 60588.7 89548.9 102691 107974 90755 87974.6 76404.4 85451.3 87836.8 83361.7 86938.7 93647.3 101932 107504 114210 111691 102216 0 50900.3 55488.7 53260 47497.8 40698.2 34289.5 28890.9 24640.4 21439.6 19102.7 17434.2 16262.3 15448.7 14885.2 14493.9 14233.4 14060 13944.6 13867.7 13816.5 13782.4 13759.7 13744.6 13734.6 13727.9 13723.4 13720.4 13718.5 13717.1 13716.3 13715.7 13715.3 13715 13714.9 13714.8 13714.7 13714.6 13714.6 13714.6 13714.6 13714.5 13714.5 13714.5 13714.5 13714.5 13714.5 13714.5 13714.5 13714.5 13714.5 13714.5 13714.5 13714.5 13714.5 13714.5 13714.5 13714.5 13714.5 13714.5 13714.5 13714.5 13714.5 13714.5 13714.5 13714.5 13714.5 13714.5 13714.5 13714.5 13714.5 13714.5 13714.5 13714.5 13714.5 13714.5 13714.5 13714.5 13714.5 13714.5 13714.5 13714.5 13714.5 13714.5 13714.5 13714.5 13714.5 13714.5 13714.5 13714.5 13714.5 13714.5 13714.5 13714.5 13714.5 13714.5 13714.5 13714.5 13714.5 13714.5 0 0 0 0 0 0 0 0 0 0 0 0 0 0 0 0 0 0 0 0 0 0 0 0 0
#obs catch bio
 4978.3 5106.89 5422.27 7004.01 11800.2 14499.2 12503.1 16283.8 22061.5 36047.6 44213.1 58145.7 86267.6 99903.5 108527 90036.5 87148.7 75064.6 84659 86568.4 80474.6 84802.6 91358.2 97921.4 104628 108066 108994 101518
#pred cpue bio
 6273.34 5691.88 6284.97 8902.23 13638.9 15716 14226.7 17990.4 26023.5 38939.2 48189.8 64842.9 90624.8 104719 108294 90861.7 83853.5 76090.8 82334.6 81942.4 78777 81852 86966.5 92850.9 98039.2 104425 102742 109439 3.59794e+06 6.3106e+06 6.92795e+06 6.71264e+06 6.05709e+06 5.2614e+06 4.49899e+06 3.84714e+06 3.32554e+06 2.92521e+06 2.6262e+06 2.40674e+06 2.24739e+06 2.13225e+06 2.04832e+06 1.98615e+06 1.94206e+06 1.91048e+06 1.88762e+06 1.87091e+06 1.85854e+06 1.8493e+06 1.84231e+06 1.83698e+06 1.83288e+06 1.82968e+06 1.82719e+06 1.82522e+06 1.82365e+06 1.82241e+06 1.82141e+06 1.82061e+06 1.81996e+06 1.81944e+06 1.81901e+06 1.81867e+06 1.81839e+06 1.81816e+06 1.81798e+06 1.81782e+06 1.8177e+06 1.8176e+06 1.81752e+06 1.81745e+06 1.81739e+06 1.81735e+06 1.81731e+06 1.81728e+06 1.81726e+06 1.81724e+06 1.81722e+06 1.81721e+06 1.8172e+06 1.81719e+06 1.81718e+06 1.81717e+06 1.81717e+06 1.81716e+06 1.81716e+06 1.81716e+06 1.81716e+06 1.81715e+06 1.81715e+06 1.81715e+06 1.81715e+06 1.81715e+06 1.81715e+06 1.81715e+06 1.81715e+06 1.81715e+06 1.81715e+06 1.81715e+06 1.81715e+06 1.81715e+06 1.81715e+06 1.81715e+06 1.81715e+06 1.81715e+06 1.81715e+06 1.81715e+06 1.81715e+06 1.81715e+06 1.81715e+06 1.81715e+06 1.81715e+06 1.81715e+06 1.81715e+06 1.81715e+06 1.81715e+06 1.81715e+06 1.81715e+06 1.81715e+06 1.81715e+06 1.81715e+06 1.81715e+06 1.81715e+06 1.81715e+06 1.81715e+06 1.81715e+06 1.81715e+06 0 0 0 0 0 0 0 0 0 0 0 0 0 0 0 0 0 0 0 0 0 0 0 0 0
#obs cpue bio
 4816.93 6429.52 8101.27 14641.2 12775.8 18131 19307.6 35216.2 47324.2 43999.7 65063.9 89097.7 141540 137690 102450 90414 97189.9 107446 118673 94136 132250 122776 140311 153463 118286 204296 108104 100905
#pred surv len freq
 2.56589e-27 2.59568e-27 3.96321e-26 7.8208e-20 1.91718e-14 5.68093e-10 2.03481e-06 0.000880997 0.0461082 0.291693 0.223329 0.0375875 0.129198 0.119382 0.0301971 0.0392237 0.0181608 0.0157785 0.0106199 0.00871335 0.00728229 0.00662973 0.00694704 0.00632027 0.00194636
 2.56789e-27 2.60076e-27 4.36305e-26 8.6641e-20 2.1239e-14 6.2935e-10 2.25422e-06 0.000975993 0.05108 0.323146 0.247396 0.0407521 0.136374 0.125595 0.0241833 0.0236768 0.00932329 0.00605795 0.00332329 0.00228436 0.00165425 0.00133553 0.00126942 0.00117257 0.000397651
 2.5691e-27 2.60393e-27 4.63005e-26 9.2273e-20 2.26196e-14 6.7026e-10 2.40076e-06 0.00103944 0.0544004 0.344152 0.263443 0.0411827 0.128378 0.118092 0.0206987 0.017522 0.00597334 0.00258053 0.00108415 0.000553076 0.000311323 0.000208762 0.000171783 0.000152759 5.40447e-05
 2.56929e-27 2.60442e-27 4.67134e-26 9.31438e-20 2.28331e-14 6.76585e-10 2.42341e-06 0.00104925 0.0549138 0.347399 0.265924 0.0412442 0.127103 0.116901 0.0202494 0.0167791 0.00546834 0.0019462 0.000633762 0.000212811 8.10298e-05 3.92962e-05 2.56314e-05 2.05529e-05 7.29067e-06
 2.56853e-27 2.6024e-27 4.49393e-26 8.94015e-20 2.19157e-14 6.49401e-10 2.32605e-06 0.00100709 0.0527074 0.333442 0.255272 0.0416188 0.137438 0.126477 0.0226438 0.019832 0.00643371 0.00222371 0.000665228 0.000173964 4.17573e-05 1.21684e-05 5.25734e-06 3.41949e-06 1.16728e-06
 2.56664e-27 2.59725e-27 4.03833e-26 7.97901e-20 1.95596e-14 5.79585e-10 2.07598e-06 0.000898819 0.0470409 0.297594 0.227921 0.0429991 0.167158 0.15389 0.027275 0.0235059 0.00774107 0.00286012 0.000852187 0.000211287 4.07867e-05 7.13359e-06 1.57887e-06 6.71329e-07 2.06843e-07
 2.56806e-27 2.60115e-27 4.38694e-26 8.71444e-20 2.13624e-14 6.33006e-10 2.26732e-06 0.000981664 0.0513767 0.325023 0.248844 0.0416341 0.14207 0.130816 0.0245879 0.0231838 0.00760958 0.00275998 0.000843313 0.000219812 4.09997e-05 5.81151e-06 6.74683e-07 1.28991e-07 3.08637e-08
 2.56988e-27 2.60607e-27 4.81927e-26 9.62646e-20 2.35981e-14 6.99254e-10 2.50461e-06 0.0010844 0.0567536 0.359039 0.274802 0.0406353 0.116231 0.106903 0.0190862 0.0166551 0.00561374 0.00227582 0.000697068 0.000180688 3.52181e-05 4.93622e-06 4.39688e-07 3.39417e-08 4.31338e-09
 2.56986e-27 2.60594e-27 4.80115e-26 9.58823e-20 2.35044e-14 6.96477e-10 2.49466e-06 0.00108009 0.0565282 0.357613 0.273722 0.0412335 0.121542 0.111686 0.0178079 0.0125187 0.00410287 0.00151366 0.000482335 0.000136244 2.65996e-05 3.82631e-06 3.35082e-07 1.66732e-08 7.6795e-10
 2.56896e-27 2.6035e-27 4.58633e-26 9.13504e-20 2.23935e-14 6.63558e-10 2.37675e-06 0.00102904 0.0538564 0.340711 0.260824 0.0417418 0.134473 0.123659 0.020675 0.0160327 0.00500142 0.00142975 0.000424652 0.000113132 2.37735e-05 3.55364e-06 3.16843e-07 1.47125e-08 3.4333e-10
 2.56933e-27 2.60452e-27 4.67693e-26 9.32617e-20 2.2862e-14 6.77441e-10 2.42648e-06 0.00105057 0.0549832 0.347839 0.266262 0.0414445 0.12839 0.118048 0.0197281 0.0152919 0.00487173 0.00155192 0.000425543 9.05742e-05 1.74396e-05 2.6758e-06 2.52267e-07 1.18702e-08 2.33972e-10
 2.56972e-27 2.60557e-27 4.76971e-26 9.5219e-20 2.33418e-14 6.91659e-10 2.47741e-06 0.00107262 0.0561372 0.355139 0.271833 0.0412121 0.122707 0.112794 0.0186121 0.0140679 0.00447896 0.00142836 0.000406734 9.18887e-05 1.48533e-05 1.94596e-06 1.82714e-07 9.05324e-09 1.78149e-10
 2.56931e-27 2.60445e-27 4.66948e-26 9.31045e-20 2.28235e-14 6.763e-10 2.42239e-06 0.0010488 0.0548906 0.347253 0.265817 0.041583 0.129756 0.119283 0.0194777 0.0144068 0.00455899 0.00141201 0.00040074 9.17054e-05 1.56738e-05 1.87587e-06 1.46601e-07 7.07315e-09 1.4484e-10
 2.56888e-27 2.60325e-27 4.56202e-26 9.08376e-20 2.22677e-14 6.59833e-10 2.36341e-06 0.00102327 0.0535541 0.338798 0.259368 0.042039 0.137757 0.126636 0.0202285 0.0142665 0.00448952 0.00135573 0.000379655 8.48096e-05 1.45541e-05 1.80709e-06 1.33181e-07 5.43015e-09 1.06746e-10
 2.5675e-27 2.59952e-27 4.23214e-26 8.38786e-20 2.05618e-14 6.09283e-10 2.18235e-06 0.000944875 0.0494513 0.312843 0.239564 0.042965 0.158718 0.145994 0.0239405 0.0178587 0.00557151 0.00159353 0.000439413 9.57828e-05 1.6067e-05 1.98072e-06 1.49459e-07 5.76451e-09 9.81048e-11
 2.56798e-27 2.60085e-27 4.35314e-26 8.64311e-20 2.11876e-14 6.27825e-10 2.24876e-06 0.000973629 0.0509562 0.322363 0.246825 0.0423856 0.149208 0.137266 0.0232636 0.0185172 0.00585095 0.00178222 0.000486495 0.000101063 1.65247e-05 1.98443e-06 1.47975e-07 5.76979e-09 9.26856e-11
 2.56866e-27 2.60269e-27 4.51467e-26 8.98387e-20 2.20229e-14 6.52577e-10 2.33742e-06 0.00101201 0.0529652 0.335072 0.256523 0.0419948 0.13942 0.12821 0.021213 0.0161232 0.00516638 0.00169847 0.000477708 0.000104012 1.65014e-05 1.90393e-06 1.37863e-07 5.30304e-09 8.51488e-11
 2.56904e-27 2.60367e-27 4.59767e-26 9.15894e-20 2.2452e-14 6.65294e-10 2.38297e-06 0.00103174 0.0539973 0.341602 0.26151 0.0420831 0.136588 0.125521 0.0193772 0.0126055 0.00398376 0.00124237 0.000356878 8.33082e-05 1.38543e-05 1.60295e-06 1.11137e-07 4.137e-09 6.54424e-11
 2.56895e-27 2.60344e-27 4.57854e-26 9.1186e-20 2.23531e-14 6.62363e-10 2.37247e-06 0.00102719 0.0537595 0.340097 0.26036 0.0419921 0.136704 0.125668 0.0201413 0.0143042 0.00439281 0.00114948 0.000316622 7.13761e-05 1.24831e-05 1.53592e-06 1.08368e-07 3.88876e-09 5.94377e-11
 2.56923e-27 2.60421e-27 4.64545e-26 9.25975e-20 2.26992e-14 6.72617e-10 2.4092e-06 0.00104309 0.0545917 0.345362 0.264378 0.0419065 0.133229 0.122433 0.0190343 0.0125974 0.0039267 0.00112984 0.000297921 5.75967e-05 9.55272e-06 1.19613e-06 9.00632e-08 3.30962e-09 4.91551e-11
 2.56941e-27 2.60467e-27 4.68426e-26 9.34162e-20 2.28998e-14 6.78563e-10 2.4305e-06 0.00105231 0.0550743 0.348415 0.266711 0.0419497 0.131919 0.121188 0.0181781 0.0109535 0.0033625 0.000895627 0.000240819 4.95516e-05 7.38757e-06 8.31047e-07 6.24542e-08 2.42896e-09 3.70274e-11
 2.56953e-27 2.60501e-27 4.71473e-26 9.4059e-20 2.30574e-14 6.83233e-10 2.44723e-06 0.00105956 0.0554533 0.350813 0.268539 0.0418093 0.129566 0.119032 0.018053 0.011208 0.00339055 0.000815415 0.000210763 4.09991e-05 6.37146e-06 6.90078e-07 4.59311e-08 1.75244e-09 2.79658e-11
 2.56974e-27 2.60556e-27 4.76346e-26 9.5087e-20 2.33094e-14 6.907e-10 2.47397e-06 0.00107114 0.0560593 0.354647 0.271464 0.041675 0.126488 0.116188 0.0174889 0.0106381 0.00323181 0.000801494 0.000202183 3.57731e-05 5.237e-06 5.64519e-07 3.69576e-08 1.26839e-09 1.96318e-11
 2.56988e-27 2.60595e-27 4.79747e-26 9.58045e-20 2.34853e-14 6.95912e-10 2.49264e-06 0.00107922 0.0564824 0.357323 0.273507 0.0416322 0.124728 0.11455 0.016953 0.00982748 0.00297266 0.000721553 0.000182997 3.29521e-05 4.53194e-06 4.48766e-07 2.85451e-08 9.58071e-10 1.35955e-11
 2.57015e-27 2.60666e-27 4.85943e-26 9.71115e-20 2.38057e-14 7.05406e-10 2.52664e-06 0.00109394 0.0572529 0.362198 0.277227 0.0414994 0.121103 0.111193 0.0161485 0.0088361 0.00265004 0.000611245 0.00015284 2.70844e-05 3.76576e-06 3.61903e-07 2.10699e-08 6.76045e-10 9.29402e-12
 2.56957e-27 2.60508e-27 4.71869e-26 9.41425e-20 2.30779e-14 6.83839e-10 2.4494e-06 0.0010605 0.0555025 0.351124 0.26878 0.0420079 0.130908 0.120222 0.0173977 0.00941076 0.0027994 0.000607922 0.000148417 2.51191e-05 3.42407e-06 3.27999e-07 1.87122e-08 5.5482e-10 7.21949e-12
 2.56971e-27 2.60548e-27 4.75491e-26 9.49066e-20 2.32652e-14 6.8939e-10 2.46928e-06 0.0010691 0.055953 0.353974 0.270953 0.0418144 0.127909 0.117475 0.0172817 0.00983761 0.00292573 0.000627575 0.000150571 2.40857e-05 3.14997e-06 2.9098e-07 1.64077e-08 4.75998e-10 5.7827e-12
 2.57024e-27 2.60692e-27 4.88352e-26 9.76197e-20 2.39303e-14 7.09097e-10 2.53987e-06 0.00109967 0.0575525 0.364093 0.278673 0.0413648 0.119064 0.109327 0.0160943 0.00918216 0.00274969 0.0006216 0.000150061 2.36469e-05 2.97405e-06 2.59846e-07 1.4029e-08 3.98966e-10 4.72737e-12
#obs surv len freq
 1.65515e-41 2.29724e-33 3.85409e-26 7.81602e-20 1.91601e-14 5.67747e-10 2.03358e-06 0.00088047 0.0460803 0.291517 0.223341 0.0443124 0.163419 0.138808 0.0421902 0.0338948 0.0109456 0.00370459 0.000794461 0.00010331 5.92292e-06 1.07435e-07 4.55177e-10 3.61511e-13 4.66714e-17
 1.90752e-41 2.64751e-33 4.44175e-26 9.00778e-20 2.20815e-14 6.54316e-10 2.34365e-06 0.00101472 0.0531064 0.335967 0.257295 0.0440947 0.132333 0.106409 0.0334455 0.0253638 0.00791567 0.00250359 0.000491368 5.55986e-05 2.62657e-06 3.72291e-08 1.18403e-10 6.87828e-14 6.3925e-18
 1.92774e-41 2.67557e-33 4.48883e-26 9.10325e-20 2.23155e-14 6.6125e-10 2.36849e-06 0.00102548 0.0536693 0.339528 0.260096 0.0470956 0.141132 0.106195 0.0269646 0.0172007 0.00523633 0.00154938 0.000277061 2.71093e-05 1.04568e-06 1.14907e-08 2.73101e-11 1.15814e-14 7.74613e-19
 1.96668e-41 2.72962e-33 4.57951e-26 9.28716e-20 2.27664e-14 6.74609e-10 2.41634e-06 0.00104619 0.0547535 0.346387 0.265397 0.0487188 0.138727 0.0983455 0.0262825 0.0155453 0.00371666 0.000916336 0.000148941 1.2536e-05 3.92173e-07 3.32053e-09 5.8716e-12 1.81338e-15 8.72061e-20
 1.76225e-41 2.44588e-33 4.10348e-26 8.32177e-20 2.03998e-14 6.04484e-10 2.16516e-06 0.000937442 0.049062 0.310381 0.238098 0.0549449 0.17633 0.117309 0.0311038 0.0169624 0.00394655 0.000814183 0.000100539 7.00313e-06 1.7673e-07 1.14844e-09 1.50653e-12 3.38161e-16 1.16786e-20
 1.45293e-41 2.01658e-33 3.38323e-26 6.86112e-20 1.68192e-14 4.98384e-10 1.78513e-06 0.0007729 0.0404505 0.255904 0.196771 0.0624941 0.220842 0.140063 0.0490092 0.0266685 0.00581623 0.00108938 0.000111561 5.68331e-06 1.08632e-07 5.37044e-10 5.2194e-13 8.50925e-17 2.10929e-21
 2.09018e-41 2.90104e-33 4.86709e-26 9.87036e-20 2.4196e-14 7.16972e-10 2.56808e-06 0.00111189 0.0581919 0.36814 0.282154 0.0502831 0.11229 0.069004 0.0341023 0.0188631 0.00488395 0.000891374 7.91838e-05 3.1491e-06 4.25444e-08 1.49984e-10 1.06084e-13 1.25363e-17 2.23144e-22
 1.98872e-41 2.76021e-33 4.63083e-26 9.39123e-20 2.30215e-14 6.82169e-10 2.44342e-06 0.00105792 0.0553671 0.350271 0.268856 0.0601951 0.151608 0.0815875 0.0189008 0.00868269 0.00284844 0.000570423 5.10494e-05 1.69095e-06 1.69622e-08 4.13348e-11 2.01202e-14 1.67116e-18 2.11497e-23
 2.01752e-41 2.80019e-33 4.6979e-26 9.52724e-20 2.33549e-14 6.92049e-10 2.47881e-06 0.00107324 0.056169 0.355344 0.272856 0.0617863 0.144994 0.074442 0.0228111 0.00870641 0.00150117 0.000284556 2.79786e-05 8.80551e-07 7.15652e-09 1.26757e-11 4.24772e-15 2.39374e-19 2.07509e-24
 1.72782e-41 2.3981e-33 4.02331e-26 8.1592e-20 2.00013e-14 5.92675e-10 2.12287e-06 0.000919128 0.0481035 0.304323 0.234535 0.0762482 0.199322 0.0954008 0.0285959 0.0103902 0.0019124 0.000230112 1.66517e-05 5.09745e-07 3.71806e-09 5.24661e-12 1.28531e-15 5.04844e-20 2.986e-25
 2.01397e-41 2.79526e-33 4.68963e-26 9.51048e-20 2.33138e-14 6.90831e-10 2.47444e-06 0.00107135 0.0560701 0.354722 0.272764 0.0667967 0.14003 0.0667403 0.0295343 0.0102771 0.00178025 0.000200407 1.02737e-05 2.15319e-07 1.32477e-09 1.58763e-12 3.08497e-16 9.03673e-21 3.82065e-26
 1.84317e-41 2.55819e-33 4.2919e-26 8.70388e-20 2.13365e-14 6.32241e-10 2.26458e-06 0.000980487 0.0513148 0.324642 0.250571 0.0817729 0.180836 0.0759716 0.0237369 0.00821213 0.00176588 0.000185937 8.17364e-06 1.2181e-07 4.99389e-10 4.49307e-13 6.9577e-17 1.60289e-21 5.15208e-27
 1.92293e-41 2.6689e-33 4.47764e-26 9.08056e-20 2.22599e-14 6.59602e-10 2.36259e-06 0.00102292 0.0535355 0.338693 0.261451 0.0809536 0.160842 0.067264 0.0270776 0.00771706 0.00129039 0.000143674 6.07483e-06 7.32876e-08 2.13294e-10 1.27175e-13 1.3605e-17 2.30722e-22 5.62663e-28
 1.61358e-41 2.23954e-33 3.7573e-26 7.61972e-20 1.86789e-14 5.53488e-10 1.98251e-06 0.000858356 0.044923 0.284218 0.221318 0.104623 0.217867 0.0843391 0.0311952 0.0089769 0.00154026 0.000133549 5.05667e-06 5.5209e-08 1.27877e-10 5.48616e-14 3.97048e-18 4.50047e-23 7.52908e-29
 1.48274e-41 2.05794e-33 3.45263e-26 7.00186e-20 1.71642e-14 5.08608e-10 1.82175e-06 0.000788755 0.0412803 0.261181 0.204607 0.113132 0.223896 0.0939994 0.04682 0.0121976 0.00193227 0.000158827 4.83571e-06 4.26297e-08 8.25503e-11 2.80456e-14 1.49977e-18 1.19398e-23 1.36093e-29
 1.71658e-41 2.38249e-33 3.99713e-26 8.10609e-20 1.98711e-14 5.88818e-10 2.10905e-06 0.000913146 0.0477904 0.302367 0.235852 0.103181 0.177264 0.0764448 0.0415159 0.0123803 0.00213035 0.000154477 4.06462e-06 2.83295e-08 4.18247e-11 1.10688e-14 4.60223e-19 2.76742e-24 2.30247e-30
 1.68897e-41 2.34418e-33 3.93285e-26 7.97575e-20 1.95516e-14 5.7935e-10 2.07514e-06 0.000898463 0.047022 0.29752 0.233574 0.118377 0.191273 0.0699159 0.0303024 0.00924214 0.00173893 0.000131035 3.0049e-06 1.69275e-08 1.92438e-11 3.78181e-15 1.16487e-19 5.24246e-25 3.27183e-31
 1.69812e-41 2.35687e-33 3.95414e-26 8.01892e-20 1.96574e-14 5.82486e-10 2.08637e-06 0.000903326 0.0472766 0.299143 0.235803 0.123976 0.18482 0.0695259 0.0300454 0.00720591 0.00120519 9.19669e-05 2.01526e-06 9.6131e-09 8.54494e-12 1.2671e-15 2.87544e-20 9.40046e-26 4.2521e-32
 1.65334e-41 2.29472e-33 3.84987e-26 7.80746e-20 1.91391e-14 5.67126e-10 2.03135e-06 0.000879506 0.0460299 0.291278 0.231432 0.135638 0.188614 0.0694385 0.0289722 0.00672902 0.00092717 5.82804e-05 1.15803e-06 4.88756e-09 3.57835e-12 4.11195e-16 6.98197e-21 1.67682e-26 5.50674e-33
 1.74189e-41 2.41763e-33 4.05607e-26 8.22563e-20 2.01642e-14 5.97501e-10 2.14015e-06 0.000926612 0.0484953 0.30689 0.244042 0.134039 0.168766 0.0640344 0.0263007 0.00574988 0.000716677 3.62594e-05 5.63217e-07 1.95857e-09 1.18849e-12 1.09837e-16 1.44591e-21 2.61267e-27 6.32626e-34
 1.71592e-41 2.38159e-33 3.9956e-26 8.103e-20 1.98636e-14 5.88594e-10 2.10825e-06 0.000912798 0.0477724 0.302352 0.242821 0.147514 0.171959 0.0594873 0.0219742 0.00465631 0.000525735 2.23947e-05 2.68308e-07 6.98577e-10 3.25134e-13 2.34944e-17 2.4155e-22 3.36404e-28 6.17295e-35
 1.71886e-41 2.38567e-33 4.00246e-26 8.1169e-20 1.98976e-14 5.89603e-10 2.11186e-06 0.000914364 0.0478544 0.302907 0.245068 0.153511 0.165543 0.0593882 0.0206246 0.00379206 0.000379977 1.3817e-05 1.31238e-07 2.55712e-10 8.6732e-14 4.58612e-18 3.5025e-23 3.66451e-29 5.07047e-36
 1.7174e-41 2.38364e-33 3.99904e-26 8.10998e-20 1.98807e-14 5.891e-10 2.11006e-06 0.000913584 0.0478137 0.302699 0.247209 0.161342 0.16072 0.0569721 0.0187954 0.00324947 0.000274178 8.1776e-06 6.20847e-08 9.24283e-11 2.31024e-14 8.81119e-19 4.81827e-24 3.62009e-30 3.62452e-37
 1.74937e-41 2.42801e-33 4.07349e-26 8.26096e-20 2.02508e-14 6.00067e-10 2.14934e-06 0.000930591 0.0487039 0.308387 0.253678 0.165392 0.151381 0.0526743 0.0160863 0.00257026 0.000189831 4.5589e-06 2.6757e-08 3.03542e-11 5.66866e-15 1.5832e-19 6.2436e-25 3.35012e-31 2.38397e-38
 1.68437e-41 2.3378e-33 3.92214e-26 7.95402e-20 1.94983e-14 5.77771e-10 2.06948e-06 0.000896014 0.0468946 0.297041 0.249188 0.181241 0.155191 0.052528 0.0147428 0.00213572 0.000136318 2.67934e-06 1.21203e-08 1.0256e-11 1.4142e-15 2.89932e-20 8.32926e-26 3.22895e-32 1.64805e-39
 1.60069e-41 2.22165e-33 3.72729e-26 7.55886e-20 1.85297e-14 5.49068e-10 1.96667e-06 0.000851501 0.0445653 0.282437 0.242804 0.196431 0.159768 0.0563369 0.0147882 0.0019109 0.000103425 1.647e-06 5.78711e-09 3.67107e-12 3.70838e-16 5.51257e-21 1.14457e-26 3.20227e-33 1.17734e-40
 1.5934e-41 2.21153e-33 3.7103e-26 7.52443e-20 1.84452e-14 5.46566e-10 1.95771e-06 0.000847622 0.0443627 0.281281 0.245284 0.199749 0.154197 0.0576818 0.0147486 0.00176539 8.04385e-05 1.02166e-06 2.76624e-09 1.31923e-12 9.82982e-17 1.06249e-21 1.58898e-27 3.18594e-34 8.37695e-42
 1.64206e-41 2.27907e-33 3.82362e-26 7.75422e-20 1.90086e-14 5.63258e-10 2.0175e-06 0.000873509 0.0457181 0.289994 0.254909 0.199216 0.142681 0.0521563 0.0129173 0.00147383 5.82699e-05 5.92063e-07 1.22412e-09 4.35861e-13 2.39257e-17 1.88688e-22 2.04318e-28 2.94772e-35 5.55017e-43
#pred catch len freq
 2.56476e-27 2.59267e-27 3.70291e-26 7.27169e-20 1.78257e-14 5.28206e-10 1.89195e-06 0.000819141 0.0428709 0.271213 0.207694 0.0378027 0.14182 0.131081 0.0331563 0.0430675 0.0199405 0.0173248 0.0116607 0.00956724 0.00799594 0.00727943 0.00762784 0.00693964 0.0021371
 2.56721e-27 2.59892e-27 4.20146e-26 8.32321e-20 2.04033e-14 6.04587e-10 2.16553e-06 0.000937592 0.0490702 0.310432 0.237694 0.0411361 0.146113 0.134589 0.0259152 0.0253724 0.00999098 0.0064918 0.00356129 0.00244796 0.00177272 0.00143118 0.00136033 0.00125654 0.000426129
 2.56831e-27 2.60178e-27 4.43988e-26 8.82612e-20 2.16362e-14 6.41118e-10 2.29638e-06 0.000994244 0.0520351 0.329189 0.252026 0.0417364 0.140612 0.129381 0.0226773 0.019197 0.00654435 0.00282721 0.00118778 0.000605946 0.000341083 0.000228718 0.000188204 0.000167362 5.9211e-05
 2.5683e-27 2.60176e-27 4.43532e-26 8.81648e-20 2.16125e-14 6.40418e-10 2.29387e-06 0.000993158 0.0519783 0.328829 0.251755 0.0419533 0.142454 0.131064 0.0227027 0.0188119 0.00613084 0.00218199 0.000710544 0.000238594 9.08467e-05 4.4057e-05 2.87367e-05 2.30429e-05 8.17395e-06
 2.56778e-27 2.60036e-27 4.3138e-26 8.56014e-20 2.09842e-14 6.21798e-10 2.22718e-06 0.000964282 0.050467 0.319269 0.244458 0.0421466 0.149052 0.137195 0.0245628 0.0215127 0.00697896 0.00241217 0.000721604 0.000188707 4.52961e-05 1.31997e-05 5.70289e-06 3.70928e-06 1.26621e-06
 2.56612e-27 2.59585e-27 3.91422e-26 7.71719e-20 1.89178e-14 5.60567e-10 2.00786e-06 0.000869326 0.0454974 0.287829 0.22047 0.0433649 0.175176 0.16129 0.0285865 0.0246361 0.00811328 0.00299764 0.000893162 0.000221446 4.27478e-05 7.47659e-06 1.65479e-06 7.03608e-07 2.16788e-07
 2.56736e-27 2.59925e-27 4.21988e-26 8.36202e-20 2.04985e-14 6.07407e-10 2.17563e-06 0.000941965 0.049299 0.311879 0.238815 0.0421012 0.152671 0.140605 0.0264278 0.0249186 0.00817899 0.00296651 0.000906417 0.00023626 4.40677e-05 6.24637e-06 7.25168e-07 1.38643e-07 3.31731e-08
 2.56931e-27 2.60451e-27 4.68174e-26 9.33635e-20 2.28869e-14 6.78181e-10 2.42913e-06 0.00105172 0.0550433 0.348219 0.266546 0.0410359 0.12508 0.115069 0.0205443 0.0179274 0.00604258 0.00244967 0.000750318 0.000194491 3.79084e-05 5.31331e-06 4.73276e-07 3.65346e-08 4.64289e-09
 2.56913e-27 2.60394e-27 4.6235e-26 9.21346e-20 2.25857e-14 6.69254e-10 2.39716e-06 0.00103788 0.0543188 0.343635 0.263058 0.0418043 0.133378 0.122597 0.0195477 0.0137418 0.00450371 0.00166154 0.000529459 0.000149555 2.91984e-05 4.20014e-06 3.67819e-07 1.83022e-08 8.42978e-10
 2.56843e-27 2.60207e-27 4.45967e-26 8.86785e-20 2.17385e-14 6.44149e-10 2.30724e-06 0.000998945 0.0522812 0.330745 0.253221 0.0421374 0.142825 0.131362 0.0219629 0.0170315 0.00531299 0.00151882 0.000451106 0.00012018 2.52545e-05 3.77502e-06 3.36581e-07 1.5629e-08 3.64718e-10
 2.56877e-27 2.603e-27 4.54222e-26 9.042e-20 2.21654e-14 6.56799e-10 2.35255e-06 0.00101856 0.0533079 0.33724 0.258176 0.0418643 0.137265 0.126234 0.0210962 0.0163523 0.00520955 0.00165954 0.000455052 9.6855e-05 1.86489e-05 2.86135e-06 2.6976e-07 1.26934e-08 2.50196e-10
 2.56912e-27 2.60395e-27 4.6257e-26 9.21809e-20 2.2597e-14 6.69591e-10 2.39836e-06 0.0010384 0.0543461 0.343808 0.263188 0.0416652 0.132229 0.121575 0.0200612 0.0151632 0.00482766 0.00153956 0.000438399 9.90426e-05 1.60097e-05 2.09746e-06 1.96938e-07 9.75806e-09 1.92018e-10
 2.56893e-27 2.60341e-27 4.57757e-26 9.11655e-20 2.23481e-14 6.62215e-10 2.37194e-06 0.00102696 0.0537474 0.340021 0.2603 0.0418749 0.135854 0.124906 0.0203957 0.0150858 0.00477388 0.00147856 0.000419629 9.60279e-05 1.64126e-05 1.96429e-06 1.53511e-07 7.40654e-09 1.51667e-10
 2.56849e-27 2.60219e-27 4.46782e-26 8.88504e-20 2.17806e-14 6.45398e-10 2.31171e-06 0.00100088 0.0523825 0.331386 0.253714 0.0423434 0.144047 0.132434 0.0211547 0.0149197 0.00469507 0.00141781 0.000397038 8.86927e-05 1.52204e-05 1.88983e-06 1.39279e-07 5.67878e-09 1.11634e-10
 2.56727e-27 2.5989e-27 4.17778e-26 8.27316e-20 2.02806e-14 6.00952e-10 2.15251e-06 0.000931954 0.0487751 0.308565 0.2363 0.0431375 0.162324 0.149319 0.0244857 0.0182655 0.00569839 0.00162982 0.00044942 9.79642e-05 1.64329e-05 2.02583e-06 1.52863e-07 5.8958e-09 1.00339e-10
 2.56773e-27 2.60017e-27 4.29264e-26 8.51549e-20 2.08747e-14 6.18555e-10 2.21556e-06 0.000959252 0.0502038 0.317603 0.243193 0.0425723 0.15318 0.140931 0.0238846 0.0190115 0.00600714 0.00182979 0.000499481 0.00010376 1.69658e-05 2.03741e-06 1.51925e-07 5.92381e-09 9.51598e-11
 2.56859e-27 2.60249e-27 4.49678e-26 8.94613e-20 2.19304e-14 6.49836e-10 2.3276e-06 0.00100776 0.0527427 0.333665 0.255449 0.0420509 0.140601 0.129299 0.0213933 0.0162602 0.00521028 0.0017129 0.000481768 0.000104896 1.66416e-05 1.92011e-06 1.39034e-07 5.34811e-09 8.58724e-11
 2.56874e-27 2.60285e-27 4.52437e-26 9.00433e-20 2.2073e-14 6.54063e-10 2.34274e-06 0.00101432 0.0530858 0.335835 0.257111 0.0423257 0.141525 0.130071 0.0200797 0.0130625 0.00412817 0.00128741 0.000369815 8.63282e-05 1.43565e-05 1.66106e-06 1.15166e-07 4.28697e-09 6.78148e-11
 2.56879e-27 2.60302e-27 4.54176e-26 9.04101e-20 2.2163e-14 6.56728e-10 2.35229e-06 0.00101845 0.0533021 0.337204 0.258152 0.042111 0.13916 0.127933 0.0205043 0.014562 0.00447197 0.0011702 0.000322328 7.26623e-05 1.2708e-05 1.5636e-06 1.10321e-07 3.95883e-09 6.05087e-11
 2.5692e-27 2.60412e-27 4.63761e-26 9.24321e-20 2.26586e-14 6.71415e-10 2.4049e-06 0.00104123 0.0544941 0.344745 0.263908 0.0419324 0.133757 0.122919 0.0191099 0.0126474 0.0039423 0.00113433 0.000299105 5.78255e-05 9.59067e-06 1.20089e-06 9.04211e-08 3.32277e-09 4.93504e-11
 2.5693e-27 2.60437e-27 4.65792e-26 9.28605e-20 2.27636e-14 6.74527e-10 2.41604e-06 0.00104605 0.0547467 0.346343 0.265129 0.0420389 0.133709 0.122838 0.0184255 0.0111026 0.00340827 0.000907818 0.000244097 5.02261e-05 7.48812e-06 8.42359e-07 6.33043e-08 2.46202e-09 3.75314e-11
 2.56943e-27 2.60473e-27 4.68977e-26 9.35325e-20 2.29284e-14 6.79408e-10 2.43353e-06 0.00105362 0.0551429 0.348849 0.267041 0.0418934 0.131259 0.120591 0.0182896 0.0113548 0.00343498 0.0008261 0.000213525 4.15363e-05 6.45495e-06 6.99121e-07 4.6533e-08 1.7754e-09 2.83322e-11
 2.56967e-27 2.60539e-27 4.74829e-26 9.47669e-20 2.3231e-14 6.88375e-10 2.46564e-06 0.00106753 0.0558706 0.353453 0.270554 0.0417264 0.127519 0.117138 0.0176319 0.0107251 0.00325824 0.000808047 0.000203836 3.60655e-05 5.27981e-06 5.69134e-07 3.72598e-08 1.27876e-09 1.97923e-11
 2.56989e-27 2.60597e-27 4.79877e-26 9.58317e-20 2.3492e-14 6.9611e-10 2.49335e-06 0.00107952 0.0564984 0.357424 0.273585 0.0416278 0.12464 0.114469 0.016941 0.00982051 0.00297055 0.000721041 0.000182868 3.29287e-05 4.52872e-06 4.48447e-07 2.85249e-08 9.57391e-10 1.35859e-11
 2.57012e-27 2.60659e-27 4.85288e-26 9.69732e-20 2.37718e-14 7.04401e-10 2.52305e-06 0.00109238 0.0571714 0.361682 0.276834 0.0415221 0.121553 0.111607 0.0162086 0.00886901 0.00265991 0.000613522 0.000153409 2.71852e-05 3.77979e-06 3.63251e-07 2.11484e-08 6.78563e-10 9.32863e-12
 2.56959e-27 2.60514e-27 4.72358e-26 9.42456e-20 2.31032e-14 6.84588e-10 2.45208e-06 0.00106166 0.0555633 0.351509 0.269073 0.0419909 0.130572 0.119913 0.017353 0.00938657 0.0027922 0.000606358 0.000148035 2.50545e-05 3.41526e-06 3.27155e-07 1.86641e-08 5.53393e-10 7.20093e-12
 2.56969e-27 2.60542e-27 4.7499e-26 9.48008e-20 2.32393e-14 6.88622e-10 2.46653e-06 0.00106791 0.0558907 0.35358 0.270652 0.0418317 0.128251 0.11779 0.0173282 0.00986407 0.0029336 0.000629263 0.000150976 2.41505e-05 3.15844e-06 2.91763e-07 1.64518e-08 4.77279e-10 5.79825e-12
 2.56963e-27 2.60526e-27 4.7358e-26 9.45035e-20 2.31664e-14 6.86462e-10 2.45879e-06 0.00106456 0.0557153 0.352471 0.269806 0.0418731 0.129161 0.118629 0.0174638 0.00996349 0.00298367 0.000674493 0.00016283 2.5659e-05 3.22712e-06 2.81957e-07 1.52227e-08 4.32915e-10 5.12963e-12
#obs catch len freq
 1.63678e-41 2.27175e-33 3.81133e-26 7.72929e-20 1.89474e-14 5.61448e-10 2.01101e-06 0.000870699 0.0455689 0.288283 0.220872 0.0443397 0.165179 0.140361 0.0431479 0.0349133 0.011477 0.00397678 0.00088259 0.000119222 7.12044e-06 1.34433e-07 5.90777e-10 4.84925e-13 6.45036e-17
 1.66222e-41 2.30705e-33 3.87056e-26 7.84941e-20 1.92419e-14 5.70173e-10 2.04227e-06 0.000884231 0.0462771 0.292763 0.224356 0.0463811 0.166963 0.134316 0.0420357 0.0318808 0.0101261 0.0032713 0.000662517 7.79239e-05 3.83674e-06 5.65383e-08 1.8617e-10 1.11481e-13 1.06403e-17
 1.92059e-41 2.66565e-33 4.47219e-26 9.06951e-20 2.22328e-14 6.58799e-10 2.35971e-06 0.00102167 0.0534703 0.338269 0.259111 0.0458457 0.134066 0.101861 0.0330212 0.023507 0.00721589 0.00216696 0.000399027 4.04712e-05 1.62568e-06 1.85649e-08 4.56311e-11 1.99175e-14 1.36577e-18
 1.94608e-41 2.70103e-33 4.53154e-26 9.18988e-20 2.25279e-14 6.67543e-10 2.39103e-06 0.00103523 0.05418 0.342759 0.262634 0.0490093 0.141847 0.100444 0.0261088 0.0157202 0.00470756 0.00131479 0.000219043 1.90309e-05 6.18003e-07 5.42898e-09 9.92047e-12 3.15105e-15 1.55212e-19
 1.99011e-41 2.76213e-33 4.63405e-26 9.39777e-20 2.30375e-14 6.82644e-10 2.44512e-06 0.00105865 0.0554056 0.350513 0.268625 0.0506516 0.138326 0.0921165 0.0252444 0.0139236 0.00324782 0.00076194 0.000114562 8.47842e-06 2.21123e-07 1.48564e-09 2.01006e-12 4.63621e-16 1.63914e-20
 1.79336e-41 2.48906e-33 4.17592e-26 8.46868e-20 2.076e-14 6.15156e-10 2.20339e-06 0.000953992 0.0499281 0.315862 0.242397 0.0575415 0.175179 0.109264 0.0296844 0.0150486 0.00340383 0.000655758 7.5068e-05 4.57868e-06 9.54228e-08 4.88553e-10 4.8815e-13 8.16081e-17 2.06868e-21
 1.49255e-41 2.07156e-33 3.47547e-26 7.04818e-20 1.72778e-14 5.11972e-10 1.8338e-06 0.000793972 0.0415534 0.262882 0.20227 0.0660697 0.219316 0.130673 0.0470455 0.0234805 0.00496749 0.000863022 8.04404e-05 3.57212e-06 5.62625e-08 2.17872e-10 1.6059e-13 1.94488e-17 3.53312e-22
 2.12561e-41 2.9502e-33 4.94958e-26 1.00376e-19 2.46061e-14 7.29124e-10 2.6116e-06 0.00113073 0.0591781 0.37438 0.287012 0.0519717 0.109378 0.0635294 0.0322463 0.0163378 0.00409583 0.000681591 5.45206e-05 1.86107e-06 2.06037e-08 5.68342e-11 3.04076e-14 2.66307e-18 3.46866e-23
 2.02808e-41 2.81484e-33 4.72248e-26 9.5771e-20 2.34771e-14 6.9567e-10 2.49178e-06 0.00107885 0.0564629 0.357204 0.274294 0.0624343 0.146972 0.0737267 0.0173947 0.00756898 0.0023918 0.000434075 3.42627e-05 9.59256e-07 7.79898e-09 1.48113e-11 5.45027e-15 3.35146e-19 3.09973e-24
 2.05965e-41 2.85866e-33 4.79599e-26 9.72618e-20 2.38426e-14 7.06499e-10 2.53057e-06 0.00109565 0.0573418 0.362765 0.27868 0.0639293 0.139551 0.0670548 0.0208774 0.00724503 0.00122138 0.000216209 1.84546e-05 4.81848e-07 3.1285e-09 4.28813e-12 1.0838e-15 4.52045e-20 2.86281e-25
 1.77956e-41 2.46991e-33 4.14379e-26 8.40352e-20 2.06002e-14 6.10423e-10 2.18643e-06 0.00094665 0.0495439 0.313438 0.24176 0.0795431 0.192194 0.0860666 0.0261144 0.00869274 0.0015211 0.000167029 1.08557e-05 2.73547e-07 1.57009e-09 1.69748e-12 3.12229e-16 9.06612e-21 3.91842e-26
 2.06171e-41 2.86152e-33 4.80079e-26 9.73591e-20 2.38664e-14 7.07206e-10 2.5331e-06 0.00109674 0.0573992 0.363131 0.279391 0.0689179 0.13329 0.060153 0.0266573 0.00842778 0.00138662 0.000140149 6.28312e-06 1.10226e-07 5.33569e-10 4.85557e-13 7.03914e-17 1.5199e-21 4.69305e-27
 1.89793e-41 2.6342e-33 4.41942e-26 8.96249e-20 2.19705e-14 6.51026e-10 2.33187e-06 0.00100962 0.0528394 0.33429 0.258255 0.084617 0.171757 0.067677 0.0212219 0.00683066 0.00136659 0.000127614 4.82558e-06 5.91537e-08 1.91716e-10 1.31234e-13 1.50995e-17 2.55386e-22 5.98242e-28
 1.97763e-41 2.74482e-33 4.605e-26 9.33885e-20 2.28931e-14 6.78364e-10 2.42979e-06 0.00105201 0.0550583 0.34833 0.269133 0.0833835 0.15168 0.0601574 0.0238969 0.00621816 0.000986991 9.74841e-05 3.46825e-06 3.39165e-08 7.72435e-11 3.50263e-14 2.78681e-18 3.46279e-23 6.13599e-29
 1.6781e-41 2.32909e-33 3.90753e-26 7.92439e-20 1.94257e-14 5.75619e-10 2.06177e-06 0.000892677 0.0467192 0.295587 0.230551 0.108449 0.206117 0.0756056 0.0275159 0.00731387 0.00115542 8.89193e-05 2.84506e-06 2.48084e-08 4.44565e-11 1.44224e-14 7.75338e-19 6.44121e-24 7.82215e-30
 1.55134e-41 2.15315e-33 3.61236e-26 7.3258e-20 1.79583e-14 5.32138e-10 1.90603e-06 0.000825246 0.0431901 0.273271 0.214529 0.117514 0.212129 0.0860312 0.0411139 0.00984782 0.00144034 0.000103425 2.63253e-06 1.85491e-08 2.75976e-11 7.04026e-15 2.78694e-19 1.62508e-24 1.34562e-30
 1.78444e-41 2.47669e-33 4.15516e-26 8.42658e-20 2.06568e-14 6.12098e-10 2.19244e-06 0.000949249 0.04968 0.314329 0.245586 0.106055 0.165927 0.0697527 0.0360741 0.0100011 0.00154544 9.73473e-05 2.11848e-06 1.1688e-08 1.32276e-11 2.62063e-15 8.03559e-20 3.53099e-25 2.13311e-31
 1.75733e-41 2.43905e-33 4.09201e-26 8.29852e-20 2.03429e-14 6.02796e-10 2.15912e-06 0.000934823 0.048925 0.30957 0.243541 0.121276 0.178012 0.0627707 0.0261486 0.00747807 0.00125925 8.08611e-05 1.51251e-06 6.69341e-09 5.79669e-12 8.5024e-16 1.92752e-20 6.32457e-26 2.86024e-32
 1.76753e-41 2.45321e-33 4.11577e-26 8.34669e-20 2.04609e-14 6.06295e-10 2.17165e-06 0.000940249 0.049209 0.311382 0.24601 0.126527 0.17131 0.0625699 0.0254275 0.00569988 0.000864719 5.58952e-05 9.83842e-07 3.64224e-09 2.45151e-12 2.70324e-16 4.50475e-21 1.07221e-26 3.50955e-33
 1.72445e-41 2.39343e-33 4.01547e-26 8.1433e-20 1.99623e-14 5.91521e-10 2.11873e-06 0.000917337 0.0480099 0.303823 0.242054 0.138093 0.174377 0.0624179 0.0243811 0.00524329 0.000646016 3.46355e-05 5.50229e-07 1.78387e-09 9.80967e-13 8.3442e-17 1.03785e-21 1.81197e-27 4.30209e-34
 1.81248e-41 2.51561e-33 4.22045e-26 8.559e-20 2.09814e-14 6.21716e-10 2.22689e-06 0.000964165 0.0504607 0.319345 0.254601 0.135544 0.154996 0.0573341 0.0218386 0.00440783 0.000484979 2.06721e-05 2.5681e-07 6.84091e-10 3.09998e-13 2.11006e-17 2.0282e-22 2.65949e-28 4.65125e-35
 1.78704e-41 2.4803e-33 4.16121e-26 8.43885e-20 2.06869e-14 6.12989e-10 2.19563e-06 0.000950631 0.0497525 0.314908 0.253667 0.148632 0.157256 0.0528159 0.0181292 0.00352689 0.000347932 1.23313e-05 1.17144e-07 2.33171e-10 8.08927e-14 4.29139e-18 3.21112e-23 3.23744e-29 4.28451e-36
 1.79058e-41 2.48521e-33 4.16946e-26 8.45558e-20 2.07279e-14 6.14205e-10 2.19998e-06 0.000952516 0.0498512 0.315577 0.256135 0.154046 0.15103 0.0525688 0.0167611 0.00282249 0.000245812 7.35348e-06 5.48776e-08 8.13029e-11 2.05099e-14 7.95001e-19 4.40995e-24 3.33224e-30 3.31808e-37
 1.7898e-41 2.48412e-33 4.16763e-26 8.45187e-20 2.07188e-14 6.13935e-10 2.19902e-06 0.000952098 0.0498295 0.315499 0.258535 0.161197 0.146144 0.0501428 0.0151513 0.0023708 0.000172331 4.20381e-06 2.48876e-08 2.80144e-11 5.19112e-15 1.44901e-19 5.74935e-25 3.116e-31 2.24162e-38
 1.8209e-41 2.52729e-33 4.24005e-26 8.59874e-20 2.10788e-14 6.24604e-10 2.23723e-06 0.000968643 0.0506956 0.321045 0.264998 0.164417 0.137104 0.0459906 0.0128197 0.00184175 0.000115833 2.25387e-06 1.02656e-08 8.76848e-12 1.21011e-15 2.46872e-20 7.05695e-26 2.73001e-32 1.39528e-39
 1.75764e-41 2.43948e-33 4.09274e-26 8.3e-20 2.03465e-14 6.02903e-10 2.1595e-06 0.000934989 0.0489347 0.310025 0.261093 0.179724 0.140452 0.0456074 0.0116404 0.00150439 8.10642e-05 1.27851e-06 4.45877e-09 2.83098e-12 2.87789e-16 4.30158e-21 8.94582e-27 2.49846e-33 9.15568e-41
 1.67579e-41 2.32589e-33 3.90216e-26 7.91349e-20 1.9399e-14 5.74828e-10 2.05894e-06 0.00089145 0.0466565 0.295771 0.255377 0.194567 0.145018 0.048768 0.0115661 0.00132216 5.99002e-05 7.594e-07 2.04454e-09 9.69283e-13 7.20211e-17 7.79391e-22 1.17003e-27 2.35594e-34 6.2142e-42
 1.66905e-41 2.31654e-33 3.88647e-26 7.88168e-20 1.9321e-14 5.72517e-10 2.05066e-06 0.000887867 0.0464696 0.294738 0.258125 0.197265 0.140139 0.0497001 0.0114323 0.00119569 4.51606e-05 4.53345e-07 9.35683e-10 3.32303e-13 1.81705e-17 1.42776e-22 1.54248e-28 2.22431e-35 4.19315e-43
#spawning biomass
 6871.84 6506.9 7379.84 10503.2 15886 17796.6 16437.4 21450.5 31058.6 45717.6 56944.2 77175.4 107077 122831 124254 104984 97961.8 89526.5 96698.4 96744 93336.6 97191.5 103659 110997 117816 124138 122442 131743 172201 300773 327872 314754 280836 240812 203088 171311 146291 127450 113694 103873 96975.1 92186 88868.9 86566 85032.7 84011.9 83332.2 82879.7 82578.4 82377.8 82244.3 82155.4 82096.2 82056.8 82030.5 82013 82001.4 81993.7 81988.5 81985.1 81982.8 81981.3 81980.3 81979.6 81979.1 81978.8 81978.6 81978.5 81978.4 81978.4 81978.3 81978.3 81978.3 81978.3 81978.3 81978.3 81978.2 81978.2 81978.2 81978.2 81978.2 81978.2 81978.2 81978.2 81978.2 81978.2 81978.2 81978.2 81978.2 81978.2 81978.2 81978.2 81978.2 81978.2 81978.2 81978.2 81978.2 81978.2 81978.2 81978.2 81978.2 81978.2 81978.2 81978.2 81978.2 81978.2 81978.2 81978.2 81978.2 81978.2 81978.2 81978.2 81978.2 81978.2 81978.2 81978.2 81978.2 81978.2 81978.2 81978.2 81978.2 81978.2 81978.2 81978.2 81978.2 81978.2 81978.2 81978.2 0 0 0 0 0 0 0 0 0 0 0 0 0 0 0 0 0 0 0 0 0 0 0 0 0
