SBPRF35
0.119956
Curr Bio
50142.9
B35
110800
F35
0.451505
FOFL
0.176235
OFL
19077.5
Bzero
34273.1
#pred survey bio
 5773.45 8416.37 8983.45 8265.64 10960 15105.2 15980.2 19589.3 33297.2 54407.3 78121.6 93197.4 116765 145763 164569 137081 124315 115061 124903 122983 128090 146250 153121 153988 168581 184694 173094 171586 5.78951e+06 3.43183e+06 2.25547e+06 1.3923e+06 925498 700338 596921 550042 528573 518487 513585 511115 509829 509140 508763 508553 508435 508369 508331 508309 508297 508290 508286 508283 508282 508281 508281 508281 508280 508280 508280 508280 508280 508280 508280 508280 508280 508280 508280 508280 508280 508280 508280 508280 508280 508280 508280 508280 508280 508280 508280 508280 508280 508280 508280 508280 508280 508280 508280 508280 508280 508280 508280 508280 508280 508280 508280 508280 508280 508280 508280 508280 508280 508280 508280 508280 508280 508280 508280 508280 508280 508280 508280 508280 508280 508280 508280 508280 508280 508280 508280 508280 508280 508280 508280 508280 508280 508280 508280 508280 0 0 0 0 0 0 0 0 0 0 0 0 0 0 0 0 0 0 0 0 0 0 0 0 0
#obs survey bio
 4890.03 7760.81 9113.77 8027.95 13221 17309.5 17833.4 22733 55630.2 46836.7 86766.9 160323 124362 98242.5 132133 175556 85273.9 95346.5 118508 101181 132213 135086 174426 142146 157949 145584 156898 166138
#pred catch bio
 2562.25 5297.25 6086.31 5254.03 6661.87 9897.35 10462.8 11848.1 18751 32499.5 52044.2 60203.8 75462.3 91704.5 115232 93180.1 86317.2 74677.7 85254.2 82967.5 80857.4 96039.9 100858 97318.5 105673 122153 109816 113139 19077.5 45867.6 28640.9 16895 10896.9 8194.57 7061.61 6607.4 6430.52 6362.94 6337.46 6327.94 6324.4 6323.09 6322.61 6322.43 6322.36 6322.34 6322.33 6322.33 6322.33 6322.33 6322.33 6322.33 6322.33 6322.33 6322.33 6322.33 6322.33 6322.33 6322.33 6322.33 6322.33 6322.33 6322.33 6322.33 6322.33 6322.33 6322.33 6322.33 6322.33 6322.33 6322.33 6322.33 6322.33 6322.33 6322.33 6322.33 6322.33 6322.33 6322.33 6322.33 6322.33 6322.33 6322.33 6322.33 6322.33 6322.33 6322.33 6322.33 6322.33 6322.33 6322.33 6322.33 6322.33 6322.33 6322.33 6322.33 6322.33 6322.33 6322.33 6322.33 6322.33 6322.33 6322.33 6322.33 6322.33 6322.33 6322.33 6322.33 6322.33 6322.33 6322.33 6322.33 6322.33 6322.33 6322.33 6322.33 6322.33 6322.33 6322.33 6322.33 6322.33 6322.33 6322.33 6322.33 6322.33 6322.33 6322.33 6322.33 0 0 0 0 0 0 0 0 0 0 0 0 0 0 0 0 0 0 0 0 0 0 0 0 0
#obs catch bio
 5613.35 5414.41 6116.11 5220.83 6544.71 9708.15 10402.5 11674.5 17895 32068.9 51721 58146.3 74742.5 92823.5 117923 92813.1 88223.6 75115.1 86488 85502.7 80111.6 97216.7 100765 96430.3 106819 125886 112353 113425
#pred cpue bio
 5382.04 7601.94 8160.23 7506.83 9772.61 13578 14487 17508.7 29500.2 48774.3 70058.5 83549 104764 130773 149381 124841 112857 103995 112907 111140 115483 132323 138526 139708 152677 167549 157705 156364 5.25415e+06 3.44855e+06 2.24152e+06 1.37258e+06 905308 680116 576697 529817 508349 498263 493361 490891 489605 488916 488539 488329 488211 488144 488107 488085 488073 488066 488061 488059 488058 488057 488057 488056 488056 488056 488056 488056 488056 488056 488056 488056 488056 488056 488056 488056 488056 488056 488056 488056 488056 488056 488056 488056 488056 488056 488056 488056 488056 488056 488056 488056 488056 488056 488056 488056 488056 488056 488056 488056 488056 488056 488056 488056 488056 488056 488056 488056 488056 488056 488056 488056 488056 488056 488056 488056 488056 488056 488056 488056 488056 488056 488056 488056 488056 488056 488056 488056 488056 488056 488056 488056 488056 488056 488056 488056 0 0 0 0 0 0 0 0 0 0 0 0 0 0 0 0 0 0 0 0 0 0 0 0 0
#obs cpue bio
 4363.63 6036.12 8360.03 8948.63 11735.4 16348 12565.2 20607.4 53581.9 45068.4 70254.4 104496 90990.6 132056 135890 121491 97435.2 122103 92755 74761.2 169946 100460 139980 180400 114874 122070 123024 188676
#pred surv len freq
 2.14705e-27 2.17653e-27 6.96369e-27 1.63811e-21 9.74248e-17 1.33211e-12 4.18751e-09 3.02632e-06 0.000502819 0.0192073 0.16868 0.340568 0.158446 0.0265482 0.0595212 0.0834136 0.0334503 0.025521 0.0224551 0.0148184 0.0122594 0.0104098 0.010531 0.00964129 0.00402372
 2.14896e-27 2.18213e-27 7.60049e-27 1.8542e-21 1.10276e-16 1.50783e-12 4.73989e-09 3.42553e-06 0.000569147 0.021741 0.190931 0.385492 0.179258 0.0276983 0.0530061 0.0739748 0.0271279 0.0134429 0.0105806 0.00544956 0.0036641 0.00251852 0.00209799 0.00173241 0.000711887
 2.14803e-27 2.17998e-27 7.37548e-27 1.77786e-21 1.05736e-16 1.44575e-12 4.54474e-09 3.2845e-06 0.000545714 0.0208459 0.18307 0.369622 0.171987 0.0294591 0.0685398 0.095774 0.0336228 0.0119857 0.00835505 0.00310119 0.00148016 0.000737256 0.000449066 0.000304443 0.000117719
 2.148e-27 2.17997e-27 7.3785e-27 1.7789e-21 1.05798e-16 1.4466e-12 4.5474e-09 3.28642e-06 0.000546033 0.0208581 0.183177 0.369838 0.17208 0.029269 0.0673148 0.0940975 0.033745 0.014296 0.010124 0.00307392 0.00104244 0.00033508 0.000123187 5.75903e-05 1.93218e-05
 2.14965e-27 2.18402e-27 7.80943e-27 1.92508e-21 1.14492e-16 1.56548e-12 4.92109e-09 3.55649e-06 0.000590905 0.0225722 0.19823 0.400229 0.186075 0.0277896 0.049123 0.0684522 0.0246453 0.0107551 0.00775142 0.0025782 0.000919067 0.000225205 4.64632e-05 1.12319e-05 2.70257e-06
 2.14892e-27 2.1822e-27 7.61179e-27 1.85802e-21 1.10504e-16 1.51094e-12 4.74966e-09 3.43259e-06 0.00057032 0.0217858 0.191324 0.386287 0.179668 0.0288274 0.0596605 0.0832434 0.0290249 0.00970163 0.00657997 0.00222985 0.000831719 0.000217171 3.87823e-05 4.88848e-06 5.8464e-07
 2.14815e-27 2.18031e-27 7.41248e-27 1.79041e-21 1.06483e-16 1.45596e-12 4.57683e-09 3.30769e-06 0.000549568 0.0209931 0.184363 0.372232 0.173191 0.0293785 0.0672614 0.0939867 0.033228 0.0125734 0.0086524 0.00253795 0.000797149 0.00020937 3.90333e-05 4.31319e-06 2.77085e-07
 2.14944e-27 2.18351e-27 7.75389e-27 1.90624e-21 1.13371e-16 1.55015e-12 4.87292e-09 3.52168e-06 0.000585121 0.0223512 0.19629 0.396312 0.184273 0.0280281 0.0517602 0.0721647 0.0258955 0.0110241 0.00784422 0.00244759 0.00080299 0.000184591 3.05199e-05 3.34807e-06 1.8825e-07
 2.15014e-27 2.1852e-27 7.93106e-27 1.96633e-21 1.16945e-16 1.59902e-12 5.02653e-09 3.63269e-06 0.000603566 0.0230558 0.202477 0.408804 0.190034 0.027653 0.045705 0.0635869 0.0222843 0.00781488 0.00535963 0.00178851 0.000644682 0.000156896 2.53335e-05 2.46966e-06 1.28828e-07
 2.14915e-27 2.18275e-27 7.66954e-27 1.8776e-21 1.11668e-16 1.52687e-12 4.79972e-09 3.46877e-06 0.000576331 0.0220155 0.193341 0.390358 0.181546 0.0286922 0.0576084 0.0803447 0.0279247 0.00903704 0.00598647 0.00180159 0.000584644 0.000150734 2.65426e-05 2.63621e-06 1.28379e-07
 2.14914e-27 2.18274e-27 7.67069e-27 1.87801e-21 1.11692e-16 1.52719e-12 4.80075e-09 3.46951e-06 0.000576455 0.0220202 0.193382 0.390442 0.181576 0.0284695 0.0562239 0.0784331 0.0277951 0.0107275 0.00740492 0.00213649 0.000634677 0.000147343 2.46615e-05 2.59598e-06 1.32182e-07
 2.14916e-27 2.18279e-27 7.67536e-27 1.87958e-21 1.11786e-16 1.52848e-12 4.80479e-09 3.47243e-06 0.000576939 0.0220387 0.193545 0.39077 0.18173 0.0285446 0.0565832 0.0789203 0.0277016 0.00985044 0.00673254 0.00211943 0.000700687 0.000156505 2.35728e-05 2.28862e-06 1.1677e-07
 2.14909e-27 2.18262e-27 7.6572e-27 1.87343e-21 1.1142e-16 1.52347e-12 4.78904e-09 3.46106e-06 0.000575049 0.0219665 0.192911 0.38949 0.18114 0.0285845 0.0572125 0.0798127 0.0280906 0.010229 0.00699845 0.00211533 0.000678765 0.000163749 2.61613e-05 2.39193e-06 1.11814e-07
 2.1491e-27 2.18264e-27 7.65955e-27 1.87422e-21 1.11467e-16 1.52412e-12 4.79108e-09 3.46253e-06 0.000575294 0.0219758 0.192993 0.389656 0.181216 0.0285598 0.057012 0.0795325 0.0280249 0.0103117 0.00708326 0.00216588 0.000698379 0.00016355 2.63433e-05 2.55035e-06 1.19042e-07
 2.14803e-27 2.18001e-27 7.38069e-27 1.77963e-21 1.05841e-16 1.44719e-12 4.54927e-09 3.28777e-06 0.000546258 0.0208667 0.183252 0.36999 0.172159 0.0295005 0.0686815 0.0959845 0.0338746 0.0126318 0.00871151 0.00268071 0.000873868 0.00020646 3.30513e-05 3.17789e-06 1.52487e-07
 2.14772e-27 2.17927e-27 7.30451e-27 1.7538e-21 1.04305e-16 1.42619e-12 4.48323e-09 3.24005e-06 0.000538329 0.0205638 0.180592 0.36462 0.169679 0.0295689 0.0707184 0.0988885 0.0353484 0.0146165 0.0103255 0.00319411 0.00104915 0.000249917 4.04346e-05 3.89723e-06 1.86349e-07
 2.14804e-27 2.18007e-27 7.39136e-27 1.78327e-21 1.06058e-16 1.45015e-12 4.55856e-09 3.29449e-06 0.000547374 0.0209093 0.183627 0.370746 0.172495 0.0291508 0.0663194 0.0927047 0.0333878 0.0146008 0.010507 0.00344298 0.00121232 0.000293101 4.78763e-05 4.66001e-06 2.24204e-07
 2.14845e-27 2.18107e-27 7.49543e-27 1.81856e-21 1.08157e-16 1.47885e-12 4.64879e-09 3.35969e-06 0.000558208 0.0213232 0.187261 0.378084 0.17588 0.028935 0.0627901 0.0877039 0.0312647 0.0126665 0.00900652 0.00304827 0.00112936 0.00029066 5.02628e-05 4.98883e-06 2.42506e-07
 2.14843e-27 2.18102e-27 7.49023e-27 1.8168e-21 1.08052e-16 1.47742e-12 4.64428e-09 3.35643e-06 0.000557666 0.0213025 0.187079 0.377717 0.175712 0.0289786 0.063167 0.0882328 0.0314244 0.0126356 0.00892249 0.00289871 0.00103671 0.000276066 5.08563e-05 5.37379e-06 2.71443e-07
 2.14846e-27 2.18107e-27 7.4946e-27 1.81828e-21 1.0814e-16 1.47862e-12 4.64806e-09 3.35917e-06 0.000558121 0.0213198 0.187232 0.378024 0.175855 0.0290172 0.0633096 0.0884253 0.0313769 0.0122482 0.00858574 0.0027709 0.000972627 0.000249596 4.55907e-05 5.05069e-06 2.71064e-07
 2.14867e-27 2.1816e-27 7.55108e-27 1.83744e-21 1.09279e-16 1.4942e-12 4.69704e-09 3.39457e-06 0.000564002 0.0215445 0.189205 0.382008 0.17769 0.0288162 0.0608822 0.0850058 0.0301993 0.011901 0.00834416 0.00265005 0.000911004 0.000230507 4.09403e-05 4.44781e-06 2.43975e-07
 2.14835e-27 2.1808e-27 7.46663e-27 1.80879e-21 1.07576e-16 1.4709e-12 4.62381e-09 3.34164e-06 0.000555208 0.0212086 0.186255 0.376052 0.174946 0.0290888 0.0643414 0.0898846 0.0319584 0.0126769 0.00890857 0.00284754 0.000982069 0.000244492 4.24604e-05 4.50516e-06 2.42156e-07
 2.14836e-27 2.18084e-27 7.47109e-27 1.8103e-21 1.07666e-16 1.47214e-12 4.62768e-09 3.34444e-06 0.000555673 0.0212263 0.186411 0.376367 0.175089 0.0290242 0.063852 0.0892029 0.0318291 0.0129848 0.0091847 0.00294464 0.00102066 0.000255325 4.4116e-05 4.58835e-06 2.40914e-07
 2.14809e-27 2.18018e-27 7.40083e-27 1.78647e-21 1.06248e-16 1.45275e-12 4.56675e-09 3.30041e-06 0.000548358 0.0209469 0.183957 0.371412 0.172808 0.029268 0.0668336 0.0934042 0.0332925 0.0134702 0.00952907 0.00310278 0.0010958 0.000275751 4.78896e-05 4.97541e-06 2.578e-07
 2.14827e-27 2.18063e-27 7.4501e-27 1.80319e-21 1.07243e-16 1.46635e-12 4.6095e-09 3.3313e-06 0.00055349 0.0211429 0.185678 0.374888 0.174404 0.0289753 0.0639995 0.0894306 0.0321762 0.0139681 0.010024 0.00325444 0.00114999 0.000293914 5.18794e-05 5.42781e-06 2.8154e-07
 2.14811e-27 2.18023e-27 7.40743e-27 1.78872e-21 1.06382e-16 1.45458e-12 4.5725e-09 3.30456e-06 0.000549047 0.0209732 0.184188 0.371879 0.17302 0.0291642 0.0660594 0.0923243 0.0330618 0.0138691 0.00993347 0.00335644 0.00123828 0.00031786 5.65234e-05 6.00692e-06 3.15087e-07
 2.14769e-27 2.17919e-27 7.29699e-27 1.75125e-21 1.04154e-16 1.42411e-12 4.47672e-09 3.23534e-06 0.000537547 0.0205339 0.18033 0.36409 0.169433 0.0295437 0.0707237 0.0988998 0.0353962 0.0147814 0.0105485 0.00349379 0.00127584 0.000339763 6.24748e-05 6.71212e-06 3.56255e-07
 2.14768e-27 2.17919e-27 7.29927e-27 1.75203e-21 1.042e-16 1.42475e-12 4.47873e-09 3.23679e-06 0.000537788 0.0205431 0.180411 0.364253 0.169501 0.0293407 0.0694354 0.0971171 0.0352179 0.0161567 0.0117459 0.00388409 0.00140747 0.000369364 6.85044e-05 7.60843e-06 4.12856e-07
#obs surv len freq
 1.23126e-39 6.02614e-33 6.78071e-27 1.75411e-21 1.04323e-16 1.42643e-12 4.484e-09 3.2406e-06 0.00053843 0.0205673 0.180622 0.364681 0.169698 0.029299 0.069052 0.0965746 0.0349881 0.015957 0.0116816 0.00411802 0.0016328 0.000473242 9.9551e-05 1.28444e-05 8.4557e-07
 1.30985e-39 6.41081e-33 7.21355e-27 1.86608e-21 1.10983e-16 1.51749e-12 4.77023e-09 3.44746e-06 0.0005728 0.0218802 0.192152 0.38796 0.180421 0.0282757 0.0557895 0.077864 0.028165 0.0127062 0.0092709 0.0032358 0.00126272 0.000357683 7.34606e-05 9.27607e-06 5.95357e-07
 1.15602e-39 5.6579e-33 6.36636e-27 1.64692e-21 9.79483e-17 1.33927e-12 4.20999e-09 3.04257e-06 0.000505528 0.0193105 0.169585 0.342398 0.159453 0.0308437 0.0851981 0.119257 0.0419667 0.0152739 0.0106215 0.00367655 0.00142021 0.000396767 7.96652e-05 9.80111e-06 6.14183e-07
 1.33664e-39 6.54192e-33 7.36107e-27 1.90424e-21 1.13252e-16 1.54852e-12 4.86778e-09 3.51796e-06 0.000584514 0.0223277 0.196082 0.395893 0.184064 0.0276139 0.0493583 0.0688537 0.0257418 0.014209 0.0105635 0.00324932 0.00109259 0.000297338 5.87964e-05 7.083e-06 4.32855e-07
 1.39318e-39 6.81863e-33 7.67243e-27 1.98479e-21 1.18043e-16 1.61402e-12 5.07369e-09 3.66676e-06 0.000609238 0.0232721 0.204376 0.412638 0.191802 0.0275064 0.0436553 0.0606859 0.0210921 0.00684069 0.00469498 0.00183455 0.000762272 0.000189243 3.34716e-05 3.89491e-06 2.33166e-07
 1.2655e-39 6.19373e-33 6.96929e-27 1.80289e-21 1.07225e-16 1.4661e-12 4.6087e-09 3.33072e-06 0.000553404 0.0211393 0.185645 0.374823 0.174399 0.0296425 0.0680924 0.0950905 0.0326943 0.00942434 0.00599374 0.00173591 0.000559429 0.000166057 3.28073e-05 3.52027e-06 1.96584e-07
 1.27227e-39 6.22689e-33 7.0066e-27 1.81254e-21 1.07799e-16 1.47395e-12 4.63338e-09 3.34855e-06 0.000556366 0.0212525 0.186639 0.37683 0.175302 0.0289756 0.0634169 0.0886031 0.0318121 0.0135867 0.00953235 0.00260195 0.00070017 0.00015668 2.77035e-05 3.30608e-06 1.86194e-07
 1.42227e-39 6.96102e-33 7.83265e-27 2.02623e-21 1.20508e-16 1.64772e-12 5.17964e-09 3.74333e-06 0.00062196 0.0237581 0.208643 0.421255 0.195763 0.0269132 0.0374371 0.051956 0.0184936 0.00740577 0.00524484 0.00174811 0.00060789 0.000128594 1.78104e-05 1.73485e-06 9.68386e-08
 1.41868e-39 6.94344e-33 7.81287e-27 2.02112e-21 1.20203e-16 1.64356e-12 5.16655e-09 3.73388e-06 0.000620389 0.0236981 0.208117 0.420191 0.195288 0.0273439 0.0403869 0.0560501 0.0190718 0.00484828 0.00298162 0.000959275 0.000338819 8.66936e-05 1.40386e-05 1.21052e-06 5.45972e-08
 1.34223e-39 6.56931e-33 7.39189e-27 1.91221e-21 1.13726e-16 1.555e-12 4.88817e-09 3.53269e-06 0.000586961 0.0224212 0.196903 0.397551 0.184865 0.0285345 0.0544787 0.0759034 0.025956 0.007015 0.0043122 0.0011123 0.000278062 6.68302e-05 1.17619e-05 1.18503e-06 5.42818e-08
 1.32057e-39 6.46328e-33 7.27258e-27 1.88135e-21 1.11891e-16 1.52991e-12 4.80927e-09 3.47567e-06 0.000577488 0.0220593 0.193725 0.391134 0.181902 0.0286088 0.056866 0.0793113 0.0277416 0.00954208 0.00634415 0.00167755 0.000416176 7.95531e-05 1.06651e-05 1.05016e-06 5.32948e-08
 1.35711e-39 6.64214e-33 7.47384e-27 1.93341e-21 1.14987e-16 1.57224e-12 4.94236e-09 3.57185e-06 0.000593468 0.0226697 0.199086 0.401958 0.186882 0.0279893 0.0498222 0.0693944 0.0243953 0.00879218 0.00598861 0.00177475 0.000531198 0.000105511 1.28685e-05 9.93766e-07 4.36064e-08
 1.3392e-39 6.55447e-33 7.37519e-27 1.90789e-21 1.13469e-16 1.55149e-12 4.87712e-09 3.52471e-06 0.000585635 0.0223705 0.196458 0.396653 0.184445 0.0283894 0.0538636 0.0750655 0.0260499 0.00830155 0.00548207 0.00166551 0.000530139 0.000119196 1.68297e-05 1.29461e-06 4.84702e-08
 1.28748e-39 6.30135e-33 7.09037e-27 1.83421e-21 1.09088e-16 1.49157e-12 4.68878e-09 3.38859e-06 0.000563019 0.0215066 0.188871 0.381335 0.177389 0.0290847 0.0627244 0.0875668 0.0306235 0.0105191 0.00704636 0.00201509 0.000592288 0.000136402 2.11127e-05 1.84872e-06 7.43724e-08
 1.16869e-39 5.71994e-33 6.43617e-27 1.66498e-21 9.90224e-17 1.35395e-12 4.25616e-09 3.07594e-06 0.000511071 0.0195223 0.171445 0.346152 0.161179 0.0305651 0.0823662 0.115294 0.0409641 0.0161504 0.0112383 0.00333426 0.00101741 0.000222509 3.29191e-05 3.0273e-06 1.34912e-07
 1.26593e-39 6.19587e-33 6.97169e-27 1.80351e-21 1.07262e-16 1.46661e-12 4.61029e-09 3.33187e-06 0.000553595 0.0211466 0.185709 0.374952 0.17442 0.0286083 0.0617404 0.08631 0.0319421 0.0166526 0.0123313 0.00394223 0.00133309 0.000304902 4.54844e-05 4.02565e-06 1.79992e-07
 1.23207e-39 6.03015e-33 6.78522e-27 1.75527e-21 1.04393e-16 1.42738e-12 4.48699e-09 3.24275e-06 0.000538788 0.020581 0.180742 0.364924 0.169819 0.0295468 0.0704917 0.0985571 0.035048 0.0139405 0.010023 0.00378348 0.00154186 0.000388976 6.36228e-05 5.83594e-06 2.58475e-07
 1.27969e-39 6.26318e-33 7.04743e-27 1.8231e-21 1.08427e-16 1.48254e-12 4.66038e-09 3.36807e-06 0.000559609 0.0213763 0.187727 0.379026 0.176308 0.028723 0.0612129 0.0855109 0.0309019 0.013841 0.00998296 0.00322404 0.00118149 0.000347168 6.76666e-05 6.91949e-06 3.26624e-07
 1.24689e-39 6.10268e-33 6.86684e-27 1.77639e-21 1.05648e-16 1.44455e-12 4.54096e-09 3.28176e-06 0.000545269 0.0208286 0.182916 0.369313 0.171843 0.0293939 0.0682357 0.0953732 0.0338795 0.0133504 0.00945539 0.00325304 0.00122145 0.000318336 6.16358e-05 7.3308e-06 3.96234e-07
 1.25894e-39 6.16166e-33 6.9332e-27 1.79355e-21 1.06669e-16 1.45851e-12 4.58484e-09 3.31348e-06 0.000550539 0.0210299 0.184684 0.372883 0.17348 0.0290583 0.0651111 0.0910005 0.0327711 0.0143196 0.010272 0.00329293 0.00116397 0.000313641 5.90326e-05 6.72145e-06 3.91366e-07
 1.27944e-39 6.26197e-33 7.04607e-27 1.82275e-21 1.08406e-16 1.48225e-12 4.65948e-09 3.36741e-06 0.000559501 0.0213722 0.187691 0.378952 0.176278 0.028835 0.0619186 0.0864851 0.0309651 0.0129728 0.0092941 0.0031526 0.0011635 0.000296645 5.39682e-05 6.10056e-06 3.4639e-07
 1.26403e-39 6.18653e-33 6.96118e-27 1.80079e-21 1.071e-16 1.4644e-12 4.60335e-09 3.32685e-06 0.00055276 0.0211147 0.18543 0.374387 0.174179 0.0291354 0.0651281 0.090997 0.032394 0.0129806 0.00918237 0.00304443 0.00111395 0.000296926 5.44851e-05 5.92235e-06 3.28798e-07
 1.26133e-39 6.17332e-33 6.94632e-27 1.79695e-21 1.06871e-16 1.46127e-12 4.59351e-09 3.31974e-06 0.00055158 0.0210696 0.185034 0.373588 0.173807 0.0290853 0.0650636 0.0909227 0.0325965 0.0137851 0.00983464 0.00318004 0.00112403 0.000294011 5.4516e-05 6.05262e-06 3.31012e-07
 1.25657e-39 6.15002e-33 6.9201e-27 1.79016e-21 1.06468e-16 1.45575e-12 4.57618e-09 3.30721e-06 0.000549498 0.0209901 0.184335 0.372178 0.173157 0.0291232 0.0657194 0.0918506 0.0329686 0.01407 0.0100954 0.00336422 0.00122112 0.000311957 5.60687e-05 6.19057e-06 3.42751e-07
 1.26851e-39 6.20848e-33 6.98588e-27 1.80718e-21 1.0748e-16 1.46959e-12 4.61968e-09 3.33865e-06 0.000554722 0.0211897 0.186088 0.375716 0.174786 0.0289453 0.0635671 0.0888173 0.0319039 0.0136916 0.00984147 0.0032987 0.00121475 0.000318925 5.78058e-05 6.23112e-06 3.39533e-07
 1.19678e-39 5.85741e-33 6.59085e-27 1.70499e-21 1.01402e-16 1.38649e-12 4.35845e-09 3.14986e-06 0.000523354 0.0199914 0.175565 0.354471 0.165003 0.0299806 0.0762905 0.106751 0.0382207 0.0160095 0.0114551 0.00385307 0.00142691 0.000378402 7.00533e-05 7.6764e-06 4.15033e-07
 1.19366e-39 5.84213e-33 6.57365e-27 1.70054e-21 1.01138e-16 1.38287e-12 4.34708e-09 3.14164e-06 0.000521988 0.0199393 0.175107 0.353546 0.16456 0.0295815 0.0741329 0.103785 0.0382059 0.0193018 0.0142819 0.00474334 0.00173305 0.000460876 8.61303e-05 9.5965e-06 5.27564e-07
 1.22909e-39 6.01554e-33 6.76878e-27 1.75102e-21 1.0414e-16 1.42392e-12 4.47611e-09 3.23489e-06 0.000537482 0.0205311 0.180304 0.36404 0.169394 0.0291072 0.0680748 0.0952305 0.0349577 0.0173746 0.0130164 0.00483512 0.00196351 0.000522258 9.68649e-05 1.08576e-05 6.04952e-07
#pred catch len freq
 2.14663e-27 2.17543e-27 6.84529e-27 1.59795e-21 9.5036e-17 1.29945e-12 4.08483e-09 2.95212e-06 0.00049049 0.0187364 0.164544 0.332218 0.154594 0.02678 0.0634528 0.0889681 0.0355551 0.0267774 0.0235136 0.0154795 0.0127923 0.0108586 0.010984 0.0100559 0.00419675
 2.14886e-27 2.18189e-27 7.57547e-27 1.84571e-21 1.09771e-16 1.50093e-12 4.71819e-09 3.40985e-06 0.000566541 0.0216415 0.190057 0.383727 0.178447 0.0278075 0.0542051 0.0756614 0.0276756 0.0134948 0.0105869 0.00543973 0.00365235 0.00250944 0.00209019 0.00172594 0.000709225
 2.148e-27 2.17989e-27 7.36647e-27 1.7748e-21 1.05554e-16 1.44326e-12 4.53692e-09 3.27885e-06 0.000544775 0.02081 0.182755 0.368986 0.171696 0.0295199 0.0691023 0.0965622 0.0338386 0.0118664 0.00823461 0.0030502 0.00145308 0.000723408 0.000440561 0.00029867 0.000115486
 2.1479e-27 2.1797e-27 7.35052e-27 1.76941e-21 1.05233e-16 1.43888e-12 4.52314e-09 3.26888e-06 0.00054312 0.0207468 0.1822 0.367865 0.171173 0.029393 0.0686662 0.0959979 0.0343529 0.0143216 0.0101063 0.00306356 0.00103669 0.000333034 0.000122405 5.72223e-05 1.91983e-05
 2.14953e-27 2.18373e-27 7.77805e-27 1.91444e-21 1.13859e-16 1.55682e-12 4.89388e-09 3.53682e-06 0.000587637 0.0224473 0.197134 0.398016 0.185056 0.0279154 0.0505582 0.0704722 0.0253178 0.0108764 0.00781235 0.00259381 0.000922857 0.000226023 4.66186e-05 1.12685e-05 2.71134e-06
 2.14886e-27 2.18204e-27 7.59415e-27 1.85203e-21 1.10148e-16 1.50607e-12 4.73435e-09 3.42153e-06 0.000568482 0.0217156 0.190708 0.385042 0.179096 0.0289116 0.0605498 0.084493 0.0294128 0.00967637 0.00653212 0.00220946 0.000822528 0.000214668 3.83258e-05 4.83052e-06 5.77692e-07
 2.14808e-27 2.18013e-27 7.39298e-27 1.7838e-21 1.06089e-16 1.45058e-12 4.55993e-09 3.29547e-06 0.000547538 0.0209156 0.183682 0.370857 0.172559 0.0294731 0.0682532 0.0953801 0.0336567 0.0125313 0.00858859 0.00251527 0.000788289 0.000206922 3.85675e-05 4.26139e-06 2.7375e-07
 2.14931e-27 2.18319e-27 7.72004e-27 1.89476e-21 1.12689e-16 1.54081e-12 4.84357e-09 3.50046e-06 0.000581597 0.0222166 0.195107 0.393924 0.183174 0.0281636 0.0533067 0.0743414 0.0266207 0.0111572 0.00791169 0.00246453 0.000806906 0.000185396 3.06443e-05 3.36141e-06 1.88996e-07
 2.14998e-27 2.1848e-27 7.88788e-27 1.95168e-21 1.16074e-16 1.5871e-12 4.98908e-09 3.60562e-06 0.000599069 0.022884 0.200969 0.405758 0.188632 0.0278205 0.0476451 0.0663183 0.0232048 0.00801904 0.00547716 0.00182443 0.000656381 0.000159667 2.57743e-05 2.51241e-06 1.31054e-07
 2.149e-27 2.18238e-27 7.63005e-27 1.86421e-21 1.10872e-16 1.51597e-12 4.76548e-09 3.44402e-06 0.000572219 0.0218584 0.191962 0.387573 0.180264 0.0288527 0.0594277 0.0829049 0.0287721 0.00917322 0.00604914 0.00181749 0.000588553 0.000151658 2.66987e-05 2.65151e-06 1.2912e-07
 2.14909e-27 2.18263e-27 7.65835e-27 1.87382e-21 1.11443e-16 1.52379e-12 4.79005e-09 3.46178e-06 0.00057517 0.0219711 0.192951 0.389572 0.181176 0.0285353 0.0568877 0.0793647 0.02807 0.0106574 0.00732717 0.00211081 0.000625666 0.000145167 2.42905e-05 2.55669e-06 1.30179e-07
 2.14908e-27 2.1826e-27 7.6549e-27 1.87265e-21 1.11373e-16 1.52283e-12 4.78705e-09 3.45961e-06 0.000574809 0.0219573 0.19283 0.389328 0.181067 0.0286377 0.0575863 0.0803305 0.0281475 0.00985101 0.00670386 0.00210676 0.000695088 0.000155177 2.33661e-05 2.26832e-06 1.15732e-07
 2.14901e-27 2.18243e-27 7.63668e-27 1.86647e-21 1.11006e-16 1.51781e-12 4.77125e-09 3.4482e-06 0.000572913 0.0218849 0.192194 0.388043 0.180475 0.0286781 0.0582202 0.0812292 0.0285378 0.0102273 0.00696791 0.00210265 0.000673264 0.000162333 2.59285e-05 2.37044e-06 1.10806e-07
 2.14899e-27 2.18239e-27 7.63241e-27 1.86502e-21 1.1092e-16 1.51663e-12 4.76754e-09 3.44552e-06 0.000572468 0.0218679 0.192045 0.387742 0.180335 0.0286761 0.058299 0.0813428 0.0286115 0.0103632 0.00708955 0.00216422 0.00069639 0.000162998 2.62472e-05 2.54082e-06 1.18594e-07
 2.14803e-27 2.18003e-27 7.38223e-27 1.78015e-21 1.05872e-16 1.44762e-12 4.5506e-09 3.28873e-06 0.000546418 0.0208728 0.183306 0.370098 0.17221 0.0295239 0.0687922 0.0961356 0.033862 0.0124161 0.00852588 0.00261914 0.000851998 0.000201186 3.21983e-05 3.0956e-06 1.48535e-07
 2.14769e-27 2.1792e-27 7.29653e-27 1.75109e-21 1.04144e-16 1.42398e-12 4.47631e-09 3.23504e-06 0.000537498 0.020532 0.180314 0.364057 0.169421 0.0296287 0.0712525 0.0996359 0.0355384 0.0144514 0.0101702 0.00314078 0.00102948 0.000245101 3.96448e-05 3.82077e-06 1.82688e-07
 2.14804e-27 2.18007e-27 7.39094e-27 1.78312e-21 1.06049e-16 1.45003e-12 4.55819e-09 3.29422e-06 0.00054733 0.0209076 0.183612 0.370716 0.172483 0.0291862 0.0665445 0.0930163 0.0334214 0.0143686 0.0103023 0.00336982 0.0011842 0.000286161 4.67303e-05 4.54806e-06 2.18812e-07
 2.14837e-27 2.18088e-27 7.47468e-27 1.81152e-21 1.07738e-16 1.47313e-12 4.63079e-09 3.34669e-06 0.000556047 0.0212406 0.186536 0.37662 0.175207 0.0290331 0.0638299 0.089165 0.0317204 0.0126444 0.00895658 0.00302576 0.00111887 0.00028782 4.97594e-05 4.93846e-06 2.40051e-07
 2.14841e-27 2.18097e-27 7.48413e-27 1.81472e-21 1.07929e-16 1.47573e-12 4.63898e-09 3.35261e-06 0.00055703 0.0212782 0.186866 0.377286 0.175515 0.0290282 0.0635993 0.0888375 0.0315734 0.0124849 0.00878141 0.00284777 0.00101643 0.000270527 4.98239e-05 5.2643e-06 2.65905e-07
 2.14842e-27 2.18098e-27 7.48484e-27 1.81496e-21 1.07943e-16 1.47593e-12 4.6396e-09 3.35305e-06 0.000557104 0.021281 0.186891 0.377336 0.175539 0.0290782 0.0638894 0.0892381 0.0316017 0.0121335 0.00847108 0.00272903 0.000955999 0.000245203 4.47768e-05 4.96013e-06 2.66198e-07
 2.14857e-27 2.18134e-27 7.52336e-27 1.82803e-21 1.0872e-16 1.48655e-12 4.67299e-09 3.37719e-06 0.000561114 0.0214342 0.188236 0.380052 0.17679 0.0289362 0.0622043 0.0868652 0.0307996 0.0119461 0.00834381 0.00264537 0.00090755 0.000229514 4.07536e-05 4.42716e-06 2.42836e-07
 2.14828e-27 2.18064e-27 7.44879e-27 1.80273e-21 1.07216e-16 1.46598e-12 4.60833e-09 3.33045e-06 0.00055335 0.0211376 0.185631 0.374793 0.174368 0.0291775 0.0652621 0.0911777 0.0323529 0.0126259 0.00883824 0.00282012 0.000970645 0.000241525 4.19341e-05 4.44894e-06 2.39128e-07
 2.1483e-27 2.18069e-27 7.4543e-27 1.80461e-21 1.07327e-16 1.4675e-12 4.61312e-09 3.33391e-06 0.000553925 0.0211595 0.185824 0.375182 0.174545 0.0291096 0.0647303 0.0904363 0.0322018 0.0129235 0.00910675 0.00291453 0.00100818 0.000252075 4.35433e-05 4.52841e-06 2.3776e-07
 2.14798e-27 2.1799e-27 7.37134e-27 1.77646e-21 1.05653e-16 1.44462e-12 4.54118e-09 3.28192e-06 0.000545286 0.0208296 0.182926 0.369332 0.171851 0.0293966 0.0682458 0.0953903 0.0339319 0.0135117 0.00952277 0.00309524 0.00109097 0.000274398 4.76425e-05 4.94934e-06 2.56442e-07
 2.14815e-27 2.18034e-27 7.41938e-27 1.79277e-21 1.06623e-16 1.45788e-12 4.58285e-09 3.31204e-06 0.000550291 0.0210207 0.184605 0.372721 0.173407 0.0291066 0.0654541 0.0914766 0.0328404 0.0140307 0.0100342 0.00325205 0.00114686 0.000292966 5.16991e-05 5.4085e-06 2.80531e-07
 2.14805e-27 2.18008e-27 7.39153e-27 1.78332e-21 1.06061e-16 1.45019e-12 4.5587e-09 3.29459e-06 0.000547391 0.0209099 0.183632 0.370757 0.172504 0.0292485 0.0669121 0.0935214 0.033418 0.0137897 0.00983996 0.0033187 0.00122199 0.000313528 5.57389e-05 5.92306e-06 3.1068e-07
 2.14757e-27 2.17891e-27 7.26739e-27 1.74121e-21 1.03556e-16 1.41595e-12 4.45105e-09 3.21679e-06 0.000534464 0.0204162 0.179296 0.362002 0.168473 0.0296747 0.0721526 0.100909 0.0360395 0.0148108 0.0105312 0.00348176 0.00126895 0.00033776 6.20915e-05 6.67043e-06 3.54033e-07
 2.14762e-27 2.17903e-27 7.28203e-27 1.74618e-21 1.03852e-16 1.42e-12 4.46377e-09 3.22598e-06 0.000535992 0.0204745 0.179808 0.363037 0.168942 0.0294326 0.0703631 0.0984193 0.0356042 0.0160663 0.011641 0.00384249 0.00138965 0.000364504 6.75863e-05 7.50588e-06 4.07282e-07
#obs catch len freq
 1.21703e-39 5.9565e-33 6.70235e-27 1.73384e-21 1.03118e-16 1.40995e-12 4.43218e-09 3.20315e-06 0.000532207 0.0203296 0.178535 0.360467 0.167756 0.0294779 0.0714146 0.0999074 0.0361967 0.0165137 0.0121185 0.0043477 0.00175765 0.000516098 0.000110681 1.46492e-05 9.95462e-07
 1.22086e-39 5.97528e-33 6.72347e-27 1.7393e-21 1.03443e-16 1.41439e-12 4.44615e-09 3.21324e-06 0.000533885 0.0203937 0.179098 0.361603 0.168281 0.0294724 0.0710385 0.0993709 0.0359237 0.0161414 0.0117783 0.00413944 0.00163597 0.000473443 9.9475e-05 1.28255e-05 8.43951e-07
 1.30192e-39 6.37198e-33 7.16985e-27 1.85477e-21 1.1031e-16 1.50829e-12 4.74133e-09 3.42657e-06 0.00056933 0.0217477 0.190988 0.38561 0.17934 0.02841 0.0573175 0.0800146 0.0288807 0.0128345 0.00933355 0.0032478 0.00126327 0.000357296 7.32928e-05 9.24831e-06 5.93309e-07
 1.14443e-39 5.6012e-33 6.30256e-27 1.63041e-21 9.69668e-17 1.32585e-12 4.16781e-09 3.01208e-06 0.000500462 0.019117 0.167886 0.338967 0.157875 0.031044 0.0874552 0.122433 0.0430137 0.0154279 0.010685 0.00368737 0.00141973 0.000396038 7.94233e-05 9.76437e-06 6.11603e-07
 1.33047e-39 6.51173e-33 7.3271e-27 1.89545e-21 1.1273e-16 1.54137e-12 4.84532e-09 3.50173e-06 0.000581817 0.0222246 0.195177 0.394066 0.183224 0.0277202 0.0505581 0.0705421 0.0263002 0.0142974 0.0106012 0.00325237 0.00108963 0.000296053 5.84713e-05 7.03882e-06 4.29959e-07
 1.38753e-39 6.79098e-33 7.64132e-27 1.97674e-21 1.17564e-16 1.60748e-12 5.05311e-09 3.6519e-06 0.000606768 0.0231777 0.203547 0.410965 0.191032 0.0276057 0.0447652 0.0622476 0.0216037 0.00690492 0.00471653 0.00183677 0.000761023 0.000188682 3.33283e-05 3.87527e-06 2.31884e-07
 1.25757e-39 6.15494e-33 6.92564e-27 1.7916e-21 1.06553e-16 1.45692e-12 4.57984e-09 3.30986e-06 0.000549938 0.0210069 0.184483 0.372476 0.173319 0.0297841 0.0696645 0.0973019 0.0334132 0.00949557 0.00600834 0.00173578 0.000557196 0.000165113 3.25869e-05 3.49424e-06 1.95032e-07
 1.26562e-39 6.19432e-33 6.96994e-27 1.80306e-21 1.07235e-16 1.46624e-12 4.60914e-09 3.33103e-06 0.000553456 0.0211413 0.185663 0.374858 0.174395 0.0290964 0.064748 0.0904752 0.0324174 0.0136352 0.00953406 0.00259671 0.000696056 0.000155497 2.74547e-05 3.27399e-06 1.8431e-07
 1.41769e-39 6.93859e-33 7.80742e-27 2.0197e-21 1.20119e-16 1.64242e-12 5.16295e-09 3.73127e-06 0.000619956 0.0236815 0.207971 0.419898 0.195139 0.0269938 0.0383381 0.0532237 0.018909 0.00745815 0.00526211 0.00174877 0.00060616 0.000128066 1.77129e-05 1.72381e-06 9.61709e-08
 1.41318e-39 6.91652e-33 7.78258e-27 2.01328e-21 1.19737e-16 1.63719e-12 5.14652e-09 3.7194e-06 0.000617984 0.0236062 0.20731 0.418562 0.194538 0.0274408 0.041469 0.0575724 0.0195695 0.00490736 0.00300034 0.000962511 0.000338787 8.65586e-05 1.40013e-05 1.20647e-06 5.43835e-08
 1.33622e-39 6.53985e-33 7.35874e-27 1.90364e-21 1.13216e-16 1.54803e-12 4.86625e-09 3.51685e-06 0.000584329 0.0223206 0.19602 0.395768 0.184045 0.0286428 0.0556769 0.0775888 0.0265019 0.00706246 0.00431796 0.00111151 0.000276728 6.63869e-05 1.16693e-05 1.17492e-06 5.37957e-08
 1.31411e-39 6.43164e-33 7.23698e-27 1.87214e-21 1.11343e-16 1.52242e-12 4.78573e-09 3.45866e-06 0.000574661 0.0219513 0.192776 0.38922 0.181021 0.0287243 0.0581481 0.0811147 0.0283279 0.0096002 0.00635597 0.00167717 0.000414476 7.91058e-05 1.05895e-05 1.04179e-06 5.28453e-08
 1.35188e-39 6.61654e-33 7.44504e-27 1.92596e-21 1.14544e-16 1.56618e-12 4.92331e-09 3.55809e-06 0.000591181 0.0225824 0.198318 0.400409 0.18617 0.0280842 0.0508685 0.070866 0.0248709 0.00882957 0.00598936 0.00177048 0.000528033 0.000104743 1.27581e-05 9.84389e-07 4.31687e-08
 1.33283e-39 6.52326e-33 7.34008e-27 1.89881e-21 1.12929e-16 1.5441e-12 4.8539e-09 3.50793e-06 0.000582847 0.022264 0.195522 0.394764 0.183576 0.0285029 0.0551255 0.0768406 0.0266281 0.00836277 0.00549688 0.00166559 0.000528283 0.000118609 1.67268e-05 1.28579e-06 4.81144e-08
 1.28065e-39 6.26791e-33 7.05275e-27 1.82448e-21 1.08509e-16 1.48366e-12 4.6639e-09 3.37061e-06 0.000560032 0.0213925 0.187869 0.379312 0.176458 0.0292077 0.0640855 0.0894813 0.031244 0.0105739 0.00705287 0.00201209 0.000589183 0.000135474 2.09433e-05 1.83261e-06 7.3691e-08
 1.16017e-39 5.67821e-33 6.38921e-27 1.65283e-21 9.82999e-17 1.34407e-12 4.22511e-09 3.05349e-06 0.000507342 0.0193798 0.170194 0.343627 0.160017 0.0307203 0.0840747 0.117696 0.0417403 0.0162096 0.0112376 0.00332567 0.00101113 0.000220813 3.26251e-05 2.99797e-06 1.33543e-07
 1.25859e-39 6.15994e-33 6.93126e-27 1.79305e-21 1.0664e-16 1.4581e-12 4.58356e-09 3.31255e-06 0.000550385 0.021024 0.184633 0.372778 0.17342 0.0287371 0.0631816 0.0883377 0.0326081 0.0167421 0.0123626 0.00394139 0.00132827 0.000303375 4.52001e-05 3.99748e-06 1.78642e-07
 1.22392e-39 5.99022e-33 6.74029e-27 1.74365e-21 1.03701e-16 1.41793e-12 4.45727e-09 3.22128e-06 0.00053522 0.0204447 0.179545 0.362508 0.168708 0.0296923 0.0721079 0.100831 0.0357896 0.0140225 0.0100431 0.0037787 0.00153534 0.000386816 6.31948e-05 5.79266e-06 2.56434e-07
 1.27182e-39 6.22465e-33 7.00408e-27 1.81189e-21 1.0776e-16 1.47342e-12 4.63171e-09 3.34735e-06 0.000556167 0.0212448 0.186572 0.376694 0.175235 0.0288593 0.0627475 0.0876702 0.0316143 0.0139474 0.0100267 0.00322907 0.00117912 0.000345928 6.73536e-05 6.88314e-06 3.24766e-07
 1.23801e-39 6.05919e-33 6.8179e-27 1.76372e-21 1.04895e-16 1.43425e-12 4.50859e-09 3.25837e-06 0.000541383 0.0206801 0.181613 0.366681 0.170632 0.0295484 0.0699716 0.0978158 0.0346837 0.0134648 0.00950033 0.0032587 0.00121961 0.000317387 6.13727e-05 7.29455e-06 3.9412e-07
 1.25037e-39 6.11971e-33 6.88599e-27 1.78134e-21 1.05943e-16 1.44858e-12 4.55362e-09 3.29091e-06 0.00054679 0.0208867 0.183427 0.370344 0.172312 0.0292061 0.0667785 0.0933468 0.0335463 0.0144393 0.0103231 0.00330012 0.00116242 0.000312743 5.87937e-05 6.68935e-06 3.89319e-07
 1.27066e-39 6.21901e-33 6.99773e-27 1.81025e-21 1.07662e-16 1.47209e-12 4.62751e-09 3.34431e-06 0.000555663 0.0212256 0.186403 0.376353 0.175082 0.0289845 0.0636143 0.0888716 0.0317571 0.0131074 0.00935734 0.0031647 0.00116415 0.000296378 5.38514e-05 6.08292e-06 3.4523e-07
 1.25415e-39 6.13819e-33 6.90679e-27 1.78672e-21 1.06263e-16 1.45296e-12 4.56738e-09 3.30085e-06 0.000548442 0.0209498 0.183981 0.371462 0.172833 0.029302 0.0670268 0.0936693 0.0332838 0.0131417 0.00926245 0.00306215 0.00111665 0.000297203 5.44715e-05 5.91661e-06 3.28322e-07
 1.25059e-39 6.12076e-33 6.88718e-27 1.78165e-21 1.05961e-16 1.44883e-12 4.5544e-09 3.29148e-06 0.000546884 0.0208902 0.183458 0.370407 0.172343 0.0292629 0.0671061 0.093798 0.0335617 0.0139861 0.00994403 0.00320646 0.00112949 0.000294992 5.46312e-05 6.06115e-06 3.31328e-07
 1.24626e-39 6.0996e-33 6.86336e-27 1.77549e-21 1.05595e-16 1.44382e-12 4.53866e-09 3.2801e-06 0.000544993 0.020818 0.182824 0.369127 0.171753 0.0292949 0.0676874 0.0946208 0.0338956 0.0142532 0.0101919 0.00338661 0.00122516 0.000312533 5.61023e-05 6.18977e-06 3.4255e-07
 1.25764e-39 6.15527e-33 6.92601e-27 1.79169e-21 1.06559e-16 1.457e-12 4.58008e-09 3.31004e-06 0.000549967 0.021008 0.184493 0.372495 0.173304 0.0291236 0.065626 0.0917159 0.0328798 0.0139048 0.009961 0.00332912 0.00122189 0.000320328 5.79905e-05 6.24656e-06 3.40213e-07
 1.18361e-39 5.79294e-33 6.51831e-27 1.68623e-21 1.00286e-16 1.37123e-12 4.31048e-09 3.11519e-06 0.000517594 0.0197714 0.173633 0.35057 0.163207 0.0301967 0.0787854 0.110263 0.0394029 0.0162665 0.011599 0.00389019 0.0014359 0.000380224 7.03063e-05 7.69872e-06 4.1605e-07
 1.18036e-39 5.77705e-33 6.50043e-27 1.6816e-21 1.00011e-16 1.36747e-12 4.29866e-09 3.10665e-06 0.000516174 0.0197172 0.173156 0.349608 0.162747 0.0297926 0.0766084 0.107272 0.0393952 0.0196139 0.0144719 0.00479278 0.00174526 0.000463431 8.6504e-05 9.63135e-06 5.29241e-07
#spawning biomass
 2689.89 2529.56 2508.4 2316.68 2644.28 3774.83 4326.61 4795.18 7349.34 13172.3 19365.1 22858.6 28896.5 36113.8 44982.3 39048.3 34944.8 30903.3 33488.5 32737.6 33460.3 39376.2 41372.9 42551.4 46422.8 51380.8 49745.6 50142.9 46626 87337.4 82812.3 48694.9 28032.2 18565.5 14590.1 12996.1 12375.3 12138.1 12048.7 12015.3 12002.9 11998.3 11996.6 11995.9 11995.7 11995.6 11995.6 11995.6 11995.6 11995.6 11995.6 11995.6 11995.6 11995.6 11995.6 11995.6 11995.6 11995.6 11995.6 11995.6 11995.6 11995.6 11995.6 11995.6 11995.6 11995.6 11995.6 11995.6 11995.6 11995.6 11995.6 11995.6 11995.6 11995.6 11995.6 11995.6 11995.6 11995.6 11995.6 11995.6 11995.6 11995.6 11995.6 11995.6 11995.6 11995.6 11995.6 11995.6 11995.6 11995.6 11995.6 11995.6 11995.6 11995.6 11995.6 11995.6 11995.6 11995.6 11995.6 11995.6 11995.6 11995.6 11995.6 11995.6 11995.6 11995.6 11995.6 11995.6 11995.6 11995.6 11995.6 11995.6 11995.6 11995.6 11995.6 11995.6 11995.6 11995.6 11995.6 11995.6 11995.6 11995.6 11995.6 11995.6 11995.6 11995.6 11995.6 11995.6 0 0 0 0 0 0 0 0 0 0 0 0 0 0 0 0 0 0 0 0 0 0 0 0 0
