SBPRF35
0.0945216
Curr Bio
217681
B35
235466
F35
7.46666
FOFL
6.06396
OFL
75539.7
Bzero
26572.5
#pred survey bio
 30623.4 30029.5 22202 19930.9 28018.2 49169.7 86198 115815 162061 185304 167597 206911 248856 280426 291792 272149 272291 307649 248440 293095 283730 301564 296280 343691 322273 326528 297334 279972 8.95433e+06 4.88633e+06 955103 581084 430195 357135 320662 302425 293352 288868 286666 285590 285066 284813 284690 284631 284602 284589 284583 284580 284578 284578 284577 284577 284577 284577 284577 284577 284577 284577 284577 284577 284577 284577 284577 284577 284577 284577 284577 284577 284577 284577 284577 284577 284577 284577 284577 284577 284577 284577 284577 284577 284577 284577 284577 284577 284577 284577 284577 284577 284577 284577 284577 284577 284577 284577 284577 284577 284577 284577 284577 284577 284577 284577 284577 284577 284577 284577 284577 284577 284577 284577 284577 284577 284577 284577 284577 284577 284577 284577 284577 284577 284577 284577 284577 284577 284577 284577 284577 284577 0 0 0 0 0 0 0 0 0 0 0 0 0 0 0 0 0 0 0 0 0 0 0 0 0
#obs survey bio
 27789.5 32984 11336.1 18657.2 24484.4 43882.4 94024.4 95398 123646 147020 156087 232550 225053 198023 237548 238686 261138 318756 166729 212278 157736 241343 181776 264403 242791 193643 222667 171360
#pred catch bio
 16506.5 18295.7 13872.6 9021.65 15212.9 23946.3 50531.4 73290.6 116975 148982 125594 151889 185172 216395 232257 204967 164305 202889 176383 219757 214185 216594 202114 225624 205756 247293 224643 235377 75539.7 176266 6166.52 6068.9 6068.86 6068.86 6068.86 6068.86 6068.86 6068.86 6068.86 6068.86 6068.86 6068.86 6068.86 6068.86 6068.86 6068.86 6068.86 6068.86 6068.86 6068.86 6068.86 6068.86 6068.86 6068.86 6068.86 6068.86 6068.86 6068.86 6068.86 6068.86 6068.86 6068.86 6068.86 6068.86 6068.86 6068.86 6068.86 6068.86 6068.86 6068.86 6068.86 6068.86 6068.86 6068.86 6068.86 6068.86 6068.86 6068.86 6068.86 6068.86 6068.86 6068.86 6068.86 6068.86 6068.86 6068.86 6068.86 6068.86 6068.86 6068.86 6068.86 6068.86 6068.86 6068.86 6068.86 6068.86 6068.86 6068.86 6068.86 6068.86 6068.86 6068.86 6068.86 6068.86 6068.86 6068.86 6068.86 6068.86 6068.86 6068.86 6068.86 6068.86 6068.86 6068.86 6068.86 6068.86 6068.86 6068.86 6068.86 6068.86 6068.86 6068.86 6068.86 6068.86 6068.86 6068.86 6068.86 6068.86 0 0 0 0 0 0 0 0 0 0 0 0 0 0 0 0 0 0 0 0 0 0 0 0 0
#obs catch bio
 19633.8 18491.2 15780.7 9790.47 11077.4 19384.2 39901.3 58814.9 95092.6 142721 112316 134936 158524 193438 213985 194016 136725 170647 161292 205698 182175 191734 175466 196456 175852 229665 198769 221238
#pred cpue bio
 23785.6 23774.9 19726.4 11648.8 10292.6 19258.5 32744 47916.7 73579 90506 77921.6 83243.3 99161.4 117724 124460 102722 89397.8 104980 85023 95253.6 103322 92648.9 91660.6 94900.6 85224.4 88599.5 76796.9 73811.2 1.74613e+06 4.7274e+06 836310 462174 311282 238222 201749 183512 174440 169956 167753 166677 166153 165900 165777 165718 165690 165676 165670 165667 165666 165665 165665 165664 165664 165664 165664 165664 165664 165664 165664 165664 165664 165664 165664 165664 165664 165664 165664 165664 165664 165664 165664 165664 165664 165664 165664 165664 165664 165664 165664 165664 165664 165664 165664 165664 165664 165664 165664 165664 165664 165664 165664 165664 165664 165664 165664 165664 165664 165664 165664 165664 165664 165664 165664 165664 165664 165664 165664 165664 165664 165664 165664 165664 165664 165664 165664 165664 165664 165664 165664 165664 165664 165664 165664 165664 165664 165664 165664 165664 0 0 0 0 0 0 0 0 0 0 0 0 0 0 0 0 0 0 0 0 0 0 0 0 0
#obs cpue bio
 24702 24635.8 12787 18734.4 27712.6 53134.4 86517.5 123979 216081 140501 131426 128443 194559 240185 225902 148868 188652 220012 155326 181487 342692 197380 245061 229796 204657 199621 166491 153983
#pred surv len freq
 1.20597e-11 1.30896e-09 8.37735e-08 3.16135e-06 7.03443e-05 0.000922962 0.00714152 0.0326072 0.0881265 0.143194 0.150325 0.129464 0.121485 0.108386 0.0773082 0.0489639 0.0310242 0.0194913 0.0124426 0.00841533 0.00618481 0.00501909 0.00426671 0.00326122 0.00189658
 1.05883e-11 1.14926e-09 7.35524e-08 2.77564e-06 6.17619e-05 0.00081037 0.00627085 0.0286442 0.0775847 0.127428 0.140123 0.136593 0.144761 0.132578 0.0896507 0.0503539 0.0280173 0.0156894 0.00869464 0.0048761 0.00289109 0.0019218 0.00142618 0.00102843 0.000593465
 6.19514e-12 6.72423e-10 4.3035e-08 1.62401e-06 3.6137e-05 0.000474181 0.00367061 0.0167964 0.0459013 0.0786655 0.101632 0.135519 0.178655 0.175378 0.121221 0.0686263 0.0370231 0.0188233 0.00900903 0.00426352 0.00204786 0.00104958 0.000613289 0.00038408 0.000209654
 1.71323e-11 1.85955e-09 1.19011e-07 4.49109e-06 9.99322e-05 0.00131114 0.0101439 0.0462873 0.124709 0.199493 0.194762 0.130862 0.0836528 0.0638808 0.0510465 0.0395603 0.0269893 0.0149952 0.0070917 0.00304197 0.00122403 0.000487424 0.000208867 0.00010065 4.77421e-05
 1.99651e-11 2.16701e-09 1.38689e-07 5.23368e-06 0.000116456 0.00152793 0.011821 0.0539374 0.145284 0.232106 0.225143 0.146945 0.0857086 0.0538336 0.0282653 0.0102831 0.00296801 0.00108542 0.000548898 0.000262915 0.000105086 3.64239e-05 1.18709e-05 4.03519e-06 1.45735e-06
 1.94229e-11 2.10817e-09 1.34923e-07 5.09156e-06 0.000113293 0.00148645 0.0115002 0.0524764 0.141388 0.226202 0.220935 0.148306 0.0921914 0.0607247 0.0317163 0.0105734 0.00211359 0.00025003 1.74773e-05 7.28679e-07 2.10531e-08 1.5132e-09 3.83751e-10 1.00826e-10 2.56112e-11
 1.9631e-11 2.13075e-09 1.36368e-07 5.1461e-06 0.000114507 0.00150237 0.0116233 0.0530373 0.142886 0.228493 0.222671 0.148121 0.0902343 0.0584949 0.0303985 0.0101288 0.0020289 0.000241966 1.74015e-05 7.93098e-07 2.59891e-08 7.20456e-10 1.68971e-11 3.32982e-13 1.52841e-14
 1.90248e-11 2.06496e-09 1.32157e-07 4.98719e-06 0.000110971 0.00145598 0.0112645 0.0514029 0.138521 0.221817 0.217608 0.148651 0.0959227 0.064983 0.0342426 0.0114375 0.002287 0.000270457 1.88719e-05 7.76817e-07 1.88791e-08 2.71794e-10 2.34798e-12 1.28102e-14 5.35458e-17
 1.82619e-11 1.98216e-09 1.26858e-07 4.78722e-06 0.000106522 0.0013976 0.0108131 0.0493462 0.133027 0.213415 0.211234 0.149313 0.103071 0.0731413 0.0390833 0.0130939 0.0026198 0.000309852 2.16218e-05 8.90088e-07 2.16381e-08 3.11796e-10 2.69885e-12 1.46598e-14 5.60829e-17
 1.75709e-11 1.90715e-09 1.22058e-07 4.60607e-06 0.000102491 0.00134472 0.0104041 0.0474832 0.128051 0.205805 0.20546 0.149912 0.109547 0.0805317 0.0434682 0.0145943 0.00292121 0.000345516 2.41072e-05 9.91866e-07 2.40651e-08 3.44337e-10 2.90714e-12 1.4509e-14 4.30782e-17
 1.80468e-11 1.95881e-09 1.25363e-07 4.73082e-06 0.000105267 0.00138114 0.0106857 0.0487662 0.131478 0.211046 0.209437 0.149499 0.105087 0.0754423 0.0404485 0.013561 0.00271361 0.000320943 2.23923e-05 9.21288e-07 2.23511e-08 3.19726e-10 2.69678e-12 1.34129e-14 3.93356e-17
 1.92325e-11 2.08751e-09 1.336e-07 5.04166e-06 0.000112183 0.00147188 0.0113875 0.0519631 0.140017 0.224105 0.219344 0.148471 0.0939758 0.062761 0.0329242 0.0109864 0.00219633 0.000259716 1.81198e-05 7.45501e-07 1.80865e-08 2.58731e-10 2.18257e-12 1.086e-14 3.18983e-17
 1.93017e-11 2.09501e-09 1.34081e-07 5.05979e-06 0.000112586 0.00147717 0.0114284 0.0521496 0.140515 0.224867 0.219922 0.148411 0.0933277 0.0620214 0.0324854 0.0108362 0.00216616 0.000256144 1.78706e-05 7.35245e-07 1.78375e-08 2.55162e-10 2.15222e-12 1.07048e-14 3.13977e-17
 1.89129e-11 2.05281e-09 1.3138e-07 4.95786e-06 0.000110318 0.00144742 0.0111983 0.0511012 0.137715 0.220585 0.216673 0.148749 0.0969714 0.0661799 0.0349528 0.0116805 0.00233579 0.000276222 1.92716e-05 7.92891e-07 1.9236e-08 2.75167e-10 2.32094e-12 1.15437e-14 3.38549e-17
 1.87875e-11 2.0392e-09 1.30509e-07 4.92499e-06 0.000109587 0.00143782 0.0111241 0.0507632 0.136812 0.219204 0.215626 0.148857 0.0981462 0.0675206 0.0357483 0.0119527 0.00239048 0.000282695 1.97233e-05 8.11476e-07 1.96869e-08 2.81616e-10 2.37533e-12 1.1814e-14 3.46456e-17
 1.96727e-11 2.13528e-09 1.36658e-07 5.15704e-06 0.00011475 0.00150556 0.011648 0.0531498 0.143187 0.228953 0.223022 0.14809 0.0898511 0.0580536 0.0301312 0.0100306 0.00200432 0.000236987 1.65338e-05 6.80243e-07 1.65031e-08 2.36072e-10 1.99118e-12 9.90329e-15 2.90415e-17
 2.04959e-11 2.22463e-09 1.42376e-07 5.37284e-06 0.000119552 0.00156856 0.0121352 0.0553693 0.149115 0.23802 0.2299 0.147376 0.0821368 0.0492496 0.0249074 0.00824315 0.00164519 0.00019448 1.35676e-05 5.582e-07 1.35423e-08 1.93718e-10 1.63394e-12 8.12651e-15 2.38311e-17
 2.02852e-11 2.20176e-09 1.40913e-07 5.3176e-06 0.000118323 0.00155243 0.0120105 0.0548012 0.147598 0.235699 0.22814 0.147559 0.0841113 0.051503 0.0262445 0.00870067 0.00173711 0.00020536 1.43268e-05 5.8944e-07 1.43002e-08 2.04566e-10 1.72559e-12 8.58508e-15 2.52047e-17
 2.02688e-11 2.19998e-09 1.40799e-07 5.3133e-06 0.000118227 0.00155118 0.0120008 0.0547569 0.147479 0.235519 0.228002 0.147573 0.0842651 0.0516785 0.0263486 0.0087363 0.00174427 0.000206207 1.43859e-05 5.91871e-07 1.43591e-08 2.05403e-10 1.7325e-12 8.61673e-15 2.52688e-17
 2.05495e-11 2.23045e-09 1.42749e-07 5.38689e-06 0.000119865 0.00157266 0.012167 0.0555138 0.149501 0.23861 0.230348 0.14733 0.0816345 0.0486763 0.0245673 0.00812676 0.00162181 0.000191712 1.33744e-05 5.50254e-07 1.33495e-08 1.9096e-10 1.61068e-12 8.01084e-15 2.3492e-17
 1.99013e-11 2.16009e-09 1.38246e-07 5.21696e-06 0.000116084 0.00152306 0.0117833 0.0537661 0.144833 0.231471 0.224932 0.147892 0.087709 0.055609 0.0286807 0.00953429 0.0019046 0.000225184 1.57101e-05 6.46355e-07 1.5681e-08 2.24312e-10 1.89198e-12 9.40992e-15 2.75947e-17
 2.08317e-11 2.26108e-09 1.44709e-07 5.46086e-06 0.000121511 0.00159425 0.012334 0.0562745 0.151533 0.241718 0.232706 0.147085 0.0789903 0.0456586 0.0227767 0.00751407 0.00149871 0.000177142 1.23577e-05 5.08421e-07 1.23346e-08 1.76442e-10 1.48823e-12 7.4018e-15 2.17058e-17
 2.0798e-11 2.25742e-09 1.44475e-07 5.45203e-06 0.000121314 0.00159168 0.012314 0.0561837 0.15129 0.241347 0.232424 0.147114 0.0793058 0.0460187 0.0229904 0.00758718 0.0015134 0.000178881 1.2479e-05 5.13413e-07 1.24557e-08 1.78175e-10 1.50284e-12 7.47447e-15 2.1919e-17
 2.1309e-11 2.31289e-09 1.48025e-07 5.58598e-06 0.000124295 0.00163078 0.0126165 0.0575614 0.15497 0.246975 0.236694 0.146671 0.0745174 0.0405537 0.0197479 0.00647763 0.00129048 0.000152495 1.06378e-05 4.37657e-07 1.06178e-08 1.51884e-10 1.28109e-12 6.37157e-15 1.86847e-17
 2.14829e-11 2.33176e-09 1.49232e-07 5.63156e-06 0.000125309 0.00164409 0.0127194 0.0580302 0.156222 0.24889 0.238147 0.14652 0.0728881 0.0386943 0.0186446 0.00610011 0.00121464 0.000143517 1.00113e-05 4.11881e-07 9.99243e-09 1.42939e-10 1.20563e-12 5.99631e-15 1.75842e-17
 2.13806e-11 2.32066e-09 1.48522e-07 5.60475e-06 0.000124712 0.00163626 0.0126588 0.0577544 0.155486 0.247764 0.237292 0.146609 0.0738466 0.0397882 0.0192937 0.00632221 0.00125926 0.000148799 1.03799e-05 4.27045e-07 1.03603e-08 1.48201e-10 1.25002e-12 6.21708e-15 1.82316e-17
 2.15735e-11 2.3416e-09 1.49862e-07 5.65532e-06 0.000125838 0.00165102 0.012773 0.0582746 0.156875 0.249889 0.238904 0.146442 0.0720386 0.0377248 0.0180694 0.00590328 0.00117509 0.000138836 9.68469e-06 3.98442e-07 9.66639e-09 1.38275e-10 1.1663e-12 5.80066e-15 1.70105e-17
 2.14948e-11 2.33306e-09 1.49315e-07 5.63469e-06 0.000125379 0.001645 0.0127264 0.0580624 0.156308 0.249022 0.238246 0.14651 0.0727761 0.0385665 0.0185687 0.00607416 0.00120942 0.0001429 9.96825e-06 4.10109e-07 9.94944e-09 1.42324e-10 1.20045e-12 5.97051e-15 1.75086e-17
#obs surv len freq
 4.82683e-11 4.47334e-09 2.44449e-07 7.87648e-06 0.000149646 0.00167649 0.0110763 0.0431898 0.099792 0.139523 0.130347 0.110571 0.110917 0.109056 0.0938103 0.0710401 0.0443108 0.021887 0.00878776 0.00290682 0.000769344 0.000155261 2.27209e-05 2.30566e-06 1.56568e-07
 3.0207e-11 2.70007e-09 1.42308e-07 4.42256e-06 8.1043e-05 0.000875795 0.00558457 0.0210782 0.0478662 0.0707516 0.0886188 0.125064 0.164308 0.162831 0.128579 0.0896011 0.0537055 0.0262817 0.0104405 0.00332826 0.000824492 0.000152975 2.04593e-05 1.89837e-06 1.1811e-07
 1.40918e-11 1.21279e-09 6.15448e-08 1.84157e-06 3.24937e-05 0.000338165 0.00207852 0.0075983 0.0171217 0.0277311 0.045776 0.084128 0.133584 0.173868 0.189429 0.15909 0.0958683 0.042573 0.0151031 0.00443686 0.00103563 0.000180337 2.23116e-05 1.89349e-06 1.07211e-07
 2.64874e-10 2.19131e-08 1.06894e-06 3.07462e-05 0.000521454 0.00521469 0.030749 0.106914 0.219236 0.265363 0.190535 0.0837499 0.0279991 0.0159995 0.0171045 0.0162027 0.0113358 0.00589852 0.00230294 0.000671143 0.00014544 2.31786e-05 2.63778e-06 2.063e-07 1.07239e-08
 1.81509e-10 1.44126e-08 6.74801e-07 1.86293e-05 0.000303258 0.00291114 0.0164873 0.0552264 0.110824 0.141837 0.145091 0.161317 0.168243 0.120997 0.0542274 0.0159366 0.00415833 0.00152313 0.000634192 0.000207265 4.76466e-05 7.51632e-06 8.0488e-07 5.78314e-08 2.74471e-09
 4.39451e-10 3.34434e-08 1.50071e-06 3.97072e-05 0.000619487 0.00569889 0.0309162 0.0989535 0.187351 0.212696 0.154865 0.0931586 0.068242 0.0580371 0.0454969 0.0281549 0.0119336 0.00320626 0.000550194 6.95016e-05 8.673e-06 1.12603e-06 1.16441e-07 8.13536e-09 3.66028e-10
 5.24286e-10 3.81885e-08 1.64015e-06 4.15359e-05 0.000620235 0.00546143 0.0283665 0.0870453 0.15912 0.180595 0.150601 0.129084 0.115202 0.079812 0.0399328 0.0161908 0.00577896 0.00170321 0.000377716 5.94103e-05 6.4078e-06 4.80075e-07 2.71468e-08 1.26469e-09 4.6766e-11
 8.25438e-10 5.74725e-08 2.35952e-06 5.71181e-05 0.000815298 0.00686233 0.0340682 0.0998911 0.174181 0.187011 0.143375 0.110518 0.0950896 0.0715293 0.0439498 0.0220108 0.00817349 0.00206343 0.000353403 4.403e-05 4.28885e-06 3.22758e-07 1.74124e-08 6.36503e-10 1.56081e-11
 1.04279e-09 6.93212e-08 2.71719e-06 6.28006e-05 0.000855861 0.00687826 0.0326136 0.0914637 0.153678 0.16458 0.140442 0.130935 0.119495 0.0839125 0.0455071 0.0203241 0.00710931 0.00178488 0.000313917 3.93888e-05 3.5656e-06 2.31117e-07 1.06353e-08 3.44987e-10 7.74008e-12
 1.3525e-09 8.57448e-08 3.20529e-06 7.06505e-05 0.000918258 0.00703838 0.0318379 0.0853014 0.137889 0.146512 0.134115 0.137492 0.130424 0.0954965 0.055676 0.0260166 0.00884512 0.00202046 0.000308533 3.30718e-05 2.62724e-06 1.56067e-07 6.68665e-09 1.98013e-10 3.93836e-12
 2.35902e-09 1.42479e-07 5.07409e-06 0.00010655 0.00131932 0.00963368 0.0415083 0.105849 0.162219 0.160626 0.131511 0.120572 0.108605 0.0793631 0.0472193 0.0221613 0.0073895 0.00164172 0.000243877 2.51939e-05 1.86912e-06 9.95968e-08 3.74062e-09 9.7318e-11 1.72789e-12
 3.78313e-09 2.17468e-07 7.37097e-06 0.000147314 0.00173606 0.0120653 0.0494826 0.12016 0.175724 0.167441 0.134309 0.119704 0.100444 0.0654501 0.03388 0.0140958 0.00431308 0.000899892 0.000127239 1.2621e-05 9.02077e-07 4.61025e-08 1.63906e-09 3.95535e-11 6.36955e-13
 5.41528e-09 2.95999e-07 9.54e-06 0.000181299 0.00203165 0.0134271 0.0523829 0.121189 0.170124 0.160486 0.135896 0.127145 0.104657 0.0647705 0.031429 0.0121384 0.00340742 0.00063917 7.88177e-05 6.62698e-06 4.00528e-07 1.78306e-08 5.73579e-10 1.28451e-11 1.93826e-13
 7.09108e-09 3.6825e-07 1.12761e-05 0.000203596 0.00216768 0.0136131 0.0504962 0.111424 0.151414 0.14621 0.138346 0.140133 0.116925 0.0734555 0.0366559 0.0142528 0.00390081 0.000701081 8.22346e-05 6.51282e-06 3.62471e-07 1.43777e-08 4.00747e-10 7.69159e-12 1.00196e-13
 1.05939e-08 5.22288e-07 1.51829e-05 0.000260251 0.00263059 0.0156848 0.0552584 0.116007 0.151163 0.143745 0.138071 0.139235 0.113971 0.0710999 0.0353442 0.0133863 0.00347812 0.000582775 6.2759e-05 4.49902e-06 2.24973e-07 8.04395e-09 2.03403e-10 3.53867e-12 4.13608e-14
 1.71916e-08 8.04081e-07 2.21754e-05 0.00036061 0.00345802 0.0195609 0.0653844 0.130272 0.161282 0.14615 0.134133 0.129411 0.102318 0.0625779 0.0305531 0.0112157 0.0027993 0.000451814 4.73991e-05 3.34736e-06 1.64542e-07 5.66181e-09 1.33816e-10 2.12652e-12 2.2433e-14
 2.67114e-08 1.18453e-06 3.09731e-05 0.00047755 0.00434193 0.0232891 0.0738435 0.139814 0.165813 0.147491 0.135353 0.126721 0.0944202 0.0536418 0.0242303 0.00827239 0.00193377 0.000294011 2.92249e-05 1.96885e-06 9.2944e-08 3.08614e-09 7.05113e-11 1.08062e-12 1.09073e-14
 3.59558e-08 1.511e-06 3.74412e-05 0.000547059 0.00471381 0.0239679 0.0721325 0.130435 0.151745 0.142607 0.143926 0.137876 0.100808 0.0561658 0.0247916 0.00814593 0.00181245 0.000261698 2.47793e-05 1.59602e-06 7.20359e-08 2.27803e-09 4.9368e-11 7.16428e-13 6.85057e-15
 5.84913e-08 2.32837e-06 5.46513e-05 0.000756396 0.00617377 0.0297346 0.0847561 0.145066 0.159266 0.140183 0.132912 0.123128 0.0908859 0.0529616 0.0241994 0.00792904 0.00172198 0.000242955 2.27785e-05 1.4687e-06 6.61225e-08 2.05196e-09 4.28714e-11 5.9233e-13 5.35177e-15
 8.58587e-08 3.23644e-06 7.19353e-05 0.000942802 0.00728743 0.033247 0.0898818 0.146769 0.157441 0.142923 0.140257 0.125516 0.0853258 0.0448217 0.0185642 0.00562662 0.00115174 0.000155668 1.41991e-05 9.00973e-07 4.00704e-08 1.22624e-09 2.51788e-11 3.40321e-13 2.98686e-15
 1.26083e-07 4.49948e-06 9.46803e-05 0.00117481 0.00859748 0.0371456 0.0952131 0.148208 0.154733 0.142382 0.141397 0.123875 0.0821221 0.0422657 0.0169187 0.00483529 0.000912717 0.000111452 9.02188e-06 5.05381e-07 2.01433e-08 5.67473e-10 1.0986e-11 1.42046e-13 1.20003e-15
 1.83844e-07 6.21034e-06 0.000123701 0.00145294 0.0100657 0.0411805 0.100085 0.148597 0.151234 0.140796 0.140717 0.121528 0.0802862 0.0416795 0.0166197 0.00465391 0.000860963 0.000104614 8.56544e-06 4.84118e-07 1.88983e-08 5.0044e-10 8.82909e-12 1.02734e-13 7.83312e-16
 2.81302e-07 8.99432e-06 0.000169573 0.00188524 0.0123629 0.0478887 0.11032 0.156002 0.153714 0.141662 0.138296 0.114018 0.0714041 0.0350237 0.0131309 0.00344405 0.000595929 6.78178e-05 5.23129e-06 2.81798e-07 1.06338e-08 2.75113e-10 4.752e-12 5.36863e-14 3.90851e-16
 3.8298e-07 1.15905e-05 0.000206836 0.00217663 0.0135133 0.0495942 0.10864 0.148418 0.14868 0.147325 0.147581 0.117559 0.0696883 0.0321202 0.0112531 0.00274413 0.000438766 4.57526e-05 3.20518e-06 1.56195e-07 5.35745e-09 1.27331e-10 2.04463e-12 2.17074e-14 1.49817e-16
 5.79552e-07 1.66025e-05 0.000280448 0.00279365 0.0164185 0.0570579 0.118502 0.154262 0.149385 0.144865 0.140935 0.109345 0.0641723 0.0293289 0.00996276 0.00229793 0.000341499 3.26159e-05 2.06204e-06 8.96138e-08 2.72896e-09 5.77066e-11 8.28254e-13 7.90206e-15 4.93212e-17
 8.18091e-07 2.21859e-05 0.000354775 0.0033457 0.0186185 0.0613186 0.121156 0.152441 0.148893 0.149265 0.143517 0.106353 0.0590581 0.0254596 0.00814678 0.00177344 0.000250082 2.28349e-05 1.38756e-06 5.77333e-08 1.65697e-09 3.2329e-11 4.20322e-13 3.58974e-15 1.99516e-17
 1.0522e-06 2.70159e-05 0.000409024 0.00365233 0.0192515 0.0601515 0.113571 0.140477 0.144111 0.155031 0.151268 0.111706 0.0626017 0.0271386 0.00853559 0.00179883 0.000245836 2.20134e-05 1.32858e-06 5.50661e-08 1.55919e-09 2.95556e-11 3.67899e-13 2.96956e-15 1.54068e-17
 1.59569e-06 3.87946e-05 0.000556167 0.00470264 0.0234748 0.0694967 0.124585 0.147379 0.146564 0.152787 0.143006 0.101498 0.0548864 0.0227737 0.0067486 0.00132132 0.000165744 1.3475e-05 7.34694e-07 2.77166e-08 7.27889e-10 1.30615e-11 1.56069e-13 1.21555e-15 6.07378e-18
#pred catch len freq
 1.82977e-12 1.98604e-10 1.27106e-08 4.79668e-07 1.06741e-05 0.000140107 0.00108633 0.00501195 0.0142584 0.0289163 0.0572048 0.117112 0.183945 0.19164 0.141273 0.0900265 0.0571078 0.035886 0.0229084 0.0154933 0.0113866 0.00924045 0.00785527 0.0060041 0.00349171
 1.62015e-12 1.75852e-10 1.12545e-08 4.24721e-07 9.45158e-06 0.000124077 0.000962681 0.00445651 0.0128821 0.0276862 0.0605916 0.131633 0.208938 0.213615 0.147792 0.0833682 0.0464243 0.0260006 0.0144086 0.00808035 0.00479087 0.00318463 0.00236335 0.00170423 0.000983438
 6.9117e-13 7.502e-11 4.80132e-09 1.81197e-07 4.03295e-06 5.29877e-05 0.000412874 0.0019521 0.00619513 0.0174788 0.0529522 0.132852 0.218734 0.226019 0.157855 0.0895733 0.0483602 0.0245929 0.0117705 0.00557024 0.00267547 0.00137124 0.000801239 0.000501786 0.000273906
 5.11965e-12 5.55689e-10 3.5564e-08 1.34208e-06 2.98635e-05 0.000391859 0.00303326 0.0138776 0.0378933 0.0646928 0.0825405 0.108541 0.145671 0.156397 0.135354 0.106104 0.0724576 0.0402578 0.0190381 0.00816605 0.0032858 0.00130844 0.000560683 0.000270185 0.000128159
 1.49505e-11 1.62273e-09 1.03855e-07 3.91915e-06 8.72061e-05 0.0011442 0.00885311 0.0404169 0.109162 0.176798 0.182872 0.150259 0.131074 0.106196 0.0600732 0.0221995 0.00641999 0.0023448 0.00118492 0.000567492 0.000226821 7.86181e-05 2.56223e-05 8.70962e-06 3.14556e-06
 1.22755e-11 1.33238e-09 8.52723e-08 3.21792e-06 7.16031e-05 0.000939492 0.00726996 0.0332061 0.0899163 0.147481 0.161214 0.154503 0.159169 0.137165 0.0770713 0.0260935 0.0052321 0.000619309 4.32952e-05 1.80505e-06 5.21214e-08 3.73697e-09 9.47135e-10 2.48843e-10 6.32096e-11
 1.52262e-11 1.65266e-09 1.0577e-07 3.99144e-06 8.88146e-05 0.0011653 0.00901637 0.0411617 0.111166 0.17998 0.185866 0.151935 0.131503 0.105598 0.0583516 0.0197002 0.00395646 0.000472074 3.39496e-05 1.54674e-06 5.06391e-08 1.40202e-09 3.28536e-11 6.47171e-13 2.96986e-14
 1.47317e-11 1.59898e-09 1.02335e-07 3.86179e-06 8.59299e-05 0.00112745 0.00872367 0.0398283 0.107605 0.174534 0.181737 0.152374 0.136153 0.110897 0.0614848 0.0207594 0.00415987 0.000492148 3.43437e-05 1.4137e-06 3.43571e-08 4.94612e-10 4.27244e-12 2.33011e-14 9.7286e-17
 1.49339e-11 1.62093e-09 1.03739e-07 3.9148e-06 8.71094e-05 0.00114293 0.00884335 0.0403735 0.109061 0.176761 0.183427 0.152198 0.134258 0.108734 0.0602017 0.0203203 0.00407167 0.00048171 3.36161e-05 1.38386e-06 3.36416e-08 4.84745e-10 4.1954e-12 2.27806e-14 8.70704e-17
 1.52227e-11 1.65228e-09 1.05746e-07 3.99052e-06 8.87942e-05 0.00116503 0.0090143 0.0411523 0.111141 0.179942 0.18584 0.151948 0.131551 0.105645 0.0583688 0.0196931 0.0039456 0.000466768 3.25683e-05 1.34e-06 3.25117e-08 4.65195e-10 3.9275e-12 1.96011e-14 5.81938e-17
 1.50777e-11 1.63654e-09 1.04738e-07 3.95251e-06 8.79484e-05 0.00115393 0.00892848 0.0407613 0.110097 0.178345 0.184629 0.152074 0.13291 0.107196 0.059289 0.0200079 0.00400886 0.000474254 3.30905e-05 1.36146e-06 3.303e-08 4.72486e-10 3.98526e-12 1.98213e-14 5.81294e-17
 1.6799e-11 1.82337e-09 1.16696e-07 4.40373e-06 9.79886e-05 0.00128566 0.00994724 0.0454021 0.122492 0.197303 0.199011 0.150581 0.11678 0.0887867 0.0483662 0.0162704 0.00325794 0.000385372 2.68883e-05 1.10627e-06 2.68392e-08 3.83941e-10 3.2388e-12 1.61156e-14 4.73347e-17
 1.70342e-11 1.8489e-09 1.18329e-07 4.46538e-06 9.93603e-05 0.00130365 0.0100864 0.0460361 0.124186 0.199893 0.200976 0.150377 0.114576 0.0862718 0.046874 0.0157597 0.00315535 0.00037323 2.60409e-05 1.07141e-06 2.59931e-08 3.71826e-10 3.13626e-12 1.55992e-14 4.57532e-17
 1.67779e-11 1.82108e-09 1.16549e-07 4.3982e-06 9.78655e-05 0.00128404 0.00993475 0.0453452 0.12234 0.197071 0.198835 0.1506 0.116978 0.0890125 0.0485002 0.0163162 0.00326715 0.000386462 2.69643e-05 1.1094e-06 2.69148e-08 3.8501e-10 3.24744e-12 1.61517e-14 4.73693e-17
 1.69231e-11 1.83684e-09 1.17558e-07 4.43626e-06 9.87124e-05 0.00129515 0.0100207 0.0457367 0.123386 0.19867 0.200048 0.150474 0.115617 0.0874596 0.0475788 0.0160009 0.0032038 0.000378965 2.64411e-05 1.08787e-06 2.63926e-08 3.77539e-10 3.1844e-12 1.5838e-14 4.64463e-17
 1.77714e-11 1.92891e-09 1.2345e-07 4.65863e-06 0.00010366 0.00136007 0.0105227 0.0480237 0.129495 0.208013 0.207136 0.149738 0.107668 0.0783876 0.0421961 0.014159 0.00283375 0.000335164 2.33846e-05 9.62117e-07 2.33416e-08 3.33895e-10 2.81628e-12 1.4007e-14 4.10756e-17
 1.74349e-11 1.89239e-09 1.21112e-07 4.57041e-06 0.000101697 0.00133431 0.0103235 0.0471164 0.127071 0.204306 0.204324 0.15003 0.110822 0.0819868 0.0443316 0.0148898 0.00298057 0.000352541 2.45972e-05 1.01201e-06 2.4552e-08 3.5121e-10 2.96232e-12 1.47333e-14 4.32056e-17
 1.77725e-11 1.92904e-09 1.23458e-07 4.65893e-06 0.000103667 0.00136015 0.0105234 0.0480268 0.129503 0.208025 0.207145 0.149737 0.107657 0.0783754 0.0421888 0.0141566 0.00283326 0.000335105 2.33805e-05 9.6195e-07 2.33377e-08 3.33848e-10 2.81613e-12 1.40107e-14 4.11334e-17
 1.82482e-11 1.98067e-09 1.26763e-07 4.78363e-06 0.000106442 0.00139656 0.010805 0.0493093 0.132929 0.213265 0.21112 0.149325 0.1032 0.0732878 0.0391702 0.0131236 0.00262573 0.000310541 2.16664e-05 8.91422e-07 2.16265e-08 3.09361e-10 2.60934e-12 1.29778e-14 3.80577e-17
 1.90478e-11 2.06745e-09 1.32317e-07 4.99322e-06 0.000111105 0.00145774 0.0112782 0.051465 0.138686 0.222071 0.2178 0.148632 0.0957071 0.0647369 0.0340966 0.0113875 0.00227693 0.000269255 1.87855e-05 7.72888e-07 1.87508e-08 2.68224e-10 2.26237e-12 1.12521e-14 3.29971e-17
 1.81348e-11 1.96836e-09 1.25975e-07 4.7539e-06 0.00010578 0.00138788 0.0107378 0.0490036 0.132112 0.212015 0.210172 0.149423 0.104262 0.0745007 0.0398898 0.0133699 0.0026752 0.000316397 2.20751e-05 9.08235e-07 2.20344e-08 3.15196e-10 2.65856e-12 1.32225e-14 3.87752e-17
 1.92378e-11 2.08808e-09 1.33637e-07 5.04303e-06 0.000112214 0.00147228 0.0113906 0.0519772 0.140055 0.224163 0.219388 0.148467 0.0939266 0.0627049 0.0328909 0.010975 0.00219404 0.000259444 1.81008e-05 7.44719e-07 1.80674e-08 2.58448e-10 2.17992e-12 1.0842e-14 3.17942e-17
 1.88753e-11 2.04874e-09 1.31119e-07 4.94802e-06 0.000110099 0.00144454 0.0111761 0.051 0.137445 0.220171 0.21636 0.148781 0.0973231 0.0665812 0.0351909 0.011762 0.00235216 0.00027816 1.94069e-05 7.98454e-07 1.9371e-08 2.77097e-10 2.33721e-12 1.16243e-14 3.40883e-17
 1.95362e-11 2.12047e-09 1.3571e-07 5.12127e-06 0.000113954 0.00149512 0.0115673 0.0527819 0.142204 0.22745 0.221882 0.148208 0.0911298 0.059513 0.0309971 0.0103269 0.00206384 0.000244033 1.70255e-05 7.00473e-07 1.69939e-08 2.43093e-10 2.0504e-12 1.01978e-14 2.99052e-17
 1.9688e-11 2.13695e-09 1.36764e-07 5.16106e-06 0.00011484 0.00150674 0.0116571 0.0531911 0.143297 0.229122 0.22315 0.148076 0.0897074 0.0578896 0.0300339 0.00999733 0.00199763 0.000236196 1.64785e-05 6.7797e-07 1.6448e-08 2.35284e-10 1.98453e-12 9.87019e-15 2.89444e-17
 2.03333e-11 2.20699e-09 1.41247e-07 5.33021e-06 0.000118604 0.00155612 0.012039 0.0549309 0.147944 0.236229 0.228541 0.147517 0.0836605 0.0509886 0.0259392 0.00859621 0.00171613 0.000202876 1.41535e-05 5.82307e-07 1.41271e-08 2.02084e-10 1.7045e-12 8.47747e-15 2.48602e-17
 2.05953e-11 2.23543e-09 1.43067e-07 5.3989e-06 0.000120132 0.00157617 0.0121941 0.0556373 0.149831 0.239115 0.230731 0.14729 0.0812051 0.0481862 0.0242765 0.00802726 0.00160182 0.000189346 1.32093e-05 5.4346e-07 1.31846e-08 1.88602e-10 1.59079e-12 7.91191e-15 2.32017e-17
 2.09097e-11 2.26955e-09 1.45251e-07 5.4813e-06 0.000121966 0.00160022 0.0123801 0.0564848 0.152095 0.242577 0.233357 0.147017 0.0782594 0.0448244 0.0222818 0.00734471 0.00146469 0.000173114 1.20767e-05 4.96858e-07 1.2054e-08 1.72429e-10 1.45438e-12 7.23345e-15 2.12122e-17
#obs catch len freq
 4.24034e-11 3.9298e-09 2.14747e-07 6.91944e-06 0.000131464 0.00147281 0.00973145 0.0379619 0.0879112 0.124344 0.122107 0.116413 0.126722 0.123311 0.0998948 0.0714453 0.0435554 0.0217261 0.0090405 0.00314096 0.000870788 0.000182141 2.73652e-05 2.83341e-06 1.95472e-07
 6.64094e-11 5.93604e-09 3.12861e-07 9.72284e-06 0.000178166 0.00192513 0.0122678 0.0461451 0.102927 0.139436 0.128192 0.110387 0.112101 0.109359 0.0931355 0.0695077 0.042453 0.0205157 0.00805498 0.00259292 0.000662679 0.000128048 1.77997e-05 1.70434e-06 1.08622e-07
 4.26283e-11 3.66873e-09 1.86175e-07 5.57078e-06 9.82903e-05 0.00102272 0.00627987 0.0228362 0.0500937 0.0723404 0.0908789 0.128846 0.166162 0.161133 0.125568 0.0864136 0.0508227 0.0243257 0.00942429 0.0029136 0.000695174 0.000123325 1.56569e-05 1.37013e-06 7.99686e-08
 2.05536e-11 1.7004e-09 8.29477e-08 2.38588e-06 4.04676e-05 0.000404859 0.00239266 0.00841857 0.018348 0.0292478 0.048492 0.0883569 0.137793 0.176709 0.188732 0.153931 0.0899157 0.0388813 0.0134673 0.00384293 0.000863304 0.00014347 1.68239e-05 1.34542e-06 7.14341e-08
 3.81575e-10 3.02987e-08 1.41859e-06 3.91629e-05 0.0006375 0.0061189 0.0346303 0.11557 0.227465 0.264293 0.182291 0.0773374 0.0257737 0.015548 0.0166436 0.0153302 0.0104026 0.0052469 0.00198028 0.000556015 0.000115614 1.75757e-05 1.89497e-06 1.39559e-07 6.79842e-09
 2.70007e-10 2.05482e-08 9.22063e-07 2.4397e-05 0.000380635 0.00350203 0.0190106 0.061055 0.117662 0.145646 0.146791 0.16158 0.163418 0.112769 0.0485058 0.0138583 0.00365675 0.00136563 0.000555322 0.000173912 3.80733e-05 5.69645e-06 5.76206e-07 3.89414e-08 1.73121e-09
 6.5305e-10 4.75676e-08 2.04297e-06 5.1737e-05 0.000772554 0.00680227 0.03532 0.108209 0.196161 0.213543 0.1501 0.088907 0.0650013 0.0547035 0.0420149 0.0251236 0.0101871 0.00261131 0.000429874 5.3053e-05 6.55151e-06 8.22366e-07 8.04431e-08 5.27369e-09 2.21837e-10
 7.90854e-10 5.50646e-08 2.26066e-06 5.47251e-05 0.000781144 0.00657501 0.0326459 0.0957825 0.167576 0.182849 0.14874 0.12592 0.109408 0.0731665 0.0355951 0.0141774 0.00495731 0.00141636 0.000302085 4.54442e-05 4.67538e-06 3.34668e-07 1.81325e-08 8.05379e-10 2.80565e-11
 1.25653e-09 8.35292e-08 3.27411e-06 7.5672e-05 0.00103126 0.00828742 0.039283 0.10999 0.183278 0.188676 0.140335 0.106472 0.0895602 0.0656254 0.0394166 0.0191697 0.00683784 0.00165145 0.000271385 3.26054e-05 3.0601e-06 2.20082e-07 1.12563e-08 3.8837e-10 8.96732e-12
 1.61833e-09 1.02598e-07 3.83527e-06 8.45364e-05 0.00109872 0.00842119 0.0380823 0.101884 0.163488 0.168015 0.139302 0.126741 0.111751 0.0759104 0.0401575 0.0174739 0.00589608 0.00141974 0.000239365 2.87831e-05 2.49083e-06 1.5383e-07 6.72284e-09 2.06313e-10 4.35934e-12
 2.13453e-09 1.2892e-07 4.59123e-06 9.64108e-05 0.00119378 0.00871744 0.0375701 0.095933 0.148002 0.150931 0.134149 0.133559 0.122251 0.0868307 0.0493531 0.0223104 0.0072607 0.00158159 0.000230756 2.37153e-05 1.80653e-06 1.02422e-07 4.1627e-09 1.16363e-10 2.17681e-12
 3.72579e-09 2.14172e-07 7.25926e-06 0.000145081 0.00170974 0.0118823 0.0487294 0.118299 0.17277 0.163684 0.129453 0.115005 0.100076 0.0710631 0.0411672 0.0186258 0.00593071 0.00125505 0.000177898 1.757e-05 1.2449e-06 6.31248e-08 2.24729e-09 5.52245e-11 9.22873e-13
 5.99496e-09 3.27685e-07 1.05612e-05 0.000200706 0.00224909 0.0148633 0.0579664 0.13388 0.186375 0.169607 0.13082 0.112206 0.0904292 0.0569943 0.0287062 0.0115416 0.00337809 0.000671666 9.0618e-05 8.59013e-06 5.85812e-07 2.84451e-08 9.56671e-10 2.17623e-11 3.29371e-13
 8.64269e-09 4.48827e-07 1.37435e-05 0.000248144 0.00264191 0.0165889 0.0614916 0.135204 0.18058 0.16271 0.13242 0.118881 0.0937667 0.0560359 0.0264125 0.00983993 0.00263576 0.000469604 5.506e-05 4.41649e-06 2.5503e-07 1.08169e-08 3.29789e-10 6.96519e-12 9.87327e-14
 1.15784e-08 5.70827e-07 1.65939e-05 0.000284437 0.00287501 0.0171408 0.0603652 0.126486 0.16333 0.150134 0.135375 0.130608 0.104332 0.063378 0.0306702 0.0114539 0.00298165 0.000508072 5.65789e-05 4.26512e-06 2.26068e-07 8.5181e-09 2.24678e-10 4.06698e-12 4.98167e-14
 1.7374e-08 8.12613e-07 2.24107e-05 0.000364436 0.0034947 0.0197683 0.0660758 0.13163 0.162853 0.147195 0.134401 0.128943 0.101127 0.0610401 0.0293595 0.0106417 0.0026225 0.000415666 4.24092e-05 2.88921e-06 1.37517e-07 4.67123e-09 1.11756e-10 1.83219e-12 2.01159e-14
 2.81798e-08 1.24965e-06 3.26758e-05 0.0005038 0.00458052 0.0245667 0.0778594 0.147091 0.172667 0.148228 0.128652 0.117772 0.0892195 0.0527937 0.0248929 0.00872664 0.00206382 0.000315106 3.1329e-05 2.10164e-06 9.81271e-08 3.19794e-09 7.13233e-11 1.06641e-12 1.056e-14
 4.36839e-08 1.83576e-06 4.54883e-05 0.000664628 0.0057265 0.0291077 0.0874628 0.156935 0.176333 0.148343 0.128427 0.113869 0.0811578 0.0445461 0.0194229 0.00633241 0.00140242 0.000201661 1.8995e-05 1.21547e-06 5.44896e-08 1.71275e-09 3.68969e-11 5.31415e-13 5.02796e-15
 5.93563e-08 2.3628e-06 5.54595e-05 0.000767583 0.00626512 0.0301756 0.0860268 0.147354 0.162301 0.144043 0.137015 0.124374 0.0870692 0.0468684 0.0199308 0.00624076 0.001314 0.000179352 1.6088e-05 9.83734e-07 4.21259e-08 1.25977e-09 2.57195e-11 3.50541e-13 3.14023e-15
 9.65304e-08 3.63871e-06 8.08761e-05 0.00105997 0.00819252 0.0373636 0.100844 0.163366 0.1694 0.139904 0.124113 0.108826 0.0771091 0.0434052 0.0190229 0.00591759 0.00121467 0.000162065 1.44027e-05 8.81112e-07 3.75617e-08 1.09969e-09 2.16042e-11 2.79973e-13 2.36759e-15
 1.42707e-07 5.09273e-06 0.000107163 0.00132968 0.00973018 0.0420247 0.107535 0.166037 0.167642 0.141607 0.129053 0.108888 0.0708426 0.035902 0.0142756 0.00411313 0.000796568 0.000101905 8.81619e-06 5.30716e-07 2.23316e-08 6.44052e-10 1.24213e-11 1.5728e-13 1.29028e-15
 2.08403e-07 7.03995e-06 0.000140225 0.00164699 0.0114091 0.0466586 0.113183 0.166556 0.16362 0.140212 0.129747 0.107466 0.0682789 0.033873 0.0129806 0.00351678 0.000626543 7.22537e-05 5.53978e-06 2.94527e-07 1.11274e-08 2.95969e-10 5.38668e-12 6.52493e-14 5.15007e-16
 3.07449e-07 9.83033e-06 0.000185334 0.00206043 0.0135106 0.0523128 0.120274 0.16854 0.16041 0.137372 0.126928 0.103551 0.0656184 0.0327879 0.0124815 0.00330931 0.000578175 6.64262e-05 5.15096e-06 2.75573e-07 1.01535e-08 2.52941e-10 4.18754e-12 4.56314e-14 3.25179e-16
 4.70557e-07 1.42409e-05 0.000254131 0.0026742 0.0165983 0.0608459 0.132554 0.176644 0.161874 0.135875 0.121891 0.094745 0.0568435 0.0267962 0.00957865 0.00237693 0.00038826 4.17766e-05 3.05333e-06 1.55799e-07 5.55184e-09 1.35098e-10 2.18746e-12 2.31054e-14 1.56935e-16
 6.51031e-07 1.86501e-05 0.000315034 0.00313808 0.0184402 0.0640394 0.132571 0.17012 0.156881 0.139975 0.128616 0.0965898 0.0547988 0.0242364 0.00808483 0.00186326 0.000280932 2.76642e-05 1.83448e-06 8.46621e-08 2.74334e-09 6.13622e-11 9.24073e-13 9.17455e-15 5.90708e-17
 9.81209e-07 2.66094e-05 0.000425506 0.00401246 0.0223219 0.0734048 0.144022 0.175805 0.155899 0.135289 0.120539 0.0882465 0.0495723 0.021688 0.00699297 0.00152105 0.000212812 1.91638e-05 1.14514e-06 4.70857e-08 1.35426e-09 2.69541e-11 3.62891e-13 3.23852e-15 1.88622e-17
 1.37813e-06 3.53843e-05 0.00053571 0.004783 0.0251975 0.0785276 0.146523 0.17255 0.153778 0.138315 0.122484 0.0858071 0.0456024 0.0188073 0.00571069 0.0011725 0.000155725 1.34109e-05 7.69928e-07 3.02647e-08 8.18659e-10 1.5006e-11 1.82787e-13 1.4594e-15 7.56825e-18
 1.83991e-06 4.4732e-05 0.000641277 0.00542185 0.0270551 0.0799588 0.142228 0.163058 0.149229 0.141782 0.127194 0.0888791 0.0476284 0.0196895 0.00586095 0.0011641 0.000149915 1.26707e-05 7.22505e-07 2.82564e-08 7.52672e-10 1.33803e-11 1.5582e-13 1.17439e-15 5.67928e-18
#spawning biomass
 28622.9 28232.1 21542.2 17445.3 22686.3 40192.7 70143.3 95466.6 135623 157061 140826 169821 203949 231687 241690 221255 217200 246643 199252 233490 229494 238568 234585 268561 250652 254663 230684 217681 193443 197062 9559.73 9452.21 9452.16 9452.16 9452.16 9452.16 9452.16 9452.16 9452.16 9452.16 9452.16 9452.16 9452.16 9452.16 9452.16 9452.16 9452.16 9452.16 9452.16 9452.16 9452.16 9452.16 9452.16 9452.16 9452.16 9452.16 9452.16 9452.16 9452.16 9452.16 9452.16 9452.16 9452.16 9452.16 9452.16 9452.16 9452.16 9452.16 9452.16 9452.16 9452.16 9452.16 9452.16 9452.16 9452.16 9452.16 9452.16 9452.16 9452.16 9452.16 9452.16 9452.16 9452.16 9452.16 9452.16 9452.16 9452.16 9452.16 9452.16 9452.16 9452.16 9452.16 9452.16 9452.16 9452.16 9452.16 9452.16 9452.16 9452.16 9452.16 9452.16 9452.16 9452.16 9452.16 9452.16 9452.16 9452.16 9452.16 9452.16 9452.16 9452.16 9452.16 9452.16 9452.16 9452.16 9452.16 9452.16 9452.16 9452.16 9452.16 9452.16 9452.16 9452.16 9452.16 9452.16 9452.16 9452.16 9452.16 0 0 0 0 0 0 0 0 0 0 0 0 0 0 0 0 0 0 0 0 0 0 0 0 0
