SBPRF35
0.819782
Curr Bio
108897
B35
687486
F35
0.209915
FOFL
0.0797951
OFL
17776.5
Bzero
234224
#pred survey bio
 11497.1 7028.09 7917.03 10998.7 15555.3 17751.8 18347.5 24283.7 35209.5 50008.2 62726.8 81518.6 113343 138846 140791 112898 101353 101247 102221 102736 106138 110911 119375 120386 126804 140189 126825 116793 115891 9.91363e+06 8.08581e+06 8.53673e+06 7.97723e+06 6.99896e+06 5.9461e+06 4.99202e+06 4.2023e+06 3.58358e+06 3.11564e+06 2.76981e+06 2.51796e+06 2.33607e+06 2.20474e+06 2.10895e+06 2.03917e+06 1.98962e+06 1.95407e+06 1.92829e+06 1.90938e+06 1.89535e+06 1.88483e+06 1.87686e+06 1.87075e+06 1.86603e+06 1.86235e+06 1.85946e+06 1.85718e+06 1.85536e+06 1.85391e+06 1.85275e+06 1.85181e+06 1.85105e+06 1.85044e+06 1.84994e+06 1.84954e+06 1.84921e+06 1.84894e+06 1.84872e+06 1.84854e+06 1.8484e+06 1.84828e+06 1.84818e+06 1.8481e+06 1.84804e+06 1.84798e+06 1.84794e+06 1.8479e+06 1.84788e+06 1.84785e+06 1.84783e+06 1.84782e+06 1.8478e+06 1.84779e+06 1.84778e+06 1.84778e+06 1.84777e+06 1.84777e+06 1.84776e+06 1.84776e+06 1.84776e+06 1.84775e+06 1.84775e+06 1.84775e+06 1.84775e+06 1.84775e+06 1.84775e+06 1.84775e+06 1.84775e+06 1.84775e+06 1.84775e+06 1.84775e+06 1.84775e+06 1.84775e+06 1.84775e+06 1.84774e+06 1.84774e+06 1.84774e+06 1.84774e+06 1.84774e+06 1.84774e+06 1.84774e+06 1.84774e+06 1.84774e+06 1.84774e+06 1.84774e+06 1.84774e+06 1.84774e+06 1.84774e+06 1.84774e+06 1.84774e+06 1.84774e+06 1.84774e+06 1.84774e+06 1.84774e+06 1.84774e+06 1.84774e+06 1.84774e+06 1.84774e+06 1.84774e+06 0 0 0 0 0 0 0 0 0 0 0 0 0 0 0 0 0 0 0 0 0 0 0 0 0
#obs survey bio
 10733 7922.03 8538.92 12495 15170.1 17848.1 21533.5 30850.3 36356.4 53029.5 63777.1 88375.6 97745.1 136728 166410 76760.2 104225 111970 108971 98213.2 119344 126351 130198 122164 181074 161471 131129 145854 125220
#pred catch bio
 9182.48 5141.3 5506.04 7444.38 10893.3 13059.1 13125.8 17379.2 24445.9 36890.4 47054.3 59143.2 85987.9 107250 116856 92886.1 81717.9 82133.9 83487.7 84091.1 87892.5 91335.8 101715 102249 103813 122026 108882 99496.7 1.29986 17776.5 65569 69039.8 63709.8 55121.7 46087.3 38019.5 31436.8 26363.5 22601.7 19887.6 17967.9 16629.7 15704.7 15066.5 14630.7 14341.5 14149.6 14022.2 13937.6 13881.5 13844.3 13819.5 13803.1 13792.2 13785 13780.2 13777 13774.9 13773.5 13772.6 13772 13771.6 13771.3 13771.1 13771 13770.9 13770.9 13770.8 13770.8 13770.8 13770.8 13770.8 13770.8 13770.8 13770.8 13770.8 13770.8 13770.8 13770.8 13770.8 13770.8 13770.8 13770.8 13770.8 13770.8 13770.8 13770.8 13770.8 13770.8 13770.8 13770.8 13770.8 13770.8 13770.8 13770.8 13770.8 13770.8 13770.8 13770.8 13770.8 13770.8 13770.8 13770.8 13770.8 13770.8 13770.8 13770.8 13770.8 13770.8 13770.8 13770.8 13770.8 13770.8 13770.8 13770.8 13770.8 13770.8 13770.8 13770.8 13770.8 13770.8 13770.8 13770.8 13770.8 13770.8 13770.8 13770.8 13770.8 13770.8 0 0 0 0 0 0 0 0 0 0 0 0 0 0 0 0 0 0 0 0 0 0 0 0 0
#obs catch bio
 4682.34 5057.96 5369.68 7205.2 10629.3 12775.5 12801.9 16491.3 23520.5 35395.3 45972.8 56962.2 83575.1 105586 115017 93692.7 79584.6 79774.5 82613.9 81120 85011.9 88616.4 98264.1 99188.2 98497.9 116576 105575 103043 1.18851
#pred cpue bio
 10209.9 5756.95 6246.75 8582.37 12288.1 14619 14814.7 18750.6 27072.7 39287.2 49076.2 62736.8 87750.5 108427 114292 90961.2 79989.5 79701.7 80024.1 80380.5 82339.6 85449.3 91955.9 92000.2 96474 108345 97797.8 90815.9 88531.4 8.89709e+06 8.0059e+06 8.51177e+06 7.93531e+06 6.95232e+06 5.89863e+06 4.94442e+06 4.15469e+06 3.53596e+06 3.06802e+06 2.72219e+06 2.47034e+06 2.28845e+06 2.15712e+06 2.06133e+06 1.99155e+06 1.942e+06 1.90645e+06 1.88067e+06 1.86176e+06 1.84773e+06 1.83721e+06 1.82924e+06 1.82313e+06 1.81841e+06 1.81473e+06 1.81184e+06 1.80956e+06 1.80774e+06 1.80629e+06 1.80513e+06 1.80419e+06 1.80343e+06 1.80282e+06 1.80232e+06 1.80192e+06 1.80159e+06 1.80132e+06 1.8011e+06 1.80092e+06 1.80078e+06 1.80066e+06 1.80056e+06 1.80048e+06 1.80042e+06 1.80037e+06 1.80032e+06 1.80029e+06 1.80026e+06 1.80023e+06 1.80021e+06 1.8002e+06 1.80018e+06 1.80017e+06 1.80017e+06 1.80016e+06 1.80015e+06 1.80015e+06 1.80014e+06 1.80014e+06 1.80014e+06 1.80014e+06 1.80013e+06 1.80013e+06 1.80013e+06 1.80013e+06 1.80013e+06 1.80013e+06 1.80013e+06 1.80013e+06 1.80013e+06 1.80013e+06 1.80013e+06 1.80013e+06 1.80013e+06 1.80013e+06 1.80013e+06 1.80013e+06 1.80013e+06 1.80013e+06 1.80013e+06 1.80013e+06 1.80013e+06 1.80013e+06 1.80013e+06 1.80013e+06 1.80013e+06 1.80013e+06 1.80013e+06 1.80013e+06 1.80013e+06 1.80013e+06 1.80013e+06 1.80013e+06 1.80013e+06 1.80013e+06 1.80013e+06 1.80013e+06 1.80013e+06 1.80013e+06 0 0 0 0 0 0 0 0 0 0 0 0 0 0 0 0 0 0 0 0 0 0 0 0 0
#obs cpue bio
 5790.51 7587.81 8802.39 13427 16446.9 19451 22367.4 38174.7 42356.3 67571.9 66477.7 108114 149953 121700 130470 106791 137559 113559 80655.4 171434 120273 118561 149387 144018 171006 181658 145791 86044 158394
#pred surv len freq
 2.56519e-27 2.5939e-27 3.81927e-26 7.5172e-20 1.84275e-14 5.4604e-10 1.95582e-06 0.000846797 0.0443183 0.28037 0.214668 0.0366537 0.128175 0.11857 0.0323241 0.0443572 0.0209206 0.0186544 0.0127582 0.0106172 0.0089999 0.00830924 0.00883309 0.00811438 0.00250786
 2.56815e-27 2.60148e-27 4.42857e-26 8.80232e-20 2.15778e-14 6.3939e-10 2.29019e-06 0.000991563 0.0518948 0.328301 0.251327 0.0404068 0.130985 0.120655 0.0239265 0.0243292 0.00943835 0.00594145 0.00330629 0.0023152 0.00170829 0.00140415 0.0013597 0.00127326 0.000434028
 2.56939e-27 2.60479e-27 4.71299e-26 9.40229e-20 2.30486e-14 6.82971e-10 2.44629e-06 0.00105915 0.055432 0.350678 0.268413 0.0403204 0.118324 0.108956 0.0216477 0.0219897 0.00737898 0.00296883 0.00120254 0.00060012 0.000345016 0.000236911 0.000199737 0.000181021 6.45067e-05
 2.56973e-27 2.60569e-27 4.78963e-26 9.56395e-20 2.34449e-14 6.94713e-10 2.48835e-06 0.00107736 0.0563851 0.356708 0.273018 0.0404175 0.115828 0.106597 0.0202317 0.0193492 0.00650267 0.0025983 0.000824036 0.000255955 9.36679e-05 4.61736e-05 3.11016e-05 2.56067e-05 9.17583e-06
 2.56919e-27 2.60422e-27 4.65904e-26 9.28846e-20 2.27695e-14 6.74702e-10 2.41667e-06 0.00104633 0.0547609 0.346433 0.265179 0.0408235 0.124425 0.114533 0.0216901 0.0206718 0.00681668 0.00252453 0.00079536 0.000223221 5.01641e-05 1.37908e-05 6.07649e-06 4.1017e-06 1.42088e-06
 2.56722e-27 2.59892e-27 4.19264e-26 8.30457e-20 2.03577e-14 6.03234e-10 2.16068e-06 0.000935493 0.0489603 0.309737 0.237176 0.0419638 0.152777 0.140751 0.0273257 0.026935 0.00886852 0.0032505 0.000990028 0.000261213 5.43071e-05 9.28209e-06 1.93354e-06 8.49217e-07 2.67586e-07
 2.56834e-27 2.60201e-27 4.47465e-26 8.89952e-20 2.18161e-14 6.4645e-10 2.31548e-06 0.00100251 0.0524679 0.331926 0.254097 0.040474 0.129552 0.119463 0.0261761 0.0296837 0.00988195 0.00376342 0.00114582 0.00029632 5.80065e-05 8.85652e-06 1.02323e-06 1.88926e-07 4.64359e-08
 2.57021e-27 2.60702e-27 4.91031e-26 9.81856e-20 2.4069e-14 7.13208e-10 2.55459e-06 0.00110604 0.0578862 0.366204 0.280259 0.0398084 0.106104 0.0976699 0.0194788 0.0199001 0.00698788 0.00324065 0.00101951 0.000271614 5.25729e-05 7.60301e-06 7.27815e-07 5.60466e-08 7.06818e-09
 2.57024e-27 2.60702e-27 4.90262e-26 9.8023e-20 2.40292e-14 7.12027e-10 2.55036e-06 0.00110421 0.0577903 0.365597 0.279807 0.0404797 0.111531 0.102544 0.0179379 0.0151282 0.00507514 0.00203853 0.000695277 0.000217341 4.3922e-05 6.36952e-06 5.73052e-07 3.03713e-08 1.40036e-09
 2.56937e-27 2.60467e-27 4.69569e-26 9.36576e-20 2.2959e-14 6.80317e-10 2.43678e-06 0.00105503 0.0552167 0.349316 0.267383 0.040983 0.12409 0.114173 0.0207181 0.0185279 0.00589421 0.00185443 0.000574903 0.000166085 3.87782e-05 6.1725e-06 5.61258e-07 2.68739e-08 6.61103e-10
 2.56957e-27 2.60523e-27 4.74651e-26 9.47298e-20 2.32219e-14 6.88105e-10 2.46468e-06 0.00106711 0.0558488 0.353314 0.270432 0.0406979 0.119778 0.110223 0.0205391 0.0191201 0.00616627 0.00205881 0.000583562 0.000134693 2.80402e-05 4.79454e-06 4.9039e-07 2.37809e-08 4.85401e-10
 2.57021e-27 2.60695e-27 4.89736e-26 9.79121e-20 2.4002e-14 7.11221e-10 2.54747e-06 0.00110296 0.0577249 0.365184 0.27949 0.0403992 0.111141 0.102216 0.0184554 0.0163833 0.00533393 0.00186921 0.000544528 0.000127761 2.20589e-05 3.1791e-06 3.34955e-07 1.80976e-08 3.69998e-10
 2.56995e-27 2.60624e-27 4.83279e-26 9.65499e-20 2.3668e-14 7.01326e-10 2.51203e-06 0.00108761 0.0569218 0.360103 0.275615 0.0407 0.116153 0.106818 0.0188654 0.0161551 0.00519471 0.00172438 0.000508731 0.000125092 2.21884e-05 2.82573e-06 2.45794e-07 1.3381e-08 2.98455e-10
 2.56959e-27 2.60525e-27 4.74448e-26 9.46868e-20 2.32113e-14 6.87793e-10 2.46356e-06 0.00106663 0.0558234 0.353154 0.270314 0.041008 0.122221 0.11241 0.0197173 0.0166873 0.00530824 0.00166971 0.000479452 0.000113417 2.07864e-05 2.73484e-06 2.15433e-07 9.83622e-09 2.18293e-10
 2.56785e-27 2.60052e-27 4.32729e-26 8.5886e-20 2.10539e-14 6.23866e-10 2.23458e-06 0.000967489 0.0506349 0.32033 0.245269 0.0421778 0.14872 0.136881 0.0243682 0.0211374 0.00670376 0.00207003 0.000581792 0.000130701 2.29915e-05 3.03981e-06 2.46269e-07 1.02458e-08 1.95705e-10
 2.56827e-27 2.6017e-27 4.43577e-26 8.81747e-20 2.1615e-14 6.4049e-10 2.29413e-06 0.000993269 0.0519841 0.328866 0.251776 0.0415264 0.139191 0.128163 0.0241857 0.0229197 0.0072994 0.00228672 0.000639536 0.000140469 2.36553e-05 2.97553e-06 2.38905e-07 1.00682e-08 1.75862e-10
 2.56919e-27 2.60419e-27 4.65373e-26 9.27726e-20 2.27421e-14 6.73889e-10 2.41376e-06 0.00104506 0.0546949 0.346015 0.264863 0.0410369 0.126271 0.116197 0.0212765 0.0193026 0.00629144 0.00220986 0.000629011 0.00013956 2.31462e-05 2.79683e-06 2.12873e-07 8.83028e-09 1.53745e-10
 2.56926e-27 2.60435e-27 4.66533e-26 9.30171e-20 2.2802e-14 6.75665e-10 2.42012e-06 0.00104782 0.0548391 0.346927 0.265563 0.0412243 0.127205 0.117011 0.0205489 0.017431 0.0056115 0.00187461 0.000553766 0.000135217 2.28973e-05 2.74977e-06 2.01253e-07 7.92557e-09 1.35198e-10
 2.56948e-27 2.60495e-27 4.718e-26 9.41282e-20 2.30744e-14 6.83736e-10 2.44903e-06 0.00106033 0.0554941 0.351071 0.268725 0.0411064 0.124086 0.114128 0.0199622 0.0168119 0.00532051 0.0016303 0.000467627 0.000111123 2.02971e-05 2.57962e-06 1.88821e-07 7.16423e-09 1.16413e-10
 2.56949e-27 2.60495e-27 4.71691e-26 9.41052e-20 2.30687e-14 6.83568e-10 2.44843e-06 0.00106008 0.0554805 0.350985 0.268661 0.0412104 0.124923 0.114878 0.0196884 0.0159972 0.00504962 0.00152849 0.000424565 9.33105e-05 1.64252e-05 2.16797e-06 1.70189e-07 6.51021e-09 1.02208e-10
 2.56983e-27 2.60589e-27 4.80027e-26 9.58637e-20 2.34998e-14 6.96342e-10 2.49418e-06 0.00107988 0.0565172 0.357544 0.273665 0.0409614 0.119512 0.109886 0.0188428 0.0153219 0.00479793 0.00138949 0.000382347 8.23432e-05 1.35872e-05 1.6921e-06 1.35414e-07 5.52119e-09 8.78893e-11
 2.57008e-27 2.60655e-27 4.85683e-26 9.70568e-20 2.37923e-14 7.05008e-10 2.52522e-06 0.00109332 0.0572207 0.361994 0.277063 0.0409344 0.116919 0.107461 0.0178204 0.0135991 0.00425174 0.00122703 0.000332589 6.89164e-05 1.11544e-05 1.31773e-06 9.8772e-08 4.06457e-09 6.82357e-11
 2.57008e-27 2.60654e-27 4.85478e-26 9.70137e-20 2.37817e-14 7.04696e-10 2.5241e-06 0.00109284 0.0571953 0.361833 0.276941 0.0409842 0.117384 0.107883 0.0177552 0.0133406 0.00411786 0.00110358 0.000295904 6.08482e-05 9.55041e-06 1.09195e-06 7.78407e-08 3.01161e-09 5.07123e-11
 2.57036e-27 2.6073e-27 4.92081e-26 9.84064e-20 2.41232e-14 7.14812e-10 2.56034e-06 0.00110853 0.0580164 0.367027 0.280906 0.0408951 0.113921 0.104662 0.0167417 0.0118381 0.00363363 0.000945753 0.000246764 4.7616e-05 7.36558e-06 8.2228e-07 5.63535e-08 2.06919e-09 3.29778e-11
 2.57052e-27 2.60772e-27 4.95757e-26 9.9182e-20 2.43133e-14 7.20446e-10 2.58052e-06 0.00111726 0.0584736 0.36992 0.283113 0.0408294 0.111869 0.10276 0.0162477 0.0111875 0.00339678 0.000825068 0.000211278 3.9478e-05 5.79512e-06 6.20607e-07 4.14924e-08 1.46211e-09 2.20892e-11
 2.56993e-27 2.60611e-27 4.81586e-26 9.61925e-20 2.35804e-14 6.9873e-10 2.50273e-06 0.00108359 0.0567111 0.35877 0.274605 0.0412027 0.120688 0.110911 0.0179237 0.0129579 0.00392731 0.000935133 0.00023419 4.11572e-05 5.85064e-06 5.96389e-07 3.78233e-08 1.29074e-09 1.87055e-11
 2.57e-27 2.60631e-27 4.83264e-26 9.65465e-20 2.36672e-14 7.01302e-10 2.51195e-06 0.00108758 0.0569198 0.36009 0.275614 0.0412241 0.120142 0.110389 0.0175073 0.0121405 0.00369625 0.000912822 0.000228628 3.92336e-05 5.32355e-06 5.14741e-07 3.10295e-08 1.00171e-09 1.39668e-11
 2.56967e-27 2.60541e-27 4.75364e-26 9.48799e-20 2.32587e-14 6.89196e-10 2.46858e-06 0.0010688 0.0559373 0.353874 0.270871 0.0414401 0.125118 0.114987 0.0184303 0.0130866 0.00396177 0.000938198 0.000235795 4.16921e-05 5.60222e-06 5.19831e-07 2.95126e-08 9.00622e-10 1.18764e-11
 2.57039e-27 2.6074e-27 4.9311e-26 9.86236e-20 2.41764e-14 7.16389e-10 2.56599e-06 0.00111097 0.0581444 0.367837 0.281522 0.0407527 0.112404 0.103291 0.0170114 0.0127965 0.00389468 0.000949645 0.000237069 4.05589e-05 5.53041e-06 5.17905e-07 2.83588e-08 8.14462e-10 1.01125e-11
#obs surv len freq
 1.64091e-41 2.27748e-33 3.82095e-26 7.7488e-20 1.89953e-14 5.62865e-10 2.01609e-06 0.000872897 0.045684 0.28901 0.221426 0.044253 0.164229 0.139592 0.0432708 0.0351518 0.0115504 0.00397792 0.000862443 0.000111452 6.28761e-06 1.12231e-07 4.69803e-10 3.7027e-13 4.75895e-17
 1.90439e-41 2.64316e-33 4.43445e-26 8.99297e-20 2.20452e-14 6.5324e-10 2.3398e-06 0.00101305 0.0530191 0.335415 0.256872 0.0440493 0.132292 0.106415 0.0337559 0.0257498 0.00818351 0.00264011 0.000529716 6.0633e-05 2.84975e-06 3.98331e-08 1.24969e-10 7.18379e-14 6.62728e-18
 1.93108e-41 2.68021e-33 4.49662e-26 9.11905e-20 2.23543e-14 6.62398e-10 2.3726e-06 0.00102725 0.0537624 0.340117 0.260546 0.0470582 0.14065 0.105821 0.0267952 0.0170839 0.00524438 0.00157442 0.000288631 2.88928e-05 1.12682e-06 1.23387e-08 2.902e-11 1.21717e-14 8.06612e-19
 1.9656e-41 2.72813e-33 4.577e-26 9.28206e-20 2.27539e-14 6.74239e-10 2.41502e-06 0.00104562 0.0547235 0.346197 0.265253 0.0487709 0.1391 0.0985816 0.0261588 0.0154171 0.00367604 0.000909602 0.000150328 1.29723e-05 4.14772e-07 3.54781e-09 6.26893e-12 1.92343e-15 9.1742e-20
 1.76502e-41 2.44973e-33 4.10993e-26 8.33486e-20 2.04319e-14 6.05435e-10 2.16857e-06 0.000938916 0.0491391 0.31087 0.238469 0.0548818 0.175811 0.116979 0.0311052 0.0169684 0.0039233 0.000805804 9.9807e-05 7.06951e-06 1.82583e-07 1.20931e-09 1.60287e-12 3.60715e-16 1.24274e-20
 1.44899e-41 2.01111e-33 3.37405e-26 6.8425e-20 1.67736e-14 4.97032e-10 1.78029e-06 0.000770803 0.0403408 0.25521 0.196242 0.0625503 0.221365 0.140413 0.0492184 0.0268091 0.00586446 0.00109626 0.000111669 5.70809e-06 1.10776e-07 5.58317e-10 5.51579e-13 9.09124e-17 2.26637e-21
 2.0886e-41 2.89883e-33 4.86339e-26 9.86286e-20 2.41777e-14 7.16428e-10 2.56613e-06 0.00111105 0.0581477 0.36786 0.281941 0.0502829 0.112381 0.0690948 0.0342869 0.0189842 0.00492432 0.000900602 7.99777e-05 3.16947e-06 4.29433e-08 1.53158e-10 1.09957e-13 1.31751e-17 2.3711e-22
 1.99069e-41 2.76295e-33 4.63543e-26 9.40055e-20 2.30443e-14 6.82846e-10 2.44584e-06 0.00105897 0.0554221 0.350619 0.269119 0.0601177 0.151173 0.081369 0.0189111 0.00870998 0.00286865 0.000575676 5.16256e-05 1.71001e-06 1.71203e-08 4.1783e-11 2.0484e-14 1.71913e-18 2.19962e-23
 2.01725e-41 2.79981e-33 4.69727e-26 9.52597e-20 2.33518e-14 6.91956e-10 2.47847e-06 0.00107309 0.0561615 0.355297 0.272821 0.0618224 0.145149 0.0744852 0.0227122 0.00866326 0.00149869 0.00028531 2.81338e-05 8.87044e-07 7.21148e-09 1.27603e-11 4.2765e-15 2.41725e-19 2.10757e-24
 1.72611e-41 2.39573e-33 4.01934e-26 8.15114e-20 1.99816e-14 5.9209e-10 2.12077e-06 0.000918221 0.048056 0.304023 0.234307 0.0762817 0.199522 0.0955381 0.0287456 0.0104419 0.00191597 0.000230888 1.67888e-05 5.15549e-07 3.76675e-09 5.31858e-12 1.30253e-15 5.11371e-20 3.02585e-25
 2.01762e-41 2.80032e-33 4.69812e-26 9.52769e-20 2.3356e-14 6.92081e-10 2.47892e-06 0.00107329 0.0561716 0.355364 0.273251 0.0667142 0.139598 0.0664516 0.0292319 0.0101701 0.00176338 0.000198148 1.01596e-05 2.13766e-07 1.31932e-09 1.58376e-12 3.08013e-16 9.02479e-21 3.8149e-26
 1.85047e-41 2.56834e-33 4.30891e-26 8.73839e-20 2.14211e-14 6.34748e-10 2.27356e-06 0.000984374 0.0515182 0.32593 0.251546 0.0816195 0.180073 0.0754172 0.0230988 0.00793117 0.00169388 0.000178206 7.82589e-06 1.16617e-07 4.7934e-10 4.32498e-13 6.7097e-17 1.54745e-21 4.97705e-27
 1.92359e-41 2.66982e-33 4.47918e-26 9.08368e-20 2.22676e-14 6.59829e-10 2.3634e-06 0.00102327 0.0535539 0.33881 0.261541 0.0809856 0.160905 0.0672227 0.026941 0.00761993 0.00125164 0.000138132 5.82406e-06 7.02011e-08 2.04266e-10 1.2195e-13 1.30742e-17 2.2215e-22 5.42507e-28
 1.61389e-41 2.23997e-33 3.75802e-26 7.62119e-20 1.86824e-14 5.53595e-10 1.98289e-06 0.000858522 0.0449316 0.284272 0.221359 0.104609 0.217821 0.0843311 0.0311978 0.0089566 0.00152487 0.000130211 4.8719e-06 5.29742e-08 1.22547e-10 5.25524e-14 3.80445e-18 4.31683e-23 7.23252e-29
 1.47234e-41 2.04352e-33 3.42842e-26 6.95277e-20 1.70439e-14 5.05042e-10 1.80898e-06 0.000783225 0.0409909 0.25935 0.20322 0.113274 0.224603 0.0950258 0.048036 0.0125556 0.00199136 0.000162596 4.88666e-06 4.25802e-08 8.20025e-11 2.78029e-14 1.48562e-18 1.18238e-23 1.34788e-29
 1.70979e-41 2.37307e-33 3.98132e-26 8.07405e-20 1.97926e-14 5.8649e-10 2.10071e-06 0.000909536 0.0476015 0.301172 0.234939 0.10312 0.177381 0.0771415 0.0424838 0.0128476 0.002235 0.000162377 4.25053e-06 2.93256e-08 4.28578e-11 1.12667e-14 4.66859e-19 2.80281e-24 2.33011e-30
 1.68228e-41 2.3349e-33 3.91727e-26 7.94415e-20 1.94742e-14 5.77055e-10 2.06692e-06 0.000894904 0.0468357 0.296342 0.232688 0.118544 0.191808 0.0704618 0.0308821 0.00956698 0.00183102 0.000139652 3.21339e-06 1.80454e-08 2.03727e-11 3.97178e-15 1.21497e-19 5.44115e-25 3.38538e-31
 1.7025e-41 2.36295e-33 3.96434e-26 8.03961e-20 1.97081e-14 5.83989e-10 2.09175e-06 0.000905656 0.0473985 0.299915 0.23637 0.123707 0.184214 0.0691275 0.0298238 0.00721304 0.00122676 9.52436e-05 2.11072e-06 1.01138e-08 8.98416e-12 1.32723e-15 2.99599e-20 9.73934e-26 4.38251e-32
 1.65256e-41 2.29364e-33 3.84806e-26 7.80378e-20 1.91301e-14 5.66859e-10 2.0304e-06 0.000879091 0.0460082 0.291141 0.231339 0.135782 0.188847 0.0694157 0.0288954 0.00670124 0.000929788 5.94217e-05 1.19915e-06 5.11324e-09 3.76387e-12 4.33261e-16 7.35057e-21 1.76104e-26 5.7638e-33
 1.74412e-41 2.42072e-33 4.06126e-26 8.23615e-20 2.01899e-14 5.98265e-10 2.14289e-06 0.000927796 0.0485573 0.307282 0.244329 0.13391 0.168513 0.0638507 0.0261757 0.00570536 0.000710294 3.61792e-05 5.6977e-07 2.00747e-09 1.22967e-12 1.14337e-16 1.51048e-21 2.73369e-27 6.62026e-34
 1.71816e-41 2.38469e-33 4.00081e-26 8.11357e-20 1.98895e-14 5.89361e-10 2.111e-06 0.000913988 0.0478347 0.302746 0.243121 0.147527 0.171861 0.0591358 0.0217307 0.00458891 0.00051645 2.19859e-05 2.64854e-07 6.96585e-10 3.27634e-13 2.388e-17 2.47106e-22 3.45754e-28 6.36522e-35
 1.72748e-41 2.39763e-33 4.02252e-26 8.15759e-20 1.99974e-14 5.92559e-10 2.12245e-06 0.000918948 0.0480943 0.304424 0.24617 0.153041 0.164658 0.0585084 0.0201351 0.0036694 0.000365606 1.32513e-05 1.258e-07 2.45925e-10 8.39476e-14 4.47298e-18 3.44134e-23 3.62349e-29 5.03998e-36
 1.72059e-41 2.38807e-33 4.00648e-26 8.12506e-20 1.99176e-14 5.90196e-10 2.11399e-06 0.000915283 0.0479026 0.303262 0.247646 0.161432 0.160599 0.0564036 0.018422 0.00314503 0.000262682 7.78425e-06 5.89087e-08 8.76138e-11 2.19252e-14 8.38866e-19 4.60808e-24 3.48023e-30 3.50292e-37
 1.74815e-41 2.42632e-33 4.07065e-26 8.2552e-20 2.02366e-14 5.99649e-10 2.14784e-06 0.000929943 0.04867 0.308173 0.253531 0.165517 0.151572 0.0528149 0.0160648 0.00253643 0.000184959 4.3965e-06 2.56406e-08 2.89881e-11 5.4048e-15 1.50904e-19 5.95604e-25 3.20164e-31 2.28427e-38
 1.69458e-41 2.35197e-33 3.94592e-26 8.00225e-20 1.96166e-14 5.81275e-10 2.08203e-06 0.000901448 0.0471789 0.298838 0.250451 0.180535 0.154052 0.0514877 0.014354 0.00206624 0.000130366 2.53145e-06 1.13448e-08 9.54014e-12 1.31045e-15 2.68049e-20 7.69085e-26 2.97985e-32 1.521e-39
 1.60217e-41 2.22371e-33 3.73073e-26 7.56584e-20 1.85468e-14 5.49575e-10 1.96849e-06 0.000852288 0.0446065 0.282698 0.243034 0.196631 0.159731 0.0559392 0.0145458 0.00185924 9.98235e-05 1.57388e-06 5.47453e-09 3.4443e-12 3.45818e-16 5.11855e-21 1.0596e-26 2.9585e-33 1.08621e-40
 1.58868e-41 2.20498e-33 3.69931e-26 7.50213e-20 1.83906e-14 5.44946e-10 1.95191e-06 0.00084511 0.0442313 0.280451 0.244747 0.200281 0.154815 0.0580205 0.0147763 0.00175117 7.89507e-05 9.94314e-07 2.67078e-09 1.26368e-12 9.35e-17 1.00479e-21 1.4958e-27 2.98835e-34 7.83566e-42
 1.64099e-41 2.27759e-33 3.82113e-26 7.74917e-20 1.89962e-14 5.62892e-10 2.01619e-06 0.00087294 0.0456883 0.289804 0.254702 0.198904 0.142795 0.0526126 0.0130735 0.0014875 5.83094e-05 5.86995e-07 1.20447e-09 4.26134e-13 2.3253e-17 1.82357e-22 1.96457e-28 2.82164e-35 5.29233e-43
 1.64109e-41 2.27772e-33 3.82136e-26 7.74963e-20 1.89973e-14 5.62925e-10 2.01631e-06 0.000872992 0.045691 0.289821 0.254725 0.199287 0.144209 0.0519006 0.0121798 0.00126792 4.38134e-05 3.76685e-07 6.4503e-10 1.87592e-13 8.33557e-18 5.29097e-23 4.59488e-29 5.30475e-36 7.98122e-44
#pred catch len freq
 2.56416e-27 2.59113e-27 3.57924e-26 7.01086e-20 1.71863e-14 5.0926e-10 1.82408e-06 0.000789758 0.0413331 0.261485 0.200252 0.0369368 0.140458 0.129942 0.0349844 0.0475926 0.0223787 0.0198749 0.0135784 0.0112937 0.00957179 0.00883689 0.00939394 0.00862958 0.0026671
 2.56693e-27 2.59816e-27 4.13602e-26 8.18516e-20 2.00649e-14 5.9456e-10 2.12961e-06 0.000922041 0.0482563 0.305283 0.233762 0.0411454 0.148946 0.137239 0.0270133 0.0272089 0.0105329 0.0066003 0.00366896 0.00256758 0.00189416 0.00155686 0.00150757 0.00141172 0.000481228
 2.56812e-27 2.60136e-27 4.41057e-26 8.76432e-20 2.14847e-14 6.36629e-10 2.2803e-06 0.000987282 0.0516708 0.326884 0.250257 0.0411459 0.137362 0.126536 0.0249759 0.0251606 0.00843145 0.00337542 0.00136571 0.000681027 0.000391448 0.000268781 0.000226604 0.000205369 7.31833e-05
 2.56843e-27 2.60217e-27 4.47826e-26 8.9071e-20 2.18347e-14 6.47e-10 2.31745e-06 0.00100337 0.0525125 0.332209 0.254325 0.0413078 0.135736 0.124973 0.0235845 0.0223758 0.00750947 0.00298596 0.000946121 0.000293609 0.000107419 5.29485e-05 3.56645e-05 2.93634e-05 1.0522e-05
 2.56793e-27 2.60079e-27 4.35584e-26 8.64884e-20 2.12016e-14 6.28241e-10 2.25025e-06 0.000974274 0.05099 0.322577 0.246977 0.0417034 0.143909 0.132517 0.0249385 0.0235577 0.00775819 0.00285883 0.000899819 0.000252316 5.6688e-05 1.55826e-05 6.86588e-06 4.63454e-06 1.60546e-06
 2.56596e-27 2.59547e-27 3.88837e-26 7.66268e-20 1.87841e-14 5.56608e-10 1.99368e-06 0.000863185 0.045176 0.285796 0.21891 0.0428433 0.172304 0.158775 0.0306019 0.0298737 0.00982311 0.00358204 0.00108998 0.000287323 5.97201e-05 1.02062e-05 2.12597e-06 9.33733e-07 2.94217e-07
 2.56706e-27 2.59855e-27 4.16988e-26 8.2566e-20 2.02401e-14 5.99749e-10 2.1482e-06 0.000930089 0.0486775 0.307947 0.235799 0.0412527 0.148333 0.136822 0.0297455 0.0334609 0.0111247 0.00421547 0.00128229 0.00033131 6.48396e-05 9.89876e-06 1.14361e-06 2.11151e-07 5.18985e-08
 2.56911e-27 2.60406e-27 4.64932e-26 9.26797e-20 2.27193e-14 6.73214e-10 2.41134e-06 0.00104402 0.0546401 0.345668 0.26459 0.0405262 0.122576 0.112879 0.022345 0.0226159 0.00792844 0.00365895 0.00115016 0.000306147 5.92422e-05 8.56659e-06 8.20031e-07 6.31474e-08 7.96367e-09
 2.56907e-27 2.60384e-27 4.62068e-26 9.20752e-20 2.25711e-14 6.68823e-10 2.39561e-06 0.00103721 0.0542837 0.343414 0.262882 0.0413461 0.130016 0.119593 0.0208037 0.0173766 0.00582104 0.00232654 0.000792735 0.000247602 5.0026e-05 7.25396e-06 6.52604e-07 3.45872e-08 1.59475e-09
 2.56828e-27 2.60171e-27 4.43334e-26 8.81232e-20 2.16023e-14 6.40116e-10 2.29279e-06 0.000992689 0.0519538 0.328674 0.251634 0.0417862 0.141268 0.130019 0.0234288 0.0207227 0.00658468 0.00206083 0.000638193 0.000184203 4.29979e-05 6.84356e-06 6.22259e-07 2.97945e-08 7.32949e-10
 2.56855e-27 2.60246e-27 4.50177e-26 8.95669e-20 2.19562e-14 6.50602e-10 2.33035e-06 0.00100895 0.0528049 0.334058 0.25574 0.0414353 0.135712 0.124925 0.0230998 0.0212615 0.00684823 0.00227452 0.000644086 0.00014852 3.091e-05 5.2847e-06 5.4051e-07 2.62113e-08 5.35007e-10
 2.56916e-27 2.60409e-27 4.64383e-26 9.25637e-20 2.26909e-14 6.72371e-10 2.40832e-06 0.00104271 0.0545717 0.345236 0.26427 0.0411723 0.127718 0.117508 0.0210735 0.0185074 0.00601762 0.00209796 0.000610592 0.000143129 2.47057e-05 3.56014e-06 3.75089e-07 2.0266e-08 4.14329e-10
 2.56901e-27 2.60366e-27 4.60461e-26 9.17362e-20 2.2488e-14 6.6636e-10 2.38679e-06 0.00103339 0.0540839 0.342149 0.261918 0.0414172 0.131234 0.120726 0.0211648 0.0178999 0.0057483 0.00189804 0.000559403 0.000137424 2.43697e-05 3.10318e-06 2.69918e-07 1.46942e-08 3.27745e-10
 2.56867e-27 2.60274e-27 4.52218e-26 8.99972e-20 2.20617e-14 6.53728e-10 2.34154e-06 0.0010138 0.0530586 0.335663 0.25697 0.0417155 0.136981 0.12602 0.0219367 0.0183241 0.00582162 0.00182139 0.000522466 0.000123476 2.26239e-05 2.97628e-06 2.34444e-07 1.07041e-08 2.37554e-10
 2.56708e-27 2.59844e-27 4.14215e-26 8.19802e-20 2.00965e-14 5.95494e-10 2.13296e-06 0.00092349 0.0483321 0.305762 0.234155 0.0427855 0.161153 0.148341 0.0261654 0.0223518 0.00707972 0.00217399 0.000610371 0.000136989 2.4091e-05 3.18482e-06 2.58008e-07 1.07341e-08 2.05032e-10
 2.56749e-27 2.59959e-27 4.2483e-26 8.42197e-20 2.06454e-14 6.11761e-10 2.19123e-06 0.000948717 0.0496524 0.314115 0.240522 0.042116 0.151584 0.139592 0.0260822 0.0243685 0.00775092 0.00241477 0.000674653 0.00014804 2.49233e-05 3.13466e-06 2.51673e-07 1.06062e-08 1.85259e-10
 2.56839e-27 2.60201e-27 4.46104e-26 8.87076e-20 2.17456e-14 6.44361e-10 2.30799e-06 0.000999273 0.0522984 0.330854 0.253296 0.0416431 0.139011 0.127945 0.0232149 0.0207676 0.00675939 0.00236138 0.000671504 0.000148845 2.46796e-05 2.98176e-06 2.2694e-07 9.41373e-09 1.63903e-10
 2.56848e-27 2.60225e-27 4.47864e-26 8.90787e-20 2.18366e-14 6.47057e-10 2.31765e-06 0.00100345 0.0525171 0.332238 0.254356 0.0418301 0.139689 0.128519 0.0223752 0.0186999 0.0060117 0.00199732 0.000589411 0.000143787 2.43423e-05 2.92296e-06 2.13921e-07 8.42439e-09 1.43706e-10
 2.56875e-27 2.60296e-27 4.54113e-26 9.03971e-20 2.21597e-14 6.56633e-10 2.35195e-06 0.0010183 0.0532944 0.337155 0.258108 0.0416851 0.135949 0.125064 0.0216835 0.0179851 0.00568446 0.00173219 0.000496319 0.000117829 2.15163e-05 2.73427e-06 2.00135e-07 7.59341e-09 1.23386e-10
 2.56876e-27 2.60298e-27 4.54175e-26 9.04101e-20 2.2163e-14 6.56728e-10 2.35229e-06 0.00101845 0.0533021 0.337204 0.258147 0.0417913 0.13673 0.12576 0.0213705 0.0170944 0.00538899 0.00162218 0.000450115 9.88299e-05 1.73919e-05 2.29531e-06 1.8018e-07 6.89233e-09 1.08207e-10
 2.56918e-27 2.60411e-27 4.64148e-26 9.2514e-20 2.26787e-14 6.7201e-10 2.40703e-06 0.00104215 0.0545424 0.34505 0.264134 0.0414918 0.130245 0.119778 0.0203583 0.0162884 0.00509415 0.00146702 0.000403243 8.67589e-05 1.43119e-05 1.78214e-06 1.42614e-07 5.81471e-09 9.25615e-11
 2.56942e-27 2.60475e-27 4.69687e-26 9.36823e-20 2.29651e-14 6.80496e-10 2.43742e-06 0.00105531 0.0552312 0.349408 0.267461 0.0414767 0.127793 0.11748 0.0193228 0.0145037 0.00452877 0.00129969 0.000351904 7.28473e-05 1.17873e-05 1.39234e-06 1.0436e-07 4.29449e-09 7.20954e-11
 2.56954e-27 2.60508e-27 4.72529e-26 9.42818e-20 2.3112e-14 6.84851e-10 2.45302e-06 0.00106206 0.0555846 0.351644 0.269168 0.0414355 0.12628 0.116077 0.018937 0.0139731 0.0043077 0.00114788 0.000307426 6.31553e-05 9.90973e-06 1.13289e-06 8.07565e-08 3.12439e-09 5.26112e-11
 2.56983e-27 2.60585e-27 4.79222e-26 9.56937e-20 2.34582e-14 6.95107e-10 2.48976e-06 0.00107797 0.0564171 0.35691 0.273187 0.0413481 0.12279 0.112831 0.0179009 0.0124254 0.00380913 0.000985789 0.000256912 4.95247e-05 7.65858e-06 8.54883e-07 5.85858e-08 2.15114e-09 3.42837e-11
 2.56987e-27 2.60595e-27 4.79987e-26 9.58552e-20 2.34978e-14 6.96281e-10 2.49396e-06 0.00107979 0.0565123 0.357512 0.273648 0.0413773 0.122689 0.112727 0.0176935 0.0119758 0.00363193 0.000877262 0.000224374 4.18834e-05 6.1464e-06 6.58141e-07 4.40002e-08 1.55046e-09 2.3424e-11
 2.56947e-27 2.60486e-27 4.70436e-26 9.38403e-20 2.30038e-14 6.81644e-10 2.44154e-06 0.00105709 0.0553244 0.349997 0.267913 0.0416028 0.128434 0.118044 0.0189084 0.0134077 0.00405882 0.000960883 0.000240343 4.21958e-05 5.99643e-06 6.11169e-07 3.87592e-08 1.32267e-09 1.91681e-11
 2.56949e-27 2.60492e-27 4.70852e-26 9.3928e-20 2.30253e-14 6.82281e-10 2.44382e-06 0.00105808 0.0553761 0.350324 0.268164 0.0416669 0.128746 0.118312 0.0186103 0.0126614 0.00385012 0.000945387 0.000236506 4.05445e-05 5.49972e-06 5.31703e-07 3.20508e-08 1.03467e-09 1.44263e-11
 2.56911e-27 2.60389e-27 4.61759e-26 9.20098e-20 2.25551e-14 6.68348e-10 2.39391e-06 0.00103647 0.0542452 0.34317 0.262705 0.0419207 0.134513 0.12364 0.0196546 0.0137004 0.00414277 0.000975482 0.000244865 4.32524e-05 5.81014e-06 5.39051e-07 3.06025e-08 9.33871e-10 1.23148e-11
 2.56728e-27 2.59891e-27 4.17901e-26 8.27577e-20 2.02871e-14 6.01142e-10 2.15319e-06 0.000932249 0.0487905 0.308662 0.236374 0.0430908 0.161917 0.148961 0.0247461 0.0189405 0.00576385 0.00140113 0.000349522 5.97464e-05 8.14447e-06 7.62607e-07 4.17562e-08 1.19922e-09 1.48896e-11
#obs catch len freq
 1.62901e-41 2.26095e-33 3.79322e-26 7.69257e-20 1.88574e-14 5.5878e-10 2.00146e-06 0.000866562 0.0453524 0.286913 0.219825 0.0442664 0.165341 0.140575 0.043899 0.0358331 0.0119279 0.00415665 0.000914028 0.000121458 7.13094e-06 1.32859e-07 5.79283e-10 4.73584e-13 6.28499e-17
 1.64811e-41 2.28746e-33 3.83769e-26 7.78277e-20 1.90785e-14 5.65332e-10 2.02493e-06 0.000876724 0.0458842 0.290277 0.222457 0.0463353 0.167805 0.135104 0.0431535 0.0330791 0.0107013 0.00351634 0.000719268 8.39717e-05 4.06786e-06 5.90146e-08 1.92094e-10 1.14184e-13 1.08513e-17
 1.9179e-41 2.66192e-33 4.46593e-26 9.05682e-20 2.22017e-14 6.57878e-10 2.35641e-06 0.00102024 0.0533955 0.337796 0.258749 0.0457975 0.133977 0.101837 0.0333277 0.0238661 0.00746784 0.00228776 0.000430585 4.41196e-05 1.76134e-06 1.9837e-08 4.81194e-11 2.07919e-14 1.41556e-18
 1.94972e-41 2.70608e-33 4.54002e-26 9.20706e-20 2.257e-14 6.68791e-10 2.3955e-06 0.00103717 0.0542813 0.3434 0.263122 0.0489599 0.141306 0.100047 0.0259306 0.01561 0.00471647 0.00133771 0.000228556 2.03026e-05 6.657e-07 5.82373e-09 1.05324e-11 3.30993e-15 1.61585e-19
 1.98897e-41 2.76056e-33 4.63141e-26 9.39241e-20 2.30244e-14 6.82255e-10 2.44373e-06 0.00105805 0.0553741 0.350313 0.268474 0.0507093 0.138708 0.0923383 0.0251196 0.0138086 0.00321236 0.000757117 0.000115863 8.79268e-06 2.34148e-07 1.58769e-09 2.14585e-12 4.9177e-16 1.72491e-20
 1.79572e-41 2.49234e-33 4.18141e-26 8.47981e-20 2.07873e-14 6.15965e-10 2.20629e-06 0.000955246 0.0499937 0.316277 0.242712 0.0574781 0.174719 0.108994 0.0296992 0.0150564 0.0033835 0.000649201 7.46248e-05 4.63267e-06 9.87818e-08 5.15045e-10 5.19651e-13 8.70834e-17 2.20241e-21
 1.48861e-41 2.0661e-33 3.46631e-26 7.0296e-20 1.72322e-14 5.10623e-10 1.82897e-06 0.00079188 0.0414438 0.262189 0.201743 0.0661375 0.219854 0.131014 0.0472532 0.0236091 0.00500949 0.000868145 8.05189e-05 3.59152e-06 5.74603e-08 2.26756e-10 1.69798e-13 2.07817e-17 3.79631e-22
 2.12397e-41 2.94793e-33 4.94576e-26 1.00299e-19 2.45871e-14 7.28562e-10 2.60959e-06 0.00112986 0.0591325 0.374091 0.286792 0.0519769 0.109489 0.0636319 0.0324303 0.0164473 0.00413117 0.000688875 5.50623e-05 1.87343e-06 2.08149e-08 5.80953e-11 3.15385e-14 2.79944e-18 3.6856e-23
 2.03012e-41 2.81767e-33 4.72722e-26 9.58671e-20 2.35007e-14 6.96368e-10 2.49428e-06 0.00107994 0.0565196 0.357563 0.274565 0.0623464 0.146526 0.0735196 0.0174036 0.00759333 0.00240875 0.000438071 3.46461e-05 9.69741e-07 7.86992e-09 1.49732e-11 5.54928e-15 3.44702e-19 3.22212e-24
 2.05924e-41 2.85809e-33 4.79505e-26 9.72425e-20 2.38379e-14 7.06359e-10 2.53006e-06 0.00109543 0.0573305 0.362694 0.278627 0.0639722 0.139724 0.0670992 0.0207885 0.00721131 0.00122002 0.00021689 1.8564e-05 4.85533e-07 3.15297e-09 4.31744e-12 1.0914e-15 4.56565e-20 2.90751e-25
 1.77828e-41 2.46813e-33 4.1408e-26 8.39746e-20 2.05854e-14 6.09982e-10 2.18486e-06 0.000945968 0.0495082 0.313212 0.241588 0.0795667 0.192329 0.086171 0.026244 0.00873136 0.00152335 0.000167598 1.0945e-05 2.76611e-07 1.59019e-09 1.72016e-12 3.16296e-16 9.18005e-21 3.96911e-26
 2.06585e-41 2.86726e-33 4.81043e-26 9.75545e-20 2.39143e-14 7.08626e-10 2.53818e-06 0.00109895 0.0575144 0.36386 0.279941 0.0687972 0.132756 0.0598239 0.0263565 0.00833238 0.00137199 0.000138413 6.20883e-06 1.09354e-07 5.30912e-10 4.83912e-13 7.02109e-17 1.51637e-21 4.68131e-27
 1.9049e-41 2.64388e-33 4.43566e-26 8.99542e-20 2.20512e-14 6.53418e-10 2.34044e-06 0.00101333 0.0530336 0.335519 0.259183 0.0844415 0.171005 0.0671351 0.0206385 0.00659209 0.00131051 0.000122285 4.61926e-06 5.66324e-08 1.84031e-10 1.26319e-13 1.45597e-17 2.46517e-22 5.77831e-28
 1.97823e-41 2.74566e-33 4.60641e-26 9.34171e-20 2.29001e-14 6.78572e-10 2.43054e-06 0.00105234 0.0550752 0.348436 0.269216 0.0834147 0.151736 0.0601097 0.0237706 0.0061326 0.000956452 9.36881e-05 3.32477e-06 3.24863e-08 7.39767e-11 3.35896e-14 2.67815e-18 3.33404e-23 5.91586e-29
 1.67771e-41 2.32855e-33 3.90662e-26 7.92256e-20 1.94212e-14 5.75486e-10 2.0613e-06 0.000892471 0.0467084 0.295518 0.2305 0.108476 0.206192 0.0756444 0.0275342 0.00729911 0.00114346 8.66407e-05 2.74158e-06 2.38169e-08 4.263e-11 1.38245e-14 7.43414e-19 6.18235e-24 7.51852e-30
 1.54078e-41 2.1385e-33 3.58778e-26 7.27595e-20 1.78361e-14 5.28517e-10 1.89306e-06 0.000819631 0.0428963 0.271412 0.213127 0.117726 0.21295 0.0871098 0.0422177 0.0101459 0.00148489 0.000105847 2.65912e-06 1.85302e-08 2.74287e-11 6.98373e-15 2.76246e-19 1.61037e-24 1.33358e-30
 1.77768e-41 2.46731e-33 4.13942e-26 8.39466e-20 2.05785e-14 6.09779e-10 2.18413e-06 0.000945653 0.0494917 0.313138 0.244679 0.106036 0.166136 0.0704891 0.0369591 0.0103964 0.00162274 0.000102356 2.21491e-06 1.20963e-08 1.35558e-11 2.66854e-15 8.15563e-20 3.5781e-25 2.15989e-31
 1.75111e-41 2.43042e-33 4.07754e-26 8.26917e-20 2.02709e-14 6.00664e-10 2.15148e-06 0.000931517 0.0487519 0.308475 0.242722 0.121457 0.178523 0.0632991 0.0266695 0.00775245 0.00132761 8.62228e-05 1.61726e-06 7.13247e-09 6.13424e-12 8.92753e-16 2.01036e-20 6.56475e-26 2.9598e-32
 1.77175e-41 2.45907e-33 4.1256e-26 8.36663e-20 2.05098e-14 6.07743e-10 2.17684e-06 0.000942496 0.0493266 0.312126 0.246553 0.126238 0.170723 0.0621914 0.025245 0.00571178 0.000881567 5.79503e-05 1.03087e-06 3.8317e-09 2.57688e-12 2.83087e-16 4.69309e-21 1.1109e-26 3.6177e-33
 1.72376e-41 2.39247e-33 4.01386e-26 8.14003e-20 1.99543e-14 5.91283e-10 2.11788e-06 0.000916968 0.0479906 0.303701 0.241974 0.138234 0.174578 0.0623849 0.0243116 0.00522247 0.000648648 3.5365e-05 5.70271e-07 1.86691e-09 1.03188e-12 8.79131e-17 1.09257e-21 1.90302e-27 4.50356e-34
 1.81476e-41 2.51877e-33 4.22577e-26 8.56977e-20 2.10078e-14 6.22499e-10 2.22969e-06 0.000965379 0.0505242 0.319747 0.254892 0.135391 0.154728 0.0571509 0.0217263 0.00437175 0.000480693 2.06442e-05 2.60023e-07 7.0146e-10 3.20752e-13 2.19613e-17 2.11822e-22 2.78197e-28 4.86644e-35
 1.78943e-41 2.4836e-33 4.16676e-26 8.45011e-20 2.07145e-14 6.13807e-10 2.19856e-06 0.0009519 0.0498189 0.315328 0.253983 0.148605 0.157099 0.0524664 0.0179182 0.00347363 0.000341602 1.21053e-05 1.15673e-07 2.32568e-10 8.15127e-14 4.36059e-18 3.28354e-23 3.32571e-29 4.4156e-36
 1.799e-41 2.4969e-33 4.18906e-26 8.49534e-20 2.08253e-14 6.17092e-10 2.21032e-06 0.000956994 0.0500856 0.317058 0.257198 0.153517 0.150127 0.0517368 0.0163467 0.00272848 0.000236333 7.04839e-06 5.25882e-08 7.81803e-11 1.98475e-14 7.75088e-19 4.33047e-24 3.29261e-30 3.29555e-37
 1.79279e-41 2.48827e-33 4.1746e-26 8.466e-20 2.07534e-14 6.14961e-10 2.20269e-06 0.000953689 0.0499128 0.316026 0.258943 0.161268 0.145987 0.0496093 0.0148367 0.00229235 0.000164985 4.00001e-06 2.361e-08 2.65536e-11 4.92654e-15 1.37943e-19 5.49743e-25 2.99455e-31 2.16534e-38
 1.81998e-41 2.52601e-33 4.2379e-26 8.59438e-20 2.10681e-14 6.24287e-10 2.23609e-06 0.000968151 0.0506698 0.320882 0.264888 0.164515 0.137255 0.0460989 0.0127898 0.00181518 0.000112727 2.17183e-06 9.83237e-09 8.37106e-12 1.15348e-15 2.3525e-20 6.72999e-26 2.60803e-32 1.33625e-39
 1.76752e-41 2.4532e-33 4.11576e-26 8.34667e-20 2.04609e-14 6.06293e-10 2.17164e-06 0.000940247 0.0492098 0.311764 0.26229 0.178958 0.139313 0.0446646 0.0113254 0.00145368 7.74157e-05 1.20658e-06 4.17019e-09 2.63194e-12 2.66563e-16 3.97546e-21 8.25719e-27 2.30484e-33 8.44628e-41
 1.67715e-41 2.32778e-33 3.90533e-26 7.91993e-20 1.94148e-14 5.75295e-10 2.06061e-06 0.000892175 0.0466944 0.296012 0.255592 0.19475 0.144947 0.0483991 0.0113665 0.00128559 5.77699e-05 7.25141e-07 1.93316e-09 9.09197e-13 6.7158e-17 7.2371e-22 1.08325e-27 2.17679e-34 5.73366e-42
 1.66436e-41 2.31002e-33 3.87554e-26 7.85952e-20 1.92667e-14 5.70907e-10 2.0449e-06 0.00088537 0.0463389 0.293914 0.257608 0.197828 0.140747 0.0499975 0.0114493 0.00118533 4.43067e-05 4.41096e-07 9.03277e-10 3.18332e-13 1.72879e-17 1.35075e-22 1.4527e-28 2.08742e-35 3.92422e-43
 1.70267e-41 2.36319e-33 3.96474e-26 8.04042e-20 1.97101e-14 5.84048e-10 2.09196e-06 0.000905749 0.0474053 0.300632 0.261523 0.19202 0.136855 0.0482597 0.011199 0.00115769 3.98475e-05 3.41792e-07 5.84462e-10 1.6983e-13 7.54197e-18 4.78534e-23 4.15457e-29 4.79537e-36 7.21358e-44
#spawning biomass
 11248.5 6748.54 7512.22 10400.8 14787.6 17166.6 17563.4 22846.3 33132.2 47469.1 59417.4 76723.3 106974 131532 135538 108247 96370.3 96226.5 96941.9 97434.7 100309 104564 112553 113173 119008 132398 119691 110595 108897 282642 392215 403606 372001 322094 269632 222784 184560 155101 133257 117497 106350 98579.3 93208 89502.1 86971.9 85292.6 84178 83438.2 82947.2 82621.4 82405.1 82261.5 82166.3 82103 82061.1 82033.2 82014.7 82002.5 81994.3 81988.9 81985.3 81982.9 81981.4 81980.3 81979.6 81979.2 81978.8 81978.6 81978.5 81978.4 81978.4 81978.3 81978.3 81978.3 81978.3 81978.3 81978.3 81978.2 81978.2 81978.2 81978.2 81978.2 81978.2 81978.2 81978.2 81978.2 81978.2 81978.2 81978.2 81978.2 81978.2 81978.2 81978.2 81978.2 81978.2 81978.2 81978.2 81978.2 81978.2 81978.2 81978.2 81978.2 81978.2 81978.2 81978.2 81978.2 81978.2 81978.2 81978.2 81978.2 81978.2 81978.2 81978.2 81978.2 81978.2 81978.2 81978.2 81978.2 81978.2 81978.2 81978.2 81978.2 81978.2 81978.2 81978.2 81978.2 81978.2 81978.2 81978.2 0 0 0 0 0 0 0 0 0 0 0 0 0 0 0 0 0 0 0 0 0 0 0 0 0
