SBPRF35
0.256306
Curr Bio
173998
B35
195156
F35
0.405311
FOFL
0.369773
OFL
61739.9
Bzero
73230.3
#pred survey bio
 26580.7 22682.6 17811.1 16762.4 26516.1 42640.6 60963.2 72451.4 92325.3 121523 141966 169295 223980 248024 233075 231537 197805 183165 176489 184348 194086 210959 212368 239601 249717 248122 248304 259581 262453 9.3624e+06 5.02401e+06 3.63869e+06 2.47142e+06 1.71366e+06 1.27483e+06 1.03436e+06 905577 836716 799396 778683 766836 759842 755585 752923 751220 750119 749398 748920 748603 748390 748247 748151 748086 748042 748013 747993 747979 747970 747964 747960 747957 747955 747954 747953 747952 747952 747951 747951 747951 747951 747951 747951 747951 747951 747951 747951 747951 747951 747951 747951 747951 747951 747951 747951 747951 747951 747951 747951 747951 747951 747951 747951 747951 747951 747951 747951 747951 747951 747951 747951 747951 747951 747951 747951 747951 747951 747951 747951 747951 747951 747951 747951 747951 747951 747951 747951 747951 747951 747951 747951 747951 747951 747951 747951 747951 747951 747951 747951 747951 0 0 0 0 0 0 0 0 0 0 0 0 0 0 0 0 0 0 0 0 0 0 0 0 0
#obs survey bio
 26712.4 15568.3 10114.9 15873 41822.2 69793.7 62220.4 77861.2 112824 135610 174642 188206 255296 215316 217696 216970 186369 200658 166874 165182 273205 140739 182744 220801 209187 237892 262470 224502 327637
#pred catch bio
 4334.37 3624.84 3124.18 3795.2 4688.72 6707.55 15131.9 18805.8 21998.2 39009.5 50685 54370.5 83426.3 106222 95970.7 112316 86965.4 77633.9 68037.7 69676.5 69580.1 85543.5 74812.6 95185.2 104434 99614.6 94662.9 105971 105646 61739.9 62807 44846.6 29228.4 19375.7 13930.3 11128.6 9748.83 9088.23 8777.83 8633.81 8567.56 8537.27 8523.47 8517.2 8514.36 8513.08 8512.5 8512.24 8512.12 8512.07 8512.04 8512.03 8512.03 8512.03 8512.03 8512.02 8512.02 8512.02 8512.02 8512.02 8512.02 8512.02 8512.02 8512.02 8512.02 8512.02 8512.02 8512.02 8512.02 8512.02 8512.02 8512.02 8512.02 8512.02 8512.02 8512.02 8512.02 8512.02 8512.02 8512.02 8512.02 8512.02 8512.02 8512.02 8512.02 8512.02 8512.02 8512.02 8512.02 8512.02 8512.02 8512.02 8512.02 8512.02 8512.02 8512.02 8512.02 8512.02 8512.02 8512.02 8512.02 8512.02 8512.02 8512.02 8512.02 8512.02 8512.02 8512.02 8512.02 8512.02 8512.02 8512.02 8512.02 8512.02 8512.02 8512.02 8512.02 8512.02 8512.02 8512.02 8512.02 8512.02 8512.02 8512.02 8512.02 8512.02 8512.02 8512.02 8512.02 0 0 0 0 0 0 0 0 0 0 0 0 0 0 0 0 0 0 0 0 0 0 0 0 0
#obs catch bio
 3715.88 3687.21 3275.99 4064.07 4695.11 6391.92 14400.4 17623.4 20500.4 37208.3 49534.8 51211.8 77374.3 108161 98008.5 120586 88900.2 78541.1 68819.2 68897.7 65950.4 87017.1 74819.7 94999.4 107822 99463.1 95431.5 109463 105409
#pred cpue bio
 24878.9 21806.4 17366.7 15438.9 22324 36965 54182.9 64639.3 80936.2 106862 124393 146305 192902 216609 204752 202457 172482 160589 154484 161396 170124 185082 185678 209390 217861 216662 217868 227495 229125 8.18489e+06 4.79909e+06 3.55588e+06 2.40743e+06 1.65165e+06 1.21301e+06 972560 843776 774914 737595 716881 705035 698041 693784 691121 689418 688317 687596 687119 686801 686589 686446 686349 686285 686241 686211 686191 686178 686169 686162 686158 686155 686154 686152 686151 686151 686150 686150 686150 686150 686150 686150 686150 686150 686150 686150 686150 686150 686150 686150 686150 686150 686150 686150 686150 686150 686150 686150 686150 686150 686150 686150 686150 686150 686150 686150 686150 686150 686150 686150 686150 686150 686150 686150 686150 686150 686150 686150 686150 686150 686150 686150 686150 686150 686150 686150 686150 686150 686150 686150 686150 686150 686150 686150 686150 686150 686150 686150 686150 686150 0 0 0 0 0 0 0 0 0 0 0 0 0 0 0 0 0 0 0 0 0 0 0 0 0
#obs cpue bio
 25088 19629.2 14087.3 19025.3 22661.7 47857 70209.4 82238.4 78253.2 97590.4 91428.6 194688 246343 152190 180566 166515 176588 149459 147413 218390 176627 199800 199904 260425 198062 261578 178433 225507 209537
#pred surv len freq
 2.52528e-11 1.18777e-09 3.8685e-08 8.72443e-07 1.36245e-05 0.00014733 0.00110321 0.00572082 0.0205502 0.0511979 0.0888801 0.109483 0.102056 0.0854352 0.0788192 0.0776983 0.0721729 0.0634583 0.0552004 0.0475422 0.0405574 0.0346788 0.0290484 0.0221548 0.014081
 1.1946e-11 5.61883e-10 1.83002e-08 4.12715e-07 6.44517e-06 6.96969e-05 0.00052193 0.00270727 0.00973565 0.0243606 0.0430111 0.0563766 0.0634127 0.0753861 0.0948297 0.10701 0.103314 0.0917456 0.0800318 0.0685178 0.0568813 0.045924 0.0356278 0.025285 0.0152437
 1.03283e-11 4.85796e-10 1.58221e-08 3.56827e-07 5.57238e-06 6.02581e-05 0.000451227 0.00234012 0.00840954 0.0209852 0.0366638 0.0462777 0.0468454 0.0476642 0.0569894 0.0728069 0.0904252 0.105106 0.109636 0.10139 0.0854149 0.0673478 0.0495829 0.0329355 0.0186624
 3.60411e-11 1.6952e-09 5.52115e-08 1.24516e-06 1.94449e-05 0.000210269 0.00157446 0.00816362 0.0293126 0.0729051 0.125721 0.150898 0.127998 0.0812843 0.0462782 0.0322839 0.0310881 0.036342 0.04454 0.0509005 0.0509729 0.0440275 0.0329061 0.0211683 0.0114041
 4.59184e-11 2.15978e-09 7.03427e-08 1.5864e-06 2.47739e-05 0.000267894 0.00200596 0.0104011 0.0373486 0.0929108 0.16035 0.19307 0.165699 0.109154 0.0661836 0.0439926 0.0297699 0.0186612 0.0126965 0.0116084 0.0124308 0.0123624 0.0103136 0.00698073 0.00376566
 3.62594e-11 1.70547e-09 5.5546e-08 1.2527e-06 1.95627e-05 0.000211544 0.00158404 0.00821403 0.0295037 0.0734801 0.127394 0.156125 0.142896 0.113722 0.0962249 0.084528 0.0647214 0.040847 0.0227607 0.0126162 0.00799023 0.00621996 0.00514043 0.0037003 0.00210004
 3.26645e-11 1.53638e-09 5.0039e-08 1.1285e-06 1.76232e-05 0.000190571 0.001427 0.00739969 0.0265791 0.0662 0.114799 0.140821 0.129366 0.104283 0.0911771 0.0856714 0.0748411 0.0587615 0.0419697 0.0265052 0.0145603 0.00749088 0.00413297 0.00245946 0.0013459
 3.3236e-11 1.56326e-09 5.09145e-08 1.14825e-06 1.79316e-05 0.000193905 0.00145196 0.00752903 0.0270422 0.0673392 0.116677 0.142664 0.129581 0.101391 0.0851093 0.078238 0.0687153 0.0562152 0.0441144 0.0322821 0.0208476 0.0115503 0.00556011 0.00245086 0.00102863
 3.73707e-11 1.75774e-09 5.72484e-08 1.29109e-06 2.01623e-05 0.000218027 0.00163257 0.00846537 0.0304023 0.075676 0.130916 0.1591 0.14137 0.10397 0.0790871 0.0674382 0.0566965 0.0448932 0.0347985 0.0262257 0.0182997 0.0112894 0.00593538 0.00260626 0.000958682
 3.54981e-11 1.66966e-09 5.43797e-08 1.2264e-06 1.9152e-05 0.000207102 0.00155078 0.00804141 0.0288821 0.0719166 0.124578 0.152183 0.137742 0.106595 0.0873889 0.0772419 0.0633807 0.0468342 0.0334283 0.0237838 0.01634 0.0103638 0.00578409 0.00270908 0.00102812
 3.64207e-11 1.71306e-09 5.57932e-08 1.25828e-06 1.96498e-05 0.000212485 0.00159108 0.00825032 0.0296313 0.073771 0.127715 0.155659 0.139759 0.105856 0.0843026 0.0738527 0.0617294 0.0471161 0.0341379 0.0235952 0.0152615 0.00917454 0.00502638 0.00239561 0.000942275
 3.89354e-11 1.83134e-09 5.96455e-08 1.34515e-06 2.10065e-05 0.000227156 0.00170093 0.00881981 0.031675 0.0788425 0.136382 0.165689 0.147036 0.10767 0.0810418 0.067789 0.0550114 0.0409854 0.0292903 0.020268 0.0131152 0.00773367 0.00408498 0.00188424 0.000731651
 3.89226e-11 1.83073e-09 5.96258e-08 1.34471e-06 2.09996e-05 0.000227081 0.00170037 0.00881695 0.0316653 0.0788236 0.136386 0.165865 0.147741 0.109317 0.0835376 0.0701455 0.0559908 0.0402119 0.0274229 0.0182451 0.0115196 0.00669587 0.00348901 0.00157796 0.000598462
 3.57531e-11 1.68165e-09 5.47704e-08 1.23521e-06 1.92896e-05 0.00020859 0.00156192 0.00809922 0.0290902 0.0724394 0.125516 0.153477 0.139392 0.108862 0.0903779 0.0803333 0.0655245 0.0472773 0.0319476 0.0206977 0.0125485 0.00698587 0.00351453 0.00154963 0.000575937
 3.52092e-11 1.65607e-09 5.39373e-08 1.21642e-06 1.89962e-05 0.000205417 0.00153816 0.007976 0.0286474 0.0713338 0.123581 0.151022 0.136889 0.106414 0.088078 0.0790358 0.0663847 0.0503483 0.0358883 0.0240032 0.0145937 0.00795543 0.0038616 0.00163661 0.000587344
 3.66071e-11 1.72182e-09 5.60787e-08 1.26471e-06 1.97503e-05 0.000213572 0.00159922 0.00829254 0.0297829 0.0741482 0.128366 0.156444 0.140433 0.10629 0.0845095 0.0738413 0.0615138 0.046865 0.0340694 0.02362 0.0150002 0.00846909 0.00416477 0.00174618 0.000610349
 3.66505e-11 1.72387e-09 5.61452e-08 1.26621e-06 1.97738e-05 0.000213825 0.00160112 0.00830242 0.0298189 0.0742429 0.128565 0.156849 0.141311 0.107986 0.0868878 0.0758514 0.061879 0.0453437 0.0316415 0.021479 0.0137075 0.00792919 0.00402485 0.00173215 0.000612561
 3.54627e-11 1.668e-09 5.43256e-08 1.22518e-06 1.91329e-05 0.000206896 0.00154923 0.00803343 0.0288537 0.0718483 0.124477 0.152138 0.137962 0.107337 0.0887884 0.0791967 0.0655665 0.0486403 0.034027 0.0227423 0.0141346 0.0080118 0.00405684 0.00177037 0.000639223
 3.62345e-11 1.7043e-09 5.55079e-08 1.25184e-06 1.95493e-05 0.000211398 0.00158294 0.00820817 0.0294803 0.0733986 0.127095 0.155018 0.139551 0.106465 0.0856801 0.0754476 0.0629249 0.047724 0.0343124 0.0234124 0.0146629 0.00826108 0.0041244 0.00177848 0.000640472
 3.61444e-11 1.70006e-09 5.53699e-08 1.24873e-06 1.95007e-05 0.000210873 0.00157901 0.00818778 0.0294073 0.0732186 0.126796 0.154715 0.139472 0.10679 0.0863158 0.0759681 0.0628991 0.0471896 0.0337599 0.0232455 0.0148514 0.00853746 0.00431041 0.00185943 0.000665719
 3.5922e-11 1.6896e-09 5.50291e-08 1.24104e-06 1.93807e-05 0.000209575 0.00156929 0.0081374 0.0292265 0.0727699 0.126029 0.153822 0.13881 0.106593 0.0865624 0.0764996 0.0635551 0.0478166 0.0342085 0.0234778 0.0149752 0.00865637 0.00442557 0.00193567 0.000699598
 3.58481e-11 1.68612e-09 5.49159e-08 1.23849e-06 1.93408e-05 0.000209144 0.00156606 0.00812065 0.0291663 0.0726195 0.125765 0.153487 0.138465 0.106245 0.0862165 0.0762598 0.063578 0.0481409 0.0347029 0.0239575 0.0153281 0.008873 0.00454789 0.00200092 0.000729597
 3.65281e-11 1.71811e-09 5.59577e-08 1.26198e-06 1.97077e-05 0.000213111 0.00159577 0.00827466 0.029719 0.073991 0.128109 0.1562 0.140433 0.106736 0.0853346 0.0746157 0.0617381 0.0464165 0.03328 0.0229562 0.0147337 0.00856677 0.0044079 0.00194589 0.000712391
 3.6546e-11 1.71895e-09 5.5985e-08 1.2626e-06 1.97173e-05 0.000213215 0.00159655 0.00827871 0.0297336 0.0740279 0.128176 0.156298 0.140573 0.106948 0.0856122 0.074865 0.0618286 0.0462975 0.0330118 0.02265 0.0144851 0.00841573 0.0043391 0.00192256 0.000706705
 3.6774e-11 1.72967e-09 5.63343e-08 1.27048e-06 1.98404e-05 0.000214546 0.00160651 0.00833035 0.0299189 0.0744886 0.128968 0.157237 0.141331 0.107333 0.0856575 0.0746659 0.0614269 0.0457252 0.0323557 0.0220254 0.0139791 0.00806804 0.0041414 0.0018321 0.000674076
 3.643e-11 1.71349e-09 5.58073e-08 1.25859e-06 1.96548e-05 0.000212539 0.00159148 0.00825246 0.0296396 0.0737969 0.127797 0.155931 0.140549 0.107561 0.086816 0.0761638 0.0626281 0.0463757 0.0325559 0.0219667 0.0138132 0.00789721 0.00401895 0.00176607 0.000647038
 3.54823e-11 1.66892e-09 5.43556e-08 1.22585e-06 1.91435e-05 0.00020701 0.00155009 0.00803785 0.0288694 0.0718857 0.12453 0.15215 0.137802 0.106866 0.0880301 0.0784441 0.0651961 0.0488021 0.0345751 0.0233953 0.0146536 0.00831016 0.0041887 0.0018236 0.000662824
 3.61158e-11 1.69872e-09 5.53261e-08 1.24774e-06 1.94853e-05 0.000210706 0.00157776 0.00818128 0.0293838 0.0731582 0.126679 0.154511 0.139097 0.106129 0.085438 0.075303 0.062938 0.047942 0.034721 0.0239359 0.0151812 0.0086606 0.00436238 0.00188862 0.000681097
 3.67677e-11 1.72938e-09 5.63247e-08 1.27026e-06 1.9837e-05 0.000214509 0.00160624 0.00832893 0.0299137 0.0744749 0.128939 0.157175 0.141191 0.107051 0.085228 0.0742067 0.0611203 0.0457017 0.0326382 0.0225084 0.0144629 0.00839203 0.00428458 0.00186796 0.000674252
#obs surv len freq
 2.29137e-11 1.07775e-09 3.51017e-08 7.91632e-07 1.23625e-05 0.000133683 0.00100103 0.00519105 0.0186487 0.0464751 0.0807806 0.0999759 0.0947053 0.0824344 0.0798306 0.081309 0.0774401 0.0700151 0.0626198 0.0550653 0.0470264 0.0385282 0.0291636 0.0192331 0.0104098
 1.00058e-15 4.71321e-14 1.54407e-12 3.563e-11 6.06481e-10 8.70876e-09 1.29171e-07 1.98708e-06 2.59234e-05 0.000250075 0.00170138 0.00806571 0.026628 0.0616145 0.101772 0.12539 0.125789 0.115581 0.104504 0.0925532 0.0787517 0.0634803 0.0470471 0.0305009 0.0163431
 1.35726e-11 6.3839e-10 2.07919e-08 4.68911e-07 7.32271e-06 7.91843e-05 0.000592915 0.0030742 0.0110372 0.0274394 0.0472395 0.0563548 0.0468962 0.0290806 0.0210379 0.033856 0.0657045 0.100927 0.120737 0.119887 0.105794 0.0857499 0.0630001 0.0402464 0.0212581
 5.22085e-11 2.45564e-09 7.99785e-08 1.80372e-06 2.81676e-05 0.000304591 0.00228072 0.0118254 0.0424574 0.105564 0.181807 0.217107 0.180479 0.106057 0.0465855 0.018053 0.00848729 0.00685518 0.00916445 0.012778 0.0147889 0.0138978 0.0108149 0.0069907 0.00367217
 3.1258e-11 1.47023e-09 4.78843e-08 1.07991e-06 1.68644e-05 0.000182366 0.00136558 0.0070817 0.0254437 0.0634377 0.110458 0.137595 0.133014 0.120206 0.117217 0.108484 0.0792903 0.0428832 0.0181998 0.00837594 0.00667188 0.0069158 0.00625882 0.00445558 0.00244592
 4.05375e-11 1.90669e-09 6.20995e-08 1.4005e-06 2.18708e-05 0.000236502 0.0017709 0.00918248 0.0329752 0.0820547 0.141777 0.171483 0.149764 0.104749 0.0735855 0.0609158 0.0537187 0.0448376 0.0329809 0.0199235 0.00980856 0.00463108 0.00272082 0.00181598 0.00104637
 2.56555e-11 1.20671e-09 3.93017e-08 8.86354e-07 1.38417e-05 0.00014968 0.00112083 0.00581267 0.020887 0.0521046 0.090915 0.11415 0.113223 0.108221 0.112786 0.111713 0.092107 0.0649655 0.0441105 0.0302243 0.0192382 0.0104393 0.00482966 0.0020861 0.000901957
 4.2167e-11 1.98333e-09 6.45959e-08 1.4568e-06 2.275e-05 0.000246009 0.00184208 0.00955141 0.034298 0.0853254 0.147285 0.177473 0.15281 0.102129 0.0654968 0.0505387 0.044957 0.0401746 0.0331962 0.0240822 0.0152579 0.00859202 0.00426057 0.00180758 0.000651959
 3.51862e-11 1.65499e-09 5.3902e-08 1.21563e-06 1.89837e-05 0.000205283 0.00153716 0.00797094 0.0286309 0.0713087 0.123647 0.151616 0.139033 0.111193 0.0947379 0.0837558 0.0650687 0.0433898 0.0281932 0.0197317 0.0138669 0.00871653 0.00462242 0.00202731 0.000727555
 3.72579e-11 1.75243e-09 5.70756e-08 1.2872e-06 2.01015e-05 0.000217369 0.00162765 0.00843991 0.0303119 0.0754599 0.130604 0.159016 0.142249 0.106661 0.083722 0.0728752 0.0610822 0.0465698 0.0329031 0.0214709 0.0129398 0.0073816 0.00393058 0.00182469 0.000691359
 3.59223e-11 1.68961e-09 5.50296e-08 1.24106e-06 1.93809e-05 0.000209577 0.00156931 0.00813752 0.0292274 0.072776 0.126066 0.153997 0.139373 0.107829 0.08835 0.0780112 0.0638661 0.0468959 0.0328641 0.0223454 0.0141018 0.00797108 0.00398896 0.00174814 0.000651471
 4.22853e-11 1.9889e-09 6.47771e-08 1.46089e-06 2.28138e-05 0.000246699 0.00184726 0.00957841 0.0343971 0.0855936 0.147896 0.1789 0.15625 0.109055 0.0752986 0.0587984 0.0464818 0.034312 0.0241937 0.0163405 0.0102529 0.0058393 0.00294943 0.00128097 0.00046424
 3.71313e-11 1.74648e-09 5.68817e-08 1.28283e-06 2.00332e-05 0.000216631 0.00162213 0.00841142 0.0302115 0.075229 0.130334 0.159296 0.144425 0.11216 0.091934 0.0798459 0.062349 0.0418304 0.0260883 0.0161927 0.00982764 0.00555035 0.00279951 0.00121595 0.000439427
 3.42351e-11 1.61025e-09 5.24449e-08 1.18276e-06 1.84706e-05 0.000199734 0.00149561 0.00775543 0.0278566 0.0693776 0.120282 0.147414 0.134975 0.107745 0.0924469 0.0844744 0.0706237 0.0523023 0.0357502 0.0226133 0.0129426 0.00672117 0.00318465 0.00134124 0.000479149
 3.31641e-11 1.55988e-09 5.08043e-08 1.14576e-06 1.78928e-05 0.000193485 0.00144882 0.00751284 0.0269854 0.0672093 0.116532 0.142866 0.13097 0.104918 0.0906286 0.0836885 0.0714187 0.0550941 0.0401931 0.0275475 0.0169892 0.00917893 0.00429588 0.00172499 0.000585329
 3.78282e-11 1.77926e-09 5.79492e-08 1.3069e-06 2.04091e-05 0.000220696 0.00165256 0.00856902 0.0307748 0.0766046 0.132533 0.161116 0.143321 0.105732 0.0807767 0.0688821 0.0574018 0.0444538 0.0331177 0.023592 0.0154071 0.00891306 0.00443627 0.00184665 0.000628404
 3.30223e-11 1.55321e-09 5.05871e-08 1.14087e-06 1.78163e-05 0.000192659 0.00144263 0.00748084 0.0268716 0.0669374 0.11614 0.142752 0.132019 0.108013 0.0953617 0.0876073 0.0717242 0.0514956 0.0352071 0.0239237 0.0156334 0.0093528 0.00490027 0.00215677 0.000769869
 3.58723e-11 1.68726e-09 5.49529e-08 1.23933e-06 1.93539e-05 0.000209285 0.00156712 0.00812608 0.0291853 0.072661 0.125798 0.153348 0.137772 0.104594 0.083823 0.0743632 0.06354 0.0499401 0.0369345 0.025417 0.0159463 0.00912955 0.00472068 0.00211828 0.000785097
 3.4831e-11 1.63828e-09 5.33577e-08 1.20335e-06 1.87921e-05 0.00020321 0.00152163 0.00789035 0.0283403 0.0705732 0.122293 0.149588 0.136027 0.106602 0.0890214 0.0797005 0.0658736 0.0490002 0.0350833 0.0246206 0.0161854 0.00954944 0.00492845 0.00217759 0.000802039
 3.59952e-11 1.69304e-09 5.51413e-08 1.24358e-06 1.94202e-05 0.000210002 0.00157249 0.00815397 0.0292859 0.0729152 0.126265 0.154039 0.138776 0.106098 0.0856596 0.0755904 0.0630893 0.0478738 0.034528 0.0238428 0.0153582 0.00904742 0.00474797 0.00213505 0.000792264
 3.49154e-11 1.64225e-09 5.3487e-08 1.20627e-06 1.88376e-05 0.000203702 0.00152532 0.00790946 0.0284089 0.0707435 0.122585 0.149928 0.136285 0.106712 0.0890554 0.0798228 0.0661639 0.0492623 0.0349699 0.0240666 0.0155264 0.00911708 0.00475739 0.00213857 0.00079885
 3.66675e-11 1.72466e-09 5.61712e-08 1.2668e-06 1.97829e-05 0.000213925 0.00160186 0.00830623 0.0298322 0.0742707 0.128579 0.156706 0.140677 0.106489 0.0846638 0.0739024 0.0613754 0.0464482 0.0334364 0.0230191 0.0147154 0.00856274 0.00444418 0.00199175 0.000743002
 3.40124e-11 1.59978e-09 5.21038e-08 1.17507e-06 1.83505e-05 0.000198435 0.00148588 0.007705 0.0276755 0.0689265 0.1195 0.146457 0.134097 0.107 0.0916039 0.0832162 0.0689284 0.0508564 0.0356818 0.0243364 0.0156056 0.00910862 0.00471588 0.00210168 0.000779992
 3.73379e-11 1.75619e-09 5.71981e-08 1.28996e-06 2.01446e-05 0.000217835 0.00163114 0.008458 0.0303766 0.0756183 0.13086 0.159243 0.142174 0.105999 0.0823943 0.0711326 0.059444 0.0457323 0.03342 0.0231069 0.014691 0.00846947 0.00435607 0.00193654 0.00071706
 3.47331e-11 1.63368e-09 5.32077e-08 1.19997e-06 1.87393e-05 0.000202639 0.00151736 0.00786822 0.0282613 0.0703817 0.121996 0.149388 0.136367 0.107925 0.0912465 0.0819351 0.0670041 0.0486206 0.0336533 0.022917 0.0147972 0.00868417 0.00449179 0.0019897 0.000732617
 3.61532e-11 1.70047e-09 5.53832e-08 1.24903e-06 1.95054e-05 0.000210924 0.00157939 0.00818974 0.0294142 0.0732331 0.126805 0.154648 0.139167 0.106082 0.0853265 0.0752821 0.0631142 0.0481779 0.0347291 0.0236482 0.0148433 0.00849926 0.00436782 0.00194356 0.000718863
 3.28107e-11 1.54326e-09 5.02628e-08 1.13355e-06 1.77021e-05 0.000191423 0.00143338 0.00743285 0.0266988 0.066503 0.115359 0.141666 0.130625 0.106136 0.0931344 0.086003 0.0719474 0.053668 0.0381471 0.0262886 0.0169081 0.00980959 0.00501593 0.00220483 0.000808732
 3.73559e-11 1.75704e-09 5.72256e-08 1.29058e-06 2.01543e-05 0.00021794 0.00163192 0.00846204 0.0303907 0.0756503 0.130893 0.159175 0.14177 0.104997 0.0808536 0.0696721 0.0588267 0.0461778 0.0345244 0.0243293 0.0156966 0.00913989 0.00471604 0.00208828 0.000766435
 3.3942e-11 1.59647e-09 5.19959e-08 1.17264e-06 1.83125e-05 0.000198024 0.0014828 0.00768908 0.0276186 0.0687881 0.119282 0.146292 0.134264 0.107751 0.0927939 0.084127 0.068806 0.0497592 0.0344711 0.023739 0.0156259 0.00935928 0.00491998 0.00220075 0.000812916
#pred catch len freq
 2.16282e-11 1.01729e-09 3.31323e-08 7.47216e-07 1.16689e-05 0.000126183 0.000944874 0.0048999 0.0176037 0.043881 0.0763406 0.0948035 0.0908307 0.0811169 0.0807218 0.0830847 0.0788619 0.0704929 0.0621068 0.0539005 0.0461673 0.0395559 0.0331635 0.0253019 0.016083
 9.66881e-12 4.54775e-10 1.48117e-08 3.34042e-07 5.21658e-06 5.64115e-05 0.000422453 0.00219151 0.00788423 0.0197606 0.0351113 0.0470507 0.0560226 0.0719182 0.0948892 0.109312 0.107039 0.0964763 0.0852183 0.0735117 0.061269 0.0495668 0.0384905 0.0273272 0.0164772
 8.23068e-12 3.87132e-10 1.26086e-08 2.84356e-07 4.44065e-06 4.802e-05 0.000359591 0.001865 0.00670373 0.0167444 0.0293635 0.0375769 0.039679 0.0436671 0.0558332 0.0737612 0.0933109 0.109731 0.115237 0.106997 0.0903769 0.0713803 0.052599 0.0349529 0.0198086
 3.23569e-11 1.52191e-09 4.95678e-08 1.11788e-06 1.74572e-05 0.000188775 0.00141352 0.0073292 0.0263172 0.0654619 0.112933 0.135774 0.115916 0.0753412 0.0456666 0.0347384 0.0352902 0.0422007 0.0522087 0.0598934 0.0600798 0.051938 0.0388366 0.0249897 0.0134645
 4.3385e-11 2.04062e-09 6.64617e-08 1.49888e-06 2.34071e-05 0.000253114 0.00189529 0.00982739 0.0352899 0.0878035 0.151632 0.183026 0.158553 0.107684 0.069777 0.0497238 0.0349041 0.0223209 0.0155096 0.0144156 0.0155295 0.0154671 0.0129092 0.00873887 0.0047144
 3.29232e-11 1.54855e-09 5.04353e-08 1.13744e-06 1.77628e-05 0.00019208 0.00143831 0.00745855 0.0267932 0.0667599 0.115951 0.143079 0.134084 0.113166 0.103214 0.0947661 0.0738955 0.0472013 0.026666 0.0149893 0.0095916 0.00750578 0.00621399 0.00447515 0.00254008
 2.9342e-11 1.38011e-09 4.49492e-08 1.01372e-06 1.58307e-05 0.000171187 0.00128186 0.00664727 0.0238791 0.0595011 0.10336 0.127624 0.119927 0.102275 0.0960672 0.0942361 0.084008 0.0669041 0.04833 0.0307452 0.0169636 0.00875557 0.00484258 0.00288533 0.0015796
 2.99106e-11 1.40685e-09 4.58203e-08 1.03336e-06 1.61374e-05 0.000174504 0.00130669 0.00677594 0.0243397 0.0606326 0.105215 0.129396 0.119938 0.0989284 0.0892564 0.0859181 0.0771425 0.0640907 0.0509082 0.0375304 0.0243309 0.0135088 0.00651142 0.00287264 0.00120627
 3.41515e-11 1.60632e-09 5.23169e-08 1.17988e-06 1.84255e-05 0.000199246 0.00149195 0.00773634 0.0277861 0.0691843 0.119824 0.146278 0.132106 0.101739 0.0832996 0.0749679 0.0646796 0.0520798 0.0409092 0.0310896 0.0217874 0.0134704 0.00709008 0.00311518 0.00114626
 3.24807e-11 1.52773e-09 4.97573e-08 1.12215e-06 1.7524e-05 0.000189498 0.00141897 0.00735809 0.0264302 0.0658338 0.114197 0.140231 0.129276 0.104986 0.0920587 0.0849712 0.0711206 0.0532945 0.0385338 0.0276668 0.0191004 0.0121434 0.00678513 0.00317968 0.00120704
 3.35423e-11 1.57767e-09 5.13836e-08 1.15883e-06 1.80968e-05 0.000195692 0.00146534 0.00759846 0.0272922 0.0679678 0.117807 0.144239 0.131622 0.104195 0.0885993 0.0811637 0.0692714 0.053611 0.0392955 0.0273721 0.0177824 0.0107162 0.00587877 0.00280368 0.00110311
 3.61023e-11 1.69808e-09 5.53053e-08 1.24727e-06 1.9478e-05 0.000210627 0.00157717 0.00817822 0.0293728 0.0731314 0.126635 0.154473 0.139106 0.106208 0.085517 0.0751872 0.062464 0.0472382 0.0341862 0.0238588 0.0155107 0.0091687 0.00484938 0.00223837 0.000869451
 3.62689e-11 1.70591e-09 5.55605e-08 1.25303e-06 1.95678e-05 0.000211599 0.00158445 0.008216 0.029509 0.0734753 0.127264 0.155395 0.140429 0.108205 0.0881158 0.0774408 0.0631265 0.0459526 0.0317189 0.0212883 0.0135066 0.00787071 0.00410661 0.00185852 0.000705096
 3.31232e-11 1.55796e-09 5.07416e-08 1.14435e-06 1.78707e-05 0.000193247 0.00144704 0.00750367 0.0269533 0.0671391 0.116476 0.143102 0.132149 0.10777 0.0949423 0.0876226 0.0726937 0.0530725 0.0362585 0.0236792 0.0144218 0.00804876 0.00405479 0.00178911 0.00066517
 3.24746e-11 1.52745e-09 4.9748e-08 1.12194e-06 1.75207e-05 0.000189463 0.0014187 0.0073567 0.0264251 0.0658209 0.114171 0.140189 0.129213 0.10496 0.092359 0.0862118 0.0737473 0.0566398 0.0408079 0.0274919 0.0167831 0.00917017 0.0044573 0.00189049 0.000678719
 3.41748e-11 1.60742e-09 5.23526e-08 1.18068e-06 1.8438e-05 0.000199382 0.00149297 0.00774171 0.0278064 0.0692446 0.119996 0.146802 0.133583 0.104943 0.0882244 0.0800994 0.0679328 0.0523749 0.0384568 0.0268394 0.0171062 0.00967682 0.00476382 0.00199852 0.000698774
 3.40812e-11 1.60302e-09 5.22092e-08 1.17745e-06 1.83876e-05 0.000198836 0.00148888 0.00772058 0.0277312 0.0690641 0.11973 0.146694 0.134174 0.106782 0.0911303 0.0827377 0.06872 0.0509746 0.0359647 0.0246046 0.0157695 0.00914207 0.00464587 0.00200061 0.000707716
 3.27878e-11 1.54218e-09 5.02279e-08 1.13276e-06 1.76897e-05 0.00019129 0.00143238 0.00742767 0.0266801 0.0664564 0.115276 0.141557 0.130505 0.106027 0.0931331 0.0863326 0.0727468 0.054631 0.0386359 0.0260202 0.0162413 0.00922757 0.00467849 0.00204302 0.000737907
 3.34491e-11 1.57329e-09 5.12409e-08 1.15561e-06 1.80465e-05 0.000195148 0.00146127 0.00757739 0.0272169 0.0677834 0.11751 0.14398 0.13172 0.104954 0.0899862 0.0826777 0.0703308 0.0540548 0.039304 0.0270222 0.016995 0.00959714 0.00479771 0.00207027 0.000745822
 3.33346e-11 1.5679e-09 5.10655e-08 1.15166e-06 1.79848e-05 0.00019448 0.00145627 0.00755148 0.027124 0.0675545 0.117129 0.143588 0.131594 0.105311 0.090718 0.0832883 0.0703212 0.0534666 0.0386981 0.0268585 0.0172343 0.00993013 0.0050198 0.00216688 0.000776059
 3.30392e-11 1.55401e-09 5.0613e-08 1.14145e-06 1.78254e-05 0.000192757 0.00144337 0.00748457 0.0268839 0.0669585 0.116109 0.142403 0.130718 0.105053 0.0910488 0.0839896 0.0711764 0.0542826 0.0392945 0.0271865 0.0174181 0.0100926 0.00516655 0.0022613 0.000817563
 3.31099e-11 1.55733e-09 5.07213e-08 1.14389e-06 1.78635e-05 0.000193169 0.00144645 0.00750058 0.0269412 0.0670996 0.116343 0.142635 0.13076 0.104742 0.0904157 0.0833153 0.0707924 0.0543021 0.039582 0.0275322 0.0176883 0.0102622 0.00526634 0.0023185 0.000845668
 3.36517e-11 1.58281e-09 5.15512e-08 1.16261e-06 1.81558e-05 0.00019633 0.00147012 0.00762326 0.0273815 0.0681924 0.118212 0.144805 0.132358 0.1052 0.0898074 0.0820774 0.0693203 0.0528434 0.0383431 0.0266647 0.0171904 0.010019 0.00516178 0.00228024 0.000835075
 3.3817e-11 1.59059e-09 5.18045e-08 1.16832e-06 1.8245e-05 0.000197294 0.00147734 0.00766071 0.027516 0.0685267 0.118787 0.145492 0.132927 0.105522 0.0899051 0.0819921 0.0690448 0.0523827 0.0377773 0.0261224 0.0167775 0.00977 0.00504361 0.00223615 0.000822236
 3.41291e-11 1.60527e-09 5.22826e-08 1.1791e-06 1.84134e-05 0.000199115 0.00149098 0.00773141 0.0277698 0.0691572 0.11987 0.146771 0.133941 0.105999 0.0898902 0.081644 0.0684559 0.0516105 0.0369275 0.0253309 0.0161454 0.00933944 0.00479991 0.00212477 0.000782005
 3.37188e-11 1.58597e-09 5.1654e-08 1.16493e-06 1.8192e-05 0.000196722 0.00147305 0.00763849 0.0274365 0.068332 0.118472 0.145207 0.132993 0.106235 0.091218 0.0833806 0.0698696 0.0524053 0.0372076 0.0253044 0.015982 0.00915868 0.0046669 0.00205218 0.000752109
 3.26607e-11 1.5362e-09 5.00331e-08 1.12837e-06 1.76211e-05 0.000190548 0.00142683 0.00739886 0.0265765 0.0661977 0.114823 0.140979 0.129905 0.105414 0.0925068 0.0858679 0.0727212 0.0551485 0.0395209 0.0269536 0.0169566 0.0096392 0.00486504 0.00211954 0.000770657
 3.33956e-11 1.57077e-09 5.1159e-08 1.15376e-06 1.80177e-05 0.000194836 0.00145893 0.00756526 0.0271732 0.0676742 0.117317 0.143726 0.131432 0.104612 0.0895789 0.0822948 0.0701233 0.0541147 0.039624 0.0275174 0.0175236 0.010019 0.00505286 0.002189 0.000789687
 3.40665e-11 1.60233e-09 5.21867e-08 1.17694e-06 1.83796e-05 0.00019875 0.00148824 0.00771722 0.0277187 0.0690297 0.119646 0.14648 0.133626 0.105647 0.089485 0.0812611 0.0682482 0.0517037 0.037347 0.0259572 0.0167499 0.0097408 0.00497917 0.00217216 0.000784303
#obs catch len freq
 2.0835e-11 9.79978e-10 3.19172e-08 7.19815e-07 1.1241e-05 0.000121556 0.000910226 0.00472028 0.0169593 0.0422824 0.0736134 0.091671 0.0886318 0.0807334 0.0819302 0.0848946 0.0804643 0.0720258 0.0644529 0.057626 0.0505154 0.0424239 0.0326263 0.0216549 0.0117304
 2.06658e-11 9.72019e-10 3.1658e-08 7.13969e-07 1.11497e-05 0.000120569 0.000902834 0.00468195 0.0168216 0.0419395 0.0730189 0.0909434 0.0879769 0.080282 0.0818201 0.0854804 0.0821062 0.0744739 0.0667164 0.0587133 0.0501578 0.0410987 0.0311109 0.0205177 0.0111051
 8.54496e-16 4.02608e-14 1.32025e-12 3.05793e-11 5.27433e-10 7.84642e-09 1.2249e-07 1.94782e-06 2.57166e-05 0.00024891 0.00169493 0.00803705 0.026536 0.0614092 0.101461 0.125087 0.125637 0.115626 0.104682 0.0927748 0.0789628 0.0636576 0.0471804 0.0305878 0.0163898
 1.20166e-11 5.65201e-10 1.84082e-08 4.15152e-07 6.48318e-06 7.01061e-05 0.00052494 0.00272176 0.00977182 0.0242936 0.0418243 0.0499013 0.0415825 0.0261222 0.0201963 0.0345964 0.0678957 0.104412 0.124927 0.124059 0.109485 0.0887474 0.0652045 0.0416552 0.0220023
 5.1328e-11 2.41422e-09 7.86296e-08 1.7733e-06 2.76926e-05 0.000299454 0.00224226 0.011626 0.0417416 0.103786 0.178758 0.213527 0.177702 0.104876 0.0467627 0.0188423 0.0093532 0.00779653 0.0104964 0.014648 0.0169551 0.0159338 0.0123994 0.00801495 0.00421021
 2.90663e-11 1.36714e-09 4.45268e-08 1.00419e-06 1.56819e-05 0.00016958 0.00126984 0.00658541 0.0236634 0.0590264 0.102964 0.129141 0.1276 0.120668 0.123008 0.116223 0.0854953 0.0463289 0.0196866 0.00908083 0.00724853 0.00751757 0.00680391 0.00484367 0.00265897
 3.87143e-11 1.82093e-09 5.93067e-08 1.33752e-06 2.08872e-05 0.000225865 0.00169126 0.00876961 0.0314937 0.0783792 0.135502 0.164252 0.14462 0.103734 0.0764231 0.0658318 0.0589835 0.0494618 0.0364386 0.0220262 0.010847 0.0051225 0.00301003 0.00200914 0.00115769
 2.36299e-11 1.11144e-09 3.61988e-08 8.16374e-07 1.27489e-05 0.000137863 0.00103235 0.00535398 0.0192413 0.048024 0.0839642 0.106214 0.107824 0.107774 0.116859 0.117764 0.0976357 0.0690269 0.0469493 0.0322062 0.0205101 0.0111315 0.00515026 0.00222466 0.000961883
 4.0401e-11 1.90027e-09 6.18905e-08 1.39579e-06 2.17972e-05 0.000235705 0.00176493 0.00915145 0.0328627 0.0817634 0.141196 0.170418 0.147659 0.100764 0.0676429 0.0546456 0.0496022 0.0445792 0.0368968 0.0267834 0.0169739 0.00955969 0.00474076 0.00201138 0.000725476
 3.33734e-11 1.56972e-09 5.11249e-08 1.153e-06 1.80057e-05 0.000194707 0.00145797 0.00756043 0.0271581 0.0676573 0.11743 0.144532 0.134259 0.110918 0.0985556 0.0892871 0.0699597 0.0467906 0.030457 0.0213408 0.0150051 0.00943348 0.00500285 0.00219419 0.000787451
 3.54994e-11 1.66972e-09 5.43817e-08 1.22644e-06 1.91527e-05 0.00020711 0.00155083 0.00804168 0.028883 0.071916 0.124561 0.152086 0.13743 0.105988 0.0868692 0.0778653 0.0659742 0.0504753 0.0357159 0.0233241 0.0140617 0.00802295 0.00427239 0.00198342 0.000751507
 3.42679e-11 1.6118e-09 5.24952e-08 1.1839e-06 1.84883e-05 0.000199925 0.00149704 0.00776287 0.0278832 0.0694424 0.120385 0.147495 0.134897 0.10732 0.0914757 0.0828031 0.0683954 0.0503712 0.0353495 0.0240536 0.0151849 0.00858436 0.00429607 0.00188276 0.000701644
 4.08314e-11 1.92051e-09 6.25499e-08 1.41066e-06 2.20294e-05 0.000238217 0.00178375 0.00924917 0.0332158 0.082664 0.142901 0.173179 0.152296 0.108562 0.077983 0.0629667 0.0504752 0.0374243 0.0264327 0.0178668 0.0112144 0.00638779 0.00322664 0.00140139 0.000507887
 3.55568e-11 1.67242e-09 5.44696e-08 1.22843e-06 1.91837e-05 0.000207445 0.00155335 0.00805487 0.0289323 0.0720577 0.124936 0.15315 0.140303 0.111982 0.0953635 0.0848201 0.0667989 0.0449425 0.0280697 0.0174383 0.0105883 0.00598091 0.00301684 0.00131036 0.00047355
 3.26613e-11 1.53623e-09 5.0034e-08 1.12839e-06 1.76215e-05 0.000190552 0.00142686 0.00739906 0.0265779 0.0662067 0.114878 0.141232 0.130728 0.107287 0.0954776 0.0891358 0.0750764 0.0557369 0.0381422 0.0241415 0.0138214 0.0071784 0.00340148 0.00143259 0.000511784
 3.15532e-11 1.48411e-09 4.83365e-08 1.09011e-06 1.70237e-05 0.000184087 0.00137845 0.00714805 0.0256765 0.0639629 0.110996 0.136515 0.126548 0.104281 0.0934708 0.0881949 0.0758271 0.0586406 0.0428301 0.0293724 0.0181193 0.0097905 0.00458228 0.00184002 0.000624366
 3.6291e-11 1.70695e-09 5.55944e-08 1.2538e-06 1.95798e-05 0.000211728 0.00158541 0.00822092 0.0295258 0.0735065 0.127248 0.155047 0.139073 0.105062 0.0833886 0.0730686 0.0615178 0.0477967 0.0356554 0.0254156 0.0166022 0.00960541 0.00478104 0.0019902 0.000677253
 3.12955e-11 1.47199e-09 4.79417e-08 1.08121e-06 1.68846e-05 0.000182584 0.0013672 0.00708979 0.0254686 0.0634582 0.110211 0.135974 0.127377 0.107546 0.0987159 0.0926784 0.0764408 0.0550243 0.0376723 0.0256199 0.0167481 0.010021 0.00525061 0.002311 0.000824927
 3.42055e-11 1.60886e-09 5.23995e-08 1.18174e-06 1.84546e-05 0.000199561 0.00149431 0.00774862 0.0278309 0.0693014 0.120067 0.146763 0.133152 0.103837 0.0866226 0.0789045 0.0680691 0.0536647 0.0397408 0.0273655 0.0171735 0.00983332 0.00508482 0.00228172 0.000845679
 3.31195e-11 1.55778e-09 5.0736e-08 1.14423e-06 1.78687e-05 0.000193225 0.00144688 0.00750279 0.0269497 0.0671245 0.116414 0.142852 0.131365 0.106004 0.0921443 0.0845412 0.0704829 0.0525828 0.0377023 0.0264789 0.0174127 0.0102748 0.00530303 0.00234313 0.000863017
 3.43133e-11 1.61393e-09 5.25647e-08 1.18547e-06 1.85128e-05 0.00020019 0.00149902 0.00777309 0.0279192 0.0695257 0.120485 0.14741 0.134164 0.105445 0.0886406 0.0802918 0.0676493 0.0514936 0.0371906 0.0256999 0.0165596 0.00975637 0.00512026 0.0023025 0.000854406
 3.32442e-11 1.56365e-09 5.09269e-08 1.14853e-06 1.7936e-05 0.000193953 0.00145232 0.00753101 0.027051 0.0673759 0.116844 0.143351 0.131736 0.106135 0.0921205 0.0845781 0.0707038 0.0527927 0.0375272 0.0258454 0.0166793 0.00979525 0.00511149 0.00229779 0.000858328
 3.49914e-11 1.64583e-09 5.36035e-08 1.2089e-06 1.88787e-05 0.000204146 0.00152864 0.00792666 0.0284703 0.0708929 0.122819 0.150102 0.136087 0.105851 0.0876534 0.0786057 0.0659294 0.050056 0.0360853 0.0248609 0.0158978 0.00925196 0.00480212 0.00215222 0.000802865
 3.23107e-11 1.51974e-09 4.94969e-08 1.11628e-06 1.74323e-05 0.000188507 0.00141154 0.00731964 0.0262928 0.0654976 0.113655 0.139766 0.129482 0.106452 0.0947837 0.0881127 0.0735722 0.0544313 0.0382423 0.0261024 0.0167437 0.00977414 0.00506068 0.00225538 0.00083704
 3.57472e-11 1.68138e-09 5.47613e-08 1.23501e-06 1.92864e-05 0.000208555 0.00156166 0.00809778 0.0290841 0.0724125 0.125393 0.152968 0.137794 0.10534 0.0851542 0.0755327 0.0637592 0.0492102 0.03601 0.0249138 0.0158443 0.00913537 0.00469877 0.00208892 0.000773488
 3.30156e-11 1.55289e-09 5.05767e-08 1.14063e-06 1.78126e-05 0.000192619 0.00144234 0.00747929 0.0268659 0.0669212 0.116099 0.142643 0.131734 0.107426 0.0945324 0.0869384 0.0716945 0.0521731 0.0361646 0.0246472 0.0159202 0.00934445 0.00483355 0.00214112 0.000788377
 3.44514e-11 1.62043e-09 5.27763e-08 1.19024e-06 1.85873e-05 0.000200996 0.00150505 0.00780436 0.0280314 0.0698036 0.120956 0.147939 0.134498 0.105415 0.088339 0.08005 0.0677644 0.0518917 0.0374589 0.0255252 0.0160266 0.00917797 0.00471686 0.00209892 0.00077633
 3.10635e-11 1.46108e-09 4.75863e-08 1.07319e-06 1.67595e-05 0.00018123 0.00135706 0.0070372 0.0252792 0.0629823 0.109357 0.134791 0.12587 0.105535 0.0963414 0.0909763 0.0766945 0.0573616 0.0408282 0.0281575 0.0181162 0.0105118 0.00537525 0.00236281 0.000866687
 3.57785e-11 1.68285e-09 5.48093e-08 1.23609e-06 1.93033e-05 0.000208738 0.00156302 0.00810484 0.029109 0.072471 0.125468 0.152942 0.137393 0.104266 0.0834755 0.0739278 0.0630622 0.049663 0.0371786 0.0262158 0.0169182 0.00985217 0.00508377 0.00225114 0.000826212
#spawning biomass
 22434.6 21170.7 16972.2 12873.1 14264.4 27973.8 43830.6 52291.1 61531.8 83135 95355.9 106787 139944 166242 159313 154343 130893 124322 118397 123864 131085 142909 141677 159624 165255 165136 168826 174895 173998 178900 222985 156402 99829.9 64507.2 45017.4 34992.6 30055.8 27692.2 26581.6 26066.4 25829.3 25720.9 25671.6 25649.1 25639 25634.4 25632.3 25631.4 25631 25630.8 25630.7 25630.6 25630.6 25630.6 25630.6 25630.6 25630.6 25630.6 25630.6 25630.6 25630.6 25630.6 25630.6 25630.6 25630.6 25630.6 25630.6 25630.6 25630.6 25630.6 25630.6 25630.6 25630.6 25630.6 25630.6 25630.6 25630.6 25630.6 25630.6 25630.6 25630.6 25630.6 25630.6 25630.6 25630.6 25630.6 25630.6 25630.6 25630.6 25630.6 25630.6 25630.6 25630.6 25630.6 25630.6 25630.6 25630.6 25630.6 25630.6 25630.6 25630.6 25630.6 25630.6 25630.6 25630.6 25630.6 25630.6 25630.6 25630.6 25630.6 25630.6 25630.6 25630.6 25630.6 25630.6 25630.6 25630.6 25630.6 25630.6 25630.6 25630.6 25630.6 25630.6 25630.6 25630.6 25630.6 25630.6 25630.6 25630.6 0 0 0 0 0 0 0 0 0 0 0 0 0 0 0 0 0 0 0 0 0 0 0 0 0
