SBPRF35
27.9875
Curr Bio
213826
B35
4.66276e+07
F35
0.0241254
FOFL
0
OFL
0
Bzero
7.99642e+06
#pred survey bio
 25383.1 21286.3 16293.3 19849.6 32909 46738.5 69891.9 91552.4 108539 133891 154093 189774 258569 265218 262879 235246 240042 256376 261843 264226 225169 248125 297352 272076 269643 265538 268353 258074 4.80706e+06 9.90762e+06 1.59873e+07 2.20655e+07 2.77091e+07 3.26949e+07 3.69572e+07 4.05224e+07 4.34623e+07 4.58655e+07 4.78216e+07 4.94125e+07 5.07094e+07 5.1772e+07 5.25935e+07 5.28228e+07 5.30497e+07 5.32736e+07 5.3494e+07 5.37106e+07 5.39233e+07 5.41319e+07 5.43364e+07 5.45368e+07 5.47331e+07 5.49253e+07 5.51136e+07 5.5298e+07 5.54785e+07 5.56553e+07 5.58285e+07 5.59981e+07 5.61642e+07 5.63269e+07 5.64863e+07 5.66424e+07 5.67955e+07 5.69455e+07 5.70925e+07 5.72366e+07 5.73778e+07 5.75164e+07 5.76522e+07 5.77854e+07 5.79161e+07 5.80443e+07 5.81701e+07 5.82935e+07 5.84146e+07 5.85335e+07 5.86502e+07 5.87648e+07 5.88773e+07 5.89878e+07 5.90964e+07 5.9203e+07 5.93077e+07 5.94106e+07 5.95118e+07 5.96112e+07 5.97089e+07 5.98049e+07 5.98994e+07 5.99922e+07 6.00836e+07 6.01734e+07 6.02618e+07 6.03487e+07 6.04343e+07 6.05184e+07 6.06013e+07 6.06829e+07 6.07632e+07 6.08422e+07 6.09201e+07 6.09968e+07 6.10723e+07 6.11467e+07 6.12199e+07 6.12922e+07 6.13633e+07 6.14335e+07 6.15026e+07 6.15707e+07 6.16379e+07 6.17041e+07 6.17695e+07 6.18339e+07 6.18974e+07 6.19601e+07 6.20219e+07 6.2083e+07 6.21432e+07 6.22026e+07 6.22612e+07 6.23191e+07 6.23762e+07 6.24326e+07 6.24883e+07 6.25433e+07 0 0 0 0 0 0 0 0 0 0 0 0 0 0 0 0 0 0 0 0 0 0 0 0 0
#obs survey bio
 24552.1 15313.2 21455.7 18645.3 40544.9 31205.1 66367.2 95403.5 83565.5 121355 121628 215219 222455 194534 227198 177948 201848 179480 193678 226317 172590 211629 264866 213638 161303 178275 153762 170046
#pred catch bio
 16184.6 15368.5 10008.4 11069.8 23317.2 33496.3 51466.5 70962.8 83159.8 105092 121648 140409 210669 216519 221336 196153 197906 213276 220961 232542 194214 206348 265487 244486 239815 240025 242241 255601 0 11021.3 18141.4 25253.7 31894.5 37773.7 42796.8 46985.3 50420.4 53206.7 55451.6 57254.2 58701 59864.9 60740.9 60926.4 61106.3 61280.7 61449.8 61613.8 61772.8 61927 62076.4 62221.4 62361.9 62498.1 62630.2 62758.3 62882.6 63003 63119.8 63233 63342.8 63449.2 63552.4 63652.5 63749.5 63843.6 63934.8 64023.3 64109 64192.2 64272.8 64351 64426.8 64500.3 64571.6 64640.7 64707.7 64772.6 64835.6 64896.7 64955.9 65013.3 65069 65123 65175.3 65226.1 65275.3 65323 65369.2 65414.1 65457.6 65499.8 65540.6 65580.3 65618.7 65656 65692.1 65727.2 65761.2 65794.1 65826 65857 65887 65916.2 65944.4 65971.8 65998.3 66024.1 66049 66073.2 66096.7 66119.4 66141.5 66162.9 66183.6 66203.7 66223.2 66242.1 66260.4 66278.2 66295.4 66312.1 66328.3 66344 66359.3 66374 66388.3 66402.2 0 0 0 0 0 0 0 0 0 0 0 0 0 0 0 0 0 0 0 0 0 0 0 0 0
#obs catch bio
 14638.9 16538.9 11466.2 9298.89 19517.3 28931.6 43906.6 60257.3 73275.6 96236.3 111932 125156 200495 213582 224078 186448 194070 203263 197789 217208 170396 198584 228905 221011 240674 213120 240141 246035
#pred cpue bio
 20953.8 18210.3 12136.4 13851.1 19759 25650.7 36313.5 51540.3 58439.2 72198.5 83273.4 94454 139688 143063 145677 128046 119934 130271 134153 129717 110373 103843 136349 118552 106923 114124 101706 106733 1.18538e+06 9.72378e+06 1.58653e+07 2.19413e+07 2.75848e+07 3.25705e+07 3.68329e+07 4.03981e+07 4.3338e+07 4.57412e+07 4.76972e+07 4.92881e+07 5.05851e+07 5.16477e+07 5.24691e+07 5.26984e+07 5.29253e+07 5.31492e+07 5.33697e+07 5.35863e+07 5.3799e+07 5.40076e+07 5.42121e+07 5.44125e+07 5.46088e+07 5.4801e+07 5.49893e+07 5.51737e+07 5.53542e+07 5.5531e+07 5.57042e+07 5.58737e+07 5.60398e+07 5.62025e+07 5.63619e+07 5.65181e+07 5.66712e+07 5.68211e+07 5.69681e+07 5.71122e+07 5.72535e+07 5.7392e+07 5.75279e+07 5.76611e+07 5.77918e+07 5.792e+07 5.80458e+07 5.81692e+07 5.82903e+07 5.84092e+07 5.85259e+07 5.86405e+07 5.8753e+07 5.88635e+07 5.8972e+07 5.90787e+07 5.91834e+07 5.92863e+07 5.93874e+07 5.94868e+07 5.95845e+07 5.96806e+07 5.9775e+07 5.98679e+07 5.99592e+07 6.00491e+07 6.01374e+07 6.02244e+07 6.03099e+07 6.03941e+07 6.0477e+07 6.05585e+07 6.06388e+07 6.07179e+07 6.07957e+07 6.08724e+07 6.09479e+07 6.10223e+07 6.10956e+07 6.11678e+07 6.1239e+07 6.13091e+07 6.13783e+07 6.14464e+07 6.15136e+07 6.15798e+07 6.16451e+07 6.17096e+07 6.17731e+07 6.18358e+07 6.18976e+07 6.19586e+07 6.20188e+07 6.20782e+07 6.21369e+07 6.21948e+07 6.22519e+07 6.23083e+07 6.2364e+07 6.2419e+07 0 0 0 0 0 0 0 0 0 0 0 0 0 0 0 0 0 0 0 0 0 0 0 0 0
#obs cpue bio
 15377.9 16176.5 12272.2 15345.2 30681 58602.2 69026.7 110531 109113 121785 141991 128113 216707 187793 178494 203638 154616 221368 293470 214962 225720 139020 304859 215440 167917 282839 173715 206548
#pred surv len freq
 9.81021e-12 1.0648e-09 6.81473e-08 2.57167e-06 5.72233e-05 0.00075082 0.00581007 0.0265403 0.0718979 0.118183 0.130407 0.128308 0.137738 0.128898 0.0920471 0.0572858 0.0354928 0.0218003 0.0136271 0.00908241 0.00662445 0.00536319 0.00456162 0.00349086 0.00203209
 7.9043e-12 8.57935e-10 5.49078e-08 2.07205e-06 4.61063e-05 0.000604972 0.00468212 0.0214032 0.0581919 0.0973467 0.115228 0.132092 0.159324 0.153577 0.107917 0.064085 0.0372579 0.0209626 0.0113831 0.00621438 0.00359928 0.00235914 0.00174246 0.0012563 0.000725555
 1.19451e-11 1.29653e-09 8.29776e-08 3.13132e-06 6.9676e-05 0.000914198 0.00707387 0.0323021 0.0873537 0.142356 0.151391 0.13526 0.132002 0.11877 0.0829639 0.0497918 0.0288321 0.0156135 0.00785325 0.00377825 0.00178482 0.000889035 0.000508765 0.000316169 0.000172384
 1.29206e-11 1.40241e-09 8.9754e-08 3.38704e-06 7.53661e-05 0.000988855 0.00765147 0.0349378 0.0944561 0.153727 0.162517 0.142642 0.135613 0.117593 0.0752313 0.0381221 0.0187296 0.00944629 0.00462967 0.00212165 0.000896788 0.00036147 0.000151807 7.1446e-05 3.35392e-05
 1.54096e-11 1.67257e-09 1.07044e-07 4.03951e-06 8.98842e-05 0.00117933 0.00912466 0.0416502 0.112405 0.181344 0.184286 0.143189 0.11659 0.0944847 0.0598695 0.0304289 0.014426 0.00647072 0.00269766 0.00109575 0.000430461 0.000156446 5.28799e-05 1.79584e-05 6.36695e-06
 1.59462e-11 1.73081e-09 1.10771e-07 4.18017e-06 9.3014e-05 0.00122039 0.00944248 0.0431028 0.116351 0.18791 0.191885 0.151321 0.124772 0.0979077 0.0537781 0.0181222 0.00362999 0.000429411 2.99614e-05 1.23276e-06 2.9924e-08 4.33327e-10 5.22889e-12 4.56666e-13 1.13188e-13
 1.65913e-11 1.80083e-09 1.15253e-07 4.34929e-06 9.67771e-05 0.00126976 0.00982431 0.0448422 0.120997 0.195016 0.197276 0.150761 0.118726 0.091008 0.0496842 0.0167213 0.00334855 0.000396097 2.76366e-05 1.13706e-06 2.75859e-08 3.94609e-10 3.32838e-12 1.65539e-14 4.85446e-17
 1.56226e-11 1.69569e-09 1.08524e-07 4.09535e-06 9.11268e-05 0.00119563 0.00925098 0.0422304 0.114021 0.184346 0.189182 0.151601 0.127804 0.101368 0.0558312 0.0188247 0.00377114 0.000446117 3.11271e-05 1.28068e-06 3.10701e-08 4.44449e-10 3.74876e-12 1.86447e-14 5.46758e-17
 1.61792e-11 1.75609e-09 1.1239e-07 4.24124e-06 9.4373e-05 0.00123822 0.00958037 0.0437309 0.118028 0.190476 0.193832 0.151119 0.122589 0.0954161 0.0522997 0.0176163 0.00352836 0.00041738 2.91218e-05 1.19817e-06 2.90684e-08 4.15816e-10 3.50725e-12 1.74435e-14 5.11533e-17
 1.6161e-11 1.75412e-09 1.12263e-07 4.23647e-06 9.42669e-05 0.00123683 0.0095696 0.0436819 0.117897 0.190276 0.19368 0.151134 0.122759 0.0956106 0.0524151 0.0176558 0.00353629 0.000418319 2.91873e-05 1.20087e-06 2.91338e-08 4.16751e-10 3.51514e-12 1.74828e-14 5.12685e-17
 1.61348e-11 1.75127e-09 1.12081e-07 4.2296e-06 9.4114e-05 0.00123482 0.00955409 0.0436112 0.117709 0.189987 0.193461 0.151157 0.123005 0.0958909 0.0525814 0.0177127 0.00354772 0.000419673 2.92818e-05 1.20475e-06 2.92281e-08 4.181e-10 3.52651e-12 1.75394e-14 5.14343e-17
 1.70536e-11 1.851e-09 1.18464e-07 4.47045e-06 9.94732e-05 0.00130513 0.0100979 0.0460883 0.124325 0.200106 0.201138 0.150361 0.114395 0.0860647 0.0467511 0.0157177 0.00314691 0.00037223 2.59711e-05 1.06854e-06 2.59234e-08 3.70828e-10 3.12779e-12 1.55563e-14 4.5619e-17
 1.61387e-11 1.7517e-09 1.12108e-07 4.23062e-06 9.41368e-05 0.00123512 0.0095564 0.0436217 0.117737 0.19003 0.193493 0.151154 0.122968 0.0958491 0.0525566 0.0177042 0.00354602 0.000419471 2.92677e-05 1.20417e-06 2.9214e-08 4.17899e-10 3.52482e-12 1.75309e-14 5.14096e-17
 1.61569e-11 1.75367e-09 1.12235e-07 4.2354e-06 9.4243e-05 0.00123652 0.00956718 0.0436708 0.117868 0.190231 0.193646 0.151138 0.122798 0.0956544 0.0524411 0.0176647 0.00353808 0.000418531 2.92021e-05 1.20147e-06 2.91485e-08 4.16962e-10 3.51692e-12 1.74916e-14 5.12944e-17
 1.58248e-11 1.71763e-09 1.09928e-07 4.14834e-06 9.23059e-05 0.0012111 0.00937063 0.0427755 0.115476 0.186573 0.190871 0.151426 0.12591 0.0992061 0.0545484 0.0183858 0.00368295 0.000435679 3.03987e-05 1.25071e-06 3.0343e-08 4.34048e-10 3.66103e-12 1.82084e-14 5.33963e-17
 1.60477e-11 1.74182e-09 1.11476e-07 4.20677e-06 9.36059e-05 0.00122816 0.00950254 0.0433763 0.117081 0.189028 0.192733 0.151233 0.123821 0.0968225 0.0531342 0.0179019 0.00358573 0.000424171 2.95956e-05 1.21766e-06 2.95414e-08 4.22582e-10 3.56432e-12 1.77274e-14 5.19857e-17
 1.70136e-11 1.84667e-09 1.18186e-07 4.45999e-06 9.92404e-05 0.00130208 0.0100743 0.0459807 0.124038 0.199667 0.200804 0.150395 0.114769 0.0864915 0.0470044 0.0158044 0.00316432 0.000374291 2.6115e-05 1.07445e-06 2.6067e-08 3.72881e-10 3.14511e-12 1.56424e-14 4.58716e-17
 1.68354e-11 1.82732e-09 1.16948e-07 4.41327e-06 9.82008e-05 0.00128844 0.00996877 0.0455002 0.122754 0.197704 0.199315 0.15055 0.116439 0.0883976 0.0481354 0.0161914 0.00324207 0.000383494 2.67572e-05 1.10088e-06 2.6708e-08 3.82051e-10 3.22246e-12 1.60271e-14 4.69997e-17
 1.67461e-11 1.81762e-09 1.16328e-07 4.38984e-06 9.76796e-05 0.0012816 0.00991588 0.0452593 0.122111 0.19672 0.198568 0.150627 0.117276 0.0893534 0.0487024 0.0163854 0.00328105 0.000388108 2.70792e-05 1.11413e-06 2.70294e-08 3.86649e-10 3.26124e-12 1.622e-14 4.75653e-17
 1.71938e-11 1.86623e-09 1.19438e-07 4.50723e-06 0.000100291 0.00131587 0.0101809 0.0464666 0.125336 0.201652 0.20231 0.150239 0.11308 0.0845643 0.0458609 0.0154131 0.00308571 0.000364986 2.54657e-05 1.04774e-06 2.54189e-08 3.6361e-10 3.06691e-12 1.52535e-14 4.4731e-17
 1.72094e-11 1.86791e-09 1.19546e-07 4.51129e-06 0.000100382 0.00131706 0.0101901 0.0465084 0.125447 0.201822 0.202439 0.150226 0.112935 0.0843985 0.0457625 0.0153794 0.00307894 0.000364185 2.54098e-05 1.04544e-06 2.53631e-08 3.62812e-10 3.06018e-12 1.522e-14 4.46329e-17
 1.86014e-11 2.01901e-09 1.29216e-07 4.87621e-06 0.000108502 0.00142358 0.011014 0.0502615 0.135472 0.217154 0.214071 0.149019 0.0998899 0.0695107 0.0369291 0.0123568 0.00247166 0.000292304 2.03938e-05 8.39063e-07 2.03562e-08 2.9119e-10 2.45608e-12 1.22155e-14 3.5822e-17
 1.7843e-11 1.93668e-09 1.23947e-07 4.67739e-06 0.000104078 0.00136554 0.0105651 0.0482166 0.13001 0.208801 0.207733 0.149676 0.106998 0.0776223 0.041742 0.0140037 0.00280254 0.000331469 2.31268e-05 9.51508e-07 2.30842e-08 3.30213e-10 2.78523e-12 1.38525e-14 4.06226e-17
 1.82809e-11 1.98421e-09 1.26989e-07 4.79218e-06 0.000106632 0.00139905 0.0108242 0.0493972 0.133163 0.213624 0.211392 0.149296 0.102894 0.0729391 0.0389633 0.0130528 0.00261151 0.000308857 2.15489e-05 8.86589e-07 2.15092e-08 3.07683e-10 2.59519e-12 1.29074e-14 3.7851e-17
 1.89986e-11 2.06211e-09 1.31975e-07 4.98032e-06 0.000110818 0.00145398 0.011249 0.0513323 0.138332 0.221529 0.217389 0.148674 0.0961683 0.0652633 0.0344089 0.0114944 0.0022984 0.000271797 1.89628e-05 7.80185e-07 1.89278e-08 2.70757e-10 2.28373e-12 1.13583e-14 3.33083e-17
 1.83925e-11 1.99632e-09 1.27764e-07 4.82143e-06 0.000107283 0.00140759 0.0108903 0.0496981 0.133967 0.214853 0.212325 0.1492 0.101848 0.0717455 0.0382551 0.0128105 0.00256282 0.000303094 2.11468e-05 8.70043e-07 2.11078e-08 3.01941e-10 2.54676e-12 1.26665e-14 3.71446e-17
 1.93063e-11 2.09551e-09 1.34112e-07 5.06098e-06 0.000112613 0.00147752 0.0114311 0.0521619 0.140548 0.224917 0.21996 0.148407 0.0932849 0.0619725 0.0324564 0.0108263 0.00216417 0.000255908 1.78541e-05 7.34568e-07 1.78211e-08 2.54925e-10 2.1502e-12 1.06942e-14 3.13608e-17
 1.86917e-11 2.02881e-09 1.29843e-07 4.89989e-06 0.000109028 0.00143049 0.0110674 0.050505 0.136122 0.218149 0.214825 0.14894 0.0990437 0.0685448 0.036356 0.0121607 0.00243226 0.000287641 2.00684e-05 8.25674e-07 2.00314e-08 2.86543e-10 2.41689e-12 1.20206e-14 3.52504e-17
#obs surv len freq
 3.96674e-11 3.67623e-09 2.00891e-07 6.47298e-06 0.000122981 0.00137777 0.00910328 0.0355069 0.0821712 0.115836 0.112225 0.104444 0.114791 0.120456 0.111145 0.0894394 0.0579836 0.0291589 0.011552 0.0036186 0.00087823 0.000160286 2.11962e-05 1.9517e-06 1.20895e-07
 2.30038e-11 2.05621e-09 1.08373e-07 3.36796e-06 6.17178e-05 0.000666976 0.00425365 0.0160675 0.0366379 0.0551924 0.0730925 0.110461 0.154366 0.168964 0.152967 0.115796 0.0675238 0.0296601 0.0104096 0.00303221 0.00070504 0.000122631 1.51961e-05 1.29702e-06 7.42092e-08
 1.40373e-10 1.2081e-08 6.13066e-07 1.83442e-05 0.000323652 0.00336704 0.0206548 0.0747265 0.159591 0.202203 0.156205 0.0850809 0.0545699 0.0598628 0.0695586 0.0599042 0.0347229 0.0138474 0.00413067 0.000999687 0.000199018 3.10468e-05 3.55575e-06 2.82916e-07 1.50394e-08
 1.35365e-10 1.11988e-08 5.46289e-07 1.57131e-05 0.000266498 0.00266529 0.0157237 0.0548103 0.113908 0.147608 0.142844 0.144686 0.149922 0.117111 0.0640645 0.0281685 0.0117512 0.0045603 0.00146107 0.000357458 6.48323e-05 8.68244e-06 8.5192e-07 5.95659e-08 2.85351e-09
 1.90669e-10 1.51399e-08 7.08852e-07 1.95693e-05 0.000318556 0.00305778 0.0173115 0.0578758 0.114987 0.140259 0.121313 0.106781 0.112841 0.115062 0.100666 0.067767 0.0308847 0.00894064 0.00166547 0.000221182 2.5047e-05 2.60363e-06 2.20318e-07 1.3422e-08 5.57425e-10
 3.30798e-10 2.51746e-08 1.12966e-06 2.98897e-05 0.000466324 0.00429005 0.0232778 0.0745821 0.141972 0.165668 0.13603 0.111152 0.10576 0.0937481 0.0711024 0.0440377 0.0200123 0.00627494 0.00136251 0.000208699 2.25413e-05 1.71285e-06 9.42637e-08 3.94073e-09 1.25689e-10
 3.87367e-10 2.82155e-08 1.21182e-06 3.06888e-05 0.000458263 0.00403535 0.0209636 0.0643953 0.118349 0.137866 0.126405 0.127829 0.133134 0.114387 0.0805918 0.0458819 0.0190472 0.0053968 0.00105848 0.00015177 1.63859e-05 1.29715e-06 7.16713e-08 2.66879e-09 6.61617e-11
 6.38556e-10 4.44605e-08 1.82532e-06 4.41864e-05 0.000630716 0.00530884 0.0263594 0.077342 0.135353 0.147973 0.121924 0.109524 0.11216 0.105123 0.0827897 0.0493711 0.0199083 0.005183 0.000887449 0.00010617 9.46945e-06 6.43338e-07 3.23651e-08 1.15219e-09 2.78519e-11
 8.51535e-10 5.66069e-08 2.21883e-06 5.12823e-05 0.000698891 0.0056169 0.0266365 0.0747554 0.126073 0.137414 0.124345 0.127378 0.1299 0.10948 0.0760014 0.0412403 0.0156893 0.00395921 0.000670351 7.94521e-05 6.791e-06 4.17136e-07 1.80826e-08 5.46187e-10 1.13801e-11
 1.2951e-09 8.21061e-08 3.06926e-06 6.76522e-05 0.000879282 0.00673939 0.0304795 0.0815806 0.131218 0.136425 0.118126 0.118019 0.122458 0.109903 0.0807517 0.0436871 0.0156035 0.00350781 0.000499384 4.71698e-05 3.17712e-06 1.61257e-07 6.14402e-09 1.67861e-10 3.14274e-12
 1.78063e-09 1.07546e-07 3.83002e-06 8.04263e-05 0.000995863 0.00727237 0.0313469 0.0801042 0.124066 0.128778 0.120601 0.129879 0.132658 0.1121 0.0768742 0.0389687 0.0130953 0.00277218 0.000369895 3.2209e-05 1.92785e-06 8.25842e-08 2.54865e-09 5.57953e-11 8.52805e-13
 2.72717e-09 1.56767e-07 5.31356e-06 0.000106196 0.00125151 0.0086984 0.0356874 0.0868277 0.128213 0.127598 0.116206 0.123652 0.127742 0.111689 0.0780342 0.0388652 0.0125425 0.00253079 0.00032209 2.68451e-05 1.53834e-06 6.2474e-08 1.78847e-09 3.52289e-11 4.68153e-13
 3.81455e-09 2.08503e-07 6.72002e-06 0.000127709 0.00143114 0.00945947 0.0369256 0.0856837 0.122068 0.122495 0.120707 0.13442 0.135053 0.111691 0.0732759 0.0341883 0.0103003 0.00192551 0.000223813 1.66885e-05 8.39956e-07 2.99286e-08 7.65735e-10 1.37813e-11 1.69324e-13
 5.12287e-09 2.66038e-07 8.14632e-06 0.000147087 0.00156606 0.0098358 0.0365029 0.0807493 0.111081 0.112617 0.118829 0.138524 0.142569 0.1207 0.0790412 0.0356473 0.0101866 0.00178848 0.000193617 1.3287e-05 6.05058e-07 1.91507e-08 4.29723e-10 6.74794e-12 7.23949e-14
 7.83086e-09 3.8607e-07 1.1223e-05 0.000192375 0.00194454 0.0115951 0.0408661 0.0859612 0.113096 0.111783 0.11761 0.136551 0.140782 0.11937 0.0765465 0.0330731 0.00896386 0.00148979 0.000153051 1.00143e-05 4.36222e-07 1.3153e-08 2.77234e-10 4.01076e-12 3.89059e-14
 1.23848e-08 5.79259e-07 1.59751e-05 0.000259785 0.00249124 0.0140943 0.0471486 0.0943065 0.118944 0.115483 0.121468 0.137652 0.136134 0.10996 0.0667321 0.0271761 0.00693525 0.00108634 0.000105453 6.54523e-06 2.71547e-07 7.81172e-09 1.56821e-10 2.15265e-12 1.972e-14
 1.83618e-08 8.14262e-07 2.12914e-05 0.000328278 0.00298488 0.0160141 0.0508393 0.0968508 0.118173 0.115948 0.126133 0.141813 0.135724 0.10507 0.060484 0.0231853 0.00554377 0.000810213 7.29353e-05 4.16073e-06 1.5716e-07 4.10051e-09 7.50839e-11 9.50283e-13 8.10196e-15
 2.66043e-08 1.11801e-06 2.77033e-05 0.00040478 0.00348796 0.0177376 0.0534242 0.0969813 0.114854 0.114547 0.128827 0.144798 0.136935 0.103834 0.0575699 0.0210353 0.00479618 0.000675202 5.97233e-05 3.43929e-06 1.33988e-07 3.59562e-09 6.57148e-11 7.98585e-13 6.34249e-15
 4.20042e-08 1.67206e-06 3.92467e-05 0.000543196 0.00443389 0.0213613 0.0609804 0.105142 0.119274 0.116179 0.128567 0.141484 0.131334 0.0969553 0.0514743 0.0178257 0.00384472 0.000514168 4.36162e-05 2.44167e-06 9.37066e-08 2.49789e-09 4.55211e-11 5.52916e-13 4.39113e-15
 5.88056e-08 2.21668e-06 4.92695e-05 0.000645752 0.00499186 0.0227853 0.0617485 0.10201 0.114927 0.118987 0.138265 0.149013 0.131502 0.0914337 0.0455214 0.0147485 0.00297005 0.000369765 2.90768e-05 1.50275e-06 5.32417e-08 1.31939e-09 2.26194e-11 2.61613e-13 1.99754e-15
 8.52299e-08 3.04158e-06 6.40027e-05 0.000794172 0.00581254 0.0251265 0.0645725 0.101762 0.111779 0.117104 0.137868 0.14943 0.133117 0.0918293 0.0441727 0.0136249 0.00260565 0.000309817 2.35213e-05 1.18617e-06 4.10574e-08 9.81547e-10 1.59244e-11 1.71579e-13 1.21084e-15
 1.38286e-07 4.67136e-06 9.30471e-05 0.0010929 0.00757195 0.0309888 0.0754405 0.112899 0.118726 0.120432 0.136982 0.143037 0.122613 0.0806735 0.036664 0.0106373 0.00191286 0.000214385 1.54122e-05 7.40224e-07 2.45226e-08 5.6262e-10 8.76705e-12 9.0653e-14 6.11831e-16
 1.8359e-07 5.87011e-06 0.000110673 0.00123047 0.00807114 0.0313024 0.0725346 0.105353 0.114449 0.127829 0.150365 0.150946 0.121394 0.0745667 0.0316503 0.0085855 0.00144468 0.000151596 1.02075e-05 4.59238e-07 1.42524e-08 3.06483e-10 4.48208e-12 4.35769e-14 2.7708e-16
 2.70636e-07 8.19056e-06 0.000146164 0.00153819 0.00955078 0.0350733 0.0770576 0.10671 0.112436 0.124416 0.146386 0.149586 0.122766 0.0747299 0.0304532 0.00778941 0.00122468 0.000119279 7.40173e-06 3.04738e-07 8.62318e-09 1.69366e-10 2.2729e-12 2.03671e-14 1.19701e-16
 3.64934e-07 1.04543e-05 0.000176597 0.0017593 0.0103437 0.0360157 0.0754799 0.102209 0.112282 0.133222 0.156831 0.153024 0.118243 0.0674749 0.0257529 0.00617403 0.000911507 8.35977e-05 4.89949e-06 1.90664e-07 5.07706e-09 9.2946e-11 1.15015e-12 9.42312e-15 5.03964e-17
 5.38481e-07 1.46032e-05 0.000233523 0.00220237 0.0122597 0.0404349 0.0804375 0.104234 0.111808 0.131462 0.15406 0.151335 0.116878 0.0649041 0.0235923 0.00533442 0.000740934 6.40097e-05 3.54413e-06 1.30638e-07 3.29513e-09 5.697e-11 6.62794e-13 5.08135e-15 2.5304e-17
 6.2683e-07 1.60944e-05 0.00024368 0.00217628 0.0114804 0.0360056 0.0691553 0.0915285 0.111146 0.145715 0.17095 0.159978 0.116063 0.0602445 0.0204125 0.00428825 0.000550308 4.35107e-05 2.17571e-06 7.15011e-08 1.60136e-09 2.47939e-11 2.62214e-13 1.85117e-15 8.55331e-18
 8.89688e-07 2.16304e-05 0.000310109 0.00262254 0.0131015 0.0389288 0.070957 0.0896848 0.105693 0.137895 0.166674 0.164219 0.12248 0.0625799 0.0202811 0.00402628 0.000486778 3.63005e-05 1.71598e-06 5.32993e-08 1.1205e-09 1.60607e-11 1.54754e-13 9.82934e-16 4.05934e-18
#pred catch len freq
 5.21123e-13 5.6563e-11 3.62007e-09 1.36619e-07 3.04092e-06 3.99641e-05 0.000311801 0.00148362 0.00483295 0.0144919 0.046219 0.118121 0.196114 0.205946 0.150565 0.0940951 0.0583368 0.0358341 0.0223987 0.0149283 0.0108882 0.00881513 0.00749763 0.00573769 0.00334
 4.23913e-13 4.60118e-11 2.9448e-09 1.11137e-07 2.474e-06 3.25312e-05 0.00025451 0.00122718 0.00421039 0.0140487 0.0483998 0.126601 0.210769 0.219711 0.156808 0.0933572 0.0542892 0.0305437 0.0165848 0.00905388 0.00524381 0.00343703 0.00253859 0.0018303 0.00105706
 8.01492e-13 8.69944e-11 5.56767e-09 2.10116e-07 4.67638e-06 6.14259e-05 0.000478006 0.00224578 0.00693802 0.0182766 0.051889 0.127247 0.209037 0.218102 0.157114 0.0947898 0.0549229 0.0297431 0.0149594 0.00719685 0.00339969 0.00169341 0.000969083 0.00060223 0.000328352
 8.93394e-13 9.69695e-11 6.20609e-09 2.34209e-07 5.21259e-06 6.84691e-05 0.000532808 0.00250309 0.00773067 0.020347 0.0576852 0.141072 0.229729 0.232768 0.153945 0.0784957 0.0386046 0.0194728 0.0095435 0.0043734 0.00184854 0.000745092 0.000312917 0.00014727 6.91335e-05
 7.77872e-12 8.44306e-10 5.40355e-08 2.03914e-06 4.5374e-05 0.000595371 0.0046081 0.0210716 0.0573832 0.0967376 0.117863 0.142456 0.176804 0.168263 0.110589 0.0565237 0.0267845 0.0120055 0.00500372 0.00203227 0.000798346 0.000290146 9.80717e-05 3.33059e-05 1.18082e-05
 1.00716e-11 1.09318e-09 6.99634e-08 2.64021e-06 5.87485e-05 0.000770847 0.00596564 0.0272645 0.0740459 0.123209 0.142801 0.156414 0.179822 0.160734 0.0910554 0.0308779 0.00619273 0.000732749 5.11288e-05 2.10371e-06 5.10653e-08 7.39431e-10 8.91019e-12 7.75796e-13 1.92252e-13
 1.19597e-11 1.29811e-09 8.30791e-08 3.13515e-06 6.97614e-05 0.000915331 0.00708309 0.0323549 0.0876426 0.144004 0.158577 0.154777 0.162129 0.140542 0.0790745 0.0267782 0.00536907 0.000635256 4.43254e-05 1.82371e-06 4.42445e-08 6.32906e-10 5.33833e-12 2.65506e-14 7.78599e-17
 1.12907e-11 1.2255e-09 7.84319e-08 2.95978e-06 6.58593e-05 0.000864137 0.00668716 0.0305513 0.0828251 0.136635 0.152987 0.155357 0.168398 0.147697 0.0833195 0.0282308 0.00566091 0.000669799 4.67359e-05 1.92289e-06 4.66507e-08 6.67326e-10 5.62864e-12 2.79944e-14 8.20939e-17
 1.20171e-11 1.30434e-09 8.34775e-08 3.15019e-06 7.0096e-05 0.00091972 0.00711704 0.0325095 0.0880557 0.144635 0.159056 0.154727 0.161591 0.139929 0.0787105 0.0266537 0.00534405 0.000632294 4.41187e-05 1.81521e-06 4.40382e-08 6.29955e-10 5.31344e-12 2.64268e-14 7.74967e-17
 1.2463e-11 1.35274e-09 8.65749e-08 3.26707e-06 7.26968e-05 0.000953842 0.00738094 0.0337117 0.0912667 0.149546 0.162781 0.154341 0.157413 0.13516 0.0758811 0.0256855 0.00514953 0.00060927 4.25121e-05 1.7491e-06 4.24345e-08 6.07014e-10 5.11994e-12 2.54644e-14 7.46745e-17
 1.25302e-11 1.36003e-09 8.70416e-08 3.28468e-06 7.30887e-05 0.000958983 0.0074207 0.0338928 0.0917505 0.150286 0.163343 0.154282 0.156783 0.134441 0.0754547 0.0255396 0.00512022 0.000605801 4.227e-05 1.73914e-06 4.21929e-08 6.03558e-10 5.09078e-12 2.53194e-14 7.42492e-17
 1.29089e-11 1.40114e-09 8.96729e-08 3.38398e-06 7.52981e-05 0.00098797 0.00764489 0.0349141 0.0944783 0.154458 0.166508 0.153954 0.153234 0.13039 0.0730511 0.0247171 0.00495498 0.000586241 4.09051e-05 1.68299e-06 4.08304e-08 5.84069e-10 4.9264e-12 2.45018e-14 7.18517e-17
 1.31175e-11 1.42378e-09 9.11219e-08 3.43866e-06 7.65149e-05 0.00100393 0.00776835 0.0354765 0.0959805 0.156756 0.168251 0.153773 0.151279 0.128159 0.0717274 0.0242642 0.00486398 0.00057547 4.01535e-05 1.65206e-06 4.00802e-08 5.73336e-10 4.83588e-12 2.40516e-14 7.05314e-17
 1.31807e-11 1.43064e-09 9.1561e-08 3.45523e-06 7.68836e-05 0.00100877 0.00780576 0.0356469 0.0964357 0.157452 0.168779 0.153718 0.150687 0.127483 0.0713263 0.0241269 0.0048364 0.000572207 3.99258e-05 1.64269e-06 3.98528e-08 5.70084e-10 4.80845e-12 2.39152e-14 7.01314e-17
 1.32336e-11 1.43638e-09 9.19284e-08 3.4691e-06 7.71921e-05 0.00101282 0.00783706 0.0357895 0.0968166 0.158034 0.169221 0.153673 0.150191 0.126918 0.0709907 0.0240121 0.00481333 0.000569476 3.97352e-05 1.63485e-06 3.96626e-08 5.67363e-10 4.7855e-12 2.3801e-14 6.97966e-17
 1.33865e-11 1.45297e-09 9.29901e-08 3.50916e-06 7.80835e-05 0.00102451 0.00792752 0.0362016 0.0979172 0.159718 0.170498 0.15354 0.148759 0.125283 0.0700209 0.0236802 0.00474665 0.000561584 3.91845e-05 1.61219e-06 3.91129e-08 5.595e-10 4.71917e-12 2.34711e-14 6.88293e-17
 1.46125e-11 1.58605e-09 1.01507e-07 3.83055e-06 8.52348e-05 0.00111833 0.00865314 0.039507 0.106746 0.173221 0.180742 0.152477 0.13727 0.112171 0.0622411 0.0210181 0.00421181 0.000498277 3.47668e-05 1.43043e-06 3.47032e-08 4.96421e-10 4.18712e-12 2.0825e-14 6.10693e-17
 1.44873e-11 1.57246e-09 1.00637e-07 3.79774e-06 8.45048e-05 0.00110876 0.00857907 0.0391696 0.105845 0.171842 0.179696 0.152586 0.138443 0.11351 0.0630352 0.0212899 0.00426641 0.000504739 3.52178e-05 1.44898e-06 3.51534e-08 5.0286e-10 4.24143e-12 2.10951e-14 6.18615e-17
 1.45724e-11 1.58169e-09 1.01228e-07 3.82003e-06 8.50007e-05 0.00111526 0.00862938 0.0393988 0.106457 0.172779 0.180406 0.152512 0.137646 0.1126 0.0624957 0.0211052 0.00422932 0.000500349 3.49114e-05 1.43638e-06 3.48476e-08 4.98485e-10 4.20454e-12 2.09116e-14 6.13234e-17
 1.57376e-11 1.70817e-09 1.09322e-07 4.12549e-06 9.17974e-05 0.00120443 0.00931903 0.0425404 0.114849 0.185613 0.190142 0.151502 0.126727 0.100138 0.0551016 0.0185751 0.00372099 0.00044018 3.07128e-05 1.26363e-06 3.06566e-08 4.38534e-10 3.69887e-12 1.83966e-14 5.39481e-17
 1.55031e-11 1.68272e-09 1.07694e-07 4.06402e-06 9.04298e-05 0.00118649 0.00918026 0.0419083 0.11316 0.18303 0.188183 0.151705 0.128924 0.102646 0.0565895 0.0190842 0.00382327 0.000452287 3.15577e-05 1.29839e-06 3.14999e-08 4.50597e-10 3.80062e-12 1.89026e-14 5.54321e-17
 1.69645e-11 1.84133e-09 1.17845e-07 4.4471e-06 9.89535e-05 0.00129832 0.0100451 0.0458481 0.123684 0.199125 0.200393 0.150438 0.11523 0.0870176 0.0473166 0.0159112 0.00318578 0.000376831 2.62922e-05 1.08175e-06 2.62439e-08 3.75412e-10 3.16646e-12 1.57486e-14 4.61829e-17
 1.67148e-11 1.81423e-09 1.1611e-07 4.38164e-06 9.74971e-05 0.00127921 0.00989736 0.0451749 0.121885 0.196375 0.198307 0.150654 0.11757 0.089688 0.048901 0.0164533 0.0032947 0.000389724 2.71919e-05 1.11876e-06 2.7142e-08 3.88259e-10 3.27482e-12 1.62875e-14 4.77633e-17
 1.73127e-11 1.87913e-09 1.20264e-07 4.53839e-06 0.000100985 0.00132497 0.0102513 0.0467871 0.126192 0.202961 0.203303 0.150136 0.111966 0.0832931 0.0451066 0.015155 0.00303385 0.000358848 2.50373e-05 1.03012e-06 2.49913e-08 3.57494e-10 3.01533e-12 1.4997e-14 4.39787e-17
 1.80914e-11 1.96365e-09 1.25673e-07 4.74251e-06 0.000105527 0.00138455 0.0107121 0.0488864 0.131799 0.211537 0.209809 0.149461 0.104669 0.0749653 0.0401655 0.0134642 0.00269415 0.00031864 2.22316e-05 9.14676e-07 2.21906e-08 3.17431e-10 2.67741e-12 1.33163e-14 3.90501e-17
 1.7502e-11 1.89967e-09 1.21579e-07 4.58801e-06 0.000102089 0.00133945 0.0103633 0.0472974 0.127555 0.205045 0.204885 0.149972 0.110193 0.0812688 0.0439055 0.014744 0.00295128 0.000349074 2.43553e-05 1.00206e-06 2.43105e-08 3.47755e-10 2.93319e-12 1.45884e-14 4.27806e-17
 1.85765e-11 2.0163e-09 1.29043e-07 4.86967e-06 0.000108356 0.00142167 0.0109992 0.0501943 0.135292 0.21688 0.213862 0.14904 0.100124 0.0697775 0.0370874 0.0124109 0.00248254 0.000293592 2.04837e-05 8.42762e-07 2.04459e-08 2.92474e-10 2.46691e-12 1.22693e-14 3.59799e-17
 1.85873e-11 2.01747e-09 1.29118e-07 4.87251e-06 0.000108419 0.0014225 0.0110056 0.0502235 0.13537 0.216999 0.213953 0.149031 0.100022 0.0696617 0.0370187 0.0123874 0.00247782 0.000293033 2.04447e-05 8.41157e-07 2.0407e-08 2.91916e-10 2.46221e-12 1.2246e-14 3.59114e-17
#obs catch len freq
 2.95825e-11 2.7416e-09 1.49817e-07 4.82731e-06 9.17152e-05 0.00102752 0.0067898 0.0264986 0.0615127 0.0880812 0.0910836 0.0977042 0.120785 0.137042 0.135248 0.111736 0.0706426 0.0337001 0.0128241 0.00401217 0.000999118 0.000187526 2.52998e-05 2.36313e-06 1.48288e-07
 4.82915e-11 4.31656e-09 2.27506e-07 7.07025e-06 0.000129559 0.00139996 0.00892233 0.0335842 0.0751835 0.103756 0.103078 0.105341 0.122761 0.129396 0.118424 0.0937678 0.059424 0.0291728 0.0112654 0.00342468 0.000801827 0.000140206 1.76374e-05 1.53509e-06 8.94143e-08
 2.80583e-11 2.41479e-09 1.22542e-07 3.66675e-06 6.46967e-05 0.000673228 0.00413546 0.0150694 0.0334102 0.0505736 0.0718051 0.11497 0.160655 0.173306 0.154706 0.114671 0.0650905 0.0278766 0.00956066 0.00270872 0.000607082 0.000100946 1.18791e-05 9.57403e-07 5.1472e-08
 2.00324e-18 8.80592e-16 2.28246e-13 3.48838e-11 3.14373e-09 1.67069e-07 5.23688e-06 9.6889e-05 0.00106036 0.00691184 0.0273966 0.0698661 0.128601 0.191541 0.225574 0.188075 0.105111 0.0405814 0.0117807 0.00277495 0.000534121 7.98116e-05 8.68123e-06 6.51678e-07 3.25221e-08
 1.47034e-10 1.16751e-08 5.4663e-07 1.50909e-05 0.00024566 0.00235831 0.013359 0.0447942 0.0903739 0.118594 0.131059 0.160429 0.177195 0.13668 0.0730602 0.031733 0.0131206 0.00499202 0.00155176 0.000366024 6.37541e-05 8.16628e-06 7.61968e-07 5.03288e-08 2.26435e-09
 2.70987e-10 2.06228e-08 9.25409e-07 2.44854e-05 0.00038201 0.00351444 0.0190709 0.0611295 0.116628 0.137661 0.118538 0.107873 0.115619 0.116723 0.0999802 0.0650177 0.0283775 0.00785292 0.00140429 0.000180882 2.00112e-05 2.012e-06 1.62234e-07 9.33526e-09 3.64255e-10
 4.78016e-10 3.48182e-08 1.4954e-06 3.78702e-05 0.000565496 0.00497937 0.0258613 0.0793342 0.144804 0.163162 0.132785 0.111391 0.106882 0.0934932 0.0696122 0.0418945 0.0183333 0.00552218 0.00115204 0.000169314 1.74992e-05 1.27049e-06 6.67774e-08 2.658e-09 8.01326e-11
 5.72233e-10 3.98427e-08 1.63573e-06 3.95972e-05 0.000565214 0.00475773 0.0236289 0.0694214 0.122312 0.138021 0.126214 0.129082 0.132599 0.111462 0.0768806 0.0424664 0.0169431 0.00460382 0.000868205 0.000119903 1.24274e-05 9.38379e-07 4.918e-08 1.73055e-09 4.04329e-11
 9.64775e-10 6.41347e-08 2.5139e-06 5.81019e-05 0.000791822 0.00636343 0.0301682 0.0845433 0.14152 0.148994 0.120857 0.109034 0.110607 0.101805 0.0781189 0.0448123 0.0172514 0.0042838 0.000701749 8.0644e-05 6.91492e-06 4.49789e-07 2.15282e-08 7.24889e-10 1.64968e-11
 1.32782e-09 8.41807e-08 3.14681e-06 6.93616e-05 0.000901501 0.00690979 0.0312525 0.083681 0.13485 0.141359 0.12499 0.125715 0.124797 0.10264 0.0694802 0.0363604 0.0132263 0.00318593 0.000515955 5.85872e-05 4.79014e-06 2.80399e-07 1.15402e-08 3.29815e-10 6.47844e-12
 2.04754e-09 1.23666e-07 4.40412e-06 9.24816e-05 0.00114512 0.00836177 0.0360299 0.0919035 0.141047 0.140656 0.118374 0.115697 0.11707 0.102618 0.0731176 0.037875 0.0128575 0.0027432 0.000371427 3.35108e-05 2.16367e-06 1.05153e-07 3.81439e-09 9.86029e-11 1.73846e-12
 2.84546e-09 1.63567e-07 5.54404e-06 0.000110802 0.00130579 0.00907573 0.0372361 0.0906036 0.133842 0.133367 0.121405 0.127225 0.126171 0.103933 0.0690755 0.0335099 0.0106939 0.00214572 0.000271775 2.25327e-05 1.28721e-06 5.25952e-08 1.54318e-09 3.19965e-11 4.61529e-13
 4.44204e-09 2.42802e-07 7.82546e-06 0.000148716 0.00166652 0.0110141 0.0429713 0.0994413 0.139795 0.132912 0.116453 0.119684 0.120009 0.102172 0.0688705 0.0326963 0.00999816 0.00190989 0.000230559 1.82831e-05 9.98656e-07 3.86044e-08 1.04803e-09 1.95042e-11 2.4416e-13
 6.31177e-09 3.27779e-07 1.00369e-05 0.000181221 0.00192944 0.0121166 0.0449393 0.099097 0.134258 0.128406 0.121003 0.129321 0.125712 0.101065 0.0638928 0.028381 0.00808978 0.00142884 0.000157144 1.11208e-05 5.32842e-07 1.80817e-08 4.3927e-10 7.4739e-12 8.64791e-14
 8.63588e-09 4.25758e-07 1.23768e-05 0.000212151 0.00214441 0.0127862 0.0450506 0.0946224 0.123615 0.119051 0.119493 0.133439 0.132985 0.109223 0.0686216 0.0293657 0.0079227 0.00131207 0.000134163 8.72031e-06 3.77217e-07 1.13519e-08 2.41654e-10 3.58639e-12 3.62395e-14
 1.33351e-08 6.23707e-07 1.72009e-05 0.000279717 0.00268234 0.015174 0.0507359 0.101239 0.126279 0.118069 0.117502 0.130481 0.130274 0.106894 0.0655335 0.0268047 0.00685005 0.00107304 0.00010407 6.44651e-06 2.66522e-07 7.62889e-09 1.52244e-10 2.07778e-12 1.89575e-14
 2.1243e-08 9.42033e-07 2.46323e-05 0.000379786 0.00345308 0.0185224 0.0587437 0.111361 0.132885 0.121378 0.119874 0.129452 0.123784 0.0966007 0.055967 0.0215538 0.00518223 0.000764609 7.00358e-05 4.11355e-06 1.61895e-07 4.41781e-09 8.38878e-11 1.0852e-12 9.34118e-15
 3.16324e-08 1.32931e-06 3.29391e-05 0.000481277 0.00414691 0.0210834 0.0634214 0.114424 0.131884 0.121337 0.123668 0.132475 0.122509 0.091479 0.0501876 0.0181696 0.00408854 0.000562166 4.76857e-05 2.57046e-06 9.20006e-08 2.27624e-09 3.94342e-11 4.70456e-13 3.76851e-15
 4.63514e-08 1.84511e-06 4.33084e-05 0.00059941 0.00489257 0.0235673 0.0672238 0.115458 0.128795 0.119674 0.125535 0.134397 0.122748 0.0895669 0.0472226 0.016279 0.00349291 0.000462997 3.86474e-05 2.10592e-06 7.7719e-08 1.97234e-09 3.39744e-11 3.87943e-13 2.88915e-15
 7.36749e-08 2.77717e-06 6.17272e-05 0.00080901 0.00625316 0.0285257 0.0770832 0.125609 0.133741 0.120349 0.123324 0.129037 0.115536 0.0818645 0.0412407 0.0134595 0.0027308 0.000343897 2.7543e-05 1.45975e-06 5.30757e-08 1.33737e-09 2.29542e-11 2.61762e-13 1.94717e-15
 1.04194e-07 3.71833e-06 7.82431e-05 0.000970855 0.007105 0.0306992 0.0787138 0.12272 0.12915 0.122632 0.131811 0.135109 0.114898 0.0765851 0.0361458 0.0110284 0.00208758 0.000244531 1.81386e-05 8.869e-07 2.97656e-08 6.97486e-10 1.12664e-11 1.22354e-13 8.74884e-16
 1.53143e-07 5.17324e-06 0.000103044 0.0012103 0.00838471 0.0343029 0.0833648 0.123765 0.126224 0.120082 0.130319 0.134446 0.115257 0.0759498 0.0345442 0.0100232 0.00180155 0.000201621 1.44464e-05 6.89152e-07 2.25651e-08 5.08994e-10 7.76527e-12 7.84638e-14 5.18224e-16
 2.48111e-07 7.93307e-06 0.000149565 0.00166278 0.0109036 0.0422267 0.0971767 0.136804 0.132899 0.121291 0.126455 0.125463 0.103316 0.0648112 0.0278176 0.00758786 0.00128212 0.000135245 9.17643e-06 4.16887e-07 1.30607e-08 2.82585e-10 4.13814e-12 4.00967e-14 2.53034e-16
 3.36612e-07 1.01872e-05 0.000181793 0.00191307 0.0118764 0.0435772 0.0953597 0.129715 0.12849 0.127689 0.137839 0.131521 0.101502 0.0593971 0.0237996 0.00606791 0.000959155 9.47011e-05 6.01595e-06 2.55897e-07 7.50662e-09 1.52164e-10 2.09048e-12 1.90393e-14 1.13151e-16
 5.02591e-07 1.43978e-05 0.000243205 0.00242262 0.0142369 0.0494585 0.10255 0.132604 0.126245 0.12296 0.132462 0.128704 0.101074 0.0583762 0.0223997 0.00537819 0.000793641 7.26685e-05 4.25031e-06 1.6531e-07 4.4197e-09 8.18216e-11 1.03151e-12 8.65762e-15 4.75486e-17
 6.88691e-07 1.86767e-05 0.000298659 0.00281648 0.015673 0.0516107 0.101917 0.128013 0.125219 0.130185 0.140916 0.130806 0.0966154 0.0522684 0.0187774 0.00422525 0.000585491 5.04824e-05 2.7882e-06 1.02435e-07 2.57424e-09 4.43636e-11 5.15169e-13 3.95071e-15 1.97377e-17
 1.03321e-06 2.65282e-05 0.000401635 0.00358604 0.0188945 0.0589253 0.11031 0.13187 0.1242 0.126353 0.135759 0.126717 0.0932439 0.0489427 0.0167204 0.00354649 0.000462281 3.75448e-05 1.95884e-06 6.81401e-08 1.62092e-09 2.63595e-11 2.87564e-13 2.06214e-15 9.58668e-18
 1.24815e-06 3.03453e-05 0.00043504 0.00367858 0.0183658 0.0544119 0.0978826 0.117549 0.122617 0.140088 0.152184 0.135493 0.0935581 0.0458616 0.0145959 0.0028747 0.00034592 2.56828e-05 1.20858e-06 3.74509e-08 7.91101e-10 1.15295e-11 1.14414e-13 7.5574e-16 3.2596e-18
#spawning biomass
 24137 20444.5 15108.2 18135.8 29102.3 40642.9 60156.4 80005.1 94041.3 116040 133603 162082 224173 229872 229021 204243 205154 219774 224796 225125 191797 205955 250427 227256 222018 221317 219528 213826 155805 472529 767887 1.06727e+06 1.34679e+06 1.59427e+06 1.80571e+06 1.98201e+06 2.12661e+06 2.24389e+06 2.33839e+06 2.41426e+06 2.47517e+06 2.52416e+06 2.56103e+06 2.56884e+06 2.57641e+06 2.58375e+06 2.59087e+06 2.59777e+06 2.60446e+06 2.61095e+06 2.61725e+06 2.62335e+06 2.62926e+06 2.635e+06 2.64056e+06 2.64595e+06 2.65118e+06 2.65625e+06 2.66116e+06 2.66593e+06 2.67055e+06 2.67503e+06 2.67937e+06 2.68359e+06 2.68767e+06 2.69163e+06 2.69547e+06 2.69919e+06 2.7028e+06 2.7063e+06 2.7097e+06 2.71299e+06 2.71618e+06 2.71927e+06 2.72227e+06 2.72518e+06 2.728e+06 2.73074e+06 2.73339e+06 2.73596e+06 2.73845e+06 2.74087e+06 2.74321e+06 2.74548e+06 2.74769e+06 2.74982e+06 2.75189e+06 2.7539e+06 2.75585e+06 2.75774e+06 2.75957e+06 2.76134e+06 2.76307e+06 2.76473e+06 2.76635e+06 2.76792e+06 2.76944e+06 2.77092e+06 2.77235e+06 2.77373e+06 2.77508e+06 2.77638e+06 2.77765e+06 2.77887e+06 2.78006e+06 2.78121e+06 2.78233e+06 2.78341e+06 2.78446e+06 2.78548e+06 2.78647e+06 2.78743e+06 2.78836e+06 2.78926e+06 2.79013e+06 2.79098e+06 2.7918e+06 2.79259e+06 2.79336e+06 2.79411e+06 2.79484e+06 2.79554e+06 2.79622e+06 2.79688e+06 2.79752e+06 2.79814e+06 2.79875e+06 2.79933e+06 0 0 0 0 0 0 0 0 0 0 0 0 0 0 0 0 0 0 0 0 0 0 0 0 0
