SBPRF35
0.0422904
Curr Bio
334595
B35
104324
F35
22.1714
FOFL
22.1714
OFL
469328
Bzero
11692.4
#pred survey bio
 3095.98 3885.74 6380.9 9721.09 13733 21977.2 37447.5 54364.1 71747.7 96305.1 118920 142402 163660 170990 164900 148702 125268 117320 127050 133377 139307 141478 118851 140493 148678 142345 151412 205646 6.61941e+06 1.37437e+06 375796 162654 97435.8 77384.3 71308.3 69494.7 68960.3 68804.4 68759.3 68746.3 68742.6 68741.6 68741.3 68741.2 68741.2 68741.2 68741.2 68741.2 68741.2 68741.2 68741.2 68741.2 68741.2 68741.2 68741.2 68741.2 68741.2 68741.2 68741.2 68741.2 68741.2 68741.2 68741.2 68741.2 68741.2 68741.2 68741.2 68741.2 68741.2 68741.2 68741.2 68741.2 68741.2 68741.2 68741.2 68741.2 68741.2 68741.2 68741.2 68741.2 68741.2 68741.2 68741.2 68741.2 68741.2 68741.2 68741.2 68741.2 68741.2 68741.2 68741.2 68741.2 68741.2 68741.2 68741.2 68741.2 68741.2 68741.2 68741.2 68741.2 68741.2 68741.2 68741.2 68741.2 68741.2 68741.2 68741.2 68741.2 68741.2 68741.2 68741.2 68741.2 68741.2 68741.2 68741.2 68741.2 68741.2 68741.2 68741.2 68741.2 68741.2 68741.2 68741.2 68741.2 68741.2 68741.2 68741.2 68741.2 0 0 0 0 0 0 0 0 0 0 0 0 0 0 0 0 0 0 0 0 0 0 0 0 0
#obs survey bio
 2216.16 4592.29 6375.91 11079.9 9413.46 24648 38192.2 64899.8 49463 114874 122623 136176 147406 187437 169713 148305 142226 108986 136586 132606 129773 121691 136736 111942 194246 137651 169053 195380
#pred catch bio
 829.865 1550.96 2429.6 4043.28 6081.72 8828.04 15632.9 25953.6 36381.2 53356.6 59995.6 73074.5 96448.2 102712 98063.4 94018.9 78734 72317.9 80773.1 83275.6 91917.4 117747 78017.9 100414 108035 97952.4 96862 90248.7 469328 7289.19 5211.33 5211.33 5211.33 5211.33 5211.33 5211.33 5211.33 5211.33 5211.33 5211.33 5211.33 5211.33 5211.33 5211.33 5211.33 5211.33 5211.33 5211.33 5211.33 5211.33 5211.33 5211.33 5211.33 5211.33 5211.33 5211.33 5211.33 5211.33 5211.33 5211.33 5211.33 5211.33 5211.33 5211.33 5211.33 5211.33 5211.33 5211.33 5211.33 5211.33 5211.33 5211.33 5211.33 5211.33 5211.33 5211.33 5211.33 5211.33 5211.33 5211.33 5211.33 5211.33 5211.33 5211.33 5211.33 5211.33 5211.33 5211.33 5211.33 5211.33 5211.33 5211.33 5211.33 5211.33 5211.33 5211.33 5211.33 5211.33 5211.33 5211.33 5211.33 5211.33 5211.33 5211.33 5211.33 5211.33 5211.33 5211.33 5211.33 5211.33 5211.33 5211.33 5211.33 5211.33 5211.33 5211.33 5211.33 5211.33 5211.33 5211.33 5211.33 5211.33 5211.33 5211.33 5211.33 5211.33 5211.33 5211.33 0 0 0 0 0 0 0 0 0 0 0 0 0 0 0 0 0 0 0 0 0 0 0 0 0
#obs catch bio
 1332.86 1621.93 2515.69 3979.97 6363.8 8938.39 15527.6 25398.8 36677.4 53297.3 59413.5 71747.3 99510.1 103329 100880 97390.8 79098.3 72529.9 79304.2 78165.1 89969.6 120722 72877.6 100388 96970.9 92106.3 93811.1 87819.8
#pred cpue bio
 2970.96 3490.69 5855.21 9030.05 12712.7 19759.8 34362 50686.8 66330.8 88876.6 110962 133980 153381 161347 157154 142360 119614 109831 118399 125367 130237 132603 110106 129163 138838 133245 139457 185062 6.32577e+06 1.48275e+06 367436 153083 87847.6 67795.9 61719.9 59906.3 59371.9 59216 59170.9 59157.9 59154.2 59153.2 59152.9 59152.8 59152.8 59152.7 59152.7 59152.7 59152.7 59152.7 59152.7 59152.7 59152.7 59152.7 59152.7 59152.7 59152.7 59152.7 59152.7 59152.7 59152.7 59152.7 59152.7 59152.7 59152.7 59152.7 59152.7 59152.7 59152.7 59152.7 59152.7 59152.7 59152.7 59152.7 59152.7 59152.7 59152.7 59152.7 59152.7 59152.7 59152.7 59152.7 59152.7 59152.7 59152.7 59152.7 59152.7 59152.7 59152.7 59152.7 59152.7 59152.7 59152.7 59152.7 59152.7 59152.7 59152.7 59152.7 59152.7 59152.7 59152.7 59152.7 59152.7 59152.7 59152.7 59152.7 59152.7 59152.7 59152.7 59152.7 59152.7 59152.7 59152.7 59152.7 59152.7 59152.7 59152.7 59152.7 59152.7 59152.7 59152.7 59152.7 59152.7 59152.7 59152.7 59152.7 59152.7 59152.7 0 0 0 0 0 0 0 0 0 0 0 0 0 0 0 0 0 0 0 0 0 0 0 0 0
#obs cpue bio
 2276.58 2849.4 4709.67 12217 10781.6 18452.8 40130.1 54199.6 73407.1 86779 103326 155705 136836 149666 127955 127274 117566 106975 133174 180046 123076 156125 129379 141154 235201 138543 146524 191793
#pred surv len freq
 1.36221e-11 1.4792e-09 9.46997e-08 3.57444e-06 7.95441e-05 0.00104365 0.00807405 0.0368478 0.0994331 0.160527 0.163916 0.129689 0.109177 0.0926669 0.0652623 0.0415147 0.027108 0.0181305 0.0125425 0.00915433 0.00715267 0.00604645 0.00524532 0.00403624 0.00234929
 1.76969e-11 1.92167e-09 1.23027e-07 4.64366e-06 0.000103338 0.00135582 0.0104885 0.0478534 0.128948 0.206693 0.204081 0.143243 0.098241 0.0715913 0.0432201 0.0210777 0.0100616 0.00519332 0.00287043 0.00170785 0.0011088 0.000801208 0.000626231 0.000461592 0.000268103
 1.65991e-11 1.80247e-09 1.15396e-07 4.35561e-06 9.69278e-05 0.00127173 0.00983829 0.044894 0.121073 0.194875 0.196204 0.147778 0.114175 0.087835 0.0505714 0.0205089 0.00690292 0.00236233 0.000869178 0.000355869 0.000168515 9.35016e-05 6.01938e-05 3.99524e-05 2.23008e-05
 1.59178e-11 1.72848e-09 1.10659e-07 4.17682e-06 9.29491e-05 0.00121953 0.0094346 0.0430548 0.116153 0.187277 0.19007 0.147153 0.118737 0.0940511 0.0557586 0.0240584 0.00880534 0.00295609 0.000856058 0.000222262 6.08302e-05 2.0279e-05 8.82542e-06 4.64241e-06 2.33229e-06
 1.61021e-11 1.7485e-09 1.1194e-07 4.22519e-06 9.40255e-05 0.00123365 0.00954381 0.0435521 0.11748 0.189301 0.191583 0.146917 0.116887 0.091964 0.0545396 0.0236997 0.00884885 0.00309158 0.000945323 0.000245903 5.49674e-05 1.10002e-05 2.35506e-06 6.8986e-07 2.58255e-07
 1.75632e-11 1.90716e-09 1.22098e-07 4.60858e-06 0.000102557 0.00134559 0.0104094 0.047495 0.128016 0.205474 0.20417 0.146713 0.104834 0.0774362 0.0448174 0.0190088 0.00686161 0.00234442 0.000719294 0.000192345 4.45081e-05 8.61737e-06 1.38762e-06 2.03897e-07 3.53372e-08
 1.65844e-11 1.80087e-09 1.15293e-07 4.35174e-06 9.68417e-05 0.0012706 0.00982955 0.0448541 0.120966 0.194705 0.196045 0.147697 0.114202 0.0880365 0.0509941 0.0209793 0.00713034 0.00229238 0.000672987 0.000174438 3.99442e-05 7.83033e-06 1.26653e-06 1.64973e-07 1.76749e-08
 1.57222e-11 1.70725e-09 1.09299e-07 4.12551e-06 9.18074e-05 0.00120455 0.00931877 0.0425274 0.114746 0.185142 0.188524 0.14756 0.120927 0.0963731 0.0568892 0.0241522 0.00861875 0.00284855 0.000818984 0.000200932 4.34214e-05 8.17186e-06 1.29692e-06 1.67839e-07 1.71019e-08
 1.61826e-11 1.75724e-09 1.125e-07 4.24631e-06 9.44956e-05 0.00123982 0.00959151 0.0437696 0.118065 0.190226 0.192437 0.147349 0.1169 0.0916253 0.053845 0.0228444 0.00818413 0.00274778 0.000815299 0.000206895 4.49523e-05 8.17904e-06 1.2317e-06 1.52341e-07 1.50773e-08
 1.62894e-11 1.76883e-09 1.13242e-07 4.27433e-06 9.51191e-05 0.001248 0.00965478 0.0440581 0.11884 0.191448 0.193543 0.147848 0.116803 0.0910823 0.0529146 0.0217764 0.00739559 0.00237224 0.000692178 0.000176721 3.92687e-05 7.34136e-06 1.11755e-06 1.35572e-07 1.28776e-08
 1.57089e-11 1.7058e-09 1.09207e-07 4.12202e-06 9.17296e-05 0.00120353 0.00931091 0.0424922 0.11466 0.185074 0.188786 0.148599 0.122615 0.0975468 0.0565254 0.0227268 0.00734484 0.00221972 0.000612658 0.000148354 3.18007e-05 5.8959e-06 9.09322e-07 1.12545e-07 1.07971e-08
 1.52131e-11 1.65196e-09 1.0576e-07 3.99192e-06 8.88345e-05 0.00116555 0.00901716 0.0411538 0.111079 0.179536 0.18428 0.148022 0.125727 0.101849 0.0601478 0.0252699 0.00882077 0.00283174 0.000783089 0.000181452 3.65533e-05 6.39141e-06 9.44646e-07 1.14779e-07 1.1046e-08
 1.54314e-11 1.67566e-09 1.07277e-07 4.04918e-06 9.01089e-05 0.00118227 0.00914645 0.0417425 0.11265 0.181929 0.186052 0.147693 0.123465 0.0993459 0.0587595 0.0249346 0.00890515 0.00296664 0.000866417 0.000214023 4.47247e-05 7.71446e-06 1.08516e-06 1.24447e-07 1.14419e-08
 1.50681e-11 1.63621e-09 1.04752e-07 3.95386e-06 8.79876e-05 0.00115444 0.00893125 0.0407629 0.11004 0.17799 0.183312 0.148817 0.128093 0.104031 0.0606999 0.0245722 0.00805856 0.00249944 0.00071669 0.000181051 3.96416e-05 7.23035e-06 1.06029e-06 1.22198e-07 1.08841e-08
 1.4465e-11 1.57073e-09 1.00559e-07 3.79561e-06 8.44661e-05 0.00110824 0.00857397 0.0391356 0.105693 0.171325 0.178166 0.149036 0.133281 0.110196 0.0647198 0.0263741 0.00870154 0.00266218 0.000725975 0.000170586 3.5502e-05 6.45115e-06 9.77396e-07 1.18063e-07 1.09341e-08
 1.41622e-11 1.53785e-09 9.84544e-08 3.71616e-06 8.26981e-05 0.00108504 0.00839458 0.0383182 0.103506 0.167947 0.175433 0.148737 0.135259 0.112863 0.0668827 0.0278299 0.0095414 0.00302919 0.000841726 0.000197349 3.97921e-05 6.83237e-06 9.82115e-07 1.16321e-07 1.09486e-08
 1.43395e-11 1.5571e-09 9.96867e-08 3.76268e-06 8.37331e-05 0.00109862 0.00849961 0.0387968 0.104787 0.169928 0.177051 0.148961 0.134172 0.111334 0.0655615 0.0268795 0.00899369 0.00281682 0.000793334 0.000192099 3.98806e-05 6.90277e-06 9.72375e-07 1.10283e-07 9.91567e-09
 1.55168e-11 1.68494e-09 1.07871e-07 4.0716e-06 9.06077e-05 0.00118881 0.00919708 0.0419735 0.113273 0.182931 0.187054 0.148415 0.123881 0.0992513 0.0579068 0.0236519 0.00786839 0.0024377 0.000675001 0.000160687 3.32997e-05 5.87188e-06 8.48233e-07 9.74048e-08 8.66141e-09
 1.57825e-11 1.71379e-09 1.09718e-07 4.14132e-06 9.21592e-05 0.00120917 0.0093545 0.0426908 0.115192 0.185898 0.189468 0.148722 0.122213 0.0969543 0.055988 0.0223116 0.00707957 0.00209234 0.000564768 0.000132503 2.70476e-05 4.69882e-06 6.74908e-07 7.82215e-08 7.07883e-09
 1.53112e-11 1.66262e-09 1.06442e-07 4.01766e-06 8.94075e-05 0.00117307 0.00907533 0.0414194 0.111798 0.180719 0.185586 0.149278 0.126849 0.102145 0.0589354 0.0231528 0.00710623 0.00200862 0.000517928 0.000115685 2.26245e-05 3.82317e-06 5.3912e-07 6.16161e-08 5.53876e-09
 1.56044e-11 1.69446e-09 1.08481e-07 4.0946e-06 9.11196e-05 0.00119553 0.00924902 0.0422104 0.113908 0.183931 0.18795 0.14879 0.123753 0.0987902 0.057197 0.0228597 0.00726342 0.0021168 0.000545575 0.000118156 2.20251e-05 3.53367e-06 4.75283e-07 5.23995e-08 4.59854e-09
 1.5477e-11 1.68061e-09 1.07594e-07 4.06115e-06 9.03752e-05 0.00118576 0.00917352 0.0418667 0.112994 0.182558 0.187035 0.149311 0.125567 0.100551 0.0578034 0.0225377 0.00681292 0.00189494 0.000484381 0.000107004 2.02587e-05 3.21266e-06 4.16165e-07 4.36537e-08 3.64923e-09
 1.61386e-11 1.75246e-09 1.12194e-07 4.23476e-06 9.42386e-05 0.00123645 0.00956552 0.0436527 0.117773 0.189943 0.193025 0.150019 0.121326 0.0947705 0.0530412 0.019271 0.00491662 0.00107518 0.000229765 4.61581e-05 8.36335e-06 1.31748e-06 1.72055e-07 1.79857e-08 1.46528e-09
 1.65081e-11 1.79258e-09 1.14763e-07 4.33171e-06 9.6396e-05 0.00126475 0.00978437 0.044649 0.120426 0.193946 0.195795 0.14883 0.116555 0.0899878 0.0511437 0.0197524 0.00582617 0.00152437 0.000343265 6.11933e-05 9.02081e-06 1.19494e-06 1.4209e-07 1.43424e-08 1.16035e-09
 1.57012e-11 1.70496e-09 1.09153e-07 4.11999e-06 9.16845e-05 0.00120294 0.00930637 0.0424722 0.114616 0.185085 0.189179 0.149864 0.124608 0.0989131 0.0560657 0.0209985 0.00577914 0.00141354 0.000323545 6.42411e-05 1.0649e-05 1.42242e-06 1.49294e-07 1.26536e-08 8.94129e-10
 1.5564e-11 1.69006e-09 1.08199e-07 4.08399e-06 9.08834e-05 0.00119243 0.00922509 0.0421019 0.113626 0.18356 0.187967 0.1498 0.125617 0.100206 0.0570399 0.0215778 0.00606503 0.00151011 0.000339981 6.43213e-05 1.0333e-05 1.42952e-06 1.62876e-07 1.45016e-08 9.774e-10
 1.64165e-11 1.78264e-09 1.14126e-07 4.30769e-06 9.58615e-05 0.00125774 0.00973014 0.044402 0.119767 0.192939 0.195036 0.148927 0.117435 0.0909689 0.0516907 0.0199059 0.00585002 0.00154449 0.000363048 7.04942e-05 1.13996e-05 1.54549e-06 1.71349e-07 1.52987e-08 1.07571e-09
 1.75389e-11 1.90451e-09 1.21929e-07 4.6022e-06 0.000102415 0.00134372 0.0103951 0.0474304 0.127855 0.205317 0.204491 0.148179 0.107274 0.0792031 0.0444551 0.0171184 0.00506549 0.00135809 0.00032825 6.66713e-05 1.13685e-05 1.60639e-06 1.81692e-07 1.61813e-08 1.12078e-09
#obs surv len freq
 1.83269e-11 1.99008e-09 1.27407e-07 4.80897e-06 0.000107017 0.00140409 0.0108617 0.0495515 0.133458 0.213365 0.207957 0.1387 0.0864908 0.0625225 0.0441275 0.0276242 0.0147671 0.00627979 0.00209018 0.000554002 0.000115001 1.78668e-05 1.99235e-06 1.54595e-07 8.14182e-09
 1.52786e-11 1.65908e-09 1.06215e-07 4.00911e-06 8.92173e-05 0.00117058 0.00905621 0.0413346 0.111589 0.180435 0.185095 0.147252 0.122066 0.0976906 0.0594471 0.0275422 0.0112115 0.00422467 0.00136377 0.000349219 6.77881e-05 9.70251e-06 9.99846e-07 7.20659e-08 3.52285e-09
 1.71373e-11 1.86091e-09 1.19137e-07 4.49683e-06 0.000100071 0.00131297 0.0101573 0.0463487 0.124964 0.200755 0.199821 0.143346 0.101385 0.0766366 0.050307 0.0272091 0.0121378 0.00418076 0.00107737 0.000217311 3.56767e-05 4.60697e-06 4.37286e-07 2.8975e-08 1.29812e-09
 1.50974e-11 1.6394e-09 1.04956e-07 3.96156e-06 8.81592e-05 0.0011567 0.00894919 0.040852 0.110346 0.178769 0.184389 0.147825 0.122134 0.0971861 0.0604699 0.0296306 0.0123986 0.00433859 0.00118232 0.000240611 3.5791e-05 3.86003e-06 3.0244e-07 1.70873e-08 6.76601e-10
 1.69696e-11 1.8427e-09 1.17972e-07 4.45284e-06 9.90919e-05 0.00130013 0.0100584 0.0459031 0.123826 0.199318 0.199691 0.145409 0.103853 0.0775245 0.0498919 0.0264388 0.011548 0.00391781 0.000994372 0.000190273 2.73981e-05 2.87288e-06 2.11104e-07 1.06006e-08 3.59086e-10
 1.66042e-11 1.80302e-09 1.15431e-07 4.35695e-06 9.69582e-05 0.00127215 0.00984229 0.0449252 0.121283 0.195864 0.198705 0.149851 0.111296 0.0818375 0.0487598 0.0230601 0.009211 0.00304055 0.000778695 0.000148931 2.07262e-05 2.04978e-06 1.41355e-07 6.67448e-09 2.11313e-10
 1.58338e-11 1.71936e-09 1.10075e-07 4.1548e-06 9.24598e-05 0.00121314 0.00938623 0.0428526 0.115789 0.187655 0.192891 0.150724 0.11715 0.0883331 0.0536898 0.0258949 0.0102318 0.00318788 0.000750897 0.000133062 1.76001e-05 1.68312e-06 1.12022e-07 5.03752e-09 1.49916e-10
 1.59651e-11 1.73363e-09 1.10988e-07 4.18927e-06 9.3227e-05 0.00122322 0.00946433 0.0432116 0.116778 0.189312 0.194489 0.150983 0.115442 0.0860651 0.0526154 0.0258427 0.0103555 0.00322795 0.000748102 0.000127302 1.57535e-05 1.39011e-06 8.55475e-08 3.59263e-09 1.00674e-10
 1.64309e-11 1.7842e-09 1.14226e-07 4.31149e-06 9.59469e-05 0.00125891 0.00974059 0.0444738 0.120187 0.19474 0.19931 0.152175 0.112417 0.081118 0.0484167 0.0232893 0.00916848 0.0028279 0.00065241 0.000110238 1.33752e-05 1.13581e-06 6.59751e-08 2.57493e-09 6.64904e-11
 1.54743e-11 1.68033e-09 1.07576e-07 4.06049e-06 9.03618e-05 0.00118566 0.00917474 0.0419074 0.113437 0.184969 0.193554 0.156175 0.122638 0.0895158 0.0518129 0.0236025 0.00873242 0.00254279 0.000557606 9.01602e-05 1.05355e-05 8.64434e-07 4.83983e-08 1.80673e-09 4.41479e-11
 1.4851e-11 1.61265e-09 1.03243e-07 3.89694e-06 8.67226e-05 0.00113793 0.00880608 0.0402348 0.109021 0.178409 0.188772 0.156004 0.125794 0.0940835 0.0566437 0.0270783 0.0102588 0.00294204 0.000617962 9.43991e-05 1.03817e-05 8.03048e-07 4.25313e-08 1.50603e-09 3.49373e-11
 1.41122e-11 1.53242e-09 9.81068e-08 3.70308e-06 8.24091e-05 0.00108137 0.00836941 0.0382577 0.103846 0.170998 0.184451 0.158617 0.132396 0.0996285 0.0595752 0.0282546 0.0106469 0.00304777 0.000637699 9.57255e-05 1.01286e-05 7.39643e-07 3.65662e-08 1.20365e-09 2.59651e-11
 1.49451e-11 1.62287e-09 1.03898e-07 3.92165e-06 8.72733e-05 0.00114519 0.00886318 0.0405089 0.10987 0.18023 0.191385 0.157636 0.124537 0.0913338 0.0548128 0.0262653 0.00987503 0.00278336 0.000570443 8.37923e-05 8.6569e-06 6.13433e-07 2.9124e-08 9.09359e-10 1.83975e-11
 1.27511e-11 1.38462e-09 8.86448e-08 3.34595e-06 7.44636e-05 0.000977203 0.007566 0.034631 0.0944437 0.157988 0.178223 0.165924 0.146095 0.109254 0.0629337 0.0283692 0.010124 0.00275606 0.00055046 7.86932e-05 7.86743e-06 5.36748e-07 2.44487e-08 7.29981e-10 1.40626e-11
 1.31294e-11 1.4257e-09 9.12751e-08 3.44524e-06 7.66732e-05 0.0010062 0.00779017 0.035649 0.0971064 0.161592 0.178891 0.160083 0.137411 0.106034 0.0661892 0.0323439 0.0119292 0.00319235 0.000610597 8.31017e-05 7.93124e-06 5.17912e-07 2.25682e-08 6.42802e-10 1.17714e-11
 1.22079e-11 1.32564e-09 8.48691e-08 3.20346e-06 7.12944e-05 0.000935694 0.00724664 0.0331983 0.0907704 0.152874 0.174779 0.164916 0.146117 0.111639 0.0679708 0.0328823 0.0123655 0.00344419 0.000683436 9.41118e-05 8.80895e-06 5.51214e-07 2.27472e-08 6.11144e-10 1.05493e-11
 1.40339e-11 1.52392e-09 9.75631e-08 3.6826e-06 8.19567e-05 0.00107557 0.00832793 0.038115 0.103812 0.172318 0.188078 0.161079 0.129803 0.0959041 0.0587347 0.0285341 0.0105885 0.00289083 0.000566668 7.79628e-05 7.32184e-06 4.56786e-07 1.85302e-08 4.81343e-10 7.91766e-12
 1.4354e-11 1.55868e-09 9.97885e-08 3.76661e-06 8.3828e-05 0.00110019 0.00852006 0.0390151 0.106428 0.177375 0.195087 0.167502 0.131191 0.0904129 0.0504085 0.0224558 0.00787641 0.00208326 0.000398493 5.33827e-05 4.87229e-06 2.9575e-07 1.16954e-08 2.96101e-10 4.73104e-12
 1.43723e-11 1.56066e-09 9.99157e-08 3.77144e-06 8.39371e-05 0.00110169 0.00853324 0.0390964 0.106808 0.178664 0.197877 0.170844 0.132719 0.0891403 0.0474774 0.0196459 0.00623734 0.00147838 0.000255534 3.15218e-05 2.69729e-06 1.55182e-07 5.84379e-09 1.41129e-10 2.15266e-12
 1.41361e-11 1.53502e-09 9.82744e-08 3.70952e-06 8.2561e-05 0.00108371 0.00839591 0.0384925 0.105348 0.177019 0.197842 0.172649 0.134546 0.0900331 0.0476287 0.0193812 0.00593387 0.00132416 0.000210524 2.34966e-05 1.81018e-06 9.42673e-08 3.24664e-09 7.24636e-11 1.02977e-12
 1.38429e-11 1.50319e-09 9.62368e-08 3.63265e-06 8.08528e-05 0.00106139 0.00822526 0.0377393 0.103502 0.17481 0.197363 0.174323 0.136522 0.0912543 0.0481941 0.0195156 0.0058996 0.00128654 0.000197135 2.08281e-05 1.49043e-06 7.09739e-08 2.21367e-09 4.4595e-11 5.72956e-13
 1.43194e-11 1.55493e-09 9.95495e-08 3.75772e-06 8.3638e-05 0.001098 0.00850979 0.039051 0.107101 0.180629 0.202375 0.174879 0.132497 0.0858793 0.0441558 0.0173888 0.00509803 0.0010757 0.000158968 1.61071e-05 1.09641e-06 4.91755e-08 1.42925e-09 2.65576e-11 3.12038e-13
 1.44336e-11 1.56733e-09 1.00344e-07 3.78777e-06 8.431e-05 0.00110693 0.00858127 0.0394051 0.108239 0.183099 0.205859 0.177357 0.131893 0.0827739 0.0408824 0.0153963 0.00431257 0.00086983 0.000122812 1.18656e-05 7.67964e-07 3.26351e-08 8.94939e-10 1.56137e-11 1.71327e-13
 1.44952e-11 1.57403e-09 1.00773e-07 3.80403e-06 8.46759e-05 0.00111187 0.0086223 0.0396246 0.10904 0.185115 0.209083 0.179946 0.131663 0.0800706 0.0378525 0.0134823 0.00353859 0.000665379 8.74478e-05 7.87211e-06 4.75725e-07 1.89112e-08 4.85534e-10 7.92949e-12 8.137e-14
 1.41539e-11 1.53697e-09 9.84016e-08 3.71459e-06 8.26906e-05 0.001086 0.00842554 0.0387661 0.106983 0.18278 0.208824 0.182098 0.134052 0.081343 0.0381353 0.0133388 0.00339061 0.000608898 7.55116e-05 6.35393e-06 3.56689e-07 1.3131e-08 3.11962e-10 4.71676e-12 4.48517e-14
 1.30506e-11 1.41717e-09 9.07334e-08 3.42531e-06 7.62621e-05 0.00100198 0.00778221 0.0359108 0.0998557 0.173733 0.205818 0.188353 0.143119 0.0869278 0.0399408 0.0135313 0.00330648 0.000567302 6.67626e-05 5.29071e-06 2.77633e-07 9.49361e-09 2.08507e-10 2.90522e-12 2.54145e-14
 1.46595e-11 1.59188e-09 1.01919e-07 3.8475e-06 8.56566e-05 0.00112517 0.00873293 0.0402078 0.111036 0.189432 0.214206 0.181611 0.128598 0.0756133 0.0344892 0.0115833 0.00276393 0.000455986 5.10313e-05 3.81726e-06 1.88058e-07 6.0101e-09 1.22863e-10 1.5874e-12 1.2834e-14
 1.46742e-11 1.59349e-09 1.02024e-07 3.85164e-06 8.57583e-05 0.00112681 0.00875148 0.0403557 0.111825 0.192026 0.218982 0.185554 0.12778 0.0710168 0.0303007 0.00960129 0.00219791 0.000351943 3.82643e-05 2.76023e-06 1.29773e-07 3.91994e-09 7.51795e-11 9.06472e-13 6.8136e-15
#pred catch len freq
 1.22328e-11 1.32834e-09 8.50413e-08 3.20989e-06 7.14316e-05 0.000937222 0.00725096 0.0330984 0.089412 0.145126 0.15184 0.129577 0.120096 0.105838 0.0739251 0.0456066 0.0289995 0.0191822 0.0132282 0.00964709 0.00753636 0.0063706 0.0055265 0.0042526 0.00247522
 1.69814e-11 1.84398e-09 1.18053e-07 4.45592e-06 9.91601e-05 0.00130101 0.0100647 0.045923 0.123793 0.198805 0.198066 0.143751 0.10476 0.0791008 0.047773 0.0227633 0.0105099 0.00531638 0.00291952 0.00173438 0.00112565 0.000813337 0.000635706 0.000468576 0.000272159
 1.56736e-11 1.70197e-09 1.08962e-07 4.11276e-06 9.15235e-05 0.00120083 0.00929 0.0423969 0.114405 0.184678 0.188457 0.148528 0.122756 0.0976616 0.0564584 0.0225979 0.00738216 0.00245066 0.000888729 0.000362358 0.000171425 9.50996e-05 6.12211e-05 4.06342e-05 2.26813e-05
 1.51134e-11 1.64113e-09 1.05067e-07 3.96574e-06 8.82521e-05 0.00115791 0.00895806 0.0408845 0.110358 0.178418 0.183355 0.147854 0.12627 0.102644 0.0608591 0.0258097 0.00916184 0.00299969 0.000858914 0.000222056 6.06668e-05 2.02125e-05 8.79547e-06 4.62659e-06 2.32434e-06
 1.54286e-11 1.67536e-09 1.07258e-07 4.04846e-06 9.00928e-05 0.00118206 0.00914481 0.041735 0.112629 0.181888 0.185979 0.147556 0.123273 0.0992114 0.0587889 0.0250939 0.00908257 0.00309497 0.000936119 0.00024259 5.41493e-05 1.08303e-05 2.3182e-06 6.79026e-07 2.54196e-07
 1.68027e-11 1.82457e-09 1.1681e-07 4.40901e-06 9.81162e-05 0.00128732 0.00995886 0.0454429 0.122537 0.197095 0.197803 0.14733 0.111886 0.0855133 0.0496593 0.0207299 0.00725696 0.00241519 0.0007323 0.000195034 4.50656e-05 8.72077e-06 1.40402e-06 2.06295e-07 3.57519e-08
 1.58144e-11 1.71725e-09 1.0994e-07 4.14969e-06 9.23455e-05 0.00121161 0.00937339 0.0427767 0.115419 0.186224 0.189615 0.148364 0.121406 0.0962569 0.0558783 0.0226624 0.00747757 0.00233723 0.000676895 0.000174631 3.99236e-05 7.82184e-06 1.26492e-06 1.64754e-07 1.76511e-08
 1.5183e-11 1.6487e-09 1.05551e-07 3.98403e-06 8.86589e-05 0.00116325 0.00899935 0.0410727 0.110863 0.179213 0.184066 0.14815 0.126159 0.102254 0.060256 0.0251564 0.00870812 0.00280391 0.000796547 0.000194587 4.19795e-05 7.89531e-06 1.25275e-06 1.62112e-07 1.6518e-08
 1.5794e-11 1.71504e-09 1.09799e-07 4.14435e-06 9.22266e-05 0.00121005 0.00936132 0.0427214 0.115267 0.18596 0.189253 0.147852 0.12079 0.0959427 0.0562395 0.0234594 0.00815086 0.00266556 0.000781503 0.000197493 4.28436e-05 7.79075e-06 1.17298e-06 1.45068e-07 1.43571e-08
 1.61081e-11 1.74915e-09 1.11982e-07 4.22677e-06 9.40607e-05 0.00123412 0.00954742 0.0435693 0.117536 0.189468 0.192108 0.148219 0.118825 0.0932339 0.053974 0.0218721 0.00721007 0.00224846 0.000647203 0.000164465 3.64857e-05 6.81706e-06 1.03753e-06 1.25857e-07 1.19545e-08
 1.52817e-11 1.65941e-09 1.06237e-07 4.00991e-06 8.9235e-05 0.00117081 0.00905782 0.0413396 0.111584 0.180379 0.185266 0.1491 0.126812 0.10224 0.0591783 0.0234749 0.00737392 0.00216392 0.000588257 0.00014168 3.03127e-05 5.6162e-06 8.65987e-07 1.07174e-07 1.02816e-08
 1.4824e-11 1.60971e-09 1.03055e-07 3.88982e-06 8.65625e-05 0.00113574 0.00878666 0.0401041 0.108278 0.175266 0.181101 0.148553 0.129662 0.106197 0.0625296 0.025844 0.00875418 0.00273657 0.000747358 0.000172384 3.46631e-05 6.05631e-06 8.94879e-07 1.08723e-07 1.04629e-08
 1.54165e-11 1.67404e-09 1.07174e-07 4.04528e-06 9.0022e-05 0.00118113 0.00913764 0.0417026 0.112546 0.181792 0.186054 0.148054 0.124133 0.0998554 0.0587056 0.0244778 0.00847804 0.00275102 0.000793859 0.000195274 4.0742e-05 7.02308e-06 9.87674e-07 1.13258e-07 1.04129e-08
 1.5097e-11 1.63935e-09 1.04953e-07 3.96145e-06 8.81564e-05 0.00115665 0.00894839 0.0408411 0.110251 0.178331 0.183662 0.149089 0.128275 0.104022 0.0603912 0.0240923 0.00767504 0.00231167 0.000653129 0.000164158 3.58814e-05 6.54057e-06 9.58939e-07 1.1051e-07 9.84281e-09
 1.44653e-11 1.57076e-09 1.00562e-07 3.7957e-06 8.4468e-05 0.00110827 0.00857418 0.0391367 0.105698 0.171353 0.178283 0.149351 0.133757 0.110508 0.0645787 0.025926 0.00830906 0.00247051 0.000664087 0.000155235 3.22449e-05 5.85498e-06 8.86852e-07 1.07118e-07 9.92022e-09
 1.43677e-11 1.56016e-09 9.98827e-08 3.77007e-06 8.38978e-05 0.00110078 0.00851631 0.0388729 0.10499 0.170243 0.177307 0.148995 0.134001 0.111107 0.0653877 0.0267617 0.00890485 0.00275075 0.000754392 0.000176041 3.54315e-05 6.07923e-06 8.73624e-07 1.03463e-07 9.73804e-09
 1.45191e-11 1.5766e-09 1.00935e-07 3.80981e-06 8.4782e-05 0.00111238 0.00860603 0.0392817 0.106084 0.171937 0.178693 0.149195 0.133085 0.109809 0.0642539 0.0259361 0.008426 0.00256504 0.000712383 0.000171651 3.55728e-05 6.15303e-06 8.66553e-07 9.8273e-08 8.83559e-09
 1.56231e-11 1.69648e-09 1.0861e-07 4.09949e-06 9.12284e-05 0.00119696 0.00926006 0.0422605 0.114041 0.184126 0.188059 0.148645 0.123377 0.0984401 0.0570918 0.0229629 0.00741867 0.00223393 0.000609899 0.000144459 2.98815e-05 5.26541e-06 7.60439e-07 8.73162e-08 7.76411e-09
 1.59726e-11 1.73443e-09 1.1104e-07 4.1912e-06 9.32691e-05 0.00122373 0.00946711 0.0432038 0.116564 0.188014 0.191163 0.148852 0.120883 0.0952208 0.0546533 0.0214784 0.00662647 0.00190081 0.000505025 0.000117819 2.40026e-05 4.16677e-06 5.98336e-07 6.9341e-08 6.275e-09
 1.54481e-11 1.67747e-09 1.07393e-07 4.05357e-06 9.02064e-05 0.00118355 0.00915639 0.0417888 0.112787 0.182247 0.186825 0.149423 0.12597 0.100948 0.0579493 0.0224769 0.00671536 0.0018412 0.000466757 0.000103607 2.02175e-05 3.41356e-06 4.81219e-07 5.49935e-08 4.94329e-09
 1.59143e-11 1.7281e-09 1.10635e-07 4.17591e-06 9.2929e-05 0.00121927 0.00943261 0.0430467 0.116144 0.187369 0.19066 0.148859 0.121366 0.0958172 0.0550788 0.0217005 0.00670439 0.00189738 0.000481484 0.00010368 1.92845e-05 3.09121e-06 4.15634e-07 4.58183e-08 4.02084e-09
 1.66319e-11 1.80603e-09 1.15624e-07 4.36421e-06 9.71193e-05 0.00127424 0.00985775 0.0449832 0.121319 0.195315 0.196856 0.148797 0.115501 0.0887064 0.0502605 0.0193203 0.00568596 0.00153337 0.000385107 8.45251e-05 1.59669e-05 2.52992e-06 3.27621e-07 3.43622e-08 2.8724e-09
 1.6397e-11 1.78052e-09 1.13991e-07 4.30258e-06 9.57478e-05 0.00125625 0.00971863 0.0443501 0.119636 0.192799 0.195231 0.149925 0.119105 0.0921404 0.0513429 0.0185203 0.00463856 0.000982739 0.000204547 4.06292e-05 7.33538e-06 1.15425e-06 1.50684e-07 1.57499e-08 1.28308e-09
 1.70304e-11 1.8493e-09 1.18394e-07 4.46878e-06 9.94462e-05 0.00130477 0.0100938 0.0460585 0.124192 0.199721 0.200262 0.148669 0.112109 0.0846964 0.0476905 0.0181876 0.00522941 0.0013275 0.000293621 5.19765e-05 7.63995e-06 1.01055e-06 1.20089e-07 1.21192e-08 9.80431e-10
 1.63143e-11 1.77153e-09 1.13415e-07 4.28086e-06 9.52644e-05 0.00124991 0.00966957 0.0441265 0.119035 0.191856 0.194389 0.149581 0.11925 0.0926144 0.0520631 0.0193019 0.00519338 0.00123035 0.000275536 5.42391e-05 8.96487e-06 1.19617e-06 1.25493e-07 1.06345e-08 7.51403e-10
 1.59987e-11 1.73726e-09 1.11221e-07 4.19804e-06 9.34215e-05 0.00122573 0.0094826 0.0432748 0.11676 0.188366 0.191685 0.149667 0.121919 0.0958058 0.0541686 0.0202766 0.00556702 0.00134337 0.000296312 5.56033e-05 8.90554e-06 1.23049e-06 1.40131e-07 1.24744e-08 8.4072e-10
 1.66059e-11 1.80321e-09 1.15443e-07 4.35739e-06 9.69675e-05 0.00127225 0.00984236 0.0449132 0.121133 0.195041 0.196697 0.148979 0.11599 0.0891603 0.0503882 0.0191799 0.00549578 0.00140702 0.000324694 6.26008e-05 1.00961e-05 1.36719e-06 1.51509e-07 1.3525e-08 9.50939e-10
 1.69051e-11 1.83569e-09 1.17522e-07 4.43589e-06 9.87142e-05 0.00129517 0.0100196 0.0457203 0.123289 0.198338 0.199203 0.148743 0.113227 0.0859846 0.0484682 0.0184817 0.00533244 0.00138629 0.000329005 6.63633e-05 1.12874e-05 1.59328e-06 1.80137e-07 1.60404e-08 1.11096e-09
#obs catch len freq
 1.07195e-11 1.16402e-09 7.45213e-08 2.81281e-06 6.25956e-05 0.000821305 0.00635478 0.0290216 0.0785829 0.128976 0.141366 0.136399 0.143577 0.134007 0.0956084 0.0563478 0.029503 0.0130961 0.00465934 0.00129288 0.000272888 4.27475e-05 4.84151e-06 3.84213e-07 2.06978e-08
 1.70591e-11 1.85242e-09 1.18593e-07 4.47631e-06 9.96139e-05 0.00130697 0.0101107 0.0461317 0.124328 0.199376 0.197018 0.138281 0.0954028 0.0738607 0.0530432 0.0331349 0.0174826 0.00729361 0.00237247 0.000610906 0.000122291 1.8196e-05 1.93149e-06 1.41882e-07 7.03902e-09
 1.3955e-11 1.51535e-09 9.70139e-08 3.6618e-06 8.14886e-05 0.00106919 0.00827233 0.037768 0.1021 0.16612 0.174778 0.149151 0.133847 0.110033 0.0669198 0.0308666 0.0124708 0.00462388 0.00145618 0.000361242 6.75151e-05 9.24765e-06 9.06303e-07 6.17699e-08 2.84171e-09
 1.60363e-11 1.74135e-09 1.11483e-07 4.20792e-06 9.36416e-05 0.00122863 0.00950524 0.0433815 0.117066 0.188805 0.191019 0.144327 0.110424 0.0867682 0.0572253 0.0307291 0.0134817 0.00453805 0.00113998 0.000223323 3.5343e-05 4.36324e-06 3.93351e-07 2.46249e-08 1.03759e-09
 1.4076e-11 1.52849e-09 9.78551e-08 3.69355e-06 8.21953e-05 0.00107847 0.00834445 0.0381024 0.10305 0.167864 0.17682 0.149768 0.13127 0.106345 0.0659738 0.0320752 0.0132283 0.00452398 0.00119725 0.000235334 3.36442e-05 3.47039e-06 2.58554e-07 1.38017e-08 5.13515e-10
 1.61866e-11 1.75768e-09 1.12528e-07 4.24738e-06 9.45198e-05 0.00124016 0.00959478 0.0437957 0.118237 0.190969 0.193877 0.146766 0.110629 0.0845101 0.0543349 0.0284953 0.0122087 0.00403679 0.000994636 0.000183833 2.54015e-05 2.54058e-06 1.77199e-07 8.40891e-09 2.68003e-10
 1.58767e-11 1.72402e-09 1.10374e-07 4.16606e-06 9.27105e-05 0.00121643 0.00941172 0.0429696 0.116113 0.188238 0.193714 0.151787 0.118034 0.0880972 0.0522487 0.0244562 0.00960006 0.00308913 0.000766438 0.0001412 1.88233e-05 1.77409e-06 1.16015e-07 5.17027e-09 1.53875e-10
 1.5201e-11 1.65065e-09 1.05676e-07 3.98877e-06 8.87653e-05 0.00116469 0.00901187 0.0411538 0.111313 0.181127 0.188833 0.152765 0.123122 0.0936092 0.0564936 0.0268926 0.0104071 0.00315422 0.000719456 0.000122804 1.55451e-05 1.41421e-06 8.91051e-08 3.77775e-09 1.05611e-10
 1.54286e-11 1.67536e-09 1.07258e-07 4.04847e-06 9.00941e-05 0.00118213 0.00914699 0.041773 0.113 0.183861 0.191265 0.152968 0.120567 0.0904032 0.0548226 0.0265395 0.0103967 0.00314656 0.000704646 0.000115269 1.36351e-05 1.14392e-06 6.65958e-08 2.63375e-09 6.92383e-11
 1.60443e-11 1.74222e-09 1.11539e-07 4.21005e-06 9.36899e-05 0.00122931 0.00951214 0.0434403 0.117492 0.190945 0.197341 0.154065 0.116276 0.084006 0.0496403 0.0235046 0.00903692 0.00270335 0.000601718 9.7552e-05 1.12923e-05 9.10296e-07 4.99704e-08 1.83559e-09 4.44473e-11
 1.5095e-11 1.63914e-09 1.04939e-07 3.96095e-06 8.81471e-05 0.00115662 0.00895076 0.0408962 0.110818 0.181371 0.191945 0.158422 0.126524 0.0920742 0.0526518 0.0235836 0.00851572 0.00240321 0.000508022 7.87386e-05 8.76733e-06 6.81864e-07 3.60263e-08 1.26431e-09 2.89482e-11
 1.45923e-11 1.58456e-09 1.01445e-07 3.82906e-06 8.52127e-05 0.00111814 0.00865367 0.0395502 0.107278 0.176158 0.188191 0.158174 0.128691 0.0955803 0.0567503 0.0266023 0.00980585 0.00271961 0.000549913 8.04389e-05 8.42155e-06 6.16837e-07 3.0794e-08 1.02384e-09 2.22295e-11
 1.39174e-11 1.51127e-09 9.6753e-08 3.65198e-06 8.12727e-05 0.00106648 0.00825505 0.037748 0.102581 0.169526 0.184566 0.160909 0.134775 0.100399 0.0591279 0.0274711 0.0100616 0.00278165 0.000559206 8.02197e-05 8.06824e-06 5.57382e-07 2.59564e-08 8.01694e-10 1.6173e-11
 1.48349e-11 1.6109e-09 1.03131e-07 3.89273e-06 8.66303e-05 0.00113678 0.00879887 0.0402268 0.109207 0.179641 0.192053 0.159662 0.126158 0.0914532 0.053979 0.0252892 0.0092255 0.00250812 0.000493303 6.91518e-05 6.78049e-06 4.53845e-07 2.0272e-08 5.93449e-10 1.12229e-11
 1.26553e-11 1.37422e-09 8.79788e-08 3.32083e-06 7.39054e-05 0.000969921 0.00751072 0.0343945 0.0939369 0.157783 0.17952 0.168448 0.147577 0.108741 0.0615337 0.0271166 0.00938796 0.00246288 0.000471394 6.42167e-05 6.08513e-06 3.9167e-07 1.67645e-08 4.68771e-10 8.43329e-12
 1.3075e-11 1.4198e-09 9.08969e-08 3.43097e-06 7.63568e-05 0.00100209 0.0077594 0.0355233 0.0968867 0.161775 0.18035 0.162443 0.138801 0.10559 0.0646412 0.0307615 0.0109715 0.00282499 0.00051739 6.70456e-05 6.05814e-06 3.72739e-07 1.52439e-08 4.06179e-10 6.9398e-12
 1.2202e-11 1.325e-09 8.48283e-08 3.20194e-06 7.12617e-05 0.000935317 0.00724498 0.0332081 0.0909316 0.153708 0.17686 0.167398 0.147015 0.110529 0.0659983 0.0311099 0.011308 0.00302424 0.000572961 7.49394e-05 6.63147e-06 3.90672e-07 1.51206e-08 3.79728e-10 6.10987e-12
 1.40757e-11 1.52846e-09 9.78538e-08 3.69358e-06 8.22024e-05 0.00107884 0.00835436 0.0382505 0.104289 0.173538 0.190202 0.163142 0.130278 0.0946254 0.0567182 0.0267891 0.00959701 0.00251446 0.000470197 6.13449e-05 5.43535e-06 3.18626e-07 1.2106e-08 2.93722e-10 4.50199e-12
 1.44531e-11 1.56944e-09 1.00478e-07 3.79265e-06 8.44088e-05 0.00110786 0.00858073 0.0393084 0.107336 0.179265 0.197679 0.169304 0.130761 0.0883157 0.0481581 0.0208687 0.00706489 0.00179088 0.000326281 4.13935e-05 3.56e-06 2.02771e-07 7.49851e-09 1.77052e-10 2.63265e-12
 1.4488e-11 1.57323e-09 1.00721e-07 3.80185e-06 8.46156e-05 0.00111066 0.00860409 0.0394379 0.107853 0.180784 0.200644 0.172566 0.131976 0.0867174 0.045075 0.0181077 0.00554322 0.0012591 0.000207304 2.42059e-05 1.94963e-06 1.05116e-07 3.69708e-09 8.31699e-11 1.17922e-12
 1.42727e-11 1.54986e-09 9.92245e-08 3.74542e-06 8.3362e-05 0.0010943 0.00847948 0.0388938 0.106562 0.179414 0.200826 0.174349 0.133591 0.0873653 0.0450402 0.0177598 0.00523293 0.00111731 0.000169044 1.78532e-05 1.29451e-06 6.31531e-08 2.0299e-09 4.2158e-11 5.56231e-13
 1.40194e-11 1.52235e-09 9.7464e-08 3.67901e-06 8.18869e-05 0.00107505 0.00833277 0.0382514 0.105018 0.177673 0.200681 0.175954 0.13521 0.0882078 0.0453382 0.0177636 0.00516015 0.00107496 0.000156502 1.56281e-05 1.05194e-06 4.69236e-08 1.36605e-09 2.56078e-11 3.05383e-13
 1.45149e-11 1.57616e-09 1.00909e-07 3.80909e-06 8.47841e-05 0.00111313 0.00862883 0.039616 0.108756 0.183676 0.20573 0.176292 0.130901 0.0826939 0.0413239 0.0157267 0.00442565 0.000890999 0.000124945 1.19506e-05 7.64396e-07 3.2093e-08 8.70383e-10 1.50509e-11 1.64198e-13
 1.46577e-11 1.59167e-09 1.01903e-07 3.84664e-06 8.56234e-05 0.00112428 0.00871761 0.0400504 0.110112 0.186465 0.209367 0.178536 0.129861 0.0793031 0.0380195 0.0138229 0.00371266 0.000713693 9.55091e-05 8.70108e-06 5.28628e-07 2.10096e-08 5.37216e-10 8.71803e-12 8.88022e-14
 1.47236e-11 1.59883e-09 1.02362e-07 3.86407e-06 8.60159e-05 0.00112958 0.00876176 0.0402864 0.110965 0.188564 0.212606 0.180968 0.129398 0.0764901 0.0350558 0.0120411 0.00302774 0.000542206 6.7494e-05 5.72475e-06 3.24471e-07 1.20525e-08 2.88294e-10 4.3762e-12 4.16612e-14
 1.4409e-11 1.56468e-09 1.00176e-07 3.78167e-06 8.41879e-05 0.00110579 0.00858145 0.0395052 0.109123 0.186565 0.212578 0.183049 0.131503 0.0774691 0.035158 0.0118405 0.0028796 0.00049197 5.77394e-05 4.57497e-06 2.40758e-07 8.27793e-09 1.83128e-10 2.57203e-12 2.26754e-14
 1.3326e-11 1.44709e-09 9.26502e-08 3.49778e-06 7.78811e-05 0.00102341 0.00795151 0.0367173 0.102205 0.17791 0.209944 0.189319 0.140208 0.082636 0.0367291 0.0119691 0.00279525 0.000455752 5.07082e-05 3.78104e-06 1.85903e-07 5.93524e-09 1.21356e-10 1.57043e-12 1.27343e-14
 1.49305e-11 1.62131e-09 1.03804e-07 3.91879e-06 8.72491e-05 0.00114624 0.00889904 0.0409948 0.1133 0.19336 0.217936 0.182349 0.125854 0.0716536 0.0315321 0.0101653 0.00231514 0.00036265 3.83431e-05 2.69684e-06 1.24406e-07 3.71024e-09 7.05862e-11 8.46838e-13 6.34586e-15
#spawning biomass
 4123.57 6182.8 10038.4 14957.7 21233.4 35591.5 58935.6 83259.2 111370 150231 182635 215086 248540 257718 244367 218282 184917 179028 195644 202804 213410 216229 185840 221460 229202 218479 238035 334595 424524 6429.04 4229.04 4229.04 4229.04 4229.04 4229.04 4229.04 4229.04 4229.04 4229.04 4229.04 4229.04 4229.04 4229.04 4229.04 4229.04 4229.04 4229.04 4229.04 4229.04 4229.04 4229.04 4229.04 4229.04 4229.04 4229.04 4229.04 4229.04 4229.04 4229.04 4229.04 4229.04 4229.04 4229.04 4229.04 4229.04 4229.04 4229.04 4229.04 4229.04 4229.04 4229.04 4229.04 4229.04 4229.04 4229.04 4229.04 4229.04 4229.04 4229.04 4229.04 4229.04 4229.04 4229.04 4229.04 4229.04 4229.04 4229.04 4229.04 4229.04 4229.04 4229.04 4229.04 4229.04 4229.04 4229.04 4229.04 4229.04 4229.04 4229.04 4229.04 4229.04 4229.04 4229.04 4229.04 4229.04 4229.04 4229.04 4229.04 4229.04 4229.04 4229.04 4229.04 4229.04 4229.04 4229.04 4229.04 4229.04 4229.04 4229.04 4229.04 4229.04 4229.04 4229.04 4229.04 4229.04 4229.04 4229.04 4229.04 0 0 0 0 0 0 0 0 0 0 0 0 0 0 0 0 0 0 0 0 0 0 0 0 0
