SBPRF35
0.320536
Curr Bio
33203.4
B35
91340.3
F35
0.399747
FOFL
0.174139
OFL
8512.62
Bzero
91581.7
#pred survey bio
 6188.17 6118.88 6878.07 8765.86 11186.5 13852.3 13120.1 12799.4 20579.7 32074.4 32474.3 37813.1 59299.3 70351.9 60928.3 54790.6 48275 52768.7 52968.6 50675.7 52433.5 58849.1 67224.4 66033.7 71908.5 74032.1 68714 79062.7 3.27415e+06 2.5378e+06 2.37193e+06 1.92888e+06 1.55998e+06 1.31906e+06 1.17573e+06 1.09398e+06 1.04807e+06 1.02225e+06 1.00752e+06 998905 993717 990485 988401 987016 986080 985436 984984 984664 984435 984271 984152 984066 984004 983959 983926 983902 983884 983872 983862 983856 983851 983847 983845 983843 983841 983840 983840 983839 983839 983838 983838 983838 983838 983838 983838 983838 983838 983838 983838 983838 983838 983838 983838 983838 983838 983838 983838 983838 983838 983838 983838 983838 983838 983838 983838 983838 983838 983838 983838 983838 983838 983838 983838 983838 983838 983838 983838 983838 983838 983838 983838 983838 983838 983838 983838 983838 983838 983838 983838 983838 983838 983838 983838 983838 983838 983838 983838 983838 0 0 0 0 0 0 0 0 0 0 0 0 0 0 0 0 0 0 0 0 0 0 0 0 0
#obs survey bio
 5256.26 8231.72 8277.54 8219.46 17396.9 13685.1 12815.8 17858.2 26808.7 34593.6 30872.6 48514.8 69293.6 65693.5 60925.9 67080.8 33302 62452.8 64108.6 76390.9 56113.2 61416.3 76409 94159.2 85489.4 52366.1 61713.7 92190.8
#pred catch bio
 3542.7 3534.01 3662.16 4897.54 5848.65 8345.27 8521.57 7448.49 9140.83 19856.5 22202.8 18706.6 32842.4 46987.5 40025.3 39799.9 30078.8 34607.6 36020.1 33059.9 33298.1 35332 46462.5 41927.6 44639 50676.5 42219.9 43956 8512.62 29338.1 29282.9 23064.9 17855.6 14582.4 12721.7 11718.1 11194.1 10926.3 10791.3 10723.9 10690.5 10674 10665.9 10661.9 10659.9 10659 10658.5 10658.3 10658.2 10658.1 10658.1 10658.1 10658.1 10658.1 10658.1 10658.1 10658.1 10658.1 10658.1 10658.1 10658.1 10658.1 10658.1 10658.1 10658.1 10658.1 10658.1 10658.1 10658.1 10658.1 10658.1 10658.1 10658.1 10658.1 10658.1 10658.1 10658.1 10658.1 10658.1 10658.1 10658.1 10658.1 10658.1 10658.1 10658.1 10658.1 10658.1 10658.1 10658.1 10658.1 10658.1 10658.1 10658.1 10658.1 10658.1 10658.1 10658.1 10658.1 10658.1 10658.1 10658.1 10658.1 10658.1 10658.1 10658.1 10658.1 10658.1 10658.1 10658.1 10658.1 10658.1 10658.1 10658.1 10658.1 10658.1 10658.1 10658.1 10658.1 10658.1 10658.1 10658.1 10658.1 10658.1 10658.1 10658.1 10658.1 10658.1 10658.1 0 0 0 0 0 0 0 0 0 0 0 0 0 0 0 0 0 0 0 0 0 0 0 0 0
#obs catch bio
 3525.84 3527.73 3605.96 4899.67 5764.17 8213.94 8548.52 7498.42 8875.4 19327.6 22940.6 18155.6 31203.8 46308.3 39259.6 40685.3 30026.2 34922.5 35904.5 32741.3 33238.6 34616.1 47235 41574.3 43335.3 50908.6 42778.3 44319.7
#pred cpue bio
 4398.64 4005.36 4350.29 5492.98 6851.55 8974.98 8918.54 7953.28 11069.1 20210.7 21090.1 21054.7 35569.8 45575.7 40198.5 35648.7 29173.5 33180.5 33140.8 31644.7 32498.4 35752.2 42236.4 40061.4 44677.8 47767.1 42838.6 48388.1 2.10704e+06 2.11175e+06 2.19676e+06 1.78287e+06 1.41216e+06 1.17014e+06 1.02655e+06 944748 898832 873010 858276 849664 844475 841244 839160 837774 836839 836194 835742 835422 835194 835029 834911 834825 834762 834717 834684 834660 834643 834630 834621 834614 834609 834606 834603 834601 834600 834599 834598 834597 834597 834597 834597 834596 834596 834596 834596 834596 834596 834596 834596 834596 834596 834596 834596 834596 834596 834596 834596 834596 834596 834596 834596 834596 834596 834596 834596 834596 834596 834596 834596 834596 834596 834596 834596 834596 834596 834596 834596 834596 834596 834596 834596 834596 834596 834596 834596 834596 834596 834596 834596 834596 834596 834596 834596 834596 834596 834596 834596 834596 0 0 0 0 0 0 0 0 0 0 0 0 0 0 0 0 0 0 0 0 0 0 0 0 0
#obs cpue bio
 5412.44 3797.66 4292.19 5120.63 6203.53 10729.7 8000.95 6915.66 13908.3 20693 16003.6 34346.8 66913.4 45173.9 47851.5 24541 30686.8 28685.9 33266.4 22582.3 34427.5 41804.8 28502.5 36891.4 61169.2 51306.6 34435.2 50539.7
#pred surv len freq
 2.14298e-27 2.16662e-27 5.93171e-27 1.28813e-21 7.66101e-17 1.04751e-12 3.29285e-09 2.37975e-06 0.000395392 0.0151037 0.132642 0.267808 0.124876 0.0283612 0.0925177 0.130125 0.0525315 0.0410232 0.0356399 0.0220026 0.0170058 0.0131941 0.0121305 0.0104104 0.00423011
 2.14247e-27 2.1663e-27 5.94157e-27 1.29154e-21 7.68128e-17 1.05028e-12 3.30156e-09 2.38605e-06 0.000396438 0.0151437 0.132993 0.268518 0.125328 0.0316556 0.11242 0.157995 0.0604476 0.037609 0.0294745 0.0120708 0.0065737 0.00382272 0.00272694 0.00202638 0.00079728
 2.14322e-27 2.16836e-27 6.17328e-27 1.37018e-21 8.14897e-17 1.11423e-12 3.50259e-09 2.53133e-06 0.000420576 0.0160657 0.14109 0.284866 0.132863 0.0310406 0.10374 0.145818 0.0570929 0.0393168 0.0305011 0.0104556 0.00413577 0.00146015 0.000643216 0.000358741 0.00012834
 2.14336e-27 2.16872e-27 6.21084e-27 1.38292e-21 8.22473e-17 1.12459e-12 3.53515e-09 2.55486e-06 0.000424487 0.0162151 0.142402 0.287515 0.134093 0.0311854 0.103825 0.145888 0.0564159 0.0368477 0.0287208 0.0106332 0.00429006 0.0011595 0.000276303 8.33646e-05 2.33976e-05
 2.14392e-27 2.17006e-27 6.34908e-27 1.42979e-21 8.5035e-17 1.1627e-12 3.65497e-09 2.64146e-06 0.000438874 0.0167647 0.147228 0.297259 0.138595 0.0311083 0.100418 0.141028 0.0539538 0.0335211 0.0257793 0.00909495 0.00357878 0.000998969 0.000196767 2.94008e-05 4.48768e-06
 2.14191e-27 2.16514e-27 5.83067e-27 1.25395e-21 7.4577e-17 1.01971e-12 3.20546e-09 2.3166e-06 0.000384899 0.0147029 0.129122 0.260703 0.121749 0.0325779 0.120408 0.169259 0.0646512 0.0398581 0.0305635 0.0106192 0.00406671 0.00109545 0.00021068 2.54209e-05 1.95886e-06
 2.14036e-27 2.16142e-27 5.44908e-27 1.12456e-21 6.6882e-17 9.14492e-13 2.87472e-09 2.07757e-06 0.000345185 0.0131858 0.115799 0.233804 0.10932 0.0327612 0.129634 0.182461 0.0720038 0.051202 0.0397669 0.0133097 0.0048711 0.00127133 0.00023441 2.66809e-05 1.61168e-06
 2.14405e-27 2.17047e-27 6.40467e-27 1.4487e-21 8.616e-17 1.17808e-12 3.70332e-09 2.6764e-06 0.00044468 0.0169865 0.149176 0.301192 0.140367 0.0298813 0.0917425 0.128972 0.0520281 0.0402619 0.0318392 0.0113802 0.00440079 0.00110954 0.000193983 2.10615e-05 1.18026e-06
 2.14709e-27 2.17778e-27 7.15494e-27 1.7031e-21 1.0129e-16 1.38496e-12 4.35364e-09 3.14639e-06 0.000522768 0.0199694 0.175372 0.35408 0.164799 0.0293768 0.0727218 0.101811 0.0376879 0.0197056 0.0149667 0.00576774 0.0024292 0.000655409 0.000118209 1.23527e-05 6.56017e-07
 2.14203e-27 2.1653e-27 5.82932e-27 1.2534e-21 7.45444e-17 1.01926e-12 3.20406e-09 2.31559e-06 0.000384731 0.0146965 0.129065 0.260589 0.121756 0.0341491 0.130034 0.182575 0.0659509 0.0294459 0.0212116 0.00680978 0.00246053 0.000711566 0.000141805 1.5663e-05 8.28526e-07
 2.14208e-27 2.16562e-27 5.88753e-27 1.27326e-21 7.57257e-17 1.03541e-12 3.25484e-09 2.35228e-06 0.000390828 0.0149294 0.13111 0.264718 0.123575 0.0317707 0.11427 0.160757 0.0637398 0.0461258 0.0351679 0.00985362 0.00279564 0.000659674 0.000119071 1.40306e-05 7.95332e-07
 2.14638e-27 2.17605e-27 6.97589e-27 1.64238e-21 9.76785e-17 1.33558e-12 4.19841e-09 3.0342e-06 0.000504128 0.0192574 0.169119 0.341456 0.158973 0.0296598 0.0782548 0.109679 0.0414176 0.0241287 0.0183619 0.00635489 0.00228268 0.000475894 6.52506e-05 6.44826e-06 3.5918e-07
 2.14382e-27 2.16972e-27 6.29828e-27 1.41248e-21 8.40058e-17 1.14863e-12 3.61073e-09 2.60949e-06 0.000433562 0.0165618 0.145446 0.293662 0.136985 0.0325345 0.110209 0.154629 0.0560544 0.0256555 0.0186615 0.00621889 0.00226888 0.000577139 9.16076e-05 7.7233e-06 3.46071e-07
 2.14179e-27 2.16485e-27 5.7982e-27 1.24292e-21 7.39214e-17 1.01074e-12 3.17729e-09 2.29623e-06 0.000381516 0.0145736 0.127986 0.258411 0.120696 0.0327377 0.122074 0.171635 0.0659157 0.0416332 0.0313364 0.00907796 0.00274148 0.000669983 0.000115151 1.1307e-05 5.05059e-07
 2.14122e-27 2.16348e-27 5.65678e-27 1.19497e-21 7.10694e-17 9.71747e-13 3.0547e-09 2.20764e-06 0.000366796 0.0140114 0.123048 0.248442 0.116093 0.0329026 0.126086 0.177326 0.068389 0.0440791 0.0337144 0.0109314 0.00368993 0.000792124 0.000115276 1.12878e-05 5.56086e-07
 2.14209e-27 2.16564e-27 5.89085e-27 1.27439e-21 7.57931e-17 1.03634e-12 3.25773e-09 2.35437e-06 0.000391176 0.0149426 0.131227 0.264953 0.123683 0.0317513 0.11408 0.160456 0.0631319 0.0443543 0.034382 0.011439 0.00407809 0.000967417 0.000146308 1.26687e-05 5.76556e-07
 2.14388e-27 2.16991e-27 6.32432e-27 1.42135e-21 8.45329e-17 1.15584e-12 3.63339e-09 2.62586e-06 0.000436282 0.0166657 0.146359 0.295504 0.137814 0.0319346 0.105991 0.148773 0.0551902 0.0291771 0.0217325 0.00715966 0.00253632 0.000614705 9.90955e-05 9.13061e-06 4.00934e-07
 2.14252e-27 2.16659e-27 5.97342e-27 1.30232e-21 7.7454e-17 1.05904e-12 3.32912e-09 2.40597e-06 0.000399748 0.0152701 0.134103 0.27076 0.126412 0.0329398 0.119586 0.167983 0.0626429 0.0340846 0.0252131 0.00755054 0.00237994 0.000570513 9.36291e-05 9.03007e-06 4.19912e-07
 2.14302e-27 2.16784e-27 6.11239e-27 1.34949e-21 8.02593e-17 1.0974e-12 3.4497e-09 2.49311e-06 0.000414226 0.0158232 0.13896 0.280566 0.130909 0.0319733 0.110731 0.155586 0.0594223 0.036575 0.027553 0.00827587 0.00255893 0.000558915 8.32886e-05 7.94899e-06 3.81114e-07
 2.14276e-27 2.16716e-27 6.03335e-27 1.32265e-21 7.86628e-17 1.07557e-12 3.38108e-09 2.44351e-06 0.000405986 0.0155084 0.136196 0.274985 0.128361 0.0328051 0.11749 0.16501 0.0613388 0.0327952 0.0243321 0.00763922 0.00250124 0.000545506 7.69649e-05 6.68044e-06 3.03308e-07
 2.14328e-27 2.16847e-27 6.1768e-27 1.37133e-21 8.15582e-17 1.11516e-12 3.50553e-09 2.53346e-06 0.00042093 0.0160792 0.141209 0.285106 0.133006 0.0319053 0.108947 0.153045 0.0581735 0.0349816 0.0262447 0.00782395 0.00241994 0.000547167 8.08092e-05 6.87919e-06 2.90985e-07
 2.14384e-27 2.16983e-27 6.31867e-27 1.41944e-21 8.44196e-17 1.15429e-12 3.62852e-09 2.62234e-06 0.000435698 0.0166434 0.146163 0.295108 0.137623 0.0317011 0.104686 0.146981 0.0552255 0.031318 0.0234897 0.00749203 0.0024987 0.000547465 7.85932e-05 6.88858e-06 2.94884e-07
 2.14268e-27 2.16699e-27 6.01865e-27 1.31767e-21 7.83671e-17 1.07153e-12 3.36837e-09 2.43433e-06 0.000404461 0.0154501 0.135684 0.273952 0.127875 0.032607 0.116592 0.163786 0.0614701 0.0346453 0.0259156 0.00815622 0.00272119 0.000634096 9.58197e-05 8.2773e-06 3.53737e-07
 2.14379e-27 2.16971e-27 6.30339e-27 1.41425e-21 8.4111e-17 1.15007e-12 3.61525e-09 2.61275e-06 0.000434105 0.0165825 0.145629 0.29403 0.13713 0.0318773 0.106086 0.148942 0.0557561 0.0309837 0.0229884 0.00686566 0.00212842 0.000483046 7.37533e-05 6.68363e-06 2.91666e-07
 2.14292e-27 2.16755e-27 6.07428e-27 1.33653e-21 7.94885e-17 1.08686e-12 3.41657e-09 2.46916e-06 0.000410248 0.0156712 0.137625 0.277871 0.129691 0.0326976 0.115964 0.162858 0.0605643 0.032452 0.0239998 0.00730996 0.00230294 0.000500993 7.21683e-05 6.45106e-06 2.88777e-07
 2.14195e-27 2.16523e-27 5.83778e-27 1.25635e-21 7.47198e-17 1.02166e-12 3.2116e-09 2.32103e-06 0.000385636 0.014731 0.129369 0.261202 0.121983 0.0326526 0.120714 0.169702 0.0650072 0.0405866 0.0306693 0.00931136 0.0029338 0.000649284 9.34963e-05 8.00099e-06 3.4599e-07
 2.14317e-27 2.16822e-27 6.15269e-27 1.36316e-21 8.10725e-17 1.10852e-12 3.48465e-09 2.51837e-06 0.000418423 0.0159835 0.140368 0.283408 0.132219 0.0318424 0.109075 0.153241 0.0584364 0.0357169 0.0270652 0.00861485 0.00287404 0.000636262 9.1428e-05 7.8493e-06 3.32434e-07
 2.14374e-27 2.1696e-27 6.29711e-27 1.41214e-21 8.39855e-17 1.14835e-12 3.60986e-09 2.60885e-06 0.000433457 0.0165578 0.145411 0.293591 0.136915 0.0315411 0.104166 0.146284 0.0554567 0.0329358 0.0249382 0.00815181 0.00284097 0.000664931 0.000100788 8.74422e-06 3.70569e-07
#obs surv len freq
 8.67547e-40 4.24604e-33 4.77771e-27 1.23595e-21 7.35065e-17 1.00507e-12 3.15944e-09 2.28334e-06 0.000379379 0.0144918 0.127267 0.25696 0.120004 0.0321949 0.119197 0.167625 0.0650253 0.0430694 0.0336858 0.0126685 0.00538294 0.00163359 0.000360222 4.86598e-05 3.36535e-06
 1.03866e-39 5.08353e-33 5.72007e-27 1.47973e-21 8.8005e-17 1.20331e-12 3.78261e-09 2.7337e-06 0.000454209 0.0173502 0.152369 0.30764 0.143376 0.0306228 0.0943252 0.132432 0.0507984 0.0319623 0.0247141 0.00896779 0.00365485 0.00106958 0.000228461 3.00549e-05 2.01235e-06
 9.67132e-40 4.73344e-33 5.32615e-27 1.37782e-21 8.19443e-17 1.12044e-12 3.52211e-09 2.54544e-06 0.000422928 0.0161553 0.141876 0.286455 0.133663 0.0327941 0.113966 0.159932 0.0580181 0.0266937 0.0195612 0.00685658 0.00267869 0.000751218 0.000152877 1.93404e-05 1.25543e-06
 1.04901e-39 5.13416e-33 5.77704e-27 1.49447e-21 8.88815e-17 1.21529e-12 3.82029e-09 2.76093e-06 0.000458732 0.017523 0.153887 0.310704 0.14482 0.0313602 0.097904 0.137358 0.0509799 0.0270006 0.019831 0.00579457 0.00180174 0.00047155 9.07577e-05 1.08919e-05 6.76131e-07
 9.86098e-40 4.82626e-33 5.43059e-27 1.40484e-21 8.35512e-17 1.14241e-12 3.59118e-09 2.59536e-06 0.000431222 0.0164721 0.144658 0.292072 0.136262 0.0328534 0.112635 0.158016 0.0568283 0.024584 0.0175388 0.00543901 0.00175375 0.000385771 6.04461e-05 6.62216e-06 3.87901e-07
 8.13452e-40 3.98128e-33 4.4798e-27 1.15888e-21 6.89231e-17 9.42399e-13 2.96244e-09 2.14096e-06 0.000355724 0.0135882 0.119331 0.240939 0.112695 0.0348035 0.139951 0.196628 0.0719525 0.0349833 0.0252163 0.00705099 0.00198565 0.000444195 6.64099e-05 6.03758e-06 3.03995e-07
 7.92311e-40 3.87781e-33 4.36338e-27 1.12876e-21 6.71319e-17 9.17907e-13 2.88545e-09 2.08532e-06 0.000346479 0.013235 0.11623 0.234677 0.109754 0.0335721 0.134321 0.188955 0.0728092 0.0467025 0.0352793 0.0103432 0.00305424 0.000625887 8.44544e-05 7.35021e-06 3.28286e-07
 1.32935e-39 6.50625e-33 7.32094e-27 1.89386e-21 1.12635e-16 1.54008e-12 4.84124e-09 3.49878e-06 0.000581327 0.0222059 0.195013 0.393734 0.18306 0.02746 0.0490691 0.0684853 0.0261366 0.0160457 0.0122534 0.00412702 0.00146014 0.000317939 4.30525e-05 3.44192e-06 1.41447e-07
 1.1052e-39 5.40919e-33 6.0865e-27 1.57452e-21 9.36427e-17 1.28039e-12 4.02493e-09 2.90883e-06 0.000483306 0.0184616 0.16213 0.327347 0.152563 0.0326542 0.100787 0.141052 0.0472488 0.00953153 0.00525748 0.00170266 0.000602306 0.000149412 2.36572e-05 1.99298e-06 7.92268e-08
 6.37803e-40 3.1216e-33 3.51248e-27 9.08645e-22 5.40405e-17 7.38906e-13 2.32276e-09 1.67866e-06 0.000278912 0.0106541 0.0935642 0.188916 0.0887912 0.0387135 0.1795 0.252163 0.088717 0.032132 0.0212407 0.00453374 0.000644507 0.000126904 2.08918e-05 2.00944e-06 8.85711e-08
 1.2326e-39 6.03271e-33 6.7881e-27 1.75602e-21 1.04437e-16 1.42799e-12 4.48889e-09 3.24413e-06 0.000539017 0.0205898 0.180819 0.365079 0.169828 0.0278821 0.0602832 0.0844909 0.0345349 0.0279153 0.0213164 0.00537671 0.00115798 0.000170043 1.32703e-05 9.75544e-07 4.5528e-08
 1.18011e-39 5.77581e-33 6.49903e-27 1.68124e-21 9.99896e-17 1.36718e-12 4.29773e-09 3.10598e-06 0.000516063 0.0197129 0.173119 0.349533 0.162769 0.0312754 0.0856828 0.119809 0.0403816 0.00899292 0.00532446 0.00197856 0.000748184 0.000139531 1.33263e-05 6.88853e-07 1.88746e-08
 8.77761e-40 4.29603e-33 4.83396e-27 1.2505e-21 7.43719e-17 1.0169e-12 3.19664e-09 2.31022e-06 0.000383846 0.0146624 0.128765 0.259986 0.121535 0.0356888 0.139614 0.195849 0.0675395 0.0200991 0.0125827 0.00274017 0.000437313 9.82499e-05 1.52941e-05 1.04061e-06 2.8642e-08
 9.24611e-40 4.52533e-33 5.09197e-27 1.31725e-21 7.83415e-17 1.07118e-12 3.36726e-09 2.43353e-06 0.000404334 0.015445 0.135638 0.273861 0.127858 0.0332544 0.120572 0.169322 0.0624657 0.0318963 0.022804 0.00535043 0.000972479 0.00014056 1.22677e-05 9.56933e-07 3.73726e-08
 7.38788e-40 3.61585e-33 4.06862e-27 1.05251e-21 6.25969e-17 8.55899e-13 2.69053e-09 1.94445e-06 0.000323073 0.012341 0.108378 0.218825 0.102527 0.0362645 0.155535 0.218527 0.0787587 0.0345815 0.0245455 0.00706827 0.00196584 0.000328109 2.76064e-05 1.40615e-06 4.14828e-08
 1.12408e-39 5.50161e-33 6.1905e-27 1.60142e-21 9.52426e-17 1.30227e-12 4.0937e-09 2.95853e-06 0.000491563 0.0187771 0.1649 0.332939 0.155045 0.0298796 0.0821638 0.11525 0.0442596 0.0279393 0.0208837 0.00565501 0.00147808 0.000296992 3.5388e-05 2.08599e-06 5.26262e-08
 8.73761e-40 4.27645e-33 4.81193e-27 1.2448e-21 7.4033e-17 1.01227e-12 3.18207e-09 2.29969e-06 0.000382097 0.0145956 0.128179 0.258801 0.120987 0.0356822 0.139931 0.196283 0.0674897 0.0194745 0.0125475 0.00402024 0.00132725 0.000264468 3.20041e-05 2.32027e-06 7.49962e-08
 9.54006e-40 4.6692e-33 5.25386e-27 1.35912e-21 8.08322e-17 1.10523e-12 3.47431e-09 2.51089e-06 0.000417188 0.0159361 0.13995 0.282567 0.131866 0.0327965 0.115153 0.161687 0.059825 0.031083 0.0222709 0.00520184 0.00100115 0.00020983 3.02259e-05 2.29257e-06 8.1238e-08
 1.0078e-39 4.93248e-33 5.5501e-27 1.43576e-21 8.53899e-17 1.16755e-12 3.67021e-09 2.65247e-06 0.000440712 0.0168346 0.147842 0.298499 0.139226 0.0326427 0.109411 0.153462 0.0550828 0.0234822 0.0165944 0.0048461 0.00137549 0.000233318 2.29278e-05 1.74772e-06 6.90201e-08
 8.65279e-40 4.23494e-33 4.76522e-27 1.23272e-21 7.33143e-17 1.00244e-12 3.15118e-09 2.27737e-06 0.000378388 0.0144539 0.126934 0.256289 0.1198 0.0350251 0.136677 0.191847 0.0680008 0.0262723 0.0179957 0.00480649 0.00123391 0.000250391 3.05594e-05 1.93569e-06 6.20868e-08
 1.11491e-39 5.45673e-33 6.14e-27 1.58836e-21 9.44658e-17 1.29165e-12 4.06031e-09 2.93439e-06 0.000487554 0.0186239 0.163555 0.330224 0.15382 0.0306908 0.087934 0.123268 0.0455231 0.0234022 0.0168904 0.00434628 0.00101753 0.000189273 2.26292e-05 1.6639e-06 5.62915e-08
 8.87345e-40 4.34294e-33 4.88674e-27 1.26415e-21 7.5184e-17 1.02801e-12 3.23154e-09 2.33544e-06 0.000388037 0.0148225 0.130171 0.262824 0.122834 0.0353334 0.136589 0.191607 0.0663113 0.0205304 0.0133731 0.00387445 0.0011099 0.000205467 2.2382e-05 1.54125e-06 5.41783e-08
 1.00836e-39 4.93522e-33 5.55318e-27 1.43656e-21 8.54374e-17 1.1682e-12 3.67225e-09 2.65394e-06 0.000440957 0.016844 0.147924 0.298665 0.139289 0.0322893 0.107204 0.15043 0.0551151 0.0269817 0.0191692 0.00455165 0.00089804 0.000171901 2.161e-05 1.48186e-06 4.85023e-08
 1.03296e-39 5.05562e-33 5.68866e-27 1.4716e-21 8.75218e-17 1.1967e-12 3.76184e-09 2.71869e-06 0.000451715 0.0172549 0.151533 0.305951 0.142669 0.0325868 0.106824 0.149764 0.0530727 0.0204771 0.0141135 0.00400253 0.00109151 0.000186011 1.80177e-05 1.23789e-06 4.34622e-08
 8.7769e-40 4.29568e-33 4.83357e-27 1.2504e-21 7.43659e-17 1.01682e-12 3.19638e-09 2.31003e-06 0.000383815 0.0146612 0.128755 0.259965 0.1215 0.0350299 0.135599 0.190298 0.0670586 0.0246537 0.0166198 0.00425507 0.00100067 0.000194445 2.29958e-05 1.43777e-06 4.37317e-08
 9.28246e-40 4.54312e-33 5.11199e-27 1.32242e-21 7.86495e-17 1.07539e-12 3.3805e-09 2.44309e-06 0.000405923 0.0155057 0.136171 0.274938 0.128357 0.0332811 0.12041 0.169072 0.0620647 0.0307605 0.0220195 0.00554145 0.00122832 0.000216289 2.38252e-05 1.6636e-06 5.47514e-08
 9.69972e-40 4.74734e-33 5.34178e-27 1.38187e-21 8.21849e-17 1.12373e-12 3.53246e-09 2.55292e-06 0.00042417 0.0162028 0.142293 0.287296 0.134061 0.0330353 0.115185 0.16163 0.0583687 0.0259912 0.0184791 0.00527326 0.00146559 0.000263618 2.70758e-05 1.73386e-06 5.6828e-08
 1.12934e-39 5.52732e-33 6.21943e-27 1.60891e-21 9.56878e-17 1.30836e-12 4.11284e-09 2.97236e-06 0.000493861 0.0188649 0.165671 0.334496 0.155808 0.0310588 0.0888929 0.124513 0.0444947 0.0183407 0.0127685 0.00347183 0.000915113 0.000183459 2.24079e-05 1.47254e-06 4.52251e-08
#pred catch len freq
 2.13886e-27 2.15607e-27 4.80308e-27 9.05303e-22 5.38418e-17 7.36191e-13 2.31422e-09 1.6725e-06 0.000277883 0.0106149 0.0932209 0.18822 0.0881113 0.0291765 0.121479 0.171243 0.0707006 0.0596344 0.0522002 0.0322097 0.0248383 0.0192033 0.0176189 0.0151105 0.00613918
 2.13833e-27 2.15613e-27 4.87218e-27 9.28832e-22 5.52412e-17 7.55325e-13 2.37437e-09 1.71597e-06 0.000285105 0.0108908 0.0956438 0.193113 0.0905466 0.0337937 0.148199 0.208637 0.0811085 0.0542613 0.0429116 0.0175536 0.00953423 0.00552335 0.00393039 0.00291823 0.001148
 2.13882e-27 2.15765e-27 5.05511e-27 9.90952e-22 5.89357e-17 8.0584e-13 2.53317e-09 1.83073e-06 0.000304173 0.0116192 0.10204 0.206027 0.0964963 0.033237 0.14091 0.19848 0.079298 0.0591817 0.0463309 0.0158838 0.00627683 0.00220895 0.000970036 0.000540376 0.000193275
 2.13913e-27 2.15843e-27 5.136e-27 1.01838e-21 6.05668e-17 8.28143e-13 2.60328e-09 1.8814e-06 0.000312591 0.0119408 0.104865 0.211729 0.0991406 0.033457 0.140535 0.197859 0.0778361 0.0547006 0.0430079 0.01591 0.00640917 0.00172752 0.000410303 0.000123559 3.46621e-05
 2.13957e-27 2.15947e-27 5.24196e-27 1.0543e-21 6.27032e-17 8.57354e-13 2.6951e-09 1.94776e-06 0.000323617 0.012362 0.108563 0.219197 0.102597 0.033566 0.13895 0.195561 0.0761724 0.0513265 0.0398804 0.0140716 0.00553257 0.00154053 0.000302661 4.51424e-05 6.88382e-06
 2.13788e-27 2.15533e-27 4.80443e-27 9.05884e-22 5.38764e-17 7.36663e-13 2.31571e-09 1.67357e-06 0.000278061 0.0106218 0.0932808 0.188342 0.0883827 0.0349006 0.156397 0.220185 0.085313 0.0561698 0.043428 0.0150645 0.00575445 0.00154558 0.000296407 3.57081e-05 2.74887e-06
 2.13656e-27 2.1522e-27 4.48724e-27 7.98358e-22 4.74813e-17 6.49223e-13 2.04084e-09 1.47492e-06 0.000245056 0.00936097 0.0822085 0.165988 0.0780386 0.0346577 0.161652 0.227829 0.0912304 0.0686569 0.0536411 0.0179095 0.0065316 0.00169946 0.000312412 3.55016e-05 2.14258e-06
 2.13996e-27 2.16057e-27 5.3741e-27 1.0992e-21 6.53736e-17 8.93868e-13 2.80988e-09 2.03071e-06 0.0003374 0.0128884 0.113187 0.228531 0.106845 0.0317559 0.125086 0.176245 0.0724155 0.059724 0.0475207 0.0169561 0.00654144 0.00164476 0.000286715 3.10793e-05 1.7401e-06
 2.14304e-27 2.1679e-27 6.11819e-27 1.35146e-21 8.03764e-17 1.099e-12 3.45473e-09 2.49675e-06 0.000414831 0.0158462 0.139163 0.280975 0.131101 0.0320283 0.110942 0.155826 0.0586465 0.033606 0.0258899 0.00999105 0.004209 0.00113319 0.000203899 2.1277e-05 1.12897e-06
 2.13821e-27 2.15596e-27 4.8444e-27 9.19318e-22 5.46753e-17 7.47587e-13 2.35005e-09 1.69839e-06 0.000282185 0.0107793 0.094664 0.191136 0.0897531 0.037008 0.16842 0.236771 0.0862907 0.0409078 0.029794 0.00954564 0.0034367 0.000990649 0.000196897 2.17166e-05 1.14777e-06
 2.13853e-27 2.15696e-27 4.98211e-27 9.66182e-22 5.74625e-17 7.85697e-13 2.46985e-09 1.78497e-06 0.00029657 0.0113288 0.0994897 0.200877 0.0941341 0.0337318 0.145484 0.204961 0.0821625 0.0620012 0.0474729 0.0132605 0.00374043 0.000879323 0.00015816 1.86048e-05 1.05378e-06
 2.14237e-27 2.16628e-27 5.95147e-27 1.29492e-21 7.7014e-17 1.05303e-12 3.31021e-09 2.3923e-06 0.000397477 0.0151834 0.133341 0.269222 0.125672 0.0321553 0.11526 0.16201 0.0621919 0.0392576 0.030203 0.0104533 0.00375262 0.000780888 0.000106746 1.0529e-05 5.85929e-07
 2.13975e-27 2.15976e-27 5.24861e-27 1.05644e-21 6.28306e-17 8.59097e-13 2.70058e-09 1.95172e-06 0.000324275 0.0123871 0.108784 0.219643 0.102877 0.0355199 0.150743 0.211868 0.0776628 0.0382179 0.0281629 0.00937786 0.00341508 0.000866505 0.000137197 1.15494e-05 5.16939e-07
 2.13816e-27 2.15599e-27 4.87027e-27 9.28196e-22 5.52033e-17 7.54807e-13 2.37275e-09 1.71479e-06 0.00028491 0.0108834 0.0955783 0.192981 0.0905293 0.0349577 0.155348 0.218708 0.0848839 0.0562248 0.0425613 0.012295 0.00369403 0.000899627 0.000154135 1.51109e-05 6.7439e-07
 2.1375e-27 2.1544e-27 4.70763e-27 8.73054e-22 5.19238e-17 7.09966e-13 2.23179e-09 1.61292e-06 0.000267984 0.0102368 0.0899002 0.181517 0.085233 0.0350546 0.159394 0.224466 0.0876089 0.0595059 0.0457929 0.0148061 0.00497851 0.0010658 0.000154569 1.51067e-05 7.43536e-07
 2.13883e-27 2.1577e-27 5.05997e-27 9.92592e-22 5.90332e-17 8.07174e-13 2.53736e-09 1.83376e-06 0.000304676 0.0116384 0.102209 0.206368 0.0966685 0.0336253 0.143179 0.201638 0.0799294 0.0578575 0.0449719 0.0148852 0.00527259 0.00124635 0.00018787 1.62378e-05 7.38148e-07
 2.14018e-27 2.16086e-27 5.37268e-27 1.09856e-21 6.53358e-17 8.9335e-13 2.80826e-09 2.02954e-06 0.000337204 0.012881 0.113121 0.2284 0.106887 0.0344963 0.141855 0.199445 0.0747021 0.0416628 0.0312788 0.0102758 0.00362578 0.000876084 0.000140803 1.29525e-05 5.68217e-07
 2.1389e-27 2.15772e-27 5.04118e-27 9.86117e-22 5.86481e-17 8.01909e-13 2.52081e-09 1.8218e-06 0.000302689 0.0115625 0.101543 0.205023 0.0961141 0.0354292 0.154597 0.217458 0.081828 0.0467442 0.0348193 0.0103972 0.00326126 0.000779183 0.000127473 1.22735e-05 5.70207e-07
 2.13955e-27 2.15938e-27 5.22448e-27 1.04833e-21 6.23483e-17 8.52501e-13 2.67985e-09 1.93673e-06 0.000321786 0.012292 0.107949 0.217956 0.102047 0.034197 0.143176 0.201465 0.0776099 0.0497308 0.0376457 0.0112662 0.00346381 0.000754048 0.00011197 1.06661e-05 5.10892e-07
 2.13913e-27 2.15828e-27 5.09995e-27 1.00605e-21 5.98335e-17 8.18117e-13 2.57176e-09 1.85862e-06 0.000308807 0.0117962 0.103595 0.209166 0.0980256 0.0353176 0.152666 0.214714 0.0805267 0.0452123 0.033784 0.0105743 0.00344666 0.000749488 0.000105398 9.13131e-06 4.14139e-07
 2.13955e-27 2.15937e-27 5.22258e-27 1.04768e-21 6.23097e-17 8.51974e-13 2.67819e-09 1.93554e-06 0.000321586 0.0122844 0.107882 0.217822 0.101988 0.0342796 0.143721 0.202221 0.07771 0.0492323 0.0371834 0.0110568 0.00340504 0.00076757 0.000113009 9.60389e-06 4.05815e-07
 2.13998e-27 2.1604e-27 5.32823e-27 1.08351e-21 6.44402e-17 8.81105e-13 2.76976e-09 2.00172e-06 0.000332582 0.0127044 0.111571 0.225269 0.105429 0.0342253 0.141145 0.198523 0.0754749 0.0454518 0.0343739 0.0109414 0.0036377 0.000794933 0.000113762 9.95363e-06 4.25679e-07
 2.13928e-27 2.15868e-27 5.1451e-27 1.02138e-21 6.07452e-17 8.30583e-13 2.61095e-09 1.88694e-06 0.000313512 0.0119759 0.105173 0.212353 0.0994842 0.0349263 0.149317 0.210031 0.0794056 0.0464931 0.0349533 0.0109555 0.00363379 0.000843858 0.000127103 1.09602e-05 4.67902e-07
 2.14015e-27 2.16079e-27 5.3667e-27 1.09654e-21 6.52154e-17 8.91704e-13 2.80308e-09 2.0258e-06 0.000336583 0.0128572 0.112913 0.227979 0.106687 0.034361 0.141157 0.198506 0.0750264 0.0438478 0.0327632 0.00975842 0.00301139 0.000681301 0.00010369 9.38038e-06 4.08956e-07
 2.13911e-27 2.15823e-27 5.0953e-27 1.00447e-21 5.97399e-17 8.16836e-13 2.56774e-09 1.85571e-06 0.000308323 0.0117777 0.103433 0.208839 0.0978736 0.0353009 0.152663 0.21472 0.0806925 0.0457871 0.0341487 0.0103788 0.003258 0.000706808 0.000101491 9.05592e-06 4.04982e-07
 2.13843e-27 2.15665e-27 4.93819e-27 9.51234e-22 5.65735e-17 7.73541e-13 2.43164e-09 1.75735e-06 0.000291981 0.0111535 0.0979505 0.19777 0.0927393 0.034846 0.153222 0.215682 0.0833869 0.0543157 0.0412513 0.0124803 0.00391105 0.000862766 0.000123826 1.05771e-05 4.56903e-07
 2.1393e-27 2.15877e-27 5.16252e-27 1.02732e-21 6.10989e-17 8.35419e-13 2.62615e-09 1.89793e-06 0.000315338 0.0120457 0.105786 0.213589 0.100029 0.0342179 0.14462 0.20352 0.0785863 0.0509202 0.0388704 0.0123456 0.00410501 0.000906339 0.000129834 1.11272e-05 4.70786e-07
 2.13958e-27 2.15947e-27 5.23568e-27 1.05214e-21 6.25747e-17 8.55597e-13 2.68958e-09 1.94377e-06 0.000322954 0.0123366 0.108341 0.218748 0.102409 0.0340745 0.14219 0.200069 0.0770062 0.049184 0.0376011 0.0122817 0.00427319 0.000997764 0.000150823 1.30646e-05 5.53122e-07
#obs catch len freq
 4.08269e-40 1.9982e-33 2.2484e-27 5.8164e-22 3.45923e-17 4.72988e-13 1.48684e-09 1.07454e-06 0.000178537 0.00681988 0.0598922 0.120933 0.0572552 0.0358919 0.182764 0.257676 0.10286 0.0766044 0.0610212 0.0237102 0.0103748 0.00319111 0.000719871 0.000100516 7.19798e-06
 4.22675e-40 2.0687e-33 2.32773e-27 6.02163e-22 3.58129e-17 4.89677e-13 1.5393e-09 1.11246e-06 0.000184836 0.00706051 0.0620054 0.125199 0.0592405 0.0362316 0.183551 0.258712 0.102249 0.0732262 0.0578117 0.0217669 0.00925149 0.00280261 0.000616711 8.31672e-05 5.74468e-06
 5.7288e-40 2.80385e-33 3.15493e-27 8.16152e-22 4.85396e-17 6.63691e-13 2.08632e-09 1.50779e-06 0.000250521 0.00956958 0.0840401 0.169686 0.07977 0.0352248 0.163997 0.230978 0.0901648 0.0613417 0.0479035 0.0174015 0.00709419 0.00207245 0.000441734 5.80144e-05 3.87952e-06
 5.17794e-40 2.53424e-33 2.85157e-27 7.37674e-22 4.38722e-17 5.99873e-13 1.88571e-09 1.3628e-06 0.000226432 0.00864941 0.0759591 0.153372 0.072343 0.0383015 0.187697 0.264016 0.0968607 0.0479385 0.0355955 0.0124843 0.00487614 0.0013649 0.000277134 3.49985e-05 2.26887e-06
 6.00374e-40 2.93841e-33 3.30635e-27 8.55322e-22 5.08692e-17 6.95544e-13 2.18645e-09 1.58015e-06 0.000262544 0.0100289 0.0880734 0.17783 0.0835868 0.0366063 0.169977 0.239168 0.0898993 0.0510536 0.0378994 0.0110768 0.00344245 0.000899217 0.000172664 2.06841e-05 1.28227e-06
 5.46483e-40 2.67465e-33 3.00956e-27 7.78546e-22 4.6303e-17 6.3311e-13 1.99019e-09 1.43831e-06 0.000238978 0.00912864 0.0801677 0.161869 0.0762801 0.038533 0.186549 0.262319 0.0952368 0.0440117 0.0318034 0.00986291 0.00317796 0.000697855 0.000109054 1.19235e-05 6.97454e-07
 4.06574e-40 1.9899e-33 2.23906e-27 5.79225e-22 3.44487e-17 4.71023e-13 1.48067e-09 1.07008e-06 0.000177795 0.00679155 0.0596434 0.120432 0.0571684 0.039752 0.206481 0.290575 0.107439 0.0556475 0.0405416 0.0113341 0.00318823 0.000711889 0.000106178 9.6345e-06 4.84315e-07
 3.94468e-40 1.93065e-33 2.1724e-27 5.61979e-22 3.3423e-17 4.56999e-13 1.43658e-09 1.03822e-06 0.000172502 0.00658934 0.0578676 0.116845 0.0554294 0.0375901 0.194364 0.273895 0.106963 0.0727767 0.055374 0.0162253 0.00478457 0.000978745 0.000131717 1.14412e-05 5.10246e-07
 9.8084e-40 4.80053e-33 5.40164e-27 1.39735e-21 8.31058e-17 1.13632e-12 3.57204e-09 2.58152e-06 0.000428923 0.0163843 0.143887 0.290514 0.135481 0.0312295 0.103191 0.144984 0.056003 0.0363635 0.0279687 0.00941057 0.0033241 0.00072247 9.75849e-05 7.78686e-06 3.19503e-07
 6.93328e-40 3.39336e-33 3.81826e-27 9.87748e-22 5.87451e-17 8.03233e-13 2.52497e-09 1.8248e-06 0.000303193 0.0115816 0.10171 0.205362 0.096418 0.039346 0.178404 0.250329 0.0840823 0.0177289 0.0100159 0.00324162 0.0011443 0.000283231 4.4739e-05 3.76261e-06 1.4936e-07
 3.03213e-40 1.48402e-33 1.66984e-27 4.31972e-22 2.5691e-17 3.51278e-13 1.10425e-09 7.98041e-07 0.000132596 0.00506498 0.0444807 0.0898196 0.0431529 0.0434063 0.238015 0.334685 0.118435 0.0450827 0.0301634 0.00643673 0.000912527 0.000179117 2.94067e-05 2.82335e-06 1.24287e-07
 8.55547e-40 4.18731e-33 4.71163e-27 1.21885e-21 7.24898e-17 9.91167e-13 3.11574e-09 2.25175e-06 0.000374132 0.0142914 0.125507 0.253405 0.118327 0.0312752 0.114656 0.161512 0.0669333 0.0566261 0.0434257 0.0109418 0.00235037 0.000344657 2.68143e-05 1.96483e-06 9.15509e-08
 7.8754e-40 3.85446e-33 4.3371e-27 1.12197e-21 6.67276e-17 9.12379e-13 2.86807e-09 2.07276e-06 0.000344392 0.0131553 0.11553 0.233265 0.10925 0.037525 0.158877 0.222876 0.0753439 0.0175259 0.0105884 0.00392971 0.00148327 0.000276217 2.63178e-05 1.3579e-06 3.71288e-08
 4.84155e-40 2.3696e-33 2.66632e-27 6.89751e-22 4.10221e-17 5.60903e-13 1.7632e-09 1.27427e-06 0.000211722 0.0080875 0.0710244 0.14341 0.0678624 0.0416343 0.211045 0.296504 0.10268 0.0319527 0.0202847 0.00441591 0.000702363 0.000157283 2.44318e-05 1.66015e-06 4.56343e-08
 5.23533e-40 2.56233e-33 2.88318e-27 7.45851e-22 4.43586e-17 6.06523e-13 1.90661e-09 1.37791e-06 0.000228942 0.00874529 0.0768012 0.155072 0.0731261 0.0382258 0.186723 0.26273 0.0977112 0.0522879 0.0376638 0.00882988 0.00160036 0.000230911 2.00861e-05 1.56242e-06 6.09491e-08
 3.75097e-40 1.83584e-33 2.06572e-27 5.34381e-22 3.17816e-17 4.34557e-13 1.36603e-09 9.87234e-07 0.00016403 0.00626575 0.0550258 0.111109 0.0529041 0.0409695 0.216722 0.304875 0.110632 0.0509297 0.0364745 0.0104893 0.00290995 0.00048497 4.07012e-05 2.06851e-06 6.08937e-08
 7.23955e-40 3.54326e-33 3.98693e-27 1.03138e-21 6.13401e-17 8.38715e-13 2.63651e-09 1.90541e-06 0.000316587 0.0120932 0.106203 0.214431 0.10042 0.0342449 0.14453 0.203418 0.0789253 0.052186 0.0392315 0.0106094 0.00276492 0.000554341 6.58916e-05 3.87808e-06 9.76942e-08
 4.78937e-40 2.34407e-33 2.63758e-27 6.82317e-22 4.058e-17 5.54858e-13 1.7442e-09 1.26054e-06 0.00020944 0.00800034 0.070259 0.141865 0.0671467 0.0416011 0.211308 0.296856 0.10249 0.0309467 0.0202328 0.00647371 0.00213216 0.000424048 5.11722e-05 3.7029e-06 1.19536e-07
 5.45468e-40 2.66969e-33 3.00398e-27 7.77101e-22 4.62171e-17 6.31935e-13 1.98649e-09 1.43564e-06 0.000238534 0.0091117 0.0800189 0.161569 0.0761139 0.0378076 0.182213 0.256389 0.095692 0.0522321 0.0377143 0.00880285 0.0016892 0.000353086 5.07364e-05 3.84164e-06 1.3593e-07
 6.00457e-40 2.93882e-33 3.3068e-27 8.55439e-22 5.08762e-17 6.9564e-13 2.18675e-09 1.58037e-06 0.00026258 0.0100302 0.0880855 0.177855 0.083653 0.0380643 0.17887 0.251454 0.090855 0.0406121 0.0289679 0.00844808 0.00239193 0.000405096 3.96832e-05 3.01732e-06 1.18992e-07
 4.71339e-40 2.30688e-33 2.59574e-27 6.71492e-22 3.99362e-17 5.46055e-13 1.71653e-09 1.24054e-06 0.000206117 0.00787341 0.0691443 0.139614 0.0660633 0.0404611 0.205027 0.288244 0.102779 0.0416454 0.0288295 0.00769188 0.00196909 0.0003987 4.8542e-05 3.06936e-06 9.82675e-08
 7.11226e-40 3.48096e-33 3.91683e-27 1.01325e-21 6.02616e-17 8.23969e-13 2.59015e-09 1.87191e-06 0.00031102 0.0118806 0.104335 0.210662 0.098731 0.0356845 0.154455 0.217193 0.0808881 0.0436484 0.0317449 0.00816037 0.00190522 0.000353646 4.21613e-05 3.09402e-06 1.04534e-07
 4.94709e-40 2.42126e-33 2.72444e-27 7.04787e-22 4.19163e-17 5.7313e-13 1.80164e-09 1.30205e-06 0.000216337 0.0082638 0.0725727 0.146536 0.0692892 0.0411469 0.207128 0.291014 0.101144 0.0327104 0.0215819 0.0062441 0.00178375 0.000329588 3.58005e-05 2.45992e-06 8.6334e-08
 5.98239e-40 2.92796e-33 3.29459e-27 8.5228e-22 5.06883e-17 6.9307e-13 2.17867e-09 1.57453e-06 0.000261611 0.00999319 0.0877602 0.177198 0.0833276 0.0374871 0.175545 0.246907 0.0911906 0.0468769 0.0335777 0.00796694 0.00156734 0.000299289 3.75278e-05 2.56881e-06 8.39464e-08
 6.28369e-40 3.07543e-33 3.46053e-27 8.95206e-22 5.32412e-17 7.27978e-13 2.2884e-09 1.65383e-06 0.000274787 0.0104965 0.0921803 0.186122 0.0874804 0.038205 0.177238 0.249061 0.0887669 0.0358544 0.0249648 0.0070704 0.00192299 0.000327165 3.15958e-05 2.16556e-06 7.59209e-08
 4.84772e-40 2.37262e-33 2.66971e-27 6.9063e-22 4.10743e-17 5.61617e-13 1.76545e-09 1.27589e-06 0.000211991 0.0080978 0.0711149 0.143592 0.0679069 0.0405726 0.204509 0.287465 0.101847 0.039192 0.0267078 0.0068308 0.00160151 0.000310495 3.66275e-05 2.28602e-06 6.94121e-08
 5.23977e-40 2.56451e-33 2.88562e-27 7.46483e-22 4.43961e-17 6.07037e-13 1.90823e-09 1.37908e-06 0.000229136 0.0087527 0.0768662 0.155203 0.0731909 0.0383326 0.187336 0.26356 0.0975337 0.0507404 0.0366132 0.00920545 0.00203492 0.000357597 3.92784e-05 2.737e-06 8.99548e-08
 5.64234e-40 2.76154e-33 3.10732e-27 8.03835e-22 4.78071e-17 6.53676e-13 2.05483e-09 1.48503e-06 0.00024674 0.00942517 0.0827718 0.167127 0.0787033 0.0383349 0.183755 0.258388 0.0939615 0.0438699 0.0314667 0.00896754 0.00248582 0.000446339 4.57166e-05 2.92132e-06 9.55911e-08
#spawning biomass
 3507.95 2902.09 3081.29 3857.77 4733.88 6352.43 6513.8 5637.21 7072 13748.8 15053.9 13772 23715.2 32150.4 28704.3 25519.3 19723.2 22841.6 22986.4 21707 22399 24338.1 29180.3 27169.1 30560.2 33636.8 29692 33203.4 42367.4 81534 94436.6 75375.8 57267.6 45802.8 39283.4 35767.4 33931.7 32993.3 32520.4 32284.3 32167.2 32109.4 32081 32067 32060.1 32056.8 32055.2 32054.4 32054 32053.8 32053.7 32053.7 32053.6 32053.6 32053.6 32053.6 32053.6 32053.6 32053.6 32053.6 32053.6 32053.6 32053.6 32053.6 32053.6 32053.6 32053.6 32053.6 32053.6 32053.6 32053.6 32053.6 32053.6 32053.6 32053.6 32053.6 32053.6 32053.6 32053.6 32053.6 32053.6 32053.6 32053.6 32053.6 32053.6 32053.6 32053.6 32053.6 32053.6 32053.6 32053.6 32053.6 32053.6 32053.6 32053.6 32053.6 32053.6 32053.6 32053.6 32053.6 32053.6 32053.6 32053.6 32053.6 32053.6 32053.6 32053.6 32053.6 32053.6 32053.6 32053.6 32053.6 32053.6 32053.6 32053.6 32053.6 32053.6 32053.6 32053.6 32053.6 32053.6 32053.6 32053.6 32053.6 32053.6 32053.6 32053.6 32053.6 0 0 0 0 0 0 0 0 0 0 0 0 0 0 0 0 0 0 0 0 0 0 0 0 0
