SBPRF35
0.224663
Curr Bio
31706
B35
68522.4
F35
0.50567
FOFL
0.364428
OFL
19684
Bzero
64189.3
#pred survey bio
 7799.35 7216.18 8079.81 10369.7 13162.4 16138.6 15753.3 15093.6 23296.1 35727.7 35827.9 43905.5 69323.9 84008 73768.9 62493.6 56515.6 61281.8 54549.5 56507.4 58972.9 66169 71328.8 73400.8 80275.4 83896.1 80281.8 97948.2 4.59977e+06 3.12456e+06 2.43555e+06 1.72466e+06 1.29179e+06 1.06028e+06 942557 883419 853304 837465 828768 823766 820762 818893 817696 816915 816401 816061 815833 815681 815578 815509 815462 815431 815409 815395 815385 815378 815374 815371 815369 815368 815367 815366 815366 815365 815365 815365 815365 815365 815365 815365 815365 815365 815365 815365 815365 815365 815365 815365 815365 815365 815365 815365 815365 815365 815365 815365 815365 815365 815365 815365 815365 815365 815365 815365 815365 815365 815365 815365 815365 815365 815365 815365 815365 815365 815365 815365 815365 815365 815365 815365 815365 815365 815365 815365 815365 815365 815365 815365 815365 815365 815365 815365 815365 815365 815365 815365 815365 815365 0 0 0 0 0 0 0 0 0 0 0 0 0 0 0 0 0 0 0 0 0 0 0 0 0
#obs survey bio
 6622.49 5638.28 8042.1 11395.1 14691 20523.3 13467.2 24298.1 29157.8 32411.4 34739.7 46910 78406.2 65000.1 75098.1 59801.7 38267.7 43402.6 67959 61675.4 62750.4 69730.8 74504.2 72788.6 86309.5 70546.4 53493.7 116499
#pred catch bio
 4036.06 3669.12 3640.61 4865.16 5757.11 7942.85 8903.56 7890.24 8393.82 18712.5 20944.1 19396.3 32439.1 48233.2 43632.3 38946.9 28975.4 37630.5 29982.3 31537.5 32344.6 35577.3 40247 39383.6 42363.6 49205.7 43580.6 39540.9 19684 40452.9 33739.6 22321.4 15526.5 12109 10513.7 9801.61 9492.84 9361.5 9306.35 9283.39 9273.89 9269.98 9268.37 9267.71 9267.44 9267.33 9267.29 9267.27 9267.26 9267.26 9267.26 9267.26 9267.26 9267.26 9267.26 9267.26 9267.26 9267.26 9267.26 9267.26 9267.26 9267.26 9267.26 9267.26 9267.26 9267.26 9267.26 9267.26 9267.26 9267.26 9267.26 9267.26 9267.26 9267.26 9267.26 9267.26 9267.26 9267.26 9267.26 9267.26 9267.26 9267.26 9267.26 9267.26 9267.26 9267.26 9267.26 9267.26 9267.26 9267.26 9267.26 9267.26 9267.26 9267.26 9267.26 9267.26 9267.26 9267.26 9267.26 9267.26 9267.26 9267.26 9267.26 9267.26 9267.26 9267.26 9267.26 9267.26 9267.26 9267.26 9267.26 9267.26 9267.26 9267.26 9267.26 9267.26 9267.26 9267.26 9267.26 9267.26 9267.26 9267.26 9267.26 9267.26 9267.26 9267.26 9267.26 9267.26 0 0 0 0 0 0 0 0 0 0 0 0 0 0 0 0 0 0 0 0 0 0 0 0 0
#obs catch bio
 3634.2 3816.59 3589.73 4841.09 5591.78 7739.14 9033.55 7947.75 7999.06 18207.4 21714.5 18869.5 31415 48584.4 44371.1 40827 28408.4 39215.8 29755.9 31238.1 32885.8 35170.8 40540.8 38598.3 41263.5 50719.2 44976.9 39551.2
#pred cpue bio
 5207.16 4113.4 4283.63 5515.48 6874.22 9060.02 9472.06 7975.61 9948.23 19485.5 20173.4 19426 33499.3 46261.5 41924.9 34953.2 28654 33902.8 28483.4 30242.1 30732.3 33603.4 38127.2 38219.4 42292 46100.2 42061.1 47283.4 2.56748e+06 2.50308e+06 2.21369e+06 1.52948e+06 1.09756e+06 866088 748361 689224 659108 643270 634573 629570 626566 624698 623501 622719 622206 621865 621638 621485 621383 621313 621267 621235 621214 621199 621190 621183 621179 621176 621174 621172 621171 621171 621170 621170 621170 621170 621169 621169 621169 621169 621169 621169 621169 621169 621169 621169 621169 621169 621169 621169 621169 621169 621169 621169 621169 621169 621169 621169 621169 621169 621169 621169 621169 621169 621169 621169 621169 621169 621169 621169 621169 621169 621169 621169 621169 621169 621169 621169 621169 621169 621169 621169 621169 621169 621169 621169 621169 621169 621169 621169 621169 621169 621169 621169 621169 621169 621169 621169 0 0 0 0 0 0 0 0 0 0 0 0 0 0 0 0 0 0 0 0 0 0 0 0 0
#obs cpue bio
 4024.57 2707.73 7076.56 5628.18 10792 9326.42 7125.59 7893.79 16371.3 18114.4 18116.8 26540.2 40880.6 49329.2 26617.6 25858 41439.9 27265.1 31905.1 27175.7 23874.8 34645.6 37712.6 58549.4 50422.2 28368.2 33880.7 54397.6
#pred surv len freq
 2.14227e-27 2.16493e-27 5.75593e-27 1.22851e-21 7.30641e-17 9.99021e-13 3.14044e-09 2.2696e-06 0.000377091 0.0144046 0.126502 0.255413 0.119171 0.0290527 0.100475 0.141339 0.056485 0.0424782 0.0365739 0.0220897 0.016822 0.0129055 0.0117707 0.0100576 0.00407996
 2.14327e-27 2.16825e-27 6.14295e-27 1.35982e-21 8.08738e-17 1.1058e-12 3.47611e-09 2.5122e-06 0.000417398 0.0159443 0.140024 0.282714 0.131891 0.0316643 0.108195 0.151938 0.0569789 0.0320438 0.0247212 0.0100323 0.0054812 0.00324286 0.00231952 0.00171661 0.000673815
 2.144e-27 2.17015e-27 6.34411e-27 1.42804e-21 8.4931e-17 1.16128e-12 3.6505e-09 2.63823e-06 0.000438337 0.0167442 0.147048 0.296896 0.138465 0.0321244 0.10673 0.149766 0.0548685 0.0269017 0.0197202 0.00635589 0.0023742 0.00086354 0.000396933 0.00022393 7.99978e-05
 2.14391e-27 2.16996e-27 6.3268e-27 1.42218e-21 8.45823e-17 1.15651e-12 3.63551e-09 2.62739e-06 0.000436538 0.0166754 0.146445 0.295677 0.1379 0.0320842 0.106853 0.149968 0.0553748 0.0284708 0.0209194 0.00639309 0.0020837 0.000535076 0.000129077 4.10561e-05 1.16933e-05
 2.14423e-27 2.17073e-27 6.40665e-27 1.44925e-21 8.61927e-17 1.17853e-12 3.70473e-09 2.67742e-06 0.000444849 0.0169929 0.149233 0.301307 0.140499 0.0319915 0.10459 0.146748 0.0538088 0.0265171 0.019374 0.00599035 0.00195316 0.000457212 7.7627e-05 1.14694e-05 1.83208e-06
 2.14257e-27 2.16668e-27 5.98059e-27 1.30474e-21 7.75979e-17 1.06101e-12 3.33531e-09 2.41044e-06 0.000400491 0.0152985 0.134352 0.271263 0.126653 0.0331661 0.120816 0.169669 0.0625941 0.032015 0.0235247 0.0072402 0.00235373 0.000553534 8.83957e-05 9.03865e-06 6.54419e-07
 2.1409e-27 2.16264e-27 5.5606e-27 1.16231e-21 6.91268e-17 9.45185e-13 2.9712e-09 2.1473e-06 0.00035677 0.0136284 0.119685 0.241651 0.11299 0.0338746 0.134066 0.188473 0.0709578 0.0406551 0.0304084 0.0093705 0.0030448 0.000712362 0.000113023 1.08586e-05 5.52636e-07
 2.14435e-27 2.1711e-27 6.45383e-27 1.4653e-21 8.71469e-17 1.19158e-12 3.74574e-09 2.70706e-06 0.000449774 0.017181 0.150885 0.304642 0.142009 0.0311437 0.098409 0.13815 0.0523308 0.0309457 0.0233224 0.00737566 0.00247363 0.000579766 9.14824e-05 8.68963e-06 4.14779e-07
 2.14744e-27 2.17857e-27 7.22895e-27 1.72816e-21 1.0278e-16 1.40533e-12 4.41769e-09 3.19268e-06 0.000530458 0.0202631 0.177952 0.359289 0.16723 0.0299756 0.0748076 0.104626 0.0370066 0.0140658 0.00978239 0.00311013 0.00105879 0.000254612 4.11181e-05 3.90973e-06 1.84371e-07
 2.14257e-27 2.16656e-27 5.95249e-27 1.29513e-21 7.70265e-17 1.0532e-12 3.31075e-09 2.39269e-06 0.000397542 0.0151858 0.133363 0.269266 0.125783 0.0345698 0.129987 0.182381 0.0641721 0.0232911 0.0157545 0.00431847 0.00119474 0.000282741 4.68917e-05 4.57893e-06 2.18562e-07
 2.14252e-27 2.16656e-27 5.96852e-27 1.30065e-21 7.73546e-17 1.05769e-12 3.32485e-09 2.40288e-06 0.000399235 0.0152505 0.133931 0.270412 0.126256 0.0330665 0.120464 0.169223 0.06314 0.0344261 0.0250822 0.00646317 0.0015325 0.000303581 4.26429e-05 4.07743e-06 1.99091e-07
 2.14702e-27 2.17754e-27 7.12246e-27 1.69204e-21 1.00632e-16 1.37597e-12 4.32537e-09 3.12596e-06 0.000519373 0.0198397 0.174233 0.351781 0.163764 0.0301226 0.0779676 0.109123 0.0391943 0.0167927 0.0118917 0.00351079 0.00103425 0.000196744 2.29541e-05 1.81057e-06 8.00896e-08
 2.14508e-27 2.17272e-27 6.60238e-27 1.51558e-21 9.01372e-17 1.23247e-12 3.87427e-09 2.79995e-06 0.000465207 0.0177706 0.156062 0.315095 0.146898 0.0326478 0.104441 0.146315 0.0506465 0.0157079 0.0101807 0.00280735 0.00077068 0.00016544 2.23423e-05 1.64187e-06 6.03863e-08
 2.14255e-27 2.16655e-27 5.95634e-27 1.29646e-21 7.71056e-17 1.05428e-12 3.31415e-09 2.39515e-06 0.00039795 0.0152014 0.1335 0.269542 0.125893 0.0341025 0.127051 0.178335 0.0640075 0.0272465 0.018902 0.00462187 0.000979707 0.000189316 2.52863e-05 2.06905e-06 7.95605e-08
 2.14187e-27 2.16491e-27 5.78681e-27 1.23897e-21 7.36864e-17 1.00753e-12 3.16718e-09 2.28893e-06 0.000380303 0.0145273 0.127579 0.25759 0.120377 0.0343637 0.132248 0.185711 0.0673007 0.030689 0.0217556 0.00577845 0.00142053 0.000248509 2.63947e-05 1.95519e-06 7.74837e-08
 2.14242e-27 2.16629e-27 5.93412e-27 1.28895e-21 7.66589e-17 1.04817e-12 3.29495e-09 2.38127e-06 0.000395644 0.0151133 0.132726 0.267981 0.125156 0.0336946 0.125032 0.175564 0.0640511 0.0305409 0.0218846 0.00596488 0.00156025 0.00029753 3.39693e-05 2.23196e-06 7.50069e-08
 2.14434e-27 2.17094e-27 6.41851e-27 1.45323e-21 8.6429e-17 1.18176e-12 3.71488e-09 2.68476e-06 0.000446068 0.0170395 0.149642 0.302133 0.140913 0.0328502 0.109583 0.153643 0.054312 0.0205172 0.0139879 0.00375499 0.000962915 0.00018807 2.30105e-05 1.63239e-06 5.44683e-08
 2.14241e-27 2.16619e-27 5.91818e-27 1.28352e-21 7.63356e-17 1.04375e-12 3.28105e-09 2.37123e-06 0.000393976 0.0150496 0.132166 0.266851 0.124655 0.0342857 0.12898 0.18104 0.0647659 0.0269105 0.0186732 0.00482737 0.00114919 0.00021966 2.69211e-05 1.99035e-06 7.09959e-08
 2.14376e-27 2.16951e-27 6.26862e-27 1.40239e-21 8.34053e-17 1.14042e-12 3.58492e-09 2.59083e-06 0.000430463 0.0164434 0.144407 0.291563 0.136041 0.0332262 0.115064 0.161398 0.0574581 0.0229892 0.0158071 0.00404402 0.00093477 0.000170131 1.94629e-05 1.40497e-06 5.0969e-08
 2.1432e-27 2.16814e-27 6.12353e-27 1.35317e-21 8.04783e-17 1.1004e-12 3.45911e-09 2.49991e-06 0.000415356 0.0158663 0.139339 0.281332 0.131328 0.0336803 0.12092 0.16966 0.0604805 0.0244568 0.0168805 0.00438474 0.00104333 0.000189073 2.0905e-05 1.42541e-06 4.92688e-08
 2.14395e-27 2.16999e-27 6.3222e-27 1.42058e-21 8.44872e-17 1.15521e-12 3.63142e-09 2.62444e-06 0.000436047 0.0166567 0.14628 0.295345 0.137773 0.0327967 0.111302 0.156137 0.056168 0.0243199 0.0170377 0.00445044 0.00107316 0.000197877 2.23048e-05 1.50282e-06 4.98089e-08
 2.14435e-27 2.17097e-27 6.42263e-27 1.45463e-21 8.65123e-17 1.1829e-12 3.71847e-09 2.68735e-06 0.000446499 0.0170559 0.149786 0.302424 0.141044 0.0327544 0.108911 0.152709 0.0541839 0.0211123 0.0144958 0.00388363 0.000984066 0.000184331 2.11097e-05 1.44836e-06 4.82752e-08
 2.14312e-27 2.16792e-27 6.09823e-27 1.34458e-21 7.99671e-17 1.09341e-12 3.43714e-09 2.48403e-06 0.000412718 0.0157656 0.138454 0.279545 0.130512 0.0339649 0.123196 0.172833 0.0611304 0.0231977 0.0157668 0.00405774 0.000957447 0.000181505 2.16671e-05 1.52165e-06 5.15967e-08
 2.14395e-27 2.17e-27 6.32241e-27 1.42065e-21 8.44913e-17 1.15527e-12 3.6316e-09 2.62457e-06 0.000436068 0.0166575 0.146287 0.295359 0.13778 0.0328164 0.111419 0.156299 0.0562108 0.0242855 0.0169602 0.00430774 0.000979646 0.000177335 2.01589e-05 1.43116e-06 5.00761e-08
 2.1436e-27 2.16913e-27 6.2291e-27 1.38899e-21 8.26083e-17 1.12952e-12 3.55066e-09 2.56607e-06 0.000426349 0.0162863 0.143027 0.288777 0.134755 0.0332875 0.116278 0.163118 0.0581868 0.0236556 0.0164095 0.00442916 0.00113054 0.000206237 2.25307e-05 1.52333e-06 5.20297e-08
 2.14274e-27 2.16705e-27 6.01203e-27 1.31537e-21 7.82299e-17 1.06965e-12 3.36247e-09 2.43007e-06 0.000403752 0.0154231 0.135446 0.273472 0.127695 0.0336941 0.123373 0.173181 0.0625944 0.028028 0.0198014 0.00526935 0.00132655 0.000256442 3.05785e-05 2.08414e-06 6.84872e-08
 2.14378e-27 2.16957e-27 6.2763e-27 1.405e-21 8.35609e-17 1.14255e-12 3.59161e-09 2.59567e-06 0.000431266 0.0164741 0.144676 0.292107 0.136285 0.0330454 0.113797 0.159634 0.0571503 0.0238847 0.0166559 0.00447029 0.00113969 0.000218026 2.61567e-05 1.89295e-06 6.55007e-08
 2.14545e-27 2.17368e-27 6.7111e-27 1.55249e-21 9.23326e-17 1.26248e-12 3.96864e-09 2.86814e-06 0.000476538 0.0182034 0.159863 0.322769 0.150408 0.0316343 0.0959407 0.134449 0.0480312 0.0197506 0.0137121 0.00364452 0.00091492 0.000176141 2.13197e-05 1.54611e-06 5.50026e-08
#obs surv len freq
 8.67458e-40 4.24561e-33 4.77723e-27 1.23582e-21 7.3499e-17 1.00497e-12 3.15912e-09 2.2831e-06 0.000379341 0.0144903 0.127254 0.256933 0.119993 0.0322227 0.119375 0.167873 0.0650821 0.0429903 0.0335815 0.0125455 0.00528797 0.00159181 0.000348108 4.65217e-05 3.16893e-06
 1.03809e-39 5.08073e-33 5.71692e-27 1.47891e-21 8.79565e-17 1.20265e-12 3.78053e-09 2.73219e-06 0.000453958 0.0173406 0.152285 0.30747 0.143297 0.0306183 0.0943493 0.132469 0.0508451 0.0320881 0.0248171 0.0089931 0.00365345 0.00106119 0.000224451 2.92429e-05 1.93717e-06
 9.6863e-40 4.74077e-33 5.33439e-27 1.37996e-21 8.20712e-17 1.12218e-12 3.52757e-09 2.54938e-06 0.000423583 0.0161803 0.142096 0.286899 0.133869 0.0328236 0.114012 0.159989 0.0579279 0.0263062 0.0192247 0.00672494 0.00262057 0.000732557 0.000148074 1.85478e-05 1.19158e-06
 1.05192e-39 5.14841e-33 5.79308e-27 1.49861e-21 8.91282e-17 1.21867e-12 3.83089e-09 2.76859e-06 0.000460006 0.0175716 0.154314 0.311566 0.145219 0.0313552 0.0976135 0.136943 0.0507588 0.0266785 0.0195541 0.00566952 0.00174181 0.000453908 8.70046e-05 1.03769e-05 6.38405e-07
 9.85706e-40 4.82435e-33 5.42843e-27 1.40428e-21 8.3518e-17 1.14196e-12 3.58976e-09 2.59432e-06 0.000431051 0.0164656 0.144601 0.291956 0.136209 0.032866 0.112747 0.158174 0.0568737 0.0245679 0.0175153 0.0054131 0.00173484 0.000378351 5.86383e-05 6.38502e-06 3.71815e-07
 8.10973e-40 3.96915e-33 4.46615e-27 1.15535e-21 6.87131e-17 9.39527e-13 2.95341e-09 2.13444e-06 0.00035464 0.0135468 0.118968 0.240204 0.112355 0.034786 0.140065 0.196799 0.0721386 0.0354552 0.0256084 0.00717018 0.00202198 0.000450848 6.69001e-05 6.01993e-06 3.0037e-07
 7.96414e-40 3.8979e-33 4.38598e-27 1.13461e-21 6.74795e-17 9.22661e-13 2.90039e-09 2.09612e-06 0.000348273 0.0133036 0.116832 0.235892 0.110318 0.0336303 0.13431 0.188919 0.0725153 0.045695 0.0344416 0.0101034 0.00298647 0.000612228 8.24848e-05 7.13706e-06 3.15853e-07
 1.33e-39 6.5094e-33 7.32449e-27 1.89478e-21 1.12689e-16 1.54082e-12 4.84359e-09 3.50048e-06 0.000581609 0.0222167 0.195107 0.393926 0.183149 0.0274706 0.0490763 0.0684929 0.0261059 0.015926 0.0121347 0.00404294 0.00141413 0.000307626 4.16822e-05 3.33022e-06 1.36338e-07
 1.10388e-39 5.40273e-33 6.07924e-27 1.57264e-21 9.35309e-17 1.27887e-12 4.02012e-09 2.90535e-06 0.000482728 0.0184396 0.161937 0.326957 0.152383 0.0326726 0.101017 0.141377 0.0473665 0.00958557 0.0052951 0.00171031 0.000601533 0.000147689 2.31759e-05 1.94928e-06 7.74706e-08
 6.36128e-40 3.11341e-33 3.50325e-27 9.06259e-22 5.38986e-17 7.36966e-13 2.31666e-09 1.67425e-06 0.00027818 0.0106261 0.0933185 0.18842 0.0885599 0.0386583 0.179312 0.251913 0.0888269 0.0328041 0.0217937 0.00466266 0.000668804 0.000131785 2.15348e-05 2.05195e-06 8.99626e-08
 1.23207e-39 6.03015e-33 6.78522e-27 1.75527e-21 1.04393e-16 1.42738e-12 4.48698e-09 3.24275e-06 0.000538788 0.020581 0.180742 0.364923 0.169756 0.0278784 0.0603077 0.0845268 0.0345644 0.0279814 0.0213847 0.00543286 0.00118857 0.000175552 1.37871e-05 1.01244e-06 4.68827e-08
 1.17982e-39 5.77441e-33 6.49745e-27 1.68083e-21 9.99652e-17 1.36684e-12 4.29669e-09 3.10522e-06 0.000515937 0.0197081 0.173077 0.349448 0.162729 0.0312789 0.0857301 0.119876 0.0404055 0.00900327 0.0053328 0.00198392 0.000752008 0.000141253 1.36672e-05 7.12398e-07 1.95954e-08
 8.82385e-40 4.31866e-33 4.85943e-27 1.25709e-21 7.47637e-17 1.02226e-12 3.21348e-09 2.32239e-06 0.000385868 0.0147397 0.129444 0.261355 0.122167 0.03568 0.139148 0.195181 0.0671573 0.0194896 0.0120984 0.00262755 0.000415268 9.30149e-05 1.45226e-05 9.95976e-07 2.76927e-08
 9.23726e-40 4.521e-33 5.0871e-27 1.31599e-21 7.82666e-17 1.07015e-12 3.36404e-09 2.4312e-06 0.000403947 0.0154303 0.135508 0.273599 0.127737 0.0332594 0.120681 0.169478 0.0625505 0.0320213 0.0228902 0.00533632 0.000952342 0.000136589 1.18315e-05 9.21051e-07 3.6131e-08
 7.37237e-40 3.60826e-33 4.06008e-27 1.0503e-21 6.24655e-17 8.54102e-13 2.68488e-09 1.94037e-06 0.000322395 0.0123151 0.108151 0.218366 0.102313 0.03623 0.155463 0.218435 0.0788562 0.035034 0.0249338 0.00720456 0.00201151 0.000333925 2.7699e-05 1.39548e-06 4.09165e-08
 1.12394e-39 5.5009e-33 6.1897e-27 1.60122e-21 9.52304e-17 1.3021e-12 4.09317e-09 2.95815e-06 0.0004915 0.0187747 0.164879 0.332897 0.155025 0.0298811 0.0821858 0.115281 0.0442642 0.0279219 0.0208784 0.00567968 0.00149762 0.00030219 3.60516e-05 2.11107e-06 5.26221e-08
 8.74451e-40 4.27983e-33 4.81573e-27 1.24578e-21 7.40915e-17 1.01307e-12 3.18459e-09 2.30151e-06 0.000382399 0.0146071 0.12828 0.259005 0.121081 0.0356847 0.139885 0.196216 0.0674385 0.0193672 0.0124555 0.00398396 0.00131394 0.000262945 3.20646e-05 2.33353e-06 7.53091e-08
 9.54768e-40 4.67293e-33 5.25805e-27 1.36021e-21 8.08967e-17 1.10612e-12 3.47709e-09 2.5129e-06 0.000417522 0.0159488 0.140062 0.282793 0.131971 0.0328041 0.115131 0.161653 0.0597695 0.0309234 0.0221377 0.00516091 0.00098753 0.00020639 2.97463e-05 2.26764e-06 8.08111e-08
 1.01351e-39 4.96041e-33 5.58153e-27 1.44389e-21 8.58735e-17 1.17416e-12 3.691e-09 2.66749e-06 0.000443208 0.01693 0.148679 0.30019 0.140008 0.032662 0.10902 0.152893 0.0546501 0.0225788 0.0158363 0.00458392 0.00128415 0.000216747 2.11498e-05 1.60668e-06 6.35701e-08
 8.60787e-40 4.21296e-33 4.74048e-27 1.22632e-21 7.29338e-17 9.97238e-13 3.13482e-09 2.26554e-06 0.000376423 0.0143789 0.126275 0.254958 0.119186 0.0350433 0.137189 0.192579 0.0683861 0.0268205 0.0184187 0.00487705 0.00122989 0.000246917 2.98173e-05 1.87586e-06 5.98371e-08
 1.11703e-39 5.4671e-33 6.15167e-27 1.59138e-21 9.46452e-17 1.2941e-12 4.06802e-09 2.93997e-06 0.00048848 0.0186593 0.163866 0.330851 0.154109 0.0306641 0.0875823 0.122771 0.0453324 0.0232829 0.016809 0.00434399 0.00102412 0.000189028 2.22086e-05 1.61157e-06 5.40202e-08
 8.89537e-40 4.35367e-33 4.89882e-27 1.26728e-21 7.53697e-17 1.03055e-12 3.23953e-09 2.34121e-06 0.000388996 0.0148591 0.130493 0.263474 0.123134 0.035343 0.136452 0.191406 0.0661449 0.0201626 0.0130659 0.00377377 0.00107718 0.000199942 2.18191e-05 1.48712e-06 5.14771e-08
 1.0086e-39 4.93641e-33 5.55452e-27 1.4369e-21 8.5458e-17 1.16848e-12 3.67314e-09 2.65459e-06 0.000441063 0.016848 0.14796 0.298737 0.139323 0.0323095 0.107306 0.15057 0.0551127 0.0268153 0.0190215 0.00449234 0.000873077 0.000166032 2.08229e-05 1.42932e-06 4.66276e-08
 1.03265e-39 5.05409e-33 5.68694e-27 1.47116e-21 8.74952e-17 1.19634e-12 3.7607e-09 2.71787e-06 0.000451578 0.0172497 0.151487 0.305859 0.142626 0.0325812 0.106818 0.149756 0.0530972 0.0205723 0.0141898 0.0040159 0.0010906 0.000184717 1.76655e-05 1.20445e-06 4.22163e-08
 8.76022e-40 4.28752e-33 4.82439e-27 1.24802e-21 7.42246e-17 1.01489e-12 3.19031e-09 2.30564e-06 0.000383086 0.0146334 0.12851 0.259471 0.121272 0.0350411 0.135816 0.190606 0.0671971 0.0247997 0.0167376 0.00429471 0.00101414 0.000196816 2.31621e-05 1.43615e-06 4.32216e-08
 9.30355e-40 4.55344e-33 5.12361e-27 1.32543e-21 7.88282e-17 1.07783e-12 3.38818e-09 2.44864e-06 0.000406846 0.015541 0.136481 0.275562 0.128645 0.0332757 0.120189 0.168756 0.0618905 0.0304959 0.0218081 0.00548836 0.0012171 0.000214706 2.37002e-05 1.65115e-06 5.40165e-08
 9.69998e-40 4.74747e-33 5.34193e-27 1.38191e-21 8.21871e-17 1.12376e-12 3.53255e-09 2.55298e-06 0.000424182 0.0162032 0.142296 0.287304 0.134065 0.0330547 0.115301 0.16179 0.0583827 0.0258598 0.0183603 0.00522278 0.00144458 0.000259645 2.66868e-05 1.71184e-06 5.61174e-08
 1.12669e-39 5.51437e-33 6.20486e-27 1.60514e-21 9.54636e-17 1.30529e-12 4.1032e-09 2.96539e-06 0.000492704 0.0188207 0.165283 0.333712 0.155446 0.0310493 0.0890711 0.124772 0.0447009 0.0187835 0.0131319 0.00357571 0.000944165 0.00018892 2.30079e-05 1.51126e-06 4.64654e-08
#pred catch len freq
 2.13534e-27 2.14721e-27 3.86102e-27 5.85757e-22 3.48371e-17 4.76335e-13 1.49737e-09 1.08215e-06 0.000179798 0.00686815 0.0603165 0.121787 0.0574495 0.0305418 0.149835 0.211399 0.0872148 0.0733651 0.0639746 0.0388734 0.0296804 0.0227796 0.020778 0.0177541 0.00720213
 2.13615e-27 2.15071e-27 4.29528e-27 7.33126e-22 4.36017e-17 5.96176e-13 1.87409e-09 1.35441e-06 0.000225033 0.0085961 0.0754914 0.152426 0.0718119 0.0358009 0.172715 0.243178 0.0930577 0.0579507 0.0453811 0.0185001 0.0101415 0.00600312 0.00429423 0.00317805 0.00124747
 2.13652e-27 2.15184e-27 4.41803e-27 7.74732e-22 4.60762e-17 6.3001e-13 1.98044e-09 1.43127e-06 0.000237804 0.00908395 0.0797757 0.161077 0.0758676 0.0373078 0.179309 0.252304 0.0942447 0.0517806 0.0386875 0.0125233 0.00469983 0.00171088 0.000786563 0.000443749 0.000158527
 2.13655e-27 2.15198e-27 4.43693e-27 7.8116e-22 4.64585e-17 6.35237e-13 1.99688e-09 1.44315e-06 0.000239777 0.00915932 0.0804376 0.162413 0.0764783 0.0371181 0.177749 0.250153 0.0941757 0.0539423 0.0403195 0.0123688 0.00404956 0.00104079 0.00025113 7.98817e-05 2.27514e-05
 2.13666e-27 2.15223e-27 4.46145e-27 7.89465e-22 4.69525e-17 6.41991e-13 2.01811e-09 1.45849e-06 0.000242326 0.0092567 0.0812929 0.16414 0.0772827 0.0372808 0.178222 0.250776 0.0938116 0.0519449 0.0386923 0.0120144 0.00393648 0.000922325 0.000156638 2.31449e-05 3.6971e-06
 2.13538e-27 2.14911e-27 4.134e-27 6.78407e-22 4.03474e-17 5.51678e-13 1.73421e-09 1.25332e-06 0.000208237 0.0079545 0.0698569 0.141051 0.066637 0.0380434 0.189837 0.267212 0.100484 0.057219 0.0427713 0.0132139 0.0043148 0.00101557 0.000162217 1.65881e-05 1.20103e-06
 2.13434e-27 2.14664e-27 3.88351e-27 5.93485e-22 3.52967e-17 4.8262e-13 1.51712e-09 1.09643e-06 0.00018217 0.00695877 0.0611123 0.123396 0.0584716 0.0379588 0.194641 0.274147 0.105148 0.0660401 0.0500421 0.0154689 0.00504482 0.00118109 0.000187427 1.80078e-05 9.16496e-07
 2.13746e-27 2.15428e-27 4.69029e-27 8.67149e-22 5.15726e-17 7.05164e-13 2.21669e-09 1.60201e-06 0.000266172 0.0101676 0.0892922 0.18029 0.0846825 0.0355079 0.162531 0.228824 0.0882827 0.0569842 0.0434659 0.0137877 0.00463969 0.00108811 0.000171726 1.63125e-05 7.78645e-07
 2.14023e-27 2.16086e-27 5.35742e-27 1.09331e-21 6.50234e-17 8.89079e-13 2.79483e-09 2.01983e-06 0.000335592 0.0128194 0.112581 0.227308 0.106434 0.0358735 0.150591 0.211537 0.0759796 0.0325695 0.0232704 0.00743412 0.00254355 0.000612216 9.88954e-05 9.40416e-06 4.43478e-07
 2.13581e-27 2.14997e-27 4.19762e-27 6.99852e-22 4.16228e-17 5.69118e-13 1.78903e-09 1.29294e-06 0.00021482 0.00820596 0.0720652 0.14551 0.0687807 0.0402322 0.201854 0.283755 0.10096 0.0402263 0.0278238 0.00764966 0.00212526 0.0005034 8.35043e-05 8.15449e-06 3.89236e-07
 2.13612e-27 2.15091e-27 4.32299e-27 7.42504e-22 4.41595e-17 6.03803e-13 1.89806e-09 1.37173e-06 0.000227912 0.00870607 0.0764572 0.154377 0.0727769 0.0374905 0.182445 0.256819 0.0972219 0.0572294 0.042176 0.0108884 0.00259039 0.000513549 7.21496e-05 6.89915e-06 3.36871e-07
 2.14035e-27 2.16119e-27 5.39604e-27 1.10643e-21 6.58037e-17 8.99748e-13 2.82837e-09 2.04407e-06 0.000339619 0.0129732 0.113932 0.230036 0.107677 0.035397 0.146861 0.206351 0.0751465 0.0354286 0.0255647 0.00757197 0.00223945 0.000426329 4.97516e-05 3.92463e-06 1.73606e-07
 2.13814e-27 2.15564e-27 4.79043e-27 9.00912e-22 5.35807e-17 7.3262e-13 2.303e-09 1.66439e-06 0.000276535 0.0105635 0.0927688 0.18731 0.0880548 0.0388846 0.181029 0.254276 0.0888577 0.0302934 0.0201821 0.00558368 0.00153954 0.000330792 4.46829e-05 3.28382e-06 1.20777e-07
 2.13618e-27 2.15092e-27 4.30533e-27 7.36426e-22 4.3798e-17 5.9886e-13 1.88252e-09 1.3605e-06 0.000226046 0.0086348 0.0758312 0.153114 0.0722566 0.0391893 0.193196 0.271689 0.0986055 0.0453972 0.0319873 0.0078359 0.00166688 0.000322409 4.30713e-05 3.52449e-06 1.35527e-07
 2.13562e-27 2.14959e-27 4.17035e-27 6.90666e-22 4.10765e-17 5.61648e-13 1.76555e-09 1.27597e-06 0.000212 0.00809825 0.0711193 0.1436 0.0678567 0.0391418 0.195774 0.275402 0.100988 0.0497301 0.035755 0.00951659 0.00234708 0.000410895 4.36506e-05 3.23365e-06 1.2815e-07
 2.13648e-27 2.15173e-27 4.39924e-27 7.68319e-22 4.56948e-17 6.24795e-13 1.96405e-09 1.41943e-06 0.000235835 0.00900875 0.0791153 0.159744 0.0752847 0.0381989 0.185152 0.260451 0.0959902 0.0487649 0.0353347 0.00964719 0.00252974 0.000482661 5.51132e-05 3.62139e-06 1.21701e-07
 2.13761e-27 2.15439e-27 4.66755e-27 8.59272e-22 5.11042e-17 6.98759e-13 2.19656e-09 1.58746e-06 0.000263754 0.0100752 0.088481 0.178653 0.084038 0.0384976 0.181276 0.254772 0.091049 0.0375428 0.0261125 0.0070283 0.00180931 0.000353682 4.32826e-05 3.07072e-06 1.02462e-07
 2.13643e-27 2.15153e-27 4.36809e-27 7.57707e-22 4.50637e-17 6.16166e-13 1.93692e-09 1.39982e-06 0.000232578 0.00888433 0.0780226 0.157538 0.0743005 0.0391467 0.191603 0.269403 0.0972461 0.0431414 0.0303423 0.00785722 0.00187557 0.000358731 4.39719e-05 3.2511e-06 1.15968e-07
 2.13727e-27 2.15359e-27 4.58494e-27 8.3126e-22 4.94382e-17 6.75979e-13 2.12495e-09 1.53571e-06 0.000255155 0.00974676 0.0855965 0.172829 0.0813483 0.0385689 0.183467 0.257905 0.0927826 0.0401817 0.0281001 0.00720412 0.00167106 0.000304391 3.48293e-05 2.51437e-06 9.12169e-08
 2.13673e-27 2.15226e-27 4.44496e-27 7.83777e-22 4.66142e-17 6.37365e-13 2.00357e-09 1.44798e-06 0.00024058 0.00919 0.0807071 0.162958 0.0767992 0.0389616 0.188839 0.265492 0.0956594 0.0418925 0.0294057 0.00765478 0.00182779 0.000331498 3.66598e-05 2.49982e-06 8.64063e-08
 2.13744e-27 2.15404e-27 4.63694e-27 8.48922e-22 5.04886e-17 6.90341e-13 2.1701e-09 1.56834e-06 0.000260577 0.00995385 0.0874152 0.176501 0.0830229 0.0379615 0.178652 0.251191 0.0914061 0.0428435 0.0304816 0.00797913 0.00193068 0.000356271 4.01669e-05 2.70647e-06 8.97036e-08
 2.13785e-27 2.155e-27 4.73372e-27 8.81725e-22 5.24395e-17 7.17017e-13 2.25395e-09 1.62894e-06 0.000270646 0.0103385 0.090793 0.183321 0.0861836 0.0381684 0.177859 0.249974 0.0896045 0.0377983 0.0264118 0.00709248 0.00180329 0.000338035 3.87196e-05 2.65676e-06 8.85533e-08
 2.13673e-27 2.15223e-27 4.43733e-27 7.8117e-22 4.64591e-17 6.35246e-13 1.9969e-09 1.44317e-06 0.00023978 0.00915944 0.0804387 0.162416 0.0765628 0.0393361 0.191289 0.268885 0.0960244 0.0393699 0.027235 0.00702401 0.00166302 0.000315515 3.76716e-05 2.64577e-06 8.97149e-08
 2.13733e-27 2.15376e-27 4.60729e-27 8.38865e-22 4.98904e-17 6.82163e-13 2.14439e-09 1.54976e-06 0.00025749 0.00983592 0.0863796 0.17441 0.0820604 0.0380711 0.179951 0.253026 0.0921016 0.0432484 0.0306967 0.00781344 0.00178352 0.000323144 3.67419e-05 2.60863e-06 9.12767e-08
 2.13688e-27 2.15263e-27 4.48507e-27 7.9739e-22 4.74238e-17 6.48436e-13 2.03837e-09 1.47313e-06 0.000244759 0.00934962 0.0821089 0.165788 0.0780987 0.0387239 0.186535 0.262257 0.09467 0.0420207 0.0296894 0.00803446 0.00205864 0.000375857 4.10703e-05 2.77703e-06 9.48513e-08
 2.13647e-27 2.15167e-27 4.38921e-27 7.64899e-22 4.54914e-17 6.22014e-13 1.95531e-09 1.41311e-06 0.000234786 0.00896865 0.0787632 0.159033 0.0749702 0.0385749 0.187662 0.263932 0.0964546 0.0464914 0.0333033 0.00888001 0.00224244 0.000433794 5.17349e-05 3.52627e-06 1.15879e-07
 2.1372e-27 2.15344e-27 4.57237e-27 8.27011e-22 4.91855e-17 6.72524e-13 2.11409e-09 1.52786e-06 0.000253851 0.00969694 0.085159 0.171946 0.0809306 0.0383239 0.182237 0.256217 0.0927801 0.0420868 0.0298413 0.00802795 0.00205394 0.000393226 4.7185e-05 3.41497e-06 1.18167e-07
 2.13791e-27 2.15519e-27 4.75869e-27 8.90219e-22 5.29447e-17 7.23924e-13 2.27566e-09 1.64463e-06 0.000273253 0.0104381 0.0916677 0.185086 0.0869792 0.0376157 0.173953 0.244552 0.0888286 0.0411407 0.0292593 0.00780512 0.00197053 0.000379849 4.5991e-05 3.33561e-06 1.18667e-07
#obs catch len freq
 4.11084e-40 2.01197e-33 2.2639e-27 5.8565e-22 3.48308e-17 4.76248e-13 1.49709e-09 1.08195e-06 0.000179768 0.00686689 0.0603051 0.121766 0.0576445 0.0359931 0.18313 0.258174 0.102782 0.0757585 0.060212 0.0232194 0.0100898 0.00308792 0.0006885 9.4497e-05 6.66688e-06
 4.2234e-40 2.06706e-33 2.32589e-27 6.01686e-22 3.57845e-17 4.89289e-13 1.53808e-09 1.11158e-06 0.00018469 0.00705492 0.0619563 0.1251 0.0591965 0.0362776 0.183862 0.259147 0.102359 0.0731242 0.0576617 0.0215668 0.00909332 0.0027325 0.000596314 7.95595e-05 5.41257e-06
 5.74923e-40 2.81385e-33 3.16619e-27 8.19063e-22 4.87127e-17 6.66059e-13 2.09376e-09 1.51317e-06 0.000251415 0.00960372 0.0843399 0.170292 0.0800488 0.035196 0.163639 0.230474 0.0899978 0.061314 0.047881 0.0173673 0.00705652 0.00204599 0.00043181 5.61636e-05 3.71583e-06
 5.20403e-40 2.54701e-33 2.86594e-27 7.41391e-22 4.40933e-17 6.02897e-13 1.89521e-09 1.36967e-06 0.000227573 0.008693 0.0763419 0.154145 0.0727026 0.0383615 0.18783 0.264188 0.0967103 0.0472057 0.0349578 0.0122349 0.00476621 0.00132982 0.000268188 3.35341e-05 2.15154e-06
 6.02853e-40 2.95055e-33 3.32e-27 8.58853e-22 5.10792e-17 6.98416e-13 2.19548e-09 1.58668e-06 0.000263628 0.0100703 0.0884371 0.178564 0.0839273 0.0366341 0.169925 0.239085 0.0897451 0.0505939 0.0374862 0.0108717 0.00333852 0.000868338 0.000166054 1.97694e-05 1.21462e-06
 5.44421e-40 2.66456e-33 2.99821e-27 7.75609e-22 4.61284e-17 6.30722e-13 1.98268e-09 1.43289e-06 0.000238076 0.00909421 0.0798653 0.161259 0.0759991 0.0385675 0.186944 0.262875 0.0954331 0.0440839 0.031841 0.0098416 0.00315229 0.000686336 0.000106089 1.15288e-05 6.70412e-07
 4.07693e-40 1.99537e-33 2.24523e-27 5.80819e-22 3.45435e-17 4.72319e-13 1.48474e-09 1.07302e-06 0.000178285 0.00681024 0.0598076 0.120763 0.0573186 0.0396737 0.205902 0.289771 0.1073 0.056061 0.0409058 0.0114493 0.00322428 0.000717543 0.000106216 9.53916e-06 4.75183e-07
 3.97916e-40 1.94752e-33 2.19139e-27 5.66891e-22 3.37151e-17 4.60993e-13 1.44914e-09 1.04729e-06 0.000174009 0.00664693 0.0583734 0.117867 0.0559063 0.037717 0.194831 0.274521 0.106762 0.0713522 0.0541766 0.0158834 0.00468838 0.00095942 0.000128919 1.11331e-05 4.9197e-07
 9.81155e-40 4.80207e-33 5.40337e-27 1.3978e-21 8.31324e-17 1.13669e-12 3.57318e-09 2.58235e-06 0.00042906 0.0163896 0.143933 0.290607 0.135526 0.0312647 0.103378 0.145242 0.056031 0.0361681 0.027759 0.00923977 0.00322674 0.000700643 9.4697e-05 7.55161e-06 3.08678e-07
 6.88781e-40 3.3711e-33 3.79322e-27 9.81271e-22 5.83598e-17 7.97965e-13 2.50841e-09 1.81283e-06 0.000301205 0.0115056 0.101043 0.204015 0.0957979 0.0394107 0.179204 0.251458 0.084486 0.0178962 0.010132 0.00327104 0.00114824 0.000281308 4.40397e-05 3.69783e-06 1.46753e-07
 3.0207e-40 1.47842e-33 1.66355e-27 4.30344e-22 2.55941e-17 3.49954e-13 1.10008e-09 7.95032e-07 0.000132096 0.00504589 0.044313 0.0894809 0.0429927 0.0433101 0.23753 0.334022 0.118481 0.0459938 0.0309194 0.0066134 0.000946018 0.000185832 3.02836e-05 2.88039e-06 1.2612e-07
 8.54819e-40 4.18375e-33 4.70762e-27 1.21782e-21 7.24281e-17 9.90324e-13 3.11309e-09 2.24984e-06 0.000373814 0.0142792 0.1254 0.25319 0.118227 0.0312644 0.114655 0.161513 0.0669641 0.0567371 0.0435467 0.0110512 0.00241141 0.00035567 2.78466e-05 2.03832e-06 9.42374e-08
 7.92046e-40 3.87652e-33 4.36192e-27 1.12839e-21 6.71094e-17 9.176e-13 2.88448e-09 2.08462e-06 0.000346363 0.0132306 0.116191 0.2346 0.109864 0.0374558 0.158052 0.221714 0.074943 0.0174056 0.0105094 0.00390382 0.00147673 0.000276957 2.67319e-05 1.39082e-06 3.81759e-08
 4.86763e-40 2.38237e-33 2.68068e-27 6.93465e-22 4.1243e-17 5.63923e-13 1.7727e-09 1.28113e-06 0.000212862 0.00813105 0.0714069 0.144182 0.0682216 0.0416929 0.21117 0.296663 0.102496 0.0311192 0.0196017 0.00425583 0.000670401 0.000149676 2.332e-05 1.59719e-06 4.43514e-08
 5.21105e-40 2.55045e-33 2.8698e-27 7.42391e-22 4.41528e-17 6.0371e-13 1.89777e-09 1.37152e-06 0.00022788 0.00870472 0.0764449 0.154353 0.0727941 0.0382402 0.187028 0.263164 0.0979333 0.0525883 0.0378796 0.00882425 0.00157053 0.000224867 1.94137e-05 1.50708e-06 5.90514e-08
 3.74208e-40 1.83149e-33 2.06082e-27 5.33114e-22 3.17063e-17 4.33526e-13 1.36279e-09 9.84894e-07 0.000163642 0.0062509 0.0548954 0.110846 0.0527797 0.0409004 0.21638 0.304407 0.110653 0.0515347 0.0370017 0.0106769 0.00297345 0.000492898 4.07826e-05 2.04999e-06 5.99793e-08
 7.24762e-40 3.54721e-33 3.99138e-27 1.03253e-21 6.14085e-17 8.3965e-13 2.63945e-09 1.90753e-06 0.00031694 0.0121067 0.106321 0.21467 0.10053 0.0342385 0.144419 0.20326 0.0788421 0.0520694 0.0391561 0.0106374 0.00279653 0.000563042 6.70085e-05 3.91781e-06 9.7515e-08
 4.80024e-40 2.34938e-33 2.64356e-27 6.83865e-22 4.0672e-17 5.56116e-13 1.74816e-09 1.2634e-06 0.000209915 0.00801849 0.0704184 0.142186 0.0672957 0.0416069 0.211246 0.296765 0.10241 0.0307654 0.0200772 0.00641282 0.00210989 0.000421419 5.12459e-05 3.72244e-06 1.19983e-07
 5.5118e-40 2.69764e-33 3.03543e-27 7.85237e-22 4.6701e-17 6.38551e-13 2.00729e-09 1.45067e-06 0.000241032 0.00920709 0.0808567 0.16326 0.0768949 0.0377816 0.181544 0.255436 0.0952177 0.051615 0.0372227 0.00867061 0.00165365 0.000344629 4.95445e-05 3.77031e-06 1.34163e-07
 6.02474e-40 2.94869e-33 3.31792e-27 8.58314e-22 5.10471e-17 6.97977e-13 2.1941e-09 1.58568e-06 0.000263463 0.0100639 0.0883815 0.178453 0.0839343 0.0381987 0.179511 0.252329 0.0907939 0.0394053 0.0279173 0.00807131 0.00225595 0.0003802 3.69847e-05 2.80257e-06 1.10732e-07
 4.68726e-40 2.29409e-33 2.58135e-27 6.6777e-22 3.97148e-17 5.43028e-13 1.70701e-09 1.23366e-06 0.000204975 0.00782976 0.068761 0.13884 0.0657043 0.040428 0.205059 0.288303 0.102992 0.0423376 0.029375 0.00776965 0.00195367 0.00039136 4.71441e-05 2.96069e-06 9.42664e-08
 7.15781e-40 3.50325e-33 3.94191e-27 1.01974e-21 6.06475e-17 8.29245e-13 2.60674e-09 1.8839e-06 0.000313012 0.0119567 0.105003 0.212011 0.0993527 0.035634 0.15374 0.216183 0.0804832 0.0433448 0.0315277 0.0081389 0.00191332 0.000352409 4.12852e-05 2.98994e-06 1.00088e-07
 4.97142e-40 2.43317e-33 2.73784e-27 7.08253e-22 4.21225e-17 5.75948e-13 1.8105e-09 1.30845e-06 0.000217401 0.00830444 0.0729296 0.147256 0.0696236 0.0411806 0.207116 0.290986 0.100974 0.0321373 0.0210976 0.0060851 0.00173202 0.000320878 3.49171e-05 2.37475e-06 8.20711e-08
 5.97876e-40 2.92619e-33 3.29259e-27 8.51763e-22 5.06575e-17 6.9265e-13 2.17735e-09 1.57358e-06 0.000261452 0.00998713 0.087707 0.17709 0.0832795 0.0375307 0.175844 0.247321 0.0912547 0.0466378 0.0333588 0.00787277 0.00152571 0.00028944 3.62069e-05 2.48089e-06 8.08061e-08
 6.27407e-40 3.07072e-33 3.45523e-27 8.93834e-22 5.31597e-17 7.26863e-13 2.2849e-09 1.6513e-06 0.000274366 0.0104804 0.0920392 0.185837 0.0873484 0.0381993 0.177288 0.249137 0.0888453 0.0360486 0.0251195 0.00709978 0.00192301 0.000325175 3.10057e-05 2.1089e-06 7.38083e-08
 4.84614e-40 2.37185e-33 2.66884e-27 6.90404e-22 4.10609e-17 5.61434e-13 1.76487e-09 1.27548e-06 0.000211922 0.00809516 0.0710917 0.143546 0.0678846 0.0405574 0.20443 0.287357 0.101847 0.0393159 0.0268174 0.00687366 0.00161806 0.000313303 3.67774e-05 2.27632e-06 6.83879e-08
 5.26233e-40 2.57554e-33 2.89804e-27 7.49696e-22 4.45873e-17 6.0965e-13 1.91644e-09 1.38502e-06 0.000230122 0.00879037 0.0771971 0.155871 0.0735 0.0383418 0.187191 0.263348 0.0973552 0.0503431 0.036291 0.00912449 0.00201787 0.000355248 3.91019e-05 2.7186e-06 8.88157e-08
 5.61229e-40 2.74683e-33 3.09077e-27 7.99554e-22 4.75525e-17 6.50194e-13 2.04389e-09 1.47712e-06 0.000245426 0.00937497 0.082331 0.166237 0.0782942 0.0383993 0.184417 0.259317 0.0942476 0.0438418 0.0314149 0.00892558 0.00246272 0.000441879 4.52937e-05 2.89925e-06 9.48895e-08
#spawning biomass
 4216.63 2987.93 2969.94 3824.32 4738.95 6300.73 6700.23 5614.18 6600.22 13042 14037.5 13023.1 21977.2 31323.9 28686.6 24018.7 19141.8 22942.8 19134.7 20374.3 20801.3 22507.8 25537.2 25843.3 28505.6 31428.2 28408.9 31706 50340 90497.2 90633.1 61218.9 41191.5 30974.8 26198.5 24066.3 23141.8 22748.5 22583.3 22514.6 22486.1 22474.4 22469.6 22467.6 22466.8 22466.5 22466.4 22466.3 22466.3 22466.3 22466.3 22466.3 22466.3 22466.3 22466.3 22466.3 22466.3 22466.3 22466.3 22466.3 22466.3 22466.3 22466.3 22466.3 22466.3 22466.3 22466.3 22466.3 22466.3 22466.3 22466.3 22466.3 22466.3 22466.3 22466.3 22466.3 22466.3 22466.3 22466.3 22466.3 22466.3 22466.3 22466.3 22466.3 22466.3 22466.3 22466.3 22466.3 22466.3 22466.3 22466.3 22466.3 22466.3 22466.3 22466.3 22466.3 22466.3 22466.3 22466.3 22466.3 22466.3 22466.3 22466.3 22466.3 22466.3 22466.3 22466.3 22466.3 22466.3 22466.3 22466.3 22466.3 22466.3 22466.3 22466.3 22466.3 22466.3 22466.3 22466.3 22466.3 22466.3 22466.3 22466.3 22466.3 22466.3 22466.3 22466.3 22466.3 0 0 0 0 0 0 0 0 0 0 0 0 0 0 0 0 0 0 0 0 0 0 0 0 0
