SBPRF35
0.178142
Curr Bio
193946
B35
449259
F35
1.06033
FOFL
0.445534
OFL
21569.4
Bzero
50895.7
#pred survey bio
 30753.9 31917.4 21062.8 15620 28658.5 49029.1 105421 150934 188063 206169 202009 243398 291320 280241 259847 261172 275155 280294 285901 338770 311653 287442 294756 316668 368541 333441 298588 244698 8.83777e+06 6.64696e+06 3.18063e+06 1.61629e+06 994281 738060 619620 557629 522247 501106 488221 480314 475454 472472 470639 469499 468816 468406 468159 468010 467921 467867 467834 467814 467802 467795 467791 467788 467787 467786 467785 467785 467785 467784 467784 467784 467784 467784 467784 467784 467784 467784 467784 467784 467784 467784 467784 467784 467784 467784 467784 467784 467784 467784 467784 467784 467784 467784 467784 467784 467784 467784 467784 467784 467784 467784 467784 467784 467784 467784 467784 467784 467784 467784 467784 467784 467784 467784 467784 467784 467784 467784 467784 467784 467784 467784 467784 467784 467784 467784 467784 467784 467784 467784 467784 467784 467784 467784 467784 467784 0 0 0 0 0 0 0 0 0 0 0 0 0 0 0 0 0 0 0 0 0 0 0 0 0
#obs survey bio
 23898.8 15803 11820.1 14820.9 40225.5 40517.6 156856 164777 168323 119444 155456 202996 235168 188878 279107 244331 234487 220924 218392 272215 244934 257714 162145 237435 202846 253974 172333 178656
#pred catch bio
 9468.58 14235.4 11424.8 8438.02 17074.8 24395.4 63391.2 98111.3 123638 149451 139590 168696 213263 209061 189828 192334 204800 214103 212591 265488 243799 222781 232032 239422 291907 267167 248593 190245 21569.4 163272 62570.8 23772.3 11762.1 8455.12 7610.73 7405.94 7358.05 7347.15 7344.71 7344.18 7344.06 7344.04 7344.03 7344.03 7344.03 7344.03 7344.03 7344.03 7344.03 7344.03 7344.03 7344.03 7344.03 7344.03 7344.03 7344.03 7344.03 7344.03 7344.03 7344.03 7344.03 7344.03 7344.03 7344.03 7344.03 7344.03 7344.03 7344.03 7344.03 7344.03 7344.03 7344.03 7344.03 7344.03 7344.03 7344.03 7344.03 7344.03 7344.03 7344.03 7344.03 7344.03 7344.03 7344.03 7344.03 7344.03 7344.03 7344.03 7344.03 7344.03 7344.03 7344.03 7344.03 7344.03 7344.03 7344.03 7344.03 7344.03 7344.03 7344.03 7344.03 7344.03 7344.03 7344.03 7344.03 7344.03 7344.03 7344.03 7344.03 7344.03 7344.03 7344.03 7344.03 7344.03 7344.03 7344.03 7344.03 7344.03 7344.03 7344.03 7344.03 7344.03 7344.03 7344.03 7344.03 7344.03 7344.03 7344.03 0 0 0 0 0 0 0 0 0 0 0 0 0 0 0 0 0 0 0 0 0 0 0 0 0
#obs catch bio
 18674.5 15780.3 14523.7 9621.21 11375.2 18318.2 46726.9 72846.4 101740 151394 137208 145183 191400 199192 160676 162523 174668 184397 192264 251617 211527 181242 216004 209690 266984 215860 221357 159859
#pred cpue bio
 19823.7 24604.5 18530.5 8593.59 10486 17302.1 37608.5 62247.1 77762.6 94334.3 81840.6 90638.3 107680 110221 100370 99402.9 97564 98790.1 92242.4 102907 100002 92955.7 89243.1 86024.4 106866 103903 89856.4 66600.2 2.60377e+06 6.51348e+06 3.05964e+06 1.4947e+06 872685 616463 498023 436032 400650 379509 366624 358717 353857 350875 349042 347902 347219 346809 346562 346413 346324 346270 346237 346217 346205 346198 346194 346191 346190 346189 346188 346188 346188 346187 346187 346187 346187 346187 346187 346187 346187 346187 346187 346187 346187 346187 346187 346187 346187 346187 346187 346187 346187 346187 346187 346187 346187 346187 346187 346187 346187 346187 346187 346187 346187 346187 346187 346187 346187 346187 346187 346187 346187 346187 346187 346187 346187 346187 346187 346187 346187 346187 346187 346187 346187 346187 346187 346187 346187 346187 346187 346187 346187 346187 346187 346187 346187 346187 346187 346187 0 0 0 0 0 0 0 0 0 0 0 0 0 0 0 0 0 0 0 0 0 0 0 0 0
#obs cpue bio
 27247.8 23997 9686.08 19189.1 25019.6 48014.8 117651 166382 160066 148828 127506 211107 199352 193336 199440 207072 212734 222607 168268 171578 225163 237951 196527 199781 274782 336941 242879 178908
#pred surv len freq
 1.55434e-11 1.68708e-09 1.07973e-07 4.07456e-06 9.06642e-05 0.00118955 0.00920358 0.0420055 0.113296 0.182228 0.182597 0.135234 0.1027 0.0820682 0.05583 0.0338719 0.0207219 0.0127591 0.00803808 0.0053757 0.00390388 0.0031251 0.00262266 0.00198632 0.00114882
 1.09167e-11 1.1849e-09 7.58337e-08 2.86173e-06 6.36775e-05 0.000835504 0.00646533 0.0295323 0.0799862 0.13134 0.144273 0.140212 0.14783 0.133875 0.08771 0.0460423 0.0236227 0.0124403 0.00660077 0.00359665 0.00209118 0.00136607 0.000997004 0.000709874 0.000406457
 6.74063e-12 7.31631e-10 4.68243e-08 1.76701e-06 3.93188e-05 0.000515921 0.00399332 0.0182637 0.0497829 0.0842957 0.104398 0.13012 0.166084 0.164781 0.120306 0.0748463 0.0430682 0.0216245 0.00968358 0.00425323 0.0019322 0.000953952 0.000542671 0.000333462 0.000179935
 1.74966e-11 1.89909e-09 1.21542e-07 4.5866e-06 0.000102057 0.00133903 0.0103596 0.0472712 0.127355 0.203685 0.198658 0.132879 0.0837185 0.062012 0.0470955 0.0349629 0.0241008 0.0142406 0.00718435 0.00311101 0.00118723 0.000437748 0.0001759 8.13922e-05 3.77909e-05
 1.95137e-11 2.11803e-09 1.35554e-07 5.11537e-06 0.000113823 0.0014934 0.0115539 0.0527212 0.142042 0.227202 0.22169 0.148217 0.0913249 0.0597416 0.0311402 0.0103861 0.0020858 0.000254465 2.28277e-05 3.62933e-06 1.23942e-06 4.23246e-07 1.3011e-07 4.08394e-08 1.39456e-08
 1.97294e-11 2.14144e-09 1.37052e-07 5.17191e-06 0.000115081 0.0015099 0.0116816 0.0533028 0.143595 0.229578 0.223496 0.148041 0.0893194 0.0574468 0.0297711 0.00990743 0.00197956 0.000234058 1.63293e-05 6.71832e-07 1.6299e-08 2.33153e-10 1.96656e-12 9.78082e-15 2.86823e-17
 1.96656e-11 2.13451e-09 1.36608e-07 5.15518e-06 0.000114709 0.00150502 0.0116438 0.0531306 0.143136 0.228875 0.222962 0.148096 0.0899176 0.0581296 0.0301763 0.0100461 0.00200742 0.000237354 1.65594e-05 6.81297e-07 1.65287e-08 2.36438e-10 1.99427e-12 9.91862e-15 2.90864e-17
 1.87017e-11 2.02989e-09 1.29913e-07 4.9025e-06 0.000109087 0.00143126 0.0110733 0.0505319 0.136194 0.218259 0.214909 0.148932 0.0989503 0.0684383 0.0362928 0.012139 0.00242791 0.000287126 2.00325e-05 8.24197e-07 1.99955e-08 2.86031e-10 2.41256e-12 1.19991e-14 3.51873e-17
 1.86822e-11 2.02778e-09 1.29777e-07 4.8974e-06 0.000108973 0.00142977 0.0110618 0.0504794 0.136054 0.218044 0.214746 0.148948 0.0991327 0.0686465 0.0364163 0.0121813 0.00243641 0.000288132 2.01027e-05 8.27083e-07 2.00656e-08 2.87032e-10 2.42101e-12 1.20411e-14 3.53105e-17
 1.78593e-11 1.93846e-09 1.24061e-07 4.68168e-06 0.000104173 0.0013668 0.0105748 0.0482608 0.130128 0.208981 0.20787 0.149662 0.106844 0.0774471 0.041638 0.0139681 0.00279539 0.000330622 2.30677e-05 9.49079e-07 2.30253e-08 3.2937e-10 2.77811e-12 1.38171e-14 4.05189e-17
 1.88322e-11 2.04406e-09 1.3082e-07 4.93672e-06 0.000109848 0.00144125 0.0111506 0.0508839 0.137134 0.219697 0.215999 0.148818 0.0977269 0.0670421 0.0354643 0.0118555 0.00237096 0.000280385 1.95621e-05 8.04843e-07 1.9526e-08 2.79314e-10 2.35591e-12 1.17173e-14 3.4361e-17
 1.94026e-11 2.10596e-09 1.34781e-07 5.08623e-06 0.000113175 0.00148489 0.0114882 0.0524215 0.141241 0.225978 0.220765 0.148324 0.0923823 0.0609424 0.0318452 0.0106171 0.00212215 0.000250935 1.75071e-05 7.20288e-07 1.74746e-08 2.4997e-10 2.1084e-12 1.04863e-14 3.07511e-17
 1.94494e-11 2.11105e-09 1.35107e-07 5.0985e-06 0.000113448 0.00148847 0.0115159 0.0525478 0.141579 0.226494 0.221156 0.148283 0.0919436 0.0604418 0.0315482 0.0105155 0.00210173 0.000248518 1.73384e-05 7.13349e-07 1.73063e-08 2.47561e-10 2.08809e-12 1.03853e-14 3.04548e-17
 1.90414e-11 2.06676e-09 1.32272e-07 4.99155e-06 0.000111068 0.00145725 0.0112744 0.0514477 0.13864 0.222 0.217747 0.148637 0.0957671 0.0648054 0.0341372 0.0114014 0.00227972 0.000269586 1.88085e-05 7.73837e-07 1.87738e-08 2.68554e-10 2.26515e-12 1.12659e-14 3.30373e-17
 1.91642e-11 2.08009e-09 1.33125e-07 5.02373e-06 0.000111784 0.00146665 0.011347 0.0517788 0.139525 0.223353 0.218773 0.148531 0.0946164 0.0634921 0.033358 0.0111348 0.00222616 0.000263245 1.83661e-05 7.55633e-07 1.83321e-08 2.62236e-10 2.21186e-12 1.10009e-14 3.22601e-17
 1.9262e-11 2.09071e-09 1.33805e-07 5.04939e-06 0.000112355 0.00147414 0.011405 0.0520426 0.140229 0.22443 0.219591 0.148446 0.0936994 0.0624456 0.0327371 0.0109223 0.00218347 0.000258192 1.80135e-05 7.41125e-07 1.79802e-08 2.57201e-10 2.1694e-12 1.07896e-14 3.16407e-17
 1.97016e-11 2.13842e-09 1.36858e-07 5.16461e-06 0.000114919 0.00150777 0.0116651 0.0532276 0.143395 0.229271 0.223263 0.148065 0.0895805 0.0577449 0.029948 0.00996794 0.00199172 0.000235497 1.64298e-05 6.75964e-07 1.63993e-08 2.34587e-10 1.97865e-12 9.84098e-15 2.88587e-17
 1.97368e-11 2.14224e-09 1.37103e-07 5.17383e-06 0.000115124 0.00151047 0.0116859 0.0533225 0.143648 0.229659 0.223557 0.148034 0.0892507 0.0573685 0.0297247 0.00989152 0.00197637 0.000233679 1.63029e-05 6.70746e-07 1.62727e-08 2.32776e-10 1.96338e-12 9.76502e-15 2.8636e-17
 2.02192e-11 2.1946e-09 1.40454e-07 5.30031e-06 0.000117938 0.00154739 0.0119715 0.0546233 0.147122 0.234973 0.227588 0.147616 0.0847296 0.0522087 0.0266632 0.00884393 0.0017659 0.000208767 1.45645e-05 5.9922e-07 1.45374e-08 2.07954e-10 1.75401e-12 8.7237e-15 2.55823e-17
 2.05144e-11 2.22664e-09 1.42504e-07 5.37767e-06 0.00011966 0.00156997 0.0121461 0.055419 0.149248 0.238223 0.230054 0.14736 0.081964 0.0490524 0.0247904 0.00820311 0.00163715 0.000193528 1.35011e-05 5.55467e-07 1.34759e-08 1.92769e-10 1.62594e-12 8.08671e-15 2.37144e-17
 2.02471e-11 2.19763e-09 1.40648e-07 5.30762e-06 0.000118101 0.00154952 0.011988 0.0546985 0.147323 0.23528 0.227821 0.147592 0.0844681 0.0519102 0.0264861 0.00878333 0.00175372 0.000207326 1.4464e-05 5.95082e-07 1.4437e-08 2.06518e-10 1.7419e-12 8.66346e-15 2.54057e-17
 2.02073e-11 2.19331e-09 1.40372e-07 5.29718e-06 0.000117869 0.00154647 0.0119644 0.0545912 0.147037 0.234841 0.227489 0.147626 0.0848413 0.0523361 0.0267387 0.0088698 0.00177109 0.000209382 1.46075e-05 6.00986e-07 1.45803e-08 2.08567e-10 1.75918e-12 8.74941e-15 2.56577e-17
 2.05298e-11 2.22831e-09 1.42611e-07 5.38171e-06 0.000119749 0.00157115 0.0121553 0.0554605 0.149359 0.238393 0.230183 0.147347 0.0818198 0.0488877 0.0246927 0.00816968 0.00163043 0.000192733 1.34456e-05 5.53184e-07 1.34206e-08 1.91977e-10 1.61926e-12 8.05349e-15 2.36169e-17
 2.09993e-11 2.27928e-09 1.45873e-07 5.50481e-06 0.000122489 0.00160708 0.0124332 0.0567265 0.15274 0.243565 0.234106 0.14694 0.0774192 0.0438655 0.0217129 0.00715003 0.00142557 0.000168485 1.17536e-05 4.83566e-07 1.17316e-08 1.67817e-10 1.41547e-12 7.03994e-15 2.06447e-17
 2.07253e-11 2.24954e-09 1.4397e-07 5.43298e-06 0.00012089 0.00158611 0.012271 0.0559878 0.150767 0.240547 0.231817 0.147177 0.079987 0.0467961 0.0234517 0.00774502 0.00154511 0.000182634 1.27409e-05 5.2419e-07 1.27171e-08 1.81915e-10 1.53438e-12 7.63136e-15 2.2379e-17
 2.03927e-11 2.21343e-09 1.41659e-07 5.34577e-06 0.00011895 0.00156066 0.0120741 0.0550909 0.148371 0.236883 0.229037 0.147466 0.0831043 0.0503538 0.0255626 0.00846733 0.00169023 0.000199811 1.39396e-05 5.73506e-07 1.39136e-08 1.9903e-10 1.67874e-12 8.34935e-15 2.44845e-17
 2.0558e-11 2.23137e-09 1.42807e-07 5.3891e-06 0.000119914 0.00157331 0.012172 0.0555365 0.149562 0.238703 0.230418 0.147322 0.0815555 0.0485861 0.0245138 0.00810844 0.00161813 0.000191276 1.3344e-05 5.49003e-07 1.33191e-08 1.90526e-10 1.60702e-12 7.99261e-15 2.34384e-17
 2.09917e-11 2.27845e-09 1.4582e-07 5.5028e-06 0.000122444 0.0016065 0.0124287 0.0567059 0.152685 0.24348 0.234042 0.146946 0.0774911 0.0439475 0.0217615 0.00716667 0.00142892 0.000168881 1.17812e-05 4.84702e-07 1.17591e-08 1.68211e-10 1.4188e-12 7.05648e-15 2.06932e-17
#obs surv len freq
 4.45398e-11 4.12779e-09 2.25566e-07 7.26806e-06 0.000138087 0.001547 0.0102213 0.0398657 0.0922322 0.129825 0.124907 0.113833 0.120552 0.118442 0.0988098 0.0721935 0.0437754 0.0212563 0.00855483 0.00288362 0.00077497 0.000156135 2.24729e-05 2.22723e-06 1.47558e-07
 2.92826e-11 2.61744e-09 1.37953e-07 4.28722e-06 7.85629e-05 0.000848994 0.00541369 0.0204336 0.0464071 0.0686297 0.0861294 0.122121 0.162114 0.164412 0.134285 0.0950033 0.0554056 0.0254905 0.00947023 0.00289337 0.000708301 0.000132068 1.77638e-05 1.64504e-06 1.01307e-07
 1.76576e-11 1.51968e-09 7.71182e-08 2.30756e-06 4.07152e-05 0.000423691 0.00260304 0.00949341 0.02114 0.032626 0.0487614 0.083791 0.13064 0.169671 0.185459 0.156933 0.0955713 0.0426644 0.0148847 0.00418773 0.000929745 0.00015618 1.90046e-05 1.60692e-06 9.10369e-08
 2.66433e-10 2.20421e-08 1.07523e-06 3.09272e-05 0.000524524 0.00524538 0.03093 0.107544 0.220533 0.266965 0.191797 0.0844792 0.0281429 0.0152286 0.0154803 0.0145135 0.010246 0.00541662 0.00214187 0.000624575 0.000133049 2.05349e-05 2.25398e-06 1.71123e-07 8.72734e-09
 1.94542e-10 1.54475e-08 7.23253e-07 1.99669e-05 0.000325031 0.0031201 0.0176693 0.0591588 0.118439 0.149917 0.147885 0.156606 0.159781 0.114385 0.0513162 0.0151416 0.00395391 0.0014353 0.000596696 0.00019619 4.52988e-05 7.12123e-06 7.52344e-07 5.28949e-08 2.44746e-09
 4.43375e-10 3.3742e-08 1.51411e-06 4.00618e-05 0.000625018 0.00574978 0.0311923 0.0998384 0.189037 0.214674 0.156488 0.0942805 0.0684382 0.0565583 0.0428217 0.0258991 0.010871 0.00291241 0.000499929 6.33309e-05 7.94553e-06 1.03663e-06 1.0736e-07 7.4781e-09 3.33728e-10
 5.32172e-10 3.87629e-08 1.66482e-06 4.21607e-05 0.000629564 0.00554355 0.0287924 0.0883422 0.161396 0.182653 0.150695 0.126827 0.112224 0.0780758 0.0397261 0.0165925 0.00611496 0.00185048 0.000419153 6.69762e-05 7.30076e-06 5.5103e-07 3.13574e-08 1.46866e-09 5.44548e-11
 7.7566e-10 5.40066e-08 2.21723e-06 5.36736e-05 0.000766134 0.00644861 0.0320166 0.0939111 0.164076 0.177865 0.141484 0.116665 0.104328 0.0788146 0.0480569 0.0239105 0.00888368 0.00226481 0.000396969 5.14108e-05 5.23377e-06 4.07508e-07 2.24466e-08 8.30778e-10 2.05425e-11
 9.57186e-10 6.36302e-08 2.49412e-06 5.7645e-05 0.000785602 0.00631375 0.0299401 0.084012 0.141553 0.153581 0.136587 0.134585 0.127454 0.0933056 0.0538897 0.0256408 0.00936328 0.00242551 0.00044062 5.73402e-05 5.39041e-06 3.62949e-07 1.73611e-08 5.84175e-10 1.35059e-11
 1.32948e-09 8.42859e-08 3.15075e-06 6.94484e-05 0.000902632 0.00691861 0.0312959 0.0838461 0.135512 0.143884 0.131566 0.1353 0.130179 0.0983707 0.0599646 0.029136 0.0102042 0.00241016 0.000387255 4.46036e-05 3.83408e-06 2.43573e-07 1.09793e-08 3.38398e-10 6.9692e-12
 2.49383e-09 1.50621e-07 5.36406e-06 0.000112639 0.00139471 0.010184 0.0438749 0.111827 0.170939 0.167276 0.132065 0.115706 0.10181 0.0733324 0.0430473 0.0200295 0.00666288 0.00148483 0.000222773 2.34972e-05 1.80592e-06 1.01173e-07 4.0385e-09 1.12041e-10 2.11103e-12
 3.93599e-09 2.26254e-07 7.6688e-06 0.000153266 0.0018062 0.0125526 0.0514777 0.124961 0.182424 0.172453 0.135102 0.116852 0.0957433 0.0603799 0.029834 0.0118932 0.0035328 0.000718324 9.84162e-05 9.40748e-06 6.51596e-07 3.28298e-08 1.17387e-09 2.89712e-11 4.83121e-13
 4.84294e-09 2.64715e-07 8.53171e-06 0.000162138 0.00181696 0.0120091 0.0468688 0.108644 0.153979 0.15108 0.139987 0.140788 0.118315 0.073123 0.035184 0.0134774 0.00376155 0.00070161 8.57188e-05 7.08685e-06 4.17088e-07 1.79532e-08 5.58019e-10 1.21432e-11 1.79879e-13
 7.40782e-09 3.84698e-07 1.17798e-05 0.00021269 0.00226448 0.0142202 0.0527335 0.116197 0.156835 0.147554 0.132811 0.131205 0.111548 0.0738696 0.0392688 0.0159301 0.00443738 0.00080005 9.33864e-05 7.31769e-06 4.01324e-07 1.56524e-08 4.28178e-10 8.04163e-12 1.02165e-13
 1.04379e-08 5.14599e-07 1.49594e-05 0.00025642 0.00259188 0.0154544 0.0544546 0.114402 0.14958 0.143961 0.140946 0.142929 0.115461 0.0699465 0.0336396 0.0125011 0.00324389 0.000551094 6.11063e-05 4.576e-06 2.40191e-07 8.91926e-09 2.29858e-10 4.00999e-12 4.65363e-14
 1.78106e-08 8.33033e-07 2.29738e-05 0.000373593 0.00358249 0.0202642 0.0677227 0.134803 0.166155 0.148155 0.132155 0.12529 0.0984981 0.0600511 0.0291959 0.0106446 0.00262493 0.000414569 4.19589e-05 2.82168e-06 1.32117e-07 4.4156e-09 1.04204e-10 1.68823e-12 1.83089e-14
 2.65576e-08 1.17771e-06 3.07948e-05 0.000474801 0.00431695 0.0231557 0.073429 0.139109 0.165407 0.148398 0.137765 0.128974 0.094591 0.0520826 0.0226983 0.00754865 0.00173286 0.000258395 2.49469e-05 1.60951e-06 7.19557e-08 2.25623e-09 4.88607e-11 7.14694e-13 6.95485e-15
 3.81805e-08 1.60449e-06 3.97577e-05 0.000580904 0.00500533 0.0254473 0.0765421 0.138032 0.15866 0.143777 0.138696 0.130474 0.095455 0.0535981 0.023833 0.00784696 0.00173858 0.000248192 2.30187e-05 1.43726e-06 6.24175e-08 1.89393e-09 3.93467e-11 5.46582e-13 4.996e-15
 5.494e-08 2.187e-06 5.13332e-05 0.000710477 0.00579915 0.0279347 0.0796864 0.136894 0.152721 0.140745 0.140455 0.131729 0.0955423 0.0539754 0.0240313 0.00777581 0.00168392 0.000238144 2.24264e-05 1.45011e-06 6.50991e-08 1.99819e-09 4.09614e-11 5.51647e-13 4.83707e-15
 8.65071e-08 3.26088e-06 7.24784e-05 0.000949919 0.00734239 0.0334964 0.090539 0.147708 0.157855 0.141936 0.138203 0.124085 0.0855529 0.0458503 0.0192462 0.00582314 0.00117021 0.000152443 1.31622e-05 7.84391e-07 3.30814e-08 9.79047e-10 1.97666e-11 2.64878e-13 2.30813e-15
 1.2648e-07 4.51364e-06 9.49783e-05 0.0011785 0.00862451 0.0372618 0.0955035 0.148606 0.154923 0.142072 0.140724 0.123348 0.0820458 0.0424708 0.0171258 0.00494142 0.000946491 0.000118211 9.85238e-06 5.66407e-07 2.27626e-08 6.31224e-10 1.18156e-11 1.46772e-13 1.19538e-15
 1.83996e-07 6.21545e-06 0.000123803 0.00145413 0.010074 0.0412163 0.10019 0.148874 0.151975 0.142299 0.142383 0.12188 0.0789266 0.0399068 0.015548 0.0042712 0.000773239 9.12199e-05 7.20249e-06 3.93736e-07 1.5081e-08 3.98543e-10 7.08957e-12 8.32203e-14 6.35522e-16
 2.80846e-07 8.97975e-06 0.000169299 0.00188218 0.0123428 0.0478103 0.110133 0.155695 0.153266 0.141041 0.137786 0.114148 0.0721645 0.0357896 0.0135183 0.0035548 0.000614263 6.95158e-05 5.30092e-06 2.8023e-07 1.03116e-08 2.59307e-10 4.35802e-12 4.81546e-14 3.45629e-16
 4.03178e-07 1.22018e-05 0.000217743 0.00229138 0.0142248 0.0521895 0.114159 0.154951 0.151806 0.144846 0.1418 0.112279 0.0665641 0.0307409 0.0107998 0.00264401 0.00042544 4.48001e-05 3.17865e-06 1.56789e-07 5.41388e-09 1.28508e-10 2.04536e-12 2.1399e-14 1.4499e-16
 5.45415e-07 1.56246e-05 0.00026393 0.00262917 0.0154537 0.0537348 0.111891 0.147311 0.14785 0.150891 0.149784 0.114703 0.0650283 0.0285489 0.00941811 0.00213339 0.000312291 2.92688e-05 1.80459e-06 7.62975e-08 2.27382e-09 4.75844e-11 6.82321e-13 6.53105e-15 4.08802e-17
 7.71681e-07 2.09273e-05 0.00033465 0.00315596 0.0175639 0.0578655 0.114518 0.145083 0.144713 0.149597 0.147532 0.112711 0.0653778 0.0294161 0.00965962 0.00212358 0.0002995 2.71737e-05 1.63133e-06 6.67251e-08 1.87625e-09 3.58062e-11 4.55222e-13 3.80753e-15 2.08033e-17
 1.11671e-06 2.86722e-05 0.0004341 0.00387613 0.0204286 0.0637912 0.120114 0.14693 0.146326 0.152197 0.145881 0.106428 0.0587936 0.0251154 0.00779759 0.00162013 0.000216944 1.88496e-05 1.09443e-06 4.35704e-08 1.19218e-09 2.2019e-11 2.68608e-13 2.13033e-15 1.08674e-17
 1.47023e-06 3.57445e-05 0.000512447 0.0043332 0.0216364 0.0641329 0.115607 0.139729 0.146277 0.159954 0.151814 0.107081 0.0570856 0.0233856 0.00688505 0.00134627 0.00016916 1.37895e-05 7.52236e-07 2.82114e-08 7.29755e-10 1.27905e-11 1.4855e-13 1.12366e-15 5.46566e-18
#pred catch len freq
 7.48325e-13 8.12236e-11 5.19835e-09 1.96178e-07 4.36619e-06 5.73522e-05 0.000446337 0.00209772 0.00649031 0.0171657 0.0489321 0.120179 0.197495 0.206119 0.148861 0.091235 0.0558748 0.0344031 0.021672 0.0144933 0.010525 0.00842539 0.00707079 0.00535519 0.00309726
 3.92554e-13 4.26082e-11 2.72697e-09 1.02918e-07 2.2912e-06 3.01394e-05 0.000236259 0.00114983 0.00408344 0.0145031 0.0519403 0.137162 0.227504 0.232402 0.156081 0.0822756 0.0422231 0.022232 0.0117949 0.00642651 0.00373647 0.00244086 0.00178141 0.00126838 0.000726244
 1.96384e-13 2.13158e-11 1.36425e-09 5.14921e-08 1.14683e-06 1.51182e-05 0.000119788 0.000612357 0.00255293 0.0113901 0.0457846 0.124935 0.210682 0.22302 0.164854 0.102728 0.0591047 0.0296715 0.0132857 0.00583499 0.0026507 0.00130868 0.000744464 0.000457459 0.000246843
 3.7721e-12 4.09426e-10 2.62032e-08 9.88834e-07 2.20035e-05 0.00028874 0.00223574 0.010245 0.0281949 0.049898 0.071498 0.110246 0.158757 0.169783 0.140562 0.10558 0.0728005 0.0430038 0.0216927 0.00939305 0.00358453 0.00132166 0.000531078 0.00024574 0.000114099
 1.4703e-11 1.59587e-09 1.02135e-07 3.85427e-06 8.57626e-05 0.00112526 0.0087067 0.039751 0.107398 0.174216 0.181491 0.152378 0.13639 0.111179 0.0616674 0.0208422 0.00419663 0.000512165 4.58965e-05 7.27477e-06 2.48185e-06 8.47454e-07 2.60515e-07 8.17712e-08 2.79228e-08
 1.24393e-11 1.35017e-09 8.64108e-08 3.26088e-06 7.2559e-05 0.000952034 0.00736696 0.033648 0.0910966 0.149286 0.162584 0.154361 0.157634 0.135412 0.076031 0.0257368 0.00515984 0.00061049 4.25972e-05 1.7526e-06 4.25195e-08 6.0823e-10 5.13019e-12 2.55154e-14 7.4824e-17
 1.51875e-11 1.64845e-09 1.05501e-07 3.98127e-06 8.85884e-05 0.00116233 0.00899343 0.0410572 0.110887 0.179553 0.185546 0.151979 0.131882 0.106022 0.0585926 0.0197697 0.00396099 0.000468588 3.26951e-05 1.34519e-06 3.26353e-08 4.66839e-10 3.93761e-12 1.9584e-14 5.74302e-17
 1.41326e-11 1.53395e-09 9.81728e-08 3.70474e-06 8.24353e-05 0.00108161 0.00836908 0.0382131 0.10329 0.167935 0.176732 0.152893 0.141767 0.117304 0.0652866 0.0220602 0.00442118 0.000523059 3.64962e-05 1.50158e-06 3.64295e-08 5.21114e-10 4.3954e-12 2.18608e-14 6.4107e-17
 1.42611e-11 1.54791e-09 9.90661e-08 3.73845e-06 8.31854e-05 0.00109145 0.00844519 0.0385597 0.104216 0.169351 0.177806 0.152782 0.140562 0.115929 0.0644706 0.021781 0.00436508 0.000516419 3.60328e-05 1.48252e-06 3.5967e-08 5.14498e-10 4.33959e-12 2.15833e-14 6.32932e-17
 1.41322e-11 1.53392e-09 9.81706e-08 3.70466e-06 8.24335e-05 0.00108158 0.0083689 0.0382122 0.103288 0.167931 0.176729 0.152893 0.14177 0.117307 0.0652886 0.0220609 0.00442132 0.000523075 3.64973e-05 1.50163e-06 3.64306e-08 5.2113e-10 4.39554e-12 2.18615e-14 6.4109e-17
 1.5254e-11 1.65568e-09 1.05963e-07 3.99873e-06 8.89768e-05 0.00116743 0.00903284 0.0412367 0.111366 0.180287 0.186102 0.151921 0.131258 0.10531 0.0581701 0.0196251 0.00393194 0.00046515 3.24552e-05 1.33532e-06 3.23958e-08 4.63413e-10 3.90871e-12 1.94403e-14 5.70087e-17
 1.63512e-11 1.77476e-09 1.13585e-07 4.28633e-06 9.53763e-05 0.00125138 0.00968217 0.0441946 0.119267 0.19237 0.195269 0.15097 0.120977 0.0935765 0.0512082 0.0172428 0.00345332 0.000408498 2.8502e-05 1.17267e-06 2.84497e-08 4.06966e-10 3.4326e-12 1.70723e-14 5.00646e-17
 1.70044e-11 1.84566e-09 1.18122e-07 4.45755e-06 9.91862e-05 0.00130137 0.0100688 0.0459557 0.123971 0.199564 0.200727 0.150403 0.114856 0.086591 0.0470634 0.0158246 0.00316837 0.000374771 2.61485e-05 1.07583e-06 2.61004e-08 3.73359e-10 3.14915e-12 1.56625e-14 4.59304e-17
 1.65278e-11 1.79394e-09 1.14812e-07 4.33264e-06 9.64067e-05 0.0012649 0.00978673 0.044671 0.120539 0.194316 0.196745 0.150816 0.119321 0.0916871 0.0500871 0.0168592 0.00337625 0.000399376 2.78654e-05 1.14648e-06 2.78143e-08 3.97876e-10 3.35594e-12 1.6691e-14 4.89465e-17
 1.65061e-11 1.79158e-09 1.14661e-07 4.32694e-06 9.62799e-05 0.00126324 0.00977386 0.0446123 0.120383 0.194077 0.196563 0.150835 0.119525 0.0919196 0.0502251 0.0169064 0.00338573 0.000400499 2.79438e-05 1.1497e-06 2.78925e-08 3.98995e-10 3.36537e-12 1.67379e-14 4.90841e-17
 1.67542e-11 1.8185e-09 1.16384e-07 4.39197e-06 9.77268e-05 0.00128222 0.00992068 0.0452811 0.122169 0.196809 0.198636 0.15062 0.117201 0.0892667 0.048651 0.0163678 0.00327752 0.00038769 2.705e-05 1.11292e-06 2.70003e-08 3.86232e-10 3.25772e-12 1.62025e-14 4.7514e-17
 1.7571e-11 1.90717e-09 1.22058e-07 4.6061e-06 0.000102492 0.00134473 0.0104041 0.0474835 0.128052 0.205806 0.205461 0.149912 0.109546 0.0805305 0.0434675 0.0145941 0.00292116 0.00034551 2.41066e-05 9.91822e-07 2.40623e-08 3.44204e-10 2.90323e-12 1.44394e-14 4.23437e-17
 1.78517e-11 1.93763e-09 1.24008e-07 4.67967e-06 0.000104128 0.00136621 0.0105702 0.0482401 0.130073 0.208897 0.207806 0.149669 0.106916 0.0775291 0.0416867 0.0139847 0.00279873 0.000331018 2.30954e-05 9.50216e-07 2.30529e-08 3.29765e-10 2.78144e-12 1.38337e-14 4.05674e-17
 1.83822e-11 1.99522e-09 1.27694e-07 4.81876e-06 0.000107223 0.00140681 0.0108843 0.0496706 0.133894 0.21474 0.212239 0.149209 0.101944 0.0718547 0.0383199 0.0128327 0.00256727 0.000303622 2.11836e-05 8.71557e-07 2.11445e-08 3.02467e-10 2.55119e-12 1.26885e-14 3.72092e-17
 1.91905e-11 2.08295e-09 1.33308e-07 5.03064e-06 0.000111938 0.00146866 0.0113626 0.0518498 0.139714 0.223643 0.218993 0.148508 0.0943695 0.0632104 0.0331909 0.0110776 0.00221466 0.000261885 1.82712e-05 7.51727e-07 1.82374e-08 2.6088e-10 2.20043e-12 1.0944e-14 3.20933e-17
 1.87941e-11 2.03992e-09 1.30554e-07 4.92671e-06 0.000109625 0.00143833 0.011128 0.0507809 0.136859 0.219276 0.21568 0.148852 0.0980847 0.0674504 0.0357066 0.0119385 0.00238762 0.000282357 1.96997e-05 8.10503e-07 1.96633e-08 2.81278e-10 2.37248e-12 1.17997e-14 3.46027e-17
 1.86703e-11 2.02649e-09 1.29695e-07 4.89428e-06 0.000108904 0.00142886 0.0110548 0.0504473 0.135968 0.217913 0.214647 0.148959 0.0992441 0.0687736 0.0364917 0.0122071 0.00244159 0.000288745 2.01455e-05 8.28846e-07 2.01083e-08 2.87644e-10 2.42617e-12 1.20667e-14 3.53858e-17
 1.92408e-11 2.08841e-09 1.33658e-07 5.04383e-06 0.000112231 0.00147251 0.0113924 0.0519854 0.140077 0.224197 0.219413 0.148464 0.0938982 0.0626725 0.0328717 0.0109684 0.00219272 0.000259288 1.80899e-05 7.44271e-07 1.80565e-08 2.58293e-10 2.1786e-12 1.08354e-14 3.1775e-17
 1.96827e-11 2.13637e-09 1.36727e-07 5.15966e-06 0.000114809 0.00150633 0.0116539 0.0531767 0.143259 0.229063 0.223105 0.148081 0.0897575 0.0579468 0.0300678 0.0100089 0.00199996 0.000236472 1.64978e-05 6.78763e-07 1.64672e-08 2.35559e-10 1.98685e-12 9.88173e-15 2.89783e-17
 1.95539e-11 2.12239e-09 1.35833e-07 5.1259e-06 0.000114057 0.00149647 0.0115777 0.0528295 0.142331 0.227645 0.222029 0.148193 0.0909643 0.0593242 0.030885 0.0102886 0.00205614 0.000243122 1.69618e-05 6.97856e-07 1.69304e-08 2.42185e-10 2.04274e-12 1.01597e-14 2.97934e-17
 1.91606e-11 2.0797e-09 1.331e-07 5.02279e-06 0.000111763 0.00146637 0.0113449 0.0517691 0.139499 0.223313 0.218743 0.148534 0.0946502 0.0635307 0.0333809 0.0111426 0.00222773 0.000263432 1.83791e-05 7.56167e-07 1.83451e-08 2.62421e-10 2.21343e-12 1.10086e-14 3.22829e-17
 1.96158e-11 2.1291e-09 1.36262e-07 5.14211e-06 0.000114418 0.00150121 0.0116143 0.0529963 0.142777 0.228326 0.222546 0.148139 0.0903846 0.0586626 0.0304925 0.0101543 0.00202916 0.000239927 1.67389e-05 6.88685e-07 1.67079e-08 2.39002e-10 2.01589e-12 1.00262e-14 2.94019e-17
 1.98258e-11 2.1519e-09 1.37721e-07 5.19717e-06 0.000115643 0.00151728 0.0117386 0.0535626 0.144289 0.23064 0.224301 0.147957 0.0884164 0.0564163 0.0291597 0.0096982 0.00193753 0.000229082 1.59821e-05 6.57546e-07 1.59525e-08 2.28196e-10 1.92474e-12 9.57285e-15 2.80725e-17
#obs catch len freq
 4.58335e-11 4.24769e-09 2.32119e-07 7.47918e-06 0.000142098 0.00159194 0.0105183 0.0410251 0.0949287 0.133719 0.129018 0.118009 0.12369 0.116956 0.0917149 0.0645404 0.0401655 0.0208878 0.00894576 0.00310177 0.000839953 0.000170381 2.48219e-05 2.4999e-06 1.68679e-07
 6.15656e-11 5.50308e-09 2.90042e-07 9.01368e-06 0.000165171 0.00178474 0.0113738 0.0427936 0.0955882 0.13044 0.12369 0.114239 0.12161 0.11807 0.0973911 0.070147 0.0416795 0.0198271 0.00781553 0.00256412 0.000664624 0.000128071 1.75049e-05 1.63743e-06 1.01865e-07
 4.1361e-11 3.55966e-09 1.8064e-07 5.40517e-06 9.53682e-05 0.000992321 0.00609319 0.0221577 0.0486096 0.0702284 0.0883834 0.125891 0.164146 0.163078 0.131393 0.0915151 0.0521957 0.0234561 0.00851121 0.00252861 0.000597227 0.000106506 1.35932e-05 1.18686e-06 6.85697e-08
 2.56842e-11 2.12486e-09 1.03653e-07 2.98143e-06 5.05681e-05 0.000505861 0.00298809 0.0104862 0.0225587 0.0341553 0.0512754 0.0877654 0.134661 0.172423 0.184828 0.151937 0.0896816 0.0389294 0.0132288 0.00361122 0.000772393 0.000124034 1.43213e-05 1.14154e-06 6.06466e-08
 3.83645e-10 3.04631e-08 1.42628e-06 3.93754e-05 0.000640959 0.0061521 0.0348182 0.116197 0.228706 0.265773 0.183433 0.0779978 0.0258689 0.0147501 0.0150765 0.0137762 0.00944169 0.00483811 0.00184773 0.000518369 0.000105824 1.5575e-05 1.62065e-06 1.15964e-07 5.5459e-09
 2.88882e-10 2.19847e-08 9.86521e-07 2.61025e-05 0.000407242 0.00374676 0.0203372 0.0652832 0.125489 0.153491 0.148959 0.156348 0.154934 0.10648 0.0458583 0.0131552 0.00347076 0.00128473 0.000522122 0.000164512 3.61537e-05 5.38684e-06 5.37358e-07 3.55364e-08 1.54078e-09
 6.57236e-10 4.78725e-08 2.05607e-06 5.20687e-05 0.000777506 0.00684588 0.0355465 0.108905 0.197443 0.215045 0.15147 0.0900652 0.0653526 0.0534384 0.0396731 0.0232185 0.00933087 0.0023858 0.000392953 4.86449e-05 6.04007e-06 7.61711e-07 7.46027e-08 4.87502e-09 2.03398e-10
 8.01907e-10 5.58342e-08 2.29226e-06 5.54899e-05 0.00079206 0.00666687 0.0331012 0.0971065 0.169786 0.184701 0.148611 0.123619 0.106617 0.071669 0.0355003 0.0145762 0.00526077 0.00154251 0.000335857 5.13013e-05 5.3322e-06 3.8445e-07 2.09606e-08 9.35833e-10 3.26843e-11
 1.18122e-09 7.8523e-08 3.07788e-06 7.11367e-05 0.00096946 0.00779087 0.0369324 0.103453 0.172768 0.179784 0.139211 0.113273 0.0989599 0.0727716 0.0433746 0.0209699 0.00748983 0.00182854 0.000307913 3.84868e-05 3.77286e-06 2.80396e-07 1.463e-08 5.10854e-10 1.18916e-11
 1.49061e-09 9.4501e-08 3.53261e-06 7.78652e-05 0.00101202 0.00775683 0.035082 0.093913 0.151156 0.157526 0.136367 0.131192 0.120129 0.085263 0.048098 0.0222628 0.00782966 0.00194478 0.00033877 4.22527e-05 3.79657e-06 2.43521e-07 1.10592e-08 3.51844e-10 7.65544e-12
 2.10427e-09 1.27093e-07 4.52615e-06 9.50444e-05 0.00117686 0.00859386 0.0370371 0.0945661 0.145849 0.148557 0.131744 0.131497 0.1222 0.0897135 0.0533204 0.0250355 0.00839127 0.0018921 0.000290987 3.21661e-05 2.64919e-06 1.60361e-07 6.8479e-09 1.99077e-10 3.85418e-12
 3.93023e-09 2.25923e-07 7.65757e-06 0.000153042 0.00180355 0.012534 0.0513963 0.124704 0.181615 0.169893 0.129309 0.109645 0.0931602 0.0651766 0.0372581 0.0167219 0.00531463 0.00112872 0.000161715 1.63249e-05 1.19958e-06 6.39977e-08 2.42158e-09 6.34167e-11 1.1235e-12
 6.21007e-09 3.39442e-07 1.09401e-05 0.000207907 0.00232979 0.0153963 0.0600412 0.138624 0.192642 0.173946 0.131121 0.109237 0.0859131 0.0523205 0.0251429 0.00969841 0.00275793 0.000534265 6.98052e-05 6.37785e-06 4.22029e-07 2.02357e-08 6.85344e-10 1.59559e-11 2.50129e-13
 7.79284e-09 4.04693e-07 1.2392e-05 0.000223744 0.00238217 0.0149592 0.0554726 0.122218 0.164861 0.154643 0.137742 0.132731 0.106781 0.0636917 0.0297653 0.011001 0.00293017 0.000519007 6.02591e-05 4.74914e-06 2.66873e-07 1.09434e-08 3.22522e-10 6.62418e-12 9.22544e-14
 1.20537e-08 5.94258e-07 1.7275e-05 0.000296111 0.00299298 0.0178432 0.0628207 0.131442 0.168571 0.15096 0.129568 0.122128 0.0996609 0.0639469 0.0329271 0.0127949 0.00338407 0.000577968 6.40141e-05 4.77271e-06 2.49237e-07 9.2335e-09 2.39011e-10 4.23323e-12 5.05728e-14
 1.71819e-08 8.03626e-07 2.21629e-05 0.000360406 0.00345607 0.0195503 0.0653559 0.130282 0.161681 0.147719 0.137147 0.132044 0.102029 0.0597375 0.0278208 0.00991194 0.00244313 0.000393155 4.1356e-05 2.9453e-06 1.47062e-07 5.17983e-09 1.26111e-10 2.07143e-12 2.25728e-14
 2.91647e-08 1.29333e-06 3.38178e-05 0.000521407 0.00474057 0.025424 0.08056 0.152039 0.177629 0.149875 0.126161 0.113323 0.0853163 0.0503093 0.0236143 0.00821842 0.00191885 0.000286344 2.74313e-05 1.75158e-06 7.79993e-08 2.47476e-09 5.5216e-11 8.42363e-13 8.5745e-15
 4.34504e-08 1.82595e-06 4.52452e-05 0.000661078 0.00569593 0.0289531 0.0870081 0.156209 0.175972 0.149303 0.130719 0.115811 0.0811354 0.0431172 0.0181491 0.00576987 0.00125512 0.000176894 1.61648e-05 9.89533e-07 4.19969e-08 1.2471e-09 2.54833e-11 3.5062e-13 3.20156e-15
 6.26699e-08 2.4947e-06 5.85554e-05 0.000810429 0.00661468 0.0318556 0.0907656 0.15505 0.16875 0.144468 0.131385 0.117138 0.0820818 0.0445331 0.0190693 0.00597948 0.00125289 0.000168944 1.48302e-05 8.78442e-07 3.61864e-08 1.03844e-09 2.03271e-11 2.65242e-13 2.27197e-15
 9.16497e-08 3.45473e-06 7.6787e-05 0.00100638 0.00777857 0.0354808 0.0958296 0.155769 0.163902 0.141211 0.131397 0.116416 0.0809281 0.0441546 0.0188779 0.0058056 0.00118901 0.000159057 1.41975e-05 8.70657e-07 3.69852e-08 1.07032e-09 2.06214e-11 2.60432e-13 2.13737e-15
 1.43219e-07 5.11102e-06 0.000107548 0.00133445 0.00976506 0.0421741 0.107902 0.166493 0.16764 0.140621 0.127497 0.108098 0.0714027 0.0369168 0.0148582 0.00426677 0.000809883 9.96873e-05 8.15496e-06 4.61298e-07 1.84403e-08 5.15236e-10 9.78043e-12 1.22819e-13 1.00036e-15
 2.10404e-07 7.10753e-06 0.000141571 0.0016628 0.0115185 0.0471042 0.114243 0.167971 0.164433 0.139718 0.128328 0.106157 0.0676473 0.0337495 0.013028 0.00356452 0.000644815 7.61089e-05 6.00832e-06 3.27411e-07 1.24455e-08 3.25279e-10 5.72025e-12 6.65864e-14 5.07037e-16
 3.06982e-07 9.81542e-06 0.000185053 0.0020573 0.0134903 0.0522363 0.120123 0.168488 0.160936 0.13881 0.128548 0.103917 0.0645027 0.0313938 0.0116829 0.00303876 0.000519208 5.7873e-05 4.32762e-06 2.24186e-07 8.1179e-09 2.02052e-10 3.37368e-12 3.70724e-14 2.64433e-16
 4.6953e-07 1.42098e-05 0.000253576 0.00266836 0.016562 0.0607125 0.132259 0.176223 0.161403 0.135392 0.121631 0.0950558 0.0575937 0.0274473 0.00988027 0.00245717 0.000400685 4.28535e-05 3.09428e-06 1.54858e-07 5.37947e-09 1.2725e-10 2.00562e-12 2.07333e-14 1.38924e-16
 6.83011e-07 1.95663e-05 0.000330508 0.00329218 0.0193445 0.0671598 0.138834 0.177033 0.159636 0.136707 0.122241 0.0911071 0.0516717 0.0228952 0.00765844 0.0017722 0.000268971 2.67547e-05 1.79696e-06 8.3907e-08 2.73524e-09 6.10636e-11 9.11079e-13 8.91186e-15 5.633e-17
 9.28659e-07 2.51843e-05 0.00040272 0.00379768 0.0211293 0.0695189 0.136727 0.168661 0.154821 0.141763 0.12933 0.0934749 0.0506975 0.0213224 0.00668478 0.00142866 0.000196849 1.7386e-05 1.01284e-06 4.05302e-08 1.14189e-09 2.25122e-11 3.02938e-13 2.71247e-15 1.5841e-17
 1.32926e-06 3.41296e-05 0.000516715 0.00461344 0.0243053 0.0757609 0.141484 0.167244 0.150898 0.138629 0.125528 0.0906861 0.0503421 0.0216336 0.00672877 0.00139366 0.000185003 1.58228e-05 8.97029e-07 3.4651e-08 9.18187e-10 1.64621e-11 1.96112e-13 1.53392e-15 7.82285e-18
 1.92718e-06 4.68537e-05 0.000671691 0.00567888 0.0283348 0.0837018 0.148568 0.168829 0.150635 0.138509 0.121913 0.0840982 0.0444154 0.0180963 0.00531742 0.00104081 0.00013123 1.07539e-05 5.89778e-07 2.21659e-08 5.71034e-10 9.89738e-12 1.12997e-13 8.36955e-16 3.98017e-18
#spawning biomass
 27675.5 29916.4 20401.6 13626 23500.9 40018.9 86166.5 125827 156840 174599 167975 200058 239211 232057 214634 215295 224725 228747 230827 271640 251458 232135 236262 250941 294023 268133 239174 193946 201795 309826 120844 48462.5 26056.4 19887 18311.7 17929.7 17840.3 17820 17815.4 17814.5 17814.2 17814.2 17814.2 17814.2 17814.2 17814.2 17814.2 17814.2 17814.2 17814.2 17814.2 17814.2 17814.2 17814.2 17814.2 17814.2 17814.2 17814.2 17814.2 17814.2 17814.2 17814.2 17814.2 17814.2 17814.2 17814.2 17814.2 17814.2 17814.2 17814.2 17814.2 17814.2 17814.2 17814.2 17814.2 17814.2 17814.2 17814.2 17814.2 17814.2 17814.2 17814.2 17814.2 17814.2 17814.2 17814.2 17814.2 17814.2 17814.2 17814.2 17814.2 17814.2 17814.2 17814.2 17814.2 17814.2 17814.2 17814.2 17814.2 17814.2 17814.2 17814.2 17814.2 17814.2 17814.2 17814.2 17814.2 17814.2 17814.2 17814.2 17814.2 17814.2 17814.2 17814.2 17814.2 17814.2 17814.2 17814.2 17814.2 17814.2 17814.2 17814.2 17814.2 17814.2 17814.2 17814.2 17814.2 17814.2 0 0 0 0 0 0 0 0 0 0 0 0 0 0 0 0 0 0 0 0 0 0 0 0 0
