SBPRF35
0.175648
Curr Bio
230566
B35
340648
F35
0.713323
FOFL
0.330528
OFL
26202.6
Bzero
50185.1
#pred survey bio
 8126.75 7219.58 5822.42 6775.66 10487.7 17072.2 25676 39410.4 65763.7 82036.8 99791.9 145805 204712 277073 230216 216916 205011 235964 236811 230409 240691 265380 303081 333413 377686 378140 333698 345017 277043 7.47927e+06 4.94379e+06 2.95308e+06 1.68213e+06 1.0435e+06 745320 606166 538276 502978 483492 472249 465582 461570 459140 457660 456745 456199 455873 455678 455560 455490 455448 455422 455407 455398 455392 455389 455387 455386 455385 455385 455385 455384 455384 455384 455384 455384 455384 455384 455384 455384 455384 455384 455384 455384 455384 455384 455384 455384 455384 455384 455384 455384 455384 455384 455384 455384 455384 455384 455384 455384 455384 455384 455384 455384 455384 455384 455384 455384 455384 455384 455384 455384 455384 455384 455384 455384 455384 455384 455384 455384 455384 455384 455384 455384 455384 455384 455384 455384 455384 455384 455384 455384 455384 455384 455384 455384 455384 455384 455384 0 0 0 0 0 0 0 0 0 0 0 0 0 0 0 0 0 0 0 0 0 0 0 0 0
#obs survey bio
 6823.45 3776.29 6348.23 6584.68 14522.9 17760 22440.8 31074 56423.8 56424.4 64118.5 114058 272244 236615 152908 149981 157558 140863 131569 131374 156735 245631 233081 268886 421775 222462 286582 345295 215316
#pred catch bio
 3399.95 3701.92 3007.37 2912.33 4620.71 8180.36 12451.7 16797.5 34313.3 46345.6 55019 82428.7 101374 181721 146182 148355 127910 150043 156856 153139 157812 168661 203829 219443 240864 268240 228872 240995 221905 26202.6 91274.8 49555.1 24538.4 13351.6 8952.64 7356.75 6808.38 6627.02 6568.67 6550.28 6544.57 6542.82 6542.29 6542.13 6542.08 6542.07 6542.06 6542.06 6542.06 6542.06 6542.06 6542.06 6542.06 6542.06 6542.06 6542.06 6542.06 6542.06 6542.06 6542.06 6542.06 6542.06 6542.06 6542.06 6542.06 6542.06 6542.06 6542.06 6542.06 6542.06 6542.06 6542.06 6542.06 6542.06 6542.06 6542.06 6542.06 6542.06 6542.06 6542.06 6542.06 6542.06 6542.06 6542.06 6542.06 6542.06 6542.06 6542.06 6542.06 6542.06 6542.06 6542.06 6542.06 6542.06 6542.06 6542.06 6542.06 6542.06 6542.06 6542.06 6542.06 6542.06 6542.06 6542.06 6542.06 6542.06 6542.06 6542.06 6542.06 6542.06 6542.06 6542.06 6542.06 6542.06 6542.06 6542.06 6542.06 6542.06 6542.06 6542.06 6542.06 6542.06 6542.06 6542.06 6542.06 6542.06 6542.06 6542.06 6542.06 0 0 0 0 0 0 0 0 0 0 0 0 0 0 0 0 0 0 0 0 0 0 0 0 0
#obs catch bio
 3868.07 4252.11 3336.64 2724.61 4344.52 7710.33 12117.5 15760.6 31849.4 43428.1 56347.7 83793.4 90600.6 177779 155930 155051 134408 160254 163894 158833 167480 166796 199575 216858 214040 264950 222070 216770 218037
#pred cpue bio
 6035.46 5779.52 4292.63 4329.85 6697.06 10587.5 15989.5 24196.4 41179.9 52941.5 61711.6 85744.9 121472 179231 148435 136750 120824 141436 147294 138914 141464 155291 179750 190641 218893 236125 194453 198602 173010 3.88289e+06 4.77563e+06 2.87013e+06 1.59955e+06 960921 662741 523588 455697 420399 400913 389670 383003 378992 376561 375081 374166 373621 373294 373099 372982 372911 372869 372844 372828 372819 372814 372810 372808 372807 372806 372806 372806 372806 372805 372805 372805 372805 372805 372805 372805 372805 372805 372805 372805 372805 372805 372805 372805 372805 372805 372805 372805 372805 372805 372805 372805 372805 372805 372805 372805 372805 372805 372805 372805 372805 372805 372805 372805 372805 372805 372805 372805 372805 372805 372805 372805 372805 372805 372805 372805 372805 372805 372805 372805 372805 372805 372805 372805 372805 372805 372805 372805 372805 372805 372805 372805 372805 372805 372805 372805 0 0 0 0 0 0 0 0 0 0 0 0 0 0 0 0 0 0 0 0 0 0 0 0 0
#obs cpue bio
 8176.12 3924.57 4323.92 6672.08 6920.7 11608.2 18940.4 39904.2 73286 86086.6 76785.6 108298 184741 189061 147094 192760 117607 176204 242034 214498 161736 198243 260358 248034 352459 365405 271591 324701 222767
#pred surv len freq
 1.66703e-11 1.8102e-09 1.1589e-07 4.37428e-06 9.73432e-05 0.00127717 0.00988007 0.0450772 0.121464 0.194675 0.192117 0.134695 0.0928284 0.070167 0.0476464 0.0297348 0.0190045 0.0123542 0.00825445 0.00581313 0.00439994 0.00363354 0.00311124 0.00238109 0.00138337
 1.30423e-11 1.41623e-09 9.06685e-08 3.42229e-06 7.61583e-05 0.00099924 0.00773084 0.0352906 0.0953557 0.15495 0.162929 0.140955 0.131936 0.113907 0.0733472 0.0379412 0.0193217 0.010341 0.00572948 0.00332658 0.00207417 0.00143882 0.00109328 0.000794947 0.000459338
 1.58178e-11 1.71763e-09 1.09964e-07 4.1506e-06 9.23655e-05 0.00121187 0.00937512 0.0427785 0.115341 0.185431 0.185697 0.137465 0.104564 0.0842877 0.058546 0.0359627 0.0204943 0.0101476 0.00449313 0.00200152 0.000959772 0.000514346 0.000316184 0.000203623 0.000112164
 1.86116e-11 2.021e-09 1.29386e-07 4.88368e-06 0.000108679 0.0014259 0.0110304 0.0503218 0.135544 0.216814 0.211942 0.143077 0.0907212 0.0628415 0.0380149 0.0193209 0.00972683 0.00501063 0.00241654 0.001026 0.000390318 0.000149145 6.51735e-05 3.29199e-05 1.60691e-05
 1.83942e-11 1.99739e-09 1.27875e-07 4.82663e-06 0.00010741 0.00140924 0.0109017 0.0497364 0.133993 0.214549 0.210743 0.144979 0.0954652 0.0673222 0.0395257 0.0181649 0.00766275 0.0032327 0.00134119 0.000548159 0.0002093 7.06192e-05 2.2174e-05 7.50793e-06 2.79952e-06
 1.8901e-11 2.05242e-09 1.31398e-07 4.95961e-06 0.000110369 0.00144807 0.0112019 0.0511039 0.137647 0.220153 0.21508 0.144834 0.0912023 0.0623459 0.0364718 0.0169338 0.00712996 0.00282964 0.00101061 0.000336858 0.000109231 3.3806e-05 9.4937e-06 2.41309e-06 6.05071e-07
 1.8746e-11 2.03559e-09 1.3032e-07 4.91894e-06 0.000109464 0.0014362 0.0111101 0.0506863 0.136538 0.218503 0.214059 0.14572 0.0938006 0.0647761 0.0371729 0.0162607 0.00628748 0.00236207 0.0008205 0.000257088 7.23372e-05 1.84335e-05 4.34377e-06 9.34284e-07 1.79579e-07
 1.89914e-11 2.06224e-09 1.32027e-07 4.98334e-06 0.000110897 0.001455 0.0112555 0.0513485 0.138306 0.221212 0.216135 0.145583 0.0916316 0.0622795 0.0356764 0.0157001 0.0060768 0.00221888 0.000722812 0.000210442 5.55927e-05 1.29854e-05 2.63157e-06 4.64483e-07 7.18788e-08
 1.86815e-11 2.02859e-09 1.29872e-07 4.90202e-06 0.000109087 0.00143125 0.0110719 0.0505119 0.136069 0.217757 0.213351 0.145313 0.0937076 0.065033 0.0378496 0.0171182 0.00689586 0.00259708 0.000855769 0.000245328 6.16645e-05 1.33953e-05 2.49281e-06 3.91666e-07 5.11297e-08
 1.8056e-11 1.96067e-09 1.25524e-07 4.7379e-06 0.000105435 0.00138334 0.0107014 0.0488246 0.131566 0.210897 0.208262 0.146223 0.100117 0.0720687 0.0416337 0.0179438 0.00672078 0.00242865 0.000805578 0.000237104 6.05638e-05 1.3008e-05 2.31477e-06 3.37783e-07 3.98698e-08
 1.88369e-11 2.04547e-09 1.30953e-07 4.94281e-06 0.000109995 0.00144316 0.011164 0.0509318 0.137196 0.219527 0.214923 0.145933 0.0934095 0.0641625 0.0365964 0.0157643 0.00587897 0.00206795 0.000649452 0.000180747 4.51613e-05 9.78768e-06 1.76052e-06 2.53915e-07 2.86859e-08
 1.96241e-11 2.13095e-09 1.36425e-07 5.14936e-06 0.000114591 0.00150347 0.0116304 0.0530562 0.142874 0.228255 0.221772 0.14601 0.087201 0.0565295 0.0312925 0.0129901 0.00458235 0.00154262 0.000474185 0.00012887 3.08446e-05 6.36136e-06 1.1098e-06 1.59154e-07 1.79878e-08
 1.94275e-11 2.10959e-09 1.35058e-07 5.09777e-06 0.000113443 0.0014884 0.0115139 0.0525261 0.141462 0.226126 0.220304 0.146659 0.0897735 0.0591268 0.0323654 0.0127727 0.00407179 0.00122923 0.00034857 8.90658e-05 2.04033e-05 4.06531e-06 6.81328e-07 9.35895e-08 1.02533e-08
 1.79615e-11 1.9504e-09 1.24867e-07 4.71309e-06 0.000104883 0.0013761 0.0106454 0.0485698 0.130888 0.209883 0.2076 0.146657 0.101559 0.0735234 0.0422633 0.0178166 0.00631446 0.00205461 0.000572413 0.000134075 2.77579e-05 5.10272e-06 8.071e-07 1.06027e-07 1.11468e-08
 1.79674e-11 1.95104e-09 1.24908e-07 4.71464e-06 0.000104917 0.00137655 0.0106489 0.0485862 0.130937 0.210001 0.2079 0.147342 0.102548 0.0741256 0.0418705 0.01678 0.00545968 0.00168341 0.000480952 0.000120078 2.55146e-05 4.4774e-06 6.47425e-07 7.7803e-08 7.63513e-09
 1.84149e-11 1.99964e-09 1.28019e-07 4.83207e-06 0.000107531 0.00141083 0.010914 0.0497936 0.134161 0.214923 0.211607 0.146873 0.0982412 0.0692874 0.0391103 0.0159541 0.00535292 0.00166572 0.000458064 0.000107985 2.247e-05 4.04866e-06 6.00328e-07 7.05737e-08 6.46978e-09
 1.95004e-11 2.11751e-09 1.35565e-07 5.11691e-06 0.000113869 0.00149399 0.0115571 0.0527231 0.141991 0.226957 0.221046 0.146961 0.08965 0.0587244 0.0317617 0.0121128 0.00358382 0.000985565 0.000257922 6.04169e-05 1.23546e-05 2.14158e-06 3.08468e-07 3.62871e-08 3.36056e-09
 1.92262e-11 2.08774e-09 1.33659e-07 5.04496e-06 0.000112268 0.00147299 0.0113947 0.0519832 0.140015 0.223932 0.218732 0.147134 0.0921196 0.0616011 0.0335585 0.0128297 0.0037853 0.00101421 0.000247009 5.17895e-05 9.60311e-06 1.58406e-06 2.22394e-07 2.54349e-08 2.29589e-09
 1.85927e-11 2.01894e-09 1.29255e-07 4.87871e-06 0.000108569 0.00142445 0.0110193 0.0502737 0.135449 0.21694 0.213372 0.147492 0.0977572 0.0681756 0.0376649 0.014489 0.00430943 0.00116489 0.000284356 5.87438e-05 1.03641e-05 1.56446e-06 1.98888e-07 2.11183e-08 1.82438e-09
 1.91394e-11 2.07831e-09 1.33055e-07 5.02216e-06 0.000111761 0.00146633 0.0113432 0.0517488 0.139388 0.222966 0.217962 0.147085 0.0927442 0.062405 0.0341653 0.0131968 0.00397957 0.00109434 0.000270436 5.63459e-05 9.97966e-06 1.49139e-06 1.82561e-07 1.80456e-08 1.42557e-09
 1.95293e-11 2.12065e-09 1.35766e-07 5.12449e-06 0.000114038 0.0014962 0.0115742 0.0528011 0.1422 0.227286 0.221337 0.147073 0.0895902 0.0585639 0.03154 0.0118749 0.0033987 0.000880805 0.000211762 4.42102e-05 7.93097e-06 1.19879e-06 1.47489e-07 1.44691e-08 1.10937e-09
 1.95895e-11 2.12719e-09 1.36185e-07 5.14029e-06 0.000114389 0.00150082 0.0116099 0.0529636 0.142635 0.227956 0.221874 0.147115 0.0891709 0.0580187 0.0311231 0.0116152 0.00325323 0.000813509 0.000187147 3.70471e-05 6.33138e-06 9.354e-07 1.1516e-07 1.14007e-08 8.79254e-10
 1.93867e-11 2.10516e-09 1.34774e-07 5.08705e-06 0.000113205 0.00148528 0.0114897 0.0524162 0.141172 0.225711 0.220128 0.147148 0.090852 0.0600446 0.03248 0.0122681 0.00352275 0.000906482 0.000210311 4.09123e-05 6.73113e-06 9.46245e-07 1.10854e-07 1.05973e-08 8.0638e-10
 1.99352e-11 2.16473e-09 1.38588e-07 5.231e-06 0.000116408 0.0015273 0.0118147 0.0538964 0.145126 0.231772 0.224803 0.146933 0.0861147 0.054444 0.0288756 0.0106905 0.00295177 0.000724961 0.000164964 3.23884e-05 5.40914e-06 7.5911e-07 8.67146e-08 7.94461e-09 5.7659e-10
 1.97234e-11 2.14173e-09 1.37115e-07 5.17542e-06 0.000115171 0.00151108 0.0116892 0.053325 0.143601 0.229444 0.223054 0.147169 0.0881767 0.0567594 0.030199 0.0110814 0.0029812 0.000702184 0.000153015 2.87681e-05 4.62882e-06 6.39765e-07 7.33201e-08 6.73144e-09 4.81687e-10
 1.84972e-11 2.00857e-09 1.2859e-07 4.85365e-06 0.000108011 0.00141713 0.0109628 0.0500161 0.134763 0.215905 0.212658 0.147804 0.0990009 0.0694311 0.0381823 0.0143833 0.0040656 0.00101918 0.000228896 4.2539e-05 6.59367e-06 8.70911e-07 9.57992e-08 8.55886e-09 6.0612e-10
 1.96527e-11 2.13405e-09 1.36624e-07 5.15686e-06 0.000114758 0.00150566 0.0116473 0.0531341 0.14309 0.228654 0.222411 0.147088 0.0886223 0.0573727 0.0307116 0.0114392 0.00319041 0.000791885 0.000179996 3.47323e-05 5.62161e-06 7.56132e-07 8.18587e-08 7.04607e-09 4.78815e-10
 1.98208e-11 2.1523e-09 1.37792e-07 5.20097e-06 0.00011574 0.00151854 0.0117469 0.0535878 0.144303 0.230522 0.223894 0.14716 0.0873794 0.0557933 0.0295451 0.0107592 0.00284406 0.000653664 0.000140471 2.64067e-05 4.25665e-06 5.83293e-07 6.52876e-08 5.77462e-09 3.93679e-10
 1.84552e-11 2.00402e-09 1.28299e-07 4.84264e-06 0.000107766 0.00141392 0.0109379 0.0499033 0.134464 0.215477 0.212465 0.148273 0.100051 0.0703063 0.038245 0.013849 0.00354584 0.000769077 0.000154971 2.72049e-05 4.07829e-06 5.29324e-07 5.78646e-08 5.13454e-09 3.57454e-10
#obs surv len freq
 1.24977e-11 1.3571e-09 8.68826e-08 3.27939e-06 7.29784e-05 0.000957517 0.00740805 0.0338171 0.0913753 0.148495 0.156253 0.135788 0.129147 0.11595 0.0812427 0.0479225 0.0269917 0.0143048 0.00666438 0.00258614 0.000797722 0.000187626 3.22624e-05 3.88432e-06 3.14947e-07
 6.525e-12 7.08539e-10 4.53613e-08 1.71217e-06 3.81027e-05 0.000499973 0.00386986 0.0177044 0.0483607 0.0827224 0.105937 0.138573 0.179979 0.17598 0.121338 0.0665922 0.0333496 0.0154626 0.00643133 0.00231268 0.000672719 0.000147801 2.32999e-05 2.53698e-06 1.85004e-07
 1.84168e-11 1.99985e-09 1.28032e-07 4.83256e-06 0.000107542 0.00141097 0.0109149 0.0497932 0.134089 0.214198 0.207843 0.135963 0.081295 0.0584941 0.0444085 0.0308431 0.0179658 0.00829605 0.00309835 0.00096808 0.00024854 4.94448e-05 7.14876e-06 7.13229e-07 4.73341e-08
 1.43906e-11 1.56265e-09 1.00042e-07 3.7761e-06 8.40322e-05 0.00110256 0.00853053 0.0389467 0.105284 0.171283 0.1801 0.153216 0.135971 0.108364 0.0608087 0.0237207 0.00798924 0.00300182 0.00113963 0.000353845 8.32014e-05 1.45629e-05 1.8542e-06 1.65296e-07 9.91356e-09
 1.78674e-11 1.94018e-09 1.24212e-07 4.6884e-06 0.000104334 0.0013689 0.0105901 0.0483252 0.130307 0.209397 0.208439 0.148768 0.102277 0.0721034 0.0413753 0.0180514 0.00640814 0.00189085 0.000464439 0.000102179 2.03935e-05 3.27577e-06 3.79542e-07 3.01465e-08 1.60037e-09
 1.6197e-11 1.75881e-09 1.126e-07 4.25011e-06 9.45806e-05 0.00124096 0.00960112 0.0438284 0.118382 0.191684 0.196895 0.154746 0.121749 0.0895242 0.0480132 0.0176974 0.00498107 0.00123124 0.000270761 4.92586e-05 7.15205e-06 8.31445e-07 7.63187e-08 5.20926e-09 2.46035e-10
 1.66258e-11 1.80536e-09 1.15581e-07 4.36261e-06 9.70842e-05 0.00127381 0.00985533 0.0449892 0.121511 0.196633 0.201151 0.155332 0.118089 0.0843979 0.044606 0.0163305 0.00449348 0.00101705 0.000188534 2.7678e-05 3.22035e-06 2.9491e-07 2.05425e-08 1.0519e-09 3.85654e-11
 1.62245e-11 1.76179e-09 1.12791e-07 4.25733e-06 9.47416e-05 0.00124309 0.00961808 0.0439146 0.118702 0.192683 0.199266 0.157966 0.123037 0.0875619 0.0450902 0.0157647 0.00404324 0.000844519 0.000145351 1.95422e-05 1.98679e-06 1.50641e-07 8.38661e-09 3.36834e-10 9.57006e-12
 1.69633e-11 1.84202e-09 1.17928e-07 4.45119e-06 9.90558e-05 0.00129969 0.010056 0.0459119 0.124062 0.201016 0.205998 0.158144 0.11656 0.0793854 0.039747 0.0135592 0.0033663 0.00066857 0.000107311 1.3247e-05 1.2223e-06 8.32224e-08 4.08663e-09 1.40745e-10 3.32535e-12
 1.4371e-11 1.56052e-09 9.99058e-08 3.77097e-06 8.39192e-05 0.00110114 0.00852154 0.0389405 0.105617 0.173757 0.188238 0.166021 0.142861 0.103102 0.0509174 0.016412 0.0036802 0.000641206 9.15396e-05 1.03151e-05 8.7521e-07 5.44221e-08 2.41744e-09 7.46777e-11 1.56862e-12
 1.73971e-11 1.88913e-09 1.20943e-07 4.56503e-06 0.000101589 0.00133296 0.0103138 0.0470963 0.12732 0.206501 0.211671 0.16072 0.11385 0.0732276 0.0343724 0.0107325 0.00232005 0.000381138 4.97353e-05 4.97791e-06 3.68101e-07 1.99206e-08 7.80389e-10 2.15584e-11 4.07492e-13
 1.5774e-11 1.71287e-09 1.09659e-07 4.13912e-06 9.21122e-05 0.00120865 0.00935362 0.0427404 0.115854 0.189856 0.201696 0.167132 0.13071 0.0869695 0.0399919 0.0117629 0.00227466 0.000316803 3.48277e-05 3.05061e-06 2.02767e-07 9.84367e-09 3.40883e-10 8.22851e-12 1.35517e-13
 1.67401e-11 1.81778e-09 1.16376e-07 4.39265e-06 9.77543e-05 0.00128268 0.00992624 0.0453501 0.122831 0.200522 0.209639 0.16575 0.121037 0.0767056 0.0344568 0.0100951 0.00198446 0.000283668 3.10843e-05 2.54953e-06 1.49616e-07 6.20323e-09 1.8291e-10 3.81644e-12 5.51073e-14
 1.31774e-11 1.43092e-09 9.16087e-08 3.45782e-06 7.69531e-05 0.00100987 0.00781893 0.0357922 0.0976761 0.16397 0.187414 0.178732 0.156647 0.106564 0.047833 0.0135712 0.0025211 0.000333131 3.37445e-05 2.62272e-06 1.49144e-07 5.98989e-09 1.6685e-10 3.16938e-12 4.03486e-14
 1.42372e-11 1.54599e-09 9.89762e-08 3.73591e-06 8.3142e-05 0.00109108 0.00844731 0.0386583 0.105354 0.175758 0.196261 0.177249 0.145935 0.0952344 0.041734 0.0117001 0.0021721 0.000288104 2.88348e-05 2.14559e-06 1.13574e-07 4.18578e-09 1.07134e-10 1.89041e-12 2.25655e-14
 1.52279e-11 1.65357e-09 1.05864e-07 3.99588e-06 8.89275e-05 0.001167 0.0090348 0.0413383 0.112536 0.186794 0.204587 0.176029 0.136192 0.0847566 0.0358351 0.00968673 0.00171563 0.000213969 2.00618e-05 1.41597e-06 7.2113e-08 2.56517e-09 6.27473e-11 1.04051e-12 1.14954e-14
 1.60801e-11 1.74611e-09 1.11788e-07 4.2195e-06 9.39043e-05 0.00123231 0.00954029 0.0436454 0.118724 0.196315 0.211769 0.174937 0.127745 0.0757359 0.03079 0.00797339 0.00132894 0.000151581 1.27246e-05 8.05624e-07 3.7293e-08 1.21809e-09 2.75689e-11 4.26448e-13 4.4254e-15
 1.40895e-11 1.52995e-09 9.79497e-08 3.69722e-06 8.22844e-05 0.00107998 0.00836529 0.0383384 0.104927 0.176979 0.20167 0.184082 0.146724 0.0898054 0.0366098 0.00950889 0.00161577 0.000191215 1.65645e-05 1.04405e-06 4.60483e-08 1.38572e-09 2.83412e-11 3.93836e-13 3.68423e-15
 1.48733e-11 1.61507e-09 1.03399e-07 3.90292e-06 8.68628e-05 0.00114008 0.00883078 0.0404663 0.110653 0.185822 0.208287 0.18276 0.138491 0.0814373 0.0322699 0.00820521 0.00137161 0.000160223 1.3724e-05 8.57291e-07 3.76137e-08 1.12655e-09 2.27272e-11 3.05517e-13 2.69887e-15
 1.59485e-11 1.73182e-09 1.10874e-07 4.18506e-06 9.3142e-05 0.00122248 0.00946813 0.0433685 0.118369 0.197324 0.215854 0.179299 0.127109 0.0714835 0.0278475 0.0071481 0.00124127 0.000153528 1.38103e-05 8.81355e-07 3.85779e-08 1.13875e-09 2.25326e-11 2.96404e-13 2.55622e-15
 1.44146e-11 1.56526e-09 1.00211e-07 3.78265e-06 8.41912e-05 0.00110522 0.00856553 0.0393153 0.108001 0.183488 0.210339 0.188506 0.14163 0.0801923 0.0302286 0.00726732 0.00113937 0.000123759 9.87549e-06 5.85178e-07 2.49183e-08 7.3412e-10 1.45552e-11 1.90143e-13 1.60869e-15
 1.55002e-11 1.68315e-09 1.07758e-07 4.06754e-06 9.05319e-05 0.00118843 0.00920935 0.0422474 0.115791 0.195048 0.217767 0.18475 0.130193 0.0704597 0.0259471 0.00620492 0.000982511 0.000108093 8.5306e-06 4.78572e-07 1.85663e-08 4.89848e-10 8.7494e-12 1.05179e-13 8.38963e-16
 1.55025e-11 1.68339e-09 1.07774e-07 4.0682e-06 9.05496e-05 0.00118878 0.00921443 0.0422995 0.116126 0.196281 0.22013 0.186525 0.129379 0.06809 0.024211 0.00554057 0.00082802 8.48693e-05 6.24128e-06 3.31246e-07 1.23485e-08 3.14018e-10 5.34195e-12 5.99258e-14 4.37568e-16
 1.66448e-11 1.80744e-09 1.15716e-07 4.36797e-06 9.72216e-05 0.00127633 0.00989155 0.045379 0.124273 0.208226 0.227515 0.182368 0.117766 0.0583697 0.0198182 0.00433881 0.000614055 5.84986e-05 3.92779e-06 1.88934e-07 6.39607e-09 1.48526e-10 2.32469e-12 2.42113e-14 1.65441e-16
 1.45713e-11 1.58229e-09 1.01303e-07 3.82412e-06 8.51289e-05 0.00111805 0.00867564 0.0399441 0.110508 0.190222 0.220764 0.194235 0.135772 0.0693918 0.0234729 0.00504434 0.000695573 6.4015e-05 4.1e-06 1.85397e-07 5.82129e-09 1.23922e-10 1.76155e-12 1.65744e-14 1.02266e-16
 1.34323e-11 1.45862e-09 9.33873e-08 3.52549e-06 7.84928e-05 0.00103133 0.00801207 0.0370063 0.103237 0.181278 0.218529 0.201343 0.144588 0.0740172 0.0247971 0.00528116 0.000726101 6.69384e-05 4.27627e-06 1.9012e-07 5.76584e-09 1.16696e-10 1.55658e-12 1.35913e-14 7.71129e-17
 1.64795e-11 1.78951e-09 1.1457e-07 4.32497e-06 9.62785e-05 0.00126443 0.00980869 0.0451024 0.124151 0.210057 0.232325 0.185942 0.115837 0.0540162 0.0172518 0.00360143 0.000493847 4.58478e-05 2.9492e-06 1.30974e-07 3.92994e-09 7.8073e-11 1.01442e-12 8.54993e-15 4.634e-17
 1.49841e-11 1.62714e-09 1.04178e-07 3.93295e-06 8.75695e-05 0.00115068 0.0089392 0.0412613 0.11469 0.198585 0.229912 0.195853 0.12756 0.0595904 0.0183346 0.00355952 0.0004361 3.47485e-05 1.88362e-06 7.19137e-08 1.93872e-09 3.60447e-11 4.49006e-13 3.66137e-15 1.92044e-17
 1.16475e-11 1.26485e-09 8.09887e-08 3.05818e-06 6.8132e-05 0.000896668 0.00699485 0.032638 0.09321 0.171546 0.22159 0.215409 0.154287 0.0750044 0.0232522 0.00450369 0.000550823 4.37879e-05 2.33472e-06 8.47855e-08 2.08311e-09 3.40771e-11 3.67048e-13 2.59248e-15 1.19716e-17
#pred catch len freq
 1.2517e-11 1.3592e-09 8.70172e-08 3.28446e-06 7.30912e-05 0.000958995 0.00741933 0.0338653 0.0914602 0.148262 0.154243 0.129429 0.117691 0.103374 0.0731139 0.0461087 0.02958 0.0192516 0.0128659 0.00906093 0.0068582 0.00566361 0.0048495 0.00371142 0.00215626
 9.09788e-12 9.87921e-10 6.32477e-08 2.38729e-06 5.31262e-05 0.00069707 0.00539399 0.0246452 0.0668963 0.111158 0.128324 0.139755 0.161639 0.150616 0.0987719 0.0513911 0.0262626 0.014078 0.00780304 0.00453074 0.00282499 0.00195966 0.00148904 0.00108271 0.000625612
 1.21185e-11 1.31592e-09 8.42464e-08 3.17988e-06 7.0764e-05 0.000928466 0.00718335 0.0327931 0.0886314 0.144217 0.152564 0.134487 0.129661 0.11712 0.0837646 0.0518355 0.0296181 0.0146785 0.00650079 0.00289597 0.00138868 0.000744201 0.000457483 0.00029462 0.000162289
 1.52329e-11 1.65412e-09 1.05898e-07 3.99712e-06 8.89502e-05 0.00116707 0.00902874 0.0412035 0.11117 0.179334 0.182446 0.142462 0.116843 0.0949286 0.0601251 0.0309097 0.015629 0.00806473 0.0038911 0.00165216 0.000628532 0.000240169 0.000104949 5.3011e-05 2.58761e-05
 1.50139e-11 1.63033e-09 1.04375e-07 3.93965e-06 8.76713e-05 0.00115029 0.00889907 0.0406145 0.109618 0.177137 0.181643 0.145501 0.123392 0.100839 0.0616997 0.0286477 0.0121374 0.00513138 0.00213033 0.000870791 0.000332493 0.000112185 3.52256e-05 1.19271e-05 4.4473e-06
 1.59404e-11 1.73094e-09 1.10816e-07 4.18277e-06 9.30815e-05 0.00122127 0.00944798 0.0431147 0.116299 0.187384 0.189583 0.145264 0.115636 0.0917406 0.0560411 0.026292 0.0111129 0.00441805 0.0015788 0.000526307 0.000170664 5.28192e-05 1.48331e-05 3.77025e-06 9.45374e-07
 1.57655e-11 1.71195e-09 1.096e-07 4.13687e-06 9.206e-05 0.00120787 0.00934438 0.0426435 0.11505 0.18555 0.188561 0.146625 0.119122 0.0948573 0.0566968 0.0250446 0.00972133 0.00365941 0.00127203 0.000398625 0.000112163 2.85824e-05 6.73529e-06 1.44867e-06 2.78448e-07
 1.57817e-11 1.71371e-09 1.09713e-07 4.14112e-06 9.21547e-05 0.00120911 0.00935398 0.0426872 0.115166 0.185721 0.188662 0.146518 0.118843 0.0946586 0.0567719 0.0252647 0.00982322 0.00359534 0.00117219 0.000341343 9.01759e-05 2.10635e-05 4.26863e-06 7.5343e-07 1.16594e-07
 1.58904e-11 1.7255e-09 1.10468e-07 4.16963e-06 9.27891e-05 0.00121743 0.00941833 0.04298 0.115944 0.186881 0.189396 0.145948 0.117099 0.0930058 0.0562612 0.0256792 0.0103793 0.00391516 0.00129077 0.000370074 9.30215e-05 2.02069e-05 3.76041e-06 5.9083e-07 7.71294e-08
 1.5322e-11 1.66378e-09 1.06517e-07 4.02048e-06 8.94701e-05 0.00117389 0.00908163 0.041447 0.111856 0.180679 0.184922 0.147187 0.123551 0.0998116 0.0595163 0.0258424 0.0097068 0.003513 0.00116588 0.00034319 8.76623e-05 1.88282e-05 3.35047e-06 4.88918e-07 5.77089e-08
 1.62912e-11 1.76903e-09 1.13255e-07 4.2748e-06 9.51296e-05 0.00124814 0.00965582 0.0440623 0.118843 0.19139 0.193189 0.146828 0.115229 0.0900073 0.0532793 0.0231496 0.0086594 0.00305061 0.000958587 0.000266814 6.66668e-05 1.44485e-05 2.59886e-06 3.74826e-07 4.23458e-08
 1.74741e-11 1.89748e-09 1.21478e-07 4.5852e-06 0.000102037 0.00133876 0.0103566 0.0472547 0.127376 0.204504 0.203479 0.146937 0.10589 0.0785309 0.0453115 0.0189892 0.00671848 0.002265 0.000696606 0.00018934 4.53184e-05 9.3464e-06 1.63056e-06 2.33836e-07 2.64284e-08
 1.68023e-11 1.82452e-09 1.16808e-07 4.40891e-06 9.81139e-05 0.00128729 0.00995864 0.0454424 0.122541 0.197149 0.198078 0.148096 0.11306 0.086308 0.0493702 0.0196836 0.00629813 0.00190574 0.000540966 0.000138264 3.1675e-05 6.31119e-06 1.05773e-06 1.45293e-07 1.59176e-08
 1.58225e-11 1.71813e-09 1.09997e-07 4.15182e-06 9.23929e-05 0.00121223 0.00937818 0.042798 0.11547 0.186252 0.189391 0.147556 0.120119 0.0954047 0.0562549 0.0238494 0.00846732 0.0027574 0.000768448 0.000180004 3.72666e-05 6.85064e-06 1.08357e-06 1.42345e-07 1.4965e-08
 1.56888e-11 1.70362e-09 1.09067e-07 4.11674e-06 9.16121e-05 0.00120199 0.00929899 0.0424378 0.114515 0.184847 0.188594 0.148549 0.122697 0.0976758 0.0566465 0.022836 0.00744474 0.00229807 0.000656871 0.000164018 3.48514e-05 6.11581e-06 8.84334e-07 1.06273e-07 1.0429e-08
 1.66053e-11 1.80314e-09 1.15438e-07 4.35722e-06 9.69637e-05 0.0012722 0.00984194 0.0449106 0.121117 0.194941 0.196249 0.147763 0.114141 0.0879284 0.0508879 0.0208717 0.00701294 0.00218362 0.000600622 0.000141598 2.94641e-05 5.30881e-06 7.87177e-07 9.25392e-08 8.48344e-09
 1.76544e-11 1.91706e-09 1.22732e-07 4.63251e-06 0.00010309 0.00135257 0.0104635 0.0477421 0.128687 0.206592 0.205467 0.148112 0.106238 0.0779812 0.0436656 0.016782 0.00497603 0.00137001 0.000358724 8.40408e-05 1.71857e-05 2.97899e-06 4.29086e-07 5.04761e-08 4.6746e-09
 1.73578e-11 1.88485e-09 1.2067e-07 4.55469e-06 0.000101358 0.00132985 0.0102878 0.0469419 0.12655 0.20332 0.202965 0.148298 0.10891 0.0810972 0.0456174 0.0175643 0.00519249 0.00139271 0.000339361 7.11629e-05 1.31956e-05 2.17663e-06 3.05587e-07 3.49494e-08 3.15472e-09
 1.66935e-11 1.81271e-09 1.16051e-07 4.38036e-06 9.74786e-05 0.00127896 0.00989421 0.0451492 0.121762 0.195987 0.197341 0.148663 0.114806 0.0879807 0.0499285 0.0193198 0.00575572 0.00155719 0.000380273 7.85675e-05 1.38616e-05 2.0924e-06 2.66002e-07 2.82446e-08 2.44001e-09
 1.74216e-11 1.89178e-09 1.21113e-07 4.57142e-06 0.00010173 0.00133474 0.0103256 0.0471138 0.127008 0.204013 0.203454 0.148122 0.10813 0.0802957 0.0452671 0.017598 0.0053157 0.00146289 0.000361639 7.5355e-05 1.33464e-05 1.99451e-06 2.44147e-07 2.41331e-08 1.90647e-09
 1.78835e-11 1.94193e-09 1.24324e-07 4.69262e-06 0.000104427 0.00137012 0.0105992 0.0483603 0.13034 0.209132 0.207464 0.148145 0.104451 0.0757826 0.04214 0.0159784 0.00458144 0.00118834 0.000285816 5.96774e-05 1.07057e-05 1.61819e-06 1.99088e-07 1.9531e-08 1.49747e-09
 1.78458e-11 1.93784e-09 1.24062e-07 4.68273e-06 0.000104207 0.00136724 0.0105769 0.0482587 0.130069 0.208725 0.207187 0.148281 0.104961 0.076293 0.042343 0.0159225 0.00446858 0.00111859 0.00025747 5.09766e-05 8.71211e-06 1.28712e-06 1.5846e-07 1.56874e-08 1.20985e-09
 1.77968e-11 1.93252e-09 1.23721e-07 4.66986e-06 0.000103921 0.00136348 0.0105478 0.0481263 0.129715 0.208174 0.206725 0.148177 0.105199 0.0766746 0.0427265 0.016244 0.00467192 0.00120304 0.000279207 5.43198e-05 8.93703e-06 1.25633e-06 1.4718e-07 1.40699e-08 1.07062e-09
 1.84398e-11 2.00234e-09 1.28192e-07 4.8386e-06 0.000107676 0.00141274 0.0109288 0.0498615 0.13435 0.215281 0.212215 0.147951 0.0996838 0.0701337 0.0384893 0.0143584 0.00397179 0.000976271 0.000222238 4.36384e-05 7.28804e-06 1.02278e-06 1.16834e-07 1.0704e-08 7.76856e-10
 1.80405e-11 1.95898e-09 1.25416e-07 4.73381e-06 0.000105344 0.00138215 0.0106922 0.0487841 0.131474 0.210887 0.208898 0.148348 0.103499 0.0744508 0.0410044 0.0151624 0.00408715 0.000963666 0.000210116 3.95108e-05 6.35752e-06 8.78687e-07 1.00701e-07 9.24523e-09 6.61567e-10
 1.68943e-11 1.83452e-09 1.17448e-07 4.43307e-06 9.86515e-05 0.00129435 0.0100132 0.0456914 0.123212 0.198228 0.199154 0.148864 0.113499 0.0862196 0.0485035 0.0183606 0.00519578 0.0013031 0.000292726 5.44044e-05 8.43278e-06 1.11381e-06 1.22516e-07 1.09457e-08 7.75154e-10
 1.8225e-11 1.97902e-09 1.26699e-07 4.78224e-06 0.000106422 0.00139629 0.0108015 0.0492819 0.132802 0.212909 0.210389 0.148049 0.10156 0.0723414 0.0398959 0.0149577 0.00417801 0.00103762 0.000235913 4.55252e-05 7.36847e-06 9.91079e-07 1.07293e-07 9.23533e-09 6.27585e-10
 1.85171e-11 2.01073e-09 1.28729e-07 4.85888e-06 0.000108127 0.00141866 0.0109746 0.0500701 0.134909 0.216148 0.212935 0.148091 0.099277 0.0695165 0.0379066 0.0138934 0.00367769 0.000845662 0.00018177 3.41722e-05 5.50837e-06 7.54805e-07 8.4484e-08 7.4725e-09 5.09429e-10
 1.7481e-11 1.89823e-09 1.21527e-07 4.58702e-06 0.000102077 0.00133929 0.0103608 0.0472748 0.127445 0.204738 0.204286 0.148994 0.108978 0.080585 0.0444824 0.0161566 0.00413827 0.000897366 0.000180776 3.17309e-05 4.75649e-06 6.17329e-07 6.74842e-08 5.98809e-09 4.16875e-10
#obs catch len freq
 1.19898e-11 1.30196e-09 8.33523e-08 3.14614e-06 7.00131e-05 0.00091861 0.00710701 0.0324423 0.0876516 0.142374 0.149514 0.129384 0.123556 0.114492 0.0867752 0.057508 0.0352567 0.0191264 0.00889035 0.00348434 0.00111383 0.000275791 4.99198e-05 6.27941e-06 5.28017e-07
 1.22185e-11 1.32679e-09 8.4942e-08 3.20614e-06 7.13484e-05 0.000936137 0.00724284 0.0330671 0.0893981 0.145624 0.154571 0.136988 0.132063 0.118279 0.0824142 0.0483904 0.0270323 0.0141245 0.00644611 0.00243238 0.000723813 0.000162851 2.65613e-05 3.0109e-06 2.28492e-07
 6.37543e-12 6.92297e-10 4.43215e-08 1.67292e-06 3.72295e-05 0.000488524 0.00378156 0.0173069 0.0473489 0.0814761 0.106007 0.14085 0.18261 0.176848 0.120892 0.0658598 0.0326375 0.01491 0.00607949 0.00212517 0.000595211 0.00012483 1.86423e-05 1.91025e-06 1.30369e-07
 1.83335e-11 1.9908e-09 1.27453e-07 4.81072e-06 0.000107055 0.0014046 0.0108657 0.0495703 0.133508 0.213387 0.207479 0.136547 0.0823916 0.0594003 0.0448684 0.0308033 0.0176248 0.00797514 0.00291206 0.000884291 0.000218674 4.15083e-05 5.67948e-06 5.32804e-07 3.30811e-08
 1.4359e-11 1.55922e-09 9.98224e-08 3.76781e-06 8.38478e-05 0.00110015 0.00851208 0.0388666 0.105112 0.171261 0.180877 0.154856 0.136996 0.107734 0.0595924 0.023 0.0076967 0.00285287 0.00105435 0.000316242 7.14255e-05 1.19254e-05 1.43727e-06 1.20454e-07 6.75571e-09
 1.79252e-11 1.94647e-09 1.24615e-07 4.70358e-06 0.000104672 0.00137334 0.0106246 0.0484849 0.13076 0.210248 0.209596 0.149775 0.102302 0.0710351 0.0401494 0.0172644 0.0060168 0.0017355 0.000416513 8.91793e-05 1.71196e-05 2.61702e-06 2.86609e-07 2.14004e-08 1.06269e-09
 1.63315e-11 1.77341e-09 1.13535e-07 4.28541e-06 9.53662e-05 0.00125127 0.00968109 0.0441964 0.119403 0.193463 0.198929 0.155984 0.121061 0.0872733 0.0459666 0.0166749 0.00461494 0.00111519 0.000238126 4.1864e-05 5.84741e-06 6.49599e-07 5.64735e-08 3.6221e-09 1.59917e-10
 1.67899e-11 1.82319e-09 1.16722e-07 4.40569e-06 9.8043e-05 0.0012864 0.0099529 0.0454375 0.122747 0.198737 0.203405 0.156468 0.117064 0.0818686 0.0424427 0.0152699 0.00411974 0.000908606 0.000163266 2.31478e-05 2.58688e-06 2.25995e-07 1.49221e-08 7.19846e-10 2.47085e-11
 1.64247e-11 1.78353e-09 1.14183e-07 4.30986e-06 9.59108e-05 0.00125844 0.00973705 0.044461 0.120206 0.195217 0.201891 0.159116 0.121615 0.0845412 0.0426509 0.0146382 0.00367846 0.000748043 0.000124554 1.6131e-05 1.57245e-06 1.13701e-07 6.00355e-09 2.27422e-10 6.06168e-12
 1.71844e-11 1.86602e-09 1.19464e-07 4.5092e-06 0.000100347 0.00131664 0.0101873 0.0465145 0.125713 0.203758 0.208708 0.159104 0.114832 0.0762206 0.0373314 0.0124867 0.00303334 0.000585682 9.08199e-05 1.0787e-05 9.53325e-07 6.18329e-08 2.87776e-09 9.35214e-11 2.07631e-12
 1.4667e-11 1.59267e-09 1.01964e-07 3.84866e-06 8.56484e-05 0.00112384 0.00869752 0.0397489 0.107837 0.177465 0.191924 0.167291 0.140404 0.0987305 0.0476837 0.0150574 0.00330239 0.00055933 7.70645e-05 8.34074e-06 6.76828e-07 4.00524e-08 1.68516e-09 4.91027e-11 9.69212e-13
 1.76514e-11 1.91674e-09 1.22711e-07 4.63176e-06 0.000103075 0.00135245 0.0104649 0.0477894 0.129215 0.209611 0.214598 0.161452 0.111597 0.0697101 0.0319205 0.00974975 0.00205863 0.000328303 4.12936e-05 3.96648e-06 2.8045e-07 1.44388e-08 5.35284e-10 1.39334e-11 2.47303e-13
 1.60682e-11 1.74482e-09 1.11705e-07 4.21634e-06 9.3831e-05 0.00123122 0.00952859 0.0435444 0.118061 0.193512 0.205194 0.168026 0.127977 0.0827296 0.0371083 0.0106701 0.00201528 0.000272718 2.88927e-05 2.42387e-06 1.53729e-07 7.09257e-09 2.32392e-10 5.28659e-12 8.17581e-14
 1.7024e-11 1.84861e-09 1.1835e-07 4.46715e-06 9.94125e-05 0.00130445 0.0100951 0.0461257 0.124957 0.204024 0.21291 0.166437 0.118329 0.0727471 0.0318391 0.00911076 0.0017466 0.00024202 2.55141e-05 2.00406e-06 1.12318e-07 4.42965e-09 1.23572e-10 2.42735e-12 3.28797e-14
 1.35258e-11 1.46874e-09 9.40306e-08 3.54925e-06 7.89883e-05 0.0010366 0.00802647 0.036749 0.100325 0.168437 0.191792 0.17988 0.153194 0.101299 0.0443479 0.0122888 0.00222601 0.000285155 2.77713e-05 2.06312e-06 1.11784e-07 4.26318e-09 1.12326e-10 2.01106e-12 2.40576e-14
 1.45794e-11 1.58315e-09 1.01355e-07 3.82572e-06 8.51413e-05 0.00111734 0.00865121 0.0395983 0.107953 0.180108 0.200411 0.178127 0.142448 0.0902444 0.0385347 0.0105422 0.00190603 0.000244666 2.35123e-05 1.67159e-06 8.43102e-08 2.95029e-09 7.13631e-11 1.18494e-12 1.32693e-14
 1.55608e-11 1.68972e-09 1.08178e-07 4.08325e-06 9.08725e-05 0.00119255 0.0092332 0.042253 0.115061 0.190991 0.208483 0.176641 0.132686 0.0800487 0.0329385 0.00868151 0.00149671 0.000180608 1.62482e-05 1.09395e-06 5.29826e-08 1.78665e-09 4.12709e-11 6.44004e-13 6.6764e-15
 1.6391e-11 1.77987e-09 1.13949e-07 4.3011e-06 9.57209e-05 0.00125618 0.00972571 0.0445009 0.121087 0.200235 0.215349 0.175357 0.12436 0.0713983 0.0282176 0.00711933 0.00115477 0.000127492 1.02704e-05 6.19622e-07 2.72349e-08 8.42182e-10 1.79768e-11 2.61273e-13 2.54033e-15
 1.44363e-11 1.56762e-09 1.00361e-07 3.78825e-06 8.43115e-05 0.00110663 0.00857259 0.0392982 0.1076 0.181482 0.205886 0.184671 0.142826 0.0847662 0.0336184 0.00850547 0.00140454 0.000160499 1.33177e-05 7.99811e-07 3.35274e-08 9.56184e-10 1.84548e-11 2.40915e-13 2.10972e-15
 1.52022e-11 1.65078e-09 1.05686e-07 3.98925e-06 8.87854e-05 0.00116536 0.00902755 0.0413783 0.113195 0.190093 0.212218 0.183159 0.134708 0.0767502 0.0295635 0.00731669 0.00118756 0.000133799 1.09639e-05 6.51652e-07 2.7128e-08 7.68731e-10 1.4621e-11 1.84683e-13 1.52902e-15
 1.62659e-11 1.76629e-09 1.1308e-07 4.26838e-06 9.49976e-05 0.00124688 0.00965806 0.0442481 0.120813 0.201383 0.21946 0.179464 0.123472 0.0671937 0.0254154 0.00634148 0.00106681 0.000126915 1.09038e-05 6.61922e-07 2.74859e-08 7.67095e-10 1.42938e-11 1.76445e-13 1.42434e-15
 1.47545e-11 1.60217e-09 1.02574e-07 3.87189e-06 8.61794e-05 0.00113139 0.00876961 0.0402649 0.110663 0.187975 0.214389 0.18868 0.137486 0.0753957 0.0276081 0.00645479 0.000981666 0.000102725 7.82531e-06 4.39676e-07 1.76895e-08 4.91103e-10 9.15111e-12 1.12087e-13 8.8736e-16
 1.58247e-11 1.71839e-09 1.10015e-07 4.15274e-06 9.24304e-05 0.00121342 0.00940429 0.043154 0.118326 0.199272 0.22145 0.184698 0.126246 0.0660988 0.0236175 0.00548539 0.000840953 8.89496e-05 6.69736e-06 3.567e-07 1.30979e-08 3.25931e-10 5.4662e-12 6.14442e-14 4.57005e-16
 1.58278e-11 1.71873e-09 1.10037e-07 4.15365e-06 9.2454e-05 0.00121386 0.00941029 0.0432121 0.118682 0.200534 0.22377 0.186316 0.125317 0.0637825 0.0219954 0.00488761 0.000707348 6.97248e-05 4.88868e-06 2.45814e-07 8.65249e-09 2.07199e-10 3.30941e-12 3.47566e-14 2.37014e-16
 1.69444e-11 1.83997e-09 1.17799e-07 4.44666e-06 9.89755e-05 0.00129944 0.0100721 0.04622 0.126623 0.212094 0.230704 0.181967 0.114002 0.0545803 0.0179484 0.00381251 0.000522458 4.78907e-05 3.06703e-06 1.39723e-07 4.46213e-09 9.74686e-11 1.43036e-12 1.39223e-14 8.86878e-17
 1.4907e-11 1.61874e-09 1.03638e-07 3.91231e-06 8.7096e-05 0.00114401 0.00887909 0.0408985 0.113207 0.194746 0.224576 0.193807 0.131325 0.0649341 0.0212999 0.00444259 0.000593035 5.24954e-05 3.20627e-06 1.37308e-07 4.06772e-09 8.14842e-11 1.08651e-12 9.55566e-15 5.49455e-17
 1.37771e-11 1.49606e-09 9.57855e-08 3.61611e-06 8.05157e-05 0.00105807 0.00822233 0.0379989 0.106072 0.186086 0.222615 0.200877 0.139835 0.0693022 0.02252 0.0046527 0.000618495 5.47516e-05 3.33151e-06 1.40241e-07 4.01419e-09 7.64898e-11 9.57591e-13 7.82046e-15 4.1378e-17
 1.67811e-11 1.82226e-09 1.16668e-07 4.40424e-06 9.80475e-05 0.00128779 0.00999195 0.0459615 0.126564 0.214002 0.235406 0.185208 0.111919 0.0503909 0.0155656 0.003145 0.000416058 3.70108e-05 2.26401e-06 9.51152e-08 2.69194e-09 5.03157e-11 6.13284e-13 4.83433e-15 2.44446e-17
 1.53085e-11 1.66238e-09 1.06435e-07 4.0183e-06 8.9476e-05 0.00117591 0.00913799 0.0422004 0.117357 0.202998 0.233364 0.194941 0.123078 0.0555768 0.0165604 0.00311714 0.000369574 2.83315e-05 1.46379e-06 5.27546e-08 1.33425e-09 2.32083e-11 2.70085e-13 2.05469e-15 1.00412e-17
#spawning biomass
 7193.11 6602.95 5145.84 5677.12 8790.22 14158.5 21331 32574.7 54737.3 69051.2 82703.8 118726 167244 233450 193774 181069 167110 193484 196756 189312 196015 215797 247603 268971 306114 314652 270959 278986 230566 166984 226649 122025 61260.9 34098.7 23417.8 19542.9 18211.4 17771.1 17629.4 17584.8 17570.9 17566.6 17565.4 17565 17564.8 17564.8 17564.8 17564.8 17564.8 17564.8 17564.8 17564.8 17564.8 17564.8 17564.8 17564.8 17564.8 17564.8 17564.8 17564.8 17564.8 17564.8 17564.8 17564.8 17564.8 17564.8 17564.8 17564.8 17564.8 17564.8 17564.8 17564.8 17564.8 17564.8 17564.8 17564.8 17564.8 17564.8 17564.8 17564.8 17564.8 17564.8 17564.8 17564.8 17564.8 17564.8 17564.8 17564.8 17564.8 17564.8 17564.8 17564.8 17564.8 17564.8 17564.8 17564.8 17564.8 17564.8 17564.8 17564.8 17564.8 17564.8 17564.8 17564.8 17564.8 17564.8 17564.8 17564.8 17564.8 17564.8 17564.8 17564.8 17564.8 17564.8 17564.8 17564.8 17564.8 17564.8 17564.8 17564.8 17564.8 17564.8 17564.8 17564.8 17564.8 17564.8 17564.8 17564.8 17564.8 0 0 0 0 0 0 0 0 0 0 0 0 0 0 0 0 0 0 0 0 0 0 0 0 0
