SBPRF35
0.112871
Curr Bio
225.17
B35
380.33
F35
1.59297
FOFL
1.59297
OFL
82.8072
Bzero
32247.4
#pred survey bio
 1464.27 1161.08 896.278 735.219 625.811 565.835 525.005 502.104 489.618 475.49 469.379 470.429 464.744 463.56 465.312 468.814 477.165 482.695 485.313 484.567 485.795 491.27 492.392 487.678 481.311 476.855 477.552 473.876 477.626 480.535 477.084 476.558 471.233 471.025 470.453 464.191 460.907 453.938 451.626 440.526 431.194 417.488 399.43 376.79 349.639 333.744 315.95 309.579 293.599 288.483 279.457 272.731 258.606 246.294 240.133 233.034 229.776 226.53 226.326 228.376 222.323 213.792 210.391 212.616 205.999 207.104 209.643 202.12 200.151 200.259 201.714 200.028 195.96 206.54 209.33 213.169 211.85 199.374 206.93 220.163 222.918 228.088 226.535 232.063 233.5 235.992 237.58 224.957 220.474 214.658 218.736 217.991 222.49 232.186 221.512 196.646 149.156 30.918 23.6788 25.1959 24.1718 24.6931 24.9508 24.8121 26.3459 24.5476 24.4904 28.2459 98.0883 6412.2 25476.7 64792.8 110962 141183 154744 161280 165045 167424 168977 169997 170668 171109 171398 171588 171711 171791 171843 171876 171898 171912 171921 171927 171931 171934 171935 171936 171937 171937 171938 171938 171938 171938 171938 171938 171938 171938 171938 171938 171938 171938 171938 171938 171938 171938 171938 171938 171938 171938 171938 171938 171938 171938 171938 171938 171938 171938 171938 171938 171938 171938 171938 171938 171938 171938 171938 171938 171938 171938 171938 171938 171938 171938 171938 171938 171938 171938 171938 171938 171938 171938 171938 171938 171938 171938 171938 171938 171938 171938 171938 171938 171938 171938 171938 171938 171938 171938 171938 171938 171938 0 0 0 0 0 0 0 0 0 0 0 0 0 0 0 0 0 0 0 0 0 0 0 0 0
#obs survey bio
 750.917 732.664 632.777 439.518 412.662 587.79 429.762 333.891 367.545 497.134 404.514 380.106 419.714 410.61 410.11 417.467 451.939 477.455 442.183 401.002 576.385 422.181 489.501 398.338 393.544 544.433 529.553 398.624 512.949 351.644 354.229 416.349 439.748 584.789 300.592 491.595 472.745 321.73 298.625 331.406 344.913 538.44 311.19 255.709 345.936 284.127 329.962 338.482 314.86 377.803 249.586 211.11 246.29 183.266 271.527 289.194 302.476 266.503 186.224 155.18 193.585 241.412 222.968 200.378 239.389 202.98 203.214 175.327 190.876 310.813 199.205 257.08 186.594 154.212 214.066 270.219 253.917 231.922 243.148 271.488 256.778 249.873 208.874 215.804 196.658 344.42 279.804 274.781 171.681 200.408 278.112 216.584 337.553 300.184 246.642 282.119 205.59 40.6493 44.2197 50.7382 38.9002 42.9597 37.4712 25.7934 54.3979 32.3542 43.4879 24.7475 45.9802
#pred catch bio
 129.754 167.427 120.87 109.343 84.6724 81.1023 71.7816 65.9369 71.4627 65.7025 59.8115 69.0043 66.0529 64.5972 64.277 59.7793 62.6608 64.9019 67.2781 63.5599 56.8307 59.5533 64.8985 66.8093 65.4875 60.5784 66.3211 59.1033 60.4145 67.7931 64.6291 69.6003 63.4557 62.889 68.143 63.4732 65.7254 58.5616 66.4851 63.4807 67.8185 73.4044 80.9923 90.5592 83.3408 90.4625 81.6912 95.7217 85.983 91.8753 90.0112 99.2881 98.579 93.1839 95.766 92.5371 93.7626 91.8052 90.9313 101.709 105.395 99.7912 93.7115 105.026 97.3501 97.5349 111.536 108.33 110.861 114.822 124.293 132.654 121.073 137.331 141.255 150.857 166.623 147.114 151.517 175.5 179.154 190.765 183.243 189.44 188.804 190.613 205.546 190.555 190.725 179.207 186.97 182.851 180.544 205.017 203.805 194.872 250.576 58.183 42.9745 45.3358 44.1904 46.0847 46.0628 45.6426 48.8647 45.3369 44.0901 47.373 41.7802 82.8072 328.371 1049.85 2495.95 3437.95 3686.55 3731.31 3738.36 3739.41 3739.56 3739.58 3739.59 3739.59 3739.59 3739.59 3739.59 3739.59 3739.59 3739.59 3739.59 3739.59 3739.59 3739.59 3739.59 3739.59 3739.59 3739.59 3739.59 3739.59 3739.59 3739.59 3739.59 3739.59 3739.59 3739.59 3739.59 3739.59 3739.59 3739.59 3739.59 3739.59 3739.59 3739.59 3739.59 3739.59 3739.59 3739.59 3739.59 3739.59 3739.59 3739.59 3739.59 3739.59 3739.59 3739.59 3739.59 3739.59 3739.59 3739.59 3739.59 3739.59 3739.59 3739.59 3739.59 3739.59 3739.59 3739.59 3739.59 3739.59 3739.59 3739.59 3739.59 3739.59 3739.59 3739.59 3739.59 3739.59 3739.59 3739.59 3739.59 3739.59 3739.59 3739.59 3739.59 3739.59 3739.59 3739.59 3739.59 3739.59 3739.59 3739.59 3739.59 3739.59 3739.59 3739.59 3739.59 3739.59 3739.59 3739.59 3739.59 0 0 0 0 0 0 0 0 0 0 0 0 0 0 0 0 0 0 0 0 0 0 0 0 0
#obs catch bio
 0 171.172 123.856 113.003 87.4816 84.0969 74.1903 68.055 74.1803 67.889 61.5255 71.783 68.5598 66.9787 66.6561 61.84 64.98 67.2694 69.7994 65.7638 58.2363 61.1182 66.714 68.8621 67.6688 62.258 68.5189 60.8692 62.081 70.3744 66.9696 72.4805 65.5825 64.7227 70.7162 65.6327 68.0579 60.1134 68.8179 65.488 70.2688 75.666 83.7452 94.565 86.2295 94.4478 84.5058 99.6253 88.4045 94.1473 92.0815 102.049 100.469 95.8355 98.5742 94.2334 95.1617 92.3608 91.8069 103.415 107.811 101.207 94.1573 105.836 97.1672 97.7427 112.261 110.318 111.029 112.787 123.131 130.44 120.646 135.974 138.565 146.08 160.599 140.815 144.211 166.071 170.482 184.818 177.763 184.094 181.776 178.926 194.198 181.791 181.908 171.291 178.432 173.285 168.443 192.09 192.596 182.047 225.281 50.7101 36.9228 38.326 36.8422 39.9605 40.2664 39.8101 41.8914 39.0535 37.9228 41.9972 40.7699
#pred cpue bio
 1479.32 1157.5 875.506 704.87 590.17 528.392 486.891 464.178 451.966 437.033 430.164 430.827 424.054 422.164 423.251 425.932 434.197 440.225 443.819 444.022 446.28 453.003 454.751 449.811 442.817 437.764 438.246 433.824 437.411 440.178 436.373 436.381 431.476 432.008 431.976 426.007 423.998 418.29 417.43 406.655 397.781 384.093 365.242 340.729 310.571 292.25 271.981 264.522 246.94 241.151 231.569 224.861 209.962 196.382 189.172 181.075 177.232 173.243 171.891 172.792 165.657 156.528 152.998 155.102 147.456 147.317 148.733 139.493 134.728 130.98 128.554 123.244 115.456 121.481 120.355 120.782 118.038 105.223 107.413 112.483 109.22 110.631 108.385 112.342 113.697 115.62 116.729 107.766 105.701 100.829 102.83 101.873 104.16 110.268 103.174 92.8177 73.6313 5.65179 3.55319 3.9939 4.00234 3.77368 3.7405 3.8727 3.99421 3.86518 3.74838 4.39451 12.1844 1661.65 6739.94 21854.3 57593.1 91604.2 107780 115302 119454 121995 123616 124665 125349 125795 126087 126277 126401 126482 126533 126567 126589 126603 126612 126618 126622 126624 126626 126627 126628 126628 126628 126629 126629 126629 126629 126629 126629 126629 126629 126629 126629 126629 126629 126629 126629 126629 126629 126629 126629 126629 126629 126629 126629 126629 126629 126629 126629 126629 126629 126629 126629 126629 126629 126629 126629 126629 126629 126629 126629 126629 126629 126629 126629 126629 126629 126629 126629 126629 126629 126629 126629 126629 126629 126629 126629 126629 126629 126629 126629 126629 126629 126629 126629 126629 126629 126629 126629 126629 126629 126629 126629 0 0 0 0 0 0 0 0 0 0 0 0 0 0 0 0 0 0 0 0 0 0 0 0 0
#obs cpue bio
 867.627 567.495 311.506 519.196 275.361 308.502 345.747 349.33 367.189 281.543 287.824 225.036 250.023 274.511 270.205 221.195 260.685 302.268 307.633 321.443 408.77 350.878 353.286 289.525 250.707 290.288 255.69 223.555 365.234 215.357 279.974 297.504 345.399 323.387 255.941 235.764 309.325 448.844 343.018 342.263 282.697 397.919 300.66 241.014 239.863 168.689 172.719 178.089 180.59 173.005 172.725 198.575 212.216 118.017 126.06 148.562 122.284 157.111 144.361 179.319 134.61 137.792 149.636 150.221 149.113 127.685 139.14 99.813 194.917 157.751 124.244 139.696 98.2172 214.104 190.913 200.352 192.115 189.173 210.765 229.887 184.514 142.377 184.272 199.505 275.28 291.591 216.441 179.412 264.035 213.044 189.91 248.906 247.962 220.676 211.09 216.309 209.111 31.1843 23.0734 29.0363 41.2517 19.0079 20.7987 31.1464 23.2333 29.4861 23.8784 32.9844 27.6851
#pred surv len freq
 5.98593e-027 6.21167e-021 1.33371e-015 3.90649e-011 1.56092e-007 8.50836e-005 0.00632675 0.0641782 0.0888117 0.0171285 0.0146795 0.076227 0.056263 0.0235465 0.069869 0.0461097 0.0563697 0.0574978 0.0614168 0.0627042 0.0657106 0.0682912 0.0752108 0.0678723 0.0217015
 6.53684e-027 7.18583e-021 1.54287e-015 4.51913e-011 1.80571e-007 9.8427e-005 0.00731895 0.074243 0.10274 0.019795 0.0162104 0.084055 0.0620175 0.0253039 0.0744641 0.0483421 0.0554303 0.0552788 0.0564098 0.0565324 0.058667 0.0600571 0.0638374 0.0588053 0.0203936
 7.06532e-027 8.12106e-021 1.74367e-015 5.10729e-011 2.04072e-007 0.000111237 0.00827151 0.0839057 0.116111 0.0223772 0.0185501 0.0962246 0.0709533 0.0277393 0.0804727 0.0516796 0.0566059 0.0546868 0.051502 0.048889 0.0487699 0.0490182 0.0507523 0.0466089 0.0167705
 7.45873e-027 8.81775e-021 1.89326e-015 5.54543e-011 2.21579e-007 0.00012078 0.0089811 0.0911038 0.126072 0.0242918 0.0199394 0.103399 0.0762543 0.0301226 0.0876805 0.0557721 0.0585554 0.0556395 0.050005 0.044284 0.0408556 0.039056 0.0393299 0.035588 0.0129494
 7.74159e-027 9.3189e-021 2.00086e-015 5.86061e-011 2.34172e-007 0.000127644 0.00949154 0.0962816 0.133237 0.0256735 0.021118 0.109518 0.0807561 0.0315885 0.0916439 0.0583577 0.0615394 0.0576454 0.0494312 0.0418906 0.0356667 0.0310097 0.0295153 0.0260582 0.00944929
 7.87689e-027 9.5589e-021 2.05239e-015 6.01154e-011 2.40203e-007 0.000130932 0.00973598 0.0987612 0.136669 0.0263362 0.0217198 0.112648 0.0830681 0.0325959 0.0946661 0.0601994 0.0630997 0.0592403 0.0509684 0.0417721 0.0335178 0.0263806 0.0226229 0.0190476 0.00681957
 7.96919e-027 9.7227e-021 2.08756e-015 6.11455e-011 2.44319e-007 0.000133175 0.00990282 0.100454 0.139011 0.0267879 0.0221067 0.114657 0.0845505 0.0332035 0.0964561 0.061337 0.0642803 0.0601747 0.0513701 0.0421174 0.0328798 0.0238861 0.0179968 0.0138554 0.00484002
 8.03453e-027 9.83869e-021 2.11246e-015 6.1875e-011 2.47234e-007 0.000134764 0.010021 0.101652 0.140669 0.0271039 0.0222297 0.115272 0.0850054 0.0334255 0.0971448 0.0618156 0.0649739 0.060876 0.0520246 0.0424392 0.0329524 0.0230372 0.0153908 0.0103728 0.00345889
 8.08275e-027 9.9243e-021 2.13084e-015 6.24133e-011 2.49385e-007 0.000135937 0.0101082 0.102536 0.141893 0.027337 0.0223168 0.115706 0.0853205 0.0334115 0.09697 0.0617483 0.0651151 0.0611121 0.0524673 0.0428872 0.0332105 0.0229063 0.0141359 0.00816376 0.00251764
 8.16611e-027 1.0072e-020 2.16255e-015 6.3342e-011 2.53096e-007 0.000137959 0.0102586 0.104062 0.144004 0.0277405 0.0225225 0.116752 0.0860849 0.0335208 0.0970968 0.0616939 0.0644251 0.0603733 0.0517226 0.0423364 0.0328378 0.0225398 0.0133373 0.00670017 0.00185281
 8.2178e-027 1.01635e-020 2.18221e-015 6.3918e-011 2.55397e-007 0.000139214 0.0103518 0.105008 0.145314 0.0279907 0.022646 0.117379 0.0865429 0.0335897 0.0971869 0.0617066 0.0642253 0.0600504 0.051133 0.0417884 0.0324398 0.0222875 0.0129283 0.00585938 0.00143323
 8.22626e-027 1.01786e-020 2.18544e-015 6.40126e-011 2.55775e-007 0.00013942 0.0103672 0.105164 0.145529 0.0280324 0.0226912 0.117615 0.0867155 0.0336131 0.0972114 0.061728 0.0642759 0.0601154 0.0512038 0.0417109 0.0322908 0.0222015 0.0127857 0.00542419 0.00118609
 8.26157e-027 1.02411e-020 2.19886e-015 6.44055e-011 2.57346e-007 0.000140276 0.0104308 0.105809 0.146422 0.0282056 0.022876 0.11858 0.0874245 0.0338108 0.0977036 0.0619236 0.0639255 0.0596211 0.0504448 0.0409726 0.0315775 0.0216285 0.0124143 0.00507061 0.00101774
 8.29635e-027 1.03026e-020 2.21208e-015 6.47927e-011 2.58893e-007 0.000141119 0.0104935 0.106445 0.147302 0.028372 0.0228873 0.118618 0.0874549 0.0338929 0.0980107 0.0621066 0.0640535 0.0596165 0.0501056 0.0404805 0.0310381 0.0211529 0.0120802 0.0048311 0.000916368
 8.33622e-027 1.03732e-020 2.22723e-015 6.52366e-011 2.60666e-007 0.000142086 0.0105654 0.107175 0.148311 0.0285631 0.022917 0.11875 0.087548 0.0337997 0.0976134 0.0618969 0.0640373 0.0596173 0.0500812 0.0402742 0.0306658 0.0207627 0.0117806 0.00464657 0.000851948
 8.34098e-027 1.03816e-020 2.22904e-015 6.52894e-011 2.60877e-007 0.000142201 0.0105739 0.107262 0.148432 0.0285888 0.0230349 0.119378 0.088006 0.0338393 0.0975897 0.0618326 0.0637432 0.0593889 0.0500455 0.0402533 0.0305341 0.0205068 0.0115399 0.00450058 0.000808558
 8.27411e-027 1.02633e-020 2.20363e-015 6.45453e-011 2.57904e-007 0.00014058 0.0104534 0.106039 0.14674 0.0282695 0.023029 0.119391 0.0880209 0.0340053 0.0982291 0.0622335 0.064135 0.059764 0.0504162 0.0406988 0.0309504 0.0207028 0.0115415 0.00445149 0.000788686
 8.20729e-027 1.01451e-020 2.17825e-015 6.38017e-011 2.54933e-007 0.000138961 0.010333 0.104817 0.145049 0.0279481 0.0229299 0.118904 0.087672 0.0341431 0.0989001 0.0627092 0.0648581 0.0604225 0.0508925 0.0410894 0.031333 0.0210042 0.0116392 0.00443807 0.000777268
 8.154e-027 1.00508e-020 2.15801e-015 6.3209e-011 2.52564e-007 0.00013767 0.010237 0.103844 0.143702 0.0276907 0.0228056 0.118274 0.0872138 0.0341396 0.0990659 0.0629166 0.0655534 0.0611469 0.0516021 0.0416128 0.0317086 0.0213089 0.0118065 0.00446099 0.00077268
 8.13646e-027 1.00198e-020 2.15135e-015 6.30139e-011 2.51785e-007 0.000137245 0.0102054 0.103523 0.143258 0.0276041 0.0226913 0.117674 0.0867742 0.0340505 0.0988905 0.0628606 0.0657589 0.0614602 0.0521382 0.0421163 0.0320814 0.021546 0.0119582 0.00449926 0.000771736
 8.11839e-027 9.98786e-021 2.14449e-015 6.28131e-011 2.50983e-007 0.000136807 0.0101729 0.103193 0.142802 0.0275151 0.0225798 0.11709 0.0863429 0.0338675 0.0983471 0.0625906 0.0658364 0.0616855 0.0526895 0.0428021 0.032752 0.0220063 0.0122155 0.00459225 0.000782521
 8.07739e-027 9.91535e-021 2.12892e-015 6.23571e-011 2.4916e-007 0.000135814 0.010099 0.102444 0.141765 0.0273157 0.022429 0.11631 0.0857684 0.0336641 0.0977799 0.0622977 0.0658561 0.061931 0.053466 0.0437869 0.0338123 0.0228541 0.0127001 0.00477364 0.000810825
 8.07342e-027 9.90837e-021 2.12742e-015 6.23131e-011 2.48985e-007 0.000135719 0.0100919 0.102372 0.141665 0.0272947 0.0223449 0.115863 0.0854384 0.0335322 0.0973942 0.0620422 0.0655431 0.0616968 0.0534775 0.0441467 0.0344651 0.0235436 0.0131615 0.00495161 0.000840023
 8.10255e-027 9.9599e-021 2.13849e-015 6.26372e-011 2.5028e-007 0.000136424 0.0101444 0.102904 0.142402 0.0274354 0.0224124 0.116205 0.0856861 0.033504 0.0971877 0.0618567 0.0650921 0.0611676 0.0528073 0.043647 0.0343161 0.0237396 0.0134217 0.00507347 0.000860946
 8.14241e-027 1.00304e-020 2.15362e-015 6.30806e-011 2.52051e-007 0.00013739 0.0102162 0.103633 0.14341 0.0276282 0.0225162 0.116734 0.0860736 0.0335753 0.0973134 0.0618553 0.0647054 0.0606695 0.0520741 0.0428539 0.033656 0.0234737 0.0134606 0.00513955 0.000874761
 8.18027e-027 1.00974e-020 2.168e-015 6.35017e-011 2.53734e-007 0.000138307 0.0102844 0.104325 0.144367 0.0278107 0.0225891 0.117099 0.0863406 0.0336201 0.0973837 0.0618685 0.064568 0.0604294 0.0515832 0.0422405 0.0329839 0.022993 0.0133293 0.00516153 0.000884672
 8.18671e-027 1.01088e-020 2.17045e-015 6.35733e-011 2.5402e-007 0.000138463 0.010296 0.104442 0.14453 0.027842 0.0226119 0.117217 0.0864257 0.033606 0.0972966 0.061832 0.0646194 0.0605048 0.0516807 0.0421954 0.0327682 0.0227114 0.0132027 0.00518181 0.00089788
 8.22429e-027 1.01752e-020 2.18472e-015 6.39913e-011 2.55691e-007 0.000139374 0.0103637 0.105129 0.14548 0.0280237 0.022708 0.117706 0.0867847 0.0336876 0.0974733 0.0618637 0.0642731 0.0600948 0.0511746 0.0417273 0.0322914 0.0222286 0.0128677 0.00508969 0.000892814
 8.22344e-027 1.01737e-020 2.1844e-015 6.3982e-011 2.55653e-007 0.000139353 0.0103622 0.105114 0.145459 0.028019 0.0226828 0.117572 0.0866856 0.033654 0.0973822 0.0618512 0.0644726 0.0602905 0.0513227 0.0418192 0.0323272 0.0221661 0.0127437 0.00504374 0.000893457
 8.19801e-027 1.01287e-020 2.17473e-015 6.36989e-011 2.54522e-007 0.000138737 0.0103164 0.104648 0.144816 0.027899 0.0227361 0.117874 0.0869071 0.0337073 0.0975038 0.0619218 0.0645175 0.0603768 0.0515104 0.0419655 0.0324105 0.022181 0.0126826 0.00499792 0.000889463
 8.18104e-027 1.00987e-020 2.16828e-015 6.35098e-011 2.53767e-007 0.000138325 0.0102857 0.104338 0.144386 0.0278202 0.0228259 0.118365 0.0872733 0.0339561 0.0983274 0.0623569 0.0645514 0.0602682 0.0511356 0.0416266 0.0321237 0.0219467 0.0125039 0.0048996 0.000871487
 8.14293e-027 1.00312e-020 2.1538e-015 6.30858e-011 2.52072e-007 0.000137401 0.0102171 0.103641 0.143422 0.0276364 0.0227506 0.117987 0.0870021 0.0340547 0.0988169 0.0627415 0.0652919 0.0609079 0.0514616 0.0417254 0.032114 0.0219187 0.0124562 0.00485662 0.000860616
 8.15272e-027 1.00486e-020 2.15752e-015 6.31948e-011 2.52508e-007 0.000137639 0.0102347 0.10382 0.14367 0.0276823 0.0227164 0.117798 0.086864 0.0340392 0.098811 0.0627712 0.06548 0.0611127 0.0516522 0.0417035 0.031901 0.0216877 0.0122991 0.00477631 0.000842375
 8.15058e-027 1.00448e-020 2.15672e-015 6.31712e-011 2.52413e-007 0.000137587 0.0102309 0.103782 0.143616 0.02767 0.0226306 0.117341 0.0865254 0.0338769 0.0983124 0.0625298 0.0655885 0.0613642 0.0521978 0.0422474 0.0322574 0.0217905 0.012304 0.00476204 0.000836144
 8.12346e-027 9.99682e-021 2.14641e-015 6.28694e-011 2.51208e-007 0.00013693 0.010182 0.103286 0.14293 0.0275412 0.0226552 0.11749 0.0866325 0.0338372 0.0981165 0.0623993 0.0654297 0.0613224 0.0524722 0.0427094 0.0327653 0.0220921 0.0123932 0.00477427 0.000835064
 8.08236e-027 9.92405e-021 2.13079e-015 6.24118e-011 2.49379e-007 0.000135933 0.0101079 0.102534 0.141889 0.0273471 0.0227415 0.117978 0.0869964 0.0340787 0.0989128 0.0628128 0.0654219 0.061197 0.0521626 0.0425642 0.0328423 0.0222463 0.0124399 0.00476148 0.000829319
 8.02881e-027 9.82933e-021 2.11045e-015 6.18161e-011 2.46999e-007 0.000134636 0.0100114 0.101555 0.140535 0.0270874 0.0225739 0.117117 0.0863729 0.0341604 0.0994728 0.0632542 0.0662774 0.0619619 0.0526394 0.0428519 0.0331042 0.0225698 0.0126613 0.00482294 0.000835605
 8.02648e-027 9.82524e-021 2.10957e-015 6.17904e-011 2.46896e-007 0.00013458 0.0100073 0.101513 0.140477 0.0270733 0.0224534 0.116474 0.0858998 0.0340041 0.0990504 0.0630977 0.066642 0.0624077 0.0531706 0.0431689 0.0332258 0.0226814 0.0128014 0.00487689 0.000840805
 8.00295e-027 9.78364e-021 2.10064e-015 6.15287e-011 2.45851e-007 0.00013401 0.00996489 0.101083 0.139882 0.0269581 0.0223366 0.115865 0.0854482 0.0337624 0.0982871 0.0626966 0.0666292 0.0626727 0.0540584 0.0441261 0.0339927 0.0231376 0.0130947 0.00500889 0.000861744
 8.01632e-027 9.80727e-021 2.10572e-015 6.16774e-011 2.46445e-007 0.000134334 0.00998896 0.101327 0.14022 0.0270245 0.0224425 0.116422 0.0858555 0.033815 0.0983317 0.0626047 0.0659689 0.0619948 0.0534793 0.0439607 0.0341238 0.023251 0.0131411 0.00504421 0.00086896
 8.0168e-027 9.80812e-021 2.1059e-015 6.16827e-011 2.46466e-007 0.000134345 0.00998982 0.101336 0.140232 0.0270271 0.0224523 0.116474 0.0858965 0.0339048 0.098664 0.0627849 0.0660048 0.0618838 0.0530425 0.0435813 0.0340231 0.0233779 0.0132298 0.00508256 0.000877898
 8.0736e-027 9.9086e-021 2.12747e-015 6.23146e-011 2.48991e-007 0.000135722 0.0100922 0.102374 0.141669 0.0272998 0.0225187 0.116793 0.0861292 0.0339425 0.0987202 0.0627825 0.065818 0.0615568 0.0523613 0.0427083 0.0331937 0.0229323 0.0130727 0.00503 0.000870497
 8.17754e-027 1.00925e-020 2.16695e-015 6.3471e-011 2.53611e-007 0.00013824 0.0102794 0.104274 0.144297 0.0278023 0.0227786 0.118115 0.0870942 0.0340419 0.0987313 0.0626647 0.0651041 0.0606608 0.0510681 0.0412699 0.0317172 0.0217935 0.0124963 0.00483485 0.000838279
 8.35207e-027 1.04012e-020 2.23324e-015 6.54125e-011 2.61369e-007 0.000142469 0.0105939 0.107464 0.148711 0.0286454 0.0231861 0.12018 0.0886053 0.0343097 0.0991828 0.0626806 0.0638373 0.0590362 0.0487234 0.0388386 0.0293837 0.0199101 0.0113726 0.00442649 0.00077032
 8.58307e-027 1.08098e-020 2.32096e-015 6.79821e-011 2.71636e-007 0.000148065 0.01101 0.111685 0.154553 0.0297646 0.0238578 0.123621 0.0911233 0.0347417 0.0998825 0.0627678 0.0622318 0.056834 0.0452589 0.0352054 0.0259623 0.0172234 0.00969649 0.0037725 0.000659609
 8.71871e-027 1.10497e-020 2.37247e-015 6.94907e-011 2.77664e-007 0.000151351 0.0112544 0.114164 0.157983 0.0304245 0.0243647 0.126244 0.093047 0.0351992 0.100913 0.0631894 0.061563 0.0557337 0.0431805 0.0326149 0.0231865 0.0148989 0.00818519 0.00315078 0.000551883
 8.84122e-027 1.12663e-020 2.41898e-015 7.0853e-011 2.83108e-007 0.000154318 0.011475 0.116402 0.16108 0.0310241 0.0249654 0.129377 0.0953476 0.0358326 0.10248 0.0638533 0.0606824 0.0543339 0.0407057 0.0298747 0.0203743 0.0125036 0.00661249 0.0024883 0.00043356
 8.87418e-027 1.13246e-020 2.43149e-015 7.12195e-011 2.84572e-007 0.000155117 0.0115343 0.117004 0.161913 0.0311852 0.0251194 0.130179 0.0959455 0.0362445 0.103849 0.0646683 0.0612585 0.0545562 0.0400451 0.0286749 0.0188246 0.0109927 0.00551068 0.00199648 0.000342534
 9.00483e-027 1.15556e-020 2.4811e-015 7.26726e-011 2.90378e-007 0.000158282 0.0117697 0.119391 0.165217 0.0318203 0.0255846 0.132583 0.0977057 0.0365989 0.104541 0.064847 0.060208 0.0531331 0.0378713 0.0264403 0.0167145 0.00928926 0.00437706 0.00149979 0.000249945
 9.03219e-027 1.1604e-020 2.49149e-015 7.29768e-011 2.91594e-007 0.000158944 0.011819 0.119891 0.165908 0.0319545 0.0257327 0.133357 0.0982772 0.0368449 0.105276 0.0652669 0.0604176 0.0531375 0.0373637 0.025583 0.0156543 0.00831475 0.00367926 0.00117603 0.000187241
 9.04162e-027 1.16206e-020 2.49505e-015 7.30812e-011 2.92011e-007 0.000159171 0.0118359 0.120062 0.166146 0.0320086 0.0260956 0.135292 0.0996984 0.0372358 0.106243 0.0657036 0.0600332 0.0525202 0.036301 0.0244788 0.0145879 0.00743944 0.00310243 0.000919167 0.000137605
 9.08596e-027 1.1699e-020 2.5119e-015 7.35746e-011 2.93982e-007 0.000160246 0.0119158 0.120873 0.167267 0.0322192 0.0260572 0.135058 0.0995367 0.0374863 0.107277 0.0662538 0.0600943 0.052344 0.0356164 0.0236766 0.0138058 0.00681743 0.00269712 0.000741193 0.000103175
 9.26166e-027 1.20099e-020 2.57864e-015 7.55294e-011 3.01793e-007 0.000164504 0.0122324 0.124084 0.171712 0.0330662 0.0263965 0.136757 0.10077 0.0373978 0.106453 0.0655639 0.0585869 0.0505906 0.0333793 0.0217206 0.0123282 0.0059111 0.00223812 0.000574001 7.39683e-005
 9.39263e-027 1.22415e-020 2.62837e-015 7.69861e-011 3.07614e-007 0.000167676 0.0124683 0.126477 0.175023 0.0337041 0.0269132 0.139436 0.102724 0.037577 0.106388 0.0651838 0.0566 0.0484517 0.0310999 0.0197015 0.0107802 0.00499508 0.00181788 0.000439288 5.2533e-005
 9.49439e-027 1.24215e-020 2.66702e-015 7.81183e-011 3.12138e-007 0.000170142 0.0126516 0.128338 0.177597 0.0341935 0.0270607 0.140158 0.103255 0.0377582 0.106882 0.0652864 0.0557041 0.0473076 0.0295147 0.0182904 0.0096647 0.00429104 0.00149541 0.000342832 3.83319e-005
 9.54374e-027 1.25087e-020 2.68575e-015 7.86667e-011 3.14329e-007 0.000171337 0.0127405 0.129239 0.178844 0.0344406 0.0275276 0.142623 0.105055 0.0379572 0.106957 0.0651592 0.0547464 0.0461151 0.0278781 0.01683 0.00857004 0.00364752 0.00120796 0.000262503 2.76455e-005
 9.60322e-027 1.2614e-020 2.70834e-015 7.93286e-011 3.16974e-007 0.000172778 0.0128477 0.130326 0.180349 0.0347239 0.0275058 0.142467 0.10495 0.0381834 0.107873 0.0655523 0.0542628 0.0454918 0.027044 0.0159804 0.00784317 0.00319619 0.00100459 0.000205812 2.0457e-005
 9.70737e-027 1.27983e-020 2.74791e-015 8.04875e-011 3.21604e-007 0.000175302 0.0130354 0.13223 0.182983 0.0352238 0.0276191 0.143005 0.105333 0.0379498 0.106817 0.0649014 0.053673 0.0447861 0.0260423 0.0151474 0.00723264 0.00282566 0.000841942 0.000162141 1.51641e-005
 9.77275e-027 1.29139e-020 2.77275e-015 8.12149e-011 3.24511e-007 0.000176887 0.0131532 0.133425 0.184637 0.0355397 0.0277705 0.143772 0.105887 0.0378578 0.106244 0.0644357 0.0527197 0.0439391 0.0255003 0.0146503 0.00682974 0.00258539 0.00073282 0.000132505 1.162e-005
 9.76253e-027 1.28958e-020 2.76885e-015 8.11009e-011 3.24055e-007 0.000176638 0.0131347 0.133238 0.184378 0.0354951 0.0279396 0.144684 0.106555 0.0380084 0.106569 0.0645506 0.0524072 0.0435653 0.0250656 0.0143617 0.00663429 0.00244723 0.000666531 0.000113594 9.32317e-006
 9.79432e-027 1.29519e-020 2.7809e-015 8.14539e-011 3.25466e-007 0.000177407 0.0131919 0.133818 0.18518 0.0356577 0.0283777 0.147006 0.108259 0.038418 0.107495 0.0647634 0.0508625 0.0418305 0.023198 0.0130351 0.00591321 0.00214936 0.0005674 9.19875e-005 7.0843e-006
 9.89053e-027 1.31221e-020 2.81744e-015 8.25242e-011 3.29742e-007 0.000179738 0.0133652 0.135576 0.187614 0.0361225 0.0286074 0.148172 0.109117 0.0387098 0.10829 0.0649342 0.0494584 0.040131 0.0210742 0.0114117 0.00495464 0.00175382 0.000452537 7.05686e-005 5.14009e-006
 9.93191e-027 1.31953e-020 2.83316e-015 8.29845e-011 3.31582e-007 0.000180741 0.0134398 0.136332 0.18866 0.0363222 0.0286963 0.14862 0.109443 0.0386984 0.108121 0.0648398 0.0494159 0.0399056 0.0203795 0.0106707 0.00437588 0.00147289 0.000366958 5.54894e-005 3.86527e-006
 9.96178e-027 1.32482e-020 2.84452e-015 8.33173e-011 3.32911e-007 0.000181466 0.0134936 0.136879 0.189417 0.0364594 0.0284793 0.14744 0.108577 0.0385144 0.107742 0.0647195 0.0498551 0.0404115 0.0209111 0.0108692 0.00431029 0.00136861 0.000321625 4.66946e-005 3.1361e-006
 1.01142e-026 1.35179e-020 2.90242e-015 8.50132e-011 3.39688e-007 0.000185159 0.0137683 0.139665 0.193272 0.0371971 0.0288867 0.149519 0.110079 0.0382338 0.106066 0.063394 0.0472649 0.0380056 0.0191844 0.00990132 0.00388799 0.0011894 0.000261839 3.56958e-005 2.29665e-006
 1.01449e-026 1.35722e-020 2.91409e-015 8.5355e-011 3.41053e-007 0.000185904 0.0138237 0.140226 0.194049 0.0373458 0.0289695 0.149942 0.11039 0.0383249 0.106297 0.0634158 0.0466982 0.0373797 0.0185221 0.00942447 0.00364035 0.00110044 0.000232506 2.95588e-005 1.78904e-006
 1.01583e-026 1.35958e-020 2.91915e-015 8.55031e-011 3.41645e-007 0.000186226 0.0138477 0.14047 0.194386 0.0374102 0.0290037 0.150116 0.110517 0.0383323 0.106276 0.0633955 0.0466406 0.037256 0.0182449 0.00917501 0.00347176 0.00102965 0.000213236 2.58171e-005 1.45796e-006
 1.03836e-026 1.39945e-020 3.00475e-015 8.80106e-011 3.51664e-007 0.000191688 0.0142537 0.144589 0.200087 0.0384941 0.0293353 0.151741 0.111689 0.0380488 0.104713 0.0619954 0.0432845 0.0340878 0.0158821 0.00776262 0.00284 0.000818334 0.000165145 1.94096e-005 1.038e-006
 1.06485e-026 1.44632e-020 3.1054e-015 9.09584e-011 3.63443e-007 0.000198108 0.0147312 0.149432 0.206788 0.0397602 0.0294059 0.151945 0.111816 0.0374491 0.102329 0.0603085 0.0407252 0.0316549 0.0139099 0.00652483 0.00225995 0.000624874 0.000121648 1.38663e-005 7.14668e-007
 1.07901e-026 1.47138e-020 3.15919e-015 9.25341e-011 3.69739e-007 0.00020154 0.0149864 0.152021 0.21037 0.0404522 0.0300449 0.15527 0.114222 0.0371055 0.10006 0.0586218 0.0378382 0.0290198 0.0120822 0.0054152 0.00174365 0.00045192 8.33554e-005 9.11966e-006 4.54275e-007
 1.08838e-026 1.48794e-020 3.19476e-015 9.3576e-011 3.73902e-007 0.000203809 0.0151551 0.153732 0.212739 0.0409085 0.0304144 0.157186 0.115622 0.0372986 0.100259 0.0582688 0.035229 0.0265431 0.0103343 0.00441214 0.00131873 0.000315139 5.36359e-005 5.51856e-006 2.63313e-007
 1.11116e-026 1.52825e-020 3.2813e-015 9.61108e-011 3.8403e-007 0.00020933 0.0155656 0.157897 0.218502 0.0420014 0.0306409 0.158248 0.11638 0.0368806 0.0983344 0.0567336 0.0321742 0.0237058 0.00830557 0.00329725 0.000895788 0.000195841 3.01941e-005 2.84012e-006 1.27183e-007
 1.13177e-026 1.5647e-020 3.35957e-015 9.84033e-011 3.9319e-007 0.000214323 0.0159369 0.161663 0.223714 0.0430022 0.0313289 0.161792 0.118938 0.0363237 0.0951748 0.0543798 0.0281286 0.0201745 0.00629945 0.00227406 0.00053625 0.00010403 1.4282e-005 1.20175e-006 4.90966e-008
 1.13237e-026 1.56578e-020 3.36188e-015 9.8471e-011 3.93461e-007 0.000214471 0.0159479 0.161774 0.223868 0.0430277 0.0311926 0.161059 0.118412 0.0365422 0.096224 0.0549321 0.0281591 0.020077 0.00600008 0.00205611 0.000430952 7.26206e-005 8.57534e-006 6.31655e-007 2.29712e-008
 1.14321e-026 1.58494e-020 3.40303e-015 9.96763e-011 3.98277e-007 0.000217096 0.0161431 0.163754 0.226608 0.0435538 0.031552 0.162911 0.119744 0.0361218 0.0940739 0.053463 0.0261651 0.01841 0.00520111 0.00169864 0.000328841 4.93454e-005 4.93338e-006 3.06305e-007 9.64298e-009
 1.13872e-026 1.57698e-020 3.38594e-015 9.91757e-011 3.96277e-007 0.000216005 0.016062 0.162932 0.22547 0.0433519 0.0320544 0.165628 0.12173 0.036405 0.0944021 0.0533956 0.0248134 0.017212 0.00460082 0.00143073 0.000257381 3.55345e-005 3.12274e-006 1.62154e-007 4.25827e-009
 1.1423e-026 1.58332e-020 3.39955e-015 9.95742e-011 3.97869e-007 0.000216873 0.0161265 0.163587 0.226376 0.0435281 0.0322586 0.166697 0.122512 0.0365372 0.094607 0.0532265 0.023242 0.0158257 0.0039103 0.0011353 0.000187989 2.38419e-005 1.89023e-006 8.53691e-008 1.86365e-009
 1.18804e-026 1.66428e-020 3.57337e-015 1.04665e-010 4.18212e-007 0.000227962 0.0169511 0.171951 0.23795 0.0457094 0.0321744 0.165946 0.121908 0.0348937 0.0884508 0.0492484 0.0188254 0.0123296 0.00265247 0.000673118 9.71989e-005 1.08965e-005 7.69842e-007 3.08887e-008 5.81261e-010
 1.21018e-026 1.70346e-020 3.6575e-015 1.0713e-010 4.28059e-007 0.00023333 0.0173502 0.176 0.243553 0.0467606 0.0319467 0.164581 0.12088 0.0338755 0.0848958 0.047247 0.0179565 0.0116997 0.00238198 0.000560909 7.05199e-005 6.76214e-006 4.09666e-007 1.44025e-008 2.38243e-010
 1.22064e-026 1.72197e-020 3.69724e-015 1.08294e-010 4.3271e-007 0.000235865 0.0175387 0.177912 0.246199 0.0472634 0.0320864 0.16526 0.121353 0.0332908 0.0824431 0.0457856 0.0169055 0.0109361 0.00221195 0.000512524 6.02824e-005 5.13351e-006 2.60095e-007 7.68149e-009 1.09477e-010
 1.22531e-026 1.73021e-020 3.71492e-015 1.08812e-010 4.3478e-007 0.000236993 0.0176226 0.178763 0.247376 0.0475094 0.033025 0.170251 0.124966 0.0328386 0.079288 0.0436184 0.0139286 0.00862165 0.00158588 0.000329042 3.66646e-005 2.89733e-006 1.29575e-007 3.19158e-009 3.75582e-011
 1.21749e-026 1.71636e-020 3.68519e-015 1.07941e-010 4.313e-007 0.000235096 0.0174816 0.177332 0.245397 0.0471452 0.0333897 0.172253 0.12644 0.0333357 0.0806439 0.044145 0.0129158 0.0077406 0.00128972 0.00023048 2.27811e-005 1.58903e-006 6.5215e-008 1.42441e-009 1.40388e-011
 1.22385e-026 1.72762e-020 3.70937e-015 1.08649e-010 4.34129e-007 0.000236638 0.0175962 0.178495 0.247006 0.0474505 0.0334516 0.172543 0.126642 0.0331079 0.0796792 0.0434831 0.0120058 0.00702967 0.0010876 0.000169146 1.46431e-005 8.44508e-007 2.95581e-008 5.72763e-010 5.00659e-012
 1.21163e-026 1.706e-020 3.66294e-015 1.07289e-010 4.28695e-007 0.000233676 0.017376 0.176261 0.243915 0.0468706 0.0335823 0.173322 0.127228 0.03363 0.0814808 0.0445418 0.0126975 0.00751347 0.00115602 0.000176546 1.42464e-005 7.11008e-007 2.07105e-008 3.31645e-010 2.50206e-012
 1.20858e-026 1.70059e-020 3.65132e-015 1.06949e-010 4.27336e-007 0.000232935 0.0173209 0.175702 0.243141 0.0467225 0.0334972 0.172887 0.126919 0.0338623 0.0825009 0.0451223 0.0129788 0.00770762 0.00120086 0.000187551 1.50435e-005 7.2335e-007 1.88108e-008 2.51189e-010 1.54441e-012
 1.20979e-026 1.70273e-020 3.65593e-015 1.07084e-010 4.27875e-007 0.000233229 0.0173428 0.175924 0.243448 0.0467751 0.0332914 0.171778 0.126113 0.03387 0.0828426 0.045382 0.0134413 0.00806342 0.00127333 0.000204045 1.66845e-005 8.21781e-007 2.10445e-008 2.59974e-010 1.3604e-012
 1.20227e-026 1.68942e-020 3.62734e-015 1.06246e-010 4.24529e-007 0.000231406 0.0172071 0.174548 0.241544 0.0464225 0.0335466 0.173193 0.127148 0.0340396 0.0831031 0.0455559 0.0136639 0.00823651 0.00132211 0.00021824 1.81695e-005 9.21256e-007 2.42054e-008 3.00954e-010 1.49828e-012
 1.20652e-026 1.69693e-020 3.64347e-015 1.06719e-010 4.26417e-007 0.000232434 0.0172836 0.175324 0.242618 0.046638 0.0340516 0.175866 0.12908 0.0336984 0.0810299 0.0441635 0.0118879 0.00689508 0.00105584 0.00016021 1.31364e-005 6.60888e-007 1.75776e-008 2.23261e-010 1.12706e-012
 1.21562e-026 1.71305e-020 3.67809e-015 1.07733e-010 4.30469e-007 0.000234643 0.0174479 0.17699 0.244924 0.0470606 0.0335694 0.173227 0.127158 0.0336342 0.0815199 0.0444107 0.0118356 0.00682724 0.00100731 0.000141142 1.09997e-005 5.15889e-007 1.34684e-008 1.71483e-010 8.81239e-013
 1.24026e-026 1.75666e-020 3.77172e-015 1.10475e-010 4.41427e-007 0.000240616 0.017892 0.181496 0.251158 0.0482298 0.0332969 0.171607 0.125938 0.0324283 0.0773116 0.042074 0.0109953 0.00629101 0.000910342 0.000121683 9.01757e-006 3.84269e-007 9.2912e-009 1.12115e-010 5.70029e-013
 1.23011e-026 1.73869e-020 3.73314e-015 1.09345e-010 4.36911e-007 0.000238155 0.017709 0.179639 0.248589 0.0477563 0.0337346 0.174015 0.127696 0.0326164 0.077365 0.0421174 0.0110911 0.00636658 0.000929454 0.000126558 9.28041e-006 3.80656e-007 8.57255e-009 9.43977e-011 4.4761e-013
 1.23547e-026 1.74819e-020 3.75353e-015 1.09943e-010 4.39298e-007 0.000239456 0.0178058 0.180621 0.249947 0.048009 0.0335953 0.173235 0.127126 0.032553 0.0773363 0.042012 0.0105749 0.00596311 0.000859399 0.000113763 8.32899e-006 3.41208e-007 7.49243e-009 7.77775e-011 3.37866e-013
 1.24449e-026 1.76415e-020 3.78781e-015 1.10947e-010 4.4331e-007 0.000241643 0.0179684 0.18227 0.25223 0.04843 0.0332201 0.171168 0.125613 0.032264 0.0767989 0.0417788 0.010832 0.00617614 0.000884665 0.000115311 8.36446e-006 3.37912e-007 7.41599e-009 7.62187e-011 3.174e-013
 1.22411e-026 1.72807e-020 3.71033e-015 1.08677e-010 4.34242e-007 0.0002367 0.0176008 0.178542 0.247071 0.047469 0.0337011 0.173875 0.127604 0.0328997 0.0785011 0.0428166 0.0117048 0.00681482 0.00100978 0.000141867 1.0408e-005 4.2225e-007 9.21587e-009 9.42457e-011 3.90964e-013
 1.21497e-026 1.71188e-020 3.67557e-015 1.07659e-010 4.30174e-007 0.000234482 0.0174359 0.176869 0.244756 0.047053 0.0345128 0.178278 0.130812 0.0330607 0.0778852 0.0422371 0.0102453 0.00569006 0.000814868 0.000106408 7.81645e-006 3.22763e-007 7.0329e-009 7.12103e-011 2.9253e-013
 1.11045e-026 1.52683e-020 3.27826e-015 9.60217e-011 3.83674e-007 0.000209136 0.0155512 0.15775 0.2183 0.0421541 0.038126 0.198296 0.14549 0.0364558 0.0854001 0.0461052 0.0100633 0.00531313 0.000705408 7.49514e-005 5.1064e-006 1.90998e-007 4.09593e-009 4.1567e-011 1.69365e-013
 1.02244e-026 1.37105e-020 2.94378e-015 8.62245e-011 3.44528e-007 0.000187798 0.0139645 0.141655 0.196027 0.0379801 0.0392191 0.204723 0.150338 0.0413884 0.102657 0.0551899 0.0106807 0.00527659 0.00065495 5.4472e-005 3.26024e-006 9.54428e-008 1.77611e-009 1.65619e-011 6.64572e-014
 1.91232e-026 2.9464e-020 6.32621e-015 1.85297e-010 7.40394e-007 0.000403579 0.0300098 0.304418 0.421258 0.0799064 0.0170931 0.0804958 0.0587492 0.0060946 0.00103205 0.00050217 3.60937e-005 3.56572e-007 7.47636e-010 3.98956e-012 7.6033e-015 2.17407e-018 2.97886e-022 2.49078e-025 2.97293e-027
 2.04889e-026 3.18823e-020 6.84544e-015 2.00506e-010 8.01162e-007 0.000436703 0.0324729 0.329403 0.455832 0.0862731 0.0109812 0.0468999 0.034222 0.00341045 5.956e-005 7.08812e-006 5.03421e-007 4.93697e-009 6.6053e-012 1.21241e-015 4.35017e-020 3.67878e-024 2.60442e-027 2.47328e-027 2.47194e-027
 2.01209e-026 3.12306e-020 6.70552e-015 1.96407e-010 7.84786e-007 0.000427777 0.0318092 0.32267 0.446515 0.0845585 0.0126706 0.0561797 0.0409946 0.00408642 7.53879e-005 1.06204e-005 7.56139e-007 7.4154e-009 9.92067e-012 1.81281e-015 4.93308e-020 1.2825e-024 2.51624e-027 2.47345e-027 2.47205e-027
 1.97955e-026 3.06545e-020 6.58182e-015 1.92784e-010 7.70309e-007 0.000419886 0.0312224 0.316718 0.438278 0.0830426 0.0141628 0.0643768 0.046977 0.00468548 9.69119e-005 1.77155e-005 1.26513e-006 1.24072e-008 1.65992e-011 3.03671e-015 8.949e-020 3.98601e-024 2.61049e-027 2.47361e-027 2.47216e-027
 2.03727e-026 3.16765e-020 6.80125e-015 1.99212e-010 7.9599e-007 0.000433884 0.0322633 0.327277 0.45289 0.0857316 0.0115135 0.049824 0.0363561 0.00362529 7.1672e-005 1.19557e-005 8.52969e-007 8.36507e-009 1.11912e-011 2.04586e-015 5.73802e-020 1.90529e-024 2.53786e-027 2.47334e-027 2.47197e-027
 2.04943e-026 3.18918e-020 6.84747e-015 2.00565e-010 8.014e-007 0.000436833 0.0324826 0.329501 0.455968 0.0862981 0.0109572 0.0467676 0.0341254 0.00340001 5.62438e-005 5.40911e-006 3.82735e-007 3.75336e-009 5.02138e-012 9.16876e-016 2.36221e-020 2.93452e-025 2.48294e-027 2.47328e-027 2.47193e-027
 2.02283e-026 3.14208e-020 6.74636e-015 1.97604e-010 7.89567e-007 0.000430383 0.0320029 0.324636 0.449235 0.0850591 0.0121782 0.0534747 0.0390204 0.00388824 6.63585e-005 7.26374e-006 5.15185e-007 5.05231e-009 6.75916e-012 1.23411e-015 3.16563e-020 3.56833e-025 2.48446e-027 2.4734e-027 2.47202e-027
 2.04235e-026 3.17665e-020 6.82057e-015 1.99777e-010 7.98252e-007 0.000435117 0.032355 0.328207 0.454177 0.0859684 0.0112813 0.0485481 0.0354249 0.00353077 6.33775e-005 8.2458e-006 5.86431e-007 5.75106e-009 7.69397e-012 1.40503e-015 3.65024e-020 5.29843e-025 2.49005e-027 2.47331e-027 2.47196e-027
 2.0167e-026 3.13122e-020 6.72305e-015 1.96921e-010 7.86838e-007 0.000428895 0.0318923 0.323514 0.447683 0.0847733 0.01246 0.0550225 0.04015 0.0040006 6.75244e-005 7.0761e-006 5.01493e-007 4.91802e-009 6.5795e-012 1.20138e-015 3.09538e-020 3.84217e-025 2.48559e-027 2.47343e-027 2.47204e-027
 2.03612e-026 3.1656e-020 6.79686e-015 1.99083e-010 7.95477e-007 0.000433604 0.0322425 0.327066 0.452598 0.0856778 0.0115678 0.050122 0.0365735 0.00364505 6.4638e-005 8.09448e-006 5.75346e-007 5.64234e-009 7.54851e-012 1.37829e-015 3.5456e-020 4.25438e-025 2.48641e-027 2.47334e-027 2.47198e-027
 2.02526e-026 3.14638e-020 6.75559e-015 1.97874e-010 7.90646e-007 0.000430971 0.0320467 0.32508 0.44985 0.085172 0.012065 0.0528535 0.0385671 0.00384567 7.56904e-005 1.25035e-005 8.9195e-007 8.74735e-009 1.17027e-011 2.13993e-015 6.11149e-020 2.287e-024 2.55146e-027 2.47339e-027 2.47201e-027
 2.14854e-026 3.36467e-020 7.22428e-015 2.11602e-010 8.455e-007 0.000460872 0.0342701 0.347633 0.481059 0.0909154 0.0064013 0.0217425 0.0158619 0.0015868 5.1064e-005 1.56475e-005 1.12205e-006 1.10042e-008 1.47297e-011 2.80158e-015 2.89647e-019 5.92507e-023 4.60772e-027 2.47283e-027 2.47162e-027
#obs surv len freq
 nan nan nan nan nan nan nan nan nan nan nan nan nan nan nan nan nan nan nan nan nan nan nan nan nan
 4.91074e-027 7.72912e-021 1.65953e-015 4.86081e-011 1.94224e-007 0.000105869 0.00787234 0.0798564 0.110508 0.0213176 0.0184473 0.0958196 0.0706602 0.0277759 0.0807218 0.0515639 0.0552054 0.0534576 0.0510376 0.0495014 0.0502767 0.0512597 0.0541922 0.0512503 0.0191704
 5.27869e-027 8.30825e-021 1.78387e-015 5.22501e-011 2.08777e-007 0.000113801 0.00846219 0.0858398 0.118788 0.0229157 0.0198609 0.103167 0.0760781 0.0298941 0.0868614 0.0552892 0.0582115 0.0548984 0.0484397 0.0439303 0.0424086 0.0424145 0.0445814 0.0421016 0.015744
 5.54072e-027 8.72067e-021 1.87242e-015 5.48438e-011 2.1914e-007 0.00011945 0.00888225 0.0901008 0.124684 0.0240515 0.0207802 0.107933 0.0795936 0.0313143 0.0910261 0.0579375 0.0609748 0.0572271 0.049366 0.041987 0.0370751 0.0348171 0.0358366 0.0336995 0.0125941
 5.6974e-027 8.96727e-021 1.92537e-015 5.63947e-011 2.25337e-007 0.000122828 0.00913342 0.0926487 0.12821 0.0247332 0.0214296 0.111315 0.082085 0.032218 0.0935784 0.0595833 0.0628077 0.0589539 0.0507705 0.0424408 0.0351247 0.0296883 0.0286751 0.0265699 0.00991165
 5.79744e-027 9.12473e-021 1.95918e-015 5.7385e-011 2.29294e-007 0.000124985 0.0092938 0.0942756 0.130461 0.0251677 0.0218158 0.113322 0.0835678 0.0328674 0.0955299 0.0607821 0.063866 0.0599486 0.0516636 0.0431235 0.0350039 0.0272307 0.0234568 0.0207894 0.00770853
 5.85758e-027 9.21937e-021 1.9795e-015 5.79802e-011 2.31672e-007 0.000126281 0.0093902 0.0952534 0.131815 0.0254284 0.0220282 0.114423 0.0843804 0.0332033 0.0965229 0.0614541 0.0647583 0.0607548 0.0522527 0.0436314 0.0353311 0.0265356 0.0203102 0.0164224 0.0059781
 5.90921e-027 9.30065e-021 1.99695e-015 5.84913e-011 2.33715e-007 0.000127395 0.00947298 0.0960931 0.132977 0.0256507 0.0221463 0.115025 0.0848235 0.0333623 0.0969705 0.0617476 0.0651104 0.0611424 0.0527112 0.0439627 0.0355672 0.0264549 0.0186909 0.0133182 0.00464605
 5.91689e-027 9.31273e-021 1.99954e-015 5.85673e-011 2.34018e-007 0.00012756 0.00948528 0.096218 0.133149 0.0256869 0.0222886 0.115782 0.0853786 0.0334956 0.0972747 0.0619402 0.0653099 0.0613487 0.0529536 0.0442546 0.0358149 0.0265515 0.0179803 0.0112934 0.00366637
 5.93394e-027 9.33957e-021 2.00531e-015 5.87361e-011 2.34693e-007 0.000127928 0.00951262 0.0964953 0.133533 0.0257596 0.0223027 0.115847 0.0854314 0.0336423 0.0978232 0.0622426 0.0654073 0.0614106 0.052975 0.0443023 0.0359193 0.026627 0.0176514 0.0100211 0.00296784
