SBPRF35
0.279296
Curr Bio
314425
B35
477215
F35
0.357733
FOFL
0.242689
OFL
89390.1
Bzero
79798.9
#pred survey bio
 85687.3 66090.9 52451.1 44209 69307.1 111835 154905 200305 245178 296479 320258 361379 361172 384847 398724 388989 441475 394937 379672 393645 357340 375205 428564 470426 504550 441656 431087 488533 1.77026e+07 1.01462e+07 7.46974e+06 5.01203e+06 3.28894e+06 2.22036e+06 1.59833e+06 1.2473e+06 1.05127e+06 941393 878945 842706 821149 807988 799745 794459 791029 788766 787256 786237 785546 785075 784752 784530 784378 784273 784201 784151 784116 784092 784076 784065 784057 784052 784048 784045 784043 784042 784041 784041 784040 784040 784040 784040 784040 784040 784040 784039 784039 784039 784039 784039 784039 784039 784039 784039 784039 784039 784039 784039 784039 784039 784039 784039 784039 784039 784039 784039 784039 784039 784039 784039 784039 784039 784039 784039 784039 784039 784039 784039 784039 784039 784039 784039 784039 784039 784039 784039 784039 784039 784039 784039 784039 784039 784039 784039 784039 784039 784039 784039 0 0 0 0 0 0 0 0 0 0 0 0 0 0 0 0 0 0 0 0 0 0 0 0 0
#obs survey bio
 97972.8 40185.5 34320.8 71711.2 94819.7 110992 241681 198354 250635 301226 368406 371260 396770 429314 337086 286893 688614 370884 497604 367456 440151 380215 368833 340328 402051 555020 289334 639689
#pred catch bio
 24643.4 12368.8 11062.8 10141.1 16152 36539.7 49774 63598.9 78294.4 121485 135136 179036 167104 188882 213535 180738 233481 189875 166769 201224 160944 161048 203835 217588 272761 221694 186812 226436 89390.1 120262 85892.8 55579.8 35023.5 22762.7 15970.1 12375.1 10527.7 9596.71 9133.69 8905.47 8793.66 8739.12 8712.58 8699.69 8693.46 8690.46 8689 8688.3 8687.96 8687.8 8687.72 8687.68 8687.66 8687.65 8687.65 8687.65 8687.64 8687.64 8687.64 8687.64 8687.64 8687.64 8687.64 8687.64 8687.64 8687.64 8687.64 8687.64 8687.64 8687.64 8687.64 8687.64 8687.64 8687.64 8687.64 8687.64 8687.64 8687.64 8687.64 8687.64 8687.64 8687.64 8687.64 8687.64 8687.64 8687.64 8687.64 8687.64 8687.64 8687.64 8687.64 8687.64 8687.64 8687.64 8687.64 8687.64 8687.64 8687.64 8687.64 8687.64 8687.64 8687.64 8687.64 8687.64 8687.64 8687.64 8687.64 8687.64 8687.64 8687.64 8687.64 8687.64 8687.64 8687.64 8687.64 8687.64 8687.64 8687.64 8687.64 8687.64 8687.64 8687.64 8687.64 8687.64 8687.64 8687.64 8687.64 8687.64 0 0 0 0 0 0 0 0 0 0 0 0 0 0 0 0 0 0 0 0 0 0 0 0 0
#obs catch bio
 14181.9 12834.9 11996.8 10628.5 15449.3 36200.3 45722.6 60968.7 73713.2 117416 131068 180097 161512 185581 224499 185583 222752 183350 161275 204092 153790 163192 210385 222098 291118 219182 192012 227480
#pred cpue bio
 84385.1 65591.5 52307.3 43463.3 66169.8 108141 149487 194204 238112 287771 309905 348875 348372 371621 384159 374161 425321 382047 367512 381149 345333 362775 413438 452803 487473 426507 416042 471665 1.71128e+07 1.01419e+07 7.45686e+06 4.99875e+06 3.27565e+06 2.20707e+06 1.58504e+06 1.23401e+06 1.03798e+06 928104 865656 829418 807861 794700 786457 781171 777740 775478 773967 772949 772258 771786 771464 771242 771090 770985 770912 770862 770828 770804 770788 770776 770769 770763 770759 770757 770755 770754 770753 770752 770752 770752 770752 770751 770751 770751 770751 770751 770751 770751 770751 770751 770751 770751 770751 770751 770751 770751 770751 770751 770751 770751 770751 770751 770751 770751 770751 770751 770751 770751 770751 770751 770751 770751 770751 770751 770751 770751 770751 770751 770751 770751 770751 770751 770751 770751 770751 770751 770751 770751 770751 770751 770751 770751 770751 770751 770751 770751 770751 770751 0 0 0 0 0 0 0 0 0 0 0 0 0 0 0 0 0 0 0 0 0 0 0 0 0
#obs cpue bio
 87494.2 38754.3 38341.5 40197.1 141599 92512.7 210212 168657 309016 288896 269561 316864 385796 340073 323859 424094 483281 426101 306023 362968 389551 253004 440129 560111 475186 425111 432775 428310
#pred surv len freq
 2.5566e-11 1.2025e-09 3.91647e-08 8.83261e-07 1.37934e-05 0.000149157 0.0011169 0.00579181 0.0208058 0.0518406 0.0900356 0.111093 0.104147 0.0883536 0.0826496 0.0815435 0.0746892 0.0640051 0.0540021 0.0450927 0.0372849 0.030966 0.0253562 0.019055 0.0120071
 1.52254e-11 7.1613e-10 2.33239e-08 5.26012e-07 8.21447e-06 8.88293e-05 0.000665188 0.00345003 0.0124021 0.0309869 0.0543999 0.0698654 0.0742541 0.0808736 0.0956926 0.105219 0.100051 0.0872596 0.0743372 0.0617994 0.0495298 0.0384971 0.0288482 0.0199463 0.0118255
 7.15981e-12 3.36763e-10 1.09682e-08 2.4736e-07 3.8629e-06 4.17729e-05 0.000312825 0.00162275 0.00583724 0.0146223 0.0259292 0.0345191 0.0405447 0.0518179 0.0709256 0.0902861 0.104541 0.113092 0.112479 0.100717 0.0822081 0.0624504 0.0441648 0.0282896 0.0155947
 3.04135e-11 1.43051e-09 4.65907e-08 1.05074e-06 1.64087e-05 0.000177437 0.00132862 0.00688897 0.024736 0.0615247 0.106113 0.127446 0.108418 0.0698093 0.0422129 0.0344389 0.0398781 0.0513645 0.0628247 0.0685502 0.0652846 0.0539409 0.0386799 0.0239189 0.0124471
 4.66714e-11 2.1952e-09 7.14963e-08 1.61242e-06 2.51802e-05 0.000272288 0.00203885 0.0105716 0.0379594 0.0944184 0.16287 0.195715 0.166705 0.107049 0.0611096 0.0379417 0.0251594 0.0167159 0.0133156 0.0139856 0.015431 0.0149413 0.0119628 0.00777103 0.00403957
 3.66804e-11 1.72527e-09 5.61909e-08 1.26724e-06 1.97899e-05 0.000214 0.00160243 0.00830938 0.0298461 0.0743322 0.128867 0.157906 0.14444 0.114725 0.0966081 0.0840369 0.0630281 0.0382224 0.0202386 0.0111743 0.00778114 0.00670201 0.00569434 0.00403085 0.00222093
 3.8377e-11 1.80507e-09 5.879e-08 1.32586e-06 2.07052e-05 0.000223898 0.00167654 0.00869337 0.0312214 0.0777182 0.13447 0.163523 0.145633 0.107824 0.0829302 0.0711664 0.0592924 0.0448169 0.0307925 0.0187472 0.0100285 0.00520903 0.00304537 0.00190823 0.00105825
 3.53709e-11 1.66368e-09 5.4185e-08 1.22201e-06 1.90834e-05 0.00020636 0.00154522 0.00801267 0.0287795 0.0716671 0.124188 0.151899 0.138108 0.10817 0.0901782 0.0804198 0.065897 0.0481791 0.0334984 0.0224425 0.0137205 0.00734332 0.00348674 0.00156094 0.000677863
 3.45771e-11 1.62634e-09 5.29688e-08 1.19458e-06 1.86551e-05 0.000201729 0.00151054 0.00783281 0.0281333 0.0700561 0.121384 0.148413 0.134773 0.105309 0.0878867 0.0794952 0.0673861 0.0518268 0.037668 0.0258315 0.016189 0.00907001 0.00445074 0.0018795 0.0006831
 3.51852e-11 1.65494e-09 5.39004e-08 1.21559e-06 1.89832e-05 0.000205276 0.0015371 0.0079705 0.0286271 0.0712786 0.123453 0.150712 0.136118 0.104799 0.0855793 0.0763223 0.0644667 0.0499192 0.0370899 0.026401 0.0172885 0.0100947 0.00512632 0.00220513 0.000785202
 3.71256e-11 1.74621e-09 5.68729e-08 1.28263e-06 2.00301e-05 0.000216597 0.00162187 0.00840995 0.0302042 0.0751928 0.130147 0.158481 0.141831 0.106417 0.0833898 0.0719352 0.0593091 0.0447745 0.0325581 0.0230572 0.0153346 0.00924318 0.00488201 0.00217863 0.000794941
 3.83063e-11 1.80175e-09 5.86817e-08 1.32342e-06 2.06671e-05 0.000223485 0.00167345 0.00867738 0.0311642 0.0775786 0.134247 0.163337 0.145727 0.10835 0.0835173 0.0707558 0.0570497 0.0416216 0.0290129 0.0197943 0.0128507 0.00769432 0.00411229 0.00188223 0.00070785
 3.85604e-11 1.8137e-09 5.90709e-08 1.3322e-06 2.08042e-05 0.000224968 0.00168455 0.00873494 0.0313712 0.0780955 0.135153 0.164495 0.146935 0.109598 0.0848245 0.0718054 0.057327 0.0409182 0.027573 0.0180572 0.011227 0.00646778 0.0033718 0.0015325 0.000581149
 3.78152e-11 1.77865e-09 5.79294e-08 1.30645e-06 2.04021e-05 0.000220621 0.001652 0.00856621 0.0307658 0.0765945 0.132598 0.161581 0.144969 0.109492 0.0864652 0.0743228 0.0598252 0.0429153 0.028887 0.0186546 0.0112614 0.00622737 0.00310954 0.00136422 0.000506178
 3.91973e-11 1.84365e-09 6.00466e-08 1.3542e-06 2.11478e-05 0.000228684 0.00171237 0.00887916 0.0318885 0.0793771 0.137329 0.166942 0.148476 0.109403 0.0830935 0.0696369 0.05584 0.0404059 0.0275517 0.0179538 0.0108329 0.00590872 0.00287013 0.00121418 0.000434281
 3.99629e-11 1.87966e-09 6.12194e-08 1.38065e-06 2.15608e-05 0.00023315 0.00174581 0.00905256 0.032511 0.0809241 0.139989 0.170096 0.151018 0.110676 0.0831526 0.0686956 0.0539781 0.0378905 0.0250295 0.0160322 0.00966091 0.00528788 0.00256189 0.00106896 0.000373285
 3.89774e-11 1.83331e-09 5.97097e-08 1.3466e-06 2.10291e-05 0.0002274 0.00170276 0.0088294 0.0317104 0.0789399 0.136615 0.166272 0.148514 0.110744 0.0856062 0.0722085 0.0571601 0.0400838 0.0262149 0.0164538 0.00966384 0.00517506 0.00247548 0.00102599 0.000355557
 3.65317e-11 1.71827e-09 5.59631e-08 1.26211e-06 1.97096e-05 0.000213132 0.00159593 0.00827556 0.0297232 0.0740114 0.128211 0.15664 0.141834 0.109856 0.0900594 0.0792316 0.0640416 0.0456095 0.0302466 0.019109 0.0111688 0.00588963 0.00275868 0.00112052 0.000382306
 3.64615e-11 1.71498e-09 5.58557e-08 1.25968e-06 1.96718e-05 0.000212723 0.00159286 0.00825961 0.0296652 0.0738608 0.127907 0.156065 0.140671 0.107674 0.087006 0.0765828 0.0633643 0.047233 0.0330675 0.0217929 0.0130575 0.0069611 0.00325739 0.00130908 0.000439551
 3.64054e-11 1.71233e-09 5.57696e-08 1.25774e-06 1.96415e-05 0.000212395 0.00159041 0.00824689 0.0296195 0.0737466 0.127707 0.155809 0.140399 0.107369 0.0865924 0.0760038 0.0626746 0.0467005 0.0330786 0.022468 0.0140634 0.00783672 0.00378964 0.00154942 0.000522158
 3.76098e-11 1.76899e-09 5.76147e-08 1.29936e-06 2.02913e-05 0.000219422 0.00164302 0.00851965 0.0305983 0.0761747 0.131852 0.160582 0.143788 0.108024 0.0847201 0.0728247 0.0593373 0.0437354 0.0306665 0.0207647 0.0131263 0.00749866 0.00375686 0.00159356 0.000553272
 3.71989e-11 1.74966e-09 5.69852e-08 1.28516e-06 2.00696e-05 0.000217025 0.00162507 0.00842661 0.0302647 0.0753495 0.13046 0.159057 0.142969 0.108551 0.0864718 0.0749226 0.0608132 0.0442443 0.0304841 0.0203199 0.0127166 0.00725483 0.00367214 0.00159118 0.000568082
 3.86038e-11 1.81574e-09 5.91374e-08 1.33369e-06 2.08276e-05 0.000225221 0.00168644 0.00874474 0.031406 0.0781783 0.135271 0.164517 0.146571 0.108549 0.0831995 0.0703696 0.0569777 0.0418159 0.0290504 0.0193379 0.0119706 0.00673656 0.00337932 0.0014642 0.000527664
 3.97259e-11 1.86852e-09 6.08564e-08 1.37246e-06 2.1433e-05 0.000231768 0.00173546 0.00899889 0.0323182 0.0804441 0.139157 0.16908 0.150101 0.109985 0.0826651 0.068477 0.0541922 0.03857 0.0259863 0.0170105 0.0104867 0.00588864 0.00293597 0.00126189 0.000452365
 3.73321e-11 1.75593e-09 5.71894e-08 1.28976e-06 2.01415e-05 0.000217802 0.0016309 0.00845684 0.0303737 0.0756251 0.130966 0.15981 0.144077 0.110263 0.0887367 0.076946 0.0615419 0.0433443 0.0285166 0.018105 0.0108279 0.00593701 0.002917 0.0012433 0.000443009
 3.78021e-11 1.77803e-09 5.79093e-08 1.306e-06 2.03951e-05 0.000220544 0.00165142 0.00856322 0.0307549 0.0765657 0.132537 0.161454 0.144689 0.108956 0.0857477 0.073821 0.0599847 0.0437313 0.0298623 0.0192962 0.0114498 0.00612689 0.00292468 0.00121616 0.000425824
 3.82035e-11 1.79691e-09 5.85242e-08 1.31987e-06 2.06116e-05 0.000222886 0.00166896 0.00865412 0.0310811 0.077375 0.133919 0.16305 0.145832 0.109191 0.0850945 0.0725807 0.0584885 0.0423285 0.0289344 0.0190015 0.0115633 0.00630922 0.0030195 0.0012386 0.000424515
 3.7974e-11 1.78612e-09 5.81727e-08 1.31194e-06 2.04878e-05 0.000221547 0.00165893 0.00860216 0.0308946 0.0769128 0.133131 0.162151 0.14522 0.10914 0.0855633 0.0732914 0.0591511 0.0427914 0.0291836 0.0191177 0.0116573 0.00642467 0.00312224 0.00129701 0.000446019
#obs surv len freq
 2.54476e-11 1.19693e-09 3.89833e-08 8.79173e-07 1.37296e-05 0.000148466 0.00111172 0.00576496 0.020709 0.0515959 0.0895866 0.110428 0.103178 0.0868807 0.0807761 0.0801126 0.0748881 0.0664554 0.0584069 0.0503988 0.0417623 0.0326272 0.0232687 0.0144549 0.00743083
 5.67685e-12 2.67012e-10 8.69641e-09 1.96127e-07 3.06285e-06 3.31223e-05 0.000248076 0.00128755 0.00464123 0.011722 0.021436 0.0315215 0.0457453 0.0718713 0.104279 0.122875 0.119534 0.106026 0.0925899 0.0796063 0.065771 0.0511193 0.0361586 0.0222285 0.0113032
 1.52643e-14 7.17976e-13 2.33863e-11 5.27629e-10 8.25257e-09 8.97935e-08 6.88839e-07 3.91119e-06 1.88915e-05 9.50048e-05 0.0004948 0.00219271 0.00736286 0.0186028 0.0375 0.0653519 0.101424 0.135186 0.150233 0.142119 0.120152 0.0933553 0.0656559 0.0400567 0.0201938
 5.30634e-11 2.49585e-09 8.12881e-08 1.83325e-06 2.86288e-05 0.000309579 0.00231806 0.0120189 0.043151 0.107276 0.184672 0.220135 0.181716 0.103938 0.0414828 0.0125356 0.00543286 0.00708276 0.011328 0.0151142 0.0163277 0.0144801 0.0107154 0.00661089 0.00332378
 3.51504e-11 1.65331e-09 5.38471e-08 1.21439e-06 1.89644e-05 0.000205075 0.00153561 0.0079631 0.0286057 0.0712742 0.123782 0.152689 0.142879 0.119912 0.10759 0.0949779 0.0675662 0.0353555 0.0144088 0.00692907 0.00621106 0.00652487 0.00568029 0.00386108 0.00202977
 4.15162e-11 1.95272e-09 6.35989e-08 1.43432e-06 2.23989e-05 0.000242212 0.00181366 0.0094042 0.0337716 0.0840385 0.145218 0.175707 0.153634 0.107741 0.0756073 0.061269 0.0513985 0.0401285 0.0277886 0.0160947 0.00775907 0.00372292 0.00226821 0.00151671 0.000852585
 3.80993e-11 1.79201e-09 5.83645e-08 1.31627e-06 2.05554e-05 0.000222278 0.00166441 0.00863058 0.0309974 0.0771733 0.133617 0.162904 0.146403 0.111025 0.0879454 0.0749992 0.0589219 0.040814 0.0269445 0.017587 0.0106044 0.00550622 0.00248503 0.00107001 0.000464125
 3.66998e-11 1.72618e-09 5.62207e-08 1.26792e-06 1.98004e-05 0.000214113 0.00160327 0.00831359 0.0298592 0.0743429 0.128739 0.157066 0.141526 0.108223 0.0872917 0.0766423 0.063112 0.0465619 0.032042 0.0207295 0.012301 0.00658418 0.00311326 0.00126906 0.000445471
 3.42176e-11 1.60943e-09 5.24181e-08 1.18216e-06 1.84611e-05 0.000199631 0.00149484 0.00775143 0.0278418 0.0693362 0.12018 0.147145 0.134271 0.106238 0.0900836 0.0818617 0.068738 0.051924 0.0371247 0.0252058 0.0156215 0.00859032 0.00411633 0.00168275 0.00057395
 3.84149e-11 1.80685e-09 5.8848e-08 1.32717e-06 2.07257e-05 0.000224119 0.00167819 0.00870189 0.0312516 0.0777873 0.134551 0.163438 0.144963 0.106045 0.0798974 0.0674894 0.0561116 0.0434238 0.0321876 0.0226722 0.0146125 0.00838803 0.00418481 0.00176194 0.000608755
 3.70292e-11 1.74167e-09 5.67252e-08 1.2793e-06 1.9978e-05 0.000216035 0.00161766 0.00838818 0.030127 0.0750091 0.129887 0.158441 0.14267 0.10883 0.0871843 0.0754842 0.0606705 0.0435065 0.0298662 0.0203553 0.0132799 0.00789558 0.00410664 0.00180036 0.000643824
 4.04677e-11 1.9034e-09 6.19926e-08 1.39809e-06 2.18332e-05 0.000236095 0.00176786 0.00916681 0.0329204 0.0819331 0.141666 0.171818 0.151533 0.108946 0.0794241 0.0647575 0.0518251 0.0379954 0.0263567 0.0174705 0.0108234 0.00618551 0.00319463 0.00142888 0.000527687
 3.70418e-11 1.74227e-09 5.67445e-08 1.27973e-06 1.99848e-05 0.000216108 0.00161821 0.00839108 0.030138 0.0750415 0.129979 0.15872 0.143454 0.110522 0.0897478 0.0780534 0.0620945 0.043288 0.0283201 0.0181432 0.0110754 0.00620753 0.00311317 0.00135834 0.000497759
 3.91739e-11 1.84255e-09 6.00107e-08 1.35339e-06 2.11352e-05 0.000228547 0.00171135 0.00887384 0.0318693 0.0793269 0.137228 0.166752 0.148099 0.108712 0.0821822 0.0689986 0.0560101 0.041329 0.0285849 0.0185702 0.0110321 0.0059372 0.00287505 0.00122019 0.000437107
 3.93137e-11 1.84913e-09 6.02248e-08 1.35822e-06 2.12106e-05 0.000229362 0.00171745 0.00890554 0.0319836 0.0796154 0.137754 0.167522 0.149189 0.11031 0.0841139 0.0702807 0.0555454 0.0392278 0.0261923 0.0170221 0.0103821 0.00570298 0.00274909 0.00113809 0.000395311
 3.93842e-11 1.85245e-09 6.03329e-08 1.36066e-06 2.12487e-05 0.000229774 0.00172054 0.00892152 0.0320409 0.0797573 0.137995 0.16779 0.149351 0.110282 0.083966 0.0702302 0.0557529 0.039548 0.0262699 0.0167257 0.00994618 0.00538964 0.00260264 0.00108336 0.000375091
 3.86662e-11 1.81867e-09 5.92329e-08 1.33585e-06 2.08612e-05 0.000225585 0.00168917 0.00875891 0.0314575 0.0783108 0.135532 0.164984 0.147461 0.110177 0.0854961 0.0724757 0.0578032 0.0410532 0.027301 0.0173887 0.0102927 0.00550886 0.00261755 0.00107589 0.00037017
 3.59976e-11 1.69315e-09 5.51449e-08 1.24366e-06 1.94215e-05 0.000210016 0.0015726 0.0081546 0.0292891 0.0729326 0.126359 0.154455 0.140107 0.109063 0.0901296 0.0799025 0.0651547 0.0470417 0.0317655 0.0204422 0.0121517 0.00649993 0.00307204 0.00125063 0.000425375
 3.75536e-11 1.76634e-09 5.75285e-08 1.29741e-06 2.0261e-05 0.000219094 0.00164056 0.00850688 0.0305523 0.0760576 0.131632 0.160239 0.143243 0.107156 0.0836536 0.0721792 0.0597989 0.0452389 0.0323244 0.0217349 0.0132755 0.00721436 0.00343622 0.00140045 0.000474457
 3.59388e-11 1.69039e-09 5.50548e-08 1.24163e-06 1.93898e-05 0.000209673 0.00157003 0.00814125 0.0292409 0.0728102 0.12613 0.154097 0.139532 0.108092 0.0887148 0.0783565 0.0640083 0.0467348 0.0324826 0.0219738 0.0139082 0.00789766 0.0038981 0.00162466 0.000556659
 3.95627e-11 1.86084e-09 6.06062e-08 1.36682e-06 2.13449e-05 0.000230815 0.00172833 0.00896185 0.0321848 0.0801065 0.138537 0.168161 0.148761 0.107947 0.0800622 0.0663923 0.0539498 0.0403434 0.0286615 0.0194015 0.0121516 0.00690158 0.0034735 0.00149296 0.00052716
 3.51099e-11 1.6514e-09 5.3785e-08 1.21299e-06 1.89426e-05 0.000204837 0.00153382 0.00795359 0.0285681 0.0711464 0.123327 0.151043 0.137952 0.109308 0.0924564 0.0827211 0.0669039 0.0474814 0.0318201 0.0209373 0.0131084 0.0074944 0.00379026 0.00164176 0.000588563
 4.09914e-11 1.92804e-09 6.27948e-08 1.41618e-06 2.21157e-05 0.00023915 0.00179073 0.00928536 0.0333453 0.0829826 0.143426 0.173693 0.152357 0.107803 0.0765499 0.061668 0.0501773 0.0381791 0.0274725 0.018479 0.0113139 0.00626846 0.00311505 0.00134557 0.000484915
 3.78051e-11 1.77817e-09 5.79139e-08 1.3061e-06 2.03967e-05 0.000220562 0.00165156 0.00856396 0.0307584 0.0765811 0.13261 0.161766 0.145667 0.111072 0.0887137 0.0760466 0.0597187 0.0410251 0.0266237 0.017237 0.0107629 0.00612644 0.00306059 0.00130684 0.000464946
 3.60041e-11 1.69346e-09 5.51549e-08 1.24388e-06 1.9425e-05 0.000210054 0.00157288 0.00815605 0.0292941 0.0729427 0.126361 0.154384 0.139814 0.108389 0.0891731 0.0791848 0.0652196 0.0478072 0.0325805 0.0208594 0.0122899 0.00662655 0.00323826 0.00138335 0.000493715
 3.89505e-11 1.83204e-09 5.96684e-08 1.34567e-06 2.10146e-05 0.000227244 0.00170159 0.00882322 0.0316874 0.0788732 0.136436 0.165761 0.147123 0.107802 0.0812961 0.0682846 0.055807 0.0418929 0.0298695 0.0201732 0.0124029 0.00676995 0.00324113 0.00133942 0.000466115
 3.73441e-11 1.75648e-09 5.72075e-08 1.29017e-06 2.01479e-05 0.000217872 0.00163142 0.00845951 0.0303831 0.0756459 0.130985 0.159756 0.143778 0.109512 0.0875212 0.0756133 0.0606052 0.0431562 0.0291423 0.0192956 0.0120952 0.00686156 0.00339985 0.00142648 0.000493728
 3.72869e-11 1.7538e-09 5.712e-08 1.2882e-06 2.01171e-05 0.000217538 0.00162892 0.00844653 0.0303361 0.0755253 0.130751 0.159352 0.143045 0.108235 0.08587 0.0744791 0.06096 0.0448941 0.0310723 0.0204306 0.0124373 0.00689714 0.00342019 0.00146231 0.000517166
#pred catch len freq
 2.47333e-11 1.16334e-09 3.78892e-08 8.54495e-07 1.33442e-05 0.000144299 0.00108052 0.00560325 0.0201291 0.0501614 0.0871659 0.107772 0.101736 0.0877378 0.0836622 0.0833601 0.0765573 0.0656162 0.0553423 0.0462008 0.0381973 0.0317227 0.0259756 0.0195204 0.0123003
 1.44439e-11 6.7937e-10 2.21267e-08 4.99012e-07 7.79282e-06 8.42697e-05 0.000631048 0.00327304 0.0117669 0.0294108 0.051707 0.0667513 0.0720005 0.0803182 0.096681 0.106972 0.101856 0.088823 0.075642 0.0628702 0.0503834 0.0391593 0.0293441 0.0202892 0.0120288
 6.7459e-12 3.17295e-10 1.03341e-08 2.3306e-07 3.63959e-06 3.93582e-05 0.000294744 0.00152901 0.0055008 0.0137869 0.0244983 0.0328474 0.039278 0.0513605 0.0712045 0.0909844 0.1054 0.113991 0.113346 0.10148 0.082827 0.0629192 0.044496 0.0285017 0.0157116
 2.94699e-11 1.38612e-09 4.51452e-08 1.01814e-06 1.58996e-05 0.000171932 0.0012874 0.00667524 0.0239688 0.0596184 0.102838 0.123576 0.105339 0.0683264 0.0421377 0.0352105 0.0411629 0.0530923 0.064938 0.070852 0.0674751 0.0557501 0.0399771 0.0247211 0.0128645
 4.60589e-11 2.16639e-09 7.0558e-08 1.59126e-06 2.48498e-05 0.000268714 0.0020121 0.0104329 0.0374617 0.0931837 0.160762 0.193287 0.164977 0.106692 0.0619722 0.0393117 0.0263762 0.0175834 0.0140085 0.0147083 0.0162266 0.0157113 0.0125792 0.00817146 0.00424773
 3.59495e-11 1.69089e-09 5.50713e-08 1.242e-06 1.93956e-05 0.000209736 0.00157051 0.0081439 0.0292525 0.0728608 0.126365 0.15507 0.142581 0.114761 0.0983707 0.0864814 0.065089 0.0394992 0.020909 0.0115382 0.00803152 0.00691681 0.0058767 0.00415992 0.00229205
 3.76665e-11 1.77165e-09 5.77015e-08 1.30131e-06 2.03219e-05 0.000219753 0.0016455 0.00853246 0.0306441 0.0762865 0.13203 0.160732 0.143716 0.107621 0.0843082 0.0732898 0.0613294 0.0463877 0.0318636 0.0193939 0.0103728 0.00538746 0.00314957 0.00197349 0.00109444
 3.46098e-11 1.62788e-09 5.30191e-08 1.19571e-06 1.86728e-05 0.00020192 0.00151198 0.00784032 0.0281611 0.0701338 0.121576 0.148917 0.136076 0.107996 0.0917072 0.0827097 0.0680164 0.0497529 0.0345807 0.0231597 0.0141566 0.00757625 0.00359726 0.0016104 0.000699339
 3.38121e-11 1.59036e-09 5.1797e-08 1.16815e-06 1.82424e-05 0.000197266 0.00147713 0.00765958 0.0275118 0.0685146 0.118756 0.145404 0.132693 0.105052 0.089303 0.081694 0.069494 0.0534709 0.0388502 0.0266342 0.0166897 0.00935 0.00458803 0.00193746 0.000704164
 3.46034e-11 1.62758e-09 5.30091e-08 1.19549e-06 1.86693e-05 0.000201882 0.00151169 0.00783875 0.0281544 0.0701062 0.121454 0.148422 0.134532 0.104592 0.0866372 0.0779686 0.0660427 0.0511512 0.0379902 0.0270331 0.0176999 0.0103344 0.00524791 0.00225742 0.000803817
 3.65874e-11 1.7209e-09 5.60484e-08 1.26403e-06 1.97397e-05 0.000213457 0.00159836 0.00828807 0.0297669 0.0741084 0.128298 0.156365 0.140373 0.106247 0.0843983 0.0734826 0.0607686 0.0458903 0.0333561 0.0236142 0.0157025 0.00946442 0.00499876 0.00223071 0.000813944
 3.79306e-11 1.78407e-09 5.81061e-08 1.31044e-06 2.04644e-05 0.000221293 0.00165704 0.00859229 0.030859 0.0768217 0.132958 0.161865 0.144725 0.108265 0.0842726 0.071884 0.0580881 0.0423839 0.0295303 0.0201392 0.0130722 0.00782641 0.00418279 0.00191448 0.000719978
 3.81189e-11 1.79293e-09 5.83946e-08 1.31694e-06 2.0566e-05 0.000222392 0.00166526 0.00863497 0.0310125 0.0772061 0.133639 0.162768 0.145766 0.109518 0.0857433 0.073163 0.0585656 0.0418127 0.0281634 0.0184364 0.0114605 0.00660179 0.00344158 0.0015642 0.000593168
 3.74245e-11 1.76027e-09 5.73309e-08 1.29295e-06 2.01913e-05 0.000218341 0.00163493 0.00847773 0.0304483 0.0758075 0.131257 0.160053 0.143937 0.109426 0.0872862 0.0755338 0.0609303 0.0437126 0.0294099 0.0189846 0.0114583 0.00633574 0.00316356 0.00138791 0.000514965
 3.89147e-11 1.83036e-09 5.96136e-08 1.34444e-06 2.09953e-05 0.000227035 0.00170002 0.00881516 0.0316589 0.0788077 0.136359 0.165836 0.147729 0.109355 0.0836871 0.0705128 0.0566398 0.0409839 0.0279317 0.018194 0.0109756 0.0059861 0.00290764 0.00123003 0.00043995
 3.95417e-11 1.85985e-09 6.05742e-08 1.3661e-06 2.13336e-05 0.000230693 0.00172742 0.00895719 0.0321688 0.0800758 0.138544 0.16845 0.14991 0.110617 0.0840535 0.0700144 0.0551715 0.0387406 0.0255802 0.0163782 0.00986731 0.00540042 0.00261634 0.00109166 0.000381213
 3.86776e-11 1.81921e-09 5.92505e-08 1.33625e-06 2.08674e-05 0.000225652 0.00168967 0.00876153 0.0314669 0.0783363 0.135587 0.165102 0.147731 0.110712 0.0862639 0.0731634 0.0580178 0.040686 0.0265953 0.0166853 0.00979758 0.00524621 0.00250944 0.00104005 0.000360428
 3.6108e-11 1.69835e-09 5.53142e-08 1.24747e-06 1.94811e-05 0.000210661 0.00157742 0.00817963 0.029379 0.0731581 0.126759 0.154985 0.14072 0.109797 0.090967 0.0805625 0.0652504 0.0464744 0.0308057 0.0194543 0.0113683 0.00599431 0.00280763 0.00114038 0.000389083
 3.59509e-11 1.69096e-09 5.50735e-08 1.24204e-06 1.93963e-05 0.000209744 0.00157056 0.00814398 0.0292504 0.0728321 0.126154 0.154062 0.139303 0.107549 0.0880205 0.078116 0.0648 0.0483127 0.0338094 0.022274 0.0133434 0.00711306 0.0033284 0.00133761 0.000449128
 3.60489e-11 1.69557e-09 5.52236e-08 1.24543e-06 1.94492e-05 0.000210316 0.00157484 0.00816617 0.0293299 0.0730284 0.126483 0.154411 0.139447 0.107286 0.0873053 0.077074 0.0636674 0.0474386 0.0335848 0.0228031 0.0142706 0.00795165 0.00384512 0.00157209 0.000529796
 3.71337e-11 1.74659e-09 5.68854e-08 1.28291e-06 2.00344e-05 0.000216644 0.00162222 0.00841183 0.0302114 0.0752154 0.130217 0.158715 0.142513 0.107908 0.0856652 0.0742471 0.0606587 0.0447197 0.0313432 0.0212151 0.0134086 0.00765945 0.00383733 0.00162768 0.000565115
 3.6675e-11 1.72502e-09 5.61827e-08 1.26706e-06 1.9787e-05 0.000213968 0.00160219 0.00830798 0.029839 0.0742941 0.128662 0.157005 0.141573 0.108436 0.0875316 0.076506 0.0622744 0.0453202 0.0312124 0.0207976 0.0130132 0.00742349 0.00375742 0.00162811 0.000581268
 3.81898e-11 1.79626e-09 5.85032e-08 1.31939e-06 2.06042e-05 0.000222806 0.00166836 0.00865099 0.0310696 0.0773443 0.13385 0.162895 0.145466 0.108454 0.0840323 0.0716182 0.058135 0.0426734 0.0296331 0.0197184 0.0122038 0.00686734 0.00344483 0.00149258 0.000537887
 3.9298e-11 1.84839e-09 6.02009e-08 1.35768e-06 2.12021e-05 0.000229271 0.00171677 0.00890199 0.0319705 0.0795821 0.137689 0.167406 0.148969 0.10991 0.0835589 0.0697961 0.0553949 0.0394383 0.02656 0.0173791 0.0107118 0.00601457 0.00299869 0.00128884 0.000462022
 3.70466e-11 1.7425e-09 5.6752e-08 1.2799e-06 1.99875e-05 0.000216136 0.00161842 0.00839218 0.0301417 0.07505 0.129987 0.158696 0.14333 0.110233 0.0893636 0.0778551 0.0623566 0.0439145 0.0288764 0.0183253 0.0109572 0.00600736 0.00295148 0.00125799 0.000448239
 3.74355e-11 1.76079e-09 5.73477e-08 1.29333e-06 2.01973e-05 0.000218405 0.00163541 0.0084802 0.030457 0.0758272 0.131279 0.160019 0.143717 0.108887 0.0865076 0.0749501 0.0610241 0.0444914 0.0303671 0.0196147 0.0116365 0.00622633 0.00297206 0.00123585 0.000432716
 3.76993e-11 1.7732e-09 5.77519e-08 1.30245e-06 2.03396e-05 0.000219944 0.00164693 0.00853995 0.0306714 0.0763594 0.132189 0.161076 0.144493 0.10909 0.0861285 0.0741197 0.0599056 0.043368 0.0296329 0.0194529 0.0118358 0.00645742 0.00309035 0.00126765 0.000434469
 3.75281e-11 1.76514e-09 5.74895e-08 1.29653e-06 2.02472e-05 0.000218945 0.00163945 0.00850117 0.0305323 0.0760144 0.131601 0.160405 0.144036 0.109054 0.0864827 0.0746573 0.0604062 0.0437083 0.0297959 0.0195112 0.011895 0.00655517 0.00318558 0.00132331 0.000455061
#obs catch len freq
 2.3666e-11 1.11314e-09 3.62541e-08 8.17623e-07 1.27684e-05 0.000138072 0.0010339 0.00536149 0.0192611 0.0480025 0.0834434 0.103308 0.0979681 0.0854385 0.082709 0.0836437 0.0784468 0.0695154 0.0611175 0.0528993 0.0440392 0.0346697 0.0250273 0.0157671 0.00819666
 2.42856e-11 1.14228e-09 3.72032e-08 8.39027e-07 1.31026e-05 0.000141687 0.00106096 0.0055018 0.0197646 0.0492522 0.0855803 0.105787 0.0997908 0.0859724 0.082119 0.0825911 0.0774985 0.0687884 0.0604283 0.0521226 0.0431803 0.0337302 0.0240534 0.0149417 0.00768092
 5.28739e-12 2.48694e-10 8.09979e-09 1.82672e-07 2.85273e-06 3.08502e-05 0.000231063 0.00119935 0.00432475 0.0109368 0.0200955 0.0299767 0.0446452 0.0716457 0.104849 0.123824 0.120472 0.106796 0.0932037 0.0801001 0.0661626 0.0514163 0.0363658 0.0223549 0.0113672
 1.42143e-14 6.6859e-13 2.17779e-11 4.91354e-10 7.68612e-09 8.36697e-08 6.43028e-07 3.67456e-06 1.80546e-05 9.305e-05 0.000492294 0.0021938 0.00737711 0.0186414 0.0375633 0.0654218 0.101475 0.135205 0.150218 0.142078 0.120098 0.093301 0.0656125 0.0400285 0.0201791
 5.27395e-11 2.48061e-09 8.07919e-08 1.82206e-06 2.8454e-05 0.000307689 0.00230391 0.0119455 0.0428875 0.106621 0.183545 0.218791 0.180607 0.10331 0.0412557 0.0125462 0.00562506 0.00750386 0.0120292 0.0160507 0.0173383 0.0153756 0.0113776 0.00701923 0.003529
 3.42033e-11 1.60876e-09 5.23962e-08 1.18167e-06 1.84535e-05 0.000199549 0.00149424 0.00774864 0.0278364 0.0693682 0.120545 0.149043 0.140564 0.120164 0.110167 0.0983824 0.0702527 0.0367968 0.0149944 0.00720088 0.00644663 0.00677043 0.0058938 0.00400614 0.00210601
 4.07134e-11 1.91496e-09 6.23691e-08 1.40658e-06 2.19658e-05 0.000237529 0.00177859 0.00922242 0.0331194 0.0824209 0.14246 0.172547 0.151446 0.107462 0.0771013 0.0636392 0.0537502 0.042011 0.0290844 0.0168396 0.00811613 0.00389301 0.00237112 0.00158532 0.000891123
 3.72443e-11 1.75179e-09 5.70547e-08 1.28673e-06 2.00941e-05 0.00021729 0.00162706 0.00843695 0.0303027 0.0754511 0.130685 0.159566 0.144162 0.110923 0.0897982 0.0776883 0.0613305 0.0425122 0.0280498 0.0182967 0.0110282 0.00572522 0.00258355 0.00111231 0.000482435
 3.58186e-11 1.68473e-09 5.48707e-08 1.23747e-06 1.93249e-05 0.000208972 0.00156478 0.00811403 0.0291432 0.0725675 0.125714 0.153611 0.13917 0.108016 0.0890588 0.0793074 0.0656045 0.0484275 0.0333087 0.0215376 0.0127761 0.00683696 0.00323234 0.00131749 0.000462446
 3.3468e-11 1.57417e-09 5.12697e-08 1.15626e-06 1.80567e-05 0.000195258 0.0014621 0.00758169 0.0272327 0.067826 0.117606 0.144203 0.132255 0.106034 0.0915426 0.0840797 0.0708232 0.0535055 0.0382302 0.0259414 0.0160718 0.00883617 0.0042336 0.00173056 0.000590224
 3.77407e-11 1.77514e-09 5.78151e-08 1.30388e-06 2.03619e-05 0.000220185 0.00164874 0.00854921 0.0307037 0.0764286 0.132235 0.160784 0.143126 0.105808 0.0811291 0.0694074 0.0579524 0.0448653 0.0332359 0.0233978 0.0150751 0.00865194 0.00431596 0.00181703 0.00062776
 3.64052e-11 1.71232e-09 5.57693e-08 1.25774e-06 1.96414e-05 0.000212394 0.0015904 0.00824688 0.0296201 0.0737521 0.127746 0.155999 0.141015 0.108712 0.088471 0.0773853 0.0624003 0.0447548 0.0307003 0.0209092 0.0136357 0.00810539 0.00421526 0.00184785 0.000660781
 3.98597e-11 1.87481e-09 6.10613e-08 1.37709e-06 2.15052e-05 0.000232548 0.0017413 0.00902914 0.0324265 0.0807083 0.13958 0.169434 0.149907 0.108801 0.0806375 0.0665844 0.0535258 0.039262 0.0272187 0.0180309 0.0111663 0.00638002 0.00329464 0.00147349 0.000544139
 3.647e-11 1.71537e-09 5.58686e-08 1.25998e-06 1.96764e-05 0.000212772 0.00159324 0.00826161 0.0296735 0.07389 0.128019 0.156488 0.141958 0.110459 0.0909972 0.0798654 0.063717 0.0444234 0.0290408 0.0185913 0.0113439 0.00635641 0.00318739 0.00139061 0.00050956
 3.86931e-11 1.81994e-09 5.92741e-08 1.33678e-06 2.08758e-05 0.000225742 0.00169034 0.00876496 0.0314786 0.0783583 0.135578 0.164869 0.146819 0.10861 0.0831635 0.0704673 0.0573729 0.0423373 0.029261 0.0189973 0.0112814 0.00606992 0.00293887 0.00124716 0.000446745
 3.87532e-11 1.82276e-09 5.93662e-08 1.33886e-06 2.09082e-05 0.000226092 0.00169297 0.00877861 0.0315282 0.0784863 0.135832 0.165332 0.147714 0.11023 0.0853099 0.072032 0.05713 0.0403578 0.0269275 0.0174877 0.0106616 0.00585516 0.00282207 0.00116821 0.000405751
 3.88199e-11 1.8259e-09 5.94684e-08 1.34116e-06 2.09442e-05 0.000226482 0.00169588 0.00879373 0.0315824 0.0786205 0.136059 0.165584 0.147865 0.110199 0.0851691 0.0719969 0.0573591 0.0406988 0.0270158 0.0171889 0.0102174 0.00553525 0.00267256 0.00111237 0.000385116
 3.80892e-11 1.79153e-09 5.83491e-08 1.31592e-06 2.055e-05 0.000222219 0.00166397 0.00862826 0.0309887 0.0771487 0.133553 0.162729 0.145942 0.110093 0.0867283 0.0742838 0.059446 0.0422297 0.0280637 0.0178625 0.0105687 0.00565525 0.00268671 0.00110422 0.000379897
 3.52831e-11 1.65955e-09 5.40503e-08 1.21897e-06 1.9036e-05 0.000205848 0.00154139 0.00799279 0.0287086 0.0714933 0.123908 0.151659 0.138216 0.108937 0.0916225 0.0821128 0.0671817 0.048516 0.0327395 0.0210558 0.0125116 0.00669092 0.00316186 0.00128709 0.000437752
 3.69604e-11 1.73844e-09 5.66199e-08 1.27692e-06 1.9941e-05 0.000215633 0.00161465 0.00837256 0.0300704 0.0748625 0.129596 0.157911 0.141648 0.106995 0.0848093 0.0739387 0.0614575 0.0464996 0.0332026 0.0223122 0.0136233 0.00740175 0.003525 0.00143652 0.000486651
 3.53144e-11 1.66102e-09 5.40983e-08 1.22006e-06 1.90529e-05 0.000206031 0.00154275 0.00799987 0.0287336 0.0715524 0.123988 0.151652 0.137871 0.107963 0.0899882 0.0802511 0.0657485 0.0480088 0.0333433 0.0225412 0.0142617 0.00809668 0.00399584 0.00166527 0.000570547
 3.88869e-11 1.82905e-09 5.9571e-08 1.34348e-06 2.09803e-05 0.000226872 0.00169881 0.00880881 0.0316357 0.0787449 0.136217 0.165508 0.146941 0.107758 0.0813689 0.068384 0.0558259 0.0417683 0.0296565 0.0200636 0.0125619 0.00713304 0.00358953 0.00154271 0.000544703
 3.4422e-11 1.61904e-09 5.27312e-08 1.18922e-06 1.85714e-05 0.000200824 0.00150377 0.00779781 0.0280091 0.0697607 0.120967 0.148354 0.136139 0.109203 0.0939143 0.0848581 0.0688368 0.0488595 0.0327199 0.0215145 0.0134642 0.00769607 0.00389174 0.00168559 0.00060425
 4.04221e-11 1.90126e-09 6.19228e-08 1.39652e-06 2.18086e-05 0.000235829 0.00176587 0.00915644 0.0328828 0.0818355 0.141471 0.171455 0.150817 0.107627 0.0776288 0.0633311 0.051764 0.0394049 0.0283378 0.0190505 0.0116597 0.00645862 0.00320909 0.00138607 0.000499489
 3.7217e-11 1.75051e-09 5.7013e-08 1.28579e-06 2.00794e-05 0.000217131 0.00162587 0.00843079 0.0302806 0.0753967 0.130595 0.159472 0.144133 0.111017 0.0900108 0.0779171 0.0613806 0.0421754 0.0273495 0.0176935 0.0110429 0.00628432 0.00313906 0.00134024 0.000476808
 3.53825e-11 1.66422e-09 5.42026e-08 1.22241e-06 1.90896e-05 0.000206428 0.00154573 0.00801528 0.028789 0.0716904 0.124228 0.15195 0.138163 0.108267 0.0904553 0.0810966 0.0669873 0.0491063 0.0334426 0.0213981 0.0126023 0.00679334 0.00331926 0.00141782 0.000505994
 3.83639e-11 1.80445e-09 5.87699e-08 1.32541e-06 2.06982e-05 0.000223821 0.00167596 0.00869039 0.0312108 0.0776914 0.134423 0.163459 0.145547 0.107645 0.0824428 0.0700258 0.057443 0.0431319 0.0307324 0.0207437 0.0127491 0.00695744 0.00333045 0.00137622 0.000478895
 3.67026e-11 1.72631e-09 5.62249e-08 1.26801e-06 1.98019e-05 0.000214129 0.0016034 0.00831425 0.029862 0.0743539 0.128785 0.157248 0.142083 0.109405 0.0888686 0.0775953 0.0624048 0.0444479 0.0299933 0.0198455 0.0124347 0.00705262 0.00349408 0.00146591 0.000507352
#spawning biomass
 71878.2 60321.2 50640.8 36721.6 37794 73248.4 99156.5 136784 171658 206157 213436 232591 229241 248187 248969 236691 274983 261054 253699 264212 233416 246644 272891 289414 327626 285231 275906 314425 331419 459859 331660 212422 131545 83306.5 56581.8 42437.5 35169.1 31506.2 29684.6 28786.6 28346.8 28132.2 28027.8 27977 27952.5 27940.7 27935 27932.2 27930.9 27930.2 27929.9 27929.8 27929.7 27929.7 27929.6 27929.6 27929.6 27929.6 27929.6 27929.6 27929.6 27929.6 27929.6 27929.6 27929.6 27929.6 27929.6 27929.6 27929.6 27929.6 27929.6 27929.6 27929.6 27929.6 27929.6 27929.6 27929.6 27929.6 27929.6 27929.6 27929.6 27929.6 27929.6 27929.6 27929.6 27929.6 27929.6 27929.6 27929.6 27929.6 27929.6 27929.6 27929.6 27929.6 27929.6 27929.6 27929.6 27929.6 27929.6 27929.6 27929.6 27929.6 27929.6 27929.6 27929.6 27929.6 27929.6 27929.6 27929.6 27929.6 27929.6 27929.6 27929.6 27929.6 27929.6 27929.6 27929.6 27929.6 27929.6 27929.6 27929.6 27929.6 27929.6 27929.6 27929.6 27929.6 27929.6 27929.6 0 0 0 0 0 0 0 0 0 0 0 0 0 0 0 0 0 0 0 0 0 0 0 0 0
