SBPRF35
0.819782
Curr Bio
118442
B35
699359
F35
0.21066
FOFL
0.0822352
OFL
18776.4
Bzero
234224
#pred survey bio
 7043.28 6900.1 8496.13 11448.8 16901.9 18484 17094.2 22662.1 34918 50933.3 57870.2 86144.5 111714 142423 137077 118006 106922 100850 102823 101444 103714 109773 116383 115498 132747 138590 128326 121368 127346 1.03853e+07 8.65121e+06 9.19409e+06 8.60141e+06 7.5345e+06 6.37785e+06 5.32622e+06 4.45423e+06 3.77037e+06 3.25288e+06 2.8703e+06 2.59164e+06 2.39038e+06 2.24514e+06 2.13921e+06 2.0619e+06 2.00699e+06 1.9676e+06 1.93901e+06 1.91803e+06 1.90246e+06 1.89078e+06 1.88192e+06 1.87513e+06 1.86988e+06 1.86578e+06 1.86256e+06 1.86002e+06 1.85799e+06 1.85637e+06 1.85507e+06 1.85403e+06 1.85318e+06 1.8525e+06 1.85194e+06 1.85149e+06 1.85112e+06 1.85082e+06 1.85058e+06 1.85038e+06 1.85022e+06 1.85008e+06 1.84997e+06 1.84989e+06 1.84981e+06 1.84975e+06 1.8497e+06 1.84967e+06 1.84963e+06 1.84961e+06 1.84958e+06 1.84957e+06 1.84955e+06 1.84954e+06 1.84953e+06 1.84952e+06 1.84952e+06 1.84951e+06 1.84951e+06 1.8495e+06 1.8495e+06 1.8495e+06 1.84949e+06 1.84949e+06 1.84949e+06 1.84949e+06 1.84949e+06 1.84949e+06 1.84949e+06 1.84949e+06 1.84949e+06 1.84949e+06 1.84949e+06 1.84949e+06 1.84949e+06 1.84949e+06 1.84949e+06 1.84949e+06 1.84949e+06 1.84949e+06 1.84949e+06 1.84949e+06 1.84949e+06 1.84949e+06 1.84949e+06 1.84949e+06 1.84949e+06 1.84949e+06 1.84949e+06 1.84949e+06 1.84949e+06 1.84949e+06 1.84949e+06 1.84949e+06 1.84949e+06 1.84949e+06 1.84949e+06 1.84949e+06 1.84949e+06 1.84949e+06 0 0 0 0 0 0 0 0 0 0 0 0 0 0 0 0 0 0 0 0 0 0 0 0 0
#obs survey bio
 6319.28 7762.29 11175.4 11664.1 20120.9 12922.7 15525.3 23536.8 33437.6 66540.7 83433.8 134294 130104 147440 148895 86988.1 100416 152810 104194 82186.8 137913 121990 121428 106472 140025 138774 155740 136136 121973
#pred catch bio
 4790 4788.71 5980.74 7469.7 12016.4 14363.3 12533.4 15844.4 23815.4 39715.1 39385.3 63239 80291.4 110088 109322 95918.4 88018.6 80221.6 84012.8 84161.9 86340.2 91147.5 99713.7 95331.6 112889 121451 110639 103807 12467.7 18776.4 70044.8 74548.5 68903.2 59512.1 49559.9 40644.1 33358 27738.1 23569.6 20561.9 18435.1 16953 15929.6 15223.7 14741.5 14421.7 14209.6 14069 13975.7 13913.8 13872.8 13845.5 13827.5 13815.5 13807.6 13802.3 13798.8 13796.5 13795 13794 13793.3 13792.8 13792.5 13792.3 13792.2 13792.1 13792.1 13792 13792 13792 13792 13792 13792 13792 13792 13792 13792 13791.9 13791.9 13791.9 13791.9 13791.9 13791.9 13791.9 13791.9 13791.9 13791.9 13791.9 13791.9 13791.9 13791.9 13791.9 13791.9 13791.9 13791.9 13791.9 13791.9 13791.9 13791.9 13791.9 13791.9 13791.9 13791.9 13791.9 13791.9 13791.9 13791.9 13791.9 13791.9 13791.9 13791.9 13791.9 13791.9 13791.9 13791.9 13791.9 13791.9 13791.9 13791.9 13791.9 13791.9 13791.9 13791.9 13791.9 13791.9 13791.9 13791.9 13791.9 13791.9 0 0 0 0 0 0 0 0 0 0 0 0 0 0 0 0 0 0 0 0 0 0 0 0 0
#obs catch bio
 5082.97 4736.09 5782.25 7243.5 11620.5 14303.1 12433 15309 22857.7 38631 37890.4 59891.3 76493.6 106105 104900 95483.1 87166.5 77210.6 80833 83578 83862.2 90202.5 96463.7 92463.6 110361 119372 107488 100154 12183.8
#pred cpue bio
 6029.33 5559.94 6638.19 8810.87 13196.4 15068.5 13541.3 17074.2 26397.8 39469.6 44357.3 66094.1 85846.1 111120 110477 94350.9 83317.5 78096.2 80204.9 78024.5 78683.2 82896.2 88223.3 86798.6 99199.4 104133 96783.7 92145.9 94440 9.12243e+06 8.52022e+06 9.16039e+06 8.55469e+06 7.48332e+06 6.32586e+06 5.27412e+06 4.40211e+06 3.71825e+06 3.20075e+06 2.81818e+06 2.53951e+06 2.33825e+06 2.19302e+06 2.08709e+06 2.00977e+06 1.95487e+06 1.91547e+06 1.88689e+06 1.86591e+06 1.85034e+06 1.83866e+06 1.8298e+06 1.82301e+06 1.81775e+06 1.81366e+06 1.81044e+06 1.80789e+06 1.80587e+06 1.80425e+06 1.80295e+06 1.8019e+06 1.80106e+06 1.80037e+06 1.79982e+06 1.79937e+06 1.799e+06 1.7987e+06 1.79846e+06 1.79826e+06 1.79809e+06 1.79796e+06 1.79785e+06 1.79776e+06 1.79769e+06 1.79763e+06 1.79758e+06 1.79754e+06 1.79751e+06 1.79748e+06 1.79746e+06 1.79744e+06 1.79743e+06 1.79742e+06 1.79741e+06 1.7974e+06 1.79739e+06 1.79739e+06 1.79738e+06 1.79738e+06 1.79738e+06 1.79737e+06 1.79737e+06 1.79737e+06 1.79737e+06 1.79737e+06 1.79737e+06 1.79737e+06 1.79737e+06 1.79737e+06 1.79736e+06 1.79736e+06 1.79736e+06 1.79736e+06 1.79736e+06 1.79736e+06 1.79736e+06 1.79736e+06 1.79736e+06 1.79736e+06 1.79736e+06 1.79736e+06 1.79736e+06 1.79736e+06 1.79736e+06 1.79736e+06 1.79736e+06 1.79736e+06 1.79736e+06 1.79736e+06 1.79736e+06 1.79736e+06 1.79736e+06 1.79736e+06 1.79736e+06 1.79736e+06 1.79736e+06 1.79736e+06 1.79736e+06 1.79736e+06 0 0 0 0 0 0 0 0 0 0 0 0 0 0 0 0 0 0 0 0 0 0 0 0 0
#obs cpue bio
 5761.3 6864.12 9898.42 13070.9 18648.7 18240.3 19657.8 31667.4 54408.1 41035 65507.6 105473 148168 164593 195268 119542 107005 107952 139956 93629.3 105094 79521.5 162116 145345 130513 134772 132730 184356 108049
#pred surv len freq
 2.56697e-27 2.5986e-27 4.21943e-26 8.3613e-20 2.04967e-14 6.07354e-10 2.17544e-06 0.000941883 0.0492948 0.311852 0.238712 0.0369681 0.113676 0.105053 0.02757 0.0368226 0.0171767 0.0150778 0.0101949 0.00839464 0.0070377 0.00642516 0.00675101 0.00615264 0.00189592
 2.56839e-27 2.60214e-27 4.48746e-26 8.92655e-20 2.18824e-14 6.48413e-10 2.32251e-06 0.00100556 0.0526272 0.332934 0.254862 0.0401937 0.12688 0.116888 0.0236543 0.0246522 0.00946545 0.00580913 0.00318202 0.00219368 0.00159511 0.00129264 0.00123313 0.00114193 0.000387615
 2.56929e-27 2.60452e-27 4.69086e-26 9.3556e-20 2.29341e-14 6.79579e-10 2.43414e-06 0.00105389 0.0551568 0.348937 0.267083 0.0403066 0.119154 0.109736 0.0220505 0.022718 0.00769279 0.00319756 0.00127672 0.000620922 0.000349365 0.00023537 0.000194636 0.000173708 6.15371e-05
 2.56976e-27 2.60577e-27 4.79605e-26 9.57751e-20 2.34781e-14 6.95698e-10 2.49187e-06 0.00107889 0.056465 0.357213 0.273404 0.040428 0.115636 0.106412 0.0200647 0.0190149 0.00640329 0.00258212 0.000831578 0.000262961 9.36207e-05 4.48282e-05 2.94111e-05 2.37066e-05 8.42541e-06
 2.56916e-27 2.60414e-27 4.65305e-26 9.27584e-20 2.27386e-14 6.73785e-10 2.41339e-06 0.0010449 0.0546865 0.345962 0.264818 0.0407677 0.124253 0.114392 0.0219841 0.0213777 0.00702732 0.0025653 0.000810077 0.000230106 5.27828e-05 1.42308e-05 6.02657e-06 3.94501e-06 1.35052e-06
 2.56712e-27 2.59861e-27 4.16484e-26 8.24593e-20 2.02139e-14 5.98974e-10 2.14542e-06 0.000928887 0.0486146 0.307549 0.235509 0.0421288 0.155204 0.14297 0.0273558 0.0264459 0.00873555 0.00324821 0.0009844 0.000256842 5.38451e-05 9.36612e-06 1.90723e-06 7.98216e-07 2.4688e-07
 2.56861e-27 2.60271e-27 4.53224e-26 9.02099e-20 2.21139e-14 6.55274e-10 2.34708e-06 0.0010162 0.053184 0.336457 0.257558 0.0406196 0.128228 0.118175 0.0247472 0.0267366 0.00879556 0.00319556 0.000973613 0.000253771 4.92109e-05 7.52781e-06 8.80631e-07 1.56023e-07 3.706e-08
 2.57059e-27 2.60803e-27 4.99669e-26 1.00008e-19 2.45157e-14 7.26444e-10 2.602e-06 0.00112657 0.0589604 0.373 0.285448 0.0397744 0.1022 0.0940267 0.0181093 0.0176769 0.00605268 0.00258243 0.000790975 0.000203012 3.94288e-05 5.68622e-06 5.44097e-07 4.17919e-08 5.03271e-09
 2.57035e-27 2.60731e-27 4.92663e-26 9.85294e-20 2.41533e-14 7.15705e-10 2.56354e-06 0.00110991 0.0580889 0.367486 0.281249 0.0404884 0.110584 0.101657 0.0175446 0.0144478 0.00476582 0.00178741 0.000581076 0.000168984 3.27822e-05 4.688e-06 4.21504e-07 2.23145e-08 1.00722e-09
 2.56939e-27 2.60473e-27 4.70074e-26 9.37641e-20 2.29851e-14 6.81091e-10 2.43955e-06 0.00105623 0.0552794 0.349713 0.267686 0.0409806 0.123859 0.113959 0.0206718 0.0184736 0.0058381 0.00177097 0.000530827 0.000142871 3.08931e-05 4.64917e-06 4.12594e-07 1.96979e-08 4.82311e-10
 2.56982e-27 2.60588e-27 4.80133e-26 9.58862e-20 2.35053e-14 6.96505e-10 2.49476e-06 0.00108014 0.0565305 0.357628 0.273726 0.0407796 0.118086 0.108607 0.0192657 0.0166174 0.00532658 0.00173533 0.000484228 0.000107126 2.08671e-05 3.2772e-06 3.13249e-07 1.47489e-08 2.99237e-10
 2.56984e-27 2.60597e-27 4.81281e-26 9.61286e-20 2.35648e-14 6.98266e-10 2.50107e-06 0.00108287 0.0566734 0.358532 0.274411 0.0404509 0.115103 0.105922 0.0200298 0.0190381 0.00609032 0.00195331 0.000558648 0.000127914 2.13273e-05 2.86925e-06 2.75465e-07 1.38576e-08 2.74421e-10
 2.56973e-27 2.60565e-27 4.78172e-26 9.54726e-20 2.34039e-14 6.93501e-10 2.484e-06 0.00107548 0.0562867 0.356085 0.272549 0.0407903 0.118995 0.109451 0.0195164 0.0169843 0.00555374 0.00198534 0.000570836 0.000130026 2.24068e-05 2.75171e-06 2.22405e-07 1.09958e-08 2.28601e-10
 2.56912e-27 2.60401e-27 4.63796e-26 9.244e-20 2.26605e-14 6.71472e-10 2.4051e-06 0.00104132 0.0544988 0.344774 0.263917 0.0410846 0.127299 0.11715 0.0215293 0.0196318 0.0062775 0.00201883 0.000598091 0.000148609 2.57196e-05 3.20461e-06 2.41928e-07 1.0217e-08 2.06149e-10
 2.56762e-27 2.59993e-27 4.27701e-26 8.48253e-20 2.07939e-14 6.16161e-10 2.20698e-06 0.00095554 0.0500095 0.316374 0.242248 0.0421761 0.150829 0.138856 0.0252455 0.0226503 0.00730707 0.00245076 0.000700266 0.000161619 2.98359e-05 3.87966e-06 2.94636e-07 1.16289e-08 2.04878e-10
 2.5681e-27 2.60129e-27 4.4026e-26 8.7475e-20 2.14434e-14 6.35407e-10 2.27592e-06 0.000985388 0.0515716 0.326256 0.24978 0.0413216 0.139034 0.128085 0.0253717 0.0256518 0.00824411 0.00269534 0.000780078 0.000183825 3.18582e-05 4.18224e-06 3.36103e-07 1.33407e-08 2.19232e-10
 2.5692e-27 2.60423e-27 4.65852e-26 9.28737e-20 2.27669e-14 6.74623e-10 2.41639e-06 0.0010462 0.0547545 0.346392 0.26515 0.0409521 0.125424 0.115426 0.0213278 0.0196218 0.00651256 0.00247159 0.000719276 0.000166784 2.94483e-05 3.75067e-06 2.97547e-07 1.2391e-08 2.04657e-10
 2.56937e-27 2.60464e-27 4.6896e-26 9.35291e-20 2.29275e-14 6.79384e-10 2.43344e-06 0.00105359 0.0551409 0.348836 0.267022 0.0412886 0.126669 0.116485 0.0198841 0.016045 0.00515949 0.00172404 0.000525159 0.000136967 2.41682e-05 3.08791e-06 2.4122e-07 9.92094e-09 1.69742e-10
 2.56908e-27 2.60386e-27 4.62168e-26 9.20963e-20 2.25763e-14 6.68976e-10 2.39616e-06 0.00103745 0.0542962 0.343492 0.262942 0.0413764 0.130204 0.119781 0.021092 0.0179621 0.00561574 0.00160754 0.000456967 0.000109648 2.12204e-05 2.8561e-06 2.23029e-07 9.06424e-09 1.53938e-10
 2.56966e-27 2.60544e-27 4.76112e-26 9.50378e-20 2.32974e-14 6.90343e-10 2.47269e-06 0.00107058 0.0560304 0.354463 0.271313 0.0409826 0.121325 0.111581 0.0195122 0.016426 0.00518929 0.00157104 0.000426521 8.84228e-05 1.55212e-05 2.14134e-06 1.79814e-07 7.3664e-09 1.2383e-10
 2.57015e-27 2.60675e-27 4.87421e-26 9.74235e-20 2.38822e-14 7.07672e-10 2.53476e-06 0.00109746 0.0574368 0.363361 0.278106 0.0408734 0.115722 0.106358 0.0176433 0.0134743 0.00423386 0.00125724 0.000346924 7.40767e-05 1.16684e-05 1.4131e-06 1.17364e-07 5.126e-09 8.75656e-11
 2.5703e-27 2.60712e-27 4.90572e-26 9.80882e-20 2.40451e-14 7.12501e-10 2.55206e-06 0.00110494 0.0578287 0.36584 0.28 0.0409094 0.114666 0.105356 0.0169861 0.0122213 0.00375934 0.000991371 0.000267517 5.65131e-05 9.1259e-06 1.04233e-06 7.5372e-08 3.19812e-09 5.73873e-11
 2.57014e-27 2.6067e-27 4.86826e-26 9.72979e-20 2.38514e-14 7.0676e-10 2.5315e-06 0.00109604 0.0573628 0.362893 0.277751 0.0410535 0.117342 0.10782 0.0173246 0.0123705 0.00376549 0.000926294 0.000238449 4.54612e-05 7.15777e-06 8.23719e-07 5.71175e-08 2.13898e-09 3.6958e-11
 2.57045e-27 2.60754e-27 4.94176e-26 9.88484e-20 2.42315e-14 7.18023e-10 2.57184e-06 0.00111351 0.0582769 0.368676 0.282164 0.0408886 0.112987 0.103789 0.0163837 0.0112386 0.00340877 0.000821903 0.000206807 3.67025e-05 5.29176e-06 5.69838e-07 3.92431e-08 1.40807e-09 2.18523e-11
 2.57067e-27 2.60814e-27 4.99581e-26 9.99887e-20 2.4511e-14 7.26306e-10 2.60151e-06 0.00112635 0.0589492 0.372929 0.285408 0.0406574 0.108948 0.100079 0.0160375 0.0113819 0.00343866 0.000802282 0.000199796 3.46689e-05 4.74474e-06 4.65867e-07 2.95062e-08 1.03317e-09 1.53051e-11
 2.57044e-27 2.60749e-27 4.93626e-26 9.87324e-20 2.42031e-14 7.1718e-10 2.56882e-06 0.0011122 0.0582086 0.368243 0.281836 0.041005 0.114103 0.104796 0.0161369 0.0104218 0.0031549 0.000756452 0.000187536 3.15632e-05 4.2344e-06 3.97319e-07 2.29475e-08 7.34876e-10 1.04698e-11
 2.57029e-27 2.60707e-27 4.89804e-26 9.79262e-20 2.40054e-14 7.11323e-10 2.54784e-06 0.00110312 0.0577332 0.365236 0.279542 0.0411801 0.117047 0.1075 0.0163968 0.0103307 0.00307765 0.000657685 0.000161048 2.76521e-05 3.64902e-06 3.32531e-07 1.83635e-08 5.37841e-10 7.00322e-12
 2.57005e-27 2.60644e-27 4.8434e-26 9.67734e-20 2.37228e-14 7.0295e-10 2.51785e-06 0.00109013 0.0570536 0.360936 0.276261 0.0412624 0.119979 0.110226 0.0172445 0.0115771 0.00344514 0.000720926 0.000170841 2.66053e-05 3.49353e-06 3.18489e-07 1.70664e-08 4.76374e-10 5.69472e-12
 2.57094e-27 2.60887e-27 5.06001e-26 1.01343e-19 2.4843e-14 7.36143e-10 2.63674e-06 0.00114161 0.0597477 0.37798 0.289262 0.0404703 0.104817 0.0962664 0.0153544 0.010783 0.00324161 0.000729129 0.000174175 2.64231e-05 3.23823e-06 2.78889e-07 1.49175e-08 4.05701e-10 4.61183e-12
#obs surv len freq
 1.64242e-41 2.27957e-33 3.82445e-26 7.75591e-20 1.90127e-14 5.63381e-10 2.01794e-06 0.000873698 0.0457259 0.289275 0.221629 0.044275 0.164252 0.139595 0.043128 0.0349622 0.0114245 0.00390382 0.000839565 0.000108582 6.14373e-06 1.09844e-07 4.60521e-10 3.63443e-13 4.67387e-17
 1.90629e-41 2.6458e-33 4.43888e-26 9.00196e-20 2.20672e-14 6.53893e-10 2.34214e-06 0.00101406 0.0530721 0.33575 0.257128 0.0440623 0.132222 0.10634 0.033584 0.0255602 0.00809074 0.00259601 0.000516132 5.86248e-05 2.75377e-06 3.85789e-08 1.21233e-10 6.97779e-14 6.44445e-18
 1.93155e-41 2.68087e-33 4.49772e-26 9.12128e-20 2.23597e-14 6.6256e-10 2.37318e-06 0.00102751 0.0537756 0.3402 0.260609 0.0470625 0.14064 0.105809 0.026757 0.0170387 0.0052086 0.00155669 0.000283442 2.81138e-05 1.08882e-06 1.19076e-08 2.80461e-11 1.17805e-14 7.81544e-19
 1.97039e-41 2.73477e-33 4.58814e-26 9.30466e-20 2.28093e-14 6.7588e-10 2.42089e-06 0.00104816 0.0548567 0.34704 0.265895 0.0487202 0.138471 0.0981167 0.025924 0.0152454 0.00362679 0.000893855 0.000146836 1.25751e-05 3.98614e-07 3.38908e-09 5.97665e-12 1.83458e-15 8.76001e-20
 1.76905e-41 2.45532e-33 4.1193e-26 8.35387e-20 2.04785e-14 6.06816e-10 2.17352e-06 0.000941058 0.0492512 0.311579 0.23901 0.0548877 0.175574 0.116752 0.0306634 0.0166303 0.00382396 0.000781976 9.6383e-05 6.78132e-06 1.73809e-07 1.14273e-09 1.50651e-12 3.38101e-16 1.16399e-20
 1.4467e-41 2.00792e-33 3.36871e-26 6.83167e-20 1.6747e-14 4.96245e-10 1.77747e-06 0.000769583 0.0402769 0.254806 0.195935 0.0625789 0.221649 0.140624 0.0494332 0.0269042 0.00582588 0.0010805 0.000109393 5.55982e-06 1.0718e-07 5.36585e-10 5.26895e-13 8.64224e-17 2.14729e-21
 2.08915e-41 2.89961e-33 4.86469e-26 9.8655e-20 2.41841e-14 7.1662e-10 2.56681e-06 0.00111134 0.0581632 0.367959 0.282015 0.0502655 0.112268 0.0690315 0.0342807 0.0189922 0.00493203 0.000897019 7.88318e-05 3.10132e-06 4.1764e-08 1.48071e-10 1.05717e-13 1.26042e-17 2.25866e-22
 1.98407e-41 2.75376e-33 4.62001e-26 9.36928e-20 2.29677e-14 6.80575e-10 2.43771e-06 0.00105544 0.0552377 0.349452 0.268233 0.0602516 0.152098 0.0819229 0.0192466 0.0089093 0.00294426 0.000591557 5.28437e-05 1.73463e-06 1.72315e-08 4.18104e-11 2.03947e-14 1.7039e-18 2.17127e-23
 2.0127e-41 2.7935e-33 4.68667e-26 9.50448e-20 2.32991e-14 6.90395e-10 2.47288e-06 0.00107067 0.0560348 0.354496 0.272211 0.0618698 0.145563 0.0748116 0.023168 0.00888795 0.00155628 0.000298424 2.94728e-05 9.2629e-07 7.47786e-09 1.31383e-11 4.37914e-15 2.46452e-19 2.14072e-24
 1.72692e-41 2.39685e-33 4.02122e-26 8.15495e-20 1.99909e-14 5.92367e-10 2.12176e-06 0.000918649 0.0480785 0.304165 0.234414 0.0762313 0.199303 0.0954434 0.0287521 0.0104862 0.00195029 0.000237752 1.74696e-05 5.37672e-07 3.91985e-09 5.50796e-12 1.34132e-15 5.23962e-20 3.08777e-25
 2.02065e-41 2.80453e-33 4.70519e-26 9.54203e-20 2.33912e-14 6.93123e-10 2.48265e-06 0.0010749 0.0562561 0.355898 0.273656 0.0666407 0.139223 0.0662104 0.0289927 0.0100828 0.00175288 0.000198986 1.03458e-05 2.20002e-07 1.36263e-09 1.63455e-12 3.17009e-16 9.25307e-21 3.8956e-26
 1.84934e-41 2.56676e-33 4.30626e-26 8.73302e-20 2.1408e-14 6.34357e-10 2.27217e-06 0.000983769 0.0514865 0.325729 0.251395 0.0816831 0.180312 0.075509 0.0231073 0.00791917 0.00168683 0.000177827 7.87844e-06 1.1891e-07 4.93868e-10 4.47838e-13 6.955e-17 1.60256e-21 5.1443e-27
 1.92114e-41 2.66641e-33 4.47346e-26 9.07209e-20 2.22392e-14 6.58987e-10 2.36038e-06 0.00102197 0.0534856 0.338377 0.261216 0.0810703 0.161233 0.0674174 0.0271063 0.00766811 0.00125781 0.00013851 5.84825e-06 7.09873e-08 2.08687e-10 1.25785e-13 1.35715e-17 2.31326e-22 5.65479e-28
 1.62093e-41 2.24974e-33 3.77441e-26 7.65443e-20 1.87639e-14 5.5601e-10 1.99154e-06 0.000862266 0.0451276 0.285512 0.222292 0.104376 0.216977 0.08376 0.0306668 0.00879471 0.00149705 0.000127651 4.76728e-06 5.18801e-08 1.20566e-10 5.20773e-14 3.79967e-18 4.34076e-23 7.30876e-29
 1.47774e-41 2.051e-33 3.44098e-26 6.97824e-20 1.71063e-14 5.06892e-10 1.8156e-06 0.000786094 0.0411411 0.2603 0.203947 0.113345 0.224561 0.0944352 0.0471604 0.0122363 0.00192451 0.000156898 4.70939e-06 4.09761e-08 7.8921e-11 2.68192e-14 1.43903e-18 1.15139e-23 1.31992e-29
 1.71048e-41 2.37404e-33 3.98294e-26 8.07732e-20 1.98006e-14 5.86728e-10 2.10156e-06 0.000909904 0.0476208 0.301294 0.235032 0.103129 0.177383 0.0771496 0.0424224 0.012708 0.00218673 0.000157524 4.10885e-06 2.83112e-08 4.13282e-11 1.08591e-14 4.50236e-19 2.70768e-24 2.25706e-30
 1.68095e-41 2.33305e-33 3.91418e-26 7.93787e-20 1.94588e-14 5.76599e-10 2.06528e-06 0.000894196 0.0467987 0.296108 0.232512 0.118574 0.191912 0.0706058 0.0310243 0.00960397 0.00182485 0.000137664 3.1415e-06 1.75642e-08 1.97947e-11 3.85526e-15 1.17847e-19 5.27597e-25 3.28332e-31
 1.7025e-41 2.36296e-33 3.96436e-26 8.03965e-20 1.97083e-14 5.83992e-10 2.09176e-06 0.000905661 0.0473988 0.299916 0.23637 0.123687 0.184181 0.069131 0.0298471 0.00723388 0.00122983 9.48578e-05 2.08301e-06 9.90641e-09 8.7584e-12 1.29067e-15 2.90977e-20 9.45166e-26 4.25058e-32
 1.65693e-41 2.29971e-33 3.85824e-26 7.82443e-20 1.91807e-14 5.68359e-10 2.03577e-06 0.000881417 0.04613 0.291911 0.23191 0.135608 0.18842 0.0689626 0.0285736 0.00662169 0.000919519 5.87074e-05 1.17839e-06 4.98946e-09 3.64956e-12 4.18103e-16 7.07066e-21 1.69059e-26 5.52649e-33
 1.74674e-41 2.42435e-33 4.06736e-26 8.24852e-20 2.02203e-14 5.99164e-10 2.14611e-06 0.00092919 0.0486302 0.307743 0.244677 0.133876 0.16836 0.0635257 0.0259095 0.00561435 0.000697104 3.55076e-05 5.58521e-07 1.96045e-09 1.19487e-12 1.10547e-16 1.45404e-21 2.62226e-27 6.33316e-34
 1.71185e-41 2.37593e-33 3.98612e-26 8.08377e-20 1.98164e-14 5.87197e-10 2.10324e-06 0.000910631 0.047659 0.301635 0.242318 0.147948 0.172622 0.0597213 0.0220144 0.00462989 0.000518292 2.19946e-05 2.64775e-07 6.95751e-10 3.26522e-13 2.37235e-17 2.44618e-22 3.41073e-28 6.25866e-35
 1.72323e-41 2.39173e-33 4.01262e-26 8.13751e-20 1.99481e-14 5.911e-10 2.11722e-06 0.000916685 0.0479759 0.303675 0.245598 0.152998 0.16486 0.0592285 0.0205821 0.00377479 0.000375588 1.35501e-05 1.28242e-07 2.50401e-10 8.54197e-14 4.54665e-18 3.49225e-23 3.66937e-29 5.09179e-36
 1.71624e-41 2.38203e-33 3.99634e-26 8.1045e-20 1.98672e-14 5.88703e-10 2.10864e-06 0.000912967 0.0477814 0.302496 0.247098 0.161715 0.161046 0.0567624 0.0186773 0.00323011 0.000271834 8.05723e-06 6.0774e-08 9.0131e-11 2.25192e-14 8.60914e-19 4.72657e-24 3.5673e-30 3.58719e-37
 1.74785e-41 2.4259e-33 4.06995e-26 8.25377e-20 2.02332e-14 5.99546e-10 2.14747e-06 0.000929782 0.0486616 0.308119 0.253478 0.165416 0.151527 0.0529416 0.0161577 0.00257153 0.000189723 4.54529e-06 2.65504e-08 2.99652e-11 5.574e-15 1.55343e-19 6.1239e-25 3.28947e-31 2.34579e-38
 1.68493e-41 2.33857e-33 3.92343e-26 7.95664e-20 1.95048e-14 5.77962e-10 2.07016e-06 0.00089631 0.04691 0.297139 0.249242 0.181101 0.155076 0.0525592 0.01479 0.00214504 0.000136549 2.67881e-06 1.20939e-08 1.02011e-11 1.40135e-15 2.86283e-20 8.20115e-26 3.17308e-32 1.61783e-39
 1.60643e-41 2.22962e-33 3.74065e-26 7.58596e-20 1.85961e-14 5.51036e-10 1.97372e-06 0.000854554 0.0447251 0.283446 0.243503 0.196009 0.159104 0.0557558 0.0146069 0.00188993 0.000102365 1.62747e-06 5.70799e-09 3.61522e-12 3.645e-16 5.4055e-21 1.11942e-26 3.12392e-33 1.14589e-40
 1.59172e-41 2.20921e-33 3.7064e-26 7.5165e-20 1.84258e-14 5.45991e-10 1.95565e-06 0.00084673 0.0443161 0.280987 0.245145 0.200228 0.15447 0.0575387 0.01464 0.00174603 7.95782e-05 1.01126e-06 2.73587e-09 1.30295e-12 9.69607e-17 1.04677e-21 1.56342e-27 3.12993e-34 8.21587e-42
 1.6425e-41 2.27967e-33 3.82463e-26 7.75627e-20 1.90136e-14 5.63407e-10 2.01803e-06 0.000873739 0.0457302 0.290069 0.25492 0.19899 0.142664 0.0523016 0.0129233 0.00146707 5.78044e-05 5.86982e-07 1.21398e-09 4.32173e-13 2.37059e-17 1.86779e-22 2.02063e-28 2.91267e-35 5.4795e-43
 1.64259e-41 2.27981e-33 3.82485e-26 7.75673e-20 1.90147e-14 5.63441e-10 2.01815e-06 0.000873791 0.0457329 0.290086 0.254943 0.199371 0.144069 0.0515891 0.0120387 0.00125069 4.3444e-05 3.7671e-07 6.50086e-10 1.9022e-13 8.49572e-18 5.41738e-23 4.72403e-29 5.47345e-36 8.25984e-44
#pred catch len freq
 2.56532e-27 2.59421e-27 3.84036e-26 7.56166e-20 1.85365e-14 5.4927e-10 1.96739e-06 0.000851806 0.0445804 0.282028 0.215944 0.0372804 0.132048 0.122084 0.0319103 0.0424914 0.0197757 0.0173047 0.0116901 0.00962143 0.00806504 0.00736284 0.00773619 0.0070505 0.00217259
 2.56697e-27 2.59831e-27 4.15078e-26 8.21631e-20 2.01413e-14 5.96823e-10 2.13772e-06 0.00092555 0.04844 0.306445 0.234647 0.0409929 0.147164 0.135627 0.0273304 0.0283371 0.0108617 0.0066405 0.00363404 0.00250394 0.00182043 0.00147518 0.00140726 0.00130318 0.000442348
 2.56801e-27 2.60107e-27 4.38622e-26 8.71294e-20 2.13587e-14 6.32897e-10 2.26693e-06 0.000981495 0.0513679 0.324968 0.248793 0.0411163 0.138165 0.127296 0.0254553 0.0260697 0.00881706 0.00364921 0.00145569 0.000707478 0.000397993 0.000268119 0.000221715 0.000197875 7.00985e-05
 2.56833e-27 2.6019e-27 4.45457e-26 8.85711e-20 2.17121e-14 6.4337e-10 2.30444e-06 0.000997735 0.0522179 0.330345 0.252903 0.0413899 0.13736 0.126468 0.0237776 0.0224411 0.00754862 0.00303161 0.000975575 0.000308256 0.000109722 5.25347e-05 3.44668e-05 2.77818e-05 9.87372e-06
 2.5679e-27 2.60073e-27 4.35193e-26 8.64059e-20 2.11814e-14 6.27641e-10 2.24811e-06 0.000973344 0.0509413 0.322269 0.24674 0.0416218 0.143455 0.132119 0.025269 0.0244115 0.00801579 0.00291339 0.000919218 0.000260907 5.98348e-05 1.61307e-05 6.83101e-06 4.47159e-06 1.53078e-06
 2.56601e-27 2.59561e-27 3.89898e-26 7.68505e-20 1.8839e-14 5.58233e-10 1.9995e-06 0.000865705 0.0453079 0.28663 0.219548 0.0429094 0.172358 0.158801 0.0301815 0.0289087 0.00953746 0.00353016 0.00106896 0.000278677 5.84095e-05 1.01592e-05 2.06866e-06 8.65778e-07 2.67776e-07
 2.56739e-27 2.59943e-27 4.24296e-26 8.41074e-20 2.06179e-14 6.10945e-10 2.1883e-06 0.000947452 0.0495862 0.313696 0.240191 0.0413859 0.146261 0.134837 0.0280653 0.0301147 0.00989588 0.00357937 0.00108965 0.00028379 5.502e-05 8.41564e-06 9.84468e-07 1.74419e-07 4.14295e-08
 2.56945e-27 2.60494e-27 4.72384e-26 9.42517e-20 2.31047e-14 6.84632e-10 2.45224e-06 0.00106173 0.0555669 0.351531 0.269067 0.0405376 0.119517 0.110015 0.021088 0.020452 0.00699391 0.0029714 0.000909445 0.000233234 4.52883e-05 6.53066e-06 6.24883e-07 4.79967e-08 5.7799e-09
 2.56911e-27 2.60395e-27 4.62928e-26 9.22567e-20 2.26156e-14 6.70141e-10 2.40033e-06 0.00103925 0.0543907 0.344091 0.2634 0.0414027 0.130083 0.119642 0.0205768 0.0168396 0.00554859 0.00207213 0.000673068 0.000195591 3.79361e-05 5.42453e-06 4.87714e-07 2.58194e-08 1.16542e-09
 2.56846e-27 2.6022e-27 4.4765e-26 8.90336e-20 2.18255e-14 6.46729e-10 2.31648e-06 0.00100295 0.0524905 0.33207 0.254225 0.0416716 0.138575 0.127534 0.0229799 0.0203215 0.00641538 0.00193685 0.000579982 0.000155974 3.37189e-05 5.07401e-06 4.50285e-07 2.14973e-08 5.26367e-10
 2.56851e-27 2.60233e-27 4.48702e-26 8.92556e-20 2.18799e-14 6.48342e-10 2.32225e-06 0.00100545 0.0526214 0.332898 0.254858 0.0417312 0.138584 0.127518 0.0225415 0.0193306 0.00619033 0.00200807 0.000559887 0.000123761 2.41015e-05 3.78483e-06 3.61762e-07 1.7033e-08 3.45577e-10
 2.56875e-27 2.60302e-27 4.55179e-26 9.06222e-20 2.22149e-14 6.58268e-10 2.35781e-06 0.00102084 0.0534271 0.337994 0.258742 0.0412136 0.131916 0.121441 0.0228351 0.0215316 0.00688102 0.00219692 0.000627775 0.000143624 2.39412e-05 3.22057e-06 3.09185e-07 1.55539e-08 3.08011e-10
 2.56857e-27 2.60249e-27 4.50201e-26 8.95718e-20 2.19574e-14 6.50638e-10 2.33048e-06 0.00100901 0.0528078 0.334077 0.255757 0.0416388 0.137249 0.126292 0.0224145 0.0193576 0.00632273 0.00225027 0.000646502 0.00014714 2.53503e-05 3.11288e-06 2.51589e-07 1.24385e-08 2.58595e-10
 2.56814e-27 2.60133e-27 4.401e-26 8.74409e-20 2.14351e-14 6.3516e-10 2.27504e-06 0.000985004 0.0515516 0.326129 0.249691 0.0418043 0.14277 0.131424 0.0239946 0.021663 0.00691952 0.00221488 0.000655572 0.00016276 2.81625e-05 3.50864e-06 2.64873e-07 1.11859e-08 2.25698e-10
 2.56665e-27 2.59729e-27 4.04258e-26 7.98799e-20 1.95816e-14 5.80237e-10 2.07831e-06 0.00089983 0.0470939 0.297929 0.228175 0.0429032 0.16625 0.15308 0.027637 0.024526 0.00790299 0.00263808 0.000753139 0.000173675 3.2054e-05 4.1677e-06 3.16502e-07 1.24918e-08 2.2008e-10
 2.56724e-27 2.59895e-27 4.19534e-26 8.31026e-20 2.03716e-14 6.03647e-10 2.16216e-06 0.000936133 0.0489938 0.309949 0.237338 0.0419331 0.15243 0.140447 0.0275828 0.027584 0.00885509 0.00288111 0.000833089 0.000196154 3.3987e-05 4.46125e-06 3.58516e-07 1.42302e-08 2.33849e-10
 2.56846e-27 2.60222e-27 4.48019e-26 8.91116e-20 2.18446e-14 6.47296e-10 2.3185e-06 0.00100382 0.0525365 0.33236 0.254444 0.0415063 0.137163 0.126252 0.0231349 0.0210197 0.00696705 0.00263136 0.000765149 0.000177272 3.12927e-05 3.98519e-06 3.16142e-07 1.31653e-08 2.17446e-10
 2.56851e-27 2.6023e-27 4.48147e-26 8.91383e-20 2.18512e-14 6.47489e-10 2.3192e-06 0.00100412 0.0525522 0.33246 0.254528 0.0419607 0.140562 0.129293 0.0219275 0.0174825 0.00561504 0.00186731 0.000568271 0.000148092 2.61257e-05 3.33769e-06 2.60725e-07 1.07231e-08 1.83466e-10
 2.5683e-27 2.60174e-27 4.43318e-26 8.81197e-20 2.16015e-14 6.40091e-10 2.2927e-06 0.00099265 0.0519517 0.328661 0.251627 0.0419832 0.142772 0.131368 0.0229597 0.0193052 0.00602926 0.00171744 0.000487717 0.000116927 2.26239e-05 3.04472e-06 2.37752e-07 9.66253e-09 1.64099e-10
 2.56898e-27 2.60359e-27 4.59684e-26 9.15723e-20 2.24478e-14 6.6517e-10 2.38253e-06 0.00103154 0.0539872 0.341538 0.261452 0.0415178 0.132327 0.121722 0.0211187 0.0175372 0.00553401 0.00166709 0.000452182 9.36605e-05 1.64364e-05 2.26738e-06 1.90393e-07 7.79972e-09 1.31114e-10
 2.56952e-27 2.60502e-27 4.72077e-26 9.41866e-20 2.30887e-14 6.8416e-10 2.45054e-06 0.00106099 0.0555285 0.351289 0.268896 0.04139 0.126124 0.115943 0.019094 0.0143701 0.00451005 0.00133257 0.000367359 7.83728e-05 1.23422e-05 1.49453e-06 1.24124e-07 5.42119e-09 9.2608e-11
 2.56966e-27 2.60539e-27 4.75206e-26 9.48466e-20 2.32505e-14 6.88954e-10 2.46772e-06 0.00106843 0.0559176 0.35375 0.270776 0.0414352 0.125147 0.115013 0.0184172 0.0130541 0.00401118 0.00105249 0.000283713 5.98828e-05 9.66768e-06 1.10409e-06 7.98359e-08 3.3875e-09 6.07854e-11
 2.56962e-27 2.60527e-27 4.74081e-26 9.46092e-20 2.31923e-14 6.8723e-10 2.46154e-06 0.00106575 0.0557777 0.352865 0.270101 0.0414992 0.126108 0.115895 0.0184844 0.0129828 0.00394764 0.000966132 0.000248435 4.73228e-05 7.44892e-06 8.57134e-07 5.94327e-08 2.22566e-09 3.84557e-11
 2.56981e-27 2.60578e-27 4.7855e-26 9.55519e-20 2.34234e-14 6.94077e-10 2.48607e-06 0.00107637 0.0563334 0.356381 0.272785 0.0414287 0.123686 0.113646 0.0178254 0.0120451 0.00364971 0.000875609 0.000220088 3.90248e-05 5.62506e-06 6.0566e-07 4.17087e-08 1.49652e-09 2.3225e-11
 2.57015e-27 2.60673e-27 4.86966e-26 9.73274e-20 2.38586e-14 7.06974e-10 2.53226e-06 0.00109637 0.0573802 0.363003 0.277836 0.041097 0.117614 0.108062 0.0171913 0.0120036 0.00362277 0.000840933 0.000209191 3.62665e-05 4.96205e-06 4.87146e-07 3.08529e-08 1.08032e-09 1.60035e-11
 2.57002e-27 2.60635e-27 4.83397e-26 9.65745e-20 2.36741e-14 7.01505e-10 2.51267e-06 0.00108789 0.0569363 0.360195 0.275696 0.0413763 0.121242 0.111368 0.0170265 0.0107959 0.00326445 0.000778647 0.000192829 3.24247e-05 4.34877e-06 4.08002e-07 2.35637e-08 7.54602e-10 1.07508e-11
 2.5698e-27 2.60572e-27 4.77789e-26 9.53913e-20 2.3384e-14 6.92911e-10 2.48189e-06 0.00107456 0.0562388 0.355782 0.27233 0.0416126 0.125406 0.115197 0.0174541 0.0108041 0.00321539 0.000683601 0.000167194 2.86815e-05 3.78385e-06 3.44777e-07 1.9039e-08 5.57622e-10 7.26077e-12
 2.56952e-27 2.60497e-27 4.71251e-26 9.40123e-20 2.3046e-14 6.82893e-10 2.44601e-06 0.00105903 0.0554257 0.350638 0.268405 0.0417261 0.129027 0.118559 0.0184202 0.0121602 0.00361518 0.000752669 0.000178153 2.77188e-05 3.63869e-06 3.31682e-07 1.77728e-08 4.96086e-10 5.93034e-12
 2.56811e-27 2.60116e-27 4.37633e-26 8.69201e-20 2.13074e-14 6.31377e-10 2.26149e-06 0.000979137 0.0512445 0.324187 0.248221 0.0426487 0.150229 0.138143 0.0222378 0.015939 0.00479208 0.00107552 0.000256776 3.89258e-05 4.76929e-06 4.10701e-07 2.19673e-08 5.97422e-10 6.79123e-12
#obs catch len freq
 1.63081e-41 2.26346e-33 3.79743e-26 7.70111e-20 1.88784e-14 5.594e-10 2.00368e-06 0.000867525 0.0454028 0.287231 0.220069 0.0443044 0.165447 0.14064 0.0436862 0.035537 0.0117229 0.00406592 0.000896923 0.000119543 7.02723e-06 1.3118e-07 5.72838e-10 4.68396e-13 6.21381e-17
 1.65004e-41 2.29015e-33 3.8422e-26 7.7919e-20 1.91009e-14 5.65995e-10 2.0273e-06 0.000877752 0.0459381 0.290618 0.222718 0.046353 0.167764 0.135052 0.042987 0.0328827 0.0105749 0.00344711 0.000699779 8.17963e-05 3.97368e-06 5.774e-08 1.88231e-10 1.12033e-13 1.06528e-17
 1.91981e-41 2.66457e-33 4.47037e-26 9.06582e-20 2.22238e-14 6.58531e-10 2.35875e-06 0.00102126 0.0534486 0.338132 0.259005 0.0458084 0.133899 0.101756 0.0331499 0.0236865 0.00738021 0.00224814 0.000419195 4.26449e-05 1.7022e-06 1.92136e-08 4.66801e-11 2.01946e-14 1.37639e-18
 1.95055e-41 2.70724e-33 4.54195e-26 9.21098e-20 2.25796e-14 6.69076e-10 2.39652e-06 0.00103761 0.0543044 0.343546 0.263233 0.0489583 0.141237 0.0999933 0.0258804 0.0155598 0.00468066 0.00132149 0.000224185 1.97315e-05 6.42805e-07 5.61806e-09 1.01749e-11 3.20211e-15 1.56488e-19
 1.99428e-41 2.76792e-33 4.64377e-26 9.41747e-20 2.30858e-14 6.84075e-10 2.45024e-06 0.00106087 0.0555218 0.351248 0.269186 0.0506376 0.137974 0.091828 0.024869 0.0136427 0.00316593 0.000743073 0.000113011 8.50993e-06 2.24707e-07 1.51507e-09 2.04407e-12 4.6866e-16 1.6456e-20
 1.79924e-41 2.49722e-33 4.1896e-26 8.49643e-20 2.0828e-14 6.17172e-10 2.21061e-06 0.000957118 0.0500917 0.316897 0.243186 0.057486 0.174539 0.108805 0.0292726 0.0147591 0.00329775 0.000630049 7.20533e-05 4.44264e-06 9.40138e-08 4.86687e-10 4.88524e-13 8.1653e-17 2.0636e-21
 1.48644e-41 2.06307e-33 3.46124e-26 7.01932e-20 1.7207e-14 5.09876e-10 1.82629e-06 0.000790721 0.0413832 0.261805 0.201452 0.06617 0.22013 0.131213 0.0474604 0.0236838 0.00497282 0.000855221 7.88396e-05 3.4962e-06 5.55645e-08 2.17841e-10 1.62164e-13 1.97542e-17 3.59692e-22
 2.12386e-41 2.94778e-33 4.94551e-26 1.00294e-19 2.45859e-14 7.28525e-10 2.60946e-06 0.0011298 0.0591295 0.374072 0.286777 0.0519723 0.109475 0.0636311 0.0324557 0.0164715 0.00414093 0.000686227 5.42891e-05 1.83399e-06 2.02542e-08 5.62025e-11 3.03467e-14 2.6807e-18 3.51459e-23
 2.02326e-41 2.80815e-33 4.71126e-26 9.55434e-20 2.34214e-14 6.94017e-10 2.48586e-06 0.00107629 0.0563287 0.356355 0.273649 0.0625137 0.147524 0.0740818 0.0177327 0.00777453 0.00247445 0.000450443 3.54657e-05 9.83753e-07 7.92355e-09 1.49901e-11 5.52847e-15 3.41902e-19 3.18334e-24
 2.055e-41 2.85221e-33 4.78517e-26 9.70423e-20 2.37888e-14 7.04905e-10 2.52486e-06 0.00109318 0.0572124 0.361947 0.278059 0.0640265 0.140118 0.0674112 0.0212136 0.00740153 0.00126785 0.000226906 1.94442e-05 5.06737e-07 3.26761e-09 4.44378e-12 1.1174e-15 4.65472e-20 2.95342e-25
 1.77925e-41 2.46948e-33 4.14306e-26 8.40205e-20 2.05966e-14 6.10316e-10 2.18605e-06 0.000946485 0.0495353 0.313383 0.241717 0.0795053 0.192083 0.0860719 0.0262474 0.00877286 0.00155161 0.000172728 1.13911e-05 2.88402e-07 1.65404e-09 1.78058e-12 3.2561e-16 9.40437e-21 4.05001e-26
 2.06866e-41 2.87117e-33 4.81699e-26 9.76875e-20 2.39469e-14 7.09592e-10 2.54164e-06 0.00110044 0.0575928 0.364356 0.280316 0.0687184 0.132403 0.0595987 0.0261403 0.00826171 0.00136462 0.000139163 6.32954e-06 1.12601e-07 5.48374e-10 4.99401e-13 7.22592e-17 1.55483e-21 4.78119e-27
 1.90371e-41 2.64223e-33 4.43289e-26 8.9898e-20 2.20374e-14 6.5301e-10 2.33898e-06 0.0010127 0.0530004 0.335309 0.259027 0.0845143 0.17125 0.0672233 0.0206474 0.00658132 0.00130523 0.000122104 4.65555e-06 5.7805e-08 1.89713e-10 1.30827e-13 1.50937e-17 2.55332e-22 5.97375e-28
 1.97636e-41 2.74306e-33 4.60205e-26 9.33287e-20 2.28784e-14 6.7793e-10 2.42824e-06 0.00105134 0.0550231 0.348107 0.268968 0.0834819 0.151974 0.0602624 0.0239046 0.00616776 0.000960454 9.38899e-05 3.33816e-06 3.28555e-08 7.55822e-11 3.46372e-14 2.77867e-18 3.46979e-23 6.16296e-29
 1.68491e-41 2.33854e-33 3.92339e-26 7.95656e-20 1.95046e-14 5.77956e-10 2.07015e-06 0.000896301 0.0469089 0.296787 0.23145 0.108189 0.205286 0.0750601 0.0270479 0.0071634 0.00112192 8.48761e-05 2.68118e-06 2.33182e-08 4.1934e-11 1.36961e-14 7.42151e-19 6.21281e-24 7.59251e-30
 1.54597e-41 2.1457e-33 3.59985e-26 7.30043e-20 1.78961e-14 5.30295e-10 1.89943e-06 0.000822389 0.0430406 0.272325 0.213825 0.117781 0.212866 0.0864909 0.04143 0.00987884 0.00143458 0.000102116 2.56199e-06 1.78291e-08 2.63969e-11 6.73661e-15 2.67562e-19 1.56781e-24 1.30544e-30
 1.77824e-41 2.46808e-33 4.14071e-26 8.39728e-20 2.05849e-14 6.09969e-10 2.18481e-06 0.000945948 0.0495072 0.313235 0.244754 0.106049 0.166149 0.0705007 0.0368936 0.0102744 0.0015866 9.92603e-05 2.14101e-06 1.16779e-08 1.30725e-11 2.57223e-15 7.86598e-20 3.45679e-25 2.09205e-31
 1.74984e-41 2.42866e-33 4.07458e-26 8.26316e-20 2.02562e-14 6.00227e-10 2.14992e-06 0.000930839 0.0487165 0.308251 0.242554 0.121493 0.17863 0.0634416 0.0267939 0.00777978 0.00132189 8.49291e-05 1.58043e-06 6.94147e-09 5.9601e-12 8.66573e-16 1.95002e-20 6.36568e-26 2.87059e-32
 1.77195e-41 2.45934e-33 4.12606e-26 8.36756e-20 2.05121e-14 6.07811e-10 2.17708e-06 0.0009426 0.049332 0.31216 0.246577 0.126204 0.170665 0.0621853 0.0252626 0.00572791 0.00088323 5.76579e-05 1.01647e-06 3.75107e-09 2.5113e-12 2.75225e-16 4.55716e-21 1.07789e-26 3.50821e-33
 1.72808e-41 2.39846e-33 4.02392e-26 8.16043e-20 2.00043e-14 5.92765e-10 2.12319e-06 0.000919266 0.0481109 0.304461 0.242534 0.138029 0.174133 0.0619409 0.0240336 0.00515942 0.00064136 3.49185e-05 5.59958e-07 1.82051e-09 1.00007e-12 8.48115e-17 1.05074e-21 1.82655e-27 4.31735e-34
 1.81707e-41 2.52197e-33 4.23113e-26 8.58066e-20 2.10345e-14 6.2329e-10 2.23252e-06 0.000966605 0.0505884 0.320153 0.255197 0.135363 0.154589 0.0568472 0.0215002 0.00430105 0.000471814 2.02628e-05 2.5486e-07 6.84912e-10 3.11649e-13 2.12345e-17 2.03941e-22 2.66918e-28 4.65664e-35
 1.78312e-41 2.47485e-33 4.15208e-26 8.42033e-20 2.06414e-14 6.11644e-10 2.19081e-06 0.000948545 0.0496433 0.314218 0.25319 0.14908 0.157877 0.0530261 0.0181563 0.00350464 0.000342844 1.21143e-05 1.15685e-07 2.32368e-10 8.12631e-14 4.33375e-18 3.25207e-23 3.28258e-29 4.3445e-36
 1.79489e-41 2.49119e-33 4.17949e-26 8.47591e-20 2.07777e-14 6.15681e-10 2.20527e-06 0.000954806 0.0499711 0.316334 0.256648 0.153508 0.150382 0.0524208 0.0167217 0.00280775 0.000242745 7.20681e-06 5.36157e-08 7.96192e-11 2.01997e-14 7.88029e-19 4.39572e-24 3.33543e-30 3.33079e-37
 1.78859e-41 2.48244e-33 4.16481e-26 8.44614e-20 2.07047e-14 6.13519e-10 2.19753e-06 0.000951453 0.0497957 0.315286 0.258422 0.161575 0.146429 0.0499494 0.0150581 0.00235663 0.000170795 4.14e-06 2.43565e-08 2.73187e-11 5.06075e-15 1.41593e-19 5.63981e-25 3.0701e-31 2.218e-38
 1.81944e-41 2.52526e-33 4.23664e-26 8.59182e-20 2.10618e-14 6.24101e-10 2.23543e-06 0.000967863 0.0506548 0.320786 0.264807 0.164453 0.137263 0.0462311 0.0128732 0.00184258 0.000115761 2.24658e-06 1.01837e-08 8.65513e-12 1.18993e-15 2.42251e-20 6.92213e-26 2.68054e-32 1.37274e-39
 1.75829e-41 2.44038e-33 4.09425e-26 8.30305e-20 2.0354e-14 6.03125e-10 2.1603e-06 0.000935334 0.0489527 0.310139 0.261155 0.179572 0.140338 0.0456351 0.0116785 0.0015105 8.11775e-05 1.27796e-06 4.44779e-09 2.8151e-12 2.85125e-16 4.24712e-21 8.80801e-27 2.45519e-33 8.98725e-41
 1.68139e-41 2.33365e-33 3.91519e-26 7.93992e-20 1.94638e-14 5.76748e-10 2.06582e-06 0.000894427 0.0468123 0.296755 0.256044 0.194106 0.144351 0.0482451 0.0114225 0.0013075 5.92669e-05 7.50122e-07 2.01597e-09 9.54265e-13 7.07727e-17 7.64114e-22 1.14419e-27 2.2982e-34 6.04817e-42
 1.66735e-41 2.31418e-33 3.88251e-26 7.87366e-20 1.93013e-14 5.71934e-10 2.04857e-06 0.000886963 0.0464222 0.294441 0.257993 0.197741 0.140375 0.0495668 0.0113449 0.00118262 4.46835e-05 4.48743e-07 9.2541e-10 3.28213e-13 1.79244e-17 1.40678e-22 1.51787e-28 2.18564e-35 4.11357e-43
 1.70513e-41 2.36661e-33 3.97048e-26 8.05206e-20 1.97387e-14 5.84893e-10 2.09499e-06 0.00090706 0.0474739 0.301066 0.261841 0.191955 0.136596 0.0479215 0.0110574 0.00114068 3.94659e-05 3.41419e-07 5.88365e-10 1.72011e-13 7.67807e-18 4.89406e-23 4.26646e-29 4.94222e-36 7.45689e-44
#spawning biomass
 6805.1 6588.3 8038.16 10780.8 16009.5 17828.1 16268.5 21150.7 32686.9 48146.5 54471.4 81048.3 105244 134979 131707 112855 101253 95376 97510.2 95647.6 97304.2 102838 109212 108020 123843 129646 120251 114012 118442 294326 419735 434623 401034 346619 289011 237404 195230 162701 138573 121164 108853 100275 94351.3 90265.8 87474.6 85623.5 84395.8 83581.6 83041.6 82683.5 82446 82288.4 82184 82114.7 82068.7 82038.3 82018 82004.6 81995.7 81989.9 81985.9 81983.3 81981.6 81980.5 81979.7 81979.2 81978.9 81978.7 81978.5 81978.4 81978.4 81978.3 81978.3 81978.3 81978.3 81978.3 81978.3 81978.2 81978.2 81978.2 81978.2 81978.2 81978.2 81978.2 81978.2 81978.2 81978.2 81978.2 81978.2 81978.2 81978.2 81978.2 81978.2 81978.2 81978.2 81978.2 81978.2 81978.2 81978.2 81978.2 81978.2 81978.2 81978.2 81978.2 81978.2 81978.2 81978.2 81978.2 81978.2 81978.2 81978.2 81978.2 81978.2 81978.2 81978.2 81978.2 81978.2 81978.2 81978.2 81978.2 81978.2 81978.2 81978.2 81978.2 81978.2 81978.2 81978.2 81978.2 81978.2 0 0 0 0 0 0 0 0 0 0 0 0 0 0 0 0 0 0 0 0 0 0 0 0 0
