SBPRF35
0.819782
Curr Bio
124078
B35
631573
F35
0.237843
FOFL
0
OFL
0
Bzero
234224
#pred survey bio
 16952.2 19373 21963.6 26512.8 32685.7 42408.5 49356.2 56771.3 67277.1 76281.1 98436.1 118014 124996 117462 123163 116746 129822 142765 152295 153048 156453 141633 145319 153474 152337 150578 159304 141991 3.05689e+06 4.37087e+06 5.01391e+06 4.89849e+06 4.45788e+06 3.93363e+06 3.4454e+06 3.04007e+06 2.72511e+06 2.49027e+06 2.31971e+06 2.19783e+06 2.11152e+06 2.05057e+06 2.007e+06 1.97506e+06 1.95272e+06 1.93688e+06 1.92549e+06 1.91718e+06 1.91103e+06 1.90641e+06 1.9029e+06 1.90021e+06 1.89811e+06 1.89647e+06 1.89517e+06 1.89413e+06 1.89331e+06 1.89264e+06 1.89211e+06 1.89167e+06 1.89132e+06 1.89103e+06 1.8908e+06 1.89061e+06 1.89046e+06 1.89033e+06 1.89023e+06 1.89014e+06 1.89008e+06 1.89002e+06 1.88997e+06 1.88994e+06 1.8899e+06 1.88988e+06 1.88986e+06 1.88984e+06 1.88983e+06 1.88982e+06 1.88981e+06 1.8898e+06 1.88979e+06 1.88979e+06 1.88978e+06 1.88978e+06 1.88978e+06 1.88978e+06 1.88977e+06 1.88977e+06 1.88977e+06 1.88977e+06 1.88977e+06 1.88977e+06 1.88977e+06 1.88977e+06 1.88977e+06 1.88977e+06 1.88977e+06 1.88977e+06 1.88977e+06 1.88977e+06 1.88977e+06 1.88977e+06 1.88977e+06 1.88977e+06 1.88977e+06 1.88977e+06 1.88977e+06 1.88977e+06 1.88977e+06 1.88977e+06 1.88977e+06 1.88977e+06 1.88977e+06 1.88977e+06 1.88977e+06 1.88977e+06 1.88977e+06 1.88977e+06 1.88977e+06 1.88977e+06 1.88977e+06 1.88977e+06 1.88977e+06 1.88977e+06 1.88977e+06 1.88977e+06 1.88977e+06 1.88977e+06 0 0 0 0 0 0 0 0 0 0 0 0 0 0 0 0 0 0 0 0 0 0 0 0 0
#obs survey bio
 14158.7 25321.5 19599.8 24497.1 38614.6 27979.2 44641.2 56997.9 55002.8 76656.7 99074.8 102573 90955.1 131753 121729 96369.1 134969 172727 132308 86596.8 198030 160263 137937 109069 178357 129265 98275.6 140597
#pred catch bio
 8891.77 10950.1 12358 15137.9 17772.7 25165.8 29380 32799.7 41502.9 42683.2 56795.3 73648.9 85472 74293 84119.6 73729.8 82948.8 92070.7 101930 102919 112523 95808.4 98030.1 108249 107161 101509 117050 108262 0 32039.5 42880.5 42349.9 37992.3 32861.1 28160.6 24320 21387.9 19246.9 17731.3 16682.2 15967.8 15487.1 15164.6 14947.2 14806.9 14716.4 14657.9 14620.2 14595.9 14580.2 14570 14563.5 14559.3 14556.5 14554.8 14553.6 14552.9 14552.4 14552.1 14551.9 14551.8 14551.7 14551.7 14551.6 14551.6 14551.6 14551.6 14551.6 14551.6 14551.6 14551.6 14551.6 14551.6 14551.6 14551.6 14551.6 14551.6 14551.6 14551.6 14551.6 14551.6 14551.6 14551.6 14551.6 14551.6 14551.6 14551.6 14551.6 14551.6 14551.6 14551.6 14551.6 14551.6 14551.6 14551.6 14551.6 14551.6 14551.6 14551.6 14551.6 14551.6 14551.6 14551.6 14551.6 14551.6 14551.6 14551.6 14551.6 14551.6 14551.6 14551.6 14551.6 14551.6 14551.6 14551.6 14551.6 14551.6 14551.6 14551.6 14551.6 14551.6 14551.6 14551.6 14551.6 14551.6 14551.6 14551.6 14551.6 0 0 0 0 0 0 0 0 0 0 0 0 0 0 0 0 0 0 0 0 0 0 0 0 0
#obs catch bio
 10128.4 10477.2 11884 14649.1 16856.5 24838.4 26697 29909.8 37327.8 39881.8 50352.5 66473.4 79028.4 66467.8 76890.5 70365.9 75027.4 81035.7 90139.5 100922 98918.3 80650.3 85768.2 104561 91923.7 89994.6 110807 104845
#pred cpue bio
 11510.9 11746.9 12956.9 15207 18372.2 24077.6 27783.6 32110 38358.3 42034.5 54995.3 67010.5 70803.4 64248.9 69512.9 63632.7 71037.4 77650.2 83501.9 83127.6 83831.5 74554.1 77445.5 80686.8 78610.4 78304.2 83979.2 73250.5 1.48947e+06 3.43259e+06 4.69982e+06 4.70436e+06 4.27729e+06 3.75436e+06 3.26624e+06 2.86092e+06 2.54596e+06 2.31112e+06 2.14056e+06 2.01868e+06 1.93237e+06 1.87142e+06 1.82785e+06 1.79592e+06 1.77357e+06 1.75773e+06 1.74634e+06 1.73803e+06 1.73188e+06 1.72726e+06 1.72376e+06 1.72106e+06 1.71896e+06 1.71732e+06 1.71602e+06 1.71499e+06 1.71416e+06 1.71349e+06 1.71296e+06 1.71252e+06 1.71217e+06 1.71189e+06 1.71165e+06 1.71146e+06 1.71131e+06 1.71118e+06 1.71108e+06 1.711e+06 1.71093e+06 1.71087e+06 1.71083e+06 1.71079e+06 1.71076e+06 1.71073e+06 1.71071e+06 1.71069e+06 1.71068e+06 1.71067e+06 1.71066e+06 1.71065e+06 1.71065e+06 1.71064e+06 1.71064e+06 1.71063e+06 1.71063e+06 1.71063e+06 1.71063e+06 1.71062e+06 1.71062e+06 1.71062e+06 1.71062e+06 1.71062e+06 1.71062e+06 1.71062e+06 1.71062e+06 1.71062e+06 1.71062e+06 1.71062e+06 1.71062e+06 1.71062e+06 1.71062e+06 1.71062e+06 1.71062e+06 1.71062e+06 1.71062e+06 1.71062e+06 1.71062e+06 1.71062e+06 1.71062e+06 1.71062e+06 1.71062e+06 1.71062e+06 1.71062e+06 1.71062e+06 1.71062e+06 1.71062e+06 1.71062e+06 1.71062e+06 1.71062e+06 1.71062e+06 1.71062e+06 1.71062e+06 1.71062e+06 1.71062e+06 1.71062e+06 1.71062e+06 1.71062e+06 1.71062e+06 0 0 0 0 0 0 0 0 0 0 0 0 0 0 0 0 0 0 0 0 0 0 0 0 0
#obs cpue bio
 9559.73 13399.4 15761.6 18295.2 19868.9 36087.3 52433.7 45173.9 72620.7 48441.7 101623 105653 133785 86708.5 102273 80100.9 115720 113142 145133 132690 145850 126721 127624 119036 145355 128120 162462 92553.1
#pred surv len freq
 1.47608e-11 1.60284e-09 1.02616e-07 3.87323e-06 8.61931e-05 0.00113089 0.00874866 0.039921 0.10765 0.173176 0.173941 0.130137 0.100774 0.0822486 0.0580456 0.0376846 0.0250856 0.0169626 0.0118021 0.00864564 0.00679307 0.00579991 0.00509159 0.00395571 0.00231678
 1.46914e-11 1.59532e-09 1.02134e-07 3.85503e-06 8.57883e-05 0.00112558 0.00870784 0.0397399 0.107233 0.173086 0.176573 0.139185 0.116048 0.0962254 0.0635777 0.0353352 0.0190406 0.0100245 0.00528708 0.00301447 0.00192298 0.00138997 0.00109706 0.00081742 0.00047849
 1.45663e-11 1.58172e-09 1.01263e-07 3.82218e-06 8.50573e-05 0.00111599 0.00863372 0.0394031 0.106344 0.171804 0.175993 0.140617 0.119498 0.100069 0.066305 0.0365351 0.0187315 0.0086014 0.00350336 0.00140174 0.000614792 0.00032236 0.000204651 0.000136708 7.69565e-05
 1.52492e-11 1.65588e-09 1.06011e-07 4.00138e-06 8.90449e-05 0.00116831 0.0090383 0.041246 0.11127 0.179377 0.181942 0.140709 0.114186 0.0936275 0.0620317 0.0345101 0.0178491 0.00815157 0.00316612 0.00108992 0.000348347 0.000114647 4.62784e-05 2.35091e-05 1.1797e-05
 1.54027e-11 1.67255e-09 1.07078e-07 4.04168e-06 8.99418e-05 0.00118007 0.00912934 0.0416616 0.112392 0.181199 0.183843 0.142281 0.115363 0.0937844 0.0604888 0.0319341 0.0156891 0.00699308 0.00269304 0.000910228 0.000269479 7.02946e-05 1.76155e-05 5.14274e-06 1.84797e-06
 1.52146e-11 1.65212e-09 1.0577e-07 3.9923e-06 8.88429e-05 0.00116566 0.00901783 0.0411534 0.111031 0.179081 0.182055 0.141851 0.116239 0.0952703 0.062084 0.0333129 0.0165055 0.00724255 0.0026899 0.000876524 0.000252735 6.28867e-05 1.33799e-05 2.55475e-06 5.10596e-07
 1.52126e-11 1.6519e-09 1.05756e-07 3.99178e-06 8.88313e-05 0.00116551 0.00901669 0.0411487 0.111026 0.179131 0.18238 0.142796 0.117703 0.0962842 0.0617794 0.0320756 0.0153473 0.00659787 0.00241269 0.000766631 0.000212724 5.06635e-05 1.02203e-05 1.71977e-06 2.44748e-07
 1.50614e-11 1.63549e-09 1.04705e-07 3.95211e-06 8.79486e-05 0.00115392 0.00892713 0.0407408 0.109936 0.177459 0.181083 0.142834 0.118989 0.0978671 0.0629059 0.0326533 0.0155274 0.00655382 0.00232102 0.000711514 0.000191524 4.4218e-05 8.57017e-06 1.36526e-06 1.75165e-07
 1.50256e-11 1.6316e-09 1.04457e-07 3.94272e-06 8.77397e-05 0.00115118 0.00890591 0.0406437 0.10967 0.177004 0.180498 0.142075 0.118115 0.0974219 0.0634088 0.0337918 0.0165408 0.00710875 0.00253823 0.000774807 0.000204238 4.56518e-05 8.54258e-06 1.31096e-06 1.60328e-07
 1.56558e-11 1.70003e-09 1.08837e-07 4.10807e-06 9.14192e-05 0.00119946 0.00927926 0.042345 0.114225 0.184069 0.186351 0.143157 0.114704 0.0923592 0.0587633 0.0301659 0.014226 0.00602048 0.00215415 0.000662832 0.000175474 3.8978e-05 7.1476e-06 1.06296e-06 1.25253e-07
 1.5399e-11 1.67215e-09 1.07053e-07 4.0407e-06 8.992e-05 0.00117979 0.00912714 0.0416518 0.11237 0.181193 0.18398 0.142754 0.116155 0.0944803 0.0606802 0.0316244 0.0151155 0.00640127 0.00226847 0.0006918 0.00018326 4.10206e-05 7.56211e-06 1.11886e-06 1.29445e-07
 1.49973e-11 1.62853e-09 1.0426e-07 3.93528e-06 8.75742e-05 0.00114901 0.00888914 0.0405677 0.109472 0.176736 0.180471 0.142677 0.11926 0.0983142 0.0633586 0.0330569 0.0158343 0.00673825 0.00240372 0.00073517 0.000193814 4.30565e-05 7.91712e-06 1.17487e-06 1.36184e-07
 1.492e-11 1.62013e-09 1.03722e-07 3.91499e-06 8.71226e-05 0.00114309 0.00884334 0.0403594 0.108919 0.175923 0.180008 0.143249 0.120764 0.0996949 0.0637236 0.0325946 0.015232 0.00634677 0.0022191 0.000667234 0.000174343 3.85653e-05 7.05254e-06 1.04003e-06 1.20152e-07
 1.54122e-11 1.67358e-09 1.07144e-07 4.04417e-06 8.99972e-05 0.0011808 0.00913504 0.041689 0.112485 0.181501 0.184862 0.14487 0.119302 0.0966131 0.0599446 0.0288344 0.0124502 0.00485526 0.00159394 0.000448912 0.00011124 2.37638e-05 4.2589e-06 6.21218e-07 7.12505e-08
 1.47514e-11 1.60183e-09 1.0255e-07 3.87077e-06 8.61385e-05 0.00113018 0.00874352 0.0399052 0.107713 0.174131 0.178904 0.144235 0.123654 0.10249 0.0647324 0.0320531 0.0142546 0.00557681 0.00177733 0.000473791 0.000109919 2.19764e-05 3.71856e-06 5.20614e-07 5.82496e-08
 1.55468e-11 1.6882e-09 1.0808e-07 4.07948e-06 9.07831e-05 0.00119111 0.00921476 0.042052 0.113453 0.182971 0.185928 0.144598 0.117815 0.0950575 0.0592353 0.028834 0.0125906 0.00488398 0.00155452 0.000411615 9.29655e-05 1.76424e-05 2.78548e-06 3.63157e-07 3.8234e-08
 1.54992e-11 1.68303e-09 1.07749e-07 4.067e-06 9.05052e-05 0.00118747 0.00918656 0.0419234 0.113108 0.182429 0.185444 0.144401 0.117895 0.0953175 0.0596238 0.02926 0.0129099 0.00504841 0.00161847 0.000432175 9.83135e-05 1.86352e-05 2.88447e-06 3.59758e-07 3.55649e-08
 1.56203e-11 1.69618e-09 1.08591e-07 4.09877e-06 9.12122e-05 0.00119674 0.0092583 0.0422503 0.113982 0.183779 0.186533 0.14451 0.117087 0.094236 0.0587552 0.0286857 0.0125887 0.0049163 0.00158139 0.000424985 9.74049e-05 1.86042e-05 2.89583e-06 3.60268e-07 3.49562e-08
 1.53431e-11 1.66608e-09 1.06664e-07 4.02603e-06 8.95935e-05 0.00117551 0.00909408 0.0415024 0.111986 0.180735 0.184262 0.14487 0.119866 0.0973276 0.0604835 0.0291408 0.0125611 0.0048376 0.00153907 0.000409777 9.35254e-05 1.78998e-05 2.80259e-06 3.51004e-07 3.41954e-08
 1.55124e-11 1.68446e-09 1.07841e-07 4.07046e-06 9.05823e-05 0.00118848 0.0091944 0.0419595 0.11321 0.182628 0.185809 0.14509 0.118847 0.0959171 0.0593081 0.0283039 0.0120238 0.00454995 0.00141267 0.000364679 8.09668e-05 1.52112e-05 2.3583e-06 2.94716e-07 2.88013e-08
 1.57593e-11 1.71127e-09 1.09557e-07 4.13523e-06 9.20236e-05 0.00120739 0.00934065 0.0426258 0.114993 0.185385 0.188052 0.145379 0.117305 0.0938006 0.0575531 0.027081 0.0112866 0.00420219 0.00128383 0.000324199 6.99727e-05 1.27318e-05 1.91397e-06 2.33645e-07 2.25248e-08
 1.58181e-11 1.71765e-09 1.09966e-07 4.15066e-06 9.2367e-05 0.00121189 0.00937553 0.0427856 0.115431 0.186149 0.189096 0.146848 0.119077 0.0947329 0.0565831 0.024858 0.00935897 0.00320511 0.000919625 0.000218171 4.44832e-05 7.73838e-06 1.11875e-06 1.316e-07 1.22731e-08
 1.57481e-11 1.71005e-09 1.09479e-07 4.13229e-06 9.19582e-05 0.00120653 0.00933403 0.042596 0.114917 0.1853 0.188143 0.145897 0.1182 0.0944996 0.0575389 0.0265064 0.0106469 0.00376639 0.00106094 0.000237584 4.50082e-05 7.29999e-06 9.91647e-07 1.10642e-07 9.8733e-09
 1.61039e-11 1.74869e-09 1.11953e-07 4.22566e-06 9.4036e-05 0.00123379 0.00954483 0.0435561 0.117481 0.189227 0.191149 0.145684 0.115007 0.0907609 0.0551715 0.0255353 0.0103785 0.00375418 0.00109996 0.000259244 5.06035e-05 8.05996e-06 1.03322e-06 1.0719e-07 8.92953e-09
 1.62579e-11 1.76542e-09 1.13024e-07 4.26608e-06 9.49355e-05 0.00124559 0.00963613 0.0439725 0.118603 0.191015 0.192873 0.146754 0.115399 0.0903301 0.053679 0.0235012 0.00880401 0.00299486 0.000849802 0.000197347 3.87485e-05 6.33806e-06 8.34618e-07 8.6519e-08 6.93711e-09
 1.60459e-11 1.74239e-09 1.11549e-07 4.21043e-06 9.36972e-05 0.00122935 0.00951049 0.0434004 0.117075 0.188681 0.191108 0.146954 0.117415 0.0926391 0.0550737 0.0239912 0.00887341 0.00294448 0.000797823 0.000172592 3.15357e-05 4.93289e-06 6.41297e-07 6.72061e-08 5.48796e-09
 1.5946e-11 1.73155e-09 1.10855e-07 4.18424e-06 9.31142e-05 0.0012217 0.00945132 0.0431303 0.116347 0.187508 0.189926 0.146085 0.116895 0.0927496 0.0561331 0.0255722 0.0101119 0.00353043 0.000981506 0.000214529 3.87525e-05 5.81311e-06 7.10938e-07 7.05867e-08 5.6032e-09
 1.61401e-11 1.75262e-09 1.12204e-07 4.23516e-06 9.42474e-05 0.00123656 0.00956632 0.0436549 0.117758 0.189751 0.192048 0.147295 0.117173 0.0920426 0.0542635 0.0231633 0.00830904 0.00270747 0.000737118 0.000162023 2.9638e-05 4.47243e-06 5.41373e-07 5.19963e-08 3.91957e-09
#obs surv len freq
 1.3463e-11 1.46193e-09 9.35939e-08 3.53271e-06 7.86155e-05 0.00103147 0.00797999 0.036422 0.0983247 0.159027 0.163592 0.132396 0.115785 0.103484 0.0786029 0.0518105 0.0298942 0.0141944 0.00536568 0.00158691 0.000356075 5.86549e-05 6.89296e-06 5.62416e-07 3.10436e-08
 1.2548e-11 1.36256e-09 8.72325e-08 3.2926e-06 7.32724e-05 0.000961384 0.00743821 0.0339596 0.0918109 0.149493 0.158127 0.138142 0.130455 0.116294 0.0823254 0.0486937 0.0254582 0.0112676 0.00404837 0.00115316 0.000250892 3.99628e-05 4.49439e-06 3.46417e-07 1.78568e-08
 1.36571e-11 1.483e-09 9.49427e-08 3.58362e-06 7.97486e-05 0.00104635 0.00809537 0.0369541 0.0998214 0.161813 0.16764 0.137334 0.119865 0.104662 0.0765443 0.0472193 0.0245061 0.0101097 0.00327023 0.00083975 0.000168142 2.51177e-05 2.67493e-06 1.95517e-07 9.51959e-09
 1.33824e-11 1.45317e-09 9.30331e-08 3.51154e-06 7.81449e-05 0.00102532 0.00793302 0.0362205 0.0979295 0.159366 0.16755 0.142284 0.127646 0.109163 0.0750145 0.0427821 0.0210475 0.00849126 0.0026805 0.000649058 0.000118189 1.58278e-05 1.52083e-06 1.01718e-07 4.58558e-09
 1.33652e-11 1.4513e-09 9.29138e-08 3.50704e-06 7.80448e-05 0.00102401 0.00792308 0.0361783 0.0978452 0.159381 0.167922 0.142718 0.127403 0.108825 0.0755874 0.0434043 0.020823 0.00792281 0.00232953 0.000528353 9.05122e-05 1.12884e-05 9.91589e-07 5.97998e-08 2.42293e-09
 1.39741e-11 1.51743e-09 9.71469e-08 3.66682e-06 8.16006e-05 0.00107067 0.00828411 0.0378265 0.102289 0.166437 0.174226 0.144571 0.124121 0.102979 0.0702061 0.0396727 0.0187312 0.00699799 0.00199623 0.000429771 6.85493e-05 7.89062e-06 6.3831e-07 3.53489e-08 1.3073e-09
 1.31306e-11 1.42583e-09 9.1283e-08 3.44549e-06 7.66755e-05 0.00100607 0.00778494 0.0355602 0.0963088 0.157694 0.168853 0.14782 0.133282 0.110968 0.0737179 0.0400255 0.0181283 0.00653091 0.00180189 0.000374141 5.70342e-05 6.19011e-06 4.65637e-07 2.37348e-08 8.03444e-10
 1.32202e-11 1.43556e-09 9.19056e-08 3.46899e-06 7.71986e-05 0.00101294 0.00783826 0.035806 0.0969868 0.158797 0.169628 0.146852 0.130371 0.108829 0.0743227 0.0416649 0.0189748 0.00666772 0.00176343 0.000348691 5.05328e-05 5.20293e-06 3.69432e-07 1.76417e-08 5.54804e-10
 1.33285e-11 1.44732e-09 9.26588e-08 3.49743e-06 7.78317e-05 0.00102126 0.00790301 0.0361079 0.0978625 0.160528 0.17223 0.149635 0.131589 0.107415 0.0713141 0.0388923 0.0174039 0.00607139 0.00159129 0.00030706 4.26061e-05 4.14374e-06 2.76052e-07 1.23311e-08 3.61958e-10
 1.28252e-11 1.39267e-09 8.91598e-08 3.36536e-06 7.48932e-05 0.000982723 0.00760555 0.0347618 0.0943474 0.155555 0.169562 0.151943 0.136644 0.111544 0.0732903 0.0391956 0.0170102 0.00572258 0.00144803 0.000270702 3.63934e-05 3.40861e-06 2.16409e-07 9.11395e-09 2.5015e-10
 1.31192e-11 1.42459e-09 9.12036e-08 3.44251e-06 7.66102e-05 0.00100526 0.00778026 0.0355637 0.0965429 0.159173 0.173016 0.152991 0.134583 0.108291 0.0708019 0.0375583 0.0159407 0.0051715 0.00124921 0.000221604 2.82239e-05 2.5066e-06 1.51018e-07 6.02774e-09 1.56238e-10
 1.21778e-11 1.32237e-09 8.46592e-08 3.1955e-06 7.11141e-05 0.000933189 0.00722373 0.0330424 0.0899281 0.149628 0.167233 0.155984 0.142989 0.115769 0.0749495 0.0391816 0.016369 0.00522258 0.00123335 0.000211343 2.56603e-05 2.15144e-06 1.21716e-07 4.55237e-09 1.10518e-10
 1.33687e-11 1.45168e-09 9.29379e-08 3.50798e-06 7.8068e-05 0.00102443 0.00792952 0.0362593 0.0985338 0.162841 0.177413 0.15557 0.133306 0.104718 0.0674744 0.0350265 0.0142754 0.0043785 0.000987781 0.000161472 1.86785e-05 1.48624e-06 7.93162e-08 2.78097e-09 6.29824e-11
 1.15065e-11 1.24948e-09 7.99929e-08 3.01939e-06 6.71966e-05 0.000881865 0.00682872 0.0312721 0.0854494 0.143973 0.166137 0.162154 0.15094 0.119685 0.0747466 0.0373647 0.0148414 0.00448425 0.000994496 0.000157849 1.74883e-05 1.32019e-06 6.64775e-08 2.19131e-09 4.65049e-11
 1.2302e-11 1.33585e-09 8.55228e-08 3.22812e-06 7.18417e-05 0.000942812 0.00730007 0.0334172 0.09114 0.152351 0.171112 0.158049 0.141022 0.112866 0.0735355 0.0378942 0.0149075 0.00432358 0.00091092 0.000137666 1.45714e-05 1.04951e-06 5.01536e-08 1.55885e-09 3.10244e-11
 1.19914e-11 1.30212e-09 8.33635e-08 3.14663e-06 7.00298e-05 0.000919101 0.00711829 0.0326129 0.0891957 0.150378 0.172475 0.163867 0.146565 0.113348 0.0702557 0.0348247 0.0135039 0.00391324 0.000817607 0.000120058 1.21155e-05 8.23381e-07 3.70004e-08 1.08066e-09 2.01924e-11
 1.20288e-11 1.30619e-09 8.36237e-08 3.15647e-06 7.02496e-05 0.000922026 0.00714184 0.0327322 0.0895987 0.1513 0.173708 0.164351 0.145927 0.11279 0.0700133 0.034233 0.0128249 0.00355851 0.000714675 0.000101583 9.93501e-06 6.50237e-07 2.78505e-08 7.67638e-10 1.34401e-11
 1.25024e-11 1.35762e-09 8.69168e-08 3.28078e-06 7.30171e-05 0.00095838 0.00742403 0.0340312 0.0931693 0.157188 0.179255 0.166039 0.142851 0.107393 0.0651827 0.0312151 0.0114414 0.00308959 0.000598034 8.11436e-05 7.5375e-06 4.68233e-07 1.90458e-08 4.98149e-10 8.25268e-12
 1.13687e-11 1.23451e-09 7.90354e-08 2.98334e-06 6.64009e-05 0.000871698 0.00675653 0.0310304 0.0854669 0.146781 0.174745 0.172486 0.154084 0.115007 0.067506 0.0309455 0.0108488 0.00280767 0.000520975 6.75743e-05 5.97067e-06 3.50843e-07 1.34377e-08 3.30018e-10 5.12721e-12
 1.20224e-11 1.3055e-09 8.35804e-08 3.15491e-06 7.02199e-05 0.000921833 0.0071448 0.0328032 0.0902047 0.153897 0.179462 0.17047 0.1477 0.10987 0.0649806 0.0295437 0.00999918 0.00244819 0.000425885 5.17196e-05 4.28492e-06 2.3633e-07 8.49192e-09 1.95335e-10 2.83641e-12
 1.24893e-11 1.3562e-09 8.68265e-08 3.27747e-06 7.29497e-05 0.000957737 0.00742445 0.034102 0.0938561 0.160251 0.186261 0.173833 0.14524 0.10324 0.0583669 0.0255781 0.00842519 0.00200925 0.000336935 3.88399e-05 3.01518e-06 1.54688e-07 5.15666e-09 1.10028e-10 1.48288e-12
 1.15373e-11 1.25282e-09 8.0209e-08 3.02776e-06 6.73976e-05 0.000885079 0.00686664 0.0316139 0.0875982 0.152283 0.183982 0.180641 0.154795 0.108505 0.0588688 0.0243672 0.00753546 0.0016895 0.000267537 2.92111e-05 2.14571e-06 1.03647e-07 3.23153e-09 6.4091e-11 7.99347e-13
 1.15452e-11 1.25369e-09 8.02648e-08 3.02991e-06 6.74478e-05 0.000885815 0.00687371 0.0316587 0.0877664 0.152527 0.183558 0.17885 0.153314 0.109288 0.0605551 0.0251604 0.00759845 0.00162527 0.000241978 2.46743e-05 1.69008e-06 7.61805e-08 2.21785e-09 4.10535e-11 4.77049e-13
 1.24736e-11 1.35451e-09 8.67196e-08 3.27359e-06 7.2873e-05 0.000957069 0.00742609 0.0341871 0.0945762 0.163054 0.191635 0.178314 0.145213 0.0998084 0.0541572 0.0222686 0.00668413 0.00141453 0.000205591 2.01073e-05 1.3001e-06 5.47117e-08 1.47815e-09 2.53288e-11 2.72321e-13
 1.15961e-11 1.25922e-09 8.06204e-08 3.0435e-06 6.77604e-05 0.000890267 0.00691514 0.0319275 0.0890032 0.156309 0.1904 0.184789 0.152995 0.10333 0.054148 0.0214718 0.00625542 0.00129317 0.000183966 1.75494e-05 1.09808e-06 4.42601e-08 1.13308e-09 1.82231e-11 1.82517e-13
 1.07996e-11 1.17274e-09 7.50855e-08 2.83471e-06 6.31211e-05 0.000829636 0.00645075 0.0298615 0.0837858 0.149328 0.186901 0.187624 0.159428 0.109086 0.057006 0.0220766 0.00616598 0.00121071 0.000163449 1.48415e-05 8.86495e-07 3.41355e-08 8.3344e-10 1.27375e-11 1.20657e-13
 1.16504e-11 1.26513e-09 8.10014e-08 3.05808e-06 6.80961e-05 0.000895024 0.00695824 0.0321867 0.0900376 0.158868 0.193826 0.186519 0.152065 0.10111 0.0516415 0.0194632 0.0052407 0.000981188 0.000125034 1.0642e-05 5.94071e-07 2.13832e-08 4.88886e-10 7.01014e-12 6.2383e-14
 1.12319e-11 1.2197e-09 7.80948e-08 2.94858e-06 6.56707e-05 0.000863573 0.00672195 0.0311859 0.0878326 0.15714 0.195837 0.191561 0.155228 0.100431 0.0494874 0.0179988 0.00468538 0.000846639 0.000103485 8.37546e-06 4.40756e-07 1.48513e-08 3.16344e-10 4.21483e-12 3.48163e-14
#pred catch len freq
 9.69832e-12 1.05312e-09 6.74219e-08 2.54484e-06 5.6632e-05 0.000743053 0.00574911 0.0262514 0.0710324 0.116237 0.12603 0.118848 0.123285 0.116131 0.087565 0.0604101 0.0419993 0.0289685 0.020322 0.0149345 0.0117464 0.0100318 0.00880712 0.00684241 0.00400747
 1.02289e-11 1.11074e-09 7.11107e-08 2.68408e-06 5.97306e-05 0.000783714 0.00606393 0.0276941 0.0750063 0.123305 0.136295 0.134714 0.144833 0.134274 0.0929464 0.0541238 0.0303967 0.0163526 0.00870834 0.00498648 0.0031857 0.00230359 0.00181829 0.00135483 0.000793073
 1.01553e-11 1.10275e-09 7.05989e-08 2.66476e-06 5.93008e-05 0.000778077 0.00602038 0.027497 0.074497 0.122664 0.136494 0.13709 0.149482 0.139341 0.0965748 0.0556599 0.0296775 0.013908 0.00572 0.00230131 0.001012 0.000531094 0.000337233 0.000225281 0.000126817
 1.09878e-11 1.19314e-09 7.63859e-08 2.88319e-06 6.41616e-05 0.000841847 0.00651356 0.0297437 0.0805034 0.131908 0.143808 0.137376 0.143285 0.131728 0.0914356 0.053126 0.0285048 0.0132634 0.00519642 0.0017976 0.000576019 0.000189801 7.66478e-05 3.89405e-05 1.95409e-05
 1.10347e-11 1.19824e-09 7.67124e-08 2.89551e-06 6.44358e-05 0.000845447 0.00654145 0.029872 0.0808646 0.13261 0.145076 0.139751 0.14655 0.133776 0.0903394 0.0498592 0.0255296 0.011636 0.00452653 0.00153811 0.000456602 0.000119252 2.99e-05 8.731e-06 3.13753e-06
 1.11379e-11 1.20944e-09 7.74296e-08 2.92258e-06 6.50383e-05 0.00085335 0.00660257 0.0301502 0.0816052 0.133725 0.145839 0.139395 0.145214 0.132556 0.0900999 0.0502806 0.0258035 0.0115345 0.00432048 0.00141456 0.000408895 0.000101856 2.1681e-05 4.14054e-06 8.27597e-07
 1.11759e-11 1.21357e-09 7.76941e-08 2.93257e-06 6.52605e-05 0.000856266 0.00662515 0.0302539 0.0818939 0.134262 0.146717 0.140907 0.147226 0.133776 0.0893418 0.048167 0.0238885 0.0104743 0.00386436 0.00123376 0.000343206 8.18332e-05 1.65162e-05 2.77975e-06 3.95628e-07
 1.0883e-11 1.18176e-09 7.56573e-08 2.85569e-06 6.35496e-05 0.000833821 0.00645157 0.0294632 0.07978 0.13101 0.144152 0.140837 0.149497 0.136676 0.0915342 0.0494394 0.0244159 0.0105215 0.00376149 0.00115919 0.000312935 7.23445e-05 1.40294e-05 2.23545e-06 2.86839e-07
 1.10947e-11 1.20475e-09 7.71292e-08 2.91124e-06 6.47859e-05 0.00085004 0.00657697 0.0300339 0.0812982 0.133285 0.145647 0.139902 0.146363 0.13362 0.0904398 0.0499766 0.025278 0.0110541 0.00397813 0.00121973 0.000322312 7.2127e-05 1.35036e-05 2.07274e-06 2.53513e-07
 1.14658e-11 1.24505e-09 7.9709e-08 3.00862e-06 6.69529e-05 0.00087847 0.00679687 0.0310364 0.0839884 0.137506 0.149385 0.14134 0.145574 0.131448 0.0873657 0.0467175 0.0229165 0.00991292 0.00358209 0.0011081 0.000294197 6.54371e-05 1.20066e-05 1.78604e-06 2.10479e-07
 1.12679e-11 1.22356e-09 7.83334e-08 2.9567e-06 6.57974e-05 0.000863311 0.00667962 0.030502 0.0825556 0.135269 0.147457 0.140753 0.146275 0.13282 0.0889932 0.0482578 0.023941 0.0103465 0.00370049 0.00113433 0.000301341 6.75397e-05 1.24579e-05 1.84366e-06 2.13322e-07
 1.11308e-11 1.20867e-09 7.73802e-08 2.92072e-06 6.49968e-05 0.000852807 0.0065984 0.030132 0.0815679 0.133759 0.146314 0.140877 0.147561 0.134266 0.0898136 0.0485109 0.0240064 0.0103989 0.00373927 0.00114864 0.000303535 6.7506e-05 1.24188e-05 1.8433e-06 2.13683e-07
 1.1528e-11 1.2518e-09 8.01416e-08 3.02495e-06 6.73162e-05 0.000883238 0.00683376 0.0312048 0.0844443 0.138253 0.150195 0.14209 0.146237 0.131685 0.0868081 0.0456113 0.0218747 0.00924771 0.00325424 0.000981841 0.000257026 5.69041e-05 1.04101e-05 1.5354e-06 1.77392e-07
 1.1746e-11 1.27547e-09 8.1657e-08 3.08215e-06 6.85891e-05 0.000899938 0.00696297 0.0317946 0.0860378 0.140841 0.152906 0.144357 0.147973 0.131988 0.0846865 0.0419595 0.0187049 0.00743851 0.00246349 0.000697006 0.000173164 3.70375e-05 6.64121e-06 9.68916e-07 1.11139e-07
 1.13511e-11 1.23259e-09 7.89115e-08 2.97852e-06 6.6283e-05 0.000869683 0.00672897 0.0307283 0.0831813 0.1364 0.149172 0.143501 0.149859 0.135062 0.0878343 0.0446295 0.0203766 0.00809504 0.00259745 0.000695004 0.000161604 3.23465e-05 5.47593e-06 7.66812e-07 8.58031e-08
 1.18942e-11 1.29157e-09 8.26876e-08 3.12105e-06 6.94548e-05 0.000911296 0.00705079 0.0321945 0.0871033 0.142453 0.154046 0.143961 0.146192 0.130195 0.083981 0.042128 0.0189826 0.00750302 0.00240813 0.00064051 0.000145051 2.7564e-05 4.35467e-06 5.679e-07 5.97971e-08
 1.18881e-11 1.29091e-09 8.2645e-08 3.11944e-06 6.9419e-05 0.000910826 0.00704715 0.0321777 0.0870564 0.142364 0.153891 0.143679 0.145809 0.12996 0.0841198 0.0425247 0.0193439 0.00770179 0.00248892 0.00066749 0.000152234 2.88929e-05 4.47484e-06 5.58264e-07 5.51953e-08
 1.20841e-11 1.31219e-09 8.40078e-08 3.17088e-06 7.05637e-05 0.000925844 0.0071633 0.0327069 0.0884723 0.144552 0.155665 0.143887 0.144549 0.128241 0.082702 0.0415525 0.0187846 0.00746666 0.00242062 0.000653254 0.000150091 2.87021e-05 4.47011e-06 5.56262e-07 5.39793e-08
 1.19544e-11 1.29811e-09 8.31062e-08 3.13685e-06 6.98064e-05 0.000915909 0.00708648 0.0323573 0.0875424 0.143159 0.154752 0.144467 0.14648 0.130117 0.0833617 0.0412094 0.0182553 0.00714858 0.00229114 0.000612389 0.000140086 2.68412e-05 4.20468e-06 5.26725e-07 5.13196e-08
 1.21916e-11 1.32387e-09 8.47551e-08 3.19909e-06 7.11914e-05 0.000934079 0.00722701 0.0329976 0.0892565 0.145815 0.156938 0.144828 0.145133 0.128197 0.0816989 0.0399687 0.0174367 0.00670753 0.00209778 0.000543625 0.000120975 2.27541e-05 3.52958e-06 4.41192e-07 4.31201e-08
 1.29084e-11 1.40169e-09 8.97377e-08 3.38715e-06 7.53764e-05 0.000988986 0.00765164 0.0349322 0.0944309 0.153798 0.163349 0.145382 0.140221 0.121749 0.07669 0.0367844 0.0156486 0.00590232 0.0018136 0.000459321 9.93097e-05 1.8086e-05 2.71997e-06 3.32098e-07 3.20188e-08
 1.26463e-11 1.37324e-09 8.79158e-08 3.31839e-06 7.38462e-05 0.000968911 0.00749644 0.0342264 0.0925606 0.151054 0.161835 0.147465 0.14551 0.126459 0.0776383 0.0348133 0.0134445 0.00469095 0.00135759 0.000323421 6.6106e-05 1.15149e-05 1.6657e-06 1.95988e-07 1.828e-08
 1.25203e-11 1.35956e-09 8.70401e-08 3.28533e-06 7.31106e-05 0.00095926 0.00742177 0.0338855 0.0916387 0.14955 0.160231 0.146058 0.144392 0.126334 0.0792027 0.037328 0.0153838 0.00553436 0.00157058 0.000353077 6.70626e-05 1.08935e-05 1.48085e-06 1.65275e-07 1.47507e-08
 1.322e-11 1.43554e-09 9.19045e-08 3.46894e-06 7.71965e-05 0.00101286 0.00783631 0.0357737 0.0966833 0.157286 0.166215 0.145837 0.13842 0.119198 0.0744931 0.0351647 0.0146031 0.00535663 0.00157918 0.000373348 7.30166e-05 1.16421e-05 1.49319e-06 1.54949e-07 1.29097e-08
 1.34239e-11 1.45768e-09 9.33219e-08 3.52244e-06 7.8387e-05 0.00102848 0.00795714 0.0363249 0.0981684 0.159663 0.168544 0.147383 0.139136 0.118759 0.0724635 0.0322912 0.0123576 0.00427017 0.00122047 0.000284405 5.59557e-05 9.16258e-06 1.20717e-06 1.25168e-07 1.00371e-08
 1.29141e-11 1.40232e-09 8.97776e-08 3.38866e-06 7.541e-05 0.000989427 0.00765511 0.0349492 0.0944939 0.154036 0.164225 0.147659 0.143664 0.124078 0.0758552 0.0337153 0.0127854 0.00432212 0.00118117 0.000256586 4.7009e-05 7.36473e-06 9.58148e-07 1.00444e-07 8.20325e-09
 1.33008e-11 1.44431e-09 9.24661e-08 3.49014e-06 7.76682e-05 0.00101905 0.00788419 0.035992 0.0972712 0.158224 0.16712 0.146402 0.138642 0.119026 0.0738088 0.0341812 0.0137638 0.00486408 0.00135953 0.000297948 5.39158e-05 8.0961e-06 9.90652e-07 9.83827e-08 7.81056e-09
 1.38305e-11 1.50183e-09 9.61487e-08 3.62913e-06 8.07614e-05 0.00105964 0.00819807 0.0374227 0.101107 0.164218 0.172303 0.148032 0.136859 0.11544 0.0694836 0.0300178 0.0109249 0.00360053 0.000985516 0.000217154 3.97795e-05 6.00755e-06 7.27473e-07 6.98832e-08 5.26839e-09
#obs catch len freq
 9.84952e-12 1.06954e-09 6.8473e-08 2.58452e-06 5.75152e-05 0.000754647 0.00583903 0.0266667 0.0722126 0.118573 0.130245 0.126714 0.136284 0.133763 0.105859 0.0717294 0.0417497 0.019615 0.0072669 0.00211081 0.000470082 7.78422e-05 9.28189e-06 7.71029e-07 4.32829e-08
 1.19152e-11 1.29385e-09 8.28332e-08 3.12654e-06 6.95772e-05 0.000912899 0.0070631 0.0322472 0.0871841 0.141982 0.150318 0.131897 0.1264 0.116923 0.0893514 0.0587253 0.033485 0.015607 0.00575884 0.00165168 0.00035701 5.62909e-05 6.29307e-06 4.85705e-07 2.52343e-08
 1.1166e-11 1.2125e-09 7.76253e-08 2.92998e-06 6.52031e-05 0.000855524 0.00661974 0.0302349 0.0818921 0.134451 0.146909 0.138955 0.141188 0.128573 0.0911153 0.0536744 0.0277392 0.0120494 0.00422372 0.00116559 0.000243907 3.71174e-05 3.96439e-06 2.8867e-07 1.39937e-08
 1.2511e-11 1.35855e-09 8.69754e-08 3.28289e-06 7.30567e-05 0.000958561 0.00741665 0.033866 0.0916031 0.149374 0.158408 0.138024 0.128663 0.114858 0.0840563 0.0514545 0.0262735 0.0106063 0.00334393 0.00083183 0.000160131 2.28312e-05 2.30597e-06 1.59005e-07 7.27196e-09
 1.23686e-11 1.34309e-09 8.59857e-08 3.24554e-06 7.22256e-05 0.00094767 0.0073328 0.0334913 0.0906845 0.148507 0.159862 0.143739 0.136096 0.118091 0.080972 0.0458236 0.0221914 0.00874931 0.0026841 0.000627874 0.000109773 1.4026e-05 1.27772e-06 8.05571e-08 3.40755e-09
 1.25025e-11 1.35762e-09 8.6916e-08 3.28066e-06 7.30073e-05 0.000957931 0.00741237 0.0338573 0.0916959 0.150228 0.161625 0.144293 0.134768 0.116389 0.0805239 0.0457548 0.0215444 0.0079976 0.0022836 0.000499889 8.20829e-05 9.75081e-06 8.11285e-07 4.61061e-08 1.75243e-09
 1.32398e-11 1.43769e-09 9.2042e-08 3.47414e-06 7.7313e-05 0.00101443 0.00784952 0.0358528 0.0970721 0.158736 0.169122 0.146274 0.130581 0.109309 0.0741502 0.041418 0.0191694 0.00697503 0.00192796 0.00039984 6.10534e-05 6.6878e-06 5.1196e-07 2.66961e-08 9.25747e-10
 1.24711e-11 1.35422e-09 8.6698e-08 3.27244e-06 7.28247e-05 0.000955561 0.00739479 0.0337904 0.09165 0.150919 0.164675 0.149937 0.139394 0.116455 0.0768042 0.0411738 0.018266 0.00640282 0.0017095 0.000341379 4.97339e-05 5.12925e-06 3.64759e-07 1.74959e-08 5.55078e-10
 1.26983e-11 1.37888e-09 8.82774e-08 3.33205e-06 7.41515e-05 0.000972976 0.00752968 0.0344079 0.0933223 0.153545 0.166604 0.148883 0.135382 0.113143 0.076607 0.042291 0.0188133 0.00642036 0.001641 0.000311701 4.3116e-05 4.2128e-06 2.82439e-07 1.26796e-08 3.73494e-10
 1.2896e-11 1.40036e-09 8.96522e-08 3.38394e-06 7.53067e-05 0.000988148 0.00764748 0.0349525 0.0948538 0.156314 0.170097 0.15181 0.135949 0.110773 0.0728225 0.0390889 0.0170763 0.0057776 0.00146045 0.000270163 3.57255e-05 3.29361e-06 2.06976e-07 8.68376e-09 2.38552e-10
 1.25091e-11 1.35835e-09 8.69626e-08 3.28243e-06 7.30481e-05 0.000958539 0.00741912 0.0339222 0.0921911 0.152685 0.168559 0.154267 0.140172 0.11375 0.0738558 0.0388054 0.0164171 0.00535106 0.00130458 0.000233501 2.987e-05 2.64775e-06 1.58372e-07 6.25895e-09 1.60668e-10
 1.28459e-11 1.39491e-09 8.93036e-08 3.3708e-06 7.50149e-05 0.000984359 0.00761925 0.0348406 0.0947024 0.156801 0.17241 0.15531 0.137757 0.110091 0.0710489 0.0369665 0.015269 0.00479237 0.00111394 0.000188987 2.28788e-05 1.92091e-06 1.08903e-07 4.07442e-09 9.86798e-11
 1.2027e-11 1.30599e-09 8.36109e-08 3.15594e-06 7.02343e-05 0.000921676 0.00713548 0.0326522 0.0889884 0.148682 0.167834 0.15846 0.145263 0.116328 0.074203 0.0379974 0.0154295 0.00475527 0.00107865 0.000176469 2.03384e-05 1.6104e-06 8.56547e-08 3.0003e-09 6.80006e-11
 1.32288e-11 1.4365e-09 9.1966e-08 3.4713e-06 7.72525e-05 0.00101376 0.00784781 0.0358989 0.0976708 0.161988 0.177995 0.157856 0.135405 0.105248 0.0667479 0.0338775 0.0133986 0.0039651 0.000858323 0.000133806 1.46737e-05 1.10129e-06 5.51997e-08 1.81118e-09 3.82709e-11
 1.14484e-11 1.24317e-09 7.95891e-08 3.00416e-06 6.68586e-05 0.000877472 0.0067958 0.0311374 0.0852149 0.144187 0.167779 0.164788 0.152405 0.119121 0.0731306 0.03573 0.0137631 0.00400626 0.000850897 0.000128575 1.34872e-05 9.59344e-07 4.53276e-08 1.39704e-09 2.7642e-11
 1.22952e-11 1.33512e-09 8.54757e-08 3.22635e-06 7.18034e-05 0.00094235 0.00729752 0.03342 0.0912634 0.153061 0.172993 0.160487 0.14223 0.112161 0.0716788 0.0359815 0.0136944 0.00382216 0.000770659 0.000110771 1.10865e-05 7.51411e-07 3.36572e-08 9.77349e-10 1.81236e-11
 1.20189e-11 1.30511e-09 8.3555e-08 3.15388e-06 7.01922e-05 0.000921283 0.0071364 0.0327124 0.0895939 0.151563 0.174806 0.166333 0.147271 0.112031 0.0681038 0.032898 0.0123341 0.00343299 0.000684839 9.5476e-05 9.10066e-06 5.81544e-07 2.44744e-08 6.67237e-10 1.16068e-11
 1.20977e-11 1.31367e-09 8.41033e-08 3.17459e-06 7.06543e-05 0.000927392 0.00718468 0.0329453 0.0903039 0.152957 0.176383 0.166786 0.146342 0.111107 0.0675069 0.0320984 0.0116122 0.00309278 0.000592592 7.9863e-05 7.36584e-06 4.52654e-07 1.81398e-08 4.66417e-10 7.59901e-12
 1.26109e-11 1.3694e-09 8.76709e-08 3.30927e-06 7.36527e-05 0.000966782 0.00749045 0.0343524 0.0941649 0.159278 0.182196 0.168301 0.142807 0.10531 0.0624936 0.0290701 0.010275 0.002659 0.000490313 6.30082e-05 5.51432e-06 3.21313e-07 1.22149e-08 2.97728e-10 4.58601e-12
 1.15219e-11 1.25115e-09 8.01007e-08 3.02358e-06 6.72986e-05 0.000883556 0.00685003 0.0314791 0.0868271 0.149506 0.178297 0.174855 0.153534 0.112215 0.0643264 0.0286176 0.00966575 0.00239461 0.000422749 5.18658e-05 4.31265e-06 2.37479e-07 8.49421e-09 1.94264e-10 2.80413e-12
 1.22022e-11 1.32503e-09 8.48308e-08 3.20214e-06 7.12732e-05 0.000935737 0.00725415 0.0333236 0.0917495 0.156862 0.183095 0.172711 0.147011 0.106944 0.0616284 0.0271269 0.00883091 0.00206775 0.000341982 3.92514e-05 3.05751e-06 1.5788e-07 5.29332e-09 1.13304e-10 1.5277e-12
 1.26978e-11 1.37884e-09 8.82762e-08 3.33223e-06 7.41709e-05 0.000973855 0.00755111 0.0347027 0.095619 0.163538 0.190041 0.175784 0.144007 0.0999707 0.0550353 0.0233355 0.00738373 0.00168096 0.00026755 2.91166e-05 2.1238e-06 1.01958e-07 3.16969e-09 6.2897e-11 7.86619e-13
 1.17567e-11 1.27665e-09 8.17351e-08 3.08542e-06 6.86843e-05 0.000902084 0.00700066 0.0322534 0.0894933 0.155853 0.188089 0.182655 0.153237 0.104798 0.055307 0.0221303 0.00656971 0.00140514 0.000210995 2.17239e-05 1.49763e-06 6.76374e-08 1.96561e-09 3.62446e-11 4.19401e-13
 1.17823e-11 1.27944e-09 8.1914e-08 3.09223e-06 6.88384e-05 0.000904194 0.00701849 0.0323478 0.089794 0.156291 0.187806 0.180943 0.151806 0.105455 0.0567111 0.0227255 0.00657755 0.00134072 0.000189148 1.81758e-05 1.16761e-06 4.91684e-08 1.33318e-09 2.29284e-11 2.4707e-13
 1.27166e-11 1.3809e-09 8.84099e-08 3.33746e-06 7.42986e-05 0.000975915 0.00757457 0.0348929 0.0966409 0.166823 0.195732 0.180106 0.143501 0.0960396 0.0505356 0.0200186 0.00574942 0.00115727 0.000159119 1.46501e-05 8.87921e-07 3.48985e-08 8.7789e-10 1.39714e-11 1.39232e-13
 1.18592e-11 1.2878e-09 8.24516e-08 3.11272e-06 6.93063e-05 0.00091073 0.00707676 0.032699 0.0912715 0.160454 0.194839 0.186539 0.150858 0.0991383 0.0503553 0.0192255 0.00535408 0.0010513 0.000141253 1.26651e-05 7.41914e-07 2.79068e-08 6.64959e-10 9.93185e-12 9.2211e-14
 1.10853e-11 1.20377e-09 7.70733e-08 2.90986e-06 6.48003e-05 0.000851882 0.00662667 0.0307024 0.0862586 0.153837 0.191711 0.189535 0.157122 0.10446 0.0528108 0.0196601 0.00524388 0.000977298 0.000124506 1.06143e-05 5.92799e-07 2.12756e-08 4.82987e-10 6.85018e-12 6.01249e-14
 1.19424e-11 1.29685e-09 8.30333e-08 3.13492e-06 6.98133e-05 0.00091778 0.00713818 0.0330455 0.0925482 0.163378 0.19849 0.188172 0.149592 0.0965083 0.0476069 0.0172207 0.00442193 0.000784895 9.4309e-05 7.53163e-06 3.92875e-07 1.31706e-08 2.79732e-10 3.71877e-12 3.0635e-14
#spawning biomass
 15510.3 17468.3 19752.6 23621.6 29020.7 37757.8 43909.2 50602.5 60031.9 67422.4 87344.6 105295 111584 104006 110089 103192 114848 126070 134972 135283 137763 124432 127907 134400 132949 131814 139778 124078 109404 206420 234782 226926 203738 177044 152635 132695 117471 106355 98487 93040.2 89331.2 86835.5 85161 84032.5 83304.1 82834 82530.6 82334.7 82208.3 82126.7 82074.1 82040.1 82018.2 82004 81994.9 81989 81985.2 81982.7 81981.1 81980.1 81979.4 81979 81978.7 81978.6 81978.4 81978.4 81978.3 81978.3 81978.3 81978.3 81978.3 81978.2 81978.2 81978.2 81978.2 81978.2 81978.2 81978.2 81978.2 81978.2 81978.2 81978.2 81978.2 81978.2 81978.2 81978.2 81978.2 81978.2 81978.2 81978.2 81978.2 81978.2 81978.2 81978.2 81978.2 81978.2 81978.2 81978.2 81978.2 81978.2 81978.2 81978.2 81978.2 81978.2 81978.2 81978.2 81978.2 81978.2 81978.2 81978.2 81978.2 81978.2 81978.2 81978.2 81978.2 81978.2 81978.2 81978.2 81978.2 81978.2 81978.2 81978.2 81978.2 81978.2 81978.2 81978.2 81978.2 81978.2 0 0 0 0 0 0 0 0 0 0 0 0 0 0 0 0 0 0 0 0 0 0 0 0 0
