SBPRF35
0.112875
Curr Bio
200.352
B35
380.649
F35
1.78039
FOFL
1.78039
OFL
68.7675
Bzero
32247.4
#pred survey bio
 1434.59 1133.62 872.546 715.234 609.17 551.89 513.107 491.679 480.229 466.831 461.24 462.637 457.174 456.154 458.03 461.617 470.007 475.527 478.111 477.339 478.558 484.021 485.119 480.386 474.027 469.614 470.366 466.743 470.552 473.481 470.023 469.487 464.16 463.982 463.45 457.241 454.043 447.177 444.985 433.996 424.771 411.133 393.088 370.432 343.281 327.428 309.684 303.375 287.458 282.435 273.485 266.838 252.806 240.595 234.559 227.565 224.377 221.207 221.058 223.147 217.14 208.708 205.368 207.59 201.014 202.186 204.827 197.428 195.57 195.68 197.117 195.499 191.487 202.027 204.76 208.575 207.293 194.99 202.454 215.458 218.132 223.269 221.809 227.266 228.663 231.097 232.66 220.268 215.955 210.207 214.208 213.463 217.884 227.47 217.146 193.107 147.094 30.4824 23.3618 24.8344 23.8805 24.4489 26.8143 84.2848 5360.61 23411.3 62023.1 108697 139279 152566 158977 162735 165134 166703 167735 168414 168860 169152 169344 169469 169549 169602 169635 169657 169671 169681 169687 169690 169693 169695 169696 169696 169697 169697 169697 169697 169698 169698 169698 169698 169698 169698 169698 169698 169698 169698 169698 169698 169698 169698 169698 169698 169698 169698 169698 169698 169698 169698 169698 169698 169698 169698 169698 169698 169698 169698 169698 169698 169698 169698 169698 169698 169698 169698 169698 169698 169698 169698 169698 169698 169698 169698 169698 169698 169698 169698 169698 169698 169698 169698 169698 169698 169698 169698 169698 169698 169698 169698 169698 169698 169698 169698 169698 169698 0 0 0 0 0 0 0 0 0 0 0 0 0 0 0 0 0 0 0 0 0 0 0 0 0
#obs survey bio
 750.917 732.664 632.777 439.518 412.662 587.79 429.762 333.891 367.545 497.134 404.514 380.106 419.714 410.61 410.11 417.467 451.939 477.455 442.183 401.002 576.385 422.181 489.501 398.338 393.544 544.433 529.553 398.624 512.949 351.644 354.229 416.349 439.748 584.789 300.592 491.595 472.745 321.73 298.625 331.406 344.913 538.44 311.19 255.709 345.936 284.127 329.962 338.482 314.86 377.803 249.586 211.11 246.29 183.266 271.527 289.194 302.476 266.503 186.224 155.18 193.585 241.412 222.968 200.378 239.389 202.98 203.214 175.327 190.876 310.813 199.205 257.08 186.594 154.212 214.066 270.219 253.917 231.922 243.148 271.488 256.778 249.873 208.874 215.804 196.658 344.42 279.804 274.781 171.681 200.408 278.112 216.584 337.553 300.184 246.642 282.119 205.59 40.6493 44.2197 50.7382 38.9002 42.9597 37.4712 25.7934
#pred catch bio
 130.723 167.399 120.829 109.349 84.7122 81.1889 71.8887 66.0534 71.623 65.8544 59.9478 69.1866 66.2241 64.7656 64.4469 59.9255 62.8201 65.0733 67.4621 63.7251 56.9687 59.7054 65.0803 67 65.6678 60.7358 66.5096 59.2515 60.574 67.9852 64.8012 69.7978 63.6242 63.0596 68.3383 63.6419 65.9089 58.7145 66.6816 63.6621 68.0239 73.6576 81.3019 90.9371 83.6741 90.8473 82.0145 96.166 86.3601 92.3149 90.4283 99.7836 99.0969 93.6239 96.2331 93.0061 94.2491 92.301 91.4022 102.267 105.956 100.326 94.2181 105.642 97.9104 98.0779 112.213 108.919 111.554 115.586 125.096 133.58 121.804 138.293 142.231 151.919 167.833 148.159 152.611 176.832 180.485 192.136 184.563 190.787 190.178 192.061 207.096 191.884 192.168 180.528 188.334 184.225 181.907 206.583 205.358 196.382 253.441 58.781 43.3407 45.7569 44.587 46.4755 45.7417 40.9075 68.7675 288.959 987.958 2513.32 3507.5 3740.11 3775.3 3779.91 3780.48 3780.55 3780.56 3780.56 3780.56 3780.56 3780.56 3780.56 3780.56 3780.56 3780.56 3780.56 3780.56 3780.56 3780.56 3780.56 3780.56 3780.56 3780.56 3780.56 3780.56 3780.56 3780.56 3780.56 3780.56 3780.56 3780.56 3780.56 3780.56 3780.56 3780.56 3780.56 3780.56 3780.56 3780.56 3780.56 3780.56 3780.56 3780.56 3780.56 3780.56 3780.56 3780.56 3780.56 3780.56 3780.56 3780.56 3780.56 3780.56 3780.56 3780.56 3780.56 3780.56 3780.56 3780.56 3780.56 3780.56 3780.56 3780.56 3780.56 3780.56 3780.56 3780.56 3780.56 3780.56 3780.56 3780.56 3780.56 3780.56 3780.56 3780.56 3780.56 3780.56 3780.56 3780.56 3780.56 3780.56 3780.56 3780.56 3780.56 3780.56 3780.56 3780.56 3780.56 3780.56 3780.56 3780.56 3780.56 3780.56 3780.56 3780.56 3780.56 0 0 0 0 0 0 0 0 0 0 0 0 0 0 0 0 0 0 0 0 0 0 0 0 0
#obs catch bio
 0 171.172 123.856 113.003 87.4816 84.0969 74.1903 68.055 74.1803 67.889 61.5255 71.783 68.5598 66.9787 66.6561 61.84 64.98 67.2694 69.7994 65.7638 58.2363 61.1182 66.714 68.8621 67.6688 62.258 68.5189 60.8692 62.081 70.3744 66.9696 72.4805 65.5825 64.7227 70.7162 65.6327 68.0579 60.1134 68.8179 65.488 70.2688 75.666 83.7452 94.565 86.2295 94.4478 84.5058 99.6253 88.4045 94.1473 92.0815 102.049 100.469 95.8355 98.5742 94.2334 95.1617 92.3608 91.8069 103.415 107.811 101.207 94.1573 105.836 97.1672 97.7427 112.261 110.318 111.029 112.787 123.131 130.44 120.646 135.974 138.565 146.08 160.599 140.815 144.211 166.071 170.482 184.818 177.763 184.094 181.776 178.926 194.198 181.791 181.908 171.291 178.432 173.285 168.443 192.09 192.596 182.047 225.281 50.7101 36.9228 38.326 36.8422 39.9605 40.2664 39.8101
#pred cpue bio
 1443.33 1123.63 845.518 679.008 568.125 509.386 470.156 449.085 438.022 423.852 417.515 418.549 411.997 410.242 411.403 414.115 422.391 428.404 431.979 432.175 434.455 441.203 442.952 438.003 431.021 426.012 426.544 422.151 425.784 428.563 424.756 424.788 419.903 420.476 420.493 414.607 412.757 407.235 406.572 395.979 387.32 373.833 355.109 330.645 300.495 282.201 261.954 254.551 236.991 231.264 221.769 215.193 200.418 186.929 179.861 171.892 168.098 164.155 162.804 163.71 156.622 147.609 144.167 146.272 138.643 138.459 139.898 130.824 126.198 122.349 119.737 114.42 106.681 112.487 111.185 111.428 108.722 96.3506 98.3575 102.963 99.5094 100.727 98.6342 102.425 103.725 105.502 106.47 98.0144 96.2822 91.6736 93.5315 92.6152 94.6954 100.388 93.7374 84.3912 67.3949 4.91426 3.12553 3.50316 3.51006 3.32816 3.49829 9.37739 1236.25 5347.11 18453.4 52494.2 86588.4 102474 109864 114011 116571 118208 119269 119960 120411 120705 120897 121023 121104 121156 121190 121212 121226 121235 121241 121245 121248 121249 121250 121251 121252 121252 121252 121252 121252 121252 121252 121252 121252 121252 121252 121252 121252 121252 121252 121252 121252 121252 121252 121252 121252 121252 121252 121252 121252 121252 121252 121252 121252 121252 121252 121252 121252 121252 121252 121252 121252 121252 121252 121252 121252 121252 121252 121252 121252 121252 121252 121252 121252 121252 121252 121252 121252 121252 121252 121252 121252 121252 121252 121252 121252 121252 121252 121252 121252 121252 121252 121252 121252 121252 121252 121252 0 0 0 0 0 0 0 0 0 0 0 0 0 0 0 0 0 0 0 0 0 0 0 0 0
#obs cpue bio
 867.627 567.495 311.506 519.196 275.361 308.502 345.747 349.33 367.189 281.543 287.824 225.036 250.023 274.511 270.205 221.195 260.685 302.268 307.633 321.443 408.77 350.878 353.286 289.525 250.707 290.288 255.69 223.555 365.234 215.357 279.974 297.504 345.399 323.387 255.941 235.764 309.325 448.844 343.018 342.263 282.697 397.919 300.66 241.014 239.863 168.689 172.719 178.089 180.59 173.005 172.725 198.575 212.216 118.017 126.06 148.562 122.284 157.111 144.361 179.319 134.61 137.792 149.636 150.221 149.113 127.685 139.14 99.813 194.917 157.751 124.244 139.696 98.2172 214.104 190.913 200.352 192.115 189.173 210.765 229.887 184.514 142.377 184.272 199.505 275.28 291.591 216.441 179.412 264.035 213.044 189.91 248.906 247.962 220.676 211.09 216.309 209.111 31.1843 23.0734 29.0363 41.2517 19.0079 20.7987 31.1464
#pred surv len freq
 5.91387e-027 6.08409e-021 1.30631e-015 3.82625e-011 1.52886e-007 8.3336e-005 0.0061968 0.0628599 0.0869875 0.0167788 0.0144609 0.075105 0.0554372 0.0232647 0.0690939 0.0456942 0.056303 0.0576055 0.0619263 0.0634773 0.0667442 0.0695339 0.0767705 0.0694453 0.0222315
 6.47626e-027 7.07856e-021 1.51984e-015 4.45166e-011 1.77875e-007 9.69576e-005 0.00720969 0.0731347 0.101206 0.0195029 0.0160994 0.083501 0.061612 0.025227 0.0743218 0.0482581 0.0553746 0.055288 0.0565999 0.0569128 0.0592736 0.0608525 0.0648437 0.0598861 0.0207991
 6.99606e-027 7.99843e-021 1.71734e-015 5.03017e-011 2.00991e-007 0.000109557 0.00814661 0.0826387 0.114358 0.0220458 0.0185247 0.0961343 0.0708928 0.0278836 0.0810576 0.0520758 0.0571287 0.0550931 0.0516145 0.0489369 0.0488732 0.049262 0.051148 0.0471006 0.0169754
 7.38078e-027 8.6798e-021 1.86364e-015 5.45868e-011 2.18113e-007 0.00011889 0.0088406 0.0896785 0.1241 0.0239185 0.0198952 0.103214 0.076129 0.0303827 0.0887409 0.0564993 0.0595581 0.0565205 0.0505192 0.0443903 0.0406974 0.0388917 0.0392714 0.035642 0.012992
 7.65342e-027 9.1629e-021 1.96736e-015 5.7625e-011 2.30252e-007 0.000125508 0.00933265 0.0946699 0.131007 0.0252514 0.0210646 0.10929 0.0805995 0.0318484 0.0927173 0.0591525 0.0628912 0.0588871 0.050295 0.0422857 0.0355716 0.0306468 0.0291592 0.0258227 0.00938188
 7.78103e-027 9.38931e-021 2.01598e-015 5.90488e-011 2.35942e-007 0.000128609 0.00956325 0.0970091 0.134244 0.0258767 0.0216396 0.112282 0.0828103 0.032841 0.095721 0.0609829 0.0644455 0.0605603 0.0521168 0.0424608 0.0336715 0.0260855 0.0221688 0.018688 0.00670425
 7.86647e-027 9.54098e-021 2.04854e-015 6.00027e-011 2.39753e-007 0.000130686 0.00971773 0.0985761 0.136412 0.0262953 0.0220113 0.114215 0.0842366 0.0334332 0.0974732 0.0621054 0.0656518 0.0615109 0.0525277 0.0429403 0.0332457 0.0237604 0.0175795 0.0134661 0.00471057
 7.92789e-027 9.65004e-021 2.07196e-015 6.06885e-011 2.42493e-007 0.00013218 0.00982881 0.0997029 0.137972 0.0265921 0.0221147 0.114727 0.0846165 0.033635 0.0981121 0.0625553 0.0663298 0.0622145 0.0532222 0.0433004 0.0334261 0.0230786 0.0150854 0.010018 0.0033362
 7.97522e-027 9.73407e-021 2.09e-015 6.1217e-011 2.44605e-007 0.000133331 0.0099144 0.100571 0.139173 0.0268206 0.0221898 0.115098 0.0848844 0.0335918 0.097842 0.0624322 0.066436 0.0624288 0.0536754 0.0437874 0.0337395 0.0230498 0.0139492 0.00787225 0.0024107
 8.05685e-027 9.87868e-021 2.12105e-015 6.21264e-011 2.48239e-007 0.000135312 0.0100617 0.102065 0.141241 0.0272161 0.0224003 0.11617 0.0856682 0.0337039 0.097972 0.0623734 0.0657107 0.0616495 0.0528834 0.0432044 0.0333632 0.022715 0.0132276 0.00647436 0.00176449
 8.10468e-027 9.96341e-021 2.13924e-015 6.26593e-011 2.50368e-007 0.000136472 0.010148 0.102941 0.142452 0.0274477 0.0225245 0.116803 0.086131 0.0337802 0.098089 0.0624002 0.0655115 0.0613244 0.0522869 0.0426504 0.0329675 0.0224841 0.0128686 0.00569032 0.00136343
 8.11061e-027 9.97399e-021 2.14151e-015 6.27259e-011 2.50634e-007 0.000136617 0.0101588 0.10305 0.142603 0.0274772 0.0225586 0.116982 0.0862615 0.033798 0.0981081 0.0624208 0.0655742 0.0614073 0.0523885 0.0426056 0.0328487 0.0224265 0.0127637 0.00529864 0.00113209
 8.14609e-027 1.00368e-020 2.15499e-015 6.31206e-011 2.52211e-007 0.000137477 0.0102227 0.103699 0.143501 0.0276511 0.0227379 0.117917 0.0869491 0.0339971 0.0986138 0.0626283 0.0652506 0.0609262 0.0516076 0.0418425 0.0321183 0.0218488 0.0124041 0.00497171 0.000975683
 8.18309e-027 1.01023e-020 2.16905e-015 6.35326e-011 2.53857e-007 0.000138374 0.0102894 0.104375 0.144437 0.027828 0.0227474 0.117944 0.0869708 0.0340656 0.0988718 0.0627835 0.0653661 0.0609175 0.0512788 0.0413456 0.0315659 0.0213674 0.0120756 0.00474878 0.00088264
 8.22176e-027 1.01707e-020 2.18375e-015 6.39629e-011 2.55577e-007 0.000139312 0.0103591 0.105082 0.145416 0.0280136 0.0227884 0.118138 0.0871085 0.0339729 0.0984591 0.0625599 0.0653162 0.0608918 0.05125 0.0411485 0.0312 0.0209768 0.0117806 0.00457546 0.000823912
 8.22307e-027 1.0173e-020 2.18424e-015 6.39775e-011 2.55635e-007 0.000139343 0.0103615 0.105106 0.145449 0.0280229 0.0229078 0.118776 0.0875746 0.034031 0.098504 0.0625313 0.0650226 0.060658 0.0512027 0.041129 0.0310823 0.0207324 0.011547 0.00443803 0.000784443
 8.1545e-027 1.00517e-020 2.15819e-015 6.32143e-011 2.52586e-007 0.000137681 0.0102379 0.103852 0.143714 0.0276951 0.0228883 0.118717 0.0875373 0.0341912 0.0991409 0.0629378 0.0654538 0.0610716 0.0516052 0.0416031 0.0315291 0.0209571 0.0115654 0.00439769 0.000767446
 8.08778e-027 9.93362e-021 2.13284e-015 6.2472e-011 2.49619e-007 0.000136064 0.0101176 0.102633 0.142026 0.0273739 0.0227791 0.118176 0.0871487 0.0343145 0.0997716 0.0633958 0.0661956 0.0617561 0.0521179 0.0420209 0.0319315 0.0212775 0.011678 0.00439145 0.000758039
 8.03577e-027 9.84163e-021 2.11309e-015 6.18935e-011 2.47308e-007 0.000134804 0.010024 0.101682 0.140711 0.0271225 0.0226502 0.117521 0.0866714 0.0342981 0.0998943 0.0635785 0.0668781 0.0624769 0.0528448 0.0425659 0.032324 0.0215926 0.0118547 0.00441986 0.000754859
 8.01981e-027 9.81341e-021 2.10704e-015 6.1716e-011 2.46599e-007 0.000134418 0.00999521 0.101391 0.140308 0.0270435 0.0225367 0.116924 0.0862343 0.0342035 0.0996964 0.0635071 0.067062 0.0627704 0.0533669 0.0430662 0.0327015 0.0218336 0.0120092 0.00446121 0.00075486
 8.00135e-027 9.78079e-021 2.10003e-015 6.15108e-011 2.45779e-007 0.000133971 0.00996198 0.101054 0.139841 0.0269528 0.0224299 0.116365 0.0858208 0.0340165 0.0991308 0.0632214 0.0671159 0.0629791 0.0539203 0.0437617 0.0333875 0.0223086 0.0122744 0.00455775 0.000766536
 7.96087e-027 9.7092e-021 2.08466e-015 6.10606e-011 2.4398e-007 0.000132991 0.00988907 0.100314 0.138818 0.0267557 0.0222738 0.115556 0.0852252 0.0338041 0.0985367 0.0629078 0.067098 0.0632005 0.0547103 0.0447808 0.0344892 0.0231891 0.0127774 0.00474516 0.000795864
 7.95769e-027 9.7036e-021 2.08346e-015 6.10254e-011 2.4384e-007 0.000132914 0.00988337 0.100256 0.138738 0.0267385 0.0221901 0.115111 0.0848963 0.0336674 0.0981319 0.0626404 0.0667734 0.062949 0.0546936 0.0451335 0.0351573 0.0239002 0.0132531 0.00492826 0.000825874
 7.987e-027 9.75545e-021 2.09459e-015 6.13515e-011 2.45142e-007 0.000133624 0.00993617 0.100792 0.139479 0.0268802 0.0222628 0.11548 0.0851644 0.0336486 0.0979539 0.0624702 0.0663249 0.0624128 0.0539929 0.0445906 0.034975 0.024088 0.0135155 0.00505207 0.000847187
 8.02698e-027 9.82616e-021 2.10977e-015 6.17962e-011 2.46919e-007 0.000134593 0.0100082 0.101523 0.14049 0.0270736 0.0223698 0.116026 0.0855645 0.033731 0.0981178 0.0624921 0.0659576 0.0619236 0.0532422 0.043763 0.0342696 0.0237905 0.0135449 0.00511703 0.000861015
 8.06561e-027 9.89449e-021 2.12444e-015 6.22259e-011 2.48636e-007 0.000135528 0.0100778 0.102229 0.141467 0.0272598 0.0224439 0.116397 0.0858361 0.0337778 0.0981945 0.0625109 0.065833 0.0616941 0.0527536 0.0431372 0.0335703 0.0232788 0.0133973 0.00513568 0.000870679
 8.0713e-027 9.90455e-021 2.1266e-015 6.22892e-011 2.48889e-007 0.000135666 0.010088 0.102333 0.141611 0.0272876 0.0224707 0.116537 0.0859369 0.0337608 0.0980898 0.0624631 0.0658726 0.0617676 0.0528729 0.0431154 0.0333668 0.0229927 0.013262 0.0051534 0.000883727
 8.10947e-027 9.97207e-021 2.1411e-015 6.27138e-011 2.50586e-007 0.000136591 0.0101568 0.10303 0.142576 0.0274722 0.0225658 0.117021 0.086292 0.0338548 0.0983161 0.0625213 0.0655294 0.0613486 0.0523343 0.0426239 0.0328768 0.0224975 0.0129137 0.00505532 0.000877896
 8.10694e-027 9.9676e-021 2.14014e-015 6.26857e-011 2.50473e-007 0.00013653 0.0101523 0.102984 0.142512 0.0274596 0.022544 0.116906 0.086207 0.0338135 0.0981896 0.0624924 0.065741 0.0615623 0.0525086 0.0427339 0.0329281 0.0224489 0.0127937 0.0050084 0.000878244
 8.07901e-027 9.91817e-021 2.12953e-015 6.23748e-011 2.49231e-007 0.000135853 0.0101019 0.102473 0.141805 0.0273275 0.0225943 0.117193 0.0864184 0.0338759 0.0983506 0.0625827 0.0657817 0.0616502 0.0527169 0.0429042 0.0330307 0.0224778 0.0127411 0.00496389 0.000874147
 8.06079e-027 9.88589e-021 2.1226e-015 6.21718e-011 2.4842e-007 0.000135411 0.010069 0.10214 0.141344 0.0272425 0.022677 0.117648 0.086758 0.0341343 0.0992218 0.0630531 0.0658747 0.0615788 0.0523246 0.0425467 0.0327325 0.0222376 0.0125611 0.00486518 0.000855891
 8.02484e-027 9.82228e-021 2.10894e-015 6.17718e-011 2.46822e-007 0.000134539 0.0100042 0.101482 0.140434 0.0270688 0.0225914 0.117213 0.0864449 0.0342143 0.0996554 0.0634118 0.0666337 0.0622484 0.0526955 0.0426587 0.0327186 0.0222078 0.0125136 0.00482262 0.000844949
 8.03683e-027 9.84352e-021 2.1135e-015 6.19053e-011 2.47355e-007 0.00013483 0.0100259 0.101702 0.140738 0.0271254 0.0225627 0.117052 0.0863266 0.0341923 0.0996163 0.0634198 0.0667976 0.0624334 0.0528777 0.0426344 0.0324917 0.0219569 0.0123465 0.00473961 0.000826344
 8.03555e-027 9.84127e-021 2.11302e-015 6.18912e-011 2.47299e-007 0.0001348 0.0100236 0.101679 0.140706 0.0271173 0.0224826 0.116624 0.0860097 0.0340262 0.0990948 0.0631585 0.0668597 0.0626494 0.0534196 0.0431906 0.0328663 0.0220647 0.0123489 0.00472457 0.000820064
 8.00631e-027 9.78954e-021 2.10191e-015 6.15659e-011 2.45999e-007 0.000134091 0.0099709 0.101144 0.139966 0.0269785 0.0225126 0.116804 0.0861394 0.0339968 0.0989303 0.063043 0.0666934 0.0625943 0.0536733 0.0436506 0.0333888 0.0223813 0.012442 0.00473696 0.000819049
 7.96391e-027 9.71447e-021 2.08579e-015 6.10938e-011 2.44113e-007 0.000133063 0.00989444 0.100369 0.138893 0.026778 0.0225921 0.117257 0.0864782 0.034255 0.0998009 0.0635038 0.0667346 0.0624988 0.0533463 0.0434727 0.0334404 0.0225294 0.0124875 0.00472267 0.000813039
 7.91269e-027 9.62387e-021 2.06634e-015 6.0524e-011 2.41836e-007 0.000131822 0.00980216 0.0994325 0.137598 0.0265291 0.0224118 0.116327 0.0858036 0.0343155 0.100299 0.0639186 0.0676229 0.0633042 0.0538688 0.0437787 0.033697 0.0228471 0.0127097 0.00478405 0.000819116
 7.91164e-027 9.62207e-021 2.06595e-015 6.05126e-011 2.41791e-007 0.000131797 0.00980032 0.0994139 0.137572 0.0265213 0.0222973 0.115715 0.0853526 0.0341471 0.0998205 0.063728 0.0679591 0.0637358 0.0544182 0.0441154 0.0338224 0.0229467 0.0128425 0.00483622 0.000823951
 7.88821e-027 9.58064e-021 2.05706e-015 6.02521e-011 2.4075e-007 0.000131229 0.00975812 0.0989858 0.13698 0.0264066 0.0221831 0.115119 0.0849106 0.0339006 0.0990348 0.0633047 0.0678869 0.0639584 0.0553145 0.0451116 0.0346356 0.0234256 0.0131395 0.00496878 0.000844897
 7.898e-027 9.59794e-021 2.06077e-015 6.03609e-011 2.41184e-007 0.000131467 0.00977575 0.0991646 0.137227 0.0264562 0.0222964 0.115719 0.0853497 0.0339789 0.099167 0.0632641 0.0672585 0.0632844 0.0546787 0.0449064 0.0347581 0.023545 0.0131849 0.0050019 0.00085178
 7.89679e-027 9.59578e-021 2.06031e-015 6.03473e-011 2.4113e-007 0.000131437 0.00977355 0.0991423 0.137196 0.0264503 0.0222947 0.115711 0.0853471 0.0340761 0.099545 0.0634785 0.0673536 0.0632263 0.0542704 0.0445156 0.0346369 0.0236725 0.0132782 0.00503999 0.000860487
 7.9518e-027 9.69311e-021 2.08121e-015 6.09594e-011 2.43576e-007 0.00013277 0.00987268 0.100148 0.138588 0.0267145 0.0223609 0.116028 0.0855794 0.0341152 0.0996067 0.0634894 0.0672264 0.0629517 0.0536146 0.0436428 0.0337788 0.0231984 0.0131133 0.00498572 0.000852693
 8.05521e-027 9.87603e-021 2.12048e-015 6.21098e-011 2.48172e-007 0.000135276 0.010059 0.102038 0.141203 0.0272146 0.0226236 0.117366 0.0865562 0.0342324 0.0996823 0.0634098 0.0665387 0.0620726 0.0523153 0.0421743 0.0322554 0.0220105 0.0125096 0.00478399 0.000819679
 8.23104e-027 1.01871e-020 2.18726e-015 6.40658e-011 2.55988e-007 0.000139536 0.0103758 0.105251 0.14565 0.0280642 0.0230411 0.119484 0.088107 0.0345291 0.100231 0.0634852 0.065321 0.0604602 0.0498937 0.0396456 0.0298227 0.0200481 0.0113387 0.00436148 0.000750169
 8.46279e-027 1.0597e-020 2.27527e-015 6.66437e-011 2.66288e-007 0.00014515 0.0107933 0.109486 0.15151 0.0291875 0.0237369 0.123054 0.0907204 0.035013 0.101096 0.0636689 0.0637759 0.058266 0.0463096 0.0358429 0.0262304 0.0172409 0.0095982 0.00368728 0.00063719
 8.59584e-027 1.08323e-020 2.32579e-015 6.81234e-011 2.72201e-007 0.000148373 0.0110329 0.111917 0.154875 0.0298355 0.0242616 0.125774 0.0927156 0.0355088 0.102247 0.0641621 0.0631558 0.0571927 0.044203 0.0331748 0.0233465 0.0148275 0.00804112 0.0030522 0.000528122
 8.71616e-027 1.1045e-020 2.37147e-015 6.94613e-011 2.77547e-007 0.000151287 0.0112496 0.114115 0.157916 0.0304248 0.0248711 0.128955 0.0950539 0.0362018 0.104031 0.0649515 0.062346 0.0558091 0.0416223 0.0303137 0.0204206 0.0123485 0.00642794 0.00238043 0.000409299
 8.75169e-027 1.11078e-020 2.38495e-015 6.98563e-011 2.79125e-007 0.000152148 0.0113136 0.114764 0.158814 0.0305979 0.0250141 0.129697 0.0956072 0.0366068 0.105391 0.0657732 0.062989 0.0560871 0.0409746 0.0290812 0.0188197 0.0108008 0.00531019 0.00188752 0.000319026
 8.88444e-027 1.13426e-020 2.43536e-015 7.13329e-011 2.85025e-007 0.000155364 0.0115527 0.11719 0.162171 0.0312436 0.025503 0.132225 0.0974599 0.0369989 0.106193 0.0660071 0.0619233 0.0546034 0.0386432 0.0267003 0.0166003 0.00904239 0.00416405 0.00139418 0.000228279
 8.9084e-027 1.13849e-020 2.44446e-015 7.15992e-011 2.86089e-007 0.000155944 0.0115958 0.117628 0.162777 0.031362 0.0256642 0.133072 0.098085 0.0372664 0.106991 0.0664629 0.0621507 0.054617 0.0381224 0.0258005 0.0154923 0.00804424 0.00346698 0.00107809 0.000168006
 8.91256e-027 1.13922e-020 2.44602e-015 7.16449e-011 2.86272e-007 0.000156043 0.0116032 0.117703 0.16288 0.0313909 0.0260323 0.135039 0.0995309 0.037711 0.108157 0.0670122 0.0618163 0.0540068 0.036977 0.0246209 0.0143727 0.00714617 0.00289319 0.000830301 0.000121106
 8.96257e-027 1.14807e-020 2.46501e-015 7.22013e-011 2.88495e-007 0.000157255 0.0116934 0.118617 0.164145 0.0316279 0.0259665 0.134653 0.0992593 0.0379544 0.109205 0.0675812 0.06194 0.0538699 0.0362655 0.0237673 0.0135461 0.00650818 0.00249198 0.000660654 8.9162e-005
 9.14087e-027 1.17961e-020 2.53274e-015 7.41851e-011 2.96422e-007 0.000161576 0.0120146 0.121876 0.168655 0.0324883 0.0263419 0.136545 0.100632 0.0378765 0.108369 0.066876 0.0603812 0.0520347 0.0338804 0.0216895 0.0119945 0.00557937 0.00203901 0.000502641 6.24984e-005
 9.26733e-027 1.20198e-020 2.58076e-015 7.55915e-011 3.02041e-007 0.000164639 0.0122424 0.124186 0.171853 0.0331055 0.0268927 0.139408 0.102723 0.0381265 0.108525 0.0665955 0.0583045 0.0497792 0.0314541 0.0195563 0.0103846 0.00464997 0.00162775 0.00037684 4.32934e-005
 9.36839e-027 1.21985e-020 2.61914e-015 7.67159e-011 3.06534e-007 0.000167088 0.0124245 0.126034 0.174409 0.0335912 0.0270291 0.140072 0.103213 0.0383376 0.109152 0.0667741 0.0574492 0.0486387 0.0297938 0.0180868 0.00924368 0.00394852 0.00131748 0.000288279 3.08452e-005
 9.41738e-027 1.22851e-020 2.63773e-015 7.72602e-011 3.08709e-007 0.000168273 0.0125127 0.126928 0.175647 0.0338369 0.0275075 0.142599 0.105058 0.0385462 0.109247 0.0666576 0.0564924 0.0474237 0.0280816 0.0165684 0.00812803 0.00331496 0.00104562 0.000215798 2.16607e-005
 9.4814e-027 1.23984e-020 2.66205e-015 7.79727e-011 3.11556e-007 0.000169825 0.0126281 0.128098 0.177266 0.0341417 0.0274781 0.1424 0.104921 0.0387728 0.110175 0.0670466 0.0559464 0.0467417 0.0272078 0.0156946 0.00739673 0.0028761 0.000856721 0.000165731 1.56214e-005
 9.58646e-027 1.25843e-020 2.70196e-015 7.91417e-011 3.16227e-007 0.000172371 0.0128174 0.130019 0.179924 0.0346465 0.027614 0.143057 0.105391 0.0385381 0.109082 0.0663668 0.0553038 0.0459717 0.0261227 0.0148203 0.00678446 0.0025207 0.000708284 0.000128047 1.12882e-005
 9.6484e-027 1.26938e-020 2.72549e-015 7.98308e-011 3.1898e-007 0.000173872 0.012929 0.131151 0.18149 0.0349463 0.0277792 0.143901 0.106002 0.0384732 0.108591 0.0659359 0.0543029 0.045077 0.0255476 0.0143032 0.00638062 0.00229327 0.00061077 0.000103095 8.46764e-006
 9.63193e-027 1.26646e-020 2.71922e-015 7.96472e-011 3.18247e-007 0.000173472 0.0128993 0.130849 0.181073 0.0348718 0.0279476 0.144812 0.106672 0.0386489 0.109014 0.066111 0.0540445 0.0447425 0.0251189 0.0140179 0.00619149 0.00216482 0.000552866 8.75985e-005 6.6923e-006
 9.66428e-027 1.27218e-020 2.73149e-015 8.00065e-011 3.19682e-007 0.000174255 0.0129575 0.13144 0.18189 0.0350369 0.0283789 0.147099 0.10835 0.0390998 0.11011 0.0664062 0.0524652 0.042942 0.0231387 0.0126319 0.00546238 0.00187905 0.000464327 6.98108e-005 4.98052e-006
 9.76304e-027 1.28965e-020 2.769e-015 8.11051e-011 3.24072e-007 0.000176648 0.0131354 0.133244 0.184388 0.0355142 0.0286191 0.148318 0.109248 0.039408 0.110953 0.0665903 0.0509938 0.0411527 0.0208918 0.0109466 0.00450126 0.00150152 0.000361812 5.22342e-005 3.51378e-006
 9.80114e-027 1.29639e-020 2.78347e-015 8.15289e-011 3.25765e-007 0.000177571 0.013204 0.133941 0.185351 0.0356987 0.0287269 0.14887 0.109649 0.0394073 0.110795 0.0664962 0.0509172 0.0408924 0.0201684 0.0101983 0.0039366 0.00124005 0.0002869 4.00609e-005 2.57227e-006
 9.83729e-027 1.30279e-020 2.79722e-015 8.19317e-011 3.27375e-007 0.000178448 0.0132692 0.134602 0.186267 0.0358652 0.0284803 0.147527 0.108665 0.0391976 0.110363 0.0663492 0.051364 0.0414135 0.020726 0.0104145 0.00388476 0.00114869 0.00024868 3.31379e-005 2.0461e-006
 9.9929e-027 1.33032e-020 2.85632e-015 8.36629e-011 3.34292e-007 0.000182218 0.0135496 0.137447 0.190202 0.0366191 0.0289282 0.149821 0.110323 0.0389251 0.108657 0.0649789 0.0486043 0.0388386 0.0188595 0.00938797 0.00346449 0.000986288 0.000198992 2.46847e-005 1.45138e-006
 1.00251e-026 1.33602e-020 2.86857e-015 8.40215e-011 3.35725e-007 0.000183 0.0136077 0.138036 0.191018 0.0367751 0.0290147 0.150262 0.110648 0.0390247 0.108916 0.0650026 0.047967 0.0381528 0.0181754 0.00890073 0.00321631 0.000903527 0.000174853 2.01148e-005 1.10289e-006
 1.00288e-026 1.33667e-020 2.86996e-015 8.40624e-011 3.35888e-007 0.000183088 0.0136143 0.138103 0.191111 0.036794 0.0290707 0.15056 0.110866 0.0390604 0.10897 0.0650278 0.0479462 0.0380544 0.0179001 0.00866146 0.00306081 0.000840078 0.000159009 1.74049e-005 8.84889e-007
 1.02495e-026 1.37572e-020 2.9538e-015 8.65181e-011 3.45701e-007 0.000188437 0.014012 0.142137 0.196694 0.0378559 0.029409 0.152224 0.112069 0.038857 0.107705 0.0637593 0.044456 0.0347423 0.0154261 0.00722268 0.00245591 0.000652878 0.000119872 1.27097e-005 6.10895e-007
 1.0521e-026 1.42376e-020 3.05696e-015 8.95397e-011 3.57774e-007 0.000195018 0.0145014 0.147101 0.203563 0.0391532 0.0294644 0.152342 0.112132 0.0382254 0.105221 0.0620135 0.0418555 0.0322775 0.0134455 0.0060109 0.00191678 0.000485903 8.56523e-005 8.76867e-006 4.0541e-007
 1.06595e-026 1.44824e-020 3.10952e-015 9.10792e-011 3.63926e-007 0.000198371 0.0147507 0.149631 0.207063 0.0398312 0.0301578 0.15596 0.114752 0.0378827 0.102873 0.060251 0.0387731 0.0294912 0.0115964 0.00493584 0.00144996 0.000341041 5.64392e-005 5.51289e-006 2.4531e-007
 1.07527e-026 1.46474e-020 3.14495e-015 9.21169e-011 3.68072e-007 0.000200631 0.0149188 0.151335 0.209422 0.0402858 0.0305328 0.157905 0.116175 0.0381284 0.103266 0.0599618 0.0359528 0.0268338 0.00979424 0.0039508 0.00106918 0.00022976 3.46396e-005 3.14811e-006 1.33276e-007
 1.09798e-026 1.50493e-020 3.23122e-015 9.46439e-011 3.78169e-007 0.000206135 0.0153281 0.155487 0.215167 0.041376 0.0307849 0.159105 0.117033 0.0377283 0.101371 0.0584084 0.0327063 0.0238417 0.00773447 0.00287038 0.000696806 0.000135602 1.82998e-005 1.49884e-006 5.8854e-008
 1.11803e-026 1.54038e-020 3.30735e-015 9.68736e-011 3.87078e-007 0.000210991 0.0156892 0.15915 0.220236 0.0423511 0.0315246 0.16293 0.119796 0.037208 0.0982734 0.0560373 0.0283812 0.0201012 0.00573435 0.00190763 0.000393675 6.67049e-005 7.89017e-006 5.69941e-007 2.00992e-008
 1.11871e-026 1.54159e-020 3.30994e-015 9.69494e-011 3.87381e-007 0.000211157 0.0157014 0.159275 0.220408 0.0423791 0.0313479 0.16198 0.119113 0.037423 0.0993699 0.0566297 0.028499 0.0200824 0.00548658 0.00172906 0.000313473 4.52984e-005 4.49687e-006 2.79013e-007 8.61297e-009
 1.12968e-026 1.56099e-020 3.35161e-015 9.817e-011 3.92258e-007 0.000213815 0.0158991 0.16128 0.223183 0.0429124 0.0317337 0.163972 0.120546 0.0369888 0.0971268 0.0550864 0.0263593 0.018316 0.00470906 0.00140608 0.00023468 2.99504e-005 2.46663e-006 1.25603e-007 3.28011e-009
 1.12436e-026 1.55157e-020 3.33138e-015 9.75774e-011 3.89891e-007 0.000212524 0.0158031 0.160306 0.221836 0.0426719 0.0322676 0.166863 0.12266 0.0373117 0.0975592 0.0550559 0.0249099 0.017048 0.00412755 0.0011644 0.000179414 2.09319e-005 1.5051e-006 6.29557e-008 1.33234e-009
 1.12786e-026 1.55776e-020 3.34466e-015 9.79667e-011 3.91446e-007 0.000213372 0.0158662 0.160946 0.222721 0.0428438 0.0324633 0.167887 0.123411 0.0374785 0.0979098 0.0549427 0.0232262 0.015583 0.00346594 0.000900685 0.000126626 1.34076e-005 8.62253e-007 3.11976e-008 5.39815e-010
 1.17438e-026 1.64009e-020 3.52144e-015 1.03144e-010 4.12135e-007 0.000224649 0.0167048 0.169452 0.234492 0.0450632 0.0324112 0.167302 0.122926 0.0357871 0.0915206 0.0507968 0.0185465 0.0119216 0.00228306 0.000501478 6.05238e-005 5.51479e-006 3.10555e-007 9.87419e-009 1.4641e-010
 1.19614e-026 1.6786e-020 3.60413e-015 1.05567e-010 4.21813e-007 0.000229925 0.017097 0.173431 0.239999 0.0460969 0.0322139 0.166103 0.122017 0.034737 0.0877964 0.0487126 0.0177091 0.0113341 0.00205939 0.000416541 4.34426e-005 3.28189e-006 1.54182e-007 4.19697e-009 5.39876e-011
 1.20644e-026 1.69682e-020 3.64325e-015 1.06712e-010 4.26391e-007 0.00023242 0.0172826 0.175313 0.242603 0.0465919 0.0323541 0.166786 0.122493 0.0341542 0.0853503 0.047256 0.0166656 0.0105831 0.0019124 0.00038131 3.74111e-005 2.49667e-006 9.60816e-008 2.12551e-009 2.28868e-011
 1.21112e-026 1.7051e-020 3.66102e-015 1.07233e-010 4.2847e-007 0.000233554 0.0173669 0.176169 0.243787 0.04684 0.0333306 0.171979 0.126253 0.0336792 0.08205 0.0449879 0.0135467 0.00818444 0.00133965 0.000231004 2.13634e-005 1.31238e-006 4.46319e-008 8.12197e-010 6.97637e-012
 1.20252e-026 1.68987e-020 3.62832e-015 1.06275e-010 4.24644e-007 0.000231468 0.0172118 0.174595 0.241609 0.0464392 0.0337197 0.174117 0.127826 0.0342038 0.0834736 0.0455422 0.0124916 0.00728351 0.00108573 0.000156087 1.27324e-005 6.63369e-007 2.04622e-008 3.30142e-010 2.36109e-012
 1.20881e-026 1.70099e-020 3.6522e-015 1.06974e-010 4.27438e-007 0.000232991 0.0173251 0.175744 0.2432 0.0467405 0.0337736 0.174364 0.127998 0.0339889 0.0825708 0.044908 0.011557 0.00656241 0.000914501 0.000111386 8.0125e-006 3.32954e-007 8.50667e-009 1.17747e-010 7.43401e-013
 1.19594e-026 1.67821e-020 3.60328e-015 1.05541e-010 4.21713e-007 0.00022987 0.017093 0.17339 0.239942 0.0461293 0.0339056 0.175155 0.128593 0.0345401 0.0844815 0.0460338 0.0123074 0.00708724 0.000985055 0.000118484 8.05103e-006 2.86809e-007 6.06923e-009 6.68366e-011 3.50193e-013
 1.19335e-026 1.67364e-020 3.59346e-015 1.05254e-010 4.20564e-007 0.000229244 0.0170464 0.172918 0.239289 0.046003 0.0337845 0.174524 0.128143 0.0347784 0.0855795 0.0466569 0.0126 0.00728627 0.00102558 0.000127338 8.65354e-006 3.00608e-007 5.77809e-009 5.2891e-011 2.20491e-013
 1.19518e-026 1.67688e-020 3.60043e-015 1.05458e-010 4.2138e-007 0.000229689 0.0170795 0.173253 0.239752 0.046085 0.0335703 0.173366 0.127299 0.0347515 0.0858017 0.0468555 0.013068 0.00764703 0.00109041 0.000139887 9.69585e-006 3.49292e-007 6.71254e-009 5.82015e-011 2.09969e-013
 1.18737e-026 1.66305e-020 3.57073e-015 1.04588e-010 4.17904e-007 0.000227794 0.0169386 0.171824 0.237775 0.0457192 0.0338524 0.174927 0.12844 0.0349229 0.0860281 0.0470058 0.0132576 0.00779295 0.00112746 0.000149788 1.05656e-005 3.94062e-007 7.81058e-009 6.93923e-011 2.44624e-013
 1.19078e-026 1.66907e-020 3.58365e-015 1.04967e-010 4.19416e-007 0.000228619 0.0169999 0.172446 0.238635 0.0458956 0.0344043 0.177857 0.13056 0.0346037 0.0839678 0.0456059 0.0114023 0.00639923 0.000882509 0.00010426 7.18291e-006 2.6305e-007 5.25346e-009 4.78025e-011 1.7289e-013
 1.20041e-026 1.68612e-020 3.62027e-015 1.06039e-010 4.23701e-007 0.000230954 0.0171736 0.174208 0.241073 0.0463418 0.0338697 0.174934 0.128432 0.0345459 0.0845622 0.0459157 0.0113962 0.00636812 0.000850985 9.15949e-005 5.98948e-006 1.98944e-007 3.83339e-009 3.46017e-011 1.27082e-013
 1.22524e-026 1.73007e-020 3.71464e-015 1.08803e-010 4.34746e-007 0.000236975 0.0176212 0.178749 0.247357 0.0475213 0.03363 0.173488 0.127336 0.0332842 0.0800899 0.043441 0.0105528 0.00584133 0.000767798 7.82799e-005 4.90165e-006 1.46106e-007 2.56961e-009 2.13081e-011 7.5953e-014
 1.21428e-026 1.71067e-020 3.67297e-015 1.07583e-010 4.2987e-007 0.000234317 0.0174236 0.176744 0.244583 0.0470095 0.0340892 0.176016 0.129183 0.0334992 0.0802134 0.0435251 0.0106727 0.00593261 0.000786444 8.2297e-005 5.12823e-006 1.47614e-007 2.43605e-009 1.81812e-011 5.89171e-014
 1.22049e-026 1.72165e-020 3.69656e-015 1.08274e-010 4.3263e-007 0.000235821 0.0175355 0.177879 0.246154 0.0473013 0.0339098 0.175016 0.128452 0.033422 0.0801928 0.0434229 0.0101502 0.00552672 0.000723982 7.30282e-005 4.53201e-006 1.30739e-007 2.12078e-009 1.50329e-011 4.46515e-014
 1.23005e-026 1.73859e-020 3.73293e-015 1.09339e-010 4.36887e-007 0.000238141 0.017708 0.179629 0.248575 0.0477486 0.033537 0.172959 0.126944 0.0330896 0.0794853 0.0431014 0.010409 0.00574592 0.000749875 7.46071e-005 4.59211e-006 1.30126e-007 2.10531e-009 1.48944e-011 4.29402e-014
 1.2088e-026 1.70097e-020 3.65215e-015 1.06973e-010 4.27433e-007 0.000232988 0.0173248 0.175742 0.243196 0.0467468 0.0340428 0.175804 0.129037 0.0337614 0.0812882 0.0441928 0.011289 0.00638194 0.000858906 9.40168e-005 5.89683e-006 1.69202e-007 2.73309e-009 1.919e-011 5.52977e-014
 1.2005e-026 1.68627e-020 3.62059e-015 1.06049e-010 4.23739e-007 0.000230975 0.0171751 0.174223 0.241095 0.0463705 0.0348339 0.180091 0.13216 0.0339015 0.0806238 0.0435758 0.00975947 0.00521107 0.000677638 6.6808e-005 4.15081e-006 1.21419e-007 1.97049e-009 1.37564e-011 3.9236e-014
 1.09283e-026 1.49563e-020 3.21127e-015 9.40595e-011 3.75834e-007 0.000204862 0.0152334 0.154527 0.213839 0.0413237 0.038564 0.200755 0.147311 0.0373989 0.0883526 0.0475449 0.0095214 0.00479197 0.000584444 4.48033e-005 2.54574e-006 6.5011e-008 1.00943e-009 7.06301e-012 2.00837e-014
 1.00968e-026 1.34846e-020 2.89527e-015 8.48037e-011 3.38851e-007 0.000184703 0.0137344 0.139321 0.192797 0.037374 0.0393457 0.205485 0.150926 0.0423674 0.106223 0.0569347 0.0100547 0.00467865 0.000541556 3.14207e-005 1.55811e-006 3.02403e-008 3.85116e-010 2.35528e-012 6.42122e-015
 1.89223e-026 2.91083e-020 6.24984e-015 1.83061e-010 7.31456e-007 0.000398707 0.0296476 0.300743 0.416173 0.0789711 0.0180352 0.0856677 0.0625227 0.00644113 0.000924175 0.000442641 3.18106e-005 3.12361e-007 4.58178e-010 6.57309e-013 1.13065e-015 2.9976e-019 1.15634e-023 2.69368e-027 2.47254e-027
 2.02443e-026 3.14491e-020 6.75243e-015 1.97782e-010 7.90277e-007 0.00043077 0.0320317 0.324928 0.44964 0.0851334 0.0121049 0.0530721 0.0387265 0.00385893 6.57629e-005 7.15852e-006 5.07674e-007 4.97865e-009 6.66061e-012 1.21622e-015 3.13907e-020 4.03585e-025 2.48619e-027 2.4734e-027 2.47201e-027
 1.98769e-026 3.07986e-020 6.61275e-015 1.9369e-010 7.7393e-007 0.000421859 0.0313691 0.318207 0.440339 0.0834218 0.013791 0.0623344 0.0454863 0.00453406 8.32049e-005 1.15505e-005 8.22196e-007 8.0632e-009 1.07872e-011 1.96909e-015 4.95824e-020 3.19135e-025 2.48112e-027 2.47357e-027 2.47213e-027
 1.95607e-026 3.02386e-020 6.49253e-015 1.90169e-010 7.59859e-007 0.00041419 0.0307988 0.312421 0.432333 0.0819485 0.0152414 0.0703016 0.051301 0.00511618 0.000103598 1.81689e-005 1.29695e-006 1.27192e-008 1.70161e-011 3.10663e-015 7.92258e-020 7.70364e-025 2.4942e-027 2.47371e-027 2.47223e-027
 2.01307e-026 3.1248e-020 6.70924e-015 1.96517e-010 7.85223e-007 0.000428015 0.0318269 0.32285 0.446764 0.0846042 0.0126247 0.0559279 0.0408109 0.00406934 7.98314e-005 1.30925e-005 9.33894e-007 9.15869e-009 1.22528e-011 2.23678e-015 5.66516e-020 4.50344e-025 2.48486e-027 2.47345e-027 2.47205e-027
 2.04049e-026 3.17334e-020 6.81348e-015 1.9957e-010 7.97422e-007 0.000434665 0.0323213 0.327866 0.453705 0.0858816 0.0113677 0.0490225 0.0357711 0.00356412 5.95097e-005 5.96164e-006 4.22161e-007 4.14002e-009 5.53863e-012 1.01094e-015 2.5295e-020 1.21925e-025 2.47652e-027 2.47332e-027 2.47196e-027
 2.1256e-026 3.32405e-020 7.13707e-015 2.09048e-010 8.35293e-007 0.000455308 0.0338563 0.343437 0.475252 0.0898467 0.00745494 0.0275302 0.0200859 0.00200743 5.72119e-005 1.58882e-005 1.13859e-006 1.11663e-008 1.49395e-011 2.73848e-015 9.11549e-020 6.40015e-024 2.6976e-027 2.47293e-027 2.47169e-027
#obs surv len freq
 nan nan nan nan nan nan nan nan nan nan nan nan nan nan nan nan nan nan nan nan nan nan nan nan nan
 4.91074e-027 7.72912e-021 1.65953e-015 4.86081e-011 1.94224e-007 0.000105869 0.00787234 0.0798564 0.110508 0.0213176 0.0184473 0.0958196 0.0706602 0.0277759 0.0807218 0.0515639 0.0552054 0.0534576 0.0510376 0.0495014 0.0502767 0.0512597 0.0541922 0.0512503 0.0191704
 5.27869e-027 8.30825e-021 1.78387e-015 5.22501e-011 2.08777e-007 0.000113801 0.00846219 0.0858398 0.118788 0.0229157 0.0198609 0.103167 0.0760781 0.0298941 0.0868614 0.0552892 0.0582115 0.0548984 0.0484397 0.0439303 0.0424086 0.0424145 0.0445814 0.0421016 0.015744
 5.54072e-027 8.72067e-021 1.87242e-015 5.48438e-011 2.1914e-007 0.00011945 0.00888225 0.0901008 0.124684 0.0240515 0.0207802 0.107933 0.0795936 0.0313143 0.0910261 0.0579375 0.0609748 0.0572271 0.049366 0.041987 0.0370751 0.0348171 0.0358366 0.0336995 0.0125941
 5.6974e-027 8.96727e-021 1.92537e-015 5.63947e-011 2.25337e-007 0.000122828 0.00913342 0.0926487 0.12821 0.0247332 0.0214296 0.111315 0.082085 0.032218 0.0935784 0.0595833 0.0628077 0.0589539 0.0507705 0.0424408 0.0351247 0.0296883 0.0286751 0.0265699 0.00991165
 5.79744e-027 9.12473e-021 1.95918e-015 5.7385e-011 2.29294e-007 0.000124985 0.0092938 0.0942756 0.130461 0.0251677 0.0218158 0.113322 0.0835678 0.0328674 0.0955299 0.0607821 0.063866 0.0599486 0.0516636 0.0431235 0.0350039 0.0272307 0.0234568 0.0207894 0.00770853
 5.85758e-027 9.21937e-021 1.9795e-015 5.79802e-011 2.31672e-007 0.000126281 0.0093902 0.0952534 0.131815 0.0254284 0.0220282 0.114423 0.0843804 0.0332033 0.0965229 0.0614541 0.0647583 0.0607548 0.0522527 0.0436314 0.0353311 0.0265356 0.0203102 0.0164224 0.0059781
 5.90921e-027 9.30065e-021 1.99695e-015 5.84913e-011 2.33715e-007 0.000127395 0.00947298 0.0960931 0.132977 0.0256507 0.0221463 0.115025 0.0848235 0.0333623 0.0969705 0.0617476 0.0651104 0.0611424 0.0527112 0.0439627 0.0355672 0.0264549 0.0186909 0.0133182 0.00464605
 5.91689e-027 9.31273e-021 1.99954e-015 5.85673e-011 2.34018e-007 0.00012756 0.00948528 0.096218 0.133149 0.0256869 0.0222886 0.115782 0.0853786 0.0334956 0.0972747 0.0619402 0.0653099 0.0613487 0.0529536 0.0442546 0.0358149 0.0265515 0.0179803 0.0112934 0.00366637
 5.93394e-027 9.33957e-021 2.00531e-015 5.87361e-011 2.34693e-007 0.000127928 0.00951262 0.0964953 0.133533 0.0257596 0.0223027 0.115847 0.0854314 0.0336423 0.0978232 0.0622426 0.0654073 0.0614106 0.052975 0.0443023 0.0359193 0.026627 0.0176514 0.0100211 0.00296784
 5.94333e-027 9.35435e-021 2.00848e-015 5.8829e-011 2.35064e-007 0.00012813 0.00952767 0.0966479 0.133744 0.0258 0.0223215 0.115943 0.0854999 0.0336172 0.0977011 0.0622316 0.065707 0.0616675 0.0530782 0.0443634 0.0359875 0.0267201 0.0175385 0.0092739 0.00250171
 5.96276e-027 9.38492e-021 2.01504e-015 5.90213e-011 2.35832e-007 0.000128549 0.00955881 0.0969639 0.134181 0.0258841 0.0223856 0.116274 0.0857433 0.0336799 0.0978495 0.0622719 0.0654977 0.0614998 0.0530331 0.044243 0.0358245 0.0266092 0.0173962 0.0087855 0.00218941
 5.96804e-027 9.39324e-021 2.01683e-015 5.90736e-011 2.36041e-007 0.000128663 0.00956728 0.0970498 0.1343 0.0259081 0.0224491 0.116611 0.085991 0.0337647 0.098083 0.0624008 0.0655375 0.0614536 0.0528105 0.0440951 0.0356819 0.0264516 0.0172516 0.00847226 0.00199187
 5.97066e-027 9.39735e-021 2.01771e-015 5.90995e-011 2.36145e-007 0.000128719 0.00957148 0.0970923 0.134359 0.0259195 0.0224601 0.116668 0.0860349 0.0338316 0.0983261 0.0625494 0.0656633 0.0615424 0.0527961 0.0439584 0.0355309 0.026321 0.0171138 0.00826314 0.00186921
 5.96746e-027 9.39232e-021 2.01663e-015 5.90678e-011 2.36018e-007 0.00012865 0.00956635 0.0970403 0.134287 0.0259043 0.0223951 0.116322 0.0857807 0.0337516 0.0981148 0.0624782 0.0658872 0.0618183 0.0531456 0.0442326 0.035672 0.0263816 0.0171158 0.00817249 0.00180434
 5.97367e-027 9.4021e-021 2.01873e-015 5.91293e-011 2.36264e-007 0.000128784 0.00957631 0.0971413 0.134427 0.025931 0.0224102 0.116399 0.0858349 0.0337052 0.097913 0.0623421 0.0657116 0.0617133 0.0532234 0.0443759 0.0357986 0.0264137 0.0170927 0.0081003 0.0017612
