SBPRF35
0.0445636
Curr Bio
37711.7
B35
27917
F35
2.6391
FOFL
2.6391
OFL
54684.9
Bzero
12732.4
#pred survey bio
 9409.87 7443.25 8445.43 11168.8 14823.3 18001.7 17116.1 16616.7 26209.7 38111.7 38752.7 48448 76638.1 88737.8 73666.2 62239.3 60717.9 63303.3 60484.2 58398.5 58548.5 62653.7 72689.2 77046.1 81652.7 79122.7 73892.1 73001.6 88770.3 2.40355e+06 1.73274e+06 668371 312049 246328 225873 218205 215221 214047 213581 213396 213322 213292 213281 213276 213274 213273 213273 213273 213273 213273 213273 213273 213273 213273 213273 213273 213273 213273 213273 213273 213273 213273 213273 213273 213273 213273 213273 213273 213273 213273 213273 213273 213273 213273 213273 213273 213273 213273 213273 213273 213273 213273 213273 213273 213273 213273 213273 213273 213273 213273 213273 213273 213273 213273 213273 213273 213273 213273 213273 213273 213273 213273 213273 213273 213273 213273 213273 213273 213273 213273 213273 213273 213273 213273 213273 213273 213273 213273 213273 213273 213273 213273 213273 213273 213273 213273 213273 213273 213273 0 0 0 0 0 0 0 0 0 0 0 0 0 0 0 0 0 0 0 0 0 0 0 0 0
#obs survey bio
 7346.56 5794.66 7257.85 13486.1 14657.3 14944.3 13623.2 16179.5 27209.7 41191.7 33129.4 63365.7 120390 94500.1 46231.8 51744.9 86635.3 56867.2 58882.2 67258 48628.9 79740.1 61597.7 108634 76563.1 60186.9 81669.9 93801.7 84074.3
#pred catch bio
 4581.26 3630.65 3507.51 4665.48 5918.36 8474 9385.97 8404.02 9320.09 18670.2 22774.5 18142.7 31599.6 50212.8 43346.4 36819.7 30234.4 34280.9 34276.4 33275.4 35072.9 31246.4 41272.7 42248.5 45930 46820.9 45090 43229.3 52138.2 54684.9 52328.7 15243.7 5448 4970.84 4954.06 4953.51 4953.5 4953.5 4953.5 4953.5 4953.5 4953.5 4953.5 4953.5 4953.5 4953.5 4953.5 4953.5 4953.5 4953.5 4953.5 4953.5 4953.5 4953.5 4953.5 4953.5 4953.5 4953.5 4953.5 4953.5 4953.5 4953.5 4953.5 4953.5 4953.5 4953.5 4953.5 4953.5 4953.5 4953.5 4953.5 4953.5 4953.5 4953.5 4953.5 4953.5 4953.5 4953.5 4953.5 4953.5 4953.5 4953.5 4953.5 4953.5 4953.5 4953.5 4953.5 4953.5 4953.5 4953.5 4953.5 4953.5 4953.5 4953.5 4953.5 4953.5 4953.5 4953.5 4953.5 4953.5 4953.5 4953.5 4953.5 4953.5 4953.5 4953.5 4953.5 4953.5 4953.5 4953.5 4953.5 4953.5 4953.5 4953.5 4953.5 4953.5 4953.5 4953.5 4953.5 4953.5 4953.5 4953.5 4953.5 4953.5 4953.5 4953.5 4953.5 4953.5 4953.5 0 0 0 0 0 0 0 0 0 0 0 0 0 0 0 0 0 0 0 0 0 0 0 0 0
#obs catch bio
 3781.26 3769.82 3538.77 4684.97 5875.35 8490.47 9483.98 8663.27 9080.05 18248.9 23575.2 17815.5 30434.5 48853.5 43409.1 38064.2 29740 33695.2 34063 32920.1 36029.7 30755 42099.8 42207.6 45180.6 47737.5 46144 43266.4 52037.5
#pred cpue bio
 6487.05 4004.3 4094.23 5427.41 7166.84 9421.16 9678.13 8225.47 10456.1 19162.6 20761.4 20014.6 35611.2 48009.3 40715.8 32737.7 29579.9 33480.6 31421.1 29620.3 29070.6 29187.5 36220.6 37190.8 40763.4 40779.9 37355.4 35147.4 38765.5 1.11991e+06 1.22536e+06 579638 219351 152123 131507 123822 120836 119661 119196 119010 118936 118907 118895 118890 118888 118888 118887 118887 118887 118887 118887 118887 118887 118887 118887 118887 118887 118887 118887 118887 118887 118887 118887 118887 118887 118887 118887 118887 118887 118887 118887 118887 118887 118887 118887 118887 118887 118887 118887 118887 118887 118887 118887 118887 118887 118887 118887 118887 118887 118887 118887 118887 118887 118887 118887 118887 118887 118887 118887 118887 118887 118887 118887 118887 118887 118887 118887 118887 118887 118887 118887 118887 118887 118887 118887 118887 118887 118887 118887 118887 118887 118887 118887 118887 118887 118887 118887 118887 118887 0 0 0 0 0 0 0 0 0 0 0 0 0 0 0 0 0 0 0 0 0 0 0 0 0
#obs cpue bio
 4887.87 2618.98 4301.36 5419.01 7961.43 9092.07 11134.9 6609.92 18513.7 16721.8 19214.1 23269.4 46977.7 63305 35341.2 29164 31454.2 53604.8 32443.2 26506.1 21784.2 30000.4 26919.3 37358.8 50423.1 29696.5 27797.5 37860.4 33171.3
#pred surv len freq
 2.14167e-27 2.16324e-27 5.57286e-27 1.16644e-21 6.93724e-17 9.48544e-13 2.98176e-09 2.15493e-06 0.000358038 0.0136768 0.12011 0.242508 0.113159 0.0278152 0.0968082 0.136343 0.0568252 0.049428 0.0436892 0.0277276 0.021657 0.0167288 0.0151596 0.0128278 0.00517668
 2.1435e-27 2.16887e-27 6.21197e-27 1.38325e-21 8.2267e-17 1.12485e-12 3.53599e-09 2.55547e-06 0.000424588 0.016219 0.142436 0.287584 0.134135 0.0314671 0.105524 0.148207 0.0561694 0.0333256 0.0254151 0.00897937 0.00427589 0.00241876 0.00169641 0.00123856 0.00048257
 2.14464e-27 2.17173e-27 6.51039e-27 1.48444e-21 8.82851e-17 1.20714e-12 3.79466e-09 2.74242e-06 0.000455648 0.0174055 0.152856 0.308621 0.143872 0.0317761 0.101071 0.141776 0.0519237 0.0253709 0.0182031 0.00482768 0.00126779 0.000346492 0.000130352 7.00516e-05 2.47089e-05
 2.14454e-27 2.17149e-27 6.48532e-27 1.47593e-21 8.77792e-17 1.20022e-12 3.77292e-09 2.7267e-06 0.000453037 0.0173057 0.15198 0.306852 0.143059 0.0318813 0.102246 0.143436 0.0525619 0.0257707 0.0184371 0.00470412 0.00107707 0.000197166 2.83503e-05 6.39429e-06 1.68834e-06
 2.14468e-27 2.17182e-27 6.52027e-27 1.48779e-21 8.84844e-17 1.20987e-12 3.80323e-09 2.74861e-06 0.000456677 0.0174447 0.153201 0.309318 0.144193 0.0317378 0.100627 0.141157 0.0518153 0.0256761 0.0184037 0.00469552 0.0010672 0.000184062 1.9121e-05 1.53452e-06 1.506e-07
 2.14286e-27 2.16736e-27 6.04959e-27 1.32813e-21 7.89891e-17 1.08003e-12 3.3951e-09 2.45365e-06 0.00040767 0.0155727 0.136761 0.276126 0.128901 0.0331583 0.119303 0.167519 0.0616252 0.0309485 0.0222708 0.00578151 0.00136142 0.000236472 2.38521e-05 1.48244e-06 5.39697e-08
 2.14108e-27 2.16304e-27 5.59989e-27 1.17562e-21 6.99186e-17 9.56012e-13 3.00524e-09 2.17189e-06 0.000360857 0.0137845 0.121056 0.244419 0.114273 0.0339617 0.133764 0.188042 0.0707839 0.0404669 0.0296347 0.00747312 0.00165872 0.000287466 2.94946e-05 1.80844e-06 5.43648e-08
 2.14474e-27 2.17205e-27 6.55319e-27 1.499e-21 8.9151e-17 1.21898e-12 3.83188e-09 2.76931e-06 0.000460117 0.0175762 0.154355 0.311647 0.145237 0.0308567 0.0945462 0.132724 0.0507234 0.0312821 0.0231641 0.00587262 0.00130974 0.000219958 2.13183e-05 1.28778e-06 3.85077e-08
 2.1476e-27 2.17896e-27 7.26941e-27 1.74188e-21 1.03596e-16 1.41649e-12 4.45276e-09 3.21803e-06 0.00053467 0.020424 0.179365 0.362142 0.168545 0.0298899 0.0734249 0.102679 0.0363727 0.0139803 0.00952865 0.00244436 0.000561322 9.49529e-05 9.11598e-06 5.30383e-07 1.52327e-08
 2.14285e-27 2.16725e-27 6.0227e-27 1.31894e-21 7.84423e-17 1.07256e-12 3.3716e-09 2.43667e-06 0.000404848 0.0154649 0.135814 0.274215 0.12807 0.0345378 0.1283 0.179978 0.0629883 0.0217611 0.0143305 0.00337724 0.000639379 0.000105837 1.06187e-05 6.28702e-07 1.77872e-08
 2.14257e-27 2.16669e-27 5.9842e-27 1.30598e-21 7.76714e-17 1.06202e-12 3.33847e-09 2.41272e-06 0.00040087 0.0153129 0.134479 0.27152 0.126761 0.0328711 0.118938 0.167116 0.0630175 0.0363342 0.0263456 0.00585414 0.000906106 0.000129858 1.10513e-05 6.22491e-07 1.80025e-08
 2.1473e-27 2.17823e-27 7.19505e-27 1.71667e-21 1.02097e-16 1.39599e-12 4.38832e-09 3.17145e-06 0.000526932 0.0201284 0.176769 0.356901 0.16612 0.0298417 0.0747103 0.10455 0.0378412 0.0171008 0.0119877 0.00287815 0.000555958 7.9745e-05 5.58669e-06 2.55445e-07 6.45071e-09
 2.14473e-27 2.17187e-27 6.51424e-27 1.48569e-21 8.83596e-17 1.20816e-12 3.79787e-09 2.74473e-06 0.000456033 0.0174201 0.152985 0.308881 0.14403 0.0327681 0.107048 0.15003 0.0525144 0.0181707 0.0120176 0.00295523 0.000615539 9.75673e-05 8.22438e-06 3.87155e-07 8.28859e-09
 2.14189e-27 2.16498e-27 5.79662e-27 1.24232e-21 7.38854e-17 1.01025e-12 3.17574e-09 2.29511e-06 0.00038133 0.0145665 0.127924 0.258286 0.120685 0.0339927 0.129774 0.182301 0.0671707 0.034039 0.0242453 0.00553238 0.00094199 0.000145176 1.32369e-05 7.06362e-07 1.7124e-08
 2.1415e-27 2.16405e-27 5.70246e-27 1.21039e-21 7.19867e-17 9.8429e-13 3.09413e-09 2.23614e-06 0.000371531 0.0141922 0.124637 0.251649 0.117616 0.0339847 0.131726 0.185109 0.068939 0.0371836 0.0268437 0.00636511 0.00119321 0.00017466 1.33882e-05 6.742e-07 1.75656e-08
 2.14287e-27 2.1674e-27 6.05593e-27 1.33029e-21 7.91176e-17 1.08179e-12 3.40063e-09 2.45764e-06 0.000408334 0.0155981 0.136983 0.276575 0.1291 0.0329271 0.117756 0.165386 0.061527 0.0329852 0.0238032 0.00568019 0.00108837 0.000165015 1.32893e-05 6.33022e-07 1.46413e-08
 2.14413e-27 2.17044e-27 6.36854e-27 1.43629e-21 8.54218e-17 1.16799e-12 3.67159e-09 2.65347e-06 0.00044087 0.0168409 0.147898 0.298612 0.13928 0.0327066 0.109768 0.15397 0.0553677 0.023893 0.0165535 0.00385823 0.000695613 0.000104072 8.51313e-06 4.19446e-07 9.8308e-09
 2.14221e-27 2.16572e-27 5.87085e-27 1.26747e-21 7.53816e-17 1.03071e-12 3.24005e-09 2.34159e-06 0.000389052 0.0148615 0.130515 0.263516 0.123109 0.0341709 0.129285 0.181531 0.0657914 0.0299943 0.0209909 0.00485409 0.000853331 0.000125263 9.9737e-06 4.87728e-07 1.16472e-08
 2.14326e-27 2.16836e-27 6.15872e-27 1.36516e-21 8.11915e-17 1.11015e-12 3.48977e-09 2.52207e-06 0.000419038 0.0160069 0.140574 0.283825 0.132436 0.0325112 0.113032 0.15874 0.0593597 0.0327428 0.0236834 0.0055208 0.000989595 0.000144807 1.12452e-05 5.35006e-07 1.25127e-08
 2.14317e-27 2.16808e-27 6.11894e-27 1.35162e-21 8.03862e-17 1.09914e-12 3.45515e-09 2.49705e-06 0.000414881 0.0158482 0.139179 0.28101 0.131173 0.0335376 0.120146 0.168605 0.060608 0.0260877 0.0181032 0.00432155 0.000828733 0.000123774 9.64011e-06 4.53865e-07 1.03594e-08
 2.14376e-27 2.16953e-27 6.2736e-27 1.40409e-21 8.35066e-17 1.1418e-12 3.58927e-09 2.59398e-06 0.000430986 0.0164634 0.144582 0.291917 0.136193 0.0329235 0.11311 0.158705 0.0573773 0.0257151 0.0178798 0.00398075 0.000622504 8.92588e-05 7.28524e-06 3.5351e-07 8.09004e-09
 2.14479e-27 2.17203e-27 6.53252e-27 1.4919e-21 8.87288e-17 1.21321e-12 3.81374e-09 2.7562e-06 0.000457938 0.0174929 0.153624 0.310172 0.144618 0.0325429 0.105284 0.147579 0.0521493 0.0196175 0.0131163 0.00286682 0.000417298 5.46811e-05 3.789e-06 1.69846e-07 3.96991e-09
 2.14349e-27 2.16884e-27 6.19752e-27 1.37827e-21 8.19709e-17 1.12081e-12 3.52327e-09 2.54628e-06 0.00042306 0.0161606 0.141923 0.286549 0.13373 0.033417 0.117741 0.165191 0.0591068 0.0245734 0.0168198 0.00372001 0.000563158 7.41696e-05 4.91942e-06 1.99117e-07 4.09812e-09
 2.14431e-27 2.17087e-27 6.41362e-27 1.45158e-21 8.63312e-17 1.18043e-12 3.71068e-09 2.68172e-06 0.000445564 0.0170202 0.149473 0.301791 0.140745 0.032584 0.108062 0.151563 0.0544911 0.0234743 0.0161803 0.00356282 0.000531135 6.99594e-05 4.70496e-06 1.89392e-07 3.69175e-09
 2.14331e-27 2.1684e-27 6.14948e-27 1.36196e-21 8.10012e-17 1.10755e-12 3.48159e-09 2.51615e-06 0.000418055 0.0159694 0.140244 0.28316 0.132175 0.0337409 0.120739 0.16939 0.0601919 0.0237135 0.0160502 0.00357291 0.000553873 7.37331e-05 4.92196e-06 1.97984e-07 3.88039e-09
 2.14284e-27 2.16728e-27 6.03479e-27 1.32308e-21 7.86887e-17 1.07593e-12 3.38219e-09 2.44432e-06 0.00040612 0.0155135 0.13624 0.275076 0.128436 0.0336961 0.122902 0.172521 0.0624368 0.0281805 0.0195923 0.00428486 0.000623255 8.18855e-05 5.61407e-06 2.29838e-07 4.50026e-09
 2.1433e-27 2.16841e-27 6.1544e-27 1.36366e-21 8.11018e-17 1.10892e-12 3.48591e-09 2.51928e-06 0.000418574 0.0159893 0.140418 0.283511 0.132323 0.0333423 0.1182 0.16588 0.0599083 0.0266538 0.0185067 0.00412019 0.000636858 8.40637e-05 5.49464e-06 2.19103e-07 4.34973e-09
 2.14416e-27 2.17049e-27 6.37087e-27 1.43706e-21 8.54677e-17 1.16862e-12 3.67357e-09 2.6549e-06 0.000441107 0.01685 0.147978 0.298773 0.139365 0.0329869 0.111431 0.156266 0.055526 0.0218656 0.0147717 0.00321808 0.000462268 6.01281e-05 4.05048e-06 1.62365e-07 3.12099e-09
 2.14599e-27 2.17497e-27 6.84426e-27 1.59764e-21 9.5018e-17 1.2992e-12 4.08406e-09 2.95156e-06 0.000490397 0.0187329 0.164513 0.332156 0.154744 0.0315305 0.0924776 0.129515 0.0455904 0.0165895 0.0109781 0.00233479 0.000304706 3.74369e-05 2.39172e-06 9.3396e-08 1.81812e-09
#obs surv len freq
 8.67896e-40 4.24775e-33 4.77964e-27 1.23645e-21 7.35361e-17 1.00547e-12 3.16071e-09 2.28425e-06 0.000379532 0.0144976 0.127318 0.257063 0.120053 0.0322206 0.119323 0.167798 0.0650246 0.0428714 0.0335027 0.0125764 0.00533723 0.00162205 0.000358608 4.8455e-05 3.33867e-06
 1.03705e-39 5.07563e-33 5.71118e-27 1.47743e-21 8.78682e-17 1.20144e-12 3.77673e-09 2.72945e-06 0.000453502 0.0173232 0.152132 0.307162 0.143153 0.0305839 0.094232 0.132311 0.0508925 0.0324358 0.0251244 0.00912259 0.00371878 0.0010874 0.000232372 3.06337e-05 2.05288e-06
 9.70838e-40 4.75158e-33 5.34655e-27 1.3831e-21 8.22583e-17 1.12473e-12 3.53561e-09 2.55519e-06 0.000424549 0.0162172 0.14242 0.287552 0.134172 0.0328369 0.113896 0.159818 0.0577606 0.0259028 0.0188907 0.00662477 0.00258909 0.000725488 0.00014745 1.86465e-05 1.2117e-06
 1.04982e-39 5.13816e-33 5.78153e-27 1.49563e-21 8.89506e-17 1.21624e-12 3.82326e-09 2.76308e-06 0.000459089 0.0175366 0.154007 0.310946 0.144932 0.0313617 0.0978404 0.137268 0.0509361 0.0269446 0.0197608 0.00570705 0.00174444 0.000455608 8.7678e-05 1.05119e-05 6.52139e-07
 9.8521e-40 4.82192e-33 5.4257e-27 1.40358e-21 8.3476e-17 1.14138e-12 3.58795e-09 2.59302e-06 0.000430834 0.0164573 0.144528 0.291809 0.136141 0.0328665 0.112794 0.158241 0.0569091 0.0246193 0.0175632 0.00544346 0.0017493 0.000380271 5.87659e-05 6.41698e-06 3.75594e-07
 8.14288e-40 3.98537e-33 4.48441e-27 1.16007e-21 6.89939e-17 9.43367e-13 2.96548e-09 2.14316e-06 0.000356089 0.0136021 0.119454 0.241186 0.11281 0.0347949 0.139824 0.196449 0.0718817 0.0349328 0.0251767 0.00703677 0.00197985 0.000442083 6.56186e-05 5.88899e-06 2.93865e-07
 7.92724e-40 3.87983e-33 4.36565e-27 1.12935e-21 6.71668e-17 9.18385e-13 2.88695e-09 2.08641e-06 0.000346659 0.0132419 0.116291 0.234799 0.109812 0.0336027 0.134471 0.189161 0.0727984 0.0464321 0.0350452 0.0102624 0.00302494 0.000619283 8.34028e-05 7.22221e-06 3.19382e-07
 1.32901e-39 6.50459e-33 7.31908e-27 1.89338e-21 1.12606e-16 1.53969e-12 4.84001e-09 3.49789e-06 0.000581179 0.0222003 0.194963 0.393635 0.183014 0.0274584 0.0490897 0.0685157 0.0261651 0.0161129 0.0123058 0.00413396 0.00145824 0.000317072 4.28646e-05 3.42085e-06 1.40053e-07
 1.10455e-39 5.40601e-33 6.08293e-27 1.5736e-21 9.35876e-17 1.27964e-12 4.02256e-09 2.90712e-06 0.000483021 0.0184508 0.162035 0.327155 0.152474 0.0326566 0.100859 0.141155 0.0472998 0.00959737 0.00531331 0.00172669 0.000612756 0.00015174 2.39656e-05 2.0155e-06 7.99786e-08
 6.37268e-40 3.11899e-33 3.50953e-27 9.07883e-22 5.39952e-17 7.38287e-13 2.32081e-09 1.67726e-06 0.000278678 0.0106452 0.0934857 0.188758 0.0887171 0.038688 0.179392 0.252017 0.0887466 0.0324013 0.0214649 0.00459095 0.000658643 0.000130573 2.15452e-05 2.06914e-06 9.10199e-08
 1.22794e-39 6.00992e-33 6.76245e-27 1.74938e-21 1.04042e-16 1.42259e-12 4.47193e-09 3.23187e-06 0.00053698 0.0205119 0.180136 0.363699 0.169189 0.0278512 0.0605107 0.0848287 0.0348867 0.0287899 0.0220423 0.00559603 0.00122238 0.000180547 1.42291e-05 1.05482e-06 4.92878e-08
 1.18104e-39 5.78038e-33 6.50417e-27 1.68257e-21 1.00069e-16 1.36826e-12 4.30113e-09 3.10844e-06 0.000516471 0.0197285 0.173256 0.34981 0.162896 0.0312576 0.0854909 0.119539 0.0402895 0.00896971 0.00531933 0.00200075 0.000765326 0.000143786 1.38939e-05 7.24774e-07 2.00572e-08
 8.82158e-40 4.31755e-33 4.85818e-27 1.25677e-21 7.47445e-17 1.022e-12 3.21265e-09 2.32179e-06 0.000385769 0.0147359 0.129411 0.261288 0.122137 0.0356885 0.13922 0.195281 0.0671796 0.019456 0.0120692 0.00262102 0.000415225 9.39502e-05 1.47756e-05 1.01421e-06 2.81936e-08
 9.22684e-40 4.5159e-33 5.08136e-27 1.3145e-21 7.81783e-17 1.06895e-12 3.36024e-09 2.42846e-06 0.000403491 0.0154128 0.135356 0.273291 0.127595 0.0332694 0.120835 0.169696 0.0626415 0.0320995 0.0229488 0.00534699 0.000952734 0.000136646 1.18976e-05 9.34944e-07 3.68417e-08
 7.38854e-40 3.61618e-33 4.06898e-27 1.05261e-21 6.26025e-17 8.55976e-13 2.69077e-09 1.94462e-06 0.000323102 0.0123421 0.108388 0.218845 0.102534 0.036223 0.155276 0.218169 0.0787241 0.0348628 0.0247946 0.00715976 0.00199692 0.000331231 2.74403e-05 1.38423e-06 4.08641e-08
 1.11817e-39 5.47269e-33 6.15795e-27 1.593e-21 9.47419e-17 1.29542e-12 4.07218e-09 2.94297e-06 0.000488979 0.0186784 0.164033 0.331189 0.154235 0.0298565 0.0825504 0.115814 0.0447072 0.0289021 0.0216883 0.00592352 0.00157269 0.000317853 3.7934e-05 2.2205e-06 5.53545e-08
 8.6794e-40 4.24796e-33 4.77988e-27 1.23651e-21 7.35398e-17 1.00552e-12 3.16087e-09 2.28437e-06 0.000379551 0.0144984 0.127325 0.257077 0.120188 0.0356523 0.140268 0.196775 0.0679009 0.0203896 0.0133467 0.00437387 0.00148382 0.00029964 3.68367e-05 2.6893e-06 8.68501e-08
 9.50996e-40 4.65447e-33 5.23728e-27 1.35484e-21 8.05771e-17 1.10175e-12 3.46335e-09 2.50297e-06 0.000415872 0.0158858 0.139509 0.281676 0.131452 0.0327525 0.115153 0.161702 0.0600246 0.0317796 0.0228665 0.005417 0.00108976 0.000236027 3.4926e-05 2.69486e-06 9.66637e-08
 1.0102e-39 4.94421e-33 5.5633e-27 1.43917e-21 8.5593e-17 1.17033e-12 3.67894e-09 2.65878e-06 0.00044176 0.0168747 0.148193 0.299209 0.139554 0.0326505 0.109245 0.15322 0.0548878 0.0230599 0.0162563 0.00477296 0.0013687 0.000236128 2.42207e-05 1.91894e-06 7.75592e-08
 8.64963e-40 4.23339e-33 4.76348e-27 1.23227e-21 7.32876e-17 1.00208e-12 3.15003e-09 2.27653e-06 0.000378249 0.0144486 0.126888 0.256195 0.119757 0.0350302 0.136736 0.191931 0.068036 0.0263026 0.0180096 0.00478519 0.00121818 0.000248299 3.07224e-05 1.99883e-06 6.68678e-08
 1.11871e-39 5.47532e-33 6.16092e-27 1.59377e-21 9.47876e-17 1.29605e-12 4.07414e-09 2.94439e-06 0.000489215 0.0186874 0.164113 0.331349 0.15434 0.0307031 0.0876702 0.122885 0.0452267 0.0227775 0.0163781 0.00419977 0.000975278 0.000180143 2.14135e-05 1.58482e-06 5.46052e-08
 8.90611e-40 4.35892e-33 4.90473e-27 1.26881e-21 7.54608e-17 1.03179e-12 3.24344e-09 2.34404e-06 0.000389466 0.0148771 0.130651 0.263792 0.123281 0.0353342 0.136303 0.191195 0.0660644 0.020112 0.0130145 0.00372346 0.00104637 0.000192317 2.07591e-05 1.41859e-06 4.98357e-08
 1.00331e-39 4.91053e-33 5.52541e-27 1.42937e-21 8.501e-17 1.16236e-12 3.65388e-09 2.64067e-06 0.000438751 0.0167597 0.147184 0.297171 0.138599 0.0322935 0.107681 0.151114 0.0555327 0.0276986 0.0197382 0.0046765 0.000914979 0.000172868 2.1386e-05 1.45205e-06 4.7132e-08
 1.03643e-39 5.07258e-33 5.70775e-27 1.47654e-21 8.78155e-17 1.20072e-12 3.77447e-09 2.72781e-06 0.00045323 0.0173128 0.152041 0.306978 0.143143 0.0325658 0.106387 0.149141 0.0527778 0.0201274 0.0138416 0.00394308 0.0010823 0.000184036 1.76247e-05 1.19139e-06 4.12574e-08
 8.7565e-40 4.2857e-33 4.82234e-27 1.24749e-21 7.41931e-17 1.01446e-12 3.18895e-09 2.30466e-06 0.000382923 0.0146272 0.128456 0.259361 0.121222 0.0350499 0.135903 0.190728 0.0672377 0.0248066 0.0167329 0.00427227 0.000999959 0.000194959 2.31601e-05 1.44217e-06 4.33046e-08
 9.29183e-40 4.54771e-33 5.11715e-27 1.32376e-21 7.87289e-17 1.07648e-12 3.38391e-09 2.44556e-06 0.000406333 0.0155214 0.136309 0.275215 0.128485 0.0332691 0.120253 0.16885 0.0619814 0.0307135 0.0219865 0.00553682 0.00122842 0.000215809 2.37095e-05 1.65937e-06 5.46491e-08
 9.70384e-40 4.74936e-33 5.34405e-27 1.38246e-21 8.22198e-17 1.12421e-12 3.53396e-09 2.554e-06 0.00042435 0.0162096 0.142353 0.287418 0.134118 0.0330553 0.11527 0.161746 0.0583494 0.0257915 0.018308 0.00521764 0.00144745 0.00026036 2.67321e-05 1.70823e-06 5.59425e-08
 1.1293e-39 5.52715e-33 6.21924e-27 1.60886e-21 9.56848e-17 1.30832e-12 4.11271e-09 2.97226e-06 0.000493846 0.0188643 0.165666 0.334486 0.155804 0.0310583 0.088893 0.124513 0.0445003 0.0183599 0.0127805 0.00346472 0.00090824 0.000181695 2.21605e-05 1.45561e-06 4.46614e-08
 1.1293e-39 5.52715e-33 6.21924e-27 1.60886e-21 9.56848e-17 1.30832e-12 4.11271e-09 2.97226e-06 0.000493846 0.0188643 0.165666 0.334486 0.155804 0.0310583 0.088893 0.124513 0.0445003 0.0183599 0.0127805 0.00346472 0.00090824 0.000181695 2.21605e-05 1.45561e-06 4.46614e-08
#pred catch len freq
 2.13484e-27 2.14578e-27 3.71208e-27 5.35302e-22 3.18364e-17 4.35306e-13 1.36839e-09 9.88939e-07 0.000164311 0.00627656 0.0551211 0.111297 0.0525138 0.0282488 0.138997 0.196415 0.0856379 0.0847693 0.0753977 0.0469068 0.0361328 0.0276306 0.0249247 0.0210665 0.00849983
 2.13635e-27 2.15133e-27 4.36818e-27 7.57876e-22 4.50737e-17 6.16303e-13 1.93736e-09 1.40013e-06 0.00023263 0.0088863 0.07804 0.157572 0.0741852 0.0356533 0.170265 0.23979 0.0928946 0.0611093 0.0471387 0.0163694 0.00762276 0.00426015 0.0029708 0.00216571 0.000843606
 2.13719e-27 2.1535e-27 4.59125e-27 8.33479e-22 4.95701e-17 6.77783e-13 2.13062e-09 1.53981e-06 0.000255836 0.00977277 0.085825 0.17329 0.0815045 0.0370541 0.174081 0.244932 0.0916919 0.0509141 0.0372593 0.00978653 0.00251593 0.000679156 0.000253069 0.000135648 4.78282e-05
 2.1371e-27 2.15328e-27 4.56855e-27 8.25776e-22 4.9112e-17 6.71519e-13 2.11093e-09 1.52557e-06 0.000253472 0.00968246 0.0850319 0.171689 0.0807687 0.0371746 0.175299 0.246654 0.0923875 0.0514423 0.0375357 0.00949335 0.00212948 0.00038615 5.49509e-05 1.23222e-05 3.24994e-06
 2.13712e-27 2.15334e-27 4.57624e-27 8.28394e-22 4.92677e-17 6.73648e-13 2.11762e-09 1.53041e-06 0.000254275 0.00971315 0.0853014 0.172233 0.0810147 0.0370265 0.174231 0.245171 0.0921675 0.0523293 0.0382961 0.00968989 0.0021599 0.000369375 3.80373e-05 3.03503e-06 2.96953e-07
 2.1357e-27 2.14984e-27 4.20672e-27 7.03047e-22 4.18128e-17 5.71716e-13 1.7972e-09 1.29884e-06 0.0002158 0.00824342 0.0723941 0.146174 0.0690101 0.0381712 0.189073 0.266114 0.0998615 0.0561661 0.041109 0.0105669 0.00243528 0.000419285 4.19276e-05 2.5928e-06 9.41268e-08
 2.13448e-27 2.14694e-27 3.90856e-27 6.01953e-22 3.58004e-17 4.89506e-13 1.53877e-09 1.11207e-06 0.000184769 0.00705806 0.0619843 0.125157 0.0592971 0.0382682 0.196 0.276052 0.105767 0.0660067 0.0488802 0.0121989 0.00264243 0.000453395 4.61103e-05 2.81341e-06 8.43673e-08
 2.13783e-27 2.15517e-27 4.78123e-27 8.97985e-22 5.34066e-17 7.3024e-13 2.29552e-09 1.65898e-06 0.000275637 0.0105291 0.0924674 0.1867 0.0876395 0.0353274 0.159498 0.224583 0.0873418 0.0583172 0.043578 0.0109282 0.00237733 0.000395379 3.79765e-05 2.28198e-06 6.80674e-08
 2.14068e-27 2.16195e-27 5.47099e-27 1.13183e-21 6.73141e-17 9.204e-13 2.89329e-09 2.09099e-06 0.000347415 0.013271 0.116547 0.235316 0.110125 0.0355997 0.146507 0.20579 0.0741258 0.0323894 0.0226753 0.00576699 0.00129814 0.000217774 2.07306e-05 1.20007e-06 3.43794e-08
 2.13598e-27 2.15035e-27 4.23262e-27 7.11702e-22 4.23276e-17 5.78754e-13 1.81932e-09 1.31483e-06 0.000218457 0.0083449 0.0732854 0.147974 0.0699287 0.0404734 0.202584 0.284742 0.10077 0.0384004 0.0258986 0.00605643 0.00111964 0.000183324 1.8232e-05 1.07423e-06 3.03175e-08
 2.13613e-27 2.15093e-27 4.32498e-27 7.43183e-22 4.41999e-17 6.04354e-13 1.8998e-09 1.37299e-06 0.00022812 0.00871402 0.076527 0.154518 0.0728387 0.0373981 0.181839 0.256012 0.0976313 0.0595455 0.0434888 0.00959123 0.00144415 0.000204215 1.72148e-05 9.63782e-07 2.7799e-08
 2.1403e-27 2.16109e-27 5.38703e-27 1.10338e-21 6.56224e-17 8.97269e-13 2.82058e-09 2.03844e-06 0.000338684 0.0129375 0.113618 0.229402 0.107377 0.0352123 0.145925 0.205099 0.0756761 0.038678 0.0276954 0.00660025 0.00124871 0.000177678 1.23474e-05 5.6078e-07 1.41171e-08
 2.13744e-27 2.15395e-27 4.61691e-27 8.42074e-22 5.00813e-17 6.84772e-13 2.15259e-09 1.55568e-06 0.000258475 0.00987355 0.08671 0.175077 0.0824036 0.0389943 0.185386 0.260521 0.0924904 0.0361846 0.0246478 0.00601447 0.00122712 0.000192858 1.61245e-05 7.55194e-07 1.61246e-08
 2.13538e-27 2.14903e-27 4.11609e-27 6.72282e-22 3.99831e-17 5.46698e-13 1.71855e-09 1.242e-06 0.000206357 0.00788269 0.0692262 0.139778 0.0660768 0.0387995 0.194836 0.274205 0.102304 0.0557202 0.0401229 0.00908305 0.00150618 0.000229284 2.07177e-05 1.09983e-06 2.65966e-08
 2.13513e-27 2.14847e-27 4.06219e-27 6.54023e-22 3.88972e-17 5.31849e-13 1.67188e-09 1.20827e-06 0.000200752 0.0076686 0.067346 0.135982 0.064312 0.0385379 0.194384 0.273642 0.103132 0.0593111 0.0431953 0.0101459 0.0018519 0.00026827 2.03807e-05 1.01963e-06 2.64904e-08
 2.13648e-27 2.15176e-27 4.40813e-27 7.71363e-22 4.58758e-17 6.2727e-13 1.97183e-09 1.42505e-06 0.00023677 0.00904444 0.0794288 0.160376 0.0755561 0.0376359 0.181525 0.25546 0.0959352 0.0541468 0.0393454 0.00929434 0.0017319 0.000259725 2.07322e-05 9.81824e-07 2.26433e-08
 2.13725e-27 2.15356e-27 4.58484e-27 8.31244e-22 4.94372e-17 6.75965e-13 2.12491e-09 1.53568e-06 0.00025515 0.00974656 0.0855948 0.172826 0.0813332 0.0382115 0.181286 0.254911 0.0928272 0.0436891 0.0307556 0.00711105 0.00125068 0.000185143 1.50128e-05 7.35472e-07 1.71912e-08
 2.13557e-27 2.14944e-27 4.15276e-27 6.8469e-22 4.07211e-17 5.56788e-13 1.75027e-09 1.26492e-06 0.000210165 0.00802818 0.0705039 0.142358 0.0672887 0.039314 0.1972 0.277417 0.101806 0.0503342 0.03572 0.0081942 0.00140448 0.000203938 1.60957e-05 7.82433e-07 1.86331e-08
 2.1367e-27 2.1523e-27 4.46773e-27 7.91591e-22 4.70789e-17 6.4372e-13 2.02354e-09 1.46242e-06 0.000242979 0.00928163 0.0815118 0.164582 0.0774848 0.0372219 0.17773 0.250153 0.0946325 0.0554748 0.040453 0.00934526 0.0016303 0.000235917 1.81589e-05 8.5866e-07 2.00249e-08
 2.13672e-27 2.15225e-27 4.44495e-27 7.83779e-22 4.66143e-17 6.37368e-13 2.00357e-09 1.44799e-06 0.000240581 0.00919003 0.0807074 0.162958 0.0767941 0.0388206 0.187979 0.264319 0.095806 0.0437136 0.0306557 0.00724631 0.00135233 0.000199858 1.54298e-05 7.22057e-07 1.64339e-08
 2.13756e-27 2.15431e-27 4.66334e-27 8.57866e-22 5.10205e-17 6.97615e-13 2.19296e-09 1.58486e-06 0.000263322 0.0100587 0.0883362 0.17836 0.0838857 0.0380451 0.178603 0.251114 0.0913051 0.0425317 0.029769 0.00657465 0.000998613 0.000141227 1.1421e-05 5.50989e-07 1.25746e-08
 2.13805e-27 2.15546e-27 4.77792e-27 8.96697e-22 5.333e-17 7.29192e-13 2.29222e-09 1.6566e-06 0.000275241 0.010514 0.0923347 0.186433 0.087629 0.0383371 0.177951 0.250071 0.0892261 0.0363001 0.024695 0.00536444 0.000761521 9.85705e-05 6.77109e-06 3.0144e-07 7.02437e-09
 2.13705e-27 2.15304e-27 4.52569e-27 8.11156e-22 4.82425e-17 6.5963e-13 2.07356e-09 1.49856e-06 0.000248984 0.00951103 0.0835264 0.16865 0.0794248 0.0388043 0.186164 0.261722 0.0943681 0.0415001 0.0287165 0.00630516 0.000928876 0.000120822 7.9459e-06 3.19406e-07 6.55264e-09
 2.13781e-27 2.15491e-27 4.72567e-27 8.79003e-22 5.22776e-17 7.14803e-13 2.24699e-09 1.62391e-06 0.00026981 0.0103066 0.0905127 0.182755 0.0859137 0.0379496 0.176695 0.248404 0.0900611 0.0411499 0.0286754 0.00626987 0.00090981 0.000118331 7.89049e-06 3.15507e-07 6.13114e-09
 2.13685e-27 2.15253e-27 4.46824e-27 7.91653e-22 4.70826e-17 6.4377e-13 2.0237e-09 1.46253e-06 0.000242998 0.00928235 0.0815181 0.164595 0.077567 0.0392477 0.190093 0.267215 0.0956883 0.0400207 0.0274256 0.0060603 0.000914493 0.00012028 7.9616e-06 3.18093e-07 6.21525e-09
 2.13652e-27 2.15177e-27 4.39569e-27 7.67077e-22 4.5621e-17 6.23786e-13 1.96088e-09 1.41713e-06 0.000235454 0.0089942 0.0789875 0.159486 0.0751889 0.0388233 0.189042 0.26586 0.0969458 0.0460192 0.0322774 0.0070096 0.000991753 0.000128568 8.7382e-06 3.5539e-07 6.93755e-09
 2.13715e-27 2.15329e-27 4.55508e-27 8.21139e-22 4.88362e-17 6.67749e-13 2.09908e-09 1.51701e-06 0.000252049 0.00962809 0.0845544 0.170725 0.0803709 0.0384466 0.183355 0.257808 0.0936155 0.0432253 0.0302059 0.00667069 0.00100171 0.00013055 8.46047e-06 3.34995e-07 6.62933e-09
 2.138e-27 2.15533e-27 4.76462e-27 8.92186e-22 5.30617e-17 7.25524e-13 2.28069e-09 1.64826e-06 0.000273857 0.0104611 0.0918703 0.185496 0.0871964 0.0383634 0.178395 0.2507 0.0895059 0.0365872 0.0249072 0.0053871 0.000751962 9.64576e-05 6.44123e-06 2.56473e-07 4.91475e-09
 2.14025e-27 2.16084e-27 5.34396e-27 1.0887e-21 6.47489e-17 8.85326e-13 2.78303e-09 2.01131e-06 0.000334176 0.0127653 0.112105 0.226349 0.106023 0.0367565 0.156272 0.219441 0.0774326 0.0287717 0.0191278 0.00404104 0.000512111 6.19424e-05 3.92242e-06 1.52068e-07 2.95071e-09
#obs catch len freq
 4.08946e-40 2.00151e-33 2.25213e-27 5.82604e-22 3.46497e-17 4.73772e-13 1.4893e-09 1.07632e-06 0.000178833 0.00683118 0.0599914 0.121133 0.057348 0.0358938 0.182715 0.257605 0.102798 0.0764647 0.0609124 0.0236986 0.0103934 0.00320688 0.000722634 0.000100322 7.15661e-06
 4.20943e-40 2.06022e-33 2.3182e-27 5.99696e-22 3.56661e-17 4.8767e-13 1.533e-09 1.1079e-06 0.000184079 0.00703158 0.0617513 0.124686 0.0590054 0.0362836 0.184024 0.259374 0.102432 0.0731303 0.0577014 0.0216886 0.00920817 0.00279363 0.000616353 8.31435e-05 5.72166e-06
 5.76185e-40 2.82002e-33 3.17314e-27 8.2086e-22 4.88196e-17 6.6752e-13 2.09836e-09 1.51649e-06 0.000251966 0.00962479 0.0845249 0.170665 0.0802182 0.035108 0.162989 0.229569 0.0898214 0.061707 0.048247 0.0175322 0.00714695 0.00208597 0.000444783 5.85359e-05 3.91774e-06
 5.20895e-40 2.54942e-33 2.86865e-27 7.42092e-22 4.4135e-17 6.03466e-13 1.897e-09 1.37097e-06 0.000227788 0.00870121 0.0764141 0.154291 0.0727723 0.0384255 0.188177 0.264664 0.0967079 0.0466606 0.0344958 0.0121049 0.00472984 0.00132286 0.000268254 3.38637e-05 2.19768e-06
 6.0102e-40 2.94158e-33 3.30991e-27 8.56242e-22 5.09239e-17 6.96293e-13 2.1888e-09 1.58185e-06 0.000262827 0.0100397 0.0881682 0.178021 0.0836758 0.0366199 0.170003 0.239202 0.0898948 0.050995 0.0378016 0.0109201 0.00333626 0.000869677 0.000166971 1.99826e-05 1.23801e-06
 5.4604e-40 2.67249e-33 3.00712e-27 7.77914e-22 4.62655e-17 6.32597e-13 1.98857e-09 1.43715e-06 0.000238784 0.00912124 0.0801027 0.161738 0.0762197 0.0385418 0.186643 0.262451 0.0952815 0.0440228 0.0318086 0.00985868 0.0031659 0.000687051 0.000105889 1.15393e-05 6.74457e-07
 4.07823e-40 1.99601e-33 2.24594e-27 5.81004e-22 3.45545e-17 4.7247e-13 1.48522e-09 1.07337e-06 0.000178342 0.00681242 0.0598267 0.120802 0.0573391 0.0397431 0.206315 0.29034 0.107335 0.055544 0.0404583 0.0113054 0.00317712 0.000708096 0.000104853 9.39203e-06 4.679e-07
 3.94418e-40 1.9304e-33 2.17212e-27 5.61907e-22 3.34187e-17 4.56941e-13 1.4364e-09 1.03809e-06 0.00017248 0.0065885 0.0578602 0.116831 0.0554245 0.0376427 0.19469 0.274345 0.107004 0.0724158 0.0550571 0.0161138 0.00474327 0.000969367 0.000130206 1.12532e-05 4.96908e-07
 9.79076e-40 4.7919e-33 5.39192e-27 1.39484e-21 8.29563e-17 1.13428e-12 3.56561e-09 2.57687e-06 0.000428151 0.0163548 0.143628 0.289992 0.13524 0.0312338 0.103374 0.145247 0.0561511 0.0365949 0.0281506 0.00944796 0.00332756 0.000722203 9.739e-05 7.75767e-06 3.17112e-07
 6.9131e-40 3.38348e-33 3.80715e-27 9.84873e-22 5.85741e-17 8.00895e-13 2.51762e-09 1.81949e-06 0.000302311 0.0115479 0.101414 0.204764 0.0961424 0.0393618 0.17868 0.250721 0.0842482 0.0178798 0.01014 0.00329328 0.00116634 0.000288191 4.54088e-05 3.81241e-06 1.51066e-07
 3.00496e-40 1.47072e-33 1.65488e-27 4.28102e-22 2.54608e-17 3.48131e-13 1.09435e-09 7.9089e-07 0.000131408 0.0050196 0.0440821 0.0890148 0.0427802 0.0433879 0.238146 0.334879 0.118646 0.045617 0.0305974 0.00654304 0.000936351 0.000185073 3.04561e-05 2.91973e-06 1.28274e-07
 8.50278e-40 4.16152e-33 4.68261e-27 1.21135e-21 7.20433e-17 9.85062e-13 3.09655e-09 2.23789e-06 0.000371828 0.0142033 0.124734 0.251845 0.117602 0.0311758 0.114519 0.16135 0.0672885 0.0580769 0.0446485 0.0113226 0.00246667 0.000363814 2.85833e-05 2.11208e-06 9.85326e-08
 7.93447e-40 3.88337e-33 4.36963e-27 1.13038e-21 6.72281e-17 9.19223e-13 2.88959e-09 2.08831e-06 0.000346976 0.013254 0.116397 0.235015 0.110055 0.03743 0.15777 0.221317 0.0748039 0.017359 0.0104943 0.00394119 0.00150454 0.000282237 2.72056e-05 1.41655e-06 3.91183e-08
 4.86515e-40 2.38115e-33 2.67931e-27 6.93113e-22 4.1222e-17 5.63636e-13 1.7718e-09 1.28048e-06 0.000212754 0.00812691 0.0713706 0.144109 0.0681881 0.0417046 0.211264 0.296793 0.102521 0.0310634 0.0195537 0.00424515 0.000670307 0.000151174 2.37256e-05 1.62641e-06 4.51527e-08
 5.20972e-40 2.5498e-33 2.86907e-27 7.42202e-22 4.41415e-17 6.03556e-13 1.89728e-09 1.37117e-06 0.000227822 0.00870251 0.0764254 0.154313 0.0727759 0.0382388 0.187031 0.26317 0.0979449 0.0526233 0.0379062 0.00882536 0.00156816 0.000224524 1.94836e-05 1.52679e-06 6.00944e-08
 3.71878e-40 1.82009e-33 2.04799e-27 5.29795e-22 3.15089e-17 4.30828e-13 1.35431e-09 9.78763e-07 0.000162623 0.00621198 0.0545537 0.110156 0.0524622 0.0409379 0.216817 0.305022 0.110863 0.05159 0.0370339 0.0106813 0.00297234 0.00049234 4.06862e-05 2.04784e-06 6.03267e-08
 7.10715e-40 3.47846e-33 3.91402e-27 1.01252e-21 6.02183e-17 8.23377e-13 2.58829e-09 1.87056e-06 0.000310797 0.011872 0.10426 0.21051 0.0986053 0.0342028 0.145456 0.204762 0.0799386 0.0542876 0.0409805 0.0111799 0.00296061 0.000597118 7.1095e-05 4.15539e-06 1.03439e-07
 4.72233e-40 2.31125e-33 2.60066e-27 6.72766e-22 4.00119e-17 5.4709e-13 1.71978e-09 1.24289e-06 0.000206508 0.00788834 0.0692755 0.139879 0.0662251 0.0415073 0.211334 0.296922 0.102912 0.0323838 0.0215031 0.00703732 0.00238202 0.000480115 5.88611e-05 4.28922e-06 1.38348e-07
 5.45401e-40 2.66936e-33 3.00361e-27 7.77005e-22 4.62114e-17 6.31857e-13 1.98625e-09 1.43547e-06 0.000238505 0.00911057 0.080009 0.161549 0.0760998 0.0376799 0.181439 0.255319 0.0955933 0.0530888 0.0384797 0.00910827 0.00182654 0.000394511 5.82336e-05 4.48556e-06 1.6066e-07
 6.02267e-40 2.94768e-33 3.31678e-27 8.58018e-22 5.10296e-17 6.97737e-13 2.19334e-09 1.58513e-06 0.000263372 0.0100605 0.0883511 0.178391 0.0839026 0.0381095 0.178984 0.251601 0.0907227 0.039976 0.0284511 0.00834217 0.00238637 0.000411031 4.20276e-05 3.32153e-06 1.34065e-07
 4.74188e-40 2.32082e-33 2.61143e-27 6.75551e-22 4.01776e-17 5.49356e-13 1.7269e-09 1.24804e-06 0.000207363 0.00792101 0.0695623 0.140458 0.0664523 0.0404312 0.204591 0.287628 0.102544 0.0415011 0.0287067 0.00761852 0.00193358 0.000393217 4.85324e-05 3.15185e-06 1.05245e-07
 7.17958e-40 3.51391e-33 3.9539e-27 1.02284e-21 6.0832e-17 8.31767e-13 2.61467e-09 1.88963e-06 0.000313964 0.011993 0.105323 0.212656 0.0996541 0.0357198 0.15407 0.216627 0.0803705 0.0424404 0.0307511 0.00787696 0.00182395 0.000336178 3.98457e-05 2.94312e-06 1.01267e-07
 4.94093e-40 2.41824e-33 2.72104e-27 7.03908e-22 4.1864e-17 5.72415e-13 1.79939e-09 1.30042e-06 0.000216067 0.0082535 0.0724822 0.146353 0.0692079 0.0412299 0.207689 0.291795 0.101264 0.0322579 0.0211611 0.00604706 0.00169494 0.000310951 3.34708e-05 2.28234e-06 8.00509e-08
 5.96404e-40 2.91898e-33 3.28449e-27 8.49666e-22 5.05328e-17 6.90945e-13 2.17199e-09 1.5697e-06 0.000260808 0.00996254 0.087491 0.176654 0.0830735 0.0374124 0.175253 0.246513 0.0913097 0.0477436 0.0342868 0.00811674 0.00158319 0.000298374 3.68162e-05 2.4952e-06 8.08626e-08
 6.30389e-40 3.08532e-33 3.47165e-27 8.98082e-22 5.34123e-17 7.30317e-13 2.29576e-09 1.65915e-06 0.00027567 0.0105302 0.0924765 0.18672 0.0877576 0.0382237 0.177171 0.248959 0.0886071 0.035401 0.024602 0.00699935 0.00191624 0.000325315 3.10629e-05 2.09477e-06 7.2434e-08
 4.83586e-40 2.36682e-33 2.66318e-27 6.8894e-22 4.09739e-17 5.60244e-13 1.76113e-09 1.27277e-06 0.000211473 0.008078 0.070941 0.143241 0.0677446 0.0405754 0.204632 0.287641 0.10195 0.0393585 0.0268342 0.00684424 0.001597 0.000310648 3.68104e-05 2.28816e-06 6.85894e-08
 5.25711e-40 2.57299e-33 2.89517e-27 7.48953e-22 4.4543e-17 6.09046e-13 1.91454e-09 1.38364e-06 0.000229894 0.00878166 0.0771206 0.155717 0.0734276 0.038314 0.187067 0.263181 0.0973818 0.0506266 0.0365294 0.00919016 0.00203329 0.000356486 3.9052e-05 2.72752e-06 8.97042e-08
 5.64532e-40 2.76299e-33 3.10896e-27 8.0426e-22 4.78324e-17 6.54021e-13 2.05592e-09 1.48582e-06 0.000246871 0.00943015 0.0828156 0.167215 0.0787456 0.0383738 0.183966 0.258678 0.0939636 0.0435502 0.0311907 0.00887737 0.00245629 0.000441044 4.51592e-05 2.87961e-06 9.4149e-08
 8.00463e-40 3.91771e-33 4.40827e-27 1.14038e-21 6.78225e-17 9.27351e-13 2.91514e-09 2.10677e-06 0.000350044 0.0133712 0.117426 0.237092 0.110948 0.0356354 0.146189 0.205312 0.0735467 0.0308746 0.0215642 0.00582793 0.00151853 0.000302828 3.68179e-05 2.41339e-06 7.39197e-08
#spawning biomass
 6341.43 3879.12 3966.78 5255.46 6943.33 9075.64 9289.36 7978.63 10268.7 18421.3 19990 19621.4 34457.1 46115.3 39092.7 31540.4 28578.2 32167.7 30307.7 28530.1 28052.5 28249.7 34909.4 35948.6 39257.9 39241 35993.9 33943.6 37711.7 46965.8 48777.6 17467.5 5133.32 4480.33 4457.14 4456.39 4456.36 4456.36 4456.36 4456.36 4456.36 4456.36 4456.36 4456.36 4456.36 4456.36 4456.36 4456.36 4456.36 4456.36 4456.36 4456.36 4456.36 4456.36 4456.36 4456.36 4456.36 4456.36 4456.36 4456.36 4456.36 4456.36 4456.36 4456.36 4456.36 4456.36 4456.36 4456.36 4456.36 4456.36 4456.36 4456.36 4456.36 4456.36 4456.36 4456.36 4456.36 4456.36 4456.36 4456.36 4456.36 4456.36 4456.36 4456.36 4456.36 4456.36 4456.36 4456.36 4456.36 4456.36 4456.36 4456.36 4456.36 4456.36 4456.36 4456.36 4456.36 4456.36 4456.36 4456.36 4456.36 4456.36 4456.36 4456.36 4456.36 4456.36 4456.36 4456.36 4456.36 4456.36 4456.36 4456.36 4456.36 4456.36 4456.36 4456.36 4456.36 4456.36 4456.36 4456.36 4456.36 4456.36 4456.36 4456.36 4456.36 4456.36 4456.36 4456.36 4456.36 0 0 0 0 0 0 0 0 0 0 0 0 0 0 0 0 0 0 0 0 0 0 0 0 0
