SBPRF35
0.292522
Curr Bio
291064
B35
485148
F35
0.348031
FOFL
0.209921
OFL
70525.9
Bzero
83577.6
#pred survey bio
 73314.9 74120 57616.2 49332.6 71121.9 102451 140128 201057 247310 291743 310880 344443 393397 426287 440821 418901 419470 419883 392792 446988 430655 427773 434014 436070 450816 469321 427189 449577 1.61295e+07 9.14449e+06 6.8395e+06 4.68821e+06 3.14921e+06 2.17679e+06 1.60086e+06 1.27069e+06 1.08373e+06 977676 916812 881219 859916 846845 838620 833321 829864 827571 826029 824981 824265 823771 823430 823194 823030 822916 822836 822781 822742 822715 822696 822683 822674 822668 822663 822660 822658 822656 822655 822654 822654 822654 822653 822653 822653 822653 822653 822653 822653 822653 822653 822653 822653 822653 822653 822653 822653 822653 822653 822653 822653 822653 822653 822653 822653 822653 822653 822653 822653 822653 822653 822653 822653 822653 822653 822653 822653 822653 822653 822653 822653 822653 822653 822653 822653 822653 822653 822653 822653 822653 822653 822653 822653 822653 822653 822653 822653 822653 822653 822653 0 0 0 0 0 0 0 0 0 0 0 0 0 0 0 0 0 0 0 0 0 0 0 0 0
#obs survey bio
 48500.4 65922.2 49554.3 58453.8 71611.6 136580 134915 179360 247159 277077 378841 388409 540674 519745 369115 449800 324358 454150 378244 382863 300935 455591 470774 384477 437458 445171 406864 457941
#pred catch bio
 9352.37 15680.8 12097.9 11658.5 18801.8 32751.9 40244 72118.9 88572.3 121000 125445 136075 170386 196101 225615 209447 199485 204636 155927 213155 211498 200296 203798 207267 204297 240665 189944 200527 70525.9 106303 77316.2 51209.4 33109.6 22081.7 15842.8 12471.5 10702.9 9793.02 9331.1 9098.68 8982.46 8924.58 8895.83 8881.58 8874.55 8871.09 8869.38 8868.53 8868.12 8867.91 8867.81 8867.76 8867.74 8867.73 8867.72 8867.72 8867.72 8867.72 8867.72 8867.71 8867.71 8867.71 8867.71 8867.71 8867.71 8867.71 8867.71 8867.71 8867.71 8867.71 8867.71 8867.71 8867.71 8867.71 8867.71 8867.71 8867.71 8867.71 8867.71 8867.71 8867.71 8867.71 8867.71 8867.71 8867.71 8867.71 8867.71 8867.71 8867.71 8867.71 8867.71 8867.71 8867.71 8867.71 8867.71 8867.71 8867.71 8867.71 8867.71 8867.71 8867.71 8867.71 8867.71 8867.71 8867.71 8867.71 8867.71 8867.71 8867.71 8867.71 8867.71 8867.71 8867.71 8867.71 8867.71 8867.71 8867.71 8867.71 8867.71 8867.71 8867.71 8867.71 8867.71 8867.71 8867.71 8867.71 8867.71 8867.71 0 0 0 0 0 0 0 0 0 0 0 0 0 0 0 0 0 0 0 0 0 0 0 0 0
#obs catch bio
 15592.4 16873.2 12851.5 12069.3 18466.6 31250.1 38371.3 71136.7 84360.5 119282 121626 126847 157710 184898 226293 207090 212716 195223 151868 217781 226540 212138 197781 211140 203968 244286 182019 200163
#pred cpue bio
 71309.5 73133.5 57356.9 48082.2 66604.4 97429.3 132623 190626 234930 277941 295592 327246 373484 403983 417629 395726 395973 398358 373242 424468 408739 404039 411688 413369 425951 445459 404654 426624 1.53262e+07 9.12314e+06 6.81815e+06 4.66686e+06 3.12786e+06 2.15543e+06 1.57951e+06 1.24934e+06 1.06237e+06 956324 895460 859867 838565 825493 817269 811969 808512 806219 804677 803629 802913 802419 802079 801842 801678 801564 801484 801429 801390 801363 801344 801331 801322 801316 801311 801308 801306 801304 801303 801303 801302 801302 801301 801301 801301 801301 801301 801301 801301 801301 801301 801301 801301 801301 801301 801301 801301 801301 801301 801301 801301 801301 801301 801301 801301 801301 801301 801301 801301 801301 801301 801301 801301 801301 801301 801301 801301 801301 801301 801301 801301 801301 801301 801301 801301 801301 801301 801301 801301 801301 801301 801301 801301 801301 801301 801301 801301 801301 801301 801301 0 0 0 0 0 0 0 0 0 0 0 0 0 0 0 0 0 0 0 0 0 0 0 0 0
#obs cpue bio
 102382 53472.3 33658.2 62109.3 122706 115288 140882 203718 316192 271911 286309 450951 374606 370996 410213 397167 301776 695426 348386 432026 378261 304479 582334 370652 452919 465494 566759 368672
#pred surv len freq
 2.83883e-11 1.33525e-09 4.34883e-08 9.80769e-07 1.53161e-05 0.000165623 0.00124019 0.006431 0.0230998 0.0575358 0.0997852 0.122455 0.112666 0.0912135 0.0803854 0.0765231 0.0689297 0.0584004 0.0488702 0.0406355 0.0335302 0.027785 0.0226783 0.0169834 0.01067
 1.63226e-11 7.67736e-10 2.50047e-08 5.63918e-07 8.80642e-06 9.52304e-05 0.00071312 0.00369858 0.0132949 0.0332107 0.058257 0.0745994 0.0786007 0.0843081 0.0983485 0.106765 0.0996637 0.0847089 0.0703816 0.0574961 0.0455876 0.0352024 0.0262654 0.0180971 0.0106965
 7.00716e-12 3.29583e-10 1.07343e-08 2.42086e-07 3.78055e-06 4.08825e-05 0.000306159 0.00158822 0.00571377 0.0143202 0.0254423 0.0340968 0.0407225 0.0531607 0.0735938 0.0938425 0.108205 0.115932 0.113499 0.0994643 0.0792875 0.0590388 0.0411965 0.0261803 0.0143637
 3.04021e-11 1.42997e-09 4.65732e-08 1.05034e-06 1.64026e-05 0.00017737 0.00132812 0.00688636 0.0247265 0.0614993 0.106057 0.127325 0.108143 0.0692776 0.0415225 0.0340573 0.0403918 0.0529251 0.064889 0.0701702 0.0657209 0.053173 0.0373363 0.0226989 0.011678
 4.54665e-11 2.13853e-09 6.96504e-08 1.57079e-06 2.45301e-05 0.000265258 0.00198622 0.0102987 0.0369801 0.0919878 0.158713 0.190888 0.163142 0.105972 0.0622109 0.0399779 0.0270713 0.0182989 0.0149877 0.0160759 0.0177661 0.0170191 0.0134039 0.00855363 0.00437633
 3.64655e-11 1.71516e-09 5.58617e-08 1.25982e-06 1.96739e-05 0.000212746 0.00159304 0.00826069 0.029671 0.0738943 0.128095 0.156902 0.14334 0.113499 0.0952632 0.0829604 0.062754 0.038839 0.0213435 0.0123946 0.00902716 0.00792814 0.00672633 0.00471194 0.00256259
 3.88557e-11 1.82758e-09 5.95233e-08 1.3424e-06 2.09635e-05 0.00022669 0.00169744 0.00880174 0.03161 0.07868 0.136096 0.16532 0.146653 0.10735 0.0810612 0.0687708 0.0573361 0.0437272 0.0304779 0.0189421 0.0104818 0.00573448 0.0035177 0.00224748 0.00124585
 3.7983e-11 1.78654e-09 5.81864e-08 1.31225e-06 2.04927e-05 0.000221599 0.00165933 0.00860418 0.0309017 0.0769289 0.133149 0.162123 0.145035 0.108657 0.0847413 0.0723032 0.0583373 0.0425369 0.0296852 0.0200792 0.0124764 0.00685138 0.00338327 0.00158898 0.000716373
 3.72216e-11 1.75073e-09 5.70201e-08 1.28594e-06 2.00819e-05 0.000217157 0.00162607 0.00843174 0.0302829 0.075393 0.130522 0.159074 0.142796 0.108043 0.0856918 0.0742594 0.060701 0.0447133 0.0311588 0.0208462 0.0129972 0.0073458 0.00367552 0.00159924 0.000604028
 3.60975e-11 1.69786e-09 5.52981e-08 1.24711e-06 1.94754e-05 0.000210599 0.00157696 0.00817717 0.0293693 0.0731254 0.126644 0.154571 0.139476 0.107074 0.086884 0.0766459 0.063444 0.0474264 0.0336233 0.0228093 0.0143233 0.00812183 0.00407594 0.00176231 0.000639138
 3.7089e-11 1.74449e-09 5.68169e-08 1.28136e-06 2.00103e-05 0.000216384 0.00162027 0.00840167 0.0301746 0.0751203 0.130029 0.158376 0.14186 0.106711 0.0839938 0.0727741 0.0602209 0.0455109 0.0328045 0.022652 0.0144701 0.00832782 0.00422242 0.00183273 0.000660638
 3.73351e-11 1.75606e-09 5.71938e-08 1.28986e-06 2.01431e-05 0.000217819 0.00163102 0.00845741 0.0303748 0.0756193 0.130896 0.159446 0.142859 0.107519 0.084578 0.0729091 0.0595974 0.0441959 0.0313353 0.0215653 0.0139135 0.00814228 0.00420039 0.00184893 0.000672093
 3.75855e-11 1.76784e-09 5.75775e-08 1.29852e-06 2.02782e-05 0.00021928 0.00164196 0.00851413 0.0305784 0.0761246 0.131761 0.160452 0.14361 0.107767 0.0843896 0.07253 0.059215 0.0438047 0.0308305 0.0209501 0.0133447 0.00776605 0.0040251 0.00179276 0.000660531
 3.82435e-11 1.79879e-09 5.85854e-08 1.32125e-06 2.06332e-05 0.000223119 0.0016707 0.00866314 0.0311131 0.0774518 0.13403 0.163085 0.145544 0.108312 0.0836576 0.0711025 0.0576151 0.0422915 0.0295186 0.0199034 0.0125705 0.00724234 0.00372093 0.00165138 0.000610198
 3.82392e-11 1.79859e-09 5.85788e-08 1.3211e-06 2.06309e-05 0.000223094 0.00167052 0.00866218 0.0311099 0.0774457 0.134033 0.163153 0.145806 0.108921 0.0845789 0.0719736 0.0579844 0.0420278 0.0288623 0.0191778 0.0119687 0.00682276 0.00347043 0.00152672 0.000560661
 3.92948e-11 1.84824e-09 6.0196e-08 1.35757e-06 2.12004e-05 0.000229252 0.00171663 0.00890125 0.0319677 0.0795736 0.137664 0.167325 0.148739 0.109422 0.0828646 0.0692285 0.0553329 0.0399025 0.0271984 0.0178622 0.0109795 0.00615749 0.00308572 0.00134069 0.000487427
 3.94348e-11 1.85482e-09 6.04104e-08 1.36241e-06 2.12759e-05 0.000230069 0.00172274 0.00893296 0.0320817 0.0798585 0.138164 0.167968 0.149419 0.110135 0.0835943 0.0697317 0.0552755 0.0392387 0.0262381 0.0169572 0.0102909 0.00569525 0.002811 0.00120222 0.000430834
 3.74043e-11 1.75932e-09 5.72999e-08 1.29226e-06 2.01804e-05 0.000218223 0.00163405 0.00847316 0.030432 0.075768 0.131197 0.160014 0.144015 0.109717 0.087773 0.0760288 0.0612046 0.0436965 0.0292044 0.0187148 0.0111843 0.0060782 0.00294782 0.00124051 0.000437829
 3.69972e-11 1.74017e-09 5.66763e-08 1.27819e-06 1.99608e-05 0.000215848 0.00161626 0.00838093 0.0301006 0.0749413 0.129755 0.158207 0.142239 0.108099 0.0863549 0.0752893 0.0618247 0.0457027 0.0317742 0.0209197 0.0126233 0.00683482 0.00327423 0.00135538 0.000470263
 3.74559e-11 1.76175e-09 5.7379e-08 1.29404e-06 2.02083e-05 0.000218524 0.0016363 0.00848478 0.030473 0.0758624 0.131308 0.159908 0.143146 0.107483 0.0843059 0.0727112 0.0597634 0.0446795 0.0317522 0.0215619 0.0134695 0.00751239 0.0036598 0.00151902 0.000523113
 3.76062e-11 1.76881e-09 5.76091e-08 1.29923e-06 2.02893e-05 0.000219401 0.00164286 0.00851882 0.0305954 0.0761682 0.131845 0.160596 0.143868 0.108221 0.085007 0.0730533 0.0593434 0.0435187 0.030391 0.0205751 0.0130397 0.00746847 0.00375043 0.00159755 0.000559302
 3.9483e-11 1.85709e-09 6.04843e-08 1.36407e-06 2.13019e-05 0.00023035 0.00172485 0.00894385 0.0321204 0.0799504 0.138294 0.167989 0.149002 0.10893 0.081679 0.0678816 0.054436 0.0396774 0.0274661 0.0183462 0.0114784 0.00654843 0.00331958 0.00144234 0.000516902
 3.75474e-11 1.76605e-09 5.75191e-08 1.2972e-06 2.02576e-05 0.000219058 0.0016403 0.00850557 0.0305483 0.0760563 0.131688 0.160575 0.144394 0.10973 0.0874037 0.0753693 0.060383 0.0429111 0.0287246 0.0186884 0.0114936 0.00647376 0.00325358 0.0014119 0.000509749
 3.80054e-11 1.78759e-09 5.82207e-08 1.31302e-06 2.05047e-05 0.00022173 0.0016603 0.00860923 0.0309198 0.0769727 0.133217 0.162169 0.144967 0.108408 0.0844404 0.0723366 0.0589905 0.0434652 0.0301263 0.0197973 0.0119876 0.0065806 0.00323266 0.00138164 0.000495051
 3.9287e-11 1.84787e-09 6.0184e-08 1.3573e-06 2.11962e-05 0.000229207 0.00171629 0.00889946 0.0319612 0.0795564 0.137627 0.167249 0.148571 0.10909 0.082377 0.0687578 0.0551203 0.0400694 0.0276719 0.0184285 0.0114098 0.00635536 0.00311489 0.00131161 0.000461689
 3.73099e-11 1.75488e-09 5.71553e-08 1.28899e-06 2.01295e-05 0.000217672 0.00162992 0.00845178 0.0303553 0.0755769 0.130866 0.159615 0.143665 0.109467 0.087584 0.0758482 0.0610398 0.0436401 0.0293864 0.0191666 0.0117628 0.00657696 0.00325808 0.00138342 0.000487035
 3.83021e-11 1.80155e-09 5.86753e-08 1.32327e-06 2.06648e-05 0.000223461 0.00167327 0.00867643 0.0311609 0.0775707 0.134237 0.163338 0.145777 0.108514 0.0838905 0.0714565 0.0581071 0.0427513 0.0296389 0.0195289 0.0118706 0.00652991 0.00319951 0.00135577 0.000478931
 3.75439e-11 1.76588e-09 5.75137e-08 1.29708e-06 2.02557e-05 0.000219037 0.00164014 0.00850473 0.030545 0.0760448 0.131646 0.160422 0.143931 0.108723 0.0859264 0.0740517 0.0599993 0.0436511 0.030082 0.0199968 0.0123772 0.00690291 0.00338876 0.00142677 0.000500377
#obs surv len freq
 2.75109e-11 1.29398e-09 4.21441e-08 9.50457e-07 1.48428e-05 0.000160504 0.00120185 0.00623223 0.0223858 0.0557565 0.0966939 0.118639 0.109094 0.08827 0.078042 0.0753251 0.0699118 0.0619917 0.0545046 0.0472278 0.0395789 0.0313606 0.0225404 0.0139639 0.0071032
 4.87537e-12 2.29314e-10 7.46862e-09 1.68437e-07 2.63044e-06 2.84466e-05 0.000213072 0.00110618 0.00399185 0.0101252 0.0188072 0.0289552 0.045477 0.0758567 0.112108 0.13107 0.124053 0.105654 0.0891202 0.0753939 0.062199 0.0486631 0.0347398 0.0214962 0.0109396
 1.76486e-14 8.30119e-13 2.70384e-11 6.09965e-10 9.5366e-09 1.03603e-07 7.89993e-07 4.38939e-06 1.99491e-05 9.11391e-05 0.000444005 0.00192651 0.00649738 0.0168104 0.0354331 0.0651974 0.10521 0.141816 0.155597 0.143153 0.117494 0.089639 0.0627757 0.0384307 0.01946
 5.28674e-11 2.48663e-09 8.09878e-08 1.82648e-06 2.85231e-05 0.000308435 0.0023095 0.0119745 0.0429916 0.10688 0.18399 0.219322 0.181043 0.103549 0.0413094 0.012455 0.00544037 0.00734835 0.0120209 0.0160991 0.0171911 0.0149466 0.010854 0.00662039 0.00331628
 3.2342e-11 1.52121e-09 4.95448e-08 1.11736e-06 1.74492e-05 0.00018869 0.00141293 0.00732716 0.0263244 0.0656214 0.114178 0.141844 0.135905 0.120413 0.114843 0.104649 0.0752147 0.0394876 0.0161946 0.00799033 0.00732872 0.00768824 0.00661902 0.00444136 0.00231023
 4.16783e-11 1.96035e-09 6.38472e-08 1.43992e-06 2.24863e-05 0.000243158 0.00182074 0.00944086 0.0339026 0.0843573 0.14572 0.176089 0.153246 0.105968 0.0726652 0.0585858 0.050584 0.0413835 0.0298584 0.0177441 0.00870857 0.00426703 0.00264087 0.00176592 0.000985782
 3.8695e-11 1.82003e-09 5.92771e-08 1.33685e-06 2.08768e-05 0.000225753 0.00169043 0.00876548 0.0314814 0.0783738 0.135664 0.165253 0.148036 0.111239 0.0867907 0.0730338 0.0567493 0.0389213 0.0257328 0.0171791 0.0107181 0.00575349 0.0026735 0.0011787 0.000517692
 3.84647e-11 1.80919e-09 5.89242e-08 1.32889e-06 2.07525e-05 0.000224409 0.00168037 0.00871326 0.0312933 0.0779007 0.134811 0.164056 0.146476 0.109153 0.0845117 0.0719804 0.0583036 0.0424034 0.0287406 0.0183883 0.0109057 0.00591955 0.00287262 0.00120771 0.000436587
 3.65147e-11 1.71748e-09 5.59371e-08 1.26152e-06 1.97005e-05 0.000213033 0.00159519 0.00827168 0.029709 0.0739716 0.128114 0.15639 0.141189 0.108508 0.0880555 0.0772994 0.0631364 0.0461022 0.0317474 0.0209142 0.012703 0.00690761 0.00330785 0.00136738 0.000476116
 3.63928e-11 1.71174e-09 5.57502e-08 1.25731e-06 1.96347e-05 0.000212322 0.00158986 0.00824402 0.0296093 0.0737205 0.127659 0.155738 0.1403 0.10723 0.086455 0.0760053 0.0629293 0.0470992 0.0333333 0.022435 0.0138803 0.00769736 0.00374696 0.0015575 0.000537291
 3.78657e-11 1.78102e-09 5.80066e-08 1.3082e-06 2.04294e-05 0.000220915 0.0016542 0.00857757 0.030806 0.0766878 0.132713 0.161509 0.144223 0.107533 0.0833924 0.071318 0.058388 0.043584 0.0310295 0.0212319 0.0134562 0.00765764 0.00381519 0.0016156 0.000564069
 3.78255e-11 1.77913e-09 5.7945e-08 1.30681e-06 2.04077e-05 0.00022068 0.00165244 0.00856849 0.0307738 0.0766114 0.132607 0.161502 0.144606 0.10861 0.0850668 0.07284 0.0588609 0.0428083 0.0296066 0.019909 0.0126051 0.00726286 0.00369394 0.00160093 0.000570901
 3.93437e-11 1.85054e-09 6.02707e-08 1.35926e-06 2.12268e-05 0.000229537 0.00171876 0.00891229 0.0320074 0.0796705 0.137821 0.167471 0.148721 0.109104 0.0822786 0.0686326 0.0550268 0.0399637 0.0274741 0.0181779 0.011256 0.00637113 0.00322322 0.00140741 0.000509714
 3.87965e-11 1.8248e-09 5.94326e-08 1.34035e-06 2.09316e-05 0.000226345 0.00169486 0.00878842 0.0315633 0.078573 0.135976 0.165479 0.147757 0.110081 0.0850019 0.0717377 0.0570172 0.0404043 0.026968 0.0174522 0.0106433 0.00593204 0.00295152 0.00127233 0.000458662
 3.80848e-11 1.79133e-09 5.83423e-08 1.31577e-06 2.05476e-05 0.000222193 0.00166377 0.00862726 0.030985 0.0771386 0.133529 0.162669 0.145793 0.109787 0.086286 0.0738864 0.0593073 0.0423809 0.0283531 0.0181505 0.0108233 0.00587789 0.00285802 0.00120928 0.000429653
 3.97425e-11 1.8693e-09 6.08817e-08 1.37304e-06 2.14419e-05 0.000231864 0.00173618 0.00900262 0.0323316 0.0804753 0.139199 0.169076 0.149926 0.109515 0.0819896 0.0680147 0.0543897 0.039387 0.0268756 0.0174769 0.0104811 0.00565633 0.00270433 0.00111917 0.000389079
 3.81613e-11 1.79492e-09 5.84595e-08 1.31841e-06 2.05889e-05 0.00022264 0.00166712 0.0086446 0.0310474 0.0772952 0.133809 0.163051 0.146259 0.110378 0.0869428 0.0742819 0.059073 0.0415731 0.0274645 0.0175879 0.0105878 0.00577573 0.00277801 0.00114535 0.000393282
 3.50791e-11 1.64995e-09 5.37379e-08 1.21193e-06 1.8926e-05 0.000204658 0.00153248 0.00794659 0.0285426 0.0710796 0.123189 0.15077 0.13738 0.108249 0.091105 0.081951 0.0676244 0.0494978 0.0338328 0.0218831 0.0130171 0.00698924 0.00333697 0.00137628 0.000473106
 3.89945e-11 1.83411e-09 5.97359e-08 1.3472e-06 2.10384e-05 0.0002275 0.00170351 0.00883317 0.0317229 0.0789589 0.136567 0.165838 0.14693 0.107124 0.0802009 0.0672679 0.0554457 0.0422944 0.0306468 0.0209097 0.0129343 0.0070962 0.00340319 0.00139623 0.000476924
 3.49641e-11 1.64454e-09 5.35617e-08 1.20795e-06 1.88639e-05 0.000203987 0.00152745 0.00792056 0.0284494 0.0708511 0.122816 0.150424 0.137406 0.10892 0.0921956 0.0825773 0.0669435 0.0477838 0.0323958 0.0216696 0.0137758 0.00791721 0.00395839 0.00166786 0.000576525
 3.84613e-11 1.80903e-09 5.89191e-08 1.32877e-06 2.07507e-05 0.00022439 0.00168021 0.00871242 0.0312896 0.0778839 0.134732 0.163721 0.145421 0.10682 0.0810324 0.0687352 0.0570244 0.0436005 0.0314491 0.0212606 0.0131429 0.00737516 0.00370222 0.00160079 0.000570692
 3.78726e-11 1.78135e-09 5.80172e-08 1.30844e-06 2.04331e-05 0.000220955 0.0016545 0.00857919 0.0308124 0.0767093 0.132789 0.16178 0.145034 0.109282 0.085909 0.0734343 0.0587454 0.0420298 0.0287047 0.0193027 0.0122824 0.00706345 0.00356157 0.00153434 0.000548871
 3.55192e-11 1.67065e-09 5.4412e-08 1.22713e-06 1.91634e-05 0.000207225 0.0015517 0.00804623 0.0289 0.0719651 0.124692 0.152461 0.138445 0.108093 0.0897934 0.0800935 0.0658773 0.048205 0.0331013 0.0217283 0.0133196 0.00748715 0.00377547 0.00164415 0.000593639
 4.02744e-11 1.89431e-09 6.16965e-08 1.39141e-06 2.17289e-05 0.000234967 0.00175941 0.00912301 0.032763 0.0815397 0.140976 0.17093 0.150596 0.107965 0.0784231 0.0640801 0.0519711 0.0390964 0.0279919 0.0189951 0.0118002 0.00658259 0.00325558 0.00139412 0.000500073
 3.70595e-11 1.7431e-09 5.67717e-08 1.28034e-06 1.99944e-05 0.000216212 0.00161899 0.00839511 0.0301524 0.0750772 0.130039 0.158785 0.143487 0.110485 0.0896118 0.0777948 0.0617246 0.0429274 0.028178 0.0183222 0.011442 0.00653157 0.00328202 0.00140714 0.0005005
 3.6933e-11 1.73715e-09 5.65779e-08 1.27598e-06 1.99262e-05 0.000215474 0.00161346 0.00836639 0.0300485 0.0748114 0.12953 0.157938 0.142012 0.10797 0.0863567 0.0754816 0.062231 0.0461563 0.0319862 0.0208131 0.0124255 0.00676275 0.00332407 0.00142576 0.000510575
 3.95035e-11 1.85805e-09 6.05156e-08 1.36478e-06 2.1313e-05 0.00023047 0.00172574 0.00894847 0.032137 0.0799903 0.138355 0.168025 0.148913 0.108616 0.0811708 0.0674166 0.0543153 0.04001 0.0280751 0.0188984 0.0117232 0.00649297 0.00315353 0.00131793 0.000462181
 3.59806e-11 1.69235e-09 5.51189e-08 1.24307e-06 1.94123e-05 0.000209917 0.00157186 0.00815076 0.0292755 0.0729009 0.126318 0.154468 0.140319 0.109608 0.0908894 0.0803574 0.0647644 0.0458993 0.0306185 0.0199441 0.0123211 0.00694199 0.00344939 0.00146107 0.000511572
#pred catch len freq
 2.6594e-11 1.25086e-09 4.07396e-08 9.18779e-07 1.43481e-05 0.000155155 0.00116181 0.00602465 0.0216416 0.053917 0.0935998 0.115293 0.107449 0.0898411 0.0824993 0.080372 0.0729245 0.0618859 0.0518007 0.0430734 0.0355419 0.029452 0.024039 0.0180024 0.0113102
 1.50152e-11 7.06241e-10 2.30018e-08 5.18749e-07 8.10105e-06 8.76029e-05 0.000656008 0.0034025 0.0122324 0.0305741 0.0537522 0.0693901 0.0748313 0.0833804 0.100006 0.109705 0.102695 0.087338 0.0725731 0.0592871 0.0470076 0.0362989 0.0270836 0.0186608 0.0110297
 6.33121e-12 2.9779e-10 9.69883e-09 2.18733e-07 3.41586e-06 3.69389e-05 0.000276631 0.00143513 0.00516429 0.0129557 0.0231038 0.0313589 0.0386284 0.0523577 0.0739687 0.0949162 0.109601 0.117456 0.114995 0.100775 0.0803325 0.0598169 0.0417394 0.0265254 0.014553
 2.87865e-11 1.35398e-09 4.40983e-08 9.94525e-07 1.55309e-05 0.000167945 0.00125754 0.00652044 0.0234129 0.0582352 0.100449 0.120692 0.102844 0.066682 0.0413123 0.0353133 0.0425954 0.0559728 0.068646 0.0742345 0.0695277 0.056253 0.0394989 0.0240137 0.0123544
 4.43705e-11 2.08697e-09 6.79714e-08 1.53292e-06 2.39388e-05 0.000258864 0.00193834 0.0100505 0.0360895 0.089778 0.154939 0.186535 0.160025 0.105278 0.0636684 0.0423365 0.0291837 0.019836 0.0162659 0.0174494 0.0192841 0.0184733 0.0145491 0.00928448 0.00475026
 3.50901e-11 1.65047e-09 5.37548e-08 1.2123e-06 1.89319e-05 0.000204722 0.00153296 0.00794924 0.0285537 0.0711247 0.123383 0.151551 0.139795 0.113462 0.0984205 0.0874079 0.0665601 0.0412667 0.0226866 0.0131755 0.00959594 0.00842768 0.00715015 0.00500883 0.00272406
 3.74895e-11 1.76333e-09 5.74304e-08 1.2952e-06 2.02264e-05 0.00021872 0.00163777 0.00849237 0.0305 0.075927 0.131403 0.159942 0.142931 0.106877 0.0835849 0.0727344 0.0612007 0.0467787 0.0326179 0.0202733 0.0112185 0.0061375 0.00376493 0.00240544 0.00133341
 3.67206e-11 1.72716e-09 5.62526e-08 1.26864e-06 1.98116e-05 0.000214235 0.00160418 0.00831831 0.029876 0.0743855 0.128815 0.157168 0.141643 0.108319 0.0872018 0.076028 0.0618172 0.0451615 0.0315285 0.0213271 0.0132519 0.00727721 0.00359355 0.00168774 0.000760897
 3.59378e-11 1.69034e-09 5.50533e-08 1.24159e-06 1.93892e-05 0.000209667 0.00156998 0.00814101 0.0292398 0.0728063 0.126114 0.154032 0.139334 0.107675 0.0881617 0.0780298 0.0642561 0.0474186 0.0330554 0.0221162 0.013789 0.00779335 0.00389946 0.00169668 0.000640829
 3.49011e-11 1.64158e-09 5.34652e-08 1.20577e-06 1.88299e-05 0.000203619 0.0015247 0.00790623 0.0283972 0.0707146 0.122535 0.149867 0.136234 0.106696 0.0891334 0.0801104 0.0667373 0.0499662 0.0354342 0.0240387 0.0150954 0.00855962 0.00429564 0.00185731 0.00067359
 3.58911e-11 1.68815e-09 5.49818e-08 1.23998e-06 1.9364e-05 0.000209395 0.00156794 0.0081304 0.0292013 0.0727064 0.125914 0.153661 0.138597 0.106294 0.086188 0.0761863 0.0634902 0.0480645 0.0346561 0.0239315 0.0152876 0.00879828 0.00446096 0.00193627 0.00069796
 3.61262e-11 1.6992e-09 5.5342e-08 1.2481e-06 1.94909e-05 0.000210766 0.00157821 0.00818366 0.0293926 0.0731835 0.126745 0.154694 0.139586 0.10714 0.0868519 0.0764006 0.0628994 0.0467272 0.033141 0.0228091 0.014716 0.0086119 0.00444266 0.00195557 0.000710857
 3.64601e-11 1.71491e-09 5.58535e-08 1.25963e-06 1.9671e-05 0.000212714 0.0015928 0.00825928 0.029664 0.073857 0.127896 0.15603 0.140567 0.107424 0.0865219 0.0757992 0.0623055 0.0461685 0.0325045 0.0220885 0.0140699 0.0081881 0.00424385 0.00189019 0.000696428
 3.71904e-11 1.74926e-09 5.69722e-08 1.28486e-06 2.0065e-05 0.000216975 0.0016247 0.00842467 0.0302575 0.07533 0.130415 0.15895 0.142704 0.108009 0.0856799 0.0741869 0.0605177 0.0444965 0.0310675 0.0209487 0.0132307 0.00762271 0.00391635 0.00173811 0.000642246
 3.72984e-11 1.75434e-09 5.71376e-08 1.2886e-06 2.01233e-05 0.000217605 0.00162942 0.00844914 0.0303455 0.0755503 0.130804 0.159462 0.143282 0.108679 0.0864284 0.0747694 0.0605943 0.0439849 0.0302149 0.0200774 0.0125302 0.00714282 0.00363323 0.00159834 0.000586962
 3.83538e-11 1.80398e-09 5.87545e-08 1.32506e-06 2.06927e-05 0.000223763 0.00167552 0.00868816 0.0312032 0.0776778 0.134434 0.163635 0.146219 0.109191 0.0847324 0.0720444 0.0579571 0.0418635 0.0285441 0.0187468 0.0115233 0.00646246 0.00323855 0.00140709 0.000511568
 3.8446e-11 1.80832e-09 5.88957e-08 1.32825e-06 2.07425e-05 0.000224301 0.00167955 0.00870906 0.0312784 0.0778666 0.134771 0.164095 0.146787 0.109928 0.0856098 0.0727389 0.0580504 0.0412798 0.0276122 0.0178461 0.0108305 0.00599384 0.00295837 0.00126525 0.000453422
 3.63912e-11 1.71167e-09 5.57479e-08 1.25725e-06 1.96338e-05 0.000212313 0.00158979 0.00824374 0.0296089 0.0737271 0.12772 0.156046 0.141318 0.109505 0.08984 0.079116 0.064059 0.0458007 0.0306194 0.0196224 0.0117267 0.00637298 0.00309078 0.00130067 0.000459063
 3.57844e-11 1.68313e-09 5.48184e-08 1.23629e-06 1.93065e-05 0.000208772 0.00156328 0.00810629 0.0291152 0.0724977 0.125591 0.153445 0.138972 0.107758 0.0887014 0.0788723 0.0652119 0.0482879 0.0335821 0.0221109 0.0133422 0.00722406 0.00346069 0.00143257 0.000497044
 3.64203e-11 1.71304e-09 5.57925e-08 1.25826e-06 1.96496e-05 0.000212482 0.00159106 0.00825027 0.0296316 0.0737757 0.127752 0.155836 0.14034 0.107155 0.0862517 0.0757098 0.0626167 0.0468846 0.0333288 0.0226333 0.0141389 0.00788573 0.00384169 0.00159452 0.000549111
 3.66052e-11 1.72173e-09 5.60757e-08 1.26465e-06 1.97493e-05 0.000213561 0.00159914 0.00829215 0.0297821 0.0741513 0.128408 0.156665 0.141171 0.107937 0.0869353 0.0759893 0.0621012 0.0456094 0.0318601 0.0215706 0.0136707 0.00782983 0.00393189 0.00167485 0.000586364
 3.848e-11 1.80991e-09 5.89478e-08 1.32942e-06 2.07608e-05 0.000224499 0.00168103 0.00871671 0.0313054 0.0779295 0.13485 0.164052 0.146303 0.108655 0.0836266 0.0708413 0.0572134 0.0417766 0.0289291 0.0193244 0.0120904 0.0068976 0.00349658 0.00151924 0.000544464
 3.64986e-11 1.71672e-09 5.59124e-08 1.26096e-06 1.96918e-05 0.000212939 0.00159448 0.00826806 0.0296962 0.0739434 0.128089 0.156467 0.141602 0.109509 0.0895397 0.078554 0.0633169 0.0450648 0.0301754 0.0196331 0.0120746 0.00680104 0.00341807 0.00148328 0.000535519
 3.69792e-11 1.73933e-09 5.66487e-08 1.27757e-06 1.99511e-05 0.000215743 0.00161548 0.00837686 0.030086 0.0749052 0.129694 0.15814 0.142203 0.10812 0.0864275 0.0753695 0.0618554 0.045648 0.0316486 0.0207985 0.012594 0.00691343 0.00339617 0.00145153 0.00052009
 3.82476e-11 1.79899e-09 5.85918e-08 1.32139e-06 2.06354e-05 0.000223143 0.00167089 0.0086641 0.0311168 0.0774624 0.134059 0.163171 0.14578 0.108816 0.0844125 0.071841 0.058006 0.0422436 0.0291835 0.0194361 0.0120337 0.00670288 0.00328522 0.00138333 0.000486935
 3.63517e-11 1.70981e-09 5.56874e-08 1.25589e-06 1.96125e-05 0.000212082 0.00158807 0.00823478 0.0295767 0.0736465 0.127578 0.155861 0.14111 0.109256 0.0895217 0.0787467 0.06372 0.0456188 0.0307271 0.0200418 0.0123 0.0068773 0.00340686 0.00144659 0.000509275
 3.72187e-11 1.75059e-09 5.70156e-08 1.28584e-06 2.00803e-05 0.00021714 0.00162594 0.00843108 0.0302806 0.0753878 0.130517 0.159084 0.14286 0.108211 0.0859899 0.0746585 0.061129 0.0450515 0.0312436 0.0205871 0.0125139 0.0068838 0.00337291 0.00142925 0.000504886
 3.64447e-11 1.71418e-09 5.58299e-08 1.2591e-06 1.96627e-05 0.000212625 0.00159213 0.00825582 0.0296519 0.0738303 0.127873 0.156109 0.140981 0.108439 0.0880863 0.0773189 0.0630532 0.045947 0.031674 0.021056 0.0130328 0.00726857 0.00356827 0.00150235 0.000526883
#obs catch len freq
 2.3422e-11 1.10166e-09 3.58803e-08 8.09191e-07 1.26367e-05 0.000136649 0.00102324 0.00530622 0.0190627 0.0475096 0.0825973 0.10231 0.0971766 0.0850309 0.0825103 0.0832689 0.0776914 0.0687647 0.0611725 0.0541256 0.0459041 0.0362852 0.0259113 0.016023 0.00817603
 2.63693e-11 1.24029e-09 4.03953e-08 9.11017e-07 1.42268e-05 0.000153844 0.00115199 0.00597369 0.021458 0.0534539 0.0927577 0.114078 0.10576 0.0873646 0.079341 0.0777384 0.07246 0.064273 0.0564837 0.0489231 0.0409895 0.0324737 0.0233386 0.0144578 0.00735426
 4.54303e-12 2.13682e-10 6.9595e-09 1.56955e-07 2.45113e-06 2.65077e-05 0.000198554 0.00103092 0.0037218 0.00945535 0.0176646 0.0276431 0.0445581 0.0757086 0.112661 0.131944 0.124882 0.106296 0.0896006 0.075765 0.0624886 0.0488824 0.0348935 0.0215904 0.0109873
 1.64433e-14 7.73429e-13 2.51921e-11 5.68325e-10 8.88637e-09 9.65729e-08 7.37391e-07 4.11744e-06 1.89838e-05 8.88494e-05 0.000440816 0.00192627 0.00650889 0.0168437 0.0354887 0.0652598 0.105258 0.141835 0.155587 0.143118 0.117446 0.0895896 0.0627357 0.0384045 0.0194463
 5.25217e-11 2.47037e-09 8.04583e-08 1.81454e-06 2.83366e-05 0.000306418 0.0022944 0.0118962 0.0427105 0.106181 0.182787 0.217888 0.179861 0.102878 0.0410648 0.0124607 0.00563839 0.00779819 0.012786 0.0171249 0.0182856 0.0158974 0.011544 0.00704102 0.0035269
 3.13233e-11 1.4733e-09 4.79844e-08 1.08217e-06 1.68997e-05 0.000182747 0.00136843 0.0070965 0.025497 0.0635714 0.110697 0.137922 0.133411 0.120677 0.117604 0.108298 0.0780948 0.0410336 0.0168258 0.00829041 0.00759487 0.00796536 0.0068573 0.00460117 0.00239333
 4.09011e-11 1.92379e-09 6.26566e-08 1.41306e-06 2.2067e-05 0.000238623 0.00178679 0.00926484 0.033271 0.0827906 0.143048 0.173017 0.151089 0.105615 0.073991 0.06078 0.0528457 0.0432813 0.0312199 0.0185478 0.00910088 0.00445787 0.00275817 0.00184413 0.00102941
 3.78576e-11 1.78064e-09 5.79942e-08 1.30792e-06 2.0425e-05 0.000220868 0.00165385 0.00857584 0.030801 0.0766871 0.132793 0.161984 0.145845 0.111144 0.0886101 0.0756632 0.0590882 0.0405562 0.0267981 0.0178784 0.0111502 0.00598436 0.00278045 0.00122574 0.00053831
 3.76539e-11 1.77106e-09 5.76822e-08 1.30088e-06 2.03151e-05 0.000219679 0.00164495 0.00852965 0.0306346 0.0762673 0.132029 0.16088 0.144317 0.108981 0.0861647 0.0744566 0.0606033 0.0441045 0.0298784 0.0191057 0.0113269 0.00614678 0.00298247 0.00125379 0.000453221
 3.58303e-11 1.68528e-09 5.48886e-08 1.23788e-06 1.93312e-05 0.00020904 0.00156529 0.00811669 0.0291529 0.0725928 0.125766 0.15371 0.139369 0.108368 0.0894563 0.0793872 0.0650621 0.0475184 0.0327006 0.0215287 0.0130713 0.00710634 0.00340256 0.00140641 0.000489681
 3.56855e-11 1.67847e-09 5.46668e-08 1.23287e-06 1.92531e-05 0.000208195 0.00155896 0.00808386 0.0290347 0.0722955 0.125231 0.152963 0.138401 0.107045 0.0878435 0.0781097 0.064902 0.0485869 0.034364 0.0231152 0.014296 0.00792622 0.00385785 0.00160347 0.000553123
 3.71674e-11 1.74818e-09 5.69369e-08 1.28407e-06 2.00526e-05 0.000216841 0.0016237 0.00841944 0.0302387 0.0752809 0.130316 0.158768 0.142346 0.107344 0.0847511 0.0733799 0.06032 0.0450426 0.0320477 0.0219158 0.0138847 0.00789983 0.00393536 0.00166637 0.000581767
 3.71787e-11 1.74871e-09 5.69543e-08 1.28446e-06 2.00587e-05 0.000216907 0.00162419 0.00842204 0.0302484 0.0753086 0.130388 0.158969 0.142884 0.108471 0.0863787 0.0747969 0.0606628 0.0441309 0.0305006 0.0204969 0.0129723 0.00747277 0.00380022 0.00164687 0.000587257
 3.87407e-11 1.82217e-09 5.9347e-08 1.33843e-06 2.09014e-05 0.000226019 0.00169242 0.00877574 0.0315175 0.0784558 0.135752 0.165109 0.147116 0.108978 0.083507 0.0704653 0.0567172 0.0412057 0.0283092 0.0187186 0.0115863 0.00655655 0.00331657 0.00144806 0.000524411
 3.82974e-11 1.80132e-09 5.8668e-08 1.32311e-06 2.06623e-05 0.000223433 0.00167306 0.0086754 0.0311578 0.0775676 0.134264 0.163529 0.146444 0.110011 0.0860703 0.0733009 0.0584309 0.0414101 0.0276181 0.0178602 0.0108873 0.00606659 0.00301803 0.0013009 0.000468937
 3.75014e-11 1.76389e-09 5.74486e-08 1.29561e-06 2.02328e-05 0.00021879 0.00163829 0.00849515 0.030511 0.0759634 0.131528 0.160389 0.144254 0.109696 0.0875218 0.0757055 0.060965 0.0435737 0.0291305 0.0186357 0.011108 0.00603106 0.00293206 0.0012405 0.000440724
 3.92112e-11 1.8443e-09 6.00678e-08 1.35468e-06 2.11553e-05 0.000228764 0.00171297 0.0088823 0.0318999 0.079405 0.137376 0.166997 0.148517 0.109416 0.0830911 0.0696499 0.0558931 0.0404853 0.0276057 0.01794 0.0107545 0.00580254 0.00277384 0.00114784 0.000399024
 3.74973e-11 1.76369e-09 5.74423e-08 1.29547e-06 2.02306e-05 0.000218766 0.00163811 0.00849424 0.030508 0.0759577 0.131532 0.160456 0.144514 0.110287 0.0883666 0.0763648 0.0609571 0.0429142 0.0283317 0.0181311 0.0109103 0.00595025 0.00286156 0.0011797 0.000405057
 3.44338e-11 1.6196e-09 5.27493e-08 1.18963e-06 1.85778e-05 0.000200893 0.00150429 0.00780045 0.0280182 0.0697796 0.120975 0.148244 0.135667 0.108125 0.0924389 0.0839357 0.0694544 0.0508393 0.0347251 0.0224461 0.0133468 0.00716461 0.0034202 0.00141049 0.00048484
 3.83681e-11 1.80465e-09 5.87763e-08 1.32555e-06 2.07004e-05 0.000223846 0.00167614 0.00869131 0.0312139 0.0776967 0.134416 0.163376 0.145236 0.106933 0.0813892 0.0690955 0.0571841 0.0436353 0.0315987 0.0215471 0.0133241 0.00730851 0.00350455 0.0014377 0.000491065
 3.42991e-11 1.61326e-09 5.25429e-08 1.18498e-06 1.85051e-05 0.000200107 0.0014984 0.00776997 0.0279091 0.0695116 0.120535 0.147823 0.13565 0.108811 0.0935929 0.08463 0.0688032 0.0491153 0.0332736 0.0222412 0.0141334 0.00812095 0.00405976 0.00171045 0.000591221
 3.78825e-11 1.78181e-09 5.80324e-08 1.30878e-06 2.04384e-05 0.000221013 0.00165493 0.00858134 0.0308193 0.0767176 0.132744 0.161447 0.143855 0.106644 0.0821329 0.0704281 0.0586356 0.0448409 0.0323225 0.0218386 0.0134953 0.00757127 0.00380014 0.00164299 0.000585712
 3.72014e-11 1.74978e-09 5.69891e-08 1.28525e-06 2.0071e-05 0.00021704 0.00162518 0.0084272 0.0302671 0.0753573 0.130486 0.159154 0.143255 0.109157 0.0872977 0.0754863 0.0606153 0.0433821 0.0296081 0.0198969 0.0126554 0.00727643 0.00366851 0.00158029 0.000565284
 3.49238e-11 1.64265e-09 5.34999e-08 1.20656e-06 1.88422e-05 0.000203752 0.00152569 0.00791141 0.0284163 0.0707657 0.122649 0.15013 0.136863 0.107975 0.0910179 0.0819156 0.0675548 0.0494324 0.0339191 0.0222506 0.0136342 0.0076622 0.0038632 0.00168222 0.000607356
 3.9721e-11 1.86828e-09 6.08487e-08 1.37229e-06 2.14303e-05 0.000231739 0.00173524 0.00899769 0.0323133 0.0804247 0.139076 0.168758 0.149105 0.107809 0.0794929 0.0657115 0.0535094 0.0402672 0.0288114 0.0195397 0.0121342 0.00676741 0.00334654 0.00143295 0.000513978
 3.6432e-11 1.71358e-09 5.58103e-08 1.25866e-06 1.96558e-05 0.00021255 0.00159157 0.008253 0.0296425 0.0738132 0.127888 0.156336 0.141843 0.110411 0.0909747 0.079773 0.0634951 0.0441676 0.0289708 0.0188239 0.0117501 0.00670589 0.00336918 0.0014444 0.00051373
 3.63223e-11 1.70843e-09 5.56424e-08 1.25488e-06 1.95967e-05 0.000211911 0.00158678 0.00822809 0.0295523 0.0735811 0.127435 0.155544 0.140381 0.107832 0.0875885 0.0773339 0.0639576 0.0474424 0.0328551 0.0213655 0.0127504 0.00693795 0.00340968 0.00146235 0.000523653
 3.88974e-11 1.82954e-09 5.95871e-08 1.34384e-06 2.0986e-05 0.000226934 0.00169926 0.00881121 0.0316445 0.0787691 0.136274 0.165649 0.147292 0.108472 0.0823804 0.0692354 0.0560063 0.0412707 0.0289407 0.0194691 0.0120728 0.00668516 0.00324645 0.00135665 0.000475736
#spawning biomass
 59331.8 66825.5 55573 40871.6 40476.3 67524.5 88522.4 129101 161800 196217 205371 225742 256003 272567 280896 259411 257719 271057 257674 291600 279389 264573 279695 279517 279741 304322 271876 291064 302252 413301 303546 198943 126406 82209.4 57206.1 43695 36606.9 32960.5 31109.2 30177.8 29712 29480 29364.8 29307.7 29279.6 29265.7 29258.8 29255.4 29253.8 29253 29252.6 29252.4 29252.3 29252.2 29252.2 29252.2 29252.2 29252.2 29252.2 29252.2 29252.2 29252.2 29252.2 29252.2 29252.2 29252.2 29252.2 29252.2 29252.2 29252.2 29252.2 29252.2 29252.2 29252.2 29252.2 29252.2 29252.2 29252.2 29252.2 29252.2 29252.2 29252.2 29252.2 29252.2 29252.2 29252.2 29252.2 29252.2 29252.2 29252.2 29252.2 29252.2 29252.2 29252.2 29252.2 29252.2 29252.2 29252.2 29252.2 29252.2 29252.2 29252.2 29252.2 29252.2 29252.2 29252.2 29252.2 29252.2 29252.2 29252.2 29252.2 29252.2 29252.2 29252.2 29252.2 29252.2 29252.2 29252.2 29252.2 29252.2 29252.2 29252.2 29252.2 29252.2 29252.2 29252.2 29252.2 29252.2 0 0 0 0 0 0 0 0 0 0 0 0 0 0 0 0 0 0 0 0 0 0 0 0 0
