SBPRF35
0.912632
Curr Bio
124135
B35
636206
F35
0.24273
FOFL
0
OFL
0
Bzero
260752
#pred survey bio
 11121.3 10594.9 13152 18138 23139.7 28490.3 33454.7 38217.4 44908.8 56218.8 71261.8 86719.8 113942 136545 136987 115270 105146 100373 105177 101196 102990 99264.1 106756 122533 140746 143244 124473 100021 1.89739e+06 3.086e+06 3.90537e+06 4.00878e+06 3.77512e+06 3.43517e+06 3.09946e+06 2.81302e+06 2.58681e+06 2.41633e+06 2.29157e+06 2.20196e+06 2.13829e+06 2.09325e+06 2.06091e+06 2.03707e+06 2.02042e+06 2.00865e+06 2.0002e+06 1.99405e+06 1.9895e+06 1.98609e+06 1.98349e+06 1.98149e+06 1.97992e+06 1.97869e+06 1.97771e+06 1.97693e+06 1.9763e+06 1.97578e+06 1.97536e+06 1.97502e+06 1.97474e+06 1.97451e+06 1.97432e+06 1.97416e+06 1.97403e+06 1.97393e+06 1.97384e+06 1.97376e+06 1.9737e+06 1.97365e+06 1.97361e+06 1.97358e+06 1.97355e+06 1.97353e+06 1.97351e+06 1.97349e+06 1.97348e+06 1.97347e+06 1.97346e+06 1.97345e+06 1.97344e+06 1.97344e+06 1.97343e+06 1.97343e+06 1.97343e+06 1.97342e+06 1.97342e+06 1.97342e+06 1.97342e+06 1.97342e+06 1.97342e+06 1.97342e+06 1.97342e+06 1.97342e+06 1.97341e+06 1.97341e+06 1.97341e+06 1.97341e+06 1.97341e+06 1.97341e+06 1.97341e+06 1.97341e+06 1.97341e+06 1.97341e+06 1.97341e+06 1.97341e+06 1.97341e+06 1.97341e+06 1.97341e+06 1.97341e+06 1.97341e+06 1.97341e+06 1.97341e+06 1.97341e+06 1.97341e+06 1.97341e+06 1.97341e+06 1.97341e+06 1.97341e+06 1.97341e+06 1.97341e+06 1.97341e+06 1.97341e+06 1.97341e+06 1.97341e+06 1.97341e+06 1.97341e+06 1.97341e+06 0 0 0 0 0 0 0 0 0 0 0 0 0 0 0 0 0 0 0 0 0 0 0 0 0
#obs survey bio
 9762.88 9228.07 13959 23860.5 19752.5 33602.3 21021.5 35280.9 34975 44141.8 63098.4 68057.1 88124.4 128818 70160.7 80593.5 133727 106270 95127.3 79573.6 61391 90978.1 97407.8 96103.3 109115 118873 69589.9 70697.2
#pred catch bio
 6695.97 6153.83 7050.43 10229.9 13898.1 18238.4 22418.5 25730.3 31236.6 38734.3 50419.2 61198.2 83072.2 102035 110898 93169.5 84771.2 78382.3 86009.2 83001.7 89874.6 83130.6 88651.5 102555 121171 128048 112331 95020.2 0 23171.2 34885.5 35881.5 33179.6 29613.4 26212 23365.9 21155.2 19518.7 18346.6 17526.6 16962.8 16580 16320.5 16143.9 16029 15954.3 15905.7 15874.1 15853.5 15840.2 15831.5 15825.8 15822.2 15819.8 15818.2 15817.2 15816.6 15816.1 15815.9 15815.7 15815.6 15815.5 15815.4 15815.4 15815.4 15815.4 15815.4 15815.4 15815.3 15815.3 15815.3 15815.3 15815.3 15815.3 15815.3 15815.3 15815.3 15815.3 15815.3 15815.3 15815.3 15815.3 15815.3 15815.3 15815.3 15815.3 15815.3 15815.3 15815.3 15815.3 15815.3 15815.3 15815.3 15815.3 15815.3 15815.3 15815.3 15815.3 15815.3 15815.3 15815.3 15815.3 15815.3 15815.3 15815.3 15815.3 15815.3 15815.3 15815.3 15815.3 15815.3 15815.3 15815.3 15815.3 15815.3 15815.3 15815.3 15815.3 15815.3 15815.3 15815.3 15815.3 15815.3 15815.3 15815.3 15815.3 15815.3 15815.3 0 0 0 0 0 0 0 0 0 0 0 0 0 0 0 0 0 0 0 0 0 0 0 0 0
#obs catch bio
 5930.55 6192.39 6891.9 9870.45 13800.6 17861.7 22405.6 25705 31010.1 37553.9 48637.7 60374.3 79423.6 98333.3 112476 94751.9 81072.2 74839.8 82246.5 81503.9 89432.2 79802.8 86655.7 99248.4 117184 125403 111704 94102.6
#pred cpue bio
 8036.06 7130.45 7842.3 11018.7 14383 17152.7 19835.9 22238.8 25646.9 29930.7 38682.6 46907.8 58794.8 73165.5 79530.4 65338.1 57165.3 54026.8 55918 53520.1 52351.3 48191.6 52443.2 58284.3 66996.6 70453.9 62573 51335.1 874139 2.40524e+06 3.71956e+06 3.88008e+06 3.63378e+06 3.28743e+06 2.94983e+06 2.66289e+06 2.43657e+06 2.26605e+06 2.14129e+06 2.05168e+06 1.988e+06 1.94296e+06 1.91062e+06 1.88678e+06 1.87014e+06 1.85836e+06 1.84991e+06 1.84376e+06 1.83921e+06 1.8358e+06 1.8332e+06 1.8312e+06 1.82964e+06 1.82841e+06 1.82743e+06 1.82664e+06 1.82601e+06 1.8255e+06 1.82508e+06 1.82474e+06 1.82445e+06 1.82422e+06 1.82403e+06 1.82388e+06 1.82375e+06 1.82364e+06 1.82355e+06 1.82348e+06 1.82342e+06 1.82337e+06 1.82333e+06 1.82329e+06 1.82327e+06 1.82324e+06 1.82322e+06 1.82321e+06 1.82319e+06 1.82318e+06 1.82317e+06 1.82316e+06 1.82316e+06 1.82315e+06 1.82315e+06 1.82315e+06 1.82314e+06 1.82314e+06 1.82314e+06 1.82314e+06 1.82313e+06 1.82313e+06 1.82313e+06 1.82313e+06 1.82313e+06 1.82313e+06 1.82313e+06 1.82313e+06 1.82313e+06 1.82313e+06 1.82313e+06 1.82313e+06 1.82313e+06 1.82313e+06 1.82313e+06 1.82313e+06 1.82313e+06 1.82313e+06 1.82313e+06 1.82313e+06 1.82313e+06 1.82313e+06 1.82313e+06 1.82313e+06 1.82313e+06 1.82313e+06 1.82313e+06 1.82313e+06 1.82313e+06 1.82313e+06 1.82313e+06 1.82313e+06 1.82313e+06 1.82313e+06 1.82313e+06 1.82313e+06 1.82313e+06 1.82313e+06 1.82313e+06 1.82313e+06 0 0 0 0 0 0 0 0 0 0 0 0 0 0 0 0 0 0 0 0 0 0 0 0 0
#obs cpue bio
 8420.94 8177.83 12094.7 14197.1 16431.5 21537.9 27679 23954.5 45013.8 65213.3 67804.3 80975.7 150443 124172 93957.4 90967.6 100374 117035 98823 89554.7 98488.5 95567 85560.2 124542 135372 114044 115454 113767
#pred surv len freq
 2.56124e-27 2.58324e-27 2.8764e-26 5.52813e-20 1.35515e-14 4.01556e-10 1.43831e-06 0.000622732 0.0325915 0.206183 0.158072 0.0399101 0.192721 0.178239 0.0449443 0.0580985 0.0247691 0.0187696 0.0114328 0.0086244 0.00672702 0.00579387 0.00579725 0.00513446 0.00156683
 2.56344e-27 2.58942e-27 3.42943e-26 6.6948e-20 1.64115e-14 4.86302e-10 1.74185e-06 0.000754155 0.0394697 0.249697 0.191263 0.0377043 0.15262 0.141925 0.0513383 0.0815597 0.0278034 0.0117435 0.00522993 0.00295945 0.00187621 0.00138193 0.00122479 0.00108524 0.000362961
 2.56601e-27 2.59603e-27 3.97733e-26 7.85051e-20 1.92446e-14 5.70251e-10 2.04254e-06 0.000884343 0.0462833 0.292801 0.224204 0.0394194 0.142527 0.131858 0.0359163 0.0490021 0.019185 0.011722 0.00378401 0.00119398 0.000501408 0.000280236 0.000205249 0.000170885 5.91921e-05
 2.56432e-27 2.59131e-27 3.54703e-26 6.9427e-20 1.70192e-14 5.04309e-10 1.80635e-06 0.000782081 0.0409313 0.258943 0.198387 0.0416903 0.177948 0.164413 0.0393408 0.048478 0.0168905 0.00769086 0.00299545 0.00109761 0.000251831 7.89331e-05 4.06716e-05 2.91142e-05 9.98622e-06
 2.56426e-27 2.59132e-27 3.5635e-26 6.9775e-20 1.71045e-14 5.06837e-10 1.81541e-06 0.000786001 0.0411365 0.260241 0.199355 0.0402429 0.166254 0.153987 0.044146 0.0620353 0.0205879 0.00769264 0.00247971 0.000779014 0.000216314 4.17955e-05 1.02562e-05 5.23419e-06 1.68314e-06
 2.56502e-27 2.59327e-27 3.72702e-26 7.32243e-20 1.79501e-14 5.31892e-10 1.90515e-06 0.000824856 0.04317 0.273106 0.209183 0.0405751 0.161876 0.149728 0.0394041 0.052334 0.0182853 0.00824204 0.00247958 0.000618952 0.000137603 2.76471e-05 3.93952e-06 9.14031e-07 2.44693e-07
 2.56475e-27 2.59241e-27 3.63753e-26 7.13358e-20 1.74871e-14 5.18175e-10 1.85601e-06 0.000803583 0.0420567 0.266062 0.203826 0.0419009 0.17573 0.16231 0.0379924 0.0458761 0.0152358 0.00574483 0.00183505 0.000512565 9.53314e-05 1.4923e-05 1.87909e-06 1.94578e-07 3.03643e-08
 2.56523e-27 2.59369e-27 3.74857e-26 7.36784e-20 1.80614e-14 5.35191e-10 1.91696e-06 0.000829972 0.0434377 0.274799 0.210495 0.0417241 0.169699 0.156744 0.0370178 0.0450096 0.0142853 0.00433049 0.00124708 0.000306339 6.25642e-05 8.98401e-06 8.68691e-07 6.15545e-08 4.04383e-09
 2.56552e-27 2.59443e-27 3.80791e-26 7.49298e-20 1.83681e-14 5.44281e-10 1.94952e-06 0.000844069 0.0441755 0.279467 0.214064 0.0420201 0.169444 0.156403 0.0350361 0.0405702 0.0128508 0.00385102 0.00102752 0.000203852 3.57669e-05 5.13827e-06 4.68115e-07 2.46944e-08 8.43172e-10
 2.56714e-27 2.59873e-27 4.18094e-26 8.27991e-20 2.02972e-14 6.01442e-10 2.15427e-06 0.000932715 0.0488149 0.308817 0.236468 0.0415586 0.150191 0.138496 0.0293335 0.032049 0.00991382 0.0025964 0.000676637 0.00012877 1.90863e-05 2.24171e-06 1.92615e-07 9.30159e-09 2.16721e-10
 2.56601e-27 2.59556e-27 3.89007e-26 7.66625e-20 1.87929e-14 5.56867e-10 1.9946e-06 0.000863588 0.0451971 0.285929 0.219018 0.0432763 0.175522 0.161681 0.0299843 0.0276827 0.00837466 0.00190951 0.000468214 7.86018e-05 1.11057e-05 1.14064e-06 7.87181e-08 3.44326e-09 6.98311e-11
 2.56647e-27 2.59688e-27 4.01358e-26 7.92683e-20 1.94317e-14 5.75795e-10 2.0624e-06 0.000892941 0.0467333 0.295648 0.226424 0.0423288 0.163108 0.150375 0.0307037 0.032153 0.00947498 0.00170426 0.000386221 5.67405e-05 7.16557e-06 6.65573e-07 4.03262e-08 1.42378e-09 2.53683e-11
 2.56748e-27 2.59958e-27 4.24858e-26 8.42256e-20 2.06469e-14 6.11804e-10 2.19138e-06 0.000948784 0.0496559 0.314137 0.240537 0.0420058 0.150736 0.138858 0.0268579 0.0262932 0.00788451 0.00166302 0.000371263 4.3842e-05 4.83209e-06 3.88668e-07 2.0744e-08 6.32976e-10 9.18937e-12
 2.56596e-27 2.59534e-27 3.86386e-26 7.61094e-20 1.86573e-14 5.52849e-10 1.98021e-06 0.000857356 0.0448709 0.283866 0.217454 0.0439449 0.18171 0.167261 0.0286234 0.0231592 0.0067758 0.00117807 0.000259635 3.4294e-05 3.45746e-06 2.24961e-07 1.0171e-08 2.67655e-10 3.30892e-12
 2.56401e-27 2.59016e-27 3.41483e-26 6.66369e-20 1.63352e-14 4.84042e-10 1.73376e-06 0.000750651 0.0392864 0.248537 0.190484 0.0444125 0.204217 0.188255 0.0364166 0.0356286 0.0102539 0.00143311 0.000287843 3.23411e-05 3.31409e-06 2.20119e-07 8.20887e-09 1.77064e-10 1.85665e-12
 2.56506e-27 2.59304e-27 3.67424e-26 7.21096e-20 1.76768e-14 5.23795e-10 1.87615e-06 0.000812299 0.0425128 0.268948 0.206052 0.04331 0.184889 0.17049 0.0345593 0.0358738 0.0104692 0.00170212 0.000344495 3.13137e-05 2.73484e-06 1.64675e-07 6.2635e-09 1.17286e-10 9.93203e-13
 2.56582e-27 2.59503e-27 3.84132e-26 7.56339e-20 1.85407e-14 5.49395e-10 1.96784e-06 0.000852 0.0445906 0.282093 0.216094 0.0435862 0.179936 0.165728 0.0302472 0.0272452 0.0079652 0.00134811 0.000281221 2.88029e-05 2.39397e-06 1.15323e-07 3.80195e-09 6.93377e-11 5.27757e-13
 2.56586e-27 2.59507e-27 3.84076e-26 7.56221e-20 1.85379e-14 5.4931e-10 1.96754e-06 0.000851868 0.0445837 0.282049 0.216066 0.0439523 0.182741 0.168234 0.0292012 0.0242217 0.00694098 0.000947262 0.000187284 1.98406e-05 1.7573e-06 8.96789e-08 2.50079e-09 3.79029e-11 2.69641e-13
 2.56642e-27 2.59666e-27 3.985e-26 7.86651e-20 1.92838e-14 5.71414e-10 2.04671e-06 0.000886146 0.0463777 0.293398 0.22472 0.0431741 0.170739 0.157243 0.0287818 0.02603 0.00745352 0.000988338 0.000188128 1.66882e-05 1.40566e-06 7.55394e-08 2.25097e-09 3.11115e-11 1.82743e-13
 2.56604e-27 2.5955e-27 3.87335e-26 7.63093e-20 1.87063e-14 5.54301e-10 1.98541e-06 0.000859608 0.0449888 0.284612 0.218029 0.044318 0.184145 0.169418 0.0273748 0.0197604 0.00562344 0.000721765 0.000135052 1.13779e-05 8.672e-07 4.01567e-08 1.20513e-09 1.76834e-11 9.93899e-14
 2.56723e-27 2.59877e-27 4.16586e-26 8.24801e-20 2.0219e-14 5.99125e-10 2.14597e-06 0.000929122 0.0486269 0.307627 0.235585 0.0431543 0.162955 0.149935 0.0252217 0.0197499 0.00554572 0.000564483 9.59123e-05 7.83872e-06 5.78233e-07 2.46345e-08 6.40867e-10 8.90694e-12 5.22473e-14
 2.56766e-27 2.59984e-27 4.24927e-26 8.42393e-20 2.06503e-14 6.11904e-10 2.19174e-06 0.000948939 0.049664 0.314188 0.240606 0.0438629 0.164819 0.151419 0.0211936 0.0101995 0.00281053 0.000245669 3.74712e-05 2.41398e-06 1.53872e-07 6.26011e-09 1.52144e-10 1.85814e-12 9.98253e-15
 2.56752e-27 2.59948e-27 4.21993e-26 8.36205e-20 2.04985e-14 6.07409e-10 2.17564e-06 0.000941967 0.0492992 0.31188 0.238842 0.0437575 0.165256 0.151873 0.0221852 0.0123412 0.00337288 0.000220642 2.66584e-05 1.51505e-06 8.15814e-08 2.60033e-09 5.68387e-11 6.49397e-13 3.11532e-15
 2.56833e-27 2.60169e-27 4.41728e-26 8.77839e-20 2.15192e-14 6.37652e-10 2.28396e-06 0.000988868 0.0517538 0.327409 0.250687 0.0429811 0.151026 0.138784 0.0206408 0.0121157 0.00333107 0.000246326 3.2537e-05 1.46524e-06 5.93325e-08 1.58273e-09 2.75151e-11 2.60951e-13 1.15094e-15
 2.5681e-27 2.60105e-27 4.35671e-26 8.65058e-20 2.12059e-14 6.28368e-10 2.25071e-06 0.00097447 0.0510003 0.322642 0.247055 0.043493 0.157473 0.144652 0.020205 0.00964802 0.00263675 0.000191898 2.52005e-05 1.24064e-06 5.28717e-08 1.06191e-09 1.41496e-11 1.0631e-13 3.76597e-16
 2.56727e-27 2.59875e-27 4.15064e-26 8.21586e-20 2.01402e-14 5.9679e-10 2.1376e-06 0.0009255 0.0484373 0.306428 0.234688 0.0443252 0.172495 0.158465 0.0217474 0.00968697 0.00262393 0.000158129 1.72582e-05 8.27511e-07 3.51907e-08 7.7212e-10 9.4314e-12 5.18343e-14 1.4126e-16
 2.5667e-27 2.59719e-27 4.01162e-26 7.92259e-20 1.94213e-14 5.75487e-10 2.0613e-06 0.000892463 0.0467083 0.29549 0.226343 0.0448446 0.18231 0.167498 0.0229241 0.010095 0.00272598 0.000150472 1.45003e-05 5.91863e-07 2.01441e-08 4.25077e-10 5.36295e-12 2.99271e-14 6.51433e-17
 2.56621e-27 2.59586e-27 3.89435e-26 7.6752e-20 1.88148e-14 5.57517e-10 1.99693e-06 0.000864595 0.0452498 0.286263 0.219303 0.0451706 0.189737 0.17436 0.0242864 0.011472 0.00310381 0.000170246 1.61897e-05 6.17157e-07 1.79194e-08 3.05465e-10 3.26553e-12 1.79707e-14 4.02273e-17
#obs surv len freq
 1.08449e-41 1.5052e-33 2.52529e-26 5.12124e-20 1.25541e-14 3.72002e-10 1.33245e-06 0.000576905 0.0301929 0.19101 0.146562 0.0401585 0.173283 0.146633 0.103847 0.101775 0.0441843 0.0173371 0.00392107 0.00049229 2.52228e-05 3.82567e-07 1.29443e-09 7.96544e-13 7.80424e-17
 1.60186e-41 2.22328e-33 3.73001e-26 7.56439e-20 1.85432e-14 5.49469e-10 1.96811e-06 0.000852124 0.0445968 0.282132 0.216158 0.0406159 0.126424 0.102084 0.0762054 0.069026 0.0291242 0.0104304 0.00211109 0.000227575 9.53874e-06 1.12126e-07 2.81785e-10 1.25517e-13 8.77979e-18
 1.53293e-41 2.1276e-33 3.56949e-26 7.23886e-20 1.77452e-14 5.25823e-10 1.88341e-06 0.000815453 0.0426776 0.269992 0.207117 0.04997 0.176731 0.128856 0.056713 0.0429218 0.0174291 0.00566383 0.00101611 9.21807e-05 3.10435e-06 2.80939e-08 5.24899e-11 1.69645e-14 8.48391e-19
 1.07773e-41 1.49582e-33 2.50954e-26 5.0893e-20 1.24758e-14 3.69682e-10 1.32414e-06 0.000573307 0.0300046 0.18982 0.14613 0.0564467 0.22992 0.162876 0.097952 0.0657992 0.0159335 0.00389212 0.000604722 4.5501e-05 1.20876e-06 8.30605e-09 1.14807e-11 2.69495e-15 9.66362e-20
 1.50384e-41 2.08723e-33 3.50176e-26 7.1015e-20 1.74085e-14 5.15845e-10 1.84767e-06 0.000799979 0.0418677 0.264869 0.20324 0.0472609 0.142344 0.104199 0.103754 0.0688879 0.0189089 0.00351897 0.000328373 1.86508e-05 3.84124e-07 1.97745e-09 2.00188e-12 3.39707e-16 8.73114e-21
 1.19926e-41 1.66449e-33 2.79252e-26 5.66318e-20 1.38826e-14 4.11368e-10 1.47345e-06 0.000637954 0.033388 0.211226 0.162835 0.0649783 0.231258 0.144064 0.0785867 0.0498616 0.019117 0.00374137 0.000294799 1.01334e-05 1.3853e-07 5.18019e-10 3.80084e-13 4.62708e-17 8.48123e-22
 1.38096e-41 1.91669e-33 3.21564e-26 6.52125e-20 1.59861e-14 4.73697e-10 1.69671e-06 0.000734615 0.0384468 0.243229 0.187152 0.0580191 0.175239 0.116503 0.109073 0.0564041 0.0125556 0.00241957 0.000215604 6.18037e-06 5.28071e-08 1.22683e-10 6.14398e-14 5.27928e-18 6.85224e-23
 1.19399e-41 1.65718e-33 2.78027e-26 5.63833e-20 1.38217e-14 4.09562e-10 1.46698e-06 0.000635154 0.0332414 0.210301 0.162574 0.072267 0.227305 0.133402 0.0938771 0.0494596 0.0147454 0.00205433 0.000133476 3.72978e-06 2.66378e-08 4.07828e-11 1.2515e-14 6.92952e-19 6.11059e-24
 1.51317e-41 2.10018e-33 3.52349e-26 7.14556e-20 1.75165e-14 5.19046e-10 1.85914e-06 0.000804942 0.0421275 0.266516 0.205318 0.0643653 0.166805 0.104023 0.0965544 0.0423754 0.00964003 0.00138659 8.05467e-05 1.58788e-06 9.32573e-09 1.16798e-11 2.54592e-15 9.03596e-20 5.01568e-25
 1.52074e-41 2.11068e-33 3.54111e-26 7.18129e-20 1.76041e-14 5.21642e-10 1.86844e-06 0.000808968 0.0423382 0.267852 0.206959 0.0779658 0.198374 0.103567 0.0659622 0.0283232 0.00701891 0.000789197 3.81285e-05 6.43611e-07 2.7459e-09 2.53998e-12 4.29801e-16 1.14389e-20 4.43362e-26
 1.09708e-41 1.52267e-33 2.5546e-26 5.18068e-20 1.26998e-14 3.76319e-10 1.34791e-06 0.0005836 0.0305433 0.193241 0.151057 0.0971476 0.258003 0.136091 0.0953449 0.0318843 0.00550718 0.000571461 2.35164e-05 3.05169e-07 1.02547e-09 7.00912e-13 8.4142e-17 1.62547e-21 4.67335e-27
 1.66273e-41 2.30776e-33 3.87175e-26 7.85183e-20 1.92478e-14 5.70349e-10 2.0429e-06 0.000884503 0.0462914 0.292863 0.226126 0.0712402 0.144796 0.0942332 0.0898863 0.0287046 0.00462253 0.000339078 1.03671e-05 1.08455e-07 2.74378e-10 1.39234e-13 1.22986e-17 1.69762e-22 3.43488e-28
 1.33653e-41 1.85501e-33 3.11217e-26 6.31142e-20 1.54717e-14 4.58455e-10 1.64211e-06 0.000710977 0.0372097 0.235424 0.184439 0.11041 0.242589 0.106705 0.0576802 0.020521 0.00403307 0.000269581 6.19473e-06 4.46032e-08 8.28434e-11 3.10629e-14 1.98645e-18 1.97681e-23 2.874e-29
 1.11602e-41 1.54897e-33 2.59871e-26 5.27014e-20 1.29191e-14 3.82817e-10 1.37119e-06 0.000593677 0.0310707 0.196594 0.155384 0.111876 0.235242 0.137926 0.104003 0.0241022 0.00299338 0.000209644 4.71905e-06 2.62948e-08 3.34138e-11 8.60276e-15 3.90846e-19 2.78573e-24 2.88675e-30
 8.74277e-42 1.21344e-33 2.03579e-26 4.12855e-20 1.01207e-14 2.99894e-10 1.07417e-06 0.000465078 0.0243404 0.154028 0.124143 0.123307 0.249037 0.160033 0.124897 0.034829 0.00470696 0.000209218 3.59947e-06 1.82619e-08 1.87868e-11 3.44266e-15 1.05858e-19 5.13693e-25 3.70001e-31
 1.41514e-41 1.96413e-33 3.29523e-26 6.68266e-20 1.63818e-14 4.85422e-10 1.7387e-06 0.000752798 0.0393985 0.249282 0.195408 0.0945686 0.159766 0.126379 0.101519 0.0286506 0.00407976 0.000192175 2.58865e-06 8.96387e-09 7.21619e-12 1.06829e-15 2.48543e-20 8.54034e-26 4.20702e-32
 9.7263e-42 1.34995e-33 2.26482e-26 4.593e-20 1.12592e-14 3.33631e-10 1.19501e-06 0.000517398 0.0270787 0.171393 0.141332 0.162022 0.272698 0.126491 0.0726083 0.0224652 0.00324006 0.000151214 1.98786e-06 5.78679e-09 3.29267e-12 3.41562e-16 5.92936e-21 1.55545e-26 5.73311e-33
 1.43517e-41 1.99192e-33 3.34186e-26 6.77722e-20 1.66136e-14 4.9229e-10 1.7633e-06 0.00076345 0.039956 0.252835 0.200125 0.107939 0.161396 0.135987 0.0840129 0.0152488 0.00165842 7.54981e-05 9.30677e-07 2.4524e-09 1.18021e-12 9.30572e-17 1.13509e-21 2.06745e-27 5.43252e-34
 1.00106e-41 1.38941e-33 2.33103e-26 4.72728e-20 1.15884e-14 3.43384e-10 1.22995e-06 0.000532525 0.0278704 0.176461 0.149188 0.183568 0.261271 0.121376 0.0623753 0.015842 0.00147103 4.28945e-05 4.2702e-07 9.8415e-10 4.04408e-13 2.63735e-17 2.54645e-22 3.47902e-28 6.54276e-35
 1.28447e-41 1.78277e-33 2.99096e-26 6.06561e-20 1.48691e-14 4.40599e-10 1.57815e-06 0.000683287 0.0357607 0.226351 0.183692 0.131851 0.180975 0.153243 0.0748496 0.0115827 0.000981782 2.81386e-05 1.98218e-07 3.22002e-10 1.03914e-13 5.48222e-18 4.24192e-23 4.5683e-29 6.64005e-36
 1.41382e-41 1.9623e-33 3.29216e-26 6.67643e-20 1.63665e-14 4.84969e-10 1.73708e-06 0.000752095 0.0393619 0.249194 0.204957 0.15954 0.187506 0.101029 0.0473766 0.00962264 0.00064586 1.31842e-05 7.89476e-08 9.86839e-11 2.20173e-14 8.22405e-19 4.75037e-24 3.92037e-30 4.38477e-37
 1.12907e-41 1.56707e-33 2.62909e-26 5.33174e-20 1.30701e-14 3.87292e-10 1.38722e-06 0.000600617 0.0314343 0.199144 0.172753 0.196795 0.225451 0.122643 0.0444211 0.00633129 0.000415964 7.90383e-06 3.45551e-08 3.21239e-11 5.497e-15 1.49391e-19 6.00078e-25 3.44477e-31 2.74599e-38
 1.37699e-41 1.91117e-33 3.20638e-26 6.50247e-20 1.594e-14 4.72333e-10 1.69182e-06 0.000732499 0.0383366 0.242797 0.203308 0.160451 0.179094 0.126104 0.0436871 0.00524088 0.000243901 3.61974e-06 1.36403e-08 9.85245e-12 1.21043e-15 2.38143e-20 7.0231e-26 2.92073e-32 1.64639e-39
 1.35348e-41 1.87855e-33 3.15165e-26 6.39149e-20 1.5668e-14 4.64271e-10 1.66294e-06 0.000719997 0.0376826 0.2388 0.206798 0.193742 0.188101 0.0973495 0.032411 0.00422253 0.000170018 1.83523e-06 4.93493e-09 2.74559e-12 2.63225e-16 3.85261e-21 8.12706e-27 2.39897e-33 9.67352e-41
 1.18752e-41 1.6482e-33 2.76519e-26 5.60775e-20 1.37468e-14 4.07341e-10 1.45903e-06 0.00063171 0.0330625 0.209725 0.19035 0.213905 0.206697 0.112911 0.0296795 0.00292696 0.000108021 1.03656e-06 2.10651e-09 8.17952e-13 5.55608e-17 5.9883e-22 9.4378e-28 2.05657e-34 5.99326e-42
 1.06637e-41 1.48005e-33 2.48309e-26 5.03566e-20 1.23443e-14 3.65785e-10 1.31018e-06 0.000567264 0.0296902 0.188544 0.178513 0.221235 0.217161 0.129249 0.0321943 0.00276816 7.58505e-05 5.67014e-07 9.54129e-10 2.90094e-13 1.42379e-17 1.06688e-22 1.17133e-28 1.81225e-35 3.81593e-43
 1.04934e-41 1.45642e-33 2.44344e-26 4.95524e-20 1.21472e-14 3.59944e-10 1.28926e-06 0.000558206 0.0292167 0.185706 0.17975 0.221725 0.216893 0.13167 0.0317974 0.00261982 6.11909e-05 3.46971e-07 4.24994e-10 9.7639e-14 3.68882e-18 2.07802e-23 1.65141e-29 1.79735e-36 2.62959e-44
 1.26983e-41 1.76243e-33 2.95685e-26 5.99643e-20 1.46995e-14 4.35574e-10 1.56016e-06 0.000675495 0.0353549 0.224433 0.204847 0.200108 0.19247 0.112893 0.0269658 0.00220144 4.98203e-05 2.58872e-07 2.66983e-10 4.88282e-14 1.45956e-18 6.64701e-24 4.34948e-30 3.90833e-37 4.67345e-45
#pred catch len freq
 2.55519e-27 2.56726e-27 1.51117e-26 2.64825e-20 6.49187e-15 1.92366e-10 6.89022e-07 0.00029832 0.015613 0.098773 0.0760547 0.039867 0.250016 0.231666 0.0642479 0.0889189 0.0378764 0.0286116 0.0173411 0.01303 0.0101411 0.00872636 0.00872883 0.00773043 0.002359
 2.55662e-27 2.57148e-27 1.90337e-26 3.47568e-20 8.5202e-15 2.52469e-10 9.04301e-07 0.000391528 0.0204911 0.129633 0.0995758 0.0371463 0.212792 0.198504 0.0803524 0.133615 0.045521 0.0191503 0.0084908 0.00478234 0.00302466 0.00222558 0.00197185 0.00174708 0.000584307
 2.55902e-27 2.57751e-27 2.38326e-26 4.48784e-20 1.10014e-14 3.25991e-10 1.16765e-06 0.000505546 0.0264585 0.167384 0.128456 0.0405595 0.218474 0.202629 0.0608115 0.0881881 0.0344941 0.0210025 0.00676089 0.00212121 0.000888311 0.00049587 0.000363043 0.000302238 0.00010469
 2.55781e-27 2.57395e-27 2.04215e-26 3.76814e-20 9.23713e-15 2.73713e-10 9.80393e-07 0.000424473 0.0222154 0.140541 0.108008 0.0436292 0.256201 0.237153 0.061761 0.0813962 0.0283429 0.0128463 0.00498378 0.00181817 0.000416147 0.000130211 6.7058e-05 4.79978e-05 1.64632e-05
 2.55781e-27 2.5742e-27 2.0873e-26 3.86348e-20 9.47086e-15 2.80638e-10 1.0052e-06 0.000435213 0.0227775 0.144097 0.110688 0.0414173 0.237487 0.220437 0.0688764 0.101782 0.0337454 0.0125296 0.00402481 0.00125747 0.000348304 6.72129e-05 1.64806e-05 8.40934e-06 2.70412e-06
 2.55888e-27 2.57692e-27 2.31045e-26 4.33417e-20 1.06247e-14 3.14829e-10 1.12766e-06 0.000488236 0.0255525 0.161653 0.124107 0.0422854 0.234665 0.217432 0.0610619 0.0847789 0.0295567 0.0132058 0.00396013 0.000982718 0.000217876 4.371e-05 6.22459e-06 1.44379e-06 3.86501e-07
 2.55897e-27 2.57694e-27 2.28881e-26 4.28842e-20 1.05125e-14 3.11506e-10 1.11576e-06 0.000483082 0.0252828 0.159946 0.122835 0.0442307 0.250362 0.231553 0.0569982 0.0718371 0.023808 0.00888071 0.00282523 0.000784749 0.000145598 2.27531e-05 2.86304e-06 2.96387e-07 4.62484e-08
 2.5595e-27 2.57832e-27 2.40704e-26 4.53783e-20 1.1124e-14 3.29623e-10 1.18065e-06 0.000511178 0.0267532 0.169249 0.129936 0.0441284 0.244595 0.226227 0.0560204 0.0708787 0.0224577 0.00672942 0.00193018 0.000471257 9.59909e-05 1.3764e-05 1.32989e-06 9.42068e-08 6.18834e-09
 2.56003e-27 2.57966e-27 2.51588e-26 4.7674e-20 1.16867e-14 3.46298e-10 1.24038e-06 0.000537037 0.0281066 0.177811 0.136483 0.0446539 0.243994 0.225482 0.052418 0.0628403 0.0198655 0.00587572 0.00156186 0.000307877 5.38646e-05 7.72534e-06 7.0333e-07 3.70916e-08 1.26632e-09
 2.56185e-27 2.58447e-27 2.92855e-26 5.63792e-20 1.38207e-14 4.09532e-10 1.46687e-06 0.0006351 0.0332388 0.210279 0.161271 0.0444458 0.224995 0.207729 0.0452876 0.0510127 0.0157506 0.0040663 0.00105526 0.000199534 2.94946e-05 3.45777e-06 2.96872e-07 1.43321e-08 3.33892e-10
 2.56081e-27 2.58147e-27 2.6471e-26 5.04411e-20 1.2365e-14 3.66398e-10 1.31238e-06 0.000568209 0.029738 0.188132 0.144395 0.0466307 0.253479 0.23371 0.0443962 0.0424174 0.012814 0.00287995 0.000703151 0.000117268 1.65215e-05 1.69384e-06 1.16799e-07 5.10721e-09 1.03565e-10
 2.56125e-27 2.58279e-27 2.77381e-26 5.31145e-20 1.30204e-14 3.85817e-10 1.38193e-06 0.000598324 0.0313141 0.198102 0.151988 0.0453723 0.238567 0.220178 0.046147 0.0497918 0.0146569 0.00259881 0.000586118 8.55401e-05 1.07707e-05 9.98514e-07 6.04481e-08 2.13343e-09 3.80074e-11
 2.56271e-27 2.58665e-27 3.10806e-26 6.01656e-20 1.47489e-14 4.37035e-10 1.56539e-06 0.000677753 0.0354711 0.224401 0.172064 0.0450629 0.222107 0.204811 0.040191 0.0400947 0.0120018 0.00248981 0.000553437 6.49183e-05 7.13136e-06 5.72447e-07 3.05253e-08 9.31079e-10 1.35151e-11
 2.56115e-27 2.58227e-27 2.70682e-26 5.17006e-20 1.26738e-14 3.75546e-10 1.34514e-06 0.000582396 0.0304805 0.192829 0.147994 0.047416 0.256926 0.236677 0.0410396 0.0339939 0.00993391 0.00169976 0.000372663 4.88961e-05 4.91575e-06 3.19157e-07 1.44156e-08 3.79195e-10 4.68709e-12
 2.55959e-27 2.57818e-27 2.35763e-26 4.43345e-20 1.08681e-14 3.22041e-10 1.1535e-06 0.00049942 0.0261378 0.165356 0.127014 0.0472975 0.270764 0.249743 0.0487406 0.0482433 0.0138686 0.00190626 0.000380456 4.24576e-05 4.33628e-06 2.87437e-07 1.07094e-08 2.30888e-10 2.42059e-12
 2.56066e-27 2.58115e-27 2.62597e-26 4.99956e-20 1.22558e-14 3.63162e-10 1.30078e-06 0.00056319 0.0294753 0.18647 0.143117 0.0460712 0.250119 0.230784 0.0470635 0.0492027 0.0143369 0.00228993 0.000460954 4.16278e-05 3.62204e-06 2.17614e-07 8.26909e-09 1.54773e-10 1.31038e-12
 2.56154e-27 2.58341e-27 2.81336e-26 5.39484e-20 1.32248e-14 3.91875e-10 1.40363e-06 0.000607718 0.0318058 0.201213 0.154383 0.0465946 0.246187 0.226889 0.0415321 0.0375777 0.0109673 0.00182252 0.000378086 3.84662e-05 3.18694e-06 1.53175e-07 5.04424e-09 9.1949e-11 6.99726e-13
 2.56135e-27 2.58282e-27 2.75509e-26 5.27189e-20 1.29234e-14 3.82943e-10 1.37164e-06 0.000593867 0.0310809 0.196627 0.150891 0.0472321 0.253491 0.233526 0.0408318 0.0342996 0.00981847 0.00131789 0.000258896 2.72446e-05 2.40538e-06 1.22492e-07 3.41244e-09 5.16911e-11 3.67648e-13
 2.56237e-27 2.58565e-27 3.01076e-26 5.81126e-20 1.42456e-14 4.22123e-10 1.51197e-06 0.000654626 0.0342608 0.216744 0.166234 0.0460664 0.23384 0.215489 0.0393916 0.0355535 0.0101665 0.00132375 0.000250236 2.20515e-05 1.85038e-06 9.92222e-08 2.95382e-09 4.08058e-11 2.39628e-13
 2.56198e-27 2.58444e-27 2.89116e-26 5.55891e-20 1.3627e-14 4.03792e-10 1.44632e-06 0.000626199 0.032773 0.207332 0.15907 0.0475177 0.249918 0.23006 0.0371519 0.0267841 0.00761228 0.000959652 0.000178306 1.49251e-05 1.1333e-06 5.2358e-08 1.56959e-09 2.302e-11 1.29357e-13
 2.56401e-27 2.59001e-27 3.38783e-26 6.60669e-20 1.61955e-14 4.79901e-10 1.71893e-06 0.00074423 0.0389503 0.246411 0.188881 0.0457046 0.215175 0.198079 0.0329349 0.0252128 0.00706957 0.000706406 0.000118873 9.65081e-06 7.09141e-07 3.01425e-08 7.83281e-10 1.08801e-11 6.38075e-14
 2.56416e-27 2.59027e-27 3.39583e-26 6.62351e-20 1.62367e-14 4.81123e-10 1.7233e-06 0.000746124 0.0390495 0.247038 0.18938 0.0469456 0.224269 0.20616 0.0287206 0.0135796 0.00373709 0.000321302 4.84952e-05 3.10557e-06 1.97027e-07 7.997e-09 1.9414e-10 2.36969e-12 1.27275e-14
 2.5639e-27 2.5896e-27 3.3392e-26 6.50406e-20 1.59439e-14 4.72447e-10 1.69223e-06 0.000732669 0.0383453 0.242583 0.185977 0.0468598 0.226007 0.20783 0.0302248 0.0165819 0.00452822 0.000292363 3.48473e-05 1.96927e-06 1.05515e-07 3.35507e-09 7.32389e-11 8.36282e-13 4.01083e-15
 2.565e-27 2.5926e-27 3.60779e-26 7.07069e-20 1.73329e-14 5.13606e-10 1.83965e-06 0.000796498 0.0416858 0.263717 0.202097 0.0458164 0.206741 0.190106 0.02808 0.0161546 0.00443674 0.000323201 4.21732e-05 1.89076e-06 7.61025e-08 2.02497e-09 3.51536e-11 3.33166e-13 1.46902e-15
 2.56499e-27 2.59252e-27 3.59633e-26 7.04649e-20 1.72736e-14 5.11848e-10 1.83335e-06 0.000793772 0.0415432 0.262814 0.201415 0.0462614 0.210606 0.193571 0.0268442 0.0124693 0.003403 0.000243932 3.16268e-05 1.5493e-06 6.56704e-08 1.31606e-09 1.7506e-11 1.31428e-13 4.65422e-16
 2.56433e-27 2.5907e-27 3.43235e-26 6.70055e-20 1.64256e-14 4.8672e-10 1.74335e-06 0.000754803 0.0395037 0.249912 0.191575 0.0469779 0.222973 0.20493 0.0278976 0.0120113 0.00324868 0.00019327 2.0766e-05 9.90656e-07 4.18931e-08 9.17086e-10 1.11859e-11 6.14296e-14 1.67341e-16
 2.56374e-27 2.58909e-27 3.28808e-26 6.3962e-20 1.56795e-14 4.64612e-10 1.66416e-06 0.000720519 0.0377093 0.23856 0.182916 0.0475225 0.233201 0.214343 0.0291012 0.0123852 0.00333965 0.000182241 1.72677e-05 7.0179e-07 2.37329e-08 4.99565e-10 6.29312e-12 3.50926e-14 7.63597e-17
 2.56377e-27 2.58919e-27 3.2983e-26 6.41776e-20 1.57324e-14 4.66178e-10 1.66977e-06 0.000722947 0.0378365 0.239364 0.183527 0.0473885 0.231751 0.213031 0.0293359 0.0132492 0.00357858 0.00019399 1.81267e-05 6.88296e-07 1.98518e-08 3.37587e-10 3.60237e-12 1.98086e-14 4.43254e-17
#obs catch len freq
 5.0101e-42 6.95369e-34 1.16663e-26 2.36589e-20 5.79971e-15 1.71856e-10 6.1556e-07 0.000266516 0.0139484 0.0882428 0.0681053 0.0398639 0.218492 0.186499 0.143711 0.143391 0.064513 0.0260478 0.00608826 0.00078775 4.19268e-05 6.64999e-07 2.3495e-09 1.50116e-12 1.51823e-16
 5.70398e-42 7.91674e-34 1.3282e-26 2.69356e-20 6.60294e-15 1.95657e-10 7.00813e-07 0.000303428 0.0158802 0.100464 0.0775492 0.0436577 0.223263 0.181667 0.143289 0.13127 0.0567709 0.0209372 0.00442978 0.000496838 2.15805e-05 2.63124e-07 6.86572e-10 3.16763e-13 2.28523e-17
 1.0768e-41 1.49453e-33 2.50738e-26 5.08491e-20 1.24651e-14 3.69363e-10 1.323e-06 0.000572812 0.0299787 0.189655 0.1457 0.045077 0.181315 0.140682 0.114337 0.0962223 0.0402253 0.0134549 0.00252866 0.00024139 8.49215e-06 7.95825e-08 1.53428e-10 5.10915e-14 2.62735e-18
 1.11401e-41 1.54617e-33 2.59402e-26 5.26062e-20 1.28958e-14 3.82126e-10 1.36871e-06 0.000592606 0.0310146 0.19621 0.151049 0.0583415 0.237543 0.164072 0.0769556 0.0546068 0.0218446 0.00659179 0.0010887 8.66696e-05 2.42804e-06 1.73904e-08 2.48035e-11 5.97597e-15 2.19382e-19
 7.87311e-42 1.09274e-33 1.83329e-26 3.71788e-20 9.11394e-15 2.70063e-10 9.67321e-07 0.000418816 0.0219192 0.138671 0.107378 0.0647735 0.27351 0.184366 0.116436 0.0712526 0.0168126 0.00387455 0.000550243 3.59905e-05 7.88593e-07 4.26169e-09 4.47749e-12 7.81413e-16 2.05378e-20
 1.25885e-41 1.7472e-33 2.93129e-26 5.9446e-20 1.45725e-14 4.3181e-10 1.54667e-06 0.000669655 0.0350471 0.221721 0.170527 0.0529747 0.172818 0.122344 0.124956 0.0753284 0.0199449 0.00336404 0.000289773 1.43455e-05 2.41849e-07 9.73547e-10 7.46388e-13 9.39436e-17 1.76714e-21
 1.04063e-41 1.44432e-33 2.42315e-26 4.91409e-20 1.20463e-14 3.56955e-10 1.27855e-06 0.000553569 0.0289716 0.183288 0.141876 0.0736429 0.259733 0.153286 0.0858818 0.0507368 0.0185547 0.0032399 0.000227235 6.75996e-06 7.62095e-08 2.22249e-10 1.23109e-13 1.10935e-17 1.48621e-22
 1.2803e-41 1.77697e-33 2.98123e-26 6.04588e-20 1.48208e-14 4.39166e-10 1.57302e-06 0.000681064 0.0356442 0.225501 0.173926 0.0644639 0.19258 0.123768 0.1157 0.0539128 0.0116095 0.00204974 0.000158729 3.81728e-06 2.66028e-08 4.84533e-11 1.83356e-14 1.1647e-18 1.10371e-23
 1.14852e-41 1.59406e-33 2.67437e-26 5.42357e-20 1.32953e-14 3.93963e-10 1.41111e-06 0.000610962 0.0319753 0.202293 0.15687 0.0798226 0.239296 0.13428 0.094465 0.0458839 0.0128195 0.00158831 9.22009e-05 2.14318e-06 1.21965e-08 1.45008e-11 3.3691e-15 1.38135e-19 8.88935e-25
 1.51499e-41 2.1027e-33 3.52772e-26 7.15414e-20 1.75375e-14 5.19669e-10 1.86137e-06 0.000805909 0.0421781 0.266838 0.205882 0.0695423 0.171037 0.103623 0.0936526 0.0373 0.00805257 0.00103453 5.17597e-05 8.528e-07 3.99381e-09 3.84018e-12 6.29878e-16 1.65658e-20 6.72335e-26
 1.55279e-41 2.15517e-33 3.61575e-26 7.33267e-20 1.79752e-14 5.32637e-10 1.90782e-06 0.00082602 0.0432306 0.273501 0.211661 0.0832034 0.197162 0.0984193 0.0615149 0.0243295 0.00557289 0.000554015 2.32169e-05 3.21567e-07 1.08656e-09 7.72134e-13 9.79309e-17 1.92537e-21 5.46093e-27
 1.15334e-41 1.60076e-33 2.6856e-26 5.44634e-20 1.33511e-14 3.95616e-10 1.41703e-06 0.000613527 0.0321096 0.203154 0.159201 0.103917 0.253906 0.129134 0.0870078 0.0262969 0.00425394 0.000390525 1.36701e-05 1.45304e-07 3.84119e-10 2.00417e-13 1.8006e-17 2.56501e-22 5.38416e-28
 1.72307e-41 2.39151e-33 4.01225e-26 8.13677e-20 1.99463e-14 5.91046e-10 2.11703e-06 0.000916601 0.0479713 0.303494 0.234594 0.0748528 0.140512 0.0904048 0.0803618 0.0232421 0.00342367 0.000219801 5.76051e-06 4.89088e-08 9.67811e-11 3.73825e-14 2.46345e-18 2.50356e-23 3.69524e-29
 1.39835e-41 1.94082e-33 3.25613e-26 6.60337e-20 1.61874e-14 4.79662e-10 1.71807e-06 0.000743865 0.038931 0.24632 0.193465 0.116411 0.234135 0.0986518 0.0513169 0.0168961 0.00295498 0.000169996 3.29073e-06 1.92369e-08 2.79101e-11 7.93488e-15 3.77738e-19 2.7632e-24 2.92727e-30
 1.18534e-41 1.64517e-33 2.76011e-26 5.59745e-20 1.37215e-14 4.06592e-10 1.45635e-06 0.000630548 0.0330004 0.20881 0.165557 0.118681 0.228663 0.132013 0.0912968 0.0190309 0.00218144 0.00013194 2.44264e-06 1.08824e-08 1.07607e-11 2.10071e-15 7.09546e-20 3.71211e-25 2.80036e-31
 9.43468e-42 1.30947e-33 2.19691e-26 4.45529e-20 1.09216e-14 3.23627e-10 1.15918e-06 0.000501885 0.0262667 0.166227 0.134569 0.131652 0.24376 0.155075 0.110392 0.0280999 0.00332731 0.000127078 1.83051e-06 7.35029e-09 5.81302e-12 8.04003e-16 1.83698e-20 6.54107e-26 3.4264e-32
 1.50138e-41 2.08381e-33 3.49603e-26 7.08987e-20 1.738e-14 5.15001e-10 1.84465e-06 0.000798669 0.0417992 0.264479 0.207722 0.098747 0.15328 0.120513 0.0871884 0.0225503 0.00280771 0.000111532 1.22661e-06 3.37887e-09 2.09149e-12 2.32286e-16 4.00121e-21 1.00846e-26 3.6154e-33
 1.04922e-41 1.45624e-33 2.44315e-26 4.95465e-20 1.21458e-14 3.59901e-10 1.28911e-06 0.000558139 0.0292109 0.184905 0.153249 0.170051 0.260961 0.118014 0.0629091 0.0178278 0.00222499 8.72861e-05 9.25026e-07 2.10581e-09 9.16696e-13 7.13658e-17 9.15078e-22 1.75564e-27 4.70479e-34
 1.5284e-41 2.12131e-33 3.55894e-26 7.21746e-20 1.76928e-14 5.24269e-10 1.87785e-06 0.000813043 0.0425515 0.269271 0.213585 0.111468 0.153608 0.126962 0.0691672 0.0114267 0.00110455 4.20011e-05 4.13915e-07 8.45652e-10 3.08474e-13 1.81576e-17 1.63435e-22 2.17543e-28 4.14625e-35
 1.08359e-41 1.50395e-33 2.52318e-26 5.11697e-20 1.25436e-14 3.71691e-10 1.33134e-06 0.000576423 0.0301679 0.191034 0.162369 0.19061 0.247564 0.111904 0.0528016 0.0120011 0.000946311 2.33033e-05 1.8654e-07 3.31186e-10 1.02509e-13 4.96402e-18 3.52409e-23 3.515e-29 4.79856e-36
 1.38292e-41 1.91941e-33 3.2202e-26 6.53051e-20 1.60088e-14 4.74369e-10 1.69911e-06 0.000735657 0.0385016 0.24372 0.198329 0.13564 0.172615 0.140933 0.0604234 0.00846502 0.000621392 1.45785e-05 8.17001e-08 1.02695e-10 2.49149e-14 9.7184e-19 5.50825e-24 4.31831e-30 4.54848e-37
 1.50925e-41 2.09474e-33 3.51436e-26 7.12706e-20 1.74711e-14 5.17702e-10 1.85432e-06 0.000802858 0.0420188 0.266043 0.219448 0.161574 0.173853 0.0905945 0.0384077 0.00686211 0.000387656 6.55918e-06 3.1024e-08 2.967e-11 4.9708e-15 1.37209e-19 5.78927e-25 3.46678e-31 2.80238e-38
 1.22259e-41 1.69687e-33 2.84685e-26 5.77335e-20 1.41527e-14 4.1937e-10 1.50212e-06 0.000650364 0.0340381 0.215685 0.18787 0.200528 0.211384 0.109812 0.0352798 0.00449697 0.000249717 3.83187e-06 1.31636e-08 9.3607e-12 1.19708e-15 2.39849e-20 7.03726e-26 2.92854e-32 1.68292e-39
 1.47771e-41 2.05097e-33 3.44092e-26 6.97812e-20 1.7106e-14 5.06883e-10 1.81557e-06 0.000786081 0.041141 0.260599 0.218773 0.161876 0.167921 0.1113 0.0338906 0.00357019 0.000139942 1.68853e-06 4.9527e-09 2.71421e-12 2.488e-16 3.60247e-21 7.74395e-27 2.33359e-33 9.49176e-41
 1.45171e-41 2.01487e-33 3.38037e-26 6.85532e-20 1.6805e-14 4.97963e-10 1.78362e-06 0.000772248 0.0404175 0.256191 0.222467 0.193831 0.17342 0.0848498 0.0251295 0.00282515 9.41399e-05 8.19291e-07 1.71673e-09 7.22984e-13 5.14798e-17 5.53419e-22 8.50648e-28 1.81776e-34 5.28052e-42
 1.28522e-41 1.7838e-33 2.99269e-26 6.06912e-20 1.48777e-14 4.40854e-10 1.57907e-06 0.000683682 0.0357829 0.227062 0.206675 0.214834 0.192618 0.0977685 0.0225768 0.00193811 5.90712e-05 4.50221e-07 7.06996e-10 2.07476e-13 1.04558e-17 8.25504e-23 9.45682e-29 1.49072e-35 3.13152e-43
 1.1631e-41 1.6143e-33 2.70832e-26 5.49242e-20 1.3464e-14 3.98964e-10 1.42902e-06 0.000618719 0.0323837 0.205747 0.195305 0.223171 0.204712 0.111857 0.0243697 0.00179257 4.04066e-05 2.40132e-07 3.10191e-10 7.08578e-14 2.57582e-18 1.41366e-23 1.12697e-29 1.25848e-36 1.90535e-44
 1.14665e-41 1.59148e-33 2.67003e-26 5.41477e-20 1.32737e-14 3.93323e-10 1.40882e-06 0.000609971 0.0319258 0.202816 0.191605 0.216586 0.208896 0.118911 0.0266331 0.00197438 4.04521e-05 1.9637e-07 2.0159e-10 3.82228e-14 1.18101e-18 5.41195e-24 3.48331e-30 3.05805e-37 3.59618e-45
#spawning biomass
 12727.4 12427.8 15885.5 21781.9 27674.6 34319.7 40403.1 46361.2 54689.9 69494.5 87620.7 106795 141658 168236 165929 140471 129214 123560 129879 124966 128280 124592 133730 154476 177328 179304 155121 124135 100173 164428 194436 193638 179348 161218 143971 129542 118334 110038 104096 99938.6 97080.4 95139.8 93824.3 92928.7 92346.2 91967.5 91721.2 91561 91456.9 91389.1 91345.1 91316.4 91297.8 91285.7 91277.8 91272.7 91269.4 91267.2 91265.8 91264.9 91264.3 91263.9 91263.6 91263.5 91263.4 91263.3 91263.3 91263.2 91263.2 91263.2 91263.2 91263.2 91263.2 91263.2 91263.2 91263.2 91263.2 91263.2 91263.2 91263.2 91263.2 91263.2 91263.2 91263.2 91263.2 91263.2 91263.2 91263.2 91263.2 91263.2 91263.2 91263.2 91263.2 91263.2 91263.2 91263.2 91263.2 91263.2 91263.2 91263.2 91263.2 91263.2 91263.2 91263.2 91263.2 91263.2 91263.2 91263.2 91263.2 91263.2 91263.2 91263.2 91263.2 91263.2 91263.2 91263.2 91263.2 91263.2 91263.2 91263.2 91263.2 91263.2 91263.2 91263.2 91263.2 91263.2 91263.2 91263.2 0 0 0 0 0 0 0 0 0 0 0 0 0 0 0 0 0 0 0 0 0 0 0 0 0
