SBPRF35
0.67896
Curr Bio
88521.3
B35
680654
F35
0.226243
FOFL
0
OFL
0
Bzero
193989
#pred survey bio
 43942.3 32927.9 21993.3 14315.3 16439.2 23564.6 26065.4 29121.6 38396.5 41148.8 45874 53656.9 60269.1 78251.8 87179.4 82720.2 88067.5 108755 105212 92040.6 97387.2 111666 113040 102922 103182 118412 99829.7 94111.3 3.0314e+06 5.13945e+06 5.62028e+06 5.36494e+06 4.75772e+06 4.0701e+06 3.44419e+06 2.93287e+06 2.54081e+06 2.25187e+06 2.04423e+06 1.89731e+06 1.79423e+06 1.72214e+06 1.67138e+06 1.63447e+06 1.6089e+06 1.59096e+06 1.57821e+06 1.56903e+06 1.56233e+06 1.55738e+06 1.55369e+06 1.5509e+06 1.54878e+06 1.54716e+06 1.5459e+06 1.54492e+06 1.54416e+06 1.54356e+06 1.54309e+06 1.54272e+06 1.54243e+06 1.54219e+06 1.54201e+06 1.54186e+06 1.54174e+06 1.54165e+06 1.54158e+06 1.54152e+06 1.54147e+06 1.54143e+06 1.5414e+06 1.54138e+06 1.54136e+06 1.54135e+06 1.54133e+06 1.54133e+06 1.54132e+06 1.54131e+06 1.54131e+06 1.5413e+06 1.5413e+06 1.5413e+06 1.54129e+06 1.54129e+06 1.54129e+06 1.54129e+06 1.54129e+06 1.54129e+06 1.54129e+06 1.54129e+06 1.54129e+06 1.54129e+06 1.54129e+06 1.54129e+06 1.54129e+06 1.54129e+06 1.54129e+06 1.54129e+06 1.54129e+06 1.54129e+06 1.54129e+06 1.54129e+06 1.54129e+06 1.54129e+06 1.54129e+06 1.54129e+06 1.54129e+06 1.54129e+06 1.54129e+06 1.54129e+06 1.54129e+06 1.54129e+06 1.54129e+06 1.54129e+06 1.54129e+06 1.54129e+06 1.54129e+06 1.54129e+06 1.54129e+06 1.54129e+06 1.54129e+06 1.54129e+06 1.54129e+06 1.54129e+06 1.54129e+06 1.54129e+06 1.54129e+06 1.54129e+06 0 0 0 0 0 0 0 0 0 0 0 0 0 0 0 0 0 0 0 0 0 0 0 0 0
#obs survey bio
 42602.4 25731.3 12367.4 11708.6 20786.9 22382 32281.5 29017.2 32866.1 35408.9 35722.3 73469 46175.4 74749.9 76692.6 103408 115211 129023 107536 89708.6 99374.7 152042 123040 116939 73824.7 160213 134082 76564.3
#pred catch bio
 27951.2 19481.6 13492.7 9304.36 10080.7 16792.7 19857.3 20694.8 30106.5 32774 38693.2 47521 51213.2 71782.3 84355 78699.1 82244.1 107678 107477 96027.9 104619 123204 126735 116624 118142 139459 119006 96268.5 0 44184.2 47897.5 45180.3 39483.4 33217.9 27622.6 23135.2 19764.7 17341.2 15650.9 14497.7 13723.6 13210.2 12871.5 12645.9 12502.2 12410.8 12352.6 12315.5 12292 12276.9 12267.4 12261.3 12257.4 12255 12253.4 12252.4 12251.8 12251.3 12251.1 12250.9 12250.8 12250.8 12250.7 12250.7 12250.7 12250.7 12250.7 12250.6 12250.6 12250.6 12250.6 12250.6 12250.6 12250.6 12250.6 12250.6 12250.6 12250.6 12250.6 12250.6 12250.6 12250.6 12250.6 12250.6 12250.6 12250.6 12250.6 12250.6 12250.6 12250.6 12250.6 12250.6 12250.6 12250.6 12250.6 12250.6 12250.6 12250.6 12250.6 12250.6 12250.6 12250.6 12250.6 12250.6 12250.6 12250.6 12250.6 12250.6 12250.6 12250.6 12250.6 12250.6 12250.6 12250.6 12250.6 12250.6 12250.6 12250.6 12250.6 12250.6 12250.6 12250.6 12250.6 12250.6 12250.6 12250.6 12250.6 12250.6 0 0 0 0 0 0 0 0 0 0 0 0 0 0 0 0 0 0 0 0 0 0 0 0 0
#obs catch bio
 16168.2 20028.2 15501.5 11195 9567.93 17506.5 18417.5 21060.7 30023 32197 41037.8 47469.1 50645.6 72901.7 84622.2 68310.2 75317 100446 101327 94557.1 100514 109704 120259 107101 116067 121616 95176.5 92090.6
#pred cpue bio
 41269.7 31610.7 21515.5 13434.9 14496.8 21451.5 23371 25882 34178.5 36699.7 40399.1 46497.3 52211.7 67553.1 74770.8 70972.6 75121 92312.5 89794.7 77725.5 80517.6 91753.4 92947.4 84509.8 83662.5 95444.2 81138.4 74845.8 2.56902e+06 5.11615e+06 5.59701e+06 5.34167e+06 4.73445e+06 4.04684e+06 3.42092e+06 2.9096e+06 2.51754e+06 2.22861e+06 2.02096e+06 1.87404e+06 1.77096e+06 1.69888e+06 1.64811e+06 1.6112e+06 1.58563e+06 1.56769e+06 1.55494e+06 1.54576e+06 1.53906e+06 1.53411e+06 1.53042e+06 1.52764e+06 1.52552e+06 1.52389e+06 1.52263e+06 1.52165e+06 1.52089e+06 1.52029e+06 1.51982e+06 1.51945e+06 1.51916e+06 1.51892e+06 1.51874e+06 1.51859e+06 1.51848e+06 1.51838e+06 1.51831e+06 1.51825e+06 1.5182e+06 1.51817e+06 1.51814e+06 1.51811e+06 1.51809e+06 1.51808e+06 1.51807e+06 1.51806e+06 1.51805e+06 1.51804e+06 1.51804e+06 1.51803e+06 1.51803e+06 1.51803e+06 1.51803e+06 1.51803e+06 1.51802e+06 1.51802e+06 1.51802e+06 1.51802e+06 1.51802e+06 1.51802e+06 1.51802e+06 1.51802e+06 1.51802e+06 1.51802e+06 1.51802e+06 1.51802e+06 1.51802e+06 1.51802e+06 1.51802e+06 1.51802e+06 1.51802e+06 1.51802e+06 1.51802e+06 1.51802e+06 1.51802e+06 1.51802e+06 1.51802e+06 1.51802e+06 1.51802e+06 1.51802e+06 1.51802e+06 1.51802e+06 1.51802e+06 1.51802e+06 1.51802e+06 1.51802e+06 1.51802e+06 1.51802e+06 1.51802e+06 1.51802e+06 1.51802e+06 1.51802e+06 1.51802e+06 1.51802e+06 1.51802e+06 1.51802e+06 1.51802e+06 1.51802e+06 0 0 0 0 0 0 0 0 0 0 0 0 0 0 0 0 0 0 0 0 0 0 0 0 0
#obs cpue bio
 37360.4 30365.9 16625.7 9194.53 19395.8 17841.5 31271.6 18423.2 46376.8 44585.2 38279.2 37941.9 66916.8 68361 88329.4 110176 75385.1 103984 109206 81128.5 93554.7 112572 102109 104082 119706 132692 148225 100102
#pred surv len freq
 1.22157e-11 1.32589e-09 8.4857e-08 3.20224e-06 7.12541e-05 0.000934902 0.00723397 0.0330307 0.0892907 0.145244 0.153209 0.13373 0.127029 0.11249 0.0772749 0.0456229 0.02703 0.0162438 0.0100162 0.00655984 0.00466753 0.00366974 0.00304134 0.00228803 0.00131925
 8.82481e-12 9.57848e-10 6.13022e-08 2.31336e-06 5.14755e-05 0.000675412 0.00522687 0.0238838 0.0648048 0.107356 0.122306 0.129618 0.148209 0.14233 0.103399 0.0650873 0.0391629 0.0217167 0.0113624 0.00601343 0.00339595 0.0021578 0.00154054 0.00108283 0.00061625
 5.78343e-12 6.27736e-10 4.0175e-08 1.51608e-06 3.37353e-05 0.000442655 0.00342616 0.0156681 0.0426851 0.0720978 0.0885257 0.109088 0.140641 0.148134 0.1259 0.0982385 0.0695911 0.0422268 0.0225133 0.0108908 0.00499213 0.0023886 0.0013105 0.000785415 0.000418555
 1.34287e-11 1.45756e-09 9.32833e-08 3.52022e-06 7.83293e-05 0.00102771 0.00795132 0.0362879 0.0978435 0.157127 0.156313 0.113136 0.0847623 0.0749227 0.0682711 0.0622157 0.0525951 0.0390168 0.0249274 0.013369 0.00606133 0.00245394 0.000991494 0.000443588 0.000200677
 1.78288e-11 1.93514e-09 1.23849e-07 4.67367e-06 0.000103995 0.00136445 0.0105564 0.0481717 0.129815 0.207897 0.204054 0.139765 0.0912916 0.0645897 0.0394882 0.0212416 0.0134529 0.0104496 0.00797633 0.00520858 0.00276763 0.00118499 0.000425483 0.000142369 4.82005e-05
 1.44846e-11 1.57217e-09 1.00619e-07 3.79703e-06 8.44889e-05 0.00110854 0.00857723 0.0391568 0.105751 0.171206 0.176792 0.144622 0.126128 0.104605 0.0645555 0.0303828 0.0132321 0.00608964 0.00327987 0.00210353 0.00130291 0.000659069 0.000258699 8.0517e-05 2.14015e-05
 1.59437e-11 1.73053e-09 1.10754e-07 4.1795e-06 9.29991e-05 0.00122019 0.00944068 0.043089 0.116238 0.187116 0.188224 0.141287 0.109409 0.0873962 0.0572487 0.0314313 0.0159518 0.00711994 0.00275829 0.00107328 0.000493028 0.000248995 0.00011026 3.75504e-05 9.63861e-06
 1.64816e-11 1.78892e-09 1.1449e-07 4.32051e-06 9.61368e-05 0.00126136 0.00975914 0.0445414 0.12014 0.193275 0.193832 0.143879 0.108997 0.0845944 0.0522727 0.0257975 0.0121132 0.00564788 0.00242523 0.00090986 0.000300894 9.98332e-05 3.65051e-05 1.26693e-05 3.45643e-06
 1.63372e-11 1.77325e-09 1.13488e-07 4.28268e-06 9.5295e-05 0.00125031 0.00967372 0.0441522 0.1191 0.191675 0.192579 0.143882 0.110209 0.0862145 0.0536355 0.0266146 0.0122562 0.00535054 0.00213805 0.00079602 0.000268558 7.84453e-05 2.05407e-05 5.30269e-06 1.30809e-06
 1.61281e-11 1.75055e-09 1.12035e-07 4.22785e-06 9.40749e-05 0.00123431 0.00954994 0.0435887 0.117599 0.189412 0.191026 0.144601 0.112995 0.0890216 0.0547941 0.0263887 0.0117259 0.00501295 0.00195748 0.000693506 0.00022114 6.2398e-05 1.52023e-05 3.16763e-06 5.86511e-07
 1.70877e-11 1.85471e-09 1.18701e-07 4.47941e-06 9.96724e-05 0.00130774 0.0101179 0.0461764 0.124516 0.200037 0.199306 0.144494 0.105126 0.0795752 0.0485655 0.0234402 0.0104034 0.0043728 0.00165522 0.000567435 0.000174719 4.70164e-05 1.08339e-05 2.09268e-06 3.33172e-07
 1.80972e-11 1.96427e-09 1.25713e-07 4.74403e-06 0.00010556 0.00138499 0.0107154 0.0488994 0.131804 0.211306 0.208457 0.145594 0.0986946 0.0708496 0.0414685 0.018609 0.00750943 0.00297563 0.00110248 0.000371524 0.000111226 2.88572e-05 6.36903e-06 1.16602e-06 1.72396e-07
 1.80284e-11 1.95681e-09 1.25235e-07 4.72599e-06 0.000105159 0.00137973 0.0106747 0.0487145 0.131318 0.210619 0.20822 0.146587 0.100782 0.0726175 0.0416873 0.0176083 0.00637134 0.00224448 0.000748164 0.000231804 6.61119e-05 1.66593e-05 3.56419e-06 6.27161e-07 8.8253e-08
 1.82749e-11 1.98356e-09 1.26948e-07 4.79061e-06 0.000106597 0.00139859 0.0108206 0.0493789 0.133091 0.213319 0.21021 0.146184 0.0981932 0.0698333 0.0402915 0.0174219 0.00650345 0.00227804 0.000707665 0.000194862 4.91557e-05 1.1237e-05 2.25522e-06 3.80652e-07 5.16084e-08
 1.86371e-11 2.02288e-09 1.29464e-07 4.88557e-06 0.00010871 0.00142631 0.011035 0.0503561 0.135707 0.217369 0.21352 0.14665 0.095986 0.0667407 0.0376478 0.0155278 0.00537892 0.00179106 0.000553628 0.00015209 3.65228e-05 7.52988e-06 1.33649e-06 2.0328e-07 2.56377e-08
 1.85707e-11 2.01567e-09 1.29002e-07 4.86815e-06 0.000108322 0.00142123 0.0109957 0.0501773 0.135233 0.216672 0.213133 0.147171 0.0973213 0.0679442 0.0379197 0.0150606 0.00482387 0.00146156 0.000415236 0.000106494 2.46154e-05 4.95966e-06 8.37881e-07 1.16118e-07 1.30663e-08
 1.89361e-11 2.05533e-09 1.31541e-07 4.96395e-06 0.000110454 0.00144919 0.011212 0.0511626 0.137864 0.220697 0.216184 0.146848 0.0938904 0.0640449 0.0356349 0.0143049 0.00467167 0.00141922 0.000386914 9.13202e-05 1.91694e-05 3.56153e-06 5.68881e-07 7.55292e-08 8.02658e-09
 1.92244e-11 2.08662e-09 1.33544e-07 5.03952e-06 0.000112135 0.00147126 0.0113826 0.0519399 0.139942 0.223882 0.218641 0.146729 0.0913881 0.0610897 0.0337398 0.0134857 0.00438409 0.00133271 0.000366751 8.70863e-05 1.78692e-05 3.11265e-06 4.54266e-07 5.52892e-08 5.48937e-09
 1.88659e-11 2.04771e-09 1.31053e-07 4.94554e-06 0.000110044 0.00144382 0.0111705 0.0509735 0.137363 0.219956 0.215751 0.147331 0.0951911 0.0652172 0.0358893 0.0138525 0.00417658 0.00117106 0.000308761 7.23772e-05 1.48652e-05 2.59186e-06 3.71266e-07 4.28817e-08 3.93376e-09
 1.94791e-11 2.11427e-09 1.35313e-07 5.1063e-06 0.000113621 0.00149075 0.0115334 0.0526271 0.141781 0.226728 0.220963 0.147042 0.0898159 0.0589115 0.0319097 0.0121925 0.00360453 0.000974257 0.00024259 5.27101e-05 1.01159e-05 1.70083e-06 2.40804e-07 2.76484e-08 2.48863e-09
 2.05928e-11 2.23516e-09 1.4305e-07 5.39825e-06 0.000120117 0.00157598 0.0121926 0.0556301 0.149806 0.23903 0.230437 0.14654 0.0800853 0.0474644 0.024635 0.00911192 0.0025404 0.000637305 0.000150387 3.13561e-05 5.71079e-06 8.96847e-07 1.18453e-07 1.29346e-08 1.1344e-09
 2.08784e-11 2.26614e-09 1.45033e-07 5.47309e-06 0.000121783 0.00159782 0.0123616 0.0564 0.151865 0.242196 0.232925 0.146575 0.077839 0.0446939 0.0226993 0.0080912 0.00206385 0.00045049 9.40179e-05 1.78813e-05 3.01655e-06 4.45609e-07 5.56e-08 5.69377e-09 4.67291e-10
 2.08351e-11 2.26145e-09 1.44732e-07 5.46174e-06 0.00012153 0.00159451 0.0123359 0.0562834 0.151554 0.241726 0.232595 0.1467 0.0783795 0.0452469 0.0229377 0.0080619 0.00197217 0.000396372 7.45258e-05 1.25626e-05 1.84393e-06 2.39857e-07 2.71082e-08 2.56896e-09 1.97337e-10
 2.09001e-11 2.26851e-09 1.45184e-07 5.47879e-06 0.00012191 0.00159949 0.0123745 0.0564588 0.152022 0.242446 0.233154 0.146685 0.0778322 0.0445924 0.0225071 0.00786266 0.00189266 0.000367803 6.60186e-05 1.04662e-05 1.40185e-06 1.61645e-07 1.59234e-08 1.31384e-09 8.95436e-11
 2.14926e-11 2.33282e-09 1.493e-07 5.63411e-06 0.000125366 0.00164483 0.0127251 0.0580563 0.15629 0.248978 0.238135 0.146256 0.0724084 0.038339 0.018707 0.00645308 0.00152888 0.000288518 5.00582e-05 7.689e-06 9.89621e-07 1.07848e-07 9.81794e-09 7.27378e-10 4.34603e-11
 2.17547e-11 2.36126e-09 1.5112e-07 5.70281e-06 0.000126894 0.00166489 0.0128802 0.0587629 0.158178 0.25187 0.24035 0.146099 0.0700597 0.0356057 0.0170101 0.00578113 0.00132667 0.000234555 3.77827e-05 5.514e-06 6.82828e-07 7.16675e-08 6.26904e-09 4.41759e-10 2.46311e-11
 2.13725e-11 2.31978e-09 1.48466e-07 5.60264e-06 0.000124665 0.00163564 0.0126541 0.0577326 0.155426 0.247663 0.237167 0.146458 0.0736827 0.0397199 0.0194221 0.00657094 0.00145893 0.000238092 3.43865e-05 4.58154e-06 5.2463e-07 5.11623e-08 4.22221e-09 2.84344e-10 1.51981e-11
 2.23255e-11 2.42322e-09 1.55086e-07 5.85245e-06 0.000130224 0.00170857 0.0132181 0.060302 0.16229 0.258163 0.24515 0.145688 0.0648371 0.0295829 0.0133479 0.00442026 0.000973784 0.000157096 2.21442e-05 2.82071e-06 2.99133e-07 2.63313e-08 1.96588e-09 1.21521e-10 6.04233e-12
#obs surv len freq
 3.83607e-11 3.55514e-09 1.94273e-07 6.25975e-06 0.00011893 0.0013324 0.00880387 0.0343469 0.0795818 0.112869 0.112123 0.109805 0.122867 0.123498 0.105789 0.0817188 0.0547175 0.0305821 0.0143041 0.00548003 0.00163441 0.000359376 5.56525e-05 5.86421e-06 4.09826e-07
 2.59528e-11 2.31981e-09 1.22266e-07 3.79971e-06 6.96294e-05 0.000752461 0.00479836 0.0181155 0.0411948 0.0612834 0.0782965 0.113603 0.154212 0.162573 0.141105 0.106 0.0652639 0.0324716 0.0136643 0.00487055 0.00138296 0.00029157 4.32004e-05 4.32098e-06 2.83428e-07
 1.49106e-11 1.28325e-09 6.51206e-08 1.94857e-06 3.43812e-05 0.00035779 0.00219853 0.00802524 0.0179512 0.0282294 0.0439755 0.07816 0.124465 0.165662 0.186232 0.162825 0.104149 0.0501917 0.0194241 0.00618738 0.00157822 0.0003053 4.22159e-05 3.96989e-06 2.44913e-07
 2.37714e-10 1.96662e-08 9.59335e-07 2.75936e-05 0.000467986 0.00468 0.0275964 0.0959589 0.196839 0.238691 0.173125 0.080547 0.0349715 0.0293378 0.0347206 0.0343064 0.0255712 0.0144502 0.00617553 0.00197278 0.000467908 8.14297e-05 1.01174e-05 8.64782e-07 4.90573e-08
 1.48927e-10 1.18255e-08 5.5367e-07 1.52853e-05 0.000248824 0.00238871 0.0135319 0.0453862 0.0916949 0.121078 0.136112 0.168995 0.184891 0.135854 0.0635083 0.021576 0.00798685 0.00397896 0.00188452 0.000669876 0.000167018 2.8571e-05 3.31218e-06 2.56975e-07 1.31335e-08
 3.33549e-10 2.53839e-08 1.13906e-06 3.01383e-05 0.000470201 0.00432566 0.0234697 0.0751733 0.142864 0.165359 0.131464 0.101348 0.0970929 0.0950218 0.0807377 0.0522563 0.0227 0.00628511 0.00117531 0.000187625 3.23994e-05 5.14374e-06 5.88208e-07 4.41324e-08 2.11727e-09
 4.5778e-10 3.33442e-08 1.4321e-06 3.62671e-05 0.00054156 0.00476876 0.0247713 0.0760545 0.139421 0.160419 0.140688 0.131616 0.125975 0.0949188 0.0556797 0.0280649 0.0119722 0.00394552 0.000945889 0.000159607 1.8909e-05 1.67337e-06 1.21783e-07 7.25039e-09 3.14283e-10
 6.49884e-10 4.52493e-08 1.8577e-06 4.49704e-05 0.000641908 0.00540319 0.0268313 0.0787801 0.13835 0.153739 0.133597 0.126956 0.123747 0.098377 0.0633593 0.0331435 0.0128272 0.00343876 0.000654692 9.53677e-05 1.09362e-05 9.3605e-07 5.61316e-08 2.31151e-09 6.65113e-11
 9.35358e-10 6.21792e-08 2.43725e-06 5.63304e-05 0.000767687 0.00616974 0.0292566 0.082085 0.138231 0.149617 0.132248 0.130216 0.125984 0.0974334 0.0611156 0.0311969 0.0118293 0.00312512 0.000579244 7.80166e-05 7.77044e-06 5.68436e-07 3.00202e-08 1.11534e-09 2.81967e-11
 1.27973e-09 8.11313e-08 3.03283e-06 6.68492e-05 0.000868853 0.0066598 0.0301276 0.08075 0.130783 0.140159 0.131404 0.138444 0.134129 0.101178 0.0615459 0.0300486 0.0107057 0.00261863 0.000445426 5.51408e-05 5.07857e-06 3.41355e-07 1.6191e-08 5.27909e-10 1.16182e-11
 2.24398e-09 1.35531e-07 4.82666e-06 0.000101355 0.00125499 0.00916411 0.0394889 0.100748 0.154785 0.154986 0.131127 0.124838 0.114437 0.0844095 0.0506398 0.0239109 0.00800888 0.00179205 0.000270885 2.91093e-05 2.31935e-06 1.3691e-07 5.80509e-09 1.709e-10 3.3965e-12
 3.17887e-09 1.82733e-07 6.19365e-06 0.000123785 0.0014588 0.0101393 0.0416015 0.101248 0.149718 0.149679 0.136167 0.137344 0.12151 0.0816209 0.0436007 0.0185997 0.00577375 0.00121613 0.000173711 1.74683e-05 1.27217e-06 6.67828e-08 2.47136e-09 6.31787e-11 1.09703e-12
 4.5514e-09 2.4878e-07 8.01812e-06 0.000152378 0.00170759 0.0112864 0.0440519 0.102157 0.145085 0.143586 0.135903 0.140555 0.123374 0.082728 0.0443416 0.0184863 0.00540147 0.00103492 0.000129974 1.11809e-05 6.94222e-07 3.17155e-08 1.04319e-09 2.38523e-11 3.6833e-13
 7.03651e-09 3.65415e-07 1.11893e-05 0.000202029 0.00215099 0.013508 0.0501018 0.110502 0.149828 0.1435 0.133994 0.136002 0.116946 0.0781402 0.0419759 0.0172314 0.00488056 0.000905309 0.000110809 9.293e-06 5.50765e-07 2.30812e-08 6.7097e-10 1.32997e-11 1.77874e-13
 1.03485e-08 5.10191e-07 1.48312e-05 0.000254224 0.00256968 0.0153221 0.0539892 0.113432 0.148361 0.142972 0.140375 0.142932 0.116337 0.0714289 0.0348793 0.0130836 0.00340237 0.000576436 6.35892e-05 4.74904e-06 2.51342e-07 9.58405e-09 2.58239e-10 4.76465e-12 5.86748e-14
 1.49922e-08 7.01209e-07 1.93384e-05 0.000314477 0.00301573 0.0170618 0.0570778 0.114188 0.144075 0.139397 0.141889 0.144811 0.116114 0.0711018 0.0346232 0.01264 0.00312273 0.00049473 5.03291e-05 3.40858e-06 1.60768e-07 5.40226e-09 1.28012e-10 2.0878e-12 2.29531e-14
 2.37574e-08 1.05354e-06 2.75479e-05 0.000424741 0.00386188 0.0207169 0.0657292 0.12484 0.150196 0.140236 0.138835 0.137123 0.107278 0.0651356 0.0313819 0.0111284 0.00263994 0.000402195 3.97427e-05 2.64122e-06 1.21998e-07 3.93574e-09 8.69994e-11 1.28992e-12 1.26655e-14
 3.21564e-08 1.35133e-06 3.34848e-05 0.000489255 0.00421589 0.02144 0.0645829 0.117296 0.139088 0.138104 0.148836 0.147871 0.111384 0.0645233 0.0295647 0.00995443 0.00225066 0.00033028 3.19474e-05 2.11075e-06 9.74493e-08 3.12125e-09 6.77034e-11 9.73611e-13 9.15829e-15
 4.38309e-08 1.74478e-06 4.09535e-05 0.000566827 0.00462702 0.0222978 0.063739 0.110597 0.128698 0.132664 0.149457 0.150509 0.116854 0.0715891 0.0340183 0.0114156 0.00252386 0.00036372 3.51102e-05 2.34565e-06 1.09449e-07 3.50529e-09 7.52079e-11 1.06212e-12 9.75726e-15
 7.73647e-08 2.91626e-06 6.48187e-05 0.000849534 0.00656664 0.0299616 0.0810397 0.132646 0.143774 0.134563 0.138392 0.132086 0.100101 0.0605046 0.0280785 0.00910966 0.00195414 0.000277508 2.68983e-05 1.82264e-06 8.5984e-08 2.75943e-09 5.88892e-11 8.2266e-13 7.43225e-15
 1.14058e-07 4.07035e-06 8.56506e-05 0.00106278 0.00777807 0.0336147 0.0862805 0.135169 0.144788 0.141449 0.148378 0.133828 0.0912415 0.0486901 0.0202353 0.00601823 0.00120164 0.000160333 1.47345e-05 9.57058e-07 4.37798e-08 1.37534e-09 2.88913e-11 3.97639e-13 3.52935e-15
 1.53441e-07 5.18331e-06 0.000103245 0.0012127 0.00840268 0.0344029 0.0839175 0.126696 0.137233 0.144545 0.157824 0.139943 0.092697 0.0478745 0.0188942 0.00519862 0.000933859 0.000108566 8.43986e-06 4.60046e-07 1.80663e-08 5.05644e-10 9.76788e-12 1.26205e-13 1.0645e-15
 2.17285e-07 6.94747e-06 0.000130985 0.00145629 0.00955218 0.0370421 0.0857862 0.124254 0.133372 0.143874 0.15765 0.138946 0.0933611 0.0491731 0.0192775 0.00513033 0.000881693 9.79216e-05 7.24549e-06 3.6939e-07 1.3136e-08 3.22084e-10 5.34703e-12 5.93151e-14 4.35275e-16
 3.12064e-07 9.44434e-06 0.000168538 0.00177366 0.0110134 0.0404526 0.0889589 0.123639 0.13123 0.143359 0.156107 0.136397 0.0924832 0.0491897 0.0191716 0.00505712 0.000877853 0.000101682 8.0456e-06 4.37252e-07 1.60614e-08 3.904e-10 6.19283e-12 6.36833e-14 4.2252e-16
 4.85106e-07 1.38969e-05 0.000234748 0.00233852 0.0137467 0.047823 0.0998133 0.132747 0.137624 0.147927 0.15432 0.126519 0.079639 0.0391374 0.0140825 0.00342383 0.00054608 5.81599e-05 4.28649e-06 2.22923e-07 8.0824e-09 1.98357e-10 3.20383e-12 3.33531e-14 2.20441e-16
 5.84055e-07 1.58391e-05 0.000253291 0.00238896 0.0133025 0.0439376 0.0879799 0.116939 0.132742 0.159099 0.169241 0.135362 0.0826079 0.0391042 0.0134142 0.00309285 0.00046784 4.72848e-05 3.29365e-06 1.60397e-07 5.40237e-09 1.2314e-10 1.86302e-12 1.84195e-14 1.173e-16
 9.2463e-07 2.37405e-05 0.000359438 0.00320966 0.0169208 0.0529079 0.100231 0.125695 0.133918 0.151702 0.156666 0.126064 0.0789898 0.0376307 0.0125243 0.00273221 0.000386 3.61974e-05 2.334e-06 1.0536e-07 3.29754e-09 6.98847e-11 9.81074e-13 8.97287e-15 5.27564e-17
 1.3365e-06 3.24933e-05 0.000465842 0.00393933 0.0196746 0.0583857 0.105797 0.130439 0.142919 0.163267 0.159084 0.115331 0.0636932 0.0269685 0.00814091 0.00163002 0.000211627 1.81434e-05 1.06274e-06 4.34606e-08 1.23447e-09 2.38335e-11 3.0594e-13 2.56646e-15 1.38721e-17
#pred catch len freq
 1.19573e-11 1.29785e-09 8.30621e-08 3.13451e-06 6.9747e-05 0.000915129 0.00708103 0.0323338 0.0874258 0.142365 0.150889 0.133507 0.128748 0.11471 0.0789107 0.0466002 0.0276098 0.0165923 0.0102311 0.00670058 0.00476767 0.00374848 0.00310659 0.00233712 0.00134755
 8.45115e-12 9.17291e-10 5.87065e-08 2.21541e-06 4.9296e-05 0.000646818 0.00500571 0.0228759 0.0621076 0.103189 0.11894 0.129267 0.150663 0.145558 0.105878 0.0666613 0.040111 0.0222424 0.0116375 0.00615901 0.00347817 0.00221005 0.00157784 0.00110904 0.000631169
 5.53502e-12 6.00773e-10 3.84494e-08 1.45097e-06 3.22863e-05 0.000423646 0.00327912 0.0149979 0.0408898 0.0693097 0.0862021 0.108617 0.141902 0.150004 0.127579 0.0995585 0.0705268 0.0427946 0.0228161 0.0110372 0.00505926 0.00242071 0.00132812 0.000795976 0.000424183
 1.32179e-11 1.43468e-09 9.18191e-08 3.46497e-06 7.70998e-05 0.00101158 0.00782654 0.035719 0.0963182 0.154746 0.154269 0.112533 0.0854998 0.0762058 0.0695798 0.0634252 0.0536186 0.0397761 0.0254125 0.0136292 0.00617929 0.0025017 0.00101079 0.00045222 0.000204583
 1.75857e-11 1.90875e-09 1.2216e-07 4.60994e-06 0.000102577 0.00134584 0.0104125 0.0475159 0.128061 0.205191 0.201888 0.139601 0.0929712 0.0666915 0.0409424 0.022042 0.0139613 0.0108446 0.00827785 0.00540547 0.00287225 0.00122979 0.000441567 0.000147751 5.00226e-05
 1.44892e-11 1.57266e-09 1.0065e-07 3.79823e-06 8.45155e-05 0.00110889 0.00857993 0.0391692 0.105783 0.171257 0.176831 0.144621 0.126091 0.10456 0.0645258 0.0303687 0.013226 0.00608681 0.00327835 0.00210256 0.00130231 0.000658764 0.00025858 8.04797e-05 2.13916e-05
 1.61035e-11 1.74788e-09 1.11864e-07 4.22141e-06 9.39316e-05 0.00123243 0.00953531 0.0435202 0.117391 0.188891 0.18963 0.141341 0.108207 0.0858889 0.0561678 0.0308285 0.0156453 0.00698311 0.00270528 0.00105265 0.000483553 0.00024421 0.000108141 3.68288e-05 9.45338e-06
 1.64797e-11 1.78872e-09 1.14478e-07 4.32003e-06 9.61261e-05 0.00126122 0.00975806 0.0445365 0.120127 0.193254 0.193816 0.143879 0.109012 0.0846123 0.0522849 0.0258036 0.0121161 0.00564923 0.00242581 0.000910078 0.000300966 9.98572e-05 3.65139e-05 1.26724e-05 3.45726e-06
 1.65621e-11 1.79766e-09 1.1505e-07 4.34162e-06 9.66064e-05 0.00126752 0.0098068 0.0447585 0.120721 0.194167 0.19453 0.143888 0.108411 0.0840231 0.0521424 0.0258614 0.0119085 0.00519873 0.00207739 0.000773435 0.000260938 7.62196e-05 1.99579e-05 5.15224e-06 1.27097e-06
 1.63976e-11 1.7798e-09 1.13907e-07 4.2985e-06 9.5647e-05 0.00125493 0.00970946 0.0443154 0.119542 0.192397 0.193357 0.144585 0.110803 0.0863692 0.0530119 0.0255165 0.0113374 0.00484684 0.00189262 0.000670526 0.000213813 6.03304e-05 1.46985e-05 3.06266e-06 5.67076e-07
 1.74787e-11 1.89714e-09 1.21417e-07 4.5819e-06 0.000101953 0.00133766 0.0103493 0.0472307 0.127335 0.204367 0.202688 0.144473 0.10195 0.0757277 0.0459739 0.0221664 0.00983652 0.00413449 0.00156501 0.00053651 0.000165197 4.4454e-05 1.02434e-05 1.97863e-06 3.15014e-07
 1.85598e-11 2.01449e-09 1.28927e-07 4.8653e-06 0.000108259 0.00142039 0.0109892 0.0501468 0.135138 0.216423 0.212428 0.145483 0.0948039 0.0662064 0.0384324 0.0172175 0.00694604 0.00275231 0.00101974 0.000343641 0.000102879 2.66914e-05 5.89103e-06 1.07851e-06 1.59458e-07
 1.83924e-11 1.99632e-09 1.27764e-07 4.82142e-06 0.000107282 0.00140759 0.0108902 0.0496961 0.133941 0.214641 0.211323 0.146442 0.0976321 0.068901 0.0393119 0.0165838 0.0059994 0.00211341 0.00070447 0.000218266 6.22509e-05 1.56864e-05 3.35604e-06 5.90534e-07 8.30989e-08
 1.8814e-11 2.04208e-09 1.30693e-07 4.93194e-06 0.000109742 0.00143985 0.0111397 0.0508327 0.136976 0.219279 0.214817 0.145997 0.0935694 0.0643528 0.0367542 0.015859 0.00591797 0.00207288 0.000643932 0.000177312 4.47287e-05 1.0225e-05 2.05211e-06 3.4637e-07 4.69605e-08
 1.92831e-11 2.093e-09 1.33952e-07 5.05491e-06 0.000112478 0.00147575 0.0114174 0.052098 0.140362 0.224504 0.219015 0.146358 0.0903423 0.0601062 0.0334399 0.013752 0.00476137 0.00158534 0.000490035 0.00013462 3.23276e-05 6.66496e-06 1.18298e-06 1.7993e-07 2.26928e-08
 1.91774e-11 2.08153e-09 1.33217e-07 5.02721e-06 0.000111862 0.00146766 0.0113549 0.0518134 0.139604 0.223371 0.218276 0.146845 0.0919397 0.0616569 0.0339844 0.0134619 0.00430977 0.00130572 0.000370958 9.51383e-05 2.19906e-05 4.4308e-06 7.48536e-07 1.03736e-07 1.16731e-08
 1.94616e-11 2.11237e-09 1.35192e-07 5.10171e-06 0.000113519 0.00148941 0.011523 0.0525795 0.141651 0.226499 0.220642 0.146578 0.0892484 0.0586109 0.0322184 0.0128999 0.0042109 0.00127916 0.000348731 8.23082e-05 1.72777e-05 3.21006e-06 5.1274e-07 6.80755e-08 7.23447e-09
 1.98618e-11 2.15581e-09 1.37971e-07 5.20661e-06 0.000115853 0.00152003 0.0117599 0.0536586 0.144534 0.230919 0.224047 0.146398 0.0857521 0.0544952 0.0295984 0.0117876 0.00382961 0.00116406 0.000320338 7.60653e-05 1.56078e-05 2.71873e-06 3.96777e-07 4.82922e-08 4.79468e-09
 1.96317e-11 2.13083e-09 1.36373e-07 5.14628e-06 0.000114511 0.00150242 0.0116237 0.0530383 0.142879 0.228406 0.222225 0.146874 0.0883302 0.0572353 0.0309393 0.0118959 0.00358414 0.00100485 0.000264936 6.21041e-05 1.27553e-05 2.22397e-06 3.18569e-07 3.67952e-08 3.37541e-09
 2.02126e-11 2.19388e-09 1.40408e-07 5.29856e-06 0.000117899 0.00154688 0.0119675 0.0546047 0.147065 0.234821 0.227159 0.146592 0.0832264 0.0512534 0.0271712 0.0103328 0.00305208 0.000824837 0.000205382 4.46255e-05 8.56437e-06 1.43996e-06 2.0387e-07 2.34078e-08 2.10693e-09
 2.1212e-11 2.30236e-09 1.47351e-07 5.56055e-06 0.000123729 0.00162336 0.012559 0.0572995 0.154266 0.245859 0.235656 0.14613 0.0744762 0.040969 0.0206483 0.00758535 0.00211206 0.000529746 0.000125004 2.60635e-05 4.74687e-06 7.4547e-07 9.846e-08 1.07514e-08 9.42931e-10
 2.14972e-11 2.33331e-09 1.49332e-07 5.63531e-06 0.000125392 0.00164518 0.0127278 0.0580685 0.156322 0.249019 0.238127 0.146124 0.0721705 0.0381608 0.0187324 0.00662336 0.00168677 0.000368088 7.68183e-05 1.461e-05 2.4647e-06 3.64089e-07 4.54285e-08 4.65215e-09 3.81805e-10
 2.14923e-11 2.33279e-09 1.49298e-07 5.63404e-06 0.000125364 0.00164481 0.012725 0.0580555 0.156288 0.248971 0.238113 0.146204 0.0723314 0.0382896 0.018732 0.00652824 0.00159432 0.000320341 6.02285e-05 1.01525e-05 1.49018e-06 1.93841e-07 2.19076e-08 2.07612e-09 1.59479e-10
 2.15647e-11 2.34064e-09 1.498e-07 5.653e-06 0.000125786 0.00165034 0.0127678 0.0582505 0.156809 0.24977 0.238731 0.146176 0.0717069 0.0375512 0.0182576 0.00632137 0.00151895 0.00029509 5.2965e-05 8.39678e-06 1.12467e-06 1.29683e-07 1.27749e-08 1.05406e-09 7.18384e-11
 2.20533e-11 2.39367e-09 1.53195e-07 5.78108e-06 0.000128636 0.00168773 0.0130569 0.0595679 0.160328 0.255157 0.242838 0.145822 0.0672333 0.0323939 0.0151242 0.00515995 0.0012198 0.000230102 3.99209e-05 6.13188e-06 7.89211e-07 8.60072e-08 7.82969e-09 5.80075e-10 3.46591e-11
 2.23006e-11 2.42052e-09 1.54913e-07 5.84593e-06 0.000130079 0.00170666 0.0132034 0.0602349 0.16211 0.257886 0.244927 0.145666 0.0650049 0.0298064 0.013526 0.00453659 0.00103827 0.000183477 2.95528e-05 4.31292e-06 5.34092e-07 5.60566e-08 4.90349e-09 3.45533e-10 1.92659e-11
 2.20248e-11 2.39058e-09 1.52997e-07 5.77362e-06 0.00012847 0.00168556 0.0130401 0.0594912 0.160124 0.25485 0.24263 0.145928 0.0676244 0.0327789 0.0152656 0.00510242 0.00113008 0.000184342 2.66218e-05 3.54697e-06 4.06162e-07 3.96092e-08 3.26878e-09 2.20135e-10 1.17662e-11
 2.26019e-11 2.45322e-09 1.57006e-07 5.9249e-06 0.000131836 0.00172972 0.0133817 0.0610471 0.16428 0.261208 0.247465 0.145463 0.0622693 0.0266413 0.011587 0.00379876 0.000835119 0.000134673 1.89824e-05 2.41795e-06 2.5642e-07 2.25715e-08 1.68518e-09 1.0417e-10 5.17956e-12
#obs catch len freq
 4.13754e-11 3.83453e-09 2.09541e-07 6.7517e-06 0.000128277 0.0014371 0.00949519 0.0370343 0.0856902 0.120681 0.116401 0.106913 0.114922 0.116329 0.102615 0.0811584 0.0547382 0.0306348 0.0143432 0.00546142 0.00160346 0.000347316 5.36431e-05 5.72338e-06 4.09026e-07
 5.30157e-11 4.73884e-09 2.49762e-07 7.76191e-06 0.000142234 0.0015369 0.00979496 0.0368651 0.0824845 0.113522 0.111482 0.110788 0.124213 0.123275 0.104592 0.079911 0.0526299 0.0288742 0.013211 0.00491464 0.00141092 0.000296183 4.34831e-05 4.31844e-06 2.83043e-07
 3.66608e-11 3.15515e-09 1.60113e-07 4.79094e-06 8.4531e-05 0.000879567 0.00540113 0.0196465 0.0431628 0.0627721 0.0805057 0.117342 0.156567 0.161998 0.138821 0.102597 0.061846 0.0301683 0.0124407 0.00431223 0.00117836 0.000236887 3.32202e-05 3.12672e-06 1.92115e-07
 2.16656e-11 1.7924e-09 8.74355e-08 2.51496e-06 4.26565e-05 0.000426733 0.00252117 0.00885656 0.0191499 0.0295986 0.0463781 0.0820473 0.128605 0.168846 0.186201 0.158313 0.0983537 0.0462032 0.0174495 0.00539941 0.00132659 0.000244861 3.20378e-05 2.83254e-06 1.63523e-07
 3.43833e-10 2.73019e-08 1.27827e-06 3.52893e-05 0.000574445 0.0055137 0.0312055 0.104148 0.205062 0.238748 0.166525 0.0752406 0.033183 0.0289723 0.0339749 0.0326906 0.0236822 0.0129842 0.00536423 0.00165028 0.000375297 6.22463e-05 7.31956e-06 5.88307e-07 3.12219e-08
 2.23843e-10 1.7035e-08 7.64416e-07 2.02258e-05 0.00031556 0.00290346 0.0157655 0.0507034 0.098413 0.125844 0.139379 0.170251 0.179917 0.126869 0.0571797 0.0191685 0.00725798 0.00362361 0.00166346 0.000565972 0.0001343 2.17695e-05 2.38111e-06 1.73532e-07 8.29563e-09
 5.02092e-10 3.65719e-08 1.57072e-06 3.97776e-05 0.000593976 0.00523005 0.0271604 0.0832755 0.151579 0.168491 0.130046 0.0993471 0.0944683 0.0910928 0.0756076 0.0471699 0.0195921 0.00518832 0.000939173 0.000148418 2.52155e-05 3.8255e-06 4.11997e-07 2.89555e-08 1.29712e-09
 6.97913e-10 4.85934e-08 1.99499e-06 4.82939e-05 0.000689347 0.00580246 0.0288131 0.0845844 0.148411 0.164201 0.140387 0.129165 0.120137 0.08779 0.0504344 0.0249691 0.0103689 0.00329873 0.000759355 0.000122607 1.39059e-05 1.18259e-06 8.25288e-08 4.65388e-09 1.88912e-10
 1.00208e-09 6.66146e-08 2.6111e-06 6.03486e-05 0.000822444 0.00660967 0.0313392 0.0878778 0.147552 0.157545 0.133396 0.124482 0.118013 0.0913354 0.0575119 0.0291998 0.0108637 0.00279473 0.000512795 7.21736e-05 7.95264e-06 6.48344e-07 3.68194e-08 1.43172e-09 3.87861e-11
 1.4625e-09 9.27186e-08 3.46598e-06 7.63965e-05 0.000992933 0.00761048 0.0344192 0.0921254 0.148173 0.153938 0.132219 0.127003 0.119011 0.0895048 0.054857 0.0271584 0.00989429 0.00250505 0.000445596 5.76149e-05 5.49477e-06 3.83327e-07 1.92139e-08 6.73988e-10 1.60106e-11
 2.03656e-09 1.23003e-07 4.38051e-06 9.1986e-05 0.001139 0.00831747 0.0358488 0.0915689 0.141512 0.145412 0.131956 0.13456 0.125746 0.0921216 0.0546553 0.0258108 0.00881306 0.00206174 0.000336207 3.99485e-05 3.5208e-06 2.2524e-07 1.0118e-08 3.11167e-10 6.4362e-12
 3.56651e-09 2.05015e-07 6.94891e-06 0.000138879 0.00163666 0.0113746 0.0466516 0.11331 0.165883 0.158866 0.129612 0.119233 0.105466 0.0755812 0.0441392 0.0200859 0.00642474 0.00137014 0.000197919 2.0382e-05 1.55473e-06 8.74502e-08 3.51397e-09 9.75716e-11 1.82167e-12
 5.12044e-09 2.79883e-07 9.02058e-06 0.000171428 0.00192105 0.0126964 0.0495379 0.114674 0.16144 0.154159 0.13461 0.130167 0.110483 0.0718235 0.0373246 0.0153694 0.00456025 0.000915248 0.000124771 1.19949e-05 8.33857e-07 4.16184e-08 1.45821e-09 3.51645e-11 5.73935e-13
 7.39584e-09 3.84076e-07 1.17607e-05 0.000212346 0.00226082 0.0141973 0.0526509 0.11604 0.156783 0.148085 0.134262 0.132851 0.111913 0.0726865 0.037817 0.0151498 0.00421306 0.000766138 9.15056e-05 7.51247e-06 4.45643e-07 1.93893e-08 6.04225e-10 1.30275e-11 1.88984e-13
 1.15674e-08 5.70287e-07 1.65782e-05 0.000284167 0.00287227 0.0171241 0.060299 0.12627 0.162583 0.147874 0.131023 0.126454 0.104285 0.0675142 0.0351286 0.0138159 0.00371852 0.00065435 7.61326e-05 6.0818e-06 3.43088e-07 1.36403e-08 3.74812e-10 7.00173e-12 8.80093e-14
 1.7141e-08 8.01712e-07 2.21101e-05 0.000359548 0.00344784 0.0195037 0.0651988 0.129958 0.161216 0.147108 0.136389 0.13156 0.102407 0.0607798 0.0287251 0.0103214 0.00254801 0.000408776 4.27796e-05 3.04044e-06 1.53277e-07 5.55168e-09 1.41436e-10 2.45714e-12 2.83983e-14
 2.50315e-08 1.11003e-06 2.90252e-05 0.000447517 0.00406892 0.0218262 0.0692285 0.131296 0.156917 0.14332 0.137263 0.132608 0.101804 0.0602864 0.0283387 0.00987533 0.0023101 0.000345856 3.33082e-05 2.14206e-06 9.6073e-08 3.06407e-09 6.86465e-11 1.05457e-12 1.08867e-14
 3.96177e-08 1.66488e-06 4.12542e-05 0.000602767 0.00519362 0.0264021 0.0793783 0.142831 0.162567 0.142873 0.132648 0.123919 0.0929108 0.0545526 0.0253108 0.00854706 0.00191788 0.000276111 2.58366e-05 1.62975e-06 7.14427e-08 2.18108e-09 4.54595e-11 6.33697e-13 5.83675e-15
 5.39788e-08 2.14874e-06 5.04351e-05 0.000698049 0.00569776 0.0274475 0.0783146 0.134685 0.150962 0.140934 0.142564 0.134131 0.0968421 0.0542197 0.0239036 0.00766027 0.00163847 0.000227371 2.08441e-05 1.30731e-06 5.72184e-08 1.73124e-09 3.53464e-11 4.77127e-13 4.20359e-15
 7.47476e-08 2.81761e-06 6.26262e-05 0.000820802 0.00634471 0.0289524 0.0783559 0.12861 0.141 0.135723 0.142966 0.136574 0.101971 0.0603303 0.0274503 0.00873654 0.00182568 0.000248965 2.27952e-05 1.4451e-06 6.38196e-08 1.92715e-09 3.88594e-11 5.14486e-13 4.42145e-15
 1.30861e-07 4.67e-06 9.82683e-05 0.00121931 0.00892271 0.0385405 0.09866 0.152636 0.155468 0.13494 0.128777 0.116333 0.0847782 0.0494094 0.0219082 0.00673598 0.00136661 0.000183869 1.69152e-05 1.08683e-06 4.84487e-08 1.46367e-09 2.93168e-11 3.83457e-13 3.2367e-15
 1.95045e-07 6.58871e-06 0.000131237 0.00154144 0.0106784 0.0436784 0.106052 0.156743 0.156703 0.140114 0.135201 0.114894 0.0750579 0.0385925 0.0153457 0.00432991 0.000818014 0.000103437 9.02573e-06 5.56148e-07 2.4046e-08 7.11013e-10 1.40099e-11 1.8037e-13 1.49408e-15
 2.65789e-07 8.49833e-06 0.000160223 0.0017813 0.0116819 0.0452613 0.104385 0.148374 0.149031 0.142722 0.14355 0.120176 0.0762999 0.0378925 0.0142624 0.0037111 0.000628663 6.90272e-05 5.08525e-06 2.63214e-07 9.79868e-09 2.58831e-10 4.69728e-12 5.68046e-14 4.47157e-16
 3.74037e-07 1.13199e-05 0.000202006 0.00212579 0.0131973 0.0484292 0.106032 0.144529 0.143795 0.1416 0.143908 0.120313 0.0776455 0.0392475 0.0146266 0.00367465 0.000595197 6.24038e-05 4.36923e-06 2.10889e-07 7.08499e-09 1.63583e-10 2.54988e-12 2.64948e-14 1.81685e-16
 5.50189e-07 1.57613e-05 0.000266239 0.0026521 0.0155867 0.0541668 0.112496 0.14646 0.142058 0.139141 0.139563 0.115642 0.075273 0.0383231 0.0141748 0.00353225 0.000579255 6.34816e-05 4.75239e-06 2.43766e-07 8.42241e-09 1.92027e-10 2.85161e-12 2.74068e-14 1.69662e-16
 8.43904e-07 2.28859e-05 0.000365967 0.00345116 0.019203 0.063207 0.124552 0.154943 0.146319 0.140876 0.135476 0.105269 0.0635346 0.0298606 0.0101901 0.00233892 0.000352262 3.55126e-05 2.4807e-06 1.22048e-07 4.16912e-09 9.60045e-11 1.45025e-12 1.40854e-14 8.66875e-17
 1.05196e-06 2.70097e-05 0.00040893 0.00365145 0.0192459 0.0601192 0.113385 0.139636 0.141747 0.151389 0.149044 0.113151 0.0661495 0.0298887 0.00971099 0.00211276 0.00030171 2.88465e-05 1.90207e-06 8.75126e-08 2.77513e-09 5.93572e-11 8.40329e-13 7.75517e-15 4.5996e-17
 1.68206e-06 4.08944e-05 0.000586264 0.00495682 0.0247367 0.0731373 0.130343 0.150651 0.141398 0.14024 0.133177 0.101638 0.0608521 0.0275479 0.00865551 0.00177863 0.000236982 2.10076e-05 1.28171e-06 5.46481e-08 1.6098e-09 3.19982e-11 4.20107e-13 3.58482e-15 1.96242e-17
#spawning biomass
 43158.2 32537.9 21850.4 14058.7 15873.7 22946.1 25279 28176.4 37165.6 39849.9 44277.7 51571.6 57921.7 75136 83566.7 79299.5 84299.3 103970 100724 87876.2 92485.1 105881 107203 97572.9 97514 111744 94401.8 88521.3 120701 243217 263707 248782 217488 183071 152336 127686 109171 95858.8 86574 80239.3 75986.9 73166.9 71306.7 70067.1 69278.1 68775.8 68456.1 68252.5 68123 68040.5 67988 67954.6 67933.3 67919.8 67911.1 67905.7 67902.2 67899.9 67898.5 67897.6 67897 67896.7 67896.5 67896.3 67896.2 67896.1 67896.1 67896.1 67896.1 67896.1 67896.1 67896.1 67896 67896 67896 67896 67896 67896 67896 67896 67896 67896 67896 67896 67896 67896 67896 67896 67896 67896 67896 67896 67896 67896 67896 67896 67896 67896 67896 67896 67896 67896 67896 67896 67896 67896 67896 67896 67896 67896 67896 67896 67896 67896 67896 67896 67896 67896 67896 67896 67896 67896 67896 67896 67896 67896 67896 67896 0 0 0 0 0 0 0 0 0 0 0 0 0 0 0 0 0 0 0 0 0 0 0 0 0
