SBPRF35
0.178135
Curr Bio
157390
B35
198131
F35
0.911244
FOFL
0.731753
OFL
43220.8
Bzero
50895.7
#pred survey bio
 4450.19 5888.11 9387.39 15637.2 27910.1 37640.5 32615.8 37592.6 57905.6 78637.3 105038 131420 176419 210949 195322 167387 155017 153492 142795 149445 158367 174543 176575 192772 201106 211169 204932 187163 6.67876e+06 3.9515e+06 2.41046e+06 1.33291e+06 855517 656439 568248 524938 501527 488025 479960 475064 472072 470241 469116 468420 468003 467753 467602 467511 467457 467424 467404 467392 467384 467380 467377 467376 467375 467374 467374 467374 467374 467373 467373 467373 467373 467373 467373 467373 467373 467373 467373 467373 467373 467373 467373 467373 467373 467373 467373 467373 467373 467373 467373 467373 467373 467373 467373 467373 467373 467373 467373 467373 467373 467373 467373 467373 467373 467373 467373 467373 467373 467373 467373 467373 467373 467373 467373 467373 467373 467373 467373 467373 467373 467373 467373 467373 467373 467373 467373 467373 467373 467373 467373 467373 467373 467373 467373 467373 0 0 0 0 0 0 0 0 0 0 0 0 0 0 0 0 0 0 0 0 0 0 0 0 0
#obs survey bio
 3551.76 6590.19 6625.37 15596.9 21265.8 22109.5 23113.2 40312.3 53429.5 56853.5 69888.1 91993.4 173168 175700 146554 125946 122242 130554 102098 133056 126347 143160 162213 157619 134332 170843 149240 148161
#pred catch bio
 1578.39 2206.68 3463 6110.59 9756.81 18548 16415.4 16416.1 27139.7 35345.1 53223.6 65730.4 86076.5 112985 108767 93121.5 85025.2 91222.3 80437 85031.5 89391.6 104766 101083 115263 119770 127896 128970 109939 43220.8 71775.8 44419.4 20416.1 11019.7 7993.18 7096.88 6844.89 6776.57 6758.52 6753.85 6752.66 6752.36 6752.28 6752.26 6752.26 6752.26 6752.26 6752.26 6752.26 6752.26 6752.26 6752.26 6752.26 6752.26 6752.26 6752.26 6752.26 6752.26 6752.26 6752.26 6752.26 6752.26 6752.26 6752.26 6752.26 6752.26 6752.26 6752.26 6752.26 6752.26 6752.26 6752.26 6752.26 6752.26 6752.26 6752.26 6752.26 6752.26 6752.26 6752.26 6752.26 6752.26 6752.26 6752.26 6752.26 6752.26 6752.26 6752.26 6752.26 6752.26 6752.26 6752.26 6752.26 6752.26 6752.26 6752.26 6752.26 6752.26 6752.26 6752.26 6752.26 6752.26 6752.26 6752.26 6752.26 6752.26 6752.26 6752.26 6752.26 6752.26 6752.26 6752.26 6752.26 6752.26 6752.26 6752.26 6752.26 6752.26 6752.26 6752.26 6752.26 6752.26 6752.26 6752.26 6752.26 6752.26 6752.26 6752.26 6752.26 0 0 0 0 0 0 0 0 0 0 0 0 0 0 0 0 0 0 0 0 0 0 0 0 0
#obs catch bio
 1895.1 2202.36 3283.56 5713 9306.48 18790.6 17444.2 15005.1 24917 33730.7 55293.9 66015.2 77777.3 105967 101948 85317.8 78869.7 87166.6 77794.7 78312.9 83737.1 99107.4 88030 105322 111831 118430 120851 105428
#pred cpue bio
 2899.65 3168.11 4603.18 7599.94 12864.1 20887.2 19196.9 18611.9 27270 38059.5 52327.6 62995 82646.8 106282 104724 90005.1 80100.8 77837.9 69776.5 72449.9 75750.1 82551.3 82643.7 90684.4 93129.6 97956.5 97131.9 87712.9 3.1751e+06 3.00127e+06 2.18637e+06 1.18239e+06 709212 510364 422186 378877 355466 341965 333899 329003 326012 324181 323055 322359 321942 321692 321541 321450 321396 321363 321343 321331 321324 321319 321317 321315 321314 321313 321313 321313 321313 321313 321313 321313 321313 321313 321313 321313 321313 321313 321313 321313 321313 321313 321313 321313 321313 321313 321313 321313 321313 321313 321313 321313 321313 321313 321313 321313 321313 321313 321313 321313 321313 321313 321313 321313 321313 321313 321313 321313 321313 321313 321313 321313 321313 321313 321313 321313 321313 321313 321313 321313 321313 321313 321313 321313 321313 321313 321313 321313 321313 321313 321313 321313 321313 321313 321313 321313 0 0 0 0 0 0 0 0 0 0 0 0 0 0 0 0 0 0 0 0 0 0 0 0 0
#obs cpue bio
 2581.76 3725.08 7667.4 12063.4 15220.1 26737.8 25317.3 35967.9 36755.3 50800.8 59310.5 103064 157214 141755 181457 179717 128388 110677 102979 127401 114247 131822 172397 145158 172251 167270 171831 132104
#pred surv len freq
 1.58975e-11 1.72552e-09 1.10433e-07 4.16739e-06 9.27297e-05 0.00121665 0.00941309 0.0429584 0.11582 0.185922 0.18457 0.132147 0.0947481 0.0736996 0.0509366 0.0325375 0.0214883 0.014592 0.0102753 0.0076455 0.00610727 0.0052926 0.00469746 0.00367438 0.00216096
 1.76046e-11 1.91081e-09 1.22292e-07 4.61491e-06 0.000102687 0.0013473 0.0104237 0.0475674 0.128203 0.205444 0.202262 0.14025 0.0942296 0.0690213 0.0443695 0.0248435 0.0136313 0.00734141 0.00397954 0.00233202 0.00152577 0.00112865 0.000906979 0.000683362 0.000402537
 1.82025e-11 1.9757e-09 1.26445e-07 4.77163e-06 0.000106175 0.00139305 0.0107777 0.0491818 0.132543 0.212304 0.208569 0.14338 0.0944151 0.0673249 0.0411728 0.0208036 0.00991158 0.00450819 0.00191911 0.000817027 0.00037875 0.000207588 0.00013615 9.27766e-05 5.27794e-05
 1.80808e-11 1.96249e-09 1.25599e-07 4.73973e-06 0.000105465 0.00138374 0.0107057 0.0488541 0.131672 0.211011 0.207781 0.144123 0.0965808 0.069509 0.042172 0.0206933 0.00933696 0.00389144 0.00142976 0.000484064 0.000160542 5.69073e-05 2.47331e-05 1.31626e-05 6.75136e-06
 1.89041e-11 2.05186e-09 1.31319e-07 4.95557e-06 0.000110267 0.00144675 0.011193 0.0510746 0.137609 0.220144 0.214965 0.14425 0.0901644 0.061628 0.0367427 0.017876 0.00796282 0.00323292 0.00112415 0.0003428 9.44858e-05 2.41845e-05 6.34856e-06 2.02481e-06 7.75651e-07
 1.50009e-11 1.6282e-09 1.04205e-07 3.93236e-06 8.75e-05 0.00114805 0.00888279 0.0405493 0.109476 0.176959 0.181426 0.145085 0.122843 0.100742 0.0624903 0.0298491 0.0128603 0.00512204 0.00176728 0.000529764 0.000138486 3.12034e-05 6.18573e-06 1.17344e-06 2.50769e-07
 1.43318e-11 1.55557e-09 9.95565e-08 3.75696e-06 8.35971e-05 0.00109684 0.00848663 0.0387419 0.104612 0.169216 0.174061 0.140782 0.12168 0.103002 0.0688932 0.038247 0.0192376 0.00812093 0.00272429 0.000769112 0.000191256 4.11946e-05 7.497e-06 1.14656e-06 1.54135e-07
 1.83705e-11 1.99395e-09 1.27612e-07 4.81569e-06 0.000107155 0.00140591 0.0108771 0.0496337 0.133736 0.214019 0.209326 0.141456 0.0901504 0.0638273 0.0410877 0.0232506 0.0123153 0.00569478 0.0021842 0.000697166 0.000181425 3.80931e-05 6.5696e-06 9.33772e-07 1.07758e-07
 1.83947e-11 1.99657e-09 1.2778e-07 4.82202e-06 0.000107296 0.00140776 0.0108915 0.0497014 0.133945 0.214567 0.210866 0.145123 0.095571 0.0674059 0.0395785 0.0181808 0.00765367 0.00318007 0.00123142 0.000425042 0.000124235 2.92786e-05 5.39916e-06 7.68172e-07 8.43084e-08
 1.77523e-11 1.92684e-09 1.23318e-07 4.65363e-06 0.000103549 0.0013586 0.0105113 0.0479695 0.129319 0.207491 0.205498 0.145685 0.101641 0.0744688 0.0440291 0.0199069 0.00790677 0.00287286 0.000896568 0.000250151 6.65449e-05 1.61579e-05 3.26804e-06 5.13127e-07 6.00365e-08
 1.74305e-11 1.89192e-09 1.21082e-07 4.56927e-06 0.000101672 0.00133398 0.0103208 0.047101 0.12699 0.203853 0.202365 0.144742 0.102796 0.0766851 0.0466142 0.0223562 0.00959197 0.00364587 0.00112847 0.000289373 6.46487e-05 1.28541e-05 2.30394e-06 3.59453e-07 4.48462e-08
 1.80425e-11 1.95834e-09 1.25334e-07 4.72971e-06 0.000105242 0.00138081 0.0106831 0.0487517 0.131406 0.210666 0.207819 0.145146 0.0984803 0.0710583 0.0422796 0.019664 0.00816385 0.00308294 0.00097795 0.00025956 5.81787e-05 1.07949e-05 1.66135e-06 2.16635e-07 2.39758e-08
 1.83177e-11 1.98821e-09 1.27245e-07 4.80185e-06 0.000106847 0.00140187 0.010846 0.0494942 0.133394 0.21375 0.210371 0.145605 0.0969692 0.068842 0.0402804 0.018122 0.00716624 0.00259192 0.000793288 0.00020494 4.57679e-05 8.61962e-06 1.32451e-06 1.62611e-07 1.58191e-08
 1.69023e-11 1.83458e-09 1.17413e-07 4.43081e-06 9.8591e-05 0.00129356 0.0100082 0.0456776 0.123195 0.198104 0.198277 0.146095 0.109114 0.0832544 0.0496161 0.0222701 0.0087026 0.00308838 0.000916591 0.000226514 4.83032e-05 8.79042e-06 1.33033e-06 1.63089e-07 1.56615e-08
 1.57236e-11 1.70664e-09 1.09225e-07 4.12181e-06 9.17155e-05 0.00120335 0.00931055 0.0424984 0.11469 0.18499 0.187801 0.145392 0.117536 0.0941398 0.0578752 0.0273002 0.0113697 0.00418408 0.00124126 0.000299139 6.13309e-05 1.06436e-05 1.53293e-06 1.80473e-07 1.69167e-08
 1.5951e-11 1.73132e-09 1.10804e-07 4.18142e-06 9.30418e-05 0.00122075 0.00944509 0.0431107 0.116317 0.187415 0.189325 0.144156 0.113813 0.0906157 0.0567896 0.0281961 0.012579 0.0049003 0.00153156 0.000389347 8.25237e-05 1.4296e-05 1.9981e-06 2.24882e-07 2.00876e-08
 1.67854e-11 1.8219e-09 1.16601e-07 4.40017e-06 9.79092e-05 0.00128461 0.009939 0.0453612 0.122336 0.196682 0.196661 0.144433 0.107505 0.0826501 0.0509642 0.0248809 0.0109706 0.00432705 0.0014127 0.000383781 8.71485e-05 1.60244e-05 2.33605e-06 2.66512e-07 2.3417e-08
 1.69677e-11 1.84168e-09 1.17867e-07 4.44793e-06 9.89721e-05 0.00129856 0.0100469 0.0458532 0.123658 0.198767 0.198554 0.145298 0.107362 0.0817583 0.0494189 0.0230834 0.00960412 0.00363362 0.00115873 0.000312852 7.26334e-05 1.40572e-05 2.18852e-06 2.65709e-07 2.4441e-08
 1.74535e-11 1.89441e-09 1.21242e-07 4.57531e-06 0.000101806 0.00133574 0.0103345 0.0471641 0.12717 0.204221 0.203098 0.146209 0.104851 0.0779591 0.0458685 0.0202403 0.00772061 0.00268763 0.000789001 0.000194364 4.18746e-05 7.81398e-06 1.21995e-06 1.5345e-07 1.49036e-08
 1.76075e-11 1.91112e-09 1.22311e-07 4.61565e-06 0.000102704 0.00134752 0.0104256 0.0475791 0.128279 0.20592 0.204402 0.146127 0.103493 0.0763881 0.0449159 0.0198753 0.00758767 0.00260733 0.000736341 0.000169039 3.32128e-05 5.62775e-06 8.08327e-07 9.66437e-08 9.28849e-09
 1.78054e-11 1.9326e-09 1.23686e-07 4.66753e-06 0.000103858 0.00136266 0.0105427 0.0481129 0.129707 0.208125 0.206178 0.146293 0.102151 0.0746093 0.0435111 0.0189666 0.00708236 0.00239356 0.000669853 0.000151852 2.89397e-05 4.62219e-06 6.08575e-07 6.59104e-08 5.80344e-09
 1.79843e-11 1.95202e-09 1.24929e-07 4.71443e-06 0.000104902 0.00137635 0.0106486 0.0485954 0.130997 0.210111 0.207747 0.146341 0.100785 0.0729047 0.0422962 0.0182979 0.00674955 0.00225109 0.000620724 0.000138065 2.58036e-05 4.04379e-06 5.17215e-07 5.31796e-08 4.33259e-09
 1.80225e-11 1.95617e-09 1.25194e-07 4.72444e-06 0.000105125 0.00137928 0.0106713 0.0486988 0.131278 0.21058 0.208296 0.14694 0.101392 0.0731361 0.0417846 0.0173233 0.00594179 0.0018543 0.0004882 0.000103919 1.85724e-05 2.80206e-06 3.47378e-07 3.47105e-08 2.73502e-09
 1.80068e-11 1.95447e-09 1.25086e-07 4.72034e-06 0.000105033 0.00137808 0.010662 0.0486564 0.131162 0.210382 0.208043 0.14662 0.101033 0.0729811 0.0420568 0.0178551 0.00636339 0.00203512 0.000531055 0.000108718 1.84031e-05 2.6338e-06 3.11361e-07 2.98152e-08 2.26525e-09
 1.82138e-11 1.97693e-09 1.26523e-07 4.7746e-06 0.000106241 0.00139392 0.0107845 0.0492147 0.132657 0.212693 0.209919 0.146842 0.0997026 0.071162 0.0405504 0.0168209 0.00577416 0.00179521 0.000465871 9.60794e-05 1.62904e-05 2.28264e-06 2.5791e-07 2.33322e-08 1.67764e-09
 1.81532e-11 1.97036e-09 1.26103e-07 4.75872e-06 0.000105887 0.00138928 0.0107486 0.0490515 0.132221 0.212033 0.209446 0.146988 0.100413 0.0719085 0.0409035 0.0168282 0.00568259 0.00173184 0.000439222 8.7867e-05 1.44609e-05 1.99512e-06 2.24163e-07 2.0015e-08 1.39382e-09
 1.7738e-11 1.92529e-09 1.23218e-07 4.64987e-06 0.000103465 0.00135751 0.0105029 0.0479319 0.12923 0.207453 0.205947 0.147267 0.104182 0.0762725 0.043583 0.0178528 0.00596411 0.00179455 0.000448746 8.78815e-05 1.40301e-05 1.86949e-06 2.03048e-07 1.76495e-08 1.20811e-09
 1.79444e-11 1.94769e-09 1.24652e-07 4.70397e-06 0.000104669 0.0013733 0.010625 0.0484883 0.130717 0.209733 0.207705 0.147179 0.102387 0.0741586 0.0422373 0.0172788 0.00576011 0.00172478 0.000426786 8.19315e-05 1.27135e-05 1.64202e-06 1.72527e-07 1.44589e-08 9.54079e-10
#obs surv len freq
 1.28603e-11 1.39586e-09 8.93351e-08 3.37124e-06 7.50145e-05 0.000984242 0.00761579 0.0347742 0.093992 0.152711 0.159868 0.135734 0.124806 0.111841 0.0819339 0.0507995 0.0272822 0.0119807 0.00417126 0.00114405 0.000241376 3.78459e-05 4.26715e-06 3.3553e-07 1.78915e-08
 1.83658e-11 1.99344e-09 1.2758e-07 4.81446e-06 0.000107128 0.00140556 0.0108745 0.049624 0.133727 0.21407 0.209353 0.140653 0.0879402 0.062343 0.0424999 0.0256638 0.0134493 0.00573424 0.0019258 0.000505509 0.000101296 1.49799e-05 1.58324e-06 1.16096e-07 5.74869e-09
 1.56128e-11 1.69462e-09 1.08456e-07 4.09278e-06 9.10699e-05 0.0011949 0.00924562 0.0422115 0.114017 0.184521 0.189293 0.149272 0.120429 0.0935442 0.055692 0.0253375 0.0100411 0.00363571 0.0011283 0.000280896 5.3402e-05 7.44902e-06 7.3799e-07 5.04571e-08 2.3198e-09
 1.80585e-11 1.96008e-09 1.25445e-07 4.73389e-06 0.000105335 0.00138205 0.010693 0.0488028 0.131599 0.21124 0.208848 0.145225 0.0956176 0.0676946 0.0427204 0.0223327 0.00959064 0.00317673 0.000787557 0.000152395 2.39092e-05 2.9515e-06 2.68434e-07 1.7026e-08 7.26262e-10
 1.66215e-11 1.80411e-09 1.15463e-07 4.35722e-06 9.6954e-05 0.0012721 0.00984302 0.0449379 0.121351 0.196034 0.199005 0.150503 0.112432 0.0825699 0.0481931 0.0218475 0.00836452 0.0027046 0.000689151 0.000131756 1.84403e-05 1.87193e-06 1.38004e-07 7.33733e-09 2.73696e-10
 7.27828e-12 7.89989e-10 5.05593e-08 1.90797e-06 4.24565e-05 0.000557157 0.00431452 0.0197701 0.0542765 0.0941114 0.122647 0.156464 0.188433 0.169934 0.108182 0.0525405 0.0206505 0.00633551 0.00145301 0.000250114 3.25294e-05 3.11435e-06 2.10882e-07 9.80711e-09 3.08351e-10
 1.59923e-11 1.73581e-09 1.11092e-07 4.19226e-06 9.32834e-05 0.00122393 0.00946996 0.0432263 0.116612 0.18744 0.186076 0.131228 0.092191 0.0794088 0.0688307 0.0485419 0.0246142 0.00856673 0.00206873 0.000355817 4.3953e-05 3.85775e-06 2.36999e-07 1.00348e-08 2.87273e-10
 1.80119e-11 1.95503e-09 1.25121e-07 4.7217e-06 0.000105064 0.00137852 0.0106665 0.0486959 0.131454 0.211829 0.211991 0.15113 0.0998148 0.0658572 0.0369132 0.0176552 0.00802477 0.00324553 0.000994024 0.000209212 2.91969e-05 2.6831e-06 1.62762e-07 6.52532e-09 1.72225e-10
 1.59297e-11 1.72901e-09 1.10657e-07 4.17586e-06 9.29193e-05 0.00121921 0.00943508 0.0430992 0.116629 0.189829 0.197309 0.156675 0.120687 0.0863977 0.04816 0.0205999 0.00718324 0.00207357 0.000493799 9.60101e-05 1.42555e-05 1.4748e-06 9.98887e-08 4.30261e-09 1.166e-10
 1.46752e-11 1.59285e-09 1.01943e-07 3.84701e-06 8.56026e-05 0.00112323 0.00869326 0.0397269 0.107676 0.176329 0.187139 0.156337 0.12823 0.0966335 0.0576633 0.0269858 0.00995565 0.0027641 0.000559845 8.40074e-05 9.59404e-06 8.31043e-07 5.23484e-08 2.26219e-09 6.37694e-11
 1.42495e-11 1.54665e-09 9.89856e-08 3.73543e-06 8.31201e-05 0.00109068 0.00844194 0.0385887 0.104689 0.171976 0.184155 0.156411 0.130061 0.0990769 0.060549 0.0294557 0.0113372 0.00328051 0.000686196 0.000102217 1.07268e-05 7.84937e-07 3.98772e-08 1.4026e-09 3.37574e-11
 1.67473e-11 1.81776e-09 1.16337e-07 4.39021e-06 9.76894e-05 0.00128181 0.00991988 0.0453159 0.122606 0.199117 0.204168 0.154061 0.109125 0.075773 0.0450871 0.0218904 0.00846164 0.00247444 0.000527511 8.03371e-05 8.54782e-06 6.19786e-07 3.00157e-08 9.57987e-10 1.99777e-11
 1.52801e-11 1.65851e-09 1.06145e-07 4.00562e-06 8.91329e-05 0.00116961 0.00905354 0.0413933 0.112353 0.18463 0.196823 0.162625 0.126497 0.087839 0.0477508 0.0203405 0.00703666 0.00192974 0.000399319 6.00272e-05 6.34725e-06 4.58126e-07 2.2015e-08 6.90732e-10 1.39332e-11
 1.28563e-11 1.39543e-09 8.93078e-08 3.37025e-06 7.49967e-05 0.000984205 0.00762111 0.0348906 0.0951696 0.15915 0.179085 0.165675 0.145107 0.108675 0.0628413 0.028076 0.00965479 0.00246554 0.000458027 6.18771e-05 6.02286e-06 4.10722e-07 1.89715e-08 5.76837e-10 1.12998e-11
 1.22473e-11 1.32933e-09 8.50775e-08 3.21062e-06 7.14454e-05 0.000937642 0.00726158 0.0332598 0.0908493 0.152533 0.173255 0.162726 0.145478 0.113338 0.0701473 0.0338545 0.0123411 0.00325219 0.000605465 7.8965e-05 7.14364e-06 4.42198e-07 1.84645e-08 5.12346e-10 9.28929e-12
 1.36665e-11 1.48337e-09 9.49359e-08 3.58265e-06 7.97236e-05 0.00104626 0.00810171 0.0370868 0.101058 0.168036 0.184668 0.16115 0.133045 0.0995781 0.061228 0.0299353 0.0112199 0.00307717 0.000597926 8.04476e-05 7.33516e-06 4.44849e-07 1.76937e-08 4.56675e-10 7.57858e-12
 1.35306e-11 1.46862e-09 9.39923e-08 3.54706e-06 7.89333e-05 0.00103596 0.00802379 0.0367575 0.100397 0.168093 0.187809 0.167481 0.137788 0.0985609 0.0563331 0.0255639 0.00909654 0.00243551 0.000471707 6.4008e-05 5.90698e-06 3.61203e-07 1.43401e-08 3.64057e-10 5.84301e-12
 1.39817e-11 1.51759e-09 9.71263e-08 3.66535e-06 8.15662e-05 0.00107053 0.00829202 0.037989 0.10375 0.173444 0.192299 0.16782 0.134214 0.0942727 0.0531359 0.0233981 0.00786946 0.00195817 0.000352694 4.51309e-05 3.99712e-06 2.37824e-07 9.25754e-09 2.30935e-10 3.63479e-12
 1.41458e-11 1.5354e-09 9.82664e-08 3.70839e-06 8.25257e-05 0.00108319 0.00839136 0.0384612 0.105159 0.176233 0.196013 0.17056 0.133876 0.0911204 0.0494504 0.0209085 0.00674678 0.00160322 0.000272657 3.25238e-05 2.66687e-06 1.4714e-07 5.35098e-09 1.25866e-10 1.88329e-12
 1.41932e-11 1.54054e-09 9.85954e-08 3.72084e-06 8.28045e-05 0.00108692 0.00842185 0.0386208 0.105734 0.177708 0.198495 0.172745 0.134 0.0892964 0.0471338 0.0191967 0.00590657 0.00132893 0.000212999 2.38423e-05 1.82504e-06 9.34514e-08 3.13857e-09 6.80142e-11 9.38112e-13
 1.43635e-11 1.55903e-09 9.97791e-08 3.76554e-06 8.38012e-05 0.00110007 0.00852521 0.0391114 0.107179 0.180421 0.201627 0.174268 0.132733 0.0864298 0.0444804 0.0175522 0.00518654 0.00111108 0.000168183 1.76504e-05 1.25971e-06 5.99093e-08 1.86323e-09 3.7292e-11 4.73914e-13
 1.48009e-11 1.60651e-09 1.02818e-07 3.88026e-06 8.63559e-05 0.00113366 0.00878649 0.0403185 0.110509 0.18588 0.206504 0.175104 0.129134 0.0812825 0.0404677 0.0153938 0.00436251 0.000891827 0.000128082 1.26689e-05 8.46638e-07 3.74929e-08 1.08111e-09 1.99981e-11 2.34354e-13
 1.45378e-11 1.57796e-09 1.00991e-07 3.81138e-06 8.48271e-05 0.00111375 0.00863547 0.0396672 0.109022 0.18459 0.2077 0.178631 0.131671 0.0811094 0.0389437 0.0141592 0.00381754 0.000740623 0.000100647 9.38294e-06 5.88473e-07 2.43555e-08 6.53792e-10 1.1219e-11 1.21601e-13
 1.45196e-11 1.57598e-09 1.00866e-07 3.80669e-06 8.47265e-05 0.00111255 0.00862867 0.0396634 0.10918 0.18539 0.209316 0.179905 0.131461 0.0799363 0.0377561 0.0133728 0.00346336 0.000637486 8.15054e-05 7.11319e-06 4.16442e-07 1.60586e-08 4.00948e-10 6.388e-12 6.41667e-14
 1.44376e-11 1.56709e-09 1.00297e-07 3.78533e-06 8.42558e-05 0.00110654 0.00858532 0.0395011 0.108966 0.185822 0.211103 0.181918 0.131773 0.0786403 0.0362643 0.0124815 0.00312452 0.000552479 6.73285e-05 5.55083e-06 3.04461e-07 1.09312e-08 2.53111e-10 3.73137e-12 3.46387e-14
 1.31986e-11 1.43261e-09 9.16924e-08 3.46077e-06 7.70435e-05 0.00101224 0.00786265 0.0362862 0.100892 0.175381 0.207139 0.188367 0.141925 0.0854261 0.038863 0.013021 0.00314447 0.00053301 6.19581e-05 4.84833e-06 2.51089e-07 8.46632e-09 1.83154e-10 2.51097e-12 2.1595e-14
 1.33499e-11 1.44904e-09 9.27447e-08 3.50056e-06 7.79333e-05 0.00102404 0.00795584 0.0367258 0.102112 0.17719 0.207873 0.186739 0.139679 0.0846734 0.0390682 0.0131614 0.00313926 0.000516692 5.75969e-05 4.28527e-06 2.09739e-07 6.65368e-09 1.34938e-10 1.72877e-12 1.38537e-14
 1.34304e-11 1.45778e-09 9.33059e-08 3.52189e-06 7.84161e-05 0.00103063 0.00801138 0.0370255 0.103179 0.179661 0.21122 0.18848 0.138094 0.0813506 0.036506 0.0120273 0.00282097 0.000457022 4.98838e-05 3.59844e-06 1.68867e-07 5.08616e-09 9.72016e-11 1.1673e-12 8.73578e-15
#pred catch len freq
 1.03881e-11 1.12753e-09 7.21619e-08 2.72317e-06 6.05941e-05 0.000795038 0.00615188 0.0280928 0.0759832 0.123929 0.132281 0.119515 0.118723 0.11004 0.0826628 0.0570393 0.0398521 0.0277869 0.0197891 0.0147905 0.0118321 0.0102578 0.00910515 0.00712222 0.00418869
 1.29447e-11 1.40502e-09 8.9921e-08 3.39334e-06 7.55062e-05 0.000990688 0.00766547 0.0349974 0.0945579 0.153415 0.159976 0.135011 0.123434 0.108054 0.0748788 0.044761 0.0259442 0.0143772 0.00789797 0.00465666 0.00305334 0.00225996 0.00181632 0.00136853 0.00080614
 1.38944e-11 1.5081e-09 9.65182e-08 3.6423e-06 8.10458e-05 0.00106337 0.00822776 0.0375627 0.101463 0.164405 0.170435 0.141211 0.125691 0.107008 0.0701472 0.0375853 0.0189509 0.00890395 0.00384837 0.00165121 0.000768136 0.000421496 0.000276522 0.000188439 0.000107201
 1.38954e-11 1.50821e-09 9.65254e-08 3.64257e-06 8.10519e-05 0.00106345 0.00822842 0.0375665 0.101484 0.164532 0.170993 0.142743 0.128129 0.109039 0.0705175 0.0365034 0.0173797 0.00747727 0.00278855 0.000951899 0.000317071 0.000112598 4.89671e-05 2.60631e-05 1.33686e-05
 1.48423e-11 1.61099e-09 1.03103e-07 3.89078e-06 8.65749e-05 0.00113591 0.00878885 0.0401201 0.108314 0.175046 0.179311 0.143046 0.121 0.100185 0.0643133 0.0331526 0.0156339 0.00656434 0.0023187 0.000713345 0.000197596 5.06951e-05 1.33211e-05 4.25012e-06 1.62824e-06
 1.07069e-11 1.16213e-09 7.4376e-08 2.80672e-06 6.24535e-05 0.000819448 0.00634124 0.028969 0.0785095 0.129309 0.143854 0.14414 0.155943 0.14184 0.0915098 0.0455522 0.0205691 0.0084375 0.00295104 0.000890934 0.000233797 5.27752e-05 1.04708e-05 1.98705e-06 4.24701e-07
 9.91959e-12 1.07668e-09 6.89071e-08 2.60034e-06 5.78614e-05 0.000759196 0.00587507 0.0268411 0.0727673 0.120049 0.134483 0.137134 0.151616 0.142553 0.0999069 0.0582016 0.0304941 0.0131413 0.0044526 0.00126551 0.000316056 6.822e-05 1.24267e-05 1.90124e-06 2.55631e-07
 1.44688e-11 1.57045e-09 1.00508e-07 3.79287e-06 8.43962e-05 0.00110732 0.00856764 0.0391095 0.105574 0.170528 0.17427 0.138066 0.116326 0.0984243 0.0681574 0.0407538 0.0225196 0.0106342 0.00411961 0.00132251 0.000345243 7.2605e-05 1.2532e-05 1.782e-06 2.05683e-07
 1.48603e-11 1.61295e-09 1.03228e-07 3.89552e-06 8.66804e-05 0.00113729 0.00879961 0.0401702 0.108462 0.175389 0.180146 0.144907 0.123653 0.101721 0.0630641 0.0301652 0.0132954 0.00569544 0.00223553 0.000776248 0.000227501 5.36786e-05 9.904e-06 1.40947e-06 1.54712e-07
 1.3872e-11 1.50567e-09 9.63625e-08 3.63642e-06 8.09152e-05 0.00106166 0.00821463 0.0375054 0.101343 0.164499 0.171869 0.145727 0.132937 0.112597 0.0700392 0.0329814 0.0137346 0.00515361 0.0016331 0.000459532 0.000122849 2.98934e-05 6.05073e-06 9.50309e-07 1.11199e-07
 1.37805e-11 1.49574e-09 9.57274e-08 3.61246e-06 8.03819e-05 0.00105466 0.00816047 0.0372577 0.100669 0.163365 0.170501 0.144142 0.131261 0.111911 0.0713691 0.0355768 0.0158868 0.00618647 0.00193608 0.00049961 0.000112072 2.23318e-05 4.00669e-06 6.25359e-07 7.80323e-08
 1.45806e-11 1.58259e-09 1.01285e-07 3.82219e-06 8.50488e-05 0.00111589 0.00863405 0.0394159 0.106445 0.172291 0.177729 0.144941 0.126029 0.104818 0.0655653 0.0316571 0.0136847 0.00530328 0.0017023 0.000454655 0.000102282 1.90137e-05 2.92892e-06 3.82093e-07 4.22961e-08
 1.49012e-11 1.61738e-09 1.03512e-07 3.90622e-06 8.69184e-05 0.00114042 0.00882379 0.0402808 0.108764 0.175907 0.180811 0.145777 0.124731 0.102554 0.0631356 0.0294597 0.0121424 0.00451757 0.00140092 0.000364416 8.17144e-05 1.54211e-05 2.37184e-06 2.91316e-07 2.83453e-08
 1.33351e-11 1.4474e-09 9.26334e-08 3.4957e-06 7.77839e-05 0.00102058 0.00789691 0.0360581 0.0974788 0.158597 0.167436 0.146338 0.138199 0.118531 0.0734799 0.0340437 0.0138176 0.0050345 0.00151256 0.000376202 8.05409e-05 1.46876e-05 2.2249e-06 2.72874e-07 2.6209e-08
 1.19938e-11 1.30181e-09 8.33159e-08 3.14409e-06 6.99602e-05 0.000917933 0.00710299 0.0324401 0.087796 0.143634 0.155324 0.145009 0.146978 0.130391 0.0831201 0.0405285 0.0175133 0.0065965 0.00197764 0.000479433 9.86828e-05 1.7163e-05 2.47439e-06 2.9145e-07 2.73248e-08
 1.22283e-11 1.32727e-09 8.49449e-08 3.20556e-06 7.1328e-05 0.000935877 0.00724172 0.0330712 0.0894686 0.146086 0.156662 0.143094 0.142156 0.126084 0.0822222 0.0423107 0.0195675 0.00778297 0.00245551 0.000627652 0.000133501 2.31709e-05 3.2415e-06 3.64994e-07 3.26106e-08
 1.32215e-11 1.43507e-09 9.1844e-08 3.46591e-06 7.71211e-05 0.00101188 0.00782957 0.0357498 0.0966341 0.157133 0.165475 0.143647 0.134984 0.116806 0.0751474 0.0380085 0.0173764 0.00700283 0.00230875 0.000630586 0.000143645 2.6455e-05 3.85962e-06 4.40501e-07 3.8712e-08
 1.38272e-11 1.50081e-09 9.60516e-08 3.62469e-06 8.06542e-05 0.00105823 0.00818812 0.0373843 0.101016 0.163961 0.17128 0.14517 0.132442 0.112442 0.0705166 0.0338779 0.0145359 0.00560951 0.00180505 0.000489675 0.000113996 2.20921e-05 3.44155e-06 4.17957e-07 3.84503e-08
 1.42619e-11 1.54799e-09 9.90712e-08 3.73864e-06 8.31896e-05 0.0010915 0.00844544 0.0385575 0.104163 0.16889 0.175586 0.146653 0.131221 0.109753 0.0671273 0.0304581 0.0120128 0.00428349 0.00127173 0.000315097 6.81247e-05 1.27354e-05 1.9899e-06 2.50383e-07 2.43216e-08
 1.4507e-11 1.5746e-09 1.00774e-07 3.80291e-06 8.46196e-05 0.00111026 0.00859055 0.0392186 0.10593 0.171599 0.177675 0.146554 0.129104 0.107283 0.0655981 0.0298344 0.0117625 0.00413529 0.00118027 0.000272444 5.3722e-05 9.12132e-06 1.31136e-06 1.56852e-07 1.50779e-08
 1.47463e-11 1.60057e-09 1.02436e-07 3.86562e-06 8.6015e-05 0.00112857 0.00873214 0.0398639 0.107657 0.174272 0.179858 0.146853 0.127634 0.105232 0.0638566 0.0285954 0.0110284 0.0038166 0.00108001 0.00024621 4.70901e-05 7.53633e-06 9.93238e-07 1.07622e-07 9.47823e-09
 1.52529e-11 1.65555e-09 1.05955e-07 3.99842e-06 8.89699e-05 0.00116733 0.00903199 0.0412301 0.111311 0.179893 0.184283 0.146942 0.123693 0.100352 0.060424 0.0267569 0.010146 0.00345424 0.000961728 0.000214947 4.02964e-05 6.32614e-06 8.09826e-07 8.32993e-08 6.78779e-09
 1.51208e-11 1.64121e-09 1.05037e-07 3.96378e-06 8.81993e-05 0.00115722 0.00895382 0.0408745 0.110367 0.178503 0.18349 0.147913 0.126237 0.102633 0.0609023 0.0258405 0.00913215 0.00292237 0.000779012 0.00016681 2.99229e-05 4.52429e-06 5.61478e-07 5.61314e-08 4.42392e-09
 1.52752e-11 1.65798e-09 1.0611e-07 4.00428e-06 8.91003e-05 0.00116904 0.00904523 0.0412906 0.111476 0.180173 0.184634 0.147376 0.124181 0.100596 0.0601379 0.0261118 0.00956413 0.00312472 0.000823677 0.000169461 2.87811e-05 4.12773e-06 4.88486e-07 4.67996e-08 3.55649e-09
 1.55465e-11 1.68742e-09 1.07995e-07 4.07538e-06 9.06824e-05 0.0011898 0.00920579 0.0420224 0.113435 0.183208 0.187123 0.147753 0.122567 0.0982964 0.0581225 0.0246318 0.00868577 0.00276162 0.000724591 0.000150219 2.55538e-05 3.58779e-06 4.0579e-07 3.67289e-08 2.64159e-09
 1.55421e-11 1.68695e-09 1.07964e-07 4.07425e-06 9.06572e-05 0.00118947 0.00920323 0.0420108 0.113406 0.183175 0.187156 0.147948 0.122901 0.0985424 0.05808 0.024381 0.00844613 0.00263086 0.000674503 0.000135625 2.23941e-05 3.096e-06 3.48217e-07 3.1107e-08 2.16679e-09
 1.51698e-11 1.64653e-09 1.05378e-07 3.97663e-06 8.84852e-05 0.00116098 0.00898285 0.0410069 0.110724 0.179072 0.18404 0.148258 0.126371 0.102517 0.0604593 0.0252178 0.00862429 0.00264852 0.000669104 0.000131661 2.10836e-05 2.81489e-06 3.06042e-07 2.66153e-08 1.82227e-09
 1.51303e-11 1.64225e-09 1.05104e-07 3.9663e-06 8.82553e-05 0.00115796 0.00895951 0.0409006 0.11044 0.178635 0.183694 0.148246 0.126672 0.102898 0.0607411 0.0253787 0.00869755 0.00266782 0.000668131 0.000128983 2.00882e-05 2.60085e-06 2.73628e-07 2.29464e-08 1.51461e-09
#obs catch len freq
 1.08664e-11 1.17945e-09 7.54845e-08 2.84855e-06 6.33843e-05 0.000831659 0.00643562 0.0293963 0.0796011 0.130472 0.141814 0.133455 0.137237 0.129042 0.0963357 0.060626 0.0330048 0.0146844 0.00518757 0.0014455 0.000309967 4.94022e-05 5.66177e-06 4.52394e-07 2.45044e-08
 1.1171e-11 1.21251e-09 7.76002e-08 2.9284e-06 6.51611e-05 0.000854974 0.00661612 0.0302222 0.0818473 0.134168 0.145604 0.135704 0.137034 0.126821 0.0934061 0.0577628 0.0306755 0.0132308 0.0045013 0.0011989 0.000243979 3.66554e-05 3.93545e-06 2.9299e-07 1.47196e-08
 1.71973e-11 1.8666e-09 1.19462e-07 4.50814e-06 0.000100312 0.00131614 0.010183 0.0464754 0.125328 0.201252 0.199514 0.1407 0.0965063 0.0727759 0.0503848 0.0303591 0.0157098 0.00656844 0.00215214 0.000547725 0.0001057 1.49565e-05 1.50333e-06 1.04259e-07 4.8596e-09
 1.4383e-11 1.56114e-09 9.99126e-08 3.7704e-06 8.38967e-05 0.0011008 0.00851808 0.0389016 0.10522 0.171307 0.179954 0.151387 0.131515 0.10483 0.0623684 0.0282289 0.0110894 0.00394797 0.00119499 0.000288044 5.26572e-05 7.01809e-06 6.60411e-07 4.26597e-08 1.84458e-09
 1.7159e-11 1.86245e-09 1.19196e-07 4.4981e-06 0.000100089 0.00131322 0.0101609 0.046382 0.125163 0.201549 0.201868 0.146352 0.103201 0.0758895 0.0481204 0.0249543 0.0105309 0.00340652 0.000822553 0.000154427 2.33329e-05 2.75104e-06 2.37363e-07 1.42076e-08 5.69443e-10
 1.57782e-11 1.71257e-09 1.09604e-07 4.13614e-06 9.20349e-05 0.00120758 0.00934425 0.0426709 0.115346 0.18712 0.193024 0.152529 0.12024 0.0900045 0.0523659 0.0235316 0.00887642 0.00280426 0.000693528 0.000127986 1.72035e-05 1.66891e-06 1.16889e-07 5.8662e-09 2.05411e-10
 6.60081e-12 7.16456e-10 4.58532e-08 1.73038e-06 3.85054e-05 0.000505339 0.00391433 0.017957 0.0495298 0.0873674 0.11904 0.159745 0.195359 0.175125 0.110372 0.0529338 0.0204012 0.00609698 0.00135658 0.000225481 2.81354e-05 2.56824e-06 1.64969e-07 7.24554e-09 2.14203e-10
 1.53336e-11 1.66432e-09 1.06516e-07 4.01959e-06 8.94415e-05 0.00117354 0.00908036 0.0414544 0.111902 0.180322 0.18073 0.131315 0.0969625 0.0857617 0.0740019 0.0511218 0.0252127 0.00851044 0.00198768 0.0003292 3.89498e-05 3.25768e-06 1.89768e-07 7.5823e-09 2.03968e-10
 1.75431e-11 1.90414e-09 1.21865e-07 4.59881e-06 0.00010233 0.00134266 0.0103895 0.0474396 0.128151 0.207052 0.209132 0.152795 0.104188 0.0694992 0.0388015 0.0184365 0.00825173 0.0032396 0.00095411 0.000192142 2.55715e-05 2.23372e-06 1.28328e-07 4.85333e-09 1.20379e-10
 1.54864e-11 1.6809e-09 1.07578e-07 4.05967e-06 9.03343e-05 0.00118531 0.00917342 0.0419155 0.113543 0.185498 0.195113 0.158942 0.125143 0.0895622 0.049367 0.020799 0.00710444 0.0019981 0.000461128 8.61226e-05 1.21695e-05 1.19115e-06 7.60846e-08 3.08353e-09 7.84478e-11
 1.43056e-11 1.55274e-09 9.9375e-08 3.75013e-06 8.34472e-05 0.00109498 0.00847531 0.0387433 0.105133 0.172859 0.185654 0.158625 0.132074 0.0991391 0.0584277 0.0268504 0.00965147 0.0025957 0.000507475 7.31963e-05 7.98445e-06 6.55647e-07 3.88918e-08 1.57556e-09 4.15299e-11
 1.39524e-11 1.51441e-09 9.6922e-08 3.65756e-06 8.1388e-05 0.00106798 0.00826702 0.037802 0.102678 0.169337 0.183328 0.158681 0.1333 0.100922 0.0608635 0.0290412 0.0108757 0.00304287 0.000612487 8.73623e-05 8.73525e-06 6.06181e-07 2.90613e-08 9.59462e-10 2.15688e-11
 1.65511e-11 1.79646e-09 1.14974e-07 4.33877e-06 9.65452e-05 0.00126682 0.0098045 0.0447986 0.121296 0.197458 0.203819 0.155777 0.111323 0.0768808 0.0451232 0.0214661 0.00806586 0.00227845 0.000466724 6.79207e-05 6.86932e-06 4.71346e-07 2.15186e-08 6.45117e-10 1.25929e-11
 1.51236e-11 1.64153e-09 1.05058e-07 3.9646e-06 8.8221e-05 0.00115768 0.00896203 0.0409882 0.11137 0.183589 0.197228 0.164744 0.1283 0.0880444 0.0470881 0.0196608 0.00661866 0.0017532 0.000348236 4.99501e-05 5.01219e-06 3.41723e-07 1.54519e-08 4.54717e-10 8.5796e-12
 1.27621e-11 1.38521e-09 8.86536e-08 3.34558e-06 7.44485e-05 0.000977055 0.00756684 0.0346583 0.0946716 0.158945 0.180347 0.168147 0.146592 0.1082 0.0614329 0.0268013 0.00893497 0.0022001 0.000392313 5.0586e-05 4.67025e-06 3.0044e-07 1.30362e-08 3.71128e-10 6.78949e-12
 1.22051e-11 1.32476e-09 8.47848e-08 3.19959e-06 7.1201e-05 0.00093448 0.00723824 0.0331691 0.0907325 0.152913 0.174954 0.165221 0.146774 0.112657 0.0683898 0.0321529 0.011335 0.00287343 0.000512194 6.36353e-05 5.45632e-06 3.1862e-07 1.24961e-08 3.24404e-10 5.48542e-12
 1.36746e-11 1.48425e-09 9.49926e-08 3.58481e-06 7.97727e-05 0.00104694 0.0081081 0.0371307 0.10129 0.168888 0.186549 0.163293 0.133804 0.098588 0.0594212 0.0282852 0.010244 0.00269834 0.00050081 6.40249e-05 5.52152e-06 3.15472e-07 1.17795e-08 2.84483e-10 4.40449e-12
 1.35799e-11 1.47397e-09 9.43349e-08 3.56001e-06 7.92228e-05 0.00103981 0.00805488 0.0369164 0.100951 0.169481 0.190148 0.169561 0.137907 0.0968649 0.0542238 0.0239644 0.00824118 0.00211792 0.00039131 5.03636e-05 4.38691e-06 2.52201e-07 9.38346e-09 2.22655e-10 3.33243e-12
 1.40692e-11 1.52708e-09 9.77338e-08 3.68829e-06 8.20783e-05 0.00107731 0.0083458 0.0382516 0.104579 0.175233 0.194866 0.169741 0.133965 0.0922429 0.0508083 0.0217375 0.0070548 0.00168408 0.000289304 3.50923e-05 2.92998e-06 1.63622e-07 5.95793e-09 1.38667e-10 2.03217e-12
 1.4267e-11 1.54856e-09 9.91086e-08 3.7402e-06 8.32352e-05 0.00109256 0.00846539 0.0388173 0.106244 0.178416 0.198835 0.172316 0.133161 0.088695 0.0469821 0.0192802 0.00599539 0.00136455 0.000221031 2.4972e-05 1.92935e-06 9.98506e-08 3.39345e-09 7.4373e-11 1.03452e-12
 1.43442e-11 1.55693e-09 9.9645e-08 3.76048e-06 8.36886e-05 0.00109859 0.00851383 0.0390602 0.107047 0.18024 0.201543 0.17437 0.132908 0.086534 0.0445136 0.0175708 0.00520367 0.00112018 0.000170823 1.80915e-05 1.30366e-06 6.2575e-08 1.9631e-09 3.96217e-11 5.07767e-13
 1.45399e-11 1.57818e-09 1.01005e-07 3.81185e-06 8.48341e-05 0.00111371 0.00863253 0.0396218 0.108684 0.183238 0.204829 0.175732 0.131308 0.0834159 0.0417759 0.0159542 0.00453177 0.000927734 0.000133467 1.32408e-05 8.88928e-07 3.9603e-08 1.14988e-09 2.14259e-11 2.52909e-13
 1.49959e-11 1.62768e-09 1.04173e-07 3.93144e-06 8.74976e-05 0.00114874 0.00890502 0.0408806 0.112151 0.188879 0.209742 0.176344 0.127412 0.078125 0.0377961 0.0138968 0.0037813 0.000737837 0.000100599 9.39711e-06 5.9027e-07 2.44726e-08 6.58492e-10 1.13355e-11 1.23348e-13
 1.47546e-11 1.60148e-09 1.02498e-07 3.86828e-06 8.60966e-05 0.00113052 0.00876742 0.040293 0.110845 0.187881 0.211133 0.179735 0.12958 0.0776624 0.0361948 0.0127069 0.00328608 0.000607853 7.83371e-05 6.89034e-06 4.05853e-07 1.57153e-08 3.9345e-10 6.28073e-12 6.31938e-14
 1.4754e-11 1.60142e-09 1.02495e-07 3.86823e-06 8.60998e-05 0.0011307 0.0087715 0.0403404 0.111143 0.18889 0.212859 0.180901 0.129152 0.0763133 0.0349331 0.0119288 0.00295964 0.000518946 6.28731e-05 5.17314e-06 2.84228e-07 1.02472e-08 2.38478e-10 3.53277e-12 3.29289e-14
 1.46872e-11 1.59418e-09 1.02032e-07 3.85088e-06 8.57192e-05 0.00112589 0.00873775 0.0402239 0.111059 0.189518 0.214744 0.182778 0.129217 0.0748586 0.033417 0.0110753 0.00265283 0.000446297 5.14836e-05 3.99844e-06 2.05707e-07 6.90225e-09 1.48914e-10 2.04043e-12 1.75698e-14
 1.34688e-11 1.46195e-09 9.35711e-08 3.53178e-06 7.86299e-05 0.00103325 0.00802867 0.0370777 0.103201 0.179488 0.21119 0.189286 0.139024 0.0812001 0.0357348 0.0115178 0.00265865 0.000428334 4.7083e-05 3.46748e-06 1.68305e-07 5.3005e-09 1.06801e-10 1.3606e-12 1.08528e-14
 1.3632e-11 1.47967e-09 9.47065e-08 3.57472e-06 7.95904e-05 0.00104599 0.00812928 0.0375516 0.104509 0.181411 0.211986 0.187683 0.136787 0.0803521 0.035791 0.0115766 0.00263581 0.000411948 4.33892e-05 3.03594e-06 1.39169e-07 4.12107e-09 7.78015e-11 9.2585e-13 6.87916e-15
#spawning biomass
 3997.52 5059.18 7910.41 13180.1 23129.8 33329.9 29236.3 31634.5 48438.9 66522.1 89488.5 110643 147623 181095 171034 146248 133616 131758 121373 126672 133705 146844 148315 162039 168300 176897 173003 157390 161056 178528 97217.9 45936.4 26570.3 20358.9 18520.4 18003.5 17863.4 17826.4 17816.8 17814.3 17813.7 17813.5 17813.5 17813.5 17813.5 17813.5 17813.5 17813.5 17813.5 17813.5 17813.5 17813.5 17813.5 17813.5 17813.5 17813.5 17813.5 17813.5 17813.5 17813.5 17813.5 17813.5 17813.5 17813.5 17813.5 17813.5 17813.5 17813.5 17813.5 17813.5 17813.5 17813.5 17813.5 17813.5 17813.5 17813.5 17813.5 17813.5 17813.5 17813.5 17813.5 17813.5 17813.5 17813.5 17813.5 17813.5 17813.5 17813.5 17813.5 17813.5 17813.5 17813.5 17813.5 17813.5 17813.5 17813.5 17813.5 17813.5 17813.5 17813.5 17813.5 17813.5 17813.5 17813.5 17813.5 17813.5 17813.5 17813.5 17813.5 17813.5 17813.5 17813.5 17813.5 17813.5 17813.5 17813.5 17813.5 17813.5 17813.5 17813.5 17813.5 17813.5 17813.5 17813.5 17813.5 17813.5 17813.5 17813.5 0 0 0 0 0 0 0 0 0 0 0 0 0 0 0 0 0 0 0 0 0 0 0 0 0
