SBPRF35
0.647552
Curr Bio
223429
B35
1.27822e+06
F35
0.247029
FOFL
0
OFL
0
Bzero
185015
#pred survey bio
 23210.4 23012.5 18795.2 19687 28042.7 45483 63770.2 88883.7 96116.5 129450 155134 182632 228853 235590 214863 203604 217217 202729 181295 197274 199711 188169 194665 197339 212437 232153 207431 208838 6.29108e+06 1.09117e+07 1.14621e+07 1.03565e+07 8.65292e+06 6.93482e+06 5.46756e+06 4.32179e+06 3.47397e+06 2.86734e+06 2.44212e+06 2.14744e+06 1.94418e+06 1.80386e+06 1.70584e+06 1.63543e+06 1.58669e+06 1.55242e+06 1.52796e+06 1.51023e+06 1.49721e+06 1.48753e+06 1.48025e+06 1.47472e+06 1.47048e+06 1.46722e+06 1.46469e+06 1.46272e+06 1.46118e+06 1.45997e+06 1.45902e+06 1.45827e+06 1.45769e+06 1.45722e+06 1.45685e+06 1.45656e+06 1.45633e+06 1.45615e+06 1.45601e+06 1.45589e+06 1.4558e+06 1.45573e+06 1.45567e+06 1.45563e+06 1.45559e+06 1.45557e+06 1.45554e+06 1.45553e+06 1.45551e+06 1.4555e+06 1.45549e+06 1.45548e+06 1.45548e+06 1.45548e+06 1.45547e+06 1.45547e+06 1.45547e+06 1.45546e+06 1.45546e+06 1.45546e+06 1.45546e+06 1.45546e+06 1.45546e+06 1.45546e+06 1.45546e+06 1.45546e+06 1.45546e+06 1.45546e+06 1.45546e+06 1.45546e+06 1.45546e+06 1.45546e+06 1.45546e+06 1.45546e+06 1.45546e+06 1.45546e+06 1.45546e+06 1.45546e+06 1.45546e+06 1.45546e+06 1.45546e+06 1.45546e+06 1.45546e+06 1.45546e+06 1.45546e+06 1.45546e+06 1.45546e+06 1.45546e+06 1.45546e+06 1.45546e+06 1.45546e+06 1.45546e+06 1.45546e+06 1.45546e+06 1.45546e+06 1.45546e+06 1.45546e+06 1.45546e+06 1.45546e+06 1.45546e+06 0 0 0 0 0 0 0 0 0 0 0 0 0 0 0 0 0 0 0 0 0 0 0 0 0
#obs survey bio
 21316.1 18013 13916.6 19380.3 36543 48626.1 80089.2 97430.1 94198.4 132315 195724 182392 140135 230791 239613 187477 247600 180119 207895 190969 185730 233783 164596 184892 234878 227401 214052 175358
#pred catch bio
 12162.7 14493.3 10996.8 9097.36 15223.6 30868.1 42193 70827.9 69735 99803.2 123993 144719 197892 212689 196507 184673 210965 202923 171019 193731 209868 201404 212039 217425 237374 271436 240519 214037 0 102730 105216 93615.4 76747 60125.5 46205.6 35563.8 27886.1 22560.6 18968.6 16594.5 15049 14054.3 13416.8 13006.2 12752 12594.5 12497 12436.6 12399.2 12376.1 12361.7 12352.9 12347.4 12344 12341.9 12340.6 12339.7 12339.2 12338.9 12338.7 12338.6 12338.5 12338.5 12338.5 12338.5 12338.4 12338.4 12338.4 12338.4 12338.4 12338.4 12338.4 12338.4 12338.4 12338.4 12338.4 12338.4 12338.4 12338.4 12338.4 12338.4 12338.4 12338.4 12338.4 12338.4 12338.4 12338.4 12338.4 12338.4 12338.4 12338.4 12338.4 12338.4 12338.4 12338.4 12338.4 12338.4 12338.4 12338.4 12338.4 12338.4 12338.4 12338.4 12338.4 12338.4 12338.4 12338.4 12338.4 12338.4 12338.4 12338.4 12338.4 12338.4 12338.4 12338.4 12338.4 12338.4 12338.4 12338.4 12338.4 12338.4 12338.4 12338.4 12338.4 12338.4 12338.4 12338.4 12338.4 0 0 0 0 0 0 0 0 0 0 0 0 0 0 0 0 0 0 0 0 0 0 0 0 0
#obs catch bio
 15389.3 15816.9 13520.3 9647.3 15607.4 31729.7 39011.3 68749.7 67086.9 92813.8 112468 139712 208933 216885 184197 182302 206069 211243 163266 179945 193740 195762 191512 190580 212675 248247 229182 204626
#pred cpue bio
 21402.3 21769.8 16873.4 18126.4 24177.5 38486.4 54018.2 76413 80620.1 109398 131096 152080 190811 197783 179839 167104 177255 163393 145939 158597 158394 144304 148585 149344 157811 172583 153017 152792 4.97145e+06 1.10414e+07 1.14365e+07 1.03261e+07 8.62246e+06 6.90435e+06 5.43709e+06 4.29132e+06 3.4435e+06 2.83687e+06 2.41165e+06 2.11697e+06 1.9137e+06 1.77339e+06 1.67537e+06 1.60496e+06 1.55622e+06 1.52195e+06 1.49749e+06 1.47976e+06 1.46674e+06 1.45706e+06 1.44977e+06 1.44424e+06 1.44001e+06 1.43675e+06 1.43422e+06 1.43225e+06 1.43071e+06 1.4295e+06 1.42855e+06 1.4278e+06 1.42721e+06 1.42675e+06 1.42638e+06 1.42609e+06 1.42586e+06 1.42568e+06 1.42554e+06 1.42542e+06 1.42533e+06 1.42526e+06 1.4252e+06 1.42516e+06 1.42512e+06 1.42509e+06 1.42507e+06 1.42505e+06 1.42504e+06 1.42503e+06 1.42502e+06 1.42501e+06 1.42501e+06 1.425e+06 1.425e+06 1.425e+06 1.425e+06 1.42499e+06 1.42499e+06 1.42499e+06 1.42499e+06 1.42499e+06 1.42499e+06 1.42499e+06 1.42499e+06 1.42499e+06 1.42499e+06 1.42499e+06 1.42499e+06 1.42499e+06 1.42499e+06 1.42499e+06 1.42499e+06 1.42499e+06 1.42499e+06 1.42499e+06 1.42499e+06 1.42499e+06 1.42499e+06 1.42499e+06 1.42499e+06 1.42499e+06 1.42499e+06 1.42499e+06 1.42499e+06 1.42499e+06 1.42499e+06 1.42499e+06 1.42499e+06 1.42499e+06 1.42499e+06 1.42499e+06 1.42499e+06 1.42499e+06 1.42499e+06 1.42499e+06 1.42499e+06 1.42499e+06 1.42499e+06 1.42499e+06 0 0 0 0 0 0 0 0 0 0 0 0 0 0 0 0 0 0 0 0 0 0 0 0 0
#obs cpue bio
 18719 14461.5 10930.2 11504.2 24963.4 36931.2 65863.9 80803.7 83045.3 159836 157058 148128 229689 206451 227458 167634 186417 148229 155051 234806 233896 125478 276716 268432 217147 252865 174766 210869
#pred surv len freq
 1.03047e-11 1.11847e-09 7.15821e-08 2.70129e-06 6.01075e-05 0.000788663 0.00610294 0.0278785 0.0755295 0.124201 0.137263 0.13545 0.145052 0.133075 0.0895377 0.0498122 0.02772 0.0160646 0.00976542 0.0064156 0.00463678 0.00372263 0.00314204 0.0023913 0.00138738
 8.09408e-12 8.78535e-10 5.62261e-08 2.1218e-06 4.72132e-05 0.000619491 0.00479426 0.0219106 0.0595003 0.0989654 0.114577 0.125791 0.148315 0.145887 0.110446 0.0734453 0.0450931 0.0241313 0.0118228 0.0059419 0.00329911 0.00211994 0.00154739 0.00110699 0.000636331
 1.22332e-11 1.3278e-09 8.49788e-08 3.20684e-06 7.13563e-05 0.000936239 0.00724415 0.0330735 0.089355 0.144936 0.150975 0.127165 0.116903 0.105833 0.0805998 0.0566751 0.0385545 0.0237398 0.0128219 0.00603463 0.0026117 0.00119643 0.000654759 0.000399622 0.000216187
 1.01246e-11 1.09893e-09 7.03315e-08 2.6541e-06 5.90574e-05 0.000774887 0.00599641 0.0273936 0.0742383 0.122261 0.135965 0.136193 0.147764 0.136209 0.0919656 0.0519058 0.03013 0.0183699 0.0108373 0.00571941 0.00257293 0.00100641 0.000387935 0.000170476 7.78318e-05
 1.43961e-11 1.56255e-09 1.00003e-07 3.77381e-06 8.39721e-05 0.00110175 0.0085244 0.0389087 0.104984 0.169189 0.171102 0.131026 0.105842 0.0905257 0.0684817 0.0474989 0.0301835 0.0165738 0.00841228 0.00426005 0.00203769 0.000841192 0.000293546 9.44823e-05 3.12057e-05
 1.48121e-11 1.60771e-09 1.02893e-07 3.88287e-06 8.63987e-05 0.0011336 0.00877094 0.0400378 0.108084 0.174615 0.178589 0.141719 0.118859 0.0975542 0.0618485 0.0320261 0.0170284 0.009803 0.00539681 0.0026214 0.00114196 0.00045829 0.000161745 4.78762e-05 1.22516e-05
 1.44957e-11 1.57337e-09 1.00696e-07 3.79995e-06 8.45537e-05 0.00110939 0.00858381 0.0391869 0.105832 0.17134 0.176942 0.144783 0.126363 0.105016 0.0652064 0.0311174 0.0136927 0.00601157 0.00266211 0.00122239 0.000539188 0.00020923 6.99933e-05 1.99005e-05 4.65279e-06
 1.37872e-11 1.49646e-09 9.57735e-08 3.6142e-06 8.04206e-05 0.00105517 0.00816439 0.0372756 0.100717 0.163434 0.170536 0.144067 0.131018 0.111443 0.0706868 0.0350108 0.0158885 0.00670901 0.00253104 0.00089933 0.00031992 0.000113059 3.6571e-05 9.98676e-06 2.20635e-06
 1.48459e-11 1.61138e-09 1.03128e-07 3.89173e-06 8.6596e-05 0.00113619 0.00879107 0.0401319 0.108367 0.175306 0.180389 0.145926 0.125343 0.102985 0.0629106 0.0289442 0.0120345 0.00489986 0.00185091 0.000630318 0.000191586 5.33215e-05 1.41599e-05 3.4879e-06 7.29293e-07
 1.45101e-11 1.57494e-09 1.00796e-07 3.80372e-06 8.46377e-05 0.0011105 0.00859235 0.0392263 0.105944 0.17157 0.177399 0.14571 0.12774 0.106168 0.0654685 0.0305749 0.0127972 0.005043 0.00177826 0.00056908 0.000166058 4.27002e-05 9.53803e-06 1.88569e-06 3.32069e-07
 1.44894e-11 1.57268e-09 1.00651e-07 3.79828e-06 8.45166e-05 0.00110891 0.00858008 0.0391707 0.105799 0.171378 0.177401 0.146211 0.12867 0.106873 0.065387 0.029943 0.0122273 0.0047692 0.00167863 0.000525571 0.000145368 3.49959e-05 7.25771e-06 1.27199e-06 1.8629e-07
 1.51116e-11 1.64022e-09 1.04974e-07 3.96139e-06 8.81459e-05 0.00115652 0.00894837 0.0408489 0.110289 0.1783 0.182929 0.146581 0.124238 0.10119 0.0611534 0.0274018 0.010814 0.00408056 0.00139724 0.000428762 0.000116891 2.7418e-05 5.40652e-06 8.81137e-07 1.16683e-07
 1.50321e-11 1.63159e-09 1.04421e-07 3.94054e-06 8.76821e-05 0.00115044 0.00890132 0.0406348 0.10972 0.177454 0.182403 0.147032 0.125573 0.102461 0.0615666 0.0271031 0.0103734 0.00378777 0.00125359 0.000370721 9.77693e-05 2.23473e-05 4.30429e-06 6.78303e-07 8.50199e-08
 1.467e-11 1.59229e-09 1.01906e-07 3.84562e-06 8.55701e-05 0.00112273 0.00868704 0.0396592 0.107122 0.173542 0.17974 0.148346 0.130498 0.107379 0.0635096 0.0265467 0.00928388 0.00312488 0.00098193 0.000278676 7.06376e-05 1.55261e-05 2.88513e-06 4.40934e-07 5.36132e-08
 1.47768e-11 1.60388e-09 1.02648e-07 3.87363e-06 8.61932e-05 0.00113091 0.00875029 0.0399476 0.107896 0.174756 0.180809 0.148739 0.130248 0.106776 0.0627228 0.0257191 0.00862666 0.00273073 0.000792866 0.000205505 4.82277e-05 1.00214e-05 1.77867e-06 2.6078e-07 3.05475e-08
 1.55889e-11 1.69202e-09 1.08289e-07 4.0865e-06 9.09299e-05 0.00119305 0.00923092 0.0421373 0.113749 0.183741 0.187792 0.148582 0.123476 0.0986587 0.0573651 0.0232117 0.00759097 0.0023257 0.000649444 0.000158926 3.44544e-05 6.53669e-06 1.06527e-06 1.45957e-07 1.62253e-08
 1.58037e-11 1.71534e-09 1.09781e-07 4.14281e-06 9.21828e-05 0.00120949 0.00935806 0.0427167 0.115299 0.186133 0.189708 0.148729 0.121973 0.0967044 0.055872 0.0222866 0.00708091 0.00209699 0.000568278 0.000134481 2.79257e-05 4.99846e-06 7.53604e-07 9.43582e-08 9.61751e-09
 1.6235e-11 1.76215e-09 1.12778e-07 4.25588e-06 9.46987e-05 0.00124249 0.00961337 0.0438803 0.118414 0.190957 0.193661 0.149316 0.119396 0.093062 0.0527241 0.0199945 0.00569254 0.00147791 0.000367335 8.25839e-05 1.64741e-05 2.83654e-06 4.08461e-07 4.81672e-08 4.54998e-09
 1.62577e-11 1.76461e-09 1.12935e-07 4.26182e-06 9.48308e-05 0.00124423 0.00962679 0.0439416 0.118581 0.191236 0.193992 0.149688 0.119782 0.0932246 0.0524331 0.0194115 0.00519232 0.00121528 0.00026856 5.30677e-05 9.35943e-06 1.47695e-06 2.00885e-07 2.26135e-08 2.03352e-09
 1.6336e-11 1.77312e-09 1.13479e-07 4.28236e-06 9.52878e-05 0.00125022 0.00967314 0.0441525 0.11914 0.192058 0.194451 0.14908 0.11823 0.0918604 0.0522033 0.0200349 0.00582917 0.00151295 0.000347616 6.55364e-05 1.03765e-05 1.43181e-06 1.70539e-07 1.72159e-08 1.43314e-09
 1.68078e-11 1.82433e-09 1.16757e-07 4.40603e-06 9.80397e-05 0.00128633 0.00995239 0.0454248 0.122542 0.197292 0.198571 0.149161 0.11455 0.0872889 0.0489596 0.0182842 0.00501603 0.00122225 0.000279838 5.6062e-05 9.51575e-06 1.32812e-06 1.48083e-07 1.32714e-08 9.66213e-10
 1.78954e-11 1.94237e-09 1.24312e-07 4.69114e-06 0.000104384 0.00136956 0.0105961 0.0483575 0.130381 0.209325 0.207917 0.148929 0.10544 0.0763671 0.0417383 0.0149055 0.00365405 0.000738339 0.000142921 2.57931e-05 4.16273e-06 5.8637e-07 6.84637e-08 6.32193e-09 4.47697e-10
 1.80309e-11 1.95708e-09 1.25253e-07 4.72666e-06 0.000105174 0.00137992 0.0106763 0.048723 0.131359 0.210831 0.209114 0.148991 0.104444 0.0750998 0.0408019 0.0143579 0.00337009 0.000619104 0.000104837 1.61428e-05 2.1653e-06 2.5925e-07 2.74721e-08 2.46003e-09 1.76783e-10
 1.8286e-11 1.98477e-09 1.27025e-07 4.79353e-06 0.000106662 0.00139945 0.0108273 0.0494108 0.133196 0.213648 0.21128 0.148866 0.1022 0.072467 0.0391388 0.0136655 0.00313901 0.000549217 8.68659e-05 1.23783e-05 1.48869e-06 1.53025e-07 1.35411e-08 1.01476e-09 6.36924e-11
 1.8823e-11 2.04305e-09 1.30755e-07 4.93429e-06 0.000109794 0.00144054 0.0111451 0.0508587 0.137064 0.219569 0.215798 0.148486 0.0972969 0.0668079 0.0356905 0.0123754 0.00279868 0.000472594 7.11565e-05 9.66818e-06 1.09947e-06 1.04801e-07 8.40493e-09 5.52021e-10 2.93217e-11
 1.87984e-11 2.04038e-09 1.30584e-07 4.92784e-06 0.000109651 0.00143866 0.0111305 0.0507923 0.136888 0.219302 0.215613 0.148564 0.0976137 0.0671269 0.0358192 0.0123459 0.00273869 0.000441448 6.22427e-05 8.00829e-06 8.69267e-07 7.86977e-08 5.9628e-09 3.66251e-10 1.78298e-11
 1.90071e-11 2.06303e-09 1.32034e-07 4.98255e-06 0.000110868 0.00145462 0.011254 0.051355 0.138391 0.221609 0.217398 0.148496 0.0958298 0.0650058 0.0344396 0.011727 0.00250698 0.000366868 4.42351e-05 4.97376e-06 4.94498e-07 4.16791e-08 2.9666e-09 1.72424e-10 7.93603e-12
 1.92319e-11 2.08743e-09 1.33596e-07 5.04148e-06 0.000112179 0.00147183 0.0113871 0.0519611 0.14001 0.224084 0.219274 0.148294 0.0937123 0.0625949 0.0330172 0.01125 0.00241774 0.00035865 4.3923e-05 4.86235e-06 4.48167e-07 3.31392e-08 2.05313e-09 1.07184e-10 4.55297e-12
#obs surv len freq
 3.66909e-11 3.40039e-09 1.85817e-07 5.98728e-06 0.000113753 0.0012744 0.0084205 0.0328486 0.076079 0.107681 0.106152 0.102954 0.117667 0.127225 0.120228 0.0964294 0.0600234 0.0282487 0.0105241 0.00319581 0.000770251 0.000140157 1.8364e-05 1.66533e-06 1.01279e-07
 2.27962e-11 2.03765e-09 1.07395e-07 3.33756e-06 6.11608e-05 0.000660951 0.00421508 0.0159188 0.0362634 0.0543901 0.0712087 0.106707 0.150012 0.167671 0.156283 0.120847 0.070932 0.0307982 0.0104125 0.0028638 0.000630932 0.000106031 1.29217e-05 1.09343e-06 6.20572e-08
 1.4342e-10 1.23432e-08 6.26372e-07 1.87424e-05 0.000330677 0.00344012 0.0211031 0.0763471 0.163039 0.206486 0.15915 0.0856854 0.0531517 0.0567518 0.0655094 0.0566605 0.0333021 0.0136053 0.00416857 0.00101837 0.000198597 2.97429e-05 3.26516e-06 2.51495e-07 1.3093e-08
 1.21472e-10 1.00494e-08 4.90221e-07 1.41004e-05 0.000239147 0.0023918 0.0141118 0.0492202 0.102602 0.134928 0.13755 0.150845 0.162583 0.127832 0.0693456 0.0298099 0.0120618 0.0045755 0.00145558 0.000358718 6.58761e-05 8.86103e-06 8.59135e-07 5.854e-08 2.71878e-09
 2.1478e-10 1.70545e-08 7.98493e-07 2.2044e-05 0.000358839 0.00344439 0.0194984 0.0651528 0.129091 0.155303 0.126815 0.0987156 0.0977751 0.102735 0.0945462 0.0656241 0.0302662 0.00878262 0.00162926 0.000213645 2.37556e-05 2.44532e-06 2.07079e-07 1.26335e-08 5.22105e-10
 3.11843e-10 2.37321e-08 1.06493e-06 2.81771e-05 0.000439605 0.00404431 0.0219463 0.0703479 0.134229 0.158471 0.136145 0.120674 0.117865 0.0992207 0.0691805 0.0407342 0.0187044 0.00622261 0.00147128 0.000244485 2.7925e-05 2.17965e-06 1.20541e-07 5.00924e-09 1.58797e-10
 3.95964e-10 2.88417e-08 1.23872e-06 3.13699e-05 0.000468432 0.00412485 0.0214271 0.0657953 0.120697 0.139376 0.124166 0.121289 0.126912 0.113979 0.0849907 0.049814 0.0203932 0.00544467 0.000957486 0.000119564 1.16213e-05 8.91737e-07 5.02134e-08 1.92845e-09 4.8942e-11
 6.44641e-10 4.48842e-08 1.84271e-06 4.46075e-05 0.000636726 0.00535944 0.026611 0.0780854 0.136701 0.149685 0.123961 0.111762 0.113084 0.10316 0.0791652 0.0467308 0.0189624 0.00503992 0.000890621 0.000109411 9.68003e-06 6.20865e-07 2.86728e-08 9.46872e-10 2.19734e-11
 8.64389e-10 5.74614e-08 2.25232e-06 5.20564e-05 0.00070944 0.00570165 0.0270376 0.0758694 0.127852 0.138857 0.124321 0.125893 0.128135 0.108476 0.0757062 0.041145 0.0156005 0.00390498 0.000653661 7.67614e-05 6.56256e-06 4.06835e-07 1.77532e-08 5.30665e-10 1.06838e-11
 1.28197e-09 8.12736e-08 3.03814e-06 6.69663e-05 0.000870368 0.0066711 0.0301716 0.0807693 0.130016 0.135664 0.118695 0.119779 0.124117 0.110415 0.0803636 0.0431691 0.0153086 0.0034012 0.000473323 4.29148e-05 2.72261e-06 1.29792e-07 4.73268e-09 1.26742e-10 2.36174e-12
 1.84837e-09 1.11637e-07 3.97572e-06 8.34858e-05 0.00103374 0.00754885 0.0325355 0.0831001 0.128386 0.13184 0.12016 0.126461 0.12882 0.109656 0.075773 0.0385393 0.0129405 0.00272595 0.000359792 3.07031e-05 1.77984e-06 7.3064e-08 2.14573e-09 4.45154e-11 6.4468e-13
 2.75078e-09 1.58124e-07 5.35956e-06 0.000107115 0.00126234 0.00877374 0.0359974 0.0875933 0.129425 0.129127 0.118164 0.125546 0.12791 0.109456 0.0750966 0.0369995 0.0118484 0.00236713 0.000296177 2.39988e-05 1.32227e-06 5.14081e-08 1.41308e-09 2.68291e-11 3.43819e-13
 3.60567e-09 1.97086e-07 6.35204e-06 0.000120716 0.00135279 0.00894186 0.0349111 0.0810809 0.116007 0.118381 0.120651 0.13761 0.139608 0.116139 0.0764733 0.0357176 0.0107478 0.00200135 0.000230702 1.69337e-05 8.30588e-07 2.85778e-08 7.02959e-10 1.21592e-11 1.43733e-13
 5.42411e-09 2.81681e-07 8.62533e-06 0.000155735 0.00165812 0.0104134 0.038634 0.0853267 0.116488 0.114848 0.115598 0.132176 0.13772 0.119185 0.0793159 0.0360704 0.0103594 0.00182894 0.000199798 1.39168e-05 6.46808e-07 2.08895e-08 4.73967e-10 7.42167e-12 7.83846e-14
 8.54242e-09 4.2115e-07 1.22428e-05 0.000209855 0.00212121 0.012648 0.0445665 0.0936347 0.122504 0.118601 0.12006 0.134553 0.133894 0.109654 0.0687555 0.0293989 0.00793071 0.0013138 0.000134426 8.74409e-06 3.78215e-07 1.13461e-08 2.39313e-10 3.48831e-12 3.42507e-14
 1.17783e-08 5.5089e-07 1.51928e-05 0.000247063 0.00236929 0.0134055 0.0448632 0.0899232 0.114501 0.11464 0.125515 0.143579 0.139804 0.110541 0.0660712 0.0266481 0.00673471 0.00103839 9.79088e-05 5.77698e-06 2.2223e-07 5.84657e-09 1.0833e-10 1.40651e-12 1.24807e-14
 1.95873e-08 8.68609e-07 2.27124e-05 0.000350186 0.003184 0.0170803 0.0541902 0.102917 0.123855 0.116445 0.120357 0.134274 0.13158 0.104649 0.0611397 0.023499 0.0055801 0.000800534 6.93727e-05 3.68711e-06 1.23994e-07 2.76081e-09 4.2536e-11 4.61672e-13 3.48169e-15
 2.46908e-08 1.0376e-06 2.57108e-05 0.000375671 0.00323726 0.0164663 0.0496487 0.0905981 0.109685 0.115849 0.137043 0.153655 0.140306 0.102427 0.0554574 0.0200156 0.00452321 0.000629316 5.4559e-05 3.03954e-06 1.1289e-07 2.85471e-09 4.87366e-11 5.47225e-13 3.95239e-15
 3.83714e-08 1.52745e-06 3.58524e-05 0.000496219 0.00405049 0.0195156 0.0557316 0.0962633 0.110064 0.109789 0.125983 0.14464 0.141031 0.108276 0.0586407 0.02044 0.00440467 0.000585202 4.89848e-05 2.68363e-06 1.0005e-07 2.5806e-09 4.54344e-11 5.31962e-13 4.05592e-15
 6.09824e-08 2.29873e-06 5.10932e-05 0.000669651 0.00517646 0.0236246 0.0639797 0.105358 0.117193 0.117912 0.1343 0.145177 0.129986 0.0917188 0.0461806 0.015135 0.00310238 0.000398368 3.29471e-05 1.82492e-06 6.95846e-08 1.8243e-09 3.21778e-11 3.73599e-13 2.81794e-15
 8.52623e-08 3.04273e-06 6.40271e-05 0.000794477 0.00581486 0.0251385 0.064628 0.102028 0.112791 0.119496 0.14085 0.150468 0.131133 0.0888393 0.0422648 0.0129305 0.00244791 0.000286379 2.12087e-05 1.03736e-06 3.5041e-08 8.34693e-10 1.38446e-11 1.55391e-13 1.14995e-15
 1.38881e-07 4.69148e-06 9.34478e-05 0.00109761 0.00760447 0.0311204 0.075743 0.11323 0.118611 0.119492 0.135715 0.14261 0.123304 0.0815409 0.0370406 0.0106782 0.00189249 0.000206277 1.41385e-05 6.33148e-07 1.93e-08 4.0922e-10 5.99228e-12 5.9329e-14 3.90009e-16
 1.94627e-07 6.22299e-06 0.000117325 0.00130442 0.00855576 0.0331732 0.0767741 0.110891 0.118199 0.127966 0.147594 0.146784 0.117206 0.0715712 0.0302181 0.00813879 0.00135247 0.000138699 8.97868e-06 3.80814e-07 1.0977e-08 2.18309e-10 2.96075e-12 2.67868e-14 1.58971e-16
 2.81317e-07 8.5138e-06 0.000151932 0.00159888 0.00992749 0.0364535 0.0800566 0.110653 0.115804 0.126448 0.146386 0.146598 0.117899 0.0708061 0.0286519 0.00729661 0.00114157 0.000110278 6.74514e-06 2.71283e-07 7.42706e-09 1.40013e-10 1.79223e-12 1.52315e-14 8.4501e-17
 3.90079e-07 1.11747e-05 0.000188764 0.00188047 0.0110551 0.0384746 0.0804573 0.107947 0.115442 0.132426 0.153175 0.14821 0.113941 0.0649331 0.0248576 0.00600942 0.000901932 8.51307e-05 5.21208e-06 2.1412e-07 6.00108e-09 1.13719e-10 1.426e-12 1.16268e-14 6.1082e-17
 4.77784e-07 1.29571e-05 0.000207203 0.00195427 0.0108819 0.0359408 0.0719594 0.0957027 0.109695 0.137455 0.163065 0.157619 0.119508 0.0657649 0.0239228 0.00546229 0.000775115 6.95924e-05 4.09259e-06 1.63252e-07 4.48191e-09 8.37034e-11 1.03916e-12 8.40935e-15 4.37733e-17
 5.93681e-07 1.52433e-05 0.000230793 0.00206116 0.0108725 0.0340906 0.065407 0.0862715 0.104428 0.138591 0.168662 0.166442 0.126524 0.0675304 0.0232329 0.00494091 0.000644864 5.24759e-05 2.75267e-06 9.70269e-08 2.368e-09 4.00843e-11 4.6111e-13 3.51783e-15 1.74593e-17
 8.22387e-07 1.99942e-05 0.000286655 0.00242434 0.0121148 0.0360447 0.066087 0.0853255 0.104845 0.140725 0.170815 0.167605 0.124602 0.0636774 0.0207212 0.00415243 0.00051121 3.93707e-05 1.95943e-06 6.53056e-08 1.4879e-09 2.30778e-11 2.39225e-13 1.62937e-15 7.21558e-18
#pred catch len freq
 8.41039e-12 9.12868e-10 5.84234e-08 2.20472e-06 4.90584e-05 0.000643703 0.00498175 0.0227697 0.0618652 0.103152 0.120553 0.134643 0.158959 0.150366 0.101558 0.0562236 0.0311 0.0179713 0.0109158 0.00717016 0.00518197 0.00416032 0.00351147 0.00267245 0.0015505
 6.77991e-12 7.35895e-10 4.70972e-08 1.77731e-06 3.95479e-05 0.000518923 0.00401641 0.018366 0.0500163 0.0843285 0.102823 0.124792 0.157321 0.157563 0.119242 0.0788349 0.0481834 0.0257375 0.0126022 0.00633243 0.00351576 0.00225913 0.00164898 0.00117967 0.00067811
 1.05603e-11 1.14622e-09 7.33581e-08 2.76831e-06 6.15987e-05 0.000808221 0.00625396 0.028561 0.0772762 0.126253 0.135772 0.125221 0.127289 0.119785 0.0916242 0.0640933 0.0434148 0.0266895 0.0144087 0.00678055 0.00293441 0.00134425 0.000735654 0.000448995 0.000242896
 8.02235e-12 8.70749e-10 5.57278e-08 2.103e-06 4.6795e-05 0.000614009 0.00475209 0.0217238 0.0590742 0.0989072 0.117449 0.135381 0.163343 0.155565 0.105472 0.0592354 0.0341766 0.0207792 0.01225 0.00646405 0.00290782 0.00113739 0.000438424 0.000192663 8.79616e-05
 1.26016e-11 1.36778e-09 8.7538e-08 3.30341e-06 7.35053e-05 0.000964433 0.00746225 0.0340682 0.0920275 0.149151 0.154809 0.128989 0.117104 0.10574 0.0806799 0.0557172 0.0352634 0.0193315 0.00980675 0.00496537 0.00237495 0.000980409 0.000342127 0.000110119 3.63701e-05
 1.36837e-11 1.48524e-09 9.5055e-08 3.58708e-06 7.98172e-05 0.00104725 0.0081031 0.036995 0.0999485 0.162107 0.168776 0.141631 0.127766 0.108365 0.0690984 0.0356305 0.0188206 0.0107982 0.00593948 0.00288449 0.00125652 0.00050426 0.000177969 5.26784e-05 1.34805e-05
 1.32601e-11 1.43925e-09 9.2112e-08 3.47602e-06 7.73461e-05 0.00101483 0.00785245 0.0358548 0.0969256 0.157667 0.166316 0.145022 0.136661 0.117334 0.0732859 0.0348527 0.0152388 0.00666279 0.00294624 0.00135238 0.00059648 0.000231459 7.74292e-05 2.20147e-05 5.14708e-06
 1.32876e-11 1.44224e-09 9.2303e-08 3.48323e-06 7.75064e-05 0.00101694 0.00786869 0.0359284 0.0971161 0.15791 0.166263 0.14423 0.135287 0.116503 0.0739527 0.0364572 0.0164412 0.00691666 0.00260596 0.000925589 0.000329224 0.000116343 3.76333e-05 1.02768e-05 2.27043e-06
 1.39659e-11 1.51587e-09 9.70152e-08 3.66106e-06 8.14633e-05 0.00106885 0.00827026 0.0377591 0.102026 0.165579 0.172867 0.14622 0.13287 0.111901 0.0686539 0.0314786 0.013004 0.00527099 0.00198787 0.000676662 0.000205649 5.72335e-05 1.51986e-05 3.74376e-06 7.8279e-07
 1.38725e-11 1.50573e-09 9.63664e-08 3.63657e-06 8.09184e-05 0.0010617 0.00821496 0.037507 0.10135 0.164522 0.171955 0.145944 0.133229 0.112658 0.0696348 0.0323934 0.013472 0.00528635 0.0018611 0.000595308 0.000173687 4.46604e-05 9.97579e-06 1.97223e-06 3.47308e-07
 1.40188e-11 1.52161e-09 9.73826e-08 3.67492e-06 8.17717e-05 0.0010729 0.00830156 0.0379018 0.102409 0.166181 0.173401 0.146432 0.132794 0.111712 0.0684429 0.0312193 0.0126663 0.0049183 0.00172817 0.000540821 0.000149565 3.60049e-05 7.46688e-06 1.30864e-06 1.91659e-07
 1.46193e-11 1.58678e-09 1.01554e-07 3.83233e-06 8.52744e-05 0.00111885 0.00865699 0.0395214 0.106742 0.172864 0.178747 0.146818 0.128561 0.106259 0.06435 0.0287305 0.0112657 0.00423099 0.00144609 0.000443514 0.000120894 2.83558e-05 5.59139e-06 9.11265e-07 1.20673e-07
 1.49757e-11 1.62547e-09 1.0403e-07 3.92577e-06 8.73533e-05 0.00114612 0.00886796 0.0404828 0.109314 0.176838 0.181955 0.147143 0.126196 0.103128 0.0619003 0.0271402 0.0103204 0.00374992 0.0012386 0.000366075 9.65281e-05 2.20625e-05 4.24939e-06 6.69649e-07 8.39351e-08
 1.48604e-11 1.61295e-09 1.03229e-07 3.89553e-06 8.66806e-05 0.0011373 0.00879973 0.0401726 0.108494 0.175651 0.181387 0.148336 0.128951 0.105502 0.0622395 0.0259182 0.00900674 0.00301473 0.000944983 0.000267994 6.79166e-05 1.49272e-05 2.7738e-06 4.23917e-07 5.15442e-08
 1.50429e-11 1.63277e-09 1.04497e-07 3.94339e-06 8.77454e-05 0.00115127 0.00890779 0.0406651 0.109814 0.177699 0.183093 0.148674 0.128008 0.104099 0.0609638 0.0249075 0.00830305 0.00261321 0.000756686 0.00019596 4.59763e-05 9.55288e-06 1.69549e-06 2.48582e-07 2.91186e-08
 1.57876e-11 1.71359e-09 1.0967e-07 4.13859e-06 9.20889e-05 0.00120825 0.00934853 0.0426732 0.115181 0.185939 0.189498 0.148536 0.121806 0.0966604 0.0560499 0.0226023 0.0073472 0.00223783 0.00062311 0.00015234 3.30177e-05 6.2636e-06 1.02074e-06 1.39855e-07 1.55469e-08
 1.63956e-11 1.77958e-09 1.13893e-07 4.29797e-06 9.56354e-05 0.00125478 0.00970839 0.0443127 0.119564 0.19267 0.19474 0.148454 0.116788 0.0906129 0.052012 0.020664 0.006526 0.00192099 0.000518982 0.000122691 2.547e-05 4.55848e-06 6.87251e-07 8.60495e-08 8.77063e-09
 1.69718e-11 1.84213e-09 1.17896e-07 4.44903e-06 9.89965e-05 0.00129888 0.0100495 0.0458669 0.123722 0.199087 0.199887 0.148869 0.112783 0.0853739 0.0479635 0.0181217 0.00513206 0.00132366 0.000327671 7.35625e-05 1.46687e-05 2.52541e-06 3.63648e-07 4.28823e-08 4.05074e-09
 1.66476e-11 1.80694e-09 1.15644e-07 4.36404e-06 9.71054e-05 0.00127407 0.00985759 0.044993 0.12139 0.195538 0.197284 0.149441 0.116266 0.0891449 0.0499163 0.0184329 0.00490825 0.00114131 0.000251044 4.95165e-05 8.72839e-06 1.37715e-06 1.87302e-07 2.10842e-08 1.896e-09
 1.69525e-11 1.84004e-09 1.17762e-07 4.44397e-06 9.8884e-05 0.0012974 0.010038 0.0458148 0.123581 0.198862 0.199668 0.148727 0.112728 0.085446 0.0482054 0.0184329 0.00533415 0.00137578 0.000314925 5.92914e-05 9.3834e-06 1.29456e-06 1.54183e-07 1.55644e-08 1.29566e-09
 1.77679e-11 1.92854e-09 1.23426e-07 4.65772e-06 0.00010364 0.0013598 0.0105206 0.0480135 0.129458 0.207882 0.206668 0.148534 0.105866 0.077225 0.0427726 0.0159034 0.00434063 0.00105073 0.000239518 4.79058e-05 8.12744e-06 1.13418e-06 1.26453e-07 1.13328e-08 8.25066e-10
 1.87954e-11 2.04007e-09 1.30564e-07 4.92707e-06 0.000109633 0.00143843 0.0111288 0.0507842 0.136864 0.219246 0.215477 0.148259 0.0971741 0.0668512 0.035975 0.0127906 0.00312314 0.000627088 0.000120695 2.17255e-05 3.50353e-06 4.9341e-07 5.76063e-08 5.31926e-09 3.7669e-10
 1.89933e-11 2.06154e-09 1.31938e-07 4.97895e-06 0.000110788 0.00145357 0.0112459 0.0513178 0.13829 0.221438 0.217188 0.148246 0.0955607 0.0648945 0.0346516 0.0121378 0.00283915 0.000518552 8.72747e-05 1.33953e-05 1.7948e-06 2.1482e-07 2.27616e-08 2.03816e-09 1.46465e-10
 1.92584e-11 2.09031e-09 1.3378e-07 5.04843e-06 0.000112334 0.00147386 0.0114028 0.0520325 0.1402 0.224363 0.219433 0.148099 0.0932033 0.0621424 0.0329312 0.0114424 0.00261991 0.000455897 7.16548e-05 1.01741e-05 1.22203e-06 1.25563e-07 1.11095e-08 8.32505e-10 5.22521e-11
 1.97597e-11 2.14473e-09 1.37262e-07 5.17985e-06 0.000115258 0.00151222 0.0116995 0.0533842 0.143811 0.229891 0.223648 0.147738 0.0886163 0.0568526 0.0297148 0.0102473 0.00231017 0.000388082 5.80603e-05 7.85804e-06 8.92332e-07 8.50179e-08 6.81724e-09 4.47719e-10 2.3781e-11
 1.99286e-11 2.16306e-09 1.38435e-07 5.22412e-06 0.000116243 0.00152514 0.0117995 0.0538396 0.145027 0.231755 0.22508 0.147647 0.0871184 0.0551013 0.0286162 0.00979908 0.00216712 0.000347642 4.87004e-05 6.23863e-06 6.76029e-07 6.11703e-08 4.63393e-09 2.84609e-10 1.3855e-11
 2.00561e-11 2.1769e-09 1.39321e-07 5.25755e-06 0.000116987 0.0015349 0.0118749 0.0541835 0.145947 0.233166 0.226177 0.147623 0.0860549 0.0538222 0.0277644 0.00939504 0.00200359 0.00029212 3.50031e-05 3.91419e-06 3.88186e-07 3.26925e-08 2.3264e-09 1.35203e-10 6.22271e-12
 1.97702e-11 2.14586e-09 1.37335e-07 5.18259e-06 0.000115319 0.00151302 0.0117057 0.0534125 0.143887 0.230015 0.22378 0.147849 0.0887014 0.0568593 0.0295902 0.0100484 0.00215535 0.000318527 3.87673e-05 4.26926e-06 3.92577e-07 2.90056e-08 1.79651e-09 9.37765e-11 3.98328e-12
#obs catch len freq
 3.00547e-11 2.78537e-09 1.52208e-07 4.90437e-06 9.31794e-05 0.00104393 0.00689853 0.0269288 0.0625832 0.0901253 0.0952139 0.105598 0.130154 0.140153 0.128461 0.101288 0.0636615 0.0309168 0.0119915 0.00376472 0.000925974 0.000170324 2.24598e-05 2.04784e-06 1.25326e-07
 4.46703e-11 3.99288e-09 2.10446e-07 6.54008e-06 0.000119844 0.00129499 0.00825364 0.031073 0.0696308 0.0965744 0.0978759 0.104083 0.125393 0.135901 0.127151 0.100048 0.0607261 0.0278875 0.010148 0.00299747 0.000697432 0.000121553 1.51468e-05 1.29847e-06 7.4279e-08
 2.76992e-11 2.38389e-09 1.20974e-07 3.61983e-06 6.38686e-05 0.000664606 0.00408232 0.0148724 0.0329359 0.0496164 0.0696972 0.110997 0.156354 0.172432 0.158453 0.119838 0.068381 0.0288938 0.00952714 0.00254807 0.000541925 8.72043e-05 1.01006e-05 8.07282e-07 4.30574e-08
 2.03306e-18 8.93699e-16 2.31644e-13 3.5403e-11 3.19051e-09 1.69555e-07 5.3147e-06 9.83239e-05 0.0010759 0.00700957 0.0277425 0.0704702 0.128721 0.190131 0.223292 0.187163 0.106153 0.0420069 0.0125146 0.00296884 0.000558754 8.0141e-05 8.36295e-06 6.08326e-07 2.97509e-08
 1.2855e-10 1.02074e-08 4.77912e-07 1.31938e-05 0.000214779 0.00206194 0.0116826 0.0392168 0.0795731 0.107131 0.127093 0.167128 0.189301 0.146301 0.0774207 0.0328385 0.0131705 0.00490412 0.00151569 0.000360381 6.35353e-05 8.16556e-06 7.52255e-07 4.84181e-08 2.11288e-09
 3.03329e-10 2.30841e-08 1.03586e-06 2.74078e-05 0.000427601 0.00393378 0.021344 0.0683747 0.130043 0.151114 0.122291 0.098968 0.101092 0.105829 0.0952761 0.0637605 0.028133 0.00779984 0.00138825 0.000176453 1.9173e-05 1.9107e-06 1.54226e-07 8.88541e-09 3.44943e-10
 4.56631e-10 3.32606e-08 1.4285e-06 3.61761e-05 0.0005402 0.00475671 0.024707 0.0758287 0.138739 0.158175 0.134417 0.120765 0.117202 0.0967105 0.0662308 0.0380907 0.0169234 0.00542367 0.00123242 0.000196115 2.13814e-05 1.59159e-06 8.39822e-08 3.32242e-09 9.95745e-11
 5.8331e-10 4.06139e-08 1.66739e-06 4.03636e-05 0.000576152 0.00484973 0.024084 0.0707301 0.124362 0.139012 0.123464 0.122488 0.127039 0.111914 0.0815933 0.0462252 0.0181177 0.00462046 0.000778786 9.37609e-05 8.79788e-06 6.47019e-07 3.46075e-08 1.25549e-09 3.00072e-11
 9.73706e-10 6.47284e-08 2.53717e-06 5.86398e-05 0.000799153 0.00642236 0.030448 0.085334 0.142898 0.15071 0.122894 0.111178 0.111254 0.0996067 0.0745647 0.0424086 0.0164507 0.00417476 0.000705929 8.31392e-05 7.04546e-06 4.31526e-07 1.89659e-08 5.93711e-10 1.29985e-11
 1.35248e-09 8.57436e-08 3.20524e-06 7.06494e-05 0.000918237 0.00703801 0.0318312 0.0852132 0.137179 0.143137 0.124885 0.123881 0.122668 0.101338 0.0689431 0.0361185 0.0130884 0.00312611 0.000500516 5.63467e-05 4.61199e-06 2.72517e-07 1.12813e-08 3.18681e-10 6.04409e-12
 2.02978e-09 1.22594e-07 4.36593e-06 9.16797e-05 0.00113519 0.00828931 0.0357188 0.0911245 0.139963 0.140073 0.119059 0.117394 0.118516 0.102943 0.0726724 0.0373822 0.0125968 0.00265422 0.000350866 3.03395e-05 1.84387e-06 8.42616e-08 2.93096e-09 7.43673e-11 1.3057e-12
 2.95764e-09 1.70016e-07 5.76261e-06 0.00011517 0.00135726 0.00943328 0.0386988 0.094109 0.138628 0.136487 0.120633 0.123417 0.122086 0.101312 0.0678201 0.0329961 0.0105174 0.00209905 0.000262818 2.13364e-05 1.17955e-06 4.6167e-08 1.28894e-09 2.53322e-11 3.46438e-13
 4.47896e-09 2.4482e-07 7.89049e-06 0.000149952 0.00168037 0.0111057 0.0433297 0.100284 0.141068 0.134451 0.118318 0.121298 0.119826 0.0998353 0.0661325 0.031074 0.00942871 0.00178251 0.000211379 1.62812e-05 8.54669e-07 3.16375e-08 8.2516e-10 1.48076e-11 1.788e-13
 5.97972e-09 3.10535e-07 9.50885e-06 0.000171687 0.00182795 0.0114797 0.0425848 0.0939922 0.127913 0.124484 0.12144 0.133002 0.130584 0.1056 0.0669887 0.0297806 0.00847646 0.00149084 0.000162523 1.13138e-05 5.27897e-07 1.72924e-08 4.0393e-10 6.60724e-12 7.35831e-14
 9.12376e-09 4.49811e-07 1.3076e-05 0.000224136 0.00226552 0.0135074 0.0475762 0.099763 0.129321 0.121063 0.115852 0.126946 0.128175 0.107572 0.0686182 0.0295948 0.00802405 0.00133654 0.000137966 9.10632e-06 4.02101e-07 1.23409e-08 2.65372e-10 3.92373e-12 3.90112e-14
 1.44894e-08 6.77692e-07 1.86898e-05 0.000303928 0.00291448 0.0164864 0.0551104 0.109832 0.136197 0.124596 0.11899 0.127189 0.122393 0.097062 0.0582648 0.0236028 0.00600504 0.000937604 9.05557e-05 5.57572e-06 2.28914e-07 6.52159e-09 1.30301e-10 1.79237e-12 1.6554e-14
 2.03854e-08 9.03999e-07 2.36378e-05 0.000364454 0.00331373 0.0177763 0.0563989 0.107117 0.128919 0.12107 0.124014 0.134895 0.126865 0.0969453 0.0553549 0.0211168 0.00502618 0.000729283 6.4783e-05 3.61003e-06 1.3155e-07 3.28411e-09 5.76687e-11 7.07113e-13 5.90419e-15
 3.36783e-08 1.41529e-06 3.50694e-05 0.000512401 0.00441498 0.0224434 0.06747 0.121352 0.137944 0.121529 0.117457 0.124798 0.11819 0.0905651 0.0503546 0.0182599 0.00407666 0.000549452 4.47635e-05 2.24067e-06 7.11554e-08 1.50002e-09 2.18959e-11 2.24665e-13 1.596e-15
 4.32399e-08 1.72125e-06 4.04012e-05 0.000559178 0.00456438 0.0219911 0.0627931 0.10839 0.123509 0.121414 0.134005 0.143 0.126027 0.0886438 0.0457054 0.0155727 0.00331145 0.000433554 3.54361e-05 1.86583e-06 6.55847e-08 1.56766e-09 2.5216e-11 2.65907e-13 1.79999e-15
 6.7707e-08 2.55221e-06 5.67272e-05 0.00074348 0.00574674 0.0262175 0.0708723 0.1157 0.124198 0.114643 0.122304 0.133958 0.126053 0.0927236 0.0475745 0.0156145 0.00316354 0.000395571 3.12414e-05 1.61935e-06 5.71764e-08 1.39402e-09 2.31172e-11 2.5411e-13 1.81468e-15
 1.08141e-07 3.85918e-06 8.12067e-05 0.00100762 0.00737386 0.0318564 0.0816252 0.12685 0.131774 0.121373 0.127502 0.130984 0.112997 0.0763988 0.0364596 0.011257 0.00217113 0.000262718 2.05316e-05 1.07676e-06 3.88483e-08 9.60765e-10 1.59313e-11 1.7344e-13 1.22431e-15
 1.53799e-07 5.19539e-06 0.000103485 0.00121549 0.00842072 0.0344522 0.083751 0.124496 0.127563 0.122347 0.132632 0.134683 0.112936 0.0731317 0.03291 0.00947078 0.00168432 0.000185335 1.29455e-05 5.99065e-07 1.91702e-08 4.31763e-10 6.74508e-12 7.10374e-14 4.91832e-16
 2.50186e-07 7.99942e-06 0.000150816 0.00167668 0.0109946 0.0425767 0.0979547 0.137721 0.13314 0.120353 0.124991 0.124711 0.103538 0.0652392 0.0279711 0.007576 0.00126032 0.000129095 8.3355e-06 3.52605e-07 1.01656e-08 2.03553e-10 2.80591e-12 2.60708e-14 1.60432e-16
 3.54597e-07 1.07315e-05 0.000191506 0.00201527 0.0125103 0.0458922 0.100315 0.13578 0.132146 0.12719 0.134288 0.126801 0.0971438 0.056514 0.0225219 0.00569912 0.000888957 8.56722e-05 5.22411e-06 2.09209e-07 5.6978e-09 1.06863e-10 1.36238e-12 1.15533e-14 6.41296e-17
 5.16026e-07 1.47826e-05 0.000249706 0.00248737 0.0146173 0.0507782 0.105267 0.136001 0.129025 0.124519 0.132147 0.125833 0.0968958 0.0552562 0.021062 0.00503509 0.000739215 6.71045e-05 3.86613e-06 1.46785e-07 3.79475e-09 6.7408e-11 8.10428e-13 6.451e-15 3.34499e-17
 7.23833e-07 1.96297e-05 0.000313897 0.00296014 0.0164713 0.0542216 0.106907 0.133389 0.127778 0.128901 0.137094 0.126198 0.0927764 0.0501505 0.0180802 0.00410526 0.000578858 5.14275e-05 2.9702e-06 1.152e-07 3.04341e-09 5.41974e-11 6.36863e-13 4.85605e-15 2.38209e-17
 9.24863e-07 2.37464e-05 0.000359522 0.0032102 0.0169185 0.0528252 0.099429 0.121572 0.122025 0.133479 0.146172 0.134491 0.0972664 0.0506452 0.0173291 0.00371516 0.000495385 4.18837e-05 2.32464e-06 8.75663e-08 2.26586e-09 3.97556e-11 4.62297e-13 3.4961e-15 1.69748e-17
 1.18869e-06 2.88996e-05 0.000414313 0.00350329 0.01749 0.0518091 0.0931375 0.111614 0.116282 0.134732 0.152161 0.142942 0.10329 0.0520029 0.0167988 0.00335029 0.000410348 3.13977e-05 1.55246e-06 5.1664e-08 1.18956e-09 1.89427e-11 2.04298e-13 1.45709e-15 6.74518e-18
#spawning biomass
 23899.2 23562.5 19405.3 20293.2 29161.3 47575.6 66775.2 92853.1 100838 135652 162595 191855 240403 247340 225712 214489 229031 214178 191592 208473 211455 200135 207180 210253 226854 247893 221709 223429 277752 525128 537998 478887 392937 308246 237319 183096 143975 116841 98538 86441.4 78566.7 73498.1 70250 68157.9 66862.3 66060 65563.2 65255.6 65065.1 64947.1 64874 64828.8 64800.8 64783.4 64772.7 64766 64761.9 64759.4 64757.8 64756.8 64756.2 64755.8 64755.6 64755.5 64755.4 64755.3 64755.3 64755.3 64755.2 64755.2 64755.2 64755.2 64755.2 64755.2 64755.2 64755.2 64755.2 64755.2 64755.2 64755.2 64755.2 64755.2 64755.2 64755.2 64755.2 64755.2 64755.2 64755.2 64755.2 64755.2 64755.2 64755.2 64755.2 64755.2 64755.2 64755.2 64755.2 64755.2 64755.2 64755.2 64755.2 64755.2 64755.2 64755.2 64755.2 64755.2 64755.2 64755.2 64755.2 64755.2 64755.2 64755.2 64755.2 64755.2 64755.2 64755.2 64755.2 64755.2 64755.2 64755.2 64755.2 64755.2 64755.2 64755.2 64755.2 64755.2 64755.2 64755.2 0 0 0 0 0 0 0 0 0 0 0 0 0 0 0 0 0 0 0 0 0 0 0 0 0
