SBPRF35
0.224663
Curr Bio
31420.5
B35
68364.9
F35
0.51662
FOFL
0.331931
OFL
15796.2
Bzero
64189.3
#pred survey bio
 7427.57 7029.81 8471.6 10826.7 13824.4 16381.5 15216.1 15135.7 25679.6 40263.4 39257.9 46985 73040.9 87481.5 72522.9 59585.6 57723.7 62957.7 59850.1 61303.6 63506.1 66263.7 74161 78102.6 82184.4 84512.8 78842 95876.8 4.24696e+06 2.90108e+06 2.27503e+06 1.63377e+06 1.24575e+06 1.04004e+06 936288 884541 858327 844582 837041 832700 830089 828462 827417 826734 826285 825987 825787 825653 825563 825503 825462 825434 825415 825403 825394 825388 825384 825382 825380 825379 825378 825377 825377 825377 825377 825377 825376 825376 825376 825376 825376 825376 825376 825376 825376 825376 825376 825376 825376 825376 825376 825376 825376 825376 825376 825376 825376 825376 825376 825376 825376 825376 825376 825376 825376 825376 825376 825376 825376 825376 825376 825376 825376 825376 825376 825376 825376 825376 825376 825376 825376 825376 825376 825376 825376 825376 825376 825376 825376 825376 825376 825376 825376 825376 825376 825376 825376 825376 0 0 0 0 0 0 0 0 0 0 0 0 0 0 0 0 0 0 0 0 0 0 0 0 0
#obs survey bio
 6335.09 5695.16 6251.84 11388.8 18921.9 13621.4 19544.6 21657.8 28077.8 53968.4 43647.6 58636.9 95808.8 69301.9 73445.6 38878.7 76244.3 52953.1 82594.4 41688.8 52550.3 87677.2 65282.8 72840.5 96428.2 50222.9 85238.2 91744.4
#pred catch bio
 3739.96 3260.28 3769.48 5024.3 6286.03 8422.72 8438.37 7236.78 8432.4 20938.6 22721.1 20139.7 33109.5 50688 43163.3 35241.7 29376.5 36309.6 32490.1 32939.5 35926.9 33334.7 40494.9 43355.8 42827.2 49242.1 40727.9 41076.5 15796.2 36824.1 31511.5 21110.6 14908.2 11818.1 10390.7 9760.46 9490.11 9376.34 9329.09 9309.64 9301.68 9298.43 9297.11 9296.58 9296.36 9296.28 9296.24 9296.23 9296.22 9296.22 9296.22 9296.22 9296.22 9296.22 9296.22 9296.22 9296.22 9296.22 9296.22 9296.22 9296.22 9296.22 9296.22 9296.22 9296.22 9296.22 9296.22 9296.22 9296.22 9296.22 9296.22 9296.22 9296.22 9296.22 9296.22 9296.22 9296.22 9296.22 9296.22 9296.22 9296.22 9296.22 9296.22 9296.22 9296.22 9296.22 9296.22 9296.22 9296.22 9296.22 9296.22 9296.22 9296.22 9296.22 9296.22 9296.22 9296.22 9296.22 9296.22 9296.22 9296.22 9296.22 9296.22 9296.22 9296.22 9296.22 9296.22 9296.22 9296.22 9296.22 9296.22 9296.22 9296.22 9296.22 9296.22 9296.22 9296.22 9296.22 9296.22 9296.22 9296.22 9296.22 9296.22 9296.22 9296.22 9296.22 9296.22 9296.22 0 0 0 0 0 0 0 0 0 0 0 0 0 0 0 0 0 0 0 0 0 0 0 0 0
#obs catch bio
 3625.17 3311.77 3776.98 4968.43 6196.68 8426.85 8463.39 7344 8083.03 19838.4 23496.7 19456.3 31509.6 51788.7 43556.8 36971.1 28821.8 37086.2 32457.6 32750.7 36871 32436 40368.8 43740.2 42337.5 50861.5 41291.1 41120.6
#pred cpue bio
 4829.1 3810 4283.41 5460.06 6783.98 8639.8 8579.5 7437.06 10286.4 21030.6 21118.2 19796.5 33792.4 46183.5 39396.1 31267.4 27524.9 32543.1 29726.7 31070 32020.7 31774.9 37908.9 38289.8 40197.8 44339.3 39145.9 44986.3 2.23212e+06 2.2312e+06 2.02873e+06 1.41968e+06 1.03294e+06 827276 723531 671784 645570 631825 624284 619943 617332 615705 614660 613977 613528 613229 613030 612896 612806 612746 612705 612677 612658 612646 612637 612631 612627 612625 612623 612622 612621 612620 612620 612620 612620 612619 612619 612619 612619 612619 612619 612619 612619 612619 612619 612619 612619 612619 612619 612619 612619 612619 612619 612619 612619 612619 612619 612619 612619 612619 612619 612619 612619 612619 612619 612619 612619 612619 612619 612619 612619 612619 612619 612619 612619 612619 612619 612619 612619 612619 612619 612619 612619 612619 612619 612619 612619 612619 612619 612619 612619 612619 612619 612619 612619 612619 612619 612619 0 0 0 0 0 0 0 0 0 0 0 0 0 0 0 0 0 0 0 0 0 0 0 0 0
#obs cpue bio
 3975.25 3831.75 5376.36 8345.18 5763.15 8164.36 7446.45 5426.97 19633 29060.3 13272.2 28454.2 49426 30606.7 32834.6 25211.2 27755.2 27029 26125.1 37899.8 31339 38332.7 44134.4 33683.7 39120.4 39148.3 31256.4 53477.7
#pred surv len freq
 2.14235e-27 2.16506e-27 5.76652e-27 1.23209e-21 7.32774e-17 1.00194e-12 3.1496e-09 2.27623e-06 0.000378192 0.0144467 0.126871 0.256159 0.119511 0.0289141 0.099404 0.139834 0.0559824 0.0423893 0.0366044 0.0223244 0.0171267 0.0132324 0.0121506 0.0104304 0.00423962
 2.14351e-27 2.16885e-27 6.20563e-27 1.38109e-21 8.21385e-17 1.1231e-12 3.53047e-09 2.55148e-06 0.000423925 0.0161936 0.142213 0.287134 0.133926 0.0314329 0.10545 0.148073 0.0556594 0.0316932 0.0244848 0.00991055 0.00541841 0.00322942 0.00233193 0.00173837 0.000684512
 2.14414e-27 2.1705e-27 6.38417e-27 1.44164e-21 8.57398e-17 1.17234e-12 3.68526e-09 2.66335e-06 0.000442512 0.0169036 0.148449 0.299723 0.139759 0.0317714 0.103723 0.145561 0.0538394 0.0279757 0.0207512 0.00680088 0.00258523 0.000939928 0.0004349 0.000248024 8.90846e-05
 2.14394e-27 2.17003e-27 6.33272e-27 1.42418e-21 8.47012e-17 1.15814e-12 3.64062e-09 2.63109e-06 0.000437151 0.0166989 0.14665 0.296093 0.138097 0.0322057 0.107469 0.150811 0.0553136 0.0273041 0.0199563 0.0061825 0.00205783 0.000536138 0.000130657 4.19417e-05 1.2051e-05
 2.14446e-27 2.1713e-27 6.46577e-27 1.46931e-21 8.73852e-17 1.19484e-12 3.75599e-09 2.71446e-06 0.000451004 0.017228 0.151297 0.305475 0.142422 0.0318797 0.102651 0.144002 0.0526875 0.0256045 0.0185775 0.00552337 0.00171365 0.000402461 6.95177e-05 1.04393e-05 1.68888e-06
 2.14263e-27 2.1668e-27 5.98736e-27 1.30701e-21 7.77329e-17 1.06286e-12 3.34111e-09 2.41463e-06 0.000401187 0.0153251 0.134586 0.271735 0.126888 0.0336173 0.123428 0.173276 0.062839 0.0288127 0.0206671 0.00609124 0.00184858 0.000412393 6.31585e-05 6.48264e-06 4.78596e-07
 2.14109e-27 2.16306e-27 5.59806e-27 1.17498e-21 6.98806e-17 9.55492e-13 3.0036e-09 2.17071e-06 0.000360661 0.013777 0.12099 0.244287 0.114224 0.034305 0.135899 0.190976 0.0707553 0.0370849 0.0270799 0.0075929 0.00212948 0.000462032 6.7634e-05 6.14505e-06 3.0669e-07
 2.14482e-27 2.17222e-27 6.5702e-27 1.50476e-21 8.9494e-17 1.22367e-12 3.84662e-09 2.77997e-06 0.000461887 0.0176438 0.154949 0.312846 0.145794 0.0309274 0.094616 0.132782 0.0501544 0.0292184 0.0217999 0.00642608 0.00191997 0.000399734 5.4438e-05 4.68761e-06 2.08587e-07
 2.14763e-27 2.17904e-27 7.27891e-27 1.74511e-21 1.03788e-16 1.41912e-12 4.46103e-09 3.224e-06 0.000535662 0.0204619 0.179698 0.362814 0.168851 0.0297464 0.072346 0.101166 0.0359296 0.0141237 0.00989424 0.00312786 0.00103829 0.000229759 3.23539e-05 2.66192e-06 1.10627e-07
 2.14236e-27 2.16607e-27 5.90112e-27 1.27771e-21 7.59903e-17 1.03903e-12 3.26621e-09 2.3605e-06 0.000392193 0.0149815 0.131568 0.265644 0.124112 0.0346845 0.131779 0.184917 0.0651972 0.0240916 0.0163986 0.00457521 0.00130061 0.000304427 4.77062e-05 4.16052e-06 1.72594e-07
 2.14248e-27 2.16646e-27 5.959e-27 1.29742e-21 7.71627e-17 1.05506e-12 3.3166e-09 2.39692e-06 0.000398244 0.0152127 0.133598 0.269742 0.125946 0.0330709 0.120693 0.169552 0.0633413 0.0347715 0.0253386 0.00647248 0.0015115 0.00030218 4.27453e-05 3.9395e-06 1.7655e-07
 2.14694e-27 2.17736e-27 7.10233e-27 1.68521e-21 1.00226e-16 1.37041e-12 4.30791e-09 3.11334e-06 0.000517277 0.0197596 0.17353 0.350362 0.163112 0.0302291 0.0790457 0.110638 0.0396648 0.0167607 0.0118046 0.00340384 0.000966636 0.000180526 2.07226e-05 1.63418e-06 7.09258e-08
 2.14488e-27 2.17224e-27 6.55176e-27 1.49841e-21 8.9116e-17 1.2185e-12 3.83038e-09 2.76822e-06 0.000459936 0.0175693 0.154294 0.311526 0.145253 0.0327837 0.106346 0.149008 0.0517087 0.0164583 0.0107314 0.00290759 0.000769443 0.000159708 2.07546e-05 1.49075e-06 5.41759e-08
 2.14242e-27 2.16623e-27 5.92462e-27 1.28571e-21 7.64662e-17 1.04554e-12 3.28667e-09 2.37528e-06 0.00039465 0.0150753 0.132392 0.267307 0.124858 0.0340518 0.127416 0.178877 0.0645943 0.0287267 0.0201085 0.00492701 0.00104444 0.000197225 2.51954e-05 1.97871e-06 7.3719e-08
 2.14162e-27 2.16427e-27 5.71652e-27 1.21512e-21 7.22676e-17 9.88131e-13 3.1062e-09 2.24486e-06 0.00037298 0.0142476 0.125123 0.252631 0.1181 0.0347785 0.136275 0.191358 0.0689002 0.0300264 0.0210733 0.00552865 0.00132778 0.000230267 2.4023e-05 1.71539e-06 6.50761e-08
 2.14274e-27 2.16706e-27 6.01507e-27 1.31641e-21 7.82917e-17 1.0705e-12 3.36513e-09 2.43199e-06 0.000404071 0.0154353 0.135553 0.273688 0.127787 0.0335083 0.122174 0.171525 0.0624741 0.0294614 0.0209688 0.00544898 0.00130052 0.000239453 2.65397e-05 1.70914e-06 5.58419e-08
 2.14457e-27 2.1715e-27 6.47851e-27 1.47358e-21 8.76397e-17 1.19832e-12 3.76692e-09 2.72237e-06 0.000452317 0.0172782 0.151738 0.306365 0.142859 0.0325729 0.106615 0.149471 0.0530241 0.0206241 0.0141382 0.00374287 0.000925549 0.000170468 1.91358e-05 1.29356e-06 4.19466e-08
 2.14268e-27 2.16686e-27 5.98585e-27 1.30646e-21 7.77001e-17 1.06241e-12 3.3397e-09 2.41361e-06 0.000401018 0.0153186 0.134529 0.271621 0.126861 0.0342889 0.127563 0.179 0.0634805 0.0246253 0.0168117 0.0042951 0.000994979 0.000184955 2.14485e-05 1.47195e-06 4.89543e-08
 2.14381e-27 2.16966e-27 6.28584e-27 1.40824e-21 8.37533e-17 1.14518e-12 3.59988e-09 2.60164e-06 0.000432259 0.016512 0.145009 0.29278 0.136595 0.0330033 0.113337 0.158995 0.0570424 0.0242105 0.0168136 0.00418208 0.000906455 0.000160113 1.76589e-05 1.21718e-06 4.14392e-08
 2.1432e-27 2.16813e-27 6.12161e-27 1.35251e-21 8.04392e-17 1.09986e-12 3.45743e-09 2.4987e-06 0.000415155 0.0158586 0.139271 0.281195 0.131268 0.0337868 0.121611 0.170616 0.0605751 0.0237172 0.0162556 0.0042286 0.00100305 0.000175664 1.82072e-05 1.1847e-06 3.91854e-08
 2.14359e-27 2.16913e-27 6.23244e-27 1.39013e-21 8.26766e-17 1.13046e-12 3.5536e-09 2.5682e-06 0.000426702 0.0162997 0.143145 0.289016 0.134854 0.0329904 0.114392 0.160515 0.0580319 0.0260275 0.0183211 0.00467966 0.00107793 0.000196127 2.16667e-05 1.39403e-06 4.36252e-08
 2.14437e-27 2.17099e-27 6.4232e-27 1.45481e-21 8.65234e-17 1.18305e-12 3.71894e-09 2.68769e-06 0.000446556 0.0170581 0.149805 0.302463 0.141067 0.0328906 0.10973 0.153841 0.0542743 0.020156 0.0136526 0.00357466 0.000863379 0.000155734 1.69873e-05 1.13294e-06 3.65568e-08
 2.14308e-27 2.16786e-27 6.09387e-27 1.34311e-21 7.988e-17 1.09222e-12 3.4334e-09 2.48133e-06 0.000412269 0.0157484 0.138303 0.27924 0.130363 0.0337336 0.121876 0.171017 0.061115 0.0251849 0.0174078 0.00439925 0.000993213 0.000181604 2.05644e-05 1.37533e-06 4.47295e-08
 2.1442e-27 2.17063e-27 6.3901e-27 1.44361e-21 8.58571e-17 1.17394e-12 3.69031e-09 2.66699e-06 0.000443117 0.0169268 0.148652 0.300134 0.139976 0.0325125 0.108124 0.151667 0.0547185 0.024188 0.0170026 0.00440655 0.00103969 0.000185227 2.00175e-05 1.34968e-06 4.48421e-08
 2.14381e-27 2.1696e-27 6.27383e-27 1.40413e-21 8.35092e-17 1.14184e-12 3.58939e-09 2.59406e-06 0.000430999 0.0164639 0.144587 0.291927 0.136223 0.0335999 0.117236 0.164387 0.0575409 0.0199185 0.0132447 0.00344612 0.000825284 0.000150499 1.65983e-05 1.09229e-06 3.54643e-08
 2.1425e-27 2.16643e-27 5.94451e-27 1.29245e-21 7.6867e-17 1.05102e-12 3.30389e-09 2.38773e-06 0.000396718 0.0151544 0.133086 0.268708 0.125507 0.0341057 0.127322 0.178724 0.0642396 0.0276359 0.0192188 0.00470997 0.000990324 0.000177171 1.99654e-05 1.34534e-06 4.38373e-08
 2.14384e-27 2.16973e-27 6.29322e-27 1.41074e-21 8.39023e-17 1.14721e-12 3.60628e-09 2.60627e-06 0.000433028 0.0165414 0.145267 0.2933 0.136834 0.0329591 0.11291 0.158393 0.0568341 0.0241501 0.016834 0.00434075 0.00100789 0.000173108 1.75747e-05 1.15159e-06 3.81542e-08
 2.14506e-27 2.17273e-27 6.61186e-27 1.51883e-21 9.03308e-17 1.23511e-12 3.88259e-09 2.80596e-06 0.000466206 0.0178088 0.156397 0.315772 0.147182 0.0318627 0.0994442 0.139408 0.0500662 0.0214178 0.0149938 0.00398504 0.000991058 0.000181478 1.96585e-05 1.23874e-06 3.83602e-08
#obs surv len freq
 8.68999e-40 4.25314e-33 4.78571e-27 1.23802e-21 7.36295e-17 1.00675e-12 3.16473e-09 2.28716e-06 0.000380014 0.0145161 0.12748 0.257389 0.120204 0.03222 0.119221 0.16765 0.0649247 0.0426826 0.0333631 0.012575 0.00535382 0.00162646 0.000359476 4.85362e-05 3.33763e-06
 1.04058e-39 5.09294e-33 5.73066e-27 1.48247e-21 8.81679e-17 1.20554e-12 3.78961e-09 2.73876e-06 0.000455049 0.0173823 0.152651 0.308209 0.143639 0.0306267 0.0941775 0.13222 0.0506672 0.0317317 0.0245016 0.008841 0.00358679 0.00105113 0.000224961 2.96442e-05 1.98488e-06
 9.70312e-40 4.74901e-33 5.34366e-27 1.38235e-21 8.22138e-17 1.12412e-12 3.5337e-09 2.55381e-06 0.000424319 0.0162084 0.142343 0.287397 0.1341 0.0328435 0.113983 0.159943 0.0578254 0.0259914 0.0189408 0.00658145 0.00254464 0.000708599 0.000143663 1.81928e-05 1.1827e-06
 1.04785e-39 5.1285e-33 5.77067e-27 1.49282e-21 8.87835e-17 1.21395e-12 3.81607e-09 2.75789e-06 0.000458227 0.0175037 0.153717 0.310361 0.144662 0.0313543 0.0979714 0.137458 0.0510856 0.0272633 0.0200286 0.0057996 0.00177544 0.000459713 8.7562e-05 1.04468e-05 6.47766e-07
 9.8745e-40 4.83289e-33 5.43804e-27 1.40677e-21 8.36659e-17 1.14398e-12 3.59611e-09 2.59892e-06 0.000431814 0.0164947 0.144857 0.292473 0.136448 0.0328652 0.112586 0.157942 0.0567281 0.02431 0.0173129 0.0053753 0.0017321 0.00037711 5.80837e-05 6.28088e-06 3.64939e-07
 8.18023e-40 4.00366e-33 4.50498e-27 1.1654e-21 6.93104e-17 9.47695e-13 2.97909e-09 2.15299e-06 0.000357723 0.0136645 0.120002 0.242293 0.113323 0.0348339 0.139728 0.196299 0.0716196 0.0341661 0.0245243 0.00680423 0.00189222 0.000422181 6.27604e-05 5.6248e-06 2.78744e-07
 7.93776e-40 3.88498e-33 4.37145e-27 1.13085e-21 6.7256e-17 9.19604e-13 2.89078e-09 2.08918e-06 0.000347119 0.0132595 0.116445 0.235111 0.109957 0.0336361 0.134581 0.189309 0.0727633 0.0461368 0.0347602 0.0100842 0.00292759 0.000593697 7.92153e-05 6.84835e-06 3.02701e-07
 1.32843e-39 6.50176e-33 7.31589e-27 1.89255e-21 1.12557e-16 1.53901e-12 4.83791e-09 3.49637e-06 0.000580926 0.0221906 0.194878 0.393463 0.182935 0.0274596 0.0491489 0.0686006 0.0262152 0.0161958 0.0123704 0.00414485 0.00145494 0.000313244 4.1727e-05 3.29358e-06 1.34009e-07
 1.10356e-39 5.40114e-33 6.07745e-27 1.57218e-21 9.35034e-17 1.27849e-12 4.01895e-09 2.9045e-06 0.000482587 0.0184342 0.161889 0.326861 0.152339 0.032663 0.100987 0.141337 0.0473804 0.00968036 0.0053823 0.0017556 0.00062514 0.000154416 2.42135e-05 2.01219e-06 7.88292e-08
 6.3899e-40 3.12741e-33 3.51902e-27 9.10336e-22 5.41411e-17 7.40282e-13 2.32708e-09 1.68179e-06 0.000279431 0.0106739 0.0937383 0.189268 0.0889533 0.0386999 0.179311 0.251896 0.0886091 0.0320482 0.0211821 0.00453311 0.000652511 0.000129852 2.1445e-05 2.04953e-06 8.93295e-08
 1.23423e-39 6.04073e-33 6.79712e-27 1.75835e-21 1.04576e-16 1.42988e-12 4.49485e-09 3.24844e-06 0.000539733 0.0206171 0.181059 0.365563 0.170053 0.0278951 0.0602167 0.0843906 0.0344109 0.0275863 0.0210448 0.00530002 0.00113816 0.00016751 1.32216e-05 9.81973e-07 4.57766e-08
 1.17957e-39 5.77318e-33 6.49607e-27 1.68047e-21 9.9944e-17 1.36655e-12 4.29577e-09 3.10456e-06 0.000515828 0.019704 0.17304 0.349374 0.162695 0.0312834 0.0857797 0.119946 0.0404316 0.00901685 0.00533886 0.00197514 0.000743828 0.00013848 1.32097e-05 6.85707e-07 1.89932e-08
 8.78927e-40 4.30174e-33 4.84039e-27 1.25216e-21 7.44708e-17 1.01825e-12 3.20089e-09 2.31329e-06 0.000384356 0.0146819 0.128937 0.260331 0.121695 0.0357017 0.139589 0.195808 0.0674507 0.0198287 0.0123631 0.00268919 0.000426893 9.52968e-05 1.47695e-05 1.00298e-06 2.76223e-08
 9.22649e-40 4.51573e-33 5.08117e-27 1.31445e-21 7.81753e-17 1.06891e-12 3.36011e-09 2.42836e-06 0.000403476 0.0154123 0.13535 0.27328 0.127588 0.0332183 0.120526 0.16927 0.0626109 0.0324718 0.0232718 0.00545212 0.000986625 0.000142276 1.23552e-05 9.57872e-07 3.72924e-08
 7.40192e-40 3.62273e-33 4.07635e-27 1.05451e-21 6.27158e-17 8.57526e-13 2.69564e-09 1.94815e-06 0.000323687 0.0123644 0.108584 0.219241 0.102719 0.0362556 0.155355 0.21827 0.0786287 0.0344086 0.0244234 0.00707724 0.00198606 0.000331444 2.77789e-05 1.40888e-06 4.13167e-08
 1.12228e-39 5.49278e-33 6.18056e-27 1.59885e-21 9.50898e-17 1.30018e-12 4.08713e-09 2.95378e-06 0.000490774 0.018747 0.164636 0.332405 0.154798 0.029884 0.0823519 0.115519 0.0444068 0.028161 0.0210617 0.00570325 0.00149274 0.000301785 3.62148e-05 2.13557e-06 5.36908e-08
 8.72858e-40 4.27204e-33 4.80696e-27 1.24352e-21 7.39566e-17 1.01122e-12 3.17879e-09 2.29732e-06 0.000381702 0.0145805 0.128046 0.258534 0.120863 0.0356865 0.140038 0.196435 0.0675606 0.0195564 0.0126177 0.00405349 0.00134232 0.000267705 3.24984e-05 2.37059e-06 7.69474e-08
 9.57046e-40 4.68408e-33 5.2706e-27 1.36345e-21 8.10897e-17 1.10875e-12 3.48538e-09 2.51889e-06 0.000418518 0.0159868 0.140396 0.283467 0.132282 0.0328024 0.114917 0.161347 0.0595805 0.0305955 0.0218782 0.00510625 0.000981189 0.000205936 2.97283e-05 2.25944e-06 8.03929e-08
 1.01338e-39 4.9598e-33 5.58085e-27 1.44371e-21 8.5863e-17 1.17402e-12 3.69055e-09 2.66717e-06 0.000443153 0.0169279 0.148661 0.300153 0.139991 0.0326633 0.109039 0.15292 0.0546642 0.0225981 0.015847 0.0045747 0.00127678 0.000215689 2.11438e-05 1.61248e-06 6.37955e-08
 8.62231e-40 4.22002e-33 4.74844e-27 1.22838e-21 7.30561e-17 9.9891e-13 3.14008e-09 2.26934e-06 0.000377055 0.014403 0.126487 0.255386 0.119384 0.0350606 0.137166 0.192539 0.068282 0.0264933 0.018146 0.00479578 0.00120446 0.00024095 2.90067e-05 1.8271e-06 5.85143e-08
 1.11589e-39 5.4615e-33 6.14537e-27 1.58975e-21 9.45483e-17 1.29278e-12 4.06386e-09 2.93696e-06 0.00048798 0.0186402 0.163698 0.330513 0.153952 0.0306762 0.0877585 0.123021 0.0454362 0.0233714 0.0168711 0.00434434 0.00101639 0.000186955 2.18732e-05 1.58144e-06 5.29397e-08
 8.86594e-40 4.33926e-33 4.88261e-27 1.26308e-21 7.51204e-17 1.02714e-12 3.22881e-09 2.33347e-06 0.000387709 0.01481 0.130061 0.262602 0.122731 0.0353424 0.136711 0.191779 0.0663756 0.0205658 0.0134006 0.00388603 0.00111488 0.000206466 2.23965e-05 1.51948e-06 5.2394e-08
 1.00565e-39 4.92194e-33 5.53824e-27 1.43269e-21 8.52075e-17 1.16506e-12 3.66237e-09 2.6468e-06 0.00043977 0.0167987 0.147526 0.297862 0.138917 0.0322564 0.107246 0.150502 0.0553162 0.0276177 0.0196923 0.00468919 0.00093231 0.000179094 2.25625e-05 1.54542e-06 5.01656e-08
 1.03794e-39 5.08001e-33 5.71611e-27 1.4787e-21 8.79441e-17 1.20248e-12 3.78e-09 2.73181e-06 0.000453894 0.0173382 0.152264 0.307428 0.143352 0.0325985 0.106451 0.149222 0.0526782 0.0196809 0.0134641 0.00382404 0.0010459 0.000178676 1.73889e-05 1.19849e-06 4.2093e-08
 8.73989e-40 4.27757e-33 4.81319e-27 1.24513e-21 7.40524e-17 1.01253e-12 3.1829e-09 2.30029e-06 0.000382197 0.0145994 0.128212 0.258869 0.120994 0.0350388 0.135984 0.190849 0.0673735 0.0251537 0.0170072 0.00431867 0.000998652 0.000193839 2.30146e-05 1.44471e-06 4.41354e-08
 9.26474e-40 4.53445e-33 5.10223e-27 1.3199e-21 7.84994e-17 1.07334e-12 3.37404e-09 2.43843e-06 0.000405148 0.0154761 0.135912 0.274413 0.128112 0.033229 0.120251 0.16886 0.0621691 0.0313728 0.0225431 0.00571695 0.00128628 0.000225537 2.45489e-05 1.71104e-06 5.65086e-08
 9.67932e-40 4.73736e-33 5.33055e-27 1.37896e-21 8.20121e-17 1.12137e-12 3.52503e-09 2.54754e-06 0.000423278 0.0161687 0.141993 0.286692 0.133782 0.0330431 0.115415 0.161956 0.0585219 0.0261711 0.0186411 0.00536906 0.0015154 0.000275215 2.85498e-05 1.82185e-06 5.92874e-08
 1.12667e-39 5.51428e-33 6.20475e-27 1.60511e-21 9.5462e-17 1.30527e-12 4.10313e-09 2.96534e-06 0.000492695 0.0188203 0.16528 0.333706 0.155443 0.0310494 0.0890733 0.124775 0.044698 0.0187704 0.0131257 0.00358713 0.000955661 0.000193818 2.40462e-05 1.59822e-06 4.9339e-08
#pred catch len freq
 2.13528e-27 2.1469e-27 3.8218e-27 5.72448e-22 3.40456e-17 4.65513e-13 1.46335e-09 1.05756e-06 0.000175713 0.00671211 0.0589461 0.11902 0.0561486 0.0299637 0.147139 0.20766 0.0866407 0.0755673 0.0663049 0.0407921 0.0314122 0.0242856 0.0223029 0.0191457 0.0077821
 2.136e-27 2.15034e-27 4.25915e-27 7.20889e-22 4.28739e-17 5.86225e-13 1.84281e-09 1.3318e-06 0.000221277 0.00845262 0.0742313 0.149882 0.0706217 0.0354293 0.171214 0.241132 0.0932848 0.061076 0.0481345 0.0196229 0.0107864 0.00643451 0.00464705 0.00346426 0.00136411
 2.13656e-27 2.15199e-27 4.44064e-27 7.82436e-22 4.65344e-17 6.36275e-13 2.00014e-09 1.44551e-06 0.000240169 0.00917428 0.080569 0.162678 0.0765816 0.0366055 0.17454 0.245681 0.0932453 0.0556945 0.0422153 0.0139187 0.00532472 0.0019383 0.000897107 0.000511639 0.000183769
 2.13656e-27 2.15199e-27 4.43641e-27 7.80977e-22 4.64476e-17 6.35089e-13 1.99641e-09 1.44281e-06 0.000239721 0.00915717 0.0804188 0.162375 0.0764642 0.0372118 0.178332 0.250955 0.0941852 0.053077 0.0396475 0.0123485 0.00413569 0.0010788 0.000263003 8.44316e-05 2.42596e-05
 2.13707e-27 2.15323e-27 4.56609e-27 8.24957e-22 4.90633e-17 6.70853e-13 2.10884e-09 1.52406e-06 0.000253221 0.00967286 0.0849475 0.171518 0.0806837 0.0370075 0.17433 0.245284 0.0917937 0.0509243 0.0377742 0.0112878 0.00352457 0.000828826 0.00014322 2.15093e-05 3.47983e-06
 2.13569e-27 2.1498e-27 4.19869e-27 7.00306e-22 4.16498e-17 5.69487e-13 1.79019e-09 1.29378e-06 0.000214959 0.00821128 0.0721119 0.145604 0.0687627 0.0385971 0.191845 0.269919 0.0997738 0.0516142 0.0378324 0.0112009 0.0034188 0.000763569 0.000116983 1.20084e-05 8.8657e-07
 2.1345e-27 2.14697e-27 3.90899e-27 6.02086e-22 3.58083e-17 4.89615e-13 1.53911e-09 1.11232e-06 0.00018481 0.00705962 0.061998 0.125184 0.0593218 0.0385822 0.197908 0.278655 0.105454 0.0620078 0.0460883 0.012973 0.00365898 0.00079484 0.000116392 1.05761e-05 5.27846e-07
 2.13759e-27 2.15459e-27 4.72264e-27 8.78122e-22 5.22252e-17 7.14087e-13 2.24474e-09 1.62228e-06 0.000269539 0.0102962 0.090422 0.182571 0.0857325 0.0353853 0.161096 0.226821 0.0878926 0.0578216 0.0438652 0.012988 0.00390316 0.000813575 0.000110839 9.5454e-06 4.24757e-07
 2.14019e-27 2.1608e-27 5.35404e-27 1.09218e-21 6.49563e-17 8.88162e-13 2.79195e-09 2.01775e-06 0.000335246 0.0128062 0.112464 0.227074 0.106314 0.0355767 0.148851 0.209138 0.0758704 0.0348863 0.0252633 0.00804213 0.00268958 0.000596002 8.39678e-05 6.90946e-06 2.87161e-07
 2.1356e-27 2.14947e-27 4.1469e-27 6.82659e-22 4.06003e-17 5.55136e-13 1.74508e-09 1.26117e-06 0.000209542 0.00800436 0.0702947 0.141936 0.0671255 0.0401639 0.202515 0.284726 0.101846 0.0422944 0.029577 0.00828716 0.00236975 0.000555373 8.70601e-05 7.59327e-06 3.15004e-07
 2.13604e-27 2.15074e-27 4.30733e-27 7.37205e-22 4.38443e-17 5.99493e-13 1.88451e-09 1.36194e-06 0.000226285 0.00864393 0.0759114 0.153275 0.0722618 0.0373385 0.18185 0.256017 0.0974655 0.0589976 0.0436134 0.0111706 0.00262159 0.000524757 7.42533e-05 6.84393e-06 3.06718e-07
 2.14013e-27 2.16066e-27 5.33955e-27 1.08727e-21 6.46641e-17 8.84167e-13 2.77939e-09 2.00867e-06 0.000333738 0.0127486 0.111959 0.226052 0.10584 0.0355344 0.1489 0.209239 0.0763524 0.0364692 0.0263125 0.00762166 0.00217727 0.000407102 4.67508e-05 3.68731e-06 1.60039e-07
 2.13779e-27 2.15479e-27 4.70334e-27 8.71379e-22 5.18242e-17 7.08604e-13 2.2275e-09 1.60982e-06 0.00026747 0.0102172 0.0897277 0.18117 0.0852199 0.0389827 0.183479 0.257767 0.09061 0.0326043 0.0219942 0.00598648 0.00159459 0.000331454 4.30906e-05 3.09545e-06 1.12496e-07
 2.13611e-27 2.15078e-27 4.29505e-27 7.32958e-22 4.35917e-17 5.96039e-13 1.87366e-09 1.3541e-06 0.000224981 0.00859413 0.0754741 0.152392 0.0719107 0.0388547 0.191371 0.269183 0.0986277 0.0482988 0.0344222 0.00845535 0.00180131 0.000340607 4.35263e-05 3.41863e-06 1.27367e-07
 2.13547e-27 2.1492e-27 4.12694e-27 6.7593e-22 4.02001e-17 5.49664e-13 1.72788e-09 1.24874e-06 0.000207477 0.00792546 0.0696018 0.140537 0.0664524 0.0394629 0.198657 0.279438 0.102031 0.0488963 0.0349479 0.00919496 0.00221861 0.00038517 4.01964e-05 2.87061e-06 1.08904e-07
 2.13655e-27 2.15188e-27 4.41588e-27 7.73967e-22 4.60307e-17 6.29388e-13 1.97849e-09 1.42986e-06 0.000237569 0.00907498 0.079697 0.160918 0.0758238 0.0380959 0.184169 0.259082 0.0957449 0.0494186 0.0357345 0.00931016 0.00223191 0.000411373 4.56074e-05 2.93737e-06 9.59737e-08
 2.13786e-27 2.15503e-27 4.73781e-27 8.83118e-22 5.25224e-17 7.1815e-13 2.25751e-09 1.63151e-06 0.000271073 0.0103548 0.0909365 0.18361 0.0863124 0.0380326 0.176943 0.248706 0.0894742 0.0387605 0.0272027 0.00722666 0.0017968 0.000331349 3.72087e-05 2.51558e-06 8.15756e-08
 2.13643e-27 2.1515e-27 4.3627e-27 7.55865e-22 4.49541e-17 6.14668e-13 1.93222e-09 1.39642e-06 0.000232013 0.00886273 0.077833 0.157155 0.0741327 0.0393919 0.193215 0.271637 0.0975083 0.0415568 0.0289646 0.00742063 0.00172721 0.000321442 3.7288e-05 2.55922e-06 8.51168e-08
 2.13728e-27 2.15365e-27 4.59553e-27 8.34872e-22 4.9653e-17 6.78916e-13 2.13418e-09 1.54238e-06 0.000256264 0.00978911 0.0859685 0.17358 0.0816788 0.0381274 0.180546 0.253864 0.0924057 0.0433837 0.0307332 0.00766557 0.00167015 0.000295409 3.25921e-05 2.24675e-06 7.64929e-08
 2.13658e-27 2.1519e-27 4.40633e-27 7.70671e-22 4.58347e-17 6.26708e-13 1.97006e-09 1.42377e-06 0.000236557 0.00903633 0.0793576 0.160233 0.0755455 0.0391205 0.19063 0.268013 0.0964868 0.0420034 0.0294572 0.00768815 0.00183354 0.000321514 3.33365e-05 2.16943e-06 7.17584e-08
 2.13724e-27 2.15357e-27 4.59108e-27 8.33379e-22 4.95642e-17 6.77702e-13 2.13037e-09 1.53962e-06 0.000255806 0.00977161 0.0858148 0.17327 0.0815247 0.0378446 0.178912 0.251611 0.0922787 0.0454752 0.0325741 0.00834247 0.00193069 0.000351691 3.88643e-05 2.50078e-06 7.82619e-08
 2.13758e-27 2.15434e-27 4.66168e-27 8.57279e-22 5.09856e-17 6.97138e-13 2.19146e-09 1.58378e-06 0.000263142 0.0100518 0.0882758 0.178239 0.0838469 0.0385097 0.181475 0.255057 0.0912239 0.0378398 0.0262914 0.0069086 0.00167815 0.000303101 3.30746e-05 2.20615e-06 7.11884e-08
 2.13652e-27 2.15176e-27 4.3944e-27 7.66639e-22 4.55949e-17 6.23429e-13 1.95976e-09 1.41632e-06 0.00023532 0.00898905 0.0789423 0.159395 0.0751501 0.0389109 0.189604 0.266615 0.0966653 0.0442066 0.0312102 0.0079111 0.0017957 0.000328777 3.7243e-05 2.49106e-06 8.10185e-08
 2.13785e-27 2.15506e-27 4.74695e-27 8.86248e-22 5.27085e-17 7.20695e-13 2.26552e-09 1.63729e-06 0.000272034 0.0103915 0.0912588 0.184261 0.0865903 0.0374225 0.173023 0.243286 0.0890156 0.0432264 0.030929 0.00803791 0.00190529 0.000339816 3.67353e-05 2.47716e-06 8.23033e-08
 2.13715e-27 2.15325e-27 4.54219e-27 8.16725e-22 4.85737e-17 6.64159e-13 2.08779e-09 1.50885e-06 0.000250694 0.00957633 0.0840999 0.169808 0.0799779 0.0392771 0.188701 0.26518 0.0939529 0.0361619 0.0246957 0.0064479 0.00155267 0.000283513 3.12795e-05 2.05867e-06 6.68427e-08
 2.13625e-27 2.15111e-27 4.32698e-27 7.43776e-22 4.42351e-17 6.04837e-13 1.90131e-09 1.37408e-06 0.000228302 0.00872098 0.0765881 0.154642 0.0729547 0.0389662 0.191374 0.269147 0.0980717 0.0463589 0.0328348 0.00806673 0.00170433 0.000305306 3.44159e-05 2.3193e-06 7.55751e-08
 2.13705e-27 2.15307e-27 4.53566e-27 8.14568e-22 4.84454e-17 6.62405e-13 2.08228e-09 1.50487e-06 0.000250032 0.00955104 0.0838777 0.169359 0.079731 0.0382276 0.182429 0.256533 0.0935345 0.0444095 0.0316357 0.00818478 0.00191129 0.000328716 3.33858e-05 2.18794e-06 7.24926e-08
 2.13763e-27 2.15453e-27 4.6925e-27 8.67782e-22 5.16103e-17 7.05679e-13 2.21831e-09 1.60318e-06 0.000266366 0.010175 0.0893573 0.180422 0.0848189 0.0375135 0.174735 0.245713 0.090046 0.044172 0.0317456 0.00847563 0.00212313 0.000389415 4.22034e-05 2.6598e-06 8.23698e-08
#obs catch len freq
 4.07868e-40 1.99623e-33 2.24619e-27 5.81068e-22 3.45583e-17 4.72523e-13 1.48538e-09 1.07349e-06 0.000178361 0.00681317 0.0598333 0.120814 0.0571976 0.035821 0.182366 0.257128 0.102826 0.0771052 0.0614689 0.0238978 0.0104779 0.0032347 0.000728064 0.00010082 7.17767e-06
 4.24428e-40 2.07728e-33 2.33739e-27 6.04661e-22 3.59615e-17 4.91708e-13 1.54569e-09 1.11707e-06 0.000185603 0.0070898 0.0622626 0.125719 0.0594827 0.0362861 0.183728 0.258947 0.102142 0.0725805 0.0572693 0.0216097 0.0092025 0.00279066 0.000615489 8.29639e-05 5.69792e-06
 5.7882e-40 2.83292e-33 3.18765e-27 8.24614e-22 4.90429e-17 6.70573e-13 2.10795e-09 1.52342e-06 0.000253119 0.00966881 0.0849115 0.171446 0.0805836 0.03523 0.163499 0.230262 0.0897391 0.0606256 0.0472655 0.0170696 0.00692557 0.00202587 0.00043263 5.69127e-05 3.80588e-06
 5.19043e-40 2.54036e-33 2.85845e-27 7.39454e-22 4.39781e-17 6.01321e-13 1.89026e-09 1.36609e-06 0.000226978 0.00867028 0.0761424 0.153742 0.0725194 0.038443 0.188449 0.265052 0.0968991 0.0469021 0.0346522 0.0120494 0.0046582 0.00129477 0.000261914 3.31094e-05 2.14962e-06
 6.01188e-40 2.9424e-33 3.31083e-27 8.56481e-22 5.09381e-17 6.96487e-13 2.18941e-09 1.58229e-06 0.0002629 0.0100424 0.0881928 0.178071 0.0836967 0.0365657 0.169657 0.238724 0.0898428 0.0513498 0.0381176 0.0110392 0.00337733 0.000872775 0.000165844 1.97503e-05 1.22297e-06
 5.50862e-40 2.69609e-33 3.03368e-27 7.84785e-22 4.66741e-17 6.38184e-13 2.00614e-09 1.44984e-06 0.000240893 0.0092018 0.0808102 0.163166 0.07688 0.0385394 0.186197 0.261812 0.0948934 0.0433592 0.0312699 0.0097074 0.00312527 0.000679241 0.000104335 1.12593e-05 6.53266e-07
 4.11004e-40 2.01158e-33 2.26346e-27 5.85536e-22 3.4824e-17 4.76156e-13 1.4968e-09 1.08174e-06 0.000179733 0.00686555 0.0602933 0.121744 0.0577785 0.0398442 0.206648 0.290785 0.107163 0.0544245 0.0394901 0.0109539 0.00304257 0.000677563 0.000100485 8.98854e-06 4.4471e-07
 3.9471e-40 1.93183e-33 2.17373e-27 5.62323e-22 3.34434e-17 4.57278e-13 1.43746e-09 1.03885e-06 0.000172607 0.00659337 0.057903 0.116917 0.0554668 0.0377064 0.195053 0.274848 0.107064 0.0720588 0.0546935 0.0158589 0.00459806 0.000930846 0.000123871 1.06881e-05 4.71726e-07
 9.76814e-40 4.78083e-33 5.37946e-27 1.39162e-21 8.27646e-17 1.13166e-12 3.55737e-09 2.57092e-06 0.000427162 0.016317 0.143296 0.289322 0.13493 0.0312432 0.103634 0.145617 0.0563436 0.0368634 0.0283623 0.00949477 0.00332798 0.00071522 9.50371e-05 7.48728e-06 3.04164e-07
 6.92177e-40 3.38773e-33 3.81193e-27 9.86109e-22 5.86476e-17 8.019e-13 2.52078e-09 1.82177e-06 0.00030269 0.0115624 0.101541 0.205021 0.0962599 0.039331 0.178414 0.250349 0.0841562 0.0179709 0.0102289 0.00333411 0.0011847 0.000291983 4.56763e-05 3.78936e-06 1.48237e-07
 3.04679e-40 1.49119e-33 1.67791e-27 4.3406e-22 2.58152e-17 3.52976e-13 1.10958e-09 8.01898e-07 0.000133236 0.00508946 0.0446957 0.0902536 0.0433531 0.0433939 0.237809 0.334392 0.118303 0.0449435 0.0300623 0.00643182 0.000923202 0.000183141 3.01632e-05 2.87758e-06 1.2526e-07
 8.57159e-40 4.1952e-33 4.7205e-27 1.22115e-21 7.26263e-17 9.93034e-13 3.12161e-09 2.25599e-06 0.000374837 0.0143183 0.125743 0.253882 0.118549 0.0313164 0.114763 0.161652 0.0668282 0.0560931 0.0429787 0.0108127 0.00231598 0.000340381 2.67829e-05 1.98281e-06 9.2287e-08
 7.894e-40 3.86356e-33 4.34734e-27 1.12462e-21 6.68852e-17 9.14534e-13 2.87485e-09 2.07766e-06 0.000345206 0.0131864 0.115803 0.233816 0.109503 0.0374965 0.158537 0.222398 0.0751841 0.0174947 0.0105642 0.00390286 0.00146694 0.000272698 2.59498e-05 1.34453e-06 3.71632e-08
 4.82685e-40 2.36241e-33 2.65822e-27 6.87656e-22 4.08975e-17 5.59199e-13 1.75785e-09 1.2704e-06 0.000211079 0.00806294 0.0708087 0.142975 0.0676636 0.0417014 0.211586 0.297258 0.102833 0.0316516 0.0200245 0.00435445 0.000689036 0.000153328 2.37136e-05 1.60826e-06 4.42337e-08
 5.22478e-40 2.55716e-33 2.87736e-27 7.44347e-22 4.42691e-17 6.05299e-13 1.90276e-09 1.37513e-06 0.00022848 0.00872765 0.0766462 0.154759 0.0729783 0.038141 0.1863 0.262152 0.0977601 0.0531123 0.0383427 0.0089756 0.00161957 0.000233142 2.01784e-05 1.55999e-06 6.06638e-08
 3.75224e-40 1.83646e-33 2.06641e-27 5.34562e-22 3.17924e-17 4.34704e-13 1.36649e-09 9.87568e-07 0.000164086 0.00626787 0.0550445 0.111147 0.0529218 0.0409791 0.216769 0.304939 0.110609 0.0507785 0.0363727 0.0105259 0.00294664 0.000491039 4.10515e-05 2.07739e-06 6.07931e-08
 7.21779e-40 3.53261e-33 3.97494e-27 1.02828e-21 6.11557e-17 8.36193e-13 2.62858e-09 1.89968e-06 0.000315635 0.0120568 0.105883 0.213787 0.100121 0.0342385 0.144686 0.203644 0.079096 0.0525398 0.0395195 0.0106874 0.00278906 0.000562618 6.7352e-05 3.96566e-06 9.95555e-08
 4.80104e-40 2.34978e-33 2.64401e-27 6.83979e-22 4.06788e-17 5.5621e-13 1.74845e-09 1.26361e-06 0.00020995 0.00801983 0.0704301 0.14221 0.0673054 0.0415725 0.211029 0.296464 0.102374 0.0309768 0.0202723 0.00650291 0.0021481 0.00042758 5.17599e-05 3.76841e-06 1.22166e-07
 5.52697e-40 2.70507e-33 3.04379e-27 7.87399e-22 4.68296e-17 6.4031e-13 2.01282e-09 1.45467e-06 0.000241695 0.00923245 0.0810794 0.16371 0.0771036 0.037807 0.181563 0.255454 0.0951027 0.0511848 0.036875 0.00859957 0.00164707 0.000344722 4.96381e-05 3.76609e-06 1.33801e-07
 6.04229e-40 2.95728e-33 3.32758e-27 8.60814e-22 5.11958e-17 7.0001e-13 2.20049e-09 1.5903e-06 0.00026423 0.0100933 0.088639 0.178972 0.0841739 0.0381788 0.179232 0.251937 0.0906479 0.0393267 0.0278509 0.00802992 0.00223575 0.000377107 3.68522e-05 2.80339e-06 1.10758e-07
 4.69518e-40 2.29796e-33 2.58571e-27 6.68898e-22 3.97819e-17 5.43945e-13 1.7099e-09 1.23575e-06 0.000205321 0.00784299 0.0688772 0.139075 0.0658145 0.0404758 0.20528 0.288604 0.102959 0.0418797 0.028986 0.0076525 0.00191643 0.000382534 4.59383e-05 2.88848e-06 9.23345e-08
 7.11802e-40 3.48378e-33 3.92001e-27 1.01407e-21 6.03104e-17 8.24636e-13 2.59225e-09 1.87343e-06 0.000311272 0.0118902 0.10442 0.210833 0.0988095 0.0356722 0.154329 0.217016 0.0808343 0.0436566 0.0317576 0.00816942 0.00190614 0.000349891 4.08201e-05 2.94551e-06 9.84691e-08
 4.9133e-40 2.40472e-33 2.70583e-27 6.99972e-22 4.163e-17 5.69215e-13 1.78933e-09 1.29315e-06 0.000214859 0.00820735 0.0720769 0.145535 0.068828 0.0411874 0.207676 0.291789 0.101436 0.0328796 0.0217103 0.00628786 0.00179923 0.000332589 3.59771e-05 2.43567e-06 8.38519e-08
 6.01386e-40 2.94337e-33 3.31192e-27 8.56763e-22 5.09549e-17 6.96716e-13 2.19013e-09 1.58281e-06 0.000262987 0.0100458 0.0882219 0.17813 0.0837532 0.0373454 0.174399 0.245308 0.0908564 0.047487 0.0341148 0.00811611 0.0016084 0.000308179 3.87228e-05 2.64753e-06 8.58056e-08
 6.29835e-40 3.08261e-33 3.4686e-27 8.97294e-22 5.33654e-17 7.29676e-13 2.29374e-09 1.65769e-06 0.000275428 0.010521 0.0923954 0.186556 0.0876856 0.0383232 0.177828 0.249869 0.0887145 0.0347577 0.0240414 0.00682005 0.00186072 0.000317365 3.07954e-05 2.1175e-06 7.42622e-08
 4.79745e-40 2.34802e-33 2.64203e-27 6.83468e-22 4.06484e-17 5.55793e-13 1.74714e-09 1.26266e-06 0.000209793 0.00801383 0.0703775 0.142104 0.0672183 0.0405673 0.204926 0.288068 0.102268 0.0400115 0.0273491 0.00693824 0.0015997 0.000309807 3.66913e-05 2.29919e-06 7.01192e-08
 5.21727e-40 2.55349e-33 2.87323e-27 7.43277e-22 4.42055e-17 6.0443e-13 1.90003e-09 1.37316e-06 0.000228152 0.00871511 0.0765361 0.154537 0.0728791 0.0382353 0.186942 0.263028 0.0976452 0.0517398 0.037472 0.00949388 0.00213035 0.000372805 4.04624e-05 2.81437e-06 9.2819e-08
 5.59744e-40 2.73956e-33 3.0826e-27 7.97438e-22 4.74266e-17 6.48474e-13 2.03848e-09 1.47322e-06 0.000244777 0.00935016 0.0821131 0.165797 0.0780892 0.0383532 0.184268 0.259117 0.0943065 0.0442809 0.0318266 0.0091553 0.00257771 0.000467328 4.83479e-05 3.0788e-06 1.00028e-07
#spawning biomass
 4006.01 2855.93 3091.51 3901.63 4822.77 6136.16 6185.8 5374.74 7087.76 14634.2 15204.6 13734.7 23067.8 32544.1 27801.5 22169.8 19096 22665 20792.8 21637.5 22537.8 21966.7 26508.4 26877.3 27671.2 31142.6 27404.8 31420.5 45146.8 82368.9 83456.3 56962.4 38976.6 29891.6 25689.2 23833.3 23037.2 22702.2 22563.1 22505.8 22482.3 22472.8 22468.9 22467.3 22466.7 22466.4 22466.3 22466.3 22466.3 22466.3 22466.3 22466.3 22466.3 22466.3 22466.3 22466.3 22466.3 22466.3 22466.3 22466.3 22466.3 22466.3 22466.3 22466.3 22466.3 22466.3 22466.3 22466.3 22466.3 22466.3 22466.3 22466.3 22466.3 22466.3 22466.3 22466.3 22466.3 22466.3 22466.3 22466.3 22466.3 22466.3 22466.3 22466.3 22466.3 22466.3 22466.3 22466.3 22466.3 22466.3 22466.3 22466.3 22466.3 22466.3 22466.3 22466.3 22466.3 22466.3 22466.3 22466.3 22466.3 22466.3 22466.3 22466.3 22466.3 22466.3 22466.3 22466.3 22466.3 22466.3 22466.3 22466.3 22466.3 22466.3 22466.3 22466.3 22466.3 22466.3 22466.3 22466.3 22466.3 22466.3 22466.3 22466.3 22466.3 22466.3 22466.3 22466.3 0 0 0 0 0 0 0 0 0 0 0 0 0 0 0 0 0 0 0 0 0 0 0 0 0
