SBPRF35
0.256416
Curr Bio
191425
B35
431967
F35
0.496746
FOFL
0.138964
OFL
9862.22
Bzero
73261.7
#pred survey bio
 9545.01 8595.09 5825.22 7770.33 12078.5 18493.3 23551.4 32834.4 48862 72810.5 101029 135468 196637 224827 192080 173481 193867 206754 200671 183804 213757 224757 252176 325337 323423 341238 309509 307994 228734 6.0894e+06 4.87434e+06 3.72621e+06 2.5506e+06 1.73679e+06 1.24953e+06 977368 829336 748612 703591 677618 662075 652457 646345 642374 639705 637973 636840 636094 635601 635274 635057 634913 634818 634754 634712 634683 634665 634652 634644 634638 634635 634632 634630 634629 634629 634628 634628 634628 634627 634627 634627 634627 634627 634627 634627 634627 634627 634627 634627 634627 634627 634627 634627 634627 634627 634627 634627 634627 634627 634627 634627 634627 634627 634627 634627 634627 634627 634627 634627 634627 634627 634627 634627 634627 634627 634627 634627 634627 634627 634627 634627 634627 634627 634627 634627 634627 634627 634627 634627 634627 634627 634627 634627 634627 634627 634627 634627 634627 634627 0 0 0 0 0 0 0 0 0 0 0 0 0 0 0 0 0 0 0 0 0 0 0 0 0
#obs survey bio
 7905.46 6253.2 4193.72 8574.86 12170.2 19959.8 23406.4 31685.2 39901.3 40425.4 101448 164168 238462 159729 103294 141665 159606 181800 163618 155019 153675 191517 202768 324287 296206 231877 154398 322459 211337
#pred catch bio
 4191.27 5169.9 3009.56 3759.61 5881.02 10384 13285.3 18642.5 26695.7 42600.2 61579.4 74721.7 118895 153857 136854 113443 129921 141625 143529 121480 150004 157739 167005 239071 226563 262077 231844 237653 195779 9862.22 72316.5 53252.4 34015 21447.9 14436.5 10873 9168.87 8387.57 8039.99 7888.74 7824 7796.63 7785.17 7780.4 7778.41 7777.61 7777.28 7777.15 7777.09 7777.07 7777.06 7777.06 7777.06 7777.06 7777.06 7777.06 7777.06 7777.06 7777.06 7777.06 7777.06 7777.06 7777.06 7777.06 7777.06 7777.06 7777.06 7777.06 7777.06 7777.06 7777.06 7777.06 7777.06 7777.06 7777.06 7777.06 7777.06 7777.06 7777.06 7777.06 7777.06 7777.06 7777.06 7777.06 7777.06 7777.06 7777.06 7777.06 7777.06 7777.06 7777.06 7777.06 7777.06 7777.06 7777.06 7777.06 7777.06 7777.06 7777.06 7777.06 7777.06 7777.06 7777.06 7777.06 7777.06 7777.06 7777.06 7777.06 7777.06 7777.06 7777.06 7777.06 7777.06 7777.06 7777.06 7777.06 7777.06 7777.06 7777.06 7777.06 7777.06 7777.06 7777.06 7777.06 7777.06 7777.06 7777.06 7777.06 7777.06 0 0 0 0 0 0 0 0 0 0 0 0 0 0 0 0 0 0 0 0 0 0 0 0 0
#obs catch bio
 5260.84 5213.3 3280.06 3543.56 5458.85 9298.79 12296.9 18146.6 25929.5 42100.3 59397.2 65390.7 100791 150887 152930 110840 123464 140694 142684 109986 152374 153658 155127 230487 211341 261580 252786 215314 198544
#pred cpue bio
 7284.17 7158 4429.55 4994.24 7878.14 12089.6 15480 20698.7 30158.7 46070 62960.5 83607.1 125143 148432 128098 107909 122154 129613 128213 114414 131359 136327 149605 193500 192011 208412 179234 179625 143273 3.14449e+06 4.69418e+06 3.64384e+06 2.46892e+06 1.6551e+06 1.16783e+06 895673 747640 666917 621895 595923 580379 570761 564649 560678 558009 556277 555144 554398 553905 553579 553362 553218 553122 553058 553016 552988 552969 552956 552948 552943 552939 552936 552935 552934 552933 552932 552932 552932 552932 552932 552932 552932 552932 552932 552932 552931 552931 552931 552931 552931 552931 552931 552931 552931 552931 552931 552931 552931 552931 552931 552931 552931 552931 552931 552931 552931 552931 552931 552931 552931 552931 552931 552931 552931 552931 552931 552931 552931 552931 552931 552931 552931 552931 552931 552931 552931 552931 552931 552931 552931 552931 552931 552931 552931 552931 552931 552931 552931 552931 0 0 0 0 0 0 0 0 0 0 0 0 0 0 0 0 0 0 0 0 0 0 0 0 0
#obs cpue bio
 7543.16 9238.89 4209.48 7327.24 11576.8 17285.4 19831.3 20717.6 42459.7 77300.7 91067.7 126351 218729 154270 152176 158840 193212 140151 172094 212694 149724 194582 248704 232814 270952 297487 234118 308264 138111
#pred surv len freq
 1.60165e-11 1.7392e-09 1.11345e-07 4.20274e-06 9.35258e-05 0.00122709 0.00949273 0.0433123 0.116741 0.187363 0.186127 0.133789 0.0966312 0.0753454 0.0517514 0.0324975 0.020814 0.0134914 0.00896678 0.00628372 0.00474107 0.00391192 0.00335243 0.0025689 0.00149394
 1.16099e-11 1.26069e-09 8.07107e-08 3.04643e-06 6.77942e-05 0.000889507 0.00688217 0.0314236 0.0850052 0.138921 0.149765 0.138867 0.140144 0.125301 0.082722 0.044562 0.0237186 0.0129892 0.0072359 0.00418902 0.00259695 0.00179348 0.0013609 0.000990098 0.000572638
 1.51162e-11 1.64144e-09 1.05086e-07 3.96648e-06 8.82684e-05 0.00115812 0.00895938 0.0408839 0.110266 0.177541 0.179065 0.135934 0.107797 0.0892945 0.0632352 0.0398294 0.0233335 0.0119299 0.00549115 0.00252 0.00122024 0.000652097 0.000398968 0.000256474 0.000141303
 1.87562e-11 2.0367e-09 1.30392e-07 4.92163e-06 0.000109524 0.00143698 0.0111161 0.0507113 0.136576 0.218331 0.212786 0.141943 0.0877914 0.0600993 0.0371564 0.020062 0.0108695 0.005892 0.00294707 0.00129738 0.000512906 0.000201693 8.88994e-05 4.48112e-05 2.18347e-05
 1.80653e-11 1.96168e-09 1.25588e-07 4.74033e-06 0.000105489 0.00138405 0.0107069 0.0488492 0.131626 0.210947 0.208089 0.145517 0.0989131 0.071029 0.0413835 0.0184101 0.00747829 0.00317955 0.00139679 0.000608556 0.000244102 8.59382e-05 2.80383e-05 9.71034e-06 3.63805e-06
 1.8039e-11 1.95882e-09 1.25405e-07 4.73343e-06 0.000105335 0.00138203 0.0106912 0.0487777 0.131431 0.210608 0.207636 0.144906 0.0982431 0.0708846 0.0422589 0.0197885 0.00834069 0.00325553 0.00112899 0.000373461 0.000126124 4.15665e-05 1.23544e-05 3.29244e-06 8.53668e-07
 1.78457e-11 1.93783e-09 1.24062e-07 4.68271e-06 0.000104207 0.00136723 0.0105768 0.0482568 0.130046 0.208539 0.206305 0.145851 0.101232 0.0737157 0.043124 0.0191096 0.0075068 0.00285165 0.000990665 0.000306255 8.44349e-05 2.14919e-05 5.2631e-06 1.20323e-06 2.45228e-07
 1.86635e-11 2.02663e-09 1.29747e-07 4.8973e-06 0.000108982 0.00142988 0.0110613 0.0504635 0.13594 0.217572 0.213261 0.145494 0.0941278 0.0653935 0.0378962 0.0169248 0.00669085 0.00248732 0.000820578 0.000241056 6.37391e-05 1.47455e-05 2.95627e-06 5.27098e-07 8.51185e-08
 1.89783e-11 2.06082e-09 1.31935e-07 4.9799e-06 0.00011082 0.00145399 0.0112478 0.0513134 0.138216 0.221103 0.216194 0.146058 0.0924593 0.0628843 0.0355577 0.0150759 0.00551193 0.00194067 0.00062833 0.000181313 4.60914e-05 1.00967e-05 1.88158e-06 2.94105e-07 3.83659e-08
 1.85201e-11 2.01106e-09 1.2875e-07 4.85967e-06 0.000108145 0.00141889 0.0109763 0.050077 0.134914 0.216043 0.212304 0.146281 0.0964871 0.0676278 0.0385931 0.0163708 0.00593082 0.00202561 0.000619289 0.000167316 4.06104e-05 8.61746e-06 1.5423e-06 2.26684e-07 2.68204e-08
 1.87953e-11 2.04095e-09 1.30664e-07 4.93189e-06 0.000109752 0.00143998 0.0111394 0.0508198 0.136898 0.219087 0.214662 0.146205 0.0941607 0.0648568 0.0367849 0.015548 0.00560695 0.00190484 0.00057661 0.000151826 3.50934e-05 7.00028e-06 1.18504e-06 1.66466e-07 1.87471e-08
 1.89284e-11 2.0554e-09 1.31588e-07 4.96681e-06 0.000110529 0.00145017 0.0112182 0.0511791 0.137861 0.220588 0.215943 0.146559 0.093631 0.0639128 0.0357477 0.0146035 0.00496207 0.00159959 0.00047177 0.000122602 2.79482e-05 5.43317e-06 8.79728e-07 1.16685e-07 1.24082e-08
 1.84054e-11 1.99861e-09 1.27953e-07 4.82958e-06 0.000107475 0.00141011 0.0109084 0.0497676 0.134087 0.214778 0.211334 0.146345 0.0975121 0.0688396 0.0393815 0.0167131 0.00602623 0.00201507 0.000585635 0.000145444 3.17956e-05 6.02419e-06 9.56118e-07 1.23354e-07 1.25796e-08
 1.76591e-11 1.91757e-09 1.22765e-07 4.63375e-06 0.000103117 0.00135293 0.0104663 0.047754 0.128709 0.206544 0.205035 0.146808 0.104209 0.0766009 0.0441535 0.0185686 0.00659824 0.00221201 0.000662939 0.000171246 3.78927e-05 7.00476e-06 1.06892e-06 1.3335e-07 1.32363e-08
 1.73992e-11 1.88935e-09 1.20958e-07 4.56555e-06 0.0001016 0.00133302 0.0103123 0.0470529 0.12684 0.20371 0.202998 0.147401 0.107204 0.0797557 0.0456612 0.0186316 0.00625235 0.00198143 0.000573643 0.000146123 3.26781e-05 6.20115e-06 9.61673e-07 1.18715e-07 1.14363e-08
 1.87604e-11 2.03715e-09 1.3042e-07 4.92272e-06 0.000109548 0.0014373 0.0111187 0.0507259 0.136653 0.218753 0.214614 0.146909 0.095518 0.0659301 0.0367614 0.0147147 0.00478081 0.00145073 0.000398905 9.56365e-05 2.03009e-05 3.74927e-06 5.80848e-07 7.27786e-08 7.09889e-09
 1.85102e-11 2.00999e-09 1.28681e-07 4.85708e-06 0.000108087 0.00141814 0.0109705 0.050051 0.134851 0.216002 0.212541 0.14717 0.0979283 0.0686509 0.0383381 0.0152064 0.00483733 0.0014294 0.000382278 8.82875e-05 1.78151e-05 3.10275e-06 4.55305e-07 5.50961e-08 5.31727e-09
 1.86027e-11 2.02003e-09 1.29324e-07 4.88134e-06 0.000108627 0.00142522 0.0110253 0.0503005 0.135517 0.217024 0.21333 0.147137 0.0971348 0.0677141 0.0377388 0.0149452 0.00473741 0.00138901 0.000365954 8.24663e-05 1.61136e-05 2.69856e-06 3.76953e-07 4.31091e-08 3.94589e-09
 1.82234e-11 1.97884e-09 1.26687e-07 4.78181e-06 0.000106412 0.00139616 0.0108006 0.0492772 0.132786 0.212853 0.210193 0.147549 0.10081 0.0718471 0.0401083 0.0156563 0.00480481 0.00136023 0.000351143 7.81618e-05 1.50487e-05 2.46448e-06 3.3365e-07 3.66657e-08 3.19913e-09
 1.87039e-11 2.03102e-09 1.30028e-07 4.90791e-06 0.000109218 0.00143297 0.0110853 0.0505739 0.13625 0.218164 0.214293 0.147371 0.0966787 0.0669599 0.0369626 0.0142735 0.0042896 0.00117943 0.000294959 6.3313e-05 1.17818e-05 1.88413e-06 2.50367e-07 2.69134e-08 2.27963e-09
 1.89591e-11 2.05873e-09 1.31802e-07 4.97485e-06 0.000110708 0.00145252 0.0112364 0.0512621 0.138086 0.220958 0.216353 0.146957 0.0939994 0.0640471 0.0354373 0.0139968 0.00441444 0.00127504 0.000324576 6.89038e-05 1.24759e-05 1.92734e-06 2.47237e-07 2.57943e-08 2.13322e-09
 1.91444e-11 2.07885e-09 1.3309e-07 5.02347e-06 0.00011179 0.00146671 0.0113462 0.0517624 0.139426 0.223037 0.218078 0.147285 0.0930057 0.0625483 0.0340288 0.0128834 0.00372498 0.000983897 0.000243594 5.29333e-05 9.88373e-06 1.5394e-06 1.9428e-07 1.96631e-08 1.57135e-09
 1.9506e-11 2.11811e-09 1.35604e-07 5.11836e-06 0.000113901 0.00149442 0.0115604 0.0527381 0.142032 0.22703 0.221151 0.147119 0.0898493 0.0588432 0.0316842 0.0118953 0.00337551 0.000858859 0.000200181 4.01098e-05 6.99702e-06 1.0679e-06 1.36642e-07 1.40184e-08 1.11483e-09
 1.94759e-11 2.11485e-09 1.35395e-07 5.11047e-06 0.000113726 0.00149211 0.0115426 0.052657 0.141814 0.22669 0.220855 0.147021 0.0899411 0.0590417 0.0319355 0.0121435 0.00354459 0.000931822 0.0002198 4.33368e-05 7.22705e-06 1.03032e-06 1.22982e-07 1.20884e-08 9.52539e-10
 1.94651e-11 2.11367e-09 1.35319e-07 5.10762e-06 0.000113663 0.00149128 0.0115362 0.052628 0.14174 0.226602 0.220915 0.147445 0.0906731 0.0595668 0.0318075 0.0115652 0.00303303 0.000692025 0.000150317 2.92531e-05 4.92799e-06 7.00379e-07 8.10874e-08 7.54092e-09 5.57499e-10
 1.90048e-11 2.0637e-09 1.3212e-07 4.98686e-06 0.000110975 0.00145603 0.0112635 0.051386 0.138422 0.221512 0.216969 0.147562 0.0945522 0.0642084 0.0348726 0.0129905 0.00358967 0.000870502 0.000189235 3.40233e-05 5.13373e-06 6.78607e-07 7.68305e-08 7.09881e-09 5.14369e-10
 1.98532e-11 2.15582e-09 1.38018e-07 5.20947e-06 0.000115929 0.00152102 0.0117661 0.0536752 0.144537 0.230886 0.2242 0.14723 0.0872258 0.0555454 0.029295 0.0105478 0.00270723 0.000593216 0.000122149 2.21682e-05 3.41704e-06 4.40538e-07 4.61664e-08 3.91774e-09 2.68946e-10
 1.97338e-11 2.14285e-09 1.37187e-07 5.17814e-06 0.000115232 0.00151187 0.0116954 0.0533531 0.143678 0.229577 0.22323 0.147407 0.0884551 0.0568952 0.0300229 0.0107068 0.00266895 0.000552559 0.000105899 1.7697e-05 2.50943e-06 3.08461e-07 3.2053e-08 2.69079e-09 1.76572e-10
 1.84992e-11 2.00879e-09 1.28605e-07 4.85418e-06 0.000108023 0.00141729 0.010964 0.0500221 0.134783 0.215976 0.212905 0.148433 0.0999409 0.0700343 0.037876 0.0134688 0.00327874 0.000647698 0.000117844 1.87182e-05 2.48482e-06 2.81037e-07 2.67932e-08 2.09907e-09 1.3247e-10
#obs surv len freq
 1.27225e-11 1.38151e-09 8.84455e-08 3.33838e-06 7.42911e-05 0.000974739 0.00754116 0.0344219 0.0929695 0.150764 0.157153 0.132926 0.123072 0.11112 0.081203 0.051189 0.0300809 0.0157973 0.00706123 0.00262763 0.000795065 0.000188138 3.29598e-05 4.04356e-06 3.32305e-07
 5.72831e-12 6.22026e-10 3.98227e-08 1.50312e-06 3.34506e-05 0.000438939 0.00339782 0.0155535 0.0426026 0.0737951 0.0985418 0.137158 0.184029 0.181652 0.126056 0.0704336 0.0367512 0.0179984 0.0077712 0.00279372 0.000792461 0.000169759 2.64552e-05 2.88847e-06 2.12933e-07
 1.85888e-11 2.01852e-09 1.29227e-07 4.87769e-06 0.000108546 0.00142415 0.0110168 0.0502562 0.135315 0.215991 0.208824 0.134638 0.0780222 0.0556593 0.0437552 0.0317569 0.0190943 0.00907921 0.00352942 0.00115151 0.000303397 6.04521e-05 8.62658e-06 8.4806e-07 5.57859e-08
 1.44838e-11 1.57277e-09 1.0069e-07 3.80057e-06 8.45766e-05 0.0011097 0.00858578 0.0391986 0.105961 0.172351 0.181076 0.15367 0.135875 0.107799 0.0598886 0.0227846 0.00737374 0.00273325 0.00106208 0.000341353 8.32776e-05 1.50519e-05 1.95401e-06 1.75075e-07 1.04506e-08
 1.80235e-11 1.95714e-09 1.25297e-07 4.72936e-06 0.000105245 0.00138086 0.0106826 0.0487468 0.131437 0.211166 0.209982 0.149293 0.10178 0.0709507 0.0399354 0.0167957 0.0056698 0.00159442 0.000375977 8.07323e-05 1.62063e-05 2.66927e-06 3.18301e-07 2.59174e-08 1.39993e-09
 1.49326e-11 1.6215e-09 1.0381e-07 3.91832e-06 8.71973e-05 0.0011441 0.00885215 0.040419 0.109294 0.177873 0.186618 0.155965 0.132898 0.101933 0.0557747 0.021058 0.00612998 0.00154635 0.000335378 5.87811e-05 8.19289e-06 9.26357e-07 8.45624e-08 5.8431e-09 2.81408e-10
 1.68068e-11 1.82502e-09 1.1684e-07 4.41012e-06 9.81415e-05 0.00128768 0.00996255 0.0454767 0.122803 0.198544 0.202349 0.154518 0.115719 0.0823716 0.0440136 0.0166129 0.00481905 0.00115637 0.000224348 3.39076e-05 3.97841e-06 3.59076e-07 2.43167e-08 1.21134e-09 4.36873e-11
 1.57283e-11 1.70791e-09 1.09342e-07 4.12713e-06 9.18443e-05 0.00120508 0.00932425 0.0425781 0.115152 0.187365 0.195611 0.159229 0.128214 0.0925309 0.0474446 0.0162549 0.00402044 0.000812525 0.000139666 1.93696e-05 2.0584e-06 1.62314e-07 9.25624e-09 3.7405e-10 1.05311e-11
 1.73639e-11 1.88552e-09 1.20713e-07 4.55631e-06 0.000101395 0.00133038 0.0102932 0.046991 0.12693 0.205327 0.209048 0.157409 0.112785 0.0755442 0.0375951 0.012771 0.00314524 0.000614976 9.63846e-05 1.15691e-05 1.04449e-06 7.08947e-08 3.54315e-09 1.25627e-10 3.05595e-12
 1.46142e-11 1.58693e-09 1.01597e-07 3.83479e-06 8.53394e-05 0.00111977 0.00866559 0.039596 0.107362 0.176405 0.190226 0.16591 0.140974 0.10087 0.0492954 0.0155347 0.00332733 0.000542354 7.28552e-05 7.88856e-06 6.50837e-07 3.94567e-08 1.71252e-09 5.203e-11 1.08664e-12
 1.77171e-11 1.92387e-09 1.23168e-07 4.64899e-06 0.000103458 0.00135746 0.0105033 0.0479575 0.129604 0.20991 0.214009 0.160002 0.110794 0.0702471 0.0327649 0.0101695 0.00217338 0.000349702 4.4242e-05 4.24686e-06 2.9799e-07 1.52485e-08 5.69085e-10 1.51583e-11 2.78864e-13
 1.5396e-11 1.67182e-09 1.07032e-07 4.03994e-06 8.99054e-05 0.00117971 0.00912987 0.0417235 0.113159 0.185846 0.198975 0.168015 0.134298 0.0904358 0.041868 0.0124316 0.00244923 0.000351354 3.97575e-05 3.52719e-06 2.32992e-07 1.10717e-08 3.71045e-10 8.60067e-12 1.35542e-13
 1.75225e-11 1.90274e-09 1.21815e-07 4.59793e-06 0.000102322 0.0013426 0.0103893 0.0474534 0.128394 0.208746 0.215042 0.163562 0.11339 0.0696622 0.0309083 0.00898234 0.00174594 0.000245976 2.66859e-05 2.19246e-06 1.30311e-07 5.49978e-09 1.64503e-10 3.44601e-12 4.93551e-14
 1.16607e-11 1.26622e-09 8.10648e-08 3.05985e-06 6.80975e-05 0.000893717 0.00692154 0.0317191 0.0869345 0.148272 0.177704 0.184255 0.172365 0.119828 0.0534713 0.0147042 0.00253918 0.000293944 2.51575e-05 1.6985e-06 8.88426e-08 3.42178e-09 9.35712e-11 1.77019e-12 2.26487e-14
 1.53565e-11 1.66753e-09 1.06757e-07 4.0296e-06 8.9677e-05 0.00117679 0.00910942 0.0416621 0.113265 0.187272 0.20328 0.173089 0.134497 0.0856983 0.0376443 0.0107921 0.00209398 0.000293796 3.04916e-05 2.24485e-06 1.11707e-07 3.7121e-09 8.39304e-11 1.32024e-12 1.44788e-14
 1.49021e-11 1.61819e-09 1.03598e-07 3.91039e-06 8.70253e-05 0.00114205 0.00884217 0.0404658 0.110251 0.183538 0.20284 0.177728 0.139845 0.0873528 0.0365425 0.00957943 0.00158897 0.00017747 1.46514e-05 9.47914e-07 4.69248e-08 1.67311e-09 4.09107e-11 6.63331e-13 6.97445e-15
 1.56156e-11 1.69568e-09 1.08559e-07 4.09764e-06 9.11928e-05 0.00119675 0.00926563 0.0423998 0.115445 0.191537 0.208775 0.176365 0.132097 0.0796299 0.0328115 0.00867907 0.00150397 0.000181662 1.6074e-05 1.03264e-06 4.61936e-08 1.40699e-09 2.93697e-11 4.25041e-13 4.23685e-15
 1.40744e-11 1.52832e-09 9.78448e-08 3.69326e-06 8.21963e-05 0.00107883 0.00835636 0.0382978 0.104819 0.176817 0.201548 0.184084 0.146831 0.0899423 0.0367185 0.00956845 0.00163783 0.000196612 1.74274e-05 1.13318e-06 5.18802e-08 1.62162e-09 3.41015e-11 4.76882e-13 4.37455e-15
 1.48482e-11 1.61234e-09 1.03225e-07 3.89633e-06 8.67163e-05 0.00113816 0.00881593 0.040399 0.110475 0.18556 0.208108 0.182803 0.138697 0.0816569 0.0324146 0.00827094 0.00139176 0.000164248 1.42422e-05 9.00979e-07 4.00894e-08 1.22232e-09 2.52319e-11 3.48565e-13 3.17009e-15
 1.58579e-11 1.72199e-09 1.10244e-07 4.16129e-06 9.26132e-05 0.00121554 0.00941468 0.0431273 0.117745 0.196468 0.215477 0.179868 0.128088 0.072072 0.0279549 0.0071014 0.00121156 0.000146604 1.29502e-05 8.19039e-07 3.58327e-08 1.06321e-09 2.1218e-11 2.82081e-13 2.46292e-15
 1.46965e-11 1.59587e-09 1.0217e-07 3.8566e-06 8.58364e-05 0.00112679 0.0087318 0.0400652 0.109941 0.186155 0.211561 0.186877 0.138737 0.0783527 0.0297463 0.00728687 0.00118254 0.000134783 1.12613e-05 6.85454e-07 2.93767e-08 8.61348e-10 1.69563e-11 2.20477e-13 1.86378e-15
 1.57064e-11 1.70553e-09 1.09191e-07 4.12163e-06 9.17353e-05 0.00120421 0.00933108 0.0427979 0.11723 0.197111 0.219007 0.184102 0.128368 0.068819 0.0250528 0.00587646 0.000901632 9.52858e-05 7.27297e-06 4.03414e-07 1.58367e-08 4.28591e-10 7.8653e-12 9.64605e-14 7.77274e-16
 1.61445e-11 1.75311e-09 1.12238e-07 4.23665e-06 9.42971e-05 0.00123789 0.00959305 0.0440072 0.120553 0.202458 0.223356 0.183702 0.123443 0.0635658 0.0222248 0.00497163 0.000714675 6.89617e-05 4.70729e-06 2.32514e-07 8.17373e-09 1.98864e-10 3.28428e-12 3.63238e-14 2.65259e-16
 1.52766e-11 1.65887e-09 1.06205e-07 4.00902e-06 8.92371e-05 0.00117171 0.00908573 0.0417527 0.114933 0.195453 0.22153 0.189358 0.130538 0.0671646 0.0230944 0.00504942 0.000706454 6.58064e-05 4.27204e-06 1.96894e-07 6.34062e-09 1.39132e-10 2.04905e-12 2.01038e-14 1.30308e-16
 1.56229e-11 1.69648e-09 1.08613e-07 4.09998e-06 9.12644e-05 0.00119842 0.00929422 0.0427223 0.117626 0.199811 0.224907 0.188473 0.126047 0.0630894 0.0213414 0.00466195 0.000664129 6.40186e-05 4.30209e-06 2.012e-07 6.39223e-09 1.34972e-10 1.87498e-12 1.70641e-14 1.01163e-16
 1.39668e-11 1.51666e-09 9.71026e-08 3.66569e-06 8.16112e-05 0.00107218 0.00832651 0.0384196 0.106871 0.186252 0.220947 0.198877 0.139824 0.0704943 0.0232728 0.00485221 0.000645224 5.68758e-05 3.47636e-06 1.50534e-07 4.55965e-09 9.39664e-11 1.28652e-12 1.15027e-14 6.62301e-17
 1.69293e-11 1.83834e-09 1.17697e-07 4.44294e-06 9.89021e-05 0.00129879 0.0100729 0.0462873 0.12718 0.214134 0.234146 0.183686 0.111869 0.0512646 0.0161526 0.00331908 0.000444572 3.99238e-05 2.4668e-06 1.05014e-07 3.02355e-09 5.77844e-11 7.2623e-13 5.97795e-15 3.20423e-17
 1.35003e-11 1.46602e-09 9.38639e-08 3.54377e-06 7.89164e-05 0.00103743 0.00806926 0.0373722 0.104827 0.185609 0.22482 0.204061 0.14047 0.0677625 0.0211806 0.00415169 0.000513423 4.13599e-05 2.26451e-06 8.67109e-08 2.31724e-09 4.2223e-11 5.11494e-13 4.04086e-15 2.05202e-17
 1.25392e-11 1.36167e-09 8.71865e-08 3.29202e-06 7.33297e-05 0.000964648 0.00751611 0.034958 0.0990272 0.178947 0.22389 0.209868 0.146729 0.0708624 0.0221581 0.00439402 0.000559757 4.71239e-05 2.68167e-06 1.03313e-07 2.65342e-09 4.46981e-11 4.89945e-13 3.48834e-15 1.60999e-17
#pred catch len freq
 1.19275e-11 1.29518e-09 8.29187e-08 3.12977e-06 6.96486e-05 0.00091383 0.00707003 0.0322737 0.0871995 0.14166 0.148802 0.128504 0.120957 0.107938 0.0768683 0.0487627 0.0313595 0.020354 0.0135314 0.00948283 0.00715481 0.00590352 0.00505919 0.00387675 0.00225452
 8.22797e-12 8.9346e-10 5.72001e-08 2.15902e-06 4.80465e-05 0.000630426 0.00487854 0.022296 0.0605997 0.101338 0.11992 0.137353 0.164855 0.156206 0.104563 0.0566036 0.0302199 0.0165714 0.00923429 0.00534612 0.00331428 0.00228888 0.00173681 0.00126358 0.000730812
 1.13633e-11 1.23392e-09 7.8997e-08 2.98174e-06 6.63547e-05 0.000870617 0.00673593 0.0307539 0.0831662 0.135697 0.14529 0.132459 0.132541 0.122037 0.0887922 0.0563514 0.0331127 0.0169476 0.00780279 0.00358101 0.00173401 0.000926654 0.000566948 0.000364459 0.000200797
 1.5772e-11 1.71265e-09 1.09646e-07 4.13858e-06 9.20981e-05 0.00120836 0.00934808 0.0426572 0.115042 0.185177 0.186502 0.140758 0.10986 0.0876823 0.0567341 0.030983 0.0168554 0.00914999 0.00457817 0.00201553 0.000796818 0.000313337 0.000138108 6.96157e-05 3.39209e-05
 1.48886e-11 1.61672e-09 1.03504e-07 3.90676e-06 8.69394e-05 0.00114069 0.00882484 0.0402767 0.108722 0.175806 0.180831 0.146252 0.125526 0.102751 0.062068 0.027868 0.0113706 0.00484624 0.00213058 0.000928372 0.00037239 0.000131103 4.27737e-05 1.48136e-05 5.55001e-06
 1.52865e-11 1.65993e-09 1.0627e-07 4.01116e-06 8.92627e-05 0.00117117 0.00906053 0.0413498 0.111582 0.180139 0.183919 0.145274 0.120916 0.0981975 0.0604963 0.0285576 0.0120758 0.00472063 0.00163788 0.000541847 0.000182991 6.03081e-05 1.79247e-05 4.77693e-06 1.23857e-06
 1.50569e-11 1.635e-09 1.04674e-07 3.95092e-06 8.79222e-05 0.00115358 0.00892456 0.0407312 0.109939 0.177699 0.182423 0.14663 0.124819 0.101791 0.0614184 0.0274239 0.0108084 0.00411306 0.00142973 0.000442039 0.000121872 3.1021e-05 7.59662e-06 1.73671e-06 3.53955e-07
 1.61656e-11 1.75539e-09 1.12382e-07 4.24185e-06 9.43963e-05 0.00123852 0.0095814 0.0437229 0.117931 0.189946 0.191851 0.14614 0.115182 0.0905075 0.0543415 0.0244758 0.00970707 0.00361428 0.001193 0.000350498 9.26777e-05 2.14401e-05 4.29844e-06 7.66404e-07 1.23763e-07
 1.64772e-11 1.78923e-09 1.14548e-07 4.32362e-06 9.62159e-05 0.00126239 0.00976605 0.0445645 0.120187 0.193465 0.19487 0.147017 0.114014 0.0883464 0.0518956 0.0222039 0.00814686 0.00287399 0.000931176 0.000268744 6.83183e-05 1.49656e-05 2.78893e-06 4.3593e-07 5.6867e-08
 1.60842e-11 1.74655e-09 1.11816e-07 4.22049e-06 9.3921e-05 0.00123228 0.00953321 0.043504 0.117354 0.189127 0.191543 0.147235 0.117515 0.0924608 0.0545234 0.0233077 0.00846907 0.00289722 0.000886309 0.00023949 5.81287e-05 1.23348e-05 2.20759e-06 3.24467e-07 3.83897e-08
 1.66011e-11 1.80268e-09 1.15409e-07 4.35611e-06 9.6939e-05 0.00127188 0.00983941 0.0448987 0.12108 0.194842 0.195966 0.147082 0.113129 0.087245 0.0511301 0.0217757 0.00787355 0.00267851 0.000811212 0.00021362 4.93769e-05 9.84943e-06 1.66734e-06 2.34217e-07 2.6377e-08
 1.64437e-11 1.78559e-09 1.14315e-07 4.31482e-06 9.60201e-05 0.00125982 0.0097462 0.0444745 0.119952 0.193149 0.194841 0.14774 0.115397 0.0894554 0.0519142 0.0213934 0.00729405 0.0023562 0.000695504 0.000180782 4.12119e-05 8.01163e-06 1.29722e-06 1.7206e-07 1.82968e-08
 1.60526e-11 1.74313e-09 1.11596e-07 4.21221e-06 9.37367e-05 0.00122986 0.00951451 0.0434189 0.117127 0.188781 0.191284 0.147276 0.117839 0.0928442 0.0547835 0.0234182 0.00846661 0.00283518 0.000824431 0.000204775 4.47663e-05 8.48162e-06 1.34614e-06 1.73672e-07 1.77111e-08
 1.56219e-11 1.69635e-09 1.08602e-07 4.09918e-06 9.12215e-05 0.00119687 0.00925933 0.0422567 0.114024 0.184038 0.187695 0.14767 0.121894 0.0974361 0.0574527 0.0242842 0.00864323 0.00289989 0.000869341 0.000224572 4.9692e-05 9.18583e-06 1.40174e-06 1.7487e-07 1.73575e-08
 1.55065e-11 1.68382e-09 1.07799e-07 4.06889e-06 9.05474e-05 0.00118802 0.00919096 0.0419456 0.113198 0.182811 0.186937 0.148339 0.123843 0.0992532 0.0579639 0.023754 0.00798126 0.00253085 0.00073286 0.000186685 4.17482e-05 7.92223e-06 1.22857e-06 1.51662e-07 1.46102e-08
 1.68355e-11 1.82813e-09 1.17039e-07 4.41763e-06 9.83079e-05 0.00128984 0.00997833 0.045532 0.122779 0.197504 0.198303 0.147925 0.112536 0.0858264 0.0492549 0.0198433 0.00645999 0.00196235 0.000539819 0.000129432 2.74746e-05 5.0741e-06 7.86089e-07 9.84946e-08 9.60724e-09
 1.66154e-11 1.80424e-09 1.15509e-07 4.35989e-06 9.7023e-05 0.00127298 0.00984797 0.0449383 0.121195 0.195088 0.196502 0.148215 0.114747 0.0882814 0.0506205 0.0201961 0.006436 0.00190359 0.000509293 0.000117632 2.37361e-05 4.13393e-06 6.06618e-07 7.34061e-08 7.08435e-09
 1.68311e-11 1.82766e-09 1.17008e-07 4.41648e-06 9.82823e-05 0.0012895 0.00997573 0.0455203 0.122749 0.19747 0.198336 0.14812 0.11287 0.086076 0.0492219 0.0196032 0.00622377 0.00182622 0.000481292 0.000108464 2.11932e-05 3.54918e-06 4.9577e-07 5.6697e-08 5.18962e-09
 1.65548e-11 1.79765e-09 1.15087e-07 4.34398e-06 9.6669e-05 0.00126834 0.00981206 0.0447749 0.12076 0.194441 0.196091 0.148532 0.115718 0.0891987 0.0508986 0.0199622 0.00613358 0.00173729 0.000448572 9.98517e-05 1.92243e-05 3.14825e-06 4.26216e-07 4.68379e-08 4.08666e-09
 1.68099e-11 1.82536e-09 1.16861e-07 4.41092e-06 9.81587e-05 0.00128788 0.0099632 0.0454634 0.1226 0.197266 0.198298 0.148521 0.113652 0.0866909 0.0491987 0.0191159 0.00575555 0.00158417 0.000396375 8.50927e-05 1.58348e-05 2.53224e-06 3.36487e-07 3.61707e-08 3.06375e-09
 1.73948e-11 1.88887e-09 1.20927e-07 4.5644e-06 0.000101574 0.00133269 0.0103097 0.0470414 0.126813 0.203694 0.203116 0.147832 0.107904 0.0802691 0.0455779 0.0181039 0.00571764 0.00165236 0.000420715 8.93158e-05 1.61714e-05 2.49818e-06 3.20461e-07 3.34336e-08 2.765e-09
 1.76356e-11 1.91502e-09 1.22601e-07 4.62759e-06 0.00010298 0.00135113 0.0104524 0.0476915 0.128553 0.206395 0.205357 0.148256 0.106611 0.0783203 0.0437483 0.0166587 0.0048232 0.00127471 0.00031567 6.85984e-05 1.28085e-05 1.9949e-06 2.51763e-07 2.54809e-08 2.03626e-09
 1.78726e-11 1.94075e-09 1.24248e-07 4.68975e-06 0.000104364 0.00136928 0.0105927 0.0483308 0.130261 0.209015 0.207387 0.148193 0.104613 0.0759435 0.0422024 0.0159556 0.00453617 0.0011553 0.000269405 5.3987e-05 9.41788e-06 1.43735e-06 1.83913e-07 1.88679e-08 1.50049e-09
 1.82531e-11 1.98207e-09 1.26894e-07 4.78962e-06 0.000106586 0.00139844 0.0108182 0.0493576 0.133003 0.213201 0.210541 0.147797 0.100951 0.0718157 0.0398232 0.0152241 0.00444836 0.00116963 0.000275903 5.43971e-05 9.07114e-06 1.29319e-06 1.54356e-07 1.51722e-08 1.19553e-09
 1.80425e-11 1.9592e-09 1.2543e-07 4.73435e-06 0.000105356 0.0013823 0.0106934 0.0487897 0.13149 0.210919 0.208961 0.148471 0.103668 0.0745488 0.0409255 0.0149709 0.0039317 0.000897584 0.000195025 3.79565e-05 6.39407e-06 9.08723e-07 1.05207e-07 9.78397e-09 7.23326e-10
 1.78738e-11 1.94088e-09 1.24257e-07 4.69007e-06 0.000104371 0.00136938 0.0105935 0.0483342 0.130271 0.209039 0.207448 0.148333 0.104817 0.0760782 0.0421465 0.0157656 0.00435935 0.00105707 0.000229762 4.13067e-05 6.23235e-06 8.23794e-07 9.32665e-08 8.61736e-09 6.24399e-10
 1.88069e-11 2.0422e-09 1.30744e-07 4.93491e-06 0.000109819 0.00144086 0.0111463 0.0508521 0.136998 0.219352 0.215414 0.148001 0.0968095 0.0665821 0.0359952 0.0130302 0.0033476 0.000733568 0.000151035 2.74086e-05 4.22458e-06 5.44629e-07 5.70737e-08 4.84331e-09 3.32484e-10
 1.87834e-11 2.03965e-09 1.3058e-07 4.92876e-06 0.000109682 0.00143906 0.0111324 0.0507889 0.13683 0.219102 0.215256 0.148126 0.0971889 0.0669391 0.0361008 0.012935 0.00322682 0.00066796 0.000127985 2.13849e-05 3.03213e-06 3.72694e-07 3.87267e-08 3.251e-09 2.13333e-10
 1.78539e-11 1.93872e-09 1.24118e-07 4.68485e-06 0.000104255 0.00136785 0.0105817 0.0482809 0.130134 0.208865 0.207494 0.148933 0.105889 0.0768659 0.0419976 0.0149649 0.00364292 0.000719119 0.000130743 2.07595e-05 2.75538e-06 3.11616e-07 2.97076e-08 2.32736e-09 1.46876e-10
#obs catch len freq
 1.10874e-11 1.20396e-09 7.70787e-08 2.90934e-06 6.47435e-05 0.000849477 0.00657238 0.0300073 0.0811485 0.132422 0.141921 0.130061 0.132077 0.124888 0.0938955 0.0603067 0.0350827 0.0179909 0.00811742 0.00321135 0.00105609 0.000268422 4.9433e-05 6.27083e-06 5.27602e-07
 1.24092e-11 1.34749e-09 8.62674e-08 3.25617e-06 7.24617e-05 0.000950741 0.00735569 0.0335793 0.0907422 0.147491 0.155082 0.133939 0.126105 0.11384 0.0828286 0.0519459 0.0302125 0.0156176 0.00683808 0.0024777 0.000724303 0.000164028 2.72476e-05 3.14578e-06 2.41904e-07
 5.59201e-12 6.07226e-10 3.88752e-08 1.46735e-06 3.26548e-05 0.000428507 0.00331739 0.015192 0.0416886 0.0727086 0.0987688 0.139507 0.186601 0.182388 0.125527 0.06969 0.0360159 0.017369 0.00733698 0.00256049 0.000699481 0.000143166 2.11488e-05 2.17301e-06 1.49866e-07
 1.85296e-11 2.0121e-09 1.28816e-07 4.86218e-06 0.000108201 0.00141962 0.0109818 0.0500982 0.134906 0.215437 0.20864 0.13519 0.0789504 0.0564233 0.0441268 0.0316358 0.0186827 0.00871087 0.00331173 0.0010491 0.000265874 5.05175e-05 6.82403e-06 6.31059e-07 3.8841e-08
 1.44839e-11 1.57279e-09 1.00691e-07 3.80059e-06 8.45774e-05 0.00110972 0.00858612 0.0392041 0.106017 0.172676 0.182108 0.15527 0.136597 0.10683 0.0584708 0.0220006 0.0070793 0.00259244 0.000981023 0.000304582 7.13426e-05 1.229e-05 1.50925e-06 1.27111e-07 7.09719e-09
 1.80553e-11 1.96059e-09 1.25519e-07 4.73771e-06 0.000105431 0.00138331 0.0107017 0.0488362 0.131703 0.21173 0.210918 0.150303 0.102002 0.0701066 0.038865 0.0161082 0.00533981 0.00146811 0.000338388 7.07975e-05 1.36791e-05 2.14367e-06 2.41488e-07 1.84748e-08 9.33219e-10
 1.50808e-11 1.6376e-09 1.0484e-07 3.95721e-06 8.80629e-05 0.00115546 0.00894029 0.0408249 0.110423 0.17985 0.188909 0.157409 0.132193 0.0994364 0.0534611 0.0198693 0.00568424 0.00140042 0.000294801 4.99425e-05 6.70057e-06 7.24497e-07 6.26515e-08 4.06644e-09 1.82978e-10
 1.69817e-11 1.84401e-09 1.18055e-07 4.456e-06 9.91625e-05 0.00130108 0.0100664 0.0459535 0.124114 0.200754 0.20466 0.155609 0.114614 0.0798024 0.0418317 0.01552 0.00441317 0.00103142 0.000193913 2.82913e-05 3.18704e-06 2.74446e-07 1.7627e-08 8.27613e-10 2.79441e-11
 1.59437e-11 1.7313e-09 1.10839e-07 4.18364e-06 9.31021e-05 0.00122159 0.00945223 0.0431659 0.116768 0.190087 0.198422 0.160439 0.126653 0.0892662 0.0448361 0.0150781 0.00365576 0.000719959 0.000119767 1.5994e-05 1.62862e-06 1.22408e-07 6.61936e-09 2.52362e-10 6.66949e-12
 1.75867e-11 1.90971e-09 1.22262e-07 4.61478e-06 0.000102696 0.00134746 0.0104256 0.0475979 0.12859 0.208068 0.211712 0.158287 0.111016 0.072418 0.0352398 0.0117347 0.00282736 0.000537367 8.13693e-05 9.40064e-06 8.13296e-07 5.25861e-08 2.48943e-09 8.32284e-11 1.90169e-12
 1.49079e-11 1.61882e-09 1.03639e-07 3.91186e-06 8.70549e-05 0.00114229 0.00884016 0.0403978 0.109563 0.180076 0.193858 0.167127 0.138499 0.0965283 0.0461184 0.0142349 0.00298279 0.000472988 6.13374e-05 6.37711e-06 5.03109e-07 2.90313e-08 1.19379e-09 3.42134e-11 6.71198e-13
 1.79569e-11 1.94991e-09 1.24835e-07 4.71192e-06 0.000104858 0.00137585 0.0106458 0.0486113 0.131392 0.212848 0.216781 0.160705 0.108667 0.0669129 0.03044 0.00924078 0.00192891 0.0003013 3.6743e-05 3.38559e-06 2.27273e-07 1.1071e-08 3.91104e-10 9.81539e-12 1.69548e-13
 1.57009e-11 1.70493e-09 1.09151e-07 4.11994e-06 9.1686e-05 0.00120309 0.00931116 0.0425565 0.115446 0.189639 0.202612 0.168962 0.131479 0.0860396 0.0388643 0.0112823 0.00217069 0.000302407 3.29645e-05 2.80148e-06 1.76652e-07 7.982e-09 2.53273e-10 5.53703e-12 8.20021e-14
 1.7799e-11 1.93276e-09 1.23737e-07 4.6705e-06 0.000103937 0.00136381 0.0105537 0.0482079 0.130457 0.212115 0.21812 0.164106 0.110739 0.0659154 0.0284707 0.00807859 0.00153147 0.000209207 2.18375e-05 1.71769e-06 9.74566e-08 3.91082e-09 1.10664e-10 2.18345e-12 2.93601e-14
 1.20113e-11 1.30429e-09 8.3502e-08 3.15185e-06 7.01457e-05 0.000920626 0.00713058 0.032685 0.0896256 0.152883 0.182389 0.18569 0.16883 0.114185 0.04971 0.0133521 0.00225033 0.000253202 2.08875e-05 1.34758e-06 6.70413e-08 2.44866e-09 6.32831e-11 1.12761e-12 1.35482e-14
 1.569e-11 1.70375e-09 1.09076e-07 4.11712e-06 9.16253e-05 0.00120238 0.009308 0.0425762 0.115781 0.191438 0.207154 0.173784 0.131147 0.0810425 0.03467 0.0096961 0.00183054 0.000248225 2.47273e-05 1.74146e-06 8.27673e-08 2.61938e-09 5.61078e-11 8.30954e-13 8.53767e-15
 1.52351e-11 1.65436e-09 1.05914e-07 3.99779e-06 8.89712e-05 0.00116762 0.00904073 0.0413818 0.112784 0.187768 0.206802 0.178384 0.136283 0.0825439 0.0336073 0.00859133 0.00138871 0.000150458 1.19423e-05 7.36262e-07 3.45705e-08 1.1665e-09 2.6938e-11 4.11733e-13 4.07367e-15
 1.5936e-11 1.73047e-09 1.10787e-07 4.18173e-06 9.30649e-05 0.00122135 0.00945676 0.043282 0.117886 0.195597 0.212512 0.176856 0.128629 0.0751256 0.0301052 0.00775856 0.00130743 0.000152632 1.29506e-05 7.93805e-07 3.38053e-08 9.77478e-10 1.92735e-11 2.61964e-13 2.44232e-15
 1.44208e-11 1.56593e-09 1.00253e-07 3.78418e-06 8.42209e-05 0.00110544 0.00856341 0.0392565 0.10749 0.181317 0.205766 0.18468 0.142941 0.0849057 0.0337235 0.00856022 0.00142386 0.000165009 1.40047e-05 8.67241e-07 3.77105e-08 1.11646e-09 2.21624e-11 2.91621e-13 2.51074e-15
 1.51795e-11 1.64832e-09 1.05528e-07 3.98329e-06 8.8653e-05 0.00116363 0.00901414 0.0413175 0.113034 0.189857 0.212058 0.183199 0.134895 0.076948 0.0296929 0.00737432 0.00120469 0.000137095 1.13708e-05 6.84402e-07 2.88902e-08 8.33081e-10 1.62027e-11 2.10172e-13 1.79042e-15
 1.61735e-11 1.75626e-09 1.12438e-07 4.24413e-06 9.44583e-05 0.00123981 0.00960357 0.0440026 0.120179 0.20052 0.219093 0.180048 0.124445 0.0677686 0.0255239 0.00630373 0.00104232 0.00012137 1.02405e-05 6.15872e-07 2.55497e-08 7.16475e-10 1.34603e-11 1.67873e-13 1.3715e-15
 1.50354e-11 1.63268e-09 1.04527e-07 3.9456e-06 8.78192e-05 0.00115288 0.00893522 0.0410108 0.112587 0.190597 0.215542 0.187026 0.134659 0.0736399 0.0271534 0.0064665 0.00101706 0.00011154 8.89288e-06 5.13681e-07 2.08253e-08 5.75868e-10 1.0657e-11 1.299e-13 1.02713e-15
 1.60299e-11 1.74067e-09 1.11441e-07 4.20658e-06 9.36281e-05 0.00122912 0.00952538 0.0437011 0.119752 0.201301 0.22263 0.183999 0.124423 0.0645112 0.0227824 0.00519141 0.000771834 7.85038e-05 5.71757e-06 3.00728e-07 1.11552e-08 2.84358e-10 4.89768e-12 5.61917e-14 4.22593e-16
 1.64577e-11 1.78712e-09 1.14415e-07 4.31889e-06 9.61297e-05 0.00126203 0.00978141 0.0448838 0.123002 0.206509 0.226776 0.183428 0.119545 0.0594959 0.0201645 0.0043803 0.000610349 5.67401e-05 3.69821e-06 1.73116e-07 5.74348e-09 1.31505e-10 2.03726e-12 2.1065e-14 1.43427e-16
 1.56016e-11 1.69417e-09 1.08466e-07 4.09441e-06 9.11408e-05 0.00119681 0.00928201 0.0426699 0.117512 0.199755 0.225172 0.189024 0.126349 0.0628708 0.020962 0.00444996 0.000603217 5.41109e-05 3.35386e-06 1.4653e-07 4.45584e-09 9.20879e-11 1.27315e-12 1.16815e-14 7.05759e-17
 1.59441e-11 1.73136e-09 1.10847e-07 4.18437e-06 9.31464e-05 0.00122324 0.00948851 0.043631 0.120181 0.204043 0.228399 0.188 0.121911 0.058981 0.0193305 0.00409474 0.000563965 5.22063e-05 3.34301e-06 1.48186e-07 4.44994e-09 8.85973e-11 1.1567e-12 9.85677e-15 5.45392e-17
 1.43074e-11 1.55365e-09 9.94717e-08 3.75522e-06 8.36093e-05 0.00109858 0.00853398 0.0393973 0.109654 0.190938 0.22487 0.198334 0.13516 0.0659429 0.0211121 0.00427159 0.000549813 4.66097e-05 2.7151e-06 1.11177e-07 3.17066e-09 6.13806e-11 7.87779e-13 6.5884e-15 3.54174e-17
 1.72194e-11 1.86985e-09 1.19715e-07 4.51921e-06 0.000100604 0.00132125 0.0102491 0.0471126 0.129493 0.217903 0.237064 0.182946 0.108112 0.0478195 0.0145675 0.0028974 0.000374654 3.22721e-05 1.89809e-06 7.64867e-08 2.07803e-09 3.7377e-11 4.40592e-13 3.38846e-15 1.69138e-17
 1.38397e-11 1.50289e-09 9.62263e-08 3.63311e-06 8.0913e-05 0.00106388 0.00827826 0.0383651 0.107678 0.190413 0.228711 0.203221 0.135591 0.0632965 0.0191793 0.00364643 0.000436354 3.38077e-05 1.76408e-06 6.38082e-08 1.60198e-09 2.73538e-11 3.10001e-13 2.28717e-15 1.08287e-17
#spawning biomass
 8564.32 8013.15 5227.23 6547.67 10245.9 15698.2 20037.9 27513 40644.9 61108.3 84330.8 112704 165382 191662 164388 144747 162516 173002 169083 153426 177595 185904 206978 267250 265553 282959 251962 251348 191425 136398 227374 164722 105859 67437 46001.4 35106.6 29896.7 27508.1 26445.5 25983 25785.1 25701.4 25666.4 25651.8 25645.7 25643.3 25642.3 25641.9 25641.7 25641.6 25641.6 25641.6 25641.6 25641.6 25641.6 25641.6 25641.6 25641.6 25641.6 25641.6 25641.6 25641.6 25641.6 25641.6 25641.6 25641.6 25641.6 25641.6 25641.6 25641.6 25641.6 25641.6 25641.6 25641.6 25641.6 25641.6 25641.6 25641.6 25641.6 25641.6 25641.6 25641.6 25641.6 25641.6 25641.6 25641.6 25641.6 25641.6 25641.6 25641.6 25641.6 25641.6 25641.6 25641.6 25641.6 25641.6 25641.6 25641.6 25641.6 25641.6 25641.6 25641.6 25641.6 25641.6 25641.6 25641.6 25641.6 25641.6 25641.6 25641.6 25641.6 25641.6 25641.6 25641.6 25641.6 25641.6 25641.6 25641.6 25641.6 25641.6 25641.6 25641.6 25641.6 25641.6 25641.6 25641.6 25641.6 25641.6 25641.6 0 0 0 0 0 0 0 0 0 0 0 0 0 0 0 0 0 0 0 0 0 0 0 0 0
