SBPRF35
0.0628122
Curr Bio
509230
B35
220669
F35
64339.5
FOFL
64339.5
OFL
526296
Bzero
10702.2
#pred survey bio
 7991.07 9676.17 13543.4 19306.3 25291.8 25941.6 33572.4 35366 50733.1 67515.9 70358.1 87673 98587.3 106583 108422 110360 100467 110140 88532.9 96605.8 95851.6 88594.9 129299 139909 118415 131337 95356.4 123715 2.88169e+06 594936 196354 63116.9 34052.5 27913.6 26624.8 26356.3 26300.8 26289.4 26287 26286.6 26286.5 26286.5 26286.4 26286.4 26286.4 26286.4 26286.4 26286.4 26286.4 26286.4 26286.4 26286.4 26286.4 26286.4 26286.4 26286.4 26286.4 26286.4 26286.4 26286.4 26286.4 26286.4 26286.4 26286.4 26286.4 26286.4 26286.4 26286.4 26286.4 26286.4 26286.4 26286.4 26286.4 26286.4 26286.4 26286.4 26286.4 26286.4 26286.4 26286.4 26286.4 26286.4 26286.4 26286.4 26286.4 26286.4 26286.4 26286.4 26286.4 26286.4 26286.4 26286.4 26286.4 26286.4 26286.4 26286.4 26286.4 26286.4 26286.4 26286.4 26286.4 26286.4 26286.4 26286.4 26286.4 26286.4 26286.4 26286.4 26286.4 26286.4 26286.4 26286.4 26286.4 26286.4 26286.4 26286.4 26286.4 26286.4 26286.4 26286.4 26286.4 26286.4 26286.4 26286.4 26286.4 26286.4 26286.4 26286.4 0 0 0 0 0 0 0 0 0 0 0 0 0 0 0 0 0 0 0 0 0 0 0 0 0
#obs survey bio
 6580.06 10791 15297 21292.4 19575.4 25635.2 30764.4 32842.6 62366.1 70822 73064.9 76424.2 90167.1 103350 94383.4 104750 93278.6 118751 73701.9 106059 119442 94257.9 121949 135836 120792 159566 96957.9 91378.6
#pred catch bio
 5518.52 6310.9 6191.28 10517.9 13459.4 17230.5 21733.3 23035.6 29929.5 33613.3 52691.5 62387.9 78400.5 91966.6 109002 94580.7 87021 79902.3 87375.1 80140.8 75212.2 84715.3 97094.1 104916 118974 116238 109179 94400.3 526296 6607.66 6607.66 6607.66 6607.66 6607.66 6607.66 6607.66 6607.66 6607.66 6607.66 6607.66 6607.66 6607.66 6607.66 6607.66 6607.66 6607.66 6607.66 6607.66 6607.66 6607.66 6607.66 6607.66 6607.66 6607.66 6607.66 6607.66 6607.66 6607.66 6607.66 6607.66 6607.66 6607.66 6607.66 6607.66 6607.66 6607.66 6607.66 6607.66 6607.66 6607.66 6607.66 6607.66 6607.66 6607.66 6607.66 6607.66 6607.66 6607.66 6607.66 6607.66 6607.66 6607.66 6607.66 6607.66 6607.66 6607.66 6607.66 6607.66 6607.66 6607.66 6607.66 6607.66 6607.66 6607.66 6607.66 6607.66 6607.66 6607.66 6607.66 6607.66 6607.66 6607.66 6607.66 6607.66 6607.66 6607.66 6607.66 6607.66 6607.66 6607.66 6607.66 6607.66 6607.66 6607.66 6607.66 6607.66 6607.66 6607.66 6607.66 6607.66 6607.66 6607.66 6607.66 6607.66 6607.66 6607.66 6607.66 6607.66 0 0 0 0 0 0 0 0 0 0 0 0 0 0 0 0 0 0 0 0 0 0 0 0 0
#obs catch bio
 6371.06 6507.34 6201.02 10550.7 13575.5 17409.5 21957.5 23134.6 30144.4 33452.3 52723.1 62817.6 78161.8 91440.8 109257 95095.5 86170.3 79356.6 86604.5 79538.7 74570.2 83809 95966.5 103516 117637 113618 108350 93933.1
#pred cpue bio
 7684.74 9023.59 12020.6 17422.5 22915.8 23271.2 30047.8 31401.2 44425.6 57538 61131.7 75495.1 83587 92702.6 97045.5 97432.5 87341.7 95091.2 76410.5 83173.9 80657.9 74348.2 108527 115844 98536 110821 81132.1 104935 2.45715e+06 571289 194712 57281.9 27996 21849.8 20560.9 20292.3 20236.8 20225.4 20223.1 20222.6 20222.5 20222.5 20222.5 20222.5 20222.5 20222.5 20222.5 20222.5 20222.5 20222.5 20222.5 20222.5 20222.5 20222.5 20222.5 20222.5 20222.5 20222.5 20222.5 20222.5 20222.5 20222.5 20222.5 20222.5 20222.5 20222.5 20222.5 20222.5 20222.5 20222.5 20222.5 20222.5 20222.5 20222.5 20222.5 20222.5 20222.5 20222.5 20222.5 20222.5 20222.5 20222.5 20222.5 20222.5 20222.5 20222.5 20222.5 20222.5 20222.5 20222.5 20222.5 20222.5 20222.5 20222.5 20222.5 20222.5 20222.5 20222.5 20222.5 20222.5 20222.5 20222.5 20222.5 20222.5 20222.5 20222.5 20222.5 20222.5 20222.5 20222.5 20222.5 20222.5 20222.5 20222.5 20222.5 20222.5 20222.5 20222.5 20222.5 20222.5 20222.5 20222.5 20222.5 20222.5 20222.5 20222.5 20222.5 20222.5 0 0 0 0 0 0 0 0 0 0 0 0 0 0 0 0 0 0 0 0 0 0 0 0 0
#obs cpue bio
 6710.79 6625.99 9738.48 14172.2 28278 18706.6 30172.2 27660 33630.2 62592.9 54304.6 81582.8 98675.8 103811 100416 100854 99760.3 107292 96635.7 86030 78424 72369 147940 157054 107368 140058 78337.7 177830
#pred surv len freq
 2.55535e-27 2.56795e-27 1.59622e-26 2.82776e-20 6.93192e-15 2.05405e-10 7.35727e-07 0.000318542 0.0166713 0.105468 0.081134 0.0377966 0.230691 0.214148 0.0667818 0.0992108 0.042577 0.0324799 0.0193999 0.014305 0.0108807 0.00913703 0.00890571 0.00774611 0.00234778
 2.55948e-27 2.57909e-27 2.55791e-26 4.85642e-20 1.19049e-14 3.52765e-10 1.26354e-06 0.000547066 0.0286315 0.181131 0.138893 0.0367956 0.182499 0.170284 0.0705799 0.118347 0.0396007 0.0155077 0.00669445 0.00366362 0.00225227 0.00160816 0.00137861 0.00119082 0.000394387
 2.56299e-27 2.58776e-27 3.23891e-26 6.29271e-20 1.54258e-14 4.57095e-10 1.63724e-06 0.000708861 0.0370992 0.2347 0.179882 0.0420912 0.194 0.17932 0.0436786 0.0546762 0.0196521 0.00968294 0.00292674 0.00082112 0.000327403 0.000175751 0.000123405 9.91962e-05 3.38879e-05
 2.56114e-27 2.58269e-27 2.78565e-26 5.33651e-20 1.30818e-14 3.87638e-10 1.38845e-06 0.000601147 0.0314619 0.199037 0.152676 0.0437264 0.225559 0.208487 0.0497072 0.0609378 0.0193141 0.00584955 0.00189841 0.000565534 0.000114757 3.27458e-05 1.59219e-05 1.08572e-05 3.65135e-06
 2.56107e-27 2.58265e-27 2.79676e-26 5.36e-20 1.31394e-14 3.89343e-10 1.39456e-06 0.000603792 0.0316003 0.199913 0.153323 0.0423829 0.21488 0.198964 0.0540412 0.0732067 0.0228332 0.00620173 0.00162803 0.000333596 7.10323e-05 1.15671e-05 2.48444e-06 1.17595e-06 3.67212e-07
 2.56194e-27 2.58493e-27 2.99032e-26 5.7683e-20 1.41403e-14 4.19002e-10 1.5008e-06 0.000649787 0.0340075 0.215141 0.164954 0.0425233 0.207777 0.192219 0.0493889 0.0643226 0.0205736 0.00643443 0.00166684 0.000290519 4.31954e-05 5.90336e-06 6.65844e-07 1.30163e-07 3.30312e-08
 2.56178e-27 2.58434e-27 2.9222e-26 5.62455e-20 1.37879e-14 4.0856e-10 1.46339e-06 0.000633594 0.03316 0.20978 0.160884 0.0440293 0.222097 0.205155 0.0466374 0.0547447 0.0169668 0.00447498 0.0011759 0.000225981 3.08269e-05 3.05548e-06 2.41945e-07 1.82716e-08 2.44287e-09
 2.56257e-27 2.58648e-27 3.11212e-26 6.02519e-20 1.477e-14 4.37662e-10 1.56763e-06 0.000678725 0.035522 0.224723 0.172284 0.0434303 0.20953 0.193588 0.0451613 0.0542582 0.0163303 0.00348713 0.000843256 0.000140687 2.00718e-05 1.9676e-06 1.15529e-07 4.82682e-09 2.19631e-10
 2.5637e-27 2.58948e-27 3.37207e-26 6.57356e-20 1.61143e-14 4.77495e-10 1.71031e-06 0.000740498 0.038755 0.245175 0.187897 0.0431518 0.19644 0.181383 0.0407099 0.0471888 0.0143473 0.00331286 0.000774955 0.000106669 1.32394e-05 1.23386e-06 7.21253e-08 2.21152e-09 4.18611e-11
 2.56564e-27 2.59466e-27 3.8207e-26 7.51994e-20 1.84342e-14 5.46239e-10 1.95654e-06 0.000847106 0.0443345 0.280472 0.214841 0.0426179 0.173447 0.159975 0.0334734 0.0360675 0.0108804 0.00238678 0.000563101 8.2007e-05 9.19508e-06 7.0777e-07 3.75818e-08 1.10522e-09 1.43412e-11
 2.56393e-27 2.58992e-27 3.39377e-26 6.61927e-20 1.62263e-14 4.80816e-10 1.7222e-06 0.000745647 0.0390245 0.24688 0.189221 0.0445346 0.206033 0.189899 0.0361221 0.0345679 0.0103143 0.00209708 0.000483053 6.78909e-05 7.81786e-06 5.86661e-07 2.59271e-08 6.6984e-10 7.95702e-12
 2.56464e-27 2.59185e-27 3.564e-26 6.97838e-20 1.71067e-14 5.06901e-10 1.81563e-06 0.0007861 0.0411417 0.260274 0.19944 0.0440426 0.195109 0.17983 0.0345601 0.0335173 0.00964108 0.00134152 0.000275574 3.4963e-05 3.8384e-06 2.85091e-07 1.24765e-08 2.76984e-10 2.8359e-12
 2.56568e-27 2.59463e-27 3.80559e-26 7.48803e-20 1.8356e-14 5.43921e-10 1.94823e-06 0.000843511 0.0441463 0.279282 0.21395 0.0437196 0.182457 0.168056 0.0306662 0.027606 0.00793336 0.00110356 0.000213505 1.92502e-05 1.7856e-06 1.21098e-07 5.14498e-09 1.12153e-10 1.01384e-12
 2.56346e-27 2.58851e-27 3.25371e-26 6.32376e-20 1.55019e-14 4.5935e-10 1.64531e-06 0.000712358 0.0372823 0.235858 0.180831 0.0461818 0.224463 0.20663 0.0340895 0.0256964 0.00726068 0.000829414 0.000149479 1.30734e-05 1.02126e-06 5.04745e-08 1.86427e-09 3.85879e-11 3.38811e-13
 2.56115e-27 2.58236e-27 2.7225e-26 5.20316e-20 1.27549e-14 3.77951e-10 1.35376e-06 0.000586125 0.0306757 0.194063 0.148925 0.0466761 0.250642 0.231069 0.0435306 0.0410505 0.011511 0.00108161 0.000174217 1.27899e-05 9.0858e-07 4.03199e-08 1.11012e-09 1.84947e-11 1.50462e-13
 2.56263e-27 2.58643e-27 3.08891e-26 5.97616e-20 1.46498e-14 4.34101e-10 1.55488e-06 0.000673202 0.035233 0.222894 0.170914 0.0450662 0.222941 0.205626 0.0411766 0.0420911 0.0118961 0.00126183 0.00021136 1.2898e-05 7.61799e-07 2.83022e-08 6.93314e-10 8.99419e-12 5.66081e-14
 2.56381e-27 2.58958e-27 3.36092e-26 6.54996e-20 1.60564e-14 4.75781e-10 1.70417e-06 0.00073784 0.0386159 0.244295 0.187252 0.0448251 0.209627 0.193191 0.0362583 0.0340215 0.00971217 0.00122462 0.000222102 1.51362e-05 9.07865e-07 2.72087e-08 5.43424e-10 5.99214e-12 3.02399e-14
 2.56424e-27 2.59071e-27 3.45571e-26 6.74991e-20 1.65466e-14 4.90305e-10 1.75619e-06 0.000760363 0.0397947 0.251752 0.192948 0.0449717 0.20674 0.190422 0.0338783 0.0292917 0.00829917 0.000953885 0.0001702 1.3497e-05 9.11275e-07 3.00405e-08 5.41338e-10 4.7256e-12 1.96454e-14
 2.56431e-27 2.59092e-27 3.47573e-26 6.79214e-20 1.66501e-14 4.93373e-10 1.76718e-06 0.000765121 0.0400437 0.253328 0.194148 0.0447669 0.204339 0.188243 0.0341467 0.0304505 0.00861829 0.000966499 0.000169253 1.25514e-05 8.63155e-07 3.34411e-08 6.75222e-10 5.84201e-12 1.99079e-14
 2.56424e-27 2.59059e-27 3.4365e-26 6.70936e-20 1.64472e-14 4.8736e-10 1.74564e-06 0.000755796 0.0395556 0.25024 0.191807 0.0457862 0.213741 0.1967 0.0316835 0.0227074 0.00633399 0.000586834 9.33561e-05 6.53983e-06 4.25106e-07 1.5729e-08 3.49488e-10 3.4861e-12 1.23936e-14
 2.56611e-27 2.59576e-27 3.90206e-26 7.69152e-20 1.88548e-14 5.58702e-10 2.00118e-06 0.000866434 0.045346 0.286872 0.219745 0.0437301 0.178465 0.164307 0.028837 0.0243671 0.00678955 0.000580036 8.67481e-05 5.25269e-06 3.04425e-07 1.0517e-08 2.21071e-10 2.28344e-12 9.24274e-15
 2.56608e-27 2.59561e-27 3.88016e-26 7.64529e-20 1.87415e-14 5.55344e-10 1.98915e-06 0.000861226 0.0450735 0.285147 0.218441 0.0444952 0.185204 0.170351 0.0267343 0.0180609 0.00504838 0.000496868 7.98151e-05 4.50337e-06 2.35338e-07 6.91251e-09 1.31246e-10 1.26871e-12 5.13317e-15
 2.56604e-27 2.59549e-27 3.86876e-26 7.62125e-20 1.86826e-14 5.53598e-10 1.98289e-06 0.000858518 0.0449317 0.284251 0.217758 0.0446119 0.186571 0.171595 0.0266375 0.0175238 0.00483602 0.00036881 5.12954e-05 3.2189e-06 1.79553e-07 4.81005e-09 7.91106e-11 6.61545e-13 2.46673e-15
 2.56706e-27 2.59831e-27 4.12347e-26 8.15859e-20 1.99998e-14 5.9263e-10 2.1227e-06 0.000919049 0.0480997 0.304292 0.233042 0.0434122 0.166704 0.153366 0.0252986 0.0190588 0.00529503 0.000442986 6.44913e-05 3.33332e-06 1.62762e-07 4.83183e-09 7.91194e-11 5.8089e-13 1.85645e-15
 2.56658e-27 2.59693e-27 3.99469e-26 7.8869e-20 1.93338e-14 5.72894e-10 2.05201e-06 0.000888443 0.0464979 0.294159 0.225319 0.0443507 0.179272 0.164827 0.0248633 0.0151863 0.00420944 0.000366806 5.50688e-05 3.03765e-06 1.49286e-07 3.61819e-09 5.7386e-11 4.44164e-13 1.30674e-15
 2.56552e-27 2.594e-27 3.73034e-26 7.32921e-20 1.79667e-14 5.32384e-10 1.90691e-06 0.00082562 0.04321 0.273358 0.209456 0.045566 0.199665 0.183547 0.0263793 0.0139292 0.00379547 0.000236538 2.71161e-05 1.49679e-06 7.53821e-08 1.92687e-09 2.79092e-11 1.89007e-13 5.69021e-16
 2.56503e-27 2.59272e-27 3.62149e-26 7.09959e-20 1.74038e-14 5.15705e-10 1.84717e-06 0.000799754 0.0418562 0.264794 0.202916 0.0455415 0.204074 0.187705 0.0287395 0.0182576 0.00498771 0.0002943 3.10396e-05 1.31371e-06 4.88413e-08 1.23804e-09 1.86335e-11 1.24416e-13 3.30057e-16
 2.56521e-27 2.59318e-27 3.6601e-26 7.18103e-20 1.76034e-14 5.21621e-10 1.86836e-06 0.000808928 0.0423364 0.267832 0.205236 0.0455858 0.20278 0.18647 0.0277813 0.0163866 0.00447475 0.000274266 3.01504e-05 1.21167e-06 3.87464e-08 7.06735e-10 8.70796e-12 5.87197e-14 1.57768e-16
#obs surv len freq
 1.08337e-41 1.50364e-33 2.52267e-26 5.11592e-20 1.25411e-14 3.71615e-10 1.33107e-06 0.000576305 0.0301615 0.190811 0.14641 0.0401357 0.173226 0.146601 0.103948 0.101939 0.0443677 0.0173929 0.00391437 0.000488751 2.50011e-05 3.80824e-07 1.29749e-09 8.03998e-13 7.92551e-17
 1.60456e-41 2.22702e-33 3.7363e-26 7.57713e-20 1.85744e-14 5.50395e-10 1.97143e-06 0.000853559 0.0446719 0.282608 0.216522 0.040674 0.126574 0.102161 0.0759596 0.0686674 0.0287488 0.0102592 0.0020689 0.000221683 9.24142e-06 1.08485e-07 2.73416e-10 1.22393e-13 8.60692e-18
 1.53358e-41 2.12851e-33 3.57102e-26 7.24195e-20 1.77528e-14 5.26048e-10 1.88422e-06 0.000815801 0.0426958 0.270107 0.207206 0.0500188 0.176964 0.129 0.0566167 0.0427465 0.0172047 0.00554488 0.000986069 8.89526e-05 2.97771e-06 2.68225e-08 5.00333e-11 1.61903e-14 8.12064e-19
 1.07892e-41 1.49747e-33 2.51232e-26 5.09493e-20 1.24896e-14 3.7009e-10 1.3256e-06 0.000573941 0.0300378 0.19003 0.146291 0.0564941 0.230094 0.162955 0.0977669 0.0655804 0.0157457 0.00380261 0.000582948 4.34068e-05 1.14518e-06 7.82672e-09 1.07744e-11 2.52369e-15 9.04661e-20
 1.50058e-41 2.08271e-33 3.49418e-26 7.08613e-20 1.73708e-14 5.14729e-10 1.84368e-06 0.000798248 0.0417771 0.264296 0.202801 0.0471805 0.142148 0.104183 0.10428 0.0693942 0.0192111 0.00357928 0.000331247 1.85759e-05 3.78715e-07 1.93672e-09 1.95146e-12 3.29963e-16 8.45936e-21
 1.19767e-41 1.66229e-33 2.78883e-26 5.6557e-20 1.38643e-14 4.10824e-10 1.4715e-06 0.000637111 0.0333438 0.210946 0.16262 0.0648882 0.230934 0.143935 0.0788236 0.0502391 0.0194744 0.00384161 0.00030483 1.04275e-05 1.40918e-07 5.21999e-10 3.80603e-13 4.61329e-17 8.42814e-22
 1.37565e-41 1.90932e-33 3.20327e-26 6.49618e-20 1.59246e-14 4.71875e-10 1.69018e-06 0.00073179 0.038299 0.242294 0.186433 0.0577862 0.174535 0.116415 0.110175 0.0573538 0.0131389 0.00259464 0.000235274 6.80926e-06 5.81699e-08 1.34056e-10 6.6577e-14 5.6858e-18 7.34784e-23
 1.19155e-41 1.65379e-33 2.77458e-26 5.62679e-20 1.37934e-14 4.08724e-10 1.46398e-06 0.000633854 0.0331734 0.209871 0.162245 0.0722456 0.22734 0.13344 0.0939873 0.0497584 0.0150236 0.00213266 0.000143225 4.08715e-06 2.9499e-08 4.52914e-11 1.38463e-14 7.61721e-19 6.67701e-24
 1.51215e-41 2.09876e-33 3.5211e-26 7.14072e-20 1.75046e-14 5.18695e-10 1.85788e-06 0.000804398 0.042099 0.266336 0.205177 0.0642644 0.16649 0.103999 0.096906 0.0426319 0.00977937 0.00142525 8.45498e-05 1.71738e-06 1.03287e-08 1.30941e-11 2.86995e-15 1.01935e-19 5.64274e-25
 1.51501e-41 2.10273e-33 3.52777e-26 7.15424e-20 1.75378e-14 5.19677e-10 1.8614e-06 0.000805921 0.0421787 0.266843 0.206187 0.0778696 0.198303 0.103806 0.0667393 0.0290275 0.00735554 0.000840007 4.14483e-05 7.15392e-07 3.13156e-09 2.96479e-12 5.09193e-16 1.3664e-20 5.31875e-26
 1.09764e-41 1.52345e-33 2.5559e-26 5.18332e-20 1.27063e-14 3.76511e-10 1.3486e-06 0.000583898 0.0305589 0.19334 0.151129 0.0970545 0.257699 0.13601 0.0954294 0.0319938 0.00558491 0.000590775 2.48154e-05 3.28578e-07 1.12692e-09 7.86153e-13 9.62666e-17 1.89035e-21 5.49754e-27
 1.66635e-41 2.31279e-33 3.88018e-26 7.86892e-20 1.92897e-14 5.7159e-10 2.04734e-06 0.000886429 0.0463922 0.293501 0.226618 0.0713949 0.145079 0.093938 0.0890757 0.0282685 0.00450398 0.000330591 1.0238e-05 1.09111e-07 2.81021e-10 1.45055e-13 1.30209e-17 1.8253e-22 3.74745e-28
 1.33697e-41 1.85563e-33 3.11321e-26 6.31352e-20 1.54769e-14 4.58608e-10 1.64266e-06 0.000711214 0.0372221 0.235503 0.184503 0.110494 0.242787 0.106717 0.0575333 0.0203082 0.00395198 0.000261572 5.97663e-06 4.33421e-08 8.16854e-11 3.10951e-14 2.01639e-18 2.03263e-23 2.99095e-29
 1.12005e-41 1.55456e-33 2.6081e-26 5.28917e-20 1.29658e-14 3.842e-10 1.37614e-06 0.000595821 0.0311829 0.197303 0.155937 0.112104 0.235606 0.137442 0.103078 0.0236725 0.00287515 0.00019766 4.38925e-06 2.42508e-08 3.08207e-11 8.00023e-15 3.67589e-19 2.64953e-24 2.77435e-30
 8.7839e-42 1.21915e-33 2.04537e-26 4.14797e-20 1.01683e-14 3.01304e-10 1.07922e-06 0.000467267 0.0244549 0.154752 0.124716 0.12369 0.249681 0.15959 0.12384 0.0340741 0.00453254 0.000197271 3.30422e-06 1.64888e-08 1.67974e-11 3.06409e-15 9.43171e-20 4.60198e-25 3.34009e-31
 1.41596e-41 1.96526e-33 3.29714e-26 6.68653e-20 1.63912e-14 4.85702e-10 1.73971e-06 0.000753233 0.0394213 0.249426 0.195529 0.0947442 0.160071 0.126324 0.10122 0.028336 0.00398696 0.000184659 2.43825e-06 8.24386e-09 6.50864e-12 9.52313e-16 2.19997e-20 7.53067e-26 3.70685e-32
 9.76101e-42 1.35476e-33 2.2729e-26 4.60939e-20 1.12994e-14 3.34821e-10 1.19927e-06 0.000519245 0.0271753 0.172004 0.141805 0.16214 0.272787 0.126197 0.072049 0.0220351 0.00314182 0.000144437 1.86748e-06 5.34147e-09 2.98209e-12 3.03634e-16 5.19473e-21 1.34944e-26 4.94149e-33
 1.43759e-41 1.99528e-33 3.3475e-26 6.78866e-20 1.66416e-14 4.93121e-10 1.76628e-06 0.000764738 0.0400234 0.253262 0.200473 0.108249 0.161741 0.135455 0.0833879 0.0149705 0.00159953 7.16327e-05 8.69982e-07 2.25895e-09 1.07171e-12 8.33077e-17 1.00159e-21 1.79901e-27 4.67005e-34
 1.00042e-41 1.38852e-33 2.32953e-26 4.72423e-20 1.15809e-14 3.43163e-10 1.22915e-06 0.000532181 0.0278524 0.176347 0.149071 0.183203 0.260846 0.121767 0.0628473 0.0160082 0.00148201 4.26806e-05 4.18354e-07 9.51619e-10 3.8647e-13 2.49259e-17 2.38136e-22 3.22002e-28 5.99372e-35
 1.28663e-41 1.78576e-33 2.99599e-26 6.0758e-20 1.48941e-14 4.4134e-10 1.58081e-06 0.000684435 0.0358208 0.226731 0.184006 0.132119 0.181136 0.15262 0.0744045 0.0114784 0.000970551 2.77106e-05 1.93372e-07 3.09896e-10 9.87898e-14 5.16008e-18 3.95774e-23 4.22768e-29 6.09767e-36
 1.41045e-41 1.95762e-33 3.28431e-26 6.66051e-20 1.63275e-14 4.83813e-10 1.73294e-06 0.000750302 0.0392681 0.2486 0.204476 0.159238 0.187378 0.101716 0.048053 0.00984281 0.000663369 1.35783e-05 8.12499e-08 1.01057e-10 2.2354e-14 8.2672e-19 4.73222e-24 3.87554e-30 4.30577e-37
 1.12745e-41 1.56483e-33 2.62532e-26 5.3241e-20 1.30514e-14 3.86737e-10 1.38523e-06 0.000599756 0.0313893 0.198859 0.1725 0.196466 0.225258 0.123094 0.0448871 0.00650361 0.000433382 8.30452e-06 3.64673e-08 3.39522e-11 5.80105e-15 1.57018e-19 6.27007e-25 3.57476e-31 2.83013e-38
 1.37414e-41 1.90721e-33 3.19975e-26 6.48902e-20 1.59071e-14 4.71356e-10 1.68832e-06 0.000730984 0.0382573 0.242295 0.202916 0.160353 0.179188 0.12658 0.0440703 0.00535114 0.000253138 3.82619e-06 1.45844e-08 1.05977e-11 1.30603e-15 2.57221e-20 7.58041e-26 3.14581e-32 1.76754e-39
 1.35458e-41 1.88007e-33 3.15421e-26 6.39667e-20 1.56807e-14 4.64647e-10 1.66429e-06 0.000720581 0.0377132 0.238993 0.20693 0.193639 0.187964 0.0972542 0.0323824 0.00422816 0.000171536 1.87752e-06 5.13035e-09 2.89112e-12 2.79373e-16 4.10783e-21 8.68903e-27 2.56858e-33 1.0362e-40
 1.18614e-41 1.64629e-33 2.76199e-26 5.60126e-20 1.37308e-14 4.0687e-10 1.45734e-06 0.000630979 0.0330242 0.209484 0.190209 0.214169 0.206898 0.112893 0.0296586 0.00292377 0.000108053 1.04216e-06 2.13817e-09 8.40586e-13 5.77918e-17 6.28876e-22 9.97817e-28 2.18413e-34 6.38435e-42
 1.06854e-41 1.48306e-33 2.48814e-26 5.0459e-20 1.23694e-14 3.66529e-10 1.31285e-06 0.000568418 0.0297505 0.188926 0.178809 0.221269 0.21702 0.128894 0.0319569 0.00272986 7.45097e-05 5.56202e-07 9.37816e-10 2.86598e-13 1.41727e-17 1.07145e-22 1.18685e-28 1.85082e-35 3.92242e-43
 1.04747e-41 1.45382e-33 2.43908e-26 4.9464e-20 1.21255e-14 3.59301e-10 1.28696e-06 0.00055721 0.0291646 0.185376 0.179467 0.221563 0.217025 0.132111 0.0320279 0.00264493 6.16507e-05 3.48546e-07 4.26216e-10 9.79396e-14 3.70779e-18 2.09628e-23 1.67403e-29 1.83244e-36 2.69758e-44
 1.26631e-41 1.75755e-33 2.94866e-26 5.97983e-20 1.46588e-14 4.34368e-10 1.55584e-06 0.000673624 0.035257 0.223812 0.204286 0.199659 0.192698 0.113826 0.0274675 0.00226825 5.17214e-05 2.6958e-07 2.77893e-10 5.07535e-14 1.51581e-18 6.90359e-24 4.52185e-30 4.07062e-37 4.87981e-45
#pred catch len freq
 2.55492e-27 2.56659e-27 1.457e-26 2.534e-20 6.2118e-15 1.84067e-10 6.59296e-07 0.00028545 0.0149394 0.0945117 0.0727994 0.0397807 0.251647 0.233277 0.0664736 0.0935941 0.0393605 0.0290096 0.0172098 0.012647 0.00961223 0.00807062 0.00786614 0.00684189 0.00207372
 2.55879e-27 2.5771e-27 2.36928e-26 4.45843e-20 1.09293e-14 3.23855e-10 1.15999e-06 0.000502233 0.0262851 0.166287 0.127583 0.0383582 0.202337 0.188395 0.0702806 0.113069 0.0374436 0.0140579 0.00601844 0.00327931 0.00201417 0.0014379 0.00123262 0.00106472 0.000352623
 2.56143e-27 2.5835e-27 2.85948e-26 5.49227e-20 1.34636e-14 3.98952e-10 1.42898e-06 0.000618693 0.0323801 0.204846 0.157106 0.0433935 0.219913 0.203198 0.0473025 0.0569229 0.0202239 0.00963775 0.00289931 0.000809038 0.000322172 0.000172901 0.0001214 9.75843e-05 3.33372e-05
 2.5599e-27 2.57927e-27 2.47743e-26 4.68628e-20 1.14878e-14 3.40405e-10 1.21927e-06 0.000527899 0.0276284 0.174785 0.13418 0.0451052 0.249047 0.230061 0.0517179 0.0600822 0.0188979 0.00550364 0.00177212 0.000525332 0.000106478 3.03692e-05 1.47655e-05 1.00686e-05 3.38615e-06
 2.55989e-27 2.5794e-27 2.50368e-26 4.7417e-20 1.16237e-14 3.44431e-10 1.2337e-06 0.000534143 0.0279551 0.176852 0.135736 0.0437397 0.237562 0.219788 0.055811 0.0719903 0.0223006 0.00582258 0.00151716 0.000309071 6.57107e-05 1.06964e-05 2.2972e-06 1.08731e-06 3.39534e-07
 2.56113e-27 2.58264e-27 2.77842e-26 5.32126e-20 1.30444e-14 3.8653e-10 1.38448e-06 0.000599429 0.0313719 0.198468 0.152245 0.0439249 0.227373 0.210131 0.0494626 0.0599654 0.0190071 0.00569038 0.00146375 0.000253571 3.76387e-05 5.14103e-06 5.79801e-07 1.13341e-07 2.87622e-08
 2.56095e-27 2.582e-27 2.70654e-26 5.16956e-20 1.26725e-14 3.7551e-10 1.34501e-06 0.00058234 0.0304776 0.19281 0.147948 0.0453878 0.241525 0.222919 0.046839 0.0507227 0.0155986 0.0039374 0.00102596 0.000195992 2.66964e-05 2.64452e-06 2.09374e-07 1.58115e-08 2.11395e-09
 2.56167e-27 2.58394e-27 2.87955e-26 5.53453e-20 1.35672e-14 4.02021e-10 1.43997e-06 0.000623453 0.0326293 0.206423 0.158332 0.0447707 0.229532 0.211897 0.0457006 0.0508734 0.0152171 0.00311177 0.000745201 0.000123565 1.7599e-05 1.72425e-06 1.01227e-07 4.22917e-09 1.92435e-10
 2.56264e-27 2.58655e-27 3.10667e-26 6.01364e-20 1.47417e-14 4.36824e-10 1.56463e-06 0.000677425 0.035454 0.224292 0.171972 0.0444515 0.21752 0.20072 0.0420348 0.0453366 0.0136949 0.00303238 0.000703391 9.62345e-05 1.19212e-05 1.11033e-06 6.48959e-08 1.98979e-09 3.76638e-11
 2.56434e-27 2.59108e-27 3.5004e-26 6.84423e-20 1.67778e-14 4.97157e-10 1.78073e-06 0.000770989 0.0403508 0.25527 0.195617 0.0438895 0.19663 0.181297 0.0359626 0.0363727 0.0109092 0.00230112 0.000538328 7.79446e-05 8.72463e-06 6.71122e-07 3.56302e-08 1.04779e-09 1.35959e-11
 2.56338e-27 2.58836e-27 3.24748e-26 6.31063e-20 1.54697e-14 4.58396e-10 1.6419e-06 0.000710879 0.0372048 0.235369 0.180448 0.0456119 0.220395 0.203002 0.0357184 0.0303456 0.00898918 0.00174366 0.000397351 5.54864e-05 6.37698e-06 4.78222e-07 2.11313e-08 5.45913e-10 6.48484e-12
 2.56403e-27 2.59014e-27 3.40579e-26 6.6446e-20 1.62884e-14 4.82655e-10 1.72879e-06 0.0007485 0.0391738 0.247825 0.189951 0.0450999 0.209822 0.193267 0.0344058 0.0297834 0.00852412 0.00113552 0.00022978 2.89642e-05 3.17312e-06 2.35518e-07 1.03054e-08 2.28774e-10 2.34229e-12
 2.56536e-27 2.59371e-27 3.71728e-26 7.30171e-20 1.78993e-14 5.30387e-10 1.89976e-06 0.000822523 0.0430479 0.272333 0.208657 0.0445468 0.192471 0.17716 0.0298198 0.0233851 0.00668176 0.000887672 0.000169122 1.51518e-05 1.4013e-06 9.49624e-08 4.03386e-09 8.79283e-11 7.94845e-13
 2.56324e-27 2.58784e-27 3.188e-26 6.18511e-20 1.51621e-14 4.49279e-10 1.60924e-06 0.00069674 0.0364649 0.230687 0.176895 0.0469506 0.233079 0.214441 0.0329473 0.0211287 0.00593463 0.000648291 0.00011461 9.95892e-06 7.75683e-07 3.83041e-08 1.41441e-09 2.92749e-11 2.57038e-13
 2.56147e-27 2.5831e-27 2.77663e-26 5.31732e-20 1.30348e-14 3.86243e-10 1.38346e-06 0.000598985 0.0313487 0.198321 0.152189 0.0474921 0.254558 0.234441 0.039742 0.0315719 0.00880951 0.000791886 0.000124404 9.07331e-06 6.42224e-07 2.8474e-08 7.83761e-10 1.30566e-11 1.0622e-13
 2.56257e-27 2.58618e-27 3.05626e-26 5.90724e-20 1.44809e-14 4.29095e-10 1.53695e-06 0.000665438 0.0348267 0.220324 0.168967 0.046038 0.231705 0.213499 0.038688 0.0344408 0.00969031 0.000983916 0.000161476 9.79868e-06 5.76368e-07 2.13923e-08 5.23882e-10 6.7957e-12 4.27704e-14
 2.56371e-27 2.58923e-27 3.32133e-26 6.46642e-20 1.58516e-14 4.69713e-10 1.68243e-06 0.000728429 0.0381233 0.241179 0.184886 0.0456715 0.217731 0.200492 0.0343417 0.0278165 0.00789718 0.000950532 0.000169439 1.14799e-05 6.8607e-07 2.05425e-08 4.1013e-10 4.52197e-12 2.28201e-14
 2.56373e-27 2.58925e-27 3.31961e-26 6.46278e-20 1.58427e-14 4.69448e-10 1.68149e-06 0.000728019 0.0381019 0.241044 0.184787 0.0459388 0.219835 0.20237 0.0335403 0.0255156 0.00719491 0.000793137 0.000139035 1.09593e-05 7.37714e-07 2.42984e-08 4.37725e-10 3.82076e-12 1.58834e-14
 2.56466e-27 2.59177e-27 3.54302e-26 6.93407e-20 1.6998e-14 5.03682e-10 1.80411e-06 0.000781109 0.0408804 0.258621 0.198198 0.045292 0.205489 0.189125 0.0310605 0.0231964 0.00652684 0.000697957 0.00011971 8.82081e-06 6.04462e-07 2.33974e-08 4.72294e-10 4.08594e-12 1.39234e-14
 2.564e-27 2.5899e-27 3.36897e-26 6.56687e-20 1.60979e-14 4.77009e-10 1.70857e-06 0.000739744 0.0387155 0.244926 0.18776 0.046492 0.221956 0.204157 0.0307672 0.0187448 0.00520063 0.000462759 7.19328e-05 5.00843e-06 3.24407e-07 1.19922e-08 2.66379e-10 2.6569e-12 9.44551e-15
 2.56584e-27 2.59498e-27 3.8267e-26 7.53252e-20 1.84651e-14 5.47153e-10 1.95981e-06 0.000848523 0.0444086 0.280941 0.215228 0.0444585 0.187182 0.172227 0.028004 0.0204781 0.00568174 0.00046735 6.82047e-05 4.10652e-06 2.3704e-07 8.18119e-09 1.71917e-10 1.77559e-12 7.18697e-15
 2.56618e-27 2.59581e-27 3.8928e-26 7.67193e-20 1.88068e-14 5.57279e-10 1.99608e-06 0.000864227 0.0452305 0.286141 0.219205 0.0448808 0.187601 0.172458 0.025214 0.0140673 0.00390617 0.000367839 5.77476e-05 3.24033e-06 1.6858e-07 4.94659e-09 9.38842e-11 9.07461e-13 3.6715e-15
 2.56556e-27 2.59414e-27 3.74443e-26 7.35893e-20 1.80395e-14 5.34543e-10 1.91464e-06 0.000828968 0.0433852 0.274467 0.210299 0.0453773 0.197637 0.18171 0.0266916 0.0151035 0.00414821 0.000305693 4.13942e-05 2.58244e-06 1.43511e-07 3.84102e-09 6.31481e-11 5.2801e-13 1.96876e-15
 2.56671e-27 2.59729e-27 4.02884e-26 7.95894e-20 1.95104e-14 5.78128e-10 2.07076e-06 0.000896558 0.0469226 0.296846 0.227367 0.0440994 0.17592 0.161772 0.0249985 0.0162614 0.00449747 0.000362691 5.15286e-05 2.65e-06 1.288e-07 3.81972e-09 6.25251e-11 4.59011e-13 1.4669e-15
 2.56693e-27 2.59783e-27 4.07086e-26 8.04757e-20 1.97276e-14 5.84565e-10 2.09381e-06 0.000906542 0.0474451 0.300151 0.229897 0.044464 0.176918 0.16257 0.0229154 0.0113171 0.00311413 0.000260087 3.8024e-05 2.08566e-06 1.02035e-07 2.47048e-09 3.91651e-11 3.03104e-13 8.91716e-16
 2.56554e-27 2.59402e-27 3.72834e-26 7.32498e-20 1.79563e-14 5.32077e-10 1.90581e-06 0.000825144 0.043185 0.273201 0.209341 0.0458912 0.202221 0.185826 0.0253409 0.0109916 0.0029751 0.000179797 1.99019e-05 1.09192e-06 5.47497e-08 1.3981e-09 2.02421e-11 1.37069e-13 4.12644e-16
 2.56577e-27 2.59468e-27 3.78958e-26 7.45418e-20 1.8273e-14 5.41462e-10 1.93943e-06 0.000839698 0.0439467 0.278019 0.213013 0.0454491 0.196276 0.180404 0.0255419 0.0128118 0.00347649 0.00019867 2.01141e-05 8.46749e-07 3.12919e-08 7.92169e-10 1.19178e-11 7.95664e-14 2.11072e-16
 2.56471e-27 2.59177e-27 3.53093e-26 6.90852e-20 1.69354e-14 5.01826e-10 1.79746e-06 0.000778231 0.0407298 0.257668 0.197488 0.0463578 0.214099 0.196821 0.0279074 0.0140716 0.00382396 0.000227884 2.4242e-05 9.70022e-07 3.08459e-08 5.61953e-10 6.92017e-12 4.66584e-14 1.25358e-16
#obs catch len freq
 5.0059e-42 6.94786e-34 1.16565e-26 2.36391e-20 5.79485e-15 1.71712e-10 6.15044e-07 0.000266293 0.0139367 0.0881688 0.0680491 0.0398822 0.218645 0.186646 0.143945 0.143532 0.0642722 0.0258353 0.00600307 0.000775301 4.14806e-05 6.63526e-07 2.36407e-09 1.52126e-12 1.54731e-16
 5.72569e-42 7.94688e-34 1.33325e-26 2.70381e-20 6.62807e-15 1.96402e-10 7.0348e-07 0.000304583 0.0159406 0.100847 0.0778406 0.0436379 0.222978 0.181435 0.143112 0.131176 0.0568642 0.0209429 0.00440834 0.000491786 2.13376e-05 2.61328e-07 6.86531e-10 3.18884e-13 2.31414e-17
 1.08168e-41 1.50131e-33 2.51875e-26 5.10798e-20 1.25216e-14 3.71038e-10 1.329e-06 0.00057541 0.0301147 0.190515 0.146358 0.0451674 0.181484 0.140726 0.113861 0.0956069 0.0396534 0.0132182 0.00247453 0.000234776 8.21716e-06 7.69279e-08 1.48745e-10 4.97709e-14 2.57262e-18
 1.1172e-41 1.5506e-33 2.60146e-26 5.2757e-20 1.29328e-14 3.83221e-10 1.37264e-06 0.000594304 0.0311035 0.196772 0.151479 0.0583874 0.237575 0.164047 0.076686 0.0542661 0.0215111 0.00643629 0.00105399 8.34336e-05 2.32356e-06 1.65689e-08 2.35978e-11 5.69238e-15 2.09565e-19
 7.84607e-42 1.08898e-33 1.827e-26 3.70511e-20 9.08264e-15 2.69135e-10 9.63998e-07 0.000417378 0.0218439 0.138194 0.107017 0.0648753 0.274182 0.184779 0.116501 0.071184 0.0166468 0.00379186 0.000531368 3.44062e-05 7.48856e-07 4.02577e-09 4.2132e-12 7.33771e-16 1.92791e-20
 1.25337e-41 1.73959e-33 2.91852e-26 5.9187e-20 1.4509e-14 4.29928e-10 1.53993e-06 0.000666738 0.0348944 0.220755 0.169788 0.0528879 0.172737 0.122473 0.125759 0.0760083 0.0202973 0.00342503 0.000292404 1.42934e-05 2.38631e-07 9.54511e-10 7.28481e-13 9.13713e-17 1.71453e-21
 1.03226e-41 1.4327e-33 2.40366e-26 4.87457e-20 1.19494e-14 3.54084e-10 1.26827e-06 0.000549118 0.0287386 0.181814 0.140753 0.0736622 0.260263 0.153711 0.0865324 0.0513882 0.0189993 0.00334454 0.000236056 6.98281e-06 7.7828e-08 2.2492e-10 1.23838e-13 1.11123e-17 1.48397e-22
 1.27477e-41 1.7693e-33 2.96837e-26 6.0198e-20 1.47568e-14 4.37272e-10 1.56624e-06 0.000678126 0.0354904 0.224528 0.173176 0.0642005 0.191824 0.123749 0.116907 0.0548917 0.0121742 0.00220197 0.000173397 4.20743e-06 2.92956e-08 5.29283e-11 1.98677e-14 1.25456e-18 1.18383e-23
 1.14495e-41 1.58911e-33 2.66607e-26 5.40673e-20 1.3254e-14 3.92739e-10 1.40673e-06 0.000609065 0.031876 0.201665 0.156391 0.07983 0.239485 0.134411 0.0946588 0.0462326 0.0130837 0.00165421 9.92229e-05 2.35276e-06 1.35218e-08 1.61153e-11 3.7299e-15 1.51967e-19 9.72277e-25
 1.51031e-41 2.09621e-33 3.51682e-26 7.13204e-20 1.74834e-14 5.18064e-10 1.85562e-06 0.00080342 0.0420478 0.266014 0.205253 0.0695222 0.171175 0.103914 0.0942873 0.0376563 0.00820076 0.00106822 5.46197e-05 9.27179e-07 4.44135e-09 4.32002e-12 7.12301e-16 1.87465e-20 7.58865e-26
 1.54753e-41 2.14786e-33 3.60349e-26 7.3078e-20 1.79142e-14 5.30831e-10 1.90135e-06 0.000823218 0.043084 0.272573 0.21095 0.0831078 0.197085 0.0986789 0.0622591 0.0249743 0.00584566 0.000590564 2.52786e-05 3.58036e-07 1.24093e-09 9.01857e-13 1.16032e-16 2.29961e-21 6.55005e-27
 1.1554e-41 1.60362e-33 2.6904e-26 5.45608e-20 1.33749e-14 3.96324e-10 1.41957e-06 0.000614624 0.032167 0.203517 0.159471 0.103762 0.253397 0.128955 0.0870073 0.0263738 0.00431495 0.000404015 1.44326e-05 1.56522e-07 4.22189e-10 2.24745e-13 2.05863e-17 2.97965e-22 6.32539e-28
 1.72689e-41 2.39681e-33 4.02114e-26 8.15479e-20 1.99905e-14 5.92356e-10 2.12172e-06 0.000918632 0.0480776 0.304166 0.235112 0.0749896 0.140708 0.0900343 0.07958 0.0228584 0.00333337 0.000214324 5.69356e-06 4.92391e-08 9.91635e-11 3.89469e-14 2.60725e-18 2.68991e-23 4.02715e-29
 1.40035e-41 1.94359e-33 3.26078e-26 6.61279e-20 1.62105e-14 4.80346e-10 1.72052e-06 0.000744926 0.0389865 0.246671 0.193732 0.116408 0.234064 0.0985388 0.0511077 0.0166863 0.00289003 0.000164622 3.17153e-06 1.86854e-08 2.75065e-11 7.9366e-15 3.82989e-19 2.83706e-24 3.04099e-30
 1.19032e-41 1.65209e-33 2.77172e-26 5.62099e-20 1.37792e-14 4.08303e-10 1.46247e-06 0.000633201 0.0331392 0.209688 0.166234 0.118849 0.228819 0.131386 0.0903821 0.0186506 0.00209033 0.000124141 2.26822e-06 1.00257e-08 9.91965e-12 1.95244e-15 6.66772e-20 3.52672e-25 2.68768e-31
 9.47817e-42 1.31551e-33 2.20704e-26 4.47583e-20 1.0972e-14 3.25119e-10 1.16452e-06 0.000504199 0.0263878 0.166993 0.135174 0.132014 0.244276 0.154528 0.109355 0.0274456 0.00319914 0.000119528 1.67739e-06 6.62951e-09 5.19399e-12 7.15304e-16 1.6361e-20 5.85671e-26 3.09066e-32
 1.50282e-41 2.08582e-33 3.4994e-26 7.09671e-20 1.73967e-14 5.15497e-10 1.84643e-06 0.000799439 0.0418395 0.264734 0.207926 0.0988907 0.153476 0.120369 0.0868464 0.0222701 0.00273898 0.000106957 1.15286e-06 3.10163e-09 1.88417e-12 2.06902e-16 3.53942e-21 8.88713e-27 3.18339e-33
 1.05324e-41 1.46183e-33 2.45252e-26 4.97366e-20 1.21924e-14 3.61282e-10 1.29405e-06 0.00056028 0.0293229 0.185614 0.153791 0.170101 0.260908 0.117651 0.0623508 0.0174618 0.00215408 8.32273e-05 8.67561e-07 1.94083e-09 8.29202e-13 6.33903e-17 8.01331e-22 1.52265e-27 4.05412e-34
 1.53012e-41 2.1237e-33 3.56295e-26 7.22558e-20 1.77127e-14 5.24858e-10 1.87996e-06 0.000813957 0.0425994 0.269574 0.213842 0.111797 0.153943 0.126472 0.0686446 0.0112077 0.00106422 3.98172e-05 3.86658e-07 7.78603e-10 2.80068e-13 1.62571e-17 1.44276e-22 1.89438e-28 3.56768e-35
 1.08342e-41 1.50371e-33 2.52279e-26 5.11617e-20 1.25417e-14 3.71633e-10 1.33113e-06 0.000576333 0.0301632 0.191003 0.162309 0.190214 0.24715 0.112277 0.0532044 0.0121244 0.000952553 2.31562e-05 1.82557e-07 3.19989e-10 9.79103e-14 4.69025e-18 3.29549e-23 3.25402e-29 4.39798e-36
 1.38435e-41 1.92138e-33 3.22352e-26 6.53723e-20 1.60253e-14 4.74858e-10 1.70086e-06 0.000736415 0.0385412 0.243972 0.19855 0.135936 0.172782 0.140387 0.0600754 0.00838998 0.000614378 1.43545e-05 7.9668e-08 9.88093e-11 2.36879e-14 9.15011e-19 5.14183e-24 3.9991e-30 4.1806e-37
 1.5057e-41 2.08981e-33 3.5061e-26 7.11029e-20 1.743e-14 5.16484e-10 1.84996e-06 0.00080097 0.0419199 0.265417 0.218947 0.161338 0.173852 0.0912913 0.0390006 0.00702509 0.000398454 6.75894e-06 3.19381e-08 3.03892e-11 5.04827e-15 1.38e-19 5.77127e-25 3.43009e-31 2.75461e-38
 1.22079e-41 1.69438e-33 2.84268e-26 5.76489e-20 1.41319e-14 4.18755e-10 1.49991e-06 0.000649411 0.0339882 0.215369 0.187595 0.200246 0.211291 0.110278 0.0356918 0.00462597 0.000260434 4.02864e-06 1.38978e-08 9.89605e-12 1.26358e-15 2.52174e-20 7.35667e-26 3.04115e-32 1.73595e-39
 1.47502e-41 2.04723e-33 3.43465e-26 6.96541e-20 1.70749e-14 5.0596e-10 1.81227e-06 0.000784649 0.0410661 0.260125 0.218403 0.161801 0.168053 0.111755 0.0342136 0.00364923 0.000145443 1.7865e-06 5.29783e-09 2.92014e-12 2.68482e-16 3.89147e-21 8.35982e-27 2.51414e-33 1.01947e-40
 1.45282e-41 2.01641e-33 3.38295e-26 6.86056e-20 1.68179e-14 4.98344e-10 1.78499e-06 0.000772838 0.0404484 0.256386 0.222597 0.193717 0.173282 0.084761 0.0251076 0.00282978 9.50466e-05 8.38855e-07 1.78564e-09 7.61405e-13 5.46338e-17 5.8999e-22 9.09317e-28 1.94601e-34 5.65596e-42
 1.28394e-41 1.78203e-33 2.98973e-26 6.06311e-20 1.4863e-14 4.40417e-10 1.5775e-06 0.000683005 0.0357475 0.226839 0.206551 0.21509 0.192788 0.0977457 0.0225591 0.00193598 5.90999e-05 4.52824e-07 7.179e-10 2.13252e-13 1.08744e-17 8.66667e-23 9.99472e-29 1.58262e-35 3.33479e-43
 1.16516e-41 1.61716e-33 2.71313e-26 5.50217e-20 1.34879e-14 3.99672e-10 1.43156e-06 0.000619816 0.0324412 0.206111 0.195584 0.223187 0.204549 0.111521 0.0241785 0.00176722 3.96854e-05 2.35554e-07 3.04918e-10 7.00069e-14 2.56367e-18 1.41918e-23 1.14123e-29 1.28436e-36 1.95709e-44
 1.1446e-41 1.58864e-33 2.66526e-26 5.4051e-20 1.325e-14 3.92621e-10 1.4063e-06 0.000608882 0.0318688 0.202455 0.191309 0.216475 0.209072 0.119343 0.026833 0.00199366 4.07657e-05 1.97318e-07 2.02228e-10 3.83488e-14 1.18718e-18 5.45884e-24 3.52976e-30 3.1159e-37 3.68619e-45
#spawning biomass
 15564.6 25320.9 46290.8 60267.3 77807 84124.6 109439 120466 184732 276464 263563 342171 409963 394473 349204 383676 375096 423321 341102 374191 410140 381520 556154 635089 526015 551479 387907 509230 507947 6281.22 6281.22 6281.22 6281.22 6281.22 6281.22 6281.22 6281.22 6281.22 6281.22 6281.22 6281.22 6281.22 6281.22 6281.22 6281.22 6281.22 6281.22 6281.22 6281.22 6281.22 6281.22 6281.22 6281.22 6281.22 6281.22 6281.22 6281.22 6281.22 6281.22 6281.22 6281.22 6281.22 6281.22 6281.22 6281.22 6281.22 6281.22 6281.22 6281.22 6281.22 6281.22 6281.22 6281.22 6281.22 6281.22 6281.22 6281.22 6281.22 6281.22 6281.22 6281.22 6281.22 6281.22 6281.22 6281.22 6281.22 6281.22 6281.22 6281.22 6281.22 6281.22 6281.22 6281.22 6281.22 6281.22 6281.22 6281.22 6281.22 6281.22 6281.22 6281.22 6281.22 6281.22 6281.22 6281.22 6281.22 6281.22 6281.22 6281.22 6281.22 6281.22 6281.22 6281.22 6281.22 6281.22 6281.22 6281.22 6281.22 6281.22 6281.22 6281.22 6281.22 6281.22 6281.22 6281.22 6281.22 6281.22 6281.22 0 0 0 0 0 0 0 0 0 0 0 0 0 0 0 0 0 0 0 0 0 0 0 0 0
