SBPRF35
0.819782
Curr Bio
104327
B35
672725
F35
0.206005
FOFL
0
OFL
0
Bzero
234224
#pred survey bio
 7517.51 6757.46 8427.17 11312.6 16259.9 17369.4 16541.7 21558.5 32148.6 47063.5 58633.3 80700.7 104760 137440 128458 109455 103922 100794 104539 93749.1 98305.8 109226 110382 116906 123941 130356 121962 109272 2.32583e+06 3.92665e+06 4.5006e+06 4.52302e+06 4.23116e+06 3.81761e+06 3.39898e+06 3.0311e+06 2.73205e+06 2.50033e+06 2.32626e+06 2.19811e+06 2.10494e+06 2.03769e+06 1.98889e+06 1.9524e+06 1.92665e+06 1.90831e+06 1.89512e+06 1.88553e+06 1.87848e+06 1.87324e+06 1.86931e+06 1.86633e+06 1.86404e+06 1.86227e+06 1.8609e+06 1.85982e+06 1.85896e+06 1.85828e+06 1.85774e+06 1.85731e+06 1.85696e+06 1.85667e+06 1.85644e+06 1.85626e+06 1.85611e+06 1.85599e+06 1.85589e+06 1.8558e+06 1.85574e+06 1.85568e+06 1.85564e+06 1.8556e+06 1.85557e+06 1.85555e+06 1.85553e+06 1.85551e+06 1.8555e+06 1.85549e+06 1.85548e+06 1.85547e+06 1.85547e+06 1.85546e+06 1.85546e+06 1.85546e+06 1.85545e+06 1.85545e+06 1.85545e+06 1.85545e+06 1.85545e+06 1.85545e+06 1.85544e+06 1.85544e+06 1.85544e+06 1.85544e+06 1.85544e+06 1.85544e+06 1.85544e+06 1.85544e+06 1.85544e+06 1.85544e+06 1.85544e+06 1.85544e+06 1.85544e+06 1.85544e+06 1.85544e+06 1.85544e+06 1.85544e+06 1.85544e+06 1.85544e+06 1.85544e+06 1.85544e+06 1.85544e+06 1.85544e+06 1.85544e+06 1.85544e+06 1.85544e+06 1.85544e+06 1.85544e+06 1.85544e+06 1.85544e+06 1.85544e+06 1.85544e+06 1.85544e+06 1.85544e+06 1.85544e+06 1.85544e+06 1.85544e+06 1.85544e+06 0 0 0 0 0 0 0 0 0 0 0 0 0 0 0 0 0 0 0 0 0 0 0 0 0
#obs survey bio
 6910.81 8563.04 8954.66 11667.4 17423.6 17402.8 21844.6 22976.5 41179.2 40489.8 81572.9 111290 162355 115557 96924.7 106084 131549 112892 87301.9 92532.7 116091 110287 154657 99439.6 157742 143700 153838 83039.1
#pred catch bio
 5222.03 4648 6068.39 7755.04 12112.9 13499.9 12392.5 16170.4 23461 36669.9 44032 62967.5 78268.4 112230 106743 90691.3 87600.6 82440.5 90811.3 79325.2 81635.5 93818.7 94955.4 102686 108059 116401 110389 102748 0 31297.4 35674.8 35540 32875.7 29281.9 25718.9 22636.9 20170.5 18292.8 16911.4 15919.4 15219.6 14732.3 14394.4 14157.5 13999.7 13894.5 13824.4 13777.7 13746.6 13725.9 13712.1 13702.9 13696.7 13692.7 13689.9 13688.1 13686.9 13686.1 13685.6 13685.2 13685 13684.8 13684.7 13684.6 13684.6 13684.6 13684.5 13684.5 13684.5 13684.5 13684.5 13684.5 13684.5 13684.5 13684.5 13684.5 13684.5 13684.5 13684.5 13684.5 13684.5 13684.5 13684.5 13684.5 13684.5 13684.5 13684.5 13684.5 13684.5 13684.5 13684.5 13684.5 13684.5 13684.5 13684.5 13684.5 13684.5 13684.5 13684.5 13684.5 13684.5 13684.5 13684.5 13684.5 13684.5 13684.5 13684.5 13684.5 13684.5 13684.5 13684.5 13684.5 13684.5 13684.5 13684.5 13684.5 13684.5 13684.5 13684.5 13684.5 13684.5 13684.5 13684.5 13684.5 13684.5 13684.5 13684.5 13684.5 0 0 0 0 0 0 0 0 0 0 0 0 0 0 0 0 0 0 0 0 0 0 0 0 0
#obs catch bio
 4669.1 4481.96 5890.36 7494.63 11694.2 13306.4 12102 15627 22664.3 36181.8 42502.2 60581.8 75102.4 109767 105709 90922.3 85824.6 80573.7 89217.9 77559 79289.3 90440.2 90356 100985 104471 112094 107166 102924
#pred cpue bio
 6780.51 5796.02 7045.99 9307.15 13566.3 14962.7 13948.5 17457.7 25918.4 38656.1 48021.3 65799.4 85332.7 114059 109225 92049 86086.8 83205.5 86832.3 76997.1 80026.6 89364.8 90020 94454.9 99437.2 105896 99046.5 88696.9 1.83202e+06 3.89013e+06 4.46408e+06 4.48649e+06 4.19464e+06 3.78109e+06 3.36246e+06 2.99458e+06 2.69553e+06 2.46381e+06 2.28974e+06 2.16158e+06 2.06842e+06 2.00117e+06 1.95236e+06 1.91588e+06 1.89013e+06 1.87179e+06 1.85859e+06 1.849e+06 1.84195e+06 1.83672e+06 1.83279e+06 1.8298e+06 1.82752e+06 1.82575e+06 1.82438e+06 1.82329e+06 1.82244e+06 1.82176e+06 1.82122e+06 1.82078e+06 1.82043e+06 1.82015e+06 1.81992e+06 1.81974e+06 1.81959e+06 1.81946e+06 1.81936e+06 1.81928e+06 1.81922e+06 1.81916e+06 1.81912e+06 1.81908e+06 1.81905e+06 1.81903e+06 1.81901e+06 1.81899e+06 1.81898e+06 1.81897e+06 1.81896e+06 1.81895e+06 1.81895e+06 1.81894e+06 1.81894e+06 1.81893e+06 1.81893e+06 1.81893e+06 1.81893e+06 1.81893e+06 1.81892e+06 1.81892e+06 1.81892e+06 1.81892e+06 1.81892e+06 1.81892e+06 1.81892e+06 1.81892e+06 1.81892e+06 1.81892e+06 1.81892e+06 1.81892e+06 1.81892e+06 1.81892e+06 1.81892e+06 1.81892e+06 1.81892e+06 1.81892e+06 1.81892e+06 1.81892e+06 1.81892e+06 1.81892e+06 1.81892e+06 1.81892e+06 1.81892e+06 1.81892e+06 1.81892e+06 1.81892e+06 1.81892e+06 1.81892e+06 1.81892e+06 1.81892e+06 1.81892e+06 1.81892e+06 1.81892e+06 1.81892e+06 1.81892e+06 1.81892e+06 1.81892e+06 1.81892e+06 0 0 0 0 0 0 0 0 0 0 0 0 0 0 0 0 0 0 0 0 0 0 0 0 0
#obs cpue bio
 5015.23 11753.9 9317.93 15707.4 21398.4 15758.2 18729.8 26744.2 35309 45394 76582.1 82716.9 108410 160269 159752 90911 104096 102719 138208 113156 108976 165167 146763 124277 143869 173280 122029 110687
#pred surv len freq
 2.56547e-27 2.59455e-27 3.86817e-26 7.62032e-20 1.86803e-14 5.53531e-10 1.98265e-06 0.000858413 0.0449263 0.284216 0.217615 0.0372763 0.130844 0.120937 0.031065 0.0408421 0.0191238 0.0169016 0.0115729 0.00966438 0.00824441 0.00767566 0.00824249 0.00762804 0.00236429
 2.56753e-27 2.5998e-27 4.28198e-26 8.49309e-20 2.08198e-14 6.16927e-10 2.20973e-06 0.000956728 0.0500717 0.316767 0.242524 0.0406496 0.139017 0.128076 0.0253829 0.0258066 0.0102547 0.00679384 0.00379173 0.00266004 0.00197277 0.00163537 0.00160246 0.00151565 0.000518718
 2.5685e-27 2.60237e-27 4.49915e-26 8.95118e-20 2.19427e-14 6.50203e-10 2.32892e-06 0.00100833 0.0527725 0.333853 0.255575 0.0409495 0.132131 0.121676 0.0235268 0.0230918 0.00800167 0.00363359 0.00155383 0.000810377 0.000468436 0.000323957 0.000276657 0.000253987 9.09952e-05
 2.56918e-27 2.60416e-27 4.6515e-26 9.27256e-20 2.27306e-14 6.73547e-10 2.41253e-06 0.00104453 0.0546672 0.345839 0.26473 0.0410679 0.1266 0.116475 0.0208534 0.0182848 0.00624864 0.00267821 0.000909014 0.000319341 0.000125132 6.28187e-05 4.28413e-05 3.5834e-05 1.29322e-05
 2.56843e-27 2.60212e-27 4.46954e-26 8.88868e-20 2.17895e-14 6.45663e-10 2.31265e-06 0.00100129 0.052404 0.331522 0.253807 0.0416684 0.138845 0.127773 0.0228443 0.0199695 0.00657825 0.00244399 0.000798951 0.00024449 6.23677e-05 1.90025e-05 8.64581e-06 5.94528e-06 2.07875e-06
 2.56657e-27 2.59708e-27 4.02377e-26 7.94831e-20 1.94843e-14 5.77355e-10 2.06799e-06 0.000895361 0.0468599 0.296449 0.227047 0.0429915 0.167715 0.154415 0.0275621 0.0240293 0.00790988 0.00291918 0.000894597 0.000241995 5.45036e-05 1.06618e-05 2.5293e-06 1.15766e-06 3.69365e-07
 2.5679e-27 2.60074e-27 4.3537e-26 8.64435e-20 2.11906e-14 6.27915e-10 2.24908e-06 0.000973768 0.0509635 0.322409 0.246845 0.0414942 0.142409 0.131182 0.0256033 0.0254134 0.00837488 0.00308055 0.000941831 0.000247714 4.95616e-05 8.14937e-06 1.10045e-06 2.34685e-07 5.94097e-08
 2.56993e-27 2.6062e-27 4.83241e-26 9.65419e-20 2.36661e-14 7.01269e-10 2.51183e-06 0.00108752 0.0569171 0.360073 0.275589 0.0404926 0.114592 0.105408 0.0191496 0.017184 0.00590112 0.00255589 0.000791821 0.00020756 4.07331e-05 6.04725e-06 6.28249e-07 5.8557e-08 8.32923e-09
 2.57005e-27 2.60645e-27 4.84726e-26 9.68549e-20 2.37428e-14 7.03542e-10 2.51997e-06 0.00109105 0.0571017 0.361241 0.276489 0.0410316 0.118062 0.108487 0.0174734 0.0125635 0.0041531 0.00158821 0.000523942 0.000156169 3.09677e-05 4.50893e-06 4.19008e-07 2.46905e-08 1.40791e-09
 2.56916e-27 2.60405e-27 4.63459e-26 9.23684e-20 2.2643e-14 6.70953e-10 2.40324e-06 0.00104051 0.0544566 0.344507 0.263722 0.0416476 0.13172 0.121106 0.0199912 0.0151167 0.00473456 0.00138915 0.000420127 0.000116505 2.58823e-05 3.99652e-06 3.63247e-07 1.81144e-08 5.13285e-10
 2.56931e-27 2.60445e-27 4.67126e-26 9.31422e-20 2.28327e-14 6.76573e-10 2.42337e-06 0.00104923 0.0549128 0.347393 0.265923 0.0414785 0.128887 0.118504 0.0197588 0.0152452 0.00482874 0.00149443 0.000411841 9.00538e-05 1.79918e-05 2.92023e-06 2.87582e-07 1.39342e-08 3.00003e-10
 2.56953e-27 2.60508e-27 4.72778e-26 9.43345e-20 2.3125e-14 6.85234e-10 2.45439e-06 0.00106266 0.0556157 0.35184 0.269314 0.0412213 0.124547 0.114519 0.019405 0.0154433 0.00491619 0.00155872 0.000439011 9.71039e-05 1.59677e-05 2.17792e-06 2.16891e-07 1.12728e-08 2.30871e-10
 2.56956e-27 2.60512e-27 4.72927e-26 9.4366e-20 2.31327e-14 6.85463e-10 2.45521e-06 0.00106301 0.0556343 0.351958 0.269407 0.0414094 0.125913 0.115734 0.0187871 0.0137281 0.00439544 0.00144555 0.000412255 9.35847e-05 1.56976e-05 1.88311e-06 1.53522e-07 7.86964e-09 1.69291e-10
 2.56865e-27 2.60266e-27 4.51255e-26 8.9794e-20 2.20119e-14 6.52253e-10 2.33626e-06 0.00101151 0.0529388 0.334906 0.256395 0.0419469 0.139145 0.127973 0.0214774 0.0167799 0.00527662 0.00157292 0.000449392 0.00010541 1.81012e-05 2.21345e-06 1.62727e-07 6.91583e-09 1.44388e-10
 2.5673e-27 2.59899e-27 4.18662e-26 8.29181e-20 2.03264e-14 6.02307e-10 2.15736e-06 0.000934056 0.0488851 0.309261 0.23683 0.0430447 0.161245 0.148334 0.0244815 0.0185124 0.00590521 0.00189875 0.00052861 0.000114816 2.00365e-05 2.52596e-06 1.88455e-07 7.26061e-09 1.28613e-10
 2.56796e-27 2.60084e-27 4.35407e-26 8.64508e-20 2.11924e-14 6.27968e-10 2.24928e-06 0.00097385 0.0509678 0.322437 0.246877 0.0421712 0.147539 0.135774 0.0238608 0.0202582 0.00642642 0.0019917 0.00056711 0.000129678 2.13909e-05 2.63173e-06 2.02357e-07 7.85552e-09 1.26456e-10
 2.56875e-27 2.60296e-27 4.5397e-26 9.03668e-20 2.21523e-14 6.56413e-10 2.35116e-06 0.00101796 0.0532765 0.337042 0.258024 0.0418113 0.136969 0.125969 0.021192 0.016646 0.00542641 0.00192716 0.000549576 0.000122987 2.11396e-05 2.56964e-06 1.90228e-07 7.53287e-09 1.21178e-10
 2.56889e-27 2.6033e-27 4.56649e-26 9.09318e-20 2.22908e-14 6.60517e-10 2.36586e-06 0.00102433 0.0536096 0.339149 0.259636 0.0420261 0.13747 0.126368 0.0201178 0.014085 0.00449148 0.00145727 0.000433199 0.000107899 1.84311e-05 2.27477e-06 1.69268e-07 6.49788e-09 1.05475e-10
 2.56858e-27 2.60247e-27 4.49368e-26 8.93959e-20 2.19143e-14 6.4936e-10 2.3259e-06 0.00100703 0.0527041 0.333421 0.255264 0.0421525 0.141504 0.130117 0.0212664 0.0157551 0.00490737 0.00139353 0.000393578 9.2604e-05 1.72034e-05 2.2219e-06 1.66607e-07 6.4283e-09 1.02127e-10
 2.56913e-27 2.60394e-27 4.62201e-26 9.21031e-20 2.2578e-14 6.69025e-10 2.39634e-06 0.00103752 0.0543002 0.343518 0.262971 0.0419421 0.134488 0.123601 0.0193519 0.0130302 0.00409837 0.00123841 0.000336882 7.01275e-05 1.21517e-05 1.61635e-06 1.29447e-07 5.0693e-09 8.07268e-11
 2.56956e-27 2.6051e-27 4.72476e-26 9.42707e-20 2.31093e-14 6.8477e-10 2.45273e-06 0.00106194 0.0555781 0.351602 0.269139 0.041611 0.127635 0.117286 0.0183993 0.0124421 0.0038406 0.00104325 0.000285843 6.17572e-05 9.78757e-06 1.17715e-06 9.43773e-08 3.92493e-09 6.39138e-11
 2.56931e-27 2.60443e-27 4.66482e-26 9.30061e-20 2.27993e-14 6.75585e-10 2.41983e-06 0.00104769 0.0548325 0.346886 0.265541 0.0418359 0.131875 0.121188 0.0188977 0.0125968 0.0038905 0.00106033 0.000280762 5.58334e-05 9.02652e-06 1.04118e-06 7.49006e-08 3.07059e-09 5.2493e-11
 2.56946e-27 2.60482e-27 4.69851e-26 9.37169e-20 2.29736e-14 6.80748e-10 2.43832e-06 0.0010557 0.0552516 0.349537 0.267564 0.0417989 0.130171 0.119601 0.0183549 0.0117572 0.00361875 0.00097082 0.00025683 5.06653e-05 7.66676e-06 8.58184e-07 5.99847e-08 2.23433e-09 3.73398e-11
 2.56989e-27 2.60599e-27 4.80215e-26 9.59033e-20 2.35095e-14 6.96629e-10 2.49521e-06 0.00108033 0.0565406 0.357691 0.273786 0.0414877 0.123432 0.113383 0.0172798 0.0108687 0.00332104 0.00085287 0.00022315 4.34472e-05 6.53714e-06 6.99416e-07 4.64674e-08 1.66699e-09 2.57008e-11
 2.57019e-27 2.60678e-27 4.87069e-26 9.73489e-20 2.38639e-14 7.07131e-10 2.53282e-06 0.00109662 0.0573929 0.363083 0.277902 0.0414112 0.119958 0.110148 0.0161663 0.00914236 0.00277844 0.000699257 0.000180072 3.37291e-05 4.99438e-06 5.28124e-07 3.38099e-08 1.14915e-09 1.6897e-11
 2.56961e-27 2.60521e-27 4.7303e-26 9.43874e-20 2.31379e-14 6.85618e-10 2.45577e-06 0.00106325 0.0556469 0.352038 0.269476 0.0419219 0.129764 0.119178 0.0174207 0.00972679 0.00290847 0.000654031 0.000164493 3.0156e-05 4.32827e-06 4.44287e-07 2.79641e-08 9.17302e-10 1.27924e-11
 2.56963e-27 2.60525e-27 4.7347e-26 9.44802e-20 2.31607e-14 6.86292e-10 2.45818e-06 0.0010643 0.0557016 0.352384 0.26974 0.041887 0.129314 0.118768 0.0174484 0.00989295 0.00295422 0.000654861 0.000159395 2.64699e-05 3.67939e-06 3.6624e-07 2.226e-08 7.13474e-10 9.60352e-12
 2.56965e-27 2.60529e-27 4.73747e-26 9.45385e-20 2.3175e-14 6.86716e-10 2.4597e-06 0.00106496 0.055736 0.352601 0.269907 0.041935 0.129562 0.118983 0.0172386 0.00936073 0.00279819 0.00063013 0.000153256 2.49139e-05 3.22628e-06 2.98653e-07 1.75095e-08 5.41243e-10 7.08497e-12
#obs surv len freq
 1.65231e-41 2.29329e-33 3.84748e-26 7.8026e-20 1.91272e-14 5.66773e-10 2.03009e-06 0.000878958 0.0460012 0.291017 0.22296 0.0443467 0.163898 0.139208 0.0422393 0.0338994 0.0109295 0.00370774 0.000801589 0.000104521 5.96036e-06 1.06759e-07 4.44726e-10 3.47128e-13 4.41307e-17
 1.89659e-41 2.63234e-33 4.4163e-26 8.95616e-20 2.1955e-14 6.50566e-10 2.33022e-06 0.00100891 0.0528021 0.334041 0.255825 0.0440829 0.13314 0.107142 0.0343301 0.0262508 0.00820665 0.00259701 0.000510773 5.81887e-05 2.75556e-06 3.8858e-08 1.22319e-10 7.01505e-14 6.43321e-18
 1.92967e-41 2.67825e-33 4.49332e-26 9.11237e-20 2.23379e-14 6.61913e-10 2.37086e-06 0.0010265 0.053723 0.339868 0.260355 0.0470336 0.140608 0.105817 0.0269968 0.0173019 0.00535412 0.00159875 0.000286383 2.81009e-05 1.08974e-06 1.19967e-08 2.84117e-11 1.19631e-14 7.93003e-19
 1.96772e-41 2.73107e-33 4.58194e-26 9.29208e-20 2.27784e-14 6.74967e-10 2.41762e-06 0.00104675 0.0547826 0.346571 0.265538 0.0487409 0.138778 0.0983469 0.02606 0.0153607 0.00368798 0.000920003 0.000151653 1.28194e-05 4.02334e-07 3.42038e-09 6.05947e-12 1.86866e-15 8.95056e-20
 1.7669e-41 2.45235e-33 4.11432e-26 8.34376e-20 2.04537e-14 6.06082e-10 2.17089e-06 0.000939919 0.0491916 0.311202 0.238723 0.054904 0.175803 0.116923 0.0308096 0.0167388 0.00386157 0.000795177 9.93011e-05 7.01149e-06 1.78029e-07 1.16063e-09 1.52726e-12 3.4354e-16 1.18686e-20
 1.45023e-41 2.01283e-33 3.37694e-26 6.84836e-20 1.6788e-14 4.97458e-10 1.78181e-06 0.000771463 0.0403753 0.255428 0.196409 0.0625393 0.221233 0.140327 0.0491692 0.0267465 0.00580402 0.00107972 0.000110125 5.66111e-06 1.09541e-07 5.45164e-10 5.31584e-13 8.68814e-17 2.15816e-21
 2.08415e-41 2.89267e-33 4.85305e-26 9.84189e-20 2.41262e-14 7.14905e-10 2.56067e-06 0.00110868 0.058024 0.367078 0.281345 0.0503013 0.112722 0.0693856 0.0347543 0.0192781 0.0050053 0.000911634 8.04342e-05 3.18791e-06 4.33441e-08 1.54343e-10 1.09922e-13 1.3039e-17 2.32638e-22
 1.97893e-41 2.74663e-33 4.60804e-26 9.34501e-20 2.29082e-14 6.78812e-10 2.43139e-06 0.00105271 0.0550946 0.348547 0.267545 0.0603252 0.152687 0.0823065 0.0195864 0.00913803 0.0030456 0.000613001 5.48386e-05 1.80713e-06 1.80714e-08 4.41904e-11 2.1667e-14 1.81167e-18 2.30337e-23
 2.01575e-41 2.79773e-33 4.69377e-26 9.51888e-20 2.33344e-14 6.91441e-10 2.47663e-06 0.0010723 0.0561197 0.355033 0.272618 0.0617639 0.144996 0.0745215 0.0230873 0.00887669 0.00157388 0.000305115 3.02576e-05 9.52707e-07 7.71635e-09 1.36267e-11 4.56923e-15 2.58509e-19 2.25274e-24
 1.72578e-41 2.39527e-33 4.01857e-26 8.14958e-20 1.99777e-14 5.91977e-10 2.12037e-06 0.000918045 0.0480468 0.303965 0.234263 0.0762901 0.199567 0.0955464 0.0287197 0.010472 0.00195169 0.000240081 1.78799e-05 5.53312e-07 4.04278e-09 5.69448e-12 1.39149e-15 5.45838e-20 3.23077e-25
 2.0175e-41 2.80015e-33 4.69784e-26 9.52712e-20 2.33546e-14 6.9204e-10 2.47877e-06 0.00107322 0.0561683 0.355342 0.273234 0.0667057 0.139576 0.0664589 0.0292731 0.0101844 0.00176931 0.000201226 1.05495e-05 2.27078e-07 1.41567e-09 1.70258e-12 3.30801e-16 9.67565e-21 4.08386e-26
 1.84491e-41 2.56061e-33 4.29595e-26 8.71211e-20 2.13567e-14 6.32838e-10 2.26672e-06 0.000981413 0.0513633 0.324949 0.250806 0.0818006 0.180847 0.075841 0.0234259 0.00806646 0.00172703 0.000182177 8.08685e-06 1.22917e-07 5.15644e-10 4.70917e-13 7.33886e-17 1.69411e-21 5.44579e-27
 1.91815e-41 2.66227e-33 4.4665e-26 9.05798e-20 2.22046e-14 6.57962e-10 2.35671e-06 0.00102038 0.0534024 0.337851 0.260815 0.0810846 0.16139 0.0676687 0.0274996 0.00781977 0.00129637 0.00014366 6.07986e-06 7.39502e-08 2.18503e-10 1.32685e-13 1.44156e-17 2.4687e-22 6.05143e-28
 1.61374e-41 2.23976e-33 3.75766e-26 7.62046e-20 1.86807e-14 5.53542e-10 1.9827e-06 0.000858439 0.0449273 0.284245 0.221336 0.104545 0.217667 0.0843411 0.0313186 0.00905903 0.00156083 0.000134491 5.06331e-06 5.52826e-08 1.28729e-10 5.57764e-14 4.0888e-18 4.6967e-23 7.94833e-29
 1.48136e-41 2.05603e-33 3.44942e-26 6.99535e-20 1.71483e-14 5.08135e-10 1.82006e-06 0.000788021 0.0412419 0.260938 0.204424 0.113178 0.224049 0.0940966 0.0469118 0.0122516 0.00195217 0.000161135 4.89027e-06 4.28925e-08 8.2948e-11 2.82458e-14 1.51838e-18 1.21787e-23 1.40065e-29
 1.71867e-41 2.38541e-33 4.00202e-26 8.11601e-20 1.98954e-14 5.89538e-10 2.11163e-06 0.000914263 0.0478489 0.302737 0.236125 0.103035 0.176894 0.0763103 0.0414656 0.0123742 0.00213415 0.000155541 4.10851e-06 2.86028e-08 4.20732e-11 1.11075e-14 4.61753e-19 2.78147e-24 2.32177e-30
 1.69292e-41 2.34966e-33 3.94204e-26 7.99437e-20 1.95973e-14 5.80703e-10 2.07998e-06 0.000900561 0.0471318 0.298215 0.234097 0.118293 0.190976 0.0695116 0.0299123 0.00911354 0.0017152 0.000129529 2.98245e-06 1.6859e-08 1.91756e-11 3.76133e-15 1.15575e-19 5.19263e-25 3.23893e-31
 1.68924e-41 2.34456e-33 3.93348e-26 7.97702e-20 1.95547e-14 5.79442e-10 2.07547e-06 0.000898606 0.0470295 0.297581 0.234642 0.12437 0.185799 0.0703858 0.0306485 0.00732619 0.00122236 9.33191e-05 2.04892e-06 9.80357e-09 8.74006e-12 1.29815e-15 2.94587e-20 9.61951e-26 4.34415e-32
 1.64896e-41 2.28864e-33 3.83967e-26 7.78678e-20 1.90884e-14 5.65623e-10 2.02597e-06 0.000877175 0.0459079 0.290506 0.230844 0.135617 0.18876 0.0700253 0.0295224 0.00692114 0.000955347 5.99181e-05 1.19066e-06 5.03238e-09 3.69209e-12 4.25238e-16 7.23455e-21 1.73965e-26 5.71547e-33
 1.74886e-41 2.42731e-33 4.07231e-26 8.25857e-20 2.02449e-14 5.99893e-10 2.14872e-06 0.000930321 0.0486894 0.308118 0.244945 0.133691 0.168011 0.0632654 0.0258845 0.00570759 0.000718038 3.64498e-05 5.65596e-07 1.96616e-09 1.19397e-12 1.10481e-16 1.45661e-21 2.63619e-27 6.39266e-34
 1.70922e-41 2.37229e-33 3.98e-26 8.07136e-20 1.9786e-14 5.86296e-10 2.10001e-06 0.000909234 0.0475859 0.301172 0.241979 0.148084 0.172894 0.0599852 0.0221571 0.00467733 0.000531168 2.28263e-05 2.74571e-07 7.1503e-10 3.32643e-13 2.4039e-17 2.47284e-22 3.44674e-28 6.33094e-35
 1.7226e-41 2.39085e-33 4.01115e-26 8.13454e-20 1.99409e-14 5.90884e-10 2.11645e-06 0.00091635 0.0479584 0.303564 0.245517 0.153026 0.164914 0.0592826 0.020631 0.0037952 0.000379683 1.38608e-05 1.32562e-07 2.59412e-10 8.8112e-14 4.65921e-18 3.55755e-23 3.72204e-29 5.15126e-36
 1.7165e-41 2.38238e-33 3.99694e-26 8.10572e-20 1.98702e-14 5.88791e-10 2.10895e-06 0.000913104 0.0477886 0.302541 0.24712 0.161617 0.160959 0.0568153 0.0187182 0.0032431 0.000273849 8.16604e-06 6.21598e-08 9.29875e-11 2.33407e-14 8.92471e-19 4.88573e-24 3.67178e-30 3.67604e-37
 1.74353e-41 2.4199e-33 4.05989e-26 8.23337e-20 2.01831e-14 5.98063e-10 2.14217e-06 0.000927484 0.0485413 0.307359 0.252937 0.165693 0.151991 0.0533841 0.0163563 0.00261109 0.000193135 4.64321e-06 2.72612e-08 3.09707e-11 5.80047e-15 1.62549e-19 6.42937e-25 3.45725e-31 2.46355e-38
 1.68419e-41 2.33754e-33 3.92172e-26 7.95316e-20 1.94962e-14 5.77709e-10 2.06926e-06 0.000895918 0.0468896 0.297009 0.24913 0.181002 0.15508 0.0527597 0.0149147 0.00217518 0.000138977 2.73403e-06 1.23799e-08 1.0481e-11 1.44618e-15 2.96875e-20 8.54525e-26 3.32016e-32 1.6984e-39
 1.59754e-41 2.21728e-33 3.71994e-26 7.54396e-20 1.84931e-14 5.47986e-10 1.96279e-06 0.000849823 0.0444775 0.281881 0.242405 0.196571 0.160075 0.0567088 0.0149691 0.00195139 0.000106339 1.69744e-06 5.96929e-09 3.78956e-12 3.83031e-16 5.6962e-21 1.18327e-26 3.31298e-33 1.21931e-40
 1.60015e-41 2.2209e-33 3.72603e-26 7.55631e-20 1.85234e-14 5.48882e-10 1.96601e-06 0.000851214 0.0445507 0.282468 0.246094 0.199227 0.153383 0.0570097 0.014579 0.00175431 8.05516e-05 1.0295e-06 2.79583e-09 1.33486e-12 9.95261e-17 1.07633e-21 1.6104e-27 3.22999e-34 8.49536e-42
 1.63591e-41 2.27054e-33 3.8093e-26 7.72518e-20 1.89374e-14 5.61149e-10 2.00994e-06 0.000870237 0.0455469 0.288914 0.254216 0.199877 0.143445 0.0525877 0.0129985 0.00148282 5.89039e-05 6.02362e-07 1.25223e-09 4.4741e-13 2.46038e-17 1.9421e-22 2.10409e-28 3.03685e-35 5.72004e-43
#pred catch len freq
 2.56452e-27 2.59202e-27 3.64937e-26 7.15878e-20 1.75489e-14 5.20005e-10 1.86257e-06 0.000806421 0.0422052 0.267002 0.204473 0.0374263 0.141218 0.130555 0.0335354 0.04409 0.0206446 0.0182457 0.0124932 0.0104329 0.00890004 0.00828606 0.00889797 0.00823465 0.00255231
 2.56667e-27 2.59747e-27 4.07738e-26 8.06147e-20 1.97617e-14 5.85575e-10 2.09743e-06 0.000908108 0.0475271 0.30067 0.23024 0.0411098 0.15115 0.139287 0.0276047 0.0280655 0.0111523 0.0073885 0.00412362 0.00289287 0.00214545 0.00177852 0.00174272 0.00164831 0.000564121
 2.56784e-27 2.60059e-27 4.34235e-26 8.6204e-20 2.11319e-14 6.26175e-10 2.24286e-06 0.000971071 0.0508223 0.321516 0.246161 0.0413605 0.141872 0.130674 0.0252666 0.0247995 0.0085934 0.0039023 0.00166873 0.000870304 0.000503077 0.000347914 0.000297116 0.000272769 9.77244e-05
 2.56841e-27 2.60209e-27 4.46808e-26 8.88562e-20 2.1782e-14 6.4544e-10 2.31186e-06 0.00100095 0.0523859 0.331408 0.253718 0.041597 0.138363 0.127331 0.022797 0.019989 0.00683103 0.00292782 0.000993737 0.000349104 0.000136795 6.86736e-05 4.68343e-05 3.91739e-05 1.41375e-05
 2.56789e-27 2.60065e-27 4.33957e-26 8.6145e-20 2.11174e-14 6.25746e-10 2.24132e-06 0.000970405 0.0507875 0.321296 0.246004 0.0420479 0.147214 0.135498 0.0242253 0.0211768 0.00697593 0.00259174 0.00084725 0.00025927 6.6138e-05 2.01513e-05 9.16847e-06 6.30469e-06 2.20442e-06
 2.56614e-27 2.59589e-27 3.91906e-26 7.7274e-20 1.89428e-14 5.61309e-10 2.01051e-06 0.000870475 0.0455575 0.28821 0.22076 0.0432982 0.174465 0.160644 0.0286741 0.0249987 0.00822899 0.00303695 0.000930688 0.000251757 5.67024e-05 1.10919e-05 2.63134e-06 1.20436e-06 3.84266e-07
 2.56735e-27 2.59926e-27 4.22378e-26 8.37026e-20 2.05187e-14 6.08005e-10 2.17777e-06 0.000942892 0.0493476 0.312186 0.239045 0.0418441 0.150553 0.138704 0.0270714 0.0268706 0.00885512 0.0032572 0.000995839 0.000261919 5.24036e-05 8.61668e-06 1.16356e-06 2.48143e-07 6.28165e-08
 2.56947e-27 2.60497e-27 4.72386e-26 9.4252e-20 2.31048e-14 6.84635e-10 2.45225e-06 0.00106173 0.0555671 0.351533 0.269073 0.0408024 0.121528 0.111811 0.0203127 0.0182278 0.00625956 0.00271114 0.000839917 0.000220167 4.32073e-05 6.41457e-06 6.6641e-07 6.21139e-08 8.83516e-09
 2.56952e-27 2.60501e-27 4.71988e-26 9.41678e-20 2.30841e-14 6.84023e-10 2.45006e-06 0.00106078 0.0555175 0.351219 0.268843 0.041437 0.126519 0.116284 0.0187293 0.0134665 0.0044516 0.00170236 0.000561599 0.000167393 3.31934e-05 4.83301e-06 4.49123e-07 2.64651e-08 1.5091e-09
 2.56881e-27 2.60308e-27 4.54914e-26 9.05658e-20 2.22011e-14 6.57859e-10 2.35634e-06 0.0010202 0.0533938 0.337784 0.258592 0.0419169 0.137373 0.126319 0.0208518 0.0157675 0.00493838 0.00144896 0.000438213 0.000121521 2.69965e-05 4.16857e-06 3.78884e-07 1.88943e-08 5.35382e-10
 2.56883e-27 2.60316e-27 4.55668e-26 9.0725e-20 2.22401e-14 6.59015e-10 2.36048e-06 0.001022 0.0534877 0.338378 0.259044 0.0418365 0.136444 0.125474 0.0209209 0.0161418 0.00511273 0.00158232 0.000436063 9.53501e-05 1.905e-05 3.09198e-06 3.04496e-07 1.47537e-08 3.17648e-10
 2.5692e-27 2.60416e-27 4.64653e-26 9.26204e-20 2.27048e-14 6.72783e-10 2.4098e-06 0.00104335 0.0546052 0.345447 0.264437 0.0414717 0.129879 0.119438 0.0202385 0.0161066 0.00512735 0.00162567 0.000457867 0.000101275 1.66535e-05 2.27146e-06 2.26206e-07 1.1757e-08 2.40787e-10
 2.56908e-27 2.60382e-27 4.61334e-26 9.19202e-20 2.25331e-14 6.67697e-10 2.39158e-06 0.00103546 0.0541923 0.342836 0.262447 0.0417785 0.133612 0.122832 0.0199394 0.0145701 0.00466504 0.00153422 0.00043754 9.93247e-05 1.66604e-05 1.99862e-06 1.62938e-07 8.35232e-09 1.79674e-10
 2.56846e-27 2.60215e-27 4.46726e-26 8.88386e-20 2.17777e-14 6.45312e-10 2.3114e-06 0.00100075 0.0523756 0.331342 0.253676 0.0420878 0.142128 0.130724 0.021939 0.0171406 0.00539004 0.00160673 0.000459052 0.000107675 1.84903e-05 2.26103e-06 1.66225e-07 7.06449e-09 1.47492e-10
 2.56718e-27 2.59865e-27 4.15579e-26 8.22678e-20 2.0167e-14 5.97583e-10 2.14044e-06 0.00092673 0.0485017 0.306835 0.23498 0.0431417 0.163283 0.150213 0.0247917 0.0187469 0.00598003 0.00192281 0.000535307 0.00011627 2.02904e-05 2.55797e-06 1.90843e-07 7.35261e-09 1.30243e-10
 2.56783e-27 2.60047e-27 4.32159e-26 8.57656e-20 2.10244e-14 6.22991e-10 2.23145e-06 0.000966132 0.0505639 0.319881 0.244927 0.0422684 0.149649 0.137721 0.0242029 0.0205486 0.00651855 0.00202026 0.000575241 0.000131537 2.16976e-05 2.66946e-06 2.05258e-07 7.96814e-09 1.28269e-10
 2.5687e-27 2.60281e-27 4.5268e-26 9.00946e-20 2.20856e-14 6.54436e-10 2.34408e-06 0.0010149 0.053116 0.336027 0.257249 0.0418512 0.137816 0.12675 0.0213235 0.0167493 0.00546007 0.00193912 0.000552985 0.00012375 2.12707e-05 2.58559e-06 1.91408e-07 7.5796e-09 1.2193e-10
 2.56872e-27 2.60282e-27 4.52373e-26 9.00297e-20 2.20697e-14 6.53964e-10 2.34239e-06 0.00101417 0.0530778 0.335785 0.257069 0.0421643 0.140326 0.129 0.0205368 0.0143784 0.00458503 0.00148762 0.000442223 0.000110147 1.8815e-05 2.32215e-06 1.72794e-07 6.63323e-09 1.07672e-10
 2.56866e-27 2.60269e-27 4.51329e-26 8.98096e-20 2.20157e-14 6.52366e-10 2.33666e-06 0.00101169 0.052948 0.334964 0.256441 0.0420901 0.140202 0.128917 0.0210702 0.0156097 0.0048621 0.00138067 0.000389947 9.17497e-05 1.70447e-05 2.2014e-06 1.6507e-07 6.36899e-09 1.01185e-10
 2.5691e-27 2.60384e-27 4.61337e-26 9.19208e-20 2.25333e-14 6.67701e-10 2.39159e-06 0.00103547 0.0541927 0.342838 0.262452 0.0419704 0.135068 0.124136 0.0194356 0.0130866 0.0041161 0.00124377 0.00033834 7.04309e-05 1.22043e-05 1.62335e-06 1.30007e-07 5.09123e-09 8.1076e-11
 2.56945e-27 2.6048e-27 4.69865e-26 9.37199e-20 2.29743e-14 6.80769e-10 2.4384e-06 0.00105573 0.0552533 0.349548 0.267571 0.0416967 0.129389 0.118903 0.0186528 0.0126135 0.00389353 0.00105762 0.000289782 6.26082e-05 9.92245e-06 1.19338e-06 9.56778e-08 3.97902e-09 6.47946e-11
 2.56934e-27 2.6045e-27 4.67145e-26 9.31459e-20 2.28336e-14 6.76601e-10 2.42347e-06 0.00104927 0.054915 0.347407 0.265939 0.0418141 0.131429 0.120777 0.0188336 0.0125541 0.0038773 0.00105674 0.000279809 5.5644e-05 8.99591e-06 1.03765e-06 7.46466e-08 3.06018e-09 5.23149e-11
 2.56949e-27 2.60491e-27 4.70656e-26 9.38867e-20 2.30152e-14 6.81981e-10 2.44274e-06 0.00105761 0.0553517 0.35017 0.268048 0.041772 0.129627 0.1191 0.018278 0.0117079 0.00360358 0.000966751 0.000255753 5.04529e-05 7.63463e-06 8.54587e-07 5.97333e-08 2.22496e-09 3.71833e-11
 2.57001e-27 2.6063e-27 4.83028e-26 9.64966e-20 2.3655e-14 7.0094e-10 2.51065e-06 0.00108701 0.0568904 0.359904 0.275475 0.0413933 0.121527 0.111629 0.0170124 0.0107004 0.00326964 0.000839669 0.000219696 4.27748e-05 6.43597e-06 6.88591e-07 4.57482e-08 1.64119e-09 2.5303e-11
 2.57027e-27 2.607e-27 4.89072e-26 9.77715e-20 2.39675e-14 7.102e-10 2.54382e-06 0.00110138 0.0576421 0.364659 0.279105 0.0413422 0.118588 0.108886 0.0159811 0.00903764 0.00274661 0.000691247 0.000178009 3.33428e-05 4.93717e-06 5.22075e-07 3.34226e-08 1.13599e-09 1.67034e-11
 2.5698e-27 2.60573e-27 4.77661e-26 9.53643e-20 2.33774e-14 6.92714e-10 2.48119e-06 0.00107426 0.0562228 0.355681 0.272256 0.0417618 0.126593 0.116257 0.0169937 0.00948837 0.00283718 0.000638 0.000160461 2.94169e-05 4.22217e-06 4.33397e-07 2.72787e-08 8.94818e-10 1.24789e-11
 2.56988e-27 2.60594e-27 4.79548e-26 9.57625e-20 2.3475e-14 6.95607e-10 2.49155e-06 0.00107874 0.0564576 0.357166 0.273388 0.0416775 0.125156 0.114937 0.0168857 0.0095739 0.00285894 0.000633742 0.000154254 2.56163e-05 3.56073e-06 3.54429e-07 2.15421e-08 6.90465e-10 9.29381e-12
 2.57007e-27 2.60646e-27 4.84115e-26 9.67259e-20 2.37112e-14 7.02605e-10 2.51661e-06 0.0010896 0.0570256 0.360759 0.27613 0.0415745 0.122445 0.112428 0.0162889 0.00884501 0.00264403 0.000595414 0.000144812 2.35413e-05 3.04853e-06 2.82199e-07 1.65448e-08 5.11424e-10 6.69464e-12
#obs catch len freq
 1.64258e-41 2.2798e-33 3.82483e-26 7.75668e-20 1.90146e-14 5.63437e-10 2.01814e-06 0.000873785 0.0457304 0.289304 0.221651 0.0443088 0.16447 0.139742 0.0428222 0.0346221 0.0114622 0.00399616 0.000888525 0.000119382 7.0354e-06 1.30172e-07 5.60133e-10 4.51635e-13 5.92715e-17
 1.65749e-41 2.30049e-33 3.85955e-26 7.8271e-20 1.91872e-14 5.68552e-10 2.03646e-06 0.000881717 0.0461456 0.291931 0.223721 0.0464381 0.167714 0.134913 0.042152 0.0319388 0.0101284 0.00328155 0.000669915 7.89596e-05 3.86456e-06 5.6222e-08 1.82079e-10 1.07213e-13 1.00819e-17
 1.9101e-41 2.65109e-33 4.44775e-26 9.01994e-20 2.21113e-14 6.55199e-10 2.34682e-06 0.00101609 0.0531781 0.33642 0.2577 0.0458446 0.134857 0.102557 0.0339133 0.0243247 0.0074801 0.00224733 0.000414896 4.23649e-05 1.70474e-06 1.93617e-08 4.7106e-11 2.03062e-14 1.37461e-18
 1.9485e-41 2.70439e-33 4.53717e-26 9.20129e-20 2.25559e-14 6.68372e-10 2.394e-06 0.00103652 0.0542473 0.343185 0.262957 0.0489336 0.141243 0.100035 0.0261314 0.0158109 0.00481556 0.00135611 0.000226307 1.97239e-05 6.43846e-07 5.66402e-09 1.03121e-11 3.25275e-15 1.58843e-19
 1.9916e-41 2.76421e-33 4.63753e-26 9.40482e-20 2.30548e-14 6.83156e-10 2.44695e-06 0.00105945 0.0554472 0.350776 0.268826 0.0506648 0.138297 0.0920569 0.0250061 0.0137508 0.00322253 0.000765475 0.000116638 8.66648e-06 2.2678e-07 1.52962e-09 2.07305e-12 4.77446e-16 1.68155e-20
 1.79752e-41 2.49484e-33 4.18561e-26 8.48833e-20 2.08081e-14 6.16583e-10 2.2085e-06 0.000956204 0.0500439 0.316594 0.242955 0.0574989 0.17471 0.108932 0.0294059 0.0148513 0.00333011 0.000641031 7.42655e-05 4.58911e-06 9.61835e-08 4.94008e-10 4.95092e-13 8.29375e-17 2.10317e-21
 1.4891e-41 2.06677e-33 3.46743e-26 7.03187e-20 1.72378e-14 5.10788e-10 1.82956e-06 0.000792136 0.0414572 0.262274 0.201808 0.0661397 0.219837 0.131001 0.0472315 0.0235612 0.00495817 0.000855476 7.94898e-05 3.56456e-06 5.6808e-08 2.21366e-10 1.63683e-13 1.98714e-17 3.61727e-22
 2.11858e-41 2.94045e-33 4.93321e-26 1.00045e-19 2.45247e-14 7.26713e-10 2.60297e-06 0.00112699 0.0589824 0.373142 0.286069 0.0520288 0.11 0.0640191 0.0329354 0.0167325 0.00420599 0.000698137 5.54637e-05 1.88821e-06 2.10482e-08 5.86285e-11 3.15746e-14 2.77536e-18 3.62321e-23
 2.01853e-41 2.80159e-33 4.70024e-26 9.53199e-20 2.33666e-14 6.92394e-10 2.48004e-06 0.00107377 0.056197 0.355522 0.273016 0.0625933 0.148072 0.0744295 0.0180521 0.00797739 0.0025598 0.000466715 3.68066e-05 1.02514e-06 8.31271e-09 1.58459e-11 5.87267e-15 3.63462e-19 3.37674e-24
 2.05787e-41 2.85619e-33 4.79185e-26 9.71778e-20 2.3822e-14 7.0589e-10 2.52838e-06 0.0010947 0.0572923 0.362452 0.278441 0.0639134 0.139577 0.0671526 0.0211416 0.00739593 0.00128357 0.000232129 1.99658e-05 5.21319e-07 3.37299e-09 4.61049e-12 1.16614e-15 4.88267e-20 3.10796e-25
 1.7779e-41 2.46761e-33 4.13993e-26 8.39569e-20 2.0581e-14 6.09854e-10 2.1844e-06 0.000945769 0.0494978 0.313146 0.241538 0.0795785 0.192383 0.0861812 0.0262233 0.00876376 0.00155375 0.000174682 1.16698e-05 2.96931e-07 1.7066e-09 1.84163e-12 3.3791e-16 9.79944e-21 4.23812e-26
 2.0654e-41 2.86664e-33 4.80938e-26 9.75333e-20 2.39091e-14 7.08472e-10 2.53763e-06 0.00109871 0.0575019 0.363781 0.279881 0.0688029 0.132792 0.0598595 0.0264064 0.00834814 0.00137806 0.000140853 6.46377e-06 1.16356e-07 5.70088e-10 5.20455e-13 7.54386e-17 1.62652e-21 5.01393e-27
 1.89915e-41 2.63589e-33 4.42225e-26 8.96824e-20 2.19846e-14 6.51443e-10 2.33336e-06 0.00101027 0.0528733 0.334505 0.25842 0.0846631 0.171835 0.0675663 0.0209472 0.0067099 0.00133711 0.000125157 4.78295e-06 5.98261e-08 1.98279e-10 1.3766e-13 1.59349e-17 2.70043e-22 6.3265e-28
 1.97306e-41 2.73848e-33 4.59436e-26 9.31727e-20 2.28402e-14 6.76797e-10 2.42418e-06 0.00104959 0.0549311 0.347525 0.268528 0.0835302 0.152218 0.060552 0.0242732 0.00629821 0.000991187 9.74747e-05 3.4731e-06 3.42596e-08 7.92233e-11 3.6573e-14 2.95373e-18 3.70531e-23 6.59919e-29
 1.67821e-41 2.32924e-33 3.90778e-26 7.9249e-20 1.9427e-14 5.75656e-10 2.06191e-06 0.000892735 0.0467222 0.295606 0.230561 0.108372 0.20594 0.0756231 0.027632 0.00738521 0.00117056 8.94945e-05 2.84853e-06 2.48494e-08 4.47767e-11 1.46702e-14 7.98628e-19 6.72134e-24 8.25484e-30
 1.54999e-41 2.15129e-33 3.60923e-26 7.31946e-20 1.79428e-14 5.31678e-10 1.90438e-06 0.000824532 0.0431527 0.273034 0.214352 0.117566 0.212282 0.0861272 0.0411991 0.00989543 0.00145592 0.000104925 2.66106e-06 1.86604e-08 2.77333e-11 7.09176e-15 2.82179e-19 1.65742e-24 1.38436e-30
 1.7867e-41 2.47982e-33 4.16042e-26 8.43725e-20 2.06829e-14 6.12873e-10 2.19521e-06 0.00095045 0.0497428 0.314726 0.245877 0.105885 0.165538 0.0696138 0.0360213 0.00999454 0.0015483 9.80337e-05 2.14083e-06 1.17946e-08 1.33002e-11 2.62897e-15 8.06008e-20 3.54773e-25 2.14997e-31
 1.7607e-41 2.44373e-33 4.09987e-26 8.31446e-20 2.03819e-14 6.03953e-10 2.16326e-06 0.000936618 0.0490189 0.310164 0.243988 0.121207 0.17777 0.062395 0.0258175 0.00737612 0.0012426 7.99816e-05 1.50217e-06 6.66909e-09 5.77753e-12 8.45838e-16 1.91301e-20 6.26656e-26 2.83235e-32
 1.75877e-41 2.44106e-33 4.09538e-26 8.30535e-20 2.03596e-14 6.03292e-10 2.16089e-06 0.000935592 0.0489653 0.309841 0.244874 0.126979 0.172313 0.0634132 0.0259468 0.00579595 0.000877444 5.67511e-05 1.00097e-06 3.71692e-09 2.50891e-12 2.77079e-16 4.61722e-21 1.09775e-26 3.5875e-33
 1.72056e-41 2.38803e-33 4.00641e-26 8.12491e-20 1.99173e-14 5.90185e-10 2.11395e-06 0.000915266 0.0479015 0.303137 0.241532 0.138067 0.174514 0.0629802 0.0248548 0.00539454 0.000665386 3.56014e-05 5.65695e-07 1.83667e-09 1.01209e-12 8.62819e-17 1.07522e-21 1.87952e-27 4.46445e-34
 1.819e-41 2.52465e-33 4.23563e-26 8.58977e-20 2.10568e-14 6.23951e-10 2.23489e-06 0.000967631 0.0506421 0.320492 0.255438 0.135181 0.154273 0.0566162 0.0215016 0.00437898 0.000486136 2.07791e-05 2.57874e-07 6.86751e-10 3.11434e-13 2.12245e-17 2.04314e-22 2.68324e-28 4.69959e-35
 1.78061e-41 2.47136e-33 4.14622e-26 8.40846e-20 2.06123e-14 6.10781e-10 2.18772e-06 0.000947207 0.0495733 0.313775 0.252869 0.149228 0.158146 0.0532738 0.0182766 0.0035441 0.000351876 1.2577e-05 1.19904e-07 2.38693e-10 8.27736e-14 4.39157e-18 3.28784e-23 3.31743e-29 4.39455e-36
 1.79426e-41 2.49031e-33 4.17801e-26 8.47292e-20 2.07704e-14 6.15464e-10 2.20449e-06 0.000954469 0.0499534 0.316222 0.256567 0.153543 0.15044 0.0524746 0.0167655 0.00282393 0.00024562 7.37996e-06 5.54436e-08 8.24758e-11 2.08332e-14 8.07547e-19 4.47861e-24 3.38403e-30 3.37036e-37
 1.78872e-41 2.48263e-33 4.16513e-26 8.4468e-20 2.07063e-14 6.13567e-10 2.1977e-06 0.000951526 0.0497996 0.31531 0.258429 0.161492 0.146372 0.050006 0.0150943 0.00236693 0.000172153 4.19924e-06 2.49306e-08 2.81961e-11 5.24616e-15 1.46798e-19 5.83098e-25 3.16115e-31 2.27398e-38
 1.81525e-41 2.51945e-33 4.22691e-26 8.57208e-20 2.10134e-14 6.22667e-10 2.23029e-06 0.000965639 0.0505384 0.320051 0.264292 0.164755 0.137728 0.0466383 0.0130367 0.00187165 0.000117895 2.29619e-06 1.04624e-08 8.94991e-12 1.23866e-15 2.53528e-20 7.26822e-26 2.81776e-32 1.4421e-39
 1.75741e-41 2.43917e-33 4.09221e-26 8.29891e-20 2.03438e-14 6.02824e-10 2.15922e-06 0.000934867 0.0489282 0.309984 0.261027 0.179506 0.140386 0.0458303 0.0117846 0.00153259 8.26592e-05 1.30487e-06 4.55495e-09 2.89348e-12 2.94337e-16 4.40507e-21 9.17818e-27 2.56897e-33 9.43467e-41
 1.67286e-41 2.32182e-33 3.89534e-26 7.89967e-20 1.93651e-14 5.73823e-10 2.05534e-06 0.000889893 0.046575 0.295256 0.255012 0.194713 0.14532 0.0491033 0.0117144 0.00135102 6.16034e-05 7.82696e-07 2.10897e-09 1.00058e-12 7.43886e-17 8.05342e-22 1.20955e-27 2.43722e-34 6.43492e-42
 1.67553e-41 2.32552e-33 3.90154e-26 7.91224e-20 1.93959e-14 5.74737e-10 2.05861e-06 0.00089131 0.0466497 0.295875 0.258883 0.196714 0.139339 0.0491092 0.0113027 0.00118869 4.52417e-05 4.56865e-07 9.45609e-10 3.36196e-13 1.83948e-17 1.44614e-22 1.563e-28 2.25468e-35 4.25165e-43
#spawning biomass
 7340.12 6526.12 8095.04 10830.6 15611.9 16789.2 15917.7 20573.5 30651.9 45042.2 56082.4 77119.6 100091 131816 123825 105266 99632.9 96564.2 100279 89721.1 93912.4 104451 105488 111511 118054 124477 116454 104327 91969.6 185937 211857 211060 195325 174099 153056 134852 120285 109196 101037 95177.9 91044.7 88166.4 86171.3 84772.1 83839.8 83218.6 82804.7 82528.9 82345.2 82222.7 82141.1 82086.8 82050.6 82026.4 82010.3 81999.6 81992.5 81987.7 81984.6 81982.5 81981 81980.1 81979.5 81979.1 81978.8 81978.6 81978.5 81978.4 81978.3 81978.3 81978.3 81978.3 81978.3 81978.3 81978.2 81978.2 81978.2 81978.2 81978.2 81978.2 81978.2 81978.2 81978.2 81978.2 81978.2 81978.2 81978.2 81978.2 81978.2 81978.2 81978.2 81978.2 81978.2 81978.2 81978.2 81978.2 81978.2 81978.2 81978.2 81978.2 81978.2 81978.2 81978.2 81978.2 81978.2 81978.2 81978.2 81978.2 81978.2 81978.2 81978.2 81978.2 81978.2 81978.2 81978.2 81978.2 81978.2 81978.2 81978.2 81978.2 81978.2 81978.2 81978.2 81978.2 81978.2 81978.2 81978.2 81978.2 0 0 0 0 0 0 0 0 0 0 0 0 0 0 0 0 0 0 0 0 0 0 0 0 0
