SBPRF35
0.128718
Curr Bio
162639
B35
150316
F35
2.20305
FOFL
2.20305
OFL
64233.4
Bzero
36765.8
#pred survey bio
 12973.9 12001.8 13979.7 19690.4 24868.3 29070.7 34471.6 40057 46005.3 56108.6 74003.2 80492.9 96803.4 128554 129931 107416 91623.1 90182.4 90839.9 93683.3 89480.5 98304.4 98105.1 107622 118268 120501 112985 106204 87050.4 1.85271e+06 1.91398e+06 799837 429847 318744 268854 242602 228255 220368 216039 213672 212384 211685 211307 211103 210992 210933 210903 210886 210878 210873 210871 210869 210869 210868 210868 210868 210868 210868 210868 210868 210868 210868 210868 210868 210868 210868 210868 210868 210868 210868 210868 210868 210868 210868 210868 210868 210868 210868 210868 210868 210868 210868 210868 210868 210868 210868 210868 210868 210868 210868 210868 210868 210868 210868 210868 210868 210868 210868 210868 210868 210868 210868 210868 210868 210868 210868 210868 210868 210868 210868 210868 210868 210868 210868 210868 210868 210868 210868 210868 210868 210868 210868 210868 210868 210868 210868 210868 210868 210868 0 0 0 0 0 0 0 0 0 0 0 0 0 0 0 0 0 0 0 0 0 0 0 0 0
#obs survey bio
 11448.3 12267.5 16020 16185.4 25400.3 34380.1 34720.2 40723.2 37103 47712.2 117805 97695.9 97034.5 137618 112296 77215.1 83144.7 78022.4 121225 82322.6 101319 114923 96807.1 165673 134730 110447 78631.8 106674 77483.1
#pred catch bio
 5687.53 5783.43 6476.89 9797.29 14212.9 17095.9 20469 25357.7 31656.3 37272.9 54682.3 61397.9 69332.1 97271.9 105814 94341.3 78977.1 77122 76675.4 85746.5 81911.5 94614.1 88600.9 101572 117149 122199 113345 114591 94326.1 64233.4 63597.1 15107.7 6754.01 6028.42 5973.29 5969.39 5969.12 5969.11 5969.11 5969.11 5969.11 5969.11 5969.11 5969.11 5969.11 5969.11 5969.11 5969.11 5969.11 5969.11 5969.11 5969.11 5969.11 5969.11 5969.11 5969.11 5969.11 5969.11 5969.11 5969.11 5969.11 5969.11 5969.11 5969.11 5969.11 5969.11 5969.11 5969.11 5969.11 5969.11 5969.11 5969.11 5969.11 5969.11 5969.11 5969.11 5969.11 5969.11 5969.11 5969.11 5969.11 5969.11 5969.11 5969.11 5969.11 5969.11 5969.11 5969.11 5969.11 5969.11 5969.11 5969.11 5969.11 5969.11 5969.11 5969.11 5969.11 5969.11 5969.11 5969.11 5969.11 5969.11 5969.11 5969.11 5969.11 5969.11 5969.11 5969.11 5969.11 5969.11 5969.11 5969.11 5969.11 5969.11 5969.11 5969.11 5969.11 5969.11 5969.11 5969.11 5969.11 5969.11 5969.11 5969.11 5969.11 5969.11 5969.11 5969.11 5969.11 0 0 0 0 0 0 0 0 0 0 0 0 0 0 0 0 0 0 0 0 0 0 0 0 0
#obs catch bio
 5952.26 5929.01 6528.09 9935.38 14780 17269.3 20665.7 25453.9 32159.7 36744.6 53275.5 61055 67761.5 95226.8 107082 97791.6 78690.5 77187.9 73735.6 86351.7 79934.3 92498.6 85572.9 96512.4 113617 120398 114157 113793 94399.9
#pred cpue bio
 12166.3 10922.3 12163.6 17465.4 22106.8 25604.9 30502.6 35374.1 40175.1 47658.4 64680.7 69657.2 81228.6 111768 115923 94539.5 79093.4 77886.4 78022.8 81105 75385.7 83086 83281.3 90416.6 99017.2 101827 95375.2 90340.5 73023.5 1.53156e+06 1.88092e+06 785756 410137 298717 248809 222556 208209 200321 195993 193626 192337 191638 191261 191056 190946 190887 190856 190840 190831 190827 190824 190823 190822 190822 190822 190822 190821 190821 190821 190821 190821 190821 190821 190821 190821 190821 190821 190821 190821 190821 190821 190821 190821 190821 190821 190821 190821 190821 190821 190821 190821 190821 190821 190821 190821 190821 190821 190821 190821 190821 190821 190821 190821 190821 190821 190821 190821 190821 190821 190821 190821 190821 190821 190821 190821 190821 190821 190821 190821 190821 190821 190821 190821 190821 190821 190821 190821 190821 190821 190821 190821 190821 190821 190821 190821 190821 190821 190821 190821 0 0 0 0 0 0 0 0 0 0 0 0 0 0 0 0 0 0 0 0 0 0 0 0 0
#obs cpue bio
 9601.84 6975.96 9312.52 13157.2 12897.4 23223.7 27958.6 32704.1 40611.1 84132.5 63798.7 64382.1 97466.1 145362 84004.9 86420.2 84331.4 105814 110018 72660 118302 89943.4 170539 144023 107985 124648 106016 138809 77848.4
#pred surv len freq
 2.55862e-27 2.57608e-27 2.2344e-26 4.17374e-20 1.02314e-14 3.03175e-10 1.08592e-06 0.000470163 0.0246066 0.155669 0.119542 0.0425541 0.239913 0.221705 0.0511856 0.061356 0.0252173 0.0178751 0.0105485 0.00775343 0.00592869 0.00502655 0.0049621 0.00435883 0.00132632
 2.5613e-27 2.58375e-27 2.94414e-26 5.6711e-20 1.3902e-14 4.11941e-10 1.4755e-06 0.000638837 0.0334344 0.211516 0.162111 0.037865 0.174324 0.162182 0.0590309 0.0940793 0.0327498 0.0148784 0.00659448 0.00365554 0.00225534 0.00162389 0.00141197 0.0012358 0.000411538
 2.56417e-27 2.59099e-27 3.52777e-26 6.9021e-20 1.69197e-14 5.0136e-10 1.79579e-06 0.000777507 0.0406919 0.257429 0.197222 0.0411642 0.174762 0.161428 0.0379252 0.0462285 0.0197123 0.0142626 0.00494727 0.00173689 0.000726893 0.000394673 0.000281019 0.00022966 7.9042e-05
 2.56258e-27 2.58651e-27 3.11526e-26 6.03182e-20 1.47863e-14 4.38144e-10 1.56936e-06 0.000679472 0.0355611 0.22497 0.172476 0.0435989 0.210677 0.194458 0.0418147 0.0465486 0.0161846 0.00744678 0.003428 0.00151078 0.000394051 0.000128184 6.38009e-05 4.43611e-05 1.50664e-05
 2.56249e-27 2.58641e-27 3.11931e-26 6.0404e-20 1.48073e-14 4.38767e-10 1.57159e-06 0.000680439 0.0356117 0.22529 0.172701 0.0424142 0.201503 0.186307 0.0460876 0.0583322 0.0195417 0.00763359 0.0025538 0.000915573 0.000322261 7.30982e-05 1.89453e-05 9.30296e-06 2.943e-06
 2.56307e-27 2.58786e-27 3.23601e-26 6.28656e-20 1.54107e-14 4.56648e-10 1.63564e-06 0.000708168 0.0370629 0.234471 0.179722 0.0430553 0.20145 0.186009 0.0415323 0.0480454 0.0168484 0.00774332 0.00244423 0.000680171 0.000172176 4.41596e-05 7.65339e-06 1.84852e-06 4.82619e-07
 2.56268e-27 2.58675e-27 3.13254e-26 6.06827e-20 1.48756e-14 4.40791e-10 1.57884e-06 0.000683578 0.035776 0.226329 0.173517 0.043798 0.211461 0.195178 0.0419218 0.0465761 0.0156434 0.00621371 0.0020928 0.000644034 0.000134169 2.47628e-05 4.04329e-06 5.14045e-07 8.17888e-08
 2.56285e-27 2.58722e-27 3.17713e-26 6.16233e-20 1.51062e-14 4.47624e-10 1.60331e-06 0.000694174 0.0363306 0.229838 0.176189 0.0433933 0.206504 0.19068 0.0425062 0.0490311 0.01623 0.00604098 0.0018854 0.000531532 0.00012177 1.99122e-05 2.35917e-06 2.22054e-07 1.74702e-08
 2.56355e-27 2.58905e-27 3.33072e-26 6.48632e-20 1.59004e-14 4.71158e-10 1.68761e-06 0.000730671 0.0382407 0.241921 0.18542 0.0436021 0.201607 0.186008 0.038902 0.0419816 0.0140081 0.00539757 0.00164486 0.000428855 8.86325e-05 1.48278e-05 1.57917e-06 1.0597e-07 4.87894e-09
 2.56514e-27 2.59325e-27 3.69002e-26 7.24424e-20 1.77584e-14 5.26213e-10 1.8848e-06 0.000816049 0.042709 0.270189 0.207004 0.0435322 0.185911 0.171315 0.0325415 0.0311314 0.0100646 0.00340695 0.00103933 0.00027553 5.35517e-05 8.09571e-06 8.39318e-07 4.88006e-08 1.49474e-09
 2.56332e-27 2.58823e-27 3.24044e-26 6.2958e-20 1.54334e-14 4.57319e-10 1.63804e-06 0.000709209 0.0371175 0.234816 0.180022 0.0453405 0.218629 0.201414 0.0361839 0.0318418 0.00997764 0.0028847 0.000820738 0.000196773 3.84606e-05 5.58959e-06 5.24811e-07 2.86992e-08 7.20661e-10
 2.56399e-27 2.59008e-27 3.40804e-26 6.64937e-20 1.63001e-14 4.83002e-10 1.73003e-06 0.000749038 0.039202 0.248003 0.190078 0.0445137 0.205272 0.189177 0.0356356 0.0336576 0.0103066 0.00256135 0.000675727 0.00013927 2.4402e-05 3.39841e-06 3.07628e-07 1.53228e-08 3.50714e-10
 2.56572e-27 2.59471e-27 3.8111e-26 7.49964e-20 1.83845e-14 5.44765e-10 1.95126e-06 0.000844819 0.0442148 0.279715 0.214283 0.0438876 0.183501 0.168947 0.0295031 0.0247668 0.00765822 0.00204563 0.000521667 9.27919e-05 1.41345e-05 1.70416e-06 1.43341e-07 6.80137e-09 1.42296e-10
 2.56359e-27 2.58889e-27 3.29117e-26 6.40279e-20 1.56957e-14 4.65091e-10 1.66588e-06 0.000721261 0.0377482 0.238806 0.183076 0.0458024 0.219999 0.202549 0.0340467 0.0266608 0.00808323 0.00191195 0.000489039 9.14003e-05 1.26689e-05 1.2917e-06 9.20955e-08 3.98034e-09 7.83265e-11
 2.56188e-27 2.58435e-27 2.89748e-26 5.5723e-20 1.36598e-14 4.04765e-10 1.4498e-06 0.000627708 0.032852 0.207831 0.159431 0.0462457 0.239985 0.221174 0.0406583 0.0370428 0.0111032 0.00236167 0.0005734 9.70056e-05 1.37122e-05 1.34893e-06 8.09254e-08 2.92624e-09 5.17907e-11
 2.56287e-27 2.58705e-27 3.13882e-26 6.08144e-20 1.49079e-14 4.41748e-10 1.58227e-06 0.000685062 0.0358537 0.226821 0.173917 0.0453566 0.223041 0.205568 0.0384243 0.035891 0.0109769 0.00269756 0.00065332 9.95848e-05 1.28618e-05 1.21189e-06 7.09201e-08 2.18487e-09 3.22122e-11
 2.564e-27 2.58998e-27 3.38413e-26 6.59889e-20 1.61764e-14 4.79335e-10 1.7169e-06 0.000743351 0.0389043 0.24612 0.188661 0.0458214 0.216219 0.198989 0.0321282 0.0231816 0.00703505 0.00169072 0.000422769 7.22789e-05 8.94572e-06 7.54626e-07 4.11487e-08 1.21551e-09 1.54658e-11
 2.56395e-27 2.58983e-27 3.36911e-26 6.56718e-20 1.60987e-14 4.77032e-10 1.70865e-06 0.000739779 0.0387174 0.244937 0.187761 0.0459964 0.218183 0.200783 0.0320955 0.0226397 0.0066256 0.00118638 0.000279097 4.72902e-05 6.29943e-06 5.51623e-07 2.72088e-08 7.36969e-10 8.82373e-12
 2.5643e-27 2.59078e-27 3.45482e-26 6.74801e-20 1.65419e-14 4.90167e-10 1.7557e-06 0.000760149 0.0397835 0.251682 0.192905 0.0456276 0.211763 0.194885 0.0315524 0.0228849 0.00668831 0.00117242 0.000256777 3.35464e-05 4.19209e-06 3.80563e-07 1.98424e-08 5.00849e-10 5.46126e-12
 2.56381e-27 2.58944e-27 3.33535e-26 6.49596e-20 1.59241e-14 4.71859e-10 1.69012e-06 0.000731757 0.0382975 0.242281 0.185733 0.0460529 0.220037 0.202504 0.0325968 0.0233502 0.00685058 0.00124898 0.000274907 3.4636e-05 3.66573e-06 2.76481e-07 1.44337e-08 3.81857e-10 3.97586e-12
 2.56536e-27 2.59362e-27 3.7012e-26 7.26775e-20 1.7816e-14 5.2792e-10 1.89092e-06 0.000818697 0.0428477 0.271066 0.207701 0.0452635 0.198596 0.182644 0.0277334 0.0172582 0.0050105 0.000847684 0.000184711 2.39866e-05 2.51404e-06 1.68983e-07 7.18343e-09 1.80987e-10 1.94617e-12
 2.56514e-27 2.59297e-27 3.63977e-26 7.13814e-20 1.74983e-14 5.18506e-10 1.8572e-06 0.000804097 0.0420835 0.266232 0.204018 0.0458142 0.205374 0.188813 0.0272715 0.0146494 0.0041831 0.000611266 0.000126367 1.53735e-05 1.61046e-06 1.09455e-07 4.26569e-09 8.88272e-11 8.77332e-13
 2.56486e-27 2.59219e-27 3.56807e-26 6.98687e-20 1.71275e-14 5.07517e-10 1.81784e-06 0.000787056 0.0411917 0.26059 0.199718 0.0462829 0.211962 0.194834 0.0272713 0.0131309 0.00368723 0.000448137 8.50762e-05 9.01137e-06 8.74519e-07 5.70046e-08 2.23363e-09 4.34694e-11 3.62465e-13
 2.5655e-27 2.59397e-27 3.73191e-26 7.33252e-20 1.79748e-14 5.32625e-10 1.90777e-06 0.000825993 0.0432295 0.273482 0.209545 0.0452574 0.197254 0.181392 0.0272554 0.0164746 0.00463812 0.000536709 9.74236e-05 8.70236e-06 7.4101e-07 4.2396e-08 1.55937e-09 2.99467e-11 2.35978e-13
 2.56563e-27 2.5943e-27 3.75593e-26 7.38319e-20 1.8099e-14 5.36306e-10 1.92096e-06 0.000831701 0.0435282 0.275372 0.210994 0.0455885 0.198756 0.182676 0.0256421 0.0124791 0.0035388 0.00048937 9.38829e-05 7.96897e-06 6.15864e-07 2.93608e-08 9.30296e-10 1.63123e-11 1.24681e-13
 2.56509e-27 2.5928e-27 3.61897e-26 7.09424e-20 1.73907e-14 5.15317e-10 1.84578e-06 0.000799152 0.0418247 0.264595 0.202776 0.0463281 0.210157 0.19312 0.0260971 0.0108852 0.00302139 0.000328273 5.91069e-05 5.86128e-06 4.72613e-07 2.07872e-08 5.58539e-10 8.21101e-12 5.6133e-14
 2.56515e-27 2.59294e-27 3.63154e-26 7.12076e-20 1.74557e-14 5.17243e-10 1.85268e-06 0.000802138 0.041981 0.265584 0.203531 0.0463124 0.209508 0.192516 0.0259112 0.0106121 0.00291921 0.000272754 4.42378e-05 3.5342e-06 2.78369e-07 1.38724e-08 3.62257e-10 4.59966e-12 2.61445e-14
 2.56472e-27 2.59178e-27 3.52858e-26 6.90356e-20 1.69233e-14 5.01466e-10 1.79617e-06 0.000777672 0.0407006 0.257483 0.197351 0.046633 0.21629 0.198773 0.0269884 0.0114923 0.00316476 0.00029437 4.68557e-05 3.24245e-06 2.16195e-07 9.12981e-09 2.54312e-10 3.32881e-12 1.68318e-14
 2.56546e-27 2.59375e-27 3.7002e-26 7.26559e-20 1.78107e-14 5.27763e-10 1.89036e-06 0.000818453 0.0428349 0.270986 0.207656 0.0463489 0.206887 0.190037 0.0243748 0.00773557 0.00210176 0.000186593 2.89137e-05 1.97664e-06 1.24414e-07 4.38393e-09 1.01296e-10 1.28703e-12 6.80967e-15
#obs surv len freq
 1.08151e-41 1.50107e-33 2.51836e-26 5.10718e-20 1.25196e-14 3.7098e-10 1.32879e-06 0.00057532 0.0301099 0.190485 0.146161 0.0401011 0.173152 0.146563 0.10411 0.10215 0.0445428 0.017537 0.00398327 0.000502527 2.59305e-05 3.96689e-07 1.34991e-09 8.31794e-13 8.13546e-17
 1.60596e-41 2.22897e-33 3.73956e-26 7.58375e-20 1.85907e-14 5.50875e-10 1.97315e-06 0.000854304 0.0447109 0.282854 0.21671 0.0406953 0.126597 0.102163 0.0758447 0.0685059 0.0285825 0.0101874 0.00206019 0.00022267 9.37704e-06 1.10927e-07 2.80661e-10 1.25658e-13 8.81214e-18
 1.53347e-41 2.12835e-33 3.57076e-26 7.24142e-20 1.77515e-14 5.26009e-10 1.88408e-06 0.000815741 0.0426927 0.270087 0.207191 0.0500004 0.176867 0.128941 0.0566649 0.0428181 0.0172728 0.00556563 0.000989131 8.95557e-05 3.02298e-06 2.74739e-08 5.1594e-11 1.67628e-14 8.4215e-19
 1.077e-41 1.49481e-33 2.50785e-26 5.08587e-20 1.24674e-14 3.69432e-10 1.32325e-06 0.00057292 0.0299843 0.189692 0.146032 0.0564257 0.229857 0.162863 0.0981142 0.0659373 0.0159821 0.00389279 0.000599539 4.47149e-05 1.18465e-06 8.15385e-09 1.13071e-11 2.66428e-15 9.5914e-20
 1.50181e-41 2.08441e-33 3.49704e-26 7.09192e-20 1.7385e-14 5.15149e-10 1.84518e-06 0.0007989 0.0418112 0.264511 0.202967 0.0472158 0.142247 0.104195 0.104039 0.0691825 0.0191101 0.00356879 0.000333069 1.87812e-05 3.8385e-07 1.96991e-09 1.99526e-12 3.39283e-16 8.74305e-21
 1.19906e-41 1.66421e-33 2.79207e-26 5.66225e-20 1.38803e-14 4.113e-10 1.47321e-06 0.000637849 0.0333825 0.211191 0.162808 0.0649688 0.231225 0.144047 0.0785927 0.0498987 0.0191722 0.00376547 0.00029822 1.02571e-05 1.39431e-07 5.18005e-10 3.78695e-13 4.60608e-17 8.44878e-22
 1.37524e-41 1.90874e-33 3.2023e-26 6.4942e-20 1.59198e-14 4.71732e-10 1.68967e-06 0.000731568 0.0382873 0.24222 0.186378 0.0578417 0.174794 0.116542 0.110147 0.0572551 0.0130186 0.00254639 0.000229137 6.61373e-06 5.66665e-08 1.31267e-10 6.54119e-14 5.59861e-18 7.25098e-23
 1.19584e-41 1.65975e-33 2.78458e-26 5.64707e-20 1.38431e-14 4.10197e-10 1.46926e-06 0.000636138 0.033293 0.210627 0.162823 0.0722769 0.22725 0.133284 0.0935609 0.0493005 0.0147328 0.00207335 0.000137224 3.87798e-06 2.78799e-08 4.28323e-11 1.31393e-14 7.2534e-19 6.37354e-24
 1.51259e-41 2.09937e-33 3.52213e-26 7.14282e-20 1.75098e-14 5.18847e-10 1.85842e-06 0.000804634 0.0421113 0.266414 0.205241 0.0644136 0.167006 0.104096 0.0965094 0.042322 0.00961158 0.0013848 8.11143e-05 1.62475e-06 9.66611e-09 1.21915e-11 2.66836e-15 9.48774e-20 5.26469e-25
 1.51951e-41 2.10897e-33 3.53824e-26 7.17548e-20 1.75898e-14 5.21219e-10 1.86692e-06 0.000808313 0.0423039 0.267635 0.20679 0.0778665 0.1981 0.10359 0.0663296 0.0285982 0.00713258 0.000804113 3.90028e-05 6.63537e-07 2.86687e-09 2.68508e-12 4.581e-16 1.22524e-20 4.76372e-26
 1.09591e-41 1.52104e-33 2.55187e-26 5.17514e-20 1.26862e-14 3.75917e-10 1.34647e-06 0.000582976 0.0305106 0.193034 0.150903 0.0972253 0.258284 0.136159 0.0952775 0.0318924 0.00552923 0.000576697 2.38342e-05 3.10489e-07 1.04973e-09 7.23868e-13 8.77757e-17 1.71058e-21 4.94926e-27
 1.66592e-41 2.31218e-33 3.87917e-26 7.86688e-20 1.92847e-14 5.71442e-10 2.04681e-06 0.000886199 0.0463801 0.293425 0.226555 0.071268 0.14475 0.0940136 0.0894402 0.0284082 0.00453045 0.000331509 1.01512e-05 1.06557e-07 2.70474e-10 1.37822e-13 1.22418e-17 1.70123e-22 3.46707e-28
 1.33645e-41 1.85491e-33 3.11199e-26 6.31106e-20 1.54708e-14 4.58429e-10 1.64202e-06 0.000710937 0.0372076 0.235411 0.184431 0.11044 0.242667 0.106711 0.0576431 0.0204893 0.00401557 0.000266616 6.09141e-06 4.38479e-08 8.16392e-11 3.06979e-14 1.96875e-18 1.96568e-23 2.86911e-29
 1.11962e-41 1.55395e-33 2.60708e-26 5.2871e-20 1.29607e-14 3.8405e-10 1.3756e-06 0.000595589 0.0311708 0.197226 0.155873 0.112006 0.235402 0.137517 0.103293 0.0237919 0.00291615 0.000202503 4.52379e-06 2.50348e-08 3.17099e-11 8.16667e-15 3.71691e-19 2.65463e-24 2.75664e-30
 8.7481e-42 1.21418e-33 2.03704e-26 4.13107e-20 1.01268e-14 3.00076e-10 1.07482e-06 0.000465362 0.0243552 0.154122 0.124229 0.123547 0.249512 0.159932 0.124491 0.03451 0.00462845 0.000203425 3.4536e-06 1.73771e-08 1.77648e-11 3.24064e-15 9.94353e-20 4.8248e-25 3.47858e-31
 1.41593e-41 1.96522e-33 3.29707e-26 6.68639e-20 1.63909e-14 4.85692e-10 1.73967e-06 0.000753217 0.0394204 0.249421 0.195516 0.0946049 0.159817 0.126378 0.1014 0.0284706 0.00402749 0.000188096 2.50724e-06 8.57521e-09 6.836e-12 1.00562e-15 2.32875e-20 7.97401e-26 3.91931e-32
 9.73157e-42 1.35068e-33 2.26604e-26 4.59549e-20 1.12653e-14 3.33812e-10 1.19566e-06 0.000517679 0.0270933 0.171486 0.141413 0.162166 0.272918 0.126395 0.0723738 0.0222904 0.00319678 0.000147992 1.92893e-06 5.56455e-09 3.1351e-12 3.22127e-16 5.55069e-21 1.44855e-26 5.31847e-33
 1.43633e-41 1.99353e-33 3.34455e-26 6.78269e-20 1.6627e-14 4.92687e-10 1.76473e-06 0.000764065 0.0399882 0.253039 0.200279 0.107916 0.161323 0.135885 0.0839026 0.0151838 0.00164235 7.42877e-05 9.09218e-07 2.37803e-09 1.13615e-12 8.89312e-17 1.07671e-21 1.94713e-27 5.08478e-34
 1.00182e-41 1.39046e-33 2.33278e-26 4.73083e-20 1.15971e-14 3.43642e-10 1.23087e-06 0.000532925 0.0278913 0.176593 0.149281 0.183471 0.261111 0.121328 0.0624035 0.0158714 0.0014727 4.27688e-05 4.23271e-07 9.69758e-10 3.96174e-13 2.56912e-17 2.46721e-22 3.35294e-28 6.27232e-35
 1.28853e-41 1.7884e-33 3.00041e-26 6.08478e-20 1.49161e-14 4.41992e-10 1.58314e-06 0.000685446 0.0358737 0.227066 0.184279 0.132329 0.181291 0.152242 0.0739697 0.0112884 0.000946212 2.69785e-05 1.89103e-07 3.05383e-10 9.80162e-14 5.14661e-18 3.96479e-23 4.25213e-29 6.15604e-36
 1.41353e-41 1.96189e-33 3.29148e-26 6.67505e-20 1.63631e-14 4.84868e-10 1.73672e-06 0.00075194 0.0393538 0.249142 0.204913 0.159494 0.187512 0.101206 0.0473947 0.00958027 0.000637889 1.2867e-05 7.64745e-08 9.51698e-11 2.11411e-14 7.86161e-19 4.5226e-24 3.71908e-30 4.14615e-37
 1.13198e-41 1.57112e-33 2.63587e-26 5.3455e-20 1.31039e-14 3.88291e-10 1.3908e-06 0.000602167 0.0315155 0.199658 0.173162 0.196964 0.225407 0.122046 0.0440155 0.00621565 0.000404431 7.61106e-06 3.29195e-08 3.03208e-11 5.15924e-15 1.39688e-19 5.59235e-25 3.19979e-31 2.54274e-38
 1.37118e-41 1.9031e-33 3.19285e-26 6.47504e-20 1.58728e-14 4.7034e-10 1.68468e-06 0.000729408 0.0381748 0.241773 0.202477 0.160016 0.179202 0.127403 0.0445403 0.00542492 0.000253961 3.76203e-06 1.40957e-08 1.01075e-11 1.23237e-15 2.40916e-20 7.07289e-26 2.93215e-32 1.64865e-39
 1.35412e-41 1.87943e-33 3.15313e-26 6.39448e-20 1.56753e-14 4.64488e-10 1.66372e-06 0.000720334 0.0377002 0.238911 0.20687 0.193648 0.18796 0.0972662 0.0324836 0.00426252 0.000173397 1.88875e-06 5.08801e-09 2.82218e-12 2.69265e-16 3.9197e-21 8.2233e-27 2.41516e-33 9.69791e-41
 1.18555e-41 1.64547e-33 2.76062e-26 5.59847e-20 1.3724e-14 4.06667e-10 1.45662e-06 0.000630665 0.0330078 0.209379 0.19006 0.213731 0.206786 0.113367 0.0299437 0.00298165 0.000111182 1.07842e-06 2.21263e-09 8.64094e-13 5.87599e-17 6.32161e-22 9.93228e-28 2.15654e-34 6.26089e-42
 1.06592e-41 1.47942e-33 2.48204e-26 5.03352e-20 1.23391e-14 3.6563e-10 1.30963e-06 0.000567023 0.0296776 0.188465 0.178511 0.22156 0.217272 0.129029 0.0320828 0.00275738 7.59025e-05 5.72124e-07 9.71216e-10 2.97691e-13 1.47082e-17 1.10695e-22 1.2176e-28 1.88363e-35 3.96093e-43
 1.04552e-41 1.45111e-33 2.43453e-26 4.93718e-20 1.21029e-14 3.58632e-10 1.28456e-06 0.000556171 0.0291102 0.18503 0.17913 0.221191 0.217216 0.13275 0.032275 0.00267691 6.27854e-05 3.57895e-07 4.41478e-10 1.02199e-13 3.88826e-18 2.20392e-23 1.76072e-29 1.92439e-36 2.82388e-44
 1.26734e-41 1.75898e-33 2.95106e-26 5.98469e-20 1.46708e-14 4.34721e-10 1.5571e-06 0.000674172 0.0352856 0.223993 0.204424 0.199649 0.192537 0.113658 0.0274546 0.00227124 5.19307e-05 2.7185e-07 2.81868e-10 5.18224e-14 1.55789e-18 7.13551e-24 4.69424e-30 4.23865e-37 5.09053e-45
 1.26736e-41 1.75902e-33 2.95112e-26 5.98481e-20 1.46711e-14 4.3473e-10 1.55713e-06 0.000674185 0.0352863 0.223997 0.204428 0.199658 0.192707 0.114013 0.0270712 0.00211872 4.4849e-05 2.13042e-07 1.97465e-10 3.20671e-14 8.44077e-19 3.3672e-24 1.92413e-30 1.50723e-37 1.56897e-45
#pred catch len freq
 2.55665e-27 2.57076e-27 1.76647e-26 3.18661e-20 7.81159e-15 2.31471e-10 8.29092e-07 0.000358965 0.0187869 0.118852 0.0914476 0.0436954 0.268337 0.247953 0.0561392 0.066071 0.0270299 0.0189994 0.0111957 0.00822362 0.00628741 0.00533056 0.0052622 0.00462245 0.00140653
 2.55918e-27 2.57808e-27 2.45012e-26 4.62895e-20 1.13473e-14 3.36241e-10 1.20436e-06 0.000521442 0.0272904 0.172647 0.132444 0.0386474 0.201122 0.18705 0.0659353 0.103587 0.035949 0.0161688 0.0071544 0.00396253 0.00244435 0.00175994 0.00153025 0.00133933 0.000446014
 2.56189e-27 2.58483e-27 2.98653e-26 5.76032e-20 1.41207e-14 4.18422e-10 1.49872e-06 0.000648888 0.0339605 0.214844 0.164726 0.0424703 0.207533 0.191709 0.0439914 0.0524836 0.0222655 0.0159768 0.00553612 0.00194155 0.000812372 0.000441067 0.000314052 0.000256656 8.83331e-05
 2.5605e-27 2.58086e-27 2.61515e-26 4.97681e-20 1.22e-14 3.61509e-10 1.29486e-06 0.000560627 0.0293412 0.185621 0.142453 0.0450568 0.242865 0.224161 0.0470732 0.0510733 0.0176989 0.00806134 0.00370459 0.00163141 0.000425442 0.000138387 6.88787e-05 4.78917e-05 1.62655e-05
 2.56077e-27 2.58174e-27 2.70613e-26 5.16878e-20 1.26706e-14 3.75453e-10 1.34481e-06 0.000582252 0.030473 0.192781 0.147898 0.0436394 0.228254 0.210992 0.0504581 0.0620895 0.0207377 0.00801293 0.00267623 0.000958411 0.000337271 7.64997e-05 1.98267e-05 9.73576e-06 3.07992e-06
 2.56142e-27 2.58336e-27 2.83749e-26 5.44583e-20 1.33498e-14 3.95579e-10 1.4169e-06 0.000613462 0.0321064 0.203114 0.155799 0.044321 0.227889 0.210387 0.0454797 0.050916 0.0177895 0.0080891 0.00254978 0.000708737 0.000179363 4.60003e-05 7.97234e-06 1.92555e-06 5.02732e-07
 2.56106e-27 2.58234e-27 2.74046e-26 5.24114e-20 1.2848e-14 3.8071e-10 1.36364e-06 0.000590403 0.0308996 0.19548 0.149981 0.0450923 0.237846 0.219497 0.0456888 0.0490473 0.0164203 0.00645071 0.002169 0.000666775 0.000138877 2.56299e-05 4.18482e-06 5.32039e-07 8.46517e-08
 2.56144e-27 2.58337e-27 2.8347e-26 5.43994e-20 1.33354e-14 3.95151e-10 1.41536e-06 0.000612798 0.0320717 0.202895 0.155635 0.0445797 0.229973 0.2123 0.0456506 0.0507597 0.0167497 0.00616357 0.00192038 0.000540772 0.000123858 2.02523e-05 2.39943e-06 2.25844e-07 1.77683e-08
 2.56244e-27 2.58601e-27 3.05873e-26 5.91253e-20 1.44938e-14 4.29479e-10 1.53832e-06 0.000666034 0.0348578 0.220521 0.169095 0.0446626 0.221147 0.203983 0.0410628 0.0423823 0.0140927 0.00536659 0.00163268 0.000425176 8.78505e-05 1.46959e-05 1.56511e-06 1.05026e-07 4.83548e-09
 2.5639e-27 2.58984e-27 3.38569e-26 6.60222e-20 1.61846e-14 4.79577e-10 1.71777e-06 0.000743727 0.038924 0.246244 0.188737 0.0446572 0.207305 0.191008 0.0351256 0.0320665 0.0103341 0.00345703 0.00105265 0.000278734 5.41616e-05 8.18729e-06 8.48801e-07 4.93518e-08 1.51162e-09
 2.56247e-27 2.58589e-27 3.02964e-26 5.85108e-20 1.43432e-14 4.25015e-10 1.52233e-06 0.000659112 0.0344956 0.218229 0.167371 0.0462729 0.234613 0.216094 0.0375212 0.0311938 0.00974453 0.00278239 0.000789939 0.000189155 3.69617e-05 5.37136e-06 5.04314e-07 2.75783e-08 6.92513e-10
 2.5633e-27 2.58818e-27 3.23595e-26 6.28633e-20 1.54102e-14 4.56632e-10 1.63558e-06 0.000708143 0.0370616 0.234463 0.179752 0.0453353 0.218779 0.20157 0.0365379 0.0325935 0.00995369 0.00244245 0.000642815 0.000132316 2.31766e-05 3.22748e-06 2.92151e-07 1.45519e-08 3.33068e-10
 2.56476e-27 2.59209e-27 3.57591e-26 7.00348e-20 1.71682e-14 5.08724e-10 1.82216e-06 0.000788927 0.0412896 0.26121 0.200168 0.0448383 0.200653 0.184717 0.0312569 0.0247954 0.00764466 0.00201691 0.000513248 9.11754e-05 1.38837e-05 1.67377e-06 1.40782e-07 6.67997e-09 1.39756e-10
 2.56283e-27 2.58679e-27 3.10156e-26 6.00278e-20 1.47151e-14 4.36035e-10 1.5618e-06 0.000676201 0.0353899 0.223887 0.171698 0.0466616 0.234531 0.215891 0.0351751 0.0258741 0.00782219 0.00182701 0.000466163 8.70116e-05 1.20569e-05 1.22918e-06 8.76364e-08 3.78761e-09 7.45338e-11
 2.56152e-27 2.58331e-27 2.80145e-26 5.36969e-20 1.31632e-14 3.90048e-10 1.39709e-06 0.000604885 0.0316575 0.200275 0.153672 0.0469093 0.249081 0.229479 0.0405217 0.0346392 0.010356 0.00217434 0.000526465 8.89452e-05 1.25686e-05 1.23631e-06 7.41674e-08 2.68186e-09 4.74654e-11
 2.56296e-27 2.58724e-27 3.15111e-26 6.10733e-20 1.49714e-14 4.43629e-10 1.589e-06 0.000687978 0.0360063 0.227786 0.17466 0.0457234 0.22531 0.207567 0.0370649 0.0322847 0.00984414 0.00238673 0.000576638 8.77759e-05 1.13324e-05 1.06767e-06 6.24791e-08 1.92482e-09 2.83782e-11
 2.56391e-27 2.58969e-27 3.35526e-26 6.53796e-20 1.6027e-14 4.74909e-10 1.70105e-06 0.000736488 0.0385451 0.243847 0.186931 0.0461781 0.220148 0.202552 0.0316106 0.0211026 0.00638225 0.00151346 0.000377494 6.44519e-05 7.97439e-06 6.72615e-07 3.66759e-08 1.08338e-09 1.37847e-11
 2.56381e-27 2.58939e-27 3.32753e-26 6.47946e-20 1.58836e-14 4.7066e-10 1.68583e-06 0.000729898 0.0382002 0.241666 0.185269 0.0463827 0.222873 0.205048 0.0317174 0.0207037 0.00604153 0.00106776 0.000250361 4.23632e-05 5.64123e-06 4.93936e-07 2.43629e-08 6.59881e-10 7.90076e-12
 2.56408e-27 2.59016e-27 3.39669e-26 6.62537e-20 1.62413e-14 4.81258e-10 1.72379e-06 0.000746334 0.0390604 0.247107 0.189419 0.0460653 0.217542 0.200156 0.0313441 0.0210832 0.00614476 0.0010633 0.000232119 3.02831e-05 3.78266e-06 3.43359e-07 1.79022e-08 4.51874e-10 4.92724e-12
 2.56408e-27 2.59015e-27 3.39537e-26 6.62257e-20 1.62344e-14 4.81055e-10 1.72306e-06 0.000746019 0.0390439 0.247003 0.18934 0.0461297 0.218088 0.200644 0.0311458 0.0205098 0.00599874 0.00107905 0.000236736 2.97854e-05 3.151e-06 2.37629e-07 1.24051e-08 3.28187e-10 3.41705e-12
 2.56559e-27 2.59422e-27 3.7524e-26 7.37575e-20 1.80808e-14 5.35765e-10 1.91902e-06 0.000830863 0.0434844 0.275095 0.210777 0.0452916 0.196649 0.180803 0.0266091 0.0151582 0.00438627 0.00073226 0.000159003 2.06194e-05 2.16022e-06 1.45183e-07 6.17153e-09 1.55491e-10 1.67201e-12
 2.56567e-27 2.5944e-27 3.76493e-26 7.40217e-20 1.81455e-14 5.37684e-10 1.92589e-06 0.000833839 0.0436401 0.27608 0.211534 0.045552 0.198099 0.182071 0.0255633 0.0124523 0.00354255 0.000510857 0.000105177 1.27775e-05 1.33791e-06 9.09203e-08 3.54325e-09 7.37828e-11 7.28741e-13
 2.56498e-27 2.59249e-27 3.59299e-26 7.03944e-20 1.72563e-14 5.11336e-10 1.83152e-06 0.000792979 0.0415016 0.262551 0.201216 0.046345 0.211382 0.194265 0.026559 0.0116509 0.00325981 0.000391349 7.39425e-05 7.8211e-06 7.58623e-07 4.94437e-08 1.93731e-09 3.77025e-11 3.14378e-13
 2.56591e-27 2.59507e-27 3.82729e-26 7.53373e-20 1.8468e-14 5.47241e-10 1.96013e-06 0.000848659 0.0444158 0.280987 0.215274 0.0451237 0.192212 0.1767 0.0257308 0.0141808 0.00398047 0.000454966 8.21703e-05 7.32978e-06 6.23764e-07 3.5683e-08 1.31242e-09 2.52039e-11 1.98604e-13
 2.56633e-27 2.59618e-27 3.92138e-26 7.73221e-20 1.89546e-14 5.61658e-10 2.01177e-06 0.000871018 0.0455859 0.288389 0.220927 0.0451506 0.188444 0.173145 0.0236741 0.0103918 0.00293484 0.000400525 7.65115e-05 6.48576e-06 5.00928e-07 2.38778e-08 7.56536e-10 1.32654e-11 1.01393e-13
 2.56596e-27 2.59513e-27 3.82594e-26 7.53087e-20 1.8461e-14 5.47033e-10 1.95938e-06 0.000848336 0.0443989 0.28088 0.215201 0.0457063 0.196696 0.180697 0.0238646 0.00892368 0.00246565 0.000264593 4.73773e-05 4.6914e-06 3.78084e-07 1.66271e-08 4.46741e-10 6.56742e-12 4.48968e-14
 2.56593e-27 2.59506e-27 3.8187e-26 7.5156e-20 1.84236e-14 5.45924e-10 1.95541e-06 0.000846617 0.0443089 0.28031 0.214767 0.0457564 0.197382 0.181324 0.0238677 0.00877168 0.00240223 0.000221872 3.57567e-05 2.85268e-06 2.2454e-07 1.11883e-08 2.92154e-10 3.70951e-12 2.10848e-14
 2.56608e-27 2.59547e-27 3.85656e-26 7.59546e-20 1.86194e-14 5.51725e-10 1.97619e-06 0.000855613 0.0447797 0.283289 0.217039 0.045582 0.194459 0.178641 0.0236588 0.00897025 0.00245892 0.000226024 3.57422e-05 2.47009e-06 1.64572e-07 6.94867e-09 1.93547e-10 2.53342e-12 1.28099e-14
 2.56676e-27 2.5973e-27 4.01633e-26 7.93251e-20 1.94456e-14 5.76208e-10 2.06388e-06 0.000893581 0.0467668 0.29586 0.226633 0.0452571 0.185246 0.1701 0.0214231 0.00602563 0.00162703 0.000142787 2.19747e-05 1.50026e-06 9.43578e-08 3.32431e-09 7.68084e-11 9.75887e-13 5.16341e-15
#obs catch len freq
 4.99731e-42 6.93594e-34 1.16365e-26 2.35985e-20 5.7849e-15 1.71417e-10 6.13989e-07 0.000265836 0.0139128 0.0880176 0.0679339 0.0398938 0.218789 0.186721 0.143639 0.143291 0.0644952 0.0260832 0.00611669 0.000796417 4.28137e-05 6.83281e-07 2.41384e-09 1.53639e-12 1.54612e-16
 5.72945e-42 7.9521e-34 1.33413e-26 2.70559e-20 6.63243e-15 1.96531e-10 7.03942e-07 0.000304783 0.0159511 0.100913 0.0778903 0.0435946 0.222685 0.181221 0.143112 0.131231 0.0569973 0.0210903 0.00448138 0.00050513 2.21005e-05 2.71723e-07 7.12823e-10 3.29277e-13 2.37159e-17
 1.0813e-41 1.50078e-33 2.51786e-26 5.10618e-20 1.25172e-14 3.70907e-10 1.32853e-06 0.000575207 0.0301041 0.190448 0.146308 0.045205 0.181726 0.140892 0.113865 0.0955265 0.0394845 0.0131491 0.00246979 0.000236439 8.35801e-06 7.88219e-08 1.52961e-10 5.11872e-14 2.63889e-18
 1.11335e-41 1.54525e-33 2.59248e-26 5.25749e-20 1.28881e-14 3.81899e-10 1.3679e-06 0.000592253 0.0309962 0.196093 0.150961 0.0583995 0.237896 0.164298 0.0769594 0.0545161 0.0216604 0.00647873 0.00106054 8.42998e-05 2.36759e-06 1.70296e-08 2.44107e-11 5.91136e-15 2.17977e-19
 7.85036e-42 1.08958e-33 1.82799e-26 3.70713e-20 9.0876e-15 2.69282e-10 9.64525e-07 0.000417606 0.0218558 0.13827 0.107072 0.0647615 0.273592 0.184474 0.116742 0.0714747 0.0168804 0.00387704 0.000545635 3.53908e-05 7.73713e-07 4.18868e-09 4.41491e-12 7.7334e-16 2.04032e-20
 1.25713e-41 1.74481e-33 2.92728e-26 5.93647e-20 1.45526e-14 4.31219e-10 1.54456e-06 0.00066874 0.0349992 0.221418 0.170294 0.0529131 0.172634 0.122306 0.125253 0.0756384 0.0201551 0.00341072 0.000293666 1.4429e-05 2.41486e-07 9.69397e-10 7.43641e-13 9.3786e-17 1.76863e-21
 1.03442e-41 1.43571e-33 2.40871e-26 4.88481e-20 1.19745e-14 3.54827e-10 1.27093e-06 0.00055027 0.028799 0.182196 0.141046 0.0737437 0.260494 0.153757 0.0862255 0.0509851 0.0186882 0.00327558 0.000230874 6.8688e-06 7.69852e-08 2.2311e-10 1.23163e-13 1.10891e-17 1.48662e-22
 1.27687e-41 1.77222e-33 2.97326e-26 6.02972e-20 1.47811e-14 4.37992e-10 1.56882e-06 0.000679244 0.0355489 0.224898 0.173459 0.0642247 0.191814 0.123676 0.116659 0.0546802 0.0120322 0.00215531 0.000168495 4.07917e-06 2.84942e-08 5.17391e-11 1.94841e-14 1.23296e-18 1.1659e-23
 1.1503e-41 1.59654e-33 2.67853e-26 5.432e-20 1.33159e-14 3.94575e-10 1.4133e-06 0.000611912 0.032025 0.202608 0.15711 0.0798328 0.239248 0.134154 0.0941498 0.0457423 0.0128145 0.00160533 9.49016e-05 2.22974e-06 1.27696e-08 1.5231e-11 3.53713e-15 1.446e-19 9.27334e-25
 1.51284e-41 2.09972e-33 3.52271e-26 7.14399e-20 1.75126e-14 5.18932e-10 1.85873e-06 0.000804765 0.0421182 0.266459 0.205597 0.0696332 0.17143 0.103809 0.0937238 0.0372956 0.00803911 0.00103494 5.22494e-05 8.74714e-07 4.14705e-09 4.0144e-12 6.61053e-16 1.74163e-20 7.06654e-26
 1.55193e-41 2.15398e-33 3.61375e-26 7.32861e-20 1.79652e-14 5.32342e-10 1.90676e-06 0.000825563 0.0432067 0.273349 0.211541 0.0830911 0.196859 0.0984463 0.0618542 0.0245732 0.00566321 0.00056451 2.37558e-05 3.31726e-07 1.13511e-09 8.16405e-13 1.04369e-16 2.06183e-21 5.86588e-27
 1.15317e-41 1.60053e-33 2.68522e-26 5.44557e-20 1.33492e-14 3.95561e-10 1.41683e-06 0.00061344 0.032105 0.203125 0.159181 0.103964 0.254037 0.129113 0.0868909 0.026291 0.00426959 0.000393996 1.38492e-05 1.4779e-07 3.9312e-10 2.06921e-13 1.87739e-17 2.69729e-22 5.69713e-28
 1.72595e-41 2.3955e-33 4.01895e-26 8.15035e-20 1.99796e-14 5.92033e-10 2.12056e-06 0.000918131 0.0480513 0.304 0.234981 0.0748781 0.140469 0.0901821 0.0799554 0.0229871 0.00335471 0.000214912 5.64228e-06 4.80665e-08 9.54288e-11 3.70122e-14 2.45242e-18 2.50882e-23 3.72906e-29
 1.39942e-41 1.9423e-33 3.25862e-26 6.60841e-20 1.61997e-14 4.80028e-10 1.71938e-06 0.000744433 0.0389607 0.246508 0.193607 0.116379 0.234027 0.0985731 0.0512372 0.0168527 0.00293837 0.000167883 3.23254e-06 1.88966e-08 2.74836e-11 7.8353e-15 3.74048e-19 2.74502e-24 2.91913e-30
 1.18919e-41 1.65052e-33 2.76909e-26 5.61565e-20 1.37661e-14 4.07915e-10 1.46108e-06 0.000632599 0.0331077 0.209489 0.166079 0.118784 0.228729 0.131537 0.0906246 0.0187632 0.0021229 0.000127325 2.33947e-06 1.03542e-08 1.0208e-11 1.99357e-15 6.74529e-20 3.53597e-25 2.67289e-31
 9.44173e-42 1.31045e-33 2.19855e-26 4.45862e-20 1.09298e-14 3.23869e-10 1.16005e-06 0.00050226 0.0262864 0.166351 0.134678 0.131889 0.244171 0.154921 0.109985 0.0278211 0.00326916 0.000123405 1.75482e-06 6.98997e-09 5.49443e-12 7.56623e-16 1.72519e-20 6.14232e-26 3.2205e-32
 1.50243e-41 2.08528e-33 3.49849e-26 7.09486e-20 1.73922e-14 5.15363e-10 1.84595e-06 0.000799231 0.0418286 0.264665 0.207865 0.0987667 0.153287 0.120474 0.0870416 0.0223913 0.00276935 0.000109057 1.18675e-06 3.22941e-09 1.98016e-12 2.18574e-16 3.74791e-21 9.41379e-27 3.36744e-33
 1.04979e-41 1.45704e-33 2.44449e-26 4.95738e-20 1.21524e-14 3.60099e-10 1.28982e-06 0.000558446 0.0292269 0.185007 0.153336 0.170186 0.261141 0.117898 0.0626843 0.0176804 0.00219379 8.53633e-05 8.96996e-07 2.02372e-09 8.7243e-13 6.72895e-17 8.56587e-22 1.63503e-27 4.3649e-34
 1.52941e-41 2.12271e-33 3.5613e-26 7.22223e-20 1.77045e-14 5.24615e-10 1.87909e-06 0.00081358 0.0425796 0.269448 0.213718 0.111445 0.153542 0.126869 0.0690721 0.0113745 0.00109338 4.13079e-05 4.0419e-07 8.19738e-10 2.96902e-13 1.73517e-17 1.55047e-22 2.04939e-28 3.88231e-35
 1.08514e-41 1.5061e-33 2.5268e-26 5.12429e-20 1.25616e-14 3.72223e-10 1.33324e-06 0.000577248 0.0302111 0.191307 0.16256 0.19044 0.247303 0.111809 0.052804 0.0120173 0.000946689 2.32133e-05 1.84733e-07 3.26076e-10 1.00351e-13 4.83282e-18 3.41289e-23 3.38653e-29 4.59936e-36
 1.3867e-41 1.92465e-33 3.22901e-26 6.54836e-20 1.60525e-14 4.75666e-10 1.70376e-06 0.000737669 0.0386069 0.244387 0.198881 0.136098 0.172824 0.139947 0.0596638 0.00824022 0.00059851 1.39706e-05 7.79023e-08 9.73514e-11 2.34935e-14 9.12158e-19 5.14785e-24 4.01942e-30 4.21731e-37
 1.50935e-41 2.09488e-33 3.51459e-26 7.12752e-20 1.74723e-14 5.17735e-10 1.85444e-06 0.00080291 0.0420215 0.26606 0.219452 0.161497 0.173822 0.0907269 0.0384 0.00682684 0.000382446 6.39563e-06 3.00356e-08 2.86002e-11 4.77111e-15 1.31124e-19 5.51057e-25 3.28836e-31 2.64972e-38
 1.22472e-41 1.69983e-33 2.85182e-26 5.78343e-20 1.41774e-14 4.20103e-10 1.50474e-06 0.0006515 0.0340976 0.216061 0.188182 0.200735 0.211368 0.109291 0.0349525 0.00441322 0.000242717 3.6888e-06 1.25384e-08 8.83641e-12 1.12385e-15 2.24352e-20 6.56119e-26 2.7217e-32 1.55927e-39
 1.47219e-41 2.0433e-33 3.42807e-26 6.95205e-20 1.70421e-14 5.0499e-10 1.80879e-06 0.000783144 0.0409873 0.259626 0.217982 0.161499 0.16815 0.112528 0.0345963 0.00369886 0.000145756 1.75492e-06 5.11797e-09 2.78471e-12 2.53376e-16 3.6459e-21 7.80248e-27 2.34388e-33 9.50983e-41
 1.45213e-41 2.01547e-33 3.38136e-26 6.85734e-20 1.681e-14 4.9811e-10 1.78415e-06 0.000772475 0.0404294 0.256266 0.222513 0.193757 0.173311 0.0847987 0.0251999 0.00285409 9.60882e-05 8.43468e-07 1.77005e-09 7.43173e-13 5.26677e-17 5.63201e-22 8.6106e-28 1.83092e-34 5.29661e-42
 1.28341e-41 1.78128e-33 2.98847e-26 6.06056e-20 1.48567e-14 4.40232e-10 1.57684e-06 0.000682718 0.0357325 0.226742 0.206405 0.214679 0.192742 0.0981872 0.0227911 0.00197571 6.08426e-05 4.68663e-07 7.42821e-10 2.19191e-13 1.10581e-17 8.71549e-23 9.95456e-29 1.56372e-35 3.27285e-43
 1.16239e-41 1.61332e-33 2.70668e-26 5.48909e-20 1.34559e-14 3.98722e-10 1.42816e-06 0.000618343 0.0323641 0.205625 0.195279 0.223512 0.204817 0.111671 0.0242862 0.00178617 4.04573e-05 2.42427e-07 3.15867e-10 7.27274e-14 2.661e-18 1.46674e-23 1.17156e-29 1.3083e-36 1.9784e-44
 1.1427e-41 1.58599e-33 2.66083e-26 5.39612e-20 1.32279e-14 3.91968e-10 1.40397e-06 0.00060787 0.0318158 0.202118 0.190986 0.216146 0.209283 0.119937 0.0270452 0.00201817 4.1523e-05 2.02623e-07 2.09452e-10 4.00104e-14 1.2448e-18 5.73904e-24 3.71321e-30 3.27373e-37 3.86176e-45
 1.37382e-41 1.90677e-33 3.199e-26 6.48751e-20 1.59034e-14 4.71246e-10 1.68793e-06 0.000730815 0.03825 0.242711 0.217187 0.191988 0.179762 0.10328 0.0241797 0.00187071 3.93116e-05 1.85773e-07 1.71568e-10 2.77873e-14 7.29972e-19 2.90779e-24 1.65987e-30 1.29924e-37 1.35169e-45
#spawning biomass
 18056.7 18166.4 23807.2 32269.8 40469.8 48426.4 56898.3 66392.4 78312.8 101534 126229 140216 179821 222198 211464 180319 160917 158299 161278 163586 165353 180666 178837 200026 221492 221783 208399 192914 162639 154729 98240.3 25420.3 13945.4 12952.9 12877.5 12872.2 12871.8 12871.8 12871.8 12871.8 12871.8 12871.8 12871.8 12871.8 12871.8 12871.8 12871.8 12871.8 12871.8 12871.8 12871.8 12871.8 12871.8 12871.8 12871.8 12871.8 12871.8 12871.8 12871.8 12871.8 12871.8 12871.8 12871.8 12871.8 12871.8 12871.8 12871.8 12871.8 12871.8 12871.8 12871.8 12871.8 12871.8 12871.8 12871.8 12871.8 12871.8 12871.8 12871.8 12871.8 12871.8 12871.8 12871.8 12871.8 12871.8 12871.8 12871.8 12871.8 12871.8 12871.8 12871.8 12871.8 12871.8 12871.8 12871.8 12871.8 12871.8 12871.8 12871.8 12871.8 12871.8 12871.8 12871.8 12871.8 12871.8 12871.8 12871.8 12871.8 12871.8 12871.8 12871.8 12871.8 12871.8 12871.8 12871.8 12871.8 12871.8 12871.8 12871.8 12871.8 12871.8 12871.8 12871.8 12871.8 12871.8 12871.8 12871.8 12871.8 12871.8 0 0 0 0 0 0 0 0 0 0 0 0 0 0 0 0 0 0 0 0 0 0 0 0 0
