SBPRF35
0.224663
Curr Bio
42377.2
B35
181729
F35
0.339853
FOFL
0
OFL
0
Bzero
64189.3
#pred survey bio
 7733.67 6950.57 8026.95 7428.68 9438.17 13871.6 15571.7 17856.6 27753.4 45175.8 64678.3 84248.2 108490 144551 148068 133198 114305 113695 115191 115633 121156 125812 135796 150722 169931 176694 153641 140862 2.78646e+06 3.19051e+06 2.69544e+06 2.03339e+06 1.52917e+06 1.20706e+06 1.0178e+06 911245 852381 819979 802008 791886 786067 782641 780575 779295 778493 777982 777651 777435 777292 777197 777133 777091 777062 777043 777030 777021 777015 777011 777008 777006 777005 777004 777004 777003 777003 777003 777003 777003 777003 777003 777003 777003 777003 777003 777003 777003 777003 777003 777003 777003 777003 777003 777003 777003 777003 777003 777003 777003 777003 777003 777003 777003 777003 777003 777003 777003 777003 777003 777003 777003 777003 777003 777003 777003 777003 777003 777003 777003 777003 777003 777003 777003 777003 777003 777003 777003 777003 777003 777003 777003 777003 777003 777003 777003 777003 777003 777003 777003 0 0 0 0 0 0 0 0 0 0 0 0 0 0 0 0 0 0 0 0 0 0 0 0 0
#obs survey bio
 7253.55 9341.24 4616.76 9169.7 11849.1 16898.7 13051.8 26295.2 45813.3 55192.1 70376.3 129224 139645 111307 129845 161108 143166 96686.1 105751 121548 138899 108472 138632 154905 205490 173209 185281 124688
#pred catch bio
 5264.01 4712.49 6197.6 5629.48 6495.13 10033.3 11706 12878.4 18616 30060.4 45323.1 60278.1 74455.4 104486 109070 101007 82652.8 83288.1 85673.9 84395.4 88142.3 89592.6 94628.6 104277 119203 130792 111803 117320 0 36470.7 29790.5 21843.1 16033.2 12448 10426 9345.46 8787.32 8505.39 8365.09 8295.97 8262.16 8245.69 8237.7 8233.82 8231.95 8231.05 8230.61 8230.41 8230.31 8230.26 8230.23 8230.22 8230.22 8230.21 8230.21 8230.21 8230.21 8230.21 8230.21 8230.21 8230.21 8230.21 8230.21 8230.21 8230.21 8230.21 8230.21 8230.21 8230.21 8230.21 8230.21 8230.21 8230.21 8230.21 8230.21 8230.21 8230.21 8230.21 8230.21 8230.21 8230.21 8230.21 8230.21 8230.21 8230.21 8230.21 8230.21 8230.21 8230.21 8230.21 8230.21 8230.21 8230.21 8230.21 8230.21 8230.21 8230.21 8230.21 8230.21 8230.21 8230.21 8230.21 8230.21 8230.21 8230.21 8230.21 8230.21 8230.21 8230.21 8230.21 8230.21 8230.21 8230.21 8230.21 8230.21 8230.21 8230.21 8230.21 8230.21 8230.21 8230.21 8230.21 8230.21 8230.21 8230.21 8230.21 8230.21 8230.21 0 0 0 0 0 0 0 0 0 0 0 0 0 0 0 0 0 0 0 0 0 0 0 0 0
#obs catch bio
 5148.07 4660.17 6394.88 5666.59 6373.9 9897.21 11616.2 12489.8 17863.3 28637.4 44097.7 58074.4 72736.6 102912 109008 99421.9 80806.3 82504.3 86931.3 84697.6 86354.2 88665.1 92950.4 102578 117752 130165 112519 118221
#pred cpue bio
 7285.27 6275.41 7277.74 6689.2 8349.38 12401.9 14072.1 15921.5 24486.5 40249.4 58114 75460.6 97021.5 129869 134659 121466 103795 103159 104098 104429 109481 113826 122893 136592 153889 160842 140304 128281 2.47698e+06 3.20762e+06 2.68304e+06 2.01398e+06 1.50904e+06 1.18687e+06 997603 891043 832180 799778 781807 771685 765865 762440 760374 759094 758292 757781 757450 757233 757090 756995 756932 756889 756861 756841 756828 756820 756814 756810 756807 756805 756804 756803 756803 756802 756802 756802 756802 756802 756802 756801 756801 756801 756801 756801 756801 756801 756801 756801 756801 756801 756801 756801 756801 756801 756801 756801 756801 756801 756801 756801 756801 756801 756801 756801 756801 756801 756801 756801 756801 756801 756801 756801 756801 756801 756801 756801 756801 756801 756801 756801 756801 756801 756801 756801 756801 756801 756801 756801 756801 756801 756801 756801 756801 756801 756801 756801 756801 756801 0 0 0 0 0 0 0 0 0 0 0 0 0 0 0 0 0 0 0 0 0 0 0 0 0
#obs cpue bio
 7003.23 6291.55 6176.19 5596.49 10117.5 12260.5 18344.1 20347.3 31606.9 74868.2 67393.2 96552.7 96302.7 209831 139545 148220 117437 130336 78164.5 100745 154967 142710 169447 168960 150976 172427 94287.4 136215
#pred surv len freq
 2.14587e-27 2.1731e-27 6.57268e-27 1.50541e-21 8.95328e-17 1.2242e-12 3.84829e-09 2.78117e-06 0.000462087 0.0176514 0.155016 0.31298 0.145686 0.0264024 0.0669438 0.0939809 0.0383738 0.0312432 0.0278892 0.0189965 0.0161124 0.0140701 0.0146742 0.01373 0.00578491
 2.14869e-27 2.1814e-27 7.51925e-27 1.82663e-21 1.08637e-16 1.48541e-12 4.66942e-09 3.3746e-06 0.000560685 0.0214178 0.188092 0.379761 0.176615 0.0278534 0.0556803 0.0777458 0.0284508 0.0139211 0.0110342 0.00596101 0.00417703 0.00298985 0.00259879 0.00221536 0.000923319
 2.14783e-27 2.17949e-27 7.32348e-27 1.76022e-21 1.04687e-16 1.43141e-12 4.49965e-09 3.25191e-06 0.0005403 0.0206391 0.181253 0.365954 0.170296 0.0295622 0.0702742 0.0982287 0.0346198 0.0127756 0.00897484 0.00331669 0.00161041 0.000850329 0.000552233 0.000393273 0.000155482
 2.14839e-27 2.18091e-27 7.47816e-27 1.8127e-21 1.07808e-16 1.47409e-12 4.63381e-09 3.34886e-06 0.000556409 0.0212544 0.186658 0.376865 0.175319 0.029007 0.0635971 0.0888423 0.0316844 0.0128712 0.00905234 0.00279622 0.000969228 0.000315778 0.000123731 6.27076e-05 2.18791e-05
 2.14985e-27 2.18448e-27 7.85572e-27 1.94077e-21 1.15425e-16 1.57823e-12 4.9612e-09 3.58547e-06 0.000595721 0.0227561 0.199846 0.403491 0.187585 0.0278396 0.0484453 0.0674625 0.0238312 0.00896281 0.00623272 0.00202053 0.000703812 0.000175086 3.73547e-05 9.78339e-06 2.53353e-06
 2.14897e-27 2.1823e-27 7.62152e-27 1.86131e-21 1.107e-16 1.51362e-12 4.75808e-09 3.43868e-06 0.000571331 0.0218245 0.191664 0.386972 0.179987 0.0288879 0.0598237 0.0834609 0.0289363 0.00913416 0.00603132 0.00187908 0.000632857 0.000159595 2.82496e-05 3.70612e-06 4.84756e-07
 2.14804e-27 2.18003e-27 7.38193e-27 1.78005e-21 1.05866e-16 1.44753e-12 4.55033e-09 3.28854e-06 0.000546386 0.0208716 0.183295 0.370077 0.172201 0.0295483 0.0689479 0.0963545 0.0339378 0.0124335 0.00846377 0.00241035 0.000708503 0.000169388 2.89144e-05 3.11115e-06 2.06486e-07
 2.14922e-27 2.18296e-27 7.69512e-27 1.8863e-21 1.12185e-16 1.53394e-12 4.82195e-09 3.48484e-06 0.000579 0.0221174 0.194236 0.392166 0.182366 0.0282939 0.0546322 0.0762029 0.0271874 0.0110786 0.00779413 0.00238741 0.000759653 0.000167174 2.52726e-05 2.51528e-06 1.34163e-07
 2.15004e-27 2.18494e-27 7.90333e-27 1.95692e-21 1.16386e-16 1.59137e-12 5.00248e-09 3.61531e-06 0.000600678 0.0229455 0.201508 0.406848 0.189135 0.027788 0.0471182 0.0655731 0.022908 0.00779893 0.00528923 0.00171871 0.000598803 0.000142034 2.19704e-05 1.99168e-06 9.45616e-08
 2.14925e-27 2.183e-27 7.69552e-27 1.88642e-21 1.12192e-16 1.53403e-12 4.82225e-09 3.48505e-06 0.000579036 0.0221188 0.194248 0.392191 0.182391 0.0286442 0.0567632 0.0791468 0.0274135 0.00856291 0.0056031 0.00165827 0.000522281 0.000130434 2.21405e-05 2.11292e-06 9.68447e-08
 2.14855e-27 2.1813e-27 7.51704e-27 1.82588e-21 1.08592e-16 1.4848e-12 4.6675e-09 3.37322e-06 0.000560455 0.021409 0.188015 0.379605 0.176588 0.0290685 0.0631466 0.0881799 0.0310869 0.0114799 0.007827 0.00221932 0.000639613 0.000144895 2.33876e-05 2.36884e-06 1.15874e-07
 2.14884e-27 2.18201e-27 7.59414e-27 1.85204e-21 1.10148e-16 1.50608e-12 4.73438e-09 3.42155e-06 0.000568486 0.0217158 0.190709 0.385045 0.179088 0.0286754 0.0591075 0.082505 0.02933 0.0116171 0.0081274 0.00250366 0.000801677 0.000174904 2.54852e-05 2.38812e-06 1.17201e-07
 2.14896e-27 2.18231e-27 7.62511e-27 1.86254e-21 1.10773e-16 1.51462e-12 4.76122e-09 3.44095e-06 0.000571708 0.0218389 0.19179 0.387227 0.180097 0.0286674 0.0584005 0.0814896 0.0287112 0.0105568 0.0072898 0.00233375 0.000799964 0.000190287 2.94222e-05 2.60504e-06 1.17453e-07
 2.14857e-27 2.18134e-27 7.52189e-27 1.82753e-21 1.0869e-16 1.48614e-12 4.67171e-09 3.37626e-06 0.00056096 0.0214283 0.188184 0.379948 0.176744 0.0290096 0.0626838 0.0875309 0.0308975 0.0115422 0.00796378 0.00245386 0.000811043 0.000201106 3.37735e-05 3.21666e-06 1.45414e-07
 2.14745e-27 2.1786e-27 7.23202e-27 1.7292e-21 1.02842e-16 1.40618e-12 4.42035e-09 3.1946e-06 0.000530778 0.0202754 0.178059 0.359506 0.167329 0.0299511 0.0745928 0.104327 0.0369553 0.0142176 0.00988695 0.00306658 0.00101169 0.000242796 4.05025e-05 4.08851e-06 1.98647e-07
 2.14721e-27 2.17803e-27 7.17546e-27 1.71003e-21 1.01702e-16 1.3906e-12 4.37136e-09 3.15919e-06 0.000524895 0.0200506 0.176086 0.355521 0.165481 0.0298084 0.0749222 0.104848 0.0379094 0.017037 0.0122674 0.00386725 0.0013025 0.000314134 5.1711e-05 5.14152e-06 2.56561e-07
 2.14763e-27 2.17906e-27 7.28473e-27 1.7471e-21 1.03907e-16 1.42074e-12 4.46611e-09 3.22767e-06 0.000536273 0.0204853 0.179903 0.363227 0.169031 0.0294469 0.0703926 0.0984543 0.0355232 0.0157428 0.0114291 0.00393095 0.00146453 0.00036351 6.08348e-05 6.03396e-06 2.97901e-07
 2.1477e-27 2.17924e-27 7.30292e-27 1.75327e-21 1.04273e-16 1.42575e-12 4.48188e-09 3.23906e-06 0.000538166 0.0205576 0.180538 0.364509 0.169623 0.0294316 0.069913 0.0977701 0.0351708 0.0152557 0.0110183 0.00377206 0.00143337 0.000388383 7.07729e-05 7.24355e-06 3.60275e-07
 2.14807e-27 2.18014e-27 7.39836e-27 1.78564e-21 1.06199e-16 1.45208e-12 4.56463e-09 3.29887e-06 0.000548103 0.0209372 0.183871 0.371239 0.172724 0.0291627 0.0662432 0.0925886 0.0332237 0.0141489 0.0101638 0.00343412 0.00128617 0.000350547 6.73157e-05 7.50293e-06 3.94833e-07
 2.14812e-27 2.18025e-27 7.40824e-27 1.78898e-21 1.06398e-16 1.4548e-12 4.57318e-09 3.30505e-06 0.000549129 0.0209764 0.184216 0.371935 0.173049 0.0292591 0.0666221 0.0931015 0.0331196 0.0131969 0.00933241 0.00311655 0.00114888 0.000308661 5.90321e-05 6.80369e-06 3.82749e-07
 2.14807e-27 2.18012e-27 7.39432e-27 1.78426e-21 1.06117e-16 1.45096e-12 4.56111e-09 3.29633e-06 0.00054768 0.020921 0.183729 0.370953 0.172596 0.0292867 0.0670861 0.0937613 0.0334335 0.0135695 0.00959072 0.00308622 0.00108772 0.000286896 5.39205e-05 6.17071e-06 3.53948e-07
 2.14796e-27 2.17985e-27 7.36633e-27 1.77477e-21 1.05552e-16 1.44324e-12 4.53685e-09 3.27879e-06 0.000544766 0.0208097 0.182752 0.36898 0.171687 0.0293596 0.0681264 0.0952311 0.0340002 0.0139353 0.00988275 0.0032105 0.00113214 0.000287629 5.18862e-05 5.80918e-06 3.29917e-07
 2.14794e-27 2.17981e-27 7.36233e-27 1.77341e-21 1.05472e-16 1.44214e-12 4.53338e-09 3.27629e-06 0.00054435 0.0207938 0.182612 0.368698 0.171555 0.0293087 0.0679006 0.0949234 0.0340342 0.0144043 0.0102927 0.00336526 0.0011981 0.000306075 5.43125e-05 5.84609e-06 3.22002e-07
 2.14781e-27 2.1795e-27 7.33023e-27 1.76253e-21 1.04824e-16 1.43329e-12 4.50555e-09 3.25618e-06 0.000541009 0.0206662 0.181491 0.366435 0.170511 0.0293781 0.0690063 0.0964875 0.0346601 0.0148764 0.010686 0.00356062 0.00129661 0.00033454 5.98319e-05 6.39265e-06 3.42291e-07
 2.14788e-27 2.17968e-27 7.34995e-27 1.76922e-21 1.05222e-16 1.43873e-12 4.52266e-09 3.26854e-06 0.000543063 0.0207446 0.18218 0.367826 0.17115 0.0292651 0.0678969 0.0949308 0.0342036 0.0150042 0.0108366 0.00364271 0.00134603 0.000354596 6.47483e-05 6.98717e-06 3.73415e-07
 2.14739e-27 2.17846e-27 7.22039e-27 1.72527e-21 1.02608e-16 1.40299e-12 4.4103e-09 3.18734e-06 0.000529572 0.0202293 0.177655 0.358688 0.166943 0.0297322 0.0735024 0.102827 0.0369222 0.0158018 0.011374 0.00387107 0.00145302 0.000387713 7.22188e-05 7.96549e-06 4.31901e-07
 2.14707e-27 2.1777e-27 7.14103e-27 1.69835e-21 1.01008e-16 1.3811e-12 4.3415e-09 3.13761e-06 0.00052131 0.0199137 0.174883 0.353093 0.164363 0.0299166 0.0763146 0.106807 0.038542 0.0170929 0.0123663 0.00414506 0.00153629 0.000414732 7.86231e-05 8.83604e-06 4.891e-07
 2.14736e-27 2.17841e-27 7.21753e-27 1.72431e-21 1.02551e-16 1.40221e-12 4.40786e-09 3.18557e-06 0.000529278 0.0202181 0.177556 0.358489 0.166843 0.0295359 0.0723645 0.101257 0.03683 0.0172455 0.0126407 0.00432695 0.00163187 0.000435815 8.23447e-05 9.38853e-06 5.29436e-07
#obs surv len freq
 1.2343e-39 6.04106e-33 6.79749e-27 1.75845e-21 1.04581e-16 1.42996e-12 4.4951e-09 3.24862e-06 0.000539762 0.0206182 0.181069 0.365584 0.170114 0.0292853 0.0686965 0.0960684 0.034741 0.0156456 0.0114283 0.00403393 0.00160008 0.000462117 9.67374e-05 1.24748e-05 8.26298e-07
 1.31251e-39 6.42384e-33 7.2282e-27 1.86987e-21 1.11208e-16 1.52057e-12 4.77992e-09 3.45446e-06 0.000573963 0.0219247 0.192542 0.388748 0.180785 0.0282588 0.055449 0.0773809 0.0279533 0.0124948 0.00909117 0.0031489 0.00122001 0.000345552 7.08559e-05 8.9108e-06 5.70965e-07
 1.16373e-39 5.69564e-33 6.40882e-27 1.6579e-21 9.86016e-17 1.3482e-12 4.23807e-09 3.06287e-06 0.000508899 0.0194393 0.170716 0.344681 0.160506 0.0307633 0.0840192 0.117591 0.0413171 0.014834 0.0102723 0.00353422 0.001354 0.000375238 7.49331e-05 9.20171e-06 5.74967e-07
 1.34367e-39 6.57634e-33 7.3998e-27 1.91426e-21 1.13848e-16 1.55667e-12 4.8934e-09 3.53647e-06 0.000587589 0.0224452 0.197113 0.397976 0.185026 0.0275716 0.0484726 0.0675956 0.0251664 0.0135738 0.0100468 0.00306691 0.00101936 0.000275084 5.38762e-05 6.44294e-06 3.92256e-07
 1.39326e-39 6.81906e-33 7.67291e-27 1.98491e-21 1.1805e-16 1.61412e-12 5.074e-09 3.66699e-06 0.000609276 0.0232736 0.204388 0.412664 0.191814 0.0275247 0.043759 0.0608295 0.021108 0.00673427 0.00458928 0.00176589 0.000723347 0.000177803 3.10556e-05 3.57589e-06 2.12298e-07
 1.26162e-39 6.17473e-33 6.94791e-27 1.79736e-21 1.06896e-16 1.4616e-12 4.59457e-09 3.3205e-06 0.000551706 0.0210745 0.185076 0.373674 0.17387 0.0296975 0.0687744 0.0960524 0.0330422 0.0095806 0.00609993 0.00175214 0.000554994 0.000161943 3.15239e-05 3.33947e-06 1.84276e-07
 1.26903e-39 6.21103e-33 6.98875e-27 1.80792e-21 1.07524e-16 1.4702e-12 4.62158e-09 3.34002e-06 0.000554949 0.0211984 0.186164 0.37587 0.174859 0.0289949 0.0638239 0.0891815 0.0320819 0.013897 0.00978089 0.00267712 0.000722247 0.000159972 2.77072e-05 3.24803e-06 1.80404e-07
 1.41937e-39 6.94685e-33 7.8167e-27 2.02211e-21 1.20262e-16 1.64437e-12 5.16909e-09 3.73571e-06 0.000620694 0.0237097 0.208219 0.420397 0.195368 0.0269412 0.0378665 0.0525634 0.0187353 0.00758379 0.00538944 0.00181142 0.000635902 0.000134947 1.86368e-05 1.78605e-06 9.77585e-08
 1.42184e-39 6.95894e-33 7.83031e-27 2.02563e-21 1.20472e-16 1.64723e-12 5.17809e-09 3.74222e-06 0.000621775 0.023751 0.208581 0.421129 0.195719 0.0272908 0.03978 0.0551958 0.0187856 0.00479044 0.0029518 0.000955379 0.000340546 8.79382e-05 1.43524e-05 1.23808e-06 5.5275e-08
 1.35243e-39 6.6192e-33 7.44803e-27 1.92674e-21 1.1459e-16 1.56681e-12 4.92529e-09 3.55952e-06 0.000591419 0.0225914 0.198398 0.40057 0.186256 0.0283952 0.0527185 0.0734207 0.0250559 0.00660348 0.00402155 0.00103813 0.000260467 6.30703e-05 1.12173e-05 1.14012e-06 5.24127e-08
 1.323e-39 6.47516e-33 7.28596e-27 1.88481e-21 1.12097e-16 1.53272e-12 4.81811e-09 3.48206e-06 0.000578549 0.0220998 0.194081 0.391854 0.182234 0.0286117 0.0566669 0.0790241 0.0275523 0.00919008 0.00605247 0.00158276 0.000384716 7.33656e-05 9.89334e-06 9.8382e-07 5.03928e-08
 1.35415e-39 6.62761e-33 7.45749e-27 1.92918e-21 1.14736e-16 1.5688e-12 4.93155e-09 3.56404e-06 0.00059217 0.0226201 0.19865 0.401079 0.186478 0.0280351 0.0503668 0.0701621 0.0246679 0.0088979 0.00605159 0.00176603 0.000515943 0.00010097 1.21233e-05 9.34921e-07 4.13464e-08
 1.33564e-39 6.53705e-33 7.35559e-27 1.90282e-21 1.13168e-16 1.54737e-12 4.86416e-09 3.51534e-06 0.000584079 0.0223111 0.195936 0.395599 0.183959 0.0284286 0.0544202 0.0758523 0.0263571 0.00851084 0.00564239 0.00171486 0.000543972 0.000120305 1.65984e-05 1.25529e-06 4.65561e-08
 1.28948e-39 6.3111e-33 7.10135e-27 1.83705e-21 1.09256e-16 1.49388e-12 4.69604e-09 3.39384e-06 0.000563891 0.0215399 0.189163 0.381926 0.177661 0.0290452 0.0623058 0.0869784 0.030437 0.0105177 0.00706151 0.00203227 0.000603074 0.000138907 2.13033e-05 1.83006e-06 7.21963e-08
 1.16263e-39 5.69028e-33 6.4028e-27 1.65634e-21 9.8509e-17 1.34693e-12 4.23409e-09 3.05999e-06 0.000508421 0.019421 0.170556 0.344358 0.160352 0.0306486 0.0834167 0.116775 0.0414938 0.0163699 0.011397 0.00339275 0.00104169 0.000229484 3.41771e-05 3.13071e-06 1.3765e-07
 1.265e-39 6.19128e-33 6.96653e-27 1.80218e-21 1.07182e-16 1.46552e-12 4.60688e-09 3.3294e-06 0.000553185 0.0211309 0.185572 0.374675 0.174291 0.0285899 0.0617116 0.0862748 0.032003 0.0169097 0.0125493 0.00401385 0.00135917 0.000312154 4.69108e-05 4.18137e-06 1.87152e-07
 1.23136e-39 6.02666e-33 6.7813e-27 1.75426e-21 1.04332e-16 1.42656e-12 4.48439e-09 3.24088e-06 0.000538476 0.0205691 0.180638 0.364713 0.169722 0.0295506 0.0705783 0.0986796 0.0350961 0.0139751 0.0100632 0.00383161 0.00157304 0.000397493 6.52032e-05 6.01579e-06 2.68278e-07
 1.27355e-39 6.23315e-33 7.01364e-27 1.81436e-21 1.07907e-16 1.47543e-12 4.63803e-09 3.35192e-06 0.000556926 0.0212738 0.186827 0.377208 0.17547 0.0287871 0.0621518 0.0868383 0.0314244 0.0142088 0.0102681 0.00332012 0.00122163 0.000361988 7.09905e-05 7.282e-06 3.45255e-07
 1.24073e-39 6.07254e-33 6.83292e-27 1.76761e-21 1.05126e-16 1.43741e-12 4.51852e-09 3.26555e-06 0.000542575 0.0207257 0.182013 0.367489 0.171001 0.0294394 0.0690628 0.0965458 0.0343852 0.0138334 0.00985062 0.00340928 0.00128814 0.000336796 6.56541e-05 7.8665e-06 4.27157e-07
 1.25663e-39 6.15035e-33 6.92047e-27 1.79026e-21 1.06473e-16 1.45583e-12 4.57642e-09 3.30739e-06 0.000549527 0.0209912 0.184345 0.372198 0.173163 0.0290572 0.0653108 0.091287 0.0329397 0.0145994 0.010517 0.0034113 0.00122436 0.000332469 6.29768e-05 7.21436e-06 4.23002e-07
 1.27444e-39 6.23749e-33 7.01852e-27 1.81563e-21 1.07982e-16 1.47646e-12 4.64126e-09 3.35425e-06 0.000557314 0.0212887 0.186957 0.377471 0.175595 0.0288848 0.0626687 0.0875456 0.0313807 0.0132607 0.00952806 0.00326059 0.00121824 0.000314897 5.81327e-05 6.6287e-06 3.7889e-07
 1.26471e-39 6.18988e-33 6.96495e-27 1.80177e-21 1.07158e-16 1.46519e-12 4.60584e-09 3.32865e-06 0.00055306 0.0211262 0.18553 0.37459 0.174271 0.0291034 0.0648718 0.090639 0.0323129 0.0130954 0.00929244 0.00309692 0.0011424 0.000307844 5.73489e-05 6.33064e-06 3.55606e-07
 1.26129e-39 6.17316e-33 6.94613e-27 1.7969e-21 1.06868e-16 1.46123e-12 4.59339e-09 3.31966e-06 0.000551565 0.0210691 0.185029 0.373578 0.173803 0.0290883 0.0650845 0.0909513 0.0325944 0.013746 0.0098087 0.0031921 0.00113831 0.000299945 5.6243e-05 6.33479e-06 3.51783e-07
 1.25831e-39 6.15854e-33 6.92968e-27 1.79264e-21 1.06615e-16 1.45777e-12 4.58251e-09 3.31179e-06 0.000550259 0.0210192 0.18459 0.372693 0.173394 0.0291055 0.0654563 0.0914785 0.0328212 0.0139634 0.0100103 0.0033306 0.00120902 0.000311027 5.64662e-05 6.30314e-06 3.53656e-07
 1.26457e-39 6.18918e-33 6.96416e-27 1.80156e-21 1.07146e-16 1.46502e-12 4.60532e-09 3.32827e-06 0.000552997 0.0211238 0.185509 0.374547 0.174248 0.0289975 0.0642383 0.0897643 0.0322499 0.0138584 0.00996207 0.00333371 0.00122501 0.000321339 5.84398e-05 6.3567e-06 3.50225e-07
 1.19508e-39 5.8491e-33 6.5815e-27 1.70257e-21 1.01258e-16 1.38452e-12 4.35226e-09 3.14539e-06 0.000522611 0.0199631 0.175316 0.353968 0.16477 0.0299775 0.0764233 0.106942 0.0383505 0.0162568 0.0116622 0.00392611 0.00145451 0.000385081 7.1175e-05 7.81285e-06 4.25215e-07
 1.19345e-39 5.84112e-33 6.57252e-27 1.70025e-21 1.0112e-16 1.38264e-12 4.34633e-09 3.1411e-06 0.000521898 0.0199358 0.175077 0.353485 0.164532 0.0295735 0.0741028 0.103744 0.0382067 0.0193525 0.0143381 0.00479478 0.00176529 0.00047015 8.78258e-05 9.7721e-06 5.37552e-07
 1.23452e-39 6.04212e-33 6.79868e-27 1.75876e-21 1.046e-16 1.43021e-12 4.49589e-09 3.24919e-06 0.000539857 0.0206218 0.181101 0.365648 0.170135 0.0290514 0.0672493 0.0940631 0.0344943 0.0170371 0.0127523 0.00474433 0.00193303 0.00051777 9.66178e-05 1.08416e-05 6.03646e-07
#pred catch len freq
 2.14579e-27 2.1729e-27 6.55213e-27 1.49844e-21 8.91182e-17 1.21853e-12 3.83047e-09 2.76829e-06 0.000459948 0.0175697 0.154298 0.311531 0.145022 0.0265383 0.0682102 0.0957594 0.0389203 0.0311852 0.0277749 0.0188711 0.0159885 0.0139572 0.0145552 0.0136185 0.00573793
 2.1486e-27 2.18119e-27 7.49629e-27 1.81884e-21 1.08173e-16 1.47908e-12 4.6495e-09 3.36021e-06 0.000558293 0.0213264 0.18729 0.378141 0.17587 0.0279608 0.0568243 0.0793544 0.0289643 0.0139389 0.0110106 0.00593382 0.00415242 0.0029711 0.00258221 0.0022012 0.000917413
 2.1479e-27 2.17966e-27 7.34175e-27 1.76641e-21 1.05055e-16 1.43645e-12 4.51548e-09 3.26335e-06 0.000542201 0.0207117 0.181891 0.367242 0.17089 0.0295345 0.0697175 0.0974387 0.0342727 0.0124271 0.0086897 0.00320471 0.00155307 0.000819652 0.000532232 0.000379021 0.000149847
 2.14843e-27 2.18101e-27 7.48815e-27 1.81609e-21 1.0801e-16 1.47684e-12 4.64247e-09 3.35513e-06 0.000557449 0.0212942 0.187007 0.37757 0.175645 0.0290042 0.0633677 0.0885137 0.0314969 0.0125725 0.00880648 0.00271568 0.000939301 0.000305849 0.000119813 6.07191e-05 2.11852e-05
 2.14978e-27 2.18432e-27 7.83807e-27 1.93479e-21 1.15069e-16 1.57337e-12 4.9459e-09 3.57441e-06 0.000593884 0.0226859 0.199229 0.402246 0.187013 0.0279205 0.0493146 0.0686845 0.0242165 0.00895952 0.00620445 0.00200781 0.000698001 0.000173554 3.70174e-05 9.69425e-06 2.51041e-06
 2.14894e-27 2.18224e-27 7.61483e-27 1.85904e-21 1.10565e-16 1.51177e-12 4.75228e-09 3.43448e-06 0.000570634 0.0217978 0.19143 0.3865 0.179771 0.0289326 0.0602385 0.084042 0.0290919 0.00903394 0.00593451 0.00184572 0.000620334 0.000156355 2.76691e-05 3.62965e-06 4.74742e-07
 2.14806e-27 2.18009e-27 7.38877e-27 1.78237e-21 1.06004e-16 1.44942e-12 4.55627e-09 3.29283e-06 0.000547098 0.0208988 0.183534 0.370559 0.172424 0.0295528 0.0688297 0.0961831 0.0338113 0.0121755 0.00825116 0.00234623 0.000688112 0.000164415 2.80581e-05 3.01876e-06 2.00349e-07
 2.1492e-27 2.1829e-27 7.68879e-27 1.88415e-21 1.12058e-16 1.53219e-12 4.81646e-09 3.48087e-06 0.000578341 0.0220922 0.194015 0.391719 0.182161 0.0283406 0.0550518 0.0767901 0.0273375 0.0109518 0.00767482 0.00234698 0.000745242 0.000163918 2.47734e-05 2.46536e-06 1.31496e-07
 2.14995e-27 2.18473e-27 7.88018e-27 1.94907e-21 1.15918e-16 1.58498e-12 4.9824e-09 3.6008e-06 0.000598267 0.0228534 0.2007 0.405215 0.188384 0.0278871 0.0482156 0.0671166 0.0234083 0.00784334 0.00529505 0.00171754 0.000597223 0.000141591 2.18962e-05 1.98477e-06 9.42309e-08
 2.14914e-27 2.18273e-27 7.66628e-27 1.8765e-21 1.11603e-16 1.52597e-12 4.79689e-09 3.46673e-06 0.000575992 0.0220025 0.193227 0.390128 0.181442 0.0287685 0.0581436 0.0810885 0.0280445 0.00862463 0.00561569 0.00165933 0.000521496 0.000130166 2.20895e-05 2.10788e-06 9.66111e-08
 2.14849e-27 2.18114e-27 7.50043e-27 1.82024e-21 1.08257e-16 1.48022e-12 4.65309e-09 3.3628e-06 0.000558724 0.0213429 0.187434 0.378433 0.17605 0.0291516 0.0640069 0.0893882 0.0314534 0.0114249 0.00775653 0.00219607 0.00063151 0.000142976 2.30714e-05 2.33661e-06 1.14294e-07
 2.1488e-27 2.18193e-27 7.58484e-27 1.84889e-21 1.0996e-16 1.50351e-12 4.72631e-09 3.41572e-06 0.000567516 0.0216787 0.190384 0.384388 0.178787 0.0287335 0.0596598 0.0832792 0.0295435 0.0115057 0.00801721 0.0024656 0.000787867 0.000171804 2.50265e-05 2.3449e-06 1.15076e-07
 2.14888e-27 2.18211e-27 7.60363e-27 1.85525e-21 1.10339e-16 1.50869e-12 4.74259e-09 3.42748e-06 0.000569471 0.0217534 0.19104 0.385712 0.1794 0.0287655 0.0594562 0.0829736 0.0291799 0.0105555 0.00725783 0.00231946 0.000793481 0.000188652 2.91619e-05 2.58177e-06 1.164e-07
 2.14854e-27 2.18128e-27 7.51524e-27 1.82527e-21 1.08556e-16 1.48431e-12 4.66595e-09 3.37209e-06 0.000560268 0.0214019 0.187952 0.379479 0.17653 0.0290589 0.0631262 0.08815 0.0310554 0.0114071 0.00783677 0.00241067 0.000795105 0.00019705 3.3084e-05 3.15073e-06 1.4243e-07
 2.14745e-27 2.1786e-27 7.23172e-27 1.7291e-21 1.02836e-16 1.4061e-12 4.42009e-09 3.19441e-06 0.000530747 0.0202742 0.178049 0.359484 0.16732 0.0299851 0.0748067 0.104623 0.0369843 0.013987 0.00968563 0.00299905 0.000987366 0.000236833 3.94975e-05 3.98672e-06 1.93697e-07
 2.14726e-27 2.17815e-27 7.18788e-27 1.71424e-21 1.01953e-16 1.39402e-12 4.38212e-09 3.16697e-06 0.000526188 0.0201 0.176519 0.356397 0.165886 0.0298087 0.0746605 0.104472 0.0376782 0.0166361 0.0119351 0.00375604 0.00126245 0.000304318 5.00821e-05 4.97913e-06 2.48451e-07
 2.14761e-27 2.179e-27 7.27844e-27 1.74496e-21 1.0378e-16 1.419e-12 4.46065e-09 3.22373e-06 0.000535617 0.0204602 0.179683 0.362783 0.168827 0.0295047 0.0708795 0.0991346 0.0356828 0.0155446 0.0112441 0.0038601 0.00143543 0.000356122 5.95834e-05 5.90934e-06 2.91741e-07
 2.1477e-27 2.17922e-27 7.30134e-27 1.75273e-21 1.04241e-16 1.42532e-12 4.4805e-09 3.23807e-06 0.000538001 0.0205513 0.180482 0.364397 0.169573 0.0294733 0.0702016 0.098171 0.0352317 0.0150204 0.0108078 0.00369306 0.00140067 0.00037934 6.91091e-05 7.07273e-06 3.5177e-07
 2.14809e-27 2.18018e-27 7.40218e-27 1.78693e-21 1.06276e-16 1.45313e-12 4.56794e-09 3.30126e-06 0.0005485 0.0209523 0.184004 0.371508 0.172849 0.0291843 0.0662937 0.092654 0.0331697 0.013882 0.00993371 0.00335017 0.0012523 0.000341148 6.54953e-05 7.2995e-06 3.84119e-07
 2.14811e-27 2.18022e-27 7.40496e-27 1.78787e-21 1.06331e-16 1.45389e-12 4.57033e-09 3.30299e-06 0.000548787 0.0209633 0.184101 0.371703 0.172944 0.0293014 0.0669502 0.0935588 0.0332116 0.0130091 0.00916216 0.00305409 0.00112365 0.000301735 5.76936e-05 6.64893e-06 3.74035e-07
 2.14805e-27 2.18008e-27 7.38993e-27 1.78277e-21 1.06028e-16 1.44975e-12 4.5573e-09 3.29357e-06 0.000547222 0.0209035 0.183576 0.370643 0.172455 0.0293332 0.0674635 0.0942879 0.0335484 0.0133853 0.00942297 0.0030269 0.00106466 0.00028067 5.27375e-05 6.03488e-06 3.46149e-07
 2.14791e-27 2.17974e-27 7.35447e-27 1.77074e-21 1.05313e-16 1.43997e-12 4.52656e-09 3.27135e-06 0.000543531 0.0207625 0.182337 0.368143 0.171303 0.0294316 0.0688179 0.0962007 0.034272 0.0138114 0.00975688 0.003164 0.00111353 0.000282758 5.09947e-05 5.70892e-06 3.24215e-07
 2.14787e-27 2.17963e-27 7.3433e-27 1.76696e-21 1.05088e-16 1.43689e-12 4.51688e-09 3.26436e-06 0.000542369 0.0207181 0.181948 0.367356 0.170938 0.0294047 0.068891 0.0963143 0.0344561 0.0143412 0.0102096 0.00333216 0.00118398 0.000302318 5.36325e-05 5.77244e-06 3.17937e-07
 2.14773e-27 2.1793e-27 7.30861e-27 1.75519e-21 1.04388e-16 1.42732e-12 4.4868e-09 3.24263e-06 0.000538757 0.0205802 0.180736 0.36491 0.16981 0.0294834 0.0701082 0.0980357 0.035137 0.0148319 0.0106152 0.00353064 0.0012832 0.00033092 5.91699e-05 6.32143e-06 3.38469e-07
 2.14782e-27 2.17953e-27 7.33326e-27 1.76356e-21 1.04886e-16 1.43412e-12 4.50818e-09 3.25808e-06 0.000541325 0.0206782 0.181597 0.366649 0.170609 0.0293544 0.0687967 0.0961938 0.034578 0.0149153 0.0107336 0.00360152 0.00132825 0.000349742 6.38466e-05 6.88933e-06 3.68178e-07
 2.1474e-27 2.17849e-27 7.22271e-27 1.72605e-21 1.02655e-16 1.40363e-12 4.41231e-09 3.18879e-06 0.000529813 0.0202385 0.177736 0.358852 0.16702 0.0297626 0.0736388 0.103013 0.0369025 0.0155214 0.0111295 0.0037808 0.00141642 0.000377762 7.03484e-05 7.75861e-06 4.20674e-07
 2.14706e-27 2.17767e-27 7.13682e-27 1.69692e-21 1.00923e-16 1.37994e-12 4.33785e-09 3.13497e-06 0.000520871 0.0198969 0.174736 0.352796 0.164228 0.0299708 0.0767354 0.107393 0.0386602 0.0168525 0.0121481 0.00406449 0.0015035 0.000405679 7.68887e-05 8.64048e-06 4.78264e-07
 2.14757e-27 2.17893e-27 7.27243e-27 1.74293e-21 1.03659e-16 1.41735e-12 4.45546e-09 3.21997e-06 0.000534994 0.0204364 0.179474 0.362361 0.168628 0.0294067 0.0704085 0.0984904 0.0357227 0.0164136 0.0119858 0.00409498 0.00154139 0.000411449 7.7722e-05 8.8608e-06 4.99666e-07
#obs catch len freq
 1.22101e-39 5.97598e-33 6.72427e-27 1.73951e-21 1.03455e-16 1.41456e-12 4.44668e-09 3.21363e-06 0.000533948 0.0203961 0.179119 0.361646 0.168299 0.029421 0.0707115 0.0989166 0.0358513 0.0163983 0.0120351 0.00430523 0.00173272 0.000506367 0.000108793 1.4537e-05 9.94626e-07
 1.22433e-39 5.99225e-33 6.74258e-27 1.74424e-21 1.03737e-16 1.41841e-12 4.45878e-09 3.22237e-06 0.000535402 0.0204517 0.179606 0.362631 0.168755 0.0294532 0.0706116 0.098764 0.0356397 0.0158123 0.011512 0.00405106 0.00160166 0.000461875 9.65717e-05 1.24446e-05 8.23926e-07
 1.30533e-39 6.38871e-33 7.18868e-27 1.85964e-21 1.106e-16 1.51225e-12 4.75378e-09 3.43557e-06 0.000570825 0.0218048 0.191489 0.386622 0.179807 0.028383 0.0568477 0.0793491 0.0286029 0.0125928 0.00913177 0.00315342 0.00121773 0.000344384 7.05313e-05 8.86368e-06 5.67689e-07
 1.15317e-39 5.64395e-33 6.35066e-27 1.64286e-21 9.77068e-17 1.33596e-12 4.19961e-09 3.03507e-06 0.000504281 0.0192629 0.169167 0.341553 0.159067 0.0309487 0.0860935 0.12051 0.0422738 0.014956 0.010314 0.00353785 0.00135094 0.000373824 7.45604e-05 9.14939e-06 5.71439e-07
 1.33755e-39 6.54636e-33 7.36607e-27 1.90553e-21 1.13329e-16 1.54957e-12 4.87109e-09 3.52035e-06 0.000584911 0.0223428 0.196215 0.396162 0.184191 0.0276771 0.0496629 0.0692707 0.0257208 0.0136627 0.0100854 0.0030707 0.00101687 0.000273971 5.3593e-05 6.40447e-06 3.89735e-07
 1.38727e-39 6.78973e-33 7.63991e-27 1.97637e-21 1.17542e-16 1.60718e-12 5.05218e-09 3.65122e-06 0.000606656 0.0231735 0.203509 0.410889 0.190998 0.0276291 0.0449311 0.0624787 0.0216498 0.00680766 0.00461705 0.00177066 0.000723216 0.000177535 3.09677e-05 3.56303e-06 2.11436e-07
 1.25318e-39 6.13347e-33 6.90148e-27 1.78535e-21 1.06181e-16 1.45184e-12 4.56386e-09 3.29831e-06 0.00054802 0.0209336 0.183839 0.371177 0.172721 0.029847 0.0704398 0.0983951 0.0338061 0.00966405 0.00612214 0.00175418 0.000553461 0.00016122 3.13504e-05 3.31882e-06 1.83044e-07
 1.26194e-39 6.17634e-33 6.94971e-27 1.79782e-21 1.06923e-16 1.46198e-12 4.59576e-09 3.32136e-06 0.000551849 0.0210799 0.185124 0.37377 0.173893 0.0291218 0.065231 0.0911608 0.0327255 0.0139613 0.00979361 0.00267471 0.000718819 0.000158948 2.74901e-05 3.22019e-06 1.78784e-07
 1.41518e-39 6.92632e-33 7.79361e-27 2.01613e-21 1.19907e-16 1.63951e-12 5.15382e-09 3.72468e-06 0.00061886 0.0236397 0.207604 0.419155 0.194796 0.0270166 0.0387008 0.053737 0.0191166 0.00762083 0.0053955 0.00180813 0.000632713 0.000134101 1.84947e-05 1.77085e-06 9.68747e-08
 1.41735e-39 6.93692e-33 7.80554e-27 2.01922e-21 1.2009e-16 1.64202e-12 5.16171e-09 3.73037e-06 0.000619807 0.0236758 0.207921 0.419797 0.195106 0.0273717 0.0406753 0.0564551 0.0191939 0.00482721 0.00295691 0.000954238 0.000338962 8.74008e-05 1.4249e-05 1.22833e-06 5.48086e-08
 1.34667e-39 6.59103e-33 7.41633e-27 1.91854e-21 1.14103e-16 1.56015e-12 4.90433e-09 3.54437e-06 0.000588902 0.0224953 0.197554 0.398866 0.185472 0.028499 0.0538655 0.075034 0.0255781 0.00664751 0.00402592 0.00103712 0.000259148 6.26352e-05 1.11261e-05 1.1301e-06 5.193e-08
 1.31611e-39 6.44146e-33 7.24803e-27 1.875e-21 1.11513e-16 1.52474e-12 4.79303e-09 3.46394e-06 0.000575538 0.0219848 0.193071 0.389814 0.181296 0.0287335 0.058025 0.0809346 0.028176 0.00926108 0.00607293 0.00158487 0.000383733 7.30634e-05 9.83795e-06 9.77446e-07 5.00434e-08
 1.34856e-39 6.60025e-33 7.42671e-27 1.92122e-21 1.14262e-16 1.56233e-12 4.91119e-09 3.54933e-06 0.000589726 0.0225268 0.19783 0.399423 0.185716 0.0281355 0.0514784 0.0717257 0.0251755 0.0089457 0.00605928 0.00176391 0.00051347 0.000100352 1.20331e-05 9.27157e-07 4.0978e-08
 1.32952e-39 6.50709e-33 7.32188e-27 1.8941e-21 1.12649e-16 1.54027e-12 4.84187e-09 3.49923e-06 0.000581402 0.0222088 0.195038 0.393786 0.183125 0.0285384 0.055637 0.0775638 0.0269129 0.0085635 0.00565123 0.00171301 0.000541458 0.00011958 1.64786e-05 1.24534e-06 4.61618e-08
 1.28203e-39 6.27466e-33 7.06034e-27 1.82644e-21 1.08625e-16 1.48526e-12 4.66892e-09 3.37424e-06 0.000560634 0.0214155 0.188071 0.37972 0.176646 0.0291772 0.0637762 0.0890469 0.031112 0.0105932 0.00708222 0.00203329 0.000601122 0.000138243 2.11756e-05 1.81783e-06 7.1681e-08
 1.15404e-39 5.64822e-33 6.35547e-27 1.6441e-21 9.77808e-17 1.33698e-12 4.2028e-09 3.03737e-06 0.000504663 0.0192775 0.169295 0.341812 0.159181 0.0308052 0.0851397 0.119198 0.0422761 0.0164285 0.0113953 0.00338365 0.00103516 0.000227712 3.38687e-05 3.10011e-06 1.36242e-07
 1.25757e-39 6.15495e-33 6.92565e-27 1.7916e-21 1.06553e-16 1.45692e-12 4.57985e-09 3.30987e-06 0.000549939 0.021007 0.184483 0.372476 0.17328 0.0287196 0.0631658 0.0883209 0.0326761 0.0170038 0.0125841 0.00401393 0.00135457 0.000310662 4.66283e-05 4.15308e-06 1.85793e-07
 1.22232e-39 5.98242e-33 6.73152e-27 1.74138e-21 1.03566e-16 1.41608e-12 4.45147e-09 3.21709e-06 0.000534523 0.0204181 0.179312 0.362036 0.16849 0.0297082 0.0723473 0.101169 0.0359147 0.0140888 0.0101062 0.00383539 0.00156996 0.00039619 6.49127e-05 5.98482e-06 2.66769e-07
 1.265e-39 6.1913e-33 6.96655e-27 1.80218e-21 1.07182e-16 1.46553e-12 4.60689e-09 3.32941e-06 0.000553186 0.021131 0.185572 0.374676 0.174304 0.0289328 0.0638045 0.0891643 0.0321965 0.0143405 0.0103297 0.00333067 0.00122116 0.000361279 7.07771e-05 7.25554e-06 3.43849e-07
 1.23162e-39 6.02793e-33 6.78272e-27 1.75463e-21 1.04354e-16 1.42685e-12 4.48533e-09 3.24156e-06 0.000538589 0.0205734 0.180676 0.36479 0.169759 0.0295972 0.0708397 0.0990461 0.0352096 0.0139551 0.00990043 0.0034162 0.00128659 0.000335895 6.53938e-05 7.83002e-06 4.25012e-07
 1.24753e-39 6.10578e-33 6.87032e-27 1.77729e-21 1.05702e-16 1.44528e-12 4.54326e-09 3.28342e-06 0.000545545 0.0208391 0.183009 0.369501 0.171922 0.0292121 0.0670693 0.0937619 0.0337616 0.0147409 0.0105839 0.00342337 0.00122443 0.00033198 6.281e-05 7.19e-06 4.21381e-07
 1.26564e-39 6.19444e-33 6.97009e-27 1.8031e-21 1.07237e-16 1.46627e-12 4.60923e-09 3.3311e-06 0.000553468 0.0211417 0.185667 0.374866 0.174396 0.0290347 0.0643692 0.0899388 0.0321745 0.0133943 0.00959028 0.00327213 0.00121857 0.000314524 5.79909e-05 6.60776e-06 3.7752e-07
 1.2548e-39 6.1414e-33 6.9104e-27 1.78765e-21 1.06319e-16 1.45371e-12 4.56976e-09 3.30258e-06 0.000548728 0.0209607 0.184077 0.371656 0.172921 0.0292702 0.0667739 0.0933163 0.0332051 0.0132597 0.00937509 0.00311543 0.00114536 0.000308181 5.7344e-05 6.32556e-06 3.55153e-07
 1.25091e-39 6.12236e-33 6.88897e-27 1.78211e-21 1.05989e-16 1.44921e-12 4.55559e-09 3.29234e-06 0.000547027 0.0208957 0.183506 0.370504 0.172388 0.029261 0.0670653 0.0937395 0.033528 0.0139326 0.00990774 0.00321528 0.00114267 0.000300636 5.63038e-05 6.33718e-06 3.51756e-07
 1.24746e-39 6.10543e-33 6.86993e-27 1.77719e-21 1.05696e-16 1.4452e-12 4.543e-09 3.28323e-06 0.000545514 0.0208379 0.182999 0.36948 0.171915 0.0292846 0.0675181 0.0943811 0.0337961 0.0141683 0.0101226 0.00335829 0.00121502 0.000312111 5.6593e-05 6.31269e-06 3.5403e-07
 1.25342e-39 6.13463e-33 6.90278e-27 1.78568e-21 1.06201e-16 1.45211e-12 4.56472e-09 3.29894e-06 0.000548123 0.0209376 0.183874 0.371246 0.172728 0.0291798 0.066346 0.0927316 0.03325 0.0140804 0.0100876 0.00336598 0.00123276 0.000322898 5.86527e-05 6.37528e-06 3.51083e-07
 1.18187e-39 5.78443e-33 6.50873e-27 1.68375e-21 1.00139e-16 1.36922e-12 4.30415e-09 3.11061e-06 0.000516833 0.0197424 0.173377 0.350055 0.162969 0.0301939 0.0789236 0.110463 0.0395361 0.0165174 0.011809 0.00396399 0.0014637 0.000386944 7.14334e-05 7.8357e-06 4.26263e-07
 1.1809e-39 5.77969e-33 6.50339e-27 1.68237e-21 1.00057e-16 1.36809e-12 4.30061e-09 3.10806e-06 0.000516409 0.0197262 0.173235 0.349767 0.16282 0.0297752 0.0764542 0.107055 0.0393314 0.0196311 0.0145033 0.00483611 0.00177458 0.000471921 8.80509e-05 9.79024e-06 5.38306e-07
#spawning biomass
 4065.04 2180.96 2294.11 1999.88 2170.19 3404.25 4219.28 4426.85 6153.62 10745 16779.5 21595.5 27231.7 37672.6 42488.3 39978.4 33343.9 32866.1 32187.3 31798.3 33495.3 35162.4 38236.8 43029.1 48450.7 52176.9 46665.6 42377.2 28054.4 78404.2 102284 78233.7 54783.4 39954.1 31571.7 27090.9 24776.5 23607.4 23025.6 22739 22598.7 22530.4 22497.3 22481.2 22473.5 22469.7 22467.9 22467.1 22466.7 22466.5 22466.4 22466.3 22466.3 22466.3 22466.3 22466.3 22466.3 22466.3 22466.3 22466.3 22466.3 22466.3 22466.3 22466.3 22466.3 22466.3 22466.3 22466.3 22466.3 22466.3 22466.3 22466.3 22466.3 22466.3 22466.3 22466.3 22466.3 22466.3 22466.3 22466.3 22466.3 22466.3 22466.3 22466.3 22466.3 22466.3 22466.3 22466.3 22466.3 22466.3 22466.3 22466.3 22466.3 22466.3 22466.3 22466.3 22466.3 22466.3 22466.3 22466.3 22466.3 22466.3 22466.3 22466.3 22466.3 22466.3 22466.3 22466.3 22466.3 22466.3 22466.3 22466.3 22466.3 22466.3 22466.3 22466.3 22466.3 22466.3 22466.3 22466.3 22466.3 22466.3 22466.3 22466.3 22466.3 22466.3 22466.3 22466.3 0 0 0 0 0 0 0 0 0 0 0 0 0 0 0 0 0 0 0 0 0 0 0 0 0
