SBPRF35
0.819782
Curr Bio
155675
B35
1.47679e+06
F35
0.230242
FOFL
0
OFL
0
Bzero
234224
#pred survey bio
 27598.8 27830.6 23093.4 24674.4 38334 57486.1 94693.1 112829 146867 173022 207639 215427 250641 264516 271075 274578 281371 285108 235970 238773 248951 267129 277573 268678 259881 285746 288726 191222 3.58929e+06 6.02731e+06 6.86614e+06 6.7133e+06 6.05982e+06 5.24893e+06 4.47484e+06 3.82074e+06 3.30521e+06 2.91608e+06 2.63033e+06 2.42406e+06 2.27663e+06 2.17169e+06 2.09672e+06 2.04089e+06 2.0016e+06 1.97361e+06 1.95339e+06 1.93859e+06 1.92761e+06 1.91936e+06 1.91308e+06 1.90826e+06 1.9045e+06 1.90156e+06 1.89924e+06 1.89739e+06 1.89592e+06 1.89473e+06 1.89378e+06 1.893e+06 1.89238e+06 1.89187e+06 1.89146e+06 1.89112e+06 1.89084e+06 1.89062e+06 1.89044e+06 1.89029e+06 1.89016e+06 1.89006e+06 1.88998e+06 1.88992e+06 1.88986e+06 1.88982e+06 1.88978e+06 1.88975e+06 1.88973e+06 1.88971e+06 1.88969e+06 1.88968e+06 1.88966e+06 1.88966e+06 1.88965e+06 1.88964e+06 1.88964e+06 1.88963e+06 1.88963e+06 1.88963e+06 1.88962e+06 1.88962e+06 1.88962e+06 1.88962e+06 1.88962e+06 1.88962e+06 1.88962e+06 1.88962e+06 1.88962e+06 1.88962e+06 1.88962e+06 1.88962e+06 1.88962e+06 1.88962e+06 1.88961e+06 1.88961e+06 1.88961e+06 1.88961e+06 1.88961e+06 1.88961e+06 1.88961e+06 1.88961e+06 1.88961e+06 1.88961e+06 1.88961e+06 1.88961e+06 1.88961e+06 1.88961e+06 1.88961e+06 1.88961e+06 1.88961e+06 1.88961e+06 1.88961e+06 1.88961e+06 1.88961e+06 1.88961e+06 1.88961e+06 1.88961e+06 1.88961e+06 1.88961e+06 0 0 0 0 0 0 0 0 0 0 0 0 0 0 0 0 0 0 0 0 0 0 0 0 0
#obs survey bio
 24644 19347.9 25465.2 21741 26566.9 56468.6 109153 128389 109180 164940 202592 133795 154656 293110 268677 228873 215057 205084 131592 166886 191418 189127 147200 208319 171566 208763 219699 130503
#pred catch bio
 12421.6 16593.6 12386.8 10045.3 23569.2 34323.5 67335.7 75418.6 106087 119581 154708 157788 186842 196561 207209 209307 212578 231842 184366 191164 196555 213869 233866 223172 211364 231537 259427 182074 0 51789.1 59571.8 57600.5 51204.5 43529.4 36336.4 30357.1 25728.4 22308.3 19861.4 18150.9 16975.4 16177.7 15640.4 15272.5 15033.3 14877.6 14776.4 14710.6 14667.8 14640 14621.9 14610.1 14602.4 14597.5 14594.2 14592.1 14590.7 14589.9 14589.3 14588.9 14588.7 14588.5 14588.4 14588.3 14588.3 14588.3 14588.2 14588.2 14588.2 14588.2 14588.2 14588.2 14588.2 14588.2 14588.2 14588.2 14588.2 14588.2 14588.2 14588.2 14588.2 14588.2 14588.2 14588.2 14588.2 14588.2 14588.2 14588.2 14588.2 14588.2 14588.2 14588.2 14588.2 14588.2 14588.2 14588.2 14588.2 14588.2 14588.2 14588.2 14588.2 14588.2 14588.2 14588.2 14588.2 14588.2 14588.2 14588.2 14588.2 14588.2 14588.2 14588.2 14588.2 14588.2 14588.2 14588.2 14588.2 14588.2 14588.2 14588.2 14588.2 14588.2 14588.2 14588.2 14588.2 14588.2 14588.2 14588.2 0 0 0 0 0 0 0 0 0 0 0 0 0 0 0 0 0 0 0 0 0 0 0 0 0
#obs catch bio
 11681.4 18512.2 13937.1 9014.26 25172.5 29479.6 58342.4 62702.6 98335.4 112114 149628 166153 199345 177025 211991 208031 194678 228656 171833 186301 198061 201276 236553 217166 188572 212854 239357 179588
#pred cpue bio
 21305.3 22874.3 16708 17671 24143.8 28955.7 48704.1 58827.8 79106.5 87709.2 113806 113586 125005 138832 146232 139015 143138 149753 118769 114963 109219 120326 122960 106166 109618 115552 127386 76614.9 858837 5.8055e+06 6.74498e+06 6.59158e+06 5.93807e+06 5.12717e+06 4.35309e+06 3.69899e+06 3.18346e+06 2.79433e+06 2.50857e+06 2.30231e+06 2.15488e+06 2.04994e+06 1.97497e+06 1.91914e+06 1.87985e+06 1.85186e+06 1.83164e+06 1.81684e+06 1.80586e+06 1.79761e+06 1.79133e+06 1.7865e+06 1.78275e+06 1.77981e+06 1.77749e+06 1.77564e+06 1.77417e+06 1.77298e+06 1.77202e+06 1.77125e+06 1.77063e+06 1.77012e+06 1.7697e+06 1.76937e+06 1.76909e+06 1.76887e+06 1.76868e+06 1.76854e+06 1.76841e+06 1.76831e+06 1.76823e+06 1.76816e+06 1.76811e+06 1.76806e+06 1.76803e+06 1.768e+06 1.76797e+06 1.76795e+06 1.76794e+06 1.76792e+06 1.76791e+06 1.7679e+06 1.7679e+06 1.76789e+06 1.76789e+06 1.76788e+06 1.76788e+06 1.76788e+06 1.76787e+06 1.76787e+06 1.76787e+06 1.76787e+06 1.76787e+06 1.76787e+06 1.76787e+06 1.76787e+06 1.76786e+06 1.76786e+06 1.76786e+06 1.76786e+06 1.76786e+06 1.76786e+06 1.76786e+06 1.76786e+06 1.76786e+06 1.76786e+06 1.76786e+06 1.76786e+06 1.76786e+06 1.76786e+06 1.76786e+06 1.76786e+06 1.76786e+06 1.76786e+06 1.76786e+06 1.76786e+06 1.76786e+06 1.76786e+06 1.76786e+06 1.76786e+06 1.76786e+06 1.76786e+06 1.76786e+06 1.76786e+06 1.76786e+06 1.76786e+06 1.76786e+06 1.76786e+06 0 0 0 0 0 0 0 0 0 0 0 0 0 0 0 0 0 0 0 0 0 0 0 0 0
#obs cpue bio
 25513.4 15444.8 23848 16558.8 25910.7 59103.3 71586.3 98643.5 141444 109654 146283 136678 162947 196389 146350 170064 249672 252209 248562 195210 137070 219284 223514 161078 252289 218257 253236 116075
#pred surv len freq
 1.17194e-11 1.27203e-09 8.14099e-08 3.07216e-06 6.83597e-05 0.000896928 0.00694028 0.031693 0.0857198 0.1398 0.149163 0.13444 0.132125 0.118171 0.0804896 0.0464688 0.0268684 0.0158828 0.00972199 0.00639184 0.00461089 0.0036934 0.00311235 0.00236672 0.00137259
 9.5663e-12 1.03833e-09 6.6453e-08 2.50773e-06 5.58006e-05 0.000732155 0.00566574 0.0258831 0.0701476 0.115547 0.128621 0.129318 0.141868 0.135119 0.0993205 0.0637834 0.0386087 0.0210222 0.0106575 0.00550233 0.0030875 0.00198526 0.00144606 0.00103287 0.000593278
 1.30452e-11 1.41593e-09 9.06195e-08 3.4197e-06 7.60928e-05 0.000998383 0.00772496 0.035268 0.0952739 0.154456 0.160503 0.134066 0.121211 0.106261 0.0750991 0.0469122 0.0288445 0.0167145 0.00878102 0.00415764 0.00185004 0.000868899 0.000479653 0.000292686 0.000158147
 1.26991e-11 1.37837e-09 8.82154e-08 3.32898e-06 7.40742e-05 0.000971904 0.00752034 0.0343398 0.0928495 0.151194 0.160222 0.141598 0.135731 0.118386 0.076481 0.0396327 0.0201753 0.0106453 0.00553645 0.00269845 0.00117647 0.000463001 0.000182883 8.17239e-05 3.74473e-05
 1.55271e-11 1.68532e-09 1.0786e-07 4.07031e-06 9.05695e-05 0.00118831 0.00919401 0.0419626 0.113191 0.182152 0.182956 0.136705 0.105652 0.0863035 0.060862 0.0381738 0.0221264 0.0110549 0.00489367 0.00210649 0.000882003 0.000337077 0.000114747 3.7313e-05 1.25376e-05
 1.74719e-11 1.8964e-09 1.2137e-07 4.58011e-06 0.000101913 0.00133714 0.0103454 0.0472152 0.127325 0.204609 0.204138 0.148629 0.108352 0.0800482 0.0443571 0.0164366 0.00466322 0.00146267 0.000593793 0.000245487 9.11839e-05 3.10403e-05 9.69101e-06 2.69656e-06 6.81133e-07
 1.71066e-11 1.85676e-09 1.18832e-07 4.48437e-06 9.97828e-05 0.0013092 0.0101293 0.0462313 0.124706 0.200679 0.201526 0.150163 0.113668 0.0853476 0.0464853 0.0158209 0.00331112 0.000456817 5.17141e-05 7.21712e-06 1.62558e-06 4.6836e-07 1.2935e-07 3.15504e-08 6.68327e-09
 1.69372e-11 1.83837e-09 1.17656e-07 4.43996e-06 9.87946e-05 0.00129623 0.010029 0.0457747 0.123487 0.198825 0.200165 0.150459 0.115482 0.0873068 0.0474905 0.0159736 0.00320038 0.000379449 2.67026e-05 1.13412e-06 3.11157e-08 7.41973e-10 3.90032e-11 5.79169e-12 1.01663e-12
 1.65473e-11 1.79605e-09 1.14947e-07 4.33773e-06 9.652e-05 0.00126639 0.00979823 0.0447233 0.120679 0.194529 0.1969 0.150778 0.119107 0.0914589 0.0499745 0.0168483 0.00339399 0.000409981 3.07449e-05 1.58236e-06 6.61931e-08 2.38822e-09 6.46929e-11 1.16723e-12 1.53117e-14
 1.72569e-11 1.87307e-09 1.19876e-07 4.52375e-06 0.000100659 0.00132069 0.0102182 0.0466365 0.125789 0.202346 0.202836 0.150182 0.112485 0.0838875 0.0454623 0.0152802 0.0030616 0.000363235 2.56213e-05 1.09559e-06 3.02649e-08 6.31572e-10 1.20891e-11 2.16973e-13 3.33154e-15
 1.63259e-11 1.77202e-09 1.13409e-07 4.27971e-06 9.52289e-05 0.00124945 0.00966722 0.0441265 0.119085 0.192092 0.195056 0.150987 0.121206 0.093842 0.051371 0.0173049 0.00347041 0.00041249 2.92758e-05 1.27799e-06 3.74452e-08 8.6987e-10 1.76853e-11 2.82923e-13 3.1762e-15
 1.68051e-11 1.82403e-09 1.16738e-07 4.40532e-06 9.8024e-05 0.00128612 0.00995083 0.0454185 0.122536 0.19737 0.199061 0.150575 0.116721 0.0887207 0.0483283 0.0162589 0.00325677 0.000385713 2.70327e-05 1.13012e-06 2.89893e-08 4.96526e-10 6.74475e-12 8.27768e-14 8.6231e-16
 1.74341e-11 1.8923e-09 1.21107e-07 4.5702e-06 0.000101693 0.00133425 0.0103231 0.0471142 0.127065 0.204297 0.204317 0.15003 0.110828 0.0819943 0.0443372 0.0148931 0.00298222 0.000353161 2.47472e-05 1.03401e-06 2.64707e-08 4.50237e-10 5.98906e-12 6.9847e-14 6.51087e-16
 1.68593e-11 1.82992e-09 1.17115e-07 4.41954e-06 9.83404e-05 0.00129027 0.00998294 0.0455647 0.122927 0.197967 0.199515 0.150529 0.116214 0.0881415 0.0479836 0.0161397 0.00323189 0.000382375 2.67007e-05 1.10175e-06 2.70094e-08 4.00834e-10 3.82372e-12 2.71003e-14 1.69137e-16
 1.65266e-11 1.79381e-09 1.14803e-07 4.33232e-06 9.63996e-05 0.00126481 0.00978601 0.0446676 0.120531 0.194303 0.196735 0.150817 0.119332 0.0916996 0.0500952 0.0168628 0.00337754 0.000399775 2.79553e-05 1.15936e-06 2.89299e-08 4.5525e-10 5.10025e-12 4.80345e-14 3.82725e-16
 1.72706e-11 1.87456e-09 1.19972e-07 4.52735e-06 0.000100739 0.00132174 0.0102263 0.0466735 0.125888 0.202497 0.202951 0.150172 0.11236 0.0837431 0.0453739 0.0152468 0.00305254 0.000361167 2.5226e-05 1.04185e-06 2.56231e-08 3.84453e-10 3.78929e-12 2.87349e-14 1.9146e-16
 1.72175e-11 1.8688e-09 1.19603e-07 4.51344e-06 0.00010043 0.00131768 0.0101949 0.0465304 0.125506 0.201912 0.202508 0.150218 0.112858 0.0843109 0.0457107 0.0153618 0.00307549 0.000363816 2.53939e-05 1.04625e-06 2.55104e-08 3.71505e-10 3.33402e-12 2.01915e-14 9.78183e-17
 1.68504e-11 1.82895e-09 1.17053e-07 4.4172e-06 9.82883e-05 0.00128959 0.00997764 0.0455406 0.122862 0.197869 0.19944 0.150537 0.116298 0.0882371 0.0480403 0.0161591 0.00323573 0.000382811 2.67263e-05 1.10211e-06 2.6956e-08 3.96847e-10 3.68936e-12 2.44903e-14 1.37003e-16
 1.73351e-11 1.88155e-09 1.20419e-07 4.54425e-06 0.000101115 0.00132668 0.0102645 0.0468473 0.126352 0.203207 0.20349 0.150117 0.111757 0.0830541 0.0449648 0.0151065 0.00302411 0.000357697 2.49576e-05 1.02693e-06 2.49216e-08 3.56894e-10 3.02235e-12 1.5249e-14 4.70277e-17
 1.78003e-11 1.93206e-09 1.23651e-07 4.66622e-06 0.000103829 0.00136228 0.0105399 0.0481017 0.129703 0.208331 0.207377 0.149713 0.107397 0.078078 0.0420124 0.0140962 0.00282116 0.000333682 2.32837e-05 9.58334e-07 2.3282e-08 3.34701e-10 2.87348e-12 1.51948e-14 5.41076e-17
 1.86637e-11 2.02576e-09 1.29649e-07 4.89253e-06 0.000108865 0.00142835 0.0110508 0.0504294 0.13592 0.21784 0.214591 0.148965 0.0993065 0.0688448 0.036534 0.0122216 0.0024445 0.000289091 2.01699e-05 8.29891e-07 2.01374e-08 2.88252e-10 2.43713e-12 1.22259e-14 3.6959e-17
 1.84329e-11 2.00072e-09 1.28046e-07 4.83205e-06 0.000107519 0.00141069 0.0109143 0.0498073 0.134259 0.215299 0.212663 0.149165 0.101469 0.0713125 0.0379982 0.0127226 0.00254516 0.000301005 2.10012e-05 8.64076e-07 2.09653e-08 3.00019e-10 2.53408e-12 1.26667e-14 3.78141e-17
 1.85803e-11 2.01671e-09 1.29069e-07 4.87066e-06 0.000108378 0.00142196 0.0110015 0.0502045 0.13532 0.216921 0.213894 0.149037 0.100088 0.0697371 0.0370634 0.0124027 0.00248089 0.000293398 2.04703e-05 8.42225e-07 2.04344e-08 2.92383e-10 2.46843e-12 1.23178e-14 3.65547e-17
 1.94847e-11 2.11487e-09 1.35352e-07 5.10775e-06 0.000113654 0.00149117 0.0115367 0.0526428 0.141833 0.226882 0.221451 0.148253 0.0916132 0.0600647 0.0313244 0.0104389 0.00208635 0.000246697 1.72113e-05 7.08122e-07 1.71795e-08 2.4575e-10 2.07287e-12 1.03106e-14 3.02475e-17
 1.89891e-11 2.06109e-09 1.31909e-07 4.97785e-06 0.000110763 0.00145325 0.0112434 0.0513068 0.138264 0.221425 0.21731 0.148682 0.0962568 0.0653643 0.0344688 0.0115149 0.00230252 0.000272284 1.89969e-05 7.81585e-07 1.89618e-08 2.71245e-10 2.28789e-12 1.13798e-14 3.33804e-17
 1.93151e-11 2.09647e-09 1.34174e-07 5.0633e-06 0.000112665 0.0014782 0.0114364 0.0521857 0.140612 0.225015 0.220034 0.1484 0.0932018 0.0618778 0.0324002 0.010807 0.00216031 0.000255451 1.78222e-05 7.33258e-07 1.77895e-08 2.54485e-10 2.14684e-12 1.06837e-14 3.13955e-17
 1.86152e-11 2.0205e-09 1.29312e-07 4.87982e-06 0.000108582 0.00142464 0.0110221 0.0502986 0.135571 0.217306 0.214186 0.149007 0.0997611 0.0693636 0.0368418 0.0123269 0.00246566 0.000291594 2.03443e-05 8.37028e-07 2.0307e-08 2.90496e-10 2.45053e-12 1.21933e-14 3.58143e-17
 1.93838e-11 2.10393e-09 1.34651e-07 5.08131e-06 0.000113065 0.00148345 0.011477 0.0523709 0.141106 0.225771 0.220608 0.14834 0.0925584 0.0611434 0.0319644 0.0106579 0.00213035 0.000251905 1.75748e-05 7.23074e-07 1.75422e-08 2.50937e-10 2.11656e-12 1.05268e-14 3.08701e-17
#obs surv len freq
 3.73421e-11 3.46074e-09 1.89115e-07 6.09354e-06 0.000115772 0.00129702 0.00857003 0.0334333 0.0774505 0.109744 0.108652 0.106076 0.120447 0.126655 0.11538 0.0910543 0.0575903 0.0281778 0.0109434 0.00340786 0.000827516 0.000150383 1.96382e-05 1.77725e-06 1.08237e-07
 2.19075e-11 1.95822e-09 1.03209e-07 3.20745e-06 5.87765e-05 0.000635188 0.0040509 0.015301 0.0348824 0.0525 0.0694031 0.105085 0.148654 0.167334 0.157459 0.123012 0.0732314 0.0326325 0.0115112 0.00333052 0.000766045 0.000132248 1.63133e-05 1.38473e-06 7.85428e-08
 1.46915e-10 1.2644e-08 6.41636e-07 1.91991e-05 0.000338735 0.00352394 0.0216172 0.0782052 0.166985 0.211337 0.162295 0.085902 0.0511572 0.053572 0.0619029 0.0535956 0.0314808 0.0128662 0.00397259 0.000992649 0.000200944 3.14031e-05 3.57761e-06 2.8287e-07 1.49557e-08
 1.16732e-10 9.65726e-09 4.71092e-07 1.35502e-05 0.000229815 0.00229849 0.0135619 0.047314 0.0987549 0.13067 0.135993 0.153451 0.167354 0.131341 0.0704366 0.0297884 0.0120679 0.00470477 0.00154577 0.000390298 7.31245e-05 1.00733e-05 1.00685e-06 7.09411e-08 3.39903e-09
 1.96957e-10 1.56393e-08 7.3223e-07 2.02147e-05 0.000329061 0.00315858 0.0178811 0.0597599 0.118522 0.143308 0.119649 0.0985119 0.102965 0.111703 0.10491 0.0734977 0.0339373 0.00979677 0.00179245 0.000229088 2.47838e-05 2.53378e-06 2.17188e-07 1.3513e-08 5.71498e-10
 3.53668e-10 2.6915e-08 1.20776e-06 3.19562e-05 0.000498563 0.00458661 0.0248862 0.0797233 0.151637 0.176224 0.142212 0.111508 0.101408 0.0855763 0.0614192 0.0367844 0.0167084 0.00536913 0.00121047 0.000191969 2.11083e-05 1.5971e-06 8.59409e-08 3.50161e-09 1.10398e-10
 3.89069e-10 2.83394e-08 1.21715e-06 3.08236e-05 0.000460277 0.00405309 0.0210561 0.0646854 0.118937 0.138852 0.128181 0.130539 0.135344 0.114103 0.0779959 0.0429901 0.0172096 0.00461417 0.000829516 0.000106742 1.05576e-05 8.03254e-07 4.41107e-08 1.64635e-09 4.06856e-11
 6.31978e-10 4.40025e-08 1.80651e-06 4.37313e-05 0.000624218 0.00525416 0.026088 0.076547 0.133974 0.146533 0.120965 0.109118 0.112393 0.106186 0.0843614 0.0507187 0.0206543 0.00545804 0.00095324 0.000115654 1.01846e-05 6.58138e-07 3.08249e-08 1.0277e-09 2.37965e-11
 8.54624e-10 5.68123e-08 2.22688e-06 5.14684e-05 0.000701427 0.00563727 0.0267329 0.0750231 0.1265 0.137757 0.124328 0.127004 0.129465 0.109244 0.0759449 0.0412289 0.0156744 0.00395008 0.00066829 7.94008e-05 6.83747e-06 4.23991e-07 1.84381e-08 5.50092e-10 1.11047e-11
 1.20707e-09 7.6525e-08 2.86064e-06 6.30537e-05 0.000819519 0.00628147 0.028412 0.0760941 0.122781 0.129496 0.11693 0.122322 0.128982 0.11591 0.0850753 0.0460361 0.0164799 0.00372491 0.000535944 5.15334e-05 3.55334e-06 1.84418e-07 7.14027e-09 1.97176e-10 3.71784e-12
 1.6152e-09 9.75541e-08 3.47419e-06 7.29544e-05 0.000903348 0.00659697 0.0284399 0.0727319 0.113085 0.119357 0.116662 0.13136 0.138802 0.121775 0.086364 0.0447446 0.0152896 0.00330898 0.000458304 4.2335e-05 2.73422e-06 1.26279e-07 4.13448e-09 9.43403e-11 1.48415e-12
 2.90141e-09 1.66783e-07 5.65305e-06 0.00011298 0.00133145 0.0092537 0.037958 0.0922575 0.135538 0.131981 0.113884 0.116337 0.120938 0.108614 0.0775214 0.0389141 0.0125221 0.00249464 0.000309494 2.47734e-05 1.35353e-06 5.31547e-08 1.5207e-09 3.09201e-11 4.3198e-13
 3.89966e-09 2.13155e-07 6.86995e-06 0.000130558 0.00146308 0.00967063 0.0377517 0.0876216 0.12497 0.125913 0.124711 0.137781 0.1345 0.106516 0.0673067 0.0306951 0.00909759 0.00166477 0.000186207 1.29429e-05 5.81615e-07 1.78763e-08 3.94528e-10 6.32708e-12 7.21778e-14
 4.52226e-09 2.34847e-07 7.19124e-06 0.000129843 0.00138248 0.00868372 0.0322436 0.0715107 0.0995711 0.105394 0.119339 0.144868 0.151293 0.129109 0.0849458 0.038392 0.0109796 0.00192784 0.000208511 1.42565e-05 6.42182e-07 1.98184e-08 4.24422e-10 6.20503e-12 6.05472e-14
 8.75186e-09 4.31476e-07 1.2543e-05 0.000215 0.00217316 0.0129566 0.0456332 0.0956579 0.123822 0.115422 0.110435 0.124074 0.131876 0.116703 0.0768161 0.0334905 0.00906209 0.00149017 0.000149619 9.39419e-06 3.84424e-07 1.07551e-08 2.11688e-10 2.91161e-12 2.72399e-14
 1.19623e-08 5.59497e-07 1.54302e-05 0.000250923 0.00240632 0.0136155 0.0455744 0.0914301 0.116878 0.11835 0.130692 0.147181 0.13767 0.103961 0.0604295 0.0242397 0.006208 0.000991241 9.99599e-05 6.58868e-06 2.94406e-07 9.04379e-09 1.88046e-10 2.57899e-12 2.29455e-14
 1.78063e-08 7.89629e-07 2.06472e-05 0.000318346 0.00289457 0.0155293 0.049295 0.0938626 0.114293 0.111605 0.121642 0.139899 0.139466 0.112333 0.0661629 0.0255817 0.00612142 0.000890714 7.94e-05 4.45798e-06 1.65214e-07 4.26127e-09 7.87243e-11 1.02875e-12 9.17872e-15
 2.73952e-08 1.15125e-06 2.85269e-05 0.000416813 0.00359161 0.0182641 0.0549995 0.0997487 0.117655 0.115978 0.128602 0.143259 0.134484 0.101328 0.0559396 0.0203719 0.00462497 0.000646225 5.64031e-05 3.17982e-06 1.20435e-07 3.13552e-09 5.57609e-11 6.62559e-13 5.17307e-15
 3.97659e-08 1.58296e-06 3.71553e-05 0.000514254 0.00419775 0.0202263 0.0577776 0.0999299 0.114849 0.115703 0.132085 0.146198 0.134808 0.0988013 0.0522755 0.0181042 0.00391624 0.000527037 4.51786e-05 2.56447e-06 9.97107e-08 2.67475e-09 4.85744e-11 5.82736e-13 4.54334e-15
 5.98228e-08 2.25502e-06 5.01217e-05 0.000656918 0.00507806 0.0231759 0.0627702 0.103411 0.115241 0.116553 0.133766 0.146 0.132253 0.0941756 0.0476173 0.0156125 0.00319307 0.000408059 3.3514e-05 1.84364e-06 7.01636e-08 1.85318e-09 3.32689e-11 3.9626e-13 3.07861e-15
 8.72332e-08 3.11307e-06 6.55071e-05 0.000812839 0.00594916 0.0257169 0.066088 0.104134 0.11429 0.119329 0.139296 0.148672 0.129875 0.0881812 0.0419974 0.012852 0.00243234 0.000284293 2.10122e-05 1.02396e-06 3.43914e-08 8.13464e-10 1.34016e-11 1.49735e-13 1.10741e-15
 1.28806e-07 4.35111e-06 8.66684e-05 0.00101799 0.00705335 0.0288742 0.0703851 0.105972 0.113971 0.120738 0.141399 0.148742 0.127445 0.0835904 0.0377641 0.010832 0.0019053 0.000204888 1.37164e-05 5.92321e-07 1.72466e-08 3.49675e-10 4.94932e-12 4.79552e-14 3.1114e-16
 1.98135e-07 6.33516e-06 0.00011944 0.00132792 0.00870941 0.0337603 0.0780372 0.112104 0.117337 0.123701 0.142314 0.145115 0.119939 0.0751225 0.032113 0.00868967 0.00144563 0.000148122 9.55966e-06 4.02865e-07 1.14804e-08 2.24329e-10 2.97018e-12 2.60853e-14 1.497e-16
 2.72924e-07 8.25979e-06 0.000147399 0.00155121 0.00963209 0.03538 0.0778155 0.108258 0.115626 0.129658 0.150761 0.148615 0.117062 0.06931 0.0278678 0.00708446 0.00110928 0.000107469 6.60704e-06 2.67621e-07 7.38124e-09 1.39872e-10 1.79261e-12 1.51867e-14 8.36316e-17
 3.78263e-07 1.08362e-05 0.000183046 0.00182351 0.0107203 0.0373119 0.0780475 0.104846 0.11263 0.130417 0.153019 0.151039 0.118365 0.0681678 0.0261278 0.00627427 0.000926853 8.50146e-05 4.98073e-06 1.93578e-07 5.13912e-09 9.35462e-11 1.1468e-12 9.26603e-15 4.86123e-17
 4.40319e-07 1.19411e-05 0.000190958 0.00180112 0.0100309 0.0331579 0.0666434 0.0899929 0.107032 0.138921 0.167175 0.162435 0.123467 0.0679755 0.0246873 0.00561301 0.000789777 6.98294e-05 4.00602e-06 1.54384e-07 4.06766e-09 7.26864e-11 8.6249e-13 6.6737e-15 3.33155e-17
 6.64574e-07 1.70634e-05 0.000258347 0.00230704 0.0121647 0.0380703 0.072426 0.0925018 0.10438 0.13162 0.160351 0.162109 0.126055 0.0682265 0.0236896 0.00508819 0.000674343 5.62577e-05 3.05908e-06 1.12397e-07 2.83919e-09 4.88679e-11 5.60617e-13 4.20287e-15 2.03135e-17
 8.52814e-07 2.0734e-05 0.000297263 0.00251414 0.0125653 0.0374088 0.0687758 0.0895908 0.111375 0.148077 0.172947 0.161107 0.114982 0.0575378 0.0185806 0.00372153 0.000460175 3.57904e-05 1.8116e-06 6.18864e-08 1.45406e-09 2.33326e-11 2.50402e-13 1.76255e-15 8.02631e-18
#pred catch len freq
 2.05967e-12 2.23557e-10 1.43077e-08 5.39935e-07 1.20152e-05 0.000157708 0.00122268 0.00563842 0.0160052 0.0321864 0.062639 0.126691 0.197333 0.201908 0.141702 0.0824884 0.047873 0.0283374 0.0173501 0.0114072 0.0082288 0.00659141 0.00555444 0.00422375 0.00244959
 1.72605e-12 1.87346e-10 1.19902e-08 4.52481e-07 1.00692e-05 0.000132173 0.00102505 0.00473489 0.0135468 0.0280607 0.0577182 0.121199 0.19221 0.202163 0.151813 0.0980413 0.0594717 0.0324044 0.01643 0.00848259 0.00475975 0.00306051 0.00222927 0.0015923 0.00091461
 2.95381e-12 3.20608e-10 2.05189e-08 7.74326e-07 1.72306e-05 0.00022613 0.00175184 0.00804828 0.0224329 0.0419432 0.0696851 0.124828 0.187803 0.193559 0.141786 0.0892884 0.0550366 0.0319152 0.0167689 0.00793975 0.00353295 0.00165931 0.000915975 0.000558931 0.000302008
 2.35137e-12 2.55219e-10 1.6334e-08 6.16403e-07 1.37168e-05 0.000180039 0.00139569 0.00643347 0.0182238 0.0363541 0.0696247 0.139123 0.214926 0.216046 0.14406 0.0753023 0.0385005 0.0203521 0.0105893 0.00516143 0.00225027 0.000885595 0.000349805 0.000156315 7.16264e-05
 5.96766e-12 6.47732e-10 4.14548e-08 1.56438e-06 3.48101e-05 0.000456768 0.00353577 0.0161782 0.0441954 0.0756128 0.0971356 0.12858 0.169981 0.170914 0.126371 0.079905 0.0463629 0.0231667 0.010255 0.00441415 0.00184821 0.000706332 0.000240449 7.8188e-05 2.6272e-05
 1.00577e-11 1.09167e-09 6.98666e-08 2.63655e-06 5.86672e-05 0.000769778 0.0059573 0.0272249 0.0739187 0.122838 0.141651 0.153569 0.175521 0.157663 0.0916874 0.0343046 0.00974475 0.00305457 0.00123947 0.000512367 0.00019031 6.47842e-05 2.02261e-05 5.62798e-06 1.42159e-06
 1.26571e-11 1.3738e-09 8.79232e-08 3.31795e-06 7.3829e-05 0.000968695 0.00749581 0.0342348 0.0926622 0.151665 0.164314 0.153928 0.155223 0.132842 0.0747641 0.0256172 0.00536774 0.000740411 8.37339e-05 1.16715e-05 2.62758e-06 7.56998e-07 2.09063e-07 5.09938e-08 1.08019e-08
 1.11987e-11 1.21552e-09 7.77929e-08 2.93567e-06 6.53227e-05 0.000857097 0.00663271 0.0303032 0.0821625 0.135622 0.152217 0.155433 0.169254 0.148677 0.0839053 0.0284363 0.00570588 0.000676704 4.76225e-05 2.02247e-06 5.5469e-08 1.32125e-09 6.93559e-11 1.0296e-11 1.80725e-12
 1.1922e-11 1.29401e-09 8.28167e-08 3.12525e-06 6.95411e-05 0.000912441 0.00706074 0.032253 0.0873703 0.143585 0.158249 0.154776 0.162432 0.140913 0.0793311 0.02691 0.00542733 0.000655712 4.91636e-05 2.52881e-06 1.05677e-07 3.80955e-09 1.03155e-10 1.86093e-12 2.44102e-14
 1.24522e-11 1.35157e-09 8.65002e-08 3.26425e-06 7.26341e-05 0.000953019 0.00737458 0.0336827 0.0911893 0.149428 0.16269 0.154345 0.157507 0.13527 0.0759516 0.0257156 0.00515992 0.000612353 4.31941e-05 1.84681e-06 5.09973e-08 1.0633e-09 2.03312e-11 3.6467e-13 5.59813e-15
 1.21062e-11 1.31401e-09 8.40964e-08 3.17354e-06 7.06157e-05 0.000926538 0.00716977 0.0327497 0.0886972 0.145616 0.159797 0.154643 0.160745 0.138968 0.0781489 0.0264712 0.00531444 0.000631795 4.48399e-05 1.95706e-06 5.73111e-08 1.33004e-09 2.70155e-11 4.31984e-13 4.8488e-15
 1.2634e-11 1.3713e-09 8.77629e-08 3.3119e-06 7.36944e-05 0.000966929 0.00748216 0.0341728 0.0924983 0.15143 0.16421 0.154191 0.155807 0.133329 0.0747968 0.0253169 0.00507722 0.000601456 4.21543e-05 1.76222e-06 4.51953e-08 7.737e-10 1.04993e-11 1.2873e-13 1.34035e-15
 1.39983e-11 1.51938e-09 9.72401e-08 3.66954e-06 8.16522e-05 0.00107133 0.00828962 0.0378511 0.102323 0.166456 0.175609 0.153008 0.143023 0.118738 0.0661394 0.0223541 0.00448171 0.00053086 3.72004e-05 1.55427e-06 3.97824e-08 6.76308e-10 8.98734e-12 1.04711e-13 9.75575e-16
 1.2975e-11 1.40831e-09 9.01319e-08 3.4013e-06 7.56835e-05 0.000993026 0.00768399 0.0350922 0.0949542 0.155186 0.16706 0.153896 0.152614 0.129683 0.072632 0.0245741 0.00492655 0.000583008 4.07123e-05 1.67991e-06 4.11815e-08 6.11082e-10 5.82715e-12 4.12639e-14 2.57256e-16
 1.28966e-11 1.39981e-09 8.95874e-08 3.38075e-06 7.52264e-05 0.000987028 0.00763761 0.0348809 0.0943897 0.154323 0.166405 0.153964 0.153348 0.130521 0.0731296 0.0247452 0.00496146 0.000587369 4.10745e-05 1.70341e-06 4.25018e-08 6.68619e-10 7.48504e-12 7.04187e-14 5.60646e-16
 1.40618e-11 1.52628e-09 9.76815e-08 3.6862e-06 8.20228e-05 0.00107619 0.00832722 0.0380224 0.102781 0.167156 0.17614 0.152954 0.14243 0.11806 0.0657356 0.0222144 0.00445251 0.000526922 3.68047e-05 1.52005e-06 3.73823e-08 5.608e-10 5.52481e-12 4.18553e-14 2.78593e-16
 1.3841e-11 1.50231e-09 9.61476e-08 3.62831e-06 8.07348e-05 0.0010593 0.00819654 0.037427 0.101191 0.164724 0.174296 0.153146 0.144499 0.120422 0.0671366 0.0226935 0.00454854 0.000538192 3.75667e-05 1.54778e-06 3.77385e-08 5.4955e-10 4.93085e-12 2.98451e-14 1.44436e-16
 1.43636e-11 1.55903e-09 9.97778e-08 3.76531e-06 8.3783e-05 0.00109929 0.00850583 0.038836 0.104954 0.17048 0.178662 0.152693 0.139602 0.114833 0.0638206 0.0215589 0.00432066 0.00051125 3.56945e-05 1.47192e-06 3.60002e-08 5.29944e-10 4.92515e-12 3.26681e-14 1.82548e-16
 1.45194e-11 1.57594e-09 1.0086e-07 3.80614e-06 8.46916e-05 0.00111121 0.00859802 0.0392559 0.106076 0.172195 0.179963 0.152558 0.138143 0.113167 0.062832 0.0212203 0.00425245 0.00050309 3.51036e-05 1.44441e-06 3.50531e-08 5.01983e-10 4.25098e-12 2.14469e-14 6.61305e-17
 1.55369e-11 1.68638e-09 1.07928e-07 4.07287e-06 9.06265e-05 0.00118907 0.00920022 0.0419992 0.113403 0.183402 0.188465 0.151676 0.128608 0.102285 0.0563755 0.019011 0.0038086 0.000450564 3.14407e-05 1.29408e-06 3.14385e-08 4.5195e-10 3.87985e-12 2.05122e-14 7.30002e-17
 1.66421e-11 1.80634e-09 1.15605e-07 4.36259e-06 9.70731e-05 0.00127365 0.00985435 0.044979 0.121362 0.195575 0.1977 0.150717 0.118251 0.0904653 0.0493622 0.0166112 0.00332641 0.000393479 2.74543e-05 1.12962e-06 2.74104e-08 3.92358e-10 3.31731e-12 1.66407e-14 5.02999e-17
 1.64532e-11 1.78583e-09 1.14293e-07 4.31306e-06 9.59711e-05 0.00125919 0.00974253 0.0444696 0.120002 0.193494 0.196121 0.150881 0.120021 0.0924858 0.050561 0.0170214 0.00340883 0.000403233 2.81348e-05 1.1576e-06 2.80871e-08 4.01933e-10 3.39487e-12 1.69691e-14 5.06549e-17
 1.71671e-11 1.86333e-09 1.19253e-07 4.50023e-06 0.000100136 0.00131383 0.0101651 0.0463946 0.125143 0.201357 0.202087 0.150262 0.113331 0.08485 0.0460304 0.0154711 0.00309736 0.000366366 2.55621e-05 1.05173e-06 2.55174e-08 3.65113e-10 3.08244e-12 1.53816e-14 4.5645e-17
 1.82385e-11 1.97962e-09 1.26695e-07 4.78109e-06 0.000106385 0.00139581 0.0107992 0.0492832 0.132859 0.213158 0.211039 0.149333 0.10329 0.0733916 0.0392318 0.0131447 0.00262996 0.000311042 2.17014e-05 8.92862e-07 2.16615e-08 3.09864e-10 2.61366e-12 1.30006e-14 3.81387e-17
 1.73919e-11 1.88773e-09 1.20814e-07 4.55915e-06 0.000101447 0.00133103 0.0102981 0.0470006 0.126762 0.203833 0.203965 0.150067 0.111224 0.0824459 0.044604 0.014983 0.00299929 0.000354758 2.47519e-05 1.01837e-06 2.47065e-08 3.53421e-10 2.98104e-12 1.48275e-14 4.34933e-17
 1.781e-11 1.93311e-09 1.23719e-07 4.66876e-06 0.000103886 0.00136302 0.0105456 0.0481279 0.129773 0.208438 0.207458 0.149705 0.107306 0.0779743 0.0419508 0.0140751 0.0028169 0.000333168 2.32454e-05 9.56392e-07 2.3203e-08 3.31927e-10 2.80013e-12 1.39347e-14 4.0949e-17
 1.77854e-11 1.93044e-09 1.23548e-07 4.6623e-06 0.000103742 0.00136114 0.010531 0.0480615 0.129596 0.208167 0.207253 0.149726 0.107537 0.0782377 0.0421071 0.0141286 0.00282764 0.00033444 2.33341e-05 9.60042e-07 2.32915e-08 3.3319e-10 2.81068e-12 1.39853e-14 4.10775e-17
 1.90806e-11 2.07102e-09 1.32545e-07 5.00183e-06 0.000111297 0.00146025 0.0112976 0.0515535 0.138923 0.222432 0.218075 0.148603 0.0953995 0.0643858 0.0338883 0.0113163 0.00226261 0.00026756 1.86672e-05 7.68021e-07 1.86327e-08 2.66535e-10 2.24813e-12 1.11812e-14 3.2789e-17
#obs catch len freq
 3.18518e-11 2.95191e-09 1.6131e-07 5.19762e-06 9.87508e-05 0.00110634 0.00731056 0.0285294 0.0662075 0.0946603 0.0972498 0.102632 0.123832 0.135236 0.127518 0.102564 0.0647627 0.0313226 0.0120768 0.00377221 0.000922959 0.00016904 2.23143e-05 2.05499e-06 1.28117e-07
 4.47689e-11 4.0017e-09 2.10911e-07 6.55452e-06 0.000120109 0.00129785 0.00827208 0.0311459 0.0698355 0.0971402 0.0995091 0.107497 0.129074 0.136047 0.122833 0.0953393 0.0589258 0.0281547 0.0106697 0.00322701 0.00075582 0.000131531 1.63365e-05 1.39778e-06 8.00748e-08
 2.67234e-11 2.2999e-09 1.16712e-07 3.4923e-06 6.16185e-05 0.000641195 0.00393864 0.0143513 0.0318072 0.048083 0.0681157 0.109319 0.154791 0.171923 0.159507 0.121899 0.0705984 0.0306544 0.0105565 0.00296909 0.00065839 0.000108695 1.27339e-05 1.02064e-06 5.44018e-08
 1.99463e-18 8.76804e-16 2.27264e-13 3.47337e-11 3.1302e-09 1.6635e-07 5.21432e-06 9.64706e-05 0.00105575 0.00688096 0.0272651 0.0694723 0.127688 0.190002 0.224149 0.188084 0.106608 0.0422197 0.0126884 0.00308262 0.000602536 9.01338e-05 9.75149e-06 7.27518e-07 3.61153e-08
 1.24702e-10 9.90188e-09 4.63607e-07 1.27989e-05 0.000208351 0.00200025 0.0113338 0.0380574 0.0773423 0.104852 0.126643 0.169248 0.19244 0.148095 0.0774028 0.0323167 0.0130081 0.00498347 0.00158976 0.000387028 6.96128e-05 9.16489e-06 8.70379e-07 5.79022e-08 2.6051e-09
 2.80777e-10 2.13679e-08 9.58844e-07 2.53701e-05 0.00039581 0.00364134 0.019758 0.063306 0.120522 0.140761 0.116387 0.0989871 0.105742 0.113934 0.104539 0.0705512 0.0311486 0.00858627 0.00150603 0.000186463 1.97336e-05 1.95635e-06 1.59922e-07 9.39579e-09 3.73177e-10
 5.1632e-10 3.76083e-08 1.61523e-06 4.09048e-05 0.000610808 0.00537832 0.0279321 0.0856673 0.156177 0.174937 0.138977 0.110705 0.100986 0.0839015 0.0591546 0.0345253 0.0151389 0.00467987 0.00101383 0.000154092 1.61864e-05 1.16854e-06 6.00247e-08 2.33005e-09 6.94951e-11
 5.68851e-10 3.96072e-08 1.62606e-06 3.93631e-05 0.000561873 0.00472964 0.0234903 0.0690265 0.121729 0.137949 0.127776 0.132411 0.13562 0.111797 0.074788 0.039994 0.015371 0.00394322 0.000680106 8.43431e-05 8.03809e-06 5.85253e-07 3.05201e-08 1.07635e-09 2.50606e-11
 9.56276e-10 6.35697e-08 2.49175e-06 5.75901e-05 0.000784846 0.00630737 0.0299025 0.0837998 0.140284 0.147742 0.120005 0.108629 0.110805 0.102814 0.0795797 0.0460243 0.0178994 0.00451361 0.000754139 8.77543e-05 7.40866e-06 4.5749e-07 2.03901e-08 6.44015e-10 1.40612e-11
 1.33021e-09 8.43316e-08 3.15246e-06 6.9486e-05 0.000903118 0.00692217 0.0313083 0.0838283 0.13507 0.141505 0.124912 0.125441 0.124544 0.102572 0.0695303 0.0364 0.0132308 0.00318268 0.000515129 5.86588e-05 4.83331e-06 2.85554e-07 1.17802e-08 3.3222e-10 6.31916e-12
 1.9039e-09 1.14991e-07 4.09518e-06 8.59942e-05 0.0010648 0.00777546 0.0335083 0.0855334 0.13175 0.133547 0.117719 0.120785 0.124239 0.109051 0.0776333 0.0402313 0.013692 0.00293814 0.000402277 3.69659e-05 2.44351e-06 1.2137e-07 4.47164e-09 1.16797e-10 2.0734e-12
 2.61048e-09 1.50059e-07 5.0862e-06 0.000101652 0.00119796 0.00832652 0.0341672 0.0831974 0.123352 0.124854 0.118222 0.129112 0.132444 0.113282 0.0777721 0.0385259 0.012503 0.00256729 0.000338076 2.97802e-05 1.83613e-06 8.07835e-08 2.51043e-09 5.41862e-11 8.03847e-13
 4.73678e-09 2.58913e-07 8.34469e-06 0.000158583 0.00177708 0.0117443 0.0458098 0.105889 0.148026 0.137421 0.113591 0.111818 0.112861 0.0986622 0.0678396 0.0324211 0.0098765 0.00186088 0.000218724 1.66427e-05 8.67204e-07 3.24899e-08 8.83666e-10 1.69985e-11 2.23739e-13
 6.43068e-09 3.33954e-07 1.0226e-05 0.000184635 0.0019658 0.012345 0.045789 0.100999 0.137012 0.131643 0.124772 0.132208 0.124666 0.0959548 0.0585149 0.0254329 0.00713129 0.00123165 0.000130071 8.55409e-06 3.64868e-07 1.06743e-08 2.24216e-10 3.41084e-12 3.67457e-14
 7.71169e-09 3.80195e-07 1.10523e-05 0.000189448 0.00191496 0.0114192 0.0402543 0.0847597 0.112036 0.112486 0.120885 0.140429 0.141985 0.117517 0.0741561 0.0317957 0.00858428 0.00142164 0.00014521 9.39967e-06 4.01851e-07 1.17755e-08 2.38883e-10 3.29687e-12 3.02843e-14
 1.4746e-08 6.89695e-07 1.90208e-05 0.000309309 0.00296603 0.0167766 0.0560564 0.111478 0.136864 0.120882 0.109714 0.118242 0.121902 0.104262 0.0654814 0.0269926 0.006881 0.00106549 0.00010086 5.98525e-06 2.3218e-07 6.16796e-09 1.15115e-10 1.4959e-12 1.31738e-14
 2.05488e-08 9.11249e-07 2.38274e-05 0.000367377 0.00334034 0.0179198 0.0568665 0.108119 0.130732 0.124458 0.128955 0.138092 0.124638 0.0910812 0.0507016 0.0192745 0.00465766 0.000701593 6.68821e-05 4.17788e-06 1.77063e-07 5.14815e-09 1.00958e-10 1.30197e-12 1.08721e-14
 3.08713e-08 1.29733e-06 3.21466e-05 0.000469697 0.00404711 0.0205755 0.0618859 0.111587 0.128295 0.117319 0.119667 0.131246 0.126501 0.0981349 0.0549898 0.0200607 0.00451508 0.000617811 5.18684e-05 2.75068e-06 9.6621e-08 2.3663e-09 4.14336e-11 5.10948e-13 4.28334e-15
 4.75234e-08 1.89177e-06 4.44035e-05 0.000614566 0.00501624 0.0241622 0.0689093 0.118256 0.131446 0.12085 0.12507 0.132699 0.120301 0.0872418 0.0458076 0.0157386 0.00336171 0.000442078 3.63897e-05 1.94002e-06 6.95877e-08 1.71375e-09 2.87381e-11 3.21012e-13 2.35138e-15
 6.97434e-08 2.62897e-06 5.84333e-05 0.000765843 0.00591967 0.027008 0.0730305 0.119384 0.128832 0.120158 0.12749 0.134374 0.119563 0.0841507 0.0422671 0.0137996 0.00280886 0.000356088 2.88298e-05 1.54941e-06 5.70496e-08 1.44547e-09 2.47058e-11 2.78144e-13 2.03092e-15
 1.06387e-07 3.7966e-06 7.989e-05 0.000991284 0.00725433 0.0313405 0.0803091 0.124849 0.129901 0.120219 0.127272 0.132076 0.115273 0.0786153 0.0376587 0.0116289 0.0022373 0.000269375 2.09039e-05 1.0891e-06 3.92461e-08 9.78632e-10 1.65263e-11 1.84618e-13 1.34221e-15
 1.57451e-07 5.31878e-06 0.000105942 0.00124435 0.00862053 0.0352667 0.0856952 0.12714 0.129296 0.122013 0.130713 0.132514 0.111355 0.0722542 0.0325465 0.00936796 0.00166545 0.000183073 1.27603e-05 5.88218e-07 1.87133e-08 4.18505e-10 6.4948e-12 6.81079e-14 4.71398e-16
 2.34081e-07 7.48448e-06 0.000141108 0.00156877 0.0102876 0.0398502 0.0918071 0.129893 0.128621 0.122172 0.131172 0.131142 0.107924 0.0674698 0.0287731 0.00775284 0.00127949 0.000129204 8.14015e-06 3.31757e-07 9.135e-09 1.75055e-10 2.33507e-12 2.12498e-14 1.29121e-16
 3.60838e-07 1.09204e-05 0.000194876 0.00205071 0.0127297 0.0466864 0.101941 0.137315 0.131412 0.123117 0.129499 0.125416 0.0994012 0.0592352 0.0238793 0.00606842 0.000947437 9.12127e-05 5.54382e-06 2.20515e-07 5.93472e-09 1.09313e-10 1.36009e-12 1.11945e-14 6.00933e-17
 5.04523e-07 1.44531e-05 0.000244141 0.00243196 0.0142924 0.0496618 0.103072 0.133841 0.129106 0.127625 0.135978 0.127391 0.0961049 0.0540691 0.0204879 0.00489045 0.000718686 6.54404e-05 3.79024e-06 1.44936e-07 3.77422e-09 6.73712e-11 8.10717e-13 6.43124e-15 3.30951e-17
 7.08083e-07 1.92025e-05 0.000307067 0.00289574 0.016113 0.053043 0.104593 0.130566 0.125361 0.127372 0.137384 0.129028 0.096628 0.0527345 0.0190204 0.00428658 0.000594317 5.12478e-05 2.82931e-06 1.03802e-07 2.60031e-09 4.4548e-11 5.12377e-13 3.87415e-15 1.8983e-17
 8.56399e-07 2.19886e-05 0.000332911 0.00297269 0.0156692 0.04896 0.0924627 0.11461 0.119353 0.136022 0.151702 0.140454 0.101846 0.0530495 0.0181194 0.00386697 0.000511019 4.25181e-05 2.30034e-06 8.36714e-08 2.07753e-09 3.48806e-11 3.87766e-13 2.80502e-15 1.30688e-17
 1.31311e-06 3.19245e-05 0.000457672 0.00386966 0.019313 0.057125 0.102013 0.119067 0.116203 0.12708 0.143078 0.137559 0.101594 0.0518423 0.0169016 0.00340563 0.000423863 3.32779e-05 1.70665e-06 5.91814e-08 1.40857e-09 2.27729e-11 2.44672e-13 1.71388e-15 7.72542e-18
#spawning biomass
 25727.7 26389.6 21169.7 22584.9 33988.4 48720.9 80607 96308.2 126189 146869 179048 184297 212086 226085 232984 233018 239006 243721 200025 200695 205770 221819 229815 218248 213367 232975 238880 155675 113862 285787 322397 311853 277670 236651 198209 166253 141516 123237 110160 101019 94736.3 90473.1 87601.8 85635.5 84356.8 83525.1 82984.3 82632.5 82403.7 82255 82158.2 82095.3 82054.4 82027.7 82010.4 81999.2 81991.9 81987.1 81984 81982 81980.7 81979.8 81979.3 81978.9 81978.7 81978.5 81978.4 81978.4 81978.3 81978.3 81978.3 81978.3 81978.3 81978.2 81978.2 81978.2 81978.2 81978.2 81978.2 81978.2 81978.2 81978.2 81978.2 81978.2 81978.2 81978.2 81978.2 81978.2 81978.2 81978.2 81978.2 81978.2 81978.2 81978.2 81978.2 81978.2 81978.2 81978.2 81978.2 81978.2 81978.2 81978.2 81978.2 81978.2 81978.2 81978.2 81978.2 81978.2 81978.2 81978.2 81978.2 81978.2 81978.2 81978.2 81978.2 81978.2 81978.2 81978.2 81978.2 81978.2 81978.2 81978.2 81978.2 81978.2 81978.2 81978.2 81978.2 81978.2 0 0 0 0 0 0 0 0 0 0 0 0 0 0 0 0 0 0 0 0 0 0 0 0 0
