SBPRF35
0.224663
Curr Bio
29656.4
B35
69265.7
F35
0.513467
FOFL
0.513467
OFL
34181.3
Bzero
64189.3
#pred survey bio
 8171.15 6467.8 7192.18 9497.84 12251.2 15193.1 15129.1 14228.7 23373.4 35080.2 35622.9 43809.4 67392.3 80986.6 69298.5 58494.9 53927.5 56105.8 56298.8 55672.3 58405.7 63839.4 65915.7 68349.8 73369.4 75427.3 68193.6 67818 87323.7 3.38941e+06 3.24552e+06 2.50588e+06 1.74929e+06 1.28724e+06 1.04139e+06 917026 854734 822998 806251 797002 791648 788413 786389 785088 784236 783676 783303 783054 782887 782774 782698 782647 782612 782589 782573 782562 782555 782550 782547 782545 782543 782542 782542 782541 782541 782541 782540 782540 782540 782540 782540 782540 782540 782540 782540 782540 782540 782540 782540 782540 782540 782540 782540 782540 782540 782540 782540 782540 782540 782540 782540 782540 782540 782540 782540 782540 782540 782540 782540 782540 782540 782540 782540 782540 782540 782540 782540 782540 782540 782540 782540 782540 782540 782540 782540 782540 782540 782540 782540 782540 782540 782540 782540 782540 782540 782540 782540 782540 782540 0 0 0 0 0 0 0 0 0 0 0 0 0 0 0 0 0 0 0 0 0 0 0 0 0
#obs survey bio
 7137.59 5484.11 9226.77 8728.88 14558.2 14128.8 13832.6 17672.1 34919.5 32622.1 31277.3 52783.8 52939.1 62485.2 60871.8 47267.6 48928.6 51129.3 58063.2 45887.1 94788.6 69902.7 59500.2 67739.2 60162.5 83998.5 54932.5 105842 78134.6
#pred catch bio
 4824.68 3528.37 3445.46 4915.56 5892.38 7851.74 9450.78 8000.95 9829.13 19802.2 21724 20530.3 33667 50404.1 43954.6 38277 31782.9 33578.1 33508 32241.2 34011.9 37692.7 39750.9 40004.8 41210.2 46755.8 42745.7 38356 14134.3 34181.3 45059.8 36013.9 23291.4 15910.3 12260.7 10579.5 9837.55 9519.01 9384.77 9328.89 9305.83 9296.36 9292.5 9290.92 9290.28 9290.02 9289.91 9289.87 9289.85 9289.85 9289.84 9289.84 9289.84 9289.84 9289.84 9289.84 9289.84 9289.84 9289.84 9289.84 9289.84 9289.84 9289.84 9289.84 9289.84 9289.84 9289.84 9289.84 9289.84 9289.84 9289.84 9289.84 9289.84 9289.84 9289.84 9289.84 9289.84 9289.84 9289.84 9289.84 9289.84 9289.84 9289.84 9289.84 9289.84 9289.84 9289.84 9289.84 9289.84 9289.84 9289.84 9289.84 9289.84 9289.84 9289.84 9289.84 9289.84 9289.84 9289.84 9289.84 9289.84 9289.84 9289.84 9289.84 9289.84 9289.84 9289.84 9289.84 9289.84 9289.84 9289.84 9289.84 9289.84 9289.84 9289.84 9289.84 9289.84 9289.84 9289.84 9289.84 9289.84 9289.84 9289.84 9289.84 9289.84 9289.84 9289.84 9289.84 9289.84 0 0 0 0 0 0 0 0 0 0 0 0 0 0 0 0 0 0 0 0 0 0 0 0 0
#obs catch bio
 3255.07 3604.48 3386.78 4992.63 5846.64 7790.6 9578.02 8265.11 9556.32 19323.6 22615.8 19663.8 32506.9 51479.8 44528.1 39972.7 31563.9 34367.3 33354.5 31346 33695.8 37133.7 40198.7 39737.6 40704.6 46778.4 43310 38432.9 13927.2
#pred cpue bio
 5853.44 3871.01 3933.14 5165.67 6452.93 8696.6 9504.68 7623.49 9927.8 19514.6 20701.3 20552.9 34365.4 46610.6 41126.6 33971 28615.3 31235.1 31288.1 31458.6 32281.4 34321.8 36709.6 36839.1 40039.9 43848.3 38923 35968.5 43389.1 2.1988e+06 2.7702e+06 2.34601e+06 1.58811e+06 1.12111e+06 874269 749742 687422 655681 638933 629684 624330 621095 619071 617770 616918 616358 615985 615736 615569 615456 615380 615329 615294 615271 615255 615244 615237 615232 615229 615227 615225 615224 615224 615223 615223 615223 615222 615222 615222 615222 615222 615222 615222 615222 615222 615222 615222 615222 615222 615222 615222 615222 615222 615222 615222 615222 615222 615222 615222 615222 615222 615222 615222 615222 615222 615222 615222 615222 615222 615222 615222 615222 615222 615222 615222 615222 615222 615222 615222 615222 615222 615222 615222 615222 615222 615222 615222 615222 615222 615222 615222 615222 615222 615222 615222 615222 615222 615222 615222 0 0 0 0 0 0 0 0 0 0 0 0 0 0 0 0 0 0 0 0 0 0 0 0 0
#obs cpue bio
 3347.48 3548.49 4576.3 3466.92 6991.6 9172.03 9102.16 4590.84 10395.4 21392.8 18690.3 42949.4 46072.4 40844.6 34706.5 28766.4 27993 24073.9 42825.4 54091.6 28899.7 29519.2 34625.5 45704.5 47962 47143.5 35878.9 33881.2 42216.8
#pred surv len freq
 2.1415e-27 2.16278e-27 5.51877e-27 1.14806e-21 6.82792e-17 9.33597e-13 2.93477e-09 2.12097e-06 0.000352396 0.0134613 0.118218 0.238687 0.11142 0.0285575 0.102492 0.144296 0.0589032 0.0478389 0.0417976 0.0259949 0.0201842 0.0157188 0.0145088 0.0124873 0.00508043
 2.14312e-27 2.16786e-27 6.10259e-27 1.34614e-21 8.00601e-17 1.09468e-12 3.44114e-09 2.48692e-06 0.000413198 0.0157839 0.138615 0.279869 0.130571 0.0315302 0.108233 0.152032 0.0575285 0.0339027 0.0263147 0.0106399 0.00583564 0.00351004 0.00255339 0.00191124 0.000753716
 2.14429e-27 2.17088e-27 6.42351e-27 1.45498e-21 8.65334e-17 1.18319e-12 3.71937e-09 2.688e-06 0.000446608 0.0170601 0.149823 0.302498 0.141038 0.0316785 0.10232 0.143579 0.0530949 0.0275494 0.020377 0.00653497 0.00241468 0.000867912 0.000402194 0.000230826 8.31306e-05
 2.14429e-27 2.1709e-27 6.42649e-27 1.45599e-21 8.65935e-17 1.18401e-12 3.72196e-09 2.68987e-06 0.000446918 0.0170719 0.149927 0.302708 0.141139 0.0317797 0.102875 0.144355 0.0533025 0.0274072 0.0201421 0.00616427 0.00200543 0.000506404 0.000119402 3.80899e-05 1.09836e-05
 2.14477e-27 2.17204e-27 6.54212e-27 1.4952e-21 8.8925e-17 1.21589e-12 3.82217e-09 2.76229e-06 0.000458951 0.0175316 0.153963 0.310858 0.144907 0.0317871 0.100463 0.14089 0.0511944 0.0237863 0.0171113 0.00506492 0.00155513 0.000357183 5.93048e-05 8.53188e-06 1.35822e-06
 2.14293e-27 2.16753e-27 6.06623e-27 1.33377e-21 7.93245e-17 1.08462e-12 3.40952e-09 2.46407e-06 0.000409402 0.0156389 0.137341 0.277298 0.129445 0.0332148 0.119294 0.167474 0.0611477 0.0293154 0.0211375 0.00606417 0.00176514 0.000387415 5.79585e-05 5.71995e-06 4.0188e-07
 2.14081e-27 2.16241e-27 5.53704e-27 1.15432e-21 6.86517e-17 9.3869e-13 2.95078e-09 2.13254e-06 0.000354318 0.0135347 0.118863 0.239991 0.112221 0.0338526 0.134432 0.189018 0.0715639 0.0421855 0.0314772 0.0091505 0.00269355 0.000572518 8.05093e-05 7.10511e-06 3.41427e-07
 2.14484e-27 2.17229e-27 6.57879e-27 1.50768e-21 8.96676e-17 1.22604e-12 3.85409e-09 2.78536e-06 0.000462783 0.017678 0.155249 0.313453 0.146071 0.0308285 0.0938294 0.13168 0.0498564 0.0294048 0.0220686 0.00674961 0.00213497 0.000460954 6.41477e-05 5.38096e-06 2.30566e-07
 2.14799e-27 2.17991e-27 7.36979e-27 1.77593e-21 1.05621e-16 1.44418e-12 4.5398e-09 3.28093e-06 0.000545122 0.0208233 0.182871 0.36922 0.171807 0.0296056 0.0695554 0.0972055 0.0341607 0.0122745 0.00837357 0.00253771 0.000804875 0.000182455 2.69127e-05 2.28085e-06 9.45922e-08
 2.14289e-27 2.16731e-27 6.02706e-27 1.3204e-21 7.85295e-17 1.07375e-12 3.37535e-09 2.43938e-06 0.000405299 0.0154821 0.135965 0.27452 0.128219 0.034759 0.129558 0.181703 0.0629316 0.019624 0.0126414 0.00322493 0.000769567 0.000166521 2.51688e-05 2.24657e-06 9.64024e-08
 2.14271e-27 2.16702e-27 6.0164e-27 1.31689e-21 7.83203e-17 1.07089e-12 3.36636e-09 2.43288e-06 0.000404219 0.0154409 0.135603 0.273788 0.127813 0.0329684 0.118849 0.166943 0.0623119 0.0340283 0.0246198 0.00586353 0.00114069 0.000198309 2.36958e-05 2.00628e-06 8.87772e-08
 2.14679e-27 2.17701e-27 7.06709e-27 1.67327e-21 9.95158e-17 1.3607e-12 4.27738e-09 3.09128e-06 0.000513611 0.0196196 0.1723 0.347879 0.161961 0.0301577 0.0793585 0.111113 0.0402954 0.0184752 0.0132274 0.00382068 0.00107202 0.000184879 1.76333e-05 1.15278e-06 4.35616e-08
 2.14496e-27 2.17245e-27 6.5757e-27 1.50654e-21 8.95997e-17 1.22512e-12 3.85117e-09 2.78325e-06 0.000462433 0.0176646 0.155132 0.313216 0.146025 0.0325344 0.104315 0.146173 0.0510822 0.0174228 0.0116192 0.0032404 0.000898954 0.000186748 2.32667e-05 1.48326e-06 4.4619e-08
 2.14262e-27 2.16675e-27 5.9803e-27 1.3046e-21 7.75898e-17 1.0609e-12 3.33496e-09 2.41019e-06 0.000400449 0.0152969 0.134338 0.271235 0.126663 0.0337714 0.12452 0.17481 0.0633471 0.0288655 0.0203283 0.00505736 0.00111611 0.000217852 2.8633e-05 2.21014e-06 7.64079e-08
 2.14182e-27 2.16479e-27 5.77394e-27 1.2346e-21 7.34267e-17 1.00398e-12 3.15602e-09 2.28087e-06 0.000378962 0.0144761 0.12713 0.256682 0.119959 0.0344056 0.132778 0.186459 0.0675781 0.0308344 0.0218509 0.00577713 0.00141089 0.000249131 2.69571e-05 1.98945e-06 7.58598e-08
 2.14261e-27 2.16675e-27 5.985e-27 1.30622e-21 7.76861e-17 1.06222e-12 3.3391e-09 2.41318e-06 0.000400946 0.0153159 0.134505 0.271571 0.126803 0.0333424 0.1218 0.171043 0.0629266 0.0316214 0.0228041 0.00604853 0.00150245 0.000280599 3.1594e-05 2.08512e-06 7.03881e-08
 2.14434e-27 2.17094e-27 6.42032e-27 1.45385e-21 8.6466e-17 1.18227e-12 3.71648e-09 2.68591e-06 0.00044626 0.0170468 0.149706 0.302262 0.140967 0.0326922 0.108579 0.152254 0.0541913 0.0216509 0.0149521 0.00401229 0.00102027 0.000192162 2.22124e-05 1.52879e-06 5.04888e-08
 2.14315e-27 2.16799e-27 6.10504e-27 1.34689e-21 8.01045e-17 1.09529e-12 3.44304e-09 2.4883e-06 0.000413427 0.0157926 0.138692 0.280025 0.130734 0.0339524 0.122975 0.172522 0.0610202 0.0231521 0.0157003 0.00394735 0.000885477 0.00016497 1.95166e-05 1.37177e-06 4.66756e-08
 2.1435e-27 2.16891e-27 6.20948e-27 1.38235e-21 8.22137e-17 1.12413e-12 3.5337e-09 2.55382e-06 0.000424313 0.0162085 0.142344 0.287398 0.134106 0.032988 0.114866 0.1612 0.0585108 0.0269594 0.0190295 0.00473905 0.00102584 0.000178209 1.91723e-05 1.32364e-06 4.5909e-08
 2.143e-27 2.16767e-27 6.07584e-27 1.337e-21 7.95167e-17 1.08725e-12 3.41778e-09 2.47004e-06 0.000410394 0.0156768 0.137674 0.277971 0.129772 0.0336394 0.121684 0.17077 0.0613362 0.026261 0.018402 0.00492707 0.00123247 0.00021762 2.23252e-05 1.42185e-06 4.63078e-08
 2.14379e-27 2.16964e-27 6.28993e-27 1.40966e-21 8.38376e-17 1.14633e-12 3.6035e-09 2.60426e-06 0.000432694 0.0165286 0.145155 0.293074 0.13671 0.0324334 0.109769 0.154059 0.0565683 0.0280895 0.0202124 0.00535235 0.00132969 0.000252018 2.89376e-05 1.87484e-06 5.78307e-08
 2.14415e-27 2.17048e-27 6.37329e-27 1.43791e-21 8.55178e-17 1.1693e-12 3.67572e-09 2.65645e-06 0.000441366 0.0168599 0.148064 0.298948 0.139434 0.0326865 0.109544 0.153641 0.0550427 0.023129 0.0162088 0.00451263 0.00122211 0.000233565 2.73087e-05 1.91108e-06 6.32334e-08
 2.14319e-27 2.1681e-27 6.11796e-27 1.35128e-21 8.03655e-17 1.09886e-12 3.45426e-09 2.49641e-06 0.000414774 0.0158441 0.139144 0.280938 0.13115 0.0338163 0.121869 0.170977 0.0606708 0.0236493 0.0161708 0.00415385 0.000982038 0.000191752 2.39243e-05 1.72089e-06 5.93904e-08
 2.14415e-27 2.17051e-27 6.37769e-27 1.4394e-21 8.56069e-17 1.17052e-12 3.67955e-09 2.65922e-06 0.000441826 0.0168774 0.148219 0.299259 0.139572 0.0325216 0.108443 0.152125 0.0550045 0.024686 0.0173482 0.0043483 0.000958986 0.000171223 1.94542e-05 1.42047e-06 5.13426e-08
 2.14369e-27 2.16934e-27 6.25031e-27 1.39617e-21 8.30357e-17 1.13537e-12 3.56904e-09 2.57935e-06 0.000428556 0.0163705 0.143767 0.290272 0.135447 0.0333192 0.116021 0.162739 0.0578248 0.0227894 0.0156671 0.0041399 0.00101284 0.000179417 1.88257e-05 1.24848e-06 4.2965e-08
 2.14243e-27 2.16629e-27 5.93306e-27 1.28859e-21 7.66371e-17 1.04788e-12 3.29401e-09 2.38059e-06 0.000395532 0.015109 0.132688 0.267905 0.125124 0.0337965 0.125677 0.176463 0.064227 0.0301453 0.0214133 0.00550161 0.00128564 0.000237874 2.69002e-05 1.75548e-06 5.57482e-08
 2.14294e-27 2.16755e-27 6.06726e-27 1.33411e-21 7.93448e-17 1.0849e-12 3.41039e-09 2.4647e-06 0.000409507 0.0156429 0.137377 0.27737 0.129482 0.0333 0.119793 0.16817 0.0613022 0.0290704 0.0207836 0.00559091 0.00141771 0.000259486 2.87075e-05 1.95035e-06 6.40745e-08
 2.14443e-27 2.17117e-27 6.44565e-27 1.46245e-21 8.69775e-17 1.18926e-12 3.73846e-09 2.7018e-06 0.0004489 0.0171477 0.150592 0.30405 0.141785 0.0324582 0.106612 0.149508 0.0535808 0.0225682 0.0157542 0.00420376 0.00106093 0.000202302 2.36567e-05 1.60918e-06 5.30963e-08
 2.14564e-27 2.17413e-27 6.75877e-27 1.56866e-21 9.32942e-17 1.27563e-12 4.00997e-09 2.89801e-06 0.000481501 0.018393 0.161528 0.326131 0.151958 0.0315317 0.0943009 0.132128 0.0470799 0.0189722 0.0130881 0.00340905 0.00082147 0.000154886 1.8353e-05 1.30321e-06 4.44639e-08
#obs surv len freq
 8.68357e-40 4.25e-33 4.78217e-27 1.2371e-21 7.35751e-17 1.00601e-12 3.16239e-09 2.28547e-06 0.000379734 0.0145053 0.127386 0.257199 0.120117 0.0322467 0.119441 0.167961 0.0650424 0.042748 0.033361 0.0124341 0.00522124 0.00156363 0.000341738 4.60107e-05 3.17034e-06
 1.03857e-39 5.08308e-33 5.71957e-27 1.4796e-21 8.79972e-17 1.2032e-12 3.78228e-09 2.73346e-06 0.000454169 0.0173487 0.152356 0.307613 0.143363 0.0306007 0.0941988 0.132259 0.0508014 0.0321684 0.0248829 0.00899777 0.00364578 0.00105571 0.000222253 2.88969e-05 1.92315e-06
 9.71012e-40 4.75243e-33 5.34751e-27 1.38335e-21 8.2273e-17 1.12494e-12 3.53624e-09 2.55565e-06 0.000424625 0.0162201 0.142445 0.287604 0.134196 0.0328245 0.113805 0.159691 0.0577444 0.0259873 0.0189588 0.00663107 0.00258189 0.000719746 0.000144916 1.8074e-05 1.15815e-06
 1.05121e-39 5.14495e-33 5.78918e-27 1.49761e-21 8.90682e-17 1.21785e-12 3.82831e-09 2.76673e-06 0.000459696 0.0175598 0.15421 0.311357 0.145123 0.0313765 0.0978065 0.137214 0.0508353 0.0266456 0.0195126 0.00563401 0.00172015 0.000447645 8.56347e-05 1.01757e-05 6.23447e-07
 9.8748e-40 4.83303e-33 5.4382e-27 1.40681e-21 8.36684e-17 1.14401e-12 3.59622e-09 2.59899e-06 0.000431827 0.0164952 0.144861 0.292481 0.136453 0.032882 0.112686 0.158081 0.0567512 0.0242338 0.0172272 0.00529883 0.00168631 0.000365691 5.63245e-05 6.11418e-06 3.5488e-07
 8.10707e-40 3.96785e-33 4.46469e-27 1.15497e-21 6.86905e-17 9.39219e-13 2.95244e-09 2.13374e-06 0.000354523 0.0135423 0.118929 0.240126 0.112318 0.0347711 0.139998 0.196708 0.0721602 0.0356333 0.0257476 0.00718128 0.00201025 0.000445647 6.56485e-05 5.868e-06 2.91317e-07
 7.90971e-40 3.87125e-33 4.356e-27 1.12686e-21 6.70183e-17 9.16354e-13 2.88057e-09 2.08179e-06 0.000345893 0.0132127 0.116034 0.23428 0.10957 0.0335502 0.134307 0.188942 0.0728795 0.0469714 0.0355356 0.010501 0.00313414 0.000641356 8.58461e-05 7.37607e-06 3.24165e-07
 1.3289e-39 6.50406e-33 7.31847e-27 1.89322e-21 1.12597e-16 1.53956e-12 4.83962e-09 3.4976e-06 0.000581131 0.0221985 0.194947 0.393602 0.182999 0.0274584 0.0490994 0.0685291 0.026166 0.0161017 0.012305 0.00415783 0.00147873 0.000324546 4.42775e-05 3.52899e-06 1.43512e-07
 1.10767e-39 5.42126e-33 6.10009e-27 1.57804e-21 9.38517e-17 1.28325e-12 4.03391e-09 2.91532e-06 0.000484384 0.0185029 0.162492 0.328078 0.1529 0.0326282 0.100408 0.140516 0.0470386 0.00938559 0.00514333 0.00166166 0.000586723 0.000145957 2.32534e-05 1.9732e-06 7.86249e-08
 6.37899e-40 3.12208e-33 3.51301e-27 9.08783e-22 5.40487e-17 7.39018e-13 2.32311e-09 1.67892e-06 0.000278954 0.0106557 0.0935784 0.188945 0.0888049 0.0387246 0.179559 0.252244 0.0887176 0.0320418 0.0211621 0.0045061 0.000633789 0.00012405 2.04168e-05 1.97221e-06 8.74697e-08
 1.23245e-39 6.03198e-33 6.78727e-27 1.7558e-21 1.04424e-16 1.42781e-12 4.48834e-09 3.24373e-06 0.000538951 0.0205872 0.180797 0.365034 0.169808 0.0278859 0.0603201 0.0845428 0.034551 0.0279143 0.0213123 0.00536952 0.00115314 0.00016878 1.30524e-05 9.53554e-07 4.45708e-08
 1.17945e-39 5.7726e-33 6.49543e-27 1.68031e-21 9.9934e-17 1.36642e-12 4.29534e-09 3.10425e-06 0.000515776 0.019702 0.173023 0.349339 0.162679 0.0312772 0.0857521 0.119908 0.0404326 0.0090638 0.00538488 0.00200463 0.000759005 0.00014143 1.34721e-05 6.92952e-07 1.88355e-08
 8.80251e-40 4.30822e-33 4.84767e-27 1.25405e-21 7.45829e-17 1.01979e-12 3.20571e-09 2.31677e-06 0.000384935 0.014704 0.129131 0.260723 0.121876 0.0356967 0.139441 0.195596 0.0673388 0.0196693 0.0122384 0.00266372 0.000424535 9.53746e-05 1.48441e-05 1.00841e-06 2.76598e-08
 9.2163e-40 4.51074e-33 5.07556e-27 1.313e-21 7.8089e-17 1.06773e-12 3.35641e-09 2.42568e-06 0.00040303 0.0153952 0.135201 0.272978 0.127449 0.0332362 0.120727 0.169552 0.0627058 0.0324915 0.0232788 0.0054439 0.000980316 0.000141313 1.23325e-05 9.62205e-07 3.75555e-08
 7.38442e-40 3.61416e-33 4.06671e-27 1.05202e-21 6.25676e-17 8.55498e-13 2.68927e-09 1.94354e-06 0.000322922 0.0123352 0.108328 0.218723 0.102478 0.0362241 0.155319 0.21823 0.0787467 0.0348754 0.0248182 0.00720425 0.00202616 0.00033776 2.82259e-05 1.43242e-06 4.22401e-08
 1.12158e-39 5.48936e-33 6.17671e-27 1.59786e-21 9.50306e-17 1.29937e-12 4.08459e-09 2.95194e-06 0.000490469 0.0187353 0.164533 0.332198 0.154701 0.0298674 0.0823127 0.115468 0.0444435 0.0283507 0.0212324 0.00578357 0.00153009 0.000310442 3.73149e-05 2.19834e-06 5.51949e-08
 8.73252e-40 4.27396e-33 4.80913e-27 1.24408e-21 7.39899e-17 1.01168e-12 3.18022e-09 2.29835e-06 0.000381874 0.0145871 0.128104 0.25865 0.120917 0.0356773 0.139946 0.196306 0.0675191 0.0195537 0.0126232 0.00406926 0.00135455 0.000271911 3.33188e-05 2.44086e-06 7.92986e-08
 9.57874e-40 4.68813e-33 5.27516e-27 1.36463e-21 8.11598e-17 1.10971e-12 3.4884e-09 2.52107e-06 0.00041888 0.0160007 0.140518 0.283713 0.132397 0.0328252 0.114983 0.161432 0.0595251 0.0303017 0.0216352 0.00504514 0.000967769 0.000203688 2.9579e-05 2.26534e-06 8.11673e-08
 1.00974e-39 4.94199e-33 5.5608e-27 1.43853e-21 8.55546e-17 1.1698e-12 3.67729e-09 2.65758e-06 0.000441562 0.0168671 0.148127 0.299075 0.139492 0.0326529 0.1093 0.1533 0.0549487 0.0231847 0.0163293 0.00471613 0.00131689 0.000222444 2.18298e-05 1.67274e-06 6.66226e-08
 8.62074e-40 4.21926e-33 4.74757e-27 1.22815e-21 7.30428e-17 9.98728e-13 3.13951e-09 2.26893e-06 0.000376986 0.0144004 0.126464 0.25534 0.119362 0.0350223 0.136946 0.192236 0.06826 0.0267585 0.0183881 0.00490578 0.00125387 0.000251808 3.03392e-05 1.9124e-06 6.14234e-08
 1.11521e-39 5.4582e-33 6.14165e-27 1.58879e-21 9.44912e-17 1.292e-12 4.0614e-09 2.93518e-06 0.000487685 0.0186289 0.163599 0.330313 0.15386 0.0306734 0.0878014 0.123083 0.0454828 0.0234676 0.0169567 0.00438715 0.00103817 0.00019318 2.29395e-05 1.66778e-06 5.5904e-08
 8.88927e-40 4.35068e-33 4.89546e-27 1.26641e-21 7.53181e-17 1.02984e-12 3.23731e-09 2.33961e-06 0.000388729 0.014849 0.130404 0.263293 0.12305 0.0353374 0.136472 0.191437 0.0661873 0.0202794 0.0131666 0.0038132 0.001093 0.00020334 2.23143e-05 1.53497e-06 5.35133e-08
 1.00163e-39 4.90229e-33 5.51613e-27 1.42697e-21 8.48673e-17 1.16041e-12 3.64775e-09 2.63624e-06 0.000438015 0.0167316 0.146937 0.296672 0.138367 0.0322666 0.107666 0.151103 0.0556509 0.0281325 0.0200992 0.00477968 0.0009467 0.000181641 2.29225e-05 1.58145e-06 5.19742e-08
 1.03645e-39 5.07272e-33 5.70791e-27 1.47658e-21 8.78178e-17 1.20075e-12 3.77457e-09 2.72789e-06 0.000453243 0.0173133 0.152045 0.306986 0.143147 0.0325726 0.106426 0.149195 0.0527735 0.0200529 0.0137863 0.00394772 0.00109286 0.000186875 1.81454e-05 1.25045e-06 4.40956e-08
 8.72262e-40 4.26912e-33 4.80368e-27 1.24267e-21 7.3906e-17 1.01053e-12 3.17661e-09 2.29575e-06 0.000381441 0.0145706 0.127959 0.258357 0.120758 0.0350563 0.136245 0.191218 0.0675141 0.0252403 0.0170817 0.00436577 0.00102503 0.000201078 2.41049e-05 1.51596e-06 4.62699e-08
 9.25327e-40 4.52884e-33 5.09592e-27 1.31827e-21 7.84022e-17 1.07201e-12 3.36987e-09 2.43541e-06 0.000404647 0.015457 0.135743 0.274073 0.127954 0.0332069 0.120218 0.168821 0.0622473 0.0316958 0.0228128 0.00579459 0.00130969 0.000231475 2.55819e-05 1.80528e-06 6.00263e-08
 9.69258e-40 4.74384e-33 5.33785e-27 1.38085e-21 8.21244e-17 1.1229e-12 3.52985e-09 2.55103e-06 0.000423858 0.0161908 0.142188 0.287084 0.133963 0.0330265 0.115195 0.161646 0.0584 0.0260873 0.0185852 0.00537346 0.00152573 0.000277869 2.89969e-05 1.87097e-06 6.17387e-08
 1.12942e-39 5.52771e-33 6.21987e-27 1.60902e-21 9.56945e-17 1.30845e-12 4.11312e-09 2.97256e-06 0.000493895 0.0188662 0.165683 0.334519 0.155819 0.0310545 0.0888601 0.124467 0.0444836 0.0183532 0.0127815 0.00348087 0.000922553 0.000187508 2.33735e-05 1.56052e-06 4.85524e-08
 1.12942e-39 5.52771e-33 6.21987e-27 1.60902e-21 9.56945e-17 1.30845e-12 4.11312e-09 2.97256e-06 0.000493895 0.0188662 0.165683 0.334519 0.155819 0.0310545 0.0888601 0.124467 0.0444836 0.0183532 0.0127815 0.00348087 0.000922553 0.000187508 2.33735e-05 1.56052e-06 4.85524e-08
#pred catch len freq
 2.13493e-27 2.14597e-27 3.72013e-27 5.37958e-22 3.19944e-17 4.37466e-13 1.37518e-09 9.93846e-07 0.000165126 0.0063077 0.0553946 0.11185 0.0528337 0.029966 0.149314 0.210753 0.0880539 0.0771402 0.06778 0.0418824 0.0323592 0.0250996 0.0231211 0.0198881 0.0080906
 2.13592e-27 2.15013e-27 4.23411e-27 7.1238e-22 4.23679e-17 5.79305e-13 1.82105e-09 1.31608e-06 0.000218665 0.00835285 0.0733552 0.148113 0.0698185 0.0358183 0.174121 0.245191 0.0941935 0.0597292 0.0467829 0.0188107 0.0102515 0.00613937 0.00445564 0.00333268 0.0013141
 2.13669e-27 2.15226e-27 4.4644e-27 7.9047e-22 4.70122e-17 6.42808e-13 2.02068e-09 1.46035e-06 0.000242635 0.00926848 0.0813963 0.164348 0.0773685 0.0369973 0.176428 0.248273 0.0932286 0.0526973 0.0394803 0.0126144 0.00463385 0.00165835 0.000766001 0.000439164 0.000158132
 2.13701e-27 2.15308e-27 4.55016e-27 8.19553e-22 4.87419e-17 6.66459e-13 2.09502e-09 1.51408e-06 0.000251562 0.00960949 0.0843911 0.170395 0.0801657 0.0370459 0.174902 0.246088 0.0920262 0.0508542 0.0377833 0.0115163 0.00372294 0.000936622 0.000220027 7.00646e-05 2.0196e-05
 2.1373e-27 2.15375e-27 4.61339e-27 8.40966e-22 5.00154e-17 6.83871e-13 2.14976e-09 1.55364e-06 0.000258134 0.00986056 0.0865959 0.174847 0.0822406 0.0374931 0.176291 0.247939 0.0912443 0.0459657 0.0335293 0.00989069 0.00301898 0.000691076 0.000114366 1.64207e-05 2.61176e-06
 2.13561e-27 2.1496e-27 4.17688e-27 6.92907e-22 4.12097e-17 5.6347e-13 1.77127e-09 1.28011e-06 0.000212688 0.00812452 0.07135 0.144066 0.0680547 0.0386808 0.192819 0.271298 0.100354 0.0521172 0.0380801 0.010889 0.00315043 0.000689171 0.000102772 1.01249e-05 7.10623e-07
 2.13434e-27 2.14661e-27 3.8776e-27 5.91468e-22 3.51768e-17 4.8098e-13 1.51197e-09 1.0927e-06 0.000181551 0.00693512 0.0609046 0.122977 0.0582849 0.0381497 0.195933 0.275959 0.105691 0.0659053 0.0495296 0.0143352 0.00418921 0.000887357 0.000124371 1.09568e-05 5.26016e-07
 2.13802e-27 2.15562e-27 4.82668e-27 9.13392e-22 5.43229e-17 7.42769e-13 2.3349e-09 1.68744e-06 0.000280366 0.0107098 0.0940539 0.189903 0.0891257 0.0354692 0.159398 0.224344 0.0858687 0.0534049 0.0403488 0.0122803 0.00385672 0.000829908 0.000115118 9.64008e-06 4.12676e-07
 2.14129e-27 2.16344e-27 5.62527e-27 1.18415e-21 7.04257e-17 9.62946e-13 3.02703e-09 2.18764e-06 0.000363474 0.0138845 0.121934 0.246192 0.115148 0.0354286 0.142184 0.199612 0.070769 0.0274125 0.0190352 0.00574795 0.00181213 0.000409448 6.02114e-05 5.09487e-06 2.11107e-07
 2.1361e-27 2.1506e-27 4.25316e-27 7.18638e-22 4.27401e-17 5.84395e-13 1.83705e-09 1.32764e-06 0.000220586 0.00842624 0.0739996 0.149416 0.0706145 0.0409811 0.205249 0.288383 0.100472 0.0332568 0.0217937 0.00554349 0.00131273 0.000282914 4.26249e-05 3.79865e-06 1.62866e-07
 2.1361e-27 2.15083e-27 4.31137e-27 7.38546e-22 4.39241e-17 6.00584e-13 1.88794e-09 1.36442e-06 0.000226697 0.00865966 0.0760496 0.153554 0.0724079 0.0377958 0.184558 0.259766 0.09787 0.0561933 0.0409506 0.00972503 0.00187613 0.000324828 3.86701e-05 3.26746e-06 1.44453e-07
 2.13984e-27 2.15995e-27 5.26694e-27 1.06265e-21 6.31996e-17 8.64142e-13 2.71644e-09 1.96318e-06 0.000326179 0.0124598 0.109423 0.220933 0.103477 0.0356298 0.151025 0.212263 0.0778146 0.038274 0.0277408 0.00798323 0.0022261 0.00038294 3.64005e-05 2.37426e-06 8.96145e-08
 2.13782e-27 2.15487e-27 4.71224e-27 8.74404e-22 5.20041e-17 7.11063e-13 2.23524e-09 1.61541e-06 0.000268398 0.0102526 0.0900391 0.181799 0.0855062 0.0388677 0.182587 0.256523 0.090337 0.033038 0.0224263 0.00623382 0.00171801 0.000355729 4.41892e-05 2.81278e-06 8.45218e-08
 2.13619e-27 2.15097e-27 4.31305e-27 7.39055e-22 4.39544e-17 6.00998e-13 1.88924e-09 1.36536e-06 0.000226853 0.00866563 0.076102 0.15366 0.0725003 0.0389473 0.191554 0.269411 0.098302 0.0468838 0.033286 0.008253 0.00180565 0.000350981 4.5975e-05 3.54276e-06 1.22375e-07
 2.13549e-27 2.14925e-27 4.13193e-27 6.7762e-22 4.03006e-17 5.51039e-13 1.7322e-09 1.25186e-06 0.000207995 0.00794528 0.0697759 0.140888 0.0666149 0.0394627 0.19855 0.279284 0.101931 0.0487138 0.0348031 0.00916549 0.00222031 0.000390744 4.21289e-05 3.10253e-06 1.18187e-07
 2.13644e-27 2.15164e-27 4.39064e-27 7.6541e-22 4.55218e-17 6.2243e-13 1.95662e-09 1.41405e-06 0.000234943 0.00897465 0.0788158 0.159139 0.0750017 0.0381064 0.18477 0.25994 0.0961983 0.0500725 0.0363053 0.00958771 0.00236066 0.000439261 4.9293e-05 3.24712e-06 1.09492e-07
 2.13784e-27 2.15498e-27 4.7301e-27 8.80493e-22 5.23662e-17 7.16015e-13 2.2508e-09 1.62666e-06 0.000270267 0.010324 0.0906662 0.183064 0.0860675 0.0382294 0.178309 0.250601 0.0897176 0.0374949 0.0261361 0.00698502 0.00176173 0.00033065 3.80916e-05 2.61686e-06 8.63368e-08
 2.13659e-27 2.15188e-27 4.39842e-27 7.67963e-22 4.56737e-17 6.24506e-13 1.96314e-09 1.41877e-06 0.000235726 0.00900458 0.0790787 0.15967 0.0753045 0.039632 0.193922 0.272572 0.0969911 0.0386562 0.0265036 0.00664152 0.00147757 0.000274229 3.23334e-05 2.26852e-06 7.71114e-08
 2.13688e-27 2.15267e-27 4.49426e-27 8.00528e-22 4.76104e-17 6.50987e-13 2.04639e-09 1.47893e-06 0.000245722 0.00938641 0.082432 0.16644 0.0783837 0.0382832 0.183649 0.258274 0.0944588 0.0457316 0.0325615 0.00808251 0.00173523 0.000300345 3.21989e-05 2.21848e-06 7.68678e-08
 2.13623e-27 2.15104e-27 4.31788e-27 7.40681e-22 4.40511e-17 6.0232e-13 1.8934e-09 1.36837e-06 0.000227352 0.00868469 0.0762694 0.153998 0.0726647 0.0391635 0.192772 0.271075 0.0981604 0.0445245 0.0315455 0.00841579 0.0020897 0.000367835 3.76085e-05 2.39037e-06 7.77656e-08
 2.13705e-27 2.15313e-27 4.54818e-27 8.18848e-22 4.87e-17 6.65885e-13 2.09322e-09 1.51278e-06 0.000251345 0.00960122 0.0843184 0.170248 0.0801183 0.0375883 0.178259 0.250757 0.0928865 0.0486122 0.0352732 0.00930554 0.00229366 0.000433198 4.958e-05 3.20659e-06 9.88061e-08
 2.1376e-27 2.15441e-27 4.67371e-27 8.61381e-22 5.12296e-17 7.00473e-13 2.20195e-09 1.59135e-06 0.000264401 0.0100999 0.0886982 0.179091 0.0842267 0.038127 0.178881 0.251455 0.0906608 0.0399044 0.0282165 0.00782158 0.00210156 0.000400295 4.66451e-05 3.25826e-06 1.07705e-07
 2.13667e-27 2.15208e-27 4.42135e-27 7.7575e-22 4.61368e-17 6.30838e-13 1.98305e-09 1.43315e-06 0.000238116 0.00909588 0.0798805 0.161289 0.0760446 0.0394096 0.192077 0.269993 0.0963848 0.039404 0.0272209 0.0069674 0.00163353 0.000317734 3.95126e-05 2.83726e-06 9.7822e-08
 2.13754e-27 2.15429e-27 4.66357e-27 8.57954e-22 5.10258e-17 6.97687e-13 2.19319e-09 1.58502e-06 0.000263349 0.0100598 0.0883453 0.178379 0.0838884 0.0378883 0.177639 0.249768 0.0909611 0.0428495 0.0303776 0.00758857 0.00165977 0.00029524 3.3427e-05 2.43591e-06 8.79606e-08
 2.13685e-27 2.15252e-27 4.47019e-27 7.92323e-22 4.71224e-17 6.44315e-13 2.02541e-09 1.46377e-06 0.000243204 0.00929021 0.0815871 0.164734 0.0776264 0.0391146 0.189238 0.26601 0.0952353 0.0398005 0.027704 0.00729552 0.00177178 0.00031286 3.27162e-05 2.16525e-06 7.44344e-08
 2.13596e-27 2.15041e-27 4.25675e-27 7.19968e-22 4.28192e-17 5.85476e-13 1.84045e-09 1.3301e-06 0.000220994 0.00844183 0.0741366 0.149692 0.0706642 0.038906 0.192498 0.270779 0.0992939 0.0488867 0.0350103 0.00896245 0.00207712 0.000382907 4.31581e-05 2.81133e-06 8.91842e-08
 2.13655e-27 2.15188e-27 4.41286e-27 7.72928e-22 4.59689e-17 6.28543e-13 1.97583e-09 1.42794e-06 0.00023725 0.00906279 0.0795899 0.160702 0.0757331 0.0383413 0.185732 0.261239 0.0958661 0.0474294 0.0341488 0.00914745 0.0023004 0.000419603 4.6262e-05 3.1369e-06 1.02953e-07
 2.1377e-27 2.15464e-27 4.69823e-27 8.69699e-22 5.17243e-17 7.07237e-13 2.22321e-09 1.60672e-06 0.000266954 0.0101975 0.0895546 0.18082 0.0850227 0.0380348 0.177797 0.249934 0.0902311 0.0400757 0.0282659 0.00751409 0.00188168 0.00035756 4.16749e-05 2.82973e-06 9.32739e-08
 2.13634e-27 2.15134e-27 4.35347e-27 7.52771e-22 4.47701e-17 6.12151e-13 1.92431e-09 1.3907e-06 0.000231063 0.00882645 0.0775143 0.156511 0.0738105 0.0387348 0.189398 0.266376 0.0972891 0.0467061 0.0333603 0.0086991 0.00209662 0.000394655 4.66313e-05 3.30571e-06 1.12682e-07
#obs catch len freq
 4.11625e-40 2.01462e-33 2.26688e-27 5.86421e-22 3.48767e-17 4.76875e-13 1.49906e-09 1.08338e-06 0.000180004 0.00687594 0.0603845 0.121926 0.0577192 0.0360115 0.183194 0.258262 0.10279 0.0756834 0.0600943 0.0230444 0.00997675 0.00306501 0.000689679 9.58609e-05 6.84701e-06
 4.22463e-40 2.06766e-33 2.32657e-27 6.01861e-22 3.57949e-17 4.89431e-13 1.53853e-09 1.1119e-06 0.000184744 0.00705697 0.0619743 0.125136 0.0592152 0.0363285 0.184162 0.259562 0.102407 0.0728259 0.0573795 0.0214123 0.00899454 0.00268895 0.00058645 7.88258e-05 5.42465e-06
 5.76811e-40 2.82309e-33 3.17659e-27 8.21754e-22 4.88728e-17 6.68247e-13 2.10064e-09 1.51814e-06 0.000252241 0.00963527 0.0846169 0.170851 0.080306 0.0351602 0.163252 0.229931 0.0898386 0.0613571 0.0479144 0.0173408 0.00702677 0.00203107 0.000426658 5.53781e-05 3.68084e-06
 5.22519e-40 2.55737e-33 2.87759e-27 7.44405e-22 4.42726e-17 6.05347e-13 1.90291e-09 1.37524e-06 0.000228498 0.00872833 0.0766522 0.154771 0.0729934 0.0383925 0.18783 0.264178 0.0965699 0.0467152 0.0345398 0.0120871 0.00470487 0.00130908 0.000262975 3.27406e-05 2.09519e-06
 6.04689e-40 2.95953e-33 3.33012e-27 8.6147e-22 5.12348e-17 7.00544e-13 2.20217e-09 1.59151e-06 0.000264432 0.0101009 0.0887065 0.179108 0.0841791 0.0366443 0.169824 0.238937 0.089619 0.0503106 0.0372358 0.010753 0.003281 0.000852155 0.000162633 1.92902e-05 1.18028e-06
 5.44999e-40 2.66739e-33 3.00139e-27 7.76432e-22 4.61773e-17 6.31392e-13 1.98478e-09 1.43441e-06 0.000238329 0.00910386 0.0799501 0.16143 0.0760805 0.0386285 0.187264 0.263316 0.0954401 0.0436099 0.0314174 0.00966528 0.00307435 0.00066561 0.000102248 1.10772e-05 6.4205e-07
 4.04167e-40 1.97812e-33 2.22581e-27 5.75796e-22 3.42447e-17 4.68235e-13 1.4719e-09 1.06375e-06 0.000176743 0.00675135 0.0592904 0.119719 0.0568358 0.0396726 0.206211 0.290215 0.107596 0.0566127 0.0413393 0.0115278 0.00322345 0.000713286 0.000104825 9.35184e-06 4.63514e-07
 3.93288e-40 1.92487e-33 2.1659e-27 5.60297e-22 3.33229e-17 4.55631e-13 1.43228e-09 1.03511e-06 0.000171985 0.00656962 0.0576944 0.116496 0.055266 0.0375447 0.194192 0.273661 0.106993 0.0731519 0.0557412 0.0164625 0.00490676 0.00100234 0.00013381 1.14749e-05 5.03555e-07
 9.82714e-40 4.80971e-33 5.41196e-27 1.40002e-21 8.32646e-17 1.13849e-12 3.57886e-09 2.58645e-06 0.000429742 0.0164156 0.144162 0.291069 0.135737 0.0312001 0.102844 0.144495 0.0558262 0.0362852 0.0279227 0.00942436 0.00334592 0.000732953 9.97441e-05 7.93476e-06 3.22173e-07
 6.95828e-40 3.4056e-33 3.83203e-27 9.9131e-22 5.8957e-17 8.06129e-13 2.53408e-09 1.83138e-06 0.000304287 0.0116234 0.102076 0.206102 0.0967599 0.0393327 0.178099 0.249896 0.0838788 0.0174909 0.00982071 0.00317085 0.00111727 0.000277319 4.40766e-05 3.73386e-06 1.48569e-07
 3.03353e-40 1.4847e-33 1.67061e-27 4.32171e-22 2.57028e-17 3.5144e-13 1.10475e-09 7.98409e-07 0.000132657 0.00506732 0.0445012 0.0898609 0.0431726 0.0434223 0.238101 0.334802 0.118435 0.0449526 0.0300502 0.0063972 0.000897312 0.000175078 2.8736e-05 2.77081e-06 1.22731e-07
 8.5402e-40 4.17983e-33 4.70322e-27 1.21668e-21 7.23604e-17 9.89398e-13 3.11018e-09 2.24773e-06 0.000373464 0.0142658 0.125283 0.252953 0.118118 0.0312901 0.114883 0.161834 0.0670688 0.0567461 0.0435137 0.0109518 0.00234599 0.000342903 2.6437e-05 1.92511e-06 8.98385e-08
 7.90424e-40 3.86858e-33 4.35299e-27 1.12608e-21 6.6972e-17 9.15721e-13 2.87858e-09 2.08035e-06 0.000345654 0.0132035 0.115953 0.234119 0.109643 0.0374653 0.158255 0.222003 0.0750753 0.0175523 0.0106312 0.0039519 0.00149333 0.000277846 2.64023e-05 1.35552e-06 3.67675e-08
 4.83657e-40 2.36717e-33 2.66357e-27 6.89041e-22 4.09799e-17 5.60325e-13 1.76139e-09 1.27296e-06 0.000211504 0.00807918 0.0709513 0.143263 0.0677971 0.0417113 0.21156 0.297216 0.102757 0.0314264 0.0198436 0.0043178 0.000685964 0.000153617 2.38592e-05 1.61872e-06 4.43426e-08
 5.20018e-40 2.54513e-33 2.86382e-27 7.40843e-22 4.40607e-17 6.02451e-13 1.89381e-09 1.36866e-06 0.000227405 0.00868657 0.0762855 0.154031 0.0726428 0.0381743 0.186723 0.262749 0.0979821 0.0532303 0.0384218 0.00897827 0.00161228 0.00023201 2.01803e-05 1.57013e-06 6.12126e-08
 3.73388e-40 1.82748e-33 2.0563e-27 5.31947e-22 3.16369e-17 4.32577e-13 1.35981e-09 9.82737e-07 0.000163283 0.00623721 0.0547751 0.110603 0.0526682 0.0409194 0.216569 0.304671 0.110716 0.0514606 0.0369538 0.0107131 0.00300578 0.000500345 4.17082e-05 2.1119e-06 6.21452e-08
 7.20872e-40 3.52817e-33 3.96995e-27 1.02699e-21 6.10789e-17 8.35143e-13 2.62528e-09 1.8973e-06 0.000315238 0.0120417 0.10575 0.213518 0.099996 0.0342027 0.144548 0.203457 0.0791299 0.0528731 0.0398227 0.010833 0.00285759 0.000578508 6.93683e-05 4.0805e-06 1.02301e-07
 4.81592e-40 2.35706e-33 2.6522e-27 6.86099e-22 4.08049e-17 5.57933e-13 1.75387e-09 1.26752e-06 0.000210601 0.00804468 0.0706484 0.142651 0.0675081 0.0415475 0.210744 0.296062 0.102234 0.0309292 0.0202482 0.00651719 0.00216388 0.000433522 5.29713e-05 3.87315e-06 1.25674e-07
 5.50115e-40 2.69243e-33 3.02957e-27 7.8372e-22 4.66108e-17 6.37318e-13 2.00341e-09 1.44787e-06 0.000240566 0.00918931 0.0807005 0.162945 0.076753 0.0378848 0.182269 0.256441 0.0953538 0.0509676 0.0366764 0.00854653 0.00163444 0.000343064 4.96954e-05 3.79941e-06 1.35933e-07
 5.99565e-40 2.93445e-33 3.30189e-27 8.54168e-22 5.08006e-17 6.94606e-13 2.1835e-09 1.57802e-06 0.00026219 0.0100153 0.0879547 0.177591 0.0835334 0.0381333 0.179371 0.252152 0.0909932 0.0403154 0.028672 0.0082708 0.00230406 0.000388598 3.8017e-05 2.90579e-06 1.15573e-07
 4.68748e-40 2.29419e-33 2.58146e-27 6.678e-22 3.97166e-17 5.43053e-13 1.70709e-09 1.23372e-06 0.000204984 0.00783013 0.0687642 0.138846 0.065707 0.0404204 0.20501 0.288235 0.102969 0.042334 0.0293956 0.00783409 0.0019967 0.000400115 4.80901e-05 3.02595e-06 9.70086e-08
 7.13276e-40 3.49099e-33 3.92812e-27 1.01617e-21 6.04352e-17 8.26343e-13 2.59762e-09 1.8773e-06 0.000311916 0.0119148 0.104636 0.211269 0.0990099 0.0356382 0.153989 0.216539 0.0806847 0.0436618 0.0317852 0.00821474 0.00193842 0.00035993 4.26187e-05 3.09245e-06 1.03519e-07
 4.90978e-40 2.403e-33 2.70389e-27 6.9947e-22 4.16001e-17 5.68806e-13 1.78805e-09 1.29223e-06 0.000214705 0.00820146 0.0720253 0.145431 0.0687816 0.0412364 0.208007 0.292248 0.101495 0.0325724 0.0214424 0.0062029 0.00177356 0.000329351 3.60426e-05 2.4741e-06 8.6119e-08
 5.95517e-40 2.91464e-33 3.2796e-27 8.48402e-22 5.04576e-17 6.89917e-13 2.16876e-09 1.56737e-06 0.00026042 0.00994772 0.0873609 0.176392 0.0829494 0.0373419 0.174902 0.246033 0.0913369 0.0483823 0.0348286 0.00827525 0.00163392 0.000312705 3.93591e-05 2.71054e-06 8.89409e-08
 6.28175e-40 3.07448e-33 3.45946e-27 8.94929e-22 5.32247e-17 7.27752e-13 2.2877e-09 1.65332e-06 0.000274702 0.0104933 0.0921518 0.186065 0.0874559 0.0382626 0.177606 0.24957 0.0887962 0.035388 0.0245932 0.00703369 0.00194239 0.000331615 3.21047e-05 2.20719e-06 7.77201e-08
 4.77398e-40 2.33653e-33 2.6291e-27 6.80125e-22 4.04495e-17 5.53074e-13 1.73859e-09 1.25649e-06 0.000208767 0.00797463 0.0700332 0.141408 0.0668977 0.0405861 0.20525 0.288526 0.102454 0.0401597 0.0274789 0.00701657 0.00164268 0.000321523 3.84482e-05 2.41381e-06 7.35476e-08
 5.20971e-40 2.54979e-33 2.86907e-27 7.422e-22 4.41414e-17 6.03554e-13 1.89728e-09 1.37117e-06 0.000227821 0.00870248 0.0764252 0.154313 0.0727737 0.0381851 0.186703 0.262701 0.0976749 0.0522138 0.0378734 0.00961078 0.00216636 0.000382122 4.21098e-05 2.96551e-06 9.84702e-08
 5.63493e-40 2.75791e-33 3.10324e-27 8.02779e-22 4.77443e-17 6.52817e-13 2.05214e-09 1.48308e-06 0.000246416 0.00941278 0.0826631 0.166907 0.078601 0.0383133 0.18369 0.258299 0.0939732 0.0440155 0.0316343 0.00913385 0.00258673 0.00047026 4.89391e-05 3.15102e-06 1.03808e-07
 5.58229e-40 2.73214e-33 3.07425e-27 7.9528e-22 4.72983e-17 6.46719e-13 2.03297e-09 1.46923e-06 0.000244114 0.00932486 0.0818909 0.165348 0.0778775 0.0382417 0.183723 0.258379 0.0944708 0.045684 0.0328362 0.00900698 0.0024138 0.000491649 6.12938e-05 4.0905e-06 1.27177e-07
#spawning biomass
 4857.63 2873.84 2792.45 3646.71 4496.76 6103.04 6848.11 5444.84 6680.76 13164 14641.1 14173.8 23264.7 32441.2 28716 23905.2 19636.6 21373.1 21750.7 21789.1 22621.9 23690.8 25186.9 25508.8 27478.8 30638.6 27224.7 24786.6 29656.4 71152.7 104533 96733 63576.9 42038.2 31255.5 26282.1 24086.8 23144.3 22747.1 22581.8 22513.6 22485.6 22474.1 22469.5 22467.6 22466.8 22466.5 22466.3 22466.3 22466.3 22466.3 22466.3 22466.3 22466.3 22466.3 22466.3 22466.3 22466.3 22466.3 22466.3 22466.3 22466.3 22466.3 22466.3 22466.3 22466.3 22466.3 22466.3 22466.3 22466.3 22466.3 22466.3 22466.3 22466.3 22466.3 22466.3 22466.3 22466.3 22466.3 22466.3 22466.3 22466.3 22466.3 22466.3 22466.3 22466.3 22466.3 22466.3 22466.3 22466.3 22466.3 22466.3 22466.3 22466.3 22466.3 22466.3 22466.3 22466.3 22466.3 22466.3 22466.3 22466.3 22466.3 22466.3 22466.3 22466.3 22466.3 22466.3 22466.3 22466.3 22466.3 22466.3 22466.3 22466.3 22466.3 22466.3 22466.3 22466.3 22466.3 22466.3 22466.3 22466.3 22466.3 22466.3 22466.3 22466.3 22466.3 22466.3 22466.3 0 0 0 0 0 0 0 0 0 0 0 0 0 0 0 0 0 0 0 0 0 0 0 0 0
