SBPRF35
27.4287
Curr Bio
196207
B35
4.68214e+07
F35
0.0245569
FOFL
0
OFL
0
Bzero
7.83676e+06
#pred survey bio
 18911.4 22719.8 20033.8 22880.5 36263.7 49216.4 66355.1 95023.1 124484 154680 189133 202474 268851 305647 284899 249435 251665 261565 241297 281812 257422 238628 288587 286134 272796 279305 303336 234529 4.65239e+06 9.15224e+06 1.45828e+07 2.00129e+07 2.50624e+07 2.95394e+07 3.33884e+07 3.66325e+07 3.93341e+07 4.157e+07 4.34171e+07 4.49462e+07 4.62187e+07 4.72858e+07 4.81134e+07 4.845e+07 4.87807e+07 4.91048e+07 4.94222e+07 4.97327e+07 5.00363e+07 5.03329e+07 5.06227e+07 5.09057e+07 5.11821e+07 5.1452e+07 5.17155e+07 5.19728e+07 5.22241e+07 5.24695e+07 5.27091e+07 5.29432e+07 5.31718e+07 5.33951e+07 5.36132e+07 5.38264e+07 5.40347e+07 5.42383e+07 5.44373e+07 5.46318e+07 5.48219e+07 5.50079e+07 5.51897e+07 5.53675e+07 5.55415e+07 5.57116e+07 5.58781e+07 5.6041e+07 5.62004e+07 5.63564e+07 5.65092e+07 5.66587e+07 5.68051e+07 5.69485e+07 5.7089e+07 5.72266e+07 5.73613e+07 5.74934e+07 5.76228e+07 5.77496e+07 5.7874e+07 5.79958e+07 5.81154e+07 5.82325e+07 5.83475e+07 5.84602e+07 5.85708e+07 5.86794e+07 5.87859e+07 5.88904e+07 5.8993e+07 5.90937e+07 5.91926e+07 5.92897e+07 5.93851e+07 5.94788e+07 5.95708e+07 5.96613e+07 5.97501e+07 5.98375e+07 5.99233e+07 6.00077e+07 6.00907e+07 6.01723e+07 6.02525e+07 6.03315e+07 6.04091e+07 6.04855e+07 6.05607e+07 6.06347e+07 6.07075e+07 6.07792e+07 6.08498e+07 6.09192e+07 6.09877e+07 6.10551e+07 6.11215e+07 6.11869e+07 6.12513e+07 6.13148e+07 0 0 0 0 0 0 0 0 0 0 0 0 0 0 0 0 0 0 0 0 0 0 0 0 0
#obs survey bio
 16729.2 19748.6 22244.2 20559.8 40108.3 52895.5 51116.7 93128.4 148856 106688 197820 147605 238913 234731 201978 178556 263784 188069 187775 195111 278348 221441 240789 222621 283735 231193 243441 155146
#pred catch bio
 9147.96 15166.5 12365 12591.9 25862.7 36859.8 47025.8 70361.7 95457.1 117060 153214 155570 212271 248890 239939 207165 205768 223405 192520 241304 226512 197644 253444 258990 243091 243774 276177 219760 0 10374.7 16835.9 23302.3 29346.1 34714.4 39325.4 43199.1 46407.3 49042.1 51197.8 52961.3 54408.7 55603.5 56508.5 56830.7 57143.1 57445.8 57739.1 58023.5 58299.1 58566.2 58825 59075.9 59319.1 59554.7 59783.1 60004.5 60219 60427 60628.5 60823.8 61013.1 61196.6 61374.4 61546.8 61713.8 61875.7 62032.6 62184.6 62332 62474.8 62613.3 62747.4 62877.5 63003.5 63125.6 63244 63358.8 63470 63577.7 63682.2 63783.4 63881.5 63976.6 64068.8 64158.1 64244.7 64328.6 64409.9 64488.7 64565.1 64639.1 64710.9 64780.4 64847.8 64913.2 64976.5 65037.8 65097.3 65154.9 65210.8 65264.9 65317.4 65368.2 65417.5 65465.3 65511.6 65556.5 65600 65642.1 65683 65722.5 65760.9 65798.1 65834.1 65869.1 65902.9 65935.7 65967.5 65998.4 66028.2 66057.2 66085.3 66112.5 66138.8 66164.4 66189.1 66213.1 66236.4 0 0 0 0 0 0 0 0 0 0 0 0 0 0 0 0 0 0 0 0 0 0 0 0 0
#obs catch bio
 14252.8 15760.3 14318.2 10336.8 20314.6 33393.4 36729.3 57868.6 87334.3 106390 147750 152546 201318 246224 243910 212987 182030 199764 159051 225564 193121 177510 224909 240265 220415 212725 254045 191158
#pred cpue bio
 14435.8 19240.2 15042.2 16707 22378.4 27652.5 34345.4 53005 68052.4 82014.2 105802 105106 134521 165690 166937 134833 128028 138361 120726 144541 129695 105746 130439 123604 106641 113200 126740 108810 1.64142e+06 8.98678e+06 1.44604e+07 1.98893e+07 2.49387e+07 2.94158e+07 3.32647e+07 3.65088e+07 3.92105e+07 4.14463e+07 4.32934e+07 4.48226e+07 4.6095e+07 4.71621e+07 4.79897e+07 4.83264e+07 4.8657e+07 4.89811e+07 4.92985e+07 4.9609e+07 4.99126e+07 5.02092e+07 5.0499e+07 5.0782e+07 5.10584e+07 5.13283e+07 5.15918e+07 5.18492e+07 5.21004e+07 5.23458e+07 5.25854e+07 5.28195e+07 5.30481e+07 5.32714e+07 5.34896e+07 5.37027e+07 5.3911e+07 5.41146e+07 5.43136e+07 5.45081e+07 5.46983e+07 5.48842e+07 5.5066e+07 5.52438e+07 5.54178e+07 5.55879e+07 5.57544e+07 5.59173e+07 5.60767e+07 5.62328e+07 5.63855e+07 5.6535e+07 5.66815e+07 5.68249e+07 5.69653e+07 5.71029e+07 5.72377e+07 5.73697e+07 5.74991e+07 5.7626e+07 5.77503e+07 5.78722e+07 5.79917e+07 5.81089e+07 5.82238e+07 5.83366e+07 5.84472e+07 5.85557e+07 5.86622e+07 5.87667e+07 5.88693e+07 5.897e+07 5.90689e+07 5.9166e+07 5.92614e+07 5.93551e+07 5.94471e+07 5.95376e+07 5.96264e+07 5.97138e+07 5.97996e+07 5.9884e+07 5.9967e+07 6.00486e+07 6.01289e+07 6.02078e+07 6.02854e+07 6.03618e+07 6.0437e+07 6.0511e+07 6.05838e+07 6.06555e+07 6.07261e+07 6.07956e+07 6.0864e+07 6.09314e+07 6.09978e+07 6.10632e+07 6.11276e+07 6.11911e+07 0 0 0 0 0 0 0 0 0 0 0 0 0 0 0 0 0 0 0 0 0 0 0 0 0
#obs cpue bio
 21612.7 16781.3 18487.6 22738.8 42553 44245.9 81230.3 132796 95249.3 135997 142458 141631 198732 208499 240558 171423 213331 302888 293815 296063 247859 157622 264811 211604 156957 222331 228978 282417
#pred surv len freq
 1.19809e-11 1.30041e-09 8.32263e-08 3.1407e-06 6.98849e-05 0.000916938 0.00709504 0.0323981 0.0876038 0.142688 0.151385 0.134315 0.129822 0.115437 0.0786935 0.0456358 0.0265306 0.0157622 0.00970411 0.00642521 0.00467261 0.00377393 0.00320184 0.00244527 0.00142152
 8.43793e-12 9.15856e-10 5.86147e-08 2.21194e-06 4.92189e-05 0.000645807 0.00499791 0.0228409 0.062021 0.103113 0.119161 0.130203 0.15227 0.146965 0.106254 0.0660793 0.0391095 0.0212327 0.0108475 0.00565452 0.00320366 0.00208198 0.00153164 0.00110144 0.000635032
 1.20931e-11 1.31259e-09 8.40056e-08 3.17011e-06 7.05392e-05 0.000925521 0.00716137 0.032699 0.0883901 0.143749 0.151501 0.132005 0.125693 0.113349 0.081999 0.0526569 0.0327442 0.0187455 0.00967923 0.00455604 0.00204044 0.000970571 0.000543367 0.000335209 0.00018226
 1.21284e-11 1.31642e-09 8.42508e-08 3.17937e-06 7.07452e-05 0.000928229 0.00718256 0.0328012 0.0887408 0.144918 0.155504 0.142227 0.141255 0.124497 0.0797899 0.040461 0.0202884 0.0108294 0.00572459 0.00278769 0.00120353 0.000472489 0.00018857 8.56141e-05 3.96775e-05
 1.53641e-11 1.66763e-09 1.06728e-07 4.02758e-06 8.96187e-05 0.00117584 0.00909764 0.0415255 0.11205 0.18062 0.182848 0.140308 0.11252 0.091823 0.0609884 0.0341984 0.01794 0.00849841 0.00367815 0.00158463 0.00066932 0.000255962 8.69137e-05 2.84394e-05 9.6905e-06
 1.58018e-11 1.71513e-09 1.09768e-07 4.14232e-06 9.21719e-05 0.00120934 0.00935703 0.0427135 0.115311 0.18632 0.190678 0.151444 0.126122 0.0994497 0.0546948 0.0184382 0.00369545 0.000438347 3.11633e-05 1.52405e-06 1.27235e-07 3.31361e-08 1.02395e-08 2.85412e-09 7.24787e-10
 1.67883e-11 1.82221e-09 1.16621e-07 4.40092e-06 9.79261e-05 0.00128484 0.00994089 0.0453732 0.122415 0.197185 0.198922 0.150591 0.11688 0.0889014 0.0484343 0.0162936 0.00326262 0.000385926 2.6927e-05 1.10787e-06 2.68786e-08 3.84534e-10 3.24509e-12 1.62636e-14 6.95146e-17
 1.58949e-11 1.72523e-09 1.10415e-07 4.16671e-06 9.27147e-05 0.00121647 0.00941211 0.0429644 0.115981 0.187345 0.191456 0.151365 0.125253 0.0984566 0.0541037 0.0182336 0.00365238 0.000432062 3.01465e-05 1.24037e-06 3.00954e-08 4.30675e-10 3.63769e-12 1.81838e-14 5.42909e-17
 1.61483e-11 1.75275e-09 1.12176e-07 4.23316e-06 9.41932e-05 0.00123586 0.00956213 0.0436478 0.117806 0.190137 0.193574 0.151145 0.122878 0.0957457 0.0524953 0.0176832 0.0035418 0.000418972 2.9233e-05 1.20277e-06 2.91816e-08 4.17525e-10 3.52438e-12 1.75775e-14 5.20606e-17
 1.65144e-11 1.79248e-09 1.14718e-07 4.32911e-06 9.63283e-05 0.00126387 0.00977877 0.0446347 0.120442 0.194168 0.196633 0.150828 0.119447 0.091831 0.0501725 0.0168884 0.00338212 0.000400071 2.79139e-05 1.14847e-06 2.78627e-08 3.98571e-10 3.36185e-12 1.67213e-14 4.90456e-17
 1.58581e-11 1.72125e-09 1.1016e-07 4.15708e-06 9.25005e-05 0.00121366 0.00939037 0.0428654 0.115717 0.18694 0.191149 0.151397 0.125597 0.0988494 0.0543368 0.0183134 0.0036684 0.000433957 3.02785e-05 1.24576e-06 3.02231e-08 4.32335e-10 3.64665e-12 1.8138e-14 5.32018e-17
 1.67558e-11 1.81868e-09 1.16395e-07 4.3924e-06 9.77364e-05 0.00128235 0.00992165 0.0452856 0.122181 0.196827 0.19865 0.150619 0.117185 0.0892491 0.0486406 0.0163642 0.0032768 0.000387605 2.7044e-05 1.11268e-06 2.69944e-08 3.86147e-10 3.25701e-12 1.6199e-14 4.75037e-17
 1.71536e-11 1.86186e-09 1.19159e-07 4.49668e-06 0.000100057 0.00131279 0.0101571 0.0463581 0.125046 0.201209 0.201974 0.150274 0.113457 0.0849945 0.0461162 0.0155004 0.00310325 0.000367063 2.56106e-05 1.0537e-06 2.55635e-08 3.6568e-10 3.08438e-12 1.53405e-14 4.49873e-17
 1.62512e-11 1.76391e-09 1.1289e-07 4.26012e-06 9.47931e-05 0.00124373 0.009623 0.0439251 0.118547 0.191269 0.194434 0.151056 0.121914 0.0946458 0.0518426 0.0174599 0.00349694 0.000413661 2.88623e-05 1.18749e-06 2.88093e-08 4.1211e-10 3.47599e-12 1.72881e-14 5.06975e-17
 1.52324e-11 1.65334e-09 1.05813e-07 3.99306e-06 8.88508e-05 0.00116577 0.00902005 0.0411784 0.111211 0.180049 0.185922 0.15194 0.13146 0.105541 0.0583072 0.019672 0.00394136 0.000466265 3.2533e-05 1.33852e-06 3.24735e-08 4.64524e-10 3.91809e-12 1.94869e-14 5.71455e-17
 1.62857e-11 1.76765e-09 1.1313e-07 4.26916e-06 9.49943e-05 0.00124637 0.00964341 0.0440181 0.118795 0.191649 0.194722 0.151026 0.121591 0.094277 0.0516238 0.017385 0.00348189 0.00041188 2.8738e-05 1.18238e-06 2.86853e-08 4.10335e-10 3.46102e-12 1.72136e-14 5.04792e-17
 1.69777e-11 1.84276e-09 1.17937e-07 4.45056e-06 9.90305e-05 0.00129933 0.010053 0.0458837 0.123779 0.199271 0.200504 0.150426 0.115106 0.0868764 0.0472327 0.0158825 0.00318001 0.000376149 2.62446e-05 1.07979e-06 2.61964e-08 3.74733e-10 3.16073e-12 1.57201e-14 4.60993e-17
 1.65417e-11 1.79544e-09 1.14908e-07 4.33627e-06 9.64874e-05 0.00126596 0.00979491 0.0447082 0.120639 0.194469 0.196861 0.150804 0.119192 0.0915392 0.0499994 0.0168292 0.00337022 0.000398662 2.78156e-05 1.14443e-06 2.77646e-08 3.97165e-10 3.34993e-12 1.66611e-14 4.88589e-17
 1.71544e-11 1.86194e-09 1.19164e-07 4.49688e-06 0.000100061 0.00131285 0.0101575 0.0463601 0.125051 0.201217 0.20198 0.150273 0.11345 0.0849867 0.0461116 0.0154988 0.00310294 0.000367025 2.5608e-05 1.05359e-06 2.55609e-08 3.65642e-10 3.08405e-12 1.53388e-14 4.4981e-17
 1.68889e-11 1.83313e-09 1.1732e-07 4.42729e-06 9.85127e-05 0.00129253 0.0100004 0.0456444 0.123139 0.198293 0.199762 0.150503 0.115938 0.0878258 0.0477961 0.0160753 0.00321874 0.000380733 2.65645e-05 1.09295e-06 2.65157e-08 3.793e-10 3.19925e-12 1.59117e-14 4.66613e-17
 1.7081e-11 1.85398e-09 1.18654e-07 4.47764e-06 9.96332e-05 0.00130723 0.0101141 0.0461623 0.124523 0.200409 0.201367 0.150337 0.114138 0.0857713 0.0465771 0.0156581 0.00313494 0.000370813 2.58723e-05 1.06447e-06 2.58248e-08 3.69416e-10 3.11589e-12 1.54971e-14 4.54454e-17
 1.82958e-11 1.98583e-09 1.27093e-07 4.7961e-06 0.000106719 0.0014002 0.0108331 0.0494375 0.133271 0.213788 0.211517 0.149284 0.102754 0.0727792 0.0388684 0.0130204 0.00260498 0.000308085 2.14951e-05 8.84372e-07 2.14554e-08 3.06914e-10 2.58871e-12 1.28751e-14 3.77564e-17
 1.81258e-11 1.96738e-09 1.25912e-07 4.75152e-06 0.000105727 0.00138718 0.0107325 0.0489791 0.132047 0.211916 0.210096 0.149431 0.104347 0.0745977 0.0399474 0.0133896 0.00267916 0.000316865 2.21077e-05 9.0958e-07 2.2067e-08 3.15663e-10 2.66249e-12 1.32421e-14 3.88326e-17
 1.85069e-11 2.00875e-09 1.2856e-07 4.85145e-06 0.000107951 0.00141635 0.0109581 0.0500068 0.134792 0.216114 0.213281 0.1491 0.100775 0.0705211 0.0375286 0.0125619 0.00251287 0.000297182 2.07343e-05 8.53069e-07 2.0696e-08 2.96051e-10 2.49708e-12 1.24194e-14 3.642e-17
 1.92535e-11 2.08978e-09 1.33746e-07 5.04715e-06 0.000112305 0.00147348 0.0113999 0.0520196 0.140168 0.224336 0.219519 0.148453 0.0937794 0.0625369 0.0327913 0.0109409 0.00218719 0.000258633 1.80443e-05 7.42391e-07 1.80109e-08 2.5764e-10 2.1731e-12 1.08081e-14 3.16948e-17
 1.89974e-11 2.06199e-09 1.31967e-07 4.98002e-06 0.000110811 0.00145389 0.0112483 0.0513291 0.138324 0.221516 0.217379 0.148675 0.0961792 0.0652757 0.0344163 0.0114969 0.00229891 0.000271857 1.8967e-05 7.80357e-07 1.89319e-08 2.70816e-10 2.28423e-12 1.13608e-14 3.33156e-17
 1.87696e-11 2.03726e-09 1.30384e-07 4.9203e-06 0.000109483 0.00143645 0.0111135 0.050715 0.136683 0.219007 0.215476 0.148873 0.0983139 0.067712 0.0358618 0.0119916 0.00239829 0.00028362 1.97878e-05 8.1413e-07 1.97513e-08 2.82537e-10 2.38309e-12 1.18525e-14 3.47575e-17
 1.78923e-11 1.94204e-09 1.2429e-07 4.69032e-06 0.000104365 0.00136932 0.0105943 0.0483496 0.130365 0.209344 0.208146 0.149633 0.106535 0.0770947 0.0414289 0.0138965 0.00278101 0.000328921 2.2949e-05 9.44194e-07 2.29068e-08 3.27675e-10 2.76382e-12 1.3746e-14 4.03104e-17
#obs surv len freq
 3.68658e-11 3.41659e-09 1.86702e-07 6.01581e-06 0.000114295 0.00128047 0.00846074 0.0330075 0.07647 0.108399 0.107524 0.105532 0.120867 0.128793 0.118869 0.0934732 0.057359 0.0265488 0.00965027 0.00284323 0.000666256 0.000118838 1.54143e-05 1.39559e-06 8.52795e-08
 2.07677e-11 1.85633e-09 9.78387e-08 3.04057e-06 5.57186e-05 0.000602149 0.00384044 0.0145112 0.0331424 0.0502933 0.0679828 0.105178 0.150014 0.169432 0.159762 0.124705 0.073701 0.0321712 0.0108826 0.00296432 0.000640019 0.000104895 1.24883e-05 1.03835e-06 5.8303e-08
 1.46751e-10 1.26298e-08 6.40919e-07 1.91776e-05 0.000338356 0.00352001 0.021593 0.0781168 0.166787 0.211023 0.16181 0.0851284 0.0503008 0.0532382 0.0623887 0.0545492 0.0323638 0.013389 0.00416697 0.00103113 0.000201829 3.00147e-05 3.24534e-06 2.4528e-07 1.25337e-08
 1.26595e-10 1.04732e-08 5.10895e-07 1.4695e-05 0.000249232 0.00249265 0.0147063 0.0512832 0.10679 0.139724 0.139941 0.149458 0.158678 0.12353 0.0660334 0.0281333 0.0118328 0.00489656 0.00169664 0.000443214 8.41859e-05 1.15251e-05 1.12447e-06 7.64235e-08 3.51776e-09
 1.95737e-10 1.55424e-08 7.27696e-07 2.00895e-05 0.000327024 0.00313904 0.0177709 0.0593996 0.11789 0.143044 0.121132 0.102422 0.107101 0.112393 0.101874 0.0700098 0.0321451 0.00932087 0.0017427 0.000236687 2.84443e-05 3.18067e-06 2.837e-07 1.77743e-08 7.43652e-10
 3.34822e-10 2.54809e-08 1.14341e-06 3.02534e-05 0.000471998 0.00434225 0.0235612 0.0754918 0.143722 0.167811 0.138083 0.113045 0.106657 0.0922678 0.0677315 0.0410014 0.0184882 0.00580745 0.00126906 0.000195908 2.13583e-05 1.65094e-06 9.41072e-08 4.15308e-09 1.40062e-10
 3.89654e-10 2.83821e-08 1.21898e-06 3.087e-05 0.000460969 0.00405917 0.0210872 0.0647723 0.119016 0.138507 0.12658 0.127474 0.13265 0.114164 0.080527 0.0456702 0.0187189 0.00516546 0.000969568 0.000131633 1.35822e-05 1.05059e-06 5.7781e-08 2.16694e-09 5.46471e-11
 5.80729e-10 4.04343e-08 1.66002e-06 4.0185e-05 0.000573602 0.0048282 0.0239754 0.0703856 0.123527 0.136892 0.118333 0.114314 0.121129 0.114103 0.0897844 0.0535901 0.0217034 0.00569985 0.000988642 0.000119636 1.06464e-05 7.06963e-07 3.4333e-08 1.18225e-09 2.79507e-11
 9.1546e-10 6.08565e-08 2.3854e-06 5.51321e-05 0.000751352 0.00603833 0.0286304 0.0802835 0.134816 0.144064 0.122686 0.117427 0.11899 0.104417 0.0764098 0.0431541 0.0169365 0.00443648 0.000791872 0.000100055 9.07368e-06 5.81157e-07 2.57509e-08 7.80735e-10 1.60829e-11
 1.19396e-09 7.56939e-08 2.82956e-06 6.23689e-05 0.000810621 0.00621339 0.0281069 0.0753165 0.121846 0.129994 0.120931 0.129099 0.133363 0.113999 0.0796356 0.0419015 0.0148371 0.00334643 0.000483678 4.72335e-05 3.36775e-06 1.83908e-07 7.52868e-09 2.18105e-10 4.26041e-12
 1.72622e-09 1.0426e-07 3.71299e-06 7.79689e-05 0.000965432 0.00705008 0.0303873 0.0776332 0.120097 0.124068 0.115158 0.124747 0.13221 0.118629 0.085714 0.0445848 0.0150631 0.00316278 0.000412982 3.46299e-05 1.9719e-06 8.08308e-08 2.45425e-09 5.47421e-11 8.74947e-13
 3.05069e-09 1.75364e-07 5.94389e-06 0.000118793 0.00139995 0.00972971 0.0399093 0.096983 0.142353 0.138033 0.117465 0.117085 0.117596 0.101296 0.07 0.0345457 0.0110163 0.00217569 0.000265944 2.06791e-05 1.07231e-06 3.88842e-08 1.0054e-09 1.83021e-11 2.29776e-13
 3.93279e-09 2.14966e-07 6.92832e-06 0.000131667 0.00147551 0.00975278 0.038072 0.0883609 0.125996 0.126821 0.1253 0.137932 0.1339 0.105243 0.0661108 0.0301006 0.00894562 0.00165011 0.000187661 1.34501e-05 6.34283e-07 2.06647e-08 4.77433e-10 7.74894e-12 8.61165e-14
 4.63944e-09 2.40932e-07 7.37757e-06 0.000133207 0.0014183 0.00890849 0.0330747 0.0733136 0.10182 0.106817 0.119272 0.143677 0.149631 0.127475 0.0837579 0.037803 0.0107881 0.00188668 0.000202561 1.36817e-05 6.06393e-07 1.84527e-08 3.94202e-10 5.84752e-12 5.8763e-14
 7.76062e-09 3.82607e-07 1.11224e-05 0.00019065 0.00192708 0.0114907 0.0404918 0.085109 0.111584 0.109026 0.113213 0.132795 0.141513 0.124353 0.0814669 0.0354679 0.00960527 0.00158432 0.000160078 1.01638e-05 4.22878e-07 1.20537e-08 2.40548e-10 3.32347e-12 3.09955e-14
 1.25277e-08 5.85944e-07 1.61595e-05 0.000262783 0.00252 0.0142571 0.0476936 0.0954029 0.120359 0.116921 0.122817 0.138219 0.134954 0.107563 0.0647742 0.0263292 0.00673586 0.00106259 0.000104545 6.62835e-06 2.82294e-07 8.29793e-09 1.67665e-10 2.2736e-12 2.02563e-14
 1.97166e-08 8.74344e-07 2.28624e-05 0.000352499 0.00320505 0.0171937 0.0545578 0.103689 0.125173 0.118764 0.123658 0.1364 0.130093 0.100698 0.0579297 0.022157 0.00527183 0.000762805 6.73648e-05 3.7164e-06 1.33573e-07 3.29252e-09 5.76124e-11 7.13222e-13 6.06658e-15
 2.80879e-08 1.18036e-06 2.92483e-05 0.000427354 0.00368244 0.0187259 0.0563898 0.102266 0.120587 0.118645 0.130655 0.143333 0.131418 0.0968388 0.0528069 0.0191631 0.00436016 0.00061377 5.43232e-05 3.12801e-06 1.21459e-07 3.22809e-09 5.79321e-11 6.84994e-13 5.25211e-15
 3.88839e-08 1.54785e-06 3.63313e-05 0.00050285 0.0041047 0.019779 0.0565141 0.097864 0.113049 0.115367 0.133298 0.148102 0.136524 0.0998363 0.052586 0.0180527 0.00383881 0.000500197 4.05396e-05 2.11629e-06 7.45022e-08 1.83089e-09 3.14718e-11 3.69341e-13 2.87677e-15
 5.89783e-08 2.22319e-06 4.94142e-05 0.000647645 0.00500639 0.0228491 0.0618886 0.101988 0.113797 0.115511 0.133348 0.146703 0.134121 0.0960787 0.048578 0.0158208 0.0031844 0.000394441 3.06669e-05 1.55204e-06 5.31828e-08 1.25887e-09 2.04044e-11 2.21489e-13 1.58245e-15
 8.34993e-08 2.97982e-06 6.27032e-05 0.000778052 0.00569471 0.0246203 0.0633116 0.100066 0.111119 0.118845 0.14124 0.151738 0.132941 0.0904286 0.0431208 0.0132109 0.00250409 0.000293292 2.17159e-05 1.05615e-06 3.50302e-08 8.03966e-10 1.25963e-11 1.31549e-13 8.99124e-16
 1.38299e-07 4.67179e-06 9.30556e-05 0.001093 0.00757254 0.0309894 0.0754207 0.112725 0.117999 0.118784 0.135142 0.142726 0.124197 0.0825525 0.0376371 0.010892 0.00194231 0.000214057 1.49493e-05 6.88099e-07 2.16578e-08 4.72166e-10 7.02862e-12 6.97804e-14 4.53777e-16
 1.88344e-07 6.02212e-06 0.000113538 0.00126233 0.00827994 0.0321091 0.0743702 0.107799 0.116291 0.128357 0.149627 0.14913 0.119091 0.0727958 0.0308357 0.00836403 0.00140926 0.000148241 1.00106e-05 4.50852e-07 1.3926e-08 2.95324e-10 4.21692e-12 3.97007e-14 2.43182e-16
 2.70086e-07 8.17389e-06 0.000145866 0.00153506 0.0095315 0.0350046 0.076929 0.106666 0.112819 0.1254 0.14739 0.149696 0.121986 0.0738867 0.0300198 0.00765903 0.00119985 0.000116156 7.13839e-06 2.90056e-07 8.09438e-09 1.57235e-10 2.0953e-12 1.86811e-14 1.09125e-16
 3.99289e-07 1.14385e-05 0.00019322 0.00192484 0.0113153 0.0393708 0.0822372 0.109803 0.115795 0.130711 0.150785 0.146935 0.113903 0.0651649 0.024905 0.00597563 0.000882915 8.10589e-05 4.75633e-06 1.85215e-07 4.92638e-09 8.98282e-11 1.10386e-12 8.96193e-15 4.74586e-17
 5.00178e-07 1.35644e-05 0.000216915 0.00204584 0.011391 0.0376108 0.0751963 0.0994331 0.112264 0.138214 0.161766 0.15425 0.115548 0.063128 0.0228909 0.00522041 0.000740256 6.63566e-05 3.88458e-06 1.5335e-07 4.13208e-09 7.50774e-11 9.00254e-13 7.00859e-15 3.51141e-17
 5.58653e-07 1.43439e-05 0.000217179 0.00193967 0.010234 0.0321226 0.061925 0.083123 0.104251 0.141731 0.172605 0.168744 0.12707 0.0673928 0.0230708 0.0048755 0.000629558 5.02866e-05 2.56111e-06 8.67835e-08 2.0314e-09 3.32089e-11 3.72516e-13 2.78814e-15 1.3593e-17
 9.4243e-07 2.29126e-05 0.000328488 0.00277782 0.0138736 0.041173 0.0746445 0.092492 0.10471 0.133297 0.162133 0.162611 0.123079 0.0634557 0.0207054 0.00414595 0.000508493 3.88645e-05 1.90944e-06 6.24471e-08 1.38899e-09 2.09586e-11 2.10818e-13 1.39076e-15 5.96393e-18
#pred catch len freq
 1.0814e-12 1.17376e-10 7.51208e-09 2.83492e-07 6.30905e-06 8.28449e-05 0.000643633 0.00299957 0.00894174 0.0212616 0.0537499 0.125551 0.203352 0.209839 0.147639 0.0861467 0.0501487 0.0298032 0.0183491 0.0121491 0.00883514 0.00713587 0.00605414 0.00462361 0.00268787
 7.35507e-13 7.98323e-11 5.1093e-09 1.92818e-07 4.29146e-06 5.63736e-05 0.000438839 0.00206522 0.0064263 0.0172543 0.0499323 0.123408 0.203547 0.214105 0.157488 0.0982418 0.0581748 0.0315857 0.0161365 0.00841139 0.00476556 0.00309702 0.00227838 0.00163843 0.000944632
 1.40201e-12 1.52175e-10 9.73923e-09 3.67537e-07 8.17909e-06 0.000107377 0.000833267 0.00386119 0.0112123 0.0244841 0.0549722 0.121354 0.194942 0.205033 0.153157 0.0988798 0.0615282 0.0352255 0.0181883 0.00856114 0.00383411 0.00182376 0.00102102 0.000629877 0.000342477
 1.27032e-12 1.37881e-10 8.82441e-09 3.33016e-07 7.41114e-06 9.73127e-05 0.000755883 0.00351917 0.0104432 0.0244833 0.0607606 0.140516 0.2257 0.227849 0.150293 0.0766396 0.0384731 0.0205409 0.0108585 0.00528768 0.00228283 0.000896209 0.000357676 0.000162391 7.52596e-05
 7.62593e-12 8.27721e-10 5.29741e-08 1.99908e-06 4.44827e-05 0.000583674 0.00451751 0.0206558 0.0562308 0.094633 0.114583 0.137059 0.169725 0.163938 0.113133 0.0638077 0.0334685 0.0158481 0.00685802 0.00295445 0.00124789 0.000477216 0.000162042 5.30225e-05 1.8067e-05
 1.0872e-11 1.18005e-09 7.55229e-08 2.85e-06 6.34167e-05 0.000832091 0.00643931 0.0294222 0.0798093 0.132023 0.149487 0.155717 0.172317 0.152172 0.0859777 0.0291441 0.0058475 0.00069376 4.93202e-05 2.41071e-06 2.00842e-07 5.22637e-08 1.61494e-08 4.50143e-09 1.14311e-09
 1.15755e-11 1.25641e-09 8.04098e-08 3.03442e-06 6.75201e-05 0.000885926 0.00685567 0.0313189 0.0848754 0.139771 0.155366 0.15511 0.16573 0.144652 0.0815128 0.0276126 0.0055367 0.000655098 4.57101e-05 1.8807e-06 4.56285e-08 6.52777e-10 5.50879e-12 2.7608e-14 1.17873e-16
 1.07861e-11 1.17073e-09 7.49265e-08 2.8275e-06 6.29159e-05 0.000825521 0.00638849 0.0291907 0.079191 0.131078 0.14877 0.155795 0.173127 0.153093 0.0865217 0.0293265 0.00588106 0.000695859 4.85547e-05 1.99778e-06 4.84729e-08 6.93662e-10 5.85897e-12 2.92869e-14 8.74358e-17
 1.20066e-11 1.3032e-09 8.34044e-08 3.14743e-06 7.00346e-05 0.000918915 0.00711081 0.0324812 0.0879799 0.144519 0.158968 0.154736 0.16169 0.140041 0.0787773 0.0266765 0.00534864 0.000632838 4.41569e-05 1.81681e-06 4.40797e-08 6.30683e-10 5.32366e-12 2.65509e-14 7.86353e-17
 1.23885e-11 1.34465e-09 8.60575e-08 3.24754e-06 7.22623e-05 0.000948141 0.00733685 0.0335109 0.0907303 0.148726 0.162159 0.154405 0.158111 0.135956 0.0763538 0.0258472 0.00518203 0.000613116 4.27805e-05 1.76015e-06 4.27025e-08 6.1085e-10 5.15238e-12 2.56272e-14 7.51673e-17
 1.26035e-11 1.36798e-09 8.75508e-08 3.3039e-06 7.35163e-05 0.000964592 0.00746408 0.0340904 0.0922784 0.151094 0.163955 0.154219 0.156096 0.133657 0.0749896 0.0253804 0.00508824 0.000602016 4.20059e-05 1.72828e-06 4.19293e-08 5.9979e-10 5.05909e-12 2.51633e-14 7.38082e-17
 1.30889e-11 1.42068e-09 9.09233e-08 3.43116e-06 7.63481e-05 0.00100174 0.00775142 0.0353994 0.0957746 0.156441 0.168012 0.153798 0.151547 0.128465 0.0719089 0.0243263 0.00487645 0.000576947 4.02566e-05 1.6563e-06 4.0183e-08 5.74808e-10 4.84829e-12 2.41133e-14 7.07126e-17
 1.41924e-11 1.54044e-09 9.85882e-08 3.72042e-06 8.27842e-05 0.00108618 0.00840448 0.0383743 0.103721 0.168594 0.177231 0.152841 0.141207 0.116664 0.0649071 0.0219304 0.00439509 0.000519971 3.62807e-05 1.49272e-06 3.62144e-08 5.18037e-10 4.36946e-12 2.1732e-14 6.37309e-17
 1.33014e-11 1.44374e-09 9.2399e-08 3.48685e-06 7.75872e-05 0.001018 0.00787715 0.0359721 0.0973044 0.15878 0.169787 0.153614 0.149556 0.126193 0.0705609 0.023865 0.00478378 0.000565978 3.94911e-05 1.62481e-06 3.9419e-08 5.63878e-10 4.7561e-12 2.36548e-14 6.93679e-17
 1.24091e-11 1.34689e-09 8.62009e-08 3.25296e-06 7.23828e-05 0.000949721 0.00734907 0.0335665 0.090879 0.148953 0.162331 0.154387 0.157917 0.135736 0.0762227 0.0258024 0.00517302 0.00061205 4.27061e-05 1.75709e-06 4.26282e-08 6.09784e-10 5.1433e-12 2.55806e-14 7.50153e-17
 1.36872e-11 1.48562e-09 9.50794e-08 3.588e-06 7.98378e-05 0.00104753 0.00810552 0.0370124 0.100083 0.16303 0.173011 0.153279 0.14594 0.122067 0.0681124 0.0230272 0.00461545 0.000546053 3.81008e-05 1.5676e-06 3.80311e-08 5.44025e-10 4.58865e-12 2.2822e-14 6.69256e-17
 1.44551e-11 1.56896e-09 1.00413e-07 3.78929e-06 8.43167e-05 0.00110629 0.00855999 0.0390827 0.105613 0.171487 0.179427 0.152613 0.138745 0.113854 0.0632398 0.0213598 0.00428047 0.000506404 3.5334e-05 1.45376e-06 3.52693e-08 5.04518e-10 4.25542e-12 2.11647e-14 6.20655e-17
 1.44869e-11 1.57242e-09 1.00635e-07 3.79764e-06 8.45024e-05 0.00110872 0.00857882 0.0391685 0.105842 0.171838 0.179693 0.152586 0.138446 0.113514 0.0630378 0.0212907 0.00426658 0.00050476 3.52193e-05 1.44904e-06 3.51548e-08 5.02881e-10 4.24161e-12 2.1096e-14 6.1864e-17
 1.43538e-11 1.55797e-09 9.97096e-08 3.76273e-06 8.37258e-05 0.00109854 0.00850002 0.0388095 0.104883 0.170372 0.17858 0.152701 0.139694 0.114938 0.0638827 0.0215798 0.00432467 0.000511635 3.5699e-05 1.46878e-06 3.56337e-08 5.09731e-10 4.29939e-12 2.13833e-14 6.27068e-17
 1.4994e-11 1.62745e-09 1.04157e-07 3.93056e-06 8.746e-05 0.00114753 0.00887893 0.0405356 0.109494 0.177423 0.183929 0.152146 0.133695 0.108091 0.0598202 0.0201897 0.00404538 0.000478578 3.33922e-05 1.37387e-06 3.33311e-08 4.76792e-10 4.02157e-12 2.00015e-14 5.86547e-17
 1.56068e-11 1.69397e-09 1.08414e-07 4.0912e-06 9.10345e-05 0.00119442 0.00924162 0.0421878 0.113907 0.184172 0.18905 0.151615 0.127952 0.101537 0.0559316 0.0188591 0.00377804 0.000446934 3.11841e-05 1.28302e-06 3.1127e-08 4.45263e-10 3.75563e-12 1.86789e-14 5.4776e-17
 1.65114e-11 1.79216e-09 1.14698e-07 4.32834e-06 9.6311e-05 0.00126365 0.00977701 0.0446267 0.120421 0.194135 0.196608 0.150831 0.119475 0.0918627 0.0501913 0.0168949 0.00338341 0.000400224 2.79246e-05 1.14891e-06 2.78733e-08 3.98721e-10 3.36306e-12 1.67264e-14 4.90504e-17
 1.6907e-11 1.8351e-09 1.17446e-07 4.43204e-06 9.86186e-05 0.00129392 0.0100112 0.0456933 0.12327 0.198493 0.199913 0.150488 0.115768 0.0876317 0.0476809 0.0160359 0.00321082 0.000379795 2.64991e-05 1.09026e-06 2.64504e-08 3.78366e-10 3.19138e-12 1.58725e-14 4.65464e-17
 1.76614e-11 1.91697e-09 1.22686e-07 4.62979e-06 0.000103019 0.00135165 0.0104576 0.0477271 0.128702 0.206801 0.206216 0.149834 0.108699 0.0795641 0.0428941 0.0143979 0.00288174 0.000340844 2.3781e-05 9.78426e-07 2.37373e-08 3.39555e-10 2.86402e-12 1.42444e-14 4.17718e-17
 1.84252e-11 1.99988e-09 1.27992e-07 4.83003e-06 0.000107474 0.0014101 0.0109097 0.0497865 0.134203 0.215214 0.212599 0.149171 0.101541 0.0713949 0.038047 0.0127393 0.00254851 0.000301401 2.10287e-05 8.65182e-07 2.09899e-08 3.00254e-10 2.53253e-12 1.25957e-14 3.69371e-17
 1.79433e-11 1.94757e-09 1.24644e-07 4.70369e-06 0.000104663 0.00137322 0.0106245 0.0484871 0.130732 0.209906 0.208572 0.149589 0.106057 0.0765493 0.0411053 0.0137858 0.00275877 0.000326288 2.27653e-05 9.36634e-07 2.27233e-08 3.25051e-10 2.74168e-12 1.3636e-14 3.99876e-17
 1.80217e-11 1.95608e-09 1.25189e-07 4.72423e-06 0.00010512 0.00137922 0.0106708 0.0486984 0.131297 0.210769 0.209227 0.149521 0.105323 0.0757111 0.040608 0.0136156 0.00272458 0.000322241 2.24829e-05 9.25015e-07 2.24415e-08 3.21019e-10 2.70768e-12 1.34668e-14 3.94915e-17
 1.7272e-11 1.87471e-09 1.19981e-07 4.52773e-06 0.000100748 0.00132185 0.0102272 0.0466774 0.125899 0.202513 0.202963 0.150171 0.112347 0.083728 0.0453647 0.0152433 0.00305159 0.000360948 2.51839e-05 1.03615e-06 2.51376e-08 3.59586e-10 3.03298e-12 1.50847e-14 4.42361e-17
#obs catch len freq
 3.20357e-11 2.96896e-09 1.62241e-07 5.22764e-06 9.93211e-05 0.00111273 0.00735294 0.0286975 0.0666311 0.0955053 0.099072 0.106278 0.128486 0.137693 0.125845 0.0984382 0.0608355 0.0287798 0.0108471 0.00333593 0.000813077 0.000149609 1.98831e-05 1.8385e-06 1.14624e-07
 4.44751e-11 3.97544e-09 2.09527e-07 6.51151e-06 0.000119321 0.00128934 0.00821779 0.0309414 0.069376 0.0964958 0.0988498 0.106948 0.12922 0.137946 0.12606 0.0973016 0.0582243 0.0262827 0.00932624 0.00267286 0.000605027 0.000103445 1.27684e-05 1.09314e-06 6.28315e-08
 2.5136e-11 2.16328e-09 1.09779e-07 3.28485e-06 5.79585e-05 0.000603121 0.00370514 0.0135077 0.0300191 0.0459086 0.0668066 0.109524 0.156224 0.174064 0.1618 0.123496 0.0709448 0.0301293 0.00993305 0.00262881 0.000547692 8.59672e-05 9.73268e-06 7.64721e-07 4.03661e-08
 1.89119e-18 8.31335e-16 2.15479e-13 3.29326e-11 2.96789e-09 1.57726e-07 4.94414e-06 9.14806e-05 0.00100144 0.00653311 0.0259596 0.0666435 0.12435 0.188498 0.225483 0.191041 0.109393 0.043849 0.0132687 0.0031864 0.000601419 8.56055e-05 8.7974e-06 6.28062e-07 3.01595e-08
 1.34924e-10 1.07135e-08 5.01609e-07 1.3848e-05 0.000225428 0.00216415 0.0122609 0.0411426 0.083324 0.111244 0.129022 0.165881 0.185941 0.142421 0.0742688 0.031302 0.013117 0.00533524 0.0017921 0.000450565 8.20283e-05 1.0719e-05 9.93087e-07 6.37364e-08 2.75658e-09
 2.79297e-10 2.12552e-08 9.53789e-07 2.52363e-05 0.000393724 0.00362217 0.0196546 0.0629844 0.120008 0.140724 0.118171 0.103077 0.109662 0.114115 0.101169 0.0670688 0.0294704 0.008168 0.00146722 0.000193756 2.27946e-05 2.46233e-06 2.08852e-07 1.23418e-08 4.84794e-10
 4.85866e-10 3.539e-08 1.51996e-06 3.84921e-05 0.000574782 0.00506115 0.026286 0.0806379 0.14719 0.165885 0.135051 0.113035 0.107156 0.0913144 0.0658177 0.0387684 0.0168512 0.00508739 0.00106829 0.00015824 1.65128e-05 1.22057e-06 6.65169e-08 2.79503e-09 8.90054e-11
 5.7344e-10 3.99268e-08 1.63918e-06 3.96807e-05 0.000566406 0.00476776 0.0236787 0.0695661 0.122554 0.138228 0.126221 0.128906 0.132488 0.111593 0.0770406 0.0423641 0.0166711 0.0044058 0.000794242 0.000103888 1.03081e-05 7.61798e-07 3.97773e-08 1.41031e-09 3.35266e-11
 8.72047e-10 5.79705e-08 2.27228e-06 5.25176e-05 0.000715721 0.00575199 0.027273 0.0764813 0.128468 0.137488 0.117862 0.114861 0.120488 0.111421 0.0854391 0.0490715 0.01898 0.00475616 0.000789344 9.16848e-05 7.83192e-06 4.97373e-07 2.29811e-08 7.49071e-10 1.66859e-11
 1.42527e-09 9.03586e-08 3.37776e-06 7.44519e-05 0.000967654 0.00741658 0.0335387 0.0897193 0.143905 0.147672 0.122591 0.115405 0.114235 0.0980229 0.0698957 0.0380216 0.0142684 0.00357164 0.000610457 7.38902e-05 6.40097e-06 3.9003e-07 1.63847e-08 4.69567e-10 9.11461e-12
 1.8964e-09 1.14538e-07 4.07904e-06 8.56555e-05 0.00106061 0.007745 0.0333802 0.0852484 0.131633 0.134837 0.121967 0.126896 0.127314 0.106144 0.0720354 0.0363696 0.012256 0.00262587 0.000361414 3.37705e-05 2.31158e-06 1.20877e-07 4.70578e-09 1.28802e-10 2.36645e-12
 2.78963e-09 1.60358e-07 5.43526e-06 0.000108628 0.00128017 0.00889749 0.0365022 0.0887848 0.130917 0.129503 0.11619 0.122083 0.125749 0.110005 0.0768367 0.0381565 0.0122246 0.00243021 0.000300849 2.3993e-05 1.30387e-06 5.10662e-08 1.47777e-09 3.12739e-11 4.71984e-13
 4.94408e-09 2.70243e-07 8.70988e-06 0.000165523 0.00185485 0.0122582 0.047813 0.110505 0.154369 0.142823 0.116662 0.112174 0.109303 0.0916734 0.0611299 0.028754 0.00868307 0.00162137 0.000187596 1.38449e-05 6.83359e-07 2.36043e-08 5.79963e-10 9.99462e-12 1.1839e-13
 6.48848e-09 3.36956e-07 1.03179e-05 0.000186295 0.00198347 0.012456 0.0461998 0.101898 0.138186 0.132588 0.125252 0.132138 0.123852 0.0946042 0.0573731 0.0249066 0.00700569 0.00122042 0.000131172 8.90669e-06 3.99095e-07 1.23712e-08 2.7145e-10 4.16843e-12 4.36711e-14
 7.89049e-09 3.8901e-07 1.13085e-05 0.000193841 0.00195935 0.0116837 0.0411823 0.0866685 0.11428 0.113771 0.120649 0.139122 0.140278 0.115912 0.0730468 0.0312758 0.00842481 0.00138934 0.000140818 9.00154e-06 3.78642e-07 1.09478e-08 2.21802e-10 3.10907e-12 2.9426e-14
 1.32231e-08 6.18468e-07 1.70565e-05 0.000277368 0.00265979 0.015046 0.0503003 0.100295 0.124676 0.115281 0.113353 0.127395 0.131609 0.111796 0.0699088 0.0287839 0.00734526 0.00114112 0.000108741 6.5283e-06 2.57551e-07 6.96914e-09 1.31786e-10 1.71915e-12 1.5088e-14
 2.15151e-08 9.54099e-07 2.49478e-05 0.00038465 0.00349731 0.0187597 0.0594961 0.112787 0.13458 0.122855 0.120945 0.129522 0.122199 0.0941319 0.0541501 0.0208246 0.00502136 0.000746501 6.9347e-05 4.16285e-06 1.68163e-07 4.68409e-09 8.93963e-11 1.14116e-12 9.54767e-15
 3.3753e-08 1.41843e-06 3.51473e-05 0.000513539 0.00442481 0.0224941 0.0676336 0.121743 0.138877 0.123641 0.120594 0.126684 0.11674 0.0871527 0.0477762 0.0172545 0.00386207 0.000525396 4.36752e-05 2.27379e-06 7.73716e-08 1.80949e-09 3.00097e-11 3.50803e-13 2.80593e-15
 4.8885e-08 1.94597e-06 4.56757e-05 0.000632172 0.00515994 0.0248541 0.0708784 0.1216 0.134976 0.123462 0.126353 0.131669 0.116481 0.0826671 0.0429148 0.0147017 0.00314864 0.000417367 3.48596e-05 1.89896e-06 6.98193e-08 1.75378e-09 2.96461e-11 3.29229e-13 2.36669e-15
 6.87413e-08 2.5912e-06 5.75938e-05 0.000754842 0.00583467 0.0266212 0.0719972 0.117795 0.127569 0.120087 0.12857 0.135879 0.120815 0.0848137 0.0423912 0.0137099 0.00273998 0.000335688 2.56356e-05 1.26486e-06 4.21852e-08 9.8174e-10 1.59299e-11 1.75788e-13 1.28337e-15
 1.05026e-07 3.74803e-06 7.88679e-05 0.000978603 0.00716154 0.03094 0.0792873 0.123295 0.128442 0.11932 0.127131 0.133047 0.11719 0.0803578 0.0384671 0.0117897 0.00222964 0.00025972 1.9034e-05 9.10492e-07 2.95249e-08 6.6036e-10 1.0081e-11 1.02752e-13 6.87796e-16
 1.50657e-07 5.08925e-06 0.000101371 0.00119066 0.00824881 0.0337507 0.0820666 0.122139 0.125742 0.121888 0.133435 0.136365 0.114968 0.0747408 0.0337089 0.00971407 0.00172974 0.000190543 1.33021e-05 6.1157e-07 1.91896e-08 4.158e-10 6.12953e-12 6.00468e-14 3.84115e-16
 2.48248e-07 7.93747e-06 0.000149648 0.0016637 0.0109095 0.0422473 0.0971995 0.136678 0.132217 0.119771 0.124898 0.125371 0.104774 0.0663519 0.0285522 0.00776454 0.00130015 0.000134733 8.8706e-06 3.85886e-07 1.14852e-08 2.36264e-10 3.3073e-12 3.07847e-14 1.87264e-16
 3.44512e-07 1.04263e-05 0.00018606 0.00195797 0.0121549 0.0445952 0.0975469 0.132442 0.130315 0.127892 0.13664 0.129365 0.0991361 0.0577438 0.0230947 0.00588863 0.000932133 9.22645e-05 5.87768e-06 2.50184e-07 7.29949e-09 1.45812e-10 1.95484e-12 1.72359e-14 9.86863e-17
 5.01284e-07 1.43603e-05 0.000242573 0.00241633 0.0142001 0.0493334 0.102317 0.132453 0.126567 0.123881 0.133365 0.128793 0.100445 0.0577379 0.0220906 0.00529016 0.000777711 7.07603e-05 4.09757e-06 1.57268e-07 4.14743e-09 7.59661e-11 9.51215e-13 7.94377e-15 4.33579e-17
 7.39169e-07 2.00455e-05 0.000320547 0.00302282 0.0168193 0.0553557 0.109037 0.13548 0.128115 0.127071 0.134635 0.124785 0.0924674 0.0501515 0.0180412 0.00406295 0.000563464 4.86348e-05 2.68933e-06 9.88589e-08 2.48111e-09 4.258e-11 4.90965e-13 3.73091e-15 1.84578e-17
 9.6512e-07 2.47801e-05 0.000375171 0.00334989 0.0176537 0.0551053 0.103589 0.125984 0.124514 0.1334 0.14377 0.130393 0.0931845 0.0481865 0.0164388 0.00352022 0.000469029 3.95845e-05 2.18615e-06 8.14477e-08 2.06718e-09 3.52695e-11 3.96061e-13 2.88191e-15 1.34741e-17
 1.127e-06 2.73999e-05 0.000392816 0.00332164 0.016586 0.0491717 0.0887237 0.107855 0.116155 0.138295 0.156569 0.145764 0.10437 0.0522222 0.0167849 0.00332538 0.00040274 3.0224e-05 1.44982e-06 4.63682e-08 1.02446e-09 1.57681e-11 1.65935e-13 1.16139e-15 5.28157e-18
#spawning biomass
 17569 21700.9 18534.1 21034.3 32049.5 42688.7 56631.5 82299.2 107380 132627 163902 172899 227997 263210 249269 214682 214084 224170 204627 240099 218585 198076 240348 236506 221961 228519 249374 196207 155405 436159 700513 967978 1.21796e+06 1.44001e+06 1.63073e+06 1.79095e+06 1.92365e+06 2.03263e+06 2.1218e+06 2.19474e+06 2.25461e+06 2.30403e+06 2.34146e+06 2.35479e+06 2.36771e+06 2.38023e+06 2.39236e+06 2.40412e+06 2.41552e+06 2.42657e+06 2.43728e+06 2.44765e+06 2.45771e+06 2.46746e+06 2.47691e+06 2.48606e+06 2.49494e+06 2.50354e+06 2.51187e+06 2.51995e+06 2.52778e+06 2.53537e+06 2.54273e+06 2.54985e+06 2.55676e+06 2.56346e+06 2.56995e+06 2.57624e+06 2.58233e+06 2.58824e+06 2.59397e+06 2.59952e+06 2.6049e+06 2.61011e+06 2.61516e+06 2.62006e+06 2.6248e+06 2.6294e+06 2.63386e+06 2.63818e+06 2.64237e+06 2.64643e+06 2.65036e+06 2.65417e+06 2.65787e+06 2.66145e+06 2.66492e+06 2.66828e+06 2.67154e+06 2.6747e+06 2.67776e+06 2.68073e+06 2.68361e+06 2.68639e+06 2.6891e+06 2.69171e+06 2.69425e+06 2.69671e+06 2.6991e+06 2.70141e+06 2.70365e+06 2.70582e+06 2.70792e+06 2.70996e+06 2.71193e+06 2.71385e+06 2.7157e+06 2.7175e+06 2.71925e+06 2.72094e+06 2.72257e+06 2.72416e+06 2.7257e+06 2.72719e+06 2.72864e+06 2.73004e+06 2.73139e+06 2.73271e+06 2.73398e+06 2.73522e+06 2.73642e+06 2.73758e+06 2.7387e+06 2.73979e+06 2.74085e+06 2.74187e+06 2.74287e+06 2.74383e+06 0 0 0 0 0 0 0 0 0 0 0 0 0 0 0 0 0 0 0 0 0 0 0 0 0
