SBPRF35
0.256306
Curr Bio
120114
B35
193851
F35
0.469985
FOFL
0.246701
OFL
25191.3
Bzero
73230.3
#pred survey bio
 41749.9 45853.1 46648 45465.6 53264 54483.3 54965.7 59492.8 70469.4 79408.8 92141.9 102646 111462 121580 131029 127438 119317 133168 141881 126514 139686 151395 170808 192606 209935 194429 186399 205873 6.71589e+06 4.15342e+06 3.02211e+06 2.06766e+06 1.46771e+06 1.13282e+06 955647 863435 815018 788926 774346 765868 760750 757559 755518 754185 753311 752731 752344 752085 751910 751793 751713 751660 751624 751599 751582 751571 751564 751559 751555 751553 751551 751550 751549 751549 751549 751548 751548 751548 751548 751548 751548 751548 751548 751548 751548 751548 751548 751548 751548 751548 751548 751548 751548 751548 751548 751548 751548 751548 751548 751548 751548 751548 751548 751548 751548 751548 751548 751548 751548 751548 751548 751548 751548 751548 751548 751548 751548 751548 751548 751548 751548 751548 751548 751548 751548 751548 751548 751548 751548 751548 751548 751548 751548 751548 751548 751548 751548 751548 0 0 0 0 0 0 0 0 0 0 0 0 0 0 0 0 0 0 0 0 0 0 0 0 0
#obs survey bio
 35650.7 36314.9 45331.6 54545.2 69290.4 61945.9 61350.4 58903.7 60001.6 57781.2 96064.6 133154 110902 162720 183726 114452 116407 130529 141224 162815 149263 165052 252178 182855 231854 164312 163823 192334
#pred catch bio
 20699.8 25722.9 27620 23445.1 29526.8 31512.6 31377 32904.2 40450.7 43947.8 51265.3 56933.1 60162.6 67249.7 74638.8 75067.2 63696.5 72883 87808.9 68397.8 76368.7 81312.4 91385.4 101657 118996 109231 92771.7 120307 25191.3 58661.1 41169.2 26479.6 17696.1 13095.5 10860.2 9823.31 9356.51 9150.48 9060.75 9022.03 9005.41 8998.32 8995.3 8994.01 8993.47 8993.24 8993.14 8993.1 8993.08 8993.08 8993.07 8993.07 8993.07 8993.07 8993.07 8993.07 8993.07 8993.07 8993.07 8993.07 8993.07 8993.07 8993.07 8993.07 8993.07 8993.07 8993.07 8993.07 8993.07 8993.07 8993.07 8993.07 8993.07 8993.07 8993.07 8993.07 8993.07 8993.07 8993.07 8993.07 8993.07 8993.07 8993.07 8993.07 8993.07 8993.07 8993.07 8993.07 8993.07 8993.07 8993.07 8993.07 8993.07 8993.07 8993.07 8993.07 8993.07 8993.07 8993.07 8993.07 8993.07 8993.07 8993.07 8993.07 8993.07 8993.07 8993.07 8993.07 8993.07 8993.07 8993.07 8993.07 8993.07 8993.07 8993.07 8993.07 8993.07 8993.07 8993.07 8993.07 8993.07 8993.07 8993.07 8993.07 8993.07 8993.07 8993.07 8993.07 0 0 0 0 0 0 0 0 0 0 0 0 0 0 0 0 0 0 0 0 0 0 0 0 0
#obs catch bio
 18400.3 25745.2 26663.8 22241.3 28040.2 28346.5 29410 32981.9 42952.7 46256.1 53093.8 53949.2 58958.7 64495.4 71392.9 73086.9 65617.9 71858.8 90973.3 67544.5 76652.5 79288.7 88439.4 104354 118790 106989 94124.5 121275
#pred cpue bio
 32074.9 32267 32698.1 31389.9 37256.5 38510.3 37984.3 40561.5 47472.7 53427.5 62655.1 70504.9 77282.2 85283.7 90872.9 90489.4 83726.4 92924.2 99501 87477.4 97508 105563 118469 134015 148945 140524 133098 148770 4.72556e+06 3.97695e+06 2.9183e+06 1.96503e+06 1.36509e+06 1.0302e+06 853031 760819 712402 686311 671730 663253 658134 654944 652902 651570 650695 650115 649728 649469 649294 649177 649098 649044 649008 648983 648967 648956 648948 648943 648939 648937 648936 648934 648934 648933 648933 648933 648933 648932 648932 648932 648932 648932 648932 648932 648932 648932 648932 648932 648932 648932 648932 648932 648932 648932 648932 648932 648932 648932 648932 648932 648932 648932 648932 648932 648932 648932 648932 648932 648932 648932 648932 648932 648932 648932 648932 648932 648932 648932 648932 648932 648932 648932 648932 648932 648932 648932 648932 648932 648932 648932 648932 648932 648932 648932 648932 648932 648932 648932 0 0 0 0 0 0 0 0 0 0 0 0 0 0 0 0 0 0 0 0 0 0 0 0 0
#obs cpue bio
 23278.6 48205.2 41784.8 31423.7 36375.5 58138.6 38597.1 34634.8 40697.8 59251.1 55352.9 85757.3 70975.1 84740 77378.4 106739 63505.4 114788 86025.1 71298.9 89183.2 112093 95718.9 103637 160542 181700 120380 175338
#pred surv len freq
 3.97877e-11 1.87142e-09 6.0951e-08 1.3746e-06 2.14663e-05 0.000232128 0.00173815 0.00901271 0.0323661 0.0805457 0.139213 0.168582 0.147837 0.104473 0.0738026 0.058658 0.0466361 0.0348058 0.0257898 0.0198154 0.0159475 0.0135412 0.0116675 0.00924422 0.00606936
 4.24301e-11 1.99571e-09 6.4999e-08 1.46589e-06 2.2892e-05 0.000247544 0.00185359 0.00961136 0.0345169 0.0859075 0.148543 0.180178 0.158941 0.114173 0.0823943 0.06464 0.047191 0.0292587 0.0164658 0.00951307 0.00599214 0.00411804 0.0029974 0.00212396 0.00130915
 4.16439e-11 1.95873e-09 6.37945e-08 1.43872e-06 2.24678e-05 0.000242957 0.00181925 0.00943339 0.0338791 0.0843339 0.145917 0.177435 0.157949 0.116492 0.0878336 0.0709879 0.0518421 0.031118 0.0160085 0.00769905 0.00362608 0.00172772 0.000884729 0.000487527 0.000259552
 4.24325e-11 1.99582e-09 6.50026e-08 1.46597e-06 2.28932e-05 0.000247558 0.0018537 0.00961196 0.0345197 0.0859218 0.148618 0.1805 0.159975 0.116503 0.0860317 0.0685153 0.0498458 0.0299758 0.0154248 0.00727895 0.00318652 0.00126672 0.000466258 0.000169398 6.31452e-05
 4.17703e-11 1.96467e-09 6.39882e-08 1.44309e-06 2.2536e-05 0.000243695 0.00182477 0.009462 0.0339816 0.0845863 0.146335 0.177857 0.158052 0.116013 0.0868862 0.0701526 0.0517421 0.0318042 0.0169284 0.00827826 0.00369713 0.00145137 0.000493842 0.000147051 3.91869e-05
 4.10917e-11 1.93275e-09 6.29486e-08 1.41965e-06 2.21698e-05 0.000239736 0.00179513 0.00930834 0.0334304 0.0832209 0.144018 0.175254 0.156422 0.11626 0.088831 0.0726865 0.05372 0.0328529 0.0173594 0.00848108 0.00383351 0.00153754 0.000531944 0.000156255 3.84162e-05
 4.24672e-11 1.99745e-09 6.50557e-08 1.46717e-06 2.29119e-05 0.00024776 0.00185521 0.00961981 0.0345478 0.08599 0.148725 0.180579 0.159882 0.116101 0.0853638 0.0678938 0.0496362 0.0302565 0.0159546 0.00776741 0.00349425 0.00139727 0.000484608 0.000143445 3.54134e-05
 4.31424e-11 2.02921e-09 6.60902e-08 1.4905e-06 2.32763e-05 0.0002517 0.00188471 0.00977273 0.0350965 0.0873513 0.151049 0.183256 0.161781 0.116465 0.0842984 0.0660709 0.0477048 0.0285634 0.0146583 0.0069331 0.00305762 0.00121011 0.000417394 0.00012318 3.03927e-05
 4.3789e-11 2.05963e-09 6.70807e-08 1.51284e-06 2.36251e-05 0.000255472 0.00191296 0.00991915 0.0356218 0.0886532 0.153262 0.185765 0.163427 0.116433 0.0827357 0.0638898 0.045833 0.0273486 0.0139603 0.00653191 0.00282997 0.0010944 0.000368566 0.000106691 2.59993e-05
 4.37504e-11 2.05781e-09 6.70216e-08 1.5115e-06 2.36043e-05 0.000255247 0.00191127 0.00991042 0.0355906 0.0885774 0.153143 0.185678 0.163532 0.116883 0.0834779 0.0645667 0.0460358 0.0270133 0.0133914 0.00605421 0.00255269 0.000968551 0.000320521 9.09592e-05 2.16973e-05
 4.31991e-11 2.03188e-09 6.61769e-08 1.49245e-06 2.33068e-05 0.00025203 0.00188718 0.00978556 0.0351426 0.0874666 0.151251 0.183518 0.162064 0.116771 0.0846231 0.0663088 0.0477057 0.0282887 0.0142229 0.006499 0.00273128 0.00101729 0.000327717 9.05005e-05 2.1082e-05
 4.2664e-11 2.00671e-09 6.53572e-08 1.47397e-06 2.30181e-05 0.000248909 0.00186381 0.00966439 0.0347079 0.0863888 0.149416 0.181425 0.160649 0.11668 0.085749 0.0679834 0.0492584 0.0294344 0.0149798 0.00695463 0.00296885 0.00111929 0.000362513 9.96232e-05 2.28587e-05
 4.21676e-11 1.98336e-09 6.45969e-08 1.45682e-06 2.27504e-05 0.000246013 0.00184213 0.009552 0.0343046 0.0853887 0.147711 0.179473 0.159301 0.116519 0.0866843 0.0694451 0.0506832 0.0305637 0.0157797 0.0074569 0.0032375 0.0012399 0.000407826 0.000113628 2.63115e-05
 4.15552e-11 1.95456e-09 6.36587e-08 1.43566e-06 2.24199e-05 0.00024244 0.00181538 0.0094133 0.033807 0.0841541 0.145604 0.177048 0.157588 0.116207 0.0876732 0.0711078 0.0524142 0.0320566 0.0169209 0.00820708 0.0036469 0.00142499 0.000477744 0.000135567 3.19167e-05
 4.22814e-11 1.98871e-09 6.47711e-08 1.46075e-06 2.28117e-05 0.000246676 0.0018471 0.00957773 0.0343968 0.0856154 0.148085 0.179844 0.159361 0.116005 0.0856621 0.0683997 0.0501693 0.0307233 0.0163144 0.00800029 0.00361273 0.00144149 0.000494956 0.000143819 3.4595e-05
 4.06992e-11 1.9143e-09 6.23474e-08 1.40609e-06 2.19581e-05 0.000237446 0.00177799 0.00921949 0.0331118 0.0824328 0.142688 0.173796 0.155636 0.116747 0.0904624 0.0745987 0.0549832 0.0331953 0.0171496 0.00817348 0.00363271 0.00144787 0.000501923 0.000148241 3.63805e-05
 4.15359e-11 1.95365e-09 6.36291e-08 1.43499e-06 2.24095e-05 0.000242327 0.00181453 0.00940892 0.0337912 0.0841151 0.145538 0.176972 0.157535 0.116202 0.0877114 0.071168 0.052473 0.0320995 0.016943 0.00821398 0.00365096 0.00143317 0.000487343 0.000142126 3.48199e-05
 4.19696e-11 1.97405e-09 6.42935e-08 1.44998e-06 2.26435e-05 0.000244857 0.00183348 0.00950712 0.0341434 0.0849867 0.147011 0.178602 0.158465 0.115794 0.0860919 0.0691885 0.0510512 0.0315434 0.0169721 0.00843491 0.00384257 0.00153999 0.00053044 0.000154953 3.76816e-05
 4.15894e-11 1.95617e-09 6.37111e-08 1.43684e-06 2.24384e-05 0.00024264 0.00181687 0.00942105 0.0338348 0.084223 0.145721 0.17718 0.157671 0.116194 0.0875586 0.0709229 0.0522036 0.0318797 0.016844 0.00824972 0.00375453 0.00152407 0.000535834 0.00015988 3.95248e-05
 4.22642e-11 1.9879e-09 6.47447e-08 1.46015e-06 2.28024e-05 0.000246576 0.00184635 0.00957386 0.0343832 0.0855845 0.148052 0.179896 0.159703 0.116856 0.0869334 0.0694907 0.0503818 0.0299647 0.0151542 0.00704762 0.0030733 0.00121282 0.000420162 0.000125154 3.12186e-05
 4.18354e-11 1.96774e-09 6.4088e-08 1.44534e-06 2.25711e-05 0.000244075 0.00182762 0.00947676 0.0340346 0.0847184 0.146564 0.178141 0.158317 0.11623 0.0870517 0.070219 0.0516332 0.0315188 0.0165706 0.00797098 0.00349813 0.00134966 0.000450394 0.000129379 3.14631e-05
 4.19455e-11 1.97291e-09 6.42566e-08 1.44914e-06 2.26305e-05 0.000244717 0.00183242 0.00950167 0.0341239 0.0849394 0.146937 0.17855 0.158537 0.11609 0.0865782 0.0696337 0.0511894 0.0313304 0.0166016 0.00811667 0.00365107 0.00144839 0.000493269 0.00014209 3.40185e-05
 4.22852e-11 1.98889e-09 6.4777e-08 1.46088e-06 2.28138e-05 0.000246699 0.00184727 0.0095786 0.0343999 0.0856231 0.148098 0.179855 0.15936 0.115979 0.085614 0.0683497 0.0501415 0.0307253 0.0163364 0.0080289 0.00363925 0.00146131 0.000506679 0.000149118 3.63956e-05
 4.20674e-11 1.97865e-09 6.44433e-08 1.45336e-06 2.26963e-05 0.000245428 0.00183775 0.00952928 0.034223 0.0851851 0.147356 0.179029 0.158868 0.116128 0.0863421 0.0692565 0.0508051 0.0310123 0.0163813 0.00800235 0.00361954 0.00145699 0.000508481 0.0001512 3.74172e-05
 4.08966e-11 1.92358e-09 6.26498e-08 1.41291e-06 2.20646e-05 0.000238598 0.00178661 0.00926417 0.0332719 0.0828274 0.143345 0.174471 0.155841 0.116083 0.0890382 0.0731361 0.0542822 0.0334249 0.0178326 0.0087845 0.00398458 0.00160109 0.000557296 0.000165671 4.11413e-05
 3.96861e-11 1.86665e-09 6.07955e-08 1.37109e-06 2.14115e-05 0.000231536 0.00173373 0.00899007 0.0322886 0.0803904 0.139201 0.169778 0.152777 0.116181 0.092029 0.0773012 0.0578627 0.0357399 0.0191183 0.00945686 0.00431453 0.0017448 0.000610428 0.000181906 4.51858e-05
 4.06454e-11 1.91177e-09 6.2265e-08 1.40423e-06 2.19291e-05 0.000237132 0.00177563 0.00920726 0.0330675 0.0823186 0.142464 0.1734 0.15489 0.115409 0.08865 0.0731427 0.0548649 0.0345183 0.0190422 0.00971707 0.00452532 0.00185062 0.000652163 0.000195544 4.88317e-05
 3.99705e-11 1.88002e-09 6.12311e-08 1.38091e-06 2.1565e-05 0.000233195 0.00174615 0.00905442 0.0325191 0.080958 0.140141 0.170722 0.152981 0.115017 0.0896564 0.0748654 0.0566627 0.036097 0.0203208 0.010651 0.00511165 0.00215706 0.000782492 0.00023989 6.079e-05
#obs surv len freq
 4.11244e-11 1.9343e-09 6.29987e-08 1.42078e-06 2.21875e-05 0.000239927 0.00179656 0.00931574 0.033457 0.0832854 0.14412 0.175335 0.156356 0.115927 0.088269 0.0721595 0.0535309 0.0330565 0.017747 0.00882786 0.00405961 0.00166455 0.000596827 0.00018473 4.82394e-05
 4.2196e-11 1.98469e-09 6.46402e-08 1.4578e-06 2.27656e-05 0.000246178 0.00184337 0.00955838 0.0343275 0.0854428 0.147788 0.17949 0.159071 0.115849 0.0856369 0.0684943 0.0503868 0.0310296 0.0166182 0.00822199 0.00374064 0.0015068 0.000526898 0.000158212 4.0023e-05
 4.16813e-11 1.96049e-09 6.38518e-08 1.44002e-06 2.2488e-05 0.000243176 0.00182089 0.00944187 0.0339097 0.0844101 0.14605 0.177607 0.158135 0.116698 0.08808 0.0712563 0.0520834 0.0312886 0.0160653 0.00759492 0.00334571 0.00132203 0.000455331 0.000134357 3.3252e-05
 4.22863e-11 1.98894e-09 6.47786e-08 1.46092e-06 2.28144e-05 0.000246705 0.00184731 0.00957885 0.034401 0.0856266 0.148111 0.179903 0.159506 0.116298 0.0860881 0.0687894 0.0503084 0.0305475 0.0159438 0.00761069 0.00332057 0.00127566 0.00042375 0.00012096 2.9172e-05
 4.05827e-11 1.90882e-09 6.21689e-08 1.40207e-06 2.18953e-05 0.000236767 0.0017729 0.00919311 0.0330174 0.0821989 0.142293 0.173364 0.155404 0.116898 0.0909664 0.0752135 0.055438 0.033382 0.0171237 0.00804319 0.00348872 0.00134236 0.000445359 0.000125602 2.9596e-05
 4.37242e-11 2.05657e-09 6.69812e-08 1.5106e-06 2.35901e-05 0.000255094 0.00191012 0.00990443 0.0355689 0.0885197 0.153021 0.185423 0.16297 0.115797 0.0819748 0.0633603 0.0459549 0.0281272 0.014941 0.00726533 0.00320429 0.00123183 0.000405383 0.000113466 2.65733e-05
 4.22012e-11 1.98494e-09 6.46482e-08 1.45798e-06 2.27685e-05 0.000246209 0.0018436 0.00955961 0.0343323 0.0854594 0.147847 0.179705 0.159717 0.117242 0.0876435 0.0701796 0.0506596 0.0297569 0.014716 0.00665703 0.00283021 0.00108862 0.000364216 0.000103368 2.43183e-05
 4.29189e-11 2.0187e-09 6.57477e-08 1.48278e-06 2.31557e-05 0.000250396 0.00187495 0.00972212 0.0349151 0.0869018 0.150286 0.182404 0.161264 0.116595 0.0850351 0.0670581 0.0485475 0.0290636 0.0148134 0.00684677 0.00288061 0.00106327 0.000338366 9.26418e-05 2.1499e-05
 4.24068e-11 1.99461e-09 6.49631e-08 1.46508e-06 2.28794e-05 0.000247408 0.00185257 0.00960615 0.0344992 0.0858718 0.148541 0.180457 0.160093 0.11691 0.086689 0.0691273 0.0500675 0.0297421 0.0149702 0.0068601 0.00289678 0.00108216 0.00034679 9.40172e-05 2.12465e-05
 4.26743e-11 2.00719e-09 6.5373e-08 1.47433e-06 2.30237e-05 0.000248969 0.00186426 0.00966673 0.0347165 0.0864098 0.149453 0.181473 0.160702 0.116739 0.0858144 0.0680358 0.0492683 0.0293903 0.0148974 0.0068645 0.00289751 0.00107708 0.000343664 9.3138e-05 2.10802e-05
 4.07064e-11 1.91464e-09 6.23584e-08 1.40634e-06 2.1962e-05 0.000237488 0.0017783 0.00922112 0.0331178 0.0824471 0.142711 0.173814 0.155623 0.116683 0.0903725 0.0745704 0.0550954 0.0334057 0.0173055 0.00817438 0.00352179 0.00132783 0.000427479 0.000116342 2.63487e-05
 4.40848e-11 2.07354e-09 6.75338e-08 1.52306e-06 2.37847e-05 0.000257198 0.00192587 0.0099861 0.0358619 0.0892461 0.154257 0.18683 0.163911 0.115827 0.0811657 0.0621756 0.0448684 0.02735 0.014467 0.00702007 0.00310148 0.00119611 0.000393371 0.000109074 2.50508e-05
 3.95735e-11 1.86135e-09 6.06228e-08 1.3672e-06 2.13508e-05 0.000230879 0.00172881 0.00896459 0.0321977 0.080169 0.138853 0.169516 0.15306 0.117443 0.0941271 0.0792389 0.0584932 0.0348622 0.0175486 0.00809292 0.00348788 0.00135077 0.000453567 0.00012904 3.03652e-05
 4.24711e-11 1.99764e-09 6.50617e-08 1.46731e-06 2.29141e-05 0.000247783 0.00185538 0.00962067 0.0345508 0.0859949 0.148718 0.180499 0.159584 0.115427 0.0844013 0.0671468 0.0496641 0.0310613 0.0169579 0.00843589 0.00374924 0.00143389 0.000467696 0.000130308 3.05745e-05
 4.18765e-11 1.96967e-09 6.41508e-08 1.44676e-06 2.25933e-05 0.000244314 0.00182941 0.00948606 0.0340683 0.084803 0.146718 0.178364 0.158629 0.116681 0.0875886 0.0705567 0.0514563 0.0308681 0.0158526 0.00753032 0.00334885 0.00133281 0.000456196 0.000130958 3.08807e-05
 4.00804e-11 1.88519e-09 6.13993e-08 1.38471e-06 2.16242e-05 0.000233836 0.00175095 0.00907934 0.0326091 0.0811862 0.140565 0.171376 0.154001 0.116652 0.0918006 0.0766236 0.0569261 0.0346663 0.0180651 0.00860099 0.00374774 0.00144162 0.000480669 0.000137639 3.30855e-05
 4.06072e-11 1.90997e-09 6.22064e-08 1.40291e-06 2.19085e-05 0.000236909 0.00177397 0.00919862 0.0330367 0.0822426 0.142339 0.17328 0.154886 0.115619 0.0890604 0.0735884 0.0551431 0.0345441 0.0188681 0.0094533 0.00427537 0.00167608 0.000559867 0.000158371 3.74051e-05
 4.16593e-11 1.95945e-09 6.38181e-08 1.43926e-06 2.24761e-05 0.000243047 0.00181992 0.00943686 0.0338916 0.0843628 0.145955 0.177427 0.15777 0.116016 0.087139 0.0704775 0.0519711 0.0319159 0.017017 0.00840844 0.00383995 0.00155182 0.000538414 0.0001572 3.77904e-05
 4.10452e-11 1.93057e-09 6.28774e-08 1.41804e-06 2.21448e-05 0.000239465 0.0017931 0.00929783 0.0333929 0.0831283 0.143865 0.175101 0.156394 0.116461 0.0892382 0.0731084 0.053936 0.0327996 0.0171456 0.00825408 0.00367596 0.0014584 0.000502904 0.000148251 3.64347e-05
 4.10517e-11 1.93087e-09 6.28873e-08 1.41827e-06 2.21483e-05 0.000239502 0.00179338 0.00929927 0.0333981 0.0831406 0.143882 0.175103 0.156337 0.116301 0.0889976 0.0729177 0.0539378 0.0329942 0.0173865 0.00840688 0.00372298 0.00145321 0.000490033 0.000141445 3.43085e-05
 4.15331e-11 1.95352e-09 6.36248e-08 1.4349e-06 2.2408e-05 0.000242311 0.00181441 0.00940828 0.0337889 0.0841072 0.145512 0.176888 0.157289 0.115674 0.0869533 0.0705301 0.0523682 0.0325837 0.017675 0.00882278 0.00400319 0.00158573 0.000537748 0.000154622 3.70639e-05
 4.10523e-11 1.9309e-09 6.28882e-08 1.41829e-06 2.21486e-05 0.000239506 0.00179341 0.00929942 0.0333986 0.0831419 0.143886 0.175114 0.156364 0.116355 0.0890615 0.0729323 0.0538498 0.0328375 0.0172714 0.00840125 0.00379035 0.00152135 0.000527149 0.000154603 3.75229e-05
 4.21986e-11 1.98482e-09 6.46443e-08 1.45789e-06 2.27671e-05 0.000246194 0.00184348 0.00955898 0.0343296 0.085448 0.147796 0.179495 0.159061 0.115814 0.0855876 0.0684706 0.0504268 0.0311175 0.0166897 0.00823333 0.00370708 0.00146714 0.000501432 0.000146537 3.58426e-05
 3.99919e-11 1.88103e-09 6.12638e-08 1.38165e-06 2.15765e-05 0.000233319 0.00174709 0.0090593 0.0325372 0.0810077 0.14026 0.171022 0.153741 0.116574 0.0918809 0.0767666 0.0570583 0.0347928 0.0182337 0.00881416 0.00394487 0.00156931 0.000539485 0.000157594 3.83313e-05
 4.03657e-11 1.89861e-09 6.18364e-08 1.39457e-06 2.17782e-05 0.0002355 0.00176341 0.00914391 0.0328404 0.0817561 0.141511 0.172335 0.154248 0.115579 0.0895709 0.0743443 0.0558377 0.0350465 0.019191 0.00964721 0.00438622 0.00173721 0.000590831 0.000171392 4.16194e-05
 3.91621e-11 1.84199e-09 5.99926e-08 1.35298e-06 2.11288e-05 0.000228478 0.00171084 0.00887138 0.0318628 0.0793338 0.137397 0.1677 0.1513 0.11589 0.092838 0.0786862 0.0593238 0.0370268 0.020131 0.0101445 0.00469885 0.00191683 0.000670628 0.000197838 4.82419e-05
 4.06686e-11 1.91286e-09 6.23005e-08 1.40503e-06 2.19416e-05 0.000237267 0.00177665 0.00921248 0.033086 0.0823611 0.142514 0.173351 0.154498 0.114413 0.0871529 0.0718468 0.0545871 0.0353719 0.0203733 0.0108264 0.00517373 0.00214558 0.000762306 0.000229553 5.72973e-05
 3.80994e-11 1.79201e-09 5.83646e-08 1.31627e-06 2.05555e-05 0.000222279 0.00166442 0.00863075 0.0309996 0.0771949 0.133764 0.163597 0.148664 0.116089 0.0956042 0.0823943 0.0623186 0.0387611 0.0210138 0.0106838 0.00509025 0.00217208 0.000801346 0.000249122 6.36741e-05
#pred catch len freq
 3.23594e-11 1.52203e-09 4.95716e-08 1.11796e-06 1.74586e-05 0.000188791 0.00141366 0.00733051 0.0263298 0.0655708 0.113652 0.139146 0.126945 0.100364 0.0849275 0.0768753 0.0642403 0.0487166 0.0363389 0.0280089 0.0225681 0.0191689 0.0165176 0.0130871 0.00859242
 3.65361e-11 1.71848e-09 5.59699e-08 1.26226e-06 1.9712e-05 0.000213158 0.00159613 0.0082767 0.0297287 0.074039 0.128354 0.157256 0.143783 0.1141 0.0960761 0.0839162 0.063798 0.040067 0.0226825 0.0131568 0.00830432 0.00571093 0.00415744 0.00294604 0.00181586
 3.60119e-11 1.69383e-09 5.51669e-08 1.24415e-06 1.94292e-05 0.0002101 0.00157324 0.00815809 0.0293042 0.0729965 0.126648 0.155642 0.143825 0.117235 0.102168 0.0907267 0.0685657 0.0415983 0.0215051 0.0103793 0.00489938 0.00233677 0.001197 0.000659653 0.000351195
 3.61065e-11 1.69828e-09 5.53118e-08 1.24742e-06 1.94803e-05 0.000210652 0.00157737 0.00817951 0.0293811 0.0731876 0.126976 0.156028 0.14413 0.117384 0.102216 0.0908059 0.0687739 0.0418849 0.0216788 0.0102727 0.00450879 0.00179453 0.000660837 0.000240129 8.9515e-05
 3.57132e-11 1.67978e-09 5.47094e-08 1.23383e-06 1.92681e-05 0.000208358 0.00156019 0.00809044 0.0290613 0.0723924 0.125606 0.154394 0.142779 0.116633 0.102061 0.0912292 0.069833 0.0434296 0.0232413 0.0114072 0.00510567 0.00200628 0.000682906 0.000203375 5.41991e-05
 3.51718e-11 1.65431e-09 5.388e-08 1.21513e-06 1.8976e-05 0.000205199 0.00153654 0.00796785 0.0286215 0.0713035 0.123761 0.152331 0.141523 0.116926 0.103745 0.0933438 0.0713828 0.0441267 0.0234344 0.0114896 0.00520441 0.00208935 0.000723103 0.000212432 5.22298e-05
 3.67722e-11 1.72959e-09 5.63316e-08 1.27042e-06 1.98394e-05 0.000214536 0.00160645 0.00833025 0.0299216 0.0745254 0.129237 0.158528 0.145553 0.116751 0.0997248 0.0877807 0.0666375 0.0411019 0.0217883 0.0106455 0.00479918 0.00192092 0.000666454 0.000197295 4.87099e-05
 3.74199e-11 1.76005e-09 5.73238e-08 1.29279e-06 2.01889e-05 0.000218315 0.00163474 0.00847692 0.030448 0.0758319 0.131472 0.161123 0.147462 0.117293 0.0989834 0.0862678 0.0648224 0.0392989 0.020279 0.00962831 0.00425636 0.00168636 0.000581896 0.00017175 4.23786e-05
 3.84795e-11 1.80989e-09 5.8947e-08 1.3294e-06 2.07605e-05 0.000224496 0.00168103 0.00871686 0.0313088 0.0779653 0.135099 0.165233 0.150154 0.117231 0.0964059 0.0826745 0.06174 0.0373033 0.0191434 0.00898928 0.00390335 0.00151107 0.000509087 0.000147389 3.59184e-05
 3.82046e-11 1.79696e-09 5.85259e-08 1.3199e-06 2.06122e-05 0.000222892 0.00166902 0.00865463 0.0310857 0.0774145 0.134177 0.164257 0.149747 0.117891 0.0980081 0.0843989 0.0626849 0.0372517 0.0185679 0.00842705 0.00356222 0.00135324 0.000448034 0.000127166 3.03355e-05
 3.75363e-11 1.76553e-09 5.75021e-08 1.29682e-06 2.02517e-05 0.000218994 0.00163983 0.0085033 0.0305427 0.0760681 0.131883 0.161633 0.14795 0.117714 0.0993386 0.0864661 0.0647111 0.0388461 0.0196362 0.0090065 0.00379432 0.00141488 0.000456005 0.000125948 2.93411e-05
 3.68413e-11 1.73284e-09 5.64375e-08 1.27281e-06 1.98767e-05 0.000214939 0.00160947 0.00834592 0.0299781 0.074668 0.129498 0.158912 0.146103 0.117576 0.100773 0.0886166 0.0667224 0.0403507 0.0206457 0.0096215 0.00411716 0.00155397 0.000503514 0.000138393 3.17563e-05
 3.60472e-11 1.69549e-09 5.5221e-08 1.24537e-06 1.94483e-05 0.000210306 0.00157478 0.00816609 0.0293329 0.0730681 0.126772 0.155795 0.143967 0.117363 0.102333 0.0910104 0.0690143 0.042121 0.0218669 0.0103739 0.0045149 0.00173106 0.00056962 0.000158731 3.67573e-05
 3.54378e-11 1.66682e-09 5.42874e-08 1.22432e-06 1.91195e-05 0.000206751 0.00154816 0.00802808 0.0288376 0.0718389 0.124671 0.15336 0.142191 0.116897 0.103091 0.0924708 0.0706964 0.0437388 0.0232115 0.0113002 0.00503262 0.00196844 0.000660193 0.000187364 4.41135e-05
 3.65251e-11 1.71796e-09 5.5953e-08 1.26188e-06 1.97061e-05 0.000213094 0.00159565 0.00827427 0.0297207 0.0740271 0.128387 0.157549 0.144857 0.116616 0.100112 0.0884459 0.0673455 0.041729 0.0222761 0.0109628 0.00496095 0.00198128 0.000680535 0.000197766 4.75737e-05
 3.48356e-11 1.6385e-09 5.33648e-08 1.20351e-06 1.87946e-05 0.000203237 0.00152185 0.00789172 0.0283487 0.0706292 0.122628 0.151112 0.140947 0.117559 0.105455 0.0952458 0.0725101 0.0442238 0.0229575 0.01098 0.00489079 0.00195124 0.000676671 0.000199877 4.90547e-05
 3.51912e-11 1.65523e-09 5.39097e-08 1.2158e-06 1.89865e-05 0.000205312 0.00153739 0.00797224 0.0286373 0.0713425 0.123827 0.152404 0.141565 0.116912 0.103694 0.0933188 0.0714342 0.04422 0.0234711 0.0114233 0.00508937 0.00199995 0.000680344 0.000198439 4.86188e-05
 3.58733e-11 1.68731e-09 5.49545e-08 1.23936e-06 1.93544e-05 0.000209291 0.00156718 0.00812667 0.0291911 0.0727134 0.126146 0.154976 0.143059 0.116343 0.101252 0.0902979 0.0692223 0.0432903 0.0234221 0.0116839 0.00533419 0.00213983 0.000737307 0.00021541 5.23858e-05
 3.62815e-11 1.70651e-09 5.55799e-08 1.25347e-06 1.95747e-05 0.000211673 0.00158501 0.00821913 0.029523 0.0735375 0.127558 0.156627 0.144314 0.116795 0.100936 0.0894449 0.0680318 0.0419732 0.0222796 0.0109464 0.00499114 0.00202773 0.000713123 0.0002128 5.26091e-05
 3.6183e-11 1.70187e-09 5.5429e-08 1.25006e-06 1.95215e-05 0.000211098 0.00158071 0.00819685 0.0294434 0.0733436 0.127251 0.156389 0.14453 0.117833 0.102678 0.0910706 0.0685903 0.0412826 0.0209926 0.00980194 0.00428543 0.0016932 0.000586838 0.000174827 4.36113e-05
 3.57096e-11 1.67961e-09 5.47037e-08 1.2337e-06 1.92661e-05 0.000208336 0.00156003 0.00808962 0.0290584 0.0723864 0.125603 0.154423 0.142909 0.116943 0.102526 0.0916481 0.0699628 0.0432147 0.0228437 0.01103 0.00485167 0.00187385 0.000625568 0.000179724 4.37087e-05
 3.5732e-11 1.68066e-09 5.47381e-08 1.23448e-06 1.92782e-05 0.000208467 0.00156101 0.00809469 0.0290765 0.0724308 0.125675 0.154486 0.142887 0.116764 0.102196 0.09129 0.0697358 0.0432021 0.0230212 0.011299 0.00509431 0.00202301 0.000689225 0.000198562 4.75411e-05
 3.61287e-11 1.69932e-09 5.53458e-08 1.24819e-06 1.94922e-05 0.000210782 0.00157834 0.00818452 0.0293988 0.073229 0.127029 0.156008 0.143841 0.116619 0.101048 0.0897707 0.0685047 0.0425032 0.0227278 0.0112136 0.00509444 0.00204772 0.000710268 0.000209062 5.10285e-05
 3.57786e-11 1.68285e-09 5.48095e-08 1.23609e-06 1.93033e-05 0.000208739 0.00156304 0.00810525 0.0291144 0.0725249 0.125836 0.154677 0.143038 0.116831 0.102178 0.0911945 0.0695679 0.0429935 0.0228407 0.0112023 0.00507903 0.00204666 0.00071455 0.000212504 5.25903e-05
 3.4792e-11 1.63645e-09 5.32982e-08 1.20201e-06 1.87711e-05 0.000202983 0.00151995 0.00788184 0.0283129 0.0705378 0.122453 0.150822 0.140443 0.116696 0.104311 0.0943509 0.0724888 0.0451261 0.0242003 0.0119643 0.00543851 0.00218738 0.000761634 0.000226442 5.62352e-05
 3.32782e-11 1.56525e-09 5.09791e-08 1.14971e-06 1.79543e-05 0.000194152 0.00145382 0.00753905 0.0270831 0.0674899 0.117271 0.144952 0.136606 0.116805 0.108032 0.0995427 0.0769613 0.0480303 0.0258249 0.0128213 0.00586229 0.00237301 0.000830503 0.000247517 6.14865e-05
 3.36844e-11 1.58435e-09 5.16014e-08 1.16374e-06 1.81735e-05 0.000196522 0.00147157 0.007631 0.0274127 0.0683036 0.118633 0.146392 0.137197 0.11581 0.105633 0.0969655 0.0755551 0.0481214 0.0267062 0.0136835 0.00638729 0.00261469 0.000921757 0.000276413 6.90299e-05
 3.38705e-11 1.59311e-09 5.18864e-08 1.17017e-06 1.82739e-05 0.000197607 0.00147969 0.00767312 0.0275636 0.0686757 0.119253 0.147034 0.137411 0.115224 0.104324 0.095544 0.0747225 0.0481033 0.0272159 0.014312 0.00688109 0.00290594 0.00105444 0.000323292 8.19274e-05
#obs catch len freq
 3.53313e-11 1.66181e-09 5.41241e-08 1.22064e-06 1.9062e-05 0.000206129 0.0015435 0.00800392 0.0287507 0.0716202 0.124277 0.152811 0.141479 0.115921 0.101895 0.0915068 0.0705495 0.0445323 0.0245079 0.0125583 0.00596314 0.00253231 0.000941501 0.000300443 7.99071e-05
 3.56832e-11 1.67837e-09 5.46633e-08 1.2328e-06 1.92519e-05 0.000208183 0.00155888 0.00808363 0.0290369 0.0723308 0.125495 0.154237 0.14257 0.116338 0.101684 0.0908957 0.0697145 0.0435891 0.0235961 0.0118189 0.00545953 0.00224384 0.000805521 0.000249499 6.51795e-05
 3.72865e-11 1.75378e-09 5.71194e-08 1.28819e-06 2.01169e-05 0.000217536 0.00162891 0.00844668 0.0303393 0.0755588 0.130984 0.160457 0.146643 0.116243 0.0977777 0.0854358 0.065008 0.040528 0.0218721 0.010889 0.00497399 0.00200785 0.000702884 0.00021119 5.34452e-05
 3.65804e-11 1.72056e-09 5.60376e-08 1.26379e-06 1.97359e-05 0.000213417 0.00159807 0.00828681 0.0297661 0.0741416 0.128598 0.157869 0.145339 0.117366 0.101068 0.0891737 0.0673279 0.0409229 0.0211721 0.0100765 0.00445943 0.00176645 0.000609159 0.000179871 4.45344e-05
 3.73925e-11 1.75877e-09 5.72818e-08 1.29185e-06 2.01741e-05 0.000218155 0.00163354 0.00847071 0.0304257 0.0757748 0.131364 0.160952 0.147186 0.116843 0.0984139 0.0858785 0.0649468 0.0399144 0.0209897 0.0100824 0.00441751 0.00170089 0.000565682 0.000161588 3.8987e-05
 3.53823e-11 1.66421e-09 5.42024e-08 1.2224e-06 1.90896e-05 0.000206427 0.00154574 0.00801553 0.028793 0.0717302 0.124501 0.153241 0.142361 0.117586 0.104219 0.0934976 0.0710004 0.043221 0.022333 0.0105586 0.00460044 0.00177439 0.000589428 0.00016635 3.9214e-05
 3.91965e-11 1.84361e-09 6.00453e-08 1.35417e-06 2.11474e-05 0.000228679 0.00171234 0.00887918 0.0318909 0.0794045 0.137525 0.167877 0.151529 0.116207 0.0932426 0.0790584 0.0594842 0.0368858 0.0197425 0.00965759 0.00427579 0.0016471 0.000542638 0.000151982 3.5608e-05
 3.74064e-11 1.75942e-09 5.73031e-08 1.29233e-06 2.01816e-05 0.000218236 0.00163415 0.00847389 0.0304375 0.0758082 0.131449 0.16118 0.147783 0.118077 0.100151 0.0872747 0.0650331 0.0386275 0.0192365 0.00875812 0.00374103 0.00144264 0.000483268 0.000137248 3.23012e-05
 3.82272e-11 1.79802e-09 5.85605e-08 1.32069e-06 2.06244e-05 0.000223024 0.00167 0.00865973 0.0311039 0.0774572 0.134235 0.164254 0.149512 0.117248 0.0970431 0.0836101 0.0626272 0.0379461 0.0194814 0.0090599 0.00382792 0.00141621 0.000451245 0.000123639 2.87053e-05
 3.76772e-11 1.77216e-09 5.7718e-08 1.30169e-06 2.03277e-05 0.000219816 0.00164598 0.0085352 0.0306573 0.0763515 0.132363 0.162171 0.148279 0.117641 0.0988967 0.0858909 0.0642541 0.0386072 0.0195694 0.00902338 0.00382695 0.00143304 0.000459792 0.000124739 2.82009e-05
 3.75411e-11 1.76575e-09 5.75094e-08 1.29698e-06 2.02542e-05 0.000219021 0.00164003 0.00850436 0.0305466 0.0760767 0.131892 0.161619 0.147856 0.117481 0.0989912 0.0861733 0.0646662 0.0390703 0.0199629 0.00926318 0.00392915 0.00146446 0.000467916 0.000126914 2.8739e-05
 3.55547e-11 1.67232e-09 5.44665e-08 1.22836e-06 1.91826e-05 0.000207433 0.00155327 0.00805456 0.0289329 0.0720761 0.125083 0.153871 0.142675 0.117304 0.103417 0.0926206 0.0705218 0.0432324 0.0225598 0.0107239 0.00464009 0.0017535 0.000565204 0.000153935 3.48777e-05
 3.9216e-11 1.84453e-09 6.00752e-08 1.35485e-06 2.11579e-05 0.000228793 0.00171319 0.0088836 0.0319068 0.0794441 0.137594 0.167964 0.151616 0.116288 0.0933094 0.0790759 0.0594132 0.036743 0.0196022 0.00957708 0.00424996 0.00164288 0.00054097 0.00015011 3.44908e-05
 3.41162e-11 1.60466e-09 5.22628e-08 1.17866e-06 1.84065e-05 0.000199041 0.00149043 0.00772884 0.0277647 0.0691837 0.120185 0.148415 0.139425 0.118279 0.108199 0.098559 0.0748326 0.0450655 0.0228507 0.0106109 0.00459572 0.00178457 0.000600027 0.000170831 4.02162e-05
 3.75198e-11 1.76475e-09 5.74768e-08 1.29625e-06 2.02428e-05 0.000218897 0.0016391 0.0084995 0.0305286 0.0760261 0.131766 0.161286 0.146989 0.115693 0.0964629 0.0841027 0.064444 0.0408289 0.0224665 0.0112443 0.00501641 0.0019224 0.000627741 0.000175023 4.10847e-05
 3.67809e-11 1.73e-09 5.63448e-08 1.27072e-06 1.98441e-05 0.000214587 0.00160683 0.00833222 0.029929 0.0745454 0.129285 0.158647 0.145849 0.117353 0.100567 0.0884523 0.06667 0.040473 0.020946 0.0100178 0.00447596 0.00178577 0.000611974 0.000175791 4.14686e-05
 3.45314e-11 1.62419e-09 5.28988e-08 1.193e-06 1.86304e-05 0.000201463 0.00150856 0.00782282 0.0281015 0.0700153 0.121577 0.149888 0.140032 0.11727 0.105777 0.096001 0.0735246 0.0452866 0.0237851 0.0114025 0.00499166 0.00192494 0.00064268 0.000184174 4.42922e-05
 3.53637e-11 1.66334e-09 5.41739e-08 1.22176e-06 1.90795e-05 0.000206319 0.00154492 0.00801127 0.0287771 0.0716855 0.124387 0.152933 0.14155 0.115903 0.101833 0.0915313 0.0707631 0.0448507 0.0246864 0.0124448 0.00565024 0.00221959 0.000742238 0.000210099 4.96432e-05
 3.6545e-11 1.7189e-09 5.59835e-08 1.26257e-06 1.97169e-05 0.00021321 0.00159652 0.00827878 0.029737 0.0740666 0.12845 0.157605 0.144838 0.116459 0.0998297 0.088157 0.0671955 0.0417692 0.0224458 0.0111635 0.00511982 0.00207361 0.000720261 0.000210427 5.06047e-05
 3.59131e-11 1.68918e-09 5.50155e-08 1.24074e-06 1.93759e-05 0.000209524 0.00156892 0.00813571 0.0292239 0.0727966 0.126303 0.155226 0.14347 0.117025 0.102148 0.0910051 0.0692568 0.0425977 0.0224344 0.0108701 0.00486201 0.00193341 0.000667492 0.000196901 4.84099e-05
 3.54104e-11 1.66553e-09 5.42453e-08 1.22337e-06 1.91047e-05 0.000206591 0.00154696 0.00802186 0.0288154 0.0717835 0.124575 0.153247 0.1421 0.116852 0.103093 0.0925167 0.070784 0.0438484 0.0233035 0.0113503 0.00505085 0.00197662 0.000667442 0.000192807 4.67893e-05
 3.63438e-11 1.70944e-09 5.56752e-08 1.25562e-06 1.96083e-05 0.000212036 0.00158773 0.0082332 0.0295733 0.0736594 0.127747 0.156758 0.144112 0.116003 0.0996604 0.0883385 0.0678232 0.0427259 0.0233618 0.0117363 0.00534685 0.00212249 0.000720592 0.000207336 4.97204e-05
 3.55998e-11 1.67444e-09 5.45355e-08 1.22991e-06 1.92069e-05 0.000207696 0.00155523 0.00806475 0.0289693 0.0721652 0.125226 0.153993 0.142615 0.11691 0.102713 0.0918851 0.0701027 0.0432709 0.0229456 0.0112404 0.00509521 0.00205014 0.000711268 0.000208748 5.0685e-05
 3.69529e-11 1.73808e-09 5.66083e-08 1.27666e-06 1.99369e-05 0.00021559 0.00161434 0.00837113 0.0300682 0.0748867 0.12984 0.159155 0.145773 0.116216 0.0985344 0.0865589 0.0660655 0.0413065 0.02234 0.0110958 0.00501782 0.00199049 0.000681141 0.000199199 4.87448e-05
 3.44121e-11 1.61858e-09 5.27161e-08 1.18888e-06 1.85661e-05 0.000200767 0.00150336 0.00779583 0.0280046 0.0697748 0.121166 0.14941 0.13968 0.117165 0.105884 0.0961935 0.0737035 0.0454587 0.0240135 0.0116898 0.00525659 0.00209634 0.000721581 0.000210939 5.1328e-05
 3.48518e-11 1.63926e-09 5.33897e-08 1.20407e-06 1.88033e-05 0.000203332 0.00152256 0.00789535 0.0283612 0.0706545 0.122632 0.150935 0.140212 0.115851 0.102962 0.093177 0.0722527 0.0459026 0.0253407 0.0128225 0.00585411 0.00232366 0.000791226 0.000229689 5.57999e-05
 3.28552e-11 1.54535e-09 5.0331e-08 1.13509e-06 1.77261e-05 0.000191684 0.00143534 0.00744323 0.0267393 0.0666357 0.115806 0.143229 0.135268 0.116251 0.10822 0.10026 0.0780557 0.0493409 0.0270765 0.013753 0.00640263 0.00261875 0.000917453 0.000270866 6.60806e-05
 3.5146e-11 1.6531e-09 5.38404e-08 1.21424e-06 1.89621e-05 0.000205049 0.00153541 0.00796192 0.0285995 0.0712401 0.123594 0.151863 0.140266 0.114302 0.100004 0.0902205 0.0709097 0.0465502 0.0270387 0.0144592 0.00693578 0.00288193 0.00102503 0.000308866 7.71246e-05
#spawning biomass
 27162.5 25388.5 25670.6 24281.8 29185.3 30476 29404.4 30980.6 35812 40261 47734.6 54265.9 60036.2 66998.8 70593 71938.7 65797.9 72615.1 78148.5 67781.9 76241.8 82443.2 92036.1 104448 118281 113535 106301 120114 106360 182539 127755 81115 53245.1 38647.5 31554.9 28264.9 26783.8 26130.1 25845.4 25722.5 25669.8 25647.3 25637.7 25633.6 25631.9 25631.2 25630.8 25630.7 25630.7 25630.6 25630.6 25630.6 25630.6 25630.6 25630.6 25630.6 25630.6 25630.6 25630.6 25630.6 25630.6 25630.6 25630.6 25630.6 25630.6 25630.6 25630.6 25630.6 25630.6 25630.6 25630.6 25630.6 25630.6 25630.6 25630.6 25630.6 25630.6 25630.6 25630.6 25630.6 25630.6 25630.6 25630.6 25630.6 25630.6 25630.6 25630.6 25630.6 25630.6 25630.6 25630.6 25630.6 25630.6 25630.6 25630.6 25630.6 25630.6 25630.6 25630.6 25630.6 25630.6 25630.6 25630.6 25630.6 25630.6 25630.6 25630.6 25630.6 25630.6 25630.6 25630.6 25630.6 25630.6 25630.6 25630.6 25630.6 25630.6 25630.6 25630.6 25630.6 25630.6 25630.6 25630.6 25630.6 25630.6 25630.6 25630.6 25630.6 0 0 0 0 0 0 0 0 0 0 0 0 0 0 0 0 0 0 0 0 0 0 0 0 0
