SBPRF35
0.256306
Curr Bio
339867
B35
462879
F35
0.377421
FOFL
0.289038
OFL
111689
Bzero
73230.3
#pred survey bio
 87566.8 75988.8 54829 43935.4 69871.7 111199 164211 225172 282999 334139 410950 427354 449474 430582 456615 454344 423393 376471 369915 364033 345954 384688 433694 426063 486228 534360 496558 531231 1.93111e+07 1.06377e+07 7.54336e+06 4.88916e+06 3.11494e+06 2.05832e+06 1.46495e+06 1.14056e+06 964311 867752 813866 783037 764902 753935 747128 742806 740031 738224 737034 736245 735718 735365 735127 734967 734859 734787 734737 734704 734682 734666 734656 734649 734645 734641 734639 734638 734637 734636 734636 734635 734635 734635 734635 734635 734635 734635 734635 734635 734635 734635 734635 734635 734635 734635 734635 734635 734635 734635 734635 734635 734635 734635 734635 734635 734635 734635 734635 734635 734635 734635 734635 734635 734635 734635 734635 734635 734635 734635 734635 734635 734635 734635 734635 734635 734635 734635 734635 734635 734635 734635 734635 734635 734635 734635 734635 734635 734635 734635 734635 734635 0 0 0 0 0 0 0 0 0 0 0 0 0 0 0 0 0 0 0 0 0 0 0 0 0
#obs survey bio
 79504.6 44896.9 31276.9 57473.9 95715.5 140058 182992 280034 331495 339868 382554 444313 306702 445702 629996 484569 391618 230080 359484 367499 318622 358122 495330 315833 462093 461868 765199 500329
#pred catch bio
 16891.5 17309.6 12425.5 9116.56 15542.2 29010.6 45657.5 65970.5 94645 113537 177159 186448 223049 190740 212397 222637 221442 188375 178834 177494 147010 161637 209264 184870 206486 262168 218211 236680 111689 130247 89353.4 55592.8 33836.6 21440.9 14866.2 11530.7 9886.66 9091.69 8712.2 8532.64 8448.19 8408.63 8390.15 8381.53 8377.54 8375.68 8374.82 8374.42 8374.24 8374.15 8374.11 8374.09 8374.08 8374.08 8374.08 8374.08 8374.08 8374.08 8374.08 8374.08 8374.08 8374.08 8374.08 8374.08 8374.08 8374.08 8374.08 8374.08 8374.08 8374.08 8374.08 8374.08 8374.08 8374.08 8374.08 8374.08 8374.08 8374.08 8374.08 8374.08 8374.08 8374.08 8374.08 8374.08 8374.08 8374.08 8374.08 8374.08 8374.08 8374.08 8374.08 8374.08 8374.08 8374.08 8374.08 8374.08 8374.08 8374.08 8374.08 8374.08 8374.08 8374.08 8374.08 8374.08 8374.08 8374.08 8374.08 8374.08 8374.08 8374.08 8374.08 8374.08 8374.08 8374.08 8374.08 8374.08 8374.08 8374.08 8374.08 8374.08 8374.08 8374.08 8374.08 8374.08 8374.08 8374.08 8374.08 8374.08 0 0 0 0 0 0 0 0 0 0 0 0 0 0 0 0 0 0 0 0 0 0 0 0 0
#obs catch bio
 12913.5 18819.8 13969.6 9440.14 15229.4 27641.5 44088.5 62966.2 89221.3 109210 177728 179560 234798 192579 212621 217256 221128 197430 177294 178872 147600 162446 203974 185171 208942 273624 207871 236498
#pred cpue bio
 85773.1 75248.2 54625.5 42964.4 65756 106366 156847 215784 272108 320569 393087 409014 429534 410522 436376 434305 404860 359076 352156 347749 330654 367093 413948 406677 462834 511112 474839 507071 1.84655e+07 1.06197e+07 7.52578e+06 4.87142e+06 3.0972e+06 2.04058e+06 1.44721e+06 1.12282e+06 946567 850008 796122 765293 747158 736191 729384 725062 722288 720481 719291 718501 717974 717621 717383 717224 717116 717043 716994 716960 716938 716923 716912 716906 716901 716898 716895 716894 716893 716892 716892 716892 716891 716891 716891 716891 716891 716891 716891 716891 716891 716891 716891 716891 716891 716891 716891 716891 716891 716891 716891 716891 716891 716891 716891 716891 716891 716891 716891 716891 716891 716891 716891 716891 716891 716891 716891 716891 716891 716891 716891 716891 716891 716891 716891 716891 716891 716891 716891 716891 716891 716891 716891 716891 716891 716891 716891 716891 716891 716891 716891 716891 0 0 0 0 0 0 0 0 0 0 0 0 0 0 0 0 0 0 0 0 0 0 0 0 0
#obs cpue bio
 107199 48066.9 30260.3 66793.8 111893 132563 134760 219304 314882 287209 373941 496948 408647 395430 341382 489360 416345 406279 451520 326250 327688 384367 496936 447805 446823 503084 482259 455771
#pred surv len freq
 2.59024e-11 1.21833e-09 3.96801e-08 8.94884e-07 1.39749e-05 0.00015112 0.00113159 0.005868 0.0210791 0.0525186 0.0911919 0.11242 0.105073 0.0884991 0.0821061 0.0807471 0.0740655 0.0637005 0.0539103 0.0450327 0.0371054 0.0305819 0.0247929 0.0184595 0.0115507
 1.45077e-11 6.82375e-10 2.22245e-08 5.01218e-07 7.82728e-06 8.46424e-05 0.000633838 0.00328749 0.0118187 0.0295382 0.0519171 0.0669587 0.0720305 0.0800158 0.0960644 0.106284 0.101401 0.0887599 0.0759432 0.0633928 0.0509174 0.0395039 0.0294165 0.0201652 0.0118588
 6.88288e-12 3.23738e-10 1.05439e-08 2.37792e-07 3.7135e-06 4.01573e-05 0.000300726 0.00155999 0.0056115 0.014057 0.0249282 0.0331942 0.0390232 0.0499979 0.0688011 0.0884476 0.103849 0.11385 0.114281 0.102964 0.0844403 0.0643242 0.0454583 0.0289905 0.0158784
 3.07961e-11 1.4485e-09 4.71767e-08 1.06395e-06 1.66151e-05 0.000179669 0.00134533 0.00697559 0.0250469 0.0622959 0.10743 0.128965 0.109501 0.0700155 0.0415446 0.0331536 0.0382513 0.0497143 0.0615845 0.06804 0.0654537 0.0544568 0.039195 0.0242472 0.0125865
 4.68312e-11 2.20272e-09 7.1741e-08 1.61794e-06 2.52664e-05 0.00027322 0.00204583 0.0106078 0.0380893 0.0947409 0.163422 0.196361 0.167195 0.107228 0.0610072 0.0376791 0.0248245 0.0163278 0.0128836 0.0135721 0.0151306 0.0147992 0.011939 0.00779078 0.0040565
 3.67359e-11 1.72788e-09 5.6276e-08 1.26916e-06 1.98198e-05 0.000214324 0.00160486 0.00832196 0.0298913 0.0744443 0.129059 0.158129 0.144609 0.114784 0.0965698 0.0839502 0.0629314 0.0381228 0.0201237 0.0110406 0.00765135 0.00661159 0.00565817 0.00403121 0.00223099
 3.80355e-11 1.78901e-09 5.82669e-08 1.31406e-06 2.0521e-05 0.000221906 0.00166162 0.00861602 0.0309438 0.077029 0.133291 0.162148 0.144605 0.107492 0.0832542 0.0719057 0.0602334 0.0457951 0.0316272 0.0193048 0.010321 0.0053467 0.00312374 0.00196395 0.00109416
 3.6418e-11 1.71293e-09 5.5789e-08 1.25818e-06 1.96483e-05 0.000212469 0.00159096 0.00824977 0.02963 0.0737746 0.127768 0.155941 0.140701 0.107959 0.0874017 0.0766379 0.0627256 0.046241 0.032545 0.022038 0.013571 0.00729343 0.00346879 0.00155385 0.000675837
 3.4891e-11 1.64111e-09 5.34497e-08 1.20542e-06 1.88245e-05 0.00020356 0.00152426 0.00790393 0.0283887 0.0706921 0.122485 0.149757 0.135979 0.10619 0.0884217 0.0795118 0.0666222 0.0503769 0.0360836 0.0246466 0.015536 0.00878768 0.00434876 0.00184687 0.000673525
 3.63001e-11 1.70738e-09 5.56084e-08 1.25411e-06 1.95847e-05 0.000211781 0.00158581 0.008223 0.0295332 0.0735269 0.127293 0.155149 0.139312 0.105546 0.0841055 0.073767 0.0618557 0.0476117 0.035038 0.0246167 0.0159214 0.00923372 0.0046918 0.00202921 0.000727377
 3.76528e-11 1.77101e-09 5.76805e-08 1.30084e-06 2.03145e-05 0.000219673 0.0016449 0.00852935 0.0306328 0.0762576 0.131975 0.160634 0.143522 0.107171 0.0832833 0.0712566 0.0582522 0.0434709 0.0311969 0.0218335 0.0143589 0.00855605 0.00447458 0.0019853 0.000723696
 3.70788e-11 1.74401e-09 5.68012e-08 1.28101e-06 2.00048e-05 0.000216324 0.00161983 0.00839941 0.0301671 0.0751073 0.130046 0.15858 0.142624 0.108461 0.0865828 0.0750519 0.0608006 0.0441006 0.0303867 0.0204428 0.0130768 0.00771629 0.00406977 0.00184234 0.000687235
 3.78089e-11 1.77835e-09 5.79197e-08 1.30623e-06 2.03987e-05 0.000220584 0.00165172 0.00856474 0.0307601 0.0765766 0.13254 0.161389 0.144405 0.10827 0.0846512 0.0726256 0.0591257 0.0434571 0.0301858 0.0200884 0.0124747 0.00710256 0.00364609 0.00163258 0.000611284
 3.87583e-11 1.82301e-09 5.93742e-08 1.33903e-06 2.0911e-05 0.000226123 0.00169319 0.00877976 0.0315319 0.0784929 0.135824 0.165227 0.147321 0.109327 0.0839652 0.0708112 0.0567045 0.0408461 0.0278659 0.0183999 0.0113926 0.0064208 0.00322559 0.00140708 0.000516041
 3.75255e-11 1.76502e-09 5.74856e-08 1.29644e-06 2.02458e-05 0.00021893 0.00163934 0.00850061 0.0305304 0.0760112 0.131606 0.160457 0.144231 0.109499 0.0871431 0.0752429 0.0605647 0.0433567 0.0291686 0.0189125 0.0114986 0.00638269 0.00316485 0.00136039 0.000489994
 3.75309e-11 1.76528e-09 5.74939e-08 1.29663e-06 2.02487e-05 0.000218962 0.00163958 0.0085018 0.0305344 0.0760185 0.1316 0.160363 0.143873 0.108681 0.0859482 0.0742384 0.0604125 0.0441428 0.0303376 0.0198596 0.0120115 0.00656895 0.00319852 0.00135094 0.000478785
 3.73705e-11 1.75773e-09 5.72481e-08 1.29109e-06 2.01622e-05 0.000218026 0.00163257 0.00846547 0.0304041 0.0756958 0.131053 0.159751 0.143498 0.108754 0.0863979 0.0747365 0.0606495 0.044122 0.0303226 0.0200278 0.0122865 0.00678992 0.00330698 0.00138353 0.000483144
 3.85698e-11 1.81414e-09 5.90854e-08 1.33252e-06 2.08093e-05 0.000225023 0.00168496 0.00873707 0.0313786 0.0781124 0.135171 0.164463 0.146737 0.109112 0.0841148 0.0712448 0.0573494 0.0415785 0.028484 0.0187599 0.0115098 0.00639254 0.00313864 0.00132125 0.00046158
 3.93002e-11 1.84849e-09 6.02042e-08 1.35775e-06 2.12033e-05 0.000229284 0.00171686 0.00890247 0.0319723 0.0795868 0.137699 0.167427 0.149016 0.110008 0.0837201 0.0700005 0.0555945 0.0395659 0.0265496 0.0172232 0.0104836 0.00580442 0.00285105 0.00120418 0.000422578
 3.75966e-11 1.76837e-09 5.75946e-08 1.2989e-06 2.02842e-05 0.000219345 0.00164245 0.00851673 0.0305885 0.076157 0.131867 0.160817 0.144687 0.110112 0.0879 0.0758938 0.0607696 0.0430134 0.0284719 0.018134 0.0108215 0.00588744 0.00285768 0.00120015 0.000420724
 3.75288e-11 1.76517e-09 5.74906e-08 1.29656e-06 2.02476e-05 0.000218949 0.00163948 0.00850132 0.0305328 0.0760149 0.131597 0.160378 0.143943 0.108854 0.0862322 0.0745665 0.0606805 0.0442688 0.0302806 0.0196348 0.0117015 0.00627833 0.00299209 0.00123578 0.000428019
 3.83879e-11 1.80558e-09 5.88067e-08 1.32624e-06 2.07111e-05 0.000223961 0.00167701 0.00869586 0.0312307 0.0777443 0.134537 0.163701 0.146092 0.108718 0.083964 0.0713457 0.0577661 0.0422912 0.0293028 0.0194324 0.011892 0.00651383 0.00312687 0.00128409 0.000439195
 3.82049e-11 1.79698e-09 5.85264e-08 1.31991e-06 2.06124e-05 0.000222894 0.00166902 0.00865444 0.0310822 0.0773783 0.133926 0.163068 0.145875 0.109274 0.0851964 0.0726184 0.0583702 0.0420626 0.028657 0.0188689 0.0116225 0.00647563 0.00317377 0.00132555 0.000457134
 3.81436e-11 1.79409e-09 5.84324e-08 1.3178e-06 2.05793e-05 0.000222536 0.00166634 0.00864056 0.0310325 0.0772554 0.13372 0.162847 0.145778 0.109413 0.0855693 0.0730957 0.0587808 0.042279 0.0286227 0.0186311 0.0113287 0.00626392 0.0030771 0.00129943 0.000454675
 3.94362e-11 1.85489e-09 6.04125e-08 1.36245e-06 2.12767e-05 0.000230077 0.0017228 0.00893326 0.0320826 0.0798583 0.138149 0.16788 0.149119 0.109467 0.0826212 0.0689043 0.0551236 0.0398385 0.0271621 0.0177368 0.0107514 0.00589724 0.00287129 0.00120638 0.000422612
 3.70242e-11 1.74144e-09 5.67176e-08 1.27912e-06 1.99754e-05 0.000216006 0.00161744 0.00838709 0.0301233 0.0750031 0.129898 0.158554 0.143093 0.109829 0.0888025 0.0773325 0.0621411 0.0441221 0.0294021 0.0189423 0.0114515 0.00628585 0.00305551 0.00127772 0.000445224
 3.73672e-11 1.75757e-09 5.72431e-08 1.29097e-06 2.01604e-05 0.000218007 0.00163242 0.00846472 0.0304013 0.0756875 0.13103 0.159686 0.14332 0.108392 0.0859259 0.0744768 0.0609241 0.0448337 0.0309779 0.0202655 0.0121808 0.00660133 0.00317879 0.00132287 0.000459521
 3.82909e-11 1.80102e-09 5.86581e-08 1.32289e-06 2.06588e-05 0.000223395 0.00167277 0.00867389 0.0311518 0.0775486 0.134202 0.163313 0.145806 0.10863 0.0840454 0.0714871 0.0578797 0.0423803 0.0294318 0.0196327 0.0121217 0.00670854 0.00325433 0.00134989 0.000465744
#obs surv len freq
 2.47436e-11 1.16382e-09 3.79049e-08 8.54852e-07 1.33498e-05 0.000144359 0.00108097 0.00560552 0.0201367 0.0501737 0.0871438 0.107542 0.100881 0.0857695 0.080694 0.0806082 0.0756848 0.0675275 0.0598131 0.0521243 0.0436448 0.0343425 0.0244652 0.0150251 0.00757949
 4.7988e-12 2.25713e-10 7.35132e-09 1.65792e-07 2.58912e-06 2.79996e-05 0.000209718 0.00108866 0.00392706 0.00994544 0.0183702 0.0278322 0.0425894 0.0698372 0.103202 0.122552 0.120053 0.107429 0.0946878 0.0821497 0.0685454 0.0538015 0.038304 0.0235508 0.0118945
 1.68348e-14 7.91842e-13 2.57918e-11 5.81846e-10 9.09734e-09 9.88464e-08 7.54179e-07 4.19961e-06 1.92088e-05 8.87019e-05 0.000435447 0.00189218 0.00636028 0.0163105 0.0338674 0.0613467 0.0984018 0.133901 0.150735 0.144146 0.123253 0.0968668 0.0687999 0.0422415 0.0213297
 5.29251e-11 2.48934e-09 8.10763e-08 1.82847e-06 2.85542e-05 0.000308772 0.00231202 0.0119876 0.0430385 0.106996 0.184191 0.219561 0.181241 0.103659 0.0413395 0.0124066 0.00525021 0.00690488 0.011316 0.0153957 0.0168842 0.0151679 0.0113555 0.00707376 0.00358003
 3.50445e-11 1.64832e-09 5.36848e-08 1.21073e-06 1.89073e-05 0.000204456 0.00153098 0.00793911 0.0285196 0.0710605 0.123416 0.152264 0.142562 0.119807 0.107669 0.0951281 0.0676829 0.035399 0.0144098 0.00696465 0.00635611 0.00678761 0.00598588 0.00411277 0.00218101
 4.10153e-11 1.92916e-09 6.28315e-08 1.41701e-06 2.21286e-05 0.00023929 0.00179178 0.00929076 0.0333646 0.0830284 0.143492 0.173711 0.152192 0.107397 0.07629 0.0625258 0.0527959 0.0413992 0.0287577 0.0166893 0.00807138 0.00391622 0.00243278 0.00165227 0.000938467
 3.87334e-11 1.82183e-09 5.93358e-08 1.33817e-06 2.08975e-05 0.000225977 0.00169211 0.00877415 0.0315123 0.078449 0.135781 0.165335 0.147922 0.110783 0.0860954 0.0725588 0.0569565 0.0397157 0.0264985 0.017459 0.0105921 0.00552782 0.0025152 0.00109914 0.00048512
 3.61724e-11 1.70137e-09 5.54126e-08 1.24969e-06 1.95158e-05 0.000211036 0.00158023 0.00819415 0.0294308 0.073282 0.12694 0.155054 0.140297 0.108497 0.0889149 0.078684 0.0646068 0.0472238 0.0322057 0.0207889 0.0123996 0.00669484 0.00319393 0.00131395 0.000466589
 3.59259e-11 1.68978e-09 5.50351e-08 1.24118e-06 1.93828e-05 0.000209598 0.00156946 0.00813828 0.0292297 0.0727768 0.126035 0.153807 0.138722 0.106389 0.0863182 0.0764744 0.0640162 0.0486982 0.0350484 0.0238 0.0146891 0.00805445 0.00386644 0.00159031 0.000547152
 3.87233e-11 1.82136e-09 5.93205e-08 1.33783e-06 2.08921e-05 0.000225918 0.00169166 0.00877177 0.0315027 0.0784137 0.135644 0.164811 0.14632 0.107293 0.0809991 0.0680559 0.0556129 0.041873 0.0302603 0.0210633 0.0135581 0.0077913 0.00388675 0.00163627 0.000566412
 3.74491e-11 1.76142e-09 5.73685e-08 1.2938e-06 2.02046e-05 0.000218484 0.001636 0.00848328 0.0304683 0.0758562 0.131336 0.160124 0.143914 0.109212 0.0868146 0.074793 0.0600043 0.0428899 0.0291332 0.0194657 0.0124138 0.00725454 0.00374049 0.00163524 0.00058463
 3.67578e-11 1.72891e-09 5.63094e-08 1.26992e-06 1.98316e-05 0.000214451 0.0016058 0.00832671 0.0299062 0.0744592 0.128934 0.157275 0.141621 0.108086 0.0868786 0.0759846 0.0623156 0.0458593 0.0317297 0.0209137 0.0128192 0.00720411 0.00365019 0.00160697 0.00058754
 3.93768e-11 1.85209e-09 6.03215e-08 1.3604e-06 2.12446e-05 0.000229731 0.00172021 0.00891977 0.032034 0.0797341 0.137913 0.167498 0.148477 0.108373 0.0811158 0.0675369 0.0546119 0.0404121 0.0284387 0.0191469 0.0119049 0.00666656 0.00330867 0.00142221 0.000513082
 3.67361e-11 1.72789e-09 5.62762e-08 1.26917e-06 1.98199e-05 0.000214325 0.00160486 0.00832185 0.0298893 0.0744222 0.128906 0.157407 0.142265 0.109623 0.08913 0.0778414 0.0625295 0.0443719 0.0297106 0.0194428 0.0120637 0.00682777 0.00341743 0.00146631 0.000523237
 3.76223e-11 1.76957e-09 5.76338e-08 1.29979e-06 2.02981e-05 0.000219495 0.00164357 0.00852247 0.0306085 0.0761991 0.13189 0.160609 0.143752 0.107897 0.0845967 0.0729692 0.059957 0.0446078 0.0311963 0.0205945 0.0124912 0.0068724 0.00338647 0.0014488 0.000517454
 3.76453e-11 1.77065e-09 5.7669e-08 1.30058e-06 2.03105e-05 0.000219629 0.00164457 0.0085277 0.0306275 0.0762489 0.131992 0.160811 0.144175 0.108683 0.0856156 0.0736108 0.0595898 0.0433768 0.0299801 0.0200353 0.01247 0.00697937 0.00343221 0.00144842 0.00051045
 3.75056e-11 1.76408e-09 5.7455e-08 1.29576e-06 2.02351e-05 0.000218814 0.00163847 0.00849606 0.030514 0.0759677 0.131515 0.160273 0.143835 0.108732 0.086048 0.0742561 0.0602285 0.0438095 0.030081 0.0198658 0.0122523 0.0068677 0.00341244 0.00145405 0.000513467
 3.92149e-11 1.84448e-09 6.00735e-08 1.35481e-06 2.11573e-05 0.000228786 0.00171314 0.00888313 0.0319027 0.0794108 0.137377 0.166956 0.148344 0.109004 0.082441 0.0689624 0.0554417 0.040409 0.0278768 0.0184452 0.0113409 0.00631622 0.00312239 0.00133009 0.000471511
 3.8419e-11 1.80704e-09 5.88542e-08 1.32731e-06 2.07279e-05 0.000224143 0.00167837 0.00870293 0.0312566 0.0778124 0.13468 0.163999 0.146748 0.109991 0.0857531 0.0728621 0.0580552 0.0411791 0.0275195 0.0178449 0.0108986 0.00606222 0.00299139 0.00127025 0.000449109
 3.69116e-11 1.73614e-09 5.65451e-08 1.27523e-06 1.99146e-05 0.000215349 0.00161252 0.00836157 0.0300316 0.0747728 0.129488 0.158001 0.142431 0.109012 0.0879024 0.0767754 0.0624234 0.0452009 0.0306566 0.0198177 0.0118777 0.0064649 0.00314249 0.0013243 0.000466471
 3.74972e-11 1.76369e-09 5.74422e-08 1.29547e-06 2.02306e-05 0.000218765 0.0016381 0.00849414 0.0305069 0.0759474 0.131462 0.160126 0.143441 0.107912 0.084884 0.0733035 0.0601453 0.0446893 0.0313593 0.0208864 0.0127524 0.00697189 0.00336057 0.00139564 0.000484929
 3.8555e-11 1.81344e-09 5.90626e-08 1.33201e-06 2.08013e-05 0.000224936 0.00168431 0.00873369 0.0313665 0.0780807 0.135108 0.164347 0.146508 0.108681 0.0834811 0.070603 0.0569793 0.0416377 0.0289356 0.0194181 0.0121312 0.00681502 0.0033521 0.0014036 0.00048651
 3.7896e-11 1.78245e-09 5.80531e-08 1.30924e-06 2.04457e-05 0.000221092 0.00165553 0.00858449 0.0308315 0.0767566 0.13287 0.161878 0.14512 0.109356 0.0860402 0.0737394 0.059262 0.0425351 0.0288176 0.0189071 0.0116698 0.00656739 0.00327561 0.00139779 0.000492331
 3.87324e-11 1.82179e-09 5.93344e-08 1.33814e-06 2.0897e-05 0.000225971 0.00169206 0.00877388 0.0315108 0.0784396 0.135727 0.165091 0.147142 0.109089 0.0837194 0.0707512 0.0570196 0.0414446 0.0283872 0.018584 0.0112955 0.0062372 0.00307282 0.00130967 0.000464965
 3.93184e-11 1.84935e-09 6.02321e-08 1.35839e-06 2.12131e-05 0.00022939 0.00171766 0.0089066 0.0319872 0.0796229 0.137757 0.167478 0.148998 0.109864 0.0834642 0.069749 0.0554864 0.0396432 0.0267369 0.0174086 0.0105981 0.00584634 0.00285701 0.00120373 0.000423678
 3.38857e-11 1.59382e-09 5.19096e-08 1.17069e-06 1.82821e-05 0.000197695 0.00148035 0.00767636 0.0275734 0.0686796 0.119122 0.146231 0.134642 0.10896 0.0949135 0.0866909 0.0710425 0.0509386 0.034103 0.0219201 0.0131614 0.00718466 0.00348905 0.00146269 0.000511613
 4.02963e-11 1.89534e-09 6.17301e-08 1.39217e-06 2.17407e-05 0.000235095 0.00176037 0.00912794 0.0327803 0.0815788 0.141016 0.170854 0.150128 0.106815 0.0767296 0.0626914 0.0518495 0.0403101 0.0296587 0.0202395 0.0123977 0.00674963 0.00324335 0.00134521 0.000466551
 3.76909e-11 1.7728e-09 5.77389e-08 1.30216e-06 2.03351e-05 0.000219895 0.00164657 0.00853808 0.0306654 0.0763493 0.132207 0.161264 0.145186 0.110646 0.0883225 0.0757435 0.0596366 0.0412592 0.0271594 0.0179436 0.0114346 0.00659504 0.00329487 0.00138603 0.00048012
#pred catch len freq
 2.45514e-11 1.15478e-09 3.76105e-08 8.4821e-07 1.3246e-05 0.000143238 0.00107258 0.00556204 0.0199812 0.0497938 0.0865339 0.107023 0.101132 0.0874364 0.0836544 0.0836057 0.0770603 0.0663438 0.0561539 0.0469062 0.0386484 0.0318534 0.0258236 0.0192269 0.0120309
 1.35474e-11 6.37203e-10 2.07533e-08 4.68039e-07 7.30914e-06 7.90395e-05 0.000591886 0.00307 0.0110382 0.0276012 0.0486063 0.0631242 0.0692356 0.0792761 0.0971926 0.108355 0.103579 0.0906981 0.0776015 0.0647749 0.0520265 0.040364 0.0300569 0.0206042 0.0121169
 6.3527e-12 2.98801e-10 9.73175e-09 2.19476e-07 3.42745e-06 3.70641e-05 0.000277565 0.00143991 0.00518051 0.0129866 0.0230933 0.0310436 0.0373702 0.049344 0.0690557 0.0892427 0.104901 0.115019 0.115453 0.104018 0.0853035 0.0649812 0.0459225 0.0292865 0.0160405
 2.94508e-11 1.38522e-09 4.51158e-08 1.01747e-06 1.58893e-05 0.00017182 0.00128656 0.00667089 0.0239531 0.059578 0.10276 0.123443 0.105094 0.0678615 0.0413714 0.0341738 0.0400102 0.0521319 0.0645948 0.0713662 0.068653 0.0571184 0.0411106 0.0254322 0.0132017
 4.59822e-11 2.16278e-09 7.04405e-08 1.58861e-06 2.48084e-05 0.000268267 0.00200874 0.0104155 0.0373994 0.0930293 0.1605 0.192993 0.164795 0.106722 0.062185 0.0395571 0.0264917 0.0175148 0.0138346 0.0145749 0.0162483 0.0158924 0.0128208 0.00836626 0.00435614
 3.55681e-11 1.67296e-09 5.44871e-08 1.22882e-06 1.91898e-05 0.000207511 0.00155385 0.00805753 0.0289426 0.0720931 0.12506 0.153596 0.14163 0.114824 0.099359 0.0878312 0.0662148 0.0401702 0.02121 0.0116361 0.00806347 0.0069675 0.00596272 0.00424818 0.00235107
 3.69304e-11 1.73703e-09 5.65739e-08 1.27588e-06 1.99247e-05 0.000215458 0.00161334 0.00836576 0.0300459 0.0748022 0.129495 0.157802 0.141606 0.107136 0.0853388 0.0751585 0.0633923 0.0482731 0.0333457 0.0203533 0.0108813 0.00563682 0.0032932 0.00207048 0.00115351
 3.53057e-11 1.66061e-09 5.4085e-08 1.21975e-06 1.90482e-05 0.000205979 0.00154237 0.00799787 0.0287263 0.0715334 0.123949 0.151574 0.137708 0.107652 0.0895571 0.079912 0.0657978 0.0485735 0.0341925 0.0231527 0.0142569 0.00766193 0.00364403 0.00163234 0.000709974
 3.38362e-11 1.59149e-09 5.18339e-08 1.16898e-06 1.82554e-05 0.000197407 0.00147818 0.00766507 0.0275317 0.0685667 0.118862 0.145608 0.133114 0.105841 0.0903811 0.0825461 0.0695217 0.0526293 0.0377009 0.0257498 0.0162308 0.0091805 0.00454312 0.00192941 0.000703623
 3.5279e-11 1.65936e-09 5.40441e-08 1.21883e-06 1.90338e-05 0.000205824 0.0015412 0.00799176 0.0287035 0.071469 0.123784 0.151125 0.136516 0.105156 0.0859233 0.0766258 0.0646213 0.049804 0.0366558 0.025752 0.016655 0.00965904 0.00490787 0.00212266 0.000760873
 3.68488e-11 1.73319e-09 5.64489e-08 1.27306e-06 1.98807e-05 0.000214982 0.00160978 0.00834728 0.0299795 0.0746376 0.129213 0.157473 0.141341 0.10691 0.0847802 0.0735607 0.0604333 0.0451473 0.0324015 0.0226744 0.0149111 0.00888492 0.00464653 0.00206159 0.000751503
 3.62764e-11 1.70627e-09 5.55721e-08 1.25329e-06 1.95719e-05 0.000211643 0.00158478 0.00821771 0.0295151 0.0734907 0.127292 0.155432 0.140473 0.108256 0.0881612 0.0774328 0.0630147 0.0457519 0.0315256 0.0212068 0.0135646 0.00800394 0.00422145 0.001911 0.000712844
 3.71548e-11 1.74758e-09 5.69177e-08 1.28364e-06 2.00458e-05 0.000216768 0.00162315 0.00841662 0.0302287 0.0752587 0.130295 0.158821 0.142646 0.108093 0.0859257 0.0745613 0.0609423 0.0448287 0.0311377 0.0207192 0.0128655 0.00732487 0.00376017 0.00168365 0.000630406
 3.80008e-11 1.78738e-09 5.82137e-08 1.31286e-06 2.05023e-05 0.000221703 0.0016601 0.00860822 0.0309164 0.0769668 0.133224 0.162258 0.145297 0.10915 0.0854808 0.0730866 0.0588151 0.0424132 0.0289365 0.0191048 0.0118283 0.00666617 0.00334882 0.00146083 0.000535753
 3.67953e-11 1.73068e-09 5.6367e-08 1.27122e-06 1.98519e-05 0.00021467 0.00160745 0.00833525 0.0299372 0.0745402 0.1291 0.157597 0.142287 0.109346 0.0886312 0.0774639 0.0626147 0.0448648 0.0301834 0.019568 0.0118963 0.00660327 0.00327419 0.00140738 0.000506919
 3.68581e-11 1.73363e-09 5.64632e-08 1.27339e-06 1.98858e-05 0.000215037 0.00161019 0.00834944 0.0299878 0.074663 0.129291 0.157725 0.142071 0.108515 0.0872831 0.0762545 0.0622974 0.045557 0.0313087 0.0204927 0.0123936 0.00677769 0.00330011 0.00139385 0.00049399
 3.67741e-11 1.72968e-09 5.63344e-08 1.27048e-06 1.98404e-05 0.000214546 0.00160652 0.00833041 0.0299196 0.0744942 0.129006 0.157413 0.141903 0.108612 0.0875877 0.0765267 0.0623151 0.0453642 0.0311741 0.0205873 0.0126287 0.00697881 0.00339893 0.00142199 0.000496575
 3.79372e-11 1.78439e-09 5.81163e-08 1.31067e-06 2.04679e-05 0.000221332 0.00165733 0.00859381 0.0308646 0.0768379 0.133 0.161983 0.145046 0.108961 0.0853771 0.0731443 0.0591168 0.0428963 0.0293861 0.0193515 0.0118718 0.00659342 0.00323722 0.00136275 0.000476076
 3.86417e-11 1.81752e-09 5.91955e-08 1.33501e-06 2.0848e-05 0.000225442 0.0016881 0.00875337 0.0314373 0.0782604 0.13544 0.164848 0.147266 0.109874 0.0850684 0.0720083 0.0574434 0.0409215 0.0274596 0.0178112 0.0108407 0.00600195 0.00294803 0.00124513 0.000436951
 3.6919e-11 1.7365e-09 5.65565e-08 1.27549e-06 1.99186e-05 0.000215392 0.00161285 0.00836328 0.0300379 0.0747921 0.129543 0.158166 0.142893 0.10999 0.0893116 0.0779841 0.0626853 0.0444057 0.0293928 0.018718 0.0111691 0.00607637 0.00294934 0.00123865 0.000434216
 3.67093e-11 1.72663e-09 5.62352e-08 1.26824e-06 1.98055e-05 0.000214168 0.00160369 0.00831575 0.029867 0.0743639 0.128785 0.157164 0.141749 0.108655 0.087864 0.0770302 0.0629852 0.0459985 0.0314653 0.0204011 0.0121574 0.00652279 0.00310856 0.00128388 0.000444678
 3.75743e-11 1.76732e-09 5.75603e-08 1.29813e-06 2.02721e-05 0.000219215 0.00164147 0.00851162 0.0305696 0.0761051 0.131744 0.160509 0.143908 0.108505 0.0855606 0.0737652 0.0600339 0.0440024 0.0304907 0.0202183 0.0123722 0.00677672 0.00325303 0.0013359 0.000456913
 3.75253e-11 1.76501e-09 5.74852e-08 1.29643e-06 2.02457e-05 0.000218929 0.00163933 0.00850054 0.0305301 0.0760091 0.131594 0.160404 0.144061 0.109119 0.0865633 0.0746673 0.0602687 0.0434695 0.0296153 0.0194974 0.0120088 0.00669066 0.00327912 0.00136954 0.000472305
 3.73547e-11 1.75699e-09 5.7224e-08 1.29054e-06 2.01537e-05 0.000217934 0.00163188 0.00846192 0.0303916 0.0756662 0.131013 0.159756 0.143673 0.109237 0.0871621 0.0754822 0.0609928 0.0439171 0.0297333 0.0193521 0.0117663 0.00650571 0.00319584 0.00134956 0.000472217
 3.86539e-11 1.81809e-09 5.92141e-08 1.33543e-06 2.08546e-05 0.000225513 0.00168863 0.0087561 0.031447 0.0782823 0.135464 0.164813 0.147028 0.109282 0.0841853 0.0712581 0.0573155 0.0414738 0.0282795 0.0184648 0.0111921 0.00613875 0.00298885 0.00125576 0.000439913
 3.63454e-11 1.70951e-09 5.56777e-08 1.25567e-06 1.96091e-05 0.000212045 0.00158779 0.00823337 0.0295718 0.0736357 0.127569 0.155897 0.141293 0.109701 0.0902082 0.0794169 0.0640527 0.0455145 0.0303289 0.0195367 0.0118099 0.00648237 0.003151 0.00131764 0.000459136
 3.65768e-11 1.7204e-09 5.60322e-08 1.26367e-06 1.9734e-05 0.000213395 0.0015979 0.00828573 0.0297591 0.0740951 0.128317 0.156584 0.141197 0.108184 0.0874773 0.0768325 0.0631393 0.0465099 0.0321371 0.0210218 0.0126346 0.00684708 0.00329709 0.0013721 0.00047662
 3.75301e-11 1.76524e-09 5.74927e-08 1.2966e-06 2.02483e-05 0.000218957 0.00163954 0.00850162 0.0305337 0.0760159 0.13159 0.160327 0.143763 0.10843 0.0855358 0.0737453 0.0599947 0.0439752 0.0305407 0.0203702 0.0125764 0.00695997 0.00337626 0.00140046 0.000483192
#obs catch len freq
 2.33224e-11 1.09697e-09 3.57277e-08 8.05751e-07 1.2583e-05 0.000136068 0.00101889 0.00528365 0.0189816 0.0473064 0.0822382 0.101838 0.0966495 0.0844598 0.0820288 0.0833156 0.0786512 0.0702998 0.0623733 0.0545275 0.0458007 0.0360159 0.02554 0.0156274 0.00789457
 2.36336e-11 1.11161e-09 3.62045e-08 8.16503e-07 1.27509e-05 0.000137883 0.00103248 0.00535414 0.0192345 0.0479349 0.0833164 0.103106 0.0976393 0.0848892 0.0819563 0.0829516 0.0781577 0.0697447 0.0617457 0.053787 0.0450261 0.0354245 0.025234 0.0154966 0.00781716
 4.47443e-12 2.10456e-10 6.85441e-09 1.54585e-07 2.41411e-06 2.61072e-05 0.000195549 0.00101521 0.00366347 0.00929153 0.017254 0.0265469 0.0416774 0.0696588 0.103691 0.123356 0.120839 0.108067 0.0951892 0.0825497 0.0688621 0.0540424 0.0384724 0.0236533 0.011946
 1.56716e-14 7.37132e-13 2.40099e-11 5.41661e-10 8.46982e-09 9.20619e-08 7.03416e-07 3.93719e-06 1.82777e-05 8.6496e-05 0.000432395 0.00189207 0.00637182 0.0163437 0.0339229 0.0614095 0.0984507 0.133923 0.150726 0.144112 0.123203 0.0968157 0.0687582 0.0422142 0.0213154
 5.25852e-11 2.47335e-09 8.05555e-08 1.81673e-06 2.83708e-05 0.000306789 0.00229717 0.0119106 0.0427621 0.106309 0.183008 0.218151 0.180077 0.102999 0.0410982 0.0124091 0.005435 0.00732395 0.012032 0.0163708 0.0179528 0.016127 0.012073 0.00752053 0.00380607
 3.40438e-11 1.60126e-09 5.21519e-08 1.17616e-06 1.83674e-05 0.000198618 0.00148727 0.00771252 0.0277068 0.0690467 0.119996 0.14841 0.140113 0.120068 0.110382 0.0987142 0.0705127 0.0369166 0.0150261 0.00725287 0.00661107 0.00705796 0.00622402 0.00427632 0.00226772
 4.02122e-11 1.89139e-09 6.16014e-08 1.38927e-06 2.16954e-05 0.000234605 0.0017567 0.00910891 0.0327121 0.0814102 0.140733 0.170549 0.150001 0.107113 0.0777755 0.0648888 0.0551456 0.0432854 0.0300592 0.0174389 0.00843171 0.00408974 0.0025398 0.00172474 0.000979598
 3.78435e-11 1.77998e-09 5.79727e-08 1.30743e-06 2.04174e-05 0.000220786 0.00165324 0.00857264 0.0307894 0.0766567 0.13273 0.161859 0.145582 0.110659 0.0879975 0.075333 0.0594536 0.0414923 0.0276696 0.0182195 0.0110496 0.00576551 0.00262303 0.00114614 0.000505825
 3.52969e-11 1.66019e-09 5.40715e-08 1.21945e-06 1.90434e-05 0.000205928 0.00154199 0.0079959 0.0287195 0.0715183 0.123936 0.151624 0.137964 0.108308 0.0906951 0.0813515 0.0670839 0.0490586 0.0334389 0.021573 0.0128627 0.00694333 0.00331203 0.00136242 0.000483775
 3.51293e-11 1.65231e-09 5.38148e-08 1.21366e-06 1.89531e-05 0.000204951 0.00153467 0.0079579 0.0285825 0.0711718 0.1233 0.150677 0.13657 0.106152 0.0878391 0.0788068 0.0662287 0.0503979 0.0362503 0.0246029 0.0151796 0.00832174 0.00399424 0.00164275 0.000565162
 3.80655e-11 1.79042e-09 5.83127e-08 1.3151e-06 2.05371e-05 0.00022208 0.00166292 0.00862279 0.0309681 0.0770882 0.133385 0.162227 0.144544 0.1071 0.0822553 0.0699745 0.0574202 0.0432503 0.0312358 0.0217296 0.0139821 0.00803332 0.00400701 0.00168678 0.000583869
 3.67728e-11 1.72962e-09 5.63325e-08 1.27044e-06 1.98398e-05 0.000214539 0.00160646 0.00833014 0.0299189 0.0744939 0.129016 0.157478 0.142123 0.109088 0.0882163 0.0768639 0.0618912 0.0442521 0.0300379 0.0200568 0.0127856 0.00747014 0.00385118 0.00168351 0.000601862
 3.61004e-11 1.69799e-09 5.53024e-08 1.24721e-06 1.94769e-05 0.000210616 0.00157709 0.00817784 0.0293721 0.0731348 0.126678 0.154699 0.139867 0.107939 0.0882057 0.0779745 0.0641617 0.0472268 0.0326539 0.0215096 0.0131794 0.00740483 0.00375136 0.00165138 0.000603748
 3.87526e-11 1.82274e-09 5.93653e-08 1.33884e-06 2.09079e-05 0.000226089 0.00169294 0.00877842 0.0315268 0.0784766 0.135771 0.16505 0.146805 0.108217 0.0823504 0.0694006 0.056351 0.0417152 0.029337 0.0197397 0.012269 0.00686899 0.00340868 0.00146508 0.000528523
 3.60994e-11 1.69794e-09 5.53009e-08 1.24718e-06 1.94764e-05 0.00021061 0.00157705 0.00817767 0.029372 0.0731398 0.126722 0.154919 0.140587 0.109526 0.09048 0.0798214 0.0643227 0.0456523 0.0305459 0.0199756 0.012389 0.00701031 0.00350833 0.0015052 0.000537088
 3.70619e-11 1.74321e-09 5.67753e-08 1.28043e-06 1.99957e-05 0.000216226 0.00161909 0.00839557 0.0301532 0.0750701 0.129966 0.158412 0.142254 0.107766 0.0857198 0.0746602 0.0615339 0.0457847 0.0319968 0.0211099 0.0127989 0.00704006 0.00346859 0.00148381 0.00052993
 3.71101e-11 1.74548e-09 5.68492e-08 1.28209e-06 2.00217e-05 0.000216507 0.0016212 0.00840651 0.0301927 0.0751709 0.130156 0.158716 0.142754 0.108579 0.0867177 0.0752464 0.0610898 0.0444709 0.0307129 0.020511 0.0127611 0.00714066 0.00351106 0.00148158 0.00052211
 3.69327e-11 1.73714e-09 5.65774e-08 1.27596e-06 1.9926e-05 0.000215472 0.00161345 0.00836633 0.0300486 0.0748137 0.129549 0.158031 0.142313 0.10862 0.0872275 0.0760089 0.0618393 0.044986 0.0308664 0.020371 0.0125588 0.0070379 0.00349653 0.00148976 0.000526054
 3.86502e-11 1.81792e-09 5.92085e-08 1.3353e-06 2.08526e-05 0.000225492 0.00168847 0.00875526 0.031444 0.0782732 0.13544 0.164744 0.146842 0.108886 0.083593 0.0706809 0.0570274 0.0415752 0.0286615 0.0189522 0.011648 0.00648581 0.00320579 0.00136551 0.000484042
 3.78096e-11 1.77838e-09 5.79207e-08 1.30626e-06 2.03991e-05 0.000220588 0.00165175 0.00856494 0.0307615 0.0765849 0.13259 0.161617 0.145141 0.109897 0.087045 0.0747592 0.0597772 0.0424122 0.0283238 0.018354 0.0112048 0.00623112 0.00307431 0.00130536 0.000461498
 3.62436e-11 1.70472e-09 5.55217e-08 1.25216e-06 1.95542e-05 0.000211451 0.00158334 0.00821029 0.0294888 0.0734272 0.127196 0.155387 0.14066 0.108888 0.0892887 0.0788329 0.0643145 0.0465807 0.0315713 0.0203961 0.0122196 0.00664945 0.00323173 0.00136179 0.000479654
 3.68616e-11 1.73379e-09 5.64685e-08 1.27351e-06 1.98876e-05 0.000215057 0.00161034 0.0083502 0.0299904 0.0746668 0.12928 0.157634 0.14174 0.107758 0.086151 0.0752131 0.0619271 0.0460228 0.0322733 0.0214822 0.0131114 0.00716658 0.00345394 0.0014343 0.000498336
 3.79628e-11 1.78559e-09 5.81554e-08 1.31155e-06 2.04818e-05 0.000221482 0.00165844 0.00859959 0.0308854 0.0768877 0.133076 0.162027 0.144931 0.108552 0.0846811 0.0723954 0.0586337 0.0428569 0.0297621 0.0199599 0.0124649 0.00700093 0.00344309 0.00144159 0.000499655
 3.7292e-11 1.75404e-09 5.71278e-08 1.28838e-06 2.01199e-05 0.000217568 0.00162914 0.00844771 0.0303407 0.0755399 0.130799 0.159515 0.143521 0.10925 0.0873007 0.0756016 0.0609623 0.0437646 0.0296296 0.0194269 0.0119857 0.0067436 0.00336305 0.00143499 0.00050541
 3.81683e-11 1.79525e-09 5.84703e-08 1.31865e-06 2.05926e-05 0.00022268 0.00166742 0.00864614 0.0310525 0.0773033 0.133792 0.162883 0.145644 0.108978 0.0848805 0.0724787 0.0586103 0.0426093 0.0291645 0.0190805 0.0115927 0.0063998 0.00315248 0.00134351 0.000476956
 3.86722e-11 1.81896e-09 5.92422e-08 1.33606e-06 2.08645e-05 0.00022562 0.00168943 0.00876027 0.0314622 0.0783213 0.135541 0.16495 0.147288 0.10975 0.0848134 0.0717431 0.0573091 0.0409635 0.0276098 0.0179653 0.0109327 0.00602955 0.00294614 0.00124118 0.000436838
 3.32362e-11 1.56327e-09 5.09147e-08 1.14826e-06 1.79317e-05 0.000193906 0.00145198 0.0075293 0.0270457 0.0673714 0.116895 0.143692 0.132931 0.108863 0.0962952 0.0887201 0.0728867 0.0522602 0.0349618 0.022457 0.0134782 0.00735584 0.00357167 0.0014972 0.000523658
 3.97706e-11 1.87062e-09 6.09249e-08 1.37401e-06 2.14571e-05 0.000232028 0.00173741 0.0090089 0.0323532 0.0805196 0.139211 0.168785 0.148698 0.106637 0.0777018 0.0642059 0.0533094 0.0414561 0.0304825 0.0207903 0.0127309 0.00692953 0.00332934 0.00138076 0.000478856
#spawning biomass
 73126.2 69676.5 53018.5 36371.8 37781.1 72593.9 105902 150539 196228 226434 269420 281710 291413 271755 295933 295348 276283 238720 229398 234700 224548 245341 277179 272367 301247 349525 324207 339867 359904 481013 333001 204871 122285 75231.7 50274.2 37613 31372.3 28354.6 26914.1 26232.5 25911.9 25761.8 25691.6 25658.9 25643.8 25636.7 25633.4 25631.9 25631.2 25630.9 25630.7 25630.7 25630.6 25630.6 25630.6 25630.6 25630.6 25630.6 25630.6 25630.6 25630.6 25630.6 25630.6 25630.6 25630.6 25630.6 25630.6 25630.6 25630.6 25630.6 25630.6 25630.6 25630.6 25630.6 25630.6 25630.6 25630.6 25630.6 25630.6 25630.6 25630.6 25630.6 25630.6 25630.6 25630.6 25630.6 25630.6 25630.6 25630.6 25630.6 25630.6 25630.6 25630.6 25630.6 25630.6 25630.6 25630.6 25630.6 25630.6 25630.6 25630.6 25630.6 25630.6 25630.6 25630.6 25630.6 25630.6 25630.6 25630.6 25630.6 25630.6 25630.6 25630.6 25630.6 25630.6 25630.6 25630.6 25630.6 25630.6 25630.6 25630.6 25630.6 25630.6 25630.6 25630.6 25630.6 25630.6 25630.6 0 0 0 0 0 0 0 0 0 0 0 0 0 0 0 0 0 0 0 0 0 0 0 0 0
