SBPRF35
0.256306
Curr Bio
82451.9
B35
190202
F35
0.472277
FOFL
0.105167
OFL
5818.41
Bzero
73230.3
#pred survey bio
 4070.91 5511.13 9170.78 10420.3 14947.5 21384.2 25131.6 29379.6 42954.5 64180.2 86940.7 112910 155069 180613 171607 145321 143379 139506 142208 139606 151470 173084 157551 184040 184470 197796 164183 136443 3.60966e+06 2.5532e+06 2.00911e+06 1.48346e+06 1.14452e+06 953892 853010 800715 773449 758883 750819 746171 743386 741660 740561 739844 739375 739065 738858 738719 738626 738563 738521 738492 738473 738460 738451 738445 738441 738438 738436 738435 738434 738434 738433 738433 738433 738433 738433 738432 738432 738432 738432 738432 738432 738432 738432 738432 738432 738432 738432 738432 738432 738432 738432 738432 738432 738432 738432 738432 738432 738432 738432 738432 738432 738432 738432 738432 738432 738432 738432 738432 738432 738432 738432 738432 738432 738432 738432 738432 738432 738432 738432 738432 738432 738432 738432 738432 738432 738432 738432 738432 738432 738432 738432 738432 738432 738432 738432 738432 0 0 0 0 0 0 0 0 0 0 0 0 0 0 0 0 0 0 0 0 0 0 0 0 0
#obs survey bio
 3654.32 7368.33 10774.4 11170.9 17082.8 18445 31299.6 30779.6 56116.6 84757.5 96347.2 158754 225164 203440 170117 172784 189093 180985 180326 163555 162152 223332 151718 178159 154961 183134 124455 158034
#pred catch bio
 2003.35 2463.55 5525.9 5856.14 7865.41 12422.2 14959.7 16333.7 22646.3 35053.2 51126.5 60754.2 85506.8 106579 109467 88467.9 85453 78157.8 84868.8 82156.1 82575.8 107883 83745.5 108436 101305 123776 101945 100003 5818.41 35225 27296.7 19096.2 14041.1 11365.2 10058.8 9451.57 9178.06 9057.4 9004.9 8982.27 8972.59 8968.46 8966.7 8965.96 8965.64 8965.51 8965.45 8965.43 8965.42 8965.42 8965.41 8965.41 8965.41 8965.41 8965.41 8965.41 8965.41 8965.41 8965.41 8965.41 8965.41 8965.41 8965.41 8965.41 8965.41 8965.41 8965.41 8965.41 8965.41 8965.41 8965.41 8965.41 8965.41 8965.41 8965.41 8965.41 8965.41 8965.41 8965.41 8965.41 8965.41 8965.41 8965.41 8965.41 8965.41 8965.41 8965.41 8965.41 8965.41 8965.41 8965.41 8965.41 8965.41 8965.41 8965.41 8965.41 8965.41 8965.41 8965.41 8965.41 8965.41 8965.41 8965.41 8965.41 8965.41 8965.41 8965.41 8965.41 8965.41 8965.41 8965.41 8965.41 8965.41 8965.41 8965.41 8965.41 8965.41 8965.41 8965.41 8965.41 8965.41 8965.41 8965.41 8965.41 8965.41 8965.41 8965.41 8965.41 0 0 0 0 0 0 0 0 0 0 0 0 0 0 0 0 0 0 0 0 0 0 0 0 0
#obs catch bio
 2652.47 2314.6 4999.21 5590.02 7581.19 12298.1 14081.3 15535.4 21109.2 31319.3 49684.2 56631.4 77725.8 101476 113226 92111.1 85483.6 71195.3 81435.4 82593.7 80805.3 104286 79825 110340 100767 132257 109694 105930
#pred cpue bio
 3267.47 3764.18 6343.94 7226.51 10004.3 14785.3 17572.4 20283.7 28745.8 43787.3 60009 76275 107431 129666 126272 105194 102162 101474 104614 100299 106882 125117 113646 132819 133256 144682 121401 101024 2.42288e+06 2.3556e+06 1.90926e+06 1.38791e+06 1.04912e+06 858498 757616 705321 678054 663488 655425 650777 647992 646266 645167 644450 643981 643670 643463 643325 643232 643169 643126 643098 643079 643065 643057 643051 643047 643044 643042 643041 643040 643039 643039 643039 643039 643038 643038 643038 643038 643038 643038 643038 643038 643038 643038 643038 643038 643038 643038 643038 643038 643038 643038 643038 643038 643038 643038 643038 643038 643038 643038 643038 643038 643038 643038 643038 643038 643038 643038 643038 643038 643038 643038 643038 643038 643038 643038 643038 643038 643038 643038 643038 643038 643038 643038 643038 643038 643038 643038 643038 643038 643038 643038 643038 643038 643038 643038 643038 0 0 0 0 0 0 0 0 0 0 0 0 0 0 0 0 0 0 0 0 0 0 0 0 0
#obs cpue bio
 3558.69 4789.98 8168.04 7121.31 9510.71 17673.7 20344.4 22365.6 31110.1 56064.6 50517.3 78873.2 115296 122714 98705 74362.4 84333.5 133476 86871 77154.7 107865 127482 129820 121488 155475 118848 109429 81846.8
#pred surv len freq
 3.7621e-11 1.76951e-09 5.76319e-08 1.29974e-06 2.02973e-05 0.000219487 0.0016435 0.00852202 0.030605 0.0761742 0.131733 0.15988 0.141365 0.102417 0.0757064 0.0625364 0.050757 0.0384884 0.0290262 0.0227317 0.0186834 0.0162202 0.0142478 0.0114435 0.00757834
 4.60338e-11 2.16521e-09 7.05195e-08 1.59039e-06 2.48362e-05 0.000268568 0.00201101 0.0104274 0.037444 0.0931599 0.16086 0.194062 0.167784 0.113273 0.0726183 0.0515333 0.0364855 0.0230277 0.013558 0.00821734 0.00535202 0.00377274 0.00281315 0.00203395 0.00127118
 4.37579e-11 2.05816e-09 6.7033e-08 1.51176e-06 2.36083e-05 0.00025529 0.00191159 0.00991209 0.0355965 0.0885906 0.153157 0.185649 0.163362 0.116456 0.0827914 0.0638252 0.0455133 0.0268425 0.0135433 0.00643978 0.00307219 0.00152029 0.000815516 0.000466532 0.00025452
 4.33324e-11 2.03815e-09 6.63813e-08 1.49706e-06 2.33788e-05 0.000252808 0.00189301 0.00981577 0.0352511 0.0877359 0.151713 0.184058 0.162475 0.116921 0.0845208 0.0660275 0.0473043 0.0278303 0.0138076 0.00621766 0.00260364 0.00100041 0.000362927 0.000133934 5.17773e-05
 4.57205e-11 2.15048e-09 7.00396e-08 1.57957e-06 2.46672e-05 0.000266741 0.00199733 0.0103565 0.0371907 0.0925408 0.159866 0.19322 0.168209 0.116044 0.0776284 0.0569719 0.0400997 0.023901 0.0122481 0.00571385 0.00242588 0.000901783 0.000289551 8.18431e-05 2.11292e-05
 4.35042e-11 2.04623e-09 6.66444e-08 1.503e-06 2.34714e-05 0.00025381 0.00190051 0.00985466 0.0353906 0.0880819 0.152302 0.184732 0.162937 0.116966 0.0841793 0.0654975 0.0467907 0.0274441 0.0135782 0.00611844 0.00256581 0.000963296 0.000312552 8.61094e-05 1.99056e-05
 4.28327e-11 2.01465e-09 6.56157e-08 1.4798e-06 2.31092e-05 0.000249893 0.00187118 0.0097026 0.034845 0.0867288 0.149995 0.182088 0.161105 0.116732 0.0854337 0.0675067 0.0488182 0.0291001 0.0147265 0.0067581 0.00283188 0.00104297 0.000330226 8.93356e-05 2.0346e-05
 4.37333e-11 2.05701e-09 6.69954e-08 1.51091e-06 2.35951e-05 0.000255147 0.00191052 0.00990653 0.0355765 0.0885411 0.153072 0.185553 0.1633 0.116471 0.082929 0.0641493 0.046059 0.0274887 0.0140083 0.00650699 0.00276925 0.00103592 0.000331361 8.9601e-05 2.01773e-05
 4.57101e-11 2.14999e-09 7.00237e-08 1.57921e-06 2.46616e-05 0.00026668 0.00199687 0.0103542 0.0371823 0.0925202 0.159833 0.193191 0.168219 0.116124 0.0777639 0.057084 0.0401058 0.0238043 0.012135 0.00565647 0.00242326 0.000915963 0.00029712 8.15785e-05 1.86062e-05
 4.43792e-11 2.08738e-09 6.79847e-08 1.53322e-06 2.39435e-05 0.000258915 0.00193873 0.0100528 0.0361013 0.089843 0.155294 0.188111 0.165108 0.1168 0.0818768 0.0623634 0.0441703 0.0258432 0.0127723 0.0057452 0.00240292 0.000900577 0.000292683 8.09819e-05 1.86732e-05
 4.37063e-11 2.05574e-09 6.6954e-08 1.50998e-06 2.35805e-05 0.00025499 0.00190934 0.00990042 0.0355547 0.0884873 0.152984 0.185467 0.16329 0.116603 0.0831863 0.0644141 0.0461928 0.027451 0.0138673 0.00635618 0.00266268 0.000981048 0.000310774 8.41084e-05 1.91651e-05
 4.50622e-11 2.11951e-09 6.90311e-08 1.55682e-06 2.4312e-05 0.0002629 0.00196857 0.0102075 0.0366561 0.0912171 0.157624 0.19072 0.166712 0.116469 0.0797916 0.0596825 0.0421056 0.0248028 0.0124333 0.00567404 0.00238443 0.000886305 0.000282782 7.64074e-05 1.7207e-05
 4.34074e-11 2.04168e-09 6.64962e-08 1.49965e-06 2.34192e-05 0.000253246 0.00189629 0.00983275 0.035312 0.0878865 0.151967 0.184338 0.162629 0.116837 0.0842266 0.0656872 0.0470954 0.0278041 0.0138868 0.00629939 0.00263284 0.000975615 0.000311363 8.44388e-05 1.9108e-05
 4.10166e-11 1.92923e-09 6.28337e-08 1.41706e-06 2.21294e-05 0.000239298 0.00179185 0.00929136 0.0333697 0.0830718 0.143774 0.175023 0.156427 0.1167 0.0896683 0.0735613 0.0542011 0.03279 0.0169242 0.0079457 0.0033944 0.00126687 0.000403814 0.000109122 2.46359e-05
 3.92748e-11 1.8473e-09 6.01653e-08 1.35688e-06 2.11896e-05 0.000229136 0.00171576 0.00889692 0.0319544 0.0795625 0.137795 0.168192 0.151764 0.11628 0.0931598 0.0788714 0.0592425 0.0366385 0.019548 0.00954805 0.00423232 0.00163185 0.000534952 0.000147536 3.3671e-05
 4.06339e-11 1.91122e-09 6.22473e-08 1.40383e-06 2.19228e-05 0.000237065 0.00177513 0.00920466 0.0330584 0.0822979 0.142442 0.173435 0.155119 0.115981 0.0895136 0.0739086 0.0550736 0.0340884 0.0183106 0.00906193 0.00409946 0.00162544 0.000551045 0.000157306 3.70263e-05
 4.17683e-11 1.96458e-09 6.39852e-08 1.44303e-06 2.25349e-05 0.000243683 0.00182469 0.00946156 0.03398 0.0845826 0.146329 0.177855 0.158063 0.116048 0.0869329 0.0701716 0.0516967 0.0317127 0.0168587 0.00827543 0.00374116 0.0014959 0.000515742 0.000150766 3.65078e-05
 4.00984e-11 1.88604e-09 6.1427e-08 1.38533e-06 2.1634e-05 0.000233941 0.00175174 0.00908343 0.0326237 0.0812224 0.140626 0.171439 0.154024 0.116597 0.0916669 0.0764509 0.0567728 0.0345834 0.0180822 0.00870158 0.00387018 0.00153077 0.000525114 0.000153837 3.76228e-05
 3.95489e-11 1.86019e-09 6.05852e-08 1.36635e-06 2.13375e-05 0.000230735 0.00172774 0.00895896 0.0321767 0.0801106 0.138708 0.169134 0.152065 0.115393 0.0912264 0.0768594 0.0582285 0.0368687 0.0204176 0.0103726 0.00474583 0.00188354 0.000640188 0.000185408 4.4986e-05
 4.13578e-11 1.94527e-09 6.33563e-08 1.42884e-06 2.23134e-05 0.000241288 0.00180675 0.00936858 0.0336463 0.0837534 0.144906 0.176178 0.156745 0.115464 0.0870425 0.0707903 0.0527064 0.0329761 0.0181101 0.00924664 0.00433795 0.00179034 0.000632697 0.000188033 4.60535e-05
 4.24624e-11 1.99723e-09 6.50484e-08 1.467e-06 2.29094e-05 0.000247732 0.001855 0.00961872 0.0345438 0.08598 0.148706 0.18055 0.159835 0.116023 0.0852532 0.067784 0.0495749 0.0302701 0.0160361 0.0078855 0.00360803 0.00147746 0.00052681 0.00016016 4.03952e-05
 4.06649e-11 1.91268e-09 6.22948e-08 1.4049e-06 2.19396e-05 0.000237246 0.00177649 0.00921169 0.0330837 0.0823615 0.142556 0.173593 0.155322 0.116251 0.0898312 0.074131 0.055027 0.0337618 0.0178825 0.00872433 0.00391884 0.00156249 0.000542267 0.000161927 4.06837e-05
 4.07857e-11 1.91836e-09 6.24798e-08 1.40908e-06 2.20047e-05 0.00023795 0.00178176 0.00923905 0.0331819 0.0826052 0.142973 0.174079 0.155685 0.116368 0.0897169 0.0738746 0.054707 0.0334317 0.0175945 0.00851719 0.00379353 0.00149544 0.000510214 0.000148964 3.65428e-05
 4.10567e-11 1.93111e-09 6.2895e-08 1.41844e-06 2.2151e-05 0.000239531 0.0017936 0.00930038 0.0334015 0.0831462 0.143869 0.174979 0.155884 0.115274 0.0874976 0.0716432 0.0537059 0.0339133 0.0187866 0.00956896 0.00439949 0.00175684 0.000600285 0.000174265 4.22619e-05
 4.07759e-11 1.9179e-09 6.24648e-08 1.40874e-06 2.19995e-05 0.000237893 0.00178133 0.00923682 0.0331738 0.0825844 0.142932 0.174004 0.155541 0.116102 0.0893382 0.0735183 0.0545544 0.0335543 0.0179164 0.00889529 0.00410405 0.00168458 0.000595933 0.000177797 4.37417e-05
 3.99635e-11 1.87969e-09 6.12204e-08 1.38067e-06 2.15612e-05 0.000233154 0.00174585 0.00905285 0.0325136 0.0809462 0.140133 0.170769 0.153206 0.115558 0.0904791 0.0756338 0.0569586 0.0357968 0.0196556 0.00995114 0.00458874 0.00185916 0.000651776 0.000195543 4.90135e-05
 3.8907e-11 1.83e-09 5.96018e-08 1.34417e-06 2.09912e-05 0.00022699 0.0016997 0.00881363 0.0316556 0.078822 0.136536 0.166766 0.150834 0.116306 0.0940415 0.0800476 0.0601591 0.0371504 0.0198515 0.00983061 0.0045078 0.00183735 0.000648036 0.000194411 4.85669e-05
 3.89518e-11 1.83211e-09 5.96705e-08 1.34572e-06 2.10153e-05 0.000227252 0.00170165 0.00882376 0.0316918 0.0789097 0.136672 0.166856 0.150676 0.115708 0.093082 0.079216 0.060001 0.0377101 0.020655 0.0104189 0.00478272 0.00192613 0.000670171 0.000199574 4.98007e-05
#obs surv len freq
 4.07816e-11 1.91817e-09 6.24735e-08 1.40894e-06 2.20025e-05 0.000237927 0.00178158 0.0092381 0.0331785 0.082595 0.142945 0.173999 0.155465 0.115906 0.0890493 0.0732935 0.0545633 0.0337911 0.0181991 0.00906803 0.00415885 0.00168911 0.000594513 0.000178834 4.50006e-05
 4.92996e-11 2.31882e-09 7.55224e-08 1.70322e-06 2.65982e-05 0.000287621 0.00215367 0.0111669 0.040098 0.0997436 0.172097 0.207003 0.17697 0.115092 0.0678001 0.0437516 0.0291885 0.0174513 0.00926992 0.00457602 0.00208198 0.000839018 0.000292856 8.73272e-05 2.1782e-05
 4.15312e-11 1.95343e-09 6.36219e-08 1.43483e-06 2.2407e-05 0.0002423 0.00181433 0.00940795 0.0337888 0.0841175 0.145602 0.177332 0.158747 0.118895 0.0916106 0.0744216 0.0529356 0.0295405 0.0132128 0.0052318 0.00200127 0.000737152 0.000247986 7.2756e-05 1.79617e-05
 4.73421e-11 2.22675e-09 7.25236e-08 1.63559e-06 2.55421e-05 0.000276201 0.00206816 0.0107237 0.038508 0.0958039 0.165406 0.199457 0.172154 0.115565 0.073132 0.0510185 0.0353312 0.0212245 0.0110435 0.00515077 0.00210929 0.000727136 0.000210472 5.274e-05 1.16266e-05
 4.44406e-11 2.09027e-09 6.80788e-08 1.53535e-06 2.39767e-05 0.000259274 0.00194142 0.0100667 0.0361517 0.0899701 0.155527 0.188455 0.165608 0.117552 0.0828146 0.063049 0.0440897 0.0249802 0.0116557 0.00489548 0.00194969 0.000711856 0.00022491 5.91358e-05 1.26574e-05
 4.34263e-11 2.04257e-09 6.6525e-08 1.50031e-06 2.34295e-05 0.000253356 0.00189711 0.00983703 0.0353275 0.0879253 0.152036 0.184434 0.162753 0.117007 0.0844412 0.0658819 0.0471733 0.0277188 0.013671 0.00603743 0.00241226 0.000840353 0.000250383 6.39608e-05 1.3866e-05
 4.32515e-11 2.03434e-09 6.62571e-08 1.49427e-06 2.33351e-05 0.000252336 0.00188947 0.00979742 0.0351853 0.087572 0.151429 0.183716 0.162181 0.116734 0.0844493 0.0661037 0.047577 0.0282603 0.0142393 0.00650167 0.00270666 0.000983446 0.000302432 7.78321e-05 1.65748e-05
 4.60932e-11 2.168e-09 7.06104e-08 1.59244e-06 2.48683e-05 0.000268915 0.0020136 0.0104409 0.0374937 0.0932921 0.161149 0.194699 0.169265 0.116262 0.0770622 0.0559734 0.0390101 0.0229218 0.0115003 0.00525415 0.00220653 0.000817387 0.000258916 6.90322e-05 1.5196e-05
 4.69875e-11 2.21007e-09 7.19804e-08 1.62334e-06 2.53508e-05 0.000274132 0.00205267 0.0106434 0.0382204 0.0950949 0.164226 0.198239 0.171764 0.116707 0.0755951 0.0535023 0.0364196 0.0206824 0.00981603 0.00419763 0.00167733 0.000606994 0.000191548 5.15491e-05 1.1564e-05
 4.42549e-11 2.08154e-09 6.77943e-08 1.52893e-06 2.38765e-05 0.00025819 0.00193331 0.0100247 0.0360009 0.0895962 0.154892 0.187736 0.16514 0.117575 0.0833007 0.0637545 0.0447494 0.0254423 0.0118773 0.00491798 0.0018791 0.000644715 0.000192408 4.93986e-05 1.0766e-05
 4.54307e-11 2.13684e-09 6.95955e-08 1.56955e-06 2.45108e-05 0.000265049 0.00198466 0.0102909 0.0369556 0.0919595 0.15889 0.192172 0.167721 0.11661 0.07914 0.0586641 0.0411298 0.0240291 0.0118423 0.0052334 0.00208979 0.000723162 0.00021128 5.20742e-05 1.07986e-05
 4.54988e-11 2.14005e-09 6.96999e-08 1.57191e-06 2.45476e-05 0.000265447 0.00198764 0.0103063 0.0370111 0.0920978 0.159131 0.192471 0.168007 0.116852 0.0793191 0.0586898 0.0408962 0.0235832 0.0113971 0.00496392 0.00199673 0.000713436 0.000217835 5.57113e-05 1.17275e-05
 4.32432e-11 2.03395e-09 6.62445e-08 1.49398e-06 2.33307e-05 0.000252288 0.00188911 0.00979557 0.0351789 0.087558 0.151419 0.183768 0.162431 0.11733 0.0853321 0.0668569 0.0477162 0.0277217 0.0134205 0.00582944 0.00232626 0.000822716 0.000249932 6.44103e-05 1.38525e-05
 4.03544e-11 1.89808e-09 6.18191e-08 1.39418e-06 2.17721e-05 0.000235434 0.00176292 0.00914141 0.032832 0.0817402 0.141519 0.172512 0.154935 0.117163 0.0919075 0.0763752 0.0563121 0.0337591 0.0170985 0.00781654 0.00323686 0.00116428 0.00035479 9.11037e-05 1.95089e-05
 3.79207e-11 1.78361e-09 5.8091e-08 1.3101e-06 2.04591e-05 0.000221236 0.00165662 0.0085903 0.0308546 0.0768362 0.133159 0.162936 0.148317 0.116348 0.0964598 0.0835308 0.0633383 0.0393767 0.0210914 0.0102987 0.00452623 0.00171351 0.000546399 0.000145465 3.18625e-05
 4.20062e-11 1.97577e-09 6.43495e-08 1.45125e-06 2.26633e-05 0.000245071 0.00183508 0.00951538 0.0341729 0.0850566 0.14711 0.17862 0.158156 0.114907 0.084724 0.0679955 0.0507889 0.032314 0.0181687 0.00941161 0.00438583 0.00176235 0.000598141 0.000169148 3.90617e-05
 4.08856e-11 1.92306e-09 6.26329e-08 1.41253e-06 2.20587e-05 0.000238534 0.00178613 0.00926169 0.0332633 0.0828071 0.143319 0.174485 0.155998 0.116486 0.0896306 0.0735992 0.0542673 0.032938 0.0172402 0.00841209 0.00386289 0.00159666 0.00057101 0.000171558 4.20971e-05
 4.01811e-11 1.88993e-09 6.15537e-08 1.38819e-06 2.16786e-05 0.000234424 0.00175535 0.00910215 0.0326908 0.081387 0.140896 0.171699 0.154037 0.11616 0.0908454 0.0756664 0.0564901 0.0348685 0.0185955 0.00910312 0.00407418 0.00161102 0.000554932 0.000165054 4.13297e-05
 4.01361e-11 1.88781e-09 6.14847e-08 1.38664e-06 2.16543e-05 0.000234161 0.00175339 0.00909194 0.0326541 0.0812948 0.140731 0.171473 0.153756 0.115792 0.0904121 0.0753431 0.0565014 0.0352504 0.0191502 0.0095905 0.0043793 0.00175111 0.00060094 0.000175306 4.2788e-05
 4.29331e-11 2.01936e-09 6.57694e-08 1.48327e-06 2.31633e-05 0.000250478 0.00187556 0.00972528 0.0349261 0.0869254 0.150302 0.182304 0.160796 0.115479 0.0833605 0.065558 0.0481031 0.029862 0.0162505 0.00819305 0.00378691 0.0015404 0.000538713 0.000159496 3.91437e-05
 4.16873e-11 1.96077e-09 6.38609e-08 1.44023e-06 2.24912e-05 0.00024321 0.00182115 0.00944321 0.0339146 0.0844218 0.146069 0.177621 0.158119 0.116628 0.0879585 0.0711283 0.0520071 0.0312907 0.0161323 0.00769197 0.00343589 0.0013828 0.000485568 0.000145459 3.62257e-05
 4.08828e-11 1.92293e-09 6.26285e-08 1.41243e-06 2.20572e-05 0.000238517 0.001786 0.00926103 0.0332608 0.0828003 0.143302 0.174441 0.155886 0.116264 0.0893462 0.073454 0.0544594 0.0333967 0.017644 0.00853456 0.00376705 0.00146348 0.000492836 0.000143061 3.51199e-05
 4.15276e-11 1.95326e-09 6.36164e-08 1.43471e-06 2.24051e-05 0.000242279 0.00181417 0.00940704 0.0337845 0.0840968 0.145497 0.176884 0.157331 0.115797 0.0871429 0.0706936 0.0523999 0.0324729 0.017511 0.00869474 0.00393479 0.00155728 0.000527553 0.00015143 3.62655e-05
 4.09995e-11 1.92842e-09 6.28074e-08 1.41646e-06 2.21201e-05 0.000239198 0.0017911 0.00928746 0.0333556 0.0830346 0.143697 0.174873 0.156112 0.116099 0.0888163 0.0728025 0.0539662 0.0331908 0.01769 0.00871689 0.00396054 0.00159201 0.000551143 0.000161461 3.91565e-05
 4.01473e-11 1.88834e-09 6.15019e-08 1.38702e-06 2.16604e-05 0.000234226 0.00175388 0.00909448 0.0326632 0.081318 0.140774 0.171538 0.153855 0.115948 0.0906114 0.0754949 0.0564968 0.0350785 0.0189137 0.00940149 0.00427721 0.00171364 0.000592525 0.000174579 4.28726e-05
 3.95516e-11 1.86032e-09 6.05893e-08 1.36644e-06 2.1339e-05 0.000230751 0.00172785 0.00895957 0.0321791 0.0801168 0.138722 0.169168 0.152149 0.115559 0.0914475 0.0770017 0.0581519 0.0365983 0.0201404 0.0102379 0.00474333 0.00192527 0.000671243 0.000198584 4.88725e-05
 3.73945e-11 1.75886e-09 5.72849e-08 1.29192e-06 2.01752e-05 0.000218166 0.00163363 0.00847112 0.0304267 0.0757726 0.131329 0.16076 0.146542 0.115407 0.0962994 0.0840084 0.0644326 0.0409829 0.0228583 0.0118162 0.0055779 0.00231066 0.000822394 0.000247672 6.17547e-05
 4.0564e-11 1.90793e-09 6.21402e-08 1.40142e-06 2.18852e-05 0.000236657 0.00177207 0.00918879 0.033001 0.0821499 0.142152 0.172929 0.154182 0.114305 0.0872314 0.0720212 0.0547866 0.0355817 0.020602 0.0110581 0.00536651 0.00227004 0.00082392 0.000253145 6.43711e-05
#pred catch len freq
 3.13604e-11 1.47504e-09 4.80411e-08 1.08345e-06 1.69196e-05 0.000182962 0.00137002 0.00710421 0.0255173 0.0635505 0.110171 0.134985 0.123475 0.0983218 0.0841122 0.0769045 0.0650063 0.0501647 0.0382519 0.0301468 0.0248431 0.0215863 0.0189657 0.0152336 0.0100884
 4.12911e-11 1.94214e-09 6.32541e-08 1.42654e-06 2.22774e-05 0.000240899 0.00180384 0.0093534 0.0335909 0.0836077 0.1446 0.175549 0.155365 0.112717 0.0828848 0.0663497 0.0495609 0.0319285 0.0190375 0.0116464 0.00762277 0.005383 0.00401582 0.00290384 0.00181488
 3.99154e-11 1.87743e-09 6.11466e-08 1.37901e-06 2.15352e-05 0.000232873 0.00174375 0.009042 0.0324751 0.0808555 0.140011 0.170783 0.153732 0.116975 0.0925851 0.0772913 0.0568926 0.0339411 0.0172513 0.00825823 0.00395824 0.00196319 0.00105397 0.000603094 0.000329041
 3.90328e-11 1.83592e-09 5.97946e-08 1.34852e-06 2.10591e-05 0.000227724 0.0017052 0.00884217 0.0317584 0.0790811 0.137006 0.167439 0.15175 0.117619 0.095668 0.0813077 0.0602038 0.0358481 0.0179258 0.00813052 0.00342221 0.00131848 0.000478899 0.000176827 6.83733e-05
 4.16297e-11 1.95806e-09 6.37728e-08 1.43824e-06 2.24601e-05 0.000242874 0.00181863 0.00943018 0.0338676 0.0843056 0.14587 0.177387 0.157938 0.116561 0.0880229 0.0713394 0.0523633 0.0316914 0.0163896 0.00770398 0.00328722 0.00122505 0.000393794 0.000111368 2.87594e-05
 3.94196e-11 1.85411e-09 6.03871e-08 1.36188e-06 2.12677e-05 0.000229981 0.00172209 0.00892975 0.0320727 0.07986 0.138332 0.168948 0.152761 0.117656 0.0948065 0.0800428 0.0590464 0.0350372 0.0174654 0.00792444 0.00333951 0.00125692 0.000408264 0.000112531 2.60192e-05
 3.87505e-11 1.82264e-09 5.93621e-08 1.33876e-06 2.09067e-05 0.000226077 0.00169286 0.00877823 0.0315289 0.0785113 0.13603 0.166298 0.150887 0.117316 0.0959054 0.0819275 0.0610698 0.0368113 0.0187653 0.00866732 0.00364802 0.00134659 0.000426789 0.000115513 2.63138e-05
 3.94524e-11 1.85565e-09 6.04374e-08 1.36301e-06 2.12854e-05 0.000230172 0.00172352 0.00893716 0.032099 0.0799234 0.138426 0.16899 0.152568 0.117048 0.0938561 0.0792222 0.0588895 0.0355985 0.0182913 0.00855776 0.00365972 0.00137235 0.000439448 0.000118886 2.67785e-05
 4.16268e-11 1.95793e-09 6.37684e-08 1.43814e-06 2.24586e-05 0.000242858 0.00181851 0.00942953 0.0338653 0.0843003 0.145863 0.177391 0.15798 0.116668 0.0881776 0.0714516 0.0523379 0.0315391 0.0162252 0.00762116 0.00328165 0.00124359 0.000403844 0.000110937 2.53084e-05
 4.01582e-11 1.88885e-09 6.15186e-08 1.3874e-06 2.16662e-05 0.00023429 0.00175436 0.009097 0.0326726 0.0813467 0.140858 0.171799 0.154592 0.117512 0.0928586 0.0773953 0.0568378 0.0336927 0.01679 0.00760941 0.00319969 0.00120249 0.000391268 0.000108315 2.49819e-05
 3.97238e-11 1.86842e-09 6.08532e-08 1.37239e-06 2.14319e-05 0.000231756 0.00173538 0.00899862 0.0323196 0.0804705 0.13936 0.170063 0.153325 0.11718 0.0934134 0.0784915 0.0581455 0.0349655 0.0177964 0.00821083 0.0034551 0.00127593 0.000404599 0.000109553 2.49688e-05
 4.09211e-11 1.92473e-09 6.26873e-08 1.41375e-06 2.20778e-05 0.000238741 0.00178768 0.00926974 0.0332922 0.0828811 0.143459 0.174708 0.156364 0.117102 0.0904708 0.0743539 0.0545298 0.0325758 0.0164716 0.00757382 0.00319937 0.00119237 0.000380875 0.000102966 2.31938e-05
 3.90237e-11 1.83549e-09 5.97806e-08 1.3482e-06 2.10541e-05 0.000227671 0.0017048 0.00884009 0.031751 0.0790623 0.136972 0.16739 0.151684 0.117526 0.0955593 0.0812422 0.0602527 0.0360161 0.0181352 0.00828752 0.00348174 0.0012936 0.000413328 0.000112149 2.53851e-05
 3.65574e-11 1.71948e-09 5.60025e-08 1.263e-06 1.97235e-05 0.000213282 0.00159706 0.00828161 0.0297473 0.0740948 0.128515 0.157759 0.145217 0.117234 0.100956 0.0891859 0.0675616 0.0413076 0.0214796 0.0101511 0.00435566 0.00162922 0.000519823 0.000140535 3.17352e-05
 3.50551e-11 1.64883e-09 5.37012e-08 1.2111e-06 1.8913e-05 0.000204518 0.00153144 0.00794142 0.0285266 0.0710672 0.123352 0.151833 0.141082 0.11662 0.103601 0.0934491 0.0718396 0.0448361 0.0240803 0.0118284 0.005262 0.0020324 0.000666775 0.000183959 4.19911e-05
 3.62911e-11 1.70696e-09 5.55945e-08 1.2538e-06 1.95798e-05 0.000211729 0.00158543 0.00822128 0.0295305 0.0735545 0.127576 0.156594 0.144109 0.116294 0.100202 0.0888556 0.0680103 0.0425365 0.0230164 0.0114611 0.00520481 0.00206751 0.000701478 0.000200323 4.71599e-05
 3.74836e-11 1.76305e-09 5.74213e-08 1.29499e-06 2.02232e-05 0.000218686 0.00163752 0.00849131 0.0304993 0.0759563 0.131664 0.161247 0.147226 0.116412 0.0975581 0.0849829 0.0644638 0.0399874 0.0214198 0.0105819 0.00480341 0.00192439 0.00066403 0.000194187 4.70305e-05
 3.51859e-11 1.65497e-09 5.39015e-08 1.21561e-06 1.89836e-05 0.000205281 0.00153715 0.00797103 0.028633 0.0713325 0.123814 0.15241 0.141639 0.117104 0.103978 0.0935438 0.0714342 0.0439951 0.0231912 0.0112416 0.00502383 0.00199169 0.000683915 0.000200447 4.90322e-05
 3.49048e-11 1.64175e-09 5.34708e-08 1.2059e-06 1.88319e-05 0.000203641 0.00152487 0.00790733 0.028404 0.0707596 0.122804 0.151096 0.140201 0.115529 0.102372 0.0926102 0.0720387 0.0461007 0.0257263 0.0131504 0.00603921 0.00240111 0.000816752 0.000236633 5.74258e-05
 3.69133e-11 1.73622e-09 5.65477e-08 1.27529e-06 1.99155e-05 0.000215359 0.00161261 0.00836215 0.0300357 0.0748047 0.129688 0.158925 0.145421 0.115658 0.0977939 0.085916 0.0658864 0.0416995 0.0230833 0.0118619 0.00558654 0.00230982 0.000816908 0.000242862 5.9492e-05
 3.7809e-11 1.77835e-09 5.79199e-08 1.30624e-06 2.03988e-05 0.000220584 0.00165174 0.008565 0.0307637 0.0766116 0.132779 0.162515 0.148071 0.116431 0.0968077 0.0838745 0.0634228 0.039222 0.0209604 0.0103837 0.00477363 0.00195916 0.000699232 0.000212666 5.3648e-05
 3.64862e-11 1.71614e-09 5.58935e-08 1.26054e-06 1.96851e-05 0.000212867 0.00159395 0.00826548 0.0296892 0.0739489 0.128254 0.157399 0.144761 0.116626 0.100222 0.0886015 0.0674872 0.0418192 0.0223045 0.0109466 0.00493588 0.00197164 0.000684813 0.000204566 5.14051e-05
 3.5702e-11 1.67925e-09 5.46921e-08 1.23344e-06 1.9262e-05 0.000208292 0.0015597 0.0080879 0.0290522 0.0723707 0.125574 0.154381 0.142848 0.116848 0.102393 0.0915111 0.0698755 0.0432185 0.0229458 0.0111935 0.00501055 0.00198 0.000676249 0.000197534 4.84684e-05
 3.65658e-11 1.71988e-09 5.60153e-08 1.26328e-06 1.9728e-05 0.000213331 0.00159743 0.00828345 0.0297533 0.0741038 0.12849 0.157537 0.144413 0.115409 0.0982779 0.0868735 0.0670536 0.0428305 0.0239139 0.0122568 0.00565642 0.00226278 0.000773768 0.000224712 5.45061e-05
 3.5854e-11 1.6864e-09 5.49251e-08 1.2387e-06 1.93441e-05 0.000209179 0.00156634 0.00812232 0.0291756 0.0726754 0.126085 0.154923 0.143077 0.116488 0.101491 0.0904759 0.0691835 0.0430579 0.0231891 0.0115988 0.00537654 0.00221177 0.000783154 0.000233748 5.75173e-05
 3.56929e-11 1.67882e-09 5.46782e-08 1.23313e-06 1.92571e-05 0.000208239 0.0015593 0.00808581 0.0290443 0.0723476 0.12551 0.154191 0.142322 0.115741 0.100808 0.0901778 0.0696506 0.0442119 0.0244476 0.0124483 0.00576034 0.00233771 0.000820144 0.000246139 6.17052e-05
 3.44492e-11 1.62032e-09 5.27729e-08 1.19016e-06 1.85861e-05 0.000200983 0.00150497 0.0078042 0.0280344 0.0698472 0.121278 0.149484 0.139546 0.116657 0.105052 0.0954133 0.0734191 0.0457666 0.0246279 0.0122708 0.00564868 0.00230662 0.000814186 0.00024434 6.10494e-05
 3.58265e-11 1.68511e-09 5.48828e-08 1.23774e-06 1.93292e-05 0.000209018 0.00156513 0.00811606 0.0291529 0.0726171 0.125972 0.154728 0.142723 0.115867 0.100679 0.0898927 0.069297 0.0438477 0.0241278 0.0122162 0.00562064 0.00226606 0.000788823 0.00023496 5.86372e-05
#obs catch len freq
 3.54911e-11 1.66933e-09 5.43691e-08 1.22616e-06 1.91483e-05 0.000207062 0.00155049 0.00804013 0.0288807 0.0719431 0.124831 0.153462 0.141985 0.116136 0.101846 0.0912955 0.0702466 0.0441668 0.02411 0.0121765 0.00564856 0.00231692 0.000823355 0.000250052 6.35158e-05
 3.57717e-11 1.68253e-09 5.47988e-08 1.23585e-06 1.92996e-05 0.000208699 0.00156274 0.00810366 0.0291087 0.0725086 0.125796 0.154572 0.142768 0.116275 0.101388 0.0905365 0.0694693 0.0435064 0.0236036 0.0118322 0.00544774 0.00221709 0.000781169 0.000235123 5.9186e-05
 4.60166e-11 2.1644e-09 7.04931e-08 1.5898e-06 2.4827e-05 0.000268468 0.00201026 0.0104235 0.0374311 0.0931341 0.160861 0.194278 0.168669 0.115378 0.075951 0.0551073 0.0389691 0.0237812 0.0127525 0.00633573 0.00289404 0.00116866 0.00040835 0.00012184 3.04014e-05
 3.67597e-11 1.729e-09 5.63124e-08 1.26999e-06 1.98327e-05 0.000214463 0.00160591 0.00832751 0.0299131 0.0745151 0.129297 0.158962 0.147084 0.120195 0.104736 0.0920001 0.0673216 0.037924 0.0170596 0.00679754 0.00261523 0.000966703 0.000325753 9.56454e-05 2.36217e-05
 4.35605e-11 2.04887e-09 6.67305e-08 1.50494e-06 2.35018e-05 0.000254139 0.00190297 0.00986737 0.035436 0.0881909 0.152465 0.184812 0.162632 0.115985 0.0826651 0.0642574 0.0467094 0.0285362 0.0149724 0.00702522 0.00288791 0.000997611 0.000289107 7.25047e-05 1.59931e-05
 4.01318e-11 1.8876e-09 6.1478e-08 1.38649e-06 2.1652e-05 0.000234136 0.0017532 0.00909104 0.0326517 0.081298 0.140798 0.171843 0.155 0.118559 0.0944268 0.0787251 0.0570595 0.0327197 0.0153699 0.00649712 0.00260102 0.000952471 0.000301355 7.92908e-05 1.6978e-05
 3.89341e-11 1.83127e-09 5.96433e-08 1.34511e-06 2.10058e-05 0.000227148 0.00170088 0.00881981 0.0316784 0.078883 0.136673 0.167078 0.151574 0.117795 0.0961771 0.0819378 0.0607043 0.0360932 0.0179246 0.00796369 0.00319575 0.00111602 0.000332956 8.5122e-05 1.84628e-05
 3.88209e-11 1.82595e-09 5.947e-08 1.3412e-06 2.09448e-05 0.000226488 0.00169594 0.00879418 0.0315863 0.0786535 0.136274 0.166585 0.151112 0.117414 0.0958812 0.0818107 0.0608825 0.0365878 0.0185623 0.0085255 0.00356376 0.00129775 0.000399547 0.000102894 2.1921e-05
 4.21417e-11 1.98214e-09 6.4557e-08 1.45592e-06 2.27364e-05 0.000245861 0.001841 0.00954612 0.0342838 0.0853379 0.147633 0.179422 0.159399 0.116883 0.0872775 0.0699946 0.0508699 0.0303242 0.0153306 0.0070473 0.00297219 0.00110355 0.000349975 9.33729e-05 2.05624e-05
 4.3237e-11 2.03366e-09 6.6235e-08 1.49377e-06 2.33273e-05 0.000252252 0.00188884 0.00979418 0.0351739 0.0875463 0.151403 0.18377 0.162498 0.117513 0.0856028 0.0670696 0.0477109 0.0275002 0.0131498 0.00565916 0.00227233 0.000824575 0.000260569 7.01752e-05 1.5749e-05
 3.9971e-11 1.88004e-09 6.12317e-08 1.38093e-06 2.15652e-05 0.000233198 0.00174618 0.00905463 0.0325211 0.0809743 0.140247 0.171219 0.15459 0.118569 0.0948405 0.0793496 0.0576778 0.0331802 0.0155909 0.00649498 0.00249379 0.000858081 0.000256466 6.58992e-05 1.43693e-05
 4.12998e-11 1.94254e-09 6.32673e-08 1.42684e-06 2.22821e-05 0.00024095 0.00180422 0.00935549 0.0336001 0.0836446 0.144762 0.176212 0.157442 0.117337 0.0899355 0.0734313 0.0535726 0.0317283 0.0157523 0.00700402 0.00280904 0.000974413 0.000285053 7.03113e-05 1.45878e-05
 4.13509e-11 1.94495e-09 6.33457e-08 1.42861e-06 2.23097e-05 0.000241248 0.00180646 0.00936709 0.0336418 0.0837491 0.144948 0.176458 0.157726 0.117671 0.0902832 0.0736114 0.0533801 0.0312027 0.0151906 0.00665845 0.00269106 0.000964066 0.000294755 7.54389e-05 1.58873e-05
 3.87143e-11 1.82093e-09 5.93067e-08 1.33752e-06 2.08872e-05 0.000225866 0.00169128 0.00877006 0.0315001 0.0784423 0.135933 0.166283 0.151202 0.118217 0.0972947 0.0831454 0.0613543 0.0360564 0.017574 0.00768076 0.00307925 0.00109187 0.000332149 8.56638e-05 1.84319e-05
 3.54381e-11 1.66684e-09 5.42878e-08 1.22433e-06 1.91196e-05 0.000206753 0.00154817 0.00802817 0.0288384 0.0718438 0.124701 0.153498 0.142638 0.117885 0.104547 0.0937707 0.0710823 0.0430428 0.0219446 0.010091 0.00419595 0.00151265 0.0004615 0.000118589 2.5406e-05
 3.26894e-11 1.53755e-09 5.0077e-08 1.12936e-06 1.76367e-05 0.000190716 0.0014281 0.00740571 0.0266049 0.066304 0.115252 0.142655 0.135071 0.116765 0.109397 0.101604 0.0789707 0.0495637 0.0267274 0.0131256 0.00579013 0.0021963 0.000701086 0.000186764 4.09251e-05
 3.71361e-11 1.7467e-09 5.68889e-08 1.28299e-06 2.00357e-05 0.000216658 0.00162234 0.00841257 0.0302165 0.0752503 0.130431 0.159697 0.145688 0.114991 0.096323 0.0844303 0.0652405 0.0420313 0.023814 0.0124072 0.00580189 0.00233555 0.000793447 0.000224508 5.18645e-05
 3.59037e-11 1.68874e-09 5.5001e-08 1.24041e-06 1.93708e-05 0.000209469 0.00156851 0.00813357 0.0292162 0.0727777 0.126271 0.155192 0.143454 0.117036 0.102161 0.0909517 0.0690942 0.042397 0.0223521 0.0109755 0.00506142 0.00209662 0.000750605 0.000225644 5.53864e-05
 3.50433e-11 1.64827e-09 5.3683e-08 1.21069e-06 1.89066e-05 0.000204449 0.00153092 0.00793873 0.0285171 0.0710432 0.12331 0.151784 0.14104 0.116593 0.103584 0.093433 0.0718185 0.0448141 0.0240736 0.0118569 0.00532786 0.00211124 0.000728067 0.000216692 5.42813e-05
 3.49558e-11 1.64415e-09 5.35489e-08 1.20766e-06 1.88594e-05 0.000203939 0.0015271 0.0079189 0.0284458 0.0708649 0.122996 0.151377 0.140599 0.116114 0.103086 0.0931074 0.0719181 0.0453697 0.0248312 0.0125114 0.00573526 0.00229794 0.000789446 0.000230442 5.62668e-05
 3.81367e-11 1.79377e-09 5.84218e-08 1.31756e-06 2.05756e-05 0.000222496 0.00166605 0.00863918 0.0310297 0.0772686 0.133882 0.163696 0.148612 0.115769 0.0950822 0.0819884 0.0623596 0.03922 0.0215125 0.0109136 0.00506411 0.00206409 0.000722621 0.000214075 5.25577e-05
 3.67071e-11 1.72653e-09 5.62318e-08 1.26817e-06 1.98043e-05 0.000214156 0.0016036 0.00831551 0.029869 0.0743964 0.129029 0.158347 0.145617 0.117259 0.100607 0.0885884 0.0668716 0.0406995 0.0211397 0.0101457 0.00455227 0.00183642 0.000645619 0.000193528 4.82146e-05
 3.57171e-11 1.67996e-09 5.47152e-08 1.23397e-06 1.92702e-05 0.00020838 0.00156036 0.00809131 0.0290645 0.0724007 0.125623 0.154426 0.142845 0.116759 0.102241 0.0913938 0.0698926 0.0433538 0.0230775 0.0112338 0.00497932 0.00193879 0.000653685 0.000189886 4.66348e-05
 3.64368e-11 1.71381e-09 5.58178e-08 1.25883e-06 1.96585e-05 0.000212579 0.0015918 0.00825427 0.029649 0.0738474 0.128071 0.157141 0.144423 0.116161 0.0996681 0.0882125 0.0675667 0.0423819 0.0230326 0.0115088 0.00522935 0.00207401 0.000703386 0.000202034 4.84039e-05
 3.58156e-11 1.6846e-09 5.48662e-08 1.23737e-06 1.93233e-05 0.000208955 0.00156466 0.00811362 0.0291445 0.0725983 0.125955 0.154781 0.143004 0.116546 0.10168 0.090726 0.0694061 0.0431878 0.0231962 0.0115044 0.00524917 0.00211466 0.000732913 0.00021485 5.21237e-05
 3.4796e-11 1.63663e-09 5.33041e-08 1.20214e-06 1.87732e-05 0.000203006 0.00152012 0.00788271 0.028316 0.070544 0.122455 0.150785 0.140285 0.116326 0.10377 0.0939014 0.0724307 0.0454879 0.0247164 0.0123652 0.00564896 0.00226816 0.000785165 0.000231492 5.68716e-05
 3.41117e-11 1.60445e-09 5.22559e-08 1.1785e-06 1.8404e-05 0.000199014 0.00149023 0.00772776 0.02776 0.069164 0.120096 0.148051 0.138289 0.115799 0.104614 0.0955315 0.0743099 0.0473005 0.026233 0.0134196 0.00624224 0.00253891 0.00088616 0.000262335 6.45869e-05
 3.17894e-11 1.49522e-09 4.86983e-08 1.09827e-06 1.71511e-05 0.000185466 0.00138878 0.00720187 0.0258732 0.0644865 0.112134 0.138988 0.132214 0.115551 0.109713 0.102964 0.0810376 0.0520789 0.0292665 0.0152224 0.00721349 0.00299414 0.00106677 0.000321461 8.01825e-05
#spawning biomass
 2823.34 2738.6 4755.47 5446.37 7150.58 11099.3 13384.8 15175.2 20546.9 32252.8 44898.8 55338.2 80840.8 102184 102441 83598.9 79601 81241.9 84671.6 78852.7 82225.6 99324.2 90007.6 104975 105648 116339 99054.4 82451.9 49746.6 110505 83728.1 57655.8 41673.2 33215.6 29086.5 27167.2 26302.7 25921.3 25755.4 25683.9 25653.3 25640.2 25634.7 25632.3 25631.3 25630.9 25630.7 25630.7 25630.6 25630.6 25630.6 25630.6 25630.6 25630.6 25630.6 25630.6 25630.6 25630.6 25630.6 25630.6 25630.6 25630.6 25630.6 25630.6 25630.6 25630.6 25630.6 25630.6 25630.6 25630.6 25630.6 25630.6 25630.6 25630.6 25630.6 25630.6 25630.6 25630.6 25630.6 25630.6 25630.6 25630.6 25630.6 25630.6 25630.6 25630.6 25630.6 25630.6 25630.6 25630.6 25630.6 25630.6 25630.6 25630.6 25630.6 25630.6 25630.6 25630.6 25630.6 25630.6 25630.6 25630.6 25630.6 25630.6 25630.6 25630.6 25630.6 25630.6 25630.6 25630.6 25630.6 25630.6 25630.6 25630.6 25630.6 25630.6 25630.6 25630.6 25630.6 25630.6 25630.6 25630.6 25630.6 25630.6 25630.6 25630.6 25630.6 25630.6 0 0 0 0 0 0 0 0 0 0 0 0 0 0 0 0 0 0 0 0 0 0 0 0 0
