SBPRF35
0.819782
Curr Bio
154417
B35
690237
F35
0.211007
FOFL
0.0614551
OFL
10347.3
Bzero
234224
#pred survey bio
 6282 7044.41 8659.49 11569 16242.2 18576.5 18044.4 23784 35564 48490 62082.1 80739.7 107419 132260 126820 111530 102592 99092.3 98764.4 99137.7 94471 104409 108312 120350 131975 134237 131608 166274 8.21405e+06 7.61811e+06 8.4433e+06 8.07653e+06 7.17732e+06 6.13774e+06 5.16512e+06 4.34567e+06 3.69664e+06 3.20235e+06 2.83539e+06 2.56736e+06 2.37347e+06 2.23369e+06 2.13198e+06 2.05702e+06 2.00386e+06 1.96576e+06 1.93815e+06 1.91792e+06 1.90292e+06 1.89168e+06 1.88317e+06 1.87665e+06 1.87161e+06 1.86768e+06 1.8646e+06 1.86216e+06 1.86023e+06 1.85868e+06 1.85744e+06 1.85644e+06 1.85563e+06 1.85497e+06 1.85444e+06 1.85401e+06 1.85366e+06 1.85338e+06 1.85314e+06 1.85295e+06 1.8528e+06 1.85267e+06 1.85257e+06 1.85248e+06 1.85241e+06 1.85235e+06 1.85231e+06 1.85227e+06 1.85224e+06 1.85221e+06 1.85219e+06 1.85218e+06 1.85216e+06 1.85215e+06 1.85214e+06 1.85213e+06 1.85213e+06 1.85212e+06 1.85212e+06 1.85211e+06 1.85211e+06 1.85211e+06 1.85211e+06 1.85211e+06 1.8521e+06 1.8521e+06 1.8521e+06 1.8521e+06 1.8521e+06 1.8521e+06 1.8521e+06 1.8521e+06 1.8521e+06 1.8521e+06 1.8521e+06 1.8521e+06 1.8521e+06 1.8521e+06 1.8521e+06 1.8521e+06 1.8521e+06 1.8521e+06 1.8521e+06 1.8521e+06 1.8521e+06 1.8521e+06 1.8521e+06 1.8521e+06 1.8521e+06 1.8521e+06 1.8521e+06 1.8521e+06 1.8521e+06 1.8521e+06 1.8521e+06 1.8521e+06 1.8521e+06 1.8521e+06 1.8521e+06 1.8521e+06 0 0 0 0 0 0 0 0 0 0 0 0 0 0 0 0 0 0 0 0 0 0 0 0 0
#obs survey bio
 5510.68 7190.13 8276.91 12927.4 24296.3 17100.4 21084.2 30990.3 55349.2 41428.5 96839.4 101601 126896 125024 146770 108789 111461 113492 113725 105306 74963 107731 125124 122579 156500 156374 142779 148564
#pred catch bio
 3939.6 4851.18 6018.62 7650.88 11131 14125.9 13270.6 16869.1 25266.1 35216.8 45524.7 59007.3 79514.8 103603 101301 90527.4 83846.5 80102.1 79510.5 82997 76362.3 87520.7 90108.7 100768 111439 114629 102532 101187 10347.3 61327.4 68550.8 64817.9 56812.1 47809 39519.7 32638.9 27279 23277 20376.2 18318.3 16881.1 15888.3 15204 14732.7 14420.3 14213.1 14075.8 13984.7 13924.4 13884.3 13857.8 13840.2 13828.5 13820.8 13815.7 13812.3 13810 13808.5 13807.5 13806.9 13806.5 13806.2 13806 13805.8 13805.8 13805.7 13805.7 13805.6 13805.6 13805.6 13805.6 13805.6 13805.6 13805.6 13805.6 13805.6 13805.6 13805.6 13805.6 13805.6 13805.6 13805.6 13805.6 13805.6 13805.6 13805.6 13805.6 13805.6 13805.6 13805.6 13805.6 13805.6 13805.6 13805.6 13805.6 13805.6 13805.6 13805.6 13805.6 13805.6 13805.6 13805.6 13805.6 13805.6 13805.6 13805.6 13805.6 13805.6 13805.6 13805.6 13805.6 13805.6 13805.6 13805.6 13805.6 13805.6 13805.6 13805.6 13805.6 13805.6 13805.6 13805.6 13805.6 13805.6 13805.6 13805.6 13805.6 13805.6 0 0 0 0 0 0 0 0 0 0 0 0 0 0 0 0 0 0 0 0 0 0 0 0 0
#obs catch bio
 4629.13 4791.78 5858.85 7302.66 10629 14043.1 13292.3 16224.4 24186.6 34145.6 43805.5 56256.1 77024.8 101086 99819.3 89955.7 82879.9 78915.6 77133.6 80576.9 74695.5 85846.9 87796.1 99826.5 107481 110354 99510.4 100280
#pred cpue bio
 5294.12 5628.84 6693.91 8843.74 12588.7 14995 14087.1 17661.6 26525 37035.9 47274.2 60955.5 81019.7 101309 100197 87625.6 78713 75533.3 75528.1 75773.8 71044.6 78084.9 80397 88557.3 97355.4 100258 97773.9 123552 6.6579e+06 7.43545e+06 8.40261e+06 8.02604e+06 7.12272e+06 6.08241e+06 5.10968e+06 4.29022e+06 3.64118e+06 3.1469e+06 2.77994e+06 2.51191e+06 2.31802e+06 2.17824e+06 2.07652e+06 2.00157e+06 1.94841e+06 1.91031e+06 1.8827e+06 1.86247e+06 1.84747e+06 1.83623e+06 1.82771e+06 1.82119e+06 1.81616e+06 1.81223e+06 1.80915e+06 1.80671e+06 1.80477e+06 1.80323e+06 1.80198e+06 1.80098e+06 1.80017e+06 1.79952e+06 1.79899e+06 1.79856e+06 1.79821e+06 1.79792e+06 1.79769e+06 1.7975e+06 1.79734e+06 1.79722e+06 1.79711e+06 1.79703e+06 1.79696e+06 1.7969e+06 1.79685e+06 1.79682e+06 1.79679e+06 1.79676e+06 1.79674e+06 1.79672e+06 1.79671e+06 1.7967e+06 1.79669e+06 1.79668e+06 1.79667e+06 1.79667e+06 1.79666e+06 1.79666e+06 1.79666e+06 1.79666e+06 1.79665e+06 1.79665e+06 1.79665e+06 1.79665e+06 1.79665e+06 1.79665e+06 1.79665e+06 1.79665e+06 1.79665e+06 1.79665e+06 1.79665e+06 1.79665e+06 1.79665e+06 1.79665e+06 1.79665e+06 1.79665e+06 1.79665e+06 1.79665e+06 1.79665e+06 1.79665e+06 1.79665e+06 1.79665e+06 1.79665e+06 1.79665e+06 1.79665e+06 1.79665e+06 1.79665e+06 1.79665e+06 1.79665e+06 1.79665e+06 1.79665e+06 1.79665e+06 1.79665e+06 1.79665e+06 1.79665e+06 1.79665e+06 1.79665e+06 1.79665e+06 0 0 0 0 0 0 0 0 0 0 0 0 0 0 0 0 0 0 0 0 0 0 0 0 0
#obs cpue bio
 5705.32 8208.7 11279.4 19373.5 15890.6 12874.1 13018.1 30678.8 35223.9 57728.5 66258.7 99693.6 101706 142845 103556 101388 87274.7 84434.3 112529 116391 115834 105686 106301 94156.5 165201 155482 141066 154142
#pred surv len freq
 2.56742e-27 2.59982e-27 4.32299e-26 8.57975e-20 2.10322e-14 6.23222e-10 2.23228e-06 0.000966491 0.0505827 0.32 0.244935 0.0370363 0.109824 0.101463 0.0263151 0.0348401 0.0162006 0.0141578 0.00954809 0.00784487 0.00656337 0.00598066 0.00627229 0.0057095 0.00175861
 2.56835e-27 2.60205e-27 4.48029e-26 8.91144e-20 2.18453e-14 6.47316e-10 2.31858e-06 0.00100385 0.0525381 0.332371 0.254431 0.0401544 0.126884 0.116904 0.0238823 0.0251701 0.00965262 0.00590375 0.00322275 0.00221415 0.00160526 0.00129752 0.0012347 0.0011414 0.000387192
 2.56928e-27 2.60452e-27 4.69032e-26 9.35448e-20 2.29314e-14 6.79498e-10 2.43385e-06 0.00105376 0.0551502 0.348895 0.267051 0.0403225 0.119297 0.109863 0.0219849 0.0225384 0.00766643 0.00324042 0.00129338 0.000626786 0.000351079 0.000235632 0.000194188 0.000172879 6.11883e-05
 2.56958e-27 2.60528e-27 4.75242e-26 9.48545e-20 2.32524e-14 6.89011e-10 2.46792e-06 0.00106852 0.0559223 0.35378 0.270785 0.0405591 0.118474 0.109031 0.0205186 0.0193912 0.00652172 0.00261884 0.000849999 0.000272351 9.67304e-05 4.60645e-05 3.00705e-05 2.41511e-05 8.57217e-06
 2.56901e-27 2.60374e-27 4.61777e-26 9.20141e-20 2.25562e-14 6.68379e-10 2.39402e-06 0.00103652 0.0542477 0.343186 0.2627 0.0408757 0.126563 0.116523 0.0223531 0.0216827 0.00711872 0.00258484 0.000814368 0.000231326 5.37688e-05 1.45296e-05 6.11034e-06 3.97762e-06 1.359e-06
 2.56718e-27 2.5988e-27 4.18345e-26 8.28519e-20 2.03102e-14 6.01826e-10 2.15564e-06 0.00093331 0.0488461 0.309014 0.236624 0.0419096 0.152752 0.140745 0.0276278 0.0276294 0.00913837 0.00340959 0.0010319 0.000268164 5.61495e-05 9.86108e-06 2.01509e-06 8.36515e-07 2.57875e-07
 2.5688e-27 2.60324e-27 4.57867e-26 9.11895e-20 2.2354e-14 6.62389e-10 2.37257e-06 0.00102723 0.0537616 0.34011 0.260346 0.0405002 0.12536 0.11552 0.0241165 0.0259717 0.00864531 0.00330092 0.0010124 0.000264688 5.11815e-05 7.81469e-06 9.21293e-07 1.63228e-07 3.85509e-08
 2.57065e-27 2.60817e-27 5.0075e-26 1.00236e-19 2.45716e-14 7.28099e-10 2.60793e-06 0.00112913 0.0590948 0.37385 0.286099 0.0398734 0.102496 0.0942712 0.0176304 0.0165193 0.00564329 0.00239599 0.000749025 0.000200311 3.92016e-05 5.65041e-06 5.39863e-07 4.17187e-08 5.0102e-09
 2.57038e-27 2.60738e-27 4.93185e-26 9.86396e-20 2.41803e-14 7.16506e-10 2.5664e-06 0.00111115 0.0581538 0.367897 0.281564 0.0405651 0.110946 0.101974 0.017277 0.0137526 0.00447501 0.00158588 0.000511445 0.000149286 3.00546e-05 4.3964e-06 3.96023e-07 2.09614e-08 9.49599e-10
 2.56949e-27 2.60497e-27 4.71972e-26 9.41646e-20 2.30833e-14 6.84e-10 2.44997e-06 0.00106075 0.0555156 0.351207 0.268829 0.0411003 0.123967 0.114021 0.0199915 0.0169019 0.0052903 0.00152714 0.000444625 0.000114205 2.45953e-05 3.80277e-06 3.47711e-07 1.66917e-08 4.09171e-10
 2.56966e-27 2.60547e-27 4.76693e-26 9.51606e-20 2.33275e-14 6.91235e-10 2.47589e-06 0.00107196 0.0561027 0.354921 0.271659 0.0407066 0.118983 0.109478 0.0202063 0.018542 0.00588705 0.00181735 0.000496212 0.000104641 1.94345e-05 2.98825e-06 2.91889e-07 1.41523e-08 2.8958e-10
 2.56997e-27 2.60631e-27 4.83998e-26 9.67015e-20 2.37052e-14 7.02428e-10 2.51598e-06 0.00108932 0.0570112 0.360669 0.276046 0.0406013 0.115099 0.105863 0.0190001 0.0167062 0.00540928 0.00184717 0.000521878 0.000113691 1.81712e-05 2.31337e-06 2.15493e-07 1.10266e-08 2.24196e-10
 2.56999e-27 2.60634e-27 4.8414e-26 9.67314e-20 2.37125e-14 7.02645e-10 2.51676e-06 0.00108966 0.0570288 0.36078 0.276132 0.0406899 0.115713 0.10641 0.0187536 0.0160012 0.00512024 0.00165934 0.000483428 0.000115268 1.92175e-05 2.24118e-06 1.70659e-07 8.16511e-09 1.71958e-10
 2.56938e-27 2.60467e-27 4.69308e-26 9.36025e-20 2.29455e-14 6.79917e-10 2.43535e-06 0.00105441 0.0551842 0.34911 0.267229 0.0411765 0.125671 0.115591 0.0202267 0.017048 0.00541147 0.00168341 0.000478561 0.000110601 1.9736e-05 2.45489e-06 1.75428e-07 6.96378e-09 1.3604e-10
 2.56805e-27 2.60105e-27 4.37321e-26 8.68546e-20 2.12914e-14 6.30901e-10 2.25978e-06 0.000978399 0.0512059 0.323943 0.248027 0.0421316 0.146431 0.134749 0.0236348 0.0199986 0.00631537 0.00190971 0.000533214 0.000118264 2.03884e-05 2.61571e-06 2.00103e-07 7.51328e-09 1.24487e-10
 2.56838e-27 2.60202e-27 4.46422e-26 8.87748e-20 2.17621e-14 6.44849e-10 2.30974e-06 0.00100003 0.0523379 0.331104 0.253484 0.0414234 0.137207 0.126338 0.023982 0.0229113 0.00725109 0.00219594 0.000607365 0.000130917 2.1781e-05 2.6856e-06 2.08445e-07 8.26497e-09 1.29946e-10
 2.56935e-27 2.60462e-27 4.69056e-26 9.35495e-20 2.29325e-14 6.79532e-10 2.43397e-06 0.00105382 0.0551529 0.348912 0.267075 0.0410188 0.124579 0.114615 0.0206245 0.0182122 0.00593423 0.00208407 0.00058627 0.000126122 2.0529e-05 2.43803e-06 1.81612e-07 7.25973e-09 1.18538e-10
 2.56954e-27 2.60508e-27 4.72739e-26 9.43262e-20 2.31229e-14 6.85174e-10 2.45418e-06 0.00106257 0.0556108 0.351809 0.269291 0.04125 0.124781 0.114728 0.0193206 0.0151976 0.00483456 0.00153234 0.000449854 0.000109309 1.80621e-05 2.11156e-06 1.51313e-07 5.81637e-09 9.53789e-11
 2.5694e-27 2.60471e-27 4.69484e-26 9.36397e-20 2.29546e-14 6.80187e-10 2.43632e-06 0.00105483 0.0552061 0.349249 0.267338 0.0413459 0.126884 0.116675 0.0197815 0.0157515 0.00488853 0.00134784 0.000374181 8.50595e-05 1.54009e-05 1.92159e-06 1.36457e-07 5.05165e-09 7.99249e-11
 2.56943e-27 2.60481e-27 4.70422e-26 9.38375e-20 2.30031e-14 6.81624e-10 2.44146e-06 0.00105706 0.0553227 0.349987 0.267899 0.0412553 0.125799 0.115689 0.0198691 0.0162007 0.00504402 0.00141067 0.0003749 7.4881e-05 1.25357e-05 1.6107e-06 1.24159e-07 4.61005e-09 7.04517e-11
 2.57003e-27 2.6064e-27 4.8426e-26 9.67566e-20 2.37187e-14 7.02828e-10 2.51741e-06 0.00108994 0.0570437 0.360874 0.276209 0.0410081 0.11808 0.108526 0.0178885 0.0134856 0.00420411 0.0011943 0.000319467 6.3612e-05 9.65687e-06 1.11093e-06 8.54696e-08 3.40809e-09 5.27302e-11
 2.57022e-27 2.60694e-27 4.89018e-26 9.77604e-20 2.39648e-14 7.10119e-10 2.54353e-06 0.00110125 0.0576355 0.364618 0.279066 0.0408759 0.115067 0.105746 0.0174013 0.0130705 0.00401927 0.00105177 0.00027964 5.65207e-05 8.60511e-06 9.27001e-07 6.33017e-08 2.47747e-09 4.05108e-11
 2.57046e-27 2.60755e-27 4.94253e-26 9.88646e-20 2.42355e-14 7.1814e-10 2.57226e-06 0.00111369 0.0582865 0.368736 0.28221 0.0408885 0.112954 0.103756 0.0163387 0.0111463 0.00341255 0.000877368 0.000226878 4.28053e-05 6.51703e-06 7.06742e-07 4.57396e-08 1.60366e-09 2.54998e-11
 2.57076e-27 2.60836e-27 5.01446e-26 1.00382e-19 2.46074e-14 7.29163e-10 2.61174e-06 0.00113078 0.0591811 0.374396 0.286529 0.0406758 0.108301 0.0994643 0.0156112 0.0105642 0.00318384 0.000735402 0.000186129 3.4321e-05 4.94814e-06 5.18354e-07 3.36159e-08 1.12138e-09 1.6185e-11
 2.57065e-27 2.60806e-27 4.98652e-26 9.97926e-20 2.44629e-14 7.24881e-10 2.5964e-06 0.00112414 0.0588336 0.372197 0.284853 0.0408572 0.110859 0.101802 0.015612 0.00997687 0.00299857 0.000683737 0.000167725 2.81529e-05 3.93359e-06 3.937e-07 2.43536e-08 8.038e-10 1.10582e-11
 2.5702e-27 2.60684e-27 4.87819e-26 9.75073e-20 2.39027e-14 7.08281e-10 2.53694e-06 0.0010984 0.0574863 0.363674 0.27835 0.0412195 0.118184 0.108555 0.0166727 0.0106942 0.00318721 0.000680741 0.00016458 2.70755e-05 3.53584e-06 3.29979e-07 1.94774e-08 6.12393e-10 8.24111e-12
 2.57041e-27 2.60741e-27 4.92985e-26 9.85972e-20 2.41699e-14 7.16198e-10 2.5653e-06 0.00111068 0.0581288 0.367739 0.28145 0.0409819 0.114198 0.104896 0.0163816 0.0109516 0.00326707 0.000697885 0.000166026 2.57709e-05 3.28823e-06 2.91362e-07 1.58551e-08 4.70922e-10 6.04141e-12
 2.57046e-27 2.60758e-27 4.94725e-26 9.89643e-20 2.42599e-14 7.18864e-10 2.57485e-06 0.00111481 0.0583452 0.369108 0.282491 0.0406717 0.111106 0.102103 0.0169709 0.0130012 0.00392649 0.000903211 0.000217761 3.37167e-05 4.14404e-06 3.5038e-07 1.8155e-08 4.97816e-10 5.98648e-12
#obs surv len freq
 1.63989e-41 2.27606e-33 3.81857e-26 7.74398e-20 1.89835e-14 5.62514e-10 2.01484e-06 0.000872354 0.0456555 0.28883 0.221289 0.0442756 0.164472 0.139796 0.0433085 0.0351484 0.0114684 0.00391992 0.000845624 0.000109453 6.18339e-06 1.1048e-07 4.62982e-10 3.64766e-13 4.67857e-17
 1.9086e-41 2.64901e-33 4.44426e-26 9.01286e-20 2.2094e-14 6.54685e-10 2.34497e-06 0.00101529 0.0531364 0.336156 0.257438 0.0440339 0.131852 0.106045 0.0335195 0.0255268 0.00809708 0.00259935 0.000516691 5.88222e-05 2.76531e-06 3.87032e-08 1.21537e-10 6.99224e-14 6.452e-18
 1.93517e-41 2.68589e-33 4.50614e-26 9.13837e-20 2.24016e-14 6.63801e-10 2.37763e-06 0.00102943 0.0538763 0.340838 0.261096 0.047057 0.140332 0.105546 0.0264723 0.016782 0.00512781 0.00153377 0.000279598 2.77437e-05 1.0762e-06 1.17782e-08 2.77274e-11 1.16392e-14 7.71845e-19
 1.97082e-41 2.73537e-33 4.58914e-26 9.30669e-20 2.28143e-14 6.76028e-10 2.42142e-06 0.00104839 0.0548687 0.347116 0.265953 0.0487438 0.138575 0.0981688 0.0258004 0.0151223 0.00356937 0.000875194 0.000143797 1.23278e-05 3.91088e-07 3.32892e-09 5.87473e-12 1.80315e-15 8.6062e-20
 1.75534e-41 2.4363e-33 4.0874e-26 8.28916e-20 2.03199e-14 6.02116e-10 2.15668e-06 0.000933768 0.0488697 0.309165 0.237171 0.0550003 0.177085 0.117885 0.0316602 0.0173275 0.0039821 0.000810924 9.92778e-05 6.97759e-06 1.78996e-07 1.17782e-09 1.55411e-12 3.49028e-16 1.20196e-20
 1.4494e-41 2.01167e-33 3.375e-26 6.84443e-20 1.67783e-14 4.97172e-10 1.78079e-06 0.00077102 0.0403521 0.255282 0.196294 0.0624345 0.220766 0.140135 0.0496113 0.0271295 0.00598433 0.00111908 0.000112916 5.70465e-06 1.0974e-07 5.49629e-10 5.40081e-13 8.86443e-17 2.20385e-21
 2.08317e-41 2.89131e-33 4.85077e-26 9.83726e-20 2.41149e-14 7.14568e-10 2.55947e-06 0.00110816 0.0579967 0.366905 0.281213 0.0503243 0.112885 0.0694671 0.0347234 0.0192947 0.00506055 0.000933028 8.315e-05 3.27077e-06 4.38341e-08 1.55005e-10 1.10637e-13 1.31966e-17 2.36603e-22
 1.9819e-41 2.75074e-33 4.61494e-26 9.35902e-20 2.29425e-14 6.79829e-10 2.43504e-06 0.00105429 0.0551772 0.349069 0.267941 0.0602567 0.152237 0.0820476 0.0194653 0.00906309 0.00301733 0.000611535 5.54079e-05 1.84235e-06 1.83575e-08 4.44095e-11 2.16016e-14 1.80264e-18 2.29683e-23
 2.0184e-41 2.80141e-33 4.69995e-26 9.5314e-20 2.33651e-14 6.92351e-10 2.47989e-06 0.00107371 0.0561935 0.3555 0.272973 0.0617387 0.144764 0.0743314 0.0228078 0.00874322 0.00154321 0.000298593 2.97788e-05 9.47784e-07 7.73837e-09 1.36656e-11 4.55306e-15 2.5567e-19 2.21669e-24
 1.73054e-41 2.40188e-33 4.02965e-26 8.17204e-20 2.00328e-14 5.93608e-10 2.12621e-06 0.000920575 0.0481792 0.304802 0.234899 0.0762239 0.199107 0.0952 0.0282734 0.0102521 0.0018911 0.000231262 1.71785e-05 5.34041e-07 3.93411e-09 5.58101e-12 1.36774e-15 5.35609e-20 3.15572e-25
 2.01618e-41 2.79832e-33 4.69476e-26 9.52088e-20 2.33393e-14 6.91586e-10 2.47715e-06 0.00107252 0.0561315 0.35511 0.273059 0.066767 0.139836 0.0665819 0.0293177 0.0101677 0.00174728 0.000196777 1.02321e-05 2.19632e-07 1.37323e-09 1.66101e-12 3.24628e-16 9.53652e-21 4.03304e-26
 1.84858e-41 2.5657e-33 4.3045e-26 8.72944e-20 2.13992e-14 6.34097e-10 2.27123e-06 0.000983366 0.0514655 0.325596 0.251293 0.0816588 0.18027 0.0755634 0.0232704 0.00800329 0.00170805 0.000178628 7.84047e-06 1.18177e-07 4.93947e-10 4.51494e-13 7.05987e-17 1.6366e-21 5.28261e-27
 1.91753e-41 2.66141e-33 4.46506e-26 9.05505e-20 2.21974e-14 6.5775e-10 2.35595e-06 0.00102005 0.0533851 0.337742 0.260735 0.0811391 0.161563 0.0677093 0.0274652 0.00780118 0.00129 0.000142455 5.98412e-06 7.20631e-08 2.11201e-10 1.27655e-13 1.3851e-17 2.37446e-22 5.83371e-28
 1.62006e-41 2.24854e-33 3.7724e-26 7.65034e-20 1.87539e-14 5.55713e-10 1.99047e-06 0.000861806 0.0451035 0.28536 0.222176 0.104377 0.217012 0.0838199 0.0307654 0.00886532 0.00152125 0.000130673 4.89895e-06 5.31565e-08 1.22814e-10 5.28253e-14 3.85175e-18 4.41041e-23 7.45441e-29
 1.47671e-41 2.04957e-33 3.43858e-26 6.97338e-20 1.70944e-14 5.06539e-10 1.81434e-06 0.000785546 0.0411124 0.260119 0.203809 0.11334 0.224587 0.0945371 0.047305 0.0122956 0.00194368 0.000159715 4.8299e-06 4.21976e-08 8.12149e-11 2.75008e-14 1.46974e-18 1.1727e-23 1.34307e-29
 1.72649e-41 2.39626e-33 4.02022e-26 8.15293e-20 1.9986e-14 5.9222e-10 2.12124e-06 0.000918423 0.0480666 0.304114 0.237157 0.10276 0.176054 0.0756191 0.0408551 0.0121994 0.00209812 0.000151756 3.98592e-06 2.76482e-08 4.05353e-11 1.06642e-14 4.41635e-19 2.64945e-24 2.20241e-30
 1.68085e-41 2.33291e-33 3.91394e-26 7.93739e-20 1.94576e-14 5.76564e-10 2.06516e-06 0.000894142 0.0467959 0.29609 0.232519 0.118894 0.192501 0.0704892 0.0306164 0.00931288 0.00175147 0.000131979 3.02123e-06 1.69854e-08 1.92496e-11 3.76548e-15 1.15407e-19 5.17176e-25 3.21729e-31
 1.70353e-41 2.36439e-33 3.96676e-26 8.04451e-20 1.97202e-14 5.84345e-10 2.09303e-06 0.000906209 0.0474274 0.300098 0.236507 0.123677 0.184135 0.0690772 0.029754 0.00713257 0.00119029 9.07083e-05 1.9869e-06 9.46674e-09 8.40137e-12 1.24339e-15 2.81426e-20 9.17059e-26 4.13364e-32
 1.65424e-41 2.29597e-33 3.85197e-26 7.81172e-20 1.91495e-14 5.67435e-10 2.03246e-06 0.000879985 0.046055 0.291436 0.231552 0.135636 0.188577 0.0693334 0.0288658 0.00668392 0.000919206 5.76759e-05 1.14452e-06 4.82777e-09 3.53208e-12 4.05461e-16 6.87618e-21 1.64909e-26 5.40652e-33
 1.75e-41 2.42889e-33 4.07496e-26 8.26394e-20 2.02581e-14 6.00284e-10 2.15012e-06 0.000930927 0.0487211 0.308318 0.245102 0.133743 0.16804 0.0631331 0.0256924 0.00558804 0.000693485 3.49898e-05 5.4253e-07 1.88434e-09 1.14269e-12 1.05554e-16 1.38875e-21 2.50762e-27 6.06696e-34
 1.71412e-41 2.37909e-33 3.99142e-26 8.09452e-20 1.98428e-14 5.87977e-10 2.10604e-06 0.000911842 0.0477223 0.302036 0.24262 0.147936 0.1725 0.0594041 0.0217747 0.00455986 0.00051089 2.166e-05 2.58771e-07 6.72589e-10 3.12683e-13 2.2578e-17 2.32018e-22 3.2301e-28 5.92502e-35
 1.73521e-41 2.40836e-33 4.04052e-26 8.1941e-20 2.00869e-14 5.95211e-10 2.13195e-06 0.00092306 0.0483095 0.305785 0.247144 0.152474 0.163731 0.0578449 0.0198213 0.00359665 0.000355585 1.28135e-05 1.21112e-07 2.35313e-10 7.96739e-14 4.20805e-18 3.21115e-23 3.35773e-29 4.64403e-36
 1.72341e-41 2.39198e-33 4.01304e-26 8.13835e-20 1.99502e-14 5.91162e-10 2.11744e-06 0.00091678 0.047981 0.303758 0.248039 0.16158 0.16053 0.0558039 0.018066 0.00306141 0.000254156 7.47949e-06 5.62883e-08 8.33788e-11 2.07788e-14 7.90999e-19 4.3199e-24 3.24265e-30 3.24435e-37
 1.74183e-41 2.41754e-33 4.05593e-26 8.22535e-20 2.01635e-14 5.97481e-10 2.14008e-06 0.00092658 0.048494 0.30706 0.252742 0.165942 0.152306 0.0535186 0.0162738 0.00254515 0.000184112 4.34819e-06 2.52111e-08 2.83639e-11 5.26907e-15 1.46667e-19 5.77113e-25 3.09176e-31 2.19759e-38
 1.68953e-41 2.34496e-33 3.93415e-26 7.97838e-20 1.95581e-14 5.79541e-10 2.07582e-06 0.000898759 0.0470382 0.297949 0.249786 0.180604 0.154481 0.0522593 0.0147189 0.00212777 0.00013337 2.5696e-06 1.14473e-08 9.57949e-12 1.31043e-15 2.67141e-20 7.64396e-26 2.95488e-32 1.50505e-39
 1.60161e-41 2.22292e-33 3.72941e-26 7.56318e-20 1.85402e-14 5.49381e-10 1.96779e-06 0.000851987 0.0445908 0.282598 0.242941 0.196522 0.159699 0.0560851 0.0147025 0.00190295 0.00010266 1.61239e-06 5.57328e-09 3.48793e-12 3.48735e-16 5.14368e-21 1.06159e-26 2.9564e-33 1.08305e-40
 1.59213e-41 2.20977e-33 3.70735e-26 7.51843e-20 1.84305e-14 5.46131e-10 1.95615e-06 0.000846947 0.0443274 0.281058 0.245147 0.199934 0.154381 0.057738 0.0147263 0.00175875 8.01409e-05 1.01462e-06 2.72193e-09 1.28256e-12 9.44824e-17 1.01154e-21 1.50115e-27 2.99104e-34 7.82426e-42
 1.64239e-41 2.27953e-33 3.82439e-26 7.75578e-20 1.90124e-14 5.63372e-10 2.01791e-06 0.000873684 0.0457273 0.290051 0.254929 0.199097 0.142645 0.052213 0.0129308 0.00147248 5.81015e-05 5.89866e-07 1.21698e-09 4.31098e-13 2.34867e-17 1.83672e-22 1.97272e-28 2.82529e-35 5.28589e-43
#pred catch len freq
 2.56547e-27 2.5946e-27 3.87304e-26 7.63059e-20 1.87055e-14 5.54277e-10 1.98533e-06 0.000859571 0.0449868 0.284599 0.217909 0.0373742 0.131382 0.121452 0.0314998 0.0417025 0.0193573 0.0168743 0.0113719 0.00933994 0.00781334 0.00711946 0.00746659 0.00679663 0.00209347
 2.56683e-27 2.59793e-27 4.1187e-26 8.14863e-20 1.99754e-14 5.91907e-10 2.12011e-06 0.000917927 0.048041 0.30392 0.23272 0.0409883 0.148483 0.136863 0.0278811 0.0292861 0.0112152 0.00683735 0.00372952 0.00256119 0.00185664 0.00150066 0.001428 0.0013201 0.000447809
 2.5679e-27 2.60077e-27 4.36012e-26 8.6579e-20 2.12238e-14 6.28899e-10 2.25261e-06 0.000975294 0.0510434 0.322915 0.247227 0.0411899 0.139826 0.128827 0.0256949 0.0262339 0.00891433 0.0037544 0.00149738 0.000725239 0.000406165 0.000272594 0.000224648 0.000199997 7.07861e-05
 2.56809e-27 2.60125e-27 4.39655e-26 8.73472e-20 2.14121e-14 6.34479e-10 2.2726e-06 0.000983948 0.0514963 0.32578 0.24942 0.0415577 0.141084 0.129905 0.0243978 0.0229911 0.00772521 0.00309138 0.00100271 0.000321078 0.000114017 5.42937e-05 3.54422e-05 2.84654e-05 1.01035e-05
 2.56756e-27 2.59981e-27 4.27002e-26 8.4678e-20 2.07578e-14 6.1509e-10 2.20315e-06 0.00095388 0.0499226 0.315824 0.241823 0.0418471 0.148624 0.136893 0.0261888 0.0253083 0.00830176 0.00300357 0.000945634 0.000268443 6.23853e-05 1.68568e-05 7.08895e-06 4.61465e-06 1.57665e-06
 2.56592e-27 2.59539e-27 3.8826e-26 7.65052e-20 1.87543e-14 5.55724e-10 1.99051e-06 0.000861815 0.0451043 0.285342 0.218562 0.0427546 0.171873 0.158399 0.0309329 0.0307279 0.010153 0.00377356 0.00114127 0.000296389 6.2048e-05 1.08962e-05 2.22658e-06 9.24306e-07 2.84939e-07
 2.56755e-27 2.59985e-27 4.28042e-26 8.48977e-20 2.08117e-14 6.16686e-10 2.20887e-06 0.000956355 0.0500522 0.316644 0.24244 0.0412806 0.143879 0.132632 0.0275522 0.029506 0.00981205 0.00373229 0.00114392 0.000298879 5.77827e-05 8.82196e-06 1.04002e-06 1.84263e-07 4.35188e-08
 2.5695e-27 2.60505e-27 4.7316e-26 9.44154e-20 2.31448e-14 6.85821e-10 2.4565e-06 0.00106357 0.0556634 0.352142 0.269536 0.0406615 0.120131 0.110549 0.0205952 0.0191894 0.00654823 0.00277006 0.000865419 0.000231289 4.52562e-05 6.52265e-06 6.23188e-07 4.81575e-08 5.78347e-09
 2.5692e-27 2.60417e-27 4.64747e-26 9.26404e-20 2.27097e-14 6.72928e-10 2.41032e-06 0.00104357 0.0546169 0.345522 0.264493 0.0414541 0.129706 0.119274 0.0201424 0.0159355 0.00518042 0.00182896 0.000589402 0.000171934 3.46085e-05 5.06219e-06 4.55988e-07 2.41352e-08 1.09338e-09
 2.56827e-27 2.60166e-27 4.42635e-26 8.79756e-20 2.15662e-14 6.39044e-10 2.28895e-06 0.000991027 0.0518668 0.328124 0.251217 0.0420034 0.143213 0.131774 0.0230178 0.0193359 0.00604745 0.00173897 0.000505894 0.000129855 2.79606e-05 4.32281e-06 3.95254e-07 1.89739e-08 4.65115e-10
 2.56849e-27 2.60229e-27 4.48605e-26 8.92352e-20 2.18749e-14 6.48193e-10 2.32172e-06 0.00100522 0.0526094 0.332821 0.254797 0.0415373 0.137151 0.126245 0.0232001 0.0211509 0.0067098 0.00206332 0.00056297 0.000118636 2.20292e-05 3.38696e-06 3.30828e-07 1.60401e-08 3.2821e-10
 2.56883e-27 2.6032e-27 4.56476e-26 9.08956e-20 2.2282e-14 6.60254e-10 2.36492e-06 0.00102392 0.0535883 0.339014 0.259524 0.0414301 0.133014 0.122392 0.0218757 0.0191065 0.00618074 0.00210252 0.000593617 0.000129231 2.06511e-05 2.62886e-06 2.44876e-07 1.25301e-08 2.54765e-10
 2.56889e-27 2.60334e-27 4.57605e-26 9.11338e-20 2.23403e-14 6.61984e-10 2.37112e-06 0.0010266 0.0537287 0.339903 0.260203 0.0415039 0.133099 0.122448 0.0214871 0.0182002 0.00581865 0.00187833 0.000546823 0.000130296 2.17191e-05 2.53273e-06 1.92855e-07 9.22702e-09 1.94322e-10
 2.56841e-27 2.60203e-27 4.45959e-26 8.8677e-20 2.17381e-14 6.44138e-10 2.3072e-06 0.000998928 0.0522803 0.330739 0.253213 0.0419085 0.141089 0.12981 0.0225907 0.0188615 0.00598151 0.00185315 0.000526409 0.000121575 2.16902e-05 2.69776e-06 1.92779e-07 7.65252e-09 1.49494e-10
 2.56705e-27 2.59834e-27 4.13289e-26 8.17848e-20 2.00486e-14 5.94075e-10 2.12788e-06 0.000921289 0.048217 0.305034 0.2336 0.0428898 0.162336 0.149417 0.026057 0.0218316 0.00688785 0.00207423 0.0005787 0.000128263 2.21079e-05 2.83609e-06 2.16957e-07 8.14607e-09 1.34972e-10
 2.56748e-27 2.59957e-27 4.24685e-26 8.41892e-20 2.0638e-14 6.1154e-10 2.19043e-06 0.000948373 0.0496344 0.314001 0.240435 0.0420764 0.151344 0.139383 0.0262725 0.0248525 0.00785823 0.00236985 0.000654951 0.000141074 2.34664e-05 2.89316e-06 2.24551e-07 8.90352e-09 1.39986e-10
 2.56854e-27 2.60243e-27 4.49658e-26 8.94572e-20 2.19294e-14 6.49806e-10 2.3275e-06 0.00100772 0.0527403 0.33365 0.255431 0.0416234 0.137361 0.126404 0.0225907 0.0197305 0.00642191 0.00224593 0.000631357 0.000135725 2.20878e-05 2.62294e-06 1.95382e-07 7.81013e-09 1.27525e-10
 2.5687e-27 2.60281e-27 4.52555e-26 9.00682e-20 2.20791e-14 6.54244e-10 2.34339e-06 0.0010146 0.0531005 0.335928 0.257175 0.0419063 0.138288 0.12718 0.0212923 0.016561 0.00526294 0.00166113 0.000487274 0.000118321 1.95478e-05 2.28507e-06 1.63742e-07 6.2941e-09 1.03213e-10
 2.56854e-27 2.60237e-27 4.48649e-26 8.92442e-20 2.18771e-14 6.48259e-10 2.32195e-06 0.00100532 0.0526147 0.332855 0.25483 0.0420218 0.140814 0.129518 0.0218316 0.0171944 0.00533161 0.00146382 0.000406035 9.22356e-05 1.6697e-05 2.08315e-06 1.47926e-07 5.47622e-09 8.66422e-11
 2.56873e-27 2.6029e-27 4.53492e-26 9.02659e-20 2.21276e-14 6.5568e-10 2.34854e-06 0.00101683 0.053217 0.336666 0.257736 0.0418102 0.137162 0.126163 0.0215183 0.0173254 0.00538908 0.00150064 0.00039848 7.95327e-05 1.33116e-05 1.71026e-06 1.3183e-07 4.89488e-09 7.48044e-11
 2.56923e-27 2.60423e-27 4.65039e-26 9.27018e-20 2.27247e-14 6.73375e-10 2.41191e-06 0.00104427 0.0546532 0.345751 0.264671 0.0416436 0.131022 0.120455 0.0197422 0.0147107 0.00458172 0.00129608 0.000346412 6.89279e-05 1.04618e-05 1.20341e-06 9.25831e-08 3.69172e-09 5.71185e-11
 2.56959e-27 2.60519e-27 4.73539e-26 9.44949e-20 2.31643e-14 6.86399e-10 2.45857e-06 0.00106447 0.0557103 0.352438 0.269774 0.041397 0.125561 0.115416 0.0188694 0.0139843 0.00429627 0.00111935 0.000297344 6.00555e-05 9.14143e-06 9.84693e-07 6.72396e-08 2.63157e-09 4.30306e-11
 2.56981e-27 2.60577e-27 4.78455e-26 9.55319e-20 2.34185e-14 6.93932e-10 2.48555e-06 0.00107615 0.0563217 0.356306 0.272728 0.0414319 0.123751 0.113703 0.017802 0.0119795 0.00366416 0.000937967 0.000242336 4.56882e-05 6.95447e-06 7.54117e-07 4.88045e-08 1.71111e-09 2.72082e-11
 2.57016e-27 2.60672e-27 4.86796e-26 9.72915e-20 2.38498e-14 7.06714e-10 2.53133e-06 0.00109597 0.0573591 0.362869 0.277735 0.0411826 0.118336 0.108709 0.0169619 0.0113172 0.00340776 0.000783687 0.00019816 3.65125e-05 5.26298e-06 5.51286e-07 3.57507e-08 1.19258e-09 1.72127e-11
 2.57007e-27 2.60648e-27 4.84535e-26 9.68145e-20 2.37329e-14 7.03249e-10 2.51892e-06 0.0010906 0.0570778 0.36109 0.276379 0.0413534 0.120588 0.110764 0.0168896 0.0106344 0.00319327 0.000724938 0.000177663 2.97988e-05 4.1626e-06 4.16583e-07 2.57685e-08 8.50493e-10 1.17005e-11
 2.56964e-27 2.60529e-27 4.73994e-26 9.45908e-20 2.31878e-14 6.87096e-10 2.46106e-06 0.00106555 0.0557668 0.352796 0.270052 0.041708 0.127732 0.117348 0.0179172 0.0113184 0.00337027 0.000716669 0.000173091 2.84544e-05 3.71507e-06 3.46672e-07 2.04622e-08 6.43352e-10 8.65772e-12
 2.56952e-27 2.60499e-27 4.71433e-26 9.40506e-20 2.30554e-14 6.83172e-10 2.44701e-06 0.00105946 0.0554483 0.350781 0.268513 0.0417147 0.128864 0.118409 0.0184111 0.0121778 0.00363022 0.000772284 0.000183554 2.84708e-05 3.63188e-06 3.21781e-07 1.75099e-08 5.20069e-10 6.67191e-12
 2.5689e-27 2.60334e-27 4.57135e-26 9.10345e-20 2.2316e-14 6.61263e-10 2.36853e-06 0.00102548 0.0536701 0.339532 0.259926 0.0418613 0.136013 0.125072 0.0207795 0.015905 0.00480116 0.00110067 0.00026517 4.10289e-05 5.04167e-06 4.26234e-07 2.20848e-08 6.05567e-10 7.28222e-12
#obs catch len freq
 1.63063e-41 2.26321e-33 3.79701e-26 7.70026e-20 1.88763e-14 5.59339e-10 2.00346e-06 0.000867429 0.0453978 0.2872 0.220045 0.0443198 0.165569 0.140731 0.0436063 0.0354397 0.011721 0.00407543 0.000899337 0.000119575 7.02731e-06 1.31142e-07 5.71182e-10 4.65309e-13 6.15172e-17
 1.64766e-41 2.28684e-33 3.83665e-26 7.78064e-20 1.90733e-14 5.65178e-10 2.02437e-06 0.000876484 0.0458717 0.290198 0.222397 0.0463557 0.167974 0.135237 0.0431677 0.0330533 0.0106137 0.00346166 0.000704869 8.24356e-05 3.99855e-06 5.8068e-08 1.89208e-10 1.12426e-13 1.06631e-17
 1.9227e-41 2.66858e-33 4.47709e-26 9.07945e-20 2.22572e-14 6.59522e-10 2.3623e-06 0.00102279 0.053529 0.33864 0.259393 0.0457686 0.133437 0.101408 0.0330648 0.0236403 0.00738166 0.00224928 0.000419414 4.27645e-05 1.70803e-06 1.92606e-08 4.67634e-11 2.0222e-14 1.37708e-18
 1.95434e-41 2.71249e-33 4.55077e-26 9.22888e-20 2.26235e-14 6.70376e-10 2.40118e-06 0.00103963 0.0544099 0.344214 0.263743 0.0489436 0.140884 0.0997079 0.0255865 0.0153201 0.00460656 0.00130176 0.000221075 1.94675e-05 6.3521e-07 5.55507e-09 1.00556e-11 3.16264e-15 1.54497e-19
 1.99292e-41 2.76605e-33 4.64062e-26 9.41108e-20 2.30702e-14 6.83611e-10 2.44858e-06 0.00106015 0.0554841 0.351009 0.269005 0.0506929 0.138358 0.0920606 0.0247981 0.0135596 0.00312095 0.000729158 0.000110931 8.36185e-06 2.20978e-07 1.49161e-09 2.01373e-12 4.61664e-16 1.62036e-20
 1.78615e-41 2.47905e-33 4.15913e-26 8.43463e-20 2.06765e-14 6.12682e-10 2.19453e-06 0.000950156 0.0497273 0.314591 0.24143 0.0576208 0.17602 0.109871 0.0302469 0.0153753 0.00343301 0.000652891 7.41871e-05 4.57074e-06 9.68091e-08 5.01569e-10 5.03888e-13 8.42777e-17 2.13053e-21
 1.48837e-41 2.06577e-33 3.46575e-26 7.02847e-20 1.72295e-14 5.10541e-10 1.82867e-06 0.000791753 0.0414372 0.262147 0.201708 0.0660293 0.219372 0.130841 0.0476712 0.0239121 0.00511681 0.000886215 8.13872e-05 3.58836e-06 5.69268e-08 2.23284e-10 1.66328e-13 2.02746e-17 3.69389e-22
 2.11787e-41 2.93947e-33 4.93157e-26 1.00011e-19 2.45166e-14 7.26471e-10 2.6021e-06 0.00112662 0.0589628 0.373017 0.285975 0.0520492 0.110124 0.0640706 0.0328949 0.0167485 0.00425431 0.000715074 5.73076e-05 1.93435e-06 2.12622e-08 5.88589e-11 3.17742e-14 2.80799e-18 3.68331e-23
 2.02173e-41 2.80603e-33 4.70771e-26 9.54713e-20 2.34037e-14 6.93494e-10 2.48398e-06 0.00107548 0.0562862 0.356086 0.273444 0.0625052 0.147567 0.0741578 0.0179294 0.00790681 0.00253546 0.000465825 3.7207e-05 1.04468e-06 8.4342e-09 1.59082e-11 5.85128e-15 3.61465e-19 3.36508e-24
 2.06087e-41 2.86035e-33 4.79884e-26 9.73195e-20 2.38567e-14 7.06918e-10 2.53207e-06 0.0010963 0.0573758 0.36298 0.278842 0.0638653 0.139264 0.066925 0.020866 0.00727835 0.00125729 0.000227062 1.96531e-05 5.18678e-07 3.38093e-09 4.61929e-12 1.16095e-15 4.82565e-20 3.05634e-25
 1.78235e-41 2.47379e-33 4.15029e-26 8.41671e-20 2.06326e-14 6.11381e-10 2.18987e-06 0.000948137 0.0496217 0.31393 0.242133 0.0795043 0.191943 0.0858492 0.0258082 0.00857534 0.00150481 0.000168209 1.12149e-05 2.86782e-07 1.66171e-09 1.80542e-12 3.32156e-16 9.61643e-21 4.14059e-26
 2.06432e-41 2.86513e-33 4.80686e-26 9.74821e-20 2.38966e-14 7.08099e-10 2.5363e-06 0.00109813 0.0574717 0.36359 0.279738 0.068861 0.133012 0.0599571 0.0264386 0.00832767 0.00135957 0.000137599 6.26522e-06 1.12525e-07 5.53059e-10 5.07768e-13 7.40218e-17 1.60273e-21 4.95032e-27
 1.90262e-41 2.64072e-33 4.43035e-26 8.98467e-20 2.20249e-14 6.52637e-10 2.33764e-06 0.00101212 0.0529702 0.335117 0.258881 0.0845107 0.171283 0.067312 0.0208063 0.00665633 0.00132175 0.0001226 4.63353e-06 5.7495e-08 1.89929e-10 1.31997e-13 1.53302e-17 2.60864e-22 6.13605e-28
 1.97293e-41 2.7383e-33 4.59407e-26 9.31667e-20 2.28387e-14 6.76753e-10 2.42402e-06 0.00104952 0.0549275 0.347503 0.268512 0.0835617 0.152301 0.0605511 0.0242278 0.00627861 0.000985532 9.65521e-05 3.41367e-06 3.33434e-08 7.65041e-11 3.51624e-14 2.8364e-18 3.5617e-23 6.35733e-29
 1.684e-41 2.33729e-33 3.92128e-26 7.95228e-20 1.94941e-14 5.77645e-10 2.06903e-06 0.000895819 0.0468836 0.296627 0.231329 0.108199 0.205338 0.0751274 0.027142 0.00722602 0.0011408 8.69406e-05 2.75527e-06 2.38845e-08 4.27073e-11 1.38932e-14 7.52413e-19 6.31283e-24 7.74321e-30
 1.54584e-41 2.14552e-33 3.59955e-26 7.29982e-20 1.78946e-14 5.30251e-10 1.89927e-06 0.00082232 0.043037 0.272302 0.213804 0.117726 0.212761 0.0865381 0.0415302 0.00992238 0.00144867 0.000103945 2.62685e-06 1.83482e-08 2.71399e-11 6.90183e-15 2.73065e-19 1.59571e-24 1.32736e-30
 1.79368e-41 2.48951e-33 4.17668e-26 8.47022e-20 2.07637e-14 6.15268e-10 2.20379e-06 0.000954164 0.0499372 0.315956 0.246795 0.105613 0.16479 0.0689729 0.0355038 0.00985641 0.00152182 9.56271e-05 2.07704e-06 1.14025e-08 1.28164e-11 2.52466e-15 7.71148e-20 3.38082e-25 2.04056e-31
 1.74977e-41 2.42857e-33 4.07443e-26 8.26286e-20 2.02554e-14 6.00206e-10 2.14984e-06 0.000930806 0.0487147 0.30824 0.242567 0.121808 0.179147 0.0632924 0.0264132 0.00753342 0.00126827 8.14243e-05 1.52033e-06 6.71444e-09 5.79659e-12 8.46355e-16 1.90942e-20 6.23911e-26 2.81262e-32
 1.77272e-41 2.46042e-33 4.12786e-26 8.37122e-20 2.05211e-14 6.08077e-10 2.17803e-06 0.000943013 0.0493536 0.312297 0.246681 0.126206 0.170647 0.0621425 0.0251775 0.00564044 0.000853767 5.51224e-05 9.69811e-07 3.58602e-09 2.40984e-12 2.65218e-16 4.40837e-21 1.04596e-26 3.41199e-33
 1.72567e-41 2.39512e-33 4.01831e-26 8.14906e-20 1.99764e-14 5.91939e-10 2.12023e-06 0.000917986 0.0480438 0.304037 0.242214 0.138055 0.174279 0.0622929 0.024278 0.00520509 0.000640126 3.42576e-05 5.43565e-07 1.76129e-09 9.67863e-13 8.22439e-17 1.02173e-21 1.78138e-27 4.22257e-34
 1.82031e-41 2.52647e-33 4.23868e-26 8.59596e-20 2.1072e-14 6.24402e-10 2.23651e-06 0.00096833 0.0506787 0.320724 0.255615 0.135203 0.154251 0.0564681 0.0213199 0.00428063 0.000468998 1.99384e-05 2.47268e-07 6.57914e-10 2.97947e-13 2.02708e-17 1.94738e-22 2.55178e-28 4.45936e-35
 1.78574e-41 2.47848e-33 4.15817e-26 8.43269e-20 2.06717e-14 6.12542e-10 2.19402e-06 0.000949937 0.0497162 0.314679 0.253532 0.149008 0.157673 0.0526979 0.0179425 0.00344956 0.000337789 1.19177e-05 1.12909e-07 2.24373e-10 7.77551e-14 4.12199e-18 3.08293e-23 3.10709e-29 4.11055e-36
 1.80661e-41 2.50745e-33 4.20677e-26 8.53125e-20 2.09133e-14 6.19701e-10 2.21967e-06 0.000961039 0.0502973 0.318397 0.258141 0.152897 0.149202 0.0511122 0.0160822 0.00267165 0.000229622 6.81037e-06 5.05882e-08 7.47448e-11 1.88239e-14 7.2883e-19 4.03968e-24 3.05071e-30 3.03648e-37
 1.79527e-41 2.49171e-33 4.18036e-26 8.47769e-20 2.07821e-14 6.15811e-10 2.20573e-06 0.000955006 0.0499817 0.316462 0.259293 0.161416 0.145896 0.0490569 0.0145437 0.00223053 0.000159553 3.84186e-06 2.25555e-08 2.52677e-11 4.66878e-15 1.30082e-19 5.15483e-25 2.79124e-31 2.0066e-38
 1.81373e-41 2.51734e-33 4.22336e-26 8.5649e-20 2.09958e-14 6.22145e-10 2.22842e-06 0.00096483 0.050496 0.319783 0.264123 0.164993 0.138007 0.0467416 0.0129533 0.0018209 0.000112195 2.14788e-06 9.66852e-09 8.19282e-12 1.12491e-15 2.28741e-20 6.52435e-26 2.52007e-32 1.28651e-39
 1.76267e-41 2.44647e-33 4.10445e-26 8.32375e-20 2.04047e-14 6.04628e-10 2.16568e-06 0.000937666 0.0490747 0.310909 0.261659 0.179067 0.139779 0.0453719 0.0116219 0.00149674 7.91641e-05 1.22447e-06 4.20758e-09 2.64295e-12 2.66605e-16 3.96299e-21 8.2094e-27 2.28636e-33 8.36118e-41
 1.67666e-41 2.32709e-33 3.90418e-26 7.91759e-20 1.9409e-14 5.75126e-10 2.06001e-06 0.000891912 0.0466807 0.295924 0.255508 0.194646 0.144929 0.0485417 0.0114996 0.00131661 5.94017e-05 7.42563e-07 1.96747e-09 9.20595e-13 6.77231e-17 7.27309e-22 1.08543e-27 2.17563e-34 5.71814e-42
 1.6678e-41 2.3148e-33 3.88355e-26 7.87576e-20 1.93065e-14 5.72087e-10 2.04912e-06 0.0008872 0.0464346 0.294518 0.257994 0.197455 0.140314 0.0497453 0.011413 0.00119125 4.49912e-05 4.50019e-07 9.2023e-10 3.22991e-13 1.74664e-17 1.3597e-22 1.45785e-28 2.08933e-35 3.91874e-43
#spawning biomass
 6025.02 6689.8 8141.99 10844.1 15309.8 17800.7 17037.1 22036.7 33058.1 45502.2 58142.6 75372 100267 124254 120684 105764 96398.3 92952.8 92772.2 93086.7 88161.6 97222.8 100603 111397 122316 125047 122307 154417 225489 371307 399534 376880 330543 278505 230596 190828 159849 136719 119954 108060 99753.5 94015.7 90060.7 87336.8 85530.9 84333.6 83539.8 83013.5 82664.6 82433.3 82279.9 82178.3 82110.8 82066.2 82036.5 82016.9 82003.9 81995.2 81989.5 81985.7 81983.2 81981.5 81980.4 81979.7 81979.2 81978.9 81978.7 81978.5 81978.4 81978.4 81978.3 81978.3 81978.3 81978.3 81978.3 81978.3 81978.2 81978.2 81978.2 81978.2 81978.2 81978.2 81978.2 81978.2 81978.2 81978.2 81978.2 81978.2 81978.2 81978.2 81978.2 81978.2 81978.2 81978.2 81978.2 81978.2 81978.2 81978.2 81978.2 81978.2 81978.2 81978.2 81978.2 81978.2 81978.2 81978.2 81978.2 81978.2 81978.2 81978.2 81978.2 81978.2 81978.2 81978.2 81978.2 81978.2 81978.2 81978.2 81978.2 81978.2 81978.2 81978.2 81978.2 81978.2 81978.2 81978.2 81978.2 81978.2 0 0 0 0 0 0 0 0 0 0 0 0 0 0 0 0 0 0 0 0 0 0 0 0 0
