SBPRF35
0.17814
Curr Bio
195125
B35
428207
F35
1.03628
FOFL
0.448367
OFL
21004.3
Bzero
50895.7
#pred survey bio
 42248.2 36442.7 23175.2 15135.8 32347.9 55310.9 98182.4 137254 168120 208037 221638 203792 222554 259618 259048 261978 241573 258672 249815 258337 279184 335711 348635 333269 312201 322899 284737 246701 8.71449e+06 6.5888e+06 3.1967e+06 1.63144e+06 1.00076e+06 739929 619839 557414 521980 500876 488035 480160 475322 472353 470529 469395 468715 468306 468060 467912 467823 467769 467737 467717 467705 467698 467694 467691 467689 467689 467688 467688 467687 467687 467687 467687 467687 467687 467687 467687 467687 467687 467687 467687 467687 467687 467687 467687 467687 467687 467687 467687 467687 467687 467687 467687 467687 467687 467687 467687 467687 467687 467687 467687 467687 467687 467687 467687 467687 467687 467687 467687 467687 467687 467687 467687 467687 467687 467687 467687 467687 467687 467687 467687 467687 467687 467687 467687 467687 467687 467687 467687 467687 467687 467687 467687 467687 467687 467687 467687 0 0 0 0 0 0 0 0 0 0 0 0 0 0 0 0 0 0 0 0 0 0 0 0 0
#obs survey bio
 36779.6 23819.3 17799.1 14006.1 33278.7 66678.8 88867.3 160252 162167 184583 208808 148627 229554 214660 257655 161924 131385 214272 247843 161171 219226 216748 367957 254074 249223 312866 247544 163486
#pred catch bio
 16565.1 16561.4 13653.8 7118.35 18015 30517.7 58148 93882.2 107358 139681 164780 145903 152976 190345 188324 199619 178153 192884 188786 192581 203238 259083 278251 263547 245932 266295 233573 194910 21004.3 159536 62643.7 24169.7 11948.1 8497.59 7594.49 7370.04 7316.26 7303.72 7300.85 7300.2 7300.06 7300.02 7300.02 7300.02 7300.02 7300.02 7300.02 7300.02 7300.02 7300.02 7300.02 7300.02 7300.02 7300.02 7300.02 7300.02 7300.02 7300.02 7300.02 7300.02 7300.02 7300.02 7300.02 7300.02 7300.02 7300.02 7300.02 7300.02 7300.02 7300.02 7300.02 7300.02 7300.02 7300.02 7300.02 7300.02 7300.02 7300.02 7300.02 7300.02 7300.02 7300.02 7300.02 7300.02 7300.02 7300.02 7300.02 7300.02 7300.02 7300.02 7300.02 7300.02 7300.02 7300.02 7300.02 7300.02 7300.02 7300.02 7300.02 7300.02 7300.02 7300.02 7300.02 7300.02 7300.02 7300.02 7300.02 7300.02 7300.02 7300.02 7300.02 7300.02 7300.02 7300.02 7300.02 7300.02 7300.02 7300.02 7300.02 7300.02 7300.02 7300.02 7300.02 7300.02 7300.02 7300.02 7300.02 7300.02 0 0 0 0 0 0 0 0 0 0 0 0 0 0 0 0 0 0 0 0 0 0 0 0 0
#obs catch bio
 15490 18725.3 16944 7398.06 13179.7 25154.3 43154.9 73327.4 91322.2 116185 162323 136273 127024 173155 163522 191272 165438 172707 148701 176362 163977 227378 226619 229591 201245 221233 200193 166225
#pred cpue bio
 30300.9 27969.7 20809.7 8119.51 11269.9 21608.8 37611.6 59611.2 63653.5 89193.4 99599.9 81145.7 83338 100799 98580 100749 87592.2 90209.1 92503.2 86351.3 92986.6 108646 107231 97047 95854.2 92169 76893 69275.4 2.50423e+06 6.44957e+06 3.0767e+06 1.51089e+06 880202 619371 499281 436856 401421 380318 367476 359601 354764 351795 349971 348836 348156 347748 347502 347354 347265 347211 347178 347159 347147 347140 347135 347133 347131 347130 347130 347129 347129 347129 347129 347129 347129 347129 347129 347129 347129 347129 347129 347129 347129 347129 347129 347129 347129 347129 347129 347129 347129 347129 347129 347129 347129 347129 347129 347129 347129 347129 347129 347129 347129 347129 347129 347129 347129 347129 347129 347129 347129 347129 347129 347129 347129 347129 347129 347129 347129 347129 347129 347129 347129 347129 347129 347129 347129 347129 347129 347129 347129 347129 347129 347129 347129 347129 347129 347129 0 0 0 0 0 0 0 0 0 0 0 0 0 0 0 0 0 0 0 0 0 0 0 0 0
#obs cpue bio
 27117.7 18104.1 11834.4 15679 25272 43981.5 115819 170029 105281 186508 137164 136904 174124 176938 175477 188286 198438 191900 251870 175718 290669 274264 255984 205496 265292 207959 160324 185478
#pred surv len freq
 1.37248e-11 1.48969e-09 9.534e-08 3.59784e-06 8.00565e-05 0.00105038 0.00812713 0.0370996 0.100162 0.161892 0.165947 0.132772 0.113395 0.0965842 0.0672837 0.0415226 0.0257045 0.0158843 0.00999707 0.00666958 0.00483296 0.0038652 0.00324467 0.00245915 0.00142317
 1.12289e-11 1.21879e-09 7.80024e-08 2.94357e-06 6.54985e-05 0.000859393 0.00665007 0.0303731 0.0822222 0.13468 0.146414 0.138644 0.142865 0.128954 0.0857187 0.0466122 0.0249452 0.0135221 0.00729236 0.00399892 0.00232445 0.00151508 0.00110447 0.000786487 0.000450557
 5.87481e-12 6.37654e-10 4.08098e-08 1.54004e-06 3.42685e-05 0.000449665 0.00348089 0.0159296 0.0435507 0.0747838 0.0972772 0.131171 0.17458 0.174018 0.125 0.0756321 0.0429402 0.0219129 0.0101868 0.00464142 0.00215416 0.00107116 0.000609246 0.000374014 0.000201809
 1.78945e-11 1.94228e-09 1.24306e-07 4.6909e-06 0.000104378 0.00136948 0.0105951 0.0483444 0.130227 0.208117 0.202216 0.133186 0.0810363 0.0586442 0.0447453 0.0335658 0.0230375 0.0133663 0.00664979 0.00290632 0.00114517 0.000437577 0.00017953 8.35299e-05 3.87912e-05
 1.99926e-11 2.17e-09 1.3888e-07 5.24089e-06 0.000116616 0.00153004 0.0118373 0.0540119 0.145486 0.232444 0.225543 0.147393 0.0861945 0.0541232 0.0281058 0.00975988 0.00237256 0.000614377 0.000259573 0.000124527 5.15214e-05 1.80633e-05 5.73387e-06 1.85646e-06 6.42989e-07
 1.92195e-11 2.08609e-09 1.3351e-07 5.03824e-06 0.000112107 0.00147088 0.0113798 0.0519279 0.139923 0.223962 0.219235 0.148483 0.094098 0.0629005 0.033007 0.0110147 0.00220203 0.000260389 1.81668e-05 7.47432e-07 1.81332e-08 2.59404e-10 2.19215e-12 1.2005e-14 3.06387e-16
 1.93519e-11 2.10046e-09 1.34429e-07 5.07294e-06 0.000112879 0.00148101 0.0114582 0.0522849 0.140876 0.22542 0.220341 0.148368 0.0928573 0.0614845 0.0321668 0.0107272 0.00214426 0.000253552 1.76897e-05 7.27808e-07 1.76574e-08 2.52603e-10 2.13117e-12 1.06095e-14 3.12179e-17
 1.84295e-11 2.00034e-09 1.28022e-07 4.83114e-06 0.000107499 0.00141043 0.0109122 0.049798 0.134234 0.215261 0.212634 0.149168 0.101501 0.0713496 0.0380201 0.0127301 0.00254667 0.000301182 2.10134e-05 8.64554e-07 2.09746e-08 3.00036e-10 2.5307e-12 1.25867e-14 3.69113e-17
 1.94289e-11 2.10882e-09 1.34964e-07 5.09314e-06 0.000113328 0.00148691 0.0115037 0.0524926 0.141431 0.226268 0.220985 0.148301 0.0921355 0.0606607 0.0316781 0.0105599 0.00211066 0.000249575 1.74122e-05 7.16384e-07 1.73799e-08 2.48615e-10 2.09697e-12 1.04294e-14 3.05844e-17
 1.85333e-11 2.01161e-09 1.28743e-07 4.85836e-06 0.000108105 0.00141837 0.0109737 0.0500779 0.134982 0.216404 0.213502 0.149078 0.100528 0.070239 0.0373612 0.0125046 0.00250136 0.00029582 2.06392e-05 8.49159e-07 2.06011e-08 2.94693e-10 2.48563e-12 1.23625e-14 3.6253e-17
 1.81443e-11 1.96939e-09 1.26041e-07 4.75639e-06 0.000105836 0.0013886 0.0107435 0.0490292 0.13218 0.21212 0.210252 0.149415 0.104173 0.0743992 0.0398296 0.0133493 0.00267106 0.000315907 2.20409e-05 9.06828e-07 2.20002e-08 3.14707e-10 2.65444e-12 1.3202e-14 3.87151e-17
 1.90874e-11 2.07175e-09 1.32592e-07 5.0036e-06 0.000111336 0.00146077 0.0113016 0.0515717 0.138971 0.222506 0.218131 0.148597 0.0953363 0.0643137 0.0338455 0.0113016 0.00225967 0.000267212 1.86429e-05 7.67022e-07 1.86084e-08 2.66189e-10 2.2452e-12 1.11667e-14 3.27463e-17
 1.95003e-11 2.11657e-09 1.3546e-07 5.11183e-06 0.000113745 0.00149237 0.011546 0.0526849 0.141945 0.227054 0.221581 0.148239 0.0914671 0.0598979 0.0312254 0.0104051 0.00207955 0.000245892 1.71551e-05 7.05809e-07 1.71234e-08 2.44945e-10 2.06602e-12 1.02755e-14 3.01329e-17
 1.92618e-11 2.09068e-09 1.33803e-07 5.04932e-06 0.000112354 0.00147412 0.0114048 0.052042 0.140228 0.224428 0.219589 0.148446 0.0937016 0.0624481 0.0327386 0.0109228 0.00218357 0.000258205 1.80144e-05 7.41161e-07 1.7981e-08 2.57213e-10 2.1695e-12 1.07902e-14 3.16422e-17
 1.93957e-11 2.10522e-09 1.34734e-07 5.08442e-06 0.000113135 0.00148437 0.0114841 0.052403 0.141192 0.225902 0.220707 0.14833 0.0924469 0.0610161 0.0318889 0.0106321 0.00212516 0.000251291 1.75319e-05 7.2131e-07 1.74994e-08 2.50324e-10 2.11139e-12 1.05012e-14 3.07947e-17
 1.9326e-11 2.09766e-09 1.3425e-07 5.06616e-06 0.000112728 0.00147903 0.0114428 0.0522151 0.14069 0.225135 0.220125 0.14839 0.0930997 0.0617612 0.032331 0.0107834 0.00215555 0.000254888 1.77829e-05 7.31638e-07 1.775e-08 2.53909e-10 2.14162e-12 1.06515e-14 3.12357e-17
 1.97016e-11 2.13842e-09 1.36859e-07 5.16462e-06 0.000114919 0.00150778 0.0116651 0.0532278 0.143395 0.229272 0.223264 0.148065 0.0895799 0.0577442 0.0299476 0.0099678 0.00199169 0.000235493 1.64295e-05 6.75954e-07 1.6399e-08 2.34584e-10 1.97863e-12 9.84084e-15 2.88583e-17
 1.99323e-11 2.16345e-09 1.38461e-07 5.22508e-06 0.000116264 0.00152542 0.0118016 0.0538496 0.145056 0.231812 0.22519 0.147865 0.0874188 0.0552778 0.0284842 0.00946706 0.00189109 0.000223585 1.55986e-05 6.41764e-07 1.55696e-08 2.22719e-10 1.87855e-12 9.34309e-15 2.73987e-17
 1.95715e-11 2.1243e-09 1.35955e-07 5.13051e-06 0.00011416 0.00149782 0.0115881 0.0528769 0.142458 0.227838 0.222176 0.148177 0.0907996 0.0591362 0.0307735 0.0102504 0.00204847 0.000242214 1.68985e-05 6.9525e-07 1.68672e-08 2.4128e-10 2.03511e-12 1.01218e-14 2.96821e-17
 2.01685e-11 2.1891e-09 1.40102e-07 5.28701e-06 0.000117642 0.00154351 0.0119415 0.0544866 0.146757 0.234414 0.227165 0.14766 0.0852048 0.0527509 0.0269849 0.00895402 0.00178802 0.000211385 1.47472e-05 6.06737e-07 1.47198e-08 2.10562e-10 1.77601e-12 8.83313e-15 2.59032e-17
 2.01878e-11 2.19119e-09 1.40236e-07 5.29206e-06 0.000117755 0.00154498 0.0119529 0.0545384 0.146896 0.234626 0.227325 0.147643 0.0850245 0.0525453 0.0268629 0.00891226 0.00177963 0.000210392 1.46779e-05 6.03885e-07 1.46506e-08 2.09573e-10 1.76767e-12 8.79162e-15 2.57815e-17
 2.03389e-11 2.20759e-09 1.41285e-07 5.33166e-06 0.000118636 0.00155654 0.0120423 0.0549458 0.147984 0.23629 0.228588 0.147512 0.0836086 0.0509293 0.0259041 0.00858419 0.00171371 0.00020259 1.41335e-05 5.81485e-07 1.41072e-08 2.01799e-10 1.7021e-12 8.46551e-15 2.48252e-17
 2.05914e-11 2.235e-09 1.4304e-07 5.39787e-06 0.000120109 0.00157587 0.0121918 0.0556267 0.149803 0.239072 0.230698 0.147293 0.081242 0.0482283 0.0243015 0.0080358 0.00160354 0.000189549 1.32235e-05 5.44044e-07 1.31988e-08 1.88805e-10 1.5925e-12 7.92041e-15 2.32267e-17
 2.08433e-11 2.26234e-09 1.44789e-07 5.46389e-06 0.000121578 0.00159514 0.0123408 0.0563057 0.151616 0.241846 0.232802 0.147075 0.0788819 0.0455348 0.0227033 0.00748894 0.00149367 0.000176544 1.2316e-05 5.06706e-07 1.2293e-08 1.75847e-10 1.4832e-12 7.37682e-15 2.16326e-17
 2.05999e-11 2.23592e-09 1.43099e-07 5.4001e-06 0.000120159 0.00157652 0.0121968 0.0556496 0.149864 0.239165 0.230769 0.147286 0.0811623 0.0481375 0.0242476 0.00801735 0.00159983 0.00018911 1.31929e-05 5.42784e-07 1.31682e-08 1.88368e-10 1.58881e-12 7.90207e-15 2.31729e-17
 2.09304e-11 2.2718e-09 1.45395e-07 5.48674e-06 0.000122086 0.00160181 0.0123924 0.0565407 0.152244 0.242806 0.233531 0.146999 0.0780651 0.0446027 0.0221503 0.00729969 0.00145564 0.000172044 1.2002e-05 4.93785e-07 1.19795e-08 1.71363e-10 1.44538e-12 7.18871e-15 2.10809e-17
 2.11602e-11 2.29674e-09 1.46991e-07 5.54698e-06 0.000123427 0.00161939 0.0125284 0.0571603 0.153899 0.245337 0.235451 0.1468 0.0759117 0.0421451 0.0206921 0.00680072 0.0013554 0.000160178 1.11739e-05 4.59716e-07 1.1153e-08 1.5954e-10 1.34566e-12 6.69272e-15 1.96265e-17
 2.10001e-11 2.27936e-09 1.45879e-07 5.50501e-06 0.000122493 0.00160714 0.0124337 0.0567287 0.152746 0.243573 0.234113 0.146939 0.0774119 0.0438571 0.0217079 0.00714832 0.00142523 0.000168444 1.17508e-05 4.83449e-07 1.17287e-08 1.67776e-10 1.41513e-12 7.03824e-15 2.06397e-17
#obs surv len freq
 4.53382e-11 4.20178e-09 2.2961e-07 7.39834e-06 0.000140562 0.00157473 0.0104045 0.0405798 0.0938796 0.132108 0.126938 0.115197 0.120982 0.117025 0.0954868 0.0689853 0.0424278 0.0213218 0.00888715 0.00304811 0.000818492 0.00016331 2.32519e-05 2.28581e-06 1.50757e-07
 2.80241e-11 2.50495e-09 1.32024e-07 4.10296e-06 7.51864e-05 0.000812511 0.00518121 0.0195593 0.0444583 0.0660006 0.0837683 0.120299 0.160868 0.164484 0.13611 0.0977992 0.0580799 0.0274634 0.0106124 0.003383 0.000855529 0.000162149 2.18694e-05 2.01567e-06 1.23256e-07
 1.56645e-11 1.34814e-09 6.84132e-08 2.04709e-06 3.61195e-05 0.000375879 0.00230965 0.00843028 0.0188504 0.0295984 0.0459417 0.0813057 0.128678 0.169453 0.187657 0.160582 0.0991616 0.0452463 0.0162908 0.0047625 0.00110097 0.000191814 2.39807e-05 2.05991e-06 1.17433e-07
 2.66562e-10 2.20527e-08 1.07575e-06 3.09422e-05 0.000524778 0.00524793 0.0309449 0.107595 0.22063 0.267029 0.191642 0.0839556 0.0273781 0.0145892 0.0152798 0.0148517 0.0109049 0.00600086 0.00246016 0.000741633 0.000163473 2.61505e-05 2.97213e-06 2.32628e-07 1.21506e-08
 1.86272e-10 1.47908e-08 6.92508e-07 1.91181e-05 0.000311215 0.00298751 0.0169193 0.0566641 0.113613 0.144825 0.146239 0.159856 0.165439 0.118686 0.0530156 0.0153721 0.00384762 0.00136747 0.000583272 0.00019858 4.73854e-05 7.68322e-06 8.36541e-07 6.05823e-08 2.8835e-09
 4.31123e-10 3.28096e-08 1.47227e-06 3.89548e-05 0.000607747 0.00559091 0.0303308 0.0970871 0.183889 0.209186 0.153742 0.0951583 0.0717284 0.060881 0.0470087 0.0287634 0.0121201 0.00323993 0.000549811 6.76427e-05 8.21289e-06 1.07206e-06 1.13398e-07 8.09441e-09 3.70024e-10
 5.04848e-10 3.67726e-08 1.57934e-06 3.9996e-05 0.00059724 0.00525899 0.027316 0.0838372 0.153403 0.174921 0.148423 0.131122 0.119466 0.0841609 0.0434097 0.0184697 0.00690786 0.0021043 0.000477292 7.60895e-05 8.23367e-06 6.12037e-07 3.40821e-08 1.57367e-09 5.85329e-11
 8.16726e-10 5.6866e-08 2.33462e-06 5.65153e-05 0.000806694 0.00678992 0.033709 0.0988419 0.172389 0.185285 0.142662 0.110952 0.0962342 0.0729637 0.0452852 0.0228809 0.00854509 0.00216868 0.000374921 4.75229e-05 4.73517e-06 3.63337e-07 1.98215e-08 7.26615e-10 1.7747e-11
 1.10663e-09 7.35646e-08 2.88352e-06 6.66448e-05 0.000908248 0.00729914 0.0346058 0.0970012 0.162556 0.171965 0.140952 0.124459 0.11102 0.0780073 0.0427779 0.0193862 0.00687811 0.00175501 0.000315174 4.04998e-05 3.75047e-06 2.48134e-07 1.16457e-08 3.84966e-10 8.77484e-12
 1.25773e-09 7.97369e-08 2.9807e-06 6.57004e-05 0.000853925 0.00654551 0.0296138 0.0794165 0.128979 0.139877 0.135079 0.145425 0.139265 0.100423 0.0570396 0.0261449 0.008859 0.00204849 0.000321881 3.6071e-05 3.01516e-06 1.87222e-07 8.29171e-09 2.51699e-10 5.10728e-12
 2.36569e-09 1.42882e-07 5.08844e-06 0.000106852 0.00132305 0.00966082 0.0416234 0.106118 0.162447 0.160037 0.129173 0.117104 0.106784 0.0808659 0.0502362 0.0242472 0.00816212 0.00180978 0.000266735 2.73505e-05 2.03272e-06 1.10183e-07 4.26896e-09 1.15396e-10 2.12751e-12
 3.69552e-09 2.12431e-07 7.20027e-06 0.000143903 0.00169586 0.0117861 0.0483401 0.117421 0.17197 0.164935 0.134741 0.122438 0.103479 0.0675392 0.0350542 0.0147093 0.00458624 0.000989748 0.000147192 1.54761e-05 1.16089e-06 6.1042e-08 2.19923e-09 5.35287e-11 8.72379e-13
 5.09068e-09 2.78257e-07 8.96816e-06 0.000170432 0.00190989 0.0126228 0.0492534 0.114048 0.160785 0.154417 0.136538 0.132919 0.111857 0.0709276 0.0355233 0.0141027 0.00403618 0.000771977 9.81272e-05 8.66997e-06 5.60721e-07 2.68491e-08 9.21144e-10 2.16816e-11 3.3871e-13
 7.53623e-09 3.91367e-07 1.1984e-05 0.000216377 0.00230374 0.0144668 0.0536499 0.118237 0.159721 0.150715 0.136161 0.133539 0.110258 0.068956 0.0342444 0.0132271 0.0035822 0.000632013 7.18629e-05 5.44856e-06 2.90224e-07 1.12435e-08 3.15952e-10 6.28416e-12 8.61397e-14
 1.04887e-08 5.17102e-07 1.50321e-05 0.000257667 0.00260448 0.0155294 0.0547166 0.114927 0.150111 0.143948 0.140126 0.141846 0.115 0.0702344 0.0340758 0.012708 0.00328439 0.000550873 5.95951e-05 4.29354e-06 2.14603e-07 7.58216e-09 1.87194e-10 3.16177e-12 3.60209e-14
 1.81342e-08 8.4817e-07 2.33913e-05 0.000380382 0.00364757 0.020632 0.0689447 0.137167 0.168671 0.149094 0.130911 0.122931 0.0964693 0.0588874 0.0286948 0.0104902 0.00259687 0.000412794 4.22091e-05 2.87545e-06 1.35965e-07 4.53725e-09 1.05298e-10 1.65669e-12 1.73296e-14
 2.40035e-08 1.06445e-06 2.78332e-05 0.000429141 0.00390193 0.0209326 0.0664275 0.126296 0.152638 0.14444 0.14478 0.140992 0.104704 0.0580689 0.0254988 0.00854723 0.00198205 0.000300443 2.97985e-05 1.99776e-06 9.32964e-08 3.04141e-09 6.77749e-11 1.0095e-12 9.90891e-15
 4.01303e-08 1.68642e-06 4.1788e-05 0.000610565 0.00526078 0.0267428 0.0803913 0.144555 0.164025 0.142741 0.130796 0.121781 0.091893 0.0545903 0.0256001 0.00869963 0.0019594 0.000283195 2.66801e-05 1.70402e-06 7.62038e-08 2.39036e-09 5.14269e-11 7.40169e-13 7.00024e-15
 5.46235e-08 2.1744e-06 5.10375e-05 0.000706385 0.00576581 0.0277753 0.0792498 0.136292 0.15275 0.142489 0.143622 0.133833 0.0947086 0.0515471 0.0222645 0.00713334 0.00155947 0.00022639 2.21977e-05 1.50449e-06 7.05317e-08 2.24125e-09 4.72493e-11 6.52775e-13 5.87245e-15
 8.90251e-08 3.3558e-06 7.4588e-05 0.000977565 0.00755594 0.0344676 0.0931232 0.151607 0.160597 0.141017 0.134113 0.120022 0.0837759 0.0457949 0.0195396 0.00595945 0.00120035 0.000156383 1.35225e-05 8.12137e-07 3.48832e-08 1.06238e-09 2.22067e-11 3.08344e-13 2.77608e-15
 1.33076e-07 4.74903e-06 9.99314e-05 0.00123995 0.00907396 0.0391981 0.100398 0.155719 0.160211 0.142169 0.13633 0.117571 0.0772268 0.0394424 0.015767 0.0045488 0.000878612 0.0001116 9.53055e-06 5.62874e-07 2.31452e-08 6.52473e-10 1.237e-11 1.55743e-13 1.29037e-15
 1.80885e-07 6.11037e-06 0.00012171 0.00142956 0.00990401 0.0405251 0.0985624 0.146819 0.15129 0.144367 0.146046 0.124182 0.078682 0.0386136 0.014679 0.00397104 0.000710727 8.28149e-05 6.44776e-06 3.48461e-07 1.3308e-08 3.54358e-10 6.39857e-12 7.64461e-14 5.93641e-16
 2.91032e-07 9.30542e-06 0.000175438 0.00195043 0.01279 0.0495349 0.114022 0.160658 0.156171 0.140002 0.134039 0.110216 0.0694025 0.0342436 0.0128299 0.00332775 0.000561373 6.10602e-05 4.40068e-06 2.18108e-07 7.576e-09 1.82726e-10 2.99237e-12 3.26164e-14 2.33087e-16
 3.66292e-07 1.10855e-05 0.000197824 0.00208182 0.0129256 0.0474544 0.104127 0.143308 0.147108 0.151346 0.154161 0.121806 0.0703748 0.0313768 0.0107068 0.00256678 0.000404336 4.13067e-05 2.803e-06 1.30564e-07 4.23441e-09 9.44898e-11 1.41888e-12 1.40792e-14 9.11615e-17
 5.89608e-07 1.68906e-05 0.000285313 0.00284209 0.0167025 0.0580325 0.120406 0.156067 0.149039 0.141652 0.137184 0.108079 0.0653491 0.0308011 0.0106621 0.00247644 0.000367814 3.49105e-05 2.18043e-06 9.30251e-08 2.76527e-09 5.67965e-11 7.87766e-13 7.2242e-15 4.31352e-17
 7.54952e-07 2.04736e-05 0.000327397 0.00308762 0.0171851 0.0566406 0.112307 0.143405 0.146201 0.154697 0.152398 0.113297 0.0626737 0.0269277 0.00863423 0.00189791 0.000272869 2.5694e-05 1.62457e-06 7.03177e-08 2.07663e-09 4.10542e-11 5.3356e-13 4.5111e-15 2.46602e-17
 1.13145e-06 2.90508e-05 0.00043983 0.00392726 0.020697 0.0646142 0.121534 0.148025 0.145743 0.149883 0.143695 0.106001 0.059599 0.0258401 0.00806404 0.00166754 0.000220204 1.87058e-05 1.05719e-06 4.12246e-08 1.12425e-09 2.11167e-11 2.65783e-13 2.18792e-15 1.15714e-17
 1.62266e-06 3.94504e-05 0.000565568 0.00478211 0.0238711 0.0706648 0.126635 0.149592 0.148147 0.153383 0.142107 0.0990739 0.0522723 0.0212427 0.00623406 0.00122041 0.000154043 1.26422e-05 6.93987e-07 2.6065e-08 6.70011e-10 1.15926e-11 1.3262e-13 9.91424e-16 4.80291e-18
#pred catch len freq
 1.17848e-12 1.27913e-10 8.18645e-09 3.08939e-07 6.87523e-06 9.02692e-05 0.000700909 0.00325709 0.00958299 0.0218627 0.0523329 0.119271 0.192631 0.2009 0.146197 0.0908884 0.0563099 0.034797 0.0218988 0.0146094 0.0105863 0.00846645 0.00710723 0.0053866 0.00311734
 8.37584e-13 9.09119e-11 5.8184e-09 2.19578e-07 4.88699e-06 6.41932e-05 0.000499577 0.00234798 0.00726502 0.0192165 0.054764 0.134293 0.219435 0.224626 0.153258 0.0837162 0.0448228 0.0242957 0.0131015 0.00718418 0.00417588 0.00272184 0.00198417 0.00141292 0.000809424
 3.48836e-13 3.7863e-11 2.42327e-09 9.14563e-08 2.03609e-06 2.67864e-05 0.000210091 0.00102512 0.00367465 0.013262 0.0479727 0.12731 0.213013 0.223651 0.162258 0.0983094 0.0558108 0.028477 0.0132371 0.0060309 0.00279898 0.00139179 0.00079161 0.000485966 0.000262216
 4.07997e-12 4.42841e-10 2.83418e-08 1.06954e-06 2.37992e-05 0.000312298 0.00241793 0.0110747 0.030408 0.0532568 0.0739202 0.109583 0.155367 0.166521 0.139615 0.106131 0.0728932 0.0422854 0.0210351 0.00919309 0.00362226 0.00138408 0.000567862 0.000264209 0.000122699
 1.50922e-11 1.63811e-09 1.04839e-07 3.9563e-06 8.80329e-05 0.00115504 0.00893703 0.0407998 0.110192 0.178436 0.184427 0.151164 0.131366 0.105952 0.0592064 0.0208823 0.00508788 0.00131541 0.000554931 0.000266143 0.000110109 3.8604e-05 1.22541e-05 3.96753e-06 1.37416e-06
 1.29839e-11 1.40928e-09 9.01938e-08 3.40364e-06 7.57355e-05 0.000993707 0.00768927 0.0351162 0.0950183 0.155284 0.167134 0.153889 0.152531 0.129588 0.0725753 0.0245543 0.00492227 0.00058237 4.0635e-05 1.67187e-06 4.05609e-08 5.80243e-10 4.90341e-12 2.68403e-14 6.82206e-16
 1.43953e-11 1.56247e-09 9.99977e-08 3.7736e-06 8.39676e-05 0.00110171 0.00852456 0.0389213 0.105182 0.170828 0.178926 0.152665 0.139306 0.114495 0.0636196 0.0214898 0.00430658 0.000509494 3.55497e-05 1.46265e-06 3.54856e-08 5.07648e-10 4.28294e-12 2.13215e-14 6.27363e-17
 1.44601e-11 1.5695e-09 1.00448e-07 3.79059e-06 8.43456e-05 0.00110667 0.00856292 0.039096 0.105649 0.171542 0.179468 0.152609 0.138698 0.113801 0.0632084 0.0213491 0.00427831 0.000506148 3.53161e-05 1.45303e-06 3.52515e-08 5.04264e-10 4.25328e-12 2.11541e-14 6.20359e-17
 1.55494e-11 1.68774e-09 1.08015e-07 4.07615e-06 9.06996e-05 0.00119003 0.00920764 0.042033 0.113493 0.18354 0.18857 0.151665 0.12849 0.102151 0.0562959 0.0189838 0.00380309 0.000449899 3.1391e-05 1.29153e-06 3.13335e-08 4.48217e-10 3.78054e-12 1.88028e-14 5.51394e-17
 1.43992e-11 1.56289e-09 1.00025e-07 3.77463e-06 8.39905e-05 0.00110201 0.00852689 0.0389319 0.10521 0.170871 0.178959 0.152662 0.139269 0.114453 0.0635947 0.0214813 0.00430487 0.000509291 3.55355e-05 1.46205e-06 3.54705e-08 5.07396e-10 4.27969e-12 2.12854e-14 6.24195e-17
 1.50835e-11 1.63716e-09 1.04778e-07 3.95401e-06 8.79818e-05 0.00115437 0.00893187 0.0407768 0.110138 0.178408 0.184677 0.152069 0.132857 0.107134 0.0592526 0.0199955 0.00400635 0.000473958 3.30699e-05 1.36061e-06 3.30093e-08 4.7219e-10 3.98274e-12 1.98085e-14 5.80885e-17
 1.62272e-11 1.7613e-09 1.12723e-07 4.25382e-06 9.46529e-05 0.00124189 0.00960877 0.0438603 0.118374 0.191005 0.194233 0.151077 0.122139 0.0949028 0.0519951 0.0175121 0.00350742 0.000414902 2.89489e-05 1.19105e-06 2.88958e-08 4.13346e-10 3.48642e-12 1.734e-14 5.08496e-17
 1.65186e-11 1.79294e-09 1.14748e-07 4.33022e-06 9.63529e-05 0.0012642 0.00978126 0.044646 0.120473 0.194214 0.196668 0.150824 0.119408 0.0917859 0.0501458 0.0168793 0.00338028 0.000399853 2.78987e-05 1.14785e-06 2.78475e-08 3.98351e-10 3.35994e-12 1.67109e-14 4.90049e-17
 1.67718e-11 1.82042e-09 1.16506e-07 4.39659e-06 9.78297e-05 0.00128357 0.00993112 0.0453287 0.122296 0.197003 0.198783 0.150605 0.117035 0.0890781 0.0485391 0.0163295 0.00326982 0.000386779 2.69864e-05 1.11031e-06 2.69369e-08 3.85324e-10 3.25007e-12 1.61644e-14 4.74023e-17
 1.6908e-11 1.83521e-09 1.17453e-07 4.43231e-06 9.86244e-05 0.001294 0.0100118 0.045696 0.123277 0.198504 0.199922 0.150487 0.115758 0.087621 0.0476745 0.0160337 0.00321039 0.000379744 2.64955e-05 1.09011e-06 2.64468e-08 3.78315e-10 3.19094e-12 1.58704e-14 4.654e-17
 1.7248e-11 1.87211e-09 1.19815e-07 4.52143e-06 0.000100607 0.00132002 0.010213 0.0466126 0.125726 0.202248 0.202763 0.150192 0.112573 0.0839849 0.0455172 0.0152955 0.00306207 0.000362188 2.52704e-05 1.03971e-06 2.5224e-08 3.60822e-10 3.0434e-12 1.51366e-14 4.43881e-17
 1.75404e-11 1.90385e-09 1.21846e-07 4.59809e-06 0.000102313 0.00134239 0.010386 0.047401 0.127832 0.205469 0.205206 0.149938 0.109832 0.0808575 0.0436616 0.0146605 0.0029345 0.000347089 2.42168e-05 9.96355e-07 2.41722e-08 3.45777e-10 2.9165e-12 1.45054e-14 4.25373e-17
 1.79986e-11 1.95357e-09 1.25028e-07 4.71818e-06 0.000104985 0.00137745 0.0106572 0.0486362 0.131131 0.210515 0.209034 0.149541 0.105539 0.0759581 0.0407545 0.0136658 0.00273465 0.000323433 2.25661e-05 9.28438e-07 2.25245e-08 3.22207e-10 2.7177e-12 1.35167e-14 3.96377e-17
 1.75514e-11 1.90504e-09 1.21922e-07 4.60097e-06 0.000102377 0.00134323 0.0103925 0.0474307 0.127911 0.20559 0.205298 0.149929 0.109729 0.08074 0.0435918 0.0146366 0.00292971 0.000346521 2.41772e-05 9.94725e-07 2.41327e-08 3.45212e-10 2.91173e-12 1.44817e-14 4.24677e-17
 1.83636e-11 1.99319e-09 1.27564e-07 4.81387e-06 0.000107115 0.00140538 0.0108732 0.0496203 0.133759 0.214535 0.212084 0.149225 0.102119 0.0720542 0.0384382 0.0128732 0.00257541 0.000304584 2.12508e-05 8.74321e-07 2.12116e-08 3.03426e-10 2.55928e-12 1.27288e-14 3.73273e-17
 1.82124e-11 1.97678e-09 1.26514e-07 4.77424e-06 0.000106233 0.00139382 0.0107837 0.0492127 0.132671 0.21287 0.210821 0.149356 0.103535 0.073671 0.0393975 0.0132014 0.00264136 0.000312391 2.17955e-05 8.96734e-07 2.17553e-08 3.11204e-10 2.62489e-12 1.30551e-14 3.82841e-17
 1.88671e-11 2.04784e-09 1.31061e-07 4.94585e-06 0.000110051 0.00144391 0.0111712 0.0509777 0.137385 0.22008 0.21629 0.148788 0.0974006 0.0666696 0.0352434 0.0117799 0.00235577 0.000278587 1.94366e-05 7.9968e-07 1.94007e-08 2.77522e-10 2.3408e-12 1.16421e-14 3.41406e-17
 1.94381e-11 2.10982e-09 1.35028e-07 5.09555e-06 0.000113382 0.00148761 0.0115092 0.0525173 0.141497 0.22637 0.221062 0.148293 0.0920493 0.0605624 0.0316197 0.01054 0.00210665 0.0002491 1.7379e-05 7.15021e-07 1.73468e-08 2.48142e-10 2.09298e-12 1.04096e-14 3.05262e-17
 1.97339e-11 2.14193e-09 1.37083e-07 5.17309e-06 0.000115108 0.00151025 0.0116843 0.0533149 0.143628 0.229628 0.223533 0.148037 0.0892773 0.0573988 0.0297426 0.00989767 0.0019776 0.000233825 1.63131e-05 6.71165e-07 1.62829e-08 2.32922e-10 1.96461e-12 9.77112e-15 2.86539e-17
 1.93719e-11 2.10263e-09 1.34568e-07 5.07817e-06 0.000112996 0.00148254 0.01147 0.0523387 0.14102 0.22564 0.220508 0.148351 0.0926703 0.0612712 0.0320403 0.0106839 0.00213556 0.000252522 1.76178e-05 7.24845e-07 1.75852e-08 2.51551e-10 2.12174e-12 1.05526e-14 3.09457e-17
 2.00716e-11 2.17857e-09 1.39428e-07 5.26159e-06 0.000117077 0.00153608 0.0118841 0.0542251 0.146059 0.233346 0.226354 0.147744 0.0861135 0.053788 0.0276002 0.00916458 0.00183032 0.000216392 1.50966e-05 6.21113e-07 1.50686e-08 2.15551e-10 1.8181e-12 9.04243e-15 2.6517e-17
 2.0346e-11 2.20836e-09 1.41335e-07 5.33353e-06 0.000118677 0.00155708 0.0120465 0.054965 0.148035 0.236368 0.228647 0.147506 0.083542 0.0508533 0.025859 0.00856876 0.00171061 0.000202223 1.41079e-05 5.80432e-07 1.40816e-08 2.01433e-10 1.69901e-12 8.45017e-15 2.47802e-17
 1.99464e-11 2.16499e-09 1.38559e-07 5.22878e-06 0.000116347 0.00152651 0.01181 0.0538877 0.145158 0.231968 0.225309 0.147852 0.0872865 0.0551267 0.0283945 0.00943638 0.00188493 0.000222856 1.55477e-05 6.3967e-07 1.55188e-08 2.21992e-10 1.87242e-12 9.31259e-15 2.73093e-17
#obs catch len freq
 4.63237e-11 4.29312e-09 2.34601e-07 7.55917e-06 0.000143618 0.00160896 0.0106305 0.0414578 0.0958694 0.134609 0.128106 0.113618 0.117215 0.113132 0.0932309 0.0690155 0.0440868 0.0230385 0.0097877 0.00334375 0.000892076 0.000179175 2.60033e-05 2.61905e-06 1.76914e-07
 6.23571e-11 5.57382e-09 2.9377e-07 9.12956e-06 0.000167295 0.00180768 0.01152 0.0433439 0.0968187 0.132127 0.125302 0.115602 0.122293 0.116907 0.0943533 0.0673231 0.0406514 0.0200267 0.0081666 0.00272184 0.000704312 0.000134392 1.81751e-05 1.68682e-06 1.04482e-07
 3.95432e-11 3.40322e-09 1.72701e-07 5.16762e-06 9.1177e-05 0.000948716 0.00582566 0.0211888 0.0465294 0.0675209 0.0860238 0.124118 0.163023 0.163351 0.133389 0.0943724 0.0548424 0.0253566 0.00957537 0.00296636 0.000722795 0.00013087 1.6739e-05 1.45447e-06 8.34477e-08
 2.26786e-11 1.87621e-09 9.15236e-08 2.63255e-06 4.46509e-05 0.000446685 0.00263902 0.00927019 0.02004 0.0309463 0.0483801 0.0852964 0.132865 0.172527 0.187346 0.155755 0.0932729 0.0414179 0.0145348 0.00412374 0.000918067 0.000152772 1.81057e-05 1.46512e-06 7.83008e-08
 3.83962e-10 3.04883e-08 1.42746e-06 3.94079e-05 0.000641488 0.00615717 0.0348469 0.116292 0.228883 0.265918 0.183313 0.0774687 0.0250952 0.0141078 0.0148666 0.0140857 0.0100426 0.00535481 0.0021193 0.000614557 0.000129811 1.9796e-05 2.13162e-06 1.57134e-07 7.69163e-09
 2.77244e-10 2.1099e-08 9.46777e-07 2.50509e-05 0.000390836 0.00359586 0.0195193 0.0626768 0.12067 0.148693 0.147757 0.159838 0.160439 0.110436 0.0473259 0.0133179 0.00336515 0.00122553 0.000511879 0.00016696 3.79021e-05 5.82241e-06 5.98331e-07 4.07388e-08 1.816e-09
 6.40207e-10 4.66321e-08 2.00279e-06 5.07195e-05 0.000757361 0.00666851 0.034626 0.106092 0.192411 0.209948 0.149159 0.0911608 0.0686255 0.0575963 0.0435821 0.025784 0.0103963 0.00265089 0.000431155 5.1772e-05 6.23333e-06 7.88257e-07 7.88662e-08 5.27945e-09 2.25536e-10
 7.64075e-10 5.32001e-08 2.18411e-06 5.28721e-05 0.000754695 0.00635243 0.0315419 0.0925609 0.162098 0.177712 0.147055 0.128082 0.113457 0.0771963 0.0387804 0.01622 0.00593642 0.00175112 0.000381667 5.81443e-05 5.99651e-06 4.25586e-07 2.27093e-08 1.00052e-09 3.50732e-11
 1.24283e-09 8.26188e-08 3.23842e-06 7.48472e-05 0.00102002 0.00819711 0.0388553 0.108798 0.18134 0.186923 0.139736 0.107088 0.0908656 0.06714 0.0407398 0.0199838 0.00716775 0.00174065 0.000288895 3.53333e-05 3.39185e-06 2.48566e-07 1.28474e-08 4.44319e-10 1.02162e-11
 1.70918e-09 1.08358e-07 4.05059e-06 8.92823e-05 0.0011604 0.00889375 0.0402152 0.107532 0.172083 0.17463 0.139069 0.120126 0.103753 0.0705935 0.037784 0.0166839 0.00571037 0.00139796 0.000240739 2.96444e-05 2.62357e-06 1.65347e-07 7.36874e-09 2.30384e-10 4.94378e-12
 1.99118e-09 1.20263e-07 4.2829e-06 8.99365e-05 0.00111362 0.00813239 0.0350556 0.0896018 0.138927 0.144752 0.135856 0.141852 0.130875 0.0914347 0.0506342 0.0224842 0.00730357 0.00161269 0.000242452 2.60713e-05 2.08891e-06 1.23662e-07 5.19045e-09 1.48641e-10 2.83576e-12
 3.7293e-09 2.14373e-07 7.26608e-06 0.000145218 0.00171135 0.0118934 0.0487726 0.118378 0.172696 0.162829 0.127118 0.111969 0.0988946 0.0728949 0.0440587 0.0204611 0.00656858 0.00138633 0.000194934 1.91196e-05 1.35864e-06 7.01587e-08 2.57793e-09 6.58103e-11 1.14135e-12
 5.85496e-09 3.20032e-07 1.03146e-05 0.000196019 0.00219658 0.0145164 0.0566173 0.130809 0.182404 0.167215 0.131605 0.115257 0.0936008 0.0591054 0.0298642 0.0121212 0.00361967 0.000745556 0.000105907 1.06365e-05 7.5993e-07 3.79035e-08 1.29087e-09 2.96167e-11 4.53732e-13
 8.20333e-09 4.2601e-07 1.30448e-05 0.000235529 0.00250762 0.0157462 0.0583771 0.128461 0.172258 0.157796 0.13358 0.124337 0.100214 0.0614088 0.0298747 0.0114293 0.00312001 0.000567131 6.86416e-05 5.79524e-06 3.58338e-07 1.63363e-08 5.3046e-10 1.17587e-11 1.7237e-13
 1.22335e-08 6.03122e-07 1.75327e-05 0.000300528 0.00303763 0.0181095 0.0637608 0.133436 0.171285 0.153887 0.132598 0.12396 0.0980009 0.0592586 0.0285339 0.0105827 0.00272446 0.000455285 4.90912e-05 3.54118e-06 1.79859e-07 6.63531e-09 1.76846e-10 3.32111e-12 4.28086e-14
 1.7243e-08 8.06483e-07 2.22417e-05 0.000361687 0.00346835 0.0196196 0.065585 0.130713 0.162068 0.147602 0.136369 0.131149 0.101754 0.0600788 0.0282175 0.0100818 0.00247315 0.000392546 4.02396e-05 2.75433e-06 1.30932e-07 4.39045e-09 1.025e-10 1.63174e-12 1.7475e-14
 2.957e-08 1.3113e-06 3.42877e-05 0.000528652 0.00480642 0.0257767 0.0816707 0.154069 0.179638 0.15045 0.124954 0.111333 0.0837093 0.0494341 0.0232587 0.00811755 0.00190304 0.000285916 2.76806e-05 1.7904e-06 8.04553e-08 2.54577e-09 5.58028e-11 8.26356e-13 8.11374e-15
 3.95942e-08 1.6639e-06 4.12297e-05 0.000602411 0.00519061 0.0263884 0.0793597 0.142997 0.163762 0.146615 0.138729 0.127957 0.0908135 0.0486252 0.0206251 0.00661 0.00145317 0.000208371 1.95814e-05 1.2464e-06 5.52431e-08 1.70392e-09 3.57927e-11 5.01079e-13 4.61217e-15
 6.55652e-08 2.60995e-06 6.12606e-05 0.000847865 0.00692006 0.0333223 0.0948883 0.161625 0.173664 0.142837 0.123492 0.109144 0.0790702 0.0454213 0.0204728 0.00661317 0.00140757 0.000192183 1.71461e-05 1.0395e-06 4.41091e-08 1.30862e-09 2.65238e-11 3.58496e-13 3.17599e-15
 9.09518e-08 3.42842e-06 7.62023e-05 0.000998721 0.00771943 0.0352128 0.0951293 0.154814 0.163711 0.142937 0.134521 0.118387 0.0801979 0.0421548 0.0175176 0.00534545 0.00110704 0.000152236 1.41605e-05 9.10072e-07 4.03359e-08 1.20741e-09 2.39123e-11 3.09733e-13 2.60764e-15
 1.46699e-07 5.2352e-06 0.000110161 0.00136687 0.0100021 0.0431943 0.110468 0.170122 0.169906 0.139406 0.123608 0.104548 0.069971 0.0369019 0.0150855 0.004364 0.000829984 0.000102173 8.37425e-06 4.77796e-07 1.94701e-08 5.60131e-10 1.10084e-11 1.4319e-13 1.20439e-15
 2.20257e-07 7.44037e-06 0.000148201 0.00174066 0.0120575 0.0493016 0.119492 0.175134 0.169233 0.139096 0.123461 0.100343 0.0630981 0.0310617 0.0118956 0.00325698 0.000594603 7.14287e-05 5.78002e-06 3.23488e-07 1.25732e-08 3.33889e-10 5.94613e-12 7.01624e-14 5.43581e-16
 3.03936e-07 9.71801e-06 0.000183217 0.0020369 0.0133567 0.0517234 0.118991 0.167208 0.160836 0.140739 0.13134 0.105273 0.0638478 0.0301567 0.0109585 0.00280822 0.000474353 5.22125e-05 3.85016e-06 1.97301e-07 7.13015e-09 1.78938e-10 3.03352e-12 3.39241e-14 2.45994e-16
 4.86176e-07 1.47136e-05 0.000262565 0.00276294 0.0171485 0.0628523 0.136816 0.181659 0.164161 0.133713 0.117235 0.0907701 0.0547395 0.0259399 0.00925662 0.00226863 0.000360671 3.70163e-05 2.5236e-06 1.18449e-07 3.88962e-09 8.83825e-11 1.35895e-12 1.38687e-14 9.25722e-17
 6.25146e-07 1.79086e-05 0.00030251 0.00301337 0.0177085 0.0615191 0.127553 0.164817 0.15561 0.144351 0.135173 0.100695 0.0556406 0.0238127 0.00774432 0.00175535 0.000260663 2.51254e-05 1.6121e-06 7.10484e-08 2.17577e-09 4.56884e-11 6.43565e-13 5.97533e-15 3.61241e-17
 9.92817e-07 2.69242e-05 0.000430539 0.00405989 0.022585 0.0742577 0.145583 0.177111 0.1553 0.132467 0.117639 0.0875623 0.0507126 0.0228654 0.00750494 0.00164265 0.000229581 2.05357e-05 1.21168e-06 4.88888e-08 1.37215e-09 2.65202e-11 3.44973e-13 2.95897e-15 1.64883e-17
 1.30458e-06 3.34958e-05 0.000507122 0.00452786 0.0238562 0.0743874 0.139144 0.165597 0.152412 0.143333 0.12969 0.0910634 0.0481825 0.019802 0.00602696 0.00125032 0.000169458 1.50616e-05 8.99842e-07 3.67642e-08 1.02188e-09 1.89564e-11 2.30637e-13 1.82219e-15 9.29259e-18
 1.94888e-06 4.73811e-05 0.000679251 0.00574273 0.0286522 0.0846226 0.150067 0.169898 0.150008 0.136325 0.119968 0.0837038 0.0449929 0.0185922 0.00548657 0.00106798 0.000132696 1.06261e-05 5.67413e-07 2.09145e-08 5.37886e-10 9.49219e-12 1.1186e-13 8.59812e-16 4.23701e-18
#spawning biomass
 38839.5 34070.3 22559.3 13102.6 26236.5 45563.1 80656.2 114854 137886 173739 186465 168333 182253 213676 212610 215330 196972 209843 204266 208454 225176 269821 278536 264629 249377 255839 224294 195125 197419 307081 122508 49726.5 26606.9 20079.4 18371.1 17946.5 17844.7 17821 17815.6 17814.3 17814.1 17814 17814 17814 17814 17814 17814 17814 17814 17814 17814 17814 17814 17814 17814 17814 17814 17814 17814 17814 17814 17814 17814 17814 17814 17814 17814 17814 17814 17814 17814 17814 17814 17814 17814 17814 17814 17814 17814 17814 17814 17814 17814 17814 17814 17814 17814 17814 17814 17814 17814 17814 17814 17814 17814 17814 17814 17814 17814 17814 17814 17814 17814 17814 17814 17814 17814 17814 17814 17814 17814 17814 17814 17814 17814 17814 17814 17814 17814 17814 17814 17814 17814 17814 17814 17814 17814 17814 0 0 0 0 0 0 0 0 0 0 0 0 0 0 0 0 0 0 0 0 0 0 0 0 0
