SBPRF35
0.819782
Curr Bio
152369
B35
705258
F35
0.212653
FOFL
0.0504728
OFL
7238.69
Bzero
234224
#pred survey bio
 21251.2 19439.9 21259.9 24681.6 26783.2 32020.4 41130.5 42303.2 48198.4 67957.5 72889.5 86628.2 95749.6 110151 129295 129117 132934 135193 140284 131908 121789 114084 114617 118820 135319 124559 133134 149519 6.70079e+06 6.86337e+06 7.41786e+06 7.10517e+06 6.35234e+06 5.47548e+06 4.65193e+06 3.95697e+06 3.40633e+06 2.98709e+06 2.67603e+06 2.44903e+06 2.28498e+06 2.16687e+06 2.08093e+06 2.01758e+06 1.9727e+06 1.94055e+06 1.91728e+06 1.90022e+06 1.88758e+06 1.87811e+06 1.87093e+06 1.86544e+06 1.86119e+06 1.85788e+06 1.85528e+06 1.85322e+06 1.85158e+06 1.85028e+06 1.84923e+06 1.84838e+06 1.8477e+06 1.84714e+06 1.84669e+06 1.84633e+06 1.84603e+06 1.84579e+06 1.84559e+06 1.84543e+06 1.8453e+06 1.84519e+06 1.8451e+06 1.84503e+06 1.84497e+06 1.84493e+06 1.84489e+06 1.84485e+06 1.84483e+06 1.84481e+06 1.84479e+06 1.84477e+06 1.84476e+06 1.84475e+06 1.84474e+06 1.84474e+06 1.84473e+06 1.84473e+06 1.84472e+06 1.84472e+06 1.84472e+06 1.84472e+06 1.84472e+06 1.84471e+06 1.84471e+06 1.84471e+06 1.84471e+06 1.84471e+06 1.84471e+06 1.84471e+06 1.84471e+06 1.84471e+06 1.84471e+06 1.84471e+06 1.84471e+06 1.84471e+06 1.84471e+06 1.84471e+06 1.84471e+06 1.84471e+06 1.84471e+06 1.84471e+06 1.84471e+06 1.84471e+06 1.84471e+06 1.84471e+06 1.84471e+06 1.84471e+06 1.84471e+06 1.84471e+06 1.84471e+06 1.84471e+06 1.84471e+06 1.84471e+06 1.84471e+06 1.84471e+06 1.84471e+06 1.84471e+06 1.84471e+06 1.84471e+06 0 0 0 0 0 0 0 0 0 0 0 0 0 0 0 0 0 0 0 0 0 0 0 0 0
#obs survey bio
 19358.7 15625.2 27579.2 18329.4 27621.3 38262.4 43831.1 49969.4 70855.5 73104.5 83368 121977 126571 111670 147528 170303 117945 90871 171858 149473 159174 163381 128560 96428.3 136029 113559 183685 132190
#pred catch bio
 14409.7 13547.9 14216.3 17085.9 17840.1 20484.7 30992.5 31419.9 30651.3 51422.6 51612.3 62091.1 68355.7 80828 103759 100681 106422 110067 117187 111176 102722 92451.2 94000 96448.2 119222 104664 112360 108453 7238.69 56427 60559.9 57418.8 50668 43003 35918.8 30030.3 25442.4 22018.3 19538.3 17780.7 16554.8 15709.3 15127.1 14726.5 14461.3 14285.8 14169.6 14092.7 14041.8 14008.1 13985.8 13971.1 13961.3 13954.8 13950.6 13947.7 13945.9 13944.6 13943.8 13943.3 13942.9 13942.7 13942.5 13942.4 13942.3 13942.3 13942.2 13942.2 13942.2 13942.2 13942.2 13942.2 13942.2 13942.2 13942.2 13942.2 13942.2 13942.2 13942.2 13942.2 13942.2 13942.2 13942.2 13942.2 13942.2 13942.2 13942.2 13942.2 13942.2 13942.2 13942.2 13942.2 13942.2 13942.2 13942.2 13942.2 13942.2 13942.2 13942.2 13942.2 13942.2 13942.2 13942.2 13942.2 13942.2 13942.2 13942.2 13942.2 13942.2 13942.2 13942.2 13942.2 13942.2 13942.2 13942.2 13942.2 13942.2 13942.2 13942.2 13942.2 13942.2 13942.2 13942.2 13942.2 13942.2 13942.2 13942.2 13942.2 0 0 0 0 0 0 0 0 0 0 0 0 0 0 0 0 0 0 0 0 0 0 0 0 0
#obs catch bio
 8497.32 13962.6 14388 17176.5 17773.7 18634.5 30094.9 29915.1 28280.7 50575.5 48457.7 53140.1 60118.8 73974.8 97510.2 90897.7 99885.3 115292 108474 105390 92109.2 77678.6 80565.2 89319.6 111273 94478.1 105276 104588
#pred cpue bio
 19045.1 16614.6 18040.6 21179.4 22843.3 27055.6 34836.3 35510.3 39769.6 57131.5 60651.5 73127.9 81150.2 91688 107314 107529 111407 110685 115862 109463 100314 94343.5 95013.7 96138.9 109769 101549 106674 119656 5.6556e+06 6.8229e+06 7.37739e+06 7.06469e+06 6.31186e+06 5.435e+06 4.61145e+06 3.91649e+06 3.36585e+06 2.94661e+06 2.63556e+06 2.40855e+06 2.2445e+06 2.12639e+06 2.04045e+06 1.9771e+06 1.93222e+06 1.90008e+06 1.8768e+06 1.85974e+06 1.84711e+06 1.83763e+06 1.83045e+06 1.82496e+06 1.82071e+06 1.8174e+06 1.8148e+06 1.81274e+06 1.81111e+06 1.8098e+06 1.80875e+06 1.8079e+06 1.80722e+06 1.80667e+06 1.80622e+06 1.80585e+06 1.80555e+06 1.80531e+06 1.80511e+06 1.80495e+06 1.80482e+06 1.80471e+06 1.80463e+06 1.80455e+06 1.8045e+06 1.80445e+06 1.80441e+06 1.80438e+06 1.80435e+06 1.80433e+06 1.80431e+06 1.8043e+06 1.80428e+06 1.80427e+06 1.80427e+06 1.80426e+06 1.80425e+06 1.80425e+06 1.80425e+06 1.80424e+06 1.80424e+06 1.80424e+06 1.80424e+06 1.80424e+06 1.80424e+06 1.80423e+06 1.80423e+06 1.80423e+06 1.80423e+06 1.80423e+06 1.80423e+06 1.80423e+06 1.80423e+06 1.80423e+06 1.80423e+06 1.80423e+06 1.80423e+06 1.80423e+06 1.80423e+06 1.80423e+06 1.80423e+06 1.80423e+06 1.80423e+06 1.80423e+06 1.80423e+06 1.80423e+06 1.80423e+06 1.80423e+06 1.80423e+06 1.80423e+06 1.80423e+06 1.80423e+06 1.80423e+06 1.80423e+06 1.80423e+06 1.80423e+06 1.80423e+06 1.80423e+06 1.80423e+06 1.80423e+06 0 0 0 0 0 0 0 0 0 0 0 0 0 0 0 0 0 0 0 0 0 0 0 0 0
#obs cpue bio
 13457.2 19004.6 13617.2 28056.3 22648.5 38930.6 33908.1 37329.2 35277.9 55752.3 71518.9 110965 96370.9 113990 119844 123779 150782 119192 151677 119233 125325 139460 149110 141614 146912 165977 102193 153137
#pred surv len freq
 1.19608e-11 1.2988e-09 8.31505e-08 3.13852e-06 6.98434e-05 0.000916384 0.00708973 0.0323623 0.0874214 0.141879 0.148371 0.126482 0.117366 0.104481 0.0751406 0.0486879 0.0321423 0.0215027 0.0148285 0.0108289 0.00853407 0.00733949 0.00649453 0.00507512 0.00298285
 1.33242e-11 1.44685e-09 9.26289e-08 3.49628e-06 7.78049e-05 0.00102084 0.00789788 0.0360509 0.0973809 0.158004 0.165038 0.140019 0.128148 0.109771 0.0709421 0.0372789 0.0195772 0.0109419 0.00636386 0.00386966 0.00253101 0.00185024 0.00147435 0.00110693 0.000651087
 1.31933e-11 1.43264e-09 9.17187e-08 3.46192e-06 7.70404e-05 0.00101081 0.0078204 0.0356998 0.0964664 0.156795 0.165054 0.143246 0.134485 0.115949 0.0739082 0.0369602 0.0173094 0.00794065 0.00357024 0.00168101 0.00086045 0.000493562 0.000324275 0.0002195 0.000124408
 1.2614e-11 1.36973e-09 8.76914e-08 3.30991e-06 7.36576e-05 0.000966434 0.00747716 0.0341357 0.0922787 0.1503 0.159674 0.142265 0.137696 0.120864 0.0787154 0.0409336 0.0198297 0.00892327 0.00360092 0.00136143 0.000512112 0.000208331 9.96549e-05 5.44964e-05 2.79331e-05
 1.2946e-11 1.40578e-09 8.99992e-08 3.39702e-06 7.5596e-05 0.000991865 0.00767382 0.0350313 0.09467 0.153954 0.162436 0.141945 0.134519 0.117194 0.0764474 0.0401334 0.0198305 0.00919814 0.0038141 0.00141068 0.000464053 0.000141068 4.43769e-05 1.63819e-05 6.65802e-06
 1.34203e-11 1.45729e-09 9.3297e-08 3.5215e-06 7.8366e-05 0.00102821 0.00795486 0.0363115 0.0980907 0.159205 0.166522 0.141877 0.1306 0.11246 0.0732572 0.0385725 0.01917 0.00897955 0.00379224 0.00143881 0.000478243 0.000136322 3.39516e-05 8.11498e-06 2.12199e-06
 1.32975e-11 1.44395e-09 9.24429e-08 3.48926e-06 7.76486e-05 0.00101879 0.00788208 0.03598 0.0972059 0.157853 0.165504 0.142003 0.131776 0.113777 0.0739968 0.0387797 0.0191892 0.00898984 0.00381687 0.00146443 0.000495436 0.000143254 3.45688e-05 6.94865e-06 1.23287e-06
 1.35507e-11 1.47144e-09 9.42032e-08 3.5557e-06 7.91272e-05 0.00103819 0.00803218 0.0366653 0.0990587 0.160874 0.168719 0.144819 0.134078 0.11434 0.0715094 0.0343424 0.0153058 0.00675118 0.00280793 0.00107341 0.000364985 0.000106758 2.60491e-05 5.14077e-06 8.0821e-07
 1.43003e-11 1.55284e-09 9.94144e-08 3.7524e-06 8.35044e-05 0.00109562 0.00847628 0.0386882 0.104465 0.16918 0.17522 0.144844 0.128146 0.107256 0.0669501 0.0322023 0.0141325 0.00588547 0.002231 0.000785572 0.000256321 7.41784e-05 1.81666e-05 3.60901e-06 5.61023e-07
 1.35363e-11 1.46988e-09 9.41034e-08 3.55193e-06 7.90434e-05 0.00103709 0.00802363 0.0366256 0.0989423 0.160611 0.168101 0.14347 0.132176 0.11329 0.0725327 0.0366332 0.0170559 0.00734046 0.00277155 0.000931235 0.00028009 7.484e-05 1.74751e-05 3.41562e-06 5.30085e-07
 1.39134e-11 1.51083e-09 9.67249e-08 3.65088e-06 8.12454e-05 0.00106598 0.00824709 0.0376445 0.101678 0.164922 0.171999 0.145202 0.131778 0.111315 0.069211 0.03287 0.0143331 0.00609635 0.00238747 0.000833783 0.000251664 6.44602e-05 1.39885e-05 2.54657e-06 3.77813e-07
 1.3273e-11 1.44129e-09 9.22729e-08 3.48284e-06 7.75059e-05 0.00101692 0.00786767 0.0359158 0.0970536 0.157777 0.166218 0.144569 0.13598 0.117038 0.0739459 0.0360787 0.0160669 0.00670301 0.0024984 0.000845987 0.000258241 6.77984e-05 1.46992e-05 2.57019e-06 3.57648e-07
 1.3128e-11 1.42554e-09 9.12645e-08 3.44478e-06 7.66589e-05 0.00100581 0.00778171 0.0355238 0.0960003 0.156113 0.16469 0.143819 0.135983 0.117613 0.075061 0.0374776 0.0172572 0.00743211 0.00283228 0.000955243 0.00028281 7.23287e-05 1.56652e-05 2.762e-06 3.80471e-07
 1.40009e-11 1.52033e-09 9.7333e-08 3.67383e-06 8.17561e-05 0.00107268 0.00829886 0.0378794 0.102294 0.165763 0.172152 0.143536 0.128527 0.108729 0.0692357 0.0348208 0.0162663 0.00715598 0.00281083 0.000980041 0.000296724 7.58846e-05 1.61222e-05 2.78977e-06 3.81841e-07
 1.40257e-11 1.52302e-09 9.75054e-08 3.68034e-06 8.19009e-05 0.00107458 0.0083136 0.0379474 0.102488 0.166167 0.172979 0.145222 0.130908 0.110244 0.0684643 0.0324655 0.0141168 0.00598797 0.0023524 0.000836289 0.000260673 6.87261e-05 1.48932e-05 2.5805e-06 3.48833e-07
 1.37555e-11 1.49368e-09 9.56271e-08 3.60945e-06 8.03232e-05 0.00105389 0.00815358 0.0372195 0.100556 0.163306 0.171265 0.146956 0.13576 0.114813 0.0698845 0.0312621 0.0123628 0.00477322 0.00173017 0.000581998 0.000178462 4.76731e-05 1.06063e-05 1.88664e-06 2.59177e-07
 1.35066e-11 1.46666e-09 9.38967e-08 3.54413e-06 7.88698e-05 0.00103482 0.0080061 0.0365472 0.0987533 0.160487 0.168819 0.146163 0.136572 0.116533 0.0720558 0.0333781 0.0137409 0.00528441 0.00179465 0.000546739 0.0001528 3.83653e-05 8.33902e-06 1.49392e-06 2.09613e-07
 1.45323e-11 1.57804e-09 1.01027e-07 3.81328e-06 8.48593e-05 0.0011134 0.00861378 0.0393153 0.106151 0.171853 0.177714 0.146181 0.128348 0.106465 0.0651015 0.0298149 0.0121734 0.00473422 0.0016513 0.000506958 0.000135514 3.11692e-05 6.18323e-06 1.04073e-06 1.42389e-07
 1.40712e-11 1.52796e-09 9.78214e-08 3.69227e-06 8.21664e-05 0.00107807 0.00834061 0.0380718 0.102839 0.166853 0.174241 0.14762 0.134255 0.112475 0.0676575 0.0294238 0.011075 0.00404445 0.00137296 0.00042102 0.00011401 2.6229e-05 5.00042e-06 7.79778e-07 9.83711e-08
 1.38487e-11 1.50381e-09 9.62752e-08 3.63391e-06 8.08677e-05 0.00106103 0.00820884 0.0374717 0.101236 0.164401 0.172368 0.147774 0.136291 0.114876 0.0692184 0.0300853 0.0112178 0.00396336 0.0012633 0.00036049 9.31345e-05 2.1111e-05 4.02627e-06 6.21455e-07 7.5317e-08
 1.41786e-11 1.53963e-09 9.85685e-08 3.72047e-06 8.27939e-05 0.0010863 0.00840428 0.0383618 0.103614 0.168045 0.175178 0.147638 0.133435 0.111512 0.067074 0.0291677 0.0108903 0.00384728 0.00121716 0.000338181 8.28527e-05 1.7584e-05 3.18405e-06 4.7897e-07 5.73797e-08
 1.39852e-11 1.51862e-09 9.72235e-08 3.6697e-06 8.16642e-05 0.00107148 0.00828966 0.0378399 0.102222 0.16593 0.173633 0.148003 0.135545 0.113776 0.0682195 0.0293162 0.0107331 0.00373541 0.00117549 0.000325857 7.91448e-05 1.63692e-05 2.82553e-06 4.00722e-07 4.56621e-08
 1.39347e-11 1.51314e-09 9.68729e-08 3.65647e-06 8.13697e-05 0.00106762 0.00825976 0.0377032 0.10185 0.1653 0.172859 0.147075 0.134538 0.113342 0.0689676 0.0308054 0.0119652 0.00432933 0.00136737 0.000374311 8.9906e-05 1.84595e-05 3.14805e-06 4.34724e-07 4.74165e-08
 1.49565e-11 1.6241e-09 1.03976e-07 3.92458e-06 8.7336e-05 0.00114589 0.00886509 0.0404605 0.109218 0.176609 0.18166 0.146928 0.126095 0.103139 0.0620914 0.0274628 0.0105926 0.00388549 0.00127722 0.000366032 9.00355e-05 1.84777e-05 3.12022e-06 4.26118e-07 4.57533e-08
 1.48065e-11 1.60781e-09 1.02934e-07 3.88523e-06 8.64604e-05 0.0011344 0.00877628 0.0400563 0.108143 0.175004 0.180628 0.147664 0.128425 0.105368 0.0628174 0.026965 0.00989634 0.00348257 0.0011234 0.000323164 8.16848e-05 1.74186e-05 3.0258e-06 4.16783e-07 4.45143e-08
 1.45186e-11 1.57654e-09 1.00932e-07 3.80967e-06 8.47789e-05 0.00111234 0.00860571 0.0392801 0.106079 0.171915 0.178612 0.148984 0.132759 0.109562 0.0642676 0.0261607 0.00868823 0.00276276 0.000828929 0.000225976 5.53379e-05 1.1748e-05 2.08004e-06 2.95378e-07 3.23796e-08
 1.52744e-11 1.65862e-09 1.06186e-07 4.008e-06 8.91923e-05 0.00117024 0.00905345 0.0413189 0.111518 0.180189 0.184689 0.147686 0.124719 0.10089 0.05984 0.0254963 0.00914398 0.00303622 0.000877513 0.000218101 4.85743e-05 9.62581e-06 1.63831e-06 2.30129e-07 2.55296e-08
 1.52875e-11 1.66004e-09 1.06277e-07 4.01143e-06 8.92687e-05 0.00117125 0.00906122 0.0413546 0.111617 0.180377 0.185006 0.148245 0.125456 0.101288 0.0594388 0.0246016 0.00843952 0.00275433 0.000822938 0.000214485 4.78453e-05 8.91474e-06 1.38745e-06 1.80585e-07 1.91344e-08
#obs surv len freq
 1.3957e-11 1.51556e-09 9.70275e-08 3.66231e-06 8.14997e-05 0.00106931 0.00827263 0.0377553 0.101893 0.164548 0.168117 0.133113 0.113044 0.0998436 0.0757881 0.0496704 0.0279764 0.0126977 0.00453419 0.00127052 0.000273077 4.35598e-05 5.00205e-06 4.0181e-07 2.19694e-08
 1.29209e-11 1.40306e-09 8.98252e-08 3.39046e-06 7.54502e-05 0.000989955 0.0076592 0.0349671 0.0945155 0.153746 0.161933 0.13971 0.129783 0.114058 0.0791134 0.045481 0.0231927 0.0100616 0.00351802 0.000961552 0.000198823 3.00936e-05 3.23927e-06 2.41311e-07 1.21313e-08
 1.32472e-11 1.43849e-09 9.20934e-08 3.47607e-06 7.73554e-05 0.00101495 0.00785261 0.0358492 0.0968794 0.157372 0.164508 0.138343 0.124507 0.109493 0.0790173 0.0475632 0.0240104 0.00960546 0.00299776 0.000740995 0.000142729 2.04573e-05 2.08481e-06 1.45903e-07 6.83016e-09
 1.22804e-11 1.33351e-09 8.53723e-08 3.22239e-06 7.17102e-05 0.000940899 0.00728013 0.0332455 0.0899634 0.14699 0.157138 0.139777 0.132691 0.117829 0.0840908 0.0501001 0.0253957 0.0103265 0.00323326 0.000768129 0.000136161 1.76596e-05 1.63901e-06 1.05784e-07 4.60174e-09
 1.29799e-11 1.40947e-09 9.02352e-08 3.40594e-06 7.57949e-05 0.000994491 0.00769471 0.035136 0.0950341 0.15486 0.163429 0.139694 0.126248 0.110307 0.079854 0.0485013 0.02455 0.00978735 0.00299566 0.000697537 0.000120387 1.48881e-05 1.28353e-06 7.55238e-08 2.97684e-09
 1.34663e-11 1.46228e-09 9.36162e-08 3.53356e-06 7.8635e-05 0.00103176 0.00798325 0.0364563 0.0986279 0.160804 0.169704 0.144024 0.127083 0.106944 0.0735591 0.0421971 0.0204803 0.00797872 0.00239797 0.000544239 9.07316e-05 1.07723e-05 8.85734e-07 4.91928e-08 1.80585e-09
 1.32943e-11 1.44361e-09 9.24208e-08 3.48844e-06 7.76312e-05 0.0010186 0.00788182 0.0360001 0.0974684 0.159366 0.169713 0.146581 0.130541 0.108895 0.0734568 0.0407783 0.0188462 0.0069187 0.00195791 0.000421523 6.71775e-05 7.6372e-06 5.99149e-07 3.15778e-08 1.09394e-09
 1.35476e-11 1.47111e-09 9.41821e-08 3.55492e-06 7.91107e-05 0.00103802 0.00803225 0.0366895 0.0993491 0.162446 0.172628 0.147406 0.128594 0.105939 0.0714674 0.0396857 0.0180778 0.0064244 0.00173122 0.000350213 5.21002e-05 5.53152e-06 4.0675e-07 2.01546e-08 6.56897e-10
 1.31313e-11 1.42591e-09 9.12878e-08 3.44568e-06 7.66801e-05 0.00100615 0.00778627 0.0355776 0.0964618 0.15848 0.171018 0.150631 0.134174 0.109547 0.0719388 0.0385809 0.016991 0.00585846 0.0015272 0.000295583 4.14849e-05 4.10678e-06 2.79604e-07 1.27987e-08 3.85729e-10
 1.26183e-11 1.37019e-09 8.77211e-08 3.31106e-06 7.36847e-05 0.00096687 0.00748298 0.0342039 0.0928598 0.153282 0.16779 0.151857 0.138087 0.11353 0.0749664 0.0401372 0.0173023 0.00573476 0.00142356 0.000261511 3.47626e-05 3.24417e-06 2.06713e-07 8.78806e-09 2.44516e-10
 1.36355e-11 1.48066e-09 9.47929e-08 3.57798e-06 7.96249e-05 0.00104481 0.00808586 0.0369518 0.100213 0.164575 0.176443 0.151155 0.128979 0.103356 0.0687005 0.0373314 0.0161865 0.0053332 0.00129934 0.000230563 2.91644e-05 2.56399e-06 1.53036e-07 6.07169e-09 1.57107e-10
 1.17127e-11 1.27186e-09 8.14256e-08 3.07345e-06 6.83981e-05 0.000897564 0.00694842 0.0317917 0.0866184 0.144726 0.163965 0.157124 0.147209 0.119546 0.076876 0.040095 0.0169577 0.00555154 0.00135185 0.000237944 2.94259e-05 2.49077e-06 1.41232e-07 5.26824e-09 1.27243e-10
 1.28377e-11 1.39403e-09 8.92469e-08 3.36866e-06 7.49677e-05 0.000983751 0.00761479 0.0348226 0.0946578 0.156621 0.171391 0.152236 0.133733 0.109155 0.0740685 0.0404987 0.0171811 0.00544482 0.00127033 0.000215364 2.58267e-05 2.12136e-06 1.16086e-07 4.14275e-09 9.48499e-11
 1.29959e-11 1.4112e-09 9.03463e-08 3.41017e-06 7.58923e-05 0.000995922 0.00771006 0.035275 0.0960379 0.159672 0.176793 0.159086 0.137674 0.106262 0.066636 0.0340867 0.0140415 0.00443173 0.00102705 0.000169631 1.94688e-05 1.51828e-06 7.88237e-08 2.67206e-09 5.81118e-11
 1.24939e-11 1.35669e-09 8.68571e-08 3.27848e-06 7.29628e-05 0.000957536 0.00741441 0.0339464 0.0926422 0.155199 0.175318 0.162978 0.143837 0.110416 0.0674563 0.0327454 0.0124842 0.00361662 0.000777757 0.00012146 1.33419e-05 9.96387e-07 4.92169e-08 1.57582e-09 3.22123e-11
 1.17328e-11 1.27405e-09 8.1566e-08 3.07879e-06 6.85202e-05 0.000899305 0.00696543 0.0319203 0.0873796 0.147774 0.171026 0.165212 0.149879 0.116282 0.0713079 0.0343184 0.0126858 0.00347637 0.000692168 9.88458e-05 9.92674e-06 6.83323e-07 3.14165e-08 9.42528e-10 1.80958e-11
 1.18818e-11 1.29023e-09 8.26021e-08 3.11791e-06 6.93916e-05 0.00091077 0.00705482 0.0323362 0.0885421 0.149676 0.17239 0.164164 0.146903 0.114377 0.0714184 0.0349293 0.0129452 0.00350264 0.000676774 9.18789e-05 8.59932e-06 5.43873e-07 2.28211e-08 6.24744e-10 1.09861e-11
 1.28405e-11 1.39433e-09 8.92672e-08 3.3695e-06 7.49913e-05 0.000984277 0.00762421 0.0349419 0.0955965 0.160908 0.182257 0.166523 0.140955 0.104377 0.062355 0.0293789 0.0105988 0.00281261 0.00053266 7.02883e-05 6.31352e-06 3.77889e-07 1.48076e-08 3.74382e-10 6.03249e-12
 1.08964e-11 1.18323e-09 7.57522e-08 2.85942e-06 6.36441e-05 0.000835558 0.00647779 0.0297722 0.0822039 0.142267 0.172652 0.175338 0.159345 0.118508 0.068321 0.0305716 0.0104549 0.00264134 0.000478812 6.07143e-05 5.24418e-06 3.00907e-07 1.12343e-08 2.68507e-10 4.05631e-12
 1.24623e-11 1.35326e-09 8.66382e-08 3.27031e-06 7.27875e-05 0.000955495 0.00740452 0.0339773 0.093268 0.158252 0.181958 0.168928 0.143979 0.1069 0.063378 0.0286743 0.0095423 0.00227415 0.000383194 4.50883e-05 3.63084e-06 1.95327e-07 6.86393e-09 1.54654e-10 2.20129e-12
 1.18672e-11 1.28864e-09 8.25016e-08 3.11424e-06 6.93182e-05 0.000910134 0.00705731 0.0324438 0.0895406 0.154159 0.182883 0.17623 0.150757 0.107661 0.0605987 0.0264826 0.00873226 0.00208283 0.00034722 3.94787e-05 3.00396e-06 1.50571e-07 4.90221e-09 1.02298e-10 1.35114e-12
 1.17216e-11 1.27284e-09 8.14902e-08 3.0761e-06 6.84722e-05 0.000899127 0.00697404 0.0320853 0.0887087 0.153267 0.182723 0.176702 0.151605 0.1089 0.0612937 0.0262401 0.00830406 0.00188893 0.000301997 3.31651e-05 2.43925e-06 1.17373e-07 3.62771e-09 7.10518e-11 8.72969e-13
 1.17666e-11 1.27772e-09 8.18034e-08 3.08797e-06 6.87393e-05 0.000902735 0.00700399 0.0322443 0.089268 0.154536 0.184295 0.177129 0.150395 0.107431 0.0605022 0.0259222 0.00815853 0.0018246 0.000282798 2.97503e-05 2.08235e-06 9.51718e-08 2.79308e-09 5.18837e-11 6.02776e-13
 1.28731e-11 1.39788e-09 8.94967e-08 3.3784e-06 7.52051e-05 0.00098765 0.00766227 0.035259 0.0974126 0.167309 0.194789 0.178165 0.142163 0.0959339 0.0513279 0.0209831 0.0063364 0.0013656 0.00020407 2.06252e-05 1.37858e-06 5.97749e-08 1.65524e-09 2.89065e-11 3.15105e-13
 1.06926e-11 1.16112e-09 7.43404e-08 2.80652e-06 6.24906e-05 0.000821276 0.00638492 0.029556 0.082999 0.148537 0.187946 0.191126 0.161953 0.108038 0.0546344 0.0207615 0.00582409 0.0011716 0.00016427 1.56434e-05 9.87643e-07 4.0467e-08 1.05744e-09 1.73823e-11 1.77829e-13
 1.15118e-11 1.25008e-09 8.00359e-08 3.02151e-06 6.72749e-05 0.00088401 0.00686859 0.0317307 0.0885308 0.15558 0.189406 0.183953 0.153836 0.105611 0.0553804 0.0211833 0.0057348 0.00107854 0.000139233 1.21719e-05 7.07666e-07 2.68254e-08 6.51088e-10 9.9676e-12 9.51053e-14
 1.16879e-11 1.26921e-09 8.12623e-08 3.06796e-06 6.8318e-05 0.000898009 0.00698292 0.0323195 0.0905412 0.160266 0.196411 0.188971 0.151985 0.0985319 0.0490351 0.0181464 0.00482741 0.000891749 0.000111325 9.2107e-06 4.97567e-07 1.73309e-08 3.84846e-10 5.39077e-12 4.71662e-14
 1.13271e-11 1.23004e-09 7.87568e-08 2.97357e-06 6.62272e-05 0.000870888 0.00677881 0.0314487 0.0885647 0.158408 0.197265 0.192529 0.155118 0.0991319 0.0478207 0.016894 0.00425792 0.000746251 8.88567e-05 7.03261e-06 3.6248e-07 1.19562e-08 2.48945e-10 3.23851e-12 2.6117e-14
#pred catch len freq
 1.04502e-11 1.13477e-09 7.26492e-08 2.74214e-06 6.10228e-05 0.00080066 0.00619474 0.0282843 0.0765066 0.124981 0.134514 0.124336 0.126029 0.116204 0.0842377 0.0546546 0.0360865 0.0241415 0.0166482 0.0121578 0.00958136 0.00824019 0.00729153 0.00569793 0.00334891
 1.19918e-11 1.30217e-09 8.3366e-08 3.14665e-06 7.00245e-05 0.000918767 0.00710847 0.0324548 0.0877664 0.143205 0.153321 0.139537 0.138054 0.122043 0.0794548 0.0418087 0.0219601 0.0122739 0.00713854 0.00434072 0.00283911 0.00207547 0.00165383 0.00124167 0.000730345
 1.17093e-11 1.27149e-09 8.14022e-08 3.07253e-06 6.83751e-05 0.00089713 0.00694122 0.0316949 0.0857624 0.140346 0.152161 0.143149 0.146237 0.130283 0.0836744 0.0419029 0.0196281 0.00900448 0.00404856 0.00190622 0.000975727 0.000559686 0.000367719 0.000248907 0.000141075
 1.12462e-11 1.2212e-09 7.81823e-08 2.95099e-06 6.56705e-05 0.000861647 0.00666679 0.0304442 0.0824115 0.13513 0.14775 0.142064 0.148365 0.133996 0.087834 0.0457292 0.0221564 0.00997041 0.00402349 0.00152119 0.000572209 0.000232779 0.000111349 6.08916e-05 3.1211e-05
 1.14388e-11 1.24211e-09 7.95213e-08 3.00154e-06 6.67952e-05 0.000876402 0.00678089 0.0309638 0.083797 0.137235 0.149279 0.141674 0.146197 0.1316 0.0864876 0.0454661 0.0224695 0.0104224 0.00432175 0.00159844 0.000525817 0.000159843 5.02833e-05 1.85623e-05 7.54418e-06
 1.1787e-11 1.27993e-09 8.19422e-08 3.09291e-06 6.88286e-05 0.00090308 0.0069872 0.0319035 0.0863076 0.141084 0.152256 0.141561 0.143219 0.128041 0.0841332 0.0443692 0.0220555 0.0103313 0.00436313 0.00165541 0.000550239 0.000156845 3.90628e-05 9.33662e-06 2.44144e-06
 1.23265e-11 1.33851e-09 8.56924e-08 3.23446e-06 7.19786e-05 0.000944405 0.00730679 0.0333594 0.0902008 0.147082 0.157027 0.141829 0.139299 0.123053 0.0804558 0.0422056 0.0208872 0.0097854 0.00415465 0.00159403 0.00053928 0.000155931 3.7628e-05 7.56359e-06 1.34198e-06
 1.25256e-11 1.36013e-09 8.70769e-08 3.28672e-06 7.31415e-05 0.000959664 0.00742487 0.033899 0.0916662 0.149523 0.159866 0.1449 0.142426 0.124417 0.0782512 0.0376201 0.0167692 0.00739679 0.00307645 0.00117606 0.000399889 0.000116968 2.85402e-05 5.63239e-06 8.85499e-07
 1.27006e-11 1.37914e-09 8.82937e-08 3.33265e-06 7.41636e-05 0.000973073 0.00752857 0.0343714 0.0929292 0.151467 0.16141 0.144984 0.141203 0.123029 0.0775301 0.0373584 0.0163997 0.0068298 0.00258897 0.000911619 0.000297448 8.60806e-05 2.10815e-05 4.18809e-06 6.51041e-07
 1.25981e-11 1.368e-09 8.75805e-08 3.30573e-06 7.35645e-05 0.000965213 0.00746775 0.0340935 0.0921746 0.150212 0.159955 0.143425 0.139641 0.12241 0.0787847 0.0398296 0.0185467 0.00798212 0.00301382 0.00101264 0.000304574 8.13822e-05 1.90027e-05 3.7142e-06 5.76422e-07
 1.2695e-11 1.37853e-09 8.82547e-08 3.33118e-06 7.41309e-05 0.000972644 0.00752526 0.0343565 0.0928923 0.151433 0.161494 0.145346 0.141778 0.123356 0.0772343 0.0367291 0.016019 0.00681355 0.00266835 0.000931873 0.000281271 7.20437e-05 1.56342e-05 2.84616e-06 4.2226e-07
 1.20767e-11 1.31139e-09 8.39563e-08 3.16893e-06 7.05203e-05 0.000925276 0.00715892 0.0326874 0.088426 0.144528 0.155876 0.144633 0.145684 0.128796 0.0818801 0.0399962 0.0178144 0.0074322 0.00277019 0.000938018 0.000286334 7.51739e-05 1.62983e-05 2.84979e-06 3.96555e-07
 1.19075e-11 1.29302e-09 8.27802e-08 3.12454e-06 6.95325e-05 0.000912315 0.00705867 0.0322303 0.087198 0.14259 0.154109 0.143802 0.145754 0.129515 0.0831719 0.0415753 0.0191471 0.00824617 0.00314251 0.00105988 0.000313787 8.02511e-05 1.7381e-05 3.06454e-06 4.22145e-07
 1.29388e-11 1.405e-09 8.99493e-08 3.39514e-06 7.55542e-05 0.000991317 0.00766962 0.0350131 0.0946328 0.153992 0.162933 0.143491 0.136983 0.119048 0.076292 0.0384153 0.0179484 0.0078961 0.00310155 0.0010814 0.000327414 8.37332e-05 1.77897e-05 3.07832e-06 4.21334e-07
 1.34133e-11 1.45652e-09 9.32479e-08 3.51965e-06 7.83249e-05 0.00102767 0.00795078 0.0362948 0.0980721 0.159387 0.167699 0.145296 0.135938 0.116299 0.0724967 0.0344023 0.0149606 0.00634593 0.00249303 0.000886283 0.000276257 7.28346e-05 1.57836e-05 2.73477e-06 3.69686e-07
 1.29826e-11 1.40976e-09 9.02542e-08 3.40665e-06 7.58103e-05 0.000994679 0.00769571 0.0351339 0.0949839 0.154759 0.164648 0.147175 0.142301 0.122594 0.0749471 0.0335551 0.0132714 0.00512408 0.00185735 0.000624778 0.00019158 5.11774e-05 1.1386e-05 2.02532e-06 2.78227e-07
 1.28654e-11 1.39703e-09 8.94392e-08 3.37588e-06 7.51257e-05 0.000985697 0.00762623 0.0348169 0.0941299 0.153393 0.163311 0.146294 0.141921 0.122942 0.0762881 0.0353625 0.0145593 0.00559921 0.00190156 0.00057931 0.000161903 4.06508e-05 8.83579e-06 1.58292e-06 2.221e-07
 1.40188e-11 1.52227e-09 9.74571e-08 3.67852e-06 8.18603e-05 0.00107405 0.00830952 0.0379294 0.102448 0.166172 0.173306 0.146297 0.13265 0.111608 0.0684817 0.0313838 0.0128153 0.0049839 0.00173839 0.000533696 0.000142661 3.28131e-05 6.50934e-06 1.09562e-06 1.49899e-07
 1.36931e-11 1.4869e-09 9.51929e-08 3.59306e-06 7.99586e-05 0.0010491 0.00811661 0.0370515 0.100113 0.162675 0.171013 0.147755 0.137498 0.116312 0.0701282 0.0305121 0.0114855 0.00419439 0.00142386 0.000436628 0.000118237 2.72014e-05 5.18579e-06 8.08687e-07 1.02018e-07
 1.35199e-11 1.4681e-09 9.39891e-08 3.54762e-06 7.89474e-05 0.00103584 0.00801402 0.0365843 0.0988655 0.160766 0.169562 0.147894 0.139116 0.118218 0.0713707 0.0310326 0.0115717 0.00408843 0.00130316 0.000371865 9.60734e-05 2.17771e-05 4.15332e-06 6.41065e-07 7.76936e-08
 1.3861e-11 1.50514e-09 9.63607e-08 3.63714e-06 8.09394e-05 0.00106197 0.00821612 0.0375048 0.101325 0.164535 0.172467 0.147754 0.136163 0.114739 0.0691531 0.0300835 0.0112329 0.00396836 0.00125547 0.000348824 8.54603e-05 1.81374e-05 3.28426e-06 4.94044e-07 5.91855e-08
 1.34297e-11 1.45831e-09 9.33623e-08 3.52396e-06 7.8421e-05 0.00102893 0.00796062 0.0363412 0.0982183 0.159792 0.1689 0.14822 0.140339 0.119437 0.071849 0.0308957 0.0113126 0.00393714 0.00123897 0.000343455 8.34189e-05 1.72532e-05 2.97811e-06 4.22363e-07 4.8128e-08
 1.34446e-11 1.45992e-09 9.34653e-08 3.52785e-06 7.85075e-05 0.00103006 0.00796937 0.0363805 0.0983157 0.15988 0.168665 0.147222 0.138701 0.118292 0.0721906 0.0322632 0.0125326 0.00453465 0.00143222 0.000392064 9.41699e-05 1.93349e-05 3.29735e-06 4.55342e-07 4.96654e-08
 1.44434e-11 1.56838e-09 1.00409e-07 3.78994e-06 8.43398e-05 0.00110658 0.00856111 0.0390759 0.105518 0.170937 0.177273 0.147091 0.130465 0.108327 0.0654565 0.0289721 0.0111761 0.00409955 0.00134759 0.000386198 9.49959e-05 1.94957e-05 3.29212e-06 4.49594e-07 4.8274e-08
 1.47686e-11 1.60369e-09 1.0267e-07 3.87527e-06 8.62386e-05 0.00113149 0.00875377 0.0399538 0.107869 0.174585 0.180304 0.147679 0.128753 0.105755 0.0630655 0.027073 0.00993605 0.00349655 0.00112791 0.000324462 8.20126e-05 1.74886e-05 3.03795e-06 4.18455e-07 4.46929e-08
 1.41874e-11 1.54059e-09 9.86298e-08 3.72278e-06 8.28454e-05 0.00108698 0.00840954 0.0383866 0.103692 0.168259 0.175804 0.149154 0.135679 0.112978 0.0664156 0.0270467 0.00898316 0.00285658 0.000857077 0.000233649 5.7217e-05 1.21469e-05 2.15067e-06 3.05408e-07 3.34791e-08
 1.4986e-11 1.6273e-09 1.04181e-07 3.93232e-06 8.75083e-05 0.00114815 0.0088826 0.0405407 0.109439 0.177003 0.182233 0.147805 0.127218 0.103838 0.061726 0.0263116 0.00943705 0.00313356 0.000905645 0.000225093 5.01315e-05 9.93441e-06 1.69083e-06 2.37507e-07 2.6348e-08
 1.42632e-11 1.54881e-09 9.91563e-08 3.74266e-06 8.32876e-05 0.00109278 0.0084544 0.0385907 0.104234 0.169066 0.176307 0.148732 0.134428 0.111816 0.0661014 0.0273993 0.00940159 0.0030684 0.000916779 0.000238943 5.33012e-05 9.9313e-06 1.54567e-06 2.01177e-07 2.13164e-08
#obs catch len freq
 9.89191e-12 1.07415e-09 6.87677e-08 2.59564e-06 5.77628e-05 0.000757897 0.00586426 0.0267838 0.0725552 0.119336 0.131983 0.13042 0.141468 0.136974 0.10434 0.0670647 0.0372796 0.0168913 0.00606265 0.00171556 0.00037477 6.12549e-05 7.2519e-06 6.01453e-07 3.3855e-08
 1.24483e-11 1.35174e-09 8.65396e-08 3.26644e-06 7.26904e-05 0.000953743 0.00737897 0.0336863 0.0910344 0.147935 0.155182 0.132651 0.123469 0.113071 0.0863631 0.0563837 0.0313473 0.0139578 0.00486642 0.00132328 0.00027416 4.18818e-05 4.577e-06 3.47866e-07 1.79039e-08
 1.1588e-11 1.25832e-09 8.05587e-08 3.0407e-06 6.76669e-05 0.000887849 0.00686977 0.0313748 0.0849518 0.139261 0.151207 0.140711 0.140387 0.125974 0.0874268 0.0500523 0.025233 0.0107391 0.00366073 0.000969059 0.00019279 2.78999e-05 2.85418e-06 2.00974e-07 9.50448e-09
 1.19958e-11 1.3026e-09 8.33934e-08 3.1477e-06 7.00481e-05 0.000919091 0.00711148 0.0324771 0.0879057 0.143794 0.154455 0.139183 0.134245 0.120682 0.087136 0.0520599 0.0258616 0.0101237 0.00307958 0.000737512 0.000136591 1.86913e-05 1.80765e-06 1.19433e-07 5.25518e-09
 1.12357e-11 1.22006e-09 7.81096e-08 2.94826e-06 6.56101e-05 0.000860878 0.00666156 0.0304329 0.0824957 0.135788 0.149155 0.141113 0.141204 0.127021 0.0904474 0.0534399 0.026637 0.0105776 0.00321718 0.00073822 0.000125644 1.55515e-05 1.36898e-06 8.33347e-08 3.40371e-09
 1.21193e-11 1.31602e-09 8.42525e-08 3.18012e-06 7.077e-05 0.000928577 0.00718525 0.0328205 0.0888962 0.145703 0.157039 0.141028 0.133358 0.117865 0.0850426 0.0511031 0.0253774 0.00986718 0.00293064 0.000658017 0.000108795 1.28142e-05 1.04663e-06 5.80597e-08 2.14797e-09
 1.27257e-11 1.38186e-09 8.84679e-08 3.33924e-06 7.43109e-05 0.000975044 0.00754497 0.034466 0.093368 0.153044 0.164572 0.145748 0.13357 0.113292 0.0775405 0.043994 0.0209459 0.00795067 0.00231495 0.000505775 8.06563e-05 9.10685e-06 7.08361e-07 3.70467e-08 1.27566e-09
 1.26432e-11 1.37291e-09 8.78947e-08 3.3176e-06 7.38298e-05 0.000968744 0.00749665 0.0342527 0.0928666 0.152661 0.165534 0.148575 0.136511 0.114356 0.0766105 0.0419853 0.019004 0.00679032 0.00186034 0.000385242 5.86547e-05 6.33229e-06 4.6931e-07 2.32642e-08 7.55221e-10
 1.30338e-11 1.41531e-09 9.06096e-08 3.42008e-06 7.61104e-05 0.000998676 0.0077284 0.035313 0.0957412 0.157277 0.169659 0.149421 0.133526 0.110147 0.0736804 0.0403109 0.0179463 0.00619546 0.00161356 0.000313552 4.45209e-05 4.48464e-06 3.11218e-07 1.4488e-08 4.42024e-10
 1.27185e-11 1.38108e-09 8.84183e-08 3.33737e-06 7.42703e-05 0.000974554 0.00754245 0.0344758 0.0935981 0.1545 0.169102 0.15288 0.138418 0.112671 0.0732298 0.0386525 0.0166209 0.00555978 0.00139835 0.000259527 3.47149e-05 3.25708e-06 2.09116e-07 8.98679e-09 2.53344e-10
 1.22602e-11 1.33131e-09 8.5232e-08 3.21711e-06 7.15945e-05 0.00093947 0.00727169 0.0332514 0.0904042 0.149965 0.16647 0.154239 0.141966 0.116122 0.0757813 0.0398528 0.0167425 0.00537609 0.00128612 0.000226295 2.86323e-05 2.5293e-06 1.51824e-07 6.05552e-09 1.57521e-10
 1.33232e-11 1.44675e-09 9.26222e-08 3.49606e-06 7.78022e-05 0.00102092 0.00790173 0.0361229 0.0980849 0.16174 0.175412 0.153348 0.132411 0.105619 0.0693487 0.0369605 0.0155928 0.00496884 0.00116447 0.000197572 2.37562e-05 1.97488e-06 1.10941e-07 4.12607e-09 9.97477e-11
 1.14823e-11 1.24684e-09 7.98241e-08 3.01301e-06 6.70539e-05 0.000879959 0.00681312 0.0311882 0.0851174 0.14296 0.164036 0.159774 0.15011 0.120716 0.0765562 0.0391558 0.0161099 0.00509522 0.00119129 0.000200087 2.34793e-05 1.87659e-06 1.00043e-07 3.49554e-09 7.88342e-11
 1.27064e-11 1.37977e-09 8.83342e-08 3.33422e-06 7.42019e-05 0.000973733 0.00753809 0.0344849 0.093853 0.155847 0.172018 0.154541 0.135933 0.109841 0.0733508 0.0391825 0.0161247 0.00493064 0.0011038 0.000178398 2.0271e-05 1.56968e-06 8.06444e-08 2.69285e-09 5.75267e-11
 1.29474e-11 1.40594e-09 9.00096e-08 3.39747e-06 7.56105e-05 0.000992262 0.00768266 0.0351634 0.0958492 0.159884 0.178244 0.16139 0.138964 0.105805 0.0652587 0.0326453 0.0130443 0.00396538 0.000879632 0.000138245 1.50166e-05 1.10298e-06 5.37061e-08 1.70155e-09 3.44899e-11
 1.25018e-11 1.35755e-09 8.69119e-08 3.28056e-06 7.30102e-05 0.000958201 0.00742063 0.0339899 0.0928799 0.156104 0.177377 0.165362 0.144641 0.109256 0.0654948 0.0310198 0.011457 0.00319625 0.000657894 9.7685e-05 1.01407e-05 7.12255e-07 3.29606e-08 9.85542e-10 1.87639e-11
 1.17704e-11 1.27813e-09 8.18276e-08 3.08868e-06 6.87415e-05 0.000902261 0.00698955 0.0320477 0.0878553 0.149093 0.173494 0.167735 0.150506 0.114774 0.0689614 0.0323142 0.0115476 0.0030419 0.000579016 7.85746e-05 7.45475e-06 4.82323e-07 2.07552e-08 5.80874e-10 1.03771e-11
 1.1979e-11 1.30079e-09 8.32782e-08 3.14344e-06 6.99613e-05 0.000918301 0.00711439 0.0326252 0.0894486 0.151635 0.175287 0.166596 0.147141 0.112464 0.0686994 0.0326513 0.0116771 0.00303151 0.000558907 7.19926e-05 6.35968e-06 3.77889e-07 1.48371e-08 3.78767e-10 6.19393e-12
 1.29586e-11 1.40716e-09 9.00884e-08 3.40052e-06 7.56831e-05 0.000993416 0.00769629 0.0352885 0.0966565 0.163081 0.185217 0.168681 0.14074 0.102179 0.0596708 0.0273085 0.00949946 0.00241547 0.000435758 5.44681e-05 4.61153e-06 2.59074e-07 9.49445e-09 2.23814e-10 3.35373e-12
 1.10624e-11 1.20126e-09 7.69069e-08 2.90304e-06 6.46169e-05 0.000848407 0.00657906 0.0302574 0.0836701 0.145185 0.176403 0.177747 0.158598 0.115444 0.0649892 0.0282236 0.0092996 0.00224935 0.000388021 4.65483e-05 3.78458e-06 2.03569e-07 7.10098e-09 1.58137e-10 2.22092e-12
 1.26342e-11 1.37194e-09 8.78341e-08 3.31549e-06 7.37949e-05 0.000968793 0.0075091 0.034475 0.0947452 0.16109 0.185449 0.171121 0.14338 0.104094 0.0600981 0.0263089 0.00841917 0.00191923 0.00030759 3.42222e-05 2.59203e-06 1.3059e-07 4.28312e-09 8.98303e-11 1.18768e-12
 1.20614e-11 1.30973e-09 8.38522e-08 3.16526e-06 7.04566e-05 0.000925173 0.00717578 0.0330092 0.091223 0.157373 0.186707 0.178314 0.149605 0.1044 0.0572543 0.0242165 0.00766951 0.00174575 0.000276183 2.96503e-05 2.12071e-06 9.9521e-08 3.02305e-09 5.86883e-11 7.19495e-13
 1.19255e-11 1.29498e-09 8.29084e-08 3.12969e-06 6.9668e-05 0.000914932 0.00709866 0.0326805 0.0904781 0.156628 0.186681 0.178853 0.150437 0.105472 0.0577211 0.0238737 0.00725089 0.00157332 0.000238499 2.46952e-05 1.70464e-06 7.67047e-08 2.21059e-09 4.02734e-11 4.59311e-13
 1.20072e-11 1.30386e-09 8.34772e-08 3.15121e-06 7.01504e-05 0.000921379 0.00715074 0.0329414 0.0913107 0.1583 0.188503 0.179179 0.14893 0.103714 0.0567179 0.0234411 0.00706806 0.00150524 0.000220907 2.18907e-05 1.43682e-06 6.13512e-08 1.67715e-09 2.89521e-11 3.12016e-13
 1.313e-11 1.42578e-09 9.12833e-08 3.44591e-06 7.67115e-05 0.00100755 0.00781882 0.0360004 0.0995642 0.171177 0.198871 0.179772 0.140239 0.0921082 0.0477977 0.0188328 0.00544317 0.0011157 0.000157652 1.49897e-05 9.38535e-07 3.79893e-08 9.79285e-10 1.58838e-11 1.60518e-13
 1.09614e-11 1.19031e-09 7.62108e-08 2.87723e-06 6.40704e-05 0.000842208 0.00655059 0.0303505 0.0853533 0.152886 0.192626 0.192878 0.159493 0.103524 0.0507647 0.0185854 0.0049869 0.00095334 0.000126278 1.13013e-05 6.67656e-07 2.55118e-08 6.20061e-10 9.46045e-12 8.96818e-14
 1.1803e-11 1.2817e-09 8.20617e-08 3.09809e-06 6.89851e-05 0.000906643 0.00704713 0.0325798 0.0910053 0.160034 0.194104 0.185823 0.151591 0.101006 0.0511775 0.018806 0.00486333 0.000868888 0.000105952 8.7016e-06 4.73097e-07 1.67109e-08 3.76919e-10 5.35122e-12 4.72746e-14
 1.19839e-11 1.30136e-09 8.33222e-08 3.14586e-06 7.00591e-05 0.000921088 0.00716551 0.0331915 0.0930913 0.164831 0.201045 0.190409 0.149269 0.0939199 0.0451667 0.0160445 0.00406918 0.000712496 8.38915e-05 6.51736e-06 3.29278e-07 1.06895e-08 2.20584e-10 2.86456e-12 2.31931e-14
#spawning biomass
 21461.1 19708.7 21565.7 25013.8 27157.4 32492.7 41729 42949.1 49001.5 68987.1 74054.2 87910.7 97136.1 111909 131387 131169 134980 137528 142608 134042 123833 115961 116482 120984 137754 126750 135660 152369 194285 325719 349530 331502 292758 248766 208108 174312 147981 128329 114096 104009 96973 92120.3 88778.8 86479.5 84957.6 83950.2 83283.5 82842.2 82550.1 82356.7 82228.8 82144.1 82088 82050.9 82026.3 82010.1 81999.3 81992.2 81987.5 81984.3 81982.3 81980.9 81980 81979.4 81979 81978.8 81978.6 81978.5 81978.4 81978.3 81978.3 81978.3 81978.3 81978.3 81978.3 81978.2 81978.2 81978.2 81978.2 81978.2 81978.2 81978.2 81978.2 81978.2 81978.2 81978.2 81978.2 81978.2 81978.2 81978.2 81978.2 81978.2 81978.2 81978.2 81978.2 81978.2 81978.2 81978.2 81978.2 81978.2 81978.2 81978.2 81978.2 81978.2 81978.2 81978.2 81978.2 81978.2 81978.2 81978.2 81978.2 81978.2 81978.2 81978.2 81978.2 81978.2 81978.2 81978.2 81978.2 81978.2 81978.2 81978.2 81978.2 81978.2 81978.2 81978.2 81978.2 81978.2 0 0 0 0 0 0 0 0 0 0 0 0 0 0 0 0 0 0 0 0 0 0 0 0 0
