SBPRF35
0.819782
Curr Bio
128658
B35
684164
F35
0.21255
FOFL
0
OFL
0
Bzero
234224
#pred survey bio
 5519.89 6864.6 8521.76 11737.2 15834.9 18262.6 18458.7 23084.5 35989.8 52485.4 62828.9 81662.9 102602 134607 136291 115193 117221 107248 99413.2 98499 112220 109083 120339 122385 131440 136451 135042 139782 3.77449e+06 5.47806e+06 6.24688e+06 6.10325e+06 5.53669e+06 4.83993e+06 4.17219e+06 3.60285e+06 3.14904e+06 2.80228e+06 2.54446e+06 2.35612e+06 2.21998e+06 2.12204e+06 2.05099e+06 1.99839e+06 1.9612e+06 1.93463e+06 1.91544e+06 1.90142e+06 1.89106e+06 1.88331e+06 1.87745e+06 1.87298e+06 1.86953e+06 1.86684e+06 1.86474e+06 1.86308e+06 1.86176e+06 1.8607e+06 1.85986e+06 1.85918e+06 1.85863e+06 1.85818e+06 1.85782e+06 1.85753e+06 1.85729e+06 1.8571e+06 1.85694e+06 1.85681e+06 1.8567e+06 1.85662e+06 1.85655e+06 1.85649e+06 1.85644e+06 1.8564e+06 1.85637e+06 1.85634e+06 1.85632e+06 1.85631e+06 1.85629e+06 1.85628e+06 1.85627e+06 1.85626e+06 1.85626e+06 1.85625e+06 1.85625e+06 1.85624e+06 1.85624e+06 1.85624e+06 1.85624e+06 1.85624e+06 1.85623e+06 1.85623e+06 1.85623e+06 1.85623e+06 1.85623e+06 1.85623e+06 1.85623e+06 1.85623e+06 1.85623e+06 1.85623e+06 1.85623e+06 1.85623e+06 1.85623e+06 1.85623e+06 1.85623e+06 1.85623e+06 1.85623e+06 1.85623e+06 1.85623e+06 1.85623e+06 1.85623e+06 1.85623e+06 1.85623e+06 1.85623e+06 1.85623e+06 1.85623e+06 1.85623e+06 1.85623e+06 1.85623e+06 1.85623e+06 1.85623e+06 1.85623e+06 1.85623e+06 1.85623e+06 1.85623e+06 1.85623e+06 1.85623e+06 1.85623e+06 0 0 0 0 0 0 0 0 0 0 0 0 0 0 0 0 0 0 0 0 0 0 0 0 0
#obs survey bio
 4724.49 7697.08 8667.99 11632.7 19885.8 19811.2 25292.6 21342.1 46609.4 59101.2 67537.9 70310 104365 152745 100542 102866 104277 98685 116968 164686 119617 117071 164592 181874 148360 125650 111404 140177
#pred catch bio
 3284.62 4737.58 5806.74 8074.44 10925.7 13443.9 13599 15782.3 24063.8 38930.9 46165.9 62477.2 73835.3 101454 109921 88898.8 95159.8 86934.2 80487.4 76082.6 93367.4 87417.9 100437 100944 108832 114308 112307 107791 0 43744.4 50832.3 49165.6 44014.6 37886.8 32115.6 27269.1 23468.7 20620.1 18550.8 17080.9 16054.1 15345.1 14857.1 14519.7 14296.4 14148.5 14050.7 13985.9 13943 13914.6 13895.8 13883.4 13875.2 13869.7 13866.1 13863.7 13862.1 13861.1 13860.4 13859.9 13859.6 13859.4 13859.3 13859.2 13859.1 13859.1 13859.1 13859.1 13859.1 13859 13859 13859 13859 13859 13859 13859 13859 13859 13859 13859 13859 13859 13859 13859 13859 13859 13859 13859 13859 13859 13859 13859 13859 13859 13859 13859 13859 13859 13859 13859 13859 13859 13859 13859 13859 13859 13859 13859 13859 13859 13859 13859 13859 13859 13859 13859 13859 13859 13859 13859 13859 13859 13859 13859 13859 13859 13859 13859 0 0 0 0 0 0 0 0 0 0 0 0 0 0 0 0 0 0 0 0 0 0 0 0 0
#obs catch bio
 5000.63 4736.36 5643.96 7790.98 10657.8 13275.8 13265.5 15245.2 22909.1 37396.8 44752.2 60976.8 72339.9 97677.3 108782 88788.4 93412.9 84103.7 77489 73773.1 90298.6 84601.5 96462.3 96926.4 104909 110517 109768 107157
#pred cpue bio
 4519.22 5310.88 6368.58 8693.22 11793.3 14271.5 14136.9 16683.9 25961.6 39085.6 46405.5 59371 73938.4 99758.3 105369 87416.2 87834.6 80234.9 74244.2 72195.4 82463.3 79149.5 87287 87940.7 94312.6 98626.8 97658.9 100388 2.81269e+06 5.26032e+06 6.18472e+06 6.04159e+06 5.47328e+06 4.77619e+06 4.1084e+06 3.53906e+06 3.08525e+06 2.73849e+06 2.48068e+06 2.29233e+06 2.15619e+06 2.05825e+06 1.9872e+06 1.9346e+06 1.89741e+06 1.87084e+06 1.85165e+06 1.83763e+06 1.82727e+06 1.81952e+06 1.81366e+06 1.80919e+06 1.80574e+06 1.80306e+06 1.80095e+06 1.79929e+06 1.79797e+06 1.79691e+06 1.79607e+06 1.79539e+06 1.79484e+06 1.79439e+06 1.79403e+06 1.79374e+06 1.7935e+06 1.79331e+06 1.79315e+06 1.79302e+06 1.79291e+06 1.79283e+06 1.79276e+06 1.7927e+06 1.79265e+06 1.79261e+06 1.79258e+06 1.79256e+06 1.79253e+06 1.79252e+06 1.7925e+06 1.79249e+06 1.79248e+06 1.79247e+06 1.79247e+06 1.79246e+06 1.79246e+06 1.79246e+06 1.79245e+06 1.79245e+06 1.79245e+06 1.79245e+06 1.79245e+06 1.79244e+06 1.79244e+06 1.79244e+06 1.79244e+06 1.79244e+06 1.79244e+06 1.79244e+06 1.79244e+06 1.79244e+06 1.79244e+06 1.79244e+06 1.79244e+06 1.79244e+06 1.79244e+06 1.79244e+06 1.79244e+06 1.79244e+06 1.79244e+06 1.79244e+06 1.79244e+06 1.79244e+06 1.79244e+06 1.79244e+06 1.79244e+06 1.79244e+06 1.79244e+06 1.79244e+06 1.79244e+06 1.79244e+06 1.79244e+06 1.79244e+06 1.79244e+06 1.79244e+06 1.79244e+06 1.79244e+06 1.79244e+06 1.79244e+06 0 0 0 0 0 0 0 0 0 0 0 0 0 0 0 0 0 0 0 0 0 0 0 0 0
#obs cpue bio
 4919.11 5582.36 11094.9 15956.8 12080.1 14445.6 19728.6 29228.3 50820.1 54150.2 71463.8 91027.1 98624.9 169124 145085 97588.8 148559 152961 116373 68593.4 133693 119614 128006 111594 143956 176457 162518 112805
#pred surv len freq
 2.56782e-27 2.60088e-27 4.41273e-26 8.76905e-20 2.14963e-14 6.36973e-10 2.28153e-06 0.000987816 0.0516987 0.32706 0.250328 0.037188 0.107189 0.0989978 0.0252998 0.0331203 0.0152974 0.0132341 0.00884755 0.00720673 0.0059717 0.00538607 0.00558687 0.0050469 0.00155005
 2.56858e-27 2.60266e-27 4.53269e-26 9.02197e-20 2.21163e-14 6.55345e-10 2.34734e-06 0.00101631 0.0531898 0.336493 0.257579 0.0401803 0.124869 0.115022 0.0231406 0.0239416 0.00911473 0.00547923 0.00296148 0.00201291 0.00144252 0.00115167 0.00108088 0.000988627 0.000333996
 2.56941e-27 2.60482e-27 4.71403e-26 9.40447e-20 2.30539e-14 6.83129e-10 2.44685e-06 0.00105939 0.0554449 0.350759 0.268478 0.0405114 0.119732 0.110214 0.02113 0.0204908 0.00690086 0.00281604 0.00110805 0.000527935 0.000291504 0.000192736 0.000156139 0.000137011 4.82185e-05
 2.56961e-27 2.60535e-27 4.75721e-26 9.49556e-20 2.32772e-14 6.89745e-10 2.47055e-06 0.00106965 0.0559819 0.354157 0.271074 0.0406565 0.119012 0.109508 0.020274 0.0187036 0.00616511 0.0022842 0.000724318 0.000224681 7.80662e-05 3.64499e-05 2.32924e-05 1.83481e-05 6.46143e-06
 2.56937e-27 2.60469e-27 4.69747e-26 9.36952e-20 2.29683e-14 6.8059e-10 2.43776e-06 0.00105546 0.0552388 0.349456 0.267489 0.0409289 0.123604 0.113731 0.0207473 0.0187138 0.00607362 0.00210062 0.000636154 0.000168405 3.76916e-05 9.86033e-06 4.02843e-06 2.55428e-06 8.63054e-07
 2.56742e-27 2.59941e-27 4.23256e-26 8.38877e-20 2.05641e-14 6.0935e-10 2.18259e-06 0.000944978 0.0494567 0.312877 0.239577 0.0421573 0.152563 0.14049 0.0261479 0.0242996 0.00784218 0.00263253 0.000773476 0.000190865 3.7297e-05 6.17804e-06 1.20543e-06 4.81158e-07 1.45873e-07
 2.56842e-27 2.60219e-27 4.48517e-26 8.9217e-20 2.18705e-14 6.48061e-10 2.32125e-06 0.00100501 0.0525987 0.332754 0.254734 0.040852 0.13198 0.121622 0.0250757 0.0266115 0.00865581 0.00298666 0.000870161 0.000207491 3.80648e-05 5.40809e-06 5.90827e-07 9.79814e-08 2.24541e-08
 2.57047e-27 2.60768e-27 4.96431e-26 9.93245e-20 2.43482e-14 7.21481e-10 2.58422e-06 0.00111887 0.0585576 0.370451 0.283506 0.0400084 0.105345 0.0969012 0.0181174 0.0169659 0.00574802 0.00236289 0.000707363 0.000171862 3.07642e-05 4.1001e-06 3.61595e-07 2.53804e-08 2.84835e-09
 2.57042e-27 2.60751e-27 4.94366e-26 9.88887e-20 2.42414e-14 7.18315e-10 2.57289e-06 0.00111396 0.0583007 0.368826 0.282273 0.0404911 0.109886 0.101004 0.0172735 0.0139892 0.00455012 0.00160611 0.000510405 0.000143279 2.65109e-05 3.49828e-06 2.86139e-07 1.37788e-08 5.57246e-10
 2.56932e-27 2.60451e-27 4.6792e-26 9.33097e-20 2.28737e-14 6.7779e-10 2.42773e-06 0.00105111 0.0550115 0.348018 0.266395 0.0411945 0.126394 0.116266 0.0204822 0.0174578 0.00548667 0.00161931 0.000472275 0.000120384 2.50699e-05 3.59338e-06 2.93328e-07 1.26427e-08 2.76914e-10
 2.56963e-27 2.60537e-27 4.75629e-26 9.4936e-20 2.32724e-14 6.89604e-10 2.47004e-06 0.00106943 0.0559704 0.354084 0.271022 0.0409044 0.120935 0.111241 0.0198264 0.0172297 0.00545948 0.00167562 0.000460459 9.88638e-05 1.83103e-05 2.73281e-06 2.47212e-07 1.06787e-08 1.9465e-10
 2.57017e-27 2.60682e-27 4.8838e-26 9.76259e-20 2.39318e-14 7.09143e-10 2.54003e-06 0.00109974 0.0575562 0.364116 0.278678 0.0406 0.113239 0.104121 0.0182291 0.015379 0.00489469 0.00154209 0.000430929 9.36229e-05 1.51694e-05 1.94181e-06 1.75442e-07 8.29255e-09 1.50465e-10
 2.5704e-27 2.6074e-27 4.93173e-26 9.8637e-20 2.41797e-14 7.16487e-10 2.56634e-06 0.00111113 0.0581523 0.367887 0.28156 0.0407453 0.112321 0.103208 0.0168949 0.0125599 0.00395173 0.00118588 0.000332343 7.40461e-05 1.22054e-05 1.43381e-06 1.09941e-07 5.08943e-09 9.8905e-11
 2.56944e-27 2.60483e-27 4.70491e-26 9.3852e-20 2.30067e-14 6.81729e-10 2.44184e-06 0.00105722 0.0553312 0.350041 0.267942 0.0413194 0.126258 0.116099 0.0197021 0.0157129 0.00483736 0.00126775 0.000343325 7.37106e-05 1.23198e-05 1.47511e-06 1.05607e-07 4.20665e-09 7.92939e-11
 2.5678e-27 2.60037e-27 4.31245e-26 8.55728e-20 2.09771e-14 6.2159e-10 2.22643e-06 0.00096396 0.0504502 0.319162 0.244379 0.0423381 0.150564 0.138562 0.0242844 0.0205158 0.00639901 0.00180113 0.000472064 8.98798e-05 1.4317e-05 1.69975e-06 1.23467e-07 4.60754e-09 7.62212e-11
 2.56863e-27 2.60269e-27 4.52056e-26 8.99632e-20 2.20534e-14 6.53482e-10 2.34066e-06 0.00101342 0.0530386 0.335537 0.256869 0.0414381 0.134941 0.124206 0.0228652 0.0208973 0.00658684 0.00195585 0.000527364 0.000105183 1.54411e-05 1.67635e-06 1.19001e-07 4.45499e-09 6.91186e-11
 2.56912e-27 2.60398e-27 4.63438e-26 9.23644e-20 2.2642e-14 6.70923e-10 2.40313e-06 0.00104047 0.0544542 0.344492 0.263703 0.0411975 0.128308 0.118056 0.0212468 0.018761 0.00603938 0.00200455 0.00055712 0.000117101 1.79712e-05 1.89588e-06 1.21787e-07 4.39196e-09 6.75501e-11
 2.56908e-27 2.60384e-27 4.6167e-26 9.19911e-20 2.25505e-14 6.68212e-10 2.39342e-06 0.00103626 0.0542341 0.3431 0.262647 0.0416643 0.132602 0.121926 0.0202538 0.0155133 0.00492048 0.00153811 0.000441239 0.000102164 1.65062e-05 1.83324e-06 1.16831e-07 3.85781e-09 5.65835e-11
 2.56915e-27 2.60402e-27 4.63335e-26 9.23425e-20 2.26366e-14 6.70764e-10 2.40256e-06 0.00104022 0.0544413 0.344411 0.263647 0.0415755 0.131224 0.120671 0.0203285 0.0159905 0.00492402 0.00129523 0.000355553 7.93081e-05 1.37605e-05 1.65353e-06 1.11415e-07 3.67493e-09 5.00843e-11
 2.56983e-27 2.60588e-27 4.79733e-26 9.58017e-20 2.34846e-14 6.95892e-10 2.49257e-06 0.00107919 0.0564807 0.357313 0.273491 0.0410806 0.120542 0.110814 0.0185909 0.01451 0.00449079 0.00121659 0.000317403 6.07903e-05 9.97508e-06 1.23463e-06 9.08487e-08 3.1815e-09 4.34437e-11
 2.56974e-27 2.60562e-27 4.77449e-26 9.53198e-20 2.33665e-14 6.92391e-10 2.48003e-06 0.00107376 0.0561966 0.355515 0.272119 0.0411652 0.122149 0.112293 0.01878 0.0145692 0.00451194 0.00122831 0.00032371 6.25437e-05 9.16887e-06 1.01844e-06 7.5449e-08 2.86315e-09 4.15601e-11
 2.57012e-27 2.60662e-27 4.86023e-26 9.71285e-20 2.38099e-14 7.0553e-10 2.52709e-06 0.00109413 0.057263 0.362261 0.27727 0.0411571 0.118468 0.108839 0.0171315 0.0116758 0.00358789 0.000945124 0.000248161 4.82042e-05 7.14084e-06 7.41143e-07 4.85179e-08 1.82082e-09 2.83037e-11
 2.57014e-27 2.60668e-27 4.86635e-26 9.72576e-20 2.38415e-14 7.06467e-10 2.53045e-06 0.00109559 0.0573391 0.362743 0.277637 0.0410815 0.117635 0.108087 0.0173071 0.012261 0.00369645 0.000850518 0.000216669 4.0956e-05 6.0608e-06 6.33163e-07 3.93796e-08 1.31914e-09 2.00434e-11
 2.57042e-27 2.60743e-27 4.93071e-26 9.86153e-20 2.41744e-14 7.16329e-10 2.56577e-06 0.00111088 0.0581395 0.367806 0.281503 0.0410255 0.114494 0.105155 0.0161896 0.0104511 0.00315724 0.000745974 0.000183855 3.08187e-05 4.37872e-06 4.50794e-07 2.80707e-08 8.96913e-10 1.23482e-11
 2.57046e-27 2.60754e-27 4.94015e-26 9.88145e-20 2.42232e-14 7.17776e-10 2.57095e-06 0.00111312 0.0582569 0.368549 0.28207 0.0410117 0.11399 0.104689 0.0160791 0.0103137 0.00307457 0.000658284 0.000160701 2.72599e-05 3.57635e-06 3.37154e-07 2.0453e-08 6.4923e-10 8.53756e-12
 2.57021e-27 2.60685e-27 4.87907e-26 9.75259e-20 2.39073e-14 7.08416e-10 2.53743e-06 0.00109861 0.0574972 0.363743 0.278403 0.041239 0.118295 0.108652 0.0165973 0.0104977 0.00312523 0.00066286 0.000157587 2.45846e-05 3.20463e-06 2.89633e-07 1.59209e-08 4.84473e-10 6.28043e-12
 2.5702e-27 2.60682e-27 4.87606e-26 9.74624e-20 2.38917e-14 7.07955e-10 2.53577e-06 0.00109789 0.0574598 0.363506 0.278222 0.041232 0.118369 0.108725 0.0166863 0.0106818 0.00317337 0.00066026 0.000156074 2.39714e-05 2.94969e-06 2.53253e-07 1.34396e-08 3.73927e-10 4.59336e-12
 2.57044e-27 2.60747e-27 4.93473e-26 9.87002e-20 2.41952e-14 7.16946e-10 2.56798e-06 0.00111184 0.0581895 0.368123 0.281744 0.0410062 0.114177 0.104867 0.0162115 0.0105707 0.00314777 0.000665371 0.00015704 2.37076e-05 2.88176e-06 2.37192e-07 1.18122e-08 3.13851e-10 3.56142e-12
#obs surv len freq
 1.64369e-41 2.28133e-33 3.82741e-26 7.76191e-20 1.90274e-14 5.63817e-10 2.0195e-06 0.000874374 0.0457612 0.289499 0.2218 0.0442835 0.164201 0.139544 0.0430387 0.0348482 0.0113437 0.0038631 0.000828317 0.000106511 5.96148e-06 1.05114e-07 4.35088e-10 3.40303e-13 4.35437e-17
 1.90585e-41 2.64519e-33 4.43785e-26 8.99988e-20 2.20621e-14 6.53741e-10 2.3416e-06 0.00101383 0.0530598 0.335672 0.257069 0.0440676 0.132293 0.106398 0.0336073 0.0255757 0.00808334 0.00258616 0.000511832 5.78967e-05 2.70151e-06 3.74653e-08 1.16384e-10 6.62842e-14 6.07154e-18
 1.9271e-41 2.67469e-33 4.48735e-26 9.10026e-20 2.23082e-14 6.61033e-10 2.36771e-06 0.00102514 0.0536516 0.339416 0.260011 0.0470797 0.141083 0.106172 0.0270559 0.0173035 0.00529868 0.00158365 0.000287492 2.83847e-05 1.09393e-06 1.18873e-08 2.77691e-11 1.15603e-14 7.60442e-19
 1.96796e-41 2.73139e-33 4.58248e-26 9.29317e-20 2.27811e-14 6.75046e-10 2.41791e-06 0.00104687 0.054789 0.346611 0.265568 0.0487246 0.138669 0.0982813 0.0261195 0.0154142 0.00369416 0.000915485 0.000150493 1.28521e-05 4.05582e-07 3.43217e-09 6.02091e-12 1.83696e-15 8.71401e-20
 1.75968e-41 2.44232e-33 4.09749e-26 8.30963e-20 2.03701e-14 6.03602e-10 2.16201e-06 0.000936074 0.0489904 0.309929 0.237752 0.0549577 0.17657 0.117502 0.0313388 0.0171231 0.00397063 0.00081897 0.000101755 7.17207e-06 1.83385e-07 1.20112e-09 1.57729e-12 3.52578e-16 1.20867e-20
 1.45553e-41 2.02018e-33 3.38926e-26 6.87336e-20 1.68492e-14 4.99274e-10 1.78832e-06 0.00077428 0.0405227 0.256361 0.197119 0.0624816 0.220618 0.139877 0.0487336 0.0265055 0.00580166 0.00108656 0.000111143 5.69531e-06 1.10076e-07 5.50238e-10 5.38767e-13 8.81021e-17 2.18253e-21
 2.08256e-41 2.89046e-33 4.84934e-26 9.83436e-20 2.41078e-14 7.14358e-10 2.55871e-06 0.00110783 0.0579796 0.366797 0.281131 0.0503219 0.11291 0.0695176 0.0348843 0.0193398 0.00500809 0.000916068 8.1536e-05 3.24337e-06 4.40366e-08 1.56647e-10 1.1181e-13 1.33076e-17 2.37956e-22
 1.98503e-41 2.75509e-33 4.62223e-26 9.3738e-20 2.29788e-14 6.80903e-10 2.43888e-06 0.00105595 0.0552643 0.349621 0.26836 0.0602046 0.151847 0.0817986 0.0192636 0.00895068 0.00297815 0.000598289 5.36465e-05 1.78049e-06 1.78819e-08 4.37301e-11 2.14212e-14 1.79192e-18 2.28247e-23
 2.02193e-41 2.8063e-33 4.70815e-26 9.54804e-20 2.34059e-14 6.93559e-10 2.48422e-06 0.00107558 0.0562916 0.35612 0.273445 0.0616949 0.144415 0.0740726 0.0224793 0.0085818 0.00150264 0.000289497 2.86589e-05 9.03987e-07 7.35984e-09 1.30537e-11 4.38365e-15 2.47948e-19 2.15981e-24
 1.72363e-41 2.39228e-33 4.01354e-26 8.13939e-20 1.99527e-14 5.91236e-10 2.11771e-06 0.000916896 0.0479867 0.303585 0.233975 0.0763639 0.199934 0.0957494 0.0288443 0.0104724 0.00191916 0.000233119 1.71904e-05 5.30749e-07 3.88238e-09 5.48722e-12 1.34593e-15 5.29322e-20 3.13634e-25
 2.02104e-41 2.80506e-33 4.70608e-26 9.54383e-20 2.33956e-14 6.93254e-10 2.48312e-06 0.00107511 0.0562668 0.355966 0.273707 0.0666482 0.139231 0.0661859 0.0289207 0.0100507 0.00174047 0.000195421 1.00808e-05 2.14687e-07 1.33369e-09 1.6042e-12 3.12249e-16 9.15708e-21 3.87519e-26
 1.8505e-41 2.56837e-33 4.30897e-26 8.7385e-20 2.14214e-14 6.34755e-10 2.27359e-06 0.000984386 0.0515188 0.325933 0.25155 0.0816464 0.180154 0.0754238 0.0230417 0.00788585 0.00167599 0.000176033 7.72822e-06 1.15717e-07 4.80111e-10 4.36273e-13 6.79017e-17 1.56807e-21 5.04692e-27
 1.92091e-41 2.66609e-33 4.47292e-26 9.07099e-20 2.22365e-14 6.58907e-10 2.3601e-06 0.00102184 0.0534791 0.338336 0.261184 0.0810612 0.161218 0.0674441 0.0271667 0.0076839 0.00125855 0.000138273 5.81529e-06 7.0081e-08 2.04551e-10 1.229e-13 1.32639e-17 2.26417e-22 5.54361e-28
 1.61402e-41 2.24016e-33 3.75833e-26 7.62182e-20 1.8684e-14 5.53641e-10 1.98305e-06 0.000858593 0.0449353 0.284296 0.221376 0.104591 0.217771 0.0843154 0.0312054 0.00897993 0.0015329 0.000130626 4.86737e-06 5.27834e-08 1.22024e-10 5.23988e-14 3.80634e-18 4.3395e-23 7.30535e-29
 1.48769e-41 2.06482e-33 3.46416e-26 7.02525e-20 1.72216e-14 5.10307e-10 1.82784e-06 0.00079139 0.0414182 0.262053 0.205262 0.112979 0.22337 0.0935664 0.0464024 0.0120819 0.00191236 0.000156366 4.6937e-06 4.0763e-08 7.82963e-11 2.65131e-14 1.41668e-18 1.12881e-23 1.28967e-29
 1.71519e-41 2.38056e-33 3.99389e-26 8.09953e-20 1.9855e-14 5.88341e-10 2.10734e-06 0.000912407 0.0477518 0.302123 0.235671 0.103281 0.177516 0.0765538 0.0415533 0.0123564 0.00212154 0.000153626 4.02161e-06 2.77288e-08 4.04348e-11 1.06048e-14 4.38702e-19 2.63144e-24 2.18719e-30
 1.68716e-41 2.34167e-33 3.92864e-26 7.96719e-20 1.95306e-14 5.78728e-10 2.07291e-06 0.000897499 0.0469716 0.297201 0.233335 0.118438 0.191451 0.0700862 0.0304526 0.00928737 0.00174394 0.000131089 3.00017e-06 1.68317e-08 1.89955e-11 3.69914e-15 1.12968e-19 5.05084e-25 3.13837e-31
 1.69057e-41 2.34639e-33 3.93656e-26 7.98327e-20 1.957e-14 5.79896e-10 2.07709e-06 0.00089931 0.0470664 0.297814 0.23481 0.124236 0.185527 0.0702773 0.030649 0.00738417 0.00123772 9.43198e-05 2.06251e-06 9.81924e-09 8.70414e-12 1.28514e-15 2.89966e-20 9.41888e-26 4.23378e-32
 1.65148e-41 2.29214e-33 3.84554e-26 7.79868e-20 1.91175e-14 5.66488e-10 2.02907e-06 0.000878516 0.0459781 0.29095 0.231171 0.135483 0.188468 0.0697898 0.0293683 0.00689265 0.000957107 6.03327e-05 1.19805e-06 5.04843e-09 3.69024e-12 4.23313e-16 7.1713e-21 1.71708e-26 5.61798e-33
 1.74212e-41 2.41794e-33 4.0566e-26 8.2267e-20 2.01668e-14 5.97579e-10 2.14043e-06 0.000926733 0.0485016 0.30693 0.244073 0.134039 0.168741 0.0639341 0.0262869 0.00579767 0.000730657 3.72825e-05 5.81045e-07 2.02088e-09 1.22512e-12 1.13089e-16 1.48696e-21 2.68349e-27 6.48826e-34
 1.71844e-41 2.38508e-33 4.00146e-26 8.11489e-20 1.98927e-14 5.89457e-10 2.11134e-06 0.000914136 0.0478424 0.302795 0.243152 0.147461 0.171778 0.0591515 0.0217509 0.00460611 0.000523695 2.2545e-05 2.72253e-07 7.11595e-10 3.31555e-13 2.39536e-17 2.46104e-22 3.42471e-28 6.27912e-35
 1.72777e-41 2.39803e-33 4.0232e-26 8.15896e-20 2.00007e-14 5.92658e-10 2.12281e-06 0.000919101 0.0481024 0.304475 0.246212 0.153069 0.164662 0.0584227 0.0200911 0.00366448 0.000366431 1.33985e-05 1.28357e-07 2.51871e-10 8.58033e-14 4.54687e-18 3.47527e-23 3.63619e-29 5.02969e-36
 1.72267e-41 2.39096e-33 4.01133e-26 8.13489e-20 1.99417e-14 5.9091e-10 2.11654e-06 0.00091639 0.0479606 0.303629 0.24791 0.161311 0.160384 0.0561889 0.01831 0.00312051 0.000260791 7.75729e-06 5.91055e-08 8.85402e-11 2.22633e-14 8.53043e-19 4.6794e-24 3.52256e-30 3.53062e-37
 1.73867e-41 2.41316e-33 4.04858e-26 8.21044e-20 2.01269e-14 5.96398e-10 2.1362e-06 0.000924901 0.0484061 0.306505 0.252355 0.166202 0.152652 0.0537408 0.0164261 0.00259284 0.000188904 4.49328e-06 2.62832e-08 2.98561e-11 5.59659e-15 1.57006e-19 6.21791e-25 3.34822e-31 2.3893e-38
 1.68979e-41 2.34532e-33 3.93476e-26 7.9796e-20 1.95611e-14 5.7963e-10 2.07614e-06 0.000898898 0.0470455 0.297994 0.249805 0.180496 0.154408 0.0523087 0.0147593 0.00214468 0.000135568 2.63154e-06 1.17984e-08 9.93942e-12 1.36927e-15 2.81077e-20 8.09484e-26 3.1474e-32 1.61131e-39
 1.6001e-41 2.22083e-33 3.7259e-26 7.55604e-20 1.85228e-14 5.48863e-10 1.96594e-06 0.000851184 0.0445487 0.282332 0.242762 0.196664 0.15987 0.0561967 0.0147523 0.00191475 0.000103836 1.64263e-06 5.71542e-09 3.59636e-12 3.61362e-16 5.3563e-21 1.11099e-26 3.10919e-33 1.1444e-40
 1.58715e-41 2.20286e-33 3.69575e-26 7.49491e-20 1.83729e-14 5.44423e-10 1.95003e-06 0.000844298 0.0441888 0.280182 0.244517 0.200141 0.154931 0.0583776 0.0149436 0.00178969 8.18183e-05 1.0407e-06 2.80752e-09 1.33003e-12 9.84319e-17 1.058e-21 1.57575e-27 3.15059e-34 8.27e-42
 1.64362e-41 2.28123e-33 3.82724e-26 7.76157e-20 1.90266e-14 5.63793e-10 2.01941e-06 0.000874337 0.0457615 0.290266 0.255021 0.198733 0.142444 0.0523145 0.0130325 0.00149223 5.90707e-05 6.01539e-07 1.24551e-09 4.42986e-13 2.42333e-17 1.90234e-22 2.05013e-28 2.94496e-35 5.52465e-43
#pred catch len freq
 2.56551e-27 2.5947e-27 3.88003e-26 7.64533e-20 1.87416e-14 5.55347e-10 1.98916e-06 0.000861231 0.0450737 0.285149 0.218332 0.0375698 0.132574 0.122539 0.0314987 0.041416 0.0191109 0.0165098 0.0110327 0.00898458 0.00744439 0.00671424 0.00696454 0.00629142 0.00193228
 2.5669e-27 2.59812e-27 4.13409e-26 8.18109e-20 2.0055e-14 5.94264e-10 2.12855e-06 0.000921583 0.0482323 0.305131 0.233646 0.0410976 0.148665 0.137011 0.0275685 0.0285273 0.010851 0.0065091 0.00351638 0.0023894 0.0017122 0.00136695 0.00128293 0.00117343 0.000396428
 2.56781e-27 2.60049e-27 4.33217e-26 8.59892e-20 2.10792e-14 6.24615e-10 2.23727e-06 0.00096865 0.0506957 0.320715 0.245552 0.0415381 0.143652 0.132306 0.0253683 0.0246043 0.00828122 0.00337148 0.00132595 0.000631524 0.00034867 0.000230529 0.000186756 0.000163877 5.76733e-05
 2.56807e-27 2.60118e-27 4.3894e-26 8.71964e-20 2.13751e-14 6.33384e-10 2.26867e-06 0.000982249 0.0514074 0.325217 0.248993 0.0416986 0.142456 0.131152 0.0242758 0.0223879 0.00737536 0.0027261 0.000864052 0.000267915 9.30777e-05 4.34577e-05 2.77704e-05 2.18756e-05 7.70365e-06
 2.56781e-27 2.60046e-27 4.32417e-26 8.58201e-20 2.10378e-14 6.23387e-10 2.23287e-06 0.000966746 0.050596 0.320084 0.245078 0.0420066 0.14755 0.135835 0.024774 0.0223381 0.00724606 0.00250011 0.000756789 0.000200256 4.48155e-05 1.17235e-05 4.78959e-06 3.03689e-06 1.02612e-06
 2.56589e-27 2.59525e-27 3.86518e-26 7.61374e-20 1.86642e-14 5.53053e-10 1.98094e-06 0.000857672 0.0448875 0.283971 0.217522 0.04321 0.176069 0.16219 0.0301437 0.0279542 0.0090165 0.00301899 0.000886607 0.000218687 4.27289e-05 7.07749e-06 1.38092e-06 5.51202e-07 1.67108e-07
 2.56698e-27 2.59829e-27 4.14125e-26 8.19617e-20 2.00919e-14 5.9536e-10 2.13248e-06 0.000923281 0.0483212 0.305693 0.234086 0.0417462 0.153292 0.141317 0.0290799 0.0307915 0.0100095 0.00344484 0.00100319 0.000239107 4.38597e-05 6.23114e-06 6.80737e-07 1.12892e-07 2.5871e-08
 2.56904e-27 2.60381e-27 4.62233e-26 9.21102e-20 2.25797e-14 6.69077e-10 2.39652e-06 0.0010376 0.0543044 0.343544 0.262976 0.040965 0.12705 0.11694 0.0218569 0.0204577 0.00692658 0.00284068 0.000850059 0.000206445 3.69506e-05 4.92437e-06 4.34284e-07 3.04824e-08 3.42093e-09
 2.56893e-27 2.60344e-27 4.58384e-26 9.12981e-20 2.23806e-14 6.63178e-10 2.37539e-06 0.00102845 0.0538256 0.340515 0.260672 0.0415858 0.133392 0.122689 0.0209859 0.0170012 0.00552698 0.00194636 0.000618246 0.000173484 3.20963e-05 4.23513e-06 3.46405e-07 1.66809e-08 6.7461e-10
 2.56801e-27 2.60095e-27 4.36383e-26 8.66567e-20 2.12428e-14 6.29463e-10 2.25463e-06 0.00097617 0.0510892 0.323204 0.247463 0.0421497 0.146964 0.135244 0.0237786 0.0202 0.00634511 0.00186765 0.000544414 0.000138711 2.88834e-05 4.13982e-06 3.3793e-07 1.4565e-08 3.19019e-10
 2.56832e-27 2.60182e-27 4.44189e-26 8.83036e-20 2.16466e-14 6.41426e-10 2.29748e-06 0.000994722 0.0520601 0.329347 0.252149 0.0418455 0.141357 0.130085 0.0231422 0.0200505 0.00634982 0.00194373 0.000533876 0.000114575 2.12175e-05 3.16657e-06 2.86446e-07 1.23735e-08 2.25542e-10
 2.56907e-27 2.60385e-27 4.62022e-26 9.20655e-20 2.25687e-14 6.68752e-10 2.39536e-06 0.0010371 0.054278 0.343377 0.262855 0.0414065 0.130494 0.120038 0.0209539 0.0175882 0.00559431 0.00175757 0.000490897 0.000106603 1.72704e-05 2.21065e-06 1.99729e-07 9.44052e-09 1.71294e-10
 2.56912e-27 2.60394e-27 4.62412e-26 9.21476e-20 2.25889e-14 6.69348e-10 2.39749e-06 0.00103802 0.0543264 0.343684 0.263094 0.041728 0.132773 0.122066 0.0199556 0.0147946 0.00465236 0.00139249 0.000390051 8.68652e-05 1.43167e-05 1.68176e-06 1.28952e-07 5.96946e-09 1.16007e-10
 2.56821e-27 2.60147e-27 4.40707e-26 8.75688e-20 2.14664e-14 6.36089e-10 2.27836e-06 0.000986444 0.0516269 0.326606 0.250062 0.0422544 0.145935 0.134246 0.0227302 0.0180512 0.00555442 0.00145168 0.000392913 8.43184e-05 1.40911e-05 1.68711e-06 1.20783e-07 4.81116e-09 9.06885e-11
 2.56669e-27 2.59737e-27 4.04671e-26 7.99669e-20 1.96029e-14 5.8087e-10 2.08058e-06 0.00090081 0.0471452 0.298253 0.228427 0.0431638 0.168056 0.154696 0.0270072 0.0226649 0.00706503 0.00198275 0.000519381 9.88416e-05 1.57425e-05 1.86889e-06 1.35751e-07 5.06595e-09 8.38045e-11
 2.56741e-27 2.59935e-27 4.22539e-26 8.37364e-20 2.0527e-14 6.08251e-10 2.17865e-06 0.000943273 0.0493675 0.312312 0.239149 0.042308 0.15401 0.141806 0.0260254 0.0236762 0.00745844 0.00220847 0.000595176 0.000118654 1.74165e-05 1.8907e-06 1.34216e-07 5.02457e-09 7.79555e-11
 2.56815e-27 2.60136e-27 4.40239e-26 8.74702e-20 2.14423e-14 6.35373e-10 2.2758e-06 0.000985334 0.0515688 0.326239 0.249776 0.0419025 0.143458 0.132034 0.0236552 0.0207372 0.00667069 0.00220751 0.000613219 0.000128833 1.97691e-05 2.08546e-06 1.33963e-07 4.83104e-09 7.43033e-11
 2.56811e-27 2.60119e-27 4.38158e-26 8.7031e-20 2.13346e-14 6.32183e-10 2.26437e-06 0.000980386 0.0513099 0.324601 0.248534 0.0424227 0.148289 0.136389 0.0225688 0.0171534 0.00543681 0.00169444 0.000485819 0.000112435 1.81635e-05 2.01721e-06 1.28554e-07 4.24488e-09 6.22607e-11
 2.56818e-27 2.60138e-27 4.39848e-26 8.73876e-20 2.1422e-14 6.34772e-10 2.27365e-06 0.000984403 0.0515201 0.32593 0.249547 0.0423288 0.146863 0.13509 0.0226676 0.0176957 0.00544582 0.00142819 0.00039181 8.73546e-05 1.51548e-05 1.82099e-06 1.22697e-07 4.04704e-09 5.51557e-11
 2.56873e-27 2.60289e-27 4.53247e-26 9.02142e-20 2.21149e-14 6.55305e-10 2.34719e-06 0.00101624 0.0531866 0.336473 0.257591 0.0419228 0.138122 0.127025 0.021249 0.016492 0.00510135 0.00137806 0.000359335 6.87887e-05 1.1286e-05 1.39682e-06 1.02782e-07 3.5994e-09 4.91501e-11
 2.56894e-27 2.60344e-27 4.58135e-26 9.12453e-20 2.23677e-14 6.62795e-10 2.37402e-06 0.00102786 0.0537945 0.340319 0.260526 0.0417935 0.135076 0.12421 0.0206754 0.0158923 0.00491835 0.00133477 0.000351559 6.78917e-05 9.95158e-06 1.10532e-06 8.18844e-08 3.10735e-09 4.51047e-11
 2.5692e-27 2.60411e-27 4.63709e-26 9.24211e-20 2.26559e-14 6.71336e-10 2.40461e-06 0.00104111 0.0544877 0.344704 0.263876 0.0419046 0.133567 0.122754 0.0192568 0.0130202 0.0039985 0.00105014 0.000275572 5.35032e-05 7.92481e-06 8.22468e-07 5.3841e-08 2.02059e-09 3.14089e-11
 2.56939e-27 2.60464e-27 4.68451e-26 9.34215e-20 2.29011e-14 6.78602e-10 2.43064e-06 0.00105237 0.0550774 0.348435 0.266722 0.0416922 0.129952 0.119438 0.0190399 0.0133554 0.00402389 0.000922951 0.000234961 4.43919e-05 6.56839e-06 6.86154e-07 4.26748e-08 1.42952e-09 2.17205e-11
 2.56964e-27 2.60532e-27 4.74276e-26 9.46502e-20 2.32024e-14 6.87527e-10 2.46261e-06 0.00106622 0.0558019 0.353018 0.270221 0.0416696 0.127321 0.116974 0.0179403 0.0114686 0.0034624 0.000815537 0.000200871 3.36544e-05 4.78092e-06 4.92174e-07 3.0647e-08 9.79228e-10 1.34814e-11
 2.56971e-27 2.60548e-27 4.75691e-26 9.49488e-20 2.32756e-14 6.89696e-10 2.47038e-06 0.00106958 0.0559779 0.354132 0.271071 0.0416419 0.126514 0.116227 0.0177818 0.0112922 0.00336424 0.000718065 0.000175172 2.96999e-05 3.89592e-06 3.67259e-07 2.2279e-08 7.0719e-10 9.29973e-12
 2.56948e-27 2.60487e-27 4.70212e-26 9.3793e-20 2.29922e-14 6.81301e-10 2.44031e-06 0.00105656 0.0552965 0.349821 0.267782 0.0418515 0.130419 0.119821 0.0182296 0.0114083 0.00339423 0.000717653 0.000170493 2.65848e-05 3.46483e-06 3.13132e-07 1.72124e-08 5.2377e-10 6.78985e-12
 2.56944e-27 2.60474e-27 4.69133e-26 9.35654e-20 2.29364e-14 6.79647e-10 2.43438e-06 0.00105399 0.0551623 0.348972 0.267134 0.0418685 0.131004 0.120364 0.0184001 0.0116598 0.00346185 0.00071804 0.000169612 2.60377e-05 3.20348e-06 2.75025e-07 1.45948e-08 4.06067e-10 4.98817e-12
 2.5694e-27 2.60466e-27 4.68475e-26 9.34265e-20 2.29024e-14 6.78638e-10 2.43077e-06 0.00105243 0.0550804 0.348454 0.266738 0.0418507 0.131146 0.120504 0.0185825 0.012041 0.00358387 0.000755398 0.000178173 2.68851e-05 3.26751e-06 2.68926e-07 1.33923e-08 3.55835e-10 4.03783e-12
#obs catch len freq
 1.63397e-41 2.26784e-33 3.80477e-26 7.71599e-20 1.89149e-14 5.60482e-10 2.00755e-06 0.000869201 0.0454905 0.287787 0.220493 0.0443173 0.165266 0.140463 0.0434337 0.0352498 0.0116074 0.00401646 0.000881468 0.000116253 6.73177e-06 1.23823e-07 5.35637e-10 4.36178e-13 5.77817e-17
 1.6512e-41 2.29175e-33 3.84489e-26 7.79735e-20 1.91143e-14 5.66392e-10 2.02872e-06 0.000878367 0.0459702 0.290821 0.222873 0.0463614 0.167725 0.135011 0.0428982 0.0327754 0.010498 0.00341086 0.000690231 8.01828e-05 3.85205e-06 5.52095e-08 1.77772e-10 1.049e-13 9.92605e-18
 1.91862e-41 2.66291e-33 4.46759e-26 9.06018e-20 2.221e-14 6.58122e-10 2.35729e-06 0.00102062 0.0534154 0.337921 0.258845 0.0458229 0.134077 0.101893 0.0332016 0.0237208 0.00737885 0.00224089 0.000415939 4.21336e-05 1.67019e-06 1.86619e-08 4.48326e-11 1.91987e-14 1.2981e-18
 1.94597e-41 2.70088e-33 4.53129e-26 9.18936e-20 2.25267e-14 6.67506e-10 2.3909e-06 0.00103518 0.054177 0.34274 0.262619 0.0489859 0.141721 0.10037 0.0261869 0.0158072 0.00476342 0.00134456 0.000227375 1.99195e-05 6.45727e-07 5.60746e-09 1.0074e-11 3.14297e-15 1.52339e-19
 1.99082e-41 2.76312e-33 4.63571e-26 9.40112e-20 2.30457e-14 6.82888e-10 2.44599e-06 0.00105903 0.0554254 0.350638 0.268721 0.0506651 0.13835 0.0921068 0.0250977 0.0138159 0.00323111 0.000762245 0.000115974 8.70668e-06 2.28879e-07 1.53606e-09 2.06171e-12 4.69919e-16 1.63959e-20
 1.79132e-41 2.48623e-33 4.17116e-26 8.45904e-20 2.07363e-14 6.14455e-10 2.20088e-06 0.000952904 0.0498712 0.315502 0.242123 0.0575496 0.175346 0.109405 0.0299026 0.0151827 0.00342244 0.000659512 7.60053e-05 4.6925e-06 9.90489e-08 5.10832e-10 5.10804e-13 8.50469e-17 2.14055e-21
 1.49387e-41 2.07339e-33 3.47854e-26 7.05441e-20 1.7293e-14 5.12425e-10 1.83542e-06 0.000794674 0.0415901 0.263114 0.202448 0.0660788 0.219281 0.130603 0.0468199 0.0233626 0.00496064 0.000861461 8.02384e-05 3.58616e-06 5.71164e-08 2.2356e-10 1.65956e-13 2.01567e-17 3.65969e-22
 2.11772e-41 2.93926e-33 4.93121e-26 1.00004e-19 2.45148e-14 7.26419e-10 2.60191e-06 0.00112654 0.0589586 0.372991 0.285954 0.0520379 0.110085 0.0640861 0.0330274 0.0167671 0.00420452 0.000701343 5.61951e-05 1.91915e-06 2.13603e-08 5.94494e-11 3.2089e-14 2.82979e-18 3.70233e-23
 2.02517e-41 2.8108e-33 4.71571e-26 9.56336e-20 2.34434e-14 6.94672e-10 2.4882e-06 0.00107731 0.0563819 0.356692 0.273903 0.0624311 0.147105 0.0738831 0.0177283 0.00780441 0.00249992 0.000454992 3.59857e-05 1.00938e-06 8.21693e-09 1.56622e-11 5.79947e-15 3.59093e-19 3.3421e-24
 2.06344e-41 2.86392e-33 4.80482e-26 9.74408e-20 2.38865e-14 7.078e-10 2.53522e-06 0.00109766 0.0574474 0.363433 0.279186 0.0638414 0.139057 0.0667405 0.02058 0.00714889 0.00122497 0.000220273 1.89176e-05 4.95006e-07 3.21937e-09 4.41864e-12 1.11916e-15 4.68477e-20 2.98075e-25
 1.77631e-41 2.4654e-33 4.13622e-26 8.38816e-20 2.05626e-14 6.09307e-10 2.18244e-06 0.000944921 0.0494534 0.312865 0.241327 0.0796396 0.192655 0.0863316 0.0263236 0.00875216 0.00152562 0.000169358 1.12103e-05 2.84687e-07 1.6384e-09 1.77406e-12 3.2671e-16 9.49826e-21 4.11218e-26
 2.06909e-41 2.87176e-33 4.81797e-26 9.77074e-20 2.39518e-14 7.09736e-10 2.54216e-06 0.00110067 0.0576046 0.36443 0.280373 0.0687225 0.132397 0.0595666 0.0260719 0.00823362 0.00135395 0.000136527 6.16653e-06 1.09898e-07 5.36767e-10 4.90149e-13 7.11739e-17 1.5385e-21 4.75484e-27
 1.90471e-41 2.64361e-33 4.43521e-26 8.99451e-20 2.2049e-14 6.53352e-10 2.3402e-06 0.00101323 0.0530282 0.335485 0.259159 0.0844797 0.171117 0.067151 0.0205898 0.00655331 0.00129677 0.000120812 4.5636e-06 5.62458e-08 1.8447e-10 1.27475e-13 1.47382e-17 2.49859e-22 5.86068e-28
 1.97574e-41 2.74219e-33 4.6006e-26 9.32992e-20 2.28712e-14 6.77715e-10 2.42747e-06 0.00105101 0.0550056 0.347997 0.268885 0.0834955 0.152031 0.0603201 0.0239706 0.00618324 0.000961367 9.37541e-05 3.31942e-06 3.24342e-08 7.41026e-11 3.386e-14 2.71718e-18 3.3979e-23 6.04458e-29
 1.67871e-41 2.32995e-33 3.90897e-26 7.92731e-20 1.94329e-14 5.75831e-10 2.06253e-06 0.000893006 0.0467364 0.295695 0.230631 0.108404 0.205993 0.0755734 0.0275204 0.00731407 0.00114845 8.68136e-05 2.73595e-06 2.37089e-08 4.24136e-11 1.37738e-14 7.43198e-19 6.20916e-24 7.58644e-30
 1.55608e-41 2.15973e-33 3.6234e-26 7.34818e-20 1.80132e-14 5.33764e-10 1.91186e-06 0.000827768 0.0433221 0.274106 0.215155 0.117344 0.211612 0.0856057 0.0407435 0.00975362 0.00142514 0.00010172 2.55166e-06 1.77229e-08 2.61681e-11 6.65494e-15 2.63243e-19 1.53627e-24 1.27492e-30
 1.78304e-41 2.47474e-33 4.15188e-26 8.41994e-20 2.06405e-14 6.11615e-10 2.19071e-06 0.0009485 0.0496408 0.314081 0.245404 0.106164 0.166178 0.0698581 0.0361054 0.0099803 0.00153907 9.67937e-05 2.09473e-06 1.14313e-08 1.27823e-11 2.51054e-15 7.66043e-20 3.35793e-25 2.02653e-31
 1.75525e-41 2.43617e-33 4.08718e-26 8.28871e-20 2.03188e-14 6.02083e-10 2.15656e-06 0.000933718 0.0488671 0.309204 0.24327 0.121371 0.178243 0.0629576 0.0262892 0.00751682 0.00126307 8.09141e-05 1.51037e-06 6.6554e-09 5.72169e-12 8.31777e-16 1.87e-20 6.09656e-26 2.74513e-32
 1.76011e-41 2.44291e-33 4.09849e-26 8.31166e-20 2.03751e-14 6.0375e-10 2.16253e-06 0.000936303 0.0490024 0.310076 0.245042 0.126835 0.172048 0.0633119 0.0259549 0.00584502 0.000888353 5.73368e-05 1.00715e-06 3.72126e-09 2.49773e-12 2.74242e-16 4.54446e-21 1.07491e-26 3.49688e-33
 1.72274e-41 2.39104e-33 4.01147e-26 8.13519e-20 1.99425e-14 5.90932e-10 2.11662e-06 0.000916424 0.0479621 0.30352 0.241812 0.137944 0.174265 0.0627695 0.0247297 0.00537522 0.000667151 3.58568e-05 5.69195e-07 1.84247e-09 1.01161e-12 8.59006e-17 1.06604e-21 1.85573e-27 4.39016e-34
 1.81285e-41 2.51611e-33 4.2213e-26 8.56071e-20 2.09856e-14 6.21841e-10 2.22733e-06 0.000964358 0.0504708 0.319409 0.254648 0.135529 0.154946 0.0572324 0.0218333 0.00444772 0.000494792 2.12607e-05 2.64912e-07 7.05702e-10 3.19482e-13 2.17213e-17 2.08546e-22 2.73125e-28 4.77004e-35
 1.78974e-41 2.48403e-33 4.16748e-26 8.45157e-20 2.0718e-14 6.13913e-10 2.19894e-06 0.000952064 0.0498275 0.315382 0.254017 0.148535 0.15702 0.0524809 0.0179355 0.00348873 0.000346763 1.24186e-05 1.18863e-07 2.37445e-10 8.24573e-14 4.37347e-18 3.27039e-23 3.29463e-29 4.35672e-36
 1.79934e-41 2.49736e-33 4.18984e-26 8.49691e-20 2.08292e-14 6.17206e-10 2.21073e-06 0.000957171 0.0500949 0.317117 0.257245 0.153536 0.150115 0.0516532 0.0163104 0.00272505 0.000236998 7.13194e-06 5.36742e-08 8.00614e-11 2.02814e-14 7.87789e-19 4.37336e-24 3.30479e-30 3.28979e-37
 1.79455e-41 2.49072e-33 4.1787e-26 8.47431e-20 2.07738e-14 6.15565e-10 2.20485e-06 0.000954626 0.0499618 0.316336 0.259165 0.161164 0.145805 0.0494219 0.0147471 0.00227486 0.000163865 3.98884e-06 2.37052e-08 2.68468e-11 5.00374e-15 1.40299e-19 5.58389e-25 3.03214e-31 2.18365e-38
 1.8107e-41 2.51313e-33 4.2163e-26 8.55056e-20 2.09607e-14 6.21104e-10 2.22469e-06 0.000963216 0.0504115 0.31925 0.263757 0.165266 0.138341 0.0469503 0.0130842 0.00185634 0.000115189 2.22116e-06 1.00867e-08 8.62811e-12 1.19515e-15 2.44882e-20 7.02889e-26 2.72867e-32 1.39847e-39
 1.76291e-41 2.4468e-33 4.10502e-26 8.32489e-20 2.04075e-14 6.04711e-10 2.16598e-06 0.000937793 0.0490814 0.310952 0.261675 0.178963 0.139721 0.0454194 0.0116571 0.00150963 8.05218e-05 1.25458e-06 4.33832e-09 2.74301e-12 2.78607e-16 4.16949e-21 8.69177e-27 2.43449e-33 8.94767e-41
 1.67508e-41 2.3249e-33 3.9005e-26 7.91013e-20 1.93908e-14 5.74584e-10 2.05807e-06 0.000891072 0.0466367 0.295647 0.255327 0.19481 0.145109 0.048649 0.0115423 0.00132543 6.01248e-05 7.56971e-07 2.01855e-09 9.49509e-13 7.01889e-17 7.57427e-22 1.13587e-27 2.28763e-34 6.04024e-42
 1.66296e-41 2.30808e-33 3.87228e-26 7.85291e-20 1.92505e-14 5.70427e-10 2.04318e-06 0.000884626 0.0462999 0.293667 0.257394 0.197703 0.140885 0.0503188 0.0115861 0.00121273 4.59568e-05 4.6184e-07 9.49604e-10 3.35051e-13 1.82001e-17 1.42229e-22 1.53032e-28 2.20061e-35 4.14126e-43
#spawning biomass
 5245.16 6453.43 7934.13 10901.5 14744.1 17323.9 17344.6 21237.8 33129.5 48899.7 58340.7 75385.9 94478 125252 128881 108052 109433 100176 92789.9 91273.2 104095 100768 111137 112669 120947 125921 124640 128658 146757 266384 295272 284762 255128 219940 186804 158976 137155 120799 108917 100478 94581.7 90511 87709.1 85771.8 84489.4 83640.6 83078.6 82706.7 82460.4 82297.4 82189.5 82118.1 82070.8 82039.5 82018.8 82005.1 81996 81990 81986 81983.4 81981.7 81980.5 81979.7 81979.2 81978.9 81978.7 81978.5 81978.4 81978.4 81978.3 81978.3 81978.3 81978.3 81978.3 81978.3 81978.2 81978.2 81978.2 81978.2 81978.2 81978.2 81978.2 81978.2 81978.2 81978.2 81978.2 81978.2 81978.2 81978.2 81978.2 81978.2 81978.2 81978.2 81978.2 81978.2 81978.2 81978.2 81978.2 81978.2 81978.2 81978.2 81978.2 81978.2 81978.2 81978.2 81978.2 81978.2 81978.2 81978.2 81978.2 81978.2 81978.2 81978.2 81978.2 81978.2 81978.2 81978.2 81978.2 81978.2 81978.2 81978.2 81978.2 81978.2 81978.2 81978.2 81978.2 81978.2 81978.2 0 0 0 0 0 0 0 0 0 0 0 0 0 0 0 0 0 0 0 0 0 0 0 0 0
