SBPRF35
0.819782
Curr Bio
125965
B35
694246
F35
0.205006
FOFL
0.0923446
OFL
25248.3
Bzero
234224
#pred survey bio
 8571.42 6973.55 8499.55 10711.4 14424.9 17239.4 16401.3 22138.9 34823.7 48489.2 60317.8 81084.9 100574 126135 127318 105439 99587.8 99568.4 96895.9 100352 103116 105141 100961 115223 125327 128622 123082 118402 132354 1.1839e+07 9.70513e+06 1.00115e+07 9.30592e+06 8.13104e+06 6.86597e+06 5.71437e+06 4.75644e+06 4.00222e+06 3.42909e+06 3.00357e+06 2.69233e+06 2.46664e+06 2.30312e+06 2.18348e+06 2.0961e+06 2.03391e+06 1.98921e+06 1.95675e+06 1.93292e+06 1.91524e+06 1.90199e+06 1.89195e+06 1.88426e+06 1.87833e+06 1.87372e+06 1.8701e+06 1.86724e+06 1.86497e+06 1.86316e+06 1.86171e+06 1.86054e+06 1.8596e+06 1.85883e+06 1.85822e+06 1.85772e+06 1.85731e+06 1.85698e+06 1.8567e+06 1.85648e+06 1.8563e+06 1.85616e+06 1.85604e+06 1.85594e+06 1.85586e+06 1.85579e+06 1.85574e+06 1.85569e+06 1.85566e+06 1.85563e+06 1.8556e+06 1.85558e+06 1.85557e+06 1.85555e+06 1.85554e+06 1.85554e+06 1.85553e+06 1.85552e+06 1.85552e+06 1.85551e+06 1.85551e+06 1.85551e+06 1.8555e+06 1.8555e+06 1.8555e+06 1.8555e+06 1.8555e+06 1.8555e+06 1.8555e+06 1.8555e+06 1.8555e+06 1.8555e+06 1.8555e+06 1.8555e+06 1.8555e+06 1.8555e+06 1.8555e+06 1.8555e+06 1.8555e+06 1.8555e+06 1.8555e+06 1.8555e+06 1.8555e+06 1.8555e+06 1.8555e+06 1.8555e+06 1.8555e+06 1.8555e+06 1.8555e+06 1.8555e+06 1.8555e+06 1.8555e+06 1.8555e+06 1.8555e+06 1.8555e+06 1.8555e+06 1.8555e+06 1.8555e+06 1.8555e+06 1.8555e+06 0 0 0 0 0 0 0 0 0 0 0 0 0 0 0 0 0 0 0 0 0 0 0 0 0
#obs survey bio
 7970.52 7496.56 17485.5 13482 23486.6 10995.6 25690.7 26153.2 45950 59984.7 67172.1 92608.6 108851 171939 118623 121788 83232.9 95865.5 69262 105670 126719 73974.5 94928.6 80184.7 207472 166398 140082 99250.4 135722
#pred catch bio
 6333.69 4938.63 6264.58 7579.71 9931.37 13224.4 11995.1 15780.5 25470.2 37303.9 45512.5 64144.7 77714.3 100623 106394 86834 82086.5 82991 79672 84102.8 87398.4 93257.1 86876.4 101191 110968 115114 107928 99428.1 1.43876 25248.3 77321.8 79189.8 72866 62845.3 52250.2 42737.4 34935.2 28891.2 24387 21120.8 18799.2 17172.7 16043 15259.6 14722.1 14363.6 14124.4 13964.9 13858.5 13787.6 13740.3 13708.7 13687.7 13673.6 13664.3 13658 13653.8 13651.1 13649.2 13648 13647.1 13646.6 13646.2 13646 13645.8 13645.7 13645.6 13645.6 13645.6 13645.5 13645.5 13645.5 13645.5 13645.5 13645.5 13645.5 13645.5 13645.5 13645.5 13645.5 13645.5 13645.5 13645.5 13645.5 13645.5 13645.5 13645.5 13645.5 13645.5 13645.5 13645.5 13645.5 13645.5 13645.5 13645.5 13645.5 13645.5 13645.5 13645.5 13645.5 13645.5 13645.5 13645.5 13645.5 13645.5 13645.5 13645.5 13645.5 13645.5 13645.5 13645.5 13645.5 13645.5 13645.5 13645.5 13645.5 13645.5 13645.5 13645.5 13645.5 13645.5 13645.5 13645.5 13645.5 13645.5 13645.5 13645.5 13645.5 13645.5 0 0 0 0 0 0 0 0 0 0 0 0 0 0 0 0 0 0 0 0 0 0 0 0 0
#obs catch bio
 5229.21 4913.31 5974.52 7312.48 9461.68 13022 11658.1 15233.3 24343.5 36044.1 44622.3 61355.7 75401.9 98077.3 106505 85837.5 81357.3 81068.4 77940.4 81755.6 83800.6 91563.3 85963.9 100641 106970 112856 105203 103795 1.31565
#pred cpue bio
 7780.67 6005.79 7180.97 8978.53 12176.1 15072 14008.3 18196.1 28666.3 40596.4 50130.4 67146.2 83202.4 105324 109318 89926.2 83673.7 83622.6 81368.4 83780.3 85679.6 87256.8 82467 93756.4 102027 105393 101074 98330.7 108345 1.09987e+07 9.67088e+06 9.97726e+06 9.27168e+06 8.0968e+06 6.83172e+06 5.68013e+06 4.72219e+06 3.96798e+06 3.39484e+06 2.96932e+06 2.65809e+06 2.4324e+06 2.26887e+06 2.14924e+06 2.06185e+06 1.99966e+06 1.95496e+06 1.9225e+06 1.89867e+06 1.881e+06 1.86774e+06 1.8577e+06 1.85002e+06 1.84409e+06 1.83947e+06 1.83585e+06 1.83299e+06 1.83072e+06 1.82891e+06 1.82746e+06 1.82629e+06 1.82535e+06 1.82459e+06 1.82397e+06 1.82347e+06 1.82306e+06 1.82273e+06 1.82246e+06 1.82224e+06 1.82206e+06 1.82191e+06 1.82179e+06 1.82169e+06 1.82161e+06 1.82154e+06 1.82149e+06 1.82145e+06 1.82141e+06 1.82138e+06 1.82136e+06 1.82134e+06 1.82132e+06 1.82131e+06 1.8213e+06 1.82129e+06 1.82128e+06 1.82128e+06 1.82127e+06 1.82127e+06 1.82126e+06 1.82126e+06 1.82126e+06 1.82126e+06 1.82125e+06 1.82125e+06 1.82125e+06 1.82125e+06 1.82125e+06 1.82125e+06 1.82125e+06 1.82125e+06 1.82125e+06 1.82125e+06 1.82125e+06 1.82125e+06 1.82125e+06 1.82125e+06 1.82125e+06 1.82125e+06 1.82125e+06 1.82125e+06 1.82125e+06 1.82125e+06 1.82125e+06 1.82125e+06 1.82125e+06 1.82125e+06 1.82125e+06 1.82125e+06 1.82125e+06 1.82125e+06 1.82125e+06 1.82125e+06 1.82125e+06 1.82125e+06 1.82125e+06 1.82125e+06 1.82125e+06 1.82125e+06 0 0 0 0 0 0 0 0 0 0 0 0 0 0 0 0 0 0 0 0 0 0 0 0 0
#obs cpue bio
 7385.21 6601.06 10007.6 11084.3 17161.8 22424.7 17790.6 25245 48493.7 47500.2 60224.2 131682 112120 107404 103632 103388 108881 136513 154256 133415 140743 148845 97951 146502 126770 102216 139079 120932 205218
#pred surv len freq
 2.56539e-27 2.59436e-27 3.84943e-26 7.58079e-20 1.85834e-14 5.50659e-10 1.97237e-06 0.000853961 0.0446932 0.282742 0.216493 0.0375555 0.133756 0.123619 0.0314599 0.0410591 0.0190579 0.0166227 0.0112425 0.00927335 0.00780114 0.00715487 0.00755982 0.00691843 0.00213537
 2.56789e-27 2.60077e-27 4.36542e-26 8.6691e-20 2.12513e-14 6.29713e-10 2.25552e-06 0.000976556 0.0511094 0.323332 0.247537 0.040632 0.135361 0.124676 0.0243095 0.0242014 0.00956433 0.00626095 0.00344843 0.00238274 0.00173771 0.00141481 0.00135849 0.00126505 0.00043038
 2.5686e-27 2.60263e-27 4.52048e-26 8.99618e-20 2.20531e-14 6.53471e-10 2.34062e-06 0.0010134 0.0530378 0.335531 0.256858 0.0410386 0.131907 0.121443 0.0230051 0.0219532 0.0075435 0.00333116 0.00140949 0.000724191 0.000410375 0.000277699 0.000231274 0.000207892 7.38705e-05
 2.56892e-27 2.60346e-27 4.58931e-26 9.14136e-20 2.2409e-14 6.64017e-10 2.3784e-06 0.00102976 0.0538937 0.340946 0.260996 0.0412546 0.130644 0.120209 0.0215616 0.0189575 0.0064148 0.00265021 0.000884431 0.000302879 0.000116494 5.70277e-05 3.77036e-05 3.06592e-05 1.09401e-05
 2.56851e-27 2.60236e-27 4.4926e-26 8.93735e-20 2.19088e-14 6.49198e-10 2.32532e-06 0.00100677 0.0526909 0.333337 0.25519 0.0414977 0.136574 0.125701 0.0228997 0.0206193 0.00680115 0.00253327 0.000814198 0.000240837 5.97047e-05 1.76907e-05 7.75906e-06 5.13666e-06 1.76772e-06
 2.56632e-27 2.59645e-27 3.974e-26 7.84333e-20 1.9227e-14 5.6973e-10 2.04068e-06 0.000883535 0.046241 0.292534 0.224052 0.0426668 0.167348 0.154179 0.0293774 0.0282421 0.00939245 0.00359543 0.00110709 0.000298238 6.50546e-05 1.22685e-05 2.78936e-06 1.2132e-06 3.781e-07
 2.5679e-27 2.60079e-27 4.36249e-26 8.6629e-20 2.1236e-14 6.29262e-10 2.25391e-06 0.000975857 0.0510729 0.323101 0.247368 0.0411433 0.139372 0.128439 0.0261929 0.0274712 0.00934485 0.00388707 0.00122056 0.000330736 6.62545e-05 1.06137e-05 1.36735e-06 2.72997e-07 6.65087e-08
 2.56998e-27 2.60637e-27 4.8496e-26 9.69046e-20 2.3755e-14 7.03903e-10 2.52126e-06 0.00109161 0.057131 0.361426 0.276619 0.0402638 0.112128 0.103166 0.019325 0.0181602 0.00637761 0.00297738 0.000979408 0.000284608 5.80037e-05 8.71622e-06 8.82892e-07 7.70183e-08 1.02466e-08
 2.56982e-27 2.60586e-27 4.79706e-26 9.5796e-20 2.34832e-14 6.9585e-10 2.49242e-06 0.00107912 0.0564774 0.357291 0.273473 0.0409899 0.119864 0.110189 0.0184676 0.0144108 0.00484076 0.00196479 0.000676461 0.000217793 4.77926e-05 7.45163e-06 7.05678e-07 4.03109e-08 2.11481e-09
 2.56891e-27 2.6034e-27 4.57893e-26 9.11944e-20 2.23552e-14 6.62424e-10 2.37269e-06 0.00102729 0.0537644 0.340129 0.260378 0.041663 0.134186 0.123412 0.0209385 0.0167041 0.00533038 0.0017203 0.000539994 0.000159238 3.82117e-05 6.52927e-06 6.46893e-07 3.30032e-08 8.95564e-10
 2.56932e-27 2.60452e-27 4.68023e-26 9.33315e-20 2.28791e-14 6.77948e-10 2.4283e-06 0.00105136 0.0550244 0.348099 0.266458 0.0412281 0.126605 0.116447 0.020265 0.0169238 0.00543438 0.00179269 0.000514207 0.000122853 2.61988e-05 4.62614e-06 5.07241e-07 2.68552e-08 5.91042e-10
 2.56951e-27 2.60502e-27 4.72324e-26 9.42389e-20 2.31015e-14 6.84539e-10 2.4519e-06 0.00106158 0.0555593 0.351484 0.269041 0.0411626 0.124292 0.114295 0.0195752 0.0158948 0.00516115 0.00179858 0.000523576 0.000123397 2.19343e-05 3.27249e-06 3.58769e-07 2.08151e-08 4.63676e-10
 2.56953e-27 2.60506e-27 4.72439e-26 9.42629e-20 2.31074e-14 6.84714e-10 2.45253e-06 0.00106185 0.0555735 0.351573 0.269113 0.0413676 0.125802 0.115642 0.0189778 0.0141881 0.00456684 0.00154033 0.000456292 0.000112767 2.00862e-05 2.61716e-06 2.37184e-07 1.35478e-08 3.2462e-10
 2.56905e-27 2.60374e-27 4.60852e-26 9.18186e-20 2.25082e-14 6.66959e-10 2.38893e-06 0.00103432 0.0541324 0.342457 0.262156 0.0416522 0.132855 0.122169 0.0204631 0.0159287 0.00503292 0.00154059 0.00044563 0.00010798 1.9956e-05 2.64302e-06 2.12784e-07 1.01508e-08 2.37781e-10
 2.56742e-27 2.59933e-27 4.2181e-26 8.35823e-20 2.04892e-14 6.07132e-10 2.17464e-06 0.000941538 0.0492767 0.311738 0.238718 0.0428323 0.158302 0.145645 0.0245031 0.0192392 0.00613571 0.00196512 0.000551764 0.000122903 2.20521e-05 2.96623e-06 2.42621e-07 1.03327e-08 2.06538e-10
 2.56787e-27 2.60059e-27 4.33304e-26 8.60073e-20 2.10836e-14 6.24746e-10 2.23774e-06 0.000968854 0.0507063 0.320782 0.245614 0.0421621 0.148358 0.136543 0.0242473 0.0209506 0.00670541 0.00217094 0.000620321 0.000141809 2.3849e-05 3.03074e-06 2.48509e-07 1.06142e-08 1.90184e-10
 2.56874e-27 2.60294e-27 4.54052e-26 9.03842e-20 2.21566e-14 6.5654e-10 2.35161e-06 0.00101816 0.0532868 0.337107 0.25807 0.0416196 0.135478 0.124634 0.0217064 0.0181596 0.00595483 0.00216178 0.000627565 0.000145535 2.51097e-05 3.09294e-06 2.37377e-07 1.00484e-08 1.7789e-10
 2.56873e-27 2.60288e-27 4.53231e-26 9.02108e-20 2.21141e-14 6.5528e-10 2.3471e-06 0.00101621 0.0531846 0.33646 0.257581 0.0419133 0.138056 0.126954 0.0210388 0.016046 0.00520653 0.00182121 0.000550567 0.000140321 2.47454e-05 3.11414e-06 2.34806e-07 9.36268e-09 1.62743e-10
 2.56873e-27 2.60287e-27 4.53048e-26 9.01722e-20 2.21046e-14 6.55e-10 2.3461e-06 0.00101577 0.0531618 0.336316 0.257472 0.0419605 0.138492 0.127352 0.0210392 0.0159392 0.00505587 0.00158458 0.000466075 0.000116992 2.23196e-05 2.97347e-06 2.29094e-07 8.99826e-09 1.48685e-10
 2.56905e-27 2.60377e-27 4.61074e-26 9.18654e-20 2.25197e-14 6.67299e-10 2.39015e-06 0.00103484 0.05416 0.342631 0.262289 0.0416457 0.132712 0.122037 0.0204322 0.0158925 0.00503633 0.00156356 0.000441007 0.000100642 1.86446e-05 2.60121e-06 2.15435e-07 8.68792e-09 1.41502e-10
 2.56929e-27 2.60439e-27 4.66352e-26 9.29789e-20 2.27926e-14 6.75387e-10 2.41912e-06 0.00104739 0.0548165 0.346784 0.26546 0.0416517 0.13053 0.119984 0.0193654 0.0139758 0.00444949 0.0014241 0.000401888 8.97784e-05 1.53333e-05 2.01495e-06 1.71853e-07 7.42617e-09 1.24604e-10
 2.56934e-27 2.60451e-27 4.67288e-26 9.31761e-20 2.2841e-14 6.7682e-10 2.42425e-06 0.00104961 0.0549328 0.34752 0.266023 0.0417232 0.130678 0.120101 0.0190285 0.0131724 0.00412245 0.00121111 0.000342004 7.82552e-05 1.32207e-05 1.62894e-06 1.29324e-07 5.69265e-09 1.01491e-10
 2.57012e-27 2.60661e-27 4.85711e-26 9.70625e-20 2.37937e-14 7.0505e-10 2.52537e-06 0.00109339 0.0572241 0.362015 0.277085 0.0413047 0.119721 0.109962 0.0167107 0.0104348 0.00323228 0.000905034 0.000246559 5.27216e-05 9.00019e-06 1.11064e-06 8.32947e-08 3.42602e-09 6.17576e-11
 2.5703e-27 2.60708e-27 4.89918e-26 9.795e-20 2.40113e-14 7.11497e-10 2.54846e-06 0.00110339 0.0577473 0.365325 0.279611 0.0412032 0.117175 0.107609 0.0162411 0.00995226 0.00302655 0.000756561 0.00019976 4.06259e-05 6.51746e-06 7.84046e-07 5.88894e-08 2.30071e-09 3.90787e-11
 2.57026e-27 2.60697e-27 4.88819e-26 9.77182e-20 2.39544e-14 7.09813e-10 2.54243e-06 0.00110077 0.0576106 0.36446 0.278953 0.0413377 0.11866 0.108956 0.0160559 0.00918986 0.00278213 0.000680674 0.000173181 3.18255e-05 4.84548e-06 5.4669e-07 3.93577e-08 1.52373e-09 2.47023e-11
 2.56994e-27 2.6061e-27 4.8098e-26 9.60644e-20 2.3549e-14 6.978e-10 2.4994e-06 0.00108215 0.0566356 0.358292 0.274247 0.0416255 0.124157 0.114017 0.0167512 0.00949965 0.00284641 0.000647941 0.000162013 2.89239e-05 4.07443e-06 4.21959e-07 2.83517e-08 1.04576e-09 1.66233e-11
 2.56983e-27 2.60581e-27 4.78449e-26 9.55305e-20 2.34181e-14 6.93921e-10 2.48551e-06 0.00107613 0.0563208 0.356301 0.272728 0.0416907 0.125721 0.115463 0.0170587 0.00983671 0.00294486 0.000663466 0.000162451 2.72024e-05 3.71949e-06 3.61252e-07 2.20046e-08 7.50981e-10 1.1344e-11
 2.56927e-27 2.60427e-27 4.64912e-26 9.26749e-20 2.27181e-14 6.73179e-10 2.41121e-06 0.00104396 0.0546373 0.34565 0.264601 0.042053 0.134187 0.123286 0.0186292 0.0114496 0.00344078 0.000788707 0.000193183 3.18809e-05 4.16454e-06 3.83335e-07 2.19346e-08 6.78339e-10 9.42671e-12
 2.57004e-27 2.60641e-27 4.84242e-26 9.67528e-20 2.37178e-14 7.028e-10 2.51731e-06 0.0010899 0.0570414 0.36086 0.2762 0.0411237 0.118966 0.109322 0.0176266 0.0126815 0.00385985 0.000946555 0.000235403 3.94108e-05 5.11763e-06 4.54672e-07 2.44791e-08 7.06639e-10 8.92257e-12
#obs surv len freq
 1.64205e-41 2.27906e-33 3.82359e-26 7.75416e-20 1.90084e-14 5.63254e-10 2.01748e-06 0.000873501 0.0457156 0.28921 0.221579 0.0442837 0.164343 0.139674 0.0431585 0.0349745 0.0113792 0.00386906 0.00082602 0.000105886 5.94846e-06 1.05547e-07 4.38914e-10 3.4419e-13 4.41008e-17
 1.90346e-41 2.64188e-33 4.4323e-26 8.98861e-20 2.20345e-14 6.52923e-10 2.33866e-06 0.00101256 0.0529934 0.335252 0.256748 0.0440461 0.132346 0.10647 0.0338687 0.0258596 0.00819601 0.00262577 0.000518857 5.84623e-05 2.72202e-06 3.786e-08 1.18191e-10 6.75887e-14 6.2077e-18
 1.92132e-41 2.66667e-33 4.47389e-26 9.07296e-20 2.22413e-14 6.5905e-10 2.36061e-06 0.00102206 0.0534907 0.338398 0.259234 0.0470925 0.1416 0.106602 0.0274536 0.0176747 0.00545901 0.00164128 0.000298707 2.94547e-05 1.13145e-06 1.22763e-08 2.87289e-11 1.20017e-14 7.92211e-19
 1.96481e-41 2.72703e-33 4.57515e-26 9.27832e-20 2.27447e-14 6.73967e-10 2.41404e-06 0.0010452 0.0547014 0.346058 0.265145 0.0487247 0.138893 0.0984751 0.0263902 0.0156512 0.00379151 0.000950496 0.000157617 1.35037e-05 4.2576e-07 3.59407e-09 6.29604e-12 1.92197e-15 9.13547e-20
 1.75648e-41 2.43788e-33 4.09005e-26 8.29454e-20 2.03331e-14 6.02507e-10 2.15808e-06 0.000934375 0.0489015 0.309366 0.237324 0.0549698 0.176847 0.117722 0.0315944 0.0173264 0.00405347 0.000845023 0.000106519 7.58277e-06 1.94598e-07 1.2742e-09 1.67044e-12 3.72871e-16 1.27767e-20
 1.45556e-41 2.02022e-33 3.38934e-26 6.87351e-20 1.68496e-14 4.99284e-10 1.78835e-06 0.000774296 0.0405236 0.256366 0.197122 0.0624412 0.220417 0.139782 0.0488599 0.0266206 0.00586344 0.00110712 0.000114712 5.96468e-06 1.16474e-07 5.846e-10 5.72749e-13 9.35776e-17 2.31542e-21
 2.0789e-41 2.88537e-33 4.84081e-26 9.81707e-20 2.40654e-14 7.13102e-10 2.55421e-06 0.00110589 0.0578777 0.366152 0.28064 0.0503738 0.11336 0.0698136 0.0351063 0.0194846 0.00506516 0.00093125 8.36856e-05 3.37228e-06 4.64264e-08 1.66787e-10 1.19628e-13 1.42624e-17 2.55061e-22
 1.98888e-41 2.76044e-33 4.63121e-26 9.392e-20 2.30234e-14 6.82225e-10 2.44362e-06 0.001058 0.0553716 0.3503 0.268875 0.0600971 0.151183 0.0814351 0.0191587 0.00890099 0.00296498 0.000597386 5.38746e-05 1.80454e-06 1.83412e-08 4.53961e-11 2.24471e-14 1.88877e-18 2.41332e-23
 2.01347e-41 2.79456e-33 4.68846e-26 9.50809e-20 2.3308e-14 6.90658e-10 2.47382e-06 0.00107108 0.0560561 0.354631 0.272315 0.0618929 0.145614 0.0747777 0.0229692 0.00879726 0.00154461 0.000298317 2.96289e-05 9.39799e-07 7.71274e-09 1.38131e-11 4.68469e-15 2.67268e-19 2.34352e-24
 1.72695e-41 2.39689e-33 4.02129e-26 8.15509e-20 1.99912e-14 5.92377e-10 2.1218e-06 0.000918665 0.0480793 0.30417 0.234418 0.0762312 0.199302 0.0954495 0.0287683 0.010472 0.00193533 0.00023604 1.74631e-05 5.40995e-07 3.97576e-09 5.6535e-12 1.39666e-15 5.53429e-20 3.30305e-25
 2.02193e-41 2.80631e-33 4.70817e-26 9.54807e-20 2.3406e-14 6.93562e-10 2.48422e-06 0.00107558 0.0562918 0.356124 0.273828 0.066648 0.139191 0.0661163 0.0287826 0.00999976 0.00173502 0.000196033 1.01772e-05 2.17588e-07 1.35607e-09 1.63684e-12 3.1994e-16 9.42796e-21 4.01083e-26
 1.84176e-41 2.55624e-33 4.28862e-26 8.69723e-20 2.13202e-14 6.31758e-10 2.26285e-06 0.000979737 0.0512756 0.324394 0.250388 0.0819254 0.181353 0.0760987 0.0235843 0.00809025 0.0017197 0.000180984 7.98966e-06 1.20391e-07 5.01679e-10 4.5723e-13 7.13499e-17 1.65223e-21 5.33402e-27
 1.92756e-41 2.67533e-33 4.48842e-26 9.10242e-20 2.23135e-14 6.6119e-10 2.36828e-06 0.00102538 0.0536644 0.339509 0.262064 0.0807574 0.160126 0.0669297 0.0268835 0.00763314 0.00126136 0.000138816 5.84846e-06 7.07906e-08 2.07736e-10 1.25356e-13 1.35696e-17 2.32151e-22 5.69508e-28
 1.62059e-41 2.24927e-33 3.77361e-26 7.6528e-20 1.87599e-14 5.55892e-10 1.99111e-06 0.000862084 0.045118 0.285452 0.222252 0.104496 0.217286 0.08373 0.0304567 0.00872514 0.00148794 0.000127631 4.77545e-06 5.18839e-08 1.20314e-10 5.18736e-14 3.7829e-18 4.32632e-23 7.3003e-29
 1.47319e-41 2.04469e-33 3.4304e-26 6.95677e-20 1.70537e-14 5.05332e-10 1.81002e-06 0.000783676 0.0410145 0.2595 0.203341 0.113408 0.224874 0.094914 0.0477115 0.012353 0.00193641 0.000158081 4.7662e-06 4.15807e-08 8.00487e-11 2.7162e-14 1.45514e-18 1.16287e-23 1.33239e-29
 1.71944e-41 2.38647e-33 4.0038e-26 8.11962e-20 1.99043e-14 5.89801e-10 2.11257e-06 0.00091467 0.0478702 0.302872 0.236219 0.102883 0.176558 0.0762865 0.0415975 0.0124895 0.00214952 0.000154377 4.02755e-06 2.78366e-08 4.07455e-11 1.07145e-14 4.44001e-19 2.66743e-24 2.22105e-30
 1.67705e-41 2.32764e-33 3.9051e-26 7.91946e-20 1.94136e-14 5.75261e-10 2.06049e-06 0.000892122 0.0466901 0.295421 0.232008 0.118854 0.192563 0.070901 0.0311393 0.00957442 0.00181597 0.000137064 3.12256e-06 1.74508e-08 1.97004e-11 3.84564e-15 1.17743e-19 5.27466e-25 3.28209e-31
 1.68758e-41 2.34224e-33 3.9296e-26 7.96915e-20 1.95354e-14 5.78871e-10 2.07342e-06 0.00089772 0.0469831 0.297287 0.234402 0.124113 0.185445 0.0707313 0.0311601 0.00758924 0.0012879 9.90961e-05 2.17577e-06 1.03391e-08 9.13474e-12 1.34673e-15 3.04018e-20 9.89065e-26 4.45387e-32
 1.65021e-41 2.29038e-33 3.84258e-26 7.79268e-20 1.91028e-14 5.66052e-10 2.02751e-06 0.00087784 0.0459427 0.290726 0.231013 0.135631 0.18871 0.0697416 0.029356 0.00695725 0.000978475 6.24961e-05 1.25215e-06 5.29853e-09 3.87391e-12 4.43547e-16 7.49867e-21 1.79335e-26 5.86661e-33
 1.74819e-41 2.42637e-33 4.07073e-26 8.25536e-20 2.02371e-14 5.99661e-10 2.14789e-06 0.000929962 0.0486706 0.307998 0.244853 0.133665 0.168017 0.0634155 0.0259661 0.00571808 0.000725858 3.7522e-05 5.91839e-07 2.07536e-09 1.26389e-12 1.16886e-16 1.53687e-21 2.77057e-27 6.68936e-34
 1.712e-41 2.37614e-33 3.98647e-26 8.08449e-20 1.98182e-14 5.87249e-10 2.10343e-06 0.000910712 0.0476632 0.301662 0.242334 0.147909 0.172569 0.0597168 0.0220271 0.00465388 0.000528879 2.29149e-05 2.79762e-07 7.3877e-10 3.46845e-13 2.51844e-17 2.59545e-22 3.61763e-28 6.63659e-35
 1.72364e-41 2.39229e-33 4.01357e-26 8.13944e-20 1.99529e-14 5.9124e-10 2.11773e-06 0.000916902 0.0479873 0.303747 0.24566 0.153076 0.1649 0.0590722 0.0204885 0.0037589 0.000376001 1.37529e-05 1.32404e-07 2.61913e-10 8.99645e-14 4.80068e-18 3.68892e-23 3.8749e-29 5.37485e-36
 1.72468e-41 2.39375e-33 4.01601e-26 8.14438e-20 1.9965e-14 5.91599e-10 2.11901e-06 0.000917459 0.0480165 0.303982 0.248162 0.161173 0.160128 0.0559313 0.0182706 0.00314441 0.000264502 7.88154e-06 6.00971e-08 9.0297e-11 2.28219e-14 8.79698e-19 4.85385e-24 3.6728e-30 3.69722e-37
 1.7411e-41 2.41653e-33 4.05423e-26 8.22189e-20 2.0155e-14 5.97229e-10 2.13918e-06 0.00092619 0.0484736 0.306932 0.252657 0.166036 0.152389 0.0535029 0.0163108 0.00257697 0.000189201 4.53019e-06 2.65677e-08 3.0208e-11 5.67091e-15 1.59512e-19 6.33974e-25 3.42769e-31 2.45616e-38
 1.68039e-41 2.33228e-33 3.91287e-26 7.93523e-20 1.94523e-14 5.76407e-10 2.0646e-06 0.000893899 0.0467839 0.296341 0.248652 0.181206 0.155487 0.0532208 0.0150815 0.00219095 0.000138739 2.70909e-06 1.22167e-08 1.03251e-11 1.42443e-15 2.92653e-20 8.43731e-26 3.28572e-32 1.68561e-39
 1.60507e-41 2.22774e-33 3.73749e-26 7.57955e-20 1.85804e-14 5.50571e-10 1.97206e-06 0.000853832 0.0446873 0.283208 0.243345 0.196147 0.159221 0.0558098 0.0147017 0.00191869 0.000104156 1.65043e-06 5.76584e-09 3.64483e-12 3.6753e-16 5.45961e-21 1.13381e-26 3.17545e-33 1.16956e-40
 1.6015e-41 2.22277e-33 3.72916e-26 7.56267e-20 1.8539e-14 5.49344e-10 1.96766e-06 0.00085193 0.0445882 0.282706 0.246309 0.199422 0.153324 0.0566334 0.0143651 0.00171866 7.88577e-05 1.00491e-06 2.71459e-09 1.28909e-12 9.57055e-17 1.03195e-21 1.54102e-27 3.08718e-34 8.11455e-42
 1.64689e-41 2.28578e-33 3.83486e-26 7.77702e-20 1.90645e-14 5.64915e-10 2.02343e-06 0.000876078 0.0458526 0.290843 0.255522 0.19905 0.142204 0.0515452 0.0126223 0.00142548 5.62758e-05 5.74244e-07 1.19134e-09 4.24234e-13 2.32375e-17 1.82737e-22 1.97348e-28 2.84114e-35 5.34111e-43
 1.64699e-41 2.28591e-33 3.83509e-26 7.77747e-20 1.90656e-14 5.64947e-10 2.02355e-06 0.000876128 0.0458552 0.29086 0.255544 0.199426 0.143584 0.0508375 0.0117562 0.00121531 4.2301e-05 3.68545e-07 6.37932e-10 1.86726e-13 8.32859e-18 5.30093e-23 4.61455e-29 5.33976e-36 8.05186e-44
#pred catch len freq
 2.56483e-27 2.59285e-27 3.71961e-26 7.30694e-20 1.79121e-14 5.30767e-10 1.90112e-06 0.000823112 0.0430787 0.272528 0.208696 0.0376569 0.140006 0.129412 0.0329342 0.0429834 0.019951 0.0174017 0.0117694 0.00970795 0.00816674 0.00749018 0.00791412 0.00724266 0.00223544
 2.56728e-27 2.59911e-27 4.21967e-26 8.36163e-20 2.04975e-14 6.07378e-10 2.17553e-06 0.00094192 0.0492967 0.311865 0.238786 0.0409708 0.144088 0.132738 0.0258814 0.0257663 0.0101828 0.0066658 0.00367141 0.00253681 0.00185007 0.00150629 0.00144634 0.00134686 0.000458209
 2.56814e-27 2.6014e-27 4.41171e-26 8.76671e-20 2.14905e-14 6.36803e-10 2.28092e-06 0.000987552 0.0516849 0.326973 0.250328 0.0413312 0.138723 0.127737 0.0241973 0.0230909 0.00793443 0.0035038 0.00148253 0.000761721 0.000431642 0.00029209 0.000243259 0.000218666 7.76987e-05
 2.56836e-27 2.60193e-27 4.45424e-26 8.85641e-20 2.17104e-14 6.43318e-10 2.30426e-06 0.000997656 0.0522137 0.330318 0.252887 0.0416447 0.13931 0.128207 0.0229962 0.0202189 0.00684162 0.00282654 0.000943277 0.000323032 0.000124245 6.08221e-05 4.02122e-05 3.26992e-05 1.1668e-05
 2.56785e-27 2.60057e-27 4.33438e-26 8.60357e-20 2.10906e-14 6.24952e-10 2.23847e-06 0.000969174 0.0507231 0.320888 0.245691 0.041952 0.146704 0.135052 0.0246033 0.0221532 0.00730711 0.00272173 0.000874768 0.000258754 6.41463e-05 1.90068e-05 8.33627e-06 5.51879e-06 1.89922e-06
 2.56595e-27 2.59545e-27 3.88532e-26 7.65626e-20 1.87684e-14 5.56141e-10 1.992e-06 0.000862462 0.0451381 0.285556 0.218728 0.0429107 0.172944 0.159347 0.0303621 0.0291888 0.0097073 0.00371595 0.0011442 0.000308235 6.72353e-05 1.26798e-05 2.88286e-06 1.25387e-06 3.90775e-07
 2.56739e-27 2.59943e-27 4.24241e-26 8.40958e-20 2.06151e-14 6.10861e-10 2.188e-06 0.000947321 0.0495794 0.313653 0.240159 0.0414493 0.146766 0.135272 0.0275865 0.0289329 0.00984204 0.00409388 0.0012855 0.000348333 6.97795e-05 1.11784e-05 1.4401e-06 2.87522e-07 7.00472e-08
 2.56949e-27 2.60503e-27 4.73169e-26 9.44172e-20 2.31452e-14 6.85835e-10 2.45655e-06 0.00106359 0.0556645 0.352149 0.26954 0.0405884 0.119572 0.110039 0.0206124 0.0193701 0.00680249 0.00317573 0.00104466 0.000303569 6.18679e-05 9.29691e-06 9.41712e-07 8.21493e-08 1.09292e-08
 2.56939e-27 2.60469e-27 4.6941e-26 9.36239e-20 2.29508e-14 6.80073e-10 2.43591e-06 0.00105465 0.0551968 0.34919 0.267292 0.0413063 0.126614 0.116414 0.019511 0.015225 0.00511426 0.0020758 0.000714679 0.000230098 5.04928e-05 7.87263e-06 7.45548e-07 4.25884e-08 2.23429e-09
 2.56861e-27 2.60257e-27 4.50602e-26 8.96563e-20 2.19782e-14 6.51252e-10 2.33268e-06 0.00100996 0.0528577 0.334392 0.256002 0.0418871 0.138967 0.127821 0.0216866 0.0173009 0.00552083 0.00178176 0.000559288 0.000164927 3.9577e-05 6.76256e-06 6.70006e-07 3.41824e-08 9.27562e-10
 2.56897e-27 2.60356e-27 4.59514e-26 9.15365e-20 2.24391e-14 6.64909e-10 2.38159e-06 0.00103114 0.0539661 0.341404 0.26135 0.0414842 0.132143 0.121556 0.0211542 0.0176663 0.00567283 0.00187134 0.000536769 0.000128243 2.73483e-05 4.82912e-06 5.29497e-07 2.80335e-08 6.16975e-10
 2.56931e-27 2.60449e-27 4.67606e-26 9.32436e-20 2.28575e-14 6.7731e-10 2.42601e-06 0.00105037 0.0549726 0.347771 0.266209 0.0413062 0.127375 0.117139 0.0200623 0.0162903 0.00528956 0.00184333 0.000536603 0.000126467 2.248e-05 3.35391e-06 3.67695e-07 2.1333e-08 4.75213e-10
 2.56926e-27 2.60432e-27 4.6588e-26 9.28793e-20 2.27682e-14 6.74663e-10 2.41653e-06 0.00104627 0.0547578 0.346413 0.265175 0.0415744 0.130142 0.119644 0.0196346 0.0146792 0.0047249 0.00159364 0.000472083 0.000116669 2.07813e-05 2.70774e-06 2.45392e-07 1.40166e-08 3.35855e-10
 2.56887e-27 2.60327e-27 4.56632e-26 9.09283e-20 2.229e-14 6.60492e-10 2.36577e-06 0.00102429 0.0536076 0.339136 0.259623 0.0417836 0.135635 0.124733 0.0208926 0.016263 0.00513855 0.00157292 0.000454982 0.000110247 2.03748e-05 2.69849e-06 2.17249e-07 1.03638e-08 2.42771e-10
 2.56742e-27 2.59932e-27 4.21723e-26 8.35639e-20 2.04847e-14 6.06998e-10 2.17416e-06 0.00094133 0.0492658 0.311669 0.238666 0.042835 0.15836 0.145698 0.024512 0.0192462 0.00613794 0.00196583 0.000551964 0.000122947 2.20601e-05 2.96731e-06 2.42709e-07 1.03365e-08 2.06613e-10
 2.5678e-27 2.60041e-27 4.31741e-26 8.56775e-20 2.10028e-14 6.22351e-10 2.22916e-06 0.000965139 0.0505119 0.319552 0.244675 0.0422084 0.149369 0.137477 0.0244131 0.0210938 0.00675126 0.00218578 0.000624562 0.000142779 2.4012e-05 3.05146e-06 2.50209e-07 1.06868e-08 1.91485e-10
 2.56868e-27 2.60279e-27 4.52674e-26 9.00935e-20 2.20853e-14 6.54428e-10 2.34405e-06 0.00101488 0.0531154 0.336023 0.257243 0.0416609 0.136373 0.12546 0.0218502 0.01828 0.00599429 0.00217611 0.000631724 0.000146499 2.52761e-05 3.11344e-06 2.3895e-07 1.0115e-08 1.79069e-10
 2.56872e-27 2.60285e-27 4.52905e-26 9.01422e-20 2.20973e-14 6.54781e-10 2.34532e-06 0.00101543 0.0531441 0.336204 0.257386 0.0419235 0.138271 0.127152 0.0210716 0.016071 0.00521465 0.00182405 0.000551426 0.000140539 2.4784e-05 3.119e-06 2.35172e-07 9.37728e-09 1.62997e-10
 2.56866e-27 2.60269e-27 4.51439e-26 8.98328e-20 2.20214e-14 6.52534e-10 2.33727e-06 0.00101195 0.0529617 0.33505 0.256506 0.0420111 0.139555 0.128333 0.0212013 0.0160619 0.00509481 0.00159678 0.000469665 0.000117893 2.24915e-05 2.99637e-06 2.30858e-07 9.06756e-09 1.4983e-10
 2.56906e-27 2.60379e-27 4.61268e-26 9.19064e-20 2.25297e-14 6.67597e-10 2.39122e-06 0.00103531 0.0541842 0.342784 0.262406 0.0416397 0.132584 0.121919 0.0204125 0.0158771 0.00503146 0.00156205 0.00044058 0.000100544 1.86266e-05 2.59869e-06 2.15227e-07 8.67952e-09 1.41366e-10
 2.56934e-27 2.60453e-27 4.67587e-26 9.32394e-20 2.28565e-14 6.77279e-10 2.4259e-06 0.00105032 0.0549701 0.347756 0.266202 0.0416122 0.129708 0.119226 0.0192431 0.0138875 0.0044214 0.00141511 0.000399351 8.92116e-05 1.52365e-05 2.00223e-06 1.70768e-07 7.37928e-09 1.23817e-10
 2.56957e-27 2.60514e-27 4.72952e-26 9.4371e-20 2.31339e-14 6.85499e-10 2.45534e-06 0.00106307 0.0556372 0.351976 0.269423 0.0415389 0.126887 0.116607 0.0184748 0.0127892 0.0040025 0.00117587 0.000332053 7.59782e-05 1.2836e-05 1.58154e-06 1.25561e-07 5.52702e-09 9.85382e-11
 2.57022e-27 2.60688e-27 4.88156e-26 9.75783e-20 2.39201e-14 7.08797e-10 2.53879e-06 0.0010992 0.0575281 0.363939 0.278553 0.0412226 0.118066 0.108436 0.0164789 0.0102901 0.00318744 0.000892479 0.000243138 5.19901e-05 8.87533e-06 1.09523e-06 8.21392e-08 3.37849e-09 6.09008e-11
 2.57047e-27 2.60755e-27 4.941e-26 9.88323e-20 2.42276e-14 7.17906e-10 2.57142e-06 0.00111333 0.0582675 0.368616 0.282121 0.0410619 0.114336 0.104993 0.0158462 0.00971031 0.00295298 0.000738168 0.000194904 3.96382e-05 6.35901e-06 7.64985e-07 5.74578e-08 2.24478e-09 3.81286e-11
 2.57046e-27 2.60753e-27 4.93761e-26 9.87608e-20 2.421e-14 7.17386e-10 2.56956e-06 0.00111252 0.0582253 0.368349 0.281919 0.0411679 0.115284 0.105846 0.0155976 0.00892751 0.00270271 0.000661243 0.000168237 3.0917e-05 4.70715e-06 5.31083e-07 3.82341e-08 1.48023e-09 2.39971e-11
 2.57019e-27 2.60679e-27 4.87146e-26 9.73653e-20 2.38679e-14 7.07249e-10 2.53325e-06 0.0010968 0.0574025 0.363144 0.277949 0.0414131 0.11994 0.110132 0.0161804 0.00917596 0.00274942 0.000625862 0.000156493 2.79383e-05 3.93559e-06 4.07581e-07 2.73856e-08 1.01013e-09 1.60569e-11
 2.57001e-27 2.60629e-27 4.82725e-26 9.64327e-20 2.36393e-14 7.00475e-10 2.50898e-06 0.00108629 0.0568527 0.359666 0.275295 0.0415439 0.1228 0.112772 0.0166611 0.00960746 0.00287623 0.000648003 0.000158665 2.65684e-05 3.6328e-06 3.52833e-07 2.14917e-08 7.33478e-10 1.10797e-11
 2.56928e-27 2.60432e-27 4.65287e-26 9.27539e-20 2.27375e-14 6.73753e-10 2.41327e-06 0.00104485 0.0546839 0.345945 0.264826 0.0420404 0.133933 0.123052 0.0185938 0.0114279 0.00343424 0.000787208 0.000192816 3.18203e-05 4.15663e-06 3.82606e-07 2.18929e-08 6.7705e-10 9.40879e-12
 2.56753e-27 2.59958e-27 4.23599e-26 8.39596e-20 2.05817e-14 6.09872e-10 2.18446e-06 0.000945788 0.0494991 0.313145 0.239797 0.04308 0.159429 0.146628 0.0236418 0.0170091 0.00517704 0.00126957 0.000315735 5.286e-05 6.86406e-06 6.09831e-07 3.28327e-08 9.47784e-10 1.19674e-11
#obs catch len freq
 1.63385e-41 2.26768e-33 3.8045e-26 7.71544e-20 1.89135e-14 5.60442e-10 2.00741e-06 0.000869139 0.0454873 0.287766 0.220478 0.0443288 0.165355 0.140535 0.0434182 0.0352144 0.0115664 0.00398532 0.000871608 0.000115532 6.73749e-06 1.24555e-07 5.40111e-10 4.40349e-13 5.84101e-17
 1.64889e-41 2.28855e-33 3.83952e-26 7.78646e-20 1.90876e-14 5.656e-10 2.02589e-06 0.00087714 0.045906 0.290415 0.222563 0.0463696 0.167965 0.135215 0.043047 0.0329143 0.0105368 0.00341747 0.000688494 7.97715e-05 3.84799e-06 5.5491e-08 1.79472e-10 1.06167e-13 1.00591e-17
 1.91527e-41 2.65827e-33 4.4598e-26 9.04438e-20 2.21712e-14 6.56974e-10 2.35318e-06 0.00101884 0.0533222 0.337332 0.258395 0.045814 0.134277 0.10208 0.0335083 0.0240144 0.00749198 0.00227782 0.00042204 4.25829e-05 1.68506e-06 1.8887e-08 4.55917e-11 1.96006e-14 1.32874e-18
 1.93994e-41 2.69251e-33 4.51724e-26 9.16086e-20 2.24568e-14 6.65435e-10 2.38348e-06 0.00103197 0.054009 0.341677 0.261808 0.0490131 0.142306 0.100831 0.0265984 0.0161584 0.00491281 0.00139455 0.000236363 2.06753e-05 6.68073e-07 5.79411e-09 1.04286e-11 3.2647e-15 1.5877e-19
 1.98742e-41 2.7584e-33 4.6278e-26 9.38507e-20 2.30064e-14 6.81722e-10 2.44182e-06 0.00105722 0.0553308 0.35004 0.268265 0.0506758 0.138633 0.0923348 0.0253788 0.0140388 0.0033208 0.000792365 0.000121572 9.15252e-06 2.40333e-07 1.60907e-09 2.1569e-12 4.91896e-16 1.71957e-20
 1.78813e-41 2.4818e-33 4.16374e-26 8.44398e-20 2.06994e-14 6.13361e-10 2.19696e-06 0.000951208 0.0497824 0.31494 0.241695 0.0575692 0.175641 0.109629 0.030158 0.0153688 0.00349679 0.00068127 7.96551e-05 4.96417e-06 1.05123e-07 5.41925e-10 5.41e-13 8.99514e-17 2.26299e-21
 1.49371e-41 2.07317e-33 3.47817e-26 7.05366e-20 1.72912e-14 5.1237e-10 1.83523e-06 0.00079459 0.0415857 0.263086 0.202425 0.0660407 0.219115 0.130541 0.0469541 0.0234728 0.00501699 0.000878664 8.29285e-05 3.76042e-06 6.04733e-08 2.37582e-10 1.76451e-13 2.14131e-17 3.88331e-22
 2.11446e-41 2.93474e-33 4.92363e-26 9.98502e-20 2.44771e-14 7.25301e-10 2.59791e-06 0.00112481 0.0588679 0.372417 0.285518 0.0520923 0.110491 0.0643428 0.0332285 0.0168899 0.00425229 0.000713177 5.7713e-05 1.99707e-06 2.2531e-08 6.32984e-11 3.43237e-14 3.03181e-18 3.96719e-23
 2.02805e-41 2.81479e-33 4.7224e-26 9.57693e-20 2.34767e-14 6.95658e-10 2.49173e-06 0.00107883 0.0564619 0.357198 0.274286 0.0623399 0.146604 0.0736255 0.0176495 0.00776976 0.00249191 0.000454975 3.62011e-05 1.02503e-06 8.44429e-09 1.62854e-11 6.08502e-15 3.78913e-19 3.53732e-24
 2.0557e-41 2.85317e-33 4.78679e-26 9.70751e-20 2.37968e-14 7.05144e-10 2.52571e-06 0.00109355 0.0572318 0.362069 0.278153 0.0640499 0.140169 0.0673704 0.0210276 0.00732652 0.00125898 0.000226953 1.95586e-05 5.14718e-07 3.37458e-09 4.67627e-12 1.19585e-15 5.04787e-20 3.23254e-25
 1.77957e-41 2.46993e-33 4.14382e-26 8.40358e-20 2.06004e-14 6.10427e-10 2.18645e-06 0.000946658 0.0495443 0.31344 0.24176 0.079493 0.192029 0.0860546 0.0262536 0.00875513 0.00153895 0.000171512 1.13903e-05 2.90255e-07 1.67829e-09 1.82825e-12 3.39053e-16 9.92972e-21 4.32941e-26
 2.06934e-41 2.87211e-33 4.81856e-26 9.77195e-20 2.39548e-14 7.09824e-10 2.54248e-06 0.0011008 0.0576117 0.364476 0.280408 0.0687454 0.132455 0.0595403 0.0259666 0.00819892 0.00135128 0.000137149 6.23286e-06 1.11503e-07 5.46334e-10 5.00618e-13 7.29932e-17 1.58526e-21 4.92434e-27
 1.89673e-41 2.63254e-33 4.41663e-26 8.95683e-20 2.19566e-14 6.50615e-10 2.3304e-06 0.00100898 0.0528061 0.334079 0.258101 0.0847677 0.172217 0.0677632 0.0210742 0.00672116 0.00133029 0.000124217 4.71915e-06 5.85222e-08 1.92738e-10 1.33573e-13 1.54828e-17 2.63185e-22 6.19146e-28
 1.98254e-41 2.75163e-33 4.61644e-26 9.36204e-20 2.29499e-14 6.80049e-10 2.43582e-06 0.00105463 0.055195 0.349195 0.269781 0.0831446 0.150905 0.0598135 0.0237064 0.00614225 0.000963099 9.40656e-05 3.33704e-06 3.27531e-08 7.52262e-11 3.45177e-14 2.77799e-18 3.48148e-23 6.20501e-29
 1.68427e-41 2.33766e-33 3.92191e-26 7.95356e-20 1.94972e-14 5.77738e-10 2.06936e-06 0.000895963 0.0468912 0.296675 0.231372 0.108331 0.205623 0.0750303 0.026867 0.00710873 0.00111588 8.49153e-05 2.68623e-06 2.33226e-08 4.18526e-11 1.36456e-14 7.39081e-19 6.19366e-24 7.58495e-30
 1.54205e-41 2.14027e-33 3.59075e-26 7.28196e-20 1.78509e-14 5.28954e-10 1.89463e-06 0.000820308 0.0429317 0.271636 0.213304 0.117831 0.213116 0.0869445 0.0418997 0.00996662 0.00144296 0.000102888 2.59288e-06 1.80866e-08 2.67633e-11 6.8201e-15 2.70467e-19 1.58296e-24 1.31734e-30
 1.78665e-41 2.47975e-33 4.1603e-26 8.43701e-20 2.06823e-14 6.12855e-10 2.19515e-06 0.000950423 0.0497414 0.314717 0.245864 0.105781 0.16535 0.0696597 0.0361772 0.010099 0.00155914 9.72624e-05 2.099e-06 1.14842e-08 1.28886e-11 2.53785e-15 7.75667e-20 3.40533e-25 2.05869e-31
 1.74531e-41 2.42237e-33 4.06404e-26 8.24178e-20 2.02038e-14 5.98674e-10 2.14435e-06 0.000928431 0.0485905 0.307454 0.241973 0.121848 0.179375 0.0637616 0.0269059 0.00775947 0.00131674 8.46215e-05 1.57209e-06 6.90316e-09 5.93749e-12 8.65199e-16 1.94999e-20 6.36955e-26 2.87204e-32
 1.75735e-41 2.43909e-33 4.09208e-26 8.29866e-20 2.03432e-14 6.02806e-10 2.15915e-06 0.000934839 0.0489258 0.309591 0.244664 0.126718 0.171995 0.0637655 0.0264019 0.00601398 0.000925278 6.02761e-05 1.06245e-06 3.91747e-09 2.6211e-12 2.87394e-16 4.76482e-21 1.12872e-26 3.67841e-33
 1.72167e-41 2.38956e-33 4.00899e-26 8.13014e-20 1.99301e-14 5.90565e-10 2.11531e-06 0.000915855 0.0479323 0.303332 0.241681 0.138083 0.174464 0.0627107 0.0247279 0.00543022 0.000682778 3.71722e-05 5.95083e-07 1.93363e-09 1.06174e-12 8.99898e-17 1.11456e-21 1.93793e-27 4.58374e-34
 1.81844e-41 2.52388e-33 4.23433e-26 8.58714e-20 2.10504e-14 6.23761e-10 2.23421e-06 0.000967336 0.0506267 0.320395 0.255361 0.13515 0.154277 0.0567548 0.0215644 0.00438836 0.00049211 2.14228e-05 2.70052e-07 7.25028e-10 3.29652e-13 2.24523e-17 2.15562e-22 2.82023e-28 4.91869e-35
 1.78334e-41 2.47517e-33 4.1526e-26 8.4214e-20 2.06441e-14 6.11721e-10 2.19109e-06 0.000948665 0.0496496 0.314257 0.253215 0.149033 0.157818 0.0530192 0.0181681 0.00352573 0.000350454 1.26384e-05 1.22288e-07 2.4673e-10 8.63117e-14 4.60021e-18 3.45025e-23 3.48146e-29 4.60653e-36
 1.79549e-41 2.49202e-33 4.18089e-26 8.47875e-20 2.07847e-14 6.15887e-10 2.20601e-06 0.000955125 0.0499878 0.31644 0.256734 0.153558 0.150375 0.0522611 0.0166411 0.00279584 0.000243181 7.32299e-06 5.53985e-08 8.32947e-11 2.12709e-14 8.31832e-19 4.64203e-24 3.52138e-30 3.51512e-37
 1.79652e-41 2.49346e-33 4.18329e-26 8.48363e-20 2.07966e-14 6.16242e-10 2.20728e-06 0.000955676 0.0500167 0.316683 0.259409 0.161012 0.145546 0.0491888 0.0147234 0.00229353 0.00016622 4.0524e-06 2.41038e-08 2.73828e-11 5.12954e-15 1.44669e-19 5.79065e-25 3.16036e-31 2.28574e-38
 1.81281e-41 2.51606e-33 4.22121e-26 8.56053e-20 2.09851e-14 6.21828e-10 2.22729e-06 0.000964338 0.0504703 0.319621 0.264017 0.165116 0.13811 0.0467419 0.0129932 0.00184624 0.000115464 2.24035e-06 1.01981e-08 8.73168e-12 1.21128e-15 2.48828e-20 7.16695e-26 2.79322e-32 1.43733e-39
 1.75396e-41 2.43439e-33 4.08419e-26 8.28265e-20 2.0304e-14 6.01643e-10 2.15499e-06 0.000933036 0.0488324 0.309379 0.260599 0.179705 0.140772 0.0462377 0.0119137 0.00154253 8.2454e-05 1.29239e-06 4.49394e-09 2.85015e-12 2.89886e-16 4.34198e-21 9.06075e-27 2.54165e-33 9.36001e-41
 1.68021e-41 2.33202e-33 3.91246e-26 7.93438e-20 1.94502e-14 5.76345e-10 2.06437e-06 0.000893803 0.0467796 0.296549 0.25591 0.194232 0.144444 0.0482974 0.0115032 0.00132773 6.0287e-05 7.60405e-07 2.03594e-09 9.61984e-13 7.13553e-17 7.71659e-22 1.15862e-27 2.33521e-34 6.1698e-42
 1.67696e-41 2.32751e-33 3.90488e-26 7.91902e-20 1.94125e-14 5.75229e-10 2.06038e-06 0.000892073 0.0466897 0.296129 0.259105 0.196866 0.139227 0.048753 0.0111279 0.00116419 4.42737e-05 4.45704e-07 9.17678e-10 3.24559e-13 1.76847e-17 1.38628e-22 1.49544e-28 2.15464e-35 4.06031e-43
 1.70837e-41 2.3711e-33 3.97801e-26 8.06732e-20 1.97761e-14 5.86002e-10 2.09896e-06 0.000908779 0.0475639 0.301636 0.262307 0.192113 0.136246 0.0472668 0.0108078 0.00110939 3.84608e-05 3.34308e-07 5.77872e-10 1.69001e-13 7.53374e-18 4.79313e-23 4.1713e-29 4.8258e-36 7.2756e-44
#spawning biomass
 8360.57 6715.7 8148.35 10249.9 13825.8 16660.6 15763.6 21090 33185 46387 57605.6 77374.5 95949.6 120593 122516 101303 95348.6 95320.3 92759.1 95938.6 98472.8 100378 96039.2 109512 119127 122439 117224 113056 125965 331799 459636 470800 433286 373842 310989 254557 208273 172419 145699 126323 112551 102903 96200.9 91553.7 88364.8 86237.9 84819.3 83873.2 83242.1 82821.2 82540.5 82353.2 82228.4 82145.1 82089.5 82052.5 82027.7 82011.3 82000.3 81992.9 81988 81984.8 81982.6 81981.1 81980.2 81979.5 81979.1 81978.8 81978.6 81978.5 81978.4 81978.4 81978.3 81978.3 81978.3 81978.3 81978.3 81978.3 81978.2 81978.2 81978.2 81978.2 81978.2 81978.2 81978.2 81978.2 81978.2 81978.2 81978.2 81978.2 81978.2 81978.2 81978.2 81978.2 81978.2 81978.2 81978.2 81978.2 81978.2 81978.2 81978.2 81978.2 81978.2 81978.2 81978.2 81978.2 81978.2 81978.2 81978.2 81978.2 81978.2 81978.2 81978.2 81978.2 81978.2 81978.2 81978.2 81978.2 81978.2 81978.2 81978.2 81978.2 81978.2 81978.2 81978.2 81978.2 81978.2 81978.2 81978.2 0 0 0 0 0 0 0 0 0 0 0 0 0 0 0 0 0 0 0 0 0 0 0 0 0
