SBPRF35
0.253188
Curr Bio
190135
B35
196628
F35
0.390693
FOFL
0.390693
OFL
79311.2
Bzero
72339.4
#pred survey bio
 25927.8 23691.4 19175.8 17048.7 26609.1 40752 51806.8 63577.9 79970.6 101365 142814 180256 215979 226255 221724 195091 194139 197242 197362 198509 203768 201581 215502 237514 250164 274288 281835 263768 283530 7.15061e+06 5.71629e+06 4.05327e+06 2.71531e+06 1.84955e+06 1.34579e+06 1.06804e+06 918441 838108 794479 770272 756466 748353 743445 740395 738458 737213 736403 735869 735516 735280 735122 735017 734946 734898 734866 734844 734829 734819 734813 734808 734805 734803 734802 734801 734800 734800 734800 734799 734799 734799 734799 734799 734799 734799 734799 734799 734799 734799 734799 734799 734799 734799 734799 734799 734799 734799 734799 734799 734799 734799 734799 734799 734799 734799 734799 734799 734799 734799 734799 734799 734799 734799 734799 734799 734799 734799 734799 734799 734799 734799 734799 734799 734799 734799 734799 734799 734799 734799 734799 734799 734799 734799 734799 734799 734799 734799 734799 734799 734799 0 0 0 0 0 0 0 0 0 0 0 0 0 0 0 0 0 0 0 0 0 0 0 0 0
#obs survey bio
 24071.5 12668 11674.2 22813.7 41684.4 30862 53043.7 57413.3 110781 109330 185648 185750 253087 163186 193683 131609 152442 279099 268207 209169 169123 273818 147542 284809 230613 265376 223083 276457 252814
#pred catch bio
 3461.94 3470.21 3823.45 3213.01 5123.1 9821.91 12442.1 18970.1 25372.9 30065.5 52088.6 67082.4 88922.8 94627.2 103593 83610 79404.9 79224.5 74975.6 74547.4 85348.5 79632.3 81729.5 90676.1 84654.2 95730 118532 98913.8 97531.5 79311.2 71588.4 49016.2 31513.5 20607 14548.4 11403.5 9838.97 9081.91 8722.26 8553.52 8475.02 8438.71 8421.98 8414.3 8410.77 8409.16 8408.43 8408.09 8407.94 8407.87 8407.84 8407.82 8407.82 8407.81 8407.81 8407.81 8407.81 8407.81 8407.81 8407.81 8407.81 8407.81 8407.81 8407.81 8407.81 8407.81 8407.81 8407.81 8407.81 8407.81 8407.81 8407.81 8407.81 8407.81 8407.81 8407.81 8407.81 8407.81 8407.81 8407.81 8407.81 8407.81 8407.81 8407.81 8407.81 8407.81 8407.81 8407.81 8407.81 8407.81 8407.81 8407.81 8407.81 8407.81 8407.81 8407.81 8407.81 8407.81 8407.81 8407.81 8407.81 8407.81 8407.81 8407.81 8407.81 8407.81 8407.81 8407.81 8407.81 8407.81 8407.81 8407.81 8407.81 8407.81 8407.81 8407.81 8407.81 8407.81 8407.81 8407.81 8407.81 8407.81 8407.81 8407.81 8407.81 8407.81 8407.81 8407.81 8407.81 0 0 0 0 0 0 0 0 0 0 0 0 0 0 0 0 0 0 0 0 0 0 0 0 0
#obs catch bio
 2816.96 3580.51 4192.45 3291.33 4971.64 9612.59 12124 19075.4 24308.8 29394.5 50518.5 64182.7 88221.4 95115.3 107640 87173.8 81769.6 80295.1 72661.3 73116.7 87088.9 77072.2 82476.1 89117.4 81131.4 88800.5 121292 98845.2 97002
#pred cpue bio
 24951.3 23298.4 18988.6 16179.7 23894.4 37659.4 48441 59437.7 73410.6 93148.1 130146 164464 198072 208707 205583 180432 178766 182446 183085 184919 189117 185937 198518 219018 231941 255321 263561 244335 261861 6.65221e+06 5.68213e+06 4.01911e+06 2.68116e+06 1.8154e+06 1.31164e+06 1.03389e+06 884286 803953 760324 736117 722311 714198 709289 706240 704303 703058 702248 701714 701360 701125 700967 700861 700790 700742 700710 700689 700674 700664 700658 700653 700650 700648 700647 700646 700645 700645 700644 700644 700644 700644 700644 700644 700644 700644 700644 700644 700644 700644 700644 700644 700644 700644 700644 700644 700644 700644 700644 700644 700644 700644 700644 700644 700644 700644 700644 700644 700644 700644 700644 700644 700644 700644 700644 700644 700644 700644 700644 700644 700644 700644 700644 700644 700644 700644 700644 700644 700644 700644 700644 700644 700644 700644 700644 700644 700644 700644 700644 700644 700644 0 0 0 0 0 0 0 0 0 0 0 0 0 0 0 0 0 0 0 0 0 0 0 0 0
#obs cpue bio
 31355.3 19452 14461.4 23437 34370.8 54384.1 42250.5 58728 86057.2 71231.3 134005 189740 149678 261302 192520 208058 211099 134864 185488 170730 190023 189404 224584 237534 326091 421694 197131 244139 302563
#pred surv len freq
 2.62179e-11 1.23316e-09 4.01633e-08 9.05783e-07 1.41451e-05 0.00015296 0.00114537 0.00593937 0.0213346 0.053146 0.0922192 0.113394 0.105055 0.0866068 0.078339 0.0762711 0.0703595 0.0615328 0.0533432 0.0458978 0.0391502 0.0334391 0.0279409 0.0212475 0.0134698
 1.36823e-11 6.43549e-10 2.096e-08 4.727e-07 7.38193e-06 7.98266e-05 0.000597779 0.00310054 0.0111477 0.0278717 0.0490601 0.0636083 0.0694417 0.0789097 0.0961017 0.106497 0.101004 0.0877836 0.0752004 0.0637728 0.0527752 0.0425791 0.0330066 0.0233857 0.0140689
 9.57838e-12 4.50521e-10 1.46732e-08 3.30917e-07 5.16777e-06 5.58829e-05 0.000418471 0.00217038 0.00780155 0.0194876 0.0341806 0.0437673 0.0462484 0.0506765 0.0634671 0.0803381 0.0960471 0.10739 0.108841 0.0985187 0.0816589 0.06374 0.0467075 0.0309614 0.0175175
 3.45645e-11 1.62575e-09 5.29496e-08 1.19414e-06 1.86483e-05 0.000201654 0.00150996 0.00782919 0.028112 0.0699207 0.120587 0.144796 0.123032 0.078675 0.0458944 0.0337365 0.0343268 0.0410517 0.0496547 0.0551645 0.053751 0.0454505 0.0334801 0.0213536 0.0114527
 4.48348e-11 2.10881e-09 6.86827e-08 1.54897e-06 2.41893e-05 0.000261573 0.00195862 0.0101557 0.0364678 0.0907238 0.156604 0.188695 0.162381 0.107933 0.0667894 0.0454468 0.0313008 0.0201498 0.014433 0.0137472 0.0147321 0.0143897 0.0117717 0.00784516 0.00418801
 3.56046e-11 1.67467e-09 5.4543e-08 1.23008e-06 1.92095e-05 0.000207724 0.00155544 0.00806574 0.0289715 0.0721588 0.125132 0.153487 0.140913 0.113039 0.0967032 0.0855918 0.0658745 0.0418911 0.0237113 0.0135734 0.00903245 0.00728819 0.00605202 0.00431312 0.00241874
 3.28901e-11 1.54699e-09 5.03845e-08 1.1363e-06 1.77449e-05 0.000191887 0.00143685 0.00745078 0.0267625 0.0666555 0.11558 0.141737 0.130071 0.10455 0.090991 0.0850802 0.0738865 0.0576152 0.0409858 0.0259807 0.0145194 0.00775367 0.00448263 0.00274193 0.00150802
 3.35354e-11 1.57735e-09 5.13731e-08 1.15859e-06 1.80931e-05 0.000195652 0.00146504 0.00759684 0.0272857 0.0679448 0.117721 0.143917 0.13064 0.102035 0.0853535 0.0780787 0.0680588 0.0550917 0.0428067 0.0311626 0.0201469 0.0112744 0.00555717 0.00254195 0.00110603
 3.85054e-11 1.81111e-09 5.89867e-08 1.3303e-06 2.07745e-05 0.000224647 0.00168214 0.00872237 0.0313246 0.0779662 0.134838 0.16368 0.144832 0.105195 0.0782582 0.0653978 0.0541276 0.0421349 0.0321158 0.0239212 0.0165921 0.0102302 0.00541164 0.00241268 0.000909987
 3.75341e-11 1.76542e-09 5.74987e-08 1.29674e-06 2.02504e-05 0.00021898 0.00163971 0.00850252 0.0305371 0.0760256 0.131616 0.1604 0.143952 0.10879 0.0858994 0.0735898 0.0588131 0.041987 0.0287822 0.0198233 0.0133487 0.00837477 0.00465543 0.00218567 0.000836941
 3.95005e-11 1.85791e-09 6.0511e-08 1.36467e-06 2.13113e-05 0.000230452 0.00172561 0.00894779 0.0321344 0.079984 0.138343 0.168007 0.148885 0.108578 0.0811425 0.0674422 0.0543802 0.039951 0.0277253 0.0183987 0.0114742 0.00668799 0.00358636 0.00169038 0.000662945
 3.88997e-11 1.82966e-09 5.95908e-08 1.34392e-06 2.09872e-05 0.000226948 0.00169937 0.0088118 0.0316471 0.0787811 0.136332 0.165889 0.148049 0.110135 0.0848136 0.0713689 0.056545 0.0399401 0.0266534 0.0173521 0.0106975 0.00604985 0.00308049 0.00138011 0.000525453
 3.76521e-11 1.77098e-09 5.76796e-08 1.30082e-06 2.03141e-05 0.000219669 0.00164487 0.00852927 0.0306333 0.0762661 0.132039 0.160947 0.144551 0.109498 0.0868744 0.0749382 0.0604319 0.0433792 0.0291488 0.018724 0.0112107 0.0061355 0.00302361 0.00130587 0.000477711
 3.62963e-11 1.7072e-09 5.56025e-08 1.25397e-06 1.95826e-05 0.000211759 0.00158565 0.00822222 0.0295313 0.0735313 0.127364 0.155528 0.14059 0.108428 0.088471 0.0779952 0.0638772 0.0467074 0.0321002 0.0210228 0.0126977 0.00690292 0.00332801 0.0013927 0.00049184
 3.51237e-11 1.65205e-09 5.38062e-08 1.21346e-06 1.895e-05 0.000204918 0.00153442 0.00795665 0.0285781 0.0711641 0.123306 0.150773 0.136939 0.107 0.0890895 0.0798929 0.0664711 0.0496683 0.0350627 0.0235728 0.014574 0.00806942 0.003923 0.00163324 0.000566662
 3.59682e-11 1.69177e-09 5.50999e-08 1.24264e-06 1.94056e-05 0.000209845 0.00157131 0.00814787 0.029264 0.072863 0.126188 0.154006 0.138943 0.106624 0.0865055 0.07641 0.0634967 0.0478313 0.034288 0.0235451 0.0149358 0.0084986 0.00423266 0.00179201 0.000626054
 3.70893e-11 1.7445e-09 5.68173e-08 1.28137e-06 2.00105e-05 0.000216385 0.00162028 0.00840175 0.0301751 0.0751238 0.13005 0.158471 0.142164 0.10738 0.0849628 0.0735882 0.0603482 0.0448827 0.0318675 0.0218907 0.0140519 0.0081617 0.00416779 0.00180914 0.000645496
 3.57663e-11 1.68227e-09 5.47906e-08 1.23566e-06 1.92967e-05 0.000208667 0.00156249 0.00810218 0.0291005 0.0724614 0.12553 0.153381 0.138942 0.107769 0.0886544 0.0785394 0.0644203 0.0472462 0.0328741 0.0221795 0.0140843 0.00817239 0.00421316 0.00186105 0.000678138
 3.51325e-11 1.65247e-09 5.38197e-08 1.21377e-06 1.89548e-05 0.000204969 0.00153481 0.00795863 0.0285851 0.0711794 0.123319 0.150728 0.136702 0.106418 0.088188 0.0790013 0.0659931 0.049713 0.0354404 0.0240892 0.0151607 0.00866991 0.00442475 0.00195238 0.000716768
 3.41132e-11 1.60452e-09 5.22583e-08 1.17855e-06 1.84048e-05 0.000199023 0.00149028 0.00772779 0.0277565 0.0691224 0.119796 0.146616 0.133599 0.105325 0.0889104 0.0807215 0.0680684 0.0519376 0.037756 0.0262792 0.0169014 0.00978521 0.00499658 0.00219118 0.000800032
 3.53544e-11 1.6629e-09 5.41596e-08 1.22143e-06 1.90745e-05 0.000206264 0.0015445 0.00800882 0.0287646 0.0716195 0.124034 0.151376 0.136573 0.104846 0.0852573 0.0758417 0.0640105 0.0495104 0.0366783 0.0260346 0.017097 0.0101183 0.00526581 0.00233682 0.000856752
 3.68373e-11 1.73265e-09 5.64313e-08 1.27267e-06 1.98745e-05 0.000214915 0.00160927 0.00834467 0.0299701 0.0746136 0.129168 0.157402 0.141225 0.106715 0.0845022 0.0732721 0.060238 0.0450983 0.0324911 0.0228722 0.0151764 0.00916123 0.00487427 0.00220758 0.000822576
 3.69457e-11 1.73775e-09 5.65974e-08 1.27641e-06 1.9933e-05 0.000215548 0.00161401 0.00836925 0.0300587 0.0748365 0.129571 0.157971 0.141987 0.107802 0.0859115 0.0745785 0.0608223 0.0446685 0.031241 0.0212768 0.0137383 0.00818378 0.00436714 0.00200582 0.000760906
 3.66236e-11 1.7226e-09 5.61039e-08 1.26528e-06 1.97592e-05 0.000213668 0.00159994 0.0082963 0.0297969 0.0741874 0.128464 0.156705 0.141116 0.107715 0.0865866 0.0757122 0.062093 0.0458219 0.032033 0.0215531 0.0135819 0.00785411 0.00408962 0.00185519 0.000703782
 3.51966e-11 1.65548e-09 5.39179e-08 1.21598e-06 1.89893e-05 0.000205343 0.00153761 0.00797316 0.0286374 0.0713111 0.123557 0.151063 0.137147 0.107036 0.0889332 0.0795476 0.0659507 0.0490665 0.0345808 0.0233927 0.0147204 0.00841595 0.00429334 0.0019026 0.000708191
 3.43359e-11 1.615e-09 5.25994e-08 1.18625e-06 1.8525e-05 0.000200322 0.00150001 0.0077782 0.0279374 0.0695701 0.120555 0.147462 0.134108 0.105193 0.0882237 0.0799241 0.0675993 0.0518526 0.037778 0.0261829 0.0167034 0.00960213 0.0048851 0.00214145 0.000784184
 3.31688e-11 1.5601e-09 5.08115e-08 1.14593e-06 1.78953e-05 0.000193513 0.00144902 0.00751388 0.0269887 0.0672149 0.116523 0.142761 0.130574 0.103979 0.0890881 0.0818675 0.0698204 0.0541311 0.0401704 0.0285873 0.018799 0.0111033 0.00575054 0.00253894 0.000927959
 3.60183e-11 1.69413e-09 5.51767e-08 1.24437e-06 1.94327e-05 0.000210137 0.0015735 0.00815916 0.0293039 0.0729555 0.126301 0.153927 0.138175 0.104608 0.0833036 0.0731525 0.0616337 0.0479327 0.0359012 0.0258942 0.0173605 0.0105177 0.00559884 0.00253145 0.000940356
 3.64982e-11 1.7167e-09 5.59119e-08 1.26095e-06 1.96916e-05 0.000212937 0.00159447 0.0082679 0.0296948 0.0739315 0.128011 0.156103 0.140415 0.106844 0.0854632 0.0744714 0.0610653 0.0453865 0.0324917 0.022891 0.0153366 0.00941493 0.00511557 0.00236823 0.000900254
#obs surv len freq
 2.62913e-11 1.23662e-09 4.02758e-08 9.08321e-07 1.41847e-05 0.000153388 0.00114857 0.00595593 0.0213933 0.0532832 0.0923975 0.113334 0.104117 0.0840834 0.0743559 0.0723801 0.0686206 0.0629674 0.0575971 0.0517806 0.0448317 0.0367187 0.0274727 0.0178498 0.00954426
 9.64867e-16 4.54619e-14 1.49091e-12 3.45412e-11 5.9632e-10 8.8927e-09 1.39287e-07 2.21947e-06 2.93234e-05 0.000283849 0.00193243 0.00915695 0.0301789 0.0695137 0.113511 0.136174 0.129747 0.111296 0.0956685 0.0837268 0.0721428 0.0590554 0.0440389 0.0284409 0.0151027
 1.1854e-11 5.57555e-10 1.81592e-08 4.09536e-07 6.39548e-06 6.91577e-05 0.000517838 0.00268494 0.00963963 0.023965 0.0412591 0.0492339 0.0410856 0.0261562 0.0214957 0.0384858 0.0750806 0.112675 0.129578 0.122421 0.103541 0.0823366 0.0604804 0.0387929 0.0204949
 5.19429e-11 2.44314e-09 7.95716e-08 1.79454e-06 2.80243e-05 0.000303042 0.00226912 0.0117652 0.0422413 0.105025 0.180873 0.215962 0.179428 0.105218 0.0458891 0.0175233 0.00835225 0.00739902 0.0104584 0.0144444 0.0161884 0.0146884 0.0111307 0.0070981 0.00371233
 3.30498e-11 1.5545e-09 5.06291e-08 1.14182e-06 1.78311e-05 0.000192819 0.00144385 0.00748741 0.026899 0.0670429 0.116576 0.144476 0.137335 0.119587 0.112089 0.101686 0.0737873 0.0397842 0.0169565 0.00809788 0.00674191 0.00697418 0.00618223 0.00431076 0.0023312
 4.00689e-11 1.88465e-09 6.13818e-08 1.38431e-06 2.16181e-05 0.000233768 0.00175044 0.00907642 0.0325951 0.0811161 0.140205 0.169816 0.149062 0.105851 0.0762703 0.0637725 0.0552097 0.0446279 0.031944 0.0190206 0.0093682 0.00451113 0.00270865 0.00180787 0.00103027
 2.42228e-11 1.13932e-09 3.7107e-08 8.36856e-07 1.30687e-05 0.000141321 0.00105825 0.00548821 0.0197227 0.049216 0.0859825 0.108461 0.109162 0.107389 0.114996 0.115646 0.0964629 0.0688983 0.0470269 0.0318642 0.0198866 0.0106261 0.00489738 0.00213156 0.000928812
 4.15318e-11 1.95345e-09 6.36228e-08 1.43485e-06 2.24073e-05 0.000242303 0.00181433 0.00940752 0.0337813 0.0840402 0.145068 0.174807 0.15054 0.10071 0.0648883 0.0507476 0.04618 0.0423403 0.0357297 0.026283 0.0167502 0.00939856 0.00461318 0.0019378 0.000695759
 3.57333e-11 1.68072e-09 5.474e-08 1.23452e-06 1.92789e-05 0.000208474 0.00156106 0.0080948 0.0290752 0.0724093 0.125514 0.153712 0.140335 0.110958 0.0930654 0.0814727 0.063073 0.0421195 0.0276649 0.0197694 0.0141909 0.00905127 0.00483119 0.00211744 0.000756027
 4.00761e-11 1.88499e-09 6.13927e-08 1.38456e-06 2.16219e-05 0.00023381 0.00175075 0.00907811 0.0326019 0.0811407 0.140299 0.17017 0.150127 0.108081 0.0791637 0.0652648 0.0532461 0.0399012 0.027833 0.0180781 0.0109659 0.00635705 0.0034465 0.00162087 0.000618087
 3.91206e-11 1.84005e-09 5.99291e-08 1.35155e-06 2.11064e-05 0.000228236 0.00170902 0.00886185 0.031827 0.0792289 0.137109 0.166845 0.148929 0.110824 0.085291 0.0714726 0.0560597 0.0389617 0.0256066 0.0165611 0.0101701 0.00569214 0.00285666 0.0012658 0.000477916
 3.99107e-11 1.87721e-09 6.11394e-08 1.37885e-06 2.15327e-05 0.000232845 0.00174353 0.00904073 0.0324686 0.080818 0.139803 0.169862 0.150786 0.110472 0.0830304 0.0688103 0.0544545 0.0385594 0.0254787 0.0160449 0.00941659 0.00506534 0.0024617 0.00105003 0.000379506
 3.55178e-11 1.67059e-09 5.44099e-08 1.22708e-06 1.91626e-05 0.000207217 0.00155164 0.00804599 0.0288998 0.0719716 0.124751 0.152756 0.139417 0.110262 0.0930196 0.0830626 0.0670028 0.0471404 0.0308341 0.0193549 0.0113261 0.00599585 0.00282229 0.00115698 0.000401761
 3.6394e-11 1.7118e-09 5.57522e-08 1.25735e-06 1.96354e-05 0.000212329 0.00158991 0.0082443 0.0296102 0.0737216 0.127653 0.155698 0.140158 0.106931 0.0861064 0.0759663 0.0635349 0.0481709 0.0341954 0.0225831 0.0134283 0.00709325 0.00330352 0.00132894 0.000448876
 3.22664e-11 1.51766e-09 4.94291e-08 1.11475e-06 1.74084e-05 0.000188248 0.00140961 0.00730962 0.0262569 0.0654091 0.113508 0.139615 0.12944 0.106616 0.0951602 0.0886016 0.0740653 0.0548894 0.0386209 0.0262561 0.0165242 0.00923463 0.00445502 0.00181226 0.000608468
 3.76536e-11 1.77104e-09 5.76817e-08 1.30087e-06 2.03149e-05 0.000219677 0.00164493 0.00852946 0.0306326 0.07625 0.131914 0.160339 0.142559 0.105057 0.0802725 0.0688765 0.0582293 0.0458795 0.0343582 0.0241166 0.0153908 0.00879197 0.00440308 0.00186732 0.000647439
 3.43909e-11 1.61758e-09 5.26835e-08 1.18815e-06 1.85546e-05 0.000200643 0.00150241 0.00779074 0.0279835 0.0696944 0.120836 0.148114 0.135667 0.108308 0.0925642 0.0833874 0.0677735 0.0485952 0.0333725 0.0228676 0.0150072 0.00893255 0.00463298 0.00202635 0.000724949
 3.54231e-11 1.66613e-09 5.42648e-08 1.22381e-06 1.91115e-05 0.000206664 0.0015475 0.0080244 0.0288208 0.0717603 0.124285 0.151721 0.137007 0.105453 0.0861372 0.0769602 0.0651267 0.0501457 0.0363254 0.0247056 0.0154646 0.00887536 0.00459569 0.00205766 0.00075961
 3.42771e-11 1.61223e-09 5.25093e-08 1.18422e-06 1.84933e-05 0.000199979 0.00149744 0.00776491 0.02789 0.0694548 0.120374 0.147331 0.13427 0.10587 0.0892865 0.0807381 0.0675097 0.0509363 0.0367944 0.0257061 0.0166723 0.00971017 0.00497505 0.00219265 0.000806804
 3.3763e-11 1.58805e-09 5.17217e-08 1.16646e-06 1.82159e-05 0.000196979 0.00147498 0.00764845 0.0274718 0.0684139 0.118575 0.145151 0.132363 0.104576 0.0886219 0.080862 0.0686814 0.0529262 0.0388372 0.0272429 0.0177199 0.0104477 0.00544714 0.00242796 0.000894651
 3.6493e-11 1.71646e-09 5.59038e-08 1.26077e-06 1.96888e-05 0.000212906 0.00159423 0.00826667 0.02969 0.0739144 0.127948 0.155873 0.139722 0.105344 0.0833062 0.07267 0.0608143 0.0468549 0.0346865 0.024697 0.0163212 0.00974842 0.00513755 0.00231531 0.000862327
 3.62113e-11 1.70321e-09 5.54723e-08 1.25104e-06 1.95368e-05 0.000211263 0.00158193 0.00820296 0.0294621 0.0733572 0.127051 0.155097 0.140036 0.107643 0.0873512 0.0766154 0.0625031 0.045761 0.0320757 0.0221212 0.0145308 0.00875595 0.00467906 0.00213787 0.000805862
 3.76665e-11 1.77165e-09 5.77015e-08 1.30132e-06 2.03219e-05 0.000219753 0.0016455 0.00853248 0.0306444 0.0762884 0.132043 0.16079 0.143893 0.10794 0.0844806 0.0725885 0.05924 0.0437219 0.0305557 0.0205181 0.012927 0.0075142 0.00394736 0.00180343 0.000685706
 3.46018e-11 1.6275e-09 5.30066e-08 1.19543e-06 1.86684e-05 0.000201873 0.00151162 0.00783849 0.0281547 0.0701179 0.12155 0.148897 0.136097 0.108094 0.0918892 0.0829194 0.0681061 0.0495152 0.0339675 0.0225368 0.014037 0.00798736 0.00407203 0.00180993 0.000676966
 3.62215e-11 1.70369e-09 5.54879e-08 1.25139e-06 1.95423e-05 0.000211323 0.00158238 0.00820521 0.0294696 0.0733701 0.127035 0.154894 0.139279 0.105944 0.0849736 0.0749178 0.0629717 0.0483299 0.0350408 0.0238928 0.014872 0.00834312 0.00417189 0.00181277 0.000662144
 3.35145e-11 1.57636e-09 5.1341e-08 1.15787e-06 1.80818e-05 0.00019553 0.00146413 0.00759223 0.0272707 0.0679209 0.117774 0.144422 0.132496 0.106278 0.0916859 0.0838348 0.0699336 0.0521913 0.037198 0.0257421 0.016613 0.00962616 0.00487682 0.00210772 0.000757787
 3.32093e-11 1.562e-09 5.08735e-08 1.14733e-06 1.79171e-05 0.000193749 0.00145079 0.00752305 0.0270217 0.0672963 0.11666 0.142913 0.130666 0.103973 0.0890651 0.082028 0.070291 0.0546959 0.040373 0.0282447 0.0181998 0.0106126 0.0054775 0.00241613 0.000878768
 3.74323e-11 1.76063e-09 5.73427e-08 1.29322e-06 2.01955e-05 0.000218386 0.00163526 0.00847936 0.0304531 0.0758063 0.131169 0.15954 0.142183 0.105454 0.0812515 0.0696577 0.0580715 0.0449183 0.0335129 0.0240584 0.0159813 0.00954002 0.00499642 0.0022303 0.000821817
 3.50436e-11 1.64828e-09 5.36835e-08 1.2107e-06 1.89068e-05 0.000204451 0.00153092 0.00793854 0.0285137 0.0710076 0.123064 0.150614 0.137224 0.108051 0.0906775 0.0809651 0.0659126 0.0475683 0.0327905 0.0224277 0.0147528 0.00893634 0.00479216 0.00218786 0.0008207
#pred catch len freq
 2.32417e-11 1.09318e-09 3.56041e-08 8.02962e-07 1.25394e-05 0.000135597 0.00101536 0.00526537 0.0189158 0.0471425 0.0819521 0.101477 0.096282 0.084057 0.0814182 0.0821997 0.0766698 0.0672135 0.0582899 0.0501562 0.0427827 0.0365417 0.0305333 0.023219 0.0147196
 1.16293e-11 5.46988e-10 1.7815e-08 4.01774e-07 6.27432e-06 6.78495e-05 0.0005081 0.00263561 0.00947921 0.023731 0.0419818 0.0554067 0.0634515 0.0772908 0.0984462 0.110828 0.105544 0.091809 0.0786597 0.0667074 0.0552039 0.0445385 0.0345256 0.0244619 0.0147163
 8.0899e-12 3.8051e-10 1.2393e-08 2.79493e-07 4.3647e-06 4.7199e-05 0.000353449 0.00183327 0.00659152 0.0164822 0.0290262 0.0377155 0.0415625 0.048739 0.0640267 0.0824147 0.09891 0.110662 0.112166 0.101529 0.084154 0.0656876 0.0481346 0.0319074 0.0180527
 3.17123e-11 1.4916e-09 4.85804e-08 1.09561e-06 1.71095e-05 0.000185014 0.00138536 0.00718321 0.0257931 0.0641598 0.110697 0.133133 0.113828 0.0744184 0.0459836 0.0363041 0.0381704 0.0459488 0.0556196 0.0617947 0.0602116 0.0509134 0.0375042 0.0239202 0.0128293
 4.26856e-11 2.00773e-09 6.53903e-08 1.47471e-06 2.30298e-05 0.000249034 0.00186474 0.009669 0.0347214 0.0863922 0.149216 0.18021 0.156437 0.106949 0.0702444 0.0507279 0.035924 0.0233181 0.0167332 0.0159421 0.0170846 0.0166875 0.0136514 0.0090979 0.00485676
 3.29333e-11 1.54903e-09 5.04508e-08 1.13779e-06 1.77683e-05 0.000192139 0.00143875 0.00746084 0.0268013 0.0667793 0.115979 0.143086 0.134002 0.112915 0.102772 0.094212 0.0733537 0.0467867 0.0264997 0.0151713 0.0100959 0.00814626 0.00676455 0.00482093 0.00270351
 3.01431e-11 1.41779e-09 4.61765e-08 1.0414e-06 1.62629e-05 0.000175861 0.00131686 0.00682873 0.0245305 0.0611198 0.106141 0.130914 0.122552 0.103518 0.0959475 0.0929419 0.081622 0.0638118 0.0454145 0.0287898 0.0160894 0.00859208 0.00496734 0.00303842 0.00167108
 3.09601e-11 1.45622e-09 4.74281e-08 1.06962e-06 1.67037e-05 0.000180627 0.00135254 0.00701365 0.0251931 0.0627539 0.108864 0.133732 0.123466 0.100782 0.089535 0.084913 0.0748938 0.06079 0.0472564 0.0344039 0.0222425 0.0124472 0.0061352 0.00280636 0.00122107
 3.61683e-11 1.70118e-09 5.54065e-08 1.24955e-06 1.95136e-05 0.000211012 0.00158005 0.00819311 0.0294256 0.0732557 0.126803 0.15445 0.138362 0.104145 0.0821681 0.0716602 0.060243 0.0470748 0.0359055 0.0267462 0.0185517 0.0114384 0.00605078 0.00269764 0.00101746
 3.5093e-11 1.65061e-09 5.37592e-08 1.2124e-06 1.89334e-05 0.000204739 0.00153308 0.00794974 0.0285538 0.0711077 0.123237 0.150825 0.137407 0.108167 0.0906905 0.0807879 0.0654525 0.0468877 0.0321632 0.022154 0.0149183 0.00935951 0.00520284 0.00244267 0.000935352
 3.73533e-11 1.75692e-09 5.72218e-08 1.29049e-06 2.01529e-05 0.000217926 0.00163182 0.00846156 0.0303898 0.0756577 0.13097 0.159572 0.14309 0.107948 0.0852543 0.0737337 0.0603248 0.0444801 0.0308897 0.0205005 0.0127851 0.00745209 0.0039961 0.0018835 0.000738686
 3.6742e-11 1.72817e-09 5.62853e-08 1.26937e-06 1.98231e-05 0.000214359 0.00160512 0.00832318 0.029894 0.0744343 0.128928 0.15744 0.142312 0.109695 0.0892262 0.0779325 0.0625748 0.0443494 0.0296156 0.0192825 0.0118876 0.00672294 0.00342322 0.00153366 0.000583914
 3.55525e-11 1.67222e-09 5.44631e-08 1.22828e-06 1.91813e-05 0.00020742 0.00155316 0.00805381 0.0289274 0.0720362 0.124834 0.15272 0.138951 0.109031 0.0911183 0.0813021 0.06634 0.0477602 0.0321109 0.0206283 0.0123511 0.00675959 0.00333117 0.0014387 0.000526303
 3.41625e-11 1.60684e-09 5.23338e-08 1.18026e-06 1.84314e-05 0.00019931 0.00149244 0.00773902 0.0277977 0.0692324 0.120039 0.147157 0.134865 0.107879 0.0926729 0.0843604 0.0698455 0.051208 0.0352112 0.0230618 0.0139293 0.0075725 0.00365083 0.0015278 0.000539548
 3.31113e-11 1.5574e-09 5.07235e-08 1.14394e-06 1.78643e-05 0.000193178 0.00144652 0.00750094 0.0269431 0.0671093 0.116395 0.142865 0.131496 0.106384 0.0929055 0.085757 0.0720403 0.0539553 0.0381056 0.02562 0.0158398 0.00877026 0.00426372 0.00177509 0.000615877
 3.38546e-11 1.59236e-09 5.18621e-08 1.16962e-06 1.82653e-05 0.000197514 0.00147898 0.00766923 0.0275467 0.068604 0.118928 0.145692 0.133199 0.105918 0.0904203 0.0824723 0.0692857 0.0523303 0.0375314 0.025774 0.0163498 0.00930316 0.00463337 0.00196166 0.000685323
 3.49559e-11 1.64416e-09 5.35493e-08 1.20767e-06 1.88595e-05 0.000203939 0.00152709 0.00791865 0.0284417 0.0708252 0.122723 0.150084 0.136385 0.106706 0.0889679 0.0797467 0.0661833 0.0493672 0.0350707 0.0240929 0.0154655 0.00898282 0.00458709 0.00199115 0.000710437
 3.35616e-11 1.57858e-09 5.14132e-08 1.1595e-06 1.81072e-05 0.000195805 0.00146619 0.00760293 0.0273092 0.0680194 0.11796 0.144724 0.133004 0.10715 0.0929118 0.0850147 0.070495 0.0518398 0.0360885 0.0243499 0.0154626 0.00897219 0.00462548 0.00204319 0.000744505
 3.28401e-11 1.54464e-09 5.03079e-08 1.13457e-06 1.77179e-05 0.000191595 0.00143467 0.00743949 0.0267224 0.06656 0.115445 0.141711 0.130476 0.105659 0.0924476 0.0855959 0.0722925 0.054603 0.0389454 0.0264733 0.0166613 0.00952804 0.0048627 0.00214562 0.000787712
 3.17792e-11 1.49474e-09 4.86827e-08 1.09792e-06 1.71456e-05 0.000185406 0.00138832 0.00719923 0.02586 0.0644189 0.111777 0.137426 0.127227 0.104479 0.0931341 0.0873188 0.074412 0.0569212 0.0413977 0.0288157 0.0185328 0.0107297 0.00547888 0.00240268 0.000877255
 3.31889e-11 1.56105e-09 5.08423e-08 1.14662e-06 1.79062e-05 0.00019363 0.0014499 0.00751844 0.0270051 0.0672554 0.116591 0.142838 0.130622 0.103973 0.0890431 0.0818329 0.0698313 0.0541549 0.0401381 0.0284921 0.0187109 0.0110734 0.0057629 0.00255741 0.000937628
 3.46503e-11 1.62978e-09 5.3081e-08 1.19711e-06 1.86946e-05 0.000202156 0.00151374 0.00784941 0.0281931 0.0702066 0.121655 0.148796 0.135274 0.105963 0.088513 0.0794792 0.0661385 0.0496636 0.0358 0.0252033 0.0167232 0.010095 0.00537108 0.00243259 0.000906418
 3.4716e-11 1.63287e-09 5.31817e-08 1.19938e-06 1.873e-05 0.000202539 0.00151661 0.00786433 0.028247 0.0703439 0.121915 0.149213 0.135968 0.107145 0.0901685 0.0810754 0.0669296 0.0493016 0.034501 0.0234988 0.0151731 0.00903853 0.00482326 0.00221532 0.000840378
 3.43888e-11 1.61748e-09 5.26804e-08 1.18807e-06 1.85535e-05 0.00020063 0.00150232 0.00779023 0.0279811 0.0696845 0.120791 0.147926 0.135083 0.107058 0.0908595 0.082244 0.0682543 0.0505156 0.0353335 0.0237756 0.0149826 0.00866407 0.00451137 0.0020465 0.000776361
 3.27823e-11 1.54192e-09 5.02195e-08 1.13257e-06 1.76868e-05 0.000191258 0.00143215 0.00742644 0.0266758 0.0664466 0.115266 0.141576 0.130618 0.106299 0.0935094 0.0865689 0.0725988 0.054163 0.0381925 0.0258377 0.016259 0.00929563 0.0047421 0.00210147 0.000782215
 3.19275e-11 1.50172e-09 4.891e-08 1.10304e-06 1.72256e-05 0.000186271 0.0013948 0.00723281 0.0259805 0.0647167 0.112279 0.137976 0.127523 0.104298 0.0925533 0.0867145 0.0741587 0.057034 0.0415728 0.0288147 0.0183825 0.0105674 0.00537617 0.00235672 0.000863013
 3.09551e-11 1.45598e-09 4.74204e-08 1.06945e-06 1.6701e-05 0.000180598 0.00135233 0.00701259 0.02519 0.0627537 0.108914 0.134032 0.124492 0.103088 0.0929589 0.0879902 0.075765 0.0588731 0.0437071 0.0311058 0.0204552 0.0120815 0.00625719 0.00276263 0.00100972
 3.37387e-11 1.58691e-09 5.16846e-08 1.16562e-06 1.82028e-05 0.000196838 0.00147392 0.00764293 0.0274516 0.0683611 0.118465 0.144931 0.131887 0.103638 0.0872078 0.0793723 0.0677008 0.0528063 0.0395723 0.028544 0.0191371 0.011594 0.0061718 0.00279051 0.00103659
 3.41457e-11 1.60605e-09 5.2308e-08 1.17968e-06 1.84223e-05 0.000199212 0.0014917 0.00773516 0.0277832 0.069191 0.11993 0.14685 0.134026 0.106062 0.0898142 0.0811739 0.067403 0.0502521 0.0359957 0.0253616 0.016992 0.0104311 0.00566772 0.00262385 0.000997425
#obs catch len freq
 1.98918e-11 9.35616e-10 3.04724e-08 6.8723e-07 1.07321e-05 0.000116053 0.000869024 0.00450664 0.0161921 0.0403738 0.0703181 0.0876981 0.0852135 0.0785118 0.0808311 0.0849574 0.0820593 0.0751778 0.0684374 0.0613691 0.0531931 0.0438009 0.0330437 0.0216554 0.0116643
 2.39224e-11 1.1252e-09 3.66469e-08 8.2648e-07 1.29067e-05 0.000139568 0.00104509 0.00541944 0.0194678 0.0485033 0.0842161 0.103805 0.0969905 0.0817337 0.0763223 0.0766305 0.0734282 0.0676301 0.0619666 0.0557511 0.048284 0.0395508 0.029593 0.0192277 0.0102811
 8.21987e-16 3.87412e-14 1.27198e-12 2.9601e-11 5.18988e-10 8.04855e-09 1.32731e-07 2.18064e-06 2.91149e-05 0.000282648 0.00192571 0.00912692 0.0300824 0.0692982 0.113184 0.135854 0.129583 0.111338 0.0958507 0.0839583 0.0723673 0.0592464 0.0441832 0.0285346 0.0151526
 1.04525e-11 4.91637e-10 1.60123e-08 3.61118e-07 5.63936e-06 6.09814e-05 0.000456616 0.00236751 0.00849997 0.0211317 0.0363819 0.0434217 0.0363015 0.023502 0.0207791 0.0392664 0.0772616 0.11605 0.133476 0.126116 0.106676 0.084836 0.0623187 0.0399726 0.0211183
 5.10435e-11 2.40084e-09 7.81937e-08 1.76347e-06 2.7539e-05 0.000297794 0.00222982 0.0115615 0.04151 0.103209 0.177757 0.212296 0.176562 0.103944 0.0459652 0.0182225 0.00918196 0.0083983 0.0119458 0.0165105 0.0185057 0.0167912 0.0127244 0.00811443 0.00424389
 3.09408e-11 1.4553e-09 4.73983e-08 1.06895e-06 1.66932e-05 0.000180515 0.00135172 0.00700985 0.0251859 0.062798 0.109366 0.136338 0.132119 0.120015 0.117634 0.109098 0.0797244 0.0430755 0.0183828 0.00879907 0.00733996 0.00759639 0.0067342 0.00469568 0.00253936
 3.82163e-11 1.79751e-09 5.85437e-08 1.32031e-06 2.06185e-05 0.00022296 0.00166951 0.00865687 0.0310896 0.0773817 0.133832 0.162487 0.143898 0.104957 0.0793513 0.0689288 0.0605732 0.0491853 0.0352627 0.0210114 0.0103522 0.00498615 0.00299437 0.00199871 0.00113904
 2.22467e-11 1.04638e-09 3.40798e-08 7.68587e-07 1.20026e-05 0.000129793 0.00097193 0.00504073 0.0181172 0.045235 0.0792004 0.100714 0.103877 0.106914 0.118918 0.121518 0.101881 0.0729302 0.0498612 0.0338213 0.0211185 0.0112864 0.00520206 0.00226425 0.000986649
 3.98463e-11 1.87418e-09 6.10407e-08 1.37662e-06 2.14979e-05 0.000232469 0.0017407 0.0090258 0.0324114 0.0806403 0.139254 0.16806 0.145583 0.0993137 0.066797 0.054539 0.0505679 0.0466025 0.0393833 0.0289856 0.0184768 0.0103685 0.00508958 0.00213798 0.000767642
 3.39675e-11 1.59767e-09 5.20349e-08 1.17352e-06 1.83262e-05 0.000198173 0.00148392 0.00769494 0.0276406 0.0688524 0.119458 0.146808 0.135675 0.110666 0.0967456 0.0868142 0.0677962 0.045411 0.0298795 0.021376 0.0153513 0.00979283 0.00522721 0.00229104 0.000818016
 3.85048e-11 1.81108e-09 5.89856e-08 1.33028e-06 2.07742e-05 0.000224643 0.00168211 0.00872228 0.0313252 0.0779743 0.1349 0.163984 0.14584 0.107521 0.082036 0.0697729 0.0576215 0.0433461 0.0302821 0.0196834 0.0119439 0.00692503 0.00375467 0.00176584 0.000673372
 3.75753e-11 1.76736e-09 5.75617e-08 1.29816e-06 2.02727e-05 0.000219221 0.00164152 0.00851189 0.0305714 0.0761158 0.131807 0.160796 0.144828 0.110525 0.0884729 0.0761882 0.0603737 0.0421009 0.0277127 0.0179388 0.0110204 0.00616901 0.00309614 0.00137194 0.000517995
 3.84073e-11 1.80649e-09 5.88363e-08 1.32691e-06 2.07216e-05 0.000224074 0.00167786 0.00870028 0.0312471 0.0777893 0.134644 0.163971 0.146777 0.110141 0.0860769 0.0733806 0.0587036 0.0417133 0.0276041 0.0173972 0.0102141 0.00549518 0.00267075 0.00113923 0.000411746
 3.38652e-11 1.59286e-09 5.18783e-08 1.16999e-06 1.8271e-05 0.000197576 0.00147945 0.00767176 0.0275572 0.0686426 0.119081 0.146287 0.13503 0.109943 0.0964309 0.088137 0.0716789 0.0505691 0.0331228 0.0208085 0.0121815 0.0064497 0.0030361 0.00124466 0.000432211
 3.48604e-11 1.63967e-09 5.34029e-08 1.20437e-06 1.8808e-05 0.000203382 0.00152292 0.00789701 0.0283641 0.0706312 0.122385 0.14966 0.135976 0.106389 0.0889135 0.080366 0.0678053 0.0515534 0.036641 0.0242129 0.0144013 0.00760803 0.00354343 0.00142547 0.000481484
 3.06777e-11 1.44293e-09 4.69953e-08 1.05986e-06 1.65513e-05 0.00017898 0.00134021 0.00694985 0.024966 0.0622079 0.108052 0.13337 0.125135 0.106113 0.0981432 0.093192 0.0784232 0.0582521 0.0410348 0.0279152 0.0175733 0.00982196 0.00473854 0.00192761 0.000647201
 3.61642e-11 1.70099e-09 5.54001e-08 1.24941e-06 1.95114e-05 0.000210988 0.00157987 0.00819217 0.0294224 0.0732479 0.126792 0.154453 0.138423 0.104364 0.0827459 0.0728993 0.0622449 0.0491955 0.036886 0.0259053 0.0165362 0.0094471 0.00473133 0.00200655 0.000695717
 3.26311e-11 1.53481e-09 4.99878e-08 1.12735e-06 1.76052e-05 0.000190376 0.00142554 0.00739225 0.0265537 0.0661489 0.114795 0.141207 0.130936 0.10783 0.0959777 0.0885451 0.0725655 0.0521806 0.0358889 0.0246135 0.0161592 0.00961959 0.00498957 0.00218235 0.000780765
 3.36724e-11 1.58379e-09 5.15829e-08 1.16332e-06 1.8167e-05 0.000196451 0.00147102 0.00762793 0.0273982 0.0682319 0.118268 0.144816 0.13219 0.104738 0.0891937 0.0818322 0.0699108 0.0539979 0.0391708 0.0266599 0.0166934 0.00958183 0.00496178 0.00222162 0.000820145
 3.2468e-11 1.52714e-09 4.97378e-08 1.12171e-06 1.75172e-05 0.000189424 0.00141841 0.00735522 0.02642 0.0658089 0.114158 0.140204 0.129322 0.105192 0.0925245 0.0858095 0.0723919 0.0547863 0.0396344 0.0277122 0.0179797 0.010473 0.00536617 0.00236508 0.000870258
 3.20125e-11 1.50571e-09 4.904e-08 1.10598e-06 1.72714e-05 0.000186767 0.00139851 0.00725203 0.0260494 0.0648858 0.112557 0.138244 0.127539 0.10384 0.0916393 0.085673 0.07339 0.056717 0.0416754 0.0292544 0.0190341 0.0112239 0.0058521 0.00260851 0.000961186
 3.48847e-11 1.64081e-09 5.34401e-08 1.20521e-06 1.88211e-05 0.000203523 0.00152398 0.00790246 0.0283831 0.070673 0.122419 0.149525 0.135282 0.104652 0.0860507 0.0770546 0.0651059 0.0503176 0.0372997 0.026575 0.0175671 0.0104937 0.00553052 0.00249244 0.000928303
 3.46243e-11 1.62856e-09 5.30412e-08 1.19621e-06 1.86806e-05 0.000202005 0.00151261 0.00784358 0.0281727 0.0701594 0.121601 0.148857 0.135735 0.107136 0.0903193 0.0811736 0.0668062 0.0490536 0.0344303 0.0237623 0.0156137 0.00940956 0.00502854 0.00229757 0.000866066
 3.60409e-11 1.69519e-09 5.52112e-08 1.24515e-06 1.94449e-05 0.000210269 0.00157449 0.00816435 0.0293235 0.0730128 0.126459 0.154397 0.139482 0.107411 0.0875143 0.0772751 0.0637053 0.0471724 0.0330154 0.0221867 0.0139831 0.00812914 0.00427061 0.00195115 0.000741878
 3.28554e-11 1.54536e-09 5.03314e-08 1.1351e-06 1.77262e-05 0.000191685 0.00143534 0.00744303 0.0267358 0.0665993 0.115554 0.14204 0.131392 0.1076 0.0952587 0.0880516 0.072932 0.0531761 0.0365318 0.0242581 0.0151148 0.0086019 0.00438557 0.00194933 0.000729112
 3.44631e-11 1.62098e-09 5.27942e-08 1.19064e-06 1.85936e-05 0.000201064 0.00150556 0.00780701 0.0280408 0.0698263 0.120991 0.14796 0.134449 0.105241 0.0880662 0.0798292 0.06778 0.0521926 0.037897 0.0258595 0.0161015 0.00903413 0.00451768 0.00196307 0.00071705
 3.18219e-11 1.49675e-09 4.87482e-08 1.0994e-06 1.71686e-05 0.000185655 0.00139019 0.00720894 0.0258954 0.0645102 0.111959 0.137762 0.127888 0.105692 0.0947872 0.088646 0.0745268 0.0557678 0.0398001 0.0275627 0.0177935 0.0103114 0.00522422 0.0022579 0.000811785
 3.15327e-11 1.48315e-09 4.83051e-08 1.0894e-06 1.70126e-05 0.000183968 0.00137756 0.00714338 0.0256594 0.0639172 0.110896 0.136295 0.126034 0.103243 0.09192 0.0866114 0.0748091 0.058366 0.0431352 0.0301961 0.0194626 0.0113501 0.00585841 0.00258418 0.000939896
 3.58319e-11 1.68536e-09 5.4891e-08 1.23793e-06 1.93321e-05 0.000209049 0.00156535 0.00811694 0.0291526 0.0725806 0.125666 0.15322 0.137757 0.104745 0.0839517 0.0739893 0.0623248 0.0483686 0.0361373 0.0259595 0.0172489 0.0102978 0.00539349 0.00240759 0.000887146
#spawning biomass
 21670.9 21847.8 18312.6 13381.6 15098.7 27315.8 37188.4 45672.4 51872.8 65981.6 88523.3 112393 138845 150480 151898 131841 127950 133298 135635 139645 140552 134219 142324 157762 171344 192195 202566 180077 190135 217011 255124 175280 110652 70372.5 47997.1 36382.3 30604.3 27808.3 26480.1 25856.9 25567 25432.9 25371.1 25342.7 25329.7 25323.8 25321.1 25319.8 25319.3 25319 25318.9 25318.8 25318.8 25318.8 25318.8 25318.8 25318.8 25318.8 25318.8 25318.8 25318.8 25318.8 25318.8 25318.8 25318.8 25318.8 25318.8 25318.8 25318.8 25318.8 25318.8 25318.8 25318.8 25318.8 25318.8 25318.8 25318.8 25318.8 25318.8 25318.8 25318.8 25318.8 25318.8 25318.8 25318.8 25318.8 25318.8 25318.8 25318.8 25318.8 25318.8 25318.8 25318.8 25318.8 25318.8 25318.8 25318.8 25318.8 25318.8 25318.8 25318.8 25318.8 25318.8 25318.8 25318.8 25318.8 25318.8 25318.8 25318.8 25318.8 25318.8 25318.8 25318.8 25318.8 25318.8 25318.8 25318.8 25318.8 25318.8 25318.8 25318.8 25318.8 25318.8 25318.8 25318.8 25318.8 25318.8 25318.8 25318.8 0 0 0 0 0 0 0 0 0 0 0 0 0 0 0 0 0 0 0 0 0 0 0 0 0
