SBPRF35
0.178135
Curr Bio
168493
B35
206791
F35
0.660576
FOFL
0.660576
OFL
97866.9
Bzero
50895.7
#pred survey bio
 7016.08 8374.82 10660.6 12411.9 18976.7 30411 31170 35685.2 48020.6 60387.5 70407.5 99491.5 124344 149225 155004 131644 122144 121237 114517 109931 111960 120629 130791 136895 151758 147293 146657 148380 184172 6.70826e+06 5.58517e+06 3.42187e+06 1.93039e+06 1.15957e+06 792257 618706 533920 490186 466328 452714 444703 439904 436998 435222 434132 433480 433089 432853 432711 432626 432574 432543 432524 432513 432506 432502 432499 432498 432497 432496 432496 432496 432496 432496 432496 432496 432496 432496 432496 432496 432496 432496 432496 432496 432496 432496 432496 432496 432496 432496 432496 432496 432496 432496 432496 432496 432496 432496 432496 432496 432496 432496 432496 432496 432496 432496 432496 432496 432496 432496 432496 432496 432496 432496 432496 432496 432496 432496 432496 432496 432496 432496 432496 432496 432496 432496 432496 432496 432496 432496 432496 432496 432496 432496 432496 432496 432496 432496 432496 0 0 0 0 0 0 0 0 0 0 0 0 0 0 0 0 0 0 0 0 0 0 0 0 0
#obs survey bio
 5990.61 5245.55 7479.53 10448.5 28109 26385.6 33696.8 29209.4 36280.9 63698.6 70520.8 97293.7 179920 163045 134698 117454 113865 104198 87464.5 144644 130943 137678 150630 113848 165614 128624 168513 104384 147511
#pred catch bio
 3499.92 4673.6 6358.63 7924.49 9060.42 18204.8 19808.5 21276.3 29885.1 40769.9 43067.9 64175.8 78083.7 95046.2 108998 93789.7 85863.3 87161.9 84570.6 80271.4 80396.2 87255 97258.2 99776.4 115949 111933 111041 104315 65423.2 97866.9 97813.6 55278.8 27610.5 14777.5 9523.8 7528.31 6807.9 6557.01 6471.9 6443.58 6434.29 6431.28 6430.31 6430 6429.91 6429.87 6429.87 6429.86 6429.86 6429.86 6429.86 6429.86 6429.86 6429.86 6429.86 6429.86 6429.86 6429.86 6429.86 6429.86 6429.86 6429.86 6429.86 6429.86 6429.86 6429.86 6429.86 6429.86 6429.86 6429.86 6429.86 6429.86 6429.86 6429.86 6429.86 6429.86 6429.86 6429.86 6429.86 6429.86 6429.86 6429.86 6429.86 6429.86 6429.86 6429.86 6429.86 6429.86 6429.86 6429.86 6429.86 6429.86 6429.86 6429.86 6429.86 6429.86 6429.86 6429.86 6429.86 6429.86 6429.86 6429.86 6429.86 6429.86 6429.86 6429.86 6429.86 6429.86 6429.86 6429.86 6429.86 6429.86 6429.86 6429.86 6429.86 6429.86 6429.86 6429.86 6429.86 6429.86 6429.86 6429.86 6429.86 6429.86 6429.86 6429.86 6429.86 6429.86 6429.86 0 0 0 0 0 0 0 0 0 0 0 0 0 0 0 0 0 0 0 0 0 0 0 0 0
#obs catch bio
 4508.7 4717.66 6341.76 8065.38 8904.9 18013.8 19635.7 21019 29682.6 40443.5 42526.3 62906.3 75227.9 92521.5 107615 92445.8 85738.9 86381.9 84195.8 79388.3 77567.1 84598.7 94503 97622.8 110801 108133 108288 102346 64640.3
#pred cpue bio
 5833.95 6400.12 8085.78 9463.91 13257.2 23306.3 24505.3 26316.2 35628.7 44799 51458.1 72580.8 91610.1 111875 119206 100549 90807.9 90246.2 85227.2 80292.1 81726 87711.5 94736 98635.3 109295 106494 105633 106856 131669 5.43737e+06 5.43084e+06 3.378e+06 1.88089e+06 1.10889e+06 741459 567896 483109 439375 415518 401903 393892 389093 386187 384412 383322 382669 382278 382042 381900 381815 381763 381732 381713 381702 381695 381691 381689 381687 381686 381686 381685 381685 381685 381685 381685 381685 381685 381685 381685 381685 381685 381685 381685 381685 381685 381685 381685 381685 381685 381685 381685 381685 381685 381685 381685 381685 381685 381685 381685 381685 381685 381685 381685 381685 381685 381685 381685 381685 381685 381685 381685 381685 381685 381685 381685 381685 381685 381685 381685 381685 381685 381685 381685 381685 381685 381685 381685 381685 381685 381685 381685 381685 381685 381685 381685 381685 381685 381685 381685 0 0 0 0 0 0 0 0 0 0 0 0 0 0 0 0 0 0 0 0 0 0 0 0 0
#obs cpue bio
 5640.41 8906.17 11820.4 8565.13 15265.3 23608.7 35061.2 32757.9 52381.6 51041.3 61827.1 111559 129958 134474 152175 148444 88743.5 129109 116999 77901.6 140447 119988 127374 158127 239290 190034 132836 211038 181414
#pred surv len freq
 2.56864e-27 2.60309e-27 4.60889e-26 9.18287e-20 2.25107e-14 6.67032e-10 2.3892e-06 0.00103443 0.0541384 0.342494 0.262104 0.0365691 0.094206 0.0870115 0.0230731 0.0310592 0.0146707 0.0131001 0.00889957 0.00733493 0.00612878 0.00555717 0.00578172 0.00522867 0.00160628
 2.5706e-27 2.60809e-27 5.00785e-26 1.00243e-19 2.45735e-14 7.28156e-10 2.60813e-06 0.00112922 0.0590994 0.373879 0.28611 0.0391673 0.0971148 0.0893458 0.0174293 0.0173557 0.00675148 0.00428028 0.00239227 0.00167224 0.00121938 0.000983759 0.000928803 0.000851454 0.000287795
 2.57036e-27 2.60735e-27 4.93337e-26 9.86717e-20 2.41882e-14 7.16739e-10 2.56724e-06 0.00111152 0.0581727 0.368017 0.281651 0.0402291 0.108329 0.0996147 0.0178739 0.015719 0.00523999 0.0020716 0.00084197 0.000423185 0.000243311 0.000164604 0.000134981 0.000119004 4.19226e-05
 2.57008e-27 2.60661e-27 4.86748e-26 9.72818e-20 2.38475e-14 7.06643e-10 2.53108e-06 0.00109586 0.0573533 0.362833 0.277696 0.0404442 0.112745 0.103707 0.0189179 0.0170589 0.00547858 0.00180507 0.000557034 0.000170798 6.29167e-05 3.09779e-05 2.03546e-05 1.6199e-05 5.71649e-06
 2.57298e-27 2.61446e-27 5.56116e-26 1.11915e-19 2.74347e-14 8.1294e-10 2.91181e-06 0.0012607 0.0659807 0.417412 0.31934 0.0384879 0.068598 0.0629467 0.0113107 0.00996279 0.00321242 0.0010768 0.000310348 7.41519e-05 1.61499e-05 4.4396e-06 1.9356e-06 1.25868e-06 4.27314e-07
 2.56974e-27 2.6056e-27 4.77035e-26 9.52323e-20 2.33451e-14 6.91756e-10 2.47775e-06 0.00107277 0.0561451 0.355189 0.271874 0.0413627 0.123824 0.113788 0.0181095 0.0126725 0.00407401 0.00137281 0.000399061 9.45648e-05 1.68518e-05 2.62963e-06 5.41223e-07 2.30462e-07 7.07754e-08
 2.56883e-27 2.60324e-27 4.5731e-26 9.10716e-20 2.23251e-14 6.61533e-10 2.3695e-06 0.0010259 0.0536921 0.339671 0.260018 0.0409966 0.129368 0.119138 0.0233251 0.0232113 0.00712004 0.00178681 0.000500929 0.000119283 2.1223e-05 2.77949e-06 2.83184e-07 5.02697e-08 1.19912e-08
 2.57138e-27 2.61017e-27 5.18601e-26 1.04001e-19 2.54947e-14 7.55454e-10 2.70591e-06 0.00117155 0.0613149 0.387895 0.296813 0.0392073 0.0899003 0.0826883 0.0163224 0.0164425 0.00547486 0.00208491 0.000558006 0.000103756 1.78676e-05 2.32345e-06 1.89429e-07 1.26147e-08 1.50874e-09
 2.57103e-27 2.60913e-27 5.08676e-26 1.01907e-19 2.49814e-14 7.40243e-10 2.65143e-06 0.00114797 0.0600804 0.380085 0.290864 0.040144 0.101207 0.0929745 0.015465 0.0118889 0.0039623 0.00155222 0.000482027 0.000122962 1.82938e-05 2.06765e-06 1.63029e-07 7.27569e-09 2.86763e-10
 2.57103e-27 2.60914e-27 5.08783e-26 1.0193e-19 2.49869e-14 7.40407e-10 2.65201e-06 0.00114822 0.0600937 0.380169 0.290928 0.0400898 0.100751 0.0925778 0.0158487 0.0128469 0.00399001 0.00110796 0.000334649 9.15431e-05 1.77772e-05 2.12487e-06 1.41905e-07 5.70648e-09 1.16301e-10
 2.57151e-27 2.61043e-27 5.19972e-26 1.04291e-19 2.55656e-14 7.57554e-10 2.71343e-06 0.00117481 0.0614854 0.388973 0.297648 0.0399055 0.0946271 0.0868918 0.0142034 0.010526 0.00329116 0.000952265 0.000254579 5.2581e-05 1.03449e-05 1.5063e-06 1.14936e-07 4.0582e-09 6.71168e-11
 2.57158e-27 2.61063e-27 5.21862e-26 1.04689e-19 2.56633e-14 7.60449e-10 2.7238e-06 0.0011793 0.0617204 0.39046 0.298781 0.039785 0.0929136 0.0853278 0.0142396 0.0109997 0.0033916 0.000900129 0.000241331 4.95641e-05 7.70858e-06 1.00596e-06 8.99013e-08 3.6292e-09 5.44091e-11
 2.57122e-27 2.60964e-27 5.12894e-26 1.02797e-19 2.51995e-14 7.46706e-10 2.67458e-06 0.00115799 0.060605 0.383403 0.293399 0.0401824 0.099719 0.0915766 0.014782 0.0106644 0.00330491 0.0009103 0.000238757 4.5749e-05 7.07082e-06 7.88653e-07 6.02914e-08 2.7311e-09 4.59379e-11
 2.57063e-27 2.60804e-27 4.98916e-26 9.98485e-20 2.44767e-14 7.25287e-10 2.59786e-06 0.00112477 0.0588666 0.372406 0.285006 0.0404644 0.107762 0.0990325 0.0167166 0.0131983 0.00404895 0.00103717 0.000272402 5.34324e-05 7.86414e-06 8.38807e-07 5.64654e-08 2.21183e-09 4.0206e-11
 2.56967e-27 2.60545e-27 4.76201e-26 9.50566e-20 2.3302e-14 6.90479e-10 2.47318e-06 0.00107079 0.0560414 0.354533 0.271367 0.0410011 0.121429 0.111674 0.0194968 0.0163634 0.00511089 0.0014505 0.000378104 6.99773e-05 1.03965e-05 1.08815e-06 6.88702e-08 2.38452e-09 3.8365e-11
 2.56995e-27 2.60623e-27 4.83141e-26 9.65208e-20 2.36609e-14 7.01115e-10 2.51128e-06 0.00108729 0.0569047 0.359994 0.275533 0.0407669 0.116719 0.107332 0.0187963 0.0158616 0.00500227 0.00149988 0.000405902 8.13147e-05 1.17218e-05 1.19687e-06 7.4858e-08 2.43035e-09 3.46355e-11
 2.57095e-27 2.60892e-27 5.0679e-26 1.0151e-19 2.48839e-14 7.37354e-10 2.64108e-06 0.00114349 0.0598459 0.378602 0.289732 0.0401744 0.102235 0.0939396 0.0159493 0.0127374 0.00401517 0.00120798 0.00033283 7.0466e-05 1.08626e-05 1.13371e-06 6.86601e-08 2.1859e-09 2.92163e-11
 2.57085e-27 2.60863e-27 5.03949e-26 1.0091e-19 2.47369e-14 7.32999e-10 2.62548e-06 0.00113673 0.0594925 0.376366 0.28803 0.0404876 0.105814 0.0971913 0.0155993 0.0111161 0.00345639 0.00097418 0.000266484 5.68949e-05 9.14018e-06 1.02075e-06 6.44576e-08 2.00826e-09 2.61112e-11
 2.57085e-27 2.60862e-27 5.03836e-26 1.00886e-19 2.47311e-14 7.32825e-10 2.62486e-06 0.00113646 0.0594784 0.376276 0.287962 0.0405146 0.106067 0.0974227 0.0156071 0.0110708 0.00336752 0.000826013 0.000216877 4.38198e-05 7.02092e-06 8.09046e-07 5.46101e-08 1.7827e-09 2.29373e-11
 2.57149e-27 2.61036e-27 5.19226e-26 1.04133e-19 2.5527e-14 7.56409e-10 2.70933e-06 0.00117304 0.0613925 0.388386 0.297202 0.040078 0.0962532 0.0883614 0.0139048 0.00946867 0.0028727 0.00069457 0.000174701 3.11277e-05 4.68513e-06 5.25099e-07 3.63731e-08 1.26315e-09 1.70296e-11
 2.57149e-27 2.61033e-27 5.18836e-26 1.04051e-19 2.55068e-14 7.55811e-10 2.70719e-06 0.00117211 0.061344 0.388079 0.296969 0.0402013 0.0973544 0.0893519 0.0136159 0.00855926 0.00257654 0.000596185 0.000148366 2.57911e-05 3.53659e-06 3.57441e-07 2.37301e-08 8.39997e-10 1.19758e-11
 2.57162e-27 2.61071e-27 5.22261e-26 1.04773e-19 2.56839e-14 7.6106e-10 2.72599e-06 0.00118025 0.06177 0.390774 0.299025 0.0400477 0.0947412 0.0869539 0.0134349 0.0087482 0.00260707 0.000555236 0.000134662 2.25134e-05 3.02072e-06 2.84287e-07 1.68118e-08 5.63e-10 8.12923e-12
 2.57174e-27 2.61103e-27 5.25011e-26 1.05353e-19 2.58261e-14 7.65273e-10 2.74108e-06 0.00118678 0.0621119 0.392937 0.300676 0.0399999 0.093218 0.0855395 0.0130247 0.00816953 0.00244385 0.000539005 0.000128865 1.99753e-05 2.57325e-06 2.33614e-07 1.29465e-08 3.87673e-10 5.25466e-12
 2.5719e-27 2.61144e-27 5.28594e-26 1.06109e-19 2.60114e-14 7.70764e-10 2.76075e-06 0.0011953 0.0625576 0.395756 0.302828 0.0399529 0.0913482 0.0838002 0.0124654 0.00733097 0.00217634 0.000457338 0.000109316 1.73559e-05 2.1416e-06 1.82004e-07 9.637e-09 2.69884e-10 3.29557e-12
 2.57191e-27 2.61149e-27 5.28998e-26 1.06194e-19 2.60323e-14 7.71383e-10 2.76296e-06 0.00119626 0.0626078 0.396074 0.30307 0.0399293 0.0909985 0.083481 0.0124731 0.00742787 0.00218941 0.000432032 0.000100864 1.53907e-05 1.91429e-06 1.60718e-07 7.95443e-09 2.10438e-10 2.39679e-12
 2.57176e-27 2.61107e-27 5.25211e-26 1.05396e-19 2.58364e-14 7.6558e-10 2.74218e-06 0.00118726 0.0621369 0.393095 0.300798 0.0401507 0.094279 0.0864825 0.0125388 0.00682216 0.00200623 0.000395145 9.08911e-05 1.3068e-05 1.56459e-06 1.28921e-07 6.33994e-09 1.58349e-10 1.69163e-12
 2.57189e-27 2.61144e-27 5.28479e-26 1.06085e-19 2.60054e-14 7.70588e-10 2.76012e-06 0.00119503 0.0625433 0.395666 0.302759 0.0399984 0.0917421 0.0841554 0.0123785 0.00704101 0.00205242 0.000369219 8.33045e-05 1.19073e-05 1.37432e-06 1.07104e-07 5.11023e-09 1.25956e-10 1.28169e-12
 2.5719e-27 2.61144e-27 5.28492e-26 1.06088e-19 2.60061e-14 7.70607e-10 2.76019e-06 0.00119505 0.0625449 0.395676 0.302767 0.0400152 0.0918644 0.0842637 0.0123148 0.00686918 0.00201127 0.000378635 8.46415e-05 1.11671e-05 1.26098e-06 9.58671e-08 4.32532e-09 1.0249e-10 1.02168e-12
 2.57216e-27 2.61217e-27 5.3513e-26 1.07488e-19 2.63494e-14 7.8078e-10 2.79662e-06 0.00121083 0.0633705 0.400899 0.30675 0.0396585 0.0863519 0.0792144 0.0121028 0.00765664 0.00224855 0.000423847 9.57014e-05 1.30969e-05 1.42538e-06 1.02062e-07 4.48009e-09 1.00925e-10 9.62283e-13
#obs surv len freq
 1.77039e-41 2.45718e-33 4.12244e-26 8.36022e-20 2.04941e-14 6.07277e-10 2.17517e-06 0.000941773 0.0492886 0.311814 0.238833 0.0440358 0.15165 0.128446 0.035975 0.0275318 0.00831636 0.00260083 0.000503769 5.77891e-05 2.86929e-06 4.5301e-08 1.70414e-10 1.22886e-13 1.46705e-17
 2.1752e-41 3.01903e-33 5.06505e-26 1.02718e-19 2.51801e-14 7.46134e-10 2.67253e-06 0.00115711 0.0605587 0.383112 0.293246 0.0420261 0.0973077 0.0778911 0.0223153 0.0160979 0.0046607 0.00135828 0.000241336 2.43317e-05 1.00586e-06 1.24641e-08 3.51444e-11 1.84573e-14 1.57934e-18
 1.71962e-41 2.38672e-33 4.00422e-26 8.12048e-20 1.99064e-14 5.89863e-10 2.11279e-06 0.000914766 0.0478752 0.302873 0.2322 0.0512502 0.182228 0.136132 0.0268587 0.0143757 0.00401106 0.00108799 0.000175227 1.53302e-05 5.23459e-07 5.08558e-09 1.07772e-11 4.13348e-15 2.53864e-19
 2.0931e-41 2.90509e-33 4.87389e-26 9.88415e-20 2.42298e-14 7.17974e-10 2.57167e-06 0.00111344 0.0582731 0.368653 0.282329 0.0457872 0.113022 0.0810595 0.0278976 0.0177204 0.00337406 0.000665299 9.58508e-05 7.19007e-06 2.00215e-07 1.51594e-09 2.41554e-12 6.79051e-16 3.00541e-20
 2.3685e-41 3.28733e-33 5.51517e-26 1.11847e-19 2.74179e-14 8.12442e-10 2.91003e-06 0.00125994 0.0659405 0.417159 0.31934 0.0443385 0.0795524 0.0523911 0.0117384 0.00613508 0.00175305 0.000354093 3.3255e-05 1.94506e-06 4.35444e-08 2.5453e-10 3.03721e-13 6.26215e-17 2.00377e-21
 1.31873e-41 1.83031e-33 3.07073e-26 6.22738e-20 1.52657e-14 4.5235e-10 1.62024e-06 0.00070151 0.0367142 0.232268 0.178948 0.0711974 0.272219 0.166423 0.0281411 0.010867 0.00206887 0.000403897 4.3649e-05 1.80919e-06 2.8302e-08 1.24193e-10 1.10171e-13 1.66071e-17 3.84118e-22
 2.2053e-41 3.06082e-33 5.13515e-26 1.0414e-19 2.55287e-14 7.56461e-10 2.70952e-06 0.00117313 0.0613969 0.388415 0.297531 0.0468221 0.0897671 0.0571486 0.03622 0.0186386 0.00254523 0.000312086 2.63403e-05 1.06755e-06 1.25506e-08 3.692e-11 2.31296e-14 2.51688e-18 4.19242e-23
 1.98291e-41 2.75214e-33 4.61729e-26 9.36378e-20 2.29542e-14 6.80175e-10 2.43628e-06 0.00105482 0.0552052 0.349247 0.268099 0.0610362 0.155482 0.0828613 0.0162165 0.00757081 0.00280286 0.000400224 2.05829e-05 5.73731e-07 5.64702e-09 1.26467e-11 5.36327e-15 3.94776e-19 4.58526e-24
 2.02667e-41 2.81288e-33 4.71919e-26 9.57042e-20 2.34608e-14 6.95185e-10 2.49004e-06 0.0010781 0.0564235 0.356955 0.274073 0.0614402 0.143186 0.0736584 0.0229958 0.00858213 0.00132732 0.0002572 2.02114e-05 4.05459e-07 2.52447e-09 4.18922e-12 1.33883e-15 6.94362e-20 5.45154e-25
 1.98537e-41 2.75557e-33 4.62303e-26 9.37542e-20 2.29827e-14 6.81021e-10 2.4393e-06 0.00105613 0.0552739 0.349683 0.268806 0.0669075 0.153717 0.0733989 0.0216557 0.00787521 0.00144843 0.000163699 1.10461e-05 2.80973e-07 1.47558e-09 1.5728e-12 3.37739e-16 1.26149e-20 7.15765e-26
 2.10021e-41 2.91496e-33 4.89045e-26 9.91773e-20 2.43121e-14 7.20413e-10 2.5804e-06 0.00111723 0.0584711 0.369911 0.284306 0.0658421 0.133087 0.060102 0.0194832 0.00644646 0.00110158 0.0001231 6.02045e-06 1.15342e-07 6.10526e-10 5.84796e-13 8.95729e-17 2.18891e-21 8.3439e-27
 2.04926e-41 2.84424e-33 4.77181e-26 9.67713e-20 2.37223e-14 7.02937e-10 2.5178e-06 0.00109012 0.0570527 0.36094 0.277883 0.0730272 0.146097 0.0605559 0.0171996 0.00518447 0.000877074 8.74041e-05 3.77847e-06 5.40947e-08 2.05254e-10 1.65408e-13 2.21844e-17 4.3241e-22 1.17564e-27
 1.99419e-41 2.7678e-33 4.64356e-26 9.41705e-20 2.30848e-14 6.84045e-10 2.45014e-06 0.00106082 0.0555194 0.351243 0.270957 0.0797177 0.154651 0.0613113 0.019509 0.0052096 0.000748961 6.70788e-05 2.52155e-06 2.94789e-08 8.31338e-11 4.69971e-14 4.67379e-18 7.25323e-23 1.59624e-28
 1.86676e-41 2.59095e-33 4.34685e-26 8.81532e-20 2.16097e-14 6.40336e-10 2.29358e-06 0.00099304 0.0519718 0.328806 0.254644 0.0913659 0.175571 0.0668488 0.0230206 0.0058834 0.000829735 6.15947e-05 1.90477e-06 1.82069e-08 4.00402e-11 1.67257e-14 1.17295e-18 1.27416e-23 2.0231e-29
 1.69101e-41 2.34702e-33 3.93761e-26 7.98538e-20 1.95752e-14 5.8005e-10 2.07764e-06 0.000899548 0.0470788 0.297861 0.232172 0.106338 0.200997 0.0761419 0.0300195 0.00738129 0.00103607 7.0667e-05 1.79423e-06 1.326e-08 2.24826e-11 7.10994e-15 3.67274e-19 2.85955e-24 3.18659e-30
 1.9043e-41 2.64304e-33 4.43424e-26 8.99256e-20 2.20442e-14 6.5321e-10 2.33969e-06 0.00101301 0.0530167 0.335426 0.260582 0.0957823 0.155647 0.0616751 0.0286104 0.00714382 0.00103446 6.61621e-05 1.4694e-06 8.63775e-09 1.09606e-11 2.56149e-15 9.76087e-20 5.56245e-25 4.4838e-31
 1.86212e-41 2.5845e-33 4.33603e-26 8.79338e-20 2.15559e-14 6.38742e-10 2.28787e-06 0.000990568 0.0518424 0.32801 0.2562 0.109442 0.168969 0.0571889 0.0209799 0.0054766 0.000843881 5.26893e-05 1.04949e-06 5.12647e-09 5.05631e-12 8.74551e-16 2.41257e-20 9.91255e-26 5.76534e-32
 1.84197e-41 2.55654e-33 4.28912e-26 8.69826e-20 2.13228e-14 6.31832e-10 2.26312e-06 0.000979853 0.0512816 0.324475 0.254556 0.116722 0.167789 0.0576084 0.0215064 0.00443912 0.000601874 3.7387e-05 6.8738e-07 2.86464e-09 2.26729e-12 3.00837e-16 6.15227e-21 1.83081e-26 7.61783e-33
 1.86172e-41 2.58394e-33 4.3351e-26 8.79148e-20 2.15513e-14 6.38604e-10 2.28738e-06 0.000990355 0.0518313 0.327968 0.258228 0.12152 0.160471 0.0544151 0.0200775 0.00401517 0.000457773 2.30694e-05 3.77287e-07 1.36568e-09 8.87277e-13 9.25288e-17 1.44142e-21 3.19284e-27 9.7151e-34
 1.94185e-41 2.69515e-33 4.52168e-26 9.16988e-20 2.24789e-14 6.6609e-10 2.38583e-06 0.00103298 0.0540622 0.342094 0.269697 0.121289 0.144397 0.0474072 0.0165292 0.00314486 0.000329949 1.36442e-05 1.72816e-07 5.05984e-10 2.6881e-13 2.23708e-17 2.70424e-22 4.54614e-28 1.03238e-34
 1.93947e-41 2.69185e-33 4.51614e-26 9.15865e-20 2.24513e-14 6.65274e-10 2.3829e-06 0.00103172 0.053996 0.341703 0.271032 0.12982 0.142705 0.0435292 0.0135838 0.0023656 0.000223161 7.94329e-06 7.92034e-08 1.73389e-10 6.96391e-14 4.47154e-18 4.18208e-23 5.38752e-29 9.25475e-36
 1.98011e-41 2.74826e-33 4.61078e-26 9.35056e-20 2.29218e-14 6.79215e-10 2.43284e-06 0.00105333 0.0551275 0.348887 0.277688 0.131688 0.132033 0.0399694 0.0116464 0.00175825 0.000141637 4.24311e-06 3.41388e-08 5.70677e-11 1.68183e-14 7.85451e-19 5.39633e-24 5.16715e-30 6.63687e-37
 1.91025e-41 2.65131e-33 4.44812e-26 9.02069e-20 2.21132e-14 6.55253e-10 2.34701e-06 0.00101617 0.0531829 0.336641 0.271311 0.147127 0.138512 0.0399423 0.0106874 0.00147627 9.95924e-05 2.38722e-06 1.51406e-08 1.95053e-11 4.30561e-15 1.46823e-19 7.25252e-25 4.97211e-31 4.58873e-38
 1.95844e-41 2.71819e-33 4.56032e-26 9.24824e-20 2.2671e-14 6.71783e-10 2.40622e-06 0.00104181 0.0545245 0.345168 0.279041 0.145651 0.125608 0.0379637 0.00973297 0.00119663 6.88948e-05 1.31882e-06 6.36615e-09 6.163e-12 1.01485e-15 2.55424e-20 9.19894e-26 4.54663e-32 2.99977e-39
 1.93624e-41 2.68738e-33 4.50863e-26 9.14341e-20 2.2414e-14 6.64168e-10 2.37894e-06 0.00103 0.0539067 0.341336 0.279168 0.155865 0.124241 0.0350876 0.00833749 0.000976291 4.81701e-05 7.39486e-07 2.72723e-09 1.94993e-12 2.34193e-16 4.28957e-21 1.12281e-26 4.02166e-33 1.91477e-40
 1.86885e-41 2.59383e-33 4.35169e-26 8.82515e-20 2.16338e-14 6.4105e-10 2.29614e-06 0.000994148 0.0520307 0.32958 0.274369 0.169892 0.127769 0.0365323 0.00796711 0.000827154 3.57886e-05 4.50521e-07 1.27728e-09 6.78365e-13 5.92584e-17 7.80372e-22 1.46274e-27 3.75136e-34 1.27994e-41
 1.79744e-41 2.49473e-33 4.18543e-26 8.48797e-20 2.08072e-14 6.16557e-10 2.20841e-06 0.000956164 0.0500432 0.317155 0.269739 0.183911 0.131025 0.0384352 0.00795815 0.000747593 2.71676e-05 2.7897e-07 6.20666e-10 2.48028e-13 1.58743e-17 1.5096e-22 2.02568e-28 3.69971e-35 8.96692e-43
 1.82591e-41 2.53425e-33 4.25173e-26 8.62242e-20 2.11368e-14 6.26323e-10 2.24339e-06 0.00097131 0.0508364 0.322293 0.276139 0.182261 0.121967 0.0373929 0.00746489 0.000652295 2.02602e-05 1.66522e-07 2.86937e-10 8.70731e-14 4.14484e-18 2.87857e-23 2.78584e-29 3.64172e-36 6.28769e-44
 1.82599e-41 2.53435e-33 4.25189e-26 8.62276e-20 2.11377e-14 6.26348e-10 2.24348e-06 0.000971348 0.0508384 0.322306 0.276155 0.182531 0.122935 0.0367866 0.006907 0.000552622 1.51579e-05 1.06704e-07 1.53895e-10 3.84991e-14 1.49619e-18 8.42834e-24 6.5858e-30 6.92808e-37 9.60311e-45
#pred catch len freq
 2.5666e-27 2.59765e-27 4.14017e-26 8.19412e-20 2.00869e-14 5.95211e-10 2.13195e-06 0.000923051 0.0483092 0.305617 0.233949 0.0368276 0.115953 0.107188 0.0285156 0.038472 0.0181403 0.0161592 0.0109692 0.00903698 0.00754996 0.0068456 0.00712217 0.00644088 0.00197868
 2.56912e-27 2.6041e-27 4.65751e-26 9.28527e-20 2.27617e-14 6.7447e-10 2.41584e-06 0.00104597 0.0547421 0.346313 0.265075 0.0399958 0.118198 0.108821 0.0212193 0.0211172 0.008203 0.00518399 0.00289496 0.00202266 0.00147469 0.0011897 0.00112323 0.00102969 0.000348038
 2.569e-27 2.60368e-27 4.60856e-26 9.18197e-20 2.25085e-14 6.66967e-10 2.38896e-06 0.00103433 0.0541331 0.342461 0.262152 0.0411715 0.1292 0.118875 0.0212953 0.0186789 0.00622066 0.00245014 0.00099495 0.000499767 0.000287294 0.000194351 0.000159373 0.000140509 4.94984e-05
 2.56886e-27 2.60329e-27 4.57356e-26 9.10813e-20 2.23275e-14 6.61603e-10 2.36975e-06 0.00102601 0.0536978 0.339707 0.260051 0.0413089 0.131722 0.12122 0.0220467 0.0197888 0.0063497 0.00208378 0.000642517 0.000196862 7.25022e-05 3.56954e-05 2.34541e-05 1.86657e-05 6.58696e-06
 2.57172e-27 2.61106e-27 5.26045e-26 1.05572e-19 2.58796e-14 7.6686e-10 2.74676e-06 0.00118924 0.0622407 0.393752 0.301288 0.0393635 0.087945 0.0808038 0.0145396 0.0128348 0.00413575 0.00138168 0.000397953 9.50145e-05 2.06891e-05 5.68695e-06 2.47938e-06 1.61229e-06 5.47362e-07
 2.56832e-27 2.60173e-27 4.42734e-26 8.79963e-20 2.15712e-14 6.39194e-10 2.28949e-06 0.00099126 0.051879 0.328201 0.251283 0.0424779 0.146777 0.134946 0.0214499 0.0149671 0.0048076 0.00161392 0.000468804 0.00011101 1.97782e-05 3.08599e-06 6.35134e-07 2.70451e-07 8.30558e-08
 2.56745e-27 2.59952e-27 4.244e-26 8.41291e-20 2.06232e-14 6.11103e-10 2.18887e-06 0.000947697 0.049599 0.313777 0.240261 0.0419169 0.150253 0.138426 0.0270228 0.0267895 0.00821239 0.00205277 0.000574959 0.000136809 2.43361e-05 3.18691e-06 3.24685e-07 5.76365e-08 1.37484e-08
 2.57017e-27 2.60691e-27 4.89816e-26 9.79291e-20 2.40061e-14 7.11344e-10 2.54792e-06 0.00110315 0.0577349 0.365247 0.279532 0.0399847 0.107958 0.099368 0.0195731 0.0196634 0.00654107 0.00248165 0.000663792 0.000123329 2.12329e-05 2.76082e-06 2.25082e-07 1.49889e-08 1.79269e-09
 2.56987e-27 2.60598e-27 4.80681e-26 9.60016e-20 2.35336e-14 6.97344e-10 2.49777e-06 0.00108144 0.0565986 0.358058 0.274059 0.0410235 0.119708 0.110034 0.0182609 0.0139747 0.00465258 0.00181564 0.000563424 0.000143624 2.13638e-05 2.41439e-06 1.90363e-07 8.49549e-09 3.3484e-10
 2.57006e-27 2.60652e-27 4.85501e-26 9.70185e-20 2.37829e-14 7.0473e-10 2.52423e-06 0.00109289 0.0571981 0.361851 0.276952 0.040822 0.116142 0.106772 0.0182066 0.0146518 0.00454682 0.00125725 0.000379382 0.000103704 2.01348e-05 2.40647e-06 1.60707e-07 6.46251e-09 1.31709e-10
 2.57038e-27 2.60736e-27 4.9274e-26 9.85456e-20 2.41573e-14 7.15823e-10 2.56396e-06 0.0011101 0.0580984 0.367546 0.2813 0.0407803 0.112769 0.103619 0.0169034 0.0124742 0.00389728 0.00112322 0.000300051 6.19239e-05 1.21801e-05 1.77338e-06 1.35312e-07 4.77762e-09 7.90147e-11
 2.57058e-27 2.6079e-27 4.97672e-26 9.95861e-20 2.44123e-14 7.23381e-10 2.59103e-06 0.00112182 0.0587118 0.371427 0.28426 0.0405563 0.108986 0.100148 0.0166621 0.0127942 0.00394193 0.00104191 0.000279101 5.72768e-05 8.90612e-06 1.16211e-06 1.03854e-07 4.19244e-09 6.28531e-11
 2.57011e-27 2.60661e-27 4.85995e-26 9.71227e-20 2.38085e-14 7.05487e-10 2.52694e-06 0.00109407 0.0572595 0.362239 0.277252 0.0410574 0.117722 0.108173 0.0174203 0.0125042 0.00387212 0.00106227 0.000278393 5.3302e-05 8.23625e-06 9.18551e-07 7.02198e-08 3.18082e-09 5.35022e-11
 2.56947e-27 2.60488e-27 4.70918e-26 9.39422e-20 2.30288e-14 6.82384e-10 2.44419e-06 0.00105824 0.0553844 0.350377 0.268199 0.0413487 0.1263 0.116128 0.0195498 0.0153566 0.00470773 0.00120108 0.000315178 6.17748e-05 9.08991e-06 9.6945e-07 6.52579e-08 2.55622e-09 4.64662e-11
 2.56867e-27 2.60274e-27 4.52169e-26 8.99868e-20 2.20592e-14 6.53653e-10 2.34128e-06 0.00101368 0.0530525 0.335625 0.256941 0.0417523 0.137281 0.126295 0.021946 0.0182695 0.00570123 0.0016111 0.000419624 7.75989e-05 1.15261e-05 1.20625e-06 7.63428e-08 2.64322e-09 4.25272e-11
 2.56902e-27 2.6037e-27 4.60724e-26 9.17917e-20 2.25016e-14 6.66763e-10 2.38823e-06 0.00103401 0.0541166 0.342356 0.262076 0.0414673 0.131504 0.120968 0.0210772 0.0176322 0.00555545 0.00165853 0.000448468 8.97707e-05 1.29378e-05 1.3209e-06 8.26128e-08 2.6821e-09 3.82231e-11
 2.57008e-27 2.60656e-27 4.8584e-26 9.70901e-20 2.38005e-14 7.0525e-10 2.52609e-06 0.0010937 0.0572403 0.362118 0.277156 0.0408414 0.116146 0.106767 0.0180426 0.0142832 0.00449819 0.00134746 0.000370952 7.84753e-05 1.20946e-05 1.26216e-06 7.64375e-08 2.43348e-09 3.25254e-11
 2.57004e-27 2.60641e-27 4.84198e-26 9.67436e-20 2.37155e-14 7.02733e-10 2.51707e-06 0.0010898 0.057036 0.360825 0.276174 0.0411448 0.119145 0.109477 0.0174912 0.0123383 0.00383279 0.00107551 0.000293944 6.27077e-05 1.00718e-05 1.12468e-06 7.10185e-08 2.21265e-09 2.87687e-11
 2.57011e-27 2.60661e-27 4.85953e-26 9.71137e-20 2.38062e-14 7.05422e-10 2.5267e-06 0.00109397 0.0572542 0.362206 0.277227 0.0411156 0.118182 0.108588 0.0173082 0.0121396 0.00368942 0.000900898 0.000236306 4.77067e-05 7.6419e-06 8.80518e-07 5.94328e-08 1.94012e-09 2.49627e-11
 2.57078e-27 2.60843e-27 5.02071e-26 1.00514e-19 2.46398e-14 7.30121e-10 2.61517e-06 0.00113227 0.0592589 0.374888 0.286904 0.0406595 0.107913 0.0991053 0.0155219 0.0104521 0.0031683 0.000762614 0.000191633 3.41164e-05 5.13367e-06 5.75312e-07 3.98501e-08 1.38389e-09 1.86573e-11
 2.57073e-27 2.60828e-27 5.00554e-26 1.00194e-19 2.45613e-14 7.27796e-10 2.60684e-06 0.00112866 0.0590702 0.373694 0.285995 0.0408312 0.109858 0.100871 0.0153086 0.00951958 0.00286321 0.000659593 0.000163985 2.8483e-05 3.90474e-06 3.94606e-07 2.61966e-08 9.27301e-10 1.32204e-11
 2.5709e-27 2.60875e-27 5.04813e-26 1.01092e-19 2.47816e-14 7.34323e-10 2.63022e-06 0.00113879 0.0595999 0.377045 0.288551 0.0406454 0.106649 0.0979247 0.0150638 0.00970109 0.00288877 0.000612509 0.000148398 2.47893e-05 3.32525e-06 3.12913e-07 1.8504e-08 6.19664e-10 8.94739e-12
 2.57111e-27 2.6093e-27 5.0961e-26 1.02104e-19 2.50297e-14 7.41673e-10 2.65655e-06 0.00115018 0.0601965 0.380819 0.291431 0.0405349 0.103784 0.0952723 0.014439 0.00894466 0.00267343 0.00058697 0.000140191 2.17128e-05 2.79632e-06 2.53837e-07 1.40668e-08 4.21215e-10 5.70929e-12
 2.57123e-27 2.60961e-27 5.12288e-26 1.02669e-19 2.51681e-14 7.45777e-10 2.67125e-06 0.00115655 0.0605296 0.382927 0.29304 0.0405248 0.102577 0.0941424 0.0139466 0.00810517 0.00240419 0.000502969 0.000120097 1.90518e-05 2.35026e-06 1.99713e-07 1.05743e-08 2.96132e-10 3.61607e-12
 2.57137e-27 2.61e-27 5.15729e-26 1.03395e-19 2.53461e-14 7.5105e-10 2.69013e-06 0.00116473 0.0609575 0.385634 0.295105 0.0403985 0.100165 0.0919229 0.0136677 0.00802669 0.00236391 0.000464326 0.000108281 1.65085e-05 2.05277e-06 1.72325e-07 8.5286e-09 2.25626e-10 2.56976e-12
 2.57119e-27 2.60951e-27 5.11236e-26 1.02447e-19 2.51137e-14 7.44165e-10 2.66547e-06 0.00115405 0.0603987 0.382099 0.29241 0.0406519 0.103987 0.0954216 0.0137748 0.00739027 0.00217139 0.000425722 9.78158e-05 1.40517e-05 1.6819e-06 1.38571e-07 6.81426e-09 1.70194e-10 1.81816e-12
 2.57132e-27 2.60987e-27 5.14566e-26 1.0315e-19 2.52859e-14 7.49267e-10 2.68375e-06 0.00116196 0.0608128 0.384718 0.294408 0.0404936 0.101379 0.0930297 0.0136222 0.00764293 0.0022261 0.000398655 8.98376e-05 1.28304e-05 1.48045e-06 1.1536e-07 5.50396e-09 1.35659e-10 1.38042e-12
 2.57114e-27 2.60936e-27 5.10006e-26 1.02188e-19 2.50501e-14 7.4228e-10 2.65872e-06 0.00115112 0.0602457 0.381131 0.291671 0.0406673 0.104623 0.0960143 0.0139848 0.00771918 0.00225851 0.000423351 9.45352e-05 1.24621e-05 1.4068e-06 1.0694e-07 4.82474e-09 1.14323e-10 1.13963e-12
 2.57039e-27 2.60733e-27 4.92162e-26 9.84235e-20 2.41273e-14 7.14936e-10 2.56078e-06 0.00110872 0.0580264 0.367091 0.280957 0.04109 0.115367 0.105957 0.0162495 0.0103802 0.0030481 0.000572975 0.000129277 1.76789e-05 1.92358e-06 1.37718e-07 6.04502e-09 1.36178e-10 1.2984e-12
#obs catch len freq
 1.74882e-41 2.42724e-33 4.0722e-26 8.25834e-20 2.02444e-14 5.99877e-10 2.14866e-06 0.000930297 0.048688 0.308015 0.235933 0.0440994 0.153934 0.130446 0.0370803 0.0286501 0.00879645 0.00280233 0.000554475 6.5416e-05 3.37882e-06 5.5919e-08 2.20296e-10 1.65442e-13 2.0461e-17
 1.7735e-41 2.4615e-33 4.12968e-26 8.37492e-20 2.05301e-14 6.08345e-10 2.17899e-06 0.000943429 0.0493753 0.312363 0.239311 0.0459728 0.155329 0.12454 0.0358063 0.0259321 0.00767285 0.00228976 0.000417523 4.32135e-05 1.84338e-06 2.3715e-08 6.96014e-11 3.79682e-14 3.35988e-18
 2.18261e-41 3.02933e-33 5.08232e-26 1.03068e-19 2.5266e-14 7.48679e-10 2.68164e-06 0.00116106 0.0607652 0.384418 0.294287 0.0433226 0.0988084 0.0746831 0.0220003 0.014932 0.00423453 0.00117154 0.000194831 1.75708e-05 6.17693e-07 6.18291e-09 1.3523e-11 5.35457e-15 3.38968e-19
 1.73651e-41 2.41016e-33 4.04355e-26 8.20023e-20 2.01019e-14 5.95656e-10 2.13354e-06 0.000923751 0.0483454 0.305848 0.234564 0.053769 0.183894 0.129073 0.0257517 0.0131613 0.00359815 0.000920814 0.000137921 1.07017e-05 3.07767e-07 2.39569e-09 3.91611e-12 1.12868e-15 5.11906e-20
 2.11197e-41 2.93128e-33 4.91782e-26 9.97325e-20 2.44482e-14 7.24446e-10 2.59485e-06 0.00112348 0.0587984 0.371976 0.284931 0.0474095 0.112975 0.0763079 0.0271194 0.0158306 0.00289842 0.000549617 7.32437e-05 4.82887e-06 1.12232e-07 6.75806e-10 8.26317e-13 1.73994e-16 5.67648e-21
 2.38477e-41 3.30991e-33 5.55306e-26 1.12615e-19 2.76062e-14 8.18023e-10 2.93002e-06 0.0012686 0.0663934 0.420024 0.321578 0.0454372 0.0785462 0.0484203 0.0110571 0.00545164 0.00151602 0.000278428 2.42474e-05 1.25091e-06 2.31816e-08 1.0703e-10 9.75398e-14 1.50175e-17 3.53555e-22
 1.35254e-41 1.87724e-33 3.14946e-26 6.38704e-20 1.56571e-14 4.63948e-10 1.66178e-06 0.000719496 0.0376555 0.238224 0.183711 0.0756571 0.271381 0.154668 0.0262985 0.00955978 0.00176673 0.000324851 3.12497e-05 1.12042e-06 1.45765e-08 5.03322e-11 3.39577e-14 3.81162e-18 6.47471e-23
 2.2346e-41 3.10148e-33 5.20338e-26 1.05523e-19 2.58678e-14 7.66511e-10 2.74552e-06 0.00118871 0.0622126 0.393576 0.301547 0.0482228 0.0876296 0.0530911 0.0344058 0.0158166 0.00205142 0.000236937 1.82519e-05 6.28146e-07 6.01e-09 1.39168e-11 6.62731e-15 5.35864e-19 6.54429e-24
 2.02001e-41 2.80364e-33 4.70368e-26 9.53897e-20 2.33837e-14 6.92901e-10 2.48186e-06 0.00107456 0.0562381 0.355782 0.273239 0.0633936 0.151119 0.0749213 0.0148856 0.00670533 0.00233312 0.000291484 1.35255e-05 3.25882e-07 2.59491e-09 4.51456e-12 1.45167e-15 7.9403e-20 6.75462e-25
 2.06658e-41 2.86828e-33 4.81214e-26 9.75891e-20 2.39228e-14 7.08877e-10 2.53908e-06 0.00109933 0.0575348 0.363986 0.279601 0.0636203 0.138121 0.0665262 0.0210978 0.00712116 0.00108259 0.000194413 1.28952e-05 2.16246e-07 1.09915e-09 1.41834e-12 3.41856e-16 1.31476e-20 7.56276e-26
 2.02913e-41 2.81629e-33 4.72492e-26 9.58204e-20 2.34892e-14 6.96029e-10 2.49306e-06 0.00107941 0.0564921 0.357391 0.274889 0.0692774 0.147494 0.0658692 0.0196767 0.00656128 0.00114327 0.000117547 7.09531e-06 1.46557e-07 6.07457e-10 5.02398e-13 8.15494e-17 2.25533e-21 9.36469e-27
 2.1428e-41 2.97407e-33 4.98962e-26 1.01189e-19 2.48052e-14 7.35023e-10 2.63273e-06 0.00113988 0.0596569 0.377414 0.290228 0.0677795 0.126498 0.0535823 0.0174761 0.00527659 0.000856941 8.58148e-05 3.65515e-06 5.84283e-08 2.4247e-10 1.76763e-13 2.03316e-17 3.68108e-22 1.0264e-27
 2.09525e-41 2.90807e-33 4.8789e-26 9.8943e-20 2.42547e-14 7.18712e-10 2.57431e-06 0.00111459 0.058333 0.369042 0.284318 0.0751575 0.138224 0.0536091 0.0152482 0.00421828 0.000671414 5.9695e-05 2.21792e-06 2.60486e-08 7.80408e-11 4.78701e-14 4.78255e-18 6.8733e-23 1.36771e-28
 2.04431e-41 2.83737e-33 4.76027e-26 9.65374e-20 2.3665e-14 7.01237e-10 2.51172e-06 0.00108749 0.0569148 0.360074 0.27801 0.0819898 0.145692 0.0543143 0.0171398 0.00416656 0.000563081 4.48523e-05 1.43415e-06 1.36121e-08 3.00159e-11 1.29053e-14 9.55756e-19 1.08932e-23 1.74749e-29
 1.92337e-41 2.66952e-33 4.47867e-26 9.08264e-20 2.2265e-14 6.59754e-10 2.36313e-06 0.00102315 0.0535478 0.338781 0.262683 0.094066 0.16505 0.0593996 0.020101 0.00469293 0.000612202 4.00848e-05 1.05086e-06 8.0919e-09 1.38156e-11 4.36644e-15 2.27575e-19 1.81398e-24 2.09439e-30
 1.75372e-41 2.43404e-33 4.08361e-26 8.28148e-20 2.03011e-14 6.01558e-10 2.15468e-06 0.000932903 0.0488245 0.308911 0.241205 0.109788 0.189154 0.0683581 0.0261332 0.00588756 0.000757609 4.50626e-05 9.57732e-07 5.67692e-09 7.43987e-12 1.77271e-15 6.78656e-20 3.87232e-25 3.13714e-31
 1.96421e-41 2.72619e-33 4.57375e-26 9.27548e-20 2.27377e-14 6.73761e-10 2.4133e-06 0.00104488 0.0546847 0.345985 0.269149 0.097927 0.144792 0.0554435 0.0245417 0.00564694 0.00074006 4.09374e-05 7.51665e-07 3.50874e-09 3.42564e-12 6.0164e-16 1.6952e-20 7.06756e-26 4.13801e-32
 1.92375e-41 2.67004e-33 4.47954e-26 9.08442e-20 2.22694e-14 6.59883e-10 2.36359e-06 0.00102335 0.0535583 0.338875 0.265146 0.111584 0.156338 0.0506217 0.0178809 0.00434047 0.000597826 3.19554e-05 5.2015e-07 1.99861e-09 1.50632e-12 1.95084e-16 3.972e-21 1.1923e-26 5.03079e-33
 1.90553e-41 2.64475e-33 4.43712e-26 8.99839e-20 2.20585e-14 6.53633e-10 2.34121e-06 0.00101366 0.0530511 0.335682 0.263869 0.118647 0.154686 0.0511553 0.0180083 0.00343992 0.000422334 2.2264e-05 3.30486e-07 1.07306e-09 6.44657e-13 6.37678e-17 9.60073e-22 2.08468e-27 6.28822e-34
 1.92569e-41 2.67273e-33 4.48406e-26 9.09359e-20 2.22919e-14 6.60549e-10 2.36598e-06 0.00102439 0.0536124 0.339251 0.26768 0.12298 0.147183 0.0482186 0.0166597 0.00306375 0.000311085 1.33757e-05 1.75815e-07 4.91287e-10 2.40625e-13 1.86218e-17 2.1294e-22 3.43564e-28 7.5716e-35
 2.00365e-41 2.78094e-33 4.6656e-26 9.46174e-20 2.31944e-14 6.87291e-10 2.46176e-06 0.00106586 0.055783 0.352999 0.278873 0.121973 0.131463 0.0417081 0.0135413 0.00236506 0.000218327 7.59835e-06 7.72405e-08 1.74178e-10 6.93914e-14 4.26585e-18 3.77319e-23 4.61057e-29 7.57322e-36
 2.00171e-41 2.77824e-33 4.66108e-26 9.45257e-20 2.31719e-14 6.86625e-10 2.45938e-06 0.00106483 0.0557289 0.35269 0.280396 0.129987 0.129252 0.037981 0.0109974 0.00175213 0.000144465 4.2779e-06 3.38944e-08 5.69594e-11 1.71254e-14 8.09943e-19 5.52593e-24 5.16191e-30 6.40314e-37
 2.04115e-41 2.83299e-33 4.75293e-26 9.63884e-20 2.36285e-14 7.00155e-10 2.50784e-06 0.00108581 0.0568272 0.359668 0.286942 0.131177 0.118974 0.0346767 0.00927994 0.00127473 8.92852e-05 2.20834e-06 1.40013e-08 1.78542e-11 3.92711e-15 1.34876e-19 6.74755e-25 4.6747e-31 4.32662e-38
 1.97437e-41 2.7403e-33 4.59742e-26 9.32347e-20 2.28554e-14 6.77247e-10 2.42579e-06 0.00105028 0.054968 0.347974 0.281235 0.146163 0.124561 0.0344877 0.008444 0.00105189 6.10765e-05 1.20165e-06 5.97274e-09 5.84024e-12 9.58694e-16 2.39924e-20 8.62031e-26 4.27186e-32 2.83725e-39
 2.0212e-41 2.80529e-33 4.70645e-26 9.54458e-20 2.33974e-14 6.93309e-10 2.48332e-06 0.00107519 0.0562718 0.356268 0.288797 0.143957 0.112559 0.0326163 0.00757714 0.000834785 4.09785e-05 6.37842e-07 2.40102e-09 1.75826e-12 2.14693e-16 3.95709e-21 1.03519e-26 3.6958e-33 1.75425e-40
 1.99973e-41 2.77549e-33 4.65646e-26 9.44321e-20 2.31489e-14 6.85945e-10 2.45694e-06 0.00106377 0.0556744 0.35258 0.289219 0.153467 0.110932 0.0299204 0.00644413 0.000669023 2.78432e-05 3.44723e-07 9.85253e-10 5.30991e-13 4.71882e-17 6.31857e-22 1.19963e-27 3.10037e-34 1.06122e-41
 1.93522e-41 2.68596e-33 4.50625e-26 9.13858e-20 2.24021e-14 6.63817e-10 2.37768e-06 0.00102945 0.0538788 0.341355 0.285109 0.166861 0.114104 0.0309995 0.00608334 0.000557504 2.0168e-05 2.02726e-07 4.42777e-10 1.76605e-13 1.13899e-17 1.09504e-22 1.4872e-28 2.74931e-35 6.73755e-43
 1.86621e-41 2.59017e-33 4.34555e-26 8.81269e-20 2.16033e-14 6.40144e-10 2.29289e-06 0.000992744 0.0519582 0.32938 0.281155 0.1803 0.117183 0.0324966 0.00602254 0.000494132 1.49043e-05 1.21364e-07 2.06698e-10 6.17907e-14 2.91341e-18 2.02001e-23 1.96238e-29 2.58211e-36 4.49279e-44
 1.88934e-41 2.62229e-33 4.39943e-26 8.92195e-20 2.18711e-14 6.48081e-10 2.32132e-06 0.00100505 0.0526023 0.333425 0.282969 0.174158 0.115265 0.0337911 0.00627046 0.000497918 1.3598e-05 9.54744e-08 1.37486e-10 3.43605e-14 1.3345e-18 7.51411e-24 5.86946e-30 6.17293e-37 8.55464e-45
#spawning biomass
 6693.41 7819.24 9965.93 11633.6 17167.3 28620.6 29575.4 32955.3 44549 56015.9 64942.9 91683.3 115096 139066 145933 123570 113410 112709 106464 101426 103311 111117 120303 125675 139290 135453 134639 136219 168493 280581 261966 143395 72100.8 39204.2 25741.6 20628.2 18782.2 18139.3 17921.2 17848.6 17824.8 17817.1 17814.6 17813.9 17813.6 17813.5 17813.5 17813.5 17813.5 17813.5 17813.5 17813.5 17813.5 17813.5 17813.5 17813.5 17813.5 17813.5 17813.5 17813.5 17813.5 17813.5 17813.5 17813.5 17813.5 17813.5 17813.5 17813.5 17813.5 17813.5 17813.5 17813.5 17813.5 17813.5 17813.5 17813.5 17813.5 17813.5 17813.5 17813.5 17813.5 17813.5 17813.5 17813.5 17813.5 17813.5 17813.5 17813.5 17813.5 17813.5 17813.5 17813.5 17813.5 17813.5 17813.5 17813.5 17813.5 17813.5 17813.5 17813.5 17813.5 17813.5 17813.5 17813.5 17813.5 17813.5 17813.5 17813.5 17813.5 17813.5 17813.5 17813.5 17813.5 17813.5 17813.5 17813.5 17813.5 17813.5 17813.5 17813.5 17813.5 17813.5 17813.5 17813.5 17813.5 17813.5 17813.5 17813.5 17813.5 0 0 0 0 0 0 0 0 0 0 0 0 0 0 0 0 0 0 0 0 0 0 0 0 0
