SBPRF35
0.120523
Curr Bio
148353
B35
148320
F35
0.999918
FOFL
0.999918
OFL
70851.2
Bzero
34435.1
#pred survey bio
 5909.89 8636.6 11858.5 14311.2 23183.7 33892.8 33887.2 39283.7 53083.1 65770.1 83229.2 111022 147604 168652 168568 140583 132285 127724 115675 110136 119850 135238 144933 146148 157965 166323 161330 162062 4.00708e+06 2.96063e+06 1.44669e+06 753631 494457 393634 349823 328670 317752 311934 308796 307099 306182 305688 305422 305277 305201 305161 305140 305129 305123 305120 305118 305117 305117 305117 305117 305116 305116 305116 305116 305116 305116 305116 305116 305116 305116 305116 305116 305116 305116 305116 305116 305116 305116 305116 305116 305116 305116 305116 305116 305116 305116 305116 305116 305116 305116 305116 305116 305116 305116 305116 305116 305116 305116 305116 305116 305116 305116 305116 305116 305116 305116 305116 305116 305116 305116 305116 305116 305116 305116 305116 305116 305116 305116 305116 305116 305116 305116 305116 305116 305116 305116 305116 305116 305116 305116 305116 305116 305116 0 0 0 0 0 0 0 0 0 0 0 0 0 0 0 0 0 0 0 0 0 0 0 0 0
#obs survey bio
 4684.36 5573.54 11460 13289.6 35756.5 23271.4 33134.2 42038.5 39214.5 68278.9 89383.4 115600 220028 102102 148838 155521 97332.9 105824 96379.5 93871.8 116948 151089 129315 183318 115986 196415 146068 99232.3
#pred catch bio
 2210.11 4228.41 6178.4 7326.93 9711.1 18109.3 19439.7 20650.3 29820 36378.6 45896.2 61320.2 86742.9 100377 109784 89719.3 85852.5 86928.5 79115.2 73122.9 78640.5 89333.1 99478.8 99620.2 112261 119248 110387 100355 70851.2 63475.5 25918.4 11101.2 6863.41 5786.69 5532.21 5474.97 5462.54 5459.91 5459.37 5459.25 5459.23 5459.23 5459.23 5459.22 5459.22 5459.22 5459.22 5459.22 5459.22 5459.22 5459.22 5459.22 5459.22 5459.22 5459.22 5459.22 5459.22 5459.22 5459.22 5459.22 5459.22 5459.22 5459.22 5459.22 5459.22 5459.22 5459.22 5459.22 5459.22 5459.22 5459.22 5459.22 5459.22 5459.22 5459.22 5459.22 5459.22 5459.22 5459.22 5459.22 5459.22 5459.22 5459.22 5459.22 5459.22 5459.22 5459.22 5459.22 5459.22 5459.22 5459.22 5459.22 5459.22 5459.22 5459.22 5459.22 5459.22 5459.22 5459.22 5459.22 5459.22 5459.22 5459.22 5459.22 5459.22 5459.22 5459.22 5459.22 5459.22 5459.22 5459.22 5459.22 5459.22 5459.22 5459.22 5459.22 5459.22 5459.22 5459.22 5459.22 5459.22 5459.22 5459.22 5459.22 5459.22 5459.22 5459.22 5459.22 0 0 0 0 0 0 0 0 0 0 0 0 0 0 0 0 0 0 0 0 0 0 0 0 0
#obs catch bio
 4391.45 4354.39 6248.14 7341.27 9458.89 17918.1 19537.1 20397 29954 35825.1 44901.6 60289.5 84818.6 100304 109274 88442.4 86002.1 87833.6 79717.3 72902.4 78369 86853.2 97294.9 95913.8 112143 117238 108531 99751.8
#pred cpue bio
 4735.15 6433.84 8745.08 10779.1 16253.6 25962.5 26359 28464.6 38915.6 48137.8 60933.9 80315.9 107157 124354 127475 106059 97753.1 93708 84428.7 79372.6 85280.8 96286.6 104100 104286 111562 116132 114538 116350 2.95041e+06 2.85567e+06 1.40005e+06 703644 444063 343207 299393 278240 267322 261504 258366 256669 255752 255258 254992 254847 254771 254731 254710 254699 254693 254690 254688 254687 254687 254687 254687 254686 254686 254686 254686 254686 254686 254686 254686 254686 254686 254686 254686 254686 254686 254686 254686 254686 254686 254686 254686 254686 254686 254686 254686 254686 254686 254686 254686 254686 254686 254686 254686 254686 254686 254686 254686 254686 254686 254686 254686 254686 254686 254686 254686 254686 254686 254686 254686 254686 254686 254686 254686 254686 254686 254686 254686 254686 254686 254686 254686 254686 254686 254686 254686 254686 254686 254686 254686 254686 254686 254686 254686 254686 0 0 0 0 0 0 0 0 0 0 0 0 0 0 0 0 0 0 0 0 0 0 0 0 0
#obs cpue bio
 6818.55 5158.4 8778.53 14015.1 23480.5 25759 30742.3 31396.2 43733.4 72522.8 85881.8 91317.2 111097 156525 172947 130892 109731 95481.9 92346.6 103319 92573.8 163464 153942 167442 119994 148023 160758 204775
#pred surv len freq
 2.56988e-27 2.60638e-27 4.88695e-26 9.76942e-20 2.39486e-14 7.09638e-10 2.54181e-06 0.0011005 0.0575965 0.364371 0.278814 0.0369212 0.0851459 0.0785504 0.0198476 0.0257585 0.0119164 0.0103241 0.00685019 0.00552194 0.00450811 0.0039943 0.00405957 0.00361388 0.00110373
 2.57124e-27 2.60981e-27 5.15838e-26 1.03419e-19 2.53519e-14 7.51221e-10 2.69075e-06 0.00116499 0.0609714 0.385722 0.29515 0.0389498 0.0891088 0.0819366 0.0157489 0.0153711 0.00588294 0.00358818 0.00194727 0.00131998 0.000933666 0.000731276 0.000669682 0.00060033 0.00020121
 2.57117e-27 2.60954e-27 5.1253e-26 1.02721e-19 2.51807e-14 7.46149e-10 2.67258e-06 0.00115713 0.0605598 0.383118 0.293175 0.0397958 0.0969347 0.0890753 0.0155575 0.0130831 0.00434819 0.00170024 0.000673753 0.000325299 0.000179485 0.000116763 9.20047e-05 7.8619e-05 2.7368e-05
 2.57037e-27 2.60737e-27 4.93304e-26 9.86647e-20 2.41865e-14 7.16688e-10 2.56706e-06 0.00111144 0.0581686 0.367991 0.281634 0.0404173 0.109773 0.100928 0.0177698 0.0151352 0.0048222 0.00153352 0.000469815 0.000141622 4.98328e-05 2.326e-05 1.44867e-05 1.10365e-05 3.82935e-06
 2.5727e-27 2.61374e-27 5.49865e-26 1.10597e-19 2.71115e-14 8.03362e-10 2.87751e-06 0.00124585 0.0652033 0.412494 0.315585 0.0385126 0.0714244 0.0655931 0.0124716 0.011945 0.00382759 0.0012365 0.000350909 8.15724e-05 1.74683e-05 4.56409e-06 1.84869e-06 1.12903e-06 3.73913e-07
 2.56968e-27 2.60545e-27 4.75967e-26 9.50072e-20 2.32899e-14 6.9012e-10 2.4719e-06 0.00107024 0.0560123 0.354349 0.27123 0.0412367 0.123318 0.113351 0.0185811 0.0138682 0.00458931 0.00174486 0.000506908 0.000116314 2.0185e-05 3.06175e-06 5.87722e-07 2.27796e-07 6.72742e-08
 2.56921e-27 2.6043e-27 4.66846e-26 9.30835e-20 2.28183e-14 6.76147e-10 2.42185e-06 0.00104857 0.0548782 0.347175 0.265742 0.0406043 0.122362 0.112693 0.0225336 0.0230355 0.00717199 0.0019785 0.000590677 0.000154802 2.71525e-05 3.44166e-06 3.35881e-07 5.3431e-08 1.18778e-08
 2.57177e-27 2.61122e-27 5.27772e-26 1.05936e-19 2.5969e-14 7.69507e-10 2.75625e-06 0.00119335 0.0624556 0.395111 0.30232 0.0390074 0.08451 0.0776947 0.0150847 0.0148781 0.00502177 0.00202158 0.000559366 0.00011491 2.18787e-05 2.9382e-06 2.31578e-07 1.43069e-08 1.51977e-09
 2.57127e-27 2.60978e-27 5.14383e-26 1.03111e-19 2.52765e-14 7.48989e-10 2.68275e-06 0.00116153 0.0607903 0.384576 0.294291 0.04 0.0977042 0.0897366 0.0147961 0.0111765 0.00371503 0.00144409 0.000459597 0.000123899 1.98787e-05 2.52373e-06 2.10711e-07 9.11293e-09 3.2104e-10
 2.57132e-27 2.60994e-27 5.15795e-26 1.03409e-19 2.53495e-14 7.51152e-10 2.6905e-06 0.00116488 0.0609659 0.385687 0.295138 0.0398908 0.0962782 0.0884483 0.0150755 0.0121226 0.00376342 0.00104301 0.000314147 8.63538e-05 1.76047e-05 2.26542e-06 1.70439e-07 7.33001e-09 1.44005e-10
 2.57131e-27 2.60992e-27 5.15632e-26 1.03375e-19 2.53411e-14 7.50903e-10 2.68961e-06 0.0011645 0.0609456 0.385559 0.29504 0.0398879 0.0963248 0.0884917 0.0150909 0.0121501 0.00382333 0.00113702 0.000305225 6.31135e-05 1.24452e-05 1.88107e-06 1.55205e-07 6.14734e-09 1.08797e-10
 2.5717e-27 2.61096e-27 5.2493e-26 1.05337e-19 2.5822e-14 7.65151e-10 2.74064e-06 0.00118659 0.0621021 0.392874 0.300621 0.0395957 0.0901798 0.0828245 0.0141483 0.0114266 0.00359691 0.00107279 0.000294962 6.21568e-05 9.71578e-06 1.27322e-06 1.17787e-07 5.14636e-09 8.59636e-11
 2.57156e-27 2.61059e-27 5.21455e-26 1.04603e-19 2.56423e-14 7.59826e-10 2.72157e-06 0.00117834 0.0616698 0.39014 0.298537 0.0398124 0.0932935 0.0856715 0.0141748 0.0107696 0.00338821 0.0010133 0.000278908 5.93404e-05 9.50444e-06 1.07738e-06 8.30249e-08 3.90057e-09 7.08955e-11
 2.57104e-27 2.60915e-27 5.08637e-26 1.01899e-19 2.49794e-14 7.40183e-10 2.65121e-06 0.00114787 0.0600756 0.380054 0.290843 0.0402772 0.102236 0.0939071 0.0153269 0.0113209 0.00350959 0.000968023 0.000263886 5.6253e-05 9.06191e-06 1.04138e-06 7.19183e-08 2.85704e-09 5.39996e-11
 2.57017e-27 2.60679e-27 4.87909e-26 9.75265e-20 2.39075e-14 7.08421e-10 2.53744e-06 0.00109862 0.0574976 0.363746 0.278398 0.0407907 0.114887 0.105607 0.0178709 0.0141778 0.00437682 0.00116618 0.000308282 6.1399e-05 9.80742e-06 1.13262e-06 7.85333e-08 2.8245e-09 4.63714e-11
 2.57027e-27 2.60707e-27 4.904e-26 9.80521e-20 2.40363e-14 7.12238e-10 2.55112e-06 0.00110454 0.0578075 0.365706 0.279893 0.040669 0.112911 0.103793 0.017708 0.0142665 0.00445659 0.00127152 0.000335658 6.435e-05 9.70226e-06 1.07815e-06 7.48528e-08 2.67672e-09 4.00212e-11
 2.571e-27 2.60908e-27 5.08252e-26 1.01818e-19 2.49595e-14 7.39593e-10 2.6491e-06 0.00114696 0.0600277 0.379751 0.290609 0.0400979 0.101037 0.0928427 0.0159148 0.0129336 0.00405655 0.00118436 0.000320301 6.48656e-05 9.60719e-06 1.01005e-06 6.66497e-08 2.36505e-09 3.4847e-11
 2.5712e-27 2.60958e-27 5.12375e-26 1.02688e-19 2.51726e-14 7.45911e-10 2.67173e-06 0.00115676 0.0605404 0.382995 0.293087 0.0402061 0.100118 0.0919414 0.0147773 0.0105643 0.00330907 0.000971693 0.000264869 5.50361e-05 8.52574e-06 9.09996e-07 5.70966e-08 1.92114e-09 2.78472e-11
 2.57134e-27 2.60994e-27 5.1538e-26 1.03322e-19 2.5328e-14 7.50515e-10 2.68822e-06 0.0011639 0.0609141 0.385359 0.294894 0.0402499 0.0991826 0.0910504 0.0141224 0.00928883 0.00282909 0.000707593 0.000188985 3.9513e-05 6.2384e-06 6.93019e-07 4.46418e-08 1.44342e-09 1.9869e-11
 2.57173e-27 2.61101e-27 5.24905e-26 1.05331e-19 2.58206e-14 7.65111e-10 2.7405e-06 0.00118653 0.0620988 0.392854 0.300612 0.0399689 0.0930266 0.0853704 0.0131314 0.00845607 0.00254031 0.000577132 0.000144606 2.63878e-05 4.09626e-06 4.62229e-07 3.09089e-08 1.02622e-09 1.37052e-11
 2.57212e-27 2.61206e-27 5.3416e-26 1.07283e-19 2.62992e-14 7.79293e-10 2.7913e-06 0.00120852 0.0632498 0.400135 0.306167 0.0396843 0.0869574 0.0797717 0.0121747 0.00768342 0.00230201 0.000513628 0.000125104 2.07083e-05 2.85938e-06 2.98233e-07 2.01035e-08 6.90785e-10 9.44921e-12
 2.57209e-27 2.61197e-27 5.3331e-26 1.07104e-19 2.62553e-14 7.77991e-10 2.78663e-06 0.00120651 0.0631442 0.399467 0.305658 0.0397692 0.0879617 0.0806846 0.012085 0.00724845 0.00216355 0.000473031 0.000114308 1.84891e-05 2.38608e-06 2.19792e-07 1.33501e-08 4.54744e-10 6.41037e-12
 2.57182e-27 2.61123e-27 5.26744e-26 1.05719e-19 2.59157e-14 7.6793e-10 2.75059e-06 0.0011909 0.0623275 0.394301 0.301717 0.0399958 0.0924549 0.0848247 0.0127061 0.00762161 0.00225924 0.000467212 0.00011121 1.76456e-05 2.23751e-06 1.95077e-07 1.04842e-08 3.19117e-10 4.39491e-12
 2.57202e-27 2.61177e-27 5.31552e-26 1.06733e-19 2.61644e-14 7.75297e-10 2.77698e-06 0.00120233 0.0629255 0.398084 0.304603 0.0398427 0.0892624 0.0818808 0.0122233 0.0072616 0.00215 0.000440863 0.000103381 1.55943e-05 1.93344e-06 1.64863e-07 8.4165e-09 2.28067e-10 2.80506e-12
 2.57232e-27 2.61259e-27 5.38827e-26 1.08268e-19 2.65406e-14 7.86445e-10 2.81691e-06 0.00121962 0.0638303 0.403808 0.30897 0.0396185 0.0844874 0.0774758 0.0114676 0.00664713 0.00196484 0.00039928 9.3294e-05 1.39165e-05 1.6683e-06 1.36439e-07 6.77921e-09 1.74309e-10 1.92211e-12
 2.57262e-27 2.61341e-27 5.45975e-26 1.09776e-19 2.69102e-14 7.97399e-10 2.85615e-06 0.0012366 0.0647193 0.409432 0.313263 0.03948 0.0804182 0.0737027 0.0104711 0.00532415 0.00156187 0.000305875 7.07987e-05 1.04641e-05 1.24414e-06 9.915e-08 4.70932e-09 1.16905e-10 1.22118e-12
 2.57212e-27 2.61204e-27 5.33711e-26 1.07189e-19 2.6276e-14 7.78605e-10 2.78883e-06 0.00120746 0.063194 0.399782 0.305902 0.0399721 0.0893339 0.0819017 0.0114101 0.00539989 0.00155841 0.00026649 5.94006e-05 8.48738e-06 9.96212e-07 7.8559e-08 3.64754e-09 8.67459e-11 8.69773e-13
 2.57182e-27 2.61122e-27 5.26579e-26 1.05684e-19 2.59072e-14 7.67676e-10 2.74969e-06 0.00119051 0.062307 0.394171 0.301619 0.0400609 0.0930193 0.0853338 0.0125846 0.00721295 0.00208097 0.000335958 7.18294e-05 9.08253e-06 1.01441e-06 7.78259e-08 3.56489e-09 8.29297e-11 7.98952e-13
#obs surv len freq
 1.76553e-41 2.45044e-33 4.11111e-26 8.33726e-20 2.04378e-14 6.05609e-10 2.16919e-06 0.000939186 0.0491533 0.310958 0.238179 0.0440371 0.152075 0.128838 0.036364 0.0279296 0.00837664 0.00259181 0.000495976 5.69751e-05 2.86696e-06 4.59932e-08 1.75398e-10 1.27888e-13 1.54063e-17
 2.17005e-41 3.01189e-33 5.05308e-26 1.02475e-19 2.51206e-14 7.4437e-10 2.66621e-06 0.00115438 0.0604155 0.382206 0.292555 0.0420244 0.097712 0.0782509 0.0226994 0.0164885 0.0048134 0.00140531 0.000246868 2.46116e-05 1.01802e-06 1.27568e-08 3.64542e-11 1.937e-14 1.67335e-18
 1.7271e-41 2.3971e-33 4.02162e-26 8.15577e-20 1.99929e-14 5.92427e-10 2.12198e-06 0.000918742 0.0480833 0.30419 0.233203 0.051165 0.181141 0.135299 0.0265554 0.0141683 0.00398935 0.00109209 0.000176617 1.53155e-05 5.17848e-07 5.03012e-09 1.07432e-11 4.16301e-15 2.58172e-19
 2.08801e-41 2.89802e-33 4.86203e-26 9.86011e-20 2.41709e-14 7.16228e-10 2.56541e-06 0.00111073 0.0581314 0.367756 0.281646 0.0458555 0.113774 0.0816038 0.0281052 0.0178508 0.00338916 0.000669936 9.75927e-05 7.35154e-06 2.0341e-07 1.52815e-09 2.43074e-12 6.86072e-16 3.0574e-20
 2.37047e-41 3.29006e-33 5.51976e-26 1.1194e-19 2.74407e-14 8.13117e-10 2.91245e-06 0.00126099 0.0659953 0.417505 0.319604 0.0442984 0.0792083 0.052166 0.011703 0.00612024 0.00174778 0.000352535 3.31399e-05 1.95546e-06 4.39594e-08 2.55957e-10 3.0359e-13 6.23884e-17 1.99716e-21
 1.31992e-41 1.83196e-33 3.07349e-26 6.23299e-20 1.52794e-14 4.52757e-10 1.6217e-06 0.000702142 0.0367473 0.232477 0.179108 0.0712018 0.272168 0.166361 0.0279778 0.0107614 0.00204957 0.000400053 4.3187e-05 1.79236e-06 2.82214e-08 1.24352e-10 1.10167e-13 1.65398e-17 3.81101e-22
 2.20617e-41 3.06201e-33 5.13716e-26 1.04181e-19 2.55387e-14 7.56757e-10 2.71058e-06 0.00117359 0.0614209 0.388567 0.297646 0.046804 0.0896343 0.0570705 0.0361957 0.0186178 0.00253083 0.000309211 2.60921e-05 1.05688e-06 1.24405e-08 3.67599e-11 2.31244e-14 2.51896e-18 4.18939e-23
 1.97871e-41 2.74632e-33 4.60752e-26 9.34397e-20 2.29056e-14 6.78736e-10 2.43112e-06 0.00105259 0.0550885 0.348508 0.267539 0.0611568 0.15622 0.0832589 0.0163077 0.00761984 0.00282268 0.000402248 2.05927e-05 5.73057e-07 5.63855e-09 1.26374e-11 5.3734e-15 3.96892e-19 4.62153e-24
 2.03059e-41 2.81832e-33 4.72832e-26 9.58893e-20 2.35061e-14 6.9653e-10 2.49486e-06 0.00108019 0.0565327 0.357645 0.274596 0.0613012 0.142446 0.0732939 0.0229358 0.00856454 0.00132521 0.000256911 2.01618e-05 4.03081e-07 2.50306e-09 4.15093e-12 1.3269e-15 6.88962e-20 5.42017e-25
 1.98044e-41 2.74872e-33 4.61156e-26 9.35214e-20 2.29257e-14 6.7933e-10 2.43325e-06 0.00105351 0.0551367 0.348815 0.268149 0.0670547 0.154477 0.0738019 0.0218828 0.00797594 0.00147275 0.000166708 1.12561e-05 2.86045e-07 1.49869e-09 1.59334e-12 3.4168e-16 1.27578e-20 7.24041e-26
 2.09487e-41 2.90754e-33 4.87801e-26 9.8925e-20 2.42503e-14 7.18581e-10 2.57384e-06 0.00111438 0.0583224 0.36897 0.283593 0.0659555 0.133695 0.0605152 0.0199312 0.00662617 0.00114002 0.000127979 6.27706e-06 1.20362e-07 6.36774e-10 6.09058e-13 9.31103e-17 2.27141e-21 8.64915e-27
 2.0497e-41 2.84485e-33 4.77282e-26 9.67919e-20 2.37274e-14 7.03086e-10 2.51834e-06 0.00109035 0.0570648 0.361016 0.277939 0.0729794 0.145935 0.0605131 0.0172421 0.00522723 0.000896041 8.99783e-05 3.91238e-06 5.61938e-08 2.13496e-10 1.72049e-13 2.30586e-17 4.48942e-22 1.21896e-27
 1.99844e-41 2.7737e-33 4.65346e-26 9.43712e-20 2.3134e-14 6.85503e-10 2.45536e-06 0.00106309 0.0556377 0.351992 0.271521 0.0795818 0.154112 0.0609684 0.0191938 0.00511932 0.00073879 6.6878e-05 2.53914e-06 2.98651e-08 8.45234e-11 4.78672e-14 4.76319e-18 7.39137e-23 1.62588e-28
 1.86982e-41 2.59518e-33 4.35396e-26 8.82974e-20 2.16451e-14 6.41383e-10 2.29733e-06 0.000994664 0.0520568 0.329344 0.255051 0.0913129 0.175324 0.0665862 0.0226962 0.00576445 0.000805999 5.99263e-05 1.86961e-06 1.80416e-08 3.99297e-11 1.67441e-14 1.17694e-18 1.2801e-23 2.0337e-29
 1.68724e-41 2.34178e-33 3.92882e-26 7.96756e-20 1.95315e-14 5.78755e-10 2.07301e-06 0.000897541 0.0469737 0.297196 0.231674 0.106472 0.201439 0.0764862 0.0303254 0.00742915 0.00103372 6.99639e-05 1.77435e-06 1.31953e-08 2.25527e-11 7.1775e-15 3.72366e-19 2.90751e-24 3.24621e-30
 1.90423e-41 2.64294e-33 4.43408e-26 8.99223e-20 2.20434e-14 6.53186e-10 2.33961e-06 0.00101297 0.0530148 0.335414 0.260568 0.0956999 0.155484 0.0617327 0.0287519 0.00720778 0.00104463 6.63318e-05 1.46215e-06 8.57223e-09 1.09097e-11 2.56413e-15 9.82684e-20 5.62611e-25 4.55098e-31
 1.85657e-41 2.57679e-33 4.32311e-26 8.76717e-20 2.14917e-14 6.36838e-10 2.28105e-06 0.000987616 0.0516879 0.327033 0.255476 0.109738 0.169701 0.0576015 0.0212721 0.00558169 0.00086466 5.407e-05 1.07198e-06 5.20303e-09 5.11256e-12 8.84157e-16 2.4455e-20 1.00876e-25 5.89146e-32
 1.83922e-41 2.55272e-33 4.28272e-26 8.68526e-20 2.12909e-14 6.30888e-10 2.25974e-06 0.000978389 0.051205 0.323991 0.25419 0.116765 0.167966 0.0579276 0.0217902 0.00452586 0.000618441 3.86286e-05 7.11497e-07 2.95781e-09 2.33027e-12 3.07936e-16 6.28303e-21 1.86905e-26 7.78633e-33
 1.86508e-41 2.58861e-33 4.34293e-26 8.80738e-20 2.15903e-14 6.39759e-10 2.29151e-06 0.000992145 0.051925 0.32856 0.258656 0.121228 0.159921 0.0541938 0.0200076 0.00402693 0.00046283 2.35126e-05 3.86643e-07 1.40268e-09 9.10774e-13 9.47393e-17 1.47109e-21 3.24897e-27 9.8647e-34
 1.94217e-41 2.69561e-33 4.52244e-26 9.17143e-20 2.24827e-14 6.66203e-10 2.38623e-06 0.00103315 0.0540713 0.342152 0.269744 0.121322 0.14442 0.0473177 0.0164599 0.00313281 0.000330329 1.37728e-05 1.75767e-07 5.17345e-10 2.75616e-13 2.29573e-17 2.77355e-22 4.65538e-28 1.05499e-34
 1.94517e-41 2.69976e-33 4.52941e-26 9.18557e-20 2.25173e-14 6.6723e-10 2.38991e-06 0.00103475 0.0541547 0.342707 0.271765 0.129509 0.142095 0.0429505 0.013261 0.0022965 0.000216295 7.72877e-06 7.75873e-08 1.7097e-10 6.90119e-14 4.44598e-18 4.16622e-23 5.37182e-29 9.22843e-36
 1.98531e-41 2.75548e-33 4.62289e-26 9.37514e-20 2.2982e-14 6.81e-10 2.43923e-06 0.0010561 0.0552724 0.349804 0.278352 0.131395 0.131488 0.0394408 0.0113587 0.00169158 0.000135017 4.03447e-06 3.2537e-08 5.46543e-11 1.61918e-14 7.59662e-19 5.23794e-24 5.02877e-30 6.4711e-37
 1.91552e-41 2.65862e-33 4.46038e-26 9.04557e-20 2.21741e-14 6.57061e-10 2.35348e-06 0.00101898 0.0533295 0.337568 0.271977 0.146805 0.137951 0.03941 0.0104229 0.00141842 9.42623e-05 2.23592e-06 1.41275e-08 1.82099e-11 4.03084e-15 1.37957e-19 6.83999e-25 4.70529e-31 4.35518e-38
 1.96438e-41 2.72643e-33 4.57416e-26 9.2763e-20 2.27397e-14 6.7382e-10 2.41351e-06 0.00104497 0.0546899 0.346213 0.279792 0.145325 0.124995 0.0372911 0.00943841 0.00114226 6.46856e-05 1.21977e-06 5.82707e-09 5.61182e-12 9.22745e-16 2.32401e-20 8.38514e-26 4.15432e-32 2.74801e-39
 1.93737e-41 2.68894e-33 4.51125e-26 9.14872e-20 2.2427e-14 6.64553e-10 2.38032e-06 0.0010306 0.053938 0.341534 0.279309 0.155802 0.124145 0.0349891 0.00825222 0.000951493 4.61915e-05 6.97782e-07 2.53876e-09 1.79702e-12 2.14445e-16 3.91426e-21 1.02313e-26 3.6643e-33 1.7459e-40
 1.87136e-41 2.59733e-33 4.35756e-26 8.83704e-20 2.1663e-14 6.41914e-10 2.29923e-06 0.000995488 0.0521008 0.330023 0.274678 0.169718 0.127485 0.0362733 0.00787759 0.000811238 3.46065e-05 4.28974e-07 1.19926e-09 6.29404e-13 5.44641e-17 7.12138e-22 1.32809e-27 3.39456e-34 1.15583e-41
 1.78699e-41 2.48023e-33 4.16109e-26 8.43861e-20 2.06863e-14 6.12972e-10 2.19557e-06 0.000950605 0.0497523 0.315319 0.268521 0.18492 0.132301 0.0392801 0.00816189 0.000764478 2.75822e-05 2.7996e-07 6.15028e-10 2.42932e-13 1.53915e-17 1.45114e-22 1.93334e-28 3.51047e-35 8.46849e-43
 1.82647e-41 2.53503e-33 4.25303e-26 8.62506e-20 2.11433e-14 6.26515e-10 2.24408e-06 0.000971608 0.050852 0.32239 0.276136 0.181875 0.121867 0.0376359 0.00758183 0.000667056 2.06901e-05 1.69067e-07 2.88858e-10 8.6824e-14 4.09495e-18 2.82006e-23 2.70878e-29 3.51754e-36 6.03791e-44
#pred catch len freq
 2.56749e-27 2.60001e-27 4.3374e-26 8.61014e-20 2.11067e-14 6.2543e-10 2.24019e-06 0.000969915 0.0507618 0.321133 0.245806 0.0373747 0.111787 0.10325 0.0262197 0.0341586 0.015777 0.0136366 0.00904158 0.00728565 0.00594731 0.00526933 0.0053554 0.00476745 0.00145605
 2.56959e-27 2.60536e-27 4.76667e-26 9.51555e-20 2.33262e-14 6.91198e-10 2.47575e-06 0.00107191 0.0560998 0.354902 0.271632 0.0399092 0.112933 0.10394 0.0199734 0.0194875 0.00744832 0.00452856 0.0024557 0.00166387 0.00117676 0.000921648 0.000844015 0.000756608 0.000253589
 2.56963e-27 2.60537e-27 4.75651e-26 9.49407e-20 2.32736e-14 6.89637e-10 2.47017e-06 0.00106949 0.0559731 0.354101 0.271035 0.0408897 0.120814 0.111107 0.0193842 0.01627 0.00540238 0.00210482 0.000833395 0.000402146 0.000221852 0.000144319 0.000113717 9.71725e-05 3.38267e-05
 2.56867e-27 2.60274e-27 4.52337e-26 9.00223e-20 2.20679e-14 6.53911e-10 2.3422e-06 0.00101408 0.0530734 0.335757 0.25704 0.041643 0.136379 0.125478 0.0220766 0.0187808 0.00597934 0.00189461 0.000580001 0.000174718 6.14669e-05 2.86889e-05 1.78677e-05 1.36122e-05 4.72308e-06
 2.57117e-27 2.60958e-27 5.13221e-26 1.02867e-19 2.52165e-14 7.4721e-10 2.67638e-06 0.00115877 0.0606459 0.383662 0.293586 0.0395282 0.0946095 0.087005 0.0165666 0.0158985 0.00509113 0.00163917 0.000464875 0.000107992 2.31213e-05 6.04062e-06 2.44672e-06 1.49426e-06 4.94869e-07
 2.56796e-27 2.60078e-27 4.3451e-26 8.62614e-20 2.11459e-14 6.26592e-10 2.24435e-06 0.000971717 0.0508561 0.32173 0.246344 0.0425467 0.150771 0.138665 0.0227074 0.0169113 0.00559119 0.00211812 0.000614958 0.000141011 2.44661e-05 3.71082e-06 7.12299e-07 2.7608e-07 8.15338e-08
 2.56759e-27 2.5999e-27 4.28022e-26 8.48932e-20 2.08105e-14 6.16654e-10 2.20875e-06 0.000956304 0.0500495 0.316627 0.242433 0.0416589 0.146763 0.135235 0.0269707 0.0274824 0.00855073 0.00234978 0.000700923 0.000183573 3.21934e-05 4.08028e-06 3.98196e-07 6.33436e-08 1.40814e-08
 2.57036e-27 2.6074e-27 4.94145e-26 9.88423e-20 2.423e-14 7.17978e-10 2.57168e-06 0.00111344 0.0582733 0.368653 0.282131 0.0399221 0.105655 0.0972239 0.0188462 0.0185487 0.00625457 0.00250883 0.000693794 0.000142423 2.71113e-05 3.64066e-06 2.86937e-07 1.77269e-08 1.88306e-09
 2.5699e-27 2.60607e-27 4.81439e-26 9.61617e-20 2.35729e-14 6.98507e-10 2.50193e-06 0.00108324 0.056693 0.358655 0.274515 0.041039 0.119505 0.109839 0.0180744 0.0135969 0.00451502 0.00174851 0.000556091 0.000149815 2.40329e-05 3.05087e-06 2.54717e-07 1.10161e-08 3.88085e-10
 2.56993e-27 2.60616e-27 4.82336e-26 9.63509e-20 2.36193e-14 6.99881e-10 2.50686e-06 0.00108537 0.0568045 0.359361 0.275052 0.04093 0.118299 0.108759 0.0185017 0.0148246 0.00459905 0.00126972 0.000382104 0.000104964 2.1395e-05 2.75298e-06 2.07115e-07 8.9073e-09 1.74993e-10
 2.56992e-27 2.60612e-27 4.81999e-26 9.62797e-20 2.36018e-14 6.99364e-10 2.505e-06 0.00108457 0.0567625 0.359095 0.274849 0.0409306 0.118445 0.108895 0.0185354 0.0148714 0.00467614 0.00138536 0.000371622 7.67871e-05 1.51382e-05 2.28795e-06 1.88773e-07 7.47685e-09 1.32327e-10
 2.57037e-27 2.60737e-27 4.93036e-26 9.86081e-20 2.41726e-14 7.16277e-10 2.56558e-06 0.0011108 0.0581352 0.367779 0.281475 0.0405834 0.111148 0.102166 0.0174174 0.0140151 0.00440842 0.00130981 0.000359864 7.57802e-05 1.18429e-05 1.55183e-06 1.43559e-07 6.27237e-09 1.04772e-10
 2.57034e-27 2.60726e-27 4.91982e-26 9.83857e-20 2.41181e-14 7.14661e-10 2.5598e-06 0.00110829 0.0580041 0.36695 0.280844 0.0407518 0.112873 0.103725 0.0171153 0.0129326 0.00406537 0.00121103 0.000333081 7.08161e-05 1.13402e-05 1.28537e-06 9.90505e-08 4.65344e-09 8.45793e-11
 2.56976e-27 2.60567e-27 4.77787e-26 9.5391e-20 2.3384e-14 6.92909e-10 2.48188e-06 0.00107456 0.0562386 0.355781 0.272324 0.0412731 0.122826 0.11289 0.018375 0.0134949 0.00418032 0.00114846 0.000312821 6.66371e-05 1.07326e-05 1.23327e-06 8.51683e-08 3.38339e-09 6.39478e-11
 2.569e-27 2.60362e-27 4.59711e-26 9.15779e-20 2.24492e-14 6.65211e-10 2.38267e-06 0.00103161 0.0539906 0.341559 0.261471 0.041687 0.133601 0.122864 0.0207036 0.0162947 0.00502631 0.00133369 0.000352269 7.01083e-05 1.11962e-05 1.2929e-06 8.96446e-08 3.2241e-09 5.29318e-11
 2.56905e-27 2.60377e-27 4.61166e-26 9.18849e-20 2.25245e-14 6.6744e-10 2.39066e-06 0.00103506 0.0541715 0.342704 0.262344 0.0415888 0.13224 0.121619 0.0206674 0.0165296 0.00515926 0.00146599 0.000386694 7.408e-05 1.11669e-05 1.2408e-06 8.61429e-08 3.08043e-09 4.60573e-11
 2.56993e-27 2.60616e-27 4.82398e-26 9.6364e-20 2.36225e-14 6.99976e-10 2.5072e-06 0.00108552 0.0568122 0.35941 0.275089 0.04091 0.11812 0.108598 0.0185337 0.0149413 0.00468218 0.00136137 0.000367881 7.44472e-05 1.10241e-05 1.15891e-06 7.64705e-08 2.71353e-09 3.99814e-11
 2.57028e-27 2.60707e-27 4.90076e-26 9.79835e-20 2.40195e-14 7.1174e-10 2.54933e-06 0.00110376 0.057767 0.36545 0.279702 0.0409437 0.115135 0.105782 0.0169235 0.0119754 0.00374746 0.00109575 0.000298443 6.19671e-05 9.5975e-06 1.0243e-06 6.4267e-08 2.16239e-09 3.13441e-11
 2.57045e-27 2.6075e-27 4.93763e-26 9.87613e-20 2.42101e-14 7.1739e-10 2.56957e-06 0.00111253 0.0582256 0.368351 0.281918 0.040984 0.113885 0.104598 0.0161534 0.0105104 0.00319838 0.00079653 0.000212543 4.44058e-05 7.00948e-06 7.78611e-07 5.01542e-08 1.62164e-09 2.23223e-11
 2.57082e-27 2.60851e-27 5.02684e-26 1.00643e-19 2.46715e-14 7.31061e-10 2.61854e-06 0.00113373 0.0593351 0.37537 0.287274 0.0407258 0.108158 0.0993122 0.0152164 0.00970136 0.00291214 0.000658821 0.000164918 3.00717e-05 4.66709e-06 5.26597e-07 3.52124e-08 1.1691e-09 1.56132e-11
 2.57123e-27 2.60963e-27 5.12568e-26 1.02728e-19 2.51826e-14 7.46206e-10 2.67279e-06 0.00115721 0.0605644 0.383147 0.293207 0.0404227 0.101683 0.0933388 0.0141924 0.00886943 0.00265531 0.000589975 0.000143566 2.37463e-05 3.27811e-06 3.41873e-07 2.30447e-08 7.91841e-10 1.08315e-11
 2.57121e-27 2.60957e-27 5.11968e-26 1.02602e-19 2.51516e-14 7.45286e-10 2.66949e-06 0.00115579 0.0604898 0.382675 0.292848 0.0405082 0.102586 0.0941563 0.0140519 0.00834268 0.00248824 0.000541733 0.000130785 2.11384e-05 2.72734e-06 2.51203e-07 1.52576e-08 5.19714e-10 7.32621e-12
 2.571e-27 2.60899e-27 5.06763e-26 1.01504e-19 2.48824e-14 7.37311e-10 2.64092e-06 0.00114342 0.0598424 0.378579 0.289723 0.0406908 0.106171 0.0974591 0.0145394 0.00862181 0.00255373 0.000525858 0.000125043 1.98255e-05 2.51333e-06 2.19102e-07 1.17751e-08 3.58407e-10 4.93599e-12
 2.5712e-27 2.60955e-27 5.11775e-26 1.02561e-19 2.51416e-14 7.4499e-10 2.66843e-06 0.00115533 0.0604657 0.382522 0.292732 0.0405316 0.102845 0.0943925 0.0140354 0.00824416 0.00243903 0.000498001 0.000116663 1.75844e-05 2.17965e-06 1.85838e-07 9.48704e-09 2.57074e-10 3.16182e-12
 2.57164e-27 2.61075e-27 5.22432e-26 1.04809e-19 2.56927e-14 7.61322e-10 2.72693e-06 0.00118066 0.0617912 0.390908 0.29913 0.0401954 0.0957918 0.0878875 0.0129514 0.00740965 0.00218842 0.000442777 0.000103351 1.54049e-05 1.84628e-06 1.50978e-07 7.50143e-09 1.92878e-10 2.12685e-12
 2.57201e-27 2.61172e-27 5.30932e-26 1.06602e-19 2.61323e-14 7.74347e-10 2.77358e-06 0.00120085 0.0628484 0.397596 0.304234 0.040022 0.0908865 0.0833415 0.0117934 0.00591294 0.00173307 0.000337919 7.81324e-05 1.15391e-05 1.37162e-06 1.09298e-07 5.19118e-09 1.28865e-10 1.34612e-12
 2.57133e-27 2.60988e-27 5.14429e-26 1.03121e-19 2.52788e-14 7.49057e-10 2.683e-06 0.00116163 0.0607958 0.384611 0.294328 0.0406711 0.102785 0.0942863 0.0130936 0.00612111 0.00176519 0.000300587 6.69223e-05 9.55478e-06 1.12122e-06 8.84076e-08 4.10469e-09 9.7617e-11 9.78772e-13
 2.57075e-27 2.60831e-27 5.00692e-26 1.00223e-19 2.45684e-14 7.28007e-10 2.6076e-06 0.00112899 0.0590873 0.373802 0.28608 0.0409636 0.110806 0.101718 0.014961 0.00850684 0.00245291 0.000394451 8.42385e-05 1.06436e-05 1.18844e-06 9.11678e-08 4.1759e-09 9.71427e-11 9.35879e-13
#obs catch len freq
 1.75221e-41 2.43196e-33 4.08011e-26 8.27438e-20 2.02837e-14 6.01042e-10 2.15284e-06 0.000932104 0.0487826 0.308613 0.23639 0.0441488 0.153983 0.130445 0.0366972 0.0281623 0.00854155 0.00269743 0.000536031 6.41648e-05 3.37096e-06 5.66283e-08 2.25887e-10 1.71388e-13 2.13678e-17
 1.76766e-41 2.4534e-33 4.11609e-26 8.34734e-20 2.04625e-14 6.06342e-10 2.17182e-06 0.000940323 0.0492127 0.311334 0.238526 0.0459896 0.15591 0.125043 0.0362426 0.02633 0.00773126 0.00228218 0.000411347 4.26853e-05 1.84609e-06 2.41247e-08 7.17461e-11 3.9559e-14 3.5314e-18
 2.1784e-41 3.02347e-33 5.07251e-26 1.02869e-19 2.52172e-14 7.47232e-10 2.67646e-06 0.00115882 0.0606479 0.383676 0.29372 0.0433176 0.0990978 0.0749426 0.0223625 0.0152773 0.00436969 0.00120975 0.000198824 1.77424e-05 6.24747e-07 6.32496e-09 1.40151e-11 5.6124e-15 3.5859e-19
 1.74321e-41 2.41946e-33 4.05914e-26 8.23187e-20 2.01794e-14 5.97954e-10 2.14177e-06 0.000927314 0.0485319 0.307028 0.235462 0.053679 0.182904 0.128355 0.0254686 0.0129829 0.00358362 0.000925394 0.000139051 1.0688e-05 3.04577e-07 2.37198e-09 3.90781e-12 1.13759e-15 5.2082e-20
 2.10731e-41 2.9248e-33 4.90696e-26 9.95122e-20 2.43942e-14 7.22846e-10 2.58912e-06 0.001121 0.0586686 0.371155 0.284306 0.0474839 0.113681 0.0767902 0.0273101 0.0159391 0.00290969 0.000553644 7.45907e-05 4.93376e-06 1.13895e-07 6.80773e-10 8.31218e-13 1.75723e-16 5.77099e-21
 2.38683e-41 3.31277e-33 5.55785e-26 1.12712e-19 2.763e-14 8.18729e-10 2.93255e-06 0.00126969 0.0664508 0.420387 0.321854 0.0453891 0.0781801 0.0481964 0.0110206 0.0054364 0.00151081 0.000277071 2.4169e-05 1.25791e-06 2.3391e-08 1.07552e-10 9.74457e-14 1.49559e-17 3.52233e-22
 1.35362e-41 1.87873e-33 3.15196e-26 6.3921e-20 1.56695e-14 4.64316e-10 1.6631e-06 0.000720066 0.0376854 0.238413 0.183855 0.0756621 0.271342 0.154611 0.0261386 0.00946745 0.00175038 0.000321753 3.09196e-05 1.11053e-06 1.45422e-08 5.04006e-11 3.39545e-14 3.79628e-18 6.42466e-23
 2.23533e-41 3.10249e-33 5.20508e-26 1.05558e-19 2.58763e-14 7.66761e-10 2.74641e-06 0.0011891 0.0622329 0.393704 0.301644 0.0482046 0.0875131 0.0530278 0.0343884 0.0157996 0.00203937 0.00023479 1.80821e-05 6.21977e-07 5.95975e-09 1.38624e-11 6.6274e-15 5.36397e-19 6.54111e-24
 2.01606e-41 2.79816e-33 4.69449e-26 9.52034e-20 2.3338e-14 6.91547e-10 2.47701e-06 0.00107246 0.0561283 0.355087 0.272713 0.0635235 0.151824 0.0752755 0.0149687 0.0067486 0.00234926 0.000292837 1.35277e-05 3.25456e-07 2.5908e-09 4.51127e-12 1.45442e-15 7.98213e-20 6.80714e-25
 2.06993e-41 2.87293e-33 4.81993e-26 9.77473e-20 2.39616e-14 7.10026e-10 2.5432e-06 0.00110112 0.0576281 0.364576 0.280046 0.063484 0.137475 0.066233 0.0210553 0.00711052 0.00108152 0.000194293 1.28677e-05 2.15041e-07 1.09035e-09 1.40615e-12 3.39003e-16 1.30525e-20 7.52284e-26
 2.02393e-41 2.80908e-33 4.71281e-26 9.55748e-20 2.3429e-14 6.94245e-10 2.48667e-06 0.00107664 0.0563472 0.356475 0.274197 0.0694591 0.148319 0.0662816 0.0198996 0.00665137 0.00116348 0.000119801 7.2351e-06 1.49286e-07 6.17306e-10 5.0928e-13 8.25584e-17 2.28249e-21 9.47951e-27
 2.13779e-41 2.96711e-33 4.97794e-26 1.00952e-19 2.47471e-14 7.33302e-10 2.62657e-06 0.00113721 0.0595172 0.37653 0.28956 0.0679047 0.127082 0.0539756 0.0178846 0.00542585 0.000887209 8.92444e-05 3.81147e-06 6.09723e-08 2.52881e-10 1.84086e-13 2.11342e-17 3.81993e-22 1.06399e-27
 2.09602e-41 2.90914e-33 4.88068e-26 9.89792e-20 2.42636e-14 7.18975e-10 2.57525e-06 0.00111499 0.0583544 0.369177 0.284418 0.0750897 0.138008 0.0535505 0.0152811 0.00425458 0.000686038 6.14554e-05 2.29611e-06 2.70495e-08 8.11349e-11 4.97657e-14 4.9684e-18 7.13253e-23 1.41745e-28
 2.04859e-41 2.8433e-33 4.77023e-26 9.67393e-20 2.37145e-14 7.02704e-10 2.51697e-06 0.00108976 0.0570338 0.360827 0.278575 0.0818269 0.145127 0.05397 0.0168534 0.00409313 0.000555581 4.47424e-05 1.44438e-06 1.37891e-08 3.05091e-11 1.31393e-14 9.73641e-19 1.10961e-23 1.77925e-29
 1.92601e-41 2.67317e-33 4.4848e-26 9.09508e-20 2.22955e-14 6.60657e-10 2.36637e-06 0.00102455 0.0536211 0.339245 0.263033 0.0940202 0.16485 0.0591554 0.0198173 0.00459597 0.000594765 3.90315e-05 1.03258e-06 8.02471e-09 1.37844e-11 4.37279e-15 2.28411e-19 1.82288e-24 2.10587e-30
 1.75e-41 2.42888e-33 4.07496e-26 8.26393e-20 2.02581e-14 6.00283e-10 2.15012e-06 0.000930926 0.048721 0.308257 0.240716 0.109943 0.189604 0.0687003 0.026402 0.00592316 0.000755526 4.46058e-05 9.47612e-07 5.65331e-09 7.46706e-12 1.79014e-15 6.88197e-20 3.93776e-25 3.19615e-31
 1.96395e-41 2.72583e-33 4.57315e-26 9.27425e-20 2.27347e-14 6.73672e-10 2.41298e-06 0.00104474 0.0546775 0.345939 0.26911 0.0978589 0.14468 0.0555227 0.0246742 0.00570077 0.000747206 4.10254e-05 7.47894e-07 3.48343e-09 3.41158e-12 6.02534e-16 1.70719e-20 7.14987e-26 4.20061e-32
 1.91831e-41 2.66249e-33 4.46688e-26 9.05874e-20 2.22064e-14 6.58017e-10 2.35691e-06 0.00102046 0.0534069 0.337917 0.264441 0.111912 0.157066 0.0510203 0.0181402 0.00442722 0.000612909 3.27949e-05 5.31189e-07 2.02845e-09 1.52346e-12 1.97299e-16 4.02751e-21 1.21362e-26 5.14141e-33
 1.90297e-41 2.64119e-33 4.43115e-26 8.98629e-20 2.20288e-14 6.52754e-10 2.33806e-06 0.0010123 0.0529798 0.335231 0.26353 0.118697 0.154864 0.0514646 0.0182514 0.0035095 0.000434205 2.30104e-05 3.42058e-07 1.10769e-09 6.62453e-13 6.52702e-17 9.80512e-22 2.12825e-27 6.42686e-34
 1.92893e-41 2.67723e-33 4.49161e-26 9.1089e-20 2.23294e-14 6.61661e-10 2.36996e-06 0.00102611 0.0537027 0.339822 0.268088 0.122674 0.146662 0.0480158 0.0166048 0.00307434 0.000314704 1.36388e-05 1.80201e-07 5.04554e-10 2.4695e-13 1.90635e-17 2.17305e-22 3.49596e-28 7.68812e-35
 2.00423e-41 2.78175e-33 4.66696e-26 9.46449e-20 2.32011e-14 6.87491e-10 2.46248e-06 0.00106617 0.0557992 0.353101 0.278951 0.121977 0.131435 0.0416072 0.013479 0.00235567 0.000218637 7.672e-06 7.85641e-08 1.78055e-10 7.11242e-14 4.37595e-18 3.86841e-23 4.71982e-29 7.7371e-36
 2.00729e-41 2.78598e-33 4.67406e-26 9.47889e-20 2.32364e-14 6.88537e-10 2.46623e-06 0.00106779 0.0558842 0.353671 0.281104 0.129635 0.128629 0.0374343 0.0107279 0.00169977 0.000139989 4.16272e-06 3.32048e-08 5.61577e-11 1.69661e-14 8.04991e-19 5.50253e-24 5.1446e-30 6.38236e-37
 2.04622e-41 2.84002e-33 4.76473e-26 9.66277e-20 2.36872e-14 7.01894e-10 2.51407e-06 0.00108851 0.0569683 0.360561 0.28758 0.130846 0.118419 0.0341821 0.0090402 0.00122482 8.50486e-05 2.09912e-06 1.3343e-08 1.70969e-11 3.77986e-15 1.30399e-19 6.5465e-25 4.54725e-31 4.21642e-38
 1.97957e-41 2.74752e-33 4.60953e-26 9.34803e-20 2.29156e-14 6.79031e-10 2.43218e-06 0.00105305 0.0551128 0.348889 0.281882 0.145794 0.123983 0.0339916 0.00822453 0.00100903 5.77251e-05 1.12453e-06 5.57046e-09 5.45054e-12 8.97189e-16 2.25334e-20 8.12559e-26 4.04014e-32 2.69106e-39
 2.02679e-41 2.81305e-33 4.71947e-26 9.571e-20 2.34622e-14 6.95227e-10 2.49019e-06 0.00107817 0.0564275 0.357252 0.289493 0.143609 0.111954 0.032009 0.00733991 0.000795735 3.84214e-05 5.89336e-07 2.19648e-09 1.60059e-12 1.95175e-16 3.59974e-21 9.4337e-27 3.37578e-33 1.60636e-40
 2.00086e-41 2.77705e-33 4.65909e-26 9.44853e-20 2.3162e-14 6.86331e-10 2.45833e-06 0.00106437 0.0557058 0.352778 0.289357 0.153389 0.110829 0.0298246 0.00637141 0.000651187 2.66637e-05 3.2493e-07 9.16522e-10 4.89175e-13 4.32024e-17 5.76523e-22 1.09302e-27 2.82444e-34 9.67411e-42
 1.93743e-41 2.68902e-33 4.51139e-26 9.14901e-20 2.24277e-14 6.64574e-10 2.3804e-06 0.00103063 0.0539403 0.341743 0.285376 0.166703 0.113848 0.0307771 0.00601359 0.000546348 1.94832e-05 1.92887e-07 4.15556e-10 1.63842e-13 1.04699e-17 9.99585e-23 1.35078e-28 2.48872e-35 6.08614e-43
 1.85615e-41 2.57622e-33 4.32214e-26 8.7652e-20 2.14869e-14 6.36696e-10 2.28054e-06 0.000987395 0.0516783 0.327615 0.280016 0.181351 0.118418 0.0332338 0.00617819 0.000505282 1.51263e-05 1.2175e-07 2.04797e-10 6.05316e-14 2.82598e-18 1.94298e-23 1.87433e-29 2.45205e-36 4.24667e-44
#spawning biomass
 5560.43 7975.32 10944.4 13325.6 20970.4 31800.7 31922.7 35975 48924 60571.3 76657.1 101769 135535 155857 157319 131057 122287 117814 106526 100924 109280 123361 132670 133438 143650 150624 147099 148353 160991 134697 53714.5 23514 14904.5 12717.4 12200.5 12084.3 12059 12053.7 12052.6 12052.4 12052.3 12052.3 12052.3 12052.3 12052.3 12052.3 12052.3 12052.3 12052.3 12052.3 12052.3 12052.3 12052.3 12052.3 12052.3 12052.3 12052.3 12052.3 12052.3 12052.3 12052.3 12052.3 12052.3 12052.3 12052.3 12052.3 12052.3 12052.3 12052.3 12052.3 12052.3 12052.3 12052.3 12052.3 12052.3 12052.3 12052.3 12052.3 12052.3 12052.3 12052.3 12052.3 12052.3 12052.3 12052.3 12052.3 12052.3 12052.3 12052.3 12052.3 12052.3 12052.3 12052.3 12052.3 12052.3 12052.3 12052.3 12052.3 12052.3 12052.3 12052.3 12052.3 12052.3 12052.3 12052.3 12052.3 12052.3 12052.3 12052.3 12052.3 12052.3 12052.3 12052.3 12052.3 12052.3 12052.3 12052.3 12052.3 12052.3 12052.3 12052.3 12052.3 12052.3 12052.3 12052.3 12052.3 12052.3 12052.3 0 0 0 0 0 0 0 0 0 0 0 0 0 0 0 0 0 0 0 0 0 0 0 0 0
