SBPRF35
0.172129
Curr Bio
178347
B35
183354
F35
0.972109
FOFL
0.972109
OFL
68270
Bzero
49179.4
#pred survey bio
 13112.8 12953.3 13568.1 15383.8 17256.9 21219.9 24217.3 26826.5 36124.4 50708.5 59164.7 67061.3 94800.2 121475 118983 104985 85792.6 88824.6 86922.9 81701.3 83941.9 86890.1 92336.9 98825.2 102159 109287 101008 101149 103686 2.94341e+06 3.1572e+06 1.75193e+06 951018 609782 464507 396665 361443 341697 330150 323269 319141 316663 315176 314282 313742 313425 313240 313131 313066 313029 313006 312993 312985 312981 312978 312977 312976 312975 312975 312975 312974 312974 312974 312974 312974 312974 312974 312974 312974 312974 312974 312974 312974 312974 312974 312974 312974 312974 312974 312974 312974 312974 312974 312974 312974 312974 312974 312974 312974 312974 312974 312974 312974 312974 312974 312974 312974 312974 312974 312974 312974 312974 312974 312974 312974 312974 312974 312974 312974 312974 312974 312974 312974 312974 312974 312974 312974 312974 312974 312974 312974 312974 312974 312974 312974 312974 312974 312974 312974 0 0 0 0 0 0 0 0 0 0 0 0 0 0 0 0 0 0 0 0 0 0 0 0 0
#obs survey bio
 12009.5 11466.9 11851.4 15076.1 13820.3 24313.1 22939.2 30237 59489.3 60600 63321.1 67876.1 104523 81924.1 87041.3 62619.9 78212.3 87481.4 79519.2 56772.3 117279 82977 85413.2 109928 123567 128843 128139 129982 100307
#pred catch bio
 6311.95 6910.81 7357.84 9426.08 10462.2 13504.4 17083.6 18540.6 23949.6 37982.1 49566 54520 77009.1 102171 100979 99918.9 77495.8 82639.7 84823.6 78891.3 82473.3 85868.1 93446.1 104937 105987 116560 102938 103915 90755.3 68270 81312.8 33822.9 15122.3 9024.28 7246.63 6764.81 6640.57 6609.66 6602.17 6600.38 6599.97 6599.87 6599.85 6599.84 6599.84 6599.84 6599.84 6599.84 6599.84 6599.84 6599.84 6599.84 6599.84 6599.84 6599.84 6599.84 6599.84 6599.84 6599.84 6599.84 6599.84 6599.84 6599.84 6599.84 6599.84 6599.84 6599.84 6599.84 6599.84 6599.84 6599.84 6599.84 6599.84 6599.84 6599.84 6599.84 6599.84 6599.84 6599.84 6599.84 6599.84 6599.84 6599.84 6599.84 6599.84 6599.84 6599.84 6599.84 6599.84 6599.84 6599.84 6599.84 6599.84 6599.84 6599.84 6599.84 6599.84 6599.84 6599.84 6599.84 6599.84 6599.84 6599.84 6599.84 6599.84 6599.84 6599.84 6599.84 6599.84 6599.84 6599.84 6599.84 6599.84 6599.84 6599.84 6599.84 6599.84 6599.84 6599.84 6599.84 6599.84 6599.84 6599.84 6599.84 6599.84 6599.84 6599.84 6599.84 6599.84 0 0 0 0 0 0 0 0 0 0 0 0 0 0 0 0 0 0 0 0 0 0 0 0 0
#obs catch bio
 7341.89 7102.45 7508.11 9748.59 10683.4 13709.9 17327.4 18423.6 23245.4 36989.6 49954.9 54778.9 75162 102416 102424 103881 76533.9 82149.1 84732.5 78213.6 80244.4 84017.2 91485.9 102948 103191 112512 100314 100772 89778.1
#pred cpue bio
 13545.5 13038.7 13615.4 15477 16989.4 21196.8 24296.4 26064.8 34745.5 49744.7 58258.6 63472.9 89208.3 119882 120303 104771 83415.9 86778 84657 78874.1 80384.1 83051.8 87504.1 93129.2 95187.6 104043 96393.2 96658.2 97285.4 2.89336e+06 3.61171e+06 1.79078e+06 959636 616579 471190 403341 368119 348372 336825 329944 325817 323338 321852 320957 320417 320101 319915 319806 319742 319704 319682 319669 319661 319656 319654 319652 319651 319651 319650 319650 319650 319650 319650 319650 319650 319650 319650 319650 319650 319650 319650 319650 319650 319650 319650 319650 319650 319650 319650 319650 319650 319650 319650 319650 319650 319650 319650 319650 319650 319650 319650 319650 319650 319650 319650 319650 319650 319650 319650 319650 319650 319650 319650 319650 319650 319650 319650 319650 319650 319650 319650 319650 319650 319650 319650 319650 319650 319650 319650 319650 319650 319650 319650 319650 319650 319650 319650 319650 319650 0 0 0 0 0 0 0 0 0 0 0 0 0 0 0 0 0 0 0 0 0 0 0 0 0
#obs cpue bio
 7102 7929.81 9960.48 11033.1 14795.8 15952.2 25696.6 28643.4 39813.8 56857.3 37063.8 61880.4 126240 133876 123569 113716 112430 96920.1 93216.2 133069 98695.5 115164 131518 117119 119124 156467 107335 134780 106950
#pred surv len freq
 2.56103e-27 2.58246e-27 2.78084e-26 5.32643e-20 1.30571e-14 3.86906e-10 1.38583e-06 0.000600012 0.0314025 0.198661 0.152368 0.0423963 0.21565 0.199079 0.042954 0.0482006 0.0200343 0.0145481 0.00876098 0.00655474 0.00508239 0.00435736 0.00434283 0.00383715 0.00116998
 2.56241e-27 2.58654e-27 3.16814e-26 6.14356e-20 1.50602e-14 4.46261e-10 1.59843e-06 0.00069206 0.0362199 0.229137 0.175587 0.0391237 0.174435 0.161859 0.0512648 0.0764159 0.0268965 0.0127175 0.00578243 0.00330351 0.00208985 0.00153196 0.00135093 0.00119286 0.000398461
 2.56337e-27 2.58888e-27 3.34677e-26 6.5203e-20 1.59837e-14 4.73627e-10 1.69645e-06 0.000734498 0.038441 0.243189 0.18635 0.0412511 0.183061 0.169158 0.0405574 0.0503224 0.0215148 0.0156543 0.00556025 0.00204536 0.000890243 0.000499257 0.000363714 0.000301338 0.00010419
 2.56344e-27 2.58898e-27 3.34669e-26 6.5201e-20 1.59832e-14 4.73612e-10 1.6964e-06 0.000734475 0.0384398 0.243181 0.186354 0.0418892 0.187915 0.173618 0.0410664 0.0501696 0.018534 0.0101762 0.00478458 0.00214439 0.000586009 0.000201087 0.000104339 7.4245e-05 2.53989e-05
 2.56501e-27 2.59313e-27 3.7008e-26 7.26706e-20 1.78143e-14 5.2787e-10 1.89074e-06 0.000818619 0.0428436 0.27104 0.207627 0.0418478 0.172654 0.159359 0.0353764 0.0407343 0.0149358 0.0079113 0.00300005 0.00124314 0.000449895 0.000106732 2.96798e-05 1.52467e-05 4.88529e-06
 2.56443e-27 2.59144e-27 3.54175e-26 6.9315e-20 1.69917e-14 5.03495e-10 1.80344e-06 0.000780819 0.0408652 0.258525 0.19809 0.0431139 0.188989 0.174285 0.035368 0.0369141 0.0131139 0.00636388 0.00236065 0.000871654 0.000264751 7.30678e-05 1.34015e-05 3.52291e-06 9.46238e-07
 2.56412e-27 2.59062e-27 3.47164e-26 6.7836e-20 1.66292e-14 4.92752e-10 1.76496e-06 0.000764159 0.0399933 0.253009 0.193878 0.0430961 0.191814 0.17697 0.0372704 0.0405521 0.0138305 0.00583505 0.00203775 0.000698864 0.000193227 4.56461e-05 8.34183e-06 1.15657e-06 1.97174e-07
 2.56605e-27 2.59578e-27 3.91959e-26 7.72857e-20 1.89457e-14 5.61394e-10 2.01082e-06 0.000870607 0.0455644 0.288253 0.22078 0.0424564 0.168045 0.154883 0.0306029 0.0308927 0.010704 0.0047667 0.00155948 0.000470703 0.000118836 2.51345e-05 3.9936e-06 4.33989e-07 3.78493e-08
 2.56674e-27 2.59756e-27 4.067e-26 8.03949e-20 1.97078e-14 5.83979e-10 2.09171e-06 0.000905632 0.0473975 0.29985 0.22964 0.0428021 0.16445 0.151407 0.0271057 0.0237555 0.00798197 0.00321323 0.00107107 0.000328584 7.34815e-05 1.37567e-05 1.90851e-06 1.7378e-07 9.43461e-09
 2.56579e-27 2.59497e-27 3.83703e-26 7.55436e-20 1.85186e-14 5.48739e-10 1.96549e-06 0.000850983 0.0445374 0.281756 0.215836 0.0435249 0.17965 0.165441 0.029735 0.0262008 0.0084386 0.0028257 0.000881693 0.0002522 5.74048e-05 9.85075e-06 1.17707e-06 9.09282e-08 3.75462e-09
 2.56565e-27 2.59456e-27 3.79905e-26 7.47421e-20 1.83221e-14 5.42918e-10 1.94464e-06 0.000841955 0.0440649 0.278767 0.213558 0.0438337 0.183601 0.169042 0.0295822 0.0249445 0.00804142 0.00270218 0.00078286 0.000189633 3.94442e-05 6.62639e-06 7.31606e-07 4.79209e-08 1.62015e-09
 2.56765e-27 2.59991e-27 4.26578e-26 8.4588e-20 2.07357e-14 6.14437e-10 2.20081e-06 0.000952866 0.0498696 0.315489 0.241584 0.0429578 0.157243 0.144607 0.0232055 0.0165373 0.00525683 0.00167346 0.00048291 0.000114356 2.0561e-05 3.02255e-06 3.16461e-07 1.88824e-08 5.35355e-10
 2.56797e-27 2.60074e-27 4.33518e-26 8.6052e-20 2.10946e-14 6.25071e-10 2.2389e-06 0.000969358 0.0507327 0.320949 0.245756 0.0430867 0.155294 0.142737 0.0216046 0.0133435 0.00408446 0.00106629 0.000294135 6.66223e-05 1.17599e-05 1.54388e-06 1.38231e-07 7.6168e-09 1.93147e-10
 2.56585e-27 2.59496e-27 3.82046e-26 7.51934e-20 1.84327e-14 5.46195e-10 1.95638e-06 0.000847038 0.0443309 0.28045 0.21486 0.0448897 0.190722 0.175374 0.0263671 0.0159826 0.00478152 0.00106401 0.000268638 5.11325e-05 8.48018e-06 1.07202e-06 8.6438e-08 4.06886e-09 9.33501e-11
 2.56443e-27 2.59114e-27 3.48759e-26 6.81715e-20 1.67114e-14 4.95189e-10 1.77369e-06 0.000767938 0.0401911 0.25426 0.194871 0.0454633 0.209131 0.192464 0.0312581 0.022834 0.00684007 0.00148979 0.000359141 5.83932e-05 8.2619e-06 9.20628e-07 7.00031e-08 2.95287e-09 5.82057e-11
 2.56501e-27 2.59279e-27 3.63907e-26 7.13672e-20 1.74948e-14 5.18402e-10 1.85683e-06 0.000803937 0.0420751 0.266179 0.203957 0.0445326 0.195664 0.18014 0.0309365 0.0252182 0.00779705 0.00208482 0.000516361 8.14229e-05 1.03233e-05 9.56433e-07 6.2034e-08 2.40259e-09 4.21784e-11
 2.5666e-27 2.59699e-27 3.9993e-26 7.89661e-20 1.93576e-14 5.736e-10 2.05454e-06 0.000889537 0.0465551 0.294521 0.225597 0.0444528 0.179852 0.165311 0.0239794 0.0130832 0.00410268 0.00124987 0.000332741 6.25133e-05 8.03726e-06 6.84091e-07 3.67476e-08 1.19171e-09 1.87815e-11
 2.56638e-27 2.59637e-27 3.94444e-26 7.78089e-20 1.90739e-14 5.65194e-10 2.02443e-06 0.000876501 0.0458729 0.290205 0.222304 0.0446112 0.183372 0.168572 0.02481 0.0141393 0.00415767 0.000814592 0.000210929 4.49205e-05 6.62688e-06 6.23613e-07 3.14452e-08 8.50102e-10 1.11218e-11
 2.56655e-27 2.59683e-27 3.98386e-26 7.86404e-20 1.92778e-14 5.71234e-10 2.04607e-06 0.000885868 0.0463631 0.293306 0.224672 0.0445868 0.181523 0.166842 0.0240868 0.0129269 0.00381581 0.0007783 0.000179929 2.65288e-05 4.01499e-06 4.36074e-07 2.49312e-08 6.51937e-10 7.1897e-12
 2.56702e-27 2.59807e-27 4.09068e-26 8.08937e-20 1.98301e-14 5.87602e-10 2.10469e-06 0.00091125 0.0476916 0.30171 0.231088 0.0444886 0.176268 0.161941 0.0222654 0.010006 0.00291819 0.000559952 0.000129123 1.90476e-05 2.23722e-06 2.03848e-07 1.31514e-08 3.90629e-10 4.26198e-12
 2.56737e-27 2.59903e-27 4.17614e-26 8.26966e-20 2.02721e-14 6.00698e-10 2.1516e-06 0.00093156 0.0487545 0.308434 0.236217 0.0441897 0.170389 0.156528 0.0215292 0.00968667 0.00277586 0.000447595 9.787e-05 1.37058e-05 1.59982e-06 1.25536e-07 6.4279e-09 2.02391e-10 2.48745e-12
 2.56748e-27 2.59931e-27 4.1997e-26 8.31936e-20 2.03939e-14 6.04308e-10 2.16453e-06 0.000937159 0.0490475 0.310288 0.237634 0.044231 0.169708 0.155872 0.0209191 0.00846104 0.00241661 0.000389662 8.23386e-05 9.83858e-06 1.06897e-06 8.07141e-08 3.69237e-09 9.38017e-11 1.15829e-12
 2.56784e-27 2.60029e-27 4.28699e-26 8.5035e-20 2.08453e-14 6.17684e-10 2.21244e-06 0.000957902 0.0501331 0.317156 0.242873 0.0439439 0.163842 0.150466 0.0200794 0.00790611 0.00223659 0.000326719 6.7232e-05 7.95886e-06 7.913e-07 5.21358e-08 2.23983e-09 5.10823e-11 5.23297e-13
 2.56809e-27 2.60096e-27 4.34567e-26 8.62729e-20 2.11488e-14 6.26676e-10 2.24465e-06 0.000971846 0.0508629 0.321773 0.246397 0.0438552 0.160691 0.147537 0.0191705 0.00657159 0.00184571 0.000263001 5.28256e-05 5.7207e-06 5.51642e-07 3.44296e-08 1.29122e-09 2.6772e-11 2.45765e-13
 2.56856e-27 2.60223e-27 4.45702e-26 8.86218e-20 2.17246e-14 6.43738e-10 2.30576e-06 0.000998307 0.0522478 0.330534 0.253083 0.0436071 0.154106 0.141438 0.0177053 0.00476582 0.00131159 0.000165481 3.1839e-05 3.35476e-06 3.06872e-07 1.7784e-08 6.33481e-10 1.16553e-11 9.53614e-14
 2.56771e-27 2.59992e-27 4.25029e-26 8.42607e-20 2.06555e-14 6.12059e-10 2.19229e-06 0.00094918 0.0496766 0.314268 0.240675 0.0443528 0.168499 0.154692 0.0195439 0.00562027 0.00153246 0.000158673 2.76993e-05 2.60632e-06 2.26281e-07 1.25267e-08 4.13865e-10 7.12144e-12 5.23968e-14
 2.56762e-27 2.59966e-27 4.22694e-26 8.37681e-20 2.05347e-14 6.08481e-10 2.17948e-06 0.00094363 0.0493862 0.312431 0.239273 0.0444626 0.170319 0.156362 0.0196624 0.00547068 0.00149384 0.000162827 2.83489e-05 2.21765e-06 1.6876e-07 8.41279e-09 2.63131e-10 4.21774e-12 2.87507e-14
 2.56752e-27 2.59942e-27 4.2074e-26 8.3356e-20 2.04337e-14 6.05487e-10 2.16875e-06 0.000938988 0.0491432 0.310894 0.238098 0.0443606 0.170368 0.156447 0.0204018 0.00713328 0.00196479 0.000208675 3.61464e-05 2.94755e-06 2.12683e-07 8.74192e-09 2.39547e-10 3.54393e-12 2.25408e-14
 2.56826e-27 2.60144e-27 4.38776e-26 8.71609e-20 2.13665e-14 6.33126e-10 2.26775e-06 0.00098185 0.0513865 0.325085 0.248924 0.0437154 0.157852 0.14492 0.0187742 0.00632576 0.00176133 0.00022577 4.19352e-05 3.34892e-06 2.42931e-07 1.00431e-08 2.38328e-10 2.97187e-12 1.70688e-14
#obs surv len freq
 1.24919e-41 1.7338e-33 2.9088e-26 5.899e-20 1.44607e-14 4.28497e-10 1.53481e-06 0.000664518 0.0347782 0.220018 0.168736 0.0417446 0.170268 0.142535 0.0891604 0.0843582 0.0331161 0.0119272 0.00241134 0.000269068 1.2192e-05 1.64788e-07 5.03721e-10 2.8423e-13 2.5888e-17
 1.56238e-41 2.16848e-33 3.63807e-26 7.37793e-20 1.80861e-14 5.35925e-10 1.9196e-06 0.000831119 0.0434975 0.275178 0.21089 0.0426691 0.141929 0.113083 0.0739155 0.0644119 0.024192 0.00786181 0.00140156 0.000132975 4.9134e-06 5.15001e-08 1.17147e-10 4.79318e-14 3.11916e-18
 1.29414e-41 1.79619e-33 3.01348e-26 6.11127e-20 1.49811e-14 4.43916e-10 1.59003e-06 0.00068843 0.0360297 0.227936 0.175058 0.0518141 0.204249 0.15009 0.072947 0.0550049 0.0195491 0.00567971 0.000880516 6.92211e-05 2.03682e-06 1.63984e-08 2.77519e-11 8.2503e-15 3.84303e-19
 1.55886e-41 2.16359e-33 3.62987e-26 7.36131e-20 1.80454e-14 5.34718e-10 1.91527e-06 0.000829246 0.0433994 0.274559 0.210591 0.0474313 0.149935 0.109681 0.0846582 0.0594012 0.0154021 0.00360027 0.000478987 3.07512e-05 7.04665e-07 4.27615e-09 5.3396e-12 1.15268e-15 3.8521e-20
 1.54167e-41 2.13973e-33 3.58984e-26 7.28012e-20 1.78464e-14 5.28821e-10 1.89415e-06 0.000820102 0.0429208 0.271532 0.20852 0.0553119 0.179788 0.118572 0.0637754 0.0415557 0.0140522 0.0028688 0.000268088 1.32729e-05 2.33185e-07 1.04875e-09 9.52198e-13 1.48014e-16 3.53927e-21
 1.34862e-41 1.8718e-33 3.14033e-26 6.36852e-20 1.56117e-14 4.62602e-10 1.65697e-06 0.000717409 0.0375463 0.237532 0.182807 0.0612766 0.205685 0.131219 0.0833221 0.0465496 0.0110148 0.00212581 0.000195554 6.89489e-06 8.48025e-08 2.76106e-10 1.80008e-13 1.99201e-17 3.37864e-22
 1.56718e-41 2.17514e-33 3.64925e-26 7.40061e-20 1.81417e-14 5.37573e-10 1.9255e-06 0.000833674 0.0436312 0.276027 0.21217 0.0581118 0.165561 0.104922 0.0829815 0.0436979 0.0104049 0.00154551 0.00010817 3.33069e-06 2.99509e-08 6.55293e-11 2.95101e-14 2.29179e-18 2.73211e-23
 1.7296e-41 2.40057e-33 4.02746e-26 8.1676e-20 2.00219e-14 5.93286e-10 2.12505e-06 0.000920075 0.0481531 0.304634 0.234218 0.0627923 0.163393 0.092831 0.056775 0.0278566 0.0073395 0.00102544 5.8369e-05 1.29917e-06 9.00945e-09 1.44316e-11 4.38946e-15 2.28621e-19 1.8648e-24
 1.65463e-41 2.29652e-33 3.85289e-26 7.81358e-20 1.91541e-14 5.6757e-10 2.03294e-06 0.000880194 0.0460659 0.291432 0.224542 0.0712741 0.184937 0.0981277 0.0552979 0.0224077 0.00443504 0.000566808 3.06021e-05 5.45426e-07 2.68734e-09 3.07782e-12 6.74478e-16 2.43937e-20 1.34131e-25
 1.53129e-41 2.12533e-33 3.56569e-26 7.23115e-20 1.77263e-14 5.25263e-10 1.88141e-06 0.000814584 0.0426321 0.269712 0.208397 0.0785222 0.199831 0.104901 0.0668983 0.0239808 0.00392272 0.000371394 1.55115e-05 2.37476e-07 9.27247e-10 7.57373e-13 1.14795e-16 2.90521e-21 1.12191e-26
 1.46936e-41 2.03938e-33 3.42148e-26 6.9387e-20 1.70094e-14 5.0402e-10 1.80532e-06 0.00078164 0.0409079 0.258807 0.200506 0.0842315 0.203833 0.10718 0.0746377 0.0248451 0.00395511 0.000304088 9.01606e-06 9.77937e-08 2.93776e-10 1.85319e-13 2.0458e-17 3.60384e-22 9.56624e-28
 1.88249e-41 2.61277e-33 4.38346e-26 8.88957e-20 2.17917e-14 6.45729e-10 2.3129e-06 0.0010014 0.0524095 0.331568 0.255681 0.0729691 0.140747 0.0736972 0.0526273 0.0164864 0.00262403 0.000182154 4.46396e-06 3.42131e-08 6.91683e-11 3.08431e-14 2.50909e-18 3.24869e-23 6.17707e-29
 1.56628e-41 2.17389e-33 3.64716e-26 7.39636e-20 1.81313e-14 5.37264e-10 1.92439e-06 0.000833195 0.0436061 0.275886 0.214862 0.102222 0.213796 0.0905404 0.0436133 0.0125515 0.00195828 0.000126082 2.77561e-06 1.72118e-08 2.50563e-11 7.4789e-15 4.08062e-19 3.66982e-24 4.98212e-30
 1.26942e-41 1.76187e-33 2.95591e-26 5.99453e-20 1.46949e-14 4.35436e-10 1.55966e-06 0.00067528 0.0353415 0.223611 0.176033 0.113537 0.233101 0.119737 0.0786943 0.0173447 0.00181989 0.000100289 1.9703e-06 1.04194e-08 1.21089e-11 2.66591e-15 1.00508e-19 6.04674e-25 5.4937e-31
 1.14621e-41 1.59087e-33 2.66901e-26 5.41269e-20 1.32686e-14 3.93172e-10 1.40828e-06 0.000609736 0.0319112 0.201919 0.160233 0.117243 0.227024 0.135433 0.0984539 0.0241998 0.00285897 0.000112317 1.54671e-06 6.59228e-09 6.2352e-12 1.07844e-15 3.05876e-20 1.32599e-25 8.37843e-32
 1.55887e-41 2.16361e-33 3.62991e-26 7.36137e-20 1.80455e-14 5.34722e-10 1.91529e-06 0.000829254 0.0433999 0.274598 0.21505 0.100848 0.16555 0.104181 0.0738657 0.0191391 0.0024362 9.96938e-05 1.16708e-06 3.39937e-09 2.29016e-12 3.01468e-16 6.56046e-21 2.14767e-26 1.00334e-32
 1.40773e-41 1.95384e-33 3.27797e-26 6.64765e-20 1.62959e-14 4.82878e-10 1.72959e-06 0.000748854 0.0391921 0.248008 0.197764 0.13595 0.215164 0.0971333 0.0514876 0.0128824 0.00160106 6.63778e-05 7.67568e-07 1.96439e-09 9.78489e-13 8.78984e-17 1.33809e-21 3.18711e-27 1.10178e-33
 1.46163e-41 2.02865e-33 3.40348e-26 6.9022e-20 1.69199e-14 5.01368e-10 1.79582e-06 0.000777528 0.0406928 0.257511 0.205345 0.129881 0.189895 0.107851 0.0572305 0.00986148 0.000917885 3.45247e-05 3.72275e-07 8.77324e-10 3.79946e-13 2.70577e-17 2.9785e-22 4.88348e-28 1.15948e-34
 1.44331e-41 2.00322e-33 3.36081e-26 6.81565e-20 1.67078e-14 4.95082e-10 1.7733e-06 0.000767779 0.0401826 0.254313 0.205019 0.144652 0.195893 0.100928 0.0486132 0.00891306 0.000698057 1.77532e-05 1.47511e-07 2.95172e-10 1.09492e-13 6.55264e-18 5.8468e-23 7.41031e-29 1.29482e-35
 1.5582e-41 2.16268e-33 3.62835e-26 7.35822e-20 1.80378e-14 5.34493e-10 1.91447e-06 0.000828898 0.0433814 0.274569 0.221167 0.141378 0.17504 0.0949842 0.0416133 0.00656217 0.000464188 1.03688e-05 6.18495e-08 8.62047e-11 2.42665e-14 1.15525e-18 8.26493e-24 8.33649e-30 1.14235e-36
 1.50887e-41 2.09421e-33 3.51347e-26 7.12525e-20 1.74667e-14 5.17571e-10 1.85385e-06 0.000802655 0.042008 0.265933 0.21774 0.160453 0.184486 0.0891003 0.0341866 0.00498436 0.000298212 5.48216e-06 2.68741e-08 2.81055e-11 5.46447e-15 1.81073e-19 9.43627e-25 7.16897e-31 7.50678e-38
 1.55287e-41 2.15529e-33 3.61594e-26 7.33306e-20 1.79761e-14 5.32666e-10 1.90792e-06 0.000826064 0.0432333 0.273724 0.22515 0.160614 0.172711 0.0892469 0.0306289 0.00367874 0.000182728 2.76604e-06 1.06594e-08 8.63764e-12 1.26883e-15 3.02091e-20 1.08894e-25 5.69623e-32 4.18208e-39
 1.55943e-41 2.16438e-33 3.6312e-26 7.36399e-20 1.8052e-14 5.34913e-10 1.91597e-06 0.00082955 0.0434158 0.274947 0.228998 0.170728 0.169953 0.0824591 0.025658 0.00288877 0.000118703 1.3934e-06 4.15355e-09 2.56302e-12 2.81692e-16 4.9752e-21 1.31422e-26 4.93464e-33 2.5445e-40
 1.59049e-41 2.20749e-33 3.70353e-26 7.51068e-20 1.84116e-14 5.45568e-10 1.95414e-06 0.000846074 0.0442809 0.280491 0.235656 0.174459 0.162446 0.0781096 0.0215227 0.0021117 7.47465e-05 7.23913e-07 1.64427e-09 7.49771e-13 6.07083e-17 7.86223e-22 1.51362e-27 4.1262e-34 1.53962e-41
 1.58624e-41 2.2016e-33 3.69363e-26 7.49061e-20 1.83624e-14 5.4411e-10 1.94891e-06 0.000843813 0.0441629 0.279853 0.238837 0.183958 0.159985 0.0728624 0.0178958 0.00155503 4.57068e-05 3.58434e-07 6.44226e-10 2.22802e-13 1.31773e-17 1.22814e-22 1.699e-28 3.33039e-35 8.92972e-43
 1.37392e-41 1.90691e-33 3.19923e-26 6.48798e-20 1.59045e-14 4.7128e-10 1.68805e-06 0.000730867 0.0382524 0.242691 0.218957 0.217008 0.18303 0.08068 0.0173359 0.00128194 3.1085e-05 1.94894e-07 2.70974e-10 7.12864e-14 3.15753e-18 2.15997e-23 2.15331e-29 3.00872e-36 5.72877e-44
 1.39778e-41 1.94003e-33 3.2548e-26 6.60066e-20 1.61808e-14 4.79465e-10 1.71737e-06 0.000743561 0.0389173 0.246996 0.2232 0.205303 0.177075 0.0889628 0.0176385 0.00113987 2.25637e-05 1.11373e-07 1.18977e-10 2.35522e-14 7.7346e-19 3.89125e-24 2.83523e-30 2.87395e-37 3.93681e-45
 1.46428e-41 2.03233e-33 3.40965e-26 6.9147e-20 1.69506e-14 5.02277e-10 1.79907e-06 0.000778938 0.0407687 0.258692 0.231456 0.202284 0.169291 0.0792778 0.0163255 0.00110401 2.02631e-05 8.6561e-08 7.7205e-11 1.25584e-14 3.36432e-19 1.37366e-24 8.09101e-31 6.61528e-38 7.30093e-46
 1.4643e-41 2.03235e-33 3.40969e-26 6.91477e-20 1.69508e-14 5.02282e-10 1.79909e-06 0.000778946 0.0407691 0.258695 0.231458 0.202289 0.169381 0.0794579 0.0161186 0.00103307 1.76022e-05 6.83369e-08 5.44914e-11 7.83814e-15 1.84268e-19 6.56999e-25 3.36743e-31 2.38976e-38 2.28507e-46
#pred catch len freq
 2.55879e-27 2.57629e-27 2.22852e-26 4.16124e-20 1.02008e-14 3.02267e-10 1.08267e-06 0.000468755 0.0245329 0.155203 0.119219 0.044606 0.255756 0.235967 0.0473045 0.0488292 0.0201128 0.0143902 0.00864315 0.00645863 0.00500647 0.00429202 0.00427768 0.00377958 0.00115242
 2.56035e-27 2.58088e-27 2.66339e-26 5.07874e-20 1.24499e-14 3.68913e-10 1.32139e-06 0.00057211 0.0299421 0.189423 0.145291 0.0409494 0.209614 0.194251 0.0557166 0.0784109 0.0274402 0.0127554 0.00578277 0.00329862 0.00208607 0.00152909 0.00134838 0.00119062 0.00039771
 2.56124e-27 2.58304e-27 2.82472e-26 5.41896e-20 1.32839e-14 3.93627e-10 1.40991e-06 0.000610435 0.031948 0.202112 0.155016 0.0432155 0.220025 0.203175 0.0448984 0.0516569 0.021882 0.0156957 0.00556444 0.002043 0.000888836 0.000498423 0.000363102 0.000300831 0.000104015
 2.56163e-27 2.584e-27 2.89999e-26 5.57772e-20 1.36731e-14 4.05158e-10 1.45121e-06 0.000628318 0.0328839 0.208033 0.159545 0.0437102 0.220608 0.20368 0.0444479 0.0503061 0.0184552 0.00996828 0.00467417 0.00209199 0.000571484 0.000196076 0.000101737 7.23935e-05 2.47654e-05
 2.56314e-27 2.58799e-27 3.24168e-26 6.2985e-20 1.544e-14 4.57515e-10 1.63874e-06 0.000709513 0.0371334 0.234916 0.180071 0.0436352 0.205617 0.189682 0.0390354 0.0414418 0.0150896 0.00786278 0.00297437 0.00123031 0.000445086 0.000105581 2.9359e-05 1.50819e-05 4.83247e-06
 2.56267e-27 2.58658e-27 3.10603e-26 6.01228e-20 1.47384e-14 4.36725e-10 1.56428e-06 0.000677271 0.0354459 0.224241 0.17194 0.044899 0.220947 0.203667 0.0385957 0.0368734 0.0130125 0.00620949 0.00229751 0.000846847 0.000257112 7.09513e-05 1.3013e-05 3.42077e-06 9.18804e-07
 2.56275e-27 2.58682e-27 3.12845e-26 6.05958e-20 1.48543e-14 4.40161e-10 1.57658e-06 0.000682599 0.0357248 0.226005 0.173283 0.0446438 0.218062 0.201074 0.0394226 0.0393847 0.0133544 0.00553751 0.00192862 0.000660218 0.000182466 4.30986e-05 7.87608e-06 1.09199e-06 1.86164e-07
 2.56462e-27 2.59183e-27 3.56447e-26 6.97939e-20 1.71091e-14 5.06975e-10 1.8159e-06 0.000786214 0.0411476 0.260312 0.199468 0.0439493 0.19438 0.179087 0.03312 0.030535 0.0105137 0.00460266 0.0015021 0.000452501 0.00011419 2.41485e-05 3.83683e-06 4.16951e-07 3.63633e-08
 2.56514e-27 2.59315e-27 3.6724e-26 7.20705e-20 1.76672e-14 5.23511e-10 1.87513e-06 0.000811859 0.0424898 0.268802 0.205958 0.0443934 0.193199 0.177841 0.0300695 0.0238576 0.00796745 0.00315193 0.00104779 0.000320836 7.17179e-05 1.34245e-05 1.86237e-06 1.69578e-07 9.20647e-09
 2.56463e-27 2.59174e-27 3.54635e-26 6.94113e-20 1.70153e-14 5.04195e-10 1.80594e-06 0.000781904 0.040922 0.258884 0.198392 0.0448304 0.201841 0.185818 0.0315304 0.0251617 0.00806122 0.00265155 0.000824865 0.000235478 5.35744e-05 9.19213e-06 1.09834e-06 8.48455e-08 3.50345e-09
 2.56502e-27 2.59279e-27 3.63744e-26 7.13327e-20 1.74864e-14 5.18152e-10 1.85593e-06 0.000803548 0.0420548 0.266051 0.203863 0.0447346 0.197268 0.181559 0.0300737 0.0229094 0.00734533 0.00242466 0.000700465 0.00016932 3.52013e-05 5.91269e-06 6.52787e-07 4.27579e-08 1.44559e-09
 2.56689e-27 2.5978e-27 4.07551e-26 8.05741e-20 1.97518e-14 5.8528e-10 2.09638e-06 0.000907651 0.0475032 0.300518 0.230167 0.0438552 0.172095 0.158236 0.0242475 0.0154798 0.00489264 0.00152986 0.00044016 0.000104017 1.86929e-05 2.74743e-06 2.87645e-07 1.71629e-08 4.86604e-10
 2.56719e-27 2.59859e-27 4.1416e-26 8.19681e-20 2.00935e-14 5.95406e-10 2.13265e-06 0.000923354 0.048325 0.305718 0.234139 0.0439674 0.170158 0.156383 0.0227467 0.0125113 0.00380865 0.000976471 0.000268425 6.06705e-05 1.07039e-05 1.405e-06 1.25791e-07 6.93128e-09 1.75763e-10
 2.56516e-27 2.59304e-27 3.64623e-26 7.15178e-20 1.75317e-14 5.19496e-10 1.86075e-06 0.000805633 0.0421639 0.266741 0.204406 0.0457451 0.204576 0.18808 0.0271947 0.0146703 0.00436647 0.000954301 0.000240015 4.55839e-05 7.5556e-06 9.54964e-07 7.69966e-08 3.62439e-09 8.31528e-11
 2.5638e-27 2.58937e-27 3.32612e-26 6.4765e-20 1.58764e-14 4.70445e-10 1.68505e-06 0.000729564 0.0381827 0.241555 0.185184 0.0463503 0.222687 0.204879 0.0317337 0.0207921 0.00620093 0.00132651 0.000318565 5.16803e-05 7.30746e-06 8.14105e-07 6.19004e-08 2.61105e-09 5.14679e-11
 2.56515e-27 2.59312e-27 3.66431e-26 7.18995e-20 1.76253e-14 5.22269e-10 1.87068e-06 0.000809933 0.042389 0.268165 0.205478 0.0448405 0.196939 0.181227 0.0295137 0.0216961 0.00667656 0.0017533 0.000432898 6.8111e-05 8.6301e-06 7.99381e-07 5.18449e-08 2.00794e-09 3.525e-11
 2.56632e-27 2.59618e-27 3.92466e-26 7.73914e-20 1.89716e-14 5.62162e-10 2.01357e-06 0.000871798 0.0456268 0.288648 0.22112 0.0449281 0.186615 0.171493 0.0240216 0.0116206 0.00362022 0.00108326 0.000287549 5.3907e-05 6.92705e-06 5.89464e-07 3.16627e-08 1.0268e-09 1.61823e-11
 2.56627e-27 2.59605e-27 3.913e-26 7.71455e-20 1.89113e-14 5.60375e-10 2.00717e-06 0.000869028 0.0454818 0.287731 0.22042 0.0449408 0.187204 0.172052 0.0244115 0.0123542 0.00361451 0.000695626 0.000179326 3.81088e-05 5.61916e-06 5.2868e-07 2.66569e-08 7.20644e-10 9.42805e-12
 2.56674e-27 2.59732e-27 4.02544e-26 7.95174e-20 1.94927e-14 5.77605e-10 2.06888e-06 0.000895747 0.0468802 0.296577 0.22717 0.0446393 0.180167 0.165549 0.0230917 0.010983 0.00322457 0.000646032 0.000148759 2.18834e-05 3.3096e-06 3.59393e-07 2.05463e-08 5.37266e-10 5.92507e-12
 2.56711e-27 2.59829e-27 4.10914e-26 8.1283e-20 1.99256e-14 5.9043e-10 2.11482e-06 0.000915637 0.0479211 0.303162 0.232198 0.0445765 0.176157 0.161804 0.0216194 0.00856732 0.00248346 0.000468117 0.00010749 1.58209e-05 1.85702e-06 1.69164e-07 1.09131e-08 3.24144e-10 3.53659e-12
 2.56756e-27 2.59954e-27 4.22021e-26 8.36263e-20 2.05e-14 6.07451e-10 2.17579e-06 0.000942033 0.0493026 0.311902 0.238865 0.0441772 0.168434 0.154694 0.0206762 0.00820364 0.00233753 0.000370409 8.05909e-05 1.12606e-05 1.31349e-06 1.03044e-07 5.27592e-09 1.66117e-10 2.04162e-12
 2.56769e-27 2.59989e-27 4.2499e-26 8.42526e-20 2.06535e-14 6.12e-10 2.19208e-06 0.000949088 0.0496718 0.314238 0.240649 0.044175 0.167164 0.153502 0.0200798 0.00714426 0.00202777 0.00032132 6.7567e-05 8.05541e-06 8.74539e-07 6.60171e-08 3.01985e-09 7.67157e-11 9.47308e-13
 2.56819e-27 2.60125e-27 4.37095e-26 8.68062e-20 2.12795e-14 6.30549e-10 2.25852e-06 0.000977853 0.0511773 0.323762 0.247914 0.0437527 0.158845 0.14584 0.018983 0.00657137 0.00184745 0.0002653 5.43004e-05 6.41358e-06 6.37172e-07 4.19699e-08 1.80296e-09 4.11182e-11 4.21222e-13
 2.56872e-27 2.6027e-27 4.49917e-26 8.95112e-20 2.19426e-14 6.50198e-10 2.3289e-06 0.00100833 0.0527721 0.333851 0.255612 0.0433774 0.150581 0.13821 0.0175758 0.00528365 0.00147354 0.00020643 4.12369e-05 4.45576e-06 4.29306e-07 2.67872e-08 1.00454e-09 2.08275e-11 1.91194e-13
 2.56901e-27 2.60346e-27 4.56574e-26 9.09155e-20 2.22868e-14 6.60399e-10 2.36544e-06 0.00102414 0.0536 0.339089 0.25961 0.0432624 0.146898 0.13479 0.0165937 0.00390514 0.00106543 0.000132225 2.52842e-05 2.65815e-06 2.42945e-07 1.40754e-08 5.01341e-10 9.2239e-12 7.54679e-14
 2.56839e-27 2.60176e-27 4.41387e-26 8.77116e-20 2.15014e-14 6.37126e-10 2.28208e-06 0.000988053 0.0517111 0.327139 0.250494 0.0438127 0.15749 0.144544 0.0179375 0.00451299 0.00122091 0.000124483 2.15698e-05 2.02504e-06 1.7565e-07 9.72108e-09 3.21146e-10 5.52589e-12 4.06572e-14
 2.568e-27 2.60068e-27 4.31779e-26 8.56847e-20 2.10046e-14 6.22403e-10 2.22934e-06 0.000965221 0.0505162 0.319579 0.244728 0.0441973 0.164468 0.15096 0.0186577 0.00454007 0.00122961 0.000131937 2.28109e-05 1.78067e-06 1.35356e-07 6.74559e-09 2.10967e-10 3.38153e-12 2.30504e-14
 2.56797e-27 2.60064e-27 4.31525e-26 8.56312e-20 2.09914e-14 6.22014e-10 2.22795e-06 0.000964617 0.0504846 0.31938 0.244573 0.0440623 0.163549 0.150148 0.0191541 0.00587504 0.00160778 0.000168123 2.89135e-05 2.3527e-06 1.69586e-07 6.96836e-09 1.90928e-10 2.82458e-12 1.79654e-14
 2.56779e-27 2.60013e-27 4.27004e-26 8.46773e-20 2.07576e-14 6.15086e-10 2.20313e-06 0.000953872 0.0499222 0.315822 0.241859 0.0442557 0.166927 0.15325 0.0194376 0.00574194 0.00158762 0.000200163 3.69589e-05 2.94536e-06 2.1343e-07 8.8208e-09 2.09303e-10 2.60986e-12 1.49895e-14
#obs catch len freq
 5.99376e-42 8.31894e-34 1.39567e-26 2.8304e-20 6.93839e-15 2.05597e-10 7.36416e-07 0.000318843 0.016687 0.105568 0.0813766 0.0423157 0.226447 0.19125 0.131808 0.127579 0.0524341 0.0195958 0.00412282 0.000475518 2.24269e-05 3.17285e-07 1.0138e-09 5.95372e-13 5.61854e-17
 6.85178e-42 9.50982e-34 1.59547e-26 3.23558e-20 7.93164e-15 2.35029e-10 8.41836e-07 0.000364486 0.0190757 0.12068 0.093031 0.0462262 0.230195 0.184795 0.128888 0.11408 0.0444833 0.0150452 0.00284076 0.000282876 1.08776e-05 1.18489e-07 2.80186e-10 1.18882e-13 7.99241e-18
 1.03823e-41 1.441e-33 2.41758e-26 4.9028e-20 1.20186e-14 3.56134e-10 1.27561e-06 0.000552297 0.028905 0.182863 0.140582 0.0481863 0.201794 0.153966 0.109693 0.0887515 0.0329335 0.00998016 0.00164972 0.000138541 4.30338e-06 3.6059e-08 6.31176e-11 1.93609e-14 9.28449e-19
 8.86084e-42 1.22983e-33 2.06329e-26 4.18431e-20 1.02573e-14 3.03944e-10 1.08868e-06 0.000471359 0.0246691 0.156066 0.120457 0.060187 0.262546 0.183112 0.0951546 0.0667782 0.0233221 0.00627733 0.000894859 6.17372e-05 1.51475e-06 9.68189e-09 1.2547e-11 2.78823e-15 9.55562e-20
 1.21629e-41 1.68814e-33 2.8322e-26 5.74364e-20 1.40799e-14 4.17212e-10 1.49439e-06 0.000647018 0.0338623 0.214225 0.164765 0.0540588 0.193846 0.135969 0.110194 0.0703121 0.0177557 0.00386678 0.000469292 2.61972e-05 4.96598e-07 2.37859e-09 2.26503e-12 3.64508e-16 8.94803e-21
 1.28592e-41 1.78478e-33 2.99433e-26 6.07245e-20 1.48859e-14 4.41096e-10 1.57994e-06 0.000684057 0.0358008 0.22649 0.174444 0.0636076 0.219973 0.137564 0.0769477 0.0463423 0.0151176 0.00278014 0.000237053 1.01782e-05 1.46806e-07 5.18356e-10 3.57681e-13 4.13531e-17 7.25253e-22
 1.17282e-41 1.6278e-33 2.73097e-26 5.53835e-20 1.35766e-14 4.023e-10 1.44097e-06 0.000623892 0.032652 0.206571 0.159519 0.0695517 0.235339 0.142916 0.0929039 0.0470857 0.0107724 0.00190429 0.000154845 4.67067e-06 4.71699e-08 1.20154e-10 5.9359e-14 4.87658e-18 6.05875e-23
 1.45449e-41 2.01873e-33 3.38684e-26 6.86844e-20 1.68372e-14 4.98916e-10 1.78704e-06 0.000773725 0.0404937 0.25618 0.197328 0.0647203 0.184792 0.112415 0.0894824 0.0427314 0.00970295 0.0012956 8.11708e-05 2.1083e-06 1.53304e-08 2.62125e-11 8.93939e-15 5.14741e-19 4.4907e-24
 1.67428e-41 2.3238e-33 3.89865e-26 7.90638e-20 1.93816e-14 5.74311e-10 2.05709e-06 0.000890649 0.046613 0.294893 0.2271 0.0688458 0.175271 0.0947635 0.058134 0.0261358 0.00650312 0.000806946 4.03073e-05 7.56442e-07 4.22391e-09 5.24118e-12 1.20473e-15 4.65284e-20 2.77622e-25
 1.64157e-41 2.27839e-33 3.82247e-26 7.75189e-20 1.90029e-14 5.63089e-10 2.01689e-06 0.000873246 0.0457022 0.289134 0.22315 0.0771462 0.190425 0.0960123 0.0537063 0.0197107 0.00369601 0.000422544 1.97028e-05 2.91202e-07 1.14922e-09 1.01822e-12 1.68094e-16 4.50235e-21 1.81191e-26
 1.55746e-41 2.16166e-33 3.62662e-26 7.35472e-20 1.80292e-14 5.34239e-10 1.91356e-06 0.000828505 0.0433606 0.274323 0.212317 0.0839377 0.199285 0.100105 0.0623698 0.0201226 0.00307991 0.000258791 9.39969e-06 1.18464e-07 3.65949e-10 2.29982e-13 2.62289e-17 4.91097e-22 1.38715e-27
 1.5221e-41 2.11258e-33 3.54429e-26 7.18775e-20 1.76199e-14 5.2211e-10 1.87011e-06 0.000809695 0.0423762 0.268099 0.208036 0.0892076 0.199253 0.101005 0.0676876 0.0203294 0.00298891 0.000200752 5.12791e-06 4.58732e-08 1.08864e-10 5.25132e-14 4.3451e-18 5.65707e-23 1.09803e-28
 1.92683e-41 2.67431e-33 4.48671e-26 9.09895e-20 2.2305e-14 6.60938e-10 2.36737e-06 0.00102499 0.053644 0.33938 0.261985 0.0762749 0.13616 0.0691586 0.0469706 0.0133401 0.00194036 0.000116756 2.42465e-06 1.51658e-08 2.42069e-11 8.25554e-15 5.02221e-19 4.79511e-24 6.66253e-30
 1.61953e-41 2.2478e-33 3.77114e-26 7.6478e-20 1.87477e-14 5.55528e-10 1.98981e-06 0.00086152 0.0450885 0.285271 0.222638 0.107268 0.205737 0.0830987 0.0384354 0.0100941 0.00142562 7.92307e-05 1.46088e-06 7.30437e-09 8.32394e-12 1.89633e-15 7.73802e-20 5.12685e-25 5.07748e-31
 1.33295e-41 1.85004e-33 3.10383e-26 6.2945e-20 1.54302e-14 4.57226e-10 1.63771e-06 0.000709072 0.03711 0.234808 0.185403 0.119884 0.225411 0.112998 0.0687605 0.0135517 0.00129991 6.20515e-05 1.01299e-06 4.28269e-09 3.86381e-12 6.45775e-16 1.81752e-20 8.05723e-26 5.34055e-32
 1.2174e-41 1.68966e-33 2.83476e-26 5.74884e-20 1.40926e-14 4.1759e-10 1.49574e-06 0.000647603 0.033893 0.214468 0.17077 0.123949 0.219877 0.129388 0.0858208 0.0191288 0.00199044 6.66536e-05 7.68593e-07 2.61398e-09 1.90781e-12 2.49206e-16 5.25904e-21 1.67794e-26 7.73884e-33
 1.63607e-41 2.27075e-33 3.80966e-26 7.72591e-20 1.89392e-14 5.61202e-10 2.01013e-06 0.000870319 0.0455491 0.288204 0.22616 0.104657 0.157293 0.0977667 0.0629106 0.0148772 0.00165313 5.70296e-05 5.45099e-07 1.26251e-09 6.57249e-13 6.51656e-17 1.05163e-21 2.52779e-27 8.60997e-34
 1.48554e-41 2.06184e-33 3.45916e-26 7.0151e-20 1.71967e-14 5.0957e-10 1.8252e-06 0.000790247 0.0413585 0.26173 0.209365 0.140598 0.202674 0.0889957 0.0434451 0.00993097 0.00107402 3.73966e-05 3.4896e-07 6.99597e-10 2.67034e-13 1.80524e-17 2.036e-22 3.55236e-28 8.93304e-35
 1.54592e-41 2.14563e-33 3.59975e-26 7.30021e-20 1.78956e-14 5.3028e-10 1.89938e-06 0.000822364 0.0430394 0.272376 0.217798 0.133557 0.178454 0.0990606 0.0469547 0.00731673 0.000600897 1.89642e-05 1.64076e-07 3.00392e-10 9.88144e-14 5.26429e-18 4.2858e-23 5.14812e-29 8.88493e-36
 1.52927e-41 2.12253e-33 3.56098e-26 7.2216e-20 1.77029e-14 5.24569e-10 1.87892e-06 0.000813508 0.042576 0.26948 0.21792 0.14797 0.182925 0.0916578 0.0396752 0.00653182 0.000438243 9.36405e-06 6.27416e-08 9.71643e-11 2.72218e-14 1.21205e-18 7.96613e-24 7.38385e-30 9.38285e-37
 1.64644e-41 2.28514e-33 3.8338e-26 7.77488e-20 1.90592e-14 5.64759e-10 2.02287e-06 0.000875835 0.0458379 0.290138 0.234326 0.14329 0.162163 0.0851628 0.0332192 0.00469477 0.000284147 5.23585e-06 2.49292e-08 2.69431e-11 5.7227e-15 2.01949e-19 1.06008e-24 7.79407e-31 7.74919e-38
 1.59872e-41 2.21892e-33 3.7227e-26 7.54956e-20 1.85069e-14 5.48392e-10 1.96425e-06 0.000850453 0.0445097 0.2818 0.231417 0.161845 0.16995 0.0789464 0.0269996 0.0035002 0.000177613 2.68461e-06 1.04147e-08 8.3749e-12 1.2264e-15 3.01098e-20 1.14865e-25 6.3406e-32 4.80253e-39
 1.64435e-41 2.28226e-33 3.82896e-26 7.76505e-20 1.90351e-14 5.64045e-10 2.02032e-06 0.000874727 0.0457803 0.289884 0.239088 0.161067 0.158701 0.0782668 0.0237092 0.00251957 0.000105772 1.30598e-06 3.962e-09 2.45793e-12 2.70762e-16 4.76687e-21 1.25775e-26 4.77794e-33 2.53246e-40
 1.65137e-41 2.29199e-33 3.84529e-26 7.79817e-20 1.91163e-14 5.66451e-10 2.02894e-06 0.000878459 0.0459758 0.291202 0.243184 0.17026 0.155355 0.0714927 0.0196466 0.00193673 6.65432e-05 6.34265e-07 1.48161e-09 6.96993e-13 5.72774e-17 7.46266e-22 1.44068e-27 3.9277e-34 1.46338e-41
 1.68289e-41 2.33575e-33 3.9187e-26 7.94704e-20 1.94812e-14 5.77265e-10 2.06767e-06 0.000895229 0.0468537 0.296842 0.24999 0.17299 0.147922 0.0668771 0.016203 0.00138477 4.07435e-05 3.17355e-07 5.61652e-10 1.94669e-13 1.1755e-17 1.1207e-22 1.57431e-28 3.11201e-35 8.38221e-43
 1.67935e-41 2.33083e-33 3.91044e-26 7.9303e-20 1.94402e-14 5.76049e-10 2.06331e-06 0.000893344 0.0467555 0.296348 0.253458 0.181514 0.145073 0.0616533 0.0132821 0.000996631 2.41935e-05 1.51761e-07 2.11297e-10 5.53029e-14 2.43386e-18 1.66741e-23 1.68074e-29 2.38599e-36 4.6135e-44
 1.46928e-41 2.03926e-33 3.42128e-26 6.93829e-20 1.70084e-14 5.0399e-10 1.80521e-06 0.000781594 0.0409079 0.259635 0.234804 0.214935 0.167192 0.0681345 0.0127819 0.000810727 1.61382e-05 8.04229e-08 8.62289e-11 1.71064e-14 5.62265e-19 2.82285e-24 2.04914e-30 2.07264e-37 2.84422e-45
 1.49549e-41 2.07564e-33 3.48231e-26 7.06206e-20 1.73118e-14 5.1298e-10 1.83741e-06 0.000795536 0.0416373 0.264163 0.234585 0.197279 0.167421 0.0787913 0.0144679 0.000843341 1.46465e-05 6.19601e-08 5.55854e-11 9.11032e-15 2.45195e-19 1.00389e-24 5.92328e-31 4.84539e-38 5.34274e-46
 1.56042e-41 2.16575e-33 3.6335e-26 7.36867e-20 1.80634e-14 5.35252e-10 1.91719e-06 0.000830077 0.043445 0.275581 0.242543 0.193213 0.157511 0.0716286 0.0143237 0.000907504 1.53489e-05 5.9247e-08 4.70489e-11 6.74817e-15 1.58319e-19 5.63643e-25 2.88573e-31 2.04616e-38 1.9552e-46
#spawning biomass
 17672.1 18100.6 19660.6 22477.4 26360.6 32139.9 36392.7 42492.4 58620.3 80280.4 93449.5 112287 160661 194364 183000 163394 140169 144262 141936 135368 140460 145962 156735 169114 177439 185225 170769 170341 178347 206860 165588 71276.3 34137.9 22027.7 18497.4 17540.5 17293.8 17232.4 17217.5 17214 17213.1 17212.9 17212.9 17212.9 17212.9 17212.9 17212.9 17212.9 17212.9 17212.9 17212.9 17212.9 17212.9 17212.9 17212.9 17212.9 17212.9 17212.9 17212.9 17212.9 17212.9 17212.9 17212.9 17212.9 17212.9 17212.9 17212.9 17212.9 17212.9 17212.9 17212.9 17212.9 17212.9 17212.9 17212.9 17212.9 17212.9 17212.9 17212.9 17212.9 17212.9 17212.9 17212.9 17212.9 17212.9 17212.9 17212.9 17212.9 17212.9 17212.9 17212.9 17212.9 17212.9 17212.9 17212.9 17212.9 17212.9 17212.9 17212.9 17212.9 17212.9 17212.9 17212.9 17212.9 17212.9 17212.9 17212.9 17212.9 17212.9 17212.9 17212.9 17212.9 17212.9 17212.9 17212.9 17212.9 17212.9 17212.9 17212.9 17212.9 17212.9 17212.9 17212.9 17212.9 17212.9 17212.9 17212.9 17212.9 17212.9 0 0 0 0 0 0 0 0 0 0 0 0 0 0 0 0 0 0 0 0 0 0 0 0 0
