SBPRF35
0.0323997
Curr Bio
1.17387e+06
B35
390072
F35
8.31623
FOFL
8.31623
OFL
1.06507e+06
Bzero
9257.05
#pred survey bio
 92405.2 51660.5 48028 58813.6 98587.8 161048 197785 230729 336002 369730 321564 317262 271752 376888 408084 411292 390352 456125 446708 526091 395626 429314 349846 462734 414075 482024 476894 429221 9.82544e+06 2.66733e+06 734564 245768 104979 59169 45082.7 41009.2 39876.5 39568.4 39485.5 39463.4 39457.4 39455.9 39455.4 39455.3 39455.3 39455.3 39455.3 39455.3 39455.3 39455.3 39455.3 39455.3 39455.3 39455.3 39455.3 39455.3 39455.3 39455.3 39455.3 39455.3 39455.3 39455.3 39455.3 39455.3 39455.3 39455.3 39455.3 39455.3 39455.3 39455.3 39455.3 39455.3 39455.3 39455.3 39455.3 39455.3 39455.3 39455.3 39455.3 39455.3 39455.3 39455.3 39455.3 39455.3 39455.3 39455.3 39455.3 39455.3 39455.3 39455.3 39455.3 39455.3 39455.3 39455.3 39455.3 39455.3 39455.3 39455.3 39455.3 39455.3 39455.3 39455.3 39455.3 39455.3 39455.3 39455.3 39455.3 39455.3 39455.3 39455.3 39455.3 39455.3 39455.3 39455.3 39455.3 39455.3 39455.3 39455.3 39455.3 39455.3 39455.3 39455.3 39455.3 39455.3 39455.3 39455.3 39455.3 39455.3 0 0 0 0 0 0 0 0 0 0 0 0 0 0 0 0 0 0 0 0 0 0 0 0 0
#obs survey bio
 98358.1 55834.8 39293.5 74235.9 103541 172646 225318 164474 332327 298258 333044 292047 271488 528471 389032 400312 388694 446243 532190 439848 366730 413476 322392 485458 514686 445974 475047 411563
#pred catch bio
 32088.7 13351.8 13664 11006.5 17453.2 32573.6 45149 66868.1 70040.9 101728 134913 128485 161212 193682 199920 167421 189292 198152 201523 190073 207486 198340 173842 201572 219844 171310 191773 212941 1.06507e+06 210065 22406.6 4748.07 4266.6 4263.54 4263.53 4263.53 4263.53 4263.53 4263.53 4263.53 4263.53 4263.53 4263.53 4263.53 4263.53 4263.53 4263.53 4263.53 4263.53 4263.53 4263.53 4263.53 4263.53 4263.53 4263.53 4263.53 4263.53 4263.53 4263.53 4263.53 4263.53 4263.53 4263.53 4263.53 4263.53 4263.53 4263.53 4263.53 4263.53 4263.53 4263.53 4263.53 4263.53 4263.53 4263.53 4263.53 4263.53 4263.53 4263.53 4263.53 4263.53 4263.53 4263.53 4263.53 4263.53 4263.53 4263.53 4263.53 4263.53 4263.53 4263.53 4263.53 4263.53 4263.53 4263.53 4263.53 4263.53 4263.53 4263.53 4263.53 4263.53 4263.53 4263.53 4263.53 4263.53 4263.53 4263.53 4263.53 4263.53 4263.53 4263.53 4263.53 4263.53 4263.53 4263.53 4263.53 4263.53 4263.53 4263.53 4263.53 4263.53 4263.53 4263.53 4263.53 4263.53 4263.53 4263.53 4263.53 0 0 0 0 0 0 0 0 0 0 0 0 0 0 0 0 0 0 0 0 0 0 0 0 0
#obs catch bio
 12827.8 13082.1 13844.9 10995.1 17297.8 32704.2 45084.1 67739.1 68700 101438 136662 127824 163489 193382 200644 166134 190532 197735 202149 188042 209616 198740 173969 200696 223094 168776 191635 214064
#pred cpue bio
 95442 53453.5 50986.6 61404.7 92964.3 148959 183241 214496 313645 349040 304293 297436 251719 347907 378984 382488 361541 422939 415823 490623 369471 400737 324760 429099 385860 450551 445100 400129 9.15089e+06 2.62601e+06 779554 267850 110181 57488.9 41405 36868.5 35642.5 35317.2 35231.3 35208.6 35202.6 35201 35200.6 35200.5 35200.4 35200.4 35200.4 35200.4 35200.4 35200.4 35200.4 35200.4 35200.4 35200.4 35200.4 35200.4 35200.4 35200.4 35200.4 35200.4 35200.4 35200.4 35200.4 35200.4 35200.4 35200.4 35200.4 35200.4 35200.4 35200.4 35200.4 35200.4 35200.4 35200.4 35200.4 35200.4 35200.4 35200.4 35200.4 35200.4 35200.4 35200.4 35200.4 35200.4 35200.4 35200.4 35200.4 35200.4 35200.4 35200.4 35200.4 35200.4 35200.4 35200.4 35200.4 35200.4 35200.4 35200.4 35200.4 35200.4 35200.4 35200.4 35200.4 35200.4 35200.4 35200.4 35200.4 35200.4 35200.4 35200.4 35200.4 35200.4 35200.4 35200.4 35200.4 35200.4 35200.4 35200.4 35200.4 35200.4 35200.4 35200.4 35200.4 35200.4 35200.4 35200.4 35200.4 35200.4 0 0 0 0 0 0 0 0 0 0 0 0 0 0 0 0 0 0 0 0 0 0 0 0 0
#obs cpue bio
 67092 52556.2 35636.3 68151.8 98839.3 144990 162662 265285 358636 459594 267341 348886 211006 273381 387825 409611 338794 463178 315216 695238 342284 461153 298609 486330 266473 528571 465873 398818
#pred surv len freq
 1.96884e-11 9.26049e-10 3.01608e-08 6.80202e-07 1.06223e-05 0.000114866 0.000860129 0.00446038 0.0160239 0.0399353 0.0694243 0.0859713 0.0816036 0.0713885 0.0696359 0.0715301 0.0691025 0.0641327 0.0599592 0.0568721 0.0552758 0.0550691 0.0531064 0.0449528 0.0305698
 1.3352e-11 6.28013e-10 2.0454e-08 4.61289e-07 7.20372e-06 7.78993e-05 0.000583342 0.00302556 0.0108766 0.0271798 0.0477456 0.0614587 0.0657696 0.0725802 0.0872725 0.0981641 0.0970456 0.0893475 0.0802859 0.0698308 0.0585345 0.047882 0.0378922 0.0275118 0.016928
 6.55112e-12 3.08133e-10 1.00357e-08 2.26331e-07 3.5345e-06 3.82216e-05 0.000286231 0.00148481 0.00534129 0.0133821 0.0237453 0.0316845 0.0374536 0.0483896 0.0671501 0.0872387 0.10394 0.11579 0.117803 0.106903 0.0872483 0.0651211 0.0446174 0.0275957 0.0147829
 2.98158e-11 1.40239e-09 4.5675e-08 1.03008e-06 1.60862e-05 0.000173949 0.00130251 0.00675357 0.0242499 0.0603162 0.104032 0.124966 0.106383 0.0687241 0.0421315 0.0354912 0.0424687 0.0556694 0.0682058 0.0734827 0.0679242 0.0532455 0.0353117 0.0198182 0.00933181
 4.52583e-11 2.12874e-09 6.93315e-08 1.5636e-06 2.44178e-05 0.000264044 0.00197712 0.0102516 0.0368113 0.0915712 0.158017 0.190162 0.162883 0.106609 0.0637445 0.041939 0.0289182 0.0197955 0.0160825 0.0165971 0.0174256 0.0157159 0.0114798 0.00666978 0.00305949
 3.76361e-11 1.77022e-09 5.7655e-08 1.30026e-06 2.03055e-05 0.000219576 0.00164418 0.00852577 0.0306221 0.0762527 0.132113 0.161493 0.146482 0.113836 0.0931561 0.0800919 0.0607742 0.0382073 0.0213945 0.0122061 0.00803786 0.00611632 0.00456528 0.00285365 0.00138601
 3.92797e-11 1.84753e-09 6.01729e-08 1.35705e-06 2.11923e-05 0.000229164 0.00171597 0.00889779 0.0319548 0.0795371 0.13757 0.167071 0.148078 0.108111 0.0812494 0.0686172 0.0569864 0.0432704 0.0299933 0.0184134 0.00974931 0.00466716 0.00224395 0.00111255 0.000508639
 3.85027e-11 1.81098e-09 5.89825e-08 1.3302e-06 2.0773e-05 0.000224631 0.00168203 0.00872186 0.0313241 0.0779772 0.134942 0.164204 0.14657 0.109124 0.0843015 0.071544 0.0577461 0.0421378 0.0291742 0.0192688 0.0114739 0.00585151 0.00250466 0.000912388 0.000293797
 3.75677e-11 1.76701e-09 5.75502e-08 1.2979e-06 2.02686e-05 0.000219176 0.00164118 0.00851012 0.0305642 0.0760912 0.131717 0.160464 0.143831 0.108389 0.0854779 0.0739114 0.0605694 0.0447713 0.0310535 0.0202809 0.0120247 0.00628432 0.00281703 0.00104728 0.000314394
 3.48526e-11 1.6393e-09 5.33909e-08 1.2041e-06 1.88037e-05 0.000203336 0.00152258 0.00789525 0.0283577 0.0706166 0.122366 0.149666 0.136072 0.106635 0.0892484 0.0805488 0.0676166 0.0511132 0.0363436 0.0242589 0.0146012 0.00770263 0.0034877 0.00131979 0.000405352
 3.581e-11 1.68433e-09 5.48576e-08 1.23718e-06 1.93203e-05 0.000208922 0.0015644 0.008112 0.0291348 0.0725371 0.125595 0.15315 0.137757 0.104917 0.0844525 0.075042 0.0640264 0.0502838 0.037321 0.0257408 0.0158398 0.00848535 0.00387984 0.0014758 0.000454751
 3.79839e-11 1.78658e-09 5.81878e-08 1.31228e-06 2.04931e-05 0.000221604 0.00165936 0.00860432 0.0309017 0.0769235 0.133103 0.161896 0.144293 0.107021 0.0823842 0.0703509 0.0580791 0.0440857 0.0319448 0.0220057 0.0137604 0.00751709 0.00348389 0.00133194 0.000409738
 3.99041e-11 1.8769e-09 6.11294e-08 1.37862e-06 2.15291e-05 0.000232807 0.00174324 0.00903921 0.0324626 0.0807995 0.139745 0.169665 0.150211 0.109225 0.0811737 0.0670655 0.0537559 0.0392477 0.0271167 0.017868 0.0108061 0.00579482 0.00267662 0.00102991 0.00031964
 3.92713e-11 1.84713e-09 6.01599e-08 1.35676e-06 2.11877e-05 0.000229115 0.0017156 0.00889595 0.0319491 0.079531 0.137616 0.16739 0.149191 0.11058 0.084713 0.0711678 0.0565702 0.0400744 0.0264496 0.0165398 0.00946025 0.00479166 0.00210179 0.000776878 0.000234665
 3.76356e-11 1.7702e-09 5.76542e-08 1.30025e-06 2.03052e-05 0.000219572 0.00164415 0.00852553 0.0306199 0.0762332 0.131985 0.160896 0.144556 0.109627 0.087211 0.07558 0.0614108 0.0444653 0.0298381 0.0186246 0.0104029 0.00506305 0.00211691 0.000744943 0.000214962
 3.8307e-11 1.80178e-09 5.86828e-08 1.32344e-06 2.06675e-05 0.000223489 0.00167348 0.00867753 0.0311648 0.0775805 0.134253 0.163357 0.145792 0.108543 0.0840224 0.0718685 0.058936 0.043828 0.030449 0.0196055 0.0111965 0.0055062 0.00229068 0.000789613 0.000220635
 3.95323e-11 1.85941e-09 6.05598e-08 1.36577e-06 2.13285e-05 0.000230638 0.001727 0.00895502 0.0321606 0.0800508 0.138471 0.168217 0.149251 0.109223 0.0820844 0.0684584 0.0551797 0.0404358 0.0279088 0.0181605 0.0106529 0.00542315 0.00233142 0.000823721 0.000233331
 3.83497e-11 1.80379e-09 5.87482e-08 1.32492e-06 2.06905e-05 0.000223739 0.00167534 0.00868724 0.0312001 0.0776725 0.13444 0.163717 0.146531 0.109926 0.0859129 0.0733657 0.0589834 0.0423241 0.0283659 0.0179832 0.0103759 0.00525811 0.00227896 0.000819747 0.000237389
 3.77366e-11 1.77495e-09 5.7809e-08 1.30374e-06 2.03597e-05 0.000220162 0.00164856 0.00854839 0.0307016 0.0764331 0.132307 0.161175 0.144445 0.108803 0.0857441 0.0741017 0.0606752 0.0447016 0.0306877 0.0195921 0.0111812 0.00555767 0.00236719 0.000843572 0.000244379
 3.77616e-11 1.77613e-09 5.78473e-08 1.3046e-06 2.03732e-05 0.000220308 0.00164966 0.00855403 0.0307217 0.0764814 0.132379 0.161207 0.144294 0.108316 0.0849307 0.0732395 0.0601431 0.0447075 0.0311836 0.0203374 0.0118699 0.00600042 0.0025707 0.000911729 0.000261495
 3.75049e-11 1.76405e-09 5.7454e-08 1.29573e-06 2.02347e-05 0.00021881 0.00163844 0.0084959 0.0305131 0.0759641 0.131497 0.160196 0.143594 0.10822 0.0853714 0.0738861 0.0606831 0.045061 0.031461 0.0206471 0.0122075 0.00628783 0.00275187 0.000995227 0.000289497
 3.74836e-11 1.76305e-09 5.74213e-08 1.29499e-06 2.02232e-05 0.000218685 0.00163751 0.00849106 0.0304958 0.0759215 0.131427 0.160127 0.143585 0.108327 0.0855939 0.0741534 0.0608967 0.0451493 0.0313991 0.0204713 0.0120073 0.00614271 0.00267995 0.000970447 0.000283568
 3.91117e-11 1.83963e-09 5.99154e-08 1.35124e-06 2.11016e-05 0.000228184 0.00170863 0.00885975 0.0318186 0.0792017 0.137016 0.166516 0.147957 0.108753 0.0823978 0.0693021 0.056337 0.0416993 0.0290078 0.0189024 0.0110606 0.0056331 0.00244307 0.000879384 0.000255795
 3.86609e-11 1.81842e-09 5.92249e-08 1.33567e-06 2.08584e-05 0.000225554 0.00168894 0.00875771 0.0314529 0.0782981 0.135499 0.164892 0.147215 0.10967 0.0847921 0.0719474 0.0578876 0.0418004 0.028299 0.0181419 0.0105717 0.00539555 0.00234822 0.0008475 0.000246877
 3.72419e-11 1.75168e-09 5.70511e-08 1.28664e-06 2.00928e-05 0.000217276 0.00162695 0.00843636 0.0302998 0.0754377 0.130618 0.159276 0.143252 0.108971 0.0871424 0.0759232 0.0620881 0.0454375 0.0309825 0.0197423 0.0113088 0.00566193 0.00243107 0.000872249 0.000253916
 3.70856e-11 1.74433e-09 5.68117e-08 1.28125e-06 2.00085e-05 0.000216364 0.00162012 0.00840094 0.0301724 0.0751185 0.130052 0.158525 0.142385 0.107937 0.0859871 0.0750874 0.0621541 0.0465054 0.0325389 0.0211472 0.0122321 0.00611943 0.00260002 0.000917463 0.000262419
 3.82411e-11 1.79868e-09 5.85818e-08 1.32117e-06 2.06319e-05 0.000223105 0.0016706 0.0086626 0.031111 0.0774447 0.134006 0.163001 0.145296 0.1078 0.0830126 0.070846 0.0583021 0.0438438 0.0311273 0.0207268 0.0123789 0.00641058 0.00280815 0.00101348 0.000293971
 3.78361e-11 1.77963e-09 5.79614e-08 1.30717e-06 2.04134e-05 0.000220742 0.00165291 0.0085709 0.0307824 0.0766333 0.132647 0.16156 0.144691 0.108762 0.085367 0.0734018 0.0597364 0.0438007 0.0302523 0.0198215 0.01182 0.00618293 0.00275718 0.00101679 0.000301282
#obs surv len freq
 2.35766e-11 1.10893e-09 3.6117e-08 8.14531e-07 1.27201e-05 0.00013755 0.00102999 0.00534119 0.0191879 0.0478174 0.0831034 0.102802 0.0972281 0.0843244 0.0813519 0.0827676 0.0789021 0.0713432 0.0634169 0.054681 0.0448843 0.0346435 0.0244221 0.0149941 0.00760785
 5.32252e-12 2.50346e-10 8.1536e-09 1.83885e-07 2.87167e-06 3.10549e-05 0.000232592 0.00120719 0.00435157 0.0109907 0.0201004 0.0295672 0.0429509 0.0676288 0.0986024 0.117478 0.116843 0.107112 0.0967131 0.0851924 0.071246 0.0553879 0.0388664 0.0236241 0.0118719
 1.95749e-14 9.20726e-13 2.99896e-11 6.76538e-10 1.05773e-08 1.149e-07 8.75899e-07 4.86181e-06 2.20294e-05 0.000100081 0.000484736 0.00208962 0.00696133 0.0175502 0.0353646 0.0617241 0.0963023 0.129838 0.147193 0.143252 0.124874 0.0992593 0.0704978 0.0429691 0.0215119
 5.35444e-11 2.51847e-09 8.20249e-08 1.84987e-06 2.88883e-05 0.000312385 0.00233907 0.0121278 0.0435421 0.108248 0.186346 0.22213 0.183361 0.104868 0.0418024 0.0124579 0.00498908 0.00615783 0.00988416 0.0133958 0.014792 0.0134496 0.0101765 0.00636886 0.00321912
 3.31482e-11 1.55913e-09 5.07799e-08 1.14522e-06 1.78842e-05 0.000193393 0.00144815 0.00750974 0.0269795 0.0672465 0.116951 0.145034 0.138156 0.120835 0.113649 0.102834 0.0737161 0.0385587 0.0154809 0.00705757 0.00609475 0.00645303 0.00572019 0.00395629 0.00210753
 4.09396e-11 1.9256e-09 6.27156e-08 1.4144e-06 2.20878e-05 0.000238848 0.00178847 0.00927359 0.0333026 0.0828706 0.143196 0.173242 0.15143 0.106153 0.0746987 0.0613845 0.0530161 0.042978 0.0307069 0.0180632 0.00867437 0.00404824 0.00240005 0.0016024 0.000909504
 3.65704e-11 1.7201e-09 5.60224e-08 1.26345e-06 1.97305e-05 0.000213358 0.00159762 0.00828434 0.029755 0.0740917 0.12836 0.156864 0.142162 0.110305 0.0904018 0.0788585 0.0625506 0.043735 0.0294515 0.0198097 0.0122994 0.00650776 0.00294465 0.00125203 0.00053608
 3.91562e-11 1.84172e-09 5.99836e-08 1.35278e-06 2.11256e-05 0.000228444 0.00171057 0.00886982 0.0318546 0.0792877 0.137142 0.166567 0.147675 0.107872 0.0809867 0.067947 0.0556915 0.0418331 0.0295071 0.0195247 0.0118501 0.00650742 0.00315365 0.00130735 0.000461474
 3.48682e-11 1.64003e-09 5.34148e-08 1.20464e-06 1.88122e-05 0.000203427 0.00152326 0.00789884 0.0283714 0.0706564 0.122476 0.149996 0.136983 0.108535 0.0918859 0.0825161 0.0673397 0.048586 0.0332275 0.0221536 0.0138499 0.00778647 0.00382821 0.00160427 0.000558842
 3.36361e-11 1.58208e-09 5.15273e-08 1.16207e-06 1.81474e-05 0.000196239 0.00146944 0.00761972 0.0273687 0.0681584 0.11814 0.144658 0.132044 0.104621 0.0891098 0.0818185 0.0700421 0.0543251 0.039639 0.0270784 0.0168512 0.00944368 0.0046921 0.00200002 0.000705018
 3.68385e-11 1.73271e-09 5.64331e-08 1.27271e-06 1.98752e-05 0.000214922 0.00160932 0.00834489 0.0299705 0.0746088 0.129123 0.157173 0.140471 0.105038 0.0820457 0.0711339 0.0597535 0.0465627 0.03495 0.0250913 0.0165031 0.00963999 0.00489159 0.00210537 0.000748299
 3.87366e-11 1.82198e-09 5.93408e-08 1.33829e-06 2.08993e-05 0.000225996 0.00169224 0.0087748 0.0315138 0.0784442 0.135715 0.16498 0.146734 0.10812 0.082119 0.0688395 0.0553467 0.0405434 0.0286518 0.0200099 0.0133095 0.00806597 0.00427971 0.00191395 0.000698427
 4.00192e-11 1.88231e-09 6.13056e-08 1.3826e-06 2.15912e-05 0.000233478 0.00174827 0.00906529 0.0325565 0.0810344 0.14016 0.170213 0.150832 0.109932 0.0818834 0.0673663 0.0531539 0.0377574 0.0253977 0.0166881 0.0104924 0.00615137 0.00325921 0.00149086 0.000561799
 3.77046e-11 1.77344e-09 5.77598e-08 1.30263e-06 2.03424e-05 0.000219975 0.00164716 0.00854117 0.0306764 0.0763756 0.132245 0.161278 0.145096 0.110403 0.0880645 0.075877 0.0604795 0.0424665 0.0278427 0.0176299 0.0105525 0.0058429 0.0029435 0.00130717 0.000489763
 3.67692e-11 1.72945e-09 5.6327e-08 1.27032e-06 1.98378e-05 0.000214518 0.0016063 0.00832931 0.0299157 0.0744839 0.128985 0.157375 0.14183 0.108497 0.0875057 0.076678 0.0628542 0.0461023 0.0316258 0.0204659 0.0121297 0.00648632 0.00311045 0.0013121 0.000471461
 3.89481e-11 1.83193e-09 5.96648e-08 1.34559e-06 2.10134e-05 0.00022723 0.00170148 0.0088227 0.0316857 0.0788705 0.136442 0.165817 0.14733 0.108272 0.0819896 0.0688903 0.0559519 0.041506 0.0292313 0.019619 0.0120729 0.00661751 0.00317344 0.00130588 0.000451117
 3.906e-11 1.83719e-09 5.98361e-08 1.34946e-06 2.10737e-05 0.000227882 0.00170637 0.00884808 0.0317773 0.079103 0.136875 0.166488 0.148383 0.109963 0.0841817 0.0706038 0.0560028 0.0397517 0.0267336 0.017559 0.010898 0.00613536 0.00303 0.00127064 0.000439505
 3.68275e-11 1.73219e-09 5.64161e-08 1.27233e-06 1.98692e-05 0.000214858 0.00160885 0.00834252 0.0299634 0.0746051 0.129212 0.157729 0.142396 0.10941 0.0886767 0.07754 0.0627411 0.044977 0.0301669 0.0193896 0.0116506 0.00640079 0.00314731 0.00133647 0.000470587
 3.73388e-11 1.75624e-09 5.71995e-08 1.28999e-06 2.01451e-05 0.000217841 0.00163118 0.00845827 0.0303781 0.0756281 0.130917 0.159501 0.143006 0.107854 0.0851888 0.0738215 0.0607155 0.0451823 0.0316684 0.0209798 0.0127118 0.00691096 0.00333104 0.00139052 0.000486425
 3.77918e-11 1.77754e-09 5.78934e-08 1.30564e-06 2.03895e-05 0.000220484 0.00165097 0.00856085 0.0307463 0.0765421 0.132482 0.161324 0.144368 0.108279 0.0846783 0.0726002 0.0590191 0.0433842 0.0303236 0.0204243 0.0127621 0.00714715 0.00349921 0.00146013 0.00050586
 3.6022e-11 1.6943e-09 5.51822e-08 1.2445e-06 1.94346e-05 0.000210158 0.00157366 0.00816009 0.0293086 0.0729784 0.12642 0.154445 0.13983 0.108291 0.0888598 0.0785185 0.0641825 0.0467769 0.0322104 0.0214136 0.0133309 0.00753757 0.00376421 0.00160403 0.000563559
 3.84179e-11 1.80699e-09 5.88526e-08 1.32728e-06 2.07273e-05 0.000224137 0.00167832 0.00870262 0.0312547 0.0778002 0.134608 0.16367 0.145689 0.107653 0.0823219 0.06983 0.0572067 0.0428453 0.0304159 0.0205216 0.0127539 0.00716005 0.00356772 0.00153028 0.000544614
 3.85959e-11 1.81537e-09 5.91253e-08 1.33343e-06 2.08234e-05 0.000225175 0.0016861 0.00874299 0.0314001 0.0781663 0.13527 0.164609 0.146947 0.109415 0.0844443 0.0713486 0.0569777 0.0408396 0.0278305 0.0185275 0.0116382 0.00663443 0.00333271 0.00143224 0.000510602
 3.79911e-11 1.78692e-09 5.81987e-08 1.31253e-06 2.0497e-05 0.000221646 0.00165968 0.00860601 0.0309087 0.0769481 0.133197 0.162252 0.145378 0.109396 0.0859051 0.0735884 0.0592231 0.042565 0.0287498 0.0186658 0.0113598 0.00633398 0.00316373 0.00136623 0.000490392
 3.52645e-11 1.65867e-09 5.40219e-08 1.21833e-06 1.9026e-05 0.000205739 0.00154057 0.00798857 0.0286932 0.0714526 0.123822 0.151483 0.137829 0.108177 0.0905191 0.0810718 0.0667212 0.0487993 0.0335095 0.0219527 0.0133074 0.00729682 0.00356349 0.00151063 0.000537182
 3.78606e-11 1.78078e-09 5.79988e-08 1.30802e-06 2.04266e-05 0.000220885 0.00165397 0.00857639 0.0308016 0.0766745 0.132675 0.161392 0.143896 0.10685 0.0824527 0.070646 0.0585588 0.0445692 0.0321675 0.0219161 0.0136103 0.00754849 0.00368329 0.00154451 0.000540859
 3.76549e-11 1.77111e-09 5.76838e-08 1.30091e-06 2.03157e-05 0.000219685 0.00164499 0.00852987 0.0306353 0.0762683 0.132025 0.160848 0.144195 0.108661 0.0855124 0.0733652 0.0591734 0.0429081 0.0297163 0.020146 0.0128617 0.00740577 0.00372186 0.00158494 0.000556568
 3.691e-11 1.73607e-09 5.65427e-08 1.27518e-06 1.99138e-05 0.000215339 0.00161245 0.00836119 0.03003 0.074767 0.129464 0.157908 0.142145 0.108375 0.0869182 0.0757538 0.0617791 0.045127 0.0310857 0.020578 0.0127604 0.00724697 0.00367537 0.00160097 0.000575117
#pred catch len freq
 1.79992e-11 8.46596e-10 2.75731e-08 6.21842e-07 9.71097e-06 0.000105011 0.000786336 0.00407778 0.0146504 0.0365227 0.0635616 0.0790413 0.0760845 0.0687466 0.0696347 0.0733881 0.0724487 0.0688055 0.0654769 0.0623921 0.0598158 0.057749 0.0536148 0.0439205 0.0291671
 1.17141e-11 5.50975e-10 1.79449e-08 4.04703e-07 6.32005e-06 6.83436e-05 0.00051179 0.00265455 0.00954442 0.0238656 0.0420254 0.0545702 0.0598649 0.0687687 0.0853339 0.0979431 0.0989702 0.0935631 0.0860702 0.0759738 0.0638843 0.0516391 0.0398401 0.0280722 0.0168293
 5.55455e-12 2.6126e-10 8.50906e-09 1.91901e-07 2.99683e-06 3.24075e-05 0.000242694 0.00125904 0.0045302 0.0113606 0.0202307 0.027332 0.033334 0.0448843 0.0641512 0.0852774 0.104133 0.118662 0.122747 0.112619 0.0923161 0.0685133 0.046122 0.0277821 0.0144675
 2.66177e-11 1.25197e-09 4.07758e-08 9.19595e-07 1.43608e-05 0.000155291 0.0011628 0.0060292 0.0216493 0.0538509 0.0929037 0.111707 0.0954697 0.0626142 0.0401713 0.0362797 0.0456358 0.0615356 0.0767162 0.0835627 0.0776311 0.060756 0.0399326 0.0220535 0.0101678
 4.34578e-11 2.04404e-09 6.65732e-08 1.50139e-06 2.34464e-05 0.000253539 0.00189847 0.00984378 0.0353477 0.087937 0.151792 0.182886 0.157353 0.104541 0.0647037 0.0443317 0.0314862 0.0223137 0.0189931 0.0201892 0.0213601 0.0192157 0.0139258 0.00799366 0.00361017
 3.58261e-11 1.68509e-09 5.48823e-08 1.23773e-06 1.9329e-05 0.000209016 0.00156512 0.0081159 0.0291514 0.0726048 0.125891 0.15435 0.141486 0.113055 0.0962323 0.0849785 0.0654789 0.0418672 0.024023 0.0140808 0.0094432 0.00720963 0.00534537 0.0033059 0.00158611
 3.74147e-11 1.75981e-09 5.73159e-08 1.29262e-06 2.01861e-05 0.000218284 0.0016345 0.00847542 0.0304391 0.0757752 0.131138 0.159611 0.142608 0.106608 0.0834513 0.072976 0.0620835 0.0482367 0.0341506 0.0212874 0.0113785 0.0054625 0.00260484 0.00126965 0.00057055
 3.66783e-11 1.72517e-09 5.61877e-08 1.26717e-06 1.97887e-05 0.000213987 0.00160233 0.0083087 0.0298414 0.0742977 0.128652 0.156921 0.141268 0.107749 0.0865482 0.0757554 0.0624271 0.0465737 0.0330267 0.0222258 0.0133866 0.00686212 0.00293171 0.00105551 0.000332199
 3.55905e-11 1.67401e-09 5.45214e-08 1.22959e-06 1.92019e-05 0.000207641 0.00155481 0.00806235 0.0289573 0.072103 0.124897 0.152552 0.138022 0.106762 0.0877183 0.0783179 0.0656198 0.0496754 0.0353386 0.023557 0.0141696 0.00747522 0.00336589 0.00125059 0.000373241
 3.28871e-11 1.54685e-09 5.03799e-08 1.13619e-06 1.77433e-05 0.000191869 0.00143672 0.00745012 0.0267602 0.0666513 0.115582 0.141784 0.130243 0.104894 0.091293 0.0847631 0.0725837 0.0560774 0.0407771 0.0276847 0.0168407 0.00893165 0.00404618 0.00152538 0.000465281
 3.40622e-11 1.60212e-09 5.21801e-08 1.17679e-06 1.83773e-05 0.000198725 0.00148805 0.00771616 0.0277142 0.0690108 0.119562 0.146138 0.132563 0.103349 0.0862469 0.0787883 0.068489 0.0547805 0.0413356 0.0288089 0.0178024 0.0095275 0.00433198 0.00163216 0.000496798
 3.63338e-11 1.70897e-09 5.566e-08 1.25527e-06 1.96029e-05 0.000211977 0.00158728 0.00823062 0.0295606 0.0735952 0.127413 0.155299 0.139463 0.105702 0.084309 0.0740725 0.0623008 0.0481565 0.035502 0.0247322 0.015533 0.00847574 0.00390581 0.00147927 0.000449626
 3.85829e-11 1.81476e-09 5.91054e-08 1.33297e-06 2.08163e-05 0.000225099 0.00168553 0.00874001 0.031389 0.0781358 0.135197 0.164422 0.146473 0.108461 0.0831593 0.0704844 0.0573616 0.0424325 0.0296607 0.0196567 0.0118693 0.00631668 0.00288257 0.00109255 0.000333446
 3.78641e-11 1.78095e-09 5.80043e-08 1.30814e-06 2.04285e-05 0.000220906 0.00165413 0.00857729 0.0308056 0.0766943 0.132774 0.161816 0.145242 0.109837 0.0869341 0.0749096 0.0604519 0.0434302 0.02907 0.018345 0.0105149 0.00530429 0.00230548 0.000841143 0.000250191
 3.61335e-11 1.69955e-09 5.53531e-08 1.24835e-06 1.94948e-05 0.000210809 0.00157853 0.00818535 0.0293992 0.0732045 0.126813 0.154931 0.140292 0.108728 0.0894314 0.0794544 0.0655512 0.0481652 0.0327909 0.0206635 0.0115787 0.00562289 0.00233465 0.000812491 0.000231154
 3.66896e-11 1.7257e-09 5.62051e-08 1.26756e-06 1.97948e-05 0.000214054 0.00160283 0.00831125 0.0298504 0.0743187 0.128679 0.156909 0.14112 0.107392 0.0861367 0.0757761 0.0632777 0.0478909 0.0338415 0.0220468 0.0126633 0.00623411 0.00258545 0.000885027 0.000244791
 3.80582e-11 1.79008e-09 5.83017e-08 1.31485e-06 2.05332e-05 0.000222038 0.00166261 0.00862119 0.0309626 0.0770785 0.133394 0.162355 0.145038 0.108274 0.0841565 0.0721378 0.0591467 0.044035 0.0308583 0.0202783 0.0119358 0.00606628 0.00259315 0.000908023 0.000254282
 3.67948e-11 1.73065e-09 5.63662e-08 1.2712e-06 1.98516e-05 0.000214667 0.00160742 0.00833512 0.0299366 0.0745374 0.129087 0.157539 0.142109 0.108974 0.0881705 0.077312 0.0631878 0.0460837 0.0314063 0.0201477 0.0116849 0.00591955 0.00255366 0.000911174 0.000261139
 3.61419e-11 1.69994e-09 5.5366e-08 1.24864e-06 1.94993e-05 0.000210858 0.0015789 0.00818723 0.0294056 0.0732172 0.126813 0.154824 0.139861 0.107719 0.0879069 0.0780283 0.0649859 0.0486793 0.0339652 0.0219252 0.0125726 0.00624699 0.00264792 0.00093553 0.000267995
 3.60659e-11 1.69637e-09 5.52496e-08 1.24602e-06 1.94583e-05 0.000210415 0.00157558 0.00817001 0.0293436 0.0730614 0.126533 0.154439 0.139371 0.107055 0.0870609 0.077238 0.0646187 0.0489408 0.0347765 0.0229836 0.0135089 0.00684319 0.00292512 0.00103107 0.00029302
 3.60131e-11 1.69389e-09 5.51688e-08 1.24419e-06 1.94299e-05 0.000210107 0.00157327 0.00815806 0.0293008 0.0729559 0.126358 0.154258 0.139315 0.107225 0.0874202 0.0775745 0.0647043 0.0487506 0.0345012 0.0228245 0.0135155 0.00693582 0.00301173 0.0010772 0.000309186
 3.5941e-11 1.69049e-09 5.50582e-08 1.2417e-06 1.93909e-05 0.000209686 0.00157012 0.00814173 0.0292422 0.0728108 0.126112 0.153984 0.13915 0.107274 0.0876765 0.0779341 0.065042 0.0489759 0.0345675 0.0227489 0.0133821 0.00682997 0.00296002 0.00106115 0.000306264
 3.76155e-11 1.76925e-09 5.76234e-08 1.29955e-06 2.02944e-05 0.000219455 0.00164327 0.00852092 0.0306027 0.0761847 0.131862 0.16056 0.143664 0.107752 0.0844468 0.072995 0.0603652 0.0453971 0.0320562 0.0210879 0.0123773 0.00629011 0.0027103 0.000965816 0.000277435
 3.71215e-11 1.74602e-09 5.68667e-08 1.28249e-06 2.00279e-05 0.000216573 0.00162169 0.0084091 0.0302019 0.0751942 0.130198 0.158773 0.142828 0.108706 0.086994 0.0758207 0.0620319 0.0455282 0.0313349 0.020319 0.0118965 0.00606718 0.00262682 0.000939735 0.000270642
 3.57524e-11 1.68162e-09 5.47693e-08 1.23518e-06 1.92892e-05 0.000208586 0.00156189 0.00809904 0.0290893 0.0724343 0.125488 0.153356 0.139009 0.108044 0.0892905 0.0797116 0.0661656 0.0491153 0.0339492 0.0218151 0.01252 0.00624624 0.00266056 0.000943685 0.000270945
 3.53282e-11 1.66167e-09 5.41196e-08 1.22053e-06 1.90603e-05 0.000206111 0.00154336 0.00800295 0.0287441 0.0715739 0.123992 0.151504 0.13726 0.106578 0.0881193 0.0791705 0.0667881 0.0509468 0.0363354 0.0239434 0.0139577 0.00700386 0.00297195 0.00104322 0.000295908
 3.65971e-11 1.72135e-09 5.60633e-08 1.26437e-06 1.97449e-05 0.000213514 0.00159878 0.00829028 0.0297749 0.0741289 0.128338 0.156435 0.140511 0.106548 0.0850326 0.0746744 0.0626094 0.0479447 0.0346365 0.0233371 0.0140143 0.00726089 0.00316874 0.00113528 0.000326018
 3.63354e-11 1.70904e-09 5.56624e-08 1.25532e-06 1.96037e-05 0.000211987 0.00158735 0.00823104 0.0295628 0.0736072 0.127478 0.155591 0.1404 0.107791 0.0874684 0.077138 0.063766 0.047459 0.0332549 0.0219844 0.0131379 0.00684915 0.00303102 0.00110573 0.000323427
#obs catch len freq
 2.29733e-11 1.08055e-09 3.51929e-08 7.93689e-07 1.23946e-05 0.000134031 0.00100364 0.00520463 0.0186984 0.0466084 0.0810763 0.100642 0.0962814 0.0856641 0.08476 0.0865884 0.0812357 0.0715026 0.0620832 0.0530223 0.0437629 0.0342722 0.0245103 0.0151892 0.00774759
 2.24652e-11 1.05665e-09 3.44145e-08 7.76135e-07 1.21205e-05 0.000131067 0.00098144 0.00508951 0.0182847 0.0455757 0.0792709 0.0983591 0.0939762 0.0834291 0.0825982 0.0851077 0.0813989 0.0736087 0.0653988 0.0563682 0.0462583 0.0356989 0.025164 0.015449 0.00783844
 4.96623e-12 2.33587e-10 7.6078e-09 1.71576e-07 2.67945e-06 2.89763e-05 0.000217028 0.0011265 0.00406203 0.0102723 0.0188736 0.0281516 0.0419366 0.0674047 0.0990967 0.118319 0.117686 0.107819 0.0972917 0.0856675 0.0716266 0.0556761 0.0390656 0.0237441 0.0119319
 1.81997e-14 8.56043e-13 2.78829e-11 6.29027e-10 9.83536e-09 1.06879e-07 8.15878e-07 4.55146e-06 2.09272e-05 9.74596e-05 0.000481039 0.00208907 0.00697356 0.0175861 0.0354249 0.0617918 0.096354 0.12986 0.147182 0.143214 0.124821 0.0992055 0.0704544 0.0429409 0.0214973
 5.3242e-11 2.50425e-09 8.15618e-08 1.83942e-06 2.87252e-05 0.000310621 0.00232586 0.0120594 0.0432962 0.107637 0.185294 0.220876 0.182326 0.104282 0.0415894 0.0124638 0.00515821 0.00653154 0.0105128 0.0142489 0.015733 0.0143046 0.0108229 0.00677325 0.00342345
 3.21389e-11 1.51166e-09 4.92336e-08 1.11034e-06 1.73396e-05 0.000187505 0.00140406 0.00728118 0.0261597 0.0652154 0.113502 0.14115 0.135695 0.121119 0.11642 0.106489 0.0765979 0.040101 0.0160986 0.00732978 0.00632154 0.0066911 0.00593092 0.00410197 0.00218511
 4.01197e-11 1.88704e-09 6.14595e-08 1.38607e-06 2.16454e-05 0.000234064 0.00175265 0.00908791 0.0326363 0.081218 0.140376 0.170005 0.149166 0.105805 0.0761341 0.0637331 0.0554151 0.0449696 0.0321215 0.0188897 0.00906927 0.00423128 0.00250779 0.0016741 0.000950167
 3.57322e-11 1.68067e-09 5.47383e-08 1.23449e-06 1.92783e-05 0.000208468 0.00156101 0.00809454 0.029074 0.0724034 0.125485 0.153589 0.139959 0.11019 0.0921942 0.0814668 0.0648896 0.0453927 0.0305482 0.0205338 0.0127443 0.00674199 0.00305029 0.00129681 0.000555212
 3.83035e-11 1.80161e-09 5.86774e-08 1.32332e-06 2.06656e-05 0.000223469 0.00167333 0.00867672 0.0311618 0.0775696 0.134214 0.163218 0.145374 0.107624 0.0826269 0.0704622 0.0580804 0.0436639 0.0307847 0.0203599 0.0123529 0.00678208 0.00328632 0.00136225 0.000480826
 3.40689e-11 1.60243e-09 5.21903e-08 1.17702e-06 1.83809e-05 0.000198764 0.00148835 0.00771783 0.0277219 0.0690461 0.119734 0.146867 0.134862 0.108382 0.0935344 0.0849587 0.0695745 0.0502116 0.0343168 0.0228655 0.0142895 0.00803195 0.00394841 0.00165452 0.000576318
 3.294e-11 1.54934e-09 5.0461e-08 1.13802e-06 1.77719e-05 0.000192178 0.00143903 0.00746209 0.0268031 0.0667558 0.115749 0.141921 0.130157 0.104397 0.0904158 0.0838377 0.0719723 0.0558222 0.0407042 0.0277907 0.0172886 0.00968672 0.00481222 0.00205105 0.000722975
 3.61475e-11 1.7002e-09 5.53745e-08 1.24883e-06 1.95023e-05 0.00021089 0.00157914 0.0081884 0.029409 0.0732163 0.126748 0.154452 0.138584 0.104786 0.0832924 0.0730803 0.0616224 0.0480308 0.0360288 0.0258515 0.0169976 0.00992696 0.00503663 0.00216764 0.000770398
 3.81319e-11 1.79354e-09 5.84145e-08 1.31739e-06 2.0573e-05 0.000222468 0.00166583 0.00863787 0.0310225 0.0772259 0.133639 0.162609 0.145114 0.10797 0.0833135 0.070633 0.0570036 0.0417694 0.0294975 0.020587 0.0136881 0.00829364 0.0044 0.00196762 0.000717983
 3.94438e-11 1.85525e-09 6.04241e-08 1.36272e-06 2.12808e-05 0.000230122 0.00172314 0.00893499 0.0320891 0.0798753 0.138186 0.167962 0.149309 0.109831 0.0830846 0.0691384 0.0547677 0.0389187 0.0261612 0.017178 0.0107959 0.00632778 0.00335223 0.0015333 0.000577766
 3.71165e-11 1.74578e-09 5.6859e-08 1.28231e-06 2.00252e-05 0.000216544 0.00162148 0.00840801 0.0301986 0.0751912 0.130229 0.158982 0.143554 0.11033 0.0893379 0.0777337 0.0621534 0.0436495 0.0285978 0.0180953 0.0108263 0.00599302 0.00301867 0.00134044 0.000502203
 3.61191e-11 1.69887e-09 5.5331e-08 1.24785e-06 1.9487e-05 0.000210725 0.0015779 0.00818208 0.0293875 0.0731742 0.126754 0.154829 0.140101 0.108364 0.0888373 0.078667 0.0646959 0.0474614 0.0325362 0.0210422 0.0124665 0.0066649 0.00319561 0.0013479 0.0004843
 3.83971e-11 1.80602e-09 5.88208e-08 1.32656e-06 2.07161e-05 0.000224015 0.00167741 0.00869793 0.031238 0.0777604 0.134551 0.163657 0.145856 0.108141 0.0830893 0.0705457 0.0574936 0.0426575 0.0300212 0.0201365 0.0123868 0.00678807 0.0032548 0.00133925 0.000462621
 3.84239e-11 1.80728e-09 5.88618e-08 1.32748e-06 2.07305e-05 0.000224172 0.00167859 0.00870404 0.0312605 0.0778218 0.134694 0.164001 0.146703 0.109857 0.0855178 0.0725707 0.0577911 0.0410373 0.0275799 0.0181028 0.0112308 0.00632134 0.00312144 0.00130889 0.000452714
 3.61803e-11 1.70175e-09 5.54248e-08 1.24997e-06 1.95201e-05 0.000211082 0.00158058 0.00819598 0.0294376 0.0733016 0.126992 0.155199 0.140686 0.109304 0.0900394 0.07955 0.0645761 0.0463011 0.0310336 0.0199337 0.0119726 0.00657613 0.00323307 0.00137277 0.000483345
 3.66658e-11 1.72458e-09 5.61686e-08 1.26674e-06 1.9782e-05 0.000213915 0.00160179 0.00830587 0.0298313 0.0742722 0.128607 0.156862 0.141204 0.107689 0.0865266 0.0758418 0.0626048 0.0466003 0.0326413 0.0216117 0.0130899 0.00711496 0.00342889 0.00143124 0.000500646
 3.71856e-11 1.74903e-09 5.69649e-08 1.2847e-06 2.00625e-05 0.000216947 0.00162449 0.00842359 0.0302538 0.075321 0.130402 0.158949 0.142751 0.108142 0.0858992 0.0744283 0.0607108 0.044636 0.0311767 0.0209855 0.0131078 0.00733916 0.00359276 0.00149904 0.000519318
 3.54065e-11 1.66535e-09 5.42394e-08 1.22324e-06 1.91026e-05 0.000206568 0.00154678 0.00802072 0.0288085 0.0717386 0.124309 0.152036 0.138195 0.108168 0.0901236 0.0803971 0.0659084 0.0480378 0.0330544 0.0219603 0.0136658 0.00772517 0.00385739 0.00164361 0.000577437
 3.78287e-11 1.77928e-09 5.795e-08 1.30692e-06 2.04094e-05 0.000220699 0.00165258 0.0085692 0.030776 0.0766132 0.132585 0.161358 0.144107 0.107497 0.0834758 0.0715803 0.0588485 0.0440842 0.0312742 0.0210879 0.013101 0.00735332 0.00366354 0.00157125 0.000559169
 3.79924e-11 1.78698e-09 5.82008e-08 1.31258e-06 2.04977e-05 0.000221654 0.00165974 0.00860632 0.0309098 0.0769506 0.1332 0.162248 0.145348 0.109304 0.0856966 0.0731997 0.0586669 0.042062 0.0286434 0.0190558 0.0119652 0.00681932 0.00342514 0.00147185 0.0005247
 3.73431e-11 1.75644e-09 5.7206e-08 1.29014e-06 2.01474e-05 0.000217866 0.00163137 0.00845928 0.0303822 0.0756428 0.130974 0.159716 0.143662 0.109279 0.0872541 0.0755858 0.0610524 0.0438928 0.029627 0.0192229 0.0116942 0.00651887 0.00325562 0.0014058 0.000504572
 3.46187e-11 1.6283e-09 5.30326e-08 1.19602e-06 1.86776e-05 0.000201972 0.00151237 0.00784232 0.0281685 0.0701517 0.121606 0.148954 0.136113 0.108049 0.0918479 0.0830492 0.0685426 0.0501342 0.0344015 0.0225227 0.0136476 0.00748165 0.00365324 0.00154854 0.000550638
 3.72161e-11 1.75047e-09 5.70116e-08 1.28576e-06 2.00789e-05 0.000217125 0.00162582 0.00843045 0.030278 0.0753759 0.130462 0.15886 0.142155 0.106658 0.0836827 0.0725322 0.0603476 0.0459423 0.0331373 0.0225639 0.0140078 0.00776732 0.00378958 0.00158895 0.000556394
 3.70251e-11 1.74148e-09 5.6719e-08 1.27916e-06 1.99759e-05 0.000216011 0.00161748 0.00838727 0.0301236 0.0749996 0.129864 0.158381 0.142519 0.10853 0.0867957 0.0752738 0.0609243 0.0441878 0.0305809 0.0207184 0.0132219 0.00761159 0.00382483 0.00162867 0.000571899
#spawning biomass
 206862 139735 128835 125513 195879 445399 526224 623478 922684 1.05717e+06 892340 851278 710615 1.01351e+06 1.13379e+06 1.11807e+06 1.03369e+06 1.24647e+06 1.23046e+06 1.44133e+06 1.08738e+06 1.18216e+06 932859 1.25306e+06 1.15273e+06 1.33757e+06 1.28632e+06 1.17387e+06 1.16913e+06 368474 30569.7 3885.9 3243.79 3239.97 3239.97 3239.97 3239.97 3239.97 3239.97 3239.97 3239.97 3239.97 3239.97 3239.97 3239.97 3239.97 3239.97 3239.97 3239.97 3239.97 3239.97 3239.97 3239.97 3239.97 3239.97 3239.97 3239.97 3239.97 3239.97 3239.97 3239.97 3239.97 3239.97 3239.97 3239.97 3239.97 3239.97 3239.97 3239.97 3239.97 3239.97 3239.97 3239.97 3239.97 3239.97 3239.97 3239.97 3239.97 3239.97 3239.97 3239.97 3239.97 3239.97 3239.97 3239.97 3239.97 3239.97 3239.97 3239.97 3239.97 3239.97 3239.97 3239.97 3239.97 3239.97 3239.97 3239.97 3239.97 3239.97 3239.97 3239.97 3239.97 3239.97 3239.97 3239.97 3239.97 3239.97 3239.97 3239.97 3239.97 3239.97 3239.97 3239.97 3239.97 3239.97 3239.97 3239.97 3239.97 3239.97 3239.97 3239.97 3239.97 3239.97 3239.97 3239.97 3239.97 3239.97 3239.97 0 0 0 0 0 0 0 0 0 0 0 0 0 0 0 0 0 0 0 0 0 0 0 0 0
