SBPRF35
0.256306
Curr Bio
95790.4
B35
192554
F35
0.483089
FOFL
0.12886
OFL
7806.45
Bzero
73230.3
#pred survey bio
 3696.18 5153.09 8517.38 11377 14976.1 19749.1 23975.5 31971 46697.4 72819.4 90257.1 121311 169834 180168 168658 168813 144052 162310 138707 123279 130666 153778 166269 179903 199594 202026 188414 154445 4.07258e+06 2.80454e+06 2.16344e+06 1.56612e+06 1.18765e+06 977273 866854 809906 780270 764420 755613 750511 747436 745520 744294 743492 742966 742617 742384 742228 742123 742053 742005 741973 741951 741936 741926 741919 741915 741912 741910 741908 741907 741907 741906 741906 741906 741905 741905 741905 741905 741905 741905 741905 741905 741905 741905 741905 741905 741905 741905 741905 741905 741905 741905 741905 741905 741905 741905 741905 741905 741905 741905 741905 741905 741905 741905 741905 741905 741905 741905 741905 741905 741905 741905 741905 741905 741905 741905 741905 741905 741905 741905 741905 741905 741905 741905 741905 741905 741905 741905 741905 741905 741905 741905 741905 741905 741905 741905 741905 0 0 0 0 0 0 0 0 0 0 0 0 0 0 0 0 0 0 0 0 0 0 0 0 0
#obs survey bio
 3215.35 5769.62 8303.19 12147.7 18353.3 20669.8 27248.9 60300.1 52111.6 98771.7 80647.7 171734 156356 241176 212781 130271 146546 161465 122276 179480 101363 159122 140168 222230 224476 240374 220730 132389
#pred catch bio
 1808.23 2505.56 4605.67 6382.15 7897.92 10981.8 12989.4 16970.8 22728.9 42104.7 52938.8 62685 99709 106775 92348.7 109926 78064.4 100701 87740.9 73181.3 71050.6 87892.4 95037.4 96442.5 110827 114115 113736 109760 7806.45 39193.6 29803.4 20347.5 14626.5 11642.9 10205.1 9544.95 9251.06 9122.88 9067.73 9044.23 9034.27 9030.07 9028.31 9027.57 9027.26 9027.13 9027.08 9027.05 9027.04 9027.04 9027.04 9027.04 9027.04 9027.04 9027.04 9027.04 9027.04 9027.04 9027.04 9027.04 9027.04 9027.04 9027.04 9027.04 9027.04 9027.04 9027.04 9027.04 9027.04 9027.04 9027.04 9027.04 9027.04 9027.04 9027.04 9027.04 9027.04 9027.04 9027.04 9027.04 9027.04 9027.04 9027.04 9027.04 9027.04 9027.04 9027.04 9027.04 9027.04 9027.04 9027.04 9027.04 9027.04 9027.04 9027.04 9027.04 9027.04 9027.04 9027.04 9027.04 9027.04 9027.04 9027.04 9027.04 9027.04 9027.04 9027.04 9027.04 9027.04 9027.04 9027.04 9027.04 9027.04 9027.04 9027.04 9027.04 9027.04 9027.04 9027.04 9027.04 9027.04 9027.04 9027.04 9027.04 9027.04 9027.04 9027.04 9027.04 0 0 0 0 0 0 0 0 0 0 0 0 0 0 0 0 0 0 0 0 0 0 0 0 0
#obs catch bio
 2622.65 2442.82 4422.52 5936.25 6971.09 9986.76 12138.3 15249.7 20767.8 36971.8 53549.9 58346.5 91259.8 100565 84297.5 114219 79324.2 101221 86437.9 71979.4 71130.4 87923 99859.5 91602.4 105760 109707 111872 114740
#pred cpue bio
 2885.96 3358.49 5519.51 7597.18 9828.46 13362.9 16187.7 21183.9 30415.1 48129.1 59622.5 77567 114104 124020 120142 121702 98170.7 113756 98674.2 84924.3 88903.1 105973 114763 124092 141054 144226 137071 112606 2.67517e+06 2.57405e+06 2.0529e+06 1.46072e+06 1.08242e+06 872045 761626 704679 675043 659193 650386 645283 642208 640292 639066 638265 637739 637390 637157 637001 636896 636825 636777 636745 636723 636708 636698 636692 636687 636684 636682 636680 636680 636679 636678 636678 636678 636678 636678 636678 636678 636678 636678 636678 636678 636678 636678 636678 636678 636678 636678 636678 636678 636678 636678 636678 636678 636678 636678 636678 636678 636678 636678 636678 636678 636678 636678 636678 636678 636678 636678 636678 636678 636678 636678 636678 636678 636678 636678 636678 636678 636678 636678 636678 636678 636678 636678 636678 636678 636678 636678 636678 636678 636678 636678 636678 636678 636678 636678 636678 0 0 0 0 0 0 0 0 0 0 0 0 0 0 0 0 0 0 0 0 0 0 0 0 0
#obs cpue bio
 2640.45 4152.98 6240.24 11084.9 14264.1 17114.9 17343.4 20230.5 34409.2 65731.2 45908.3 89115.5 182664 112674 136648 119854 78648.9 132480 119374 63349.1 99092.1 109796 100986 154108 148795 139492 117666 107522
#pred surv len freq
 3.81352e-11 1.7937e-09 5.84196e-08 1.31751e-06 2.05748e-05 0.000222487 0.00166597 0.00863847 0.0310229 0.0772114 0.133506 0.161937 0.142872 0.102839 0.0751525 0.0615078 0.0497054 0.0375931 0.028281 0.0220918 0.0181041 0.0156635 0.0137135 0.0109866 0.00726342
 4.62825e-11 2.17691e-09 7.09004e-08 1.59898e-06 2.49704e-05 0.000270019 0.00202187 0.0104837 0.0376462 0.0936622 0.161722 0.195078 0.168584 0.113632 0.0725741 0.0512231 0.0360028 0.0224397 0.012961 0.00770276 0.00494872 0.00345891 0.00256434 0.00184676 0.00115121
 4.51241e-11 2.12242e-09 6.91259e-08 1.55896e-06 2.43454e-05 0.000263261 0.00197127 0.0102215 0.0367065 0.0913428 0.157844 0.190998 0.166991 0.116726 0.079978 0.0596332 0.0416463 0.0240154 0.0116843 0.00529128 0.00240563 0.00114335 0.00059534 0.000334883 0.000181292
 4.32532e-11 2.03442e-09 6.62598e-08 1.49432e-06 2.3336e-05 0.000252346 0.00188955 0.00979783 0.0351868 0.0875772 0.151448 0.183781 0.162373 0.117147 0.0850419 0.0665933 0.0476326 0.0278388 0.0136218 0.00599965 0.00243785 0.000899299 0.000309193 0.000107725 3.98983e-05
 4.44136e-11 2.089e-09 6.80375e-08 1.53441e-06 2.39621e-05 0.000259116 0.00194024 0.0100606 0.0361292 0.0899109 0.155402 0.188197 0.165043 0.116464 0.0813206 0.0618806 0.0440843 0.0261746 0.0132315 0.00605783 0.00252122 0.000916276 0.000285422 7.73284e-05 1.88834e-05
 4.2548e-11 2.00125e-09 6.51795e-08 1.46996e-06 2.29555e-05 0.000248232 0.00185874 0.00963813 0.0346138 0.0861562 0.149025 0.181006 0.160453 0.116906 0.0863511 0.0686519 0.0496546 0.0294692 0.0148124 0.00677247 0.00285048 0.00105992 0.000337369 9.06436e-05 2.03224e-05
 4.28158e-11 2.01385e-09 6.55899e-08 1.47921e-06 2.31001e-05 0.000249794 0.00187044 0.00969877 0.0348311 0.0866934 0.149928 0.181978 0.160919 0.116417 0.0850156 0.0671737 0.0487951 0.0294133 0.015178 0.00713306 0.00305268 0.00114229 0.000365226 9.89221e-05 2.23322e-05
 4.3975e-11 2.06837e-09 6.73655e-08 1.51926e-06 2.37254e-05 0.000256557 0.00192108 0.00996124 0.0357727 0.0890265 0.153892 0.186455 0.163799 0.116202 0.0819656 0.0629959 0.04526 0.0272177 0.0140792 0.00667276 0.00290125 0.00110952 0.000363041 0.000100215 2.29152e-05
 4.48651e-11 2.11024e-09 6.87292e-08 1.55001e-06 2.42057e-05 0.00026175 0.00195996 0.0101628 0.0364959 0.0908197 0.156946 0.18994 0.166161 0.11637 0.0801086 0.0602066 0.0426373 0.0252523 0.0127841 0.00592461 0.00254176 0.000970637 0.000320269 8.97764e-05 2.09207e-05
 4.40303e-11 2.07098e-09 6.74503e-08 1.52117e-06 2.37553e-05 0.00025688 0.0019235 0.00997379 0.0358178 0.0891392 0.15409 0.186709 0.164067 0.116479 0.0822389 0.0631567 0.045167 0.0268672 0.0136346 0.00631105 0.00268723 0.00101299 0.000329684 9.16081e-05 2.13356e-05
 4.39176e-11 2.06567e-09 6.72777e-08 1.51728e-06 2.36945e-05 0.000256222 0.00191857 0.00994828 0.0357265 0.0889144 0.153718 0.186339 0.163996 0.116962 0.0832026 0.0641184 0.045588 0.0266409 0.0131021 0.00584488 0.00241855 0.000895347 0.000287394 7.87692e-05 1.80998e-05
 4.57292e-11 2.15088e-09 7.00528e-08 1.57987e-06 2.46719e-05 0.000266791 0.00199771 0.0103585 0.037198 0.0925608 0.159914 0.193336 0.168499 0.116635 0.0784634 0.05766 0.0401846 0.023333 0.0114235 0.00504835 0.00205122 0.000739055 0.000229779 6.11143e-05 1.37122e-05
 4.2859e-11 2.01588e-09 6.5656e-08 1.48071e-06 2.31234e-05 0.000250046 0.00187233 0.00970857 0.0348666 0.086784 0.150101 0.182264 0.16141 0.117256 0.0861287 0.0680502 0.0488315 0.0285534 0.0139741 0.00616238 0.00249917 0.000897827 0.000277044 7.25804e-05 1.59264e-05
 4.14205e-11 1.94822e-09 6.34524e-08 1.43101e-06 2.23473e-05 0.000241654 0.0018095 0.00938283 0.0336979 0.0838868 0.145169 0.176649 0.157647 0.117105 0.0893069 0.0727136 0.0531098 0.0316336 0.0159021 0.00722059 0.00298437 0.00107815 0.000331792 8.6375e-05 1.87937e-05
 3.91792e-11 1.8428e-09 6.00188e-08 1.35357e-06 2.1138e-05 0.000228578 0.00171159 0.00887528 0.031877 0.0793727 0.137486 0.167909 0.151807 0.116919 0.0943179 0.0799987 0.0597081 0.0363052 0.0188092 0.00886042 0.00379057 0.00141104 0.000445604 0.000118237 2.59808e-05
 3.88185e-11 1.82584e-09 5.94664e-08 1.34111e-06 2.09434e-05 0.000226474 0.00169583 0.00879357 0.0315833 0.0786388 0.136199 0.166259 0.150077 0.115145 0.0925953 0.0790316 0.0603954 0.0386285 0.0216612 0.0111054 0.00507792 0.00198773 0.000655662 0.000180935 4.1093e-05
 4.23595e-11 1.99239e-09 6.48908e-08 1.46345e-06 2.28538e-05 0.000247132 0.00185051 0.00959542 0.0344603 0.0857735 0.148358 0.180173 0.159645 0.116185 0.0857267 0.0683116 0.0498844 0.0303044 0.0159396 0.00780089 0.00356724 0.00145596 0.000510671 0.000149861 3.58756e-05
 4.04438e-11 1.90228e-09 6.19562e-08 1.39727e-06 2.18203e-05 0.000235956 0.00176683 0.00916164 0.0329042 0.0819175 0.141806 0.17277 0.154872 0.116511 0.0907322 0.075202 0.0557586 0.0339938 0.0177958 0.00855719 0.00379265 0.00149546 0.000514084 0.00015195 3.75939e-05
 3.93132e-11 1.8491e-09 6.02241e-08 1.3582e-06 2.12103e-05 0.00022936 0.00171744 0.00890563 0.0319859 0.0796423 0.137943 0.16842 0.152119 0.116844 0.0938821 0.0794118 0.0592019 0.0359949 0.0186981 0.00889583 0.0038924 0.00150738 0.000505108 0.000145016 3.5059e-05
 4.16463e-11 1.95884e-09 6.37982e-08 1.43881e-06 2.24691e-05 0.000242971 0.00181936 0.00943393 0.033881 0.0843375 0.145916 0.177404 0.157826 0.116217 0.0874788 0.0708351 0.0521856 0.0319065 0.0168145 0.00811425 0.00357079 0.00137728 0.000456271 0.000128801 3.04927e-05
 4.23314e-11 1.99107e-09 6.48477e-08 1.46248e-06 2.28387e-05 0.000246968 0.00184928 0.00958907 0.0344377 0.0857185 0.148273 0.180113 0.159734 0.116544 0.0863296 0.0689082 0.0501673 0.0301719 0.015535 0.00734293 0.00320862 0.00124466 0.000416376 0.000118194 2.79144e-05
 4.15788e-11 1.95567e-09 6.36948e-08 1.43648e-06 2.24326e-05 0.000242577 0.00181641 0.00941864 0.0338262 0.0842022 0.14569 0.177162 0.157721 0.11637 0.0878589 0.071247 0.0524147 0.0318997 0.0166823 0.00798424 0.00349391 0.00134458 0.000445542 0.000125909 2.97813e-05
 4.14793e-11 1.95099e-09 6.35423e-08 1.43304e-06 2.2379e-05 0.000241997 0.00181206 0.00939611 0.0337453 0.0840019 0.145349 0.176777 0.157471 0.116381 0.0881048 0.071578 0.0526814 0.0320581 0.0167757 0.00805559 0.00354933 0.00137757 0.000459364 0.000129956 3.0631e-05
 4.15359e-11 1.95365e-09 6.36291e-08 1.435e-06 2.24095e-05 0.000242327 0.00181453 0.00940894 0.0337913 0.0841158 0.145542 0.17699 0.157594 0.116331 0.0878992 0.0713274 0.0525033 0.0319887 0.0167746 0.00807347 0.00356437 0.00138691 0.000464408 0.000132137 3.13235e-05
 3.99885e-11 1.88087e-09 6.12586e-08 1.38153e-06 2.15746e-05 0.000233299 0.00174694 0.00905852 0.0325341 0.0809988 0.140235 0.170943 0.153519 0.116107 0.091222 0.0762442 0.0570453 0.0353059 0.0189115 0.00930646 0.00417599 0.0016414 0.00055341 0.00015832 3.77153e-05
 3.94164e-11 1.85396e-09 6.03822e-08 1.36177e-06 2.1266e-05 0.000229962 0.00172195 0.00892896 0.0320692 0.0798449 0.138261 0.168653 0.151839 0.11564 0.0918877 0.0775685 0.0585978 0.0368292 0.020206 0.0102215 0.00470292 0.00189009 0.000650129 0.000189047 4.55686e-05
 3.80452e-11 1.78946e-09 5.82817e-08 1.3144e-06 2.05262e-05 0.000221962 0.00166205 0.00861846 0.0309552 0.0770836 0.133563 0.163314 0.148292 0.115581 0.0950218 0.082052 0.0625657 0.0395455 0.0218651 0.0111967 0.00524192 0.00215475 0.000760504 0.000226838 5.59203e-05
 3.79042e-11 1.78283e-09 5.80657e-08 1.30953e-06 2.04502e-05 0.00022114 0.00165589 0.00858654 0.0308407 0.0767993 0.133077 0.162754 0.14789 0.115492 0.0952232 0.0824081 0.0629479 0.039887 0.0221367 0.0113861 0.00535826 0.00221972 0.000793195 0.000240758 6.06198e-05
#obs surv len freq
 4.0988e-11 1.92788e-09 6.27897e-08 1.41607e-06 2.21139e-05 0.000239131 0.0017906 0.00928485 0.0333462 0.0830113 0.143657 0.174826 0.156076 0.116084 0.0888228 0.0728258 0.0540016 0.0332288 0.0177174 0.00872924 0.0039663 0.00159951 0.000559906 0.000167785 4.21299e-05
 4.9179e-11 2.31314e-09 7.53375e-08 1.69905e-06 2.65331e-05 0.000286917 0.0021484 0.0111396 0.04 0.0995006 0.171684 0.206535 0.176664 0.115102 0.0681009 0.0441755 0.0295618 0.0177 0.00940543 0.00463458 0.00209792 0.000838601 0.000289918 8.56759e-05 2.12171e-05
 4.16391e-11 1.9585e-09 6.37871e-08 1.43856e-06 2.24652e-05 0.000242929 0.00181904 0.00943237 0.0338764 0.0843344 0.14597 0.177744 0.159003 0.118848 0.0912887 0.0740031 0.0526074 0.0293679 0.013151 0.00521702 0.00199857 0.000735883 0.000246801 7.19925e-05 1.76384e-05
 4.71211e-11 2.21635e-09 7.21851e-08 1.62796e-06 2.54228e-05 0.000274912 0.0020585 0.0106736 0.0383284 0.0953588 0.164648 0.198594 0.171576 0.115543 0.0736231 0.0517375 0.0359891 0.0216961 0.0113369 0.00531089 0.0021824 0.000754328 0.000218827 5.49064e-05 1.20962e-05
 4.47126e-11 2.10306e-09 6.84954e-08 1.54474e-06 2.41234e-05 0.00026086 0.0019533 0.0101283 0.0363726 0.0905175 0.156457 0.189505 0.166284 0.117502 0.082101 0.0620743 0.0432698 0.0244747 0.0114007 0.00478118 0.00190399 0.000696339 0.000220593 5.81601e-05 1.24775e-05
 4.34905e-11 2.04558e-09 6.66232e-08 1.50252e-06 2.3464e-05 0.00025373 0.00189991 0.00985155 0.0353796 0.0880547 0.152259 0.184695 0.162955 0.117089 0.0844088 0.0657646 0.0469942 0.0275078 0.0134791 0.00590653 0.00234525 0.00081392 0.000242047 6.18098e-05 1.34131e-05
 4.34596e-11 2.04413e-09 6.65759e-08 1.50145e-06 2.34474e-05 0.00025355 0.00189856 0.00984454 0.0353544 0.0879911 0.152143 0.184531 0.162734 0.116774 0.0840179 0.0654577 0.0469735 0.0278105 0.0139397 0.00632088 0.00261219 0.000942189 0.00028764 7.355e-05 1.55898e-05
 4.58611e-11 2.15708e-09 7.02548e-08 1.58442e-06 2.4743e-05 0.00026756 0.00200346 0.0103883 0.0373051 0.0928248 0.160355 0.193799 0.168677 0.11628 0.0776363 0.0567779 0.03971 0.0233816 0.0117544 0.00537724 0.00225644 0.000833081 0.000262458 6.95164e-05 1.51983e-05
 4.69471e-11 2.20817e-09 7.19186e-08 1.62195e-06 2.5329e-05 0.000273897 0.00205091 0.0106343 0.0381876 0.0950133 0.164086 0.198075 0.171638 0.116657 0.0756183 0.0535774 0.0365302 0.0208103 0.00993299 0.00427948 0.00172112 0.000625265 0.000197593 5.31287e-05 1.18826e-05
 4.41999e-11 2.07895e-09 6.771e-08 1.52703e-06 2.38468e-05 0.000257869 0.0019309 0.0100122 0.0359562 0.0894854 0.154703 0.187521 0.164996 0.11757 0.083422 0.0639303 0.0449072 0.0255533 0.0119479 0.00496125 0.00190365 0.000656753 0.000197257 5.09482e-05 1.115e-05
 4.53118e-11 2.13125e-09 6.94134e-08 1.56545e-06 2.44467e-05 0.000264356 0.00197947 0.010264 0.036859 0.09172 0.158482 0.191706 0.167405 0.116587 0.0793876 0.0590364 0.0414802 0.0242917 0.012015 0.00533276 0.00213765 0.000742166 0.00021763 5.38905e-05 1.12373e-05
 4.56229e-11 2.14588e-09 6.989e-08 1.5762e-06 2.46145e-05 0.000266171 0.00199306 0.0103344 0.0371119 0.0923476 0.159555 0.192951 0.168318 0.116836 0.0790018 0.0582509 0.0405203 0.0233437 0.0112711 0.00490658 0.00197508 0.000707231 0.000216628 5.56028e-05 1.17484e-05
 4.34801e-11 2.0451e-09 6.66074e-08 1.50217e-06 2.34585e-05 0.00025367 0.00189946 0.00984922 0.0353714 0.0880352 0.152232 0.184695 0.163058 0.117372 0.0848343 0.0661112 0.0470169 0.0272002 0.0130794 0.00563409 0.00223306 0.000786662 0.000238587 6.14905e-05 1.32438e-05
 4.04708e-11 1.90355e-09 6.19975e-08 1.3982e-06 2.18349e-05 0.000236114 0.00176801 0.00916778 0.0329266 0.0819751 0.141921 0.172979 0.155281 0.117265 0.0917812 0.0761111 0.0559914 0.0334356 0.016822 0.00762489 0.00313119 0.00111746 0.000337936 8.61959e-05 1.83709e-05
 3.78164e-11 1.7787e-09 5.79312e-08 1.30649e-06 2.04028e-05 0.000220628 0.00165206 0.00856668 0.0307698 0.0766262 0.132802 0.162532 0.148053 0.116359 0.0967238 0.0839035 0.0636688 0.0395979 0.021209 0.0103429 0.00453071 0.00170575 0.00053996 0.000142591 3.09878e-05
 4.17738e-11 1.96484e-09 6.39935e-08 1.44321e-06 2.25379e-05 0.000243715 0.00182492 0.00946276 0.033984 0.084588 0.14631 0.177696 0.157494 0.114762 0.0850619 0.0685984 0.0514494 0.0329158 0.0186449 0.0097243 0.00454982 0.00183055 0.000620642 0.00017496 4.02041e-05
 4.09615e-11 1.92663e-09 6.27491e-08 1.41515e-06 2.20996e-05 0.000238976 0.00178944 0.00927886 0.0333249 0.0829596 0.143577 0.174774 0.156172 0.11644 0.0893822 0.0732785 0.0540138 0.0328065 0.0172055 0.00842685 0.00389053 0.00161788 0.000581703 0.000175366 4.30751e-05
 3.99562e-11 1.87935e-09 6.1209e-08 1.38042e-06 2.15572e-05 0.000233111 0.00174553 0.0090512 0.032508 0.0809338 0.140124 0.170818 0.15344 0.116116 0.0913119 0.0763654 0.0571432 0.0353543 0.0189165 0.00929494 0.00417498 0.00165742 0.000573759 0.000171628 4.32087e-05
 4.00386e-11 1.88322e-09 6.13353e-08 1.38327e-06 2.16017e-05 0.000233592 0.00174913 0.00906985 0.0325747 0.0810978 0.140393 0.171077 0.153451 0.115672 0.0904669 0.0755193 0.0567577 0.0355467 0.0194259 0.00979178 0.00449552 0.00180579 0.000622444 0.000182409 4.4736e-05
 4.30718e-11 2.02589e-09 6.5982e-08 1.48806e-06 2.32382e-05 0.000251288 0.00188162 0.00975671 0.0350389 0.0872049 0.150778 0.182845 0.161158 0.115489 0.0830466 0.0650981 0.0476795 0.0295571 0.0160649 0.00810025 0.0037531 0.00153354 0.000539293 0.000160549 3.96008e-05
 4.1664e-11 1.95967e-09 6.38253e-08 1.43942e-06 2.24787e-05 0.000243075 0.00182013 0.00943795 0.0338957 0.0843752 0.14599 0.177537 0.15808 0.116672 0.0880777 0.0712615 0.0520871 0.0312988 0.0160987 0.00765425 0.00341158 0.00137187 0.00048217 0.000144837 3.62201e-05
 4.05923e-11 1.90927e-09 6.21836e-08 1.4024e-06 2.19004e-05 0.000236822 0.00177332 0.00919525 0.0330248 0.082215 0.142305 0.1733 0.155101 0.116178 0.089908 0.0743284 0.0553123 0.0340692 0.0181089 0.00881007 0.00390053 0.00151586 0.000509976 0.000147906 3.63146e-05
 4.15997e-11 1.95665e-09 6.37268e-08 1.4372e-06 2.2444e-05 0.0002427 0.00181732 0.00942336 0.033843 0.0842416 0.145742 0.177153 0.15748 0.115717 0.0868554 0.0703471 0.052156 0.0323859 0.0175299 0.00874754 0.00397983 0.00158339 0.000538824 0.000155117 3.71922e-05
 4.0808e-11 1.91941e-09 6.25139e-08 1.40985e-06 2.20168e-05 0.000238081 0.00178274 0.00924409 0.0332 0.0826489 0.14304 0.174124 0.155608 0.116071 0.0892258 0.0734049 0.0545162 0.0335875 0.0179478 0.00887463 0.00404866 0.00163524 0.00056921 0.000167685 4.08678e-05
 4.00165e-11 1.88218e-09 6.13015e-08 1.3825e-06 2.15898e-05 0.000233463 0.00174816 0.00906486 0.0325569 0.081054 0.140322 0.171012 0.153461 0.115819 0.0907321 0.0757732 0.0568521 0.0354519 0.019241 0.00963187 0.00440688 0.00177372 0.000616105 0.000182422 4.50304e-05
 3.931e-11 1.84895e-09 6.02192e-08 1.3581e-06 2.12086e-05 0.000229341 0.0017173 0.00890487 0.0319828 0.0796299 0.137891 0.168212 0.151475 0.11544 0.0918415 0.0776548 0.0588205 0.0371667 0.0205778 0.0105367 0.0049176 0.00201065 0.000706077 0.000210259 5.20403e-05
 3.70946e-11 1.74475e-09 5.68254e-08 1.28156e-06 2.00133e-05 0.000216416 0.00162053 0.00840319 0.0301829 0.0751676 0.130294 0.159561 0.145664 0.115169 0.0966578 0.0847091 0.0652438 0.0417695 0.0235227 0.0122872 0.0058534 0.00244505 0.0008775 0.000266442 6.69455e-05
 4.03105e-11 1.89601e-09 6.17518e-08 1.39266e-06 2.17484e-05 0.000235178 0.001761 0.00913137 0.0327949 0.0816383 0.141277 0.171908 0.153416 0.11405 0.0874533 0.0725366 0.0554392 0.036271 0.0212265 0.0115275 0.00565693 0.00241944 0.000887902 0.000275642 7.07455e-05
#pred catch len freq
 3.09948e-11 1.45785e-09 4.74811e-08 1.07082e-06 1.67224e-05 0.000180829 0.00135405 0.00702142 0.0252202 0.0628139 0.108916 0.133548 0.122486 0.0982084 0.0848021 0.0779635 0.0660086 0.0509346 0.0388038 0.030531 0.025095 0.0217328 0.0190322 0.0152486 0.0100812
 4.12816e-11 1.94169e-09 6.32396e-08 1.42621e-06 2.22723e-05 0.000240844 0.00180342 0.00935127 0.0335834 0.0835907 0.144582 0.17558 0.155559 0.113206 0.0836385 0.0670717 0.0498881 0.0317663 0.0185887 0.0111564 0.00720552 0.00504594 0.00374288 0.00269583 0.00168053
 4.04168e-11 1.90101e-09 6.19147e-08 1.39633e-06 2.18057e-05 0.000235798 0.00176565 0.00915555 0.0328827 0.0818676 0.141745 0.172812 0.155278 0.117549 0.0922511 0.0763751 0.0556601 0.0325866 0.0160042 0.00731256 0.00334675 0.00159597 0.000832047 0.000468198 0.000253484
 3.82916e-11 1.80105e-09 5.86591e-08 1.32291e-06 2.06591e-05 0.0002234 0.00167282 0.00867433 0.0311564 0.0775902 0.134479 0.164613 0.150031 0.118028 0.0980164 0.0843264 0.0625511 0.0370433 0.0182829 0.00811775 0.00331799 0.00122783 0.000422762 0.000147391 5.46036e-05
 3.93795e-11 1.85222e-09 6.03257e-08 1.3605e-06 2.12461e-05 0.000229747 0.00172034 0.00892066 0.0320399 0.0797772 0.13818 0.168724 0.152439 0.117179 0.0942273 0.0796611 0.0591989 0.0356974 0.0182239 0.00841522 0.00352282 0.00128408 0.000400531 0.000108583 2.65243e-05
 3.73644e-11 1.75744e-09 5.72388e-08 1.29088e-06 2.01589e-05 0.000217991 0.00163232 0.00846437 0.0304031 0.0757218 0.131293 0.160961 0.147495 0.117684 0.0996975 0.0869986 0.0652029 0.0392118 0.0198874 0.00916781 0.00388071 0.00144716 0.000461209 0.000123986 2.78054e-05
 3.7529e-11 1.76518e-09 5.74909e-08 1.29656e-06 2.02477e-05 0.000218951 0.0016395 0.00850161 0.0305365 0.0760504 0.131838 0.16151 0.147626 0.117043 0.0983883 0.0856891 0.0646324 0.0395161 0.0205872 0.00975585 0.0041982 0.00157525 0.000504268 0.000136659 3.08599e-05
 3.88527e-11 1.82745e-09 5.95187e-08 1.3423e-06 2.09619e-05 0.000226673 0.00169733 0.00880136 0.0316118 0.0787148 0.136365 0.166623 0.150915 0.116797 0.0949012 0.0809097 0.0605821 0.0369963 0.0193293 0.00923937 0.00403972 0.00154915 0.000507497 0.000140166 3.20587e-05
 3.95567e-11 1.86056e-09 6.05971e-08 1.36662e-06 2.13417e-05 0.00023078 0.00172808 0.00896077 0.0321838 0.0801337 0.138785 0.169404 0.152866 0.117112 0.0936957 0.0789217 0.0585352 0.0352632 0.0180478 0.00844439 0.00364642 0.001397 0.000461594 0.000129471 3.01792e-05
 3.94217e-11 1.85421e-09 6.03904e-08 1.36195e-06 2.12689e-05 0.000229993 0.00172218 0.00893022 0.0320742 0.0798621 0.138323 0.168881 0.152524 0.117123 0.0940358 0.0794098 0.05898 0.0355706 0.0182093 0.00849249 0.00363466 0.00137366 0.000447571 0.000124428 2.89861e-05
 3.93832e-11 1.8524e-09 6.03315e-08 1.36062e-06 2.12481e-05 0.000229769 0.0017205 0.00892153 0.0320432 0.0797873 0.13821 0.16882 0.152712 0.117757 0.0950416 0.0803039 0.0592073 0.0350533 0.0173816 0.00781248 0.00325022 0.00120659 0.000387769 0.000106336 2.44402e-05
 4.09651e-11 1.9268e-09 6.27547e-08 1.41527e-06 2.21016e-05 0.000238997 0.0017896 0.00927971 0.0333281 0.0829713 0.14362 0.174931 0.156648 0.11748 0.0909197 0.0746866 0.0545124 0.0321799 0.0159124 0.0070948 0.00290113 0.00104876 0.000326554 8.69114e-05 1.95064e-05
 3.8093e-11 1.79171e-09 5.8355e-08 1.31605e-06 2.0552e-05 0.000222242 0.00166414 0.00862937 0.0309952 0.0771908 0.133802 0.163853 0.149561 0.118115 0.0986095 0.0850994 0.0631663 0.0373903 0.0184467 0.00819618 0.00334226 0.00120416 0.000372046 9.75249e-05 2.14059e-05
 3.64091e-11 1.71251e-09 5.57754e-08 1.25787e-06 1.96435e-05 0.000212418 0.00159059 0.00824806 0.0296271 0.073799 0.128026 0.15727 0.145119 0.117858 0.102215 0.0904638 0.0681644 0.0410761 0.0208161 0.00952205 0.0039559 0.00143292 0.00044149 0.000114996 2.5028e-05
 3.32432e-11 1.5636e-09 5.09255e-08 1.1485e-06 1.79354e-05 0.000193947 0.00145229 0.00753114 0.027055 0.0674228 0.117174 0.144923 0.136866 0.117586 0.109281 0.100746 0.0774867 0.0476864 0.0249355 0.0118456 0.00509618 0.00190236 0.000601506 0.000159697 3.5101e-05
 3.4024e-11 1.60033e-09 5.21217e-08 1.17547e-06 1.83567e-05 0.000198503 0.0014864 0.00770789 0.0276884 0.0689848 0.119778 0.147627 0.137796 0.115214 0.103999 0.0952113 0.0746517 0.0482418 0.0272508 0.0140518 0.00644716 0.00252779 0.000834407 0.000230342 5.23237e-05
 3.69614e-11 1.73849e-09 5.66214e-08 1.27695e-06 1.99415e-05 0.000215639 0.00161471 0.00837307 0.0300752 0.0749061 0.129884 0.159259 0.146022 0.116711 0.0992039 0.0870349 0.0659487 0.0406328 0.0215827 0.0106529 0.00489816 0.00200433 0.000703753 0.000206615 4.9472e-05
 3.55596e-11 1.67255e-09 5.44739e-08 1.22852e-06 1.91852e-05 0.000207461 0.00155348 0.00805565 0.0289366 0.0720846 0.125091 0.15385 0.142558 0.117016 0.102975 0.0922017 0.0703437 0.0433583 0.0228754 0.0110749 0.00493045 0.00194833 0.000670394 0.000198234 4.9054e-05
 3.43949e-11 1.61777e-09 5.26898e-08 1.18829e-06 1.85568e-05 0.000200667 0.0015026 0.00779194 0.0279906 0.0697411 0.121114 0.149376 0.139741 0.117401 0.106281 0.0965917 0.0739053 0.0453901 0.0237539 0.0113767 0.00499995 0.0019405 0.000650856 0.000186939 4.52032e-05
 3.66688e-11 1.72472e-09 5.61732e-08 1.26684e-06 1.97836e-05 0.000213932 0.00160193 0.00830682 0.0298375 0.0743168 0.128881 0.158117 0.145257 0.116689 0.0998962 0.0881158 0.0670577 0.0415094 0.0220613 0.0107232 0.00474085 0.00183272 0.000607754 0.000171642 4.06438e-05
 3.69572e-11 1.73829e-09 5.6615e-08 1.27681e-06 1.99392e-05 0.000215615 0.00161453 0.00837215 0.0300721 0.0748998 0.129884 0.15931 0.14623 0.117198 0.0999442 0.0877335 0.0662349 0.0403868 0.0209931 0.010007 0.00439745 0.00171055 0.000572908 0.000162711 3.84377e-05
 3.63419e-11 1.70935e-09 5.56724e-08 1.25555e-06 1.96072e-05 0.000212025 0.00158765 0.0082328 0.0295721 0.0736595 0.127768 0.156877 0.144518 0.116911 0.100987 0.0894818 0.0680701 0.0419618 0.0221412 0.0106792 0.00469688 0.001812 0.000601079 0.000169948 4.02072e-05
 3.62224e-11 1.70373e-09 5.54893e-08 1.25142e-06 1.95428e-05 0.000211328 0.00158243 0.00820574 0.029475 0.0734189 0.127359 0.156414 0.144217 0.116922 0.101279 0.0898749 0.0683854 0.0421488 0.0222542 0.0107698 0.00476933 0.00185565 0.000619448 0.000175329 4.13349e-05
 3.59015e-11 1.68864e-09 5.49978e-08 1.24034e-06 1.93697e-05 0.000209456 0.00156841 0.00813308 0.0292143 0.0727727 0.126259 0.155162 0.143378 0.116888 0.101986 0.0909101 0.0693307 0.0428251 0.0226776 0.0110079 0.00488685 0.00190662 0.000639179 0.000181959 4.31448e-05
 3.42569e-11 1.61128e-09 5.24783e-08 1.18352e-06 1.84823e-05 0.000199861 0.00149657 0.00776065 0.0278781 0.0694593 0.120615 0.148716 0.138987 0.11652 0.10533 0.0959772 0.0741311 0.0464685 0.0251263 0.0124649 0.00562184 0.00221511 0.00074764 0.00021399 5.0989e-05
 3.36818e-11 1.58423e-09 5.15974e-08 1.16365e-06 1.81721e-05 0.000196506 0.00147145 0.00763042 0.0274106 0.0682987 0.118626 0.14639 0.137219 0.115876 0.105743 0.0970858 0.0756392 0.0481414 0.0266605 0.0135916 0.00628317 0.00253083 0.000871365 0.000253491 6.11156e-05
 3.25513e-11 1.53106e-09 4.98655e-08 1.12459e-06 1.75621e-05 0.000189911 0.00142207 0.0073744 0.0264921 0.0660216 0.11475 0.141979 0.134264 0.115756 0.10822 0.100676 0.0788566 0.0504002 0.0281045 0.0144937 0.00681454 0.00280677 0.000991475 0.000295844 7.29447e-05
 3.37998e-11 1.58978e-09 5.17782e-08 1.16773e-06 1.82358e-05 0.000197195 0.00147661 0.00765713 0.0275064 0.0685352 0.119023 0.146815 0.137411 0.115626 0.105087 0.0963242 0.0751153 0.0479883 0.0267897 0.0138453 0.00653427 0.0027105 0.000969126 0.000294234 7.4093e-05
#obs catch len freq
 3.59195e-11 1.68948e-09 5.50252e-08 1.24096e-06 1.93794e-05 0.000209561 0.0015692 0.00813712 0.0292287 0.072806 0.126301 0.155141 0.143131 0.116237 0.100982 0.089983 0.0689996 0.0432162 0.0234673 0.011791 0.00545167 0.0022326 0.000792889 0.000240802 6.1208e-05
 3.59335e-11 1.69014e-09 5.50467e-08 1.24144e-06 1.93869e-05 0.000209643 0.00156981 0.0081403 0.0292402 0.0728354 0.126357 0.155235 0.143293 0.116518 0.101362 0.0903 0.0690571 0.0429788 0.0230872 0.011446 0.00522191 0.00211035 0.000739546 0.000221757 5.57025e-05
 4.58883e-11 2.15836e-09 7.02965e-08 1.58536e-06 2.47577e-05 0.000267719 0.00200465 0.0103945 0.0373269 0.0928758 0.160422 0.193781 0.168343 0.115388 0.07627 0.0555589 0.0393702 0.0240515 0.0129002 0.00639693 0.00290698 0.00116436 0.000402964 0.000119155 2.95189e-05
 3.6778e-11 1.72986e-09 5.63404e-08 1.27062e-06 1.98425e-05 0.00021457 0.0016067 0.00833165 0.0299279 0.0745518 0.129358 0.159029 0.147118 0.120167 0.104652 0.0919043 0.0672623 0.0379146 0.0170787 0.00681923 0.00262792 0.000971122 0.000326254 9.52446e-05 2.33446e-05
 4.33909e-11 2.0409e-09 6.64707e-08 1.49908e-06 2.34103e-05 0.000253149 0.00189556 0.00982896 0.0352982 0.0878492 0.151883 0.184146 0.162177 0.115942 0.0830023 0.0647762 0.04721 0.0289247 0.0152359 0.00717848 0.00296059 0.00102532 0.000297779 7.47757e-05 1.64827e-05
 4.04705e-11 1.90354e-09 6.19969e-08 1.39819e-06 2.18347e-05 0.000236112 0.001768 0.00916773 0.0329269 0.0819798 0.141956 0.173152 0.155843 0.1185 0.0935427 0.0775149 0.0560386 0.0320866 0.0150475 0.00635119 0.00254235 0.000932553 0.000295838 7.80525e-05 1.67517e-05
 3.90728e-11 1.8378e-09 5.98559e-08 1.3499e-06 2.10807e-05 0.000227958 0.00170694 0.00885123 0.0317912 0.0791628 0.137151 0.167632 0.151976 0.117896 0.0959953 0.0815915 0.0603051 0.0357124 0.0176179 0.00776592 0.00309689 0.00107741 0.000320825 8.19912e-05 1.78014e-05
 3.89647e-11 1.83271e-09 5.96902e-08 1.34616e-06 2.10223e-05 0.000227327 0.00170222 0.00882673 0.0317031 0.0789433 0.136768 0.167155 0.151514 0.117488 0.0956507 0.0814231 0.0604794 0.0362396 0.0182935 0.00834567 0.00346373 0.00125225 0.00038276 9.7941e-05 2.0769e-05
 4.18477e-11 1.96831e-09 6.41067e-08 1.44577e-06 2.25777e-05 0.000244146 0.00182815 0.00947955 0.034045 0.084746 0.146626 0.178282 0.158653 0.116902 0.0879992 0.0710091 0.0517561 0.0309106 0.0156579 0.00720712 0.00303716 0.0011239 0.000354499 9.39581e-05 2.05504e-05
 4.31756e-11 2.03077e-09 6.6141e-08 1.49165e-06 2.32942e-05 0.000251894 0.00188616 0.00978027 0.035124 0.0874224 0.151191 0.183522 0.16231 0.117446 0.0856512 0.0671948 0.0478807 0.0276862 0.013315 0.00577329 0.0023331 0.000849886 0.000268941 7.23654e-05 1.61917e-05
 3.98652e-11 1.87507e-09 6.10697e-08 1.37728e-06 2.15081e-05 0.00023258 0.00174156 0.00903067 0.0324352 0.0807612 0.139885 0.170807 0.154318 0.118569 0.0950884 0.0797011 0.0579859 0.0333875 0.0157143 0.00656559 0.00253172 0.000875979 0.000263497 6.81133e-05 1.49139e-05
 4.12114e-11 1.93839e-09 6.3132e-08 1.42379e-06 2.22345e-05 0.000240435 0.00180036 0.00933549 0.0335283 0.0834665 0.144458 0.175863 0.157195 0.117294 0.0900816 0.0736764 0.0538284 0.0319481 0.0159168 0.00710699 0.00286095 0.000995629 0.000292321 7.24403e-05 1.51127e-05
 4.15682e-11 1.95517e-09 6.36785e-08 1.43611e-06 2.24269e-05 0.000242516 0.00181595 0.00941628 0.0338182 0.0841864 0.145691 0.177299 0.15827 0.11764 0.0897262 0.0728422 0.0527232 0.0307862 0.0149725 0.0065587 0.0026524 0.000952224 0.000292052 7.50158e-05 1.5857e-05
 3.90229e-11 1.83545e-09 5.97794e-08 1.34818e-06 2.10537e-05 0.000227667 0.00170477 0.00883995 0.0317508 0.079064 0.136991 0.167492 0.152022 0.118276 0.0966524 0.0821791 0.0604441 0.0353729 0.0171236 0.00742145 0.00295518 0.00104381 0.00031701 8.17648e-05 1.76186e-05
 3.55321e-11 1.67126e-09 5.44318e-08 1.22757e-06 1.91704e-05 0.000207301 0.00155228 0.00804945 0.0289148 0.0720336 0.125027 0.153883 0.142943 0.118027 0.104531 0.0936312 0.0708381 0.0427304 0.0216411 0.00986779 0.00406938 0.00145565 0.000440751 0.000112503 2.39889e-05
 3.24865e-11 1.52801e-09 4.97663e-08 1.12236e-06 1.75272e-05 0.000189533 0.00141924 0.00735977 0.0264401 0.0658956 0.114558 0.141868 0.134557 0.116781 0.109902 0.102317 0.0796006 0.0499854 0.0269576 0.0132235 0.0058146 0.00219353 0.000695118 0.000183685 3.99351e-05
 3.69141e-11 1.73626e-09 5.65488e-08 1.27532e-06 1.9916e-05 0.000215363 0.00161264 0.0083623 0.0300361 0.0748024 0.129665 0.158806 0.14503 0.114797 0.0965652 0.0849384 0.0658604 0.0426576 0.0243461 0.0127693 0.00599464 0.00241603 0.000819912 0.000231264 5.31609e-05
 3.59084e-11 1.68896e-09 5.50082e-08 1.24057e-06 1.93734e-05 0.000209496 0.00156871 0.00813463 0.02922 0.0727869 0.126285 0.155204 0.143443 0.116985 0.102072 0.09086 0.0690433 0.042405 0.022405 0.0110448 0.00512131 0.00213443 0.000768252 0.000231736 5.69397e-05
 3.47651e-11 1.63518e-09 5.32569e-08 1.20108e-06 1.87566e-05 0.000202826 0.00151877 0.00787574 0.0282911 0.0704828 0.122356 0.150694 0.140298 0.116532 0.104149 0.0942875 0.072624 0.0454214 0.0244809 0.0121029 0.00545799 0.00217137 0.000752535 0.000225254 5.67315e-05
 3.48987e-11 1.64147e-09 5.34615e-08 1.20569e-06 1.88286e-05 0.000203606 0.00152461 0.00790597 0.0283994 0.0707493 0.122796 0.151132 0.140379 0.115953 0.102986 0.0930966 0.0720433 0.0456188 0.0251136 0.0127344 0.00586855 0.00236194 0.000814993 0.000238983 5.86326e-05
 3.82896e-11 1.80096e-09 5.86561e-08 1.32284e-06 2.06581e-05 0.000223388 0.00167273 0.00867381 0.031154 0.0775766 0.134406 0.164293 0.149013 0.115786 0.0947445 0.0814871 0.0618903 0.0388745 0.0212979 0.0108062 0.00502663 0.0020581 0.000724526 0.000215823 5.32538e-05
 3.65853e-11 1.72079e-09 5.60451e-08 1.26396e-06 1.97386e-05 0.000213445 0.00159828 0.00828792 0.0297701 0.0741514 0.128614 0.157882 0.145335 0.117328 0.100993 0.0890817 0.0672489 0.040884 0.0211894 0.0101427 0.00454167 0.00183079 0.000644252 0.000193652 4.84458e-05
 3.54225e-11 1.6661e-09 5.42639e-08 1.22379e-06 1.91112e-05 0.000206662 0.00154749 0.0080246 0.0288252 0.071807 0.12461 0.153264 0.142032 0.116635 0.102757 0.0922365 0.0707525 0.0440725 0.0236009 0.0115538 0.00513622 0.00200045 0.000673797 0.000195554 4.80338e-05
 3.64505e-11 1.71446e-09 5.58388e-08 1.25931e-06 1.96659e-05 0.000212659 0.00159239 0.00825737 0.0296601 0.0738746 0.128115 0.157181 0.144413 0.11606 0.0994867 0.0880335 0.0674869 0.0424265 0.0231477 0.0116253 0.00531079 0.00211743 0.000721366 0.000207805 4.98451e-05
 3.55498e-11 1.67209e-09 5.44589e-08 1.22819e-06 1.91799e-05 0.000207404 0.00155305 0.00805342 0.0289285 0.0720628 0.125043 0.153742 0.142304 0.116507 0.102247 0.0915614 0.0701701 0.04374 0.0235556 0.0117241 0.00537146 0.00217435 0.000757733 0.000223367 5.44591e-05
 3.45896e-11 1.62693e-09 5.2988e-08 1.19501e-06 1.86619e-05 0.000201802 0.0015111 0.00783597 0.0281483 0.0701277 0.121743 0.149959 0.139677 0.116155 0.104008 0.0943803 0.0729991 0.0460491 0.0251895 0.0126918 0.00583107 0.00235206 0.000817936 0.000242344 5.98461e-05
 3.3757e-11 1.58777e-09 5.17126e-08 1.16625e-06 1.82127e-05 0.000196945 0.00147474 0.00764743 0.0274717 0.068449 0.118876 0.14665 0.137306 0.115639 0.105213 0.096509 0.0752976 0.048126 0.0268579 0.0138412 0.0064859 0.00265742 0.000934237 0.000278382 6.89279e-05
 3.13809e-11 1.476e-09 4.80725e-08 1.08416e-06 1.69307e-05 0.000183082 0.00137094 0.00710936 0.0255412 0.0636626 0.110726 0.137356 0.131024 0.115237 0.110216 0.103931 0.0821457 0.0531427 0.0301585 0.0158522 0.00758075 0.00317286 0.0011399 0.000346327 8.70489e-05
#spawning biomass
 2528.83 2512.7 4154.18 5930.78 7506.81 10577.3 12765.3 16345.4 23015.6 37062 45953 57454.6 89713.4 100046 100292 102351 78136.7 93328.5 82240.9 68391.8 70716 85411.2 92650.5 100100 116581 120265 116383 95790.4 58421.9 121745 90310.3 60778.4 43013.1 33750.8 29287.7 27238.4 26326.1 25928.1 25756.9 25684 25653.1 25640 25634.6 25632.3 25631.3 25630.9 25630.7 25630.7 25630.6 25630.6 25630.6 25630.6 25630.6 25630.6 25630.6 25630.6 25630.6 25630.6 25630.6 25630.6 25630.6 25630.6 25630.6 25630.6 25630.6 25630.6 25630.6 25630.6 25630.6 25630.6 25630.6 25630.6 25630.6 25630.6 25630.6 25630.6 25630.6 25630.6 25630.6 25630.6 25630.6 25630.6 25630.6 25630.6 25630.6 25630.6 25630.6 25630.6 25630.6 25630.6 25630.6 25630.6 25630.6 25630.6 25630.6 25630.6 25630.6 25630.6 25630.6 25630.6 25630.6 25630.6 25630.6 25630.6 25630.6 25630.6 25630.6 25630.6 25630.6 25630.6 25630.6 25630.6 25630.6 25630.6 25630.6 25630.6 25630.6 25630.6 25630.6 25630.6 25630.6 25630.6 25630.6 25630.6 25630.6 25630.6 25630.6 25630.6 0 0 0 0 0 0 0 0 0 0 0 0 0 0 0 0 0 0 0 0 0 0 0 0 0
