SBPRF35
0.256306
Curr Bio
150670
B35
194094
F35
0.385429
FOFL
0.230042
OFL
29752.5
Bzero
73230.3
#pred survey bio
 24213.5 22280.9 17169.5 15214.9 23142.4 35306.9 49975.5 62800.4 88083.7 114868 147949 176800 225777 249101 240000 209570 200391 198062 202503 215919 218377 244325 248246 245675 245424 240954 235572 225712 218928 6.56446e+06 3.65286e+06 2.73635e+06 1.9536e+06 1.43252e+06 1.12412e+06 952161 858866 808558 781191 766014 757375 752313 749260 747368 746167 745396 744894 744564 744344 744198 744100 744034 743989 743959 743939 743925 743916 743910 743905 743903 743901 743899 743898 743898 743897 743897 743897 743897 743897 743897 743897 743897 743897 743897 743897 743897 743897 743897 743897 743897 743897 743897 743897 743897 743897 743897 743897 743897 743897 743897 743897 743897 743897 743897 743897 743897 743897 743897 743897 743897 743897 743897 743897 743897 743897 743897 743897 743897 743897 743897 743897 743897 743897 743897 743897 743897 743897 743897 743897 743897 743897 743897 743897 743897 743897 743897 743897 743897 743897 0 0 0 0 0 0 0 0 0 0 0 0 0 0 0 0 0 0 0 0 0 0 0 0 0
#obs survey bio
 16006 19482.1 11181.1 17943 34747.1 57183.2 39357.9 73001.5 101739 107960 147991 163083 220322 241775 193283 152547 183931 193729 196685 166104 167178 318558 318128 248372 236603 194779 223847 226317 255206
#pred catch bio
 2613.23 3765.43 3309.23 2418.11 4447.03 6381.62 12238.6 15395.6 25025.4 36375.6 54814.3 59016.3 88765.6 104315 108512 91253.8 85250.6 76623.3 71157.8 84108.7 75440.5 97393.2 101016 99434.8 102254 97449.9 97449.9 91665.9 109546 29752.5 45223.5 32778.4 22561.3 16006.6 12294.5 10339 9354.09 8872.26 8641.06 8531.55 8480.14 8456.15 8445 8439.83 8437.44 8436.34 8435.83 8435.6 8435.49 8435.44 8435.42 8435.41 8435.41 8435.4 8435.4 8435.4 8435.4 8435.4 8435.4 8435.4 8435.4 8435.4 8435.4 8435.4 8435.4 8435.4 8435.4 8435.4 8435.4 8435.4 8435.4 8435.4 8435.4 8435.4 8435.4 8435.4 8435.4 8435.4 8435.4 8435.4 8435.4 8435.4 8435.4 8435.4 8435.4 8435.4 8435.4 8435.4 8435.4 8435.4 8435.4 8435.4 8435.4 8435.4 8435.4 8435.4 8435.4 8435.4 8435.4 8435.4 8435.4 8435.4 8435.4 8435.4 8435.4 8435.4 8435.4 8435.4 8435.4 8435.4 8435.4 8435.4 8435.4 8435.4 8435.4 8435.4 8435.4 8435.4 8435.4 8435.4 8435.4 8435.4 8435.4 8435.4 8435.4 8435.4 8435.4 8435.4 8435.4 0 0 0 0 0 0 0 0 0 0 0 0 0 0 0 0 0 0 0 0 0 0 0 0 0
#obs catch bio
 4235.32 3962.98 3587.65 2428.14 4390.72 6089.56 12159.5 15258.8 24302.4 34839.7 53463.6 55693.3 88219 101288 108384 94778.5 87492.5 75235.2 68255.8 84494.7 74892.7 95176.7 97169.2 96231.8 102661 99350 97606.4 90170.2 110900
#pred cpue bio
 23377.4 21986.9 17002.7 14465.9 20962.2 32574.9 46654.5 58537.5 80838.9 106106 135734 162013 207128 229440 223283 194895 184893 182963 188288 201037 202484 226370 229878 227877 227373 223068 219076 209586 203442 6.02245e+06 3.61885e+06 2.70234e+06 1.91959e+06 1.39851e+06 1.09011e+06 918152 824856 774548 747182 732005 723366 718304 715250 713358 712157 711386 710884 710554 710335 710188 710090 710024 709980 709950 709929 709916 709906 709900 709896 709893 709891 709890 709889 709888 709888 709888 709887 709887 709887 709887 709887 709887 709887 709887 709887 709887 709887 709887 709887 709887 709887 709887 709887 709887 709887 709887 709887 709887 709887 709887 709887 709887 709887 709887 709887 709887 709887 709887 709887 709887 709887 709887 709887 709887 709887 709887 709887 709887 709887 709887 709887 709887 709887 709887 709887 709887 709887 709887 709887 709887 709887 709887 709887 709887 709887 709887 709887 709887 709887 0 0 0 0 0 0 0 0 0 0 0 0 0 0 0 0 0 0 0 0 0 0 0 0 0
#obs cpue bio
 17717.6 16287.8 12464.5 24887 27056 29411.8 41326.5 47967.7 97601.6 137486 140076 237688 175723 292456 251442 190663 197036 239803 245837 221106 253058 229890 219332 241737 203909 231773 255470 226738 162967
#pred surv len freq
 2.5048e-11 1.17814e-09 3.83712e-08 8.65367e-07 1.3514e-05 0.000146135 0.00109427 0.00567443 0.0203836 0.0507839 0.0881678 0.108636 0.101365 0.0850678 0.0787544 0.0778815 0.0726099 0.0641459 0.0560443 0.0483738 0.0411933 0.0349806 0.028998 0.0218878 0.0137974
 1.16265e-11 5.46856e-10 1.78107e-08 4.01677e-07 6.2728e-06 6.78329e-05 0.000507973 0.00263489 0.00947568 0.0237131 0.0418883 0.0549994 0.0621497 0.0743827 0.0940133 0.10641 0.103132 0.0921524 0.0810424 0.0699795 0.0584847 0.0473039 0.0365437 0.0257293 0.0153819
 9.95455e-12 4.68214e-10 1.52494e-08 3.43913e-07 5.37071e-06 5.80773e-05 0.000434897 0.00225545 0.00810546 0.0202285 0.0353557 0.0446926 0.0454508 0.0466607 0.0562264 0.0720937 0.0897533 0.104695 0.109867 0.102532 0.0873294 0.0695116 0.0514071 0.0341063 0.0192312
 3.4497e-11 1.62257e-09 5.28461e-08 1.19181e-06 1.86118e-05 0.00020126 0.00150701 0.0078139 0.0280572 0.0697852 0.120359 0.144548 0.122897 0.0787002 0.0458399 0.033008 0.0323901 0.0382034 0.0471701 0.0543532 0.0549559 0.0479657 0.0361842 0.023411 0.0126293
 4.37124e-11 2.05602e-09 6.69634e-08 1.51019e-06 2.35838e-05 0.000255025 0.0019096 0.00990153 0.0355557 0.0884606 0.152738 0.184227 0.159157 0.10715 0.068181 0.0477746 0.0333904 0.02154 0.0153079 0.0145812 0.0159592 0.0160762 0.0135484 0.00924565 0.00501562
 3.67049e-11 1.72643e-09 5.62286e-08 1.26809e-06 1.98031e-05 0.000214143 0.0016035 0.00831487 0.0298649 0.07437 0.128871 0.157625 0.143283 0.112029 0.0926166 0.0805486 0.0621436 0.0402182 0.0234131 0.0137681 0.00933898 0.00769161 0.00654822 0.00478067 0.00273539
 3.37513e-11 1.5875e-09 5.17039e-08 1.16605e-06 1.82096e-05 0.000196911 0.00147447 0.00764583 0.0274625 0.0683932 0.118554 0.145196 0.13264 0.105325 0.0900366 0.0829582 0.0711274 0.054741 0.0386475 0.0246141 0.0140194 0.00773141 0.00464022 0.00292865 0.00164842
 3.46941e-11 1.63185e-09 5.31482e-08 1.19862e-06 1.87182e-05 0.000202412 0.00151565 0.00785926 0.0282275 0.0702829 0.121723 0.148579 0.134127 0.103179 0.0843522 0.0758587 0.0653751 0.052256 0.0400194 0.0287684 0.0184757 0.0103807 0.00521615 0.00246774 0.00111392
 3.88516e-11 1.8274e-09 5.95171e-08 1.34226e-06 2.09613e-05 0.000226667 0.00169727 0.00880078 0.0316061 0.0786658 0.13604 0.165104 0.145975 0.105769 0.0783245 0.0651341 0.0536223 0.0414049 0.0312033 0.0229352 0.015696 0.00957719 0.0050503 0.00226978 0.000873931
 3.65793e-11 1.72051e-09 5.6036e-08 1.26375e-06 1.97353e-05 0.00021341 0.00159801 0.0082863 0.0297613 0.0741015 0.128336 0.156641 0.141348 0.108452 0.0876534 0.0763548 0.0615283 0.0441714 0.0303705 0.0208527 0.0139079 0.00861511 0.00473418 0.00220792 0.000846131
 3.84417e-11 1.80811e-09 5.88891e-08 1.3281e-06 2.07401e-05 0.000224275 0.00167936 0.008708 0.0312738 0.0778472 0.134683 0.163734 0.145656 0.107443 0.0819541 0.0694546 0.0569759 0.0427436 0.0303212 0.0204352 0.0128286 0.00746606 0.00397331 0.00185459 0.00072159
 3.84681e-11 1.80936e-09 5.89296e-08 1.32901e-06 2.07544e-05 0.00022443 0.00168052 0.00871404 0.031296 0.0779076 0.134823 0.164066 0.146469 0.109078 0.0842355 0.0712791 0.0571089 0.0411816 0.0282893 0.0189715 0.0119945 0.00690961 0.00355218 0.001593 0.000603736
 3.81485e-11 1.79433e-09 5.844e-08 1.31797e-06 2.0582e-05 0.000222565 0.00166656 0.00864166 0.0310363 0.077263 0.133721 0.162791 0.145543 0.108862 0.0847353 0.072309 0.0584417 0.0424813 0.0291339 0.019194 0.0118325 0.0066792 0.00338294 0.00148976 0.000550749
 3.71177e-11 1.74584e-09 5.68608e-08 1.28235e-06 2.00258e-05 0.000216551 0.00162153 0.00840822 0.0301987 0.0751863 0.130184 0.158755 0.142807 0.108661 0.0868518 0.0754445 0.0613199 0.0446198 0.0306428 0.0202233 0.012432 0.00693541 0.00344628 0.00148595 0.000538241
 3.44979e-11 1.62262e-09 5.28476e-08 1.19185e-06 1.86124e-05 0.000201267 0.00150709 0.00781496 0.0280699 0.0699052 0.12117 0.148375 0.135446 0.107251 0.0909282 0.0822952 0.0683603 0.0506482 0.0353713 0.0235981 0.0145714 0.00812684 0.00401661 0.00171232 0.000610312
 3.49689e-11 1.64477e-09 5.35691e-08 1.20812e-06 1.88665e-05 0.000204015 0.00152766 0.00792155 0.0284517 0.0708453 0.122727 0.149941 0.135791 0.105328 0.0869593 0.0780897 0.0660119 0.0507972 0.0370969 0.0256531 0.0162273 0.00918897 0.00457557 0.00195154 0.000691843
 3.71759e-11 1.74857e-09 5.695e-08 1.28436e-06 2.00572e-05 0.00021689 0.00162406 0.00842133 0.030245 0.0752939 0.130318 0.158671 0.141941 0.106381 0.0832438 0.0718215 0.0593754 0.0450315 0.0328446 0.0231651 0.0151793 0.00892537 0.00457859 0.00198989 0.000711963
 3.65806e-11 1.72058e-09 5.60381e-08 1.2638e-06 1.9736e-05 0.000213418 0.00159806 0.00828658 0.0297621 0.0741018 0.128323 0.156566 0.141094 0.107895 0.0868848 0.0758344 0.0617658 0.0451584 0.0315184 0.0215544 0.0140036 0.00833721 0.00439169 0.00196772 0.000722774
 3.48365e-11 1.63854e-09 5.33662e-08 1.20354e-06 1.8795e-05 0.000203242 0.00152188 0.0078916 0.0283447 0.0705843 0.122312 0.14961 0.136049 0.106655 0.0892253 0.0802681 0.0668751 0.0500027 0.0353402 0.0239073 0.0150895 0.00873541 0.00454686 0.00205047 0.000767127
 3.47409e-11 1.63405e-09 5.32199e-08 1.20024e-06 1.87435e-05 0.000202685 0.0015177 0.00786991 0.0282663 0.0703842 0.121932 0.148987 0.134985 0.10483 0.0867255 0.078055 0.0661901 0.051213 0.0377099 0.0263614 0.0169169 0.00977554 0.00501127 0.00222232 0.000824556
 3.59695e-11 1.69183e-09 5.51019e-08 1.24269e-06 1.94063e-05 0.000209852 0.00157137 0.00814813 0.0292646 0.0728607 0.126158 0.153851 0.13842 0.105433 0.08465 0.0744641 0.0622496 0.0476903 0.0351597 0.0250527 0.0165936 0.0098896 0.00516557 0.00229929 0.00084783
 3.60676e-11 1.69645e-09 5.52522e-08 1.24608e-06 1.94593e-05 0.000210425 0.00157565 0.00817037 0.0293447 0.0730618 0.126518 0.154344 0.139035 0.106242 0.0856216 0.0752359 0.0623295 0.046935 0.0339102 0.023837 0.0157815 0.00953712 0.00509767 0.00232179 0.000869601
 3.61134e-11 1.6986e-09 5.53224e-08 1.24766e-06 1.9484e-05 0.000210692 0.00157766 0.00818076 0.029382 0.0731558 0.126687 0.15458 0.139345 0.106677 0.0861923 0.0758013 0.0626648 0.0468978 0.0334978 0.0231712 0.0150803 0.00900831 0.00481226 0.00221442 0.000842882
 3.5612e-11 1.67502e-09 5.45543e-08 1.23033e-06 1.92135e-05 0.000207767 0.00155575 0.00806721 0.0289747 0.0721458 0.124968 0.152621 0.138026 0.10661 0.0872896 0.0774481 0.0642395 0.0481106 0.0343049 0.0235936 0.0151901 0.00894352 0.00471278 0.00215156 0.000819011
 3.60005e-11 1.69329e-09 5.51494e-08 1.24376e-06 1.94231e-05 0.000210033 0.00157272 0.00815518 0.0292902 0.0729268 0.126289 0.154089 0.138885 0.106306 0.0859353 0.0757814 0.0630465 0.0476471 0.0343186 0.0237391 0.0152797 0.00894352 0.00466492 0.00210479 0.000793338
 3.61503e-11 1.70034e-09 5.53789e-08 1.24893e-06 1.95039e-05 0.000210907 0.00157927 0.00818911 0.0294121 0.0732304 0.126816 0.154734 0.139472 0.106751 0.0862196 0.0757987 0.0626505 0.0469011 0.0335349 0.0231953 0.015009 0.00882815 0.00460616 0.00206822 0.000773273
 3.48694e-11 1.64009e-09 5.34167e-08 1.20468e-06 1.88128e-05 0.000203434 0.00152331 0.00789905 0.0283713 0.0706496 0.122417 0.149703 0.136017 0.106383 0.0886974 0.0796133 0.0662994 0.049704 0.0354504 0.0243834 0.0156878 0.00920376 0.00480601 0.00216091 0.000807293
 3.54653e-11 1.66812e-09 5.43295e-08 1.22526e-06 1.91343e-05 0.00020691 0.00154934 0.00803395 0.028855 0.0718457 0.124434 0.151902 0.137166 0.105541 0.0860613 0.0765415 0.0642734 0.0491785 0.0358621 0.0249998 0.01614 0.00944756 0.00491518 0.00220441 0.00082269
 3.52232e-11 1.65673e-09 5.39586e-08 1.2169e-06 1.90037e-05 0.000205498 0.00153877 0.00797914 0.0286585 0.0713599 0.123615 0.151013 0.136711 0.105896 0.0871035 0.0776222 0.0647324 0.0489607 0.0354766 0.0248897 0.0163146 0.00968887 0.00508072 0.00228262 0.000850806
#obs surv len freq
 2.24119e-11 1.05415e-09 3.43329e-08 7.74293e-07 1.20917e-05 0.000130756 0.00097911 0.0050774 0.0182409 0.0454639 0.0790572 0.0980022 0.0933304 0.0821652 0.0802956 0.0814127 0.0763304 0.0682316 0.0618523 0.0563484 0.0496904 0.0411774 0.0310099 0.0202726 0.0109187
 1.01836e-15 4.79671e-14 1.57109e-12 3.62229e-11 6.14736e-10 8.75481e-09 1.28231e-07 1.95573e-06 2.54335e-05 0.000245133 0.00166745 0.00790535 0.0261064 0.0604547 0.100041 0.12372 0.124789 0.115046 0.103862 0.0920987 0.07948 0.0655568 0.0494606 0.0322699 0.0172698
 1.34815e-11 6.34107e-10 2.06524e-08 4.65765e-07 7.27358e-06 7.8653e-05 0.000588937 0.00305358 0.0109631 0.0272553 0.0469226 0.0559762 0.046577 0.0288586 0.0207907 0.0333501 0.0647947 0.0997919 0.119777 0.11938 0.105946 0.0867972 0.0647515 0.0419681 0.0223717
 5.10912e-11 2.40308e-09 7.82668e-08 1.76511e-06 2.75648e-05 0.000298073 0.00223191 0.0115723 0.0415491 0.103308 0.177937 0.21256 0.176944 0.104532 0.046768 0.0190033 0.009528 0.00796971 0.0107397 0.0150266 0.0174693 0.0165297 0.0129911 0.00849785 0.00451494
 3.20212e-11 1.50612e-09 4.90534e-08 1.10628e-06 1.72761e-05 0.000186818 0.00139892 0.00725446 0.0260631 0.0649692 0.113036 0.140395 0.134428 0.118985 0.113572 0.104123 0.0760939 0.0414898 0.0180934 0.00891425 0.0075597 0.00798989 0.00729226 0.00523508 0.00290008
 4.23311e-11 1.99105e-09 6.48471e-08 1.46247e-06 2.28385e-05 0.000246966 0.00184925 0.00958867 0.034433 0.0856729 0.147965 0.178666 0.155048 0.106232 0.071455 0.0565152 0.0483139 0.0394323 0.0286138 0.017266 0.00866656 0.00432528 0.00271652 0.00187467 0.00109441
 2.43246e-11 1.14411e-09 3.7263e-08 8.40376e-07 1.31237e-05 0.000141916 0.0010627 0.00551137 0.0198068 0.0494335 0.086416 0.109256 0.110719 0.110259 0.118965 0.119002 0.0971108 0.0664354 0.043036 0.0282592 0.0175746 0.00951467 0.00450513 0.00204517 0.000931164
 4.28915e-11 2.01741e-09 6.57057e-08 1.48183e-06 2.31409e-05 0.000250235 0.00187373 0.00971544 0.0348863 0.0867826 0.149756 0.180239 0.154507 0.101788 0.0633729 0.0479898 0.0433482 0.0397622 0.033224 0.0238213 0.0146365 0.0079474 0.00384571 0.00162886 0.000600919
 3.46833e-11 1.63134e-09 5.31315e-08 1.19825e-06 1.87124e-05 0.000202349 0.00151519 0.00785708 0.0282227 0.0702992 0.121946 0.149763 0.138075 0.111924 0.0969657 0.0862807 0.0666249 0.0437061 0.0279089 0.0194509 0.0136887 0.00853579 0.00443906 0.0019025 0.000672254
 3.95251e-11 1.85907e-09 6.05487e-08 1.36553e-06 2.13247e-05 0.000230596 0.00172668 0.00895332 0.0321539 0.0800268 0.138381 0.167885 0.148247 0.107063 0.079012 0.0659612 0.0548526 0.0421421 0.0299782 0.0195143 0.0116414 0.00656537 0.00346102 0.00158845 0.000593444
 3.88858e-11 1.829e-09 5.95694e-08 1.34344e-06 2.09798e-05 0.000226866 0.00169876 0.00880866 0.031636 0.0787539 0.136289 0.165859 0.148087 0.110285 0.085013 0.0714151 0.0562834 0.0395375 0.0264876 0.0175398 0.0109778 0.00618293 0.00307299 0.00133285 0.000490965
 3.88465e-11 1.82715e-09 5.95092e-08 1.34208e-06 2.09585e-05 0.000226637 0.00169705 0.00879974 0.0316039 0.0786729 0.136142 0.16565 0.147813 0.109933 0.0847203 0.0715759 0.0571964 0.0408122 0.0272309 0.0173749 0.0103783 0.00569664 0.00281336 0.00120658 0.000433263
 3.80871e-11 1.79143e-09 5.83458e-08 1.31584e-06 2.05488e-05 0.000222206 0.00166387 0.00862777 0.0309869 0.0771441 0.133544 0.16271 0.1459 0.110012 0.0866064 0.0741583 0.0593695 0.0422315 0.0281348 0.017967 0.0106695 0.00573584 0.00274717 0.00114538 0.000402638
 3.57166e-11 1.67994e-09 5.47144e-08 1.23395e-06 1.92699e-05 0.000208377 0.00156032 0.00809096 0.0290607 0.0723657 0.12539 0.15333 0.139281 0.108831 0.0904493 0.0805373 0.0658894 0.047753 0.0323691 0.0208816 0.0124291 0.00665888 0.00315718 0.00129283 0.00044397
 3.27032e-11 1.5382e-09 5.00981e-08 1.12984e-06 1.76441e-05 0.000190796 0.00142869 0.0074085 0.0266115 0.0662863 0.114989 0.141241 0.130331 0.106134 0.0935329 0.0869266 0.0734176 0.0552741 0.0391007 0.0261267 0.0159297 0.00866053 0.00413028 0.00168697 0.000573688
 3.54555e-11 1.66766e-09 5.43145e-08 1.22493e-06 1.9129e-05 0.000206853 0.00154891 0.00803171 0.0288468 0.0718218 0.124371 0.151728 0.1367 0.104568 0.0846826 0.0754187 0.0641997 0.0502911 0.0375131 0.0263819 0.0168423 0.00952832 0.00468266 0.00194832 0.000667908
 3.69752e-11 1.73913e-09 5.66425e-08 1.27743e-06 1.99489e-05 0.000215719 0.0016153 0.00837591 0.0300824 0.0748931 0.129653 0.157998 0.141773 0.107145 0.0848109 0.0733796 0.0600285 0.0446223 0.0319754 0.0224749 0.0148586 0.00883848 0.00456261 0.00197719 0.000698452
 3.51769e-11 1.65455e-09 5.38876e-08 1.2153e-06 1.89787e-05 0.000205228 0.00153675 0.00796871 0.0286218 0.0712744 0.123509 0.151082 0.137406 0.107718 0.0899592 0.0804092 0.0660466 0.0482936 0.0334368 0.0225007 0.0143617 0.00846005 0.00445159 0.00200147 0.000736366
 3.41944e-11 1.60834e-09 5.23826e-08 1.18136e-06 1.84486e-05 0.000199496 0.00149383 0.00774617 0.0278227 0.0692868 0.120081 0.146965 0.13392 0.105591 0.0891847 0.0810742 0.0684715 0.0521808 0.0375515 0.0255923 0.0160658 0.00917186 0.00470189 0.00209804 0.000781211
 3.50998e-11 1.65092e-09 5.37695e-08 1.21264e-06 1.89371e-05 0.000204778 0.00153337 0.00795117 0.0285581 0.0711084 0.123173 0.150439 0.13609 0.10523 0.086442 0.0772759 0.0650872 0.0500101 0.0367295 0.0258072 0.016706 0.00970092 0.00495723 0.00217738 0.000798898
 3.56315e-11 1.67594e-09 5.45842e-08 1.23101e-06 1.9224e-05 0.000207881 0.0015566 0.00807162 0.0289905 0.0721832 0.125021 0.152633 0.137866 0.106134 0.0864976 0.0765899 0.0636632 0.0480277 0.0347233 0.0243452 0.0159772 0.009499 0.00496791 0.00221238 0.000813277
 3.56077e-11 1.67482e-09 5.45476e-08 1.23019e-06 1.92111e-05 0.000207742 0.00155556 0.00806624 0.0289713 0.0721375 0.124955 0.152615 0.138048 0.106682 0.0873955 0.0775192 0.0642003 0.0479653 0.0341502 0.0235312 0.015235 0.00902573 0.00476064 0.00215402 0.000804539
 3.68208e-11 1.73187e-09 5.6406e-08 1.2721e-06 1.98656e-05 0.000214819 0.00160856 0.00834095 0.029957 0.0745821 0.129123 0.157392 0.141364 0.107136 0.0852476 0.0742081 0.061116 0.0456314 0.0324235 0.0221798 0.0141769 0.00827616 0.00431903 0.00194933 0.000732059
 3.43992e-11 1.61797e-09 5.26963e-08 1.18844e-06 1.85591e-05 0.000200691 0.00150278 0.0077926 0.0279898 0.0697066 0.120833 0.147999 0.135215 0.107284 0.0911456 0.082423 0.0681533 0.0501795 0.0350123 0.0236462 0.0149931 0.00867834 0.00447978 0.00200001 0.000745595
 3.69599e-11 1.73842e-09 5.66191e-08 1.2769e-06 1.99407e-05 0.00021563 0.00161463 0.00837243 0.0300697 0.0748585 0.129574 0.157814 0.141335 0.106291 0.083719 0.0727989 0.0607157 0.0463533 0.0335721 0.0230378 0.0145387 0.00830685 0.00423272 0.00186851 0.000689669
 3.39238e-11 1.59561e-09 5.1968e-08 1.17201e-06 1.83026e-05 0.000197918 0.00148201 0.00768495 0.0276036 0.0687496 0.119207 0.146162 0.134028 0.107347 0.09231 0.0839179 0.0692331 0.0507151 0.0353731 0.0241071 0.0154766 0.00900469 0.00461485 0.0020261 0.000740263
 3.425e-11 1.61096e-09 5.24678e-08 1.18328e-06 1.84786e-05 0.000199821 0.00149626 0.00775874 0.0278676 0.0693956 0.12025 0.147078 0.133726 0.104846 0.0879578 0.079911 0.0680078 0.0525484 0.0383573 0.0264081 0.0167031 0.00958844 0.00491235 0.0021709 0.000796432
 3.60662e-11 1.69638e-09 5.52499e-08 1.24603e-06 1.94585e-05 0.000210416 0.00157559 0.00817001 0.0293433 0.073056 0.126494 0.154248 0.138738 0.105594 0.0846799 0.0744333 0.0622054 0.0476323 0.035043 0.0248264 0.0162699 0.00956228 0.00492885 0.00217271 0.00079556
 3.37663e-11 1.58821e-09 5.17268e-08 1.16657e-06 1.82177e-05 0.000196999 0.00147513 0.00764927 0.0274754 0.068429 0.118643 0.145435 0.13325 0.106514 0.0914294 0.0832517 0.0691419 0.0512514 0.0362515 0.0250553 0.0163873 0.00979129 0.00516872 0.00232403 0.000860266
#pred catch len freq
 2.21055e-11 1.03974e-09 3.38636e-08 7.63708e-07 1.19264e-05 0.000128968 0.000965728 0.00500804 0.0179921 0.044848 0.0780153 0.096847 0.0926698 0.0824993 0.0817284 0.0836794 0.0788286 0.0697959 0.0610021 0.052655 0.0448391 0.0380766 0.0315645 0.023825 0.0150185
 9.86905e-12 4.64193e-10 1.51185e-08 3.4096e-07 5.32462e-06 5.75798e-05 0.000431201 0.00223688 0.00804732 0.020168 0.0358256 0.0479634 0.056973 0.0728874 0.0958534 0.109951 0.106928 0.0956112 0.0840934 0.0726148 0.0606872 0.0490853 0.0379199 0.0266982 0.0159612
 8.4305e-12 3.9653e-10 1.29147e-08 2.9126e-07 4.54846e-06 4.91858e-05 0.000368321 0.00191027 0.00686645 0.0171506 0.0300741 0.0384771 0.0405904 0.0445348 0.0565755 0.0739765 0.092509 0.107986 0.11333 0.105764 0.0900827 0.0717031 0.0530279 0.0351816 0.0198375
 3.16147e-11 1.48701e-09 4.84308e-08 1.09224e-06 1.70568e-05 0.000184445 0.0013811 0.00716111 0.0257139 0.0639637 0.110365 0.132766 0.113605 0.0744141 0.0459231 0.0355071 0.0360287 0.0427931 0.0528798 0.0609361 0.0616119 0.0537752 0.0405667 0.0262465 0.0141589
 4.14805e-11 1.95105e-09 6.35443e-08 1.43308e-06 2.23796e-05 0.000242004 0.0018121 0.0093961 0.0337421 0.0839621 0.145064 0.17541 0.152965 0.106088 0.0717058 0.0531931 0.0381418 0.0247898 0.0176467 0.0168128 0.018402 0.0185369 0.0156222 0.0106608 0.00578332
 3.39621e-11 1.59741e-09 5.20268e-08 1.17333e-06 1.83233e-05 0.000198141 0.00148369 0.00769376 0.0276366 0.0688459 0.119469 0.146927 0.136127 0.111767 0.0986468 0.0892101 0.0697405 0.0452886 0.0263841 0.0155171 0.0105255 0.00866882 0.00738016 0.00538805 0.00308292
 3.1067e-11 1.46124e-09 4.75917e-08 1.07331e-06 1.67613e-05 0.000181251 0.00135721 0.00703794 0.0252814 0.0629837 0.109331 0.134627 0.125315 0.104366 0.0949458 0.0906784 0.0786502 0.0606945 0.0428715 0.0273061 0.0155528 0.00857703 0.00514774 0.00324897 0.00182871
 3.20341e-11 1.50673e-09 4.90733e-08 1.10672e-06 1.72831e-05 0.000186893 0.00139946 0.00725688 0.026066 0.0649214 0.112576 0.138068 0.126746 0.10195 0.0887705 0.0830143 0.0724792 0.0581112 0.044527 0.0320108 0.0205582 0.0115507 0.00580408 0.00274589 0.00123947
 3.64679e-11 1.71528e-09 5.58654e-08 1.2599e-06 1.96752e-05 0.00021276 0.00159314 0.00826097 0.0296692 0.0738615 0.127846 0.155697 0.139399 0.104749 0.0823916 0.0716028 0.0599088 0.0464436 0.0350256 0.025747 0.0176204 0.0107514 0.0056695 0.00254807 0.00098108
 3.41723e-11 1.6073e-09 5.23488e-08 1.1806e-06 1.84367e-05 0.000199368 0.00149287 0.00774125 0.0278057 0.0692523 0.120073 0.147198 0.13489 0.107828 0.0923643 0.0834466 0.068088 0.0490333 0.0337338 0.0231639 0.0154495 0.00957003 0.00525892 0.00245265 0.000939918
 3.62646e-11 1.70571e-09 5.5554e-08 1.25288e-06 1.95655e-05 0.000211574 0.00158426 0.00821499 0.0295048 0.0734602 0.127205 0.155169 0.139739 0.106715 0.08599 0.0757143 0.0629667 0.0473972 0.0336433 0.0226761 0.0142355 0.00828483 0.00440905 0.00205797 0.000800724
 3.6194e-11 1.70239e-09 5.54458e-08 1.25044e-06 1.95275e-05 0.000211162 0.00158118 0.00819906 0.0294483 0.0733259 0.127017 0.155146 0.140373 0.108504 0.0887185 0.0780359 0.0633903 0.0458699 0.031531 0.0211475 0.0133703 0.00770218 0.00395963 0.00177572 0.000672988
 3.60214e-11 1.69427e-09 5.51814e-08 1.24448e-06 1.94343e-05 0.000210155 0.00157364 0.00815996 0.029308 0.0729773 0.126419 0.154445 0.139834 0.108311 0.0889149 0.0786376 0.0643647 0.0469344 0.0322072 0.0212205 0.0130819 0.00738446 0.00374015 0.00164707 0.000608903
 3.50196e-11 1.64715e-09 5.36467e-08 1.20987e-06 1.88938e-05 0.00020431 0.00152988 0.0079331 0.028494 0.0709593 0.122982 0.150524 0.137179 0.108123 0.0909832 0.0816934 0.0671626 0.04901 0.0336761 0.0222268 0.0136637 0.00762255 0.00378773 0.00163317 0.000591569
 3.24159e-11 1.52469e-09 4.96581e-08 1.11991e-06 1.74891e-05 0.00018912 0.00141614 0.00734347 0.0263782 0.0657101 0.114021 0.140198 0.129832 0.106653 0.0949335 0.0884131 0.0741362 0.0550528 0.0384637 0.0256628 0.0158463 0.00883792 0.00436806 0.00186215 0.000663713
 3.28464e-11 1.54494e-09 5.03176e-08 1.13479e-06 1.77213e-05 0.000191632 0.00143494 0.00744089 0.026727 0.0665679 0.115433 0.141579 0.129984 0.104531 0.0907636 0.0840697 0.0718051 0.0553916 0.0404701 0.0279873 0.017704 0.0100251 0.00499194 0.00212913 0.000754799
 3.50981e-11 1.65085e-09 5.37671e-08 1.21258e-06 1.89362e-05 0.000204769 0.0015333 0.00795082 0.0285568 0.0711069 0.123179 0.150489 0.136267 0.105623 0.0869914 0.0776703 0.0649861 0.0494316 0.0360733 0.025444 0.0166728 0.0098035 0.00502906 0.00218567 0.00078201
 3.43679e-11 1.6165e-09 5.26485e-08 1.18735e-06 1.85423e-05 0.000200509 0.00150141 0.00778552 0.0279643 0.0696436 0.120726 0.147877 0.135131 0.107264 0.0911374 0.0823012 0.0678206 0.0497288 0.0347274 0.0237507 0.0154306 0.00918679 0.00483921 0.00216823 0.000796427
 3.24645e-11 1.52698e-09 4.97326e-08 1.12159e-06 1.75153e-05 0.000189404 0.00141826 0.00735446 0.0264174 0.0658049 0.114166 0.140285 0.129622 0.105903 0.0936818 0.0871333 0.0733999 0.0550276 0.0389108 0.0263245 0.0166153 0.00961871 0.00500662 0.00225781 0.000844696
 3.24746e-11 1.52745e-09 4.9748e-08 1.12194e-06 1.75207e-05 0.000189463 0.0014187 0.00735668 0.0264247 0.0658167 0.114143 0.140053 0.128767 0.103939 0.0907258 0.0843751 0.0723332 0.0561113 0.0413358 0.0288978 0.0185448 0.0107162 0.00549348 0.00243616 0.000903899
 3.36166e-11 1.58116e-09 5.14975e-08 1.1614e-06 1.81369e-05 0.000196125 0.00146859 0.0076153 0.0273528 0.068119 0.118073 0.144578 0.131971 0.104521 0.0888128 0.0810081 0.0685629 0.0526841 0.0388625 0.0276929 0.0183425 0.0109319 0.00571 0.00254163 0.000937188
 3.38693e-11 1.59305e-09 5.18847e-08 1.17013e-06 1.82732e-05 0.0001976 0.00147963 0.00767256 0.0275585 0.068632 0.118966 0.145691 0.133044 0.105466 0.0896242 0.0814532 0.068262 0.0515466 0.0372613 0.0261944 0.0173424 0.0104804 0.00560185 0.00255143 0.000955609
 3.39413e-11 1.59644e-09 5.1995e-08 1.17262e-06 1.83121e-05 0.00019802 0.00148277 0.00768888 0.0276172 0.068779 0.119226 0.146036 0.133443 0.105951 0.0902112 0.0820125 0.0685714 0.0514601 0.0367754 0.0254401 0.016557 0.00989047 0.00528351 0.00243127 0.000925423
 3.34168e-11 1.57177e-09 5.11915e-08 1.15449e-06 1.80291e-05 0.00019496 0.00145986 0.0075701 0.027191 0.0677225 0.117428 0.143987 0.132065 0.105887 0.0913677 0.0837461 0.0702295 0.052737 0.0376222 0.0258768 0.0166602 0.00980908 0.00516889 0.00235979 0.000898276
 3.38533e-11 1.5923e-09 5.186e-08 1.16957e-06 1.82646e-05 0.000197506 0.00147893 0.00766892 0.0275454 0.0685999 0.118913 0.145638 0.133036 0.105557 0.0898634 0.0818887 0.0688928 0.0522067 0.0376213 0.0260255 0.0167514 0.00980494 0.00511423 0.00230752 0.000869751
 3.39723e-11 1.5979e-09 5.20425e-08 1.17369e-06 1.83288e-05 0.000198201 0.00148413 0.0076959 0.0276424 0.0688417 0.119335 0.146167 0.133557 0.106029 0.0902588 0.0820369 0.0685816 0.0514838 0.0368305 0.0254766 0.0164852 0.00969646 0.00505921 0.00227164 0.00084933
 3.26785e-11 1.53704e-09 5.00604e-08 1.12899e-06 1.76308e-05 0.000190653 0.00142761 0.00740291 0.0265912 0.0662349 0.114892 0.141086 0.130069 0.105662 0.0927701 0.0859021 0.0722808 0.054324 0.0387634 0.0266638 0.0171551 0.0100646 0.00525551 0.00236302 0.000882799
 3.3269e-11 1.56482e-09 5.0965e-08 1.14939e-06 1.79494e-05 0.000194097 0.0014534 0.0075366 0.0270705 0.0674198 0.116887 0.14325 0.131159 0.104718 0.0899969 0.0827148 0.070231 0.05388 0.0393095 0.0274047 0.0176927 0.0103565 0.00538805 0.00241649 0.000901837
 3.33142e-11 1.56694e-09 5.10343e-08 1.15095e-06 1.79738e-05 0.000194361 0.00145538 0.00754686 0.0271074 0.0675131 0.117057 0.143498 0.131506 0.105219 0.0905746 0.083021 0.0698943 0.0529863 0.0384097 0.026949 0.0176645 0.0104906 0.00550112 0.00247149 0.000921204
#obs catch len freq
 2.10166e-11 9.88518e-10 3.21954e-08 7.26088e-07 1.13389e-05 0.000122615 0.000918152 0.00476128 0.0171051 0.0426317 0.0741243 0.0918525 0.0873919 0.0769404 0.0758757 0.079153 0.0781505 0.0739638 0.0688307 0.0620703 0.0537261 0.0443041 0.0336627 0.0222843 0.0121188
 2.01909e-11 9.49682e-10 3.09305e-08 6.97562e-07 1.08934e-05 0.000117798 0.000882089 0.00457441 0.0164357 0.0409827 0.071389 0.0890799 0.0866879 0.0800458 0.0822526 0.0854707 0.0807964 0.0724584 0.0657967 0.0599902 0.0529183 0.0438572 0.0330294 0.0215932 0.01163
 8.68637e-16 4.09245e-14 1.34168e-12 3.10465e-11 5.33721e-10 7.87117e-09 1.21389e-07 1.91562e-06 2.52233e-05 0.000243957 0.00166096 0.00787652 0.0260139 0.0602484 0.0997283 0.123415 0.124635 0.115088 0.104036 0.0923167 0.0796913 0.0657385 0.0495998 0.0323612 0.0173187
 1.19079e-11 5.60091e-10 1.82418e-08 4.11399e-07 6.42457e-06 6.94723e-05 0.000520194 0.00269715 0.00968349 0.024074 0.0414462 0.0494497 0.041203 0.0258651 0.0199325 0.0340794 0.0669739 0.103269 0.123971 0.123572 0.109676 0.0898595 0.0670383 0.0434509 0.0231622
 5.00659e-11 2.35486e-09 7.66962e-08 1.72969e-06 2.70116e-05 0.000292091 0.00218712 0.0113401 0.0407156 0.101237 0.174386 0.20839 0.173707 0.103149 0.0469621 0.0199086 0.0105234 0.00905312 0.012276 0.0171904 0.0199871 0.0189125 0.0148639 0.00972297 0.00516587
 2.98932e-11 1.40603e-09 4.57935e-08 1.03276e-06 1.6128e-05 0.000174403 0.00130596 0.0067726 0.0243345 0.0606858 0.105758 0.132174 0.129133 0.119346 0.119058 0.111498 0.0820316 0.0448189 0.0195713 0.00966419 0.00821077 0.00868182 0.00792424 0.00568882 0.00315144
 4.06292e-11 1.911e-09 6.224e-08 1.40367e-06 2.19203e-05 0.000237037 0.00177491 0.00920327 0.03305 0.0822421 0.142109 0.171925 0.150274 0.105345 0.074187 0.0611608 0.0532048 0.043648 0.0317258 0.0191568 0.00961876 0.00480158 0.00301613 0.00208155 0.0012152
 2.22817e-11 1.04802e-09 3.41335e-08 7.69797e-07 1.20215e-05 0.000129997 0.000973464 0.00504876 0.018147 0.0453186 0.0794097 0.101272 0.105336 0.109945 0.12328 0.125301 0.102769 0.070462 0.0457255 0.0300636 0.0187079 0.0101304 0.00479708 0.0021778 0.000991569
 4.12641e-11 1.94086e-09 6.32126e-08 1.4256e-06 2.22628e-05 0.000240741 0.00180264 0.00934689 0.0335637 0.0834998 0.144142 0.173724 0.149719 0.10044 0.0652272 0.0516907 0.0476638 0.0439665 0.0367921 0.0263933 0.0162206 0.00880861 0.00426274 0.00180556 0.000666116
 3.28275e-11 1.54405e-09 5.02886e-08 1.13414e-06 1.77112e-05 0.000191522 0.00143413 0.00743683 0.026715 0.0665614 0.115584 0.14252 0.133216 0.111705 0.100965 0.09202 0.0716463 0.0471375 0.0301551 0.0210426 0.0148168 0.00924074 0.0048059 0.00205976 0.000727826
 3.78689e-11 1.78117e-09 5.80116e-08 1.30831e-06 2.04311e-05 0.000220934 0.00165434 0.00857827 0.0308082 0.076689 0.132689 0.161353 0.143694 0.106396 0.0819313 0.07063 0.0594703 0.0458685 0.032679 0.021288 0.0127039 0.00716571 0.00377777 0.00173386 0.000647777
 3.72418e-11 1.75167e-09 5.70509e-08 1.28664e-06 2.00928e-05 0.000217275 0.00162695 0.00843637 0.0303003 0.0754419 0.130647 0.159417 0.143704 0.109921 0.0883285 0.0763611 0.060834 0.0428868 0.0287795 0.0190753 0.0119438 0.00672803 0.0033441 0.00145047 0.000534296
 3.73463e-11 1.75659e-09 5.7211e-08 1.29025e-06 2.01491e-05 0.000217885 0.00163151 0.00846002 0.030385 0.0756505 0.130993 0.159769 0.143801 0.109577 0.0877203 0.0760967 0.0614147 0.0439623 0.0293739 0.0187563 0.0112074 0.00615255 0.00303867 0.00130324 0.000467972
 3.65175e-11 1.71761e-09 5.59413e-08 1.26162e-06 1.9702e-05 0.000213049 0.00159531 0.00827233 0.0297117 0.073982 0.128157 0.156558 0.141711 0.109657 0.0897699 0.0789074 0.0637847 0.0455155 0.0303664 0.0194075 0.0115292 0.00619891 0.00296912 0.00123795 0.00043518
 3.41647e-11 1.60694e-09 5.23371e-08 1.18034e-06 1.84326e-05 0.000199323 0.00149253 0.00773954 0.0277998 0.0692392 0.120062 0.147241 0.135116 0.10843 0.0935041 0.0851707 0.0702425 0.0510431 0.0346427 0.0223636 0.0133155 0.00713461 0.0033829 0.00138529 0.000475721
 3.11634e-11 1.46577e-09 4.77393e-08 1.07664e-06 1.68133e-05 0.000181813 0.00136142 0.00705981 0.0253603 0.0631835 0.109699 0.135182 0.126143 0.105611 0.0963784 0.0913542 0.0776772 0.0586131 0.0415078 0.0277512 0.0169245 0.0092023 0.00438881 0.00179259 0.000609607
 3.38668e-11 1.59293e-09 5.18807e-08 1.17004e-06 1.82719e-05 0.000197585 0.00147951 0.00767193 0.0275558 0.0686197 0.118909 0.145453 0.132302 0.103859 0.0873625 0.0797415 0.0684826 0.0537995 0.040179 0.0282734 0.0180543 0.010215 0.00502032 0.00208884 0.000716083
 3.5358e-11 1.66307e-09 5.41652e-08 1.22156e-06 1.90764e-05 0.000206285 0.00154466 0.0080097 0.0287685 0.0716344 0.124097 0.151632 0.137366 0.106573 0.0877517 0.0779457 0.0643825 0.0480109 0.034453 0.0242343 0.0160268 0.00953445 0.00492208 0.002133 0.000753495
 3.33937e-11 1.57068e-09 5.1156e-08 1.1537e-06 1.80167e-05 0.000194825 0.00145885 0.00756491 0.0271729 0.0676815 0.117386 0.144075 0.132584 0.107173 0.0933366 0.0855862 0.0709371 0.0520289 0.0360779 0.0242986 0.0155153 0.00914098 0.00481016 0.00216273 0.000795702
 3.24768e-11 1.52755e-09 4.97514e-08 1.12202e-06 1.7522e-05 0.000189476 0.0014188 0.00735721 0.0264271 0.0658254 0.114179 0.140197 0.129214 0.104932 0.0922438 0.0858997 0.0731626 0.0559139 0.0402916 0.027479 0.0172556 0.00985233 0.00505098 0.00225385 0.000839233
 3.33752e-11 1.56981e-09 5.11276e-08 1.15306e-06 1.80066e-05 0.000194717 0.00145804 0.00756062 0.0271567 0.0676327 0.117245 0.143636 0.131343 0.104517 0.0894321 0.0820294 0.0697285 0.0537399 0.039524 0.0277903 0.0179953 0.0104508 0.00534069 0.00234585 0.000860717
 3.39648e-11 1.59754e-09 5.20308e-08 1.17343e-06 1.83247e-05 0.000198157 0.00148379 0.00769416 0.0276361 0.0688242 0.119293 0.146066 0.133302 0.105499 0.0894648 0.0812461 0.0681503 0.0515678 0.0373344 0.0261947 0.0171963 0.010225 0.00534781 0.0023816 0.000875487
 3.39742e-11 1.59798e-09 5.20453e-08 1.17375e-06 1.83298e-05 0.000198212 0.00148421 0.00769632 0.027644 0.0688458 0.119343 0.146184 0.133594 0.106101 0.0903673 0.0821468 0.0686332 0.0514265 0.0366638 0.0252811 0.016373 0.00970103 0.00511704 0.00231532 0.000864787
 3.51621e-11 1.65386e-09 5.38651e-08 1.21479e-06 1.89708e-05 0.000205142 0.0015361 0.00796534 0.0286093 0.0712397 0.123425 0.150863 0.136843 0.106552 0.0882746 0.0789213 0.0656352 0.0491628 0.0349832 0.0239486 0.0153125 0.00894028 0.00466583 0.00210589 0.00079086
 3.2765e-11 1.54111e-09 5.01928e-08 1.13197e-06 1.76774e-05 0.000191157 0.00143139 0.00742252 0.026662 0.0664136 0.11522 0.141575 0.130789 0.106772 0.0942218 0.0871515 0.0726341 0.0536208 0.0374621 0.0253187 0.0160587 0.00929622 0.00479894 0.00214253 0.00079873
 3.53423e-11 1.66233e-09 5.41411e-08 1.22102e-06 1.9068e-05 0.000206193 0.00154397 0.00800611 0.0287553 0.0715986 0.124015 0.151437 0.136895 0.105654 0.0865747 0.0773191 0.0651223 0.0498755 0.0361723 0.0248389 0.01568 0.00895997 0.00456573 0.00201555 0.000743945
 3.22679e-11 1.51772e-09 4.94313e-08 1.1148e-06 1.74092e-05 0.000188257 0.00140967 0.00730996 0.0262582 0.0654131 0.11352 0.139654 0.12955 0.106841 0.0954428 0.0887144 0.0737565 0.0541706 0.0378332 0.0258026 0.0165705 0.00964232 0.00494184 0.0021697 0.000792731
 3.25145e-11 1.52933e-09 4.98092e-08 1.12332e-06 1.75423e-05 0.000189696 0.00142044 0.00736573 0.0264574 0.0658979 0.114284 0.140231 0.128946 0.104124 0.0909656 0.0847126 0.0727246 0.0563562 0.0411918 0.028379 0.0179552 0.0103085 0.00528151 0.00233409 0.000856306
 3.4431e-11 1.61947e-09 5.2745e-08 1.18953e-06 1.85763e-05 0.000200876 0.00150416 0.00779972 0.0280146 0.0697605 0.120873 0.147798 0.134239 0.104921 0.0875158 0.0789334 0.0665868 0.0511436 0.0376773 0.0267107 0.0175097 0.0102921 0.00530523 0.00233866 0.000856327
#spawning biomass
 20484.9 20848.8 16399.4 11989.2 13698 23244.6 35286.6 44031.9 56435.2 76295 94465.1 111964 143967 162648 166076 144877 132389 131623 139735 150305 148495 165334 167417 167257 165994 162249 162759 154702 150670 119757 160397 116424 78321.7 53872 40025.6 32731.2 29057.4 27260.1 26397.7 25989.2 25797.5 25708 25666.4 25647.1 25638.2 25634.1 25632.2 25631.4 25631 25630.8 25630.7 25630.7 25630.6 25630.6 25630.6 25630.6 25630.6 25630.6 25630.6 25630.6 25630.6 25630.6 25630.6 25630.6 25630.6 25630.6 25630.6 25630.6 25630.6 25630.6 25630.6 25630.6 25630.6 25630.6 25630.6 25630.6 25630.6 25630.6 25630.6 25630.6 25630.6 25630.6 25630.6 25630.6 25630.6 25630.6 25630.6 25630.6 25630.6 25630.6 25630.6 25630.6 25630.6 25630.6 25630.6 25630.6 25630.6 25630.6 25630.6 25630.6 25630.6 25630.6 25630.6 25630.6 25630.6 25630.6 25630.6 25630.6 25630.6 25630.6 25630.6 25630.6 25630.6 25630.6 25630.6 25630.6 25630.6 25630.6 25630.6 25630.6 25630.6 25630.6 25630.6 25630.6 25630.6 25630.6 25630.6 25630.6 25630.6 0 0 0 0 0 0 0 0 0 0 0 0 0 0 0 0 0 0 0 0 0 0 0 0 0
