SBPRF35
0.256306
Curr Bio
162396
B35
204255
F35
0.403381
FOFL
0.299332
OFL
45246.3
Bzero
73230.3
#pred survey bio
 25342.1 23174 18061.9 16594.8 25517 41712.2 57065.6 70061 92849.8 118213 142152 195111 235431 261836 278404 235063 223367 237329 234057 231666 216141 204183 223303 237766 243544 219641 232526 232648 241553 8.16661e+06 4.48023e+06 3.28464e+06 2.26418e+06 1.59769e+06 1.21027e+06 997470 883336 822272 789182 770829 760345 754164 750408 748062 746562 745594 744961 744542 744263 744076 743950 743866 743809 743771 743745 743727 743716 743707 743702 743698 743696 743694 743693 743692 743692 743691 743691 743691 743691 743691 743691 743691 743691 743691 743691 743691 743691 743691 743691 743691 743691 743691 743691 743691 743691 743691 743691 743691 743691 743691 743691 743691 743691 743691 743691 743691 743691 743691 743691 743691 743691 743691 743691 743691 743691 743691 743691 743691 743691 743691 743691 743691 743691 743691 743691 743691 743691 743691 743691 743691 743691 743691 743691 743691 743691 743691 743691 743691 743691 0 0 0 0 0 0 0 0 0 0 0 0 0 0 0 0 0 0 0 0 0 0 0 0 0
#obs survey bio
 20591.2 20176 13630.8 21242.9 19592 50643 70927.7 89956.5 67213.5 132163 155722 249346 308699 344082 237466 208127 197164 234120 171857 216836 187790 179994 300352 240662 225117 328060 207106 194427 239047
#pred catch bio
 3383.52 4036.21 3076.9 3253.28 4200.33 7493.67 13246 16850.2 26668.8 41878.6 42027.4 74326.3 92962 95359.2 130032 103374 85463.9 95370.4 91707.5 101035 95945.5 78393.1 90945.5 98331.4 111356 79242.4 91944.3 91376.2 106768 45246.3 55891.4 40392.9 26758.6 18108.5 13307.6 10829.3 9605.22 9017.71 8741 8612.33 8553.02 8525.84 8513.43 8507.79 8505.23 8504.07 8503.54 8503.3 8503.2 8503.15 8503.13 8503.12 8503.11 8503.11 8503.11 8503.11 8503.11 8503.11 8503.11 8503.11 8503.11 8503.11 8503.11 8503.11 8503.11 8503.11 8503.11 8503.11 8503.11 8503.11 8503.11 8503.11 8503.11 8503.11 8503.11 8503.11 8503.11 8503.11 8503.11 8503.11 8503.11 8503.11 8503.11 8503.11 8503.11 8503.11 8503.11 8503.11 8503.11 8503.11 8503.11 8503.11 8503.11 8503.11 8503.11 8503.11 8503.11 8503.11 8503.11 8503.11 8503.11 8503.11 8503.11 8503.11 8503.11 8503.11 8503.11 8503.11 8503.11 8503.11 8503.11 8503.11 8503.11 8503.11 8503.11 8503.11 8503.11 8503.11 8503.11 8503.11 8503.11 8503.11 8503.11 8503.11 8503.11 8503.11 8503.11 8503.11 8503.11 0 0 0 0 0 0 0 0 0 0 0 0 0 0 0 0 0 0 0 0 0 0 0 0 0
#obs catch bio
 2664.76 4128.68 3166 3344.78 4180.05 7240.47 12551.1 15842.3 26329.7 40784.9 39318.5 71728 87078.6 91087.9 132230 109439 89763 99128 97082.4 107688 96665.2 78450.8 90416.8 96538.6 112822 73876.6 89576 95456.4 107577
#pred cpue bio
 23776.2 22267.2 17639.7 15520 22042.5 36656.9 51441.1 63159.9 82422.7 104640 124799 170941 205546 230525 248752 209673 197559 210550 208698 206904 191872 180652 197182 209391 215418 195024 207708 207104 214090 7.20856e+06 4.28678e+06 3.21201e+06 2.20695e+06 1.54202e+06 1.15475e+06 941957 827825 766760 733670 715317 704833 698652 694896 692550 691051 690083 689449 689030 688751 688564 688439 688355 688298 688259 688233 688216 688204 688196 688190 688187 688184 688183 688182 688181 688180 688180 688180 688179 688179 688179 688179 688179 688179 688179 688179 688179 688179 688179 688179 688179 688179 688179 688179 688179 688179 688179 688179 688179 688179 688179 688179 688179 688179 688179 688179 688179 688179 688179 688179 688179 688179 688179 688179 688179 688179 688179 688179 688179 688179 688179 688179 688179 688179 688179 688179 688179 688179 688179 688179 688179 688179 688179 688179 688179 688179 688179 688179 688179 688179 0 0 0 0 0 0 0 0 0 0 0 0 0 0 0 0 0 0 0 0 0 0 0 0 0
#obs cpue bio
 17413.8 23387.9 12505.2 17509.8 33609.7 58326 59857.2 60004.2 71148.4 131159 157544 139429 229854 173709 236407 154220 167283 214592 191670 188730 275080 183663 168228 228182 216073 223086 218410 141569 273104
#pred surv len freq
 2.67596e-11 1.25865e-09 4.09933e-08 9.245e-07 1.44374e-05 0.000156121 0.00116904 0.00606206 0.0217748 0.0542373 0.0940771 0.11551 0.106477 0.0866643 0.0771079 0.0743736 0.0684246 0.0598772 0.0520845 0.0451186 0.0388887 0.0336511 0.0284819 0.0218806 0.0139682
 1.32742e-11 6.24354e-10 2.03348e-08 4.58601e-07 7.16175e-06 7.74457e-05 0.000579953 0.00300815 0.0108164 0.0270526 0.0476805 0.0621075 0.0686724 0.0795249 0.0979571 0.108619 0.102309 0.0879033 0.0745194 0.0628957 0.0521555 0.0424317 0.0332965 0.0238802 0.0145051
 9.5457e-12 4.48984e-10 1.46231e-08 3.29788e-07 5.15013e-06 5.56922e-05 0.000417043 0.00216296 0.0077747 0.0194188 0.0340486 0.0435462 0.0458641 0.0500411 0.0627344 0.0800919 0.0968586 0.10901 0.110205 0.0988096 0.081042 0.062957 0.0462966 0.0309648 0.0176954
 3.37223e-11 1.58613e-09 5.16593e-08 1.16505e-06 1.81939e-05 0.00019674 0.00147316 0.00763843 0.0274272 0.0682189 0.117663 0.141335 0.120258 0.0772866 0.0457027 0.0342399 0.0352921 0.0425791 0.0518245 0.0576583 0.0559566 0.0469912 0.0344384 0.0219648 0.0118365
 4.49865e-11 2.11595e-09 6.89151e-08 1.55421e-06 2.42712e-05 0.000262458 0.00196525 0.01019 0.0365909 0.091028 0.157115 0.18924 0.162627 0.107609 0.0659397 0.0444488 0.0305825 0.0198721 0.0145018 0.014017 0.0150824 0.0147068 0.0119857 0.00796206 0.00424686
 3.65478e-11 1.71903e-09 5.59878e-08 1.26266e-06 1.97183e-05 0.000213226 0.00159664 0.00827932 0.0297377 0.0740582 0.128364 0.157161 0.143356 0.113086 0.094553 0.0825016 0.0631251 0.0400147 0.0226109 0.0129873 0.00873259 0.007111 0.00591896 0.00421306 0.0023585
 3.14995e-11 1.48159e-09 4.82543e-08 1.08826e-06 1.69947e-05 0.000183774 0.00137611 0.0071359 0.0256328 0.0638555 0.110818 0.136333 0.126507 0.104564 0.0942894 0.0897621 0.078006 0.0603706 0.0425479 0.0267696 0.0148882 0.00794444 0.00460996 0.00283029 0.00155835
 3.35069e-11 1.57601e-09 5.13295e-08 1.15761e-06 1.80777e-05 0.000195485 0.00146379 0.00759035 0.0272619 0.0678813 0.117582 0.143607 0.129922 0.100614 0.0833632 0.0764455 0.067868 0.0564634 0.0447948 0.032769 0.021051 0.0116677 0.00570707 0.00260166 0.00113218
 3.72051e-11 1.74995e-09 5.69948e-08 1.28537e-06 2.0073e-05 0.000217061 0.00162534 0.00842789 0.0302679 0.0753439 0.130357 0.158497 0.141073 0.104245 0.0798384 0.0681914 0.056976 0.0446879 0.0345098 0.0261596 0.0184176 0.0114308 0.00603606 0.00267448 0.00100235
 3.6591e-11 1.72106e-09 5.60539e-08 1.26416e-06 1.97416e-05 0.000213478 0.00159852 0.00828891 0.0297703 0.0741203 0.128343 0.156531 0.140871 0.107321 0.0859257 0.0746949 0.0607538 0.0445099 0.0314109 0.0220998 0.0150871 0.00957209 0.0053681 0.00253116 0.000968853
 3.82748e-11 1.80026e-09 5.86334e-08 1.32233e-06 2.06501e-05 0.000223301 0.00167207 0.00867021 0.0311383 0.0775125 0.134122 0.163133 0.145383 0.107781 0.0828099 0.0703238 0.0573266 0.0425041 0.0298746 0.020164 0.0128241 0.0076167 0.00414529 0.00197393 0.000779087
 3.83264e-11 1.80269e-09 5.87124e-08 1.32411e-06 2.06779e-05 0.000223602 0.00167432 0.00868193 0.0311807 0.0776206 0.134327 0.163468 0.145953 0.108748 0.0841077 0.0714139 0.0575792 0.0418786 0.0289119 0.0193092 0.0120996 0.00694228 0.00359225 0.00163548 0.000631021
 3.88308e-11 1.82641e-09 5.94851e-08 1.34154e-06 2.095e-05 0.000226545 0.00169636 0.00879617 0.0315907 0.0786389 0.136073 0.165513 0.147522 0.109366 0.0838777 0.0707167 0.0566943 0.0408754 0.027801 0.0181935 0.0111413 0.00623603 0.00313329 0.00137578 0.000510864
 3.66653e-11 1.72456e-09 5.61679e-08 1.26673e-06 1.97818e-05 0.000213912 0.00160177 0.00830582 0.0298316 0.0742784 0.128654 0.157089 0.141945 0.109331 0.0889284 0.0779327 0.0631072 0.0452853 0.0304638 0.0196674 0.0118433 0.00648647 0.00317462 0.00135327 0.00048669
 3.36227e-11 1.58145e-09 5.15068e-08 1.16161e-06 1.81402e-05 0.000196161 0.00146885 0.00761673 0.0273585 0.0681393 0.118149 0.144863 0.132846 0.106483 0.0919101 0.0844161 0.0710526 0.0534214 0.0376506 0.0249717 0.0151021 0.00818735 0.00393491 0.00163905 0.000574106
 3.49168e-11 1.64232e-09 5.34893e-08 1.20632e-06 1.88384e-05 0.000203711 0.00152538 0.00790974 0.0284092 0.0707388 0.122538 0.149688 0.135493 0.104964 0.0865497 0.0778025 0.0660725 0.0512569 0.0377617 0.0262387 0.0165514 0.00925346 0.00450688 0.00187077 0.000645671
 3.68679e-11 1.73409e-09 5.64782e-08 1.27372e-06 1.9891e-05 0.000215094 0.00161061 0.0083516 0.0299949 0.0746745 0.129268 0.157495 0.141221 0.10654 0.0842082 0.0730826 0.060393 0.0455998 0.0330636 0.0231996 0.0151323 0.00884358 0.00449094 0.0019215 0.000673536
 3.56463e-11 1.67663e-09 5.46068e-08 1.23152e-06 1.92319e-05 0.000207967 0.00155725 0.00807499 0.0290028 0.072218 0.125107 0.152858 0.138452 0.10736 0.0883165 0.07833 0.0644558 0.0475595 0.0333747 0.022744 0.0146131 0.00858479 0.00446694 0.00197827 0.000717387
 3.45966e-11 1.62726e-09 5.29988e-08 1.19525e-06 1.86656e-05 0.000201843 0.0015114 0.00783726 0.0281496 0.070099 0.121475 0.148603 0.135192 0.106121 0.0890112 0.0803971 0.0674363 0.0509453 0.036384 0.0247385 0.0155743 0.0089305 0.00458418 0.00203666 0.000751383
 3.45933e-11 1.6271e-09 5.29936e-08 1.19514e-06 1.86638e-05 0.000201823 0.00151125 0.00783648 0.0281464 0.0700879 0.121434 0.14845 0.134728 0.105099 0.087469 0.0788992 0.066727 0.0513295 0.0375801 0.0261865 0.0167736 0.0096591 0.00491582 0.00215592 0.000789325
 3.60926e-11 1.69762e-09 5.52904e-08 1.24694e-06 1.94727e-05 0.00021057 0.00157674 0.00817601 0.0293648 0.0731107 0.126595 0.154402 0.138974 0.105972 0.085198 0.0749279 0.0624368 0.0474749 0.0345661 0.0242405 0.0157926 0.00927945 0.00479421 0.00211435 0.000772194
 3.6416e-11 1.71284e-09 5.5786e-08 1.25811e-06 1.96473e-05 0.000212458 0.00159088 0.00824931 0.0296282 0.0737682 0.127744 0.155853 0.140435 0.107374 0.0865238 0.0757716 0.0621932 0.0460267 0.0324733 0.0222437 0.0143396 0.00844167 0.00440965 0.00197228 0.000728513
 3.68504e-11 1.73327e-09 5.64514e-08 1.27312e-06 1.98816e-05 0.000214992 0.00160985 0.00834766 0.0299811 0.0746427 0.129231 0.15754 0.141545 0.107377 0.0855621 0.0745394 0.061355 0.0456831 0.0322469 0.0218199 0.0137602 0.0079273 0.0040899 0.00182693 0.000679115
 3.72873e-11 1.75382e-09 5.71207e-08 1.28821e-06 2.01173e-05 0.00021754 0.00162893 0.00844661 0.0303362 0.0755251 0.130746 0.159324 0.142947 0.107998 0.0854486 0.0738975 0.0603326 0.044452 0.0310783 0.0209157 0.0131233 0.00748036 0.00379702 0.00166897 0.000613952
 3.60472e-11 1.69549e-09 5.52209e-08 1.24537e-06 1.94482e-05 0.000210306 0.00157476 0.0081658 0.0293288 0.0730282 0.1265 0.154509 0.139783 0.108046 0.0884495 0.0781484 0.0640836 0.0469743 0.0325121 0.0216263 0.0134168 0.00756887 0.00380225 0.00165157 0.000599734
 3.5312e-11 1.66091e-09 5.40948e-08 1.21997e-06 1.90516e-05 0.000206017 0.00154265 0.0079993 0.0287312 0.0715439 0.123954 0.151522 0.137477 0.107123 0.0888378 0.0794591 0.0660204 0.0492376 0.0346275 0.0231684 0.0142985 0.00797371 0.00395286 0.00169521 0.000608225
 3.4316e-11 1.61406e-09 5.2569e-08 1.18556e-06 1.85143e-05 0.000200206 0.00149914 0.00777371 0.0279213 0.0695311 0.120494 0.147417 0.134161 0.105429 0.0886411 0.0803893 0.0679423 0.0519944 0.0377294 0.0259753 0.0163826 0.00925096 0.00459513 0.0019582 0.000695255
 3.55503e-11 1.67212e-09 5.44598e-08 1.2282e-06 1.91802e-05 0.000207407 0.00155306 0.0080532 0.028924 0.0720157 0.124716 0.152192 0.13725 0.105239 0.0854035 0.0758128 0.0638242 0.0491725 0.0362226 0.0255039 0.0165389 0.00960778 0.00488214 0.00210879 0.000751888
 3.63301e-11 1.7088e-09 5.56544e-08 1.25514e-06 1.96009e-05 0.000211956 0.00158712 0.00822983 0.029558 0.0735916 0.127426 0.155405 0.13984 0.106539 0.0854641 0.0748434 0.0618848 0.0465091 0.0334973 0.0234039 0.0153135 0.00908049 0.00473476 0.00209714 0.000762879
#obs surv len freq
 2.58911e-11 1.21779e-09 3.96627e-08 8.94495e-07 1.39688e-05 0.000151054 0.00113109 0.00586537 0.021069 0.0524861 0.0910862 0.112058 0.103992 0.0860474 0.0780398 0.0757421 0.0695158 0.0613486 0.0553458 0.0503673 0.0442158 0.036407 0.027373 0.0179822 0.00976192
 9.31117e-16 4.38734e-14 1.43904e-12 3.33598e-11 5.77145e-10 8.65419e-09 1.36574e-07 2.18633e-06 2.89326e-05 0.000280201 0.00190798 0.00904332 0.0298215 0.0687885 0.112715 0.136226 0.131376 0.113745 0.0970753 0.0832531 0.070735 0.0579144 0.0435174 0.0283604 0.0152101
 1.22929e-11 5.782e-10 1.88316e-08 4.247e-07 6.6323e-06 7.17185e-05 0.000537013 0.00278436 0.00999658 0.0248524 0.0427866 0.0510536 0.042578 0.0269538 0.0215933 0.0379445 0.074041 0.111667 0.129173 0.12236 0.102979 0.0811067 0.0592361 0.0380509 0.0202279
 5.1442e-11 2.41959e-09 7.88043e-08 1.77724e-06 2.77541e-05 0.000300119 0.00224724 0.0116518 0.0418341 0.104015 0.179142 0.21394 0.177896 0.104652 0.0461554 0.0181492 0.00896686 0.00797407 0.0111968 0.0154642 0.0173464 0.0157125 0.0118575 0.0075335 0.00393746
 3.47621e-11 1.63504e-09 5.32522e-08 1.20097e-06 1.87549e-05 0.000202809 0.00151864 0.00787513 0.0282897 0.0704872 0.122417 0.151016 0.141353 0.11875 0.106842 0.0949196 0.0685348 0.0370882 0.0160532 0.00793536 0.00677207 0.0070315 0.00622524 0.00433122 0.00233756
 3.84433e-11 1.80819e-09 5.88915e-08 1.32815e-06 2.0741e-05 0.000224284 0.00167943 0.00870832 0.0312746 0.0778447 0.13465 0.163561 0.145097 0.106309 0.0807447 0.0697056 0.0599556 0.0472568 0.0330559 0.0194768 0.00964236 0.00475567 0.00293217 0.00197646 0.00112743
 2.52798e-11 1.18904e-09 3.87263e-08 8.73376e-07 1.36391e-05 0.000147488 0.00110442 0.00572752 0.0205807 0.0513366 0.0895494 0.112318 0.111056 0.10559 0.109937 0.110047 0.0932334 0.0686853 0.048292 0.0329891 0.0204089 0.0108063 0.00499127 0.00220695 0.000978779
 4.2969e-11 2.02106e-09 6.58245e-08 1.48451e-06 2.31827e-05 0.000250688 0.00187711 0.00973303 0.0349497 0.086942 0.150044 0.180645 0.155041 0.102489 0.0640558 0.048022 0.0421508 0.0377378 0.0316667 0.0235683 0.0153147 0.00872144 0.00430349 0.00180989 0.000652969
 3.29682e-11 1.55066e-09 5.05041e-08 1.139e-06 1.77871e-05 0.000192343 0.00144027 0.00746869 0.0268293 0.0668448 0.116066 0.143068 0.133583 0.111726 0.100701 0.0917005 0.071437 0.0469356 0.029752 0.0205097 0.0144825 0.00925098 0.00498783 0.00221032 0.000795798
 3.99547e-11 1.87928e-09 6.12068e-08 1.38037e-06 2.15564e-05 0.000233102 0.00174545 0.00905056 0.0325024 0.0808876 0.139824 0.16942 0.148913 0.106097 0.0765904 0.0633027 0.0533032 0.0420581 0.0307113 0.020295 0.0121584 0.00686733 0.00365328 0.00170942 0.000654342
 3.80099e-11 1.7878e-09 5.82275e-08 1.31318e-06 2.05071e-05 0.000221756 0.0016605 0.00861031 0.0309244 0.0769908 0.133295 0.162481 0.145928 0.11047 0.0872936 0.0743816 0.0585244 0.0406816 0.0270542 0.0180448 0.0115003 0.0065956 0.00332161 0.00145622 0.000543257
 4.03795e-11 1.89926e-09 6.18575e-08 1.39504e-06 2.17856e-05 0.00023558 0.00176401 0.00914686 0.0328491 0.081759 0.141388 0.171586 0.15167 0.109764 0.0808866 0.0663158 0.0527852 0.0380568 0.0256986 0.0164775 0.00984554 0.00542706 0.0027108 0.00118002 0.000429911
 3.86285e-11 1.8169e-09 5.91752e-08 1.33455e-06 2.08409e-05 0.000225365 0.00168752 0.00875041 0.0314273 0.0782392 0.135431 0.164972 0.147799 0.111135 0.0869639 0.0737414 0.0580553 0.0402044 0.0260272 0.0163686 0.0097183 0.00525571 0.00253378 0.00106442 0.000377945
 3.53558e-11 1.66297e-09 5.41617e-08 1.22148e-06 1.90752e-05 0.000206272 0.00154456 0.00800927 0.0287677 0.0716402 0.12416 0.151958 0.138458 0.109071 0.0916949 0.0822193 0.0673604 0.0486511 0.0326323 0.0206622 0.0120213 0.00631868 0.00296817 0.00121546 0.000419631
 3.12233e-11 1.46859e-09 4.78312e-08 1.07871e-06 1.68457e-05 0.000182163 0.00136404 0.00707337 0.0254089 0.0633024 0.109892 0.135356 0.126105 0.105191 0.0956385 0.0906806 0.077508 0.0590202 0.0421524 0.0282392 0.0171053 0.0091657 0.00429179 0.00172443 0.000580425
 3.64903e-11 1.71633e-09 5.58997e-08 1.26068e-06 1.96873e-05 0.00021289 0.00159411 0.008266 0.029687 0.0739011 0.127886 0.15561 0.138899 0.103551 0.0807345 0.0705733 0.0606642 0.0488506 0.0375698 0.0270237 0.0174796 0.00993387 0.00486322 0.00200226 0.00067711
 3.41703e-11 1.6072e-09 5.23456e-08 1.18053e-06 1.84356e-05 0.000199355 0.00149277 0.00774075 0.0278037 0.0692446 0.120042 0.147076 0.134514 0.106992 0.0910835 0.082156 0.0674103 0.0493296 0.0349036 0.0246942 0.0166819 0.0101529 0.00532302 0.00232107 0.000818639
 3.44677e-11 1.62119e-09 5.28012e-08 1.1908e-06 1.85961e-05 0.00020109 0.00150576 0.00780802 0.0280443 0.0698336 0.120994 0.147918 0.134264 0.104795 0.0873495 0.0790293 0.0671358 0.0518037 0.0377862 0.0261223 0.0167944 0.00995614 0.00530943 0.00242558 0.000903563
 3.23924e-11 1.52358e-09 4.96221e-08 1.1191e-06 1.74764e-05 0.000188983 0.00141511 0.00733808 0.0263582 0.065653 0.113873 0.13979 0.128737 0.104321 0.0913982 0.0848337 0.0720843 0.0552583 0.0405417 0.0286714 0.0188258 0.0111649 0.00586633 0.0026588 0.00100267
 3.41006e-11 1.60393e-09 5.22389e-08 1.17812e-06 1.8398e-05 0.000198949 0.00148973 0.00772486 0.0277455 0.0690876 0.119689 0.146265 0.132582 0.103127 0.0856471 0.0776555 0.0667615 0.0528086 0.0399545 0.0287637 0.019101 0.0114704 0.00609219 0.00277226 0.00104505
 3.68048e-11 1.73112e-09 5.63815e-08 1.27155e-06 1.9857e-05 0.000214725 0.00160786 0.00833729 0.0299435 0.0745447 0.129033 0.157164 0.140777 0.105893 0.0833186 0.0721101 0.0596212 0.0452562 0.033266 0.0239308 0.0162009 0.00995315 0.00538261 0.00248082 0.000943177
 3.49018e-11 1.64161e-09 5.34663e-08 1.2058e-06 1.88303e-05 0.000203623 0.00152473 0.00790641 0.0283982 0.0707191 0.122558 0.149967 0.136549 0.107368 0.0900312 0.0806367 0.0662359 0.0484726 0.0337794 0.0230994 0.0151145 0.00917661 0.0049972 0.00233938 0.000903424
 3.73467e-11 1.75661e-09 5.72116e-08 1.29027e-06 2.01494e-05 0.000217887 0.00163153 0.00846002 0.0303841 0.0756394 0.130914 0.159386 0.142551 0.106786 0.0835366 0.0721513 0.0597476 0.0451711 0.0323652 0.02205 0.0139334 0.00808426 0.0042522 0.00195994 0.000757056
 3.69468e-11 1.7378e-09 5.6599e-08 1.27645e-06 1.99336e-05 0.000215554 0.00161406 0.00836952 0.03006 0.074842 0.129597 0.158083 0.142338 0.108575 0.0870541 0.0756211 0.0612156 0.0443331 0.0305561 0.0205716 0.0130711 0.00756742 0.00389779 0.00174209 0.000655368
 3.50473e-11 1.64846e-09 5.36892e-08 1.21083e-06 1.89088e-05 0.000204472 0.00153109 0.00793937 0.0285165 0.0710136 0.123066 0.150582 0.137086 0.107762 0.090395 0.0811559 0.0669782 0.0491922 0.0339789 0.0224743 0.013876 0.00784309 0.00398062 0.00175601 0.000649017
 3.50388e-11 1.64806e-09 5.36761e-08 1.21053e-06 1.89042e-05 0.000204423 0.00153071 0.00793739 0.0285088 0.0709887 0.122985 0.150301 0.136259 0.105973 0.0877707 0.0787996 0.0662514 0.0504363 0.0363168 0.0247492 0.0154459 0.0086669 0.00431618 0.00186329 0.000675562
 3.4234e-11 1.6102e-09 5.24432e-08 1.18273e-06 1.847e-05 0.000199727 0.00149555 0.00775512 0.0278548 0.0693665 0.120217 0.147121 0.134025 0.105578 0.0889894 0.0806142 0.0677457 0.051467 0.0373181 0.0260058 0.0167646 0.00968907 0.00490129 0.00211459 0.00075761
 3.55149e-11 1.67045e-09 5.44054e-08 1.22698e-06 1.9161e-05 0.0002072 0.00155151 0.00804517 0.0288954 0.0719452 0.1246 0.152081 0.137249 0.105436 0.0857719 0.0761662 0.0639395 0.0489799 0.0358538 0.0251765 0.0164034 0.00965926 0.00500722 0.00220906 0.000802136
 3.50025e-11 1.64635e-09 5.36204e-08 1.20928e-06 1.88846e-05 0.000204211 0.00152913 0.00792917 0.0284795 0.0709172 0.122871 0.150212 0.13633 0.106308 0.0882318 0.0789079 0.0655519 0.0491124 0.0351961 0.0245109 0.0160342 0.00954362 0.00502104 0.00225548 0.000834708
#pred catch len freq
 2.34263e-11 1.10186e-09 3.58869e-08 8.09339e-07 1.2639e-05 0.000136674 0.00102342 0.00530713 0.0190651 0.0475085 0.0825455 0.102011 0.0961534 0.0826915 0.0788481 0.079297 0.0745138 0.0662593 0.0583546 0.0509238 0.0440593 0.0381964 0.0323549 0.0248633 0.0158738
 1.11127e-11 5.2269e-10 1.70237e-08 3.83927e-07 5.99561e-06 6.48357e-05 0.000485533 0.00251861 0.00905919 0.0226873 0.0401882 0.0532841 0.0617505 0.0764405 0.0983272 0.111108 0.105993 0.0923346 0.0792379 0.0673833 0.056092 0.0457202 0.0359074 0.0257613 0.0156496
 7.79732e-12 3.66749e-10 1.19448e-08 2.69385e-07 4.20685e-06 4.54919e-05 0.000340665 0.00176695 0.00635289 0.0158838 0.0279611 0.0362809 0.039848 0.0466172 0.0616468 0.0808124 0.0993217 0.113039 0.115049 0.103558 0.0851564 0.0662627 0.0487702 0.0326315 0.0186506
 3.03139e-11 1.42582e-09 4.64381e-08 1.0473e-06 1.6355e-05 0.000176856 0.00132427 0.00686647 0.024656 0.0613325 0.105829 0.127327 0.109027 0.0716769 0.0449932 0.0364469 0.0393232 0.0483533 0.0593231 0.0662262 0.0643743 0.0541059 0.0396713 0.0253087 0.0136402
 4.26178e-11 2.00454e-09 6.52865e-08 1.47237e-06 2.29932e-05 0.000248639 0.00186178 0.00965362 0.0346659 0.0862516 0.148956 0.179815 0.155832 0.105978 0.0688988 0.049385 0.0351072 0.0232547 0.017317 0.0169774 0.0183562 0.017921 0.0146105 0.00970717 0.00517804
 3.36876e-11 1.5845e-09 5.16062e-08 1.16385e-06 1.81752e-05 0.00019654 0.0014717 0.00763161 0.0274139 0.0682962 0.11855 0.145959 0.135744 0.112482 0.100345 0.0910657 0.0708423 0.0454131 0.0259973 0.0151307 0.010269 0.00839846 0.00700014 0.00498439 0.00279055
 2.85536e-11 1.34303e-09 4.37415e-08 9.86479e-07 1.54053e-05 0.000166588 0.00124742 0.00646876 0.0232389 0.0579159 0.100675 0.124634 0.118146 0.102802 0.0986452 0.0973554 0.086089 0.0675073 0.0481049 0.0304869 0.0170302 0.00911598 0.00530146 0.00325821 0.00179455
 3.05516e-11 1.437e-09 4.68021e-08 1.0555e-06 1.64832e-05 0.000178243 0.00133469 0.00692105 0.0248601 0.0619203 0.10739 0.131794 0.121283 0.0982728 0.086829 0.0830876 0.0753293 0.0635978 0.0510233 0.0375771 0.0242254 0.013454 0.00658913 0.00300617 0.0013088
 3.45334e-11 1.62429e-09 5.2902e-08 1.19307e-06 1.86315e-05 0.000201474 0.00150863 0.00782285 0.0280967 0.0699563 0.121153 0.147857 0.13339 0.102401 0.0833399 0.0744254 0.0635538 0.0505909 0.0395481 0.0302109 0.0213525 0.0132772 0.00701775 0.00311103 0.00116629
 3.41334e-11 1.60547e-09 5.22891e-08 1.17925e-06 1.84157e-05 0.00019914 0.00149116 0.00773237 0.0277732 0.0691662 0.119888 0.1468 0.133987 0.106036 0.0897697 0.0810347 0.0670884 0.0497745 0.035541 0.0252155 0.0172915 0.0109945 0.00617219 0.0029117 0.00111476
 3.573e-11 1.68057e-09 5.4735e-08 1.23441e-06 1.92771e-05 0.000208455 0.00156091 0.00809393 0.0290705 0.0723827 0.125367 0.153059 0.138262 0.106472 0.0868451 0.0770077 0.0640827 0.0481717 0.0342628 0.0233171 0.0148982 0.00887089 0.00483431 0.00230351 0.000909428
 3.60452e-11 1.69539e-09 5.52178e-08 1.2453e-06 1.94472e-05 0.000210294 0.00157468 0.00816533 0.029327 0.0730227 0.126483 0.154454 0.139624 0.107696 0.0879046 0.0775659 0.063689 0.046898 0.0327392 0.0220383 0.0138699 0.00797617 0.00413226 0.00188251 0.000726552
 3.66256e-11 1.72269e-09 5.6107e-08 1.26535e-06 1.97603e-05 0.00021368 0.00160003 0.00829679 0.0297989 0.0741944 0.128492 0.156809 0.141434 0.108419 0.0876565 0.0767787 0.0626759 0.0457371 0.0314478 0.0207413 0.0127573 0.00715714 0.00360061 0.001582 0.000587624
 3.42704e-11 1.61192e-09 5.24991e-08 1.18399e-06 1.84896e-05 0.00019994 0.00149715 0.00776347 0.0278855 0.0694517 0.120422 0.147641 0.13535 0.108339 0.0930905 0.0845775 0.0696438 0.0505739 0.0344043 0.0223942 0.0135478 0.0074383 0.00364535 0.00155502 0.000559446
 3.14424e-11 1.4789e-09 4.81669e-08 1.08628e-06 1.69639e-05 0.000183441 0.00137362 0.007123 0.0255868 0.0637442 0.110647 0.136226 0.126725 0.105319 0.0953172 0.0901338 0.0769258 0.0584469 0.0415835 0.0277604 0.0168501 0.00915348 0.00440435 0.00183575 0.000643211
 3.26533e-11 1.53586e-09 5.00219e-08 1.12812e-06 1.76172e-05 0.000190506 0.00142651 0.00739715 0.0265698 0.0661751 0.114744 0.140695 0.129053 0.103566 0.0897961 0.0834474 0.0720131 0.0565128 0.0420409 0.0293991 0.0186094 0.0104237 0.00508225 0.00211084 0.000728755
 3.4499e-11 1.62267e-09 5.28493e-08 1.19188e-06 1.8613e-05 0.000201273 0.00150713 0.00781514 0.0280699 0.0698987 0.121115 0.148101 0.134539 0.105202 0.0877782 0.0791091 0.0665647 0.0508965 0.0373109 0.0263739 0.0172707 0.0101137 0.00514138 0.00220102 0.000771736
 3.33063e-11 1.56657e-09 5.10222e-08 1.15068e-06 1.79695e-05 0.000194315 0.00145503 0.00754509 0.0271014 0.0675012 0.117057 0.143597 0.131909 0.106167 0.0920379 0.0844712 0.0706376 0.052734 0.0374066 0.0256862 0.0165724 0.00975675 0.00508239 0.00225208 0.000816902
 3.21816e-11 1.51367e-09 4.92993e-08 1.11182e-06 1.73627e-05 0.000187754 0.0014059 0.00729037 0.0261871 0.0652304 0.113163 0.139028 0.128385 0.104771 0.0926837 0.0866077 0.0738295 0.05644 0.0407341 0.0278962 0.0176326 0.0101328 0.00520754 0.00231503 0.000854332
 3.23105e-11 1.51973e-09 4.94967e-08 1.11627e-06 1.74322e-05 0.000188505 0.00141153 0.00731952 0.0262913 0.0654854 0.113574 0.139384 0.128243 0.103711 0.0907698 0.0846011 0.072685 0.056558 0.0418208 0.0293344 0.0188575 0.0108801 0.00554312 0.0024324 0.000890803
 3.38868e-11 1.59387e-09 5.19114e-08 1.17073e-06 1.82827e-05 0.000197701 0.00148039 0.00767648 0.0275723 0.0686636 0.119002 0.145649 0.132732 0.104683 0.0884595 0.0804864 0.0681728 0.0524393 0.0385662 0.0272288 0.017804 0.0104811 0.0054205 0.0023918 0.000873753
 3.40454e-11 1.60133e-09 5.21544e-08 1.17621e-06 1.83682e-05 0.000198627 0.00148732 0.00771245 0.0277018 0.0689894 0.119588 0.146468 0.133799 0.10615 0.0902697 0.0819682 0.068441 0.0512701 0.0365731 0.0252455 0.0163432 0.00964209 0.00504238 0.00225656 0.00083375
 3.45698e-11 1.626e-09 5.29578e-08 1.19433e-06 1.86512e-05 0.000201687 0.00151023 0.00783121 0.0281279 0.0700454 0.121385 0.148509 0.135157 0.106191 0.0891607 0.0805172 0.0674181 0.0507991 0.0362371 0.0246988 0.0156385 0.00902887 0.00466365 0.00208446 0.000775066
 3.50516e-11 1.64866e-09 5.36958e-08 1.21097e-06 1.89111e-05 0.000204497 0.00153127 0.00794032 0.0285195 0.0710186 0.123056 0.150481 0.136713 0.106899 0.089069 0.0798396 0.0663009 0.0494291 0.034925 0.0236788 0.0149174 0.00852129 0.00433038 0.00190455 0.000700819
 3.39106e-11 1.59499e-09 5.19478e-08 1.17155e-06 1.82955e-05 0.00019784 0.00148143 0.00768194 0.0275926 0.0687215 0.119151 0.146061 0.133838 0.107025 0.0919553 0.0838761 0.0698198 0.0517352 0.0361652 0.0242269 0.0150893 0.0085301 0.00428992 0.00186447 0.000677241
 3.28322e-11 1.54427e-09 5.02959e-08 1.1343e-06 1.77137e-05 0.000191549 0.00143433 0.00743773 0.0267161 0.066545 0.115423 0.141704 0.130534 0.105842 0.0927681 0.085992 0.0726642 0.0548591 0.0390062 0.0262972 0.0162983 0.00910977 0.0045218 0.00194051 0.00069647
 3.18979e-11 1.50032e-09 4.88646e-08 1.10202e-06 1.72096e-05 0.000186098 0.00139351 0.0072261 0.0259563 0.0646558 0.112169 0.137819 0.127312 0.104005 0.0922111 0.0865094 0.0743109 0.0575501 0.0421974 0.0292547 0.0185214 0.0104803 0.00521176 0.00222234 0.000789288
 3.31526e-11 1.55934e-09 5.07867e-08 1.14537e-06 1.78866e-05 0.000193418 0.00144832 0.00751022 0.0269755 0.0671814 0.116461 0.142667 0.130435 0.10377 0.0888503 0.081773 0.0700491 0.0546386 0.0406751 0.0288385 0.0187716 0.0109265 0.00555819 0.00240217 0.000856741
 3.41323e-11 1.60542e-09 5.22875e-08 1.17921e-06 1.84151e-05 0.000199134 0.00149112 0.00773211 0.0277721 0.0691608 0.119862 0.146691 0.133647 0.10531 0.0887946 0.0804496 0.06761 0.0514008 0.0374004 0.0263135 0.017282 0.0102675 0.00535904 0.00237486 0.000864123
#obs catch len freq
 2.16262e-11 1.01719e-09 3.31293e-08 7.4715e-07 1.16678e-05 0.000126172 0.000944782 0.00489933 0.0176003 0.043859 0.0762104 0.0942142 0.0889374 0.0769414 0.0746253 0.0777995 0.0776787 0.0741504 0.0685625 0.0608075 0.0520743 0.0430906 0.03312 0.0221788 0.0121669
 2.35539e-11 1.10786e-09 3.60823e-08 8.13748e-07 1.27078e-05 0.000137418 0.001029 0.00533605 0.0191694 0.0477708 0.083019 0.102679 0.0970359 0.0838932 0.0802118 0.0801152 0.0742563 0.065772 0.0594444 0.0541425 0.0475449 0.0391526 0.0294385 0.0193394 0.0104988
 7.93175e-16 3.7385e-14 1.22769e-12 2.85902e-11 5.02478e-10 7.83888e-09 1.30235e-07 2.14863e-06 2.87284e-05 0.000279013 0.00190128 0.00901339 0.0297253 0.068574 0.11239 0.135911 0.131219 0.113793 0.0972585 0.0834798 0.0709523 0.0580998 0.0436587 0.028453 0.0152598
 1.08484e-11 5.10255e-10 1.66187e-08 3.74793e-07 5.85292e-06 6.32907e-05 0.000473908 0.00245716 0.00882186 0.0219319 0.0377593 0.0450625 0.0376466 0.0242168 0.0208508 0.0387401 0.0762787 0.115147 0.133218 0.126203 0.106223 0.083668 0.0611091 0.0392547 0.0208679
 5.04527e-11 2.37305e-09 7.72887e-08 1.74305e-06 2.72203e-05 0.000294347 0.00220402 0.0114277 0.0410298 0.102017 0.175714 0.209909 0.174751 0.103269 0.0462677 0.0189482 0.00989869 0.00907522 0.0128212 0.0177208 0.0198797 0.0180075 0.0135896 0.00863404 0.00451268
 3.26392e-11 1.53519e-09 5.00001e-08 1.12763e-06 1.76096e-05 0.000190424 0.00142591 0.00739442 0.0265652 0.0662142 0.115157 0.142819 0.136083 0.119139 0.112357 0.102315 0.0744734 0.0403997 0.0175119 0.00867712 0.00741929 0.00770698 0.00682368 0.00474762 0.0025623
 3.64973e-11 1.71666e-09 5.59105e-08 1.26092e-06 1.96911e-05 0.000212932 0.00159442 0.00826764 0.0296934 0.0739227 0.12796 0.155879 0.139726 0.105485 0.0841454 0.075252 0.0655914 0.0519142 0.0363728 0.0214474 0.010622 0.00524019 0.00323146 0.00217833 0.00124261
 2.32771e-11 1.09484e-09 3.56583e-08 8.04185e-07 1.25585e-05 0.000135804 0.00101694 0.005274 0.0189534 0.0473013 0.0826721 0.104449 0.105644 0.104986 0.113736 0.115853 0.0987074 0.0728906 0.0513314 0.0351002 0.0217246 0.0115049 0.00531436 0.0023499 0.0010422
 4.12903e-11 1.9421e-09 6.32529e-08 1.42651e-06 2.2277e-05 0.000240894 0.00180378 0.00935286 0.0335854 0.0835561 0.144255 0.173936 0.150135 0.101167 0.0660506 0.0518589 0.0464898 0.0418719 0.0351952 0.0262103 0.0170359 0.00970285 0.00478806 0.00201374 0.000726526
 3.11138e-11 1.46344e-09 4.76634e-08 1.07493e-06 1.67866e-05 0.000181524 0.00135927 0.00704877 0.0253227 0.0631098 0.109708 0.13583 0.128725 0.111502 0.104692 0.0974366 0.0764644 0.050371 0.0319845 0.0220752 0.0155963 0.00996405 0.00537255 0.00238084 0.000857198
 3.83474e-11 1.80368e-09 5.87446e-08 1.32484e-06 2.06893e-05 0.000223725 0.00167524 0.00868658 0.0311964 0.077648 0.134297 0.163068 0.14445 0.105351 0.0792788 0.0677077 0.0577541 0.0457512 0.0334571 0.0221242 0.0132582 0.00748963 0.00398459 0.00186449 0.000713707
 3.63736e-11 1.71084e-09 5.57209e-08 1.25665e-06 1.96244e-05 0.00021221 0.00158902 0.00823977 0.029595 0.0736946 0.12768 0.156074 0.141579 0.110138 0.0906326 0.0793286 0.0630369 0.0439629 0.0292836 0.0195499 0.0124646 0.00714971 0.00360085 0.00157867 0.000588943
 3.89135e-11 1.83031e-09 5.96118e-08 1.3444e-06 2.09947e-05 0.000227028 0.00169997 0.0088149 0.0316581 0.0788055 0.136355 0.165833 0.147731 0.109376 0.0837597 0.0706849 0.0569001 0.0411709 0.0278426 0.0178656 0.0106786 0.00588711 0.00294074 0.00128014 0.00046639
 3.70154e-11 1.74103e-09 5.67041e-08 1.27882e-06 1.99706e-05 0.000215954 0.00161706 0.00838513 0.0301167 0.0749899 0.129898 0.158662 0.143532 0.110854 0.0903376 0.0787254 0.0626103 0.0435037 0.0282075 0.017756 0.0105465 0.00570459 0.00275035 0.00115544 0.000410264
 3.37475e-11 1.58732e-09 5.1698e-08 1.16592e-06 1.82075e-05 0.000196889 0.00147431 0.00764506 0.027461 0.0684 0.11864 0.145651 0.134151 0.108677 0.0948962 0.0870622 0.0719044 0.0520724 0.0349722 0.0221598 0.012897 0.00677992 0.00318501 0.00130428 0.0004503
 2.95744e-11 1.39104e-09 4.53052e-08 1.02175e-06 1.5956e-05 0.000172543 0.00129201 0.00669997 0.024069 0.0599795 0.104227 0.128863 0.121604 0.104596 0.0986356 0.0953812 0.0820666 0.0626346 0.0447855 0.0300219 0.0181903 0.00974816 0.00456472 0.00183412 0.000617352
 3.48694e-11 1.64009e-09 5.34166e-08 1.20468e-06 1.88128e-05 0.000203434 0.00152331 0.00789893 0.0283698 0.0706337 0.122309 0.149194 0.134363 0.102718 0.0833065 0.074834 0.0649783 0.0524915 0.0404215 0.0290919 0.018822 0.0106978 0.0052374 0.00215635 0.000729223
 3.23699e-11 1.52253e-09 4.95877e-08 1.11833e-06 1.74643e-05 0.000188852 0.00141413 0.00733306 0.0263409 0.065617 0.113859 0.139997 0.12963 0.106406 0.0944273 0.0872865 0.0722375 0.0530195 0.0375724 0.0266054 0.0179797 0.0109442 0.00573815 0.00250213 0.000882504
 3.27053e-11 1.5383e-09 5.01014e-08 1.12991e-06 1.76452e-05 0.000190809 0.00142878 0.00740892 0.0266123 0.0662817 0.114936 0.140964 0.129405 0.104051 0.0903866 0.0838841 0.0719042 0.0556495 0.0406474 0.0281203 0.0180848 0.0107225 0.00571839 0.00261246 0.000973185
 3.062e-11 1.44022e-09 4.6907e-08 1.05787e-06 1.65202e-05 0.000178643 0.00133769 0.00693671 0.0249181 0.062081 0.107781 0.1328 0.12386 0.103592 0.0944734 0.0897108 0.0768286 0.0590551 0.043386 0.0307049 0.0201673 0.011962 0.00628539 0.00284879 0.00107433
 3.24355e-11 1.52561e-09 4.96882e-08 1.12059e-06 1.74997e-05 0.000189235 0.00141699 0.00734779 0.0263924 0.0657313 0.113962 0.13968 0.127944 0.102319 0.0883545 0.0820763 0.0711704 0.0564547 0.0427663 0.0308067 0.020463 0.0122895 0.00652748 0.00297038 0.00111973
 3.51319e-11 1.65243e-09 5.38187e-08 1.21375e-06 1.89544e-05 0.000204965 0.00153478 0.00795844 0.0285841 0.0711732 0.123283 0.150566 0.136174 0.105205 0.0862155 0.0766925 0.0640554 0.0487838 0.035912 0.0258533 0.0175079 0.0107573 0.00581774 0.00268141 0.00101944
 3.32598e-11 1.56438e-09 5.09508e-08 1.14907e-06 1.79444e-05 0.000194044 0.001453 0.00753457 0.027064 0.0674105 0.116918 0.143512 0.132101 0.106849 0.0931117 0.0853652 0.0706992 0.0518819 0.0362041 0.0247759 0.0162168 0.00984704 0.00536251 0.00251043 0.000969484
 3.57832e-11 1.68307e-09 5.48165e-08 1.23625e-06 1.93058e-05 0.000208765 0.00156323 0.00810596 0.0291137 0.0724887 0.125541 0.153227 0.138273 0.106198 0.0863379 0.076556 0.0640142 0.0485482 0.0348313 0.0237458 0.0150093 0.00870951 0.00458127 0.00211165 0.000815658
 3.53672e-11 1.6635e-09 5.41792e-08 1.22188e-06 1.90814e-05 0.000206339 0.00154506 0.00801183 0.0287766 0.0716595 0.124174 0.15188 0.138081 0.108126 0.090093 0.0802454 0.0655533 0.0476171 0.0328654 0.0221429 0.0140742 0.00814913 0.00419759 0.00187611 0.00070579
 3.33484e-11 1.56855e-09 5.10865e-08 1.15213e-06 1.79922e-05 0.000194561 0.00145687 0.00755464 0.0271361 0.0675904 0.117232 0.143906 0.132494 0.10725 0.0936292 0.0861183 0.0716823 0.0527982 0.0365205 0.0241739 0.0149306 0.00844036 0.00428399 0.00188987 0.000698498
 3.33042e-11 1.56647e-09 5.10189e-08 1.1506e-06 1.79684e-05 0.000194303 0.00145494 0.00754458 0.0270994 0.0674931 0.117024 0.143466 0.131509 0.105314 0.0908707 0.0836838 0.0709966 0.0542116 0.0390897 0.0266582 0.0166427 0.00933964 0.00465145 0.00200807 0.000728059
 3.25233e-11 1.52974e-09 4.98226e-08 1.12363e-06 1.7547e-05 0.000189747 0.00142083 0.00736774 0.0264648 0.0659191 0.114339 0.14038 0.129337 0.10492 0.0920271 0.0853947 0.0723722 0.0551384 0.0400344 0.0279185 0.0180031 0.0104061 0.00526424 0.00227122 0.000813732
 3.38157e-11 1.59053e-09 5.18025e-08 1.16828e-06 1.82443e-05 0.000197287 0.00147728 0.00766039 0.0275147 0.0685207 0.11876 0.145379 0.132573 0.104738 0.0887245 0.0808547 0.0685107 0.0526432 0.038589 0.0271163 0.0176726 0.0104079 0.00539553 0.00238042 0.000864361
#spawning biomass
 21090.8 21417.4 17252.9 13180 14455.3 27399.4 41873.8 50532.3 62183.4 79035 91132.3 124227 147457 172114 196139 162915 148470 161062 162594 161625 146279 136484 147763 155418 163238 149836 162694 159469 162396 154203 198254 140806 91266 60138.9 42889.1 33986.3 29589.5 27479.1 26485.1 26022.9 25809.9 25712.3 25667.7 25647.4 25638.2 25634.1 25632.2 25631.3 25630.9 25630.8 25630.7 25630.6 25630.6 25630.6 25630.6 25630.6 25630.6 25630.6 25630.6 25630.6 25630.6 25630.6 25630.6 25630.6 25630.6 25630.6 25630.6 25630.6 25630.6 25630.6 25630.6 25630.6 25630.6 25630.6 25630.6 25630.6 25630.6 25630.6 25630.6 25630.6 25630.6 25630.6 25630.6 25630.6 25630.6 25630.6 25630.6 25630.6 25630.6 25630.6 25630.6 25630.6 25630.6 25630.6 25630.6 25630.6 25630.6 25630.6 25630.6 25630.6 25630.6 25630.6 25630.6 25630.6 25630.6 25630.6 25630.6 25630.6 25630.6 25630.6 25630.6 25630.6 25630.6 25630.6 25630.6 25630.6 25630.6 25630.6 25630.6 25630.6 25630.6 25630.6 25630.6 25630.6 25630.6 25630.6 25630.6 25630.6 25630.6 0 0 0 0 0 0 0 0 0 0 0 0 0 0 0 0 0 0 0 0 0 0 0 0 0
