SBPRF35
0.178135
Curr Bio
141750
B35
198743
F35
0.651118
FOFL
0.542788
OFL
49117
Bzero
50895.7
#pred survey bio
 5949.48 8295.14 10783.6 13687.5 20133.5 31086.4 29402.2 36795.8 48255.6 61778 76565.1 100744 129269 151242 156081 134057 122299 123605 110787 107390 111554 122727 128899 136420 143864 153241 139210 153971 6.24315e+06 3.86641e+06 2.50058e+06 1.48561e+06 946566 686283 562719 502427 471471 454676 445135 439539 436192 434169 432935 432173 431718 431445 431280 431181 431122 431086 431064 431051 431043 431038 431035 431033 431032 431032 431031 431031 431031 431031 431031 431031 431031 431031 431031 431031 431031 431031 431031 431031 431031 431031 431031 431031 431031 431031 431031 431031 431031 431031 431031 431031 431031 431031 431031 431031 431031 431031 431031 431031 431031 431031 431031 431031 431031 431031 431031 431031 431031 431031 431031 431031 431031 431031 431031 431031 431031 431031 431031 431031 431031 431031 431031 431031 431031 431031 431031 431031 431031 431031 431031 431031 431031 431031 431031 431031 0 0 0 0 0 0 0 0 0 0 0 0 0 0 0 0 0 0 0 0 0 0 0 0 0
#obs survey bio
 4883.85 7434.66 10435.2 16226.8 22453.6 24702.2 21042.4 48157.3 57251.3 65517.4 107522 128538 122886 148308 113481 130944 159809 143019 96516.9 85899.8 124573 140291 122190 133764 143199 167754 115469 123411
#pred catch bio
 2588.01 4558.71 5820.17 8106.73 9063.34 19570.3 18125.2 22349.3 29459.7 39440.7 47537.6 62360.6 83108.2 98787.6 110410 95373.5 83420.7 90849.3 81143.5 77569.4 79321 90753.3 95678.2 102917 107720 122709 103470 100754 49117 67660.9 40398.3 21488.7 12462.9 8690.21 7233.04 6699.35 6511.07 6446.42 6424.67 6417.46 6415.1 6414.33 6414.08 6414 6413.97 6413.97 6413.96 6413.96 6413.96 6413.96 6413.96 6413.96 6413.96 6413.96 6413.96 6413.96 6413.96 6413.96 6413.96 6413.96 6413.96 6413.96 6413.96 6413.96 6413.96 6413.96 6413.96 6413.96 6413.96 6413.96 6413.96 6413.96 6413.96 6413.96 6413.96 6413.96 6413.96 6413.96 6413.96 6413.96 6413.96 6413.96 6413.96 6413.96 6413.96 6413.96 6413.96 6413.96 6413.96 6413.96 6413.96 6413.96 6413.96 6413.96 6413.96 6413.96 6413.96 6413.96 6413.96 6413.96 6413.96 6413.96 6413.96 6413.96 6413.96 6413.96 6413.96 6413.96 6413.96 6413.96 6413.96 6413.96 6413.96 6413.96 6413.96 6413.96 6413.96 6413.96 6413.96 6413.96 6413.96 6413.96 6413.96 6413.96 6413.96 6413.96 6413.96 6413.96 0 0 0 0 0 0 0 0 0 0 0 0 0 0 0 0 0 0 0 0 0 0 0 0 0
#obs catch bio
 4800.99 4583.9 5757.01 8020.27 8727.69 19119.2 18403 21768.4 29012.5 38899.9 46204.8 60237.8 81160.8 96867.1 111340 93348.1 80998.6 89265.3 81401.4 76554.2 76308.8 88201.8 93816.8 99554.8 104480 118494 102623 100190
#pred cpue bio
 4945.98 6460.26 8355.76 10775.5 14819.5 24708.5 23455.9 27565.5 36712.7 46991.8 57744.4 75913.1 98107.2 115402 121786 104403 93620.6 94937.9 84155.2 80643.3 83435.2 91456.6 95313.8 100796 105530 112884 101897 113042 4.79676e+06 3.77022e+06 2.4634e+06 1.44068e+06 900421 640016 516440 456147 425191 408396 398855 393259 389912 387889 386655 385893 385438 385165 385000 384901 384842 384806 384784 384771 384763 384758 384755 384754 384753 384752 384752 384751 384751 384751 384751 384751 384751 384751 384751 384751 384751 384751 384751 384751 384751 384751 384751 384751 384751 384751 384751 384751 384751 384751 384751 384751 384751 384751 384751 384751 384751 384751 384751 384751 384751 384751 384751 384751 384751 384751 384751 384751 384751 384751 384751 384751 384751 384751 384751 384751 384751 384751 384751 384751 384751 384751 384751 384751 384751 384751 384751 384751 384751 384751 384751 384751 384751 384751 384751 384751 0 0 0 0 0 0 0 0 0 0 0 0 0 0 0 0 0 0 0 0 0 0 0 0 0
#obs cpue bio
 6180.11 7654.23 9842.36 13306.4 32659.7 27189.1 23562.2 43189.7 34543.2 55193.6 75116.3 104040 132367 150697 122979 193303 113399 101752 80740.4 140256 159477 116693 128300 189922 165330 185714 117444 163048
#pred surv len freq
 2.5692e-27 2.60459e-27 4.73571e-26 9.45038e-20 2.31665e-14 6.86464e-10 2.4588e-06 0.00106457 0.0557155 0.352471 0.269725 0.0367106 0.0899288 0.0830194 0.0215876 0.0286429 0.0134258 0.0118587 0.00799379 0.00654208 0.00542768 0.00488817 0.00505205 0.00454865 0.00139507
 2.57061e-27 2.60812e-27 5.01148e-26 1.0032e-19 2.45922e-14 7.28712e-10 2.61013e-06 0.00113008 0.0591445 0.374164 0.286327 0.0391165 0.0965751 0.0888589 0.017546 0.0177453 0.00688096 0.00432547 0.00239308 0.00165534 0.00119526 0.000955608 0.000894266 0.000814641 0.000274701
 2.57033e-27 2.6073e-27 4.92995e-26 9.85996e-20 2.41705e-14 7.16215e-10 2.56536e-06 0.0011107 0.0581302 0.367748 0.281444 0.0401771 0.108078 0.0993944 0.0180398 0.0161566 0.00543231 0.0022176 0.000899423 0.000447407 0.000253645 0.000169436 0.000137284 0.000119959 4.21182e-05
 2.56965e-27 2.60547e-27 4.77041e-26 9.52341e-20 2.33455e-14 6.91769e-10 2.4778e-06 0.00107279 0.0561461 0.355195 0.271864 0.0404449 0.116847 0.107554 0.0207208 0.0202106 0.00656209 0.00226675 0.000713807 0.000224446 8.19808e-05 3.96767e-05 2.56314e-05 2.01388e-05 7.07298e-06
 2.57217e-27 2.6123e-27 5.37338e-26 1.07954e-19 2.64637e-14 7.84167e-10 2.80875e-06 0.00121608 0.0636454 0.402638 0.308063 0.0387573 0.0785715 0.0722097 0.0140238 0.0138324 0.00459709 0.00174895 0.000520023 0.000130113 2.92089e-05 8.03135e-06 3.42367e-06 2.18407e-06 7.36218e-07
 2.56913e-27 2.60401e-27 4.63476e-26 9.23722e-20 2.26439e-14 6.7098e-10 2.40334e-06 0.00104055 0.0544588 0.344521 0.263728 0.0413521 0.129467 0.119078 0.0205602 0.0169495 0.00567157 0.0022462 0.000698043 0.000184641 3.4615e-05 5.63181e-06 1.16116e-06 4.81058e-07 1.46035e-07
 2.56907e-27 2.60392e-27 4.63438e-26 9.23645e-20 2.2642e-14 6.70924e-10 2.40314e-06 0.00104047 0.0544543 0.344493 0.263695 0.040685 0.124413 0.114584 0.0228305 0.0232453 0.00737048 0.00225664 0.000693797 0.000191716 3.8125e-05 5.4277e-06 5.81499e-07 1.02541e-07 2.39812e-08
 2.57159e-27 2.61076e-27 5.23859e-26 1.05111e-19 2.57666e-14 7.63512e-10 2.73477e-06 0.00118405 0.061969 0.392032 0.29997 0.0390312 0.0863418 0.0794055 0.015756 0.0159804 0.00538493 0.00215495 0.000616126 0.000138847 2.79249e-05 4.18073e-06 3.7885e-07 2.66618e-08 3.1524e-09
 2.57089e-27 2.60875e-27 5.05219e-26 1.01178e-19 2.48026e-14 7.34945e-10 2.63245e-06 0.00113975 0.0596504 0.377365 0.28879 0.0403142 0.10396 0.0954982 0.0156123 0.01159 0.00387781 0.00154807 0.000492005 0.000133289 2.29591e-05 3.17493e-06 2.95815e-07 1.48829e-08 6.19011e-10
 2.57093e-27 2.60888e-27 5.06627e-26 1.01475e-19 2.48755e-14 7.37105e-10 2.64019e-06 0.0011431 0.0598257 0.378474 0.289632 0.0400335 0.101232 0.0930512 0.0164557 0.0141119 0.00436925 0.00118457 0.000359756 0.000100786 2.06087e-05 2.78687e-06 2.31776e-07 1.1244e-08 2.60862e-10
 2.57122e-27 2.60968e-27 5.13537e-26 1.02933e-19 2.52328e-14 7.47693e-10 2.67811e-06 0.00115952 0.0606851 0.38391 0.293782 0.0399323 0.097547 0.0896215 0.015325 0.012403 0.00395319 0.00125622 0.000337397 6.8631e-05 1.37448e-05 2.10253e-06 1.81344e-07 7.96043e-09 1.60648e-10
 2.57125e-27 2.60974e-27 5.14058e-26 1.03043e-19 2.52597e-14 7.48491e-10 2.68097e-06 0.00116076 0.0607499 0.38432 0.294095 0.0399453 0.0974257 0.089505 0.0152207 0.012191 0.00383561 0.00114303 0.000321341 7.1292e-05 1.10766e-05 1.45556e-06 1.37126e-07 6.28157e-09 1.16223e-10
 2.57098e-27 2.60902e-27 5.07703e-26 1.01702e-19 2.49311e-14 7.38753e-10 2.64609e-06 0.00114565 0.0599594 0.37932 0.29028 0.0401416 0.1016 0.0933557 0.0158836 0.0127334 0.00399776 0.00117602 0.000322734 6.90206e-05 1.15271e-05 1.33436e-06 1.02877e-07 4.93419e-09 9.44063e-11
 2.57078e-27 2.60847e-27 5.02854e-26 1.00679e-19 2.46803e-14 7.31322e-10 2.61947e-06 0.00113413 0.0593564 0.375504 0.287369 0.0402861 0.104745 0.0962583 0.0164012 0.0131832 0.00413584 0.00121095 0.000330723 6.9447e-05 1.1188e-05 1.32331e-06 9.43392e-08 3.77375e-09 7.29581e-11
 2.5699e-27 2.60607e-27 4.8159e-26 9.61934e-20 2.35807e-14 6.98737e-10 2.50276e-06 0.0010836 0.0567117 0.358773 0.274603 0.0409104 0.118465 0.108921 0.0186834 0.015202 0.00477085 0.00139791 0.000381226 7.96167e-05 1.26578e-05 1.45278e-06 1.03043e-07 3.82705e-09 6.37025e-11
 2.56999e-27 2.60632e-27 4.83917e-26 9.66844e-20 2.3701e-14 7.02304e-10 2.51553e-06 0.00108913 0.0570011 0.360605 0.276 0.0407761 0.116461 0.107087 0.0186321 0.0155472 0.00488161 0.00143102 0.000390252 8.14448e-05 1.28956e-05 1.46248e-06 1.00999e-07 3.68075e-09 5.67095e-11
 2.57067e-27 2.60816e-27 5.00157e-26 1.0011e-19 2.45409e-14 7.2719e-10 2.60467e-06 0.00112772 0.059021 0.373383 0.28575 0.0403307 0.106222 0.0976284 0.0167746 0.0136919 0.00432042 0.00130385 0.000356888 7.45063e-05 1.17923e-05 1.33299e-06 9.09554e-08 3.23411e-09 4.84498e-11
 2.57052e-27 2.60776e-27 4.96446e-26 9.93275e-20 2.43489e-14 7.21503e-10 2.5843e-06 0.0011189 0.0585594 0.370463 0.283523 0.0405271 0.109281 0.100432 0.0169209 0.0133184 0.00418526 0.00123981 0.00034193 7.31731e-05 1.16255e-05 1.31396e-06 8.93658e-08 3.13868e-09 4.59242e-11
 2.57091e-27 2.60881e-27 5.05566e-26 1.01251e-19 2.48205e-14 7.35477e-10 2.63435e-06 0.00114057 0.0596936 0.377638 0.289 0.0403934 0.104416 0.0959123 0.0155729 0.0113776 0.00353333 0.000985693 0.000267977 5.65799e-05 9.14557e-06 1.04851e-06 7.13829e-08 2.49803e-09 3.60973e-11
 2.57132e-27 2.60989e-27 5.15117e-26 1.03266e-19 2.53145e-14 7.50113e-10 2.68678e-06 0.00116327 0.0608815 0.385153 0.294734 0.0401661 0.0986567 0.0905863 0.0144244 0.0100954 0.00308924 0.000789806 0.000208099 4.16779e-05 6.6105e-06 7.61248e-07 5.27337e-08 1.85201e-09 2.6658e-11
 2.57145e-27 2.61024e-27 5.1813e-26 1.03902e-19 2.54703e-14 7.54729e-10 2.70331e-06 0.00117043 0.0612562 0.387523 0.296544 0.0401258 0.0970791 0.0891197 0.0139712 0.00942938 0.00286368 0.000698506 0.000178093 3.29201e-05 4.9553e-06 5.49617e-07 3.79632e-08 1.35333e-09 1.95873e-11
 2.57158e-27 2.61059e-27 5.21252e-26 1.04561e-19 2.56317e-14 7.59514e-10 2.72045e-06 0.00117785 0.0616445 0.38998 0.298418 0.0400183 0.0949439 0.0871534 0.0136965 0.00929696 0.00280893 0.000659899 0.000165115 2.90872e-05 4.1023e-06 4.226e-07 2.78322e-08 9.82884e-10 1.43893e-11
 2.57182e-27 2.61125e-27 5.26973e-26 1.05767e-19 2.59276e-14 7.6828e-10 2.75185e-06 0.00119145 0.062356 0.394481 0.301854 0.0399326 0.0918783 0.0843042 0.0128238 0.00802368 0.00241903 0.000566217 0.000140161 2.3798e-05 3.22922e-06 3.11307e-07 1.88793e-08 6.31041e-10 9.1057e-12
 2.57184e-27 2.61128e-27 5.27209e-26 1.05817e-19 2.59398e-14 7.68642e-10 2.75315e-06 0.00119201 0.0623854 0.394667 0.301996 0.039977 0.0921159 0.0845125 0.0126626 0.00760177 0.00226258 0.000483953 0.00011786 1.98818e-05 2.63027e-06 2.42612e-07 1.37536e-08 4.22428e-10 5.74601e-12
 2.57207e-27 2.61192e-27 5.32847e-26 1.07006e-19 2.62313e-14 7.7728e-10 2.78409e-06 0.0012054 0.0630865 0.399102 0.30538 0.0398156 0.0885098 0.0811835 0.0120494 0.00704053 0.00208197 0.000424034 0.000100049 1.55939e-05 2.02391e-06 1.83081e-07 9.91892e-09 2.84272e-10 3.55636e-12
 2.57192e-27 2.61152e-27 5.29216e-26 1.0624e-19 2.60435e-14 7.71717e-10 2.76416e-06 0.00119678 0.0626349 0.396246 0.303202 0.0399687 0.091206 0.0836614 0.0123042 0.00699734 0.00206142 0.000408617 9.48295e-05 1.40686e-05 1.71758e-06 1.46994e-07 7.78273e-09 2.13368e-10 2.48983e-12
 2.57212e-27 2.61203e-27 5.33641e-26 1.07174e-19 2.62723e-14 7.78497e-10 2.78844e-06 0.00120729 0.0631852 0.399727 0.305859 0.039912 0.0889071 0.081522 0.0116003 0.00593031 0.00173305 0.000327504 7.47981e-05 1.07863e-05 1.27079e-06 1.02042e-07 5.05404e-09 1.33782e-10 1.49405e-12
 2.57204e-27 2.61182e-27 5.31946e-26 1.06816e-19 2.61847e-14 7.75901e-10 2.77915e-06 0.00120326 0.0629745 0.398394 0.30484 0.0398667 0.0892781 0.0818885 0.012102 0.00698067 0.00202793 0.000351561 7.80023e-05 1.07754e-05 1.23661e-06 9.56419e-08 4.45225e-09 1.09864e-10 1.17288e-12
#obs surv len freq
 1.76503e-41 2.44975e-33 4.10996e-26 8.33492e-20 2.04321e-14 6.0544e-10 2.16859e-06 0.000938923 0.0491395 0.310871 0.238112 0.044029 0.152062 0.128824 0.0363341 0.027931 0.00849549 0.00267591 0.000521454 6.01769e-05 3.00823e-06 4.77181e-08 1.79467e-10 1.28895e-13 1.53095e-17
 2.17291e-41 3.01585e-33 5.05971e-26 1.0261e-19 2.51536e-14 7.45348e-10 2.66971e-06 0.00115589 0.0604949 0.382708 0.292938 0.0419985 0.0973135 0.0779283 0.0225875 0.0163994 0.00478664 0.00140748 0.00025243 2.56407e-05 1.06705e-06 1.33032e-08 3.76632e-11 1.97976e-14 1.69093e-18
 1.71858e-41 2.38528e-33 4.0018e-26 8.11556e-20 1.98943e-14 5.89506e-10 2.11151e-06 0.000914212 0.0478462 0.30269 0.23206 0.0512576 0.182352 0.136224 0.0268775 0.0144035 0.0040613 0.00111313 0.000181296 1.60252e-05 5.51683e-07 5.39397e-09 1.14906e-11 4.4238e-15 2.72218e-19
 2.09558e-41 2.90852e-33 4.87965e-26 9.89583e-20 2.42585e-14 7.18823e-10 2.57471e-06 0.00111476 0.058342 0.369089 0.282661 0.0457856 0.112836 0.0808956 0.0276506 0.0175235 0.00333421 0.000660778 9.6454e-05 7.32457e-06 2.06119e-07 1.57284e-09 2.52061e-12 7.11787e-16 3.16146e-20
 2.37327e-41 3.29394e-33 5.52626e-26 1.12071e-19 2.7473e-14 8.14075e-10 2.91589e-06 0.00126248 0.0660731 0.417997 0.319979 0.0442869 0.078961 0.0519694 0.0114733 0.00594025 0.00168203 0.00033848 3.19024e-05 1.88896e-06 4.28165e-08 2.52714e-10 3.03701e-13 6.29436e-17 2.0222e-21
 1.32302e-41 1.83627e-33 3.08072e-26 6.24764e-20 1.53154e-14 4.53822e-10 1.62552e-06 0.000703793 0.0368337 0.233024 0.179524 0.0711625 0.27178 0.166099 0.0278095 0.0106405 0.00199503 0.00038388 4.12163e-05 1.7127e-06 2.70779e-08 1.20153e-10 1.07517e-13 1.63128e-17 3.79166e-22
 2.20723e-41 3.06349e-33 5.13963e-26 1.04231e-19 2.55509e-14 7.57121e-10 2.71188e-06 0.00117415 0.0614504 0.388754 0.297789 0.0468177 0.0896355 0.0570302 0.036011 0.0185044 0.00250275 0.000301921 2.50201e-05 1.00551e-06 1.18333e-08 3.50803e-11 2.21819e-14 2.43264e-18 4.07691e-23
 1.99157e-41 2.76417e-33 4.63746e-26 9.40468e-20 2.30545e-14 6.83146e-10 2.44692e-06 0.00105943 0.0554464 0.350773 0.269258 0.0608691 0.154307 0.0821553 0.0157777 0.00727766 0.00267512 0.000379634 1.91983e-05 5.24821e-07 5.11306e-09 1.14364e-11 4.87044e-15 3.60912e-19 4.22026e-24
 2.02784e-41 2.81451e-33 4.72192e-26 9.57595e-20 2.34743e-14 6.95587e-10 2.49148e-06 0.00107872 0.0564561 0.357161 0.274232 0.0614794 0.14328 0.0736216 0.0227161 0.00843104 0.00127806 0.000243994 1.90345e-05 3.76767e-07 2.30296e-09 3.77669e-12 1.20196e-15 6.23727e-20 4.91324e-25
 1.98352e-41 2.75299e-33 4.61871e-26 9.36665e-20 2.29612e-14 6.80384e-10 2.43702e-06 0.00105515 0.0552222 0.349356 0.268558 0.0669507 0.15396 0.0735561 0.0218087 0.00791775 0.00144116 0.000160419 1.06076e-05 2.67318e-07 1.3896e-09 1.45998e-12 3.0953e-16 1.14761e-20 6.4918e-26
 2.10115e-41 2.91626e-33 4.89263e-26 9.92215e-20 2.4323e-14 7.20735e-10 2.58155e-06 0.00111772 0.0584972 0.370076 0.284431 0.0658088 0.132937 0.0600243 0.0194384 0.00643767 0.00110194 0.000122241 5.88416e-06 1.1062e-07 5.79052e-10 5.50291e-13 8.34885e-17 2.01831e-21 7.62143e-27
 2.03518e-41 2.8247e-33 4.73901e-26 9.61062e-20 2.35593e-14 6.98105e-10 2.5005e-06 0.00108263 0.0566606 0.358459 0.276011 0.0734811 0.148042 0.0616539 0.0180802 0.00549404 0.000935246 9.34459e-05 4.02014e-06 5.67849e-08 2.12e-10 1.6884e-13 2.2479e-17 4.35428e-22 1.17575e-27
 1.98783e-41 2.75897e-33 4.62875e-26 9.387e-20 2.30111e-14 6.81862e-10 2.44232e-06 0.00105744 0.0553422 0.350122 0.270108 0.0798204 0.155182 0.0618265 0.0201815 0.00547245 0.000809412 7.3284e-05 2.76494e-06 3.22227e-08 9.00018e-11 5.0244e-14 4.94019e-18 7.60388e-23 1.66381e-28
 1.86584e-41 2.58966e-33 4.3447e-26 8.81096e-20 2.1599e-14 6.40019e-10 2.29244e-06 0.000992549 0.0519461 0.328643 0.254519 0.091345 0.175552 0.0669136 0.0231626 0.0059882 0.000866742 6.6034e-05 2.0785e-06 1.9974e-08 4.38863e-11 1.82321e-14 1.26799e-18 1.3648e-23 2.14885e-29
 1.68461e-41 2.33812e-33 3.92269e-26 7.95513e-20 1.95011e-14 5.77852e-10 2.06977e-06 0.00089614 0.0469004 0.296733 0.231324 0.106544 0.201694 0.0766814 0.0305321 0.00754425 0.00107236 7.48701e-05 1.95196e-06 1.47014e-08 2.51354e-11 7.9631e-15 4.10615e-19 3.18377e-24 3.52791e-30
 1.90811e-41 2.64833e-33 4.44313e-26 9.01057e-20 2.20884e-14 6.54518e-10 2.34438e-06 0.00101503 0.0531229 0.336098 0.261078 0.0955299 0.154998 0.0613978 0.0284896 0.00715392 0.00104477 6.76344e-05 1.53313e-06 9.2244e-09 1.19239e-11 2.81788e-15 1.07934e-19 6.16007e-25 4.96225e-31
 1.85839e-41 2.57933e-33 4.32736e-26 8.7758e-20 2.15128e-14 6.37464e-10 2.28329e-06 0.000988587 0.0517388 0.327354 0.255715 0.109653 0.169483 0.0574612 0.0211572 0.00553382 0.000857093 5.39952e-05 1.08824e-06 5.40326e-09 5.4287e-12 9.54825e-16 2.66793e-20 1.10556e-25 6.46255e-32
 1.84178e-41 2.55627e-33 4.28868e-26 8.69735e-20 2.13205e-14 6.31767e-10 2.26289e-06 0.000979751 0.0512763 0.324442 0.25453 0.116726 0.167802 0.0576201 0.0215235 0.00445317 0.000605802 3.78214e-05 7.00837e-07 2.94959e-09 2.36241e-12 3.17697e-16 6.58552e-21 1.98391e-26 8.33971e-33
 1.85458e-41 2.57404e-33 4.31849e-26 8.75781e-20 2.14687e-14 6.36158e-10 2.27861e-06 0.000986561 0.0516328 0.326712 0.257298 0.121836 0.161213 0.0551321 0.0205637 0.00412739 0.000472336 2.3902e-05 3.92817e-07 1.43069e-09 9.36282e-13 9.84383e-17 1.54732e-21 3.46033e-27 1.06311e-33
 1.94366e-41 2.69768e-33 4.52592e-26 9.17847e-20 2.24999e-14 6.66714e-10 2.38806e-06 0.00103395 0.0541128 0.342415 0.269923 0.121087 0.144062 0.0472987 0.0165367 0.00317828 0.000335866 1.3947e-05 1.77355e-07 5.21418e-10 2.78254e-13 2.32719e-17 2.82835e-22 4.78226e-28 1.09267e-34
 1.94382e-41 2.69789e-33 4.52627e-26 9.1792e-20 2.25017e-14 6.66767e-10 2.38825e-06 0.00103403 0.0541172 0.342469 0.271587 0.129536 0.142189 0.0431256 0.0133784 0.00233182 0.00022162 7.95189e-06 7.96593e-08 1.75001e-10 7.0516e-14 4.54244e-18 4.2625e-23 5.51022e-29 9.50011e-36
 1.97787e-41 2.74515e-33 4.60555e-26 9.33997e-20 2.28958e-14 6.78445e-10 2.43008e-06 0.00105214 0.0550651 0.348493 0.27741 0.131897 0.132347 0.0401392 0.0116926 0.00175606 0.000141382 4.2605e-06 3.45197e-08 5.79839e-11 1.71437e-14 8.0276e-19 5.52855e-24 5.30602e-30 6.83093e-37
 1.91197e-41 2.65369e-33 4.45212e-26 9.0288e-20 2.2133e-14 6.55842e-10 2.34912e-06 0.00101709 0.0532307 0.336943 0.271526 0.146997 0.138306 0.0397832 0.0106278 0.00146695 9.85987e-05 2.36032e-06 1.50261e-08 1.94629e-11 4.31606e-15 1.47669e-19 7.31218e-25 5.02308e-31 4.64406e-38
 1.95923e-41 2.71928e-33 4.56216e-26 9.25196e-20 2.26801e-14 6.72053e-10 2.40718e-06 0.00104223 0.0545465 0.345306 0.279137 0.145581 0.125515 0.0379052 0.00970336 0.00119026 6.84198e-05 1.30635e-06 6.29656e-09 6.10511e-12 1.00882e-15 2.54874e-20 9.20971e-26 4.56407e-32 3.01759e-39
 1.94283e-41 2.69652e-33 4.52397e-26 9.17451e-20 2.24902e-14 6.66427e-10 2.38703e-06 0.0010335 0.05409 0.342494 0.279967 0.155303 0.123459 0.0345125 0.00814199 0.000949726 4.67226e-05 7.15746e-07 2.63438e-09 1.88057e-12 2.25825e-16 4.14187e-21 1.08663e-26 3.90224e-33 1.86264e-40
 1.87971e-41 2.60891e-33 4.37698e-26 8.87644e-20 2.17595e-14 6.44775e-10 2.30948e-06 0.000999925 0.052333 0.331491 0.275704 0.16917 0.126544 0.0353693 0.00757667 0.000775726 3.33363e-05 4.18224e-07 1.18312e-09 6.27292e-13 5.47177e-17 7.19859e-22 1.34894e-27 3.46118e-34 1.18224e-41
 1.7992e-41 2.49716e-33 4.18951e-26 8.49625e-20 2.08275e-14 6.17158e-10 2.21056e-06 0.000957097 0.0500921 0.317465 0.27 0.184062 0.13091 0.0380315 0.00774444 0.000710646 2.54215e-05 2.58873e-07 5.73709e-10 2.28752e-13 1.46177e-17 1.38836e-22 1.861e-28 3.396e-35 8.22602e-43
 1.82316e-41 2.53043e-33 4.24533e-26 8.60943e-20 2.1105e-14 6.2538e-10 2.24001e-06 0.000969848 0.0507599 0.32181 0.275807 0.18245 0.122343 0.0377006 0.00749396 0.000644434 1.96035e-05 1.58547e-07 2.70691e-10 8.17455e-14 3.88085e-18 2.69064e-23 2.60072e-29 3.39632e-36 5.85896e-44
#pred catch len freq
 2.56713e-27 2.59906e-27 4.25863e-26 8.44401e-20 2.06995e-14 6.13362e-10 2.19696e-06 0.0009512 0.0497824 0.314937 0.241069 0.0370517 0.112656 0.104095 0.0270976 0.0359803 0.0168281 0.0148186 0.00997962 0.00816325 0.00677163 0.00609829 0.0063027 0.00567468 0.00174042
 2.56919e-27 2.60428e-27 4.67403e-26 9.32013e-20 2.28472e-14 6.77002e-10 2.42491e-06 0.00104989 0.0549476 0.347614 0.266066 0.0399237 0.116953 0.107682 0.0211967 0.0213516 0.00826429 0.00517433 0.00285986 0.00197706 0.00142732 0.00114109 0.00106783 0.000972754 0.000328017
 2.56885e-27 2.60328e-27 4.57405e-26 9.10916e-20 2.233e-14 6.61678e-10 2.37002e-06 0.00102613 0.0537038 0.339745 0.260078 0.0412013 0.130883 0.120441 0.021805 0.019452 0.00653251 0.00265502 0.00107574 0.000534725 0.000303086 0.000202453 0.000164035 0.000143333 5.03249e-05
 2.56827e-27 2.60173e-27 4.43953e-26 8.8254e-20 2.16344e-14 6.41066e-10 2.29619e-06 0.000994163 0.0520309 0.329162 0.252 0.0413752 0.137883 0.126977 0.0243603 0.023626 0.00766274 0.00263467 0.000828886 0.000260404 9.50913e-05 4.60186e-05 2.97279e-05 2.33574e-05 8.2034e-06
 2.57073e-27 2.6084e-27 5.02896e-26 1.00688e-19 2.46826e-14 7.31388e-10 2.61971e-06 0.00113423 0.0593617 0.375538 0.287386 0.0396912 0.100206 0.0921925 0.0178953 0.0176384 0.00585602 0.0022187 0.000659185 0.00016479 3.69841e-05 1.01682e-05 4.3345e-06 2.76512e-06 9.32079e-07
 2.56784e-27 2.6005e-27 4.32418e-26 8.58203e-20 2.10378e-14 6.23388e-10 2.23287e-06 0.000966748 0.0505961 0.320085 0.245084 0.0423127 0.149876 0.137902 0.0237051 0.0193879 0.00647889 0.00255396 0.000793004 0.000209581 3.92811e-05 6.39026e-06 1.3175e-06 5.45826e-07 1.65696e-07
 2.56772e-27 2.60025e-27 4.31128e-26 8.55485e-20 2.09712e-14 6.21414e-10 2.2258e-06 0.000963686 0.0504359 0.319071 0.244298 0.0415791 0.144845 0.133454 0.0264566 0.0267675 0.00847902 0.00258368 0.000793535 0.000219091 4.35586e-05 6.20064e-06 6.64289e-07 1.17139e-07 2.73953e-08
 2.57052e-27 2.60786e-27 4.98297e-26 9.97184e-20 2.44448e-14 7.24342e-10 2.59447e-06 0.00112331 0.0587898 0.37192 0.284623 0.0397299 0.102441 0.0942738 0.0186081 0.0187478 0.00630927 0.00251318 0.000717995 0.000161656 3.25034e-05 4.86572e-06 4.4091e-07 3.1029e-08 3.66877e-09
 2.56973e-27 2.6056e-27 4.77274e-26 9.52828e-20 2.33574e-14 6.92123e-10 2.47907e-06 0.00107334 0.0561748 0.355377 0.272015 0.0412108 0.12257 0.112654 0.0183472 0.013512 0.00451482 0.00179402 0.000569674 0.000154202 2.65553e-05 3.67182e-06 3.42101e-07 1.72115e-08 7.15862e-10
 2.56987e-27 2.60602e-27 4.81241e-26 9.61199e-20 2.35626e-14 6.98203e-10 2.50085e-06 0.00108277 0.0566683 0.358499 0.274393 0.0408165 0.117898 0.108424 0.0190756 0.0162176 0.00501654 0.00135337 0.000410556 0.000114919 2.34932e-05 3.17663e-06 2.64184e-07 1.28161e-08 2.97333e-10
 2.57015e-27 2.60675e-27 4.87583e-26 9.74577e-20 2.38906e-14 7.0792e-10 2.53565e-06 0.00109784 0.057457 0.363489 0.278201 0.0407469 0.114692 0.105433 0.0179483 0.0144071 0.00458698 0.00145062 0.000389271 7.91081e-05 1.58385e-05 2.42256e-06 2.08941e-07 9.17179e-09 1.85094e-10
 2.57017e-27 2.6068e-27 4.8802e-26 9.755e-20 2.39132e-14 7.08591e-10 2.53805e-06 0.00109888 0.0575114 0.363833 0.278465 0.0407668 0.114659 0.105397 0.0178448 0.0141762 0.00445568 0.00132141 0.000371129 8.22644e-05 1.27782e-05 1.67895e-06 1.58166e-07 7.24535e-09 1.34055e-10
 2.56995e-27 2.60622e-27 4.8283e-26 9.6455e-20 2.36448e-14 7.00637e-10 2.50956e-06 0.00108655 0.0568659 0.359749 0.275349 0.0409304 0.118093 0.108565 0.0183801 0.0145995 0.00457888 0.00134036 0.000367478 7.85175e-05 1.31097e-05 1.51739e-06 1.16985e-07 5.61076e-09 1.07351e-10
 2.56976e-27 2.6057e-27 4.7828e-26 9.54951e-20 2.34095e-14 6.93665e-10 2.48459e-06 0.00107573 0.0563 0.356169 0.272617 0.0410666 0.121049 0.111293 0.0188647 0.0150181 0.00470654 0.00137124 0.000374137 7.84909e-05 1.26416e-05 1.49507e-06 1.06581e-07 4.26339e-09 8.24241e-11
 2.569e-27 2.60362e-27 4.5988e-26 9.16136e-20 2.2458e-14 6.6547e-10 2.3836e-06 0.00103201 0.0540116 0.341692 0.261571 0.0416084 0.132932 0.12226 0.0208352 0.0167523 0.0052515 0.00153087 0.000417069 8.70213e-05 1.38314e-05 1.58728e-06 1.12579e-07 4.18118e-09 6.95971e-11
 2.56911e-27 2.60395e-27 4.62822e-26 9.22342e-20 2.26101e-14 6.69978e-10 2.39975e-06 0.001039 0.0543775 0.344007 0.263336 0.0414489 0.130479 0.120013 0.0207393 0.0170999 0.00536314 0.0015641 0.000426119 8.88473e-05 1.40639e-05 1.59479e-06 1.10133e-07 4.01358e-09 6.18372e-11
 2.56974e-27 2.60565e-27 4.77863e-26 9.54072e-20 2.33879e-14 6.93026e-10 2.4823e-06 0.00107474 0.0562481 0.355841 0.272366 0.0410397 0.121021 0.111274 0.019005 0.0153445 0.00483649 0.00145224 0.000397124 8.28295e-05 1.31061e-05 1.48133e-06 1.01074e-07 3.59386e-09 5.38391e-11
 2.56979e-27 2.60576e-27 4.78725e-26 9.55891e-20 2.34325e-14 6.94347e-10 2.48703e-06 0.00107679 0.0563554 0.356519 0.272885 0.0411099 0.12119 0.111409 0.0186379 0.0144715 0.00454223 0.00133852 0.000368777 7.88449e-05 1.25233e-05 1.41527e-06 9.62529e-08 3.38053e-09 4.94628e-11
 2.5702e-27 2.60687e-27 4.88381e-26 9.7626e-20 2.39318e-14 7.09143e-10 2.54003e-06 0.00109974 0.0575562 0.364116 0.278684 0.0409712 0.11606 0.106643 0.0172021 0.0123923 0.003844 0.00106674 0.000289704 6.111e-05 9.87517e-06 1.13203e-06 7.7066e-08 2.69689e-09 3.89708e-11
 2.57061e-27 2.60796e-27 4.97912e-26 9.96367e-20 2.44247e-14 7.23749e-10 2.59235e-06 0.00112239 0.0587417 0.371616 0.284407 0.0407498 0.110355 0.101365 0.0160426 0.0110726 0.00338463 0.000860804 0.000226556 4.53314e-05 7.18799e-06 8.27653e-07 5.73318e-08 2.01348e-09 2.89821e-11
 2.57071e-27 2.60823e-27 5.00251e-26 1.0013e-19 2.45457e-14 7.27333e-10 2.60518e-06 0.00112794 0.0590326 0.373456 0.285812 0.0407363 0.109265 0.100347 0.0156425 0.0104147 0.00315966 0.000766708 0.000195265 3.60597e-05 5.42632e-06 6.01786e-07 4.15652e-08 1.48173e-09 2.14455e-11
 2.57095e-27 2.60889e-27 5.06105e-26 1.01365e-19 2.48484e-14 7.36302e-10 2.63731e-06 0.00114185 0.0597605 0.378061 0.289326 0.0405399 0.105301 0.0966955 0.0151006 0.0100969 0.00304746 0.000712151 0.000177984 3.1324e-05 4.41646e-06 4.54904e-07 2.99587e-08 1.05797e-09 1.54885e-11
 2.57123e-27 2.60963e-27 5.12574e-26 1.0273e-19 2.51829e-14 7.46215e-10 2.67282e-06 0.00115723 0.0605651 0.383151 0.29321 0.0404377 0.101794 0.0934374 0.0141298 0.0087028 0.00262094 0.000610226 0.000150882 2.55935e-05 3.47182e-06 3.34651e-07 2.02942e-08 6.78327e-10 9.78799e-12
 2.57129e-27 2.60978e-27 5.13827e-26 1.02994e-19 2.52477e-14 7.48136e-10 2.6797e-06 0.00116021 0.060721 0.384138 0.293964 0.0404525 0.101377 0.0930417 0.0138591 0.00818314 0.00243307 0.000517648 0.000125909 2.12189e-05 2.80633e-06 2.58818e-07 1.46717e-08 4.50621e-10 6.12948e-12
 2.57152e-27 2.61042e-27 5.19503e-26 1.04191e-19 2.55412e-14 7.56832e-10 2.71085e-06 0.00117369 0.0614268 0.388603 0.297371 0.0402912 0.0977564 0.0896986 0.0132386 0.00760875 0.00224771 0.000455368 0.000107306 1.67086e-05 2.16789e-06 1.96079e-07 1.06227e-08 3.04439e-10 3.80866e-12
 2.57154e-27 2.61047e-27 5.19843e-26 1.04263e-19 2.55588e-14 7.57354e-10 2.71271e-06 0.0011745 0.0614692 0.388871 0.297576 0.0403124 0.0977736 0.0897073 0.01311 0.00731287 0.00215201 0.000424247 9.83263e-05 1.45729e-05 1.77857e-06 1.52192e-07 8.05763e-09 2.20902e-10 2.57774e-12
 2.57155e-27 2.61049e-27 5.19912e-26 1.04278e-19 2.55624e-14 7.57459e-10 2.71309e-06 0.00117467 0.0614777 0.388925 0.297619 0.0404109 0.0984932 0.0903477 0.0127944 0.0064313 0.00187753 0.000352949 8.0502e-05 1.15975e-05 1.36591e-06 1.09664e-07 5.43133e-09 1.43767e-10 1.60556e-12
 2.57118e-27 2.60949e-27 5.11126e-26 1.02424e-19 2.5108e-14 7.43996e-10 2.66487e-06 0.00115379 0.060385 0.382012 0.292343 0.0405967 0.103614 0.0950929 0.013999 0.00798214 0.0023171 0.000399737 8.85714e-05 1.22237e-05 1.40235e-06 1.08445e-07 5.04804e-09 1.24564e-10 1.32981e-12
#obs catch len freq
 1.74596e-41 2.42328e-33 4.06556e-26 8.24487e-20 2.02113e-14 5.98899e-10 2.14516e-06 0.000928779 0.0486086 0.307512 0.235549 0.0440761 0.154019 0.130545 0.0373529 0.0289739 0.00893412 0.00285908 0.000568569 6.75407e-05 3.50704e-06 5.79657e-08 2.26955e-10 1.69357e-13 2.08561e-17
 1.76728e-41 2.45287e-33 4.1152e-26 8.34555e-20 2.04581e-14 6.06212e-10 2.17135e-06 0.000940121 0.0492022 0.311268 0.238475 0.0459806 0.155882 0.125017 0.0362083 0.0263362 0.00784984 0.00235895 0.000432776 4.50653e-05 1.93534e-06 2.50061e-08 7.3358e-11 3.98596e-14 3.50988e-18
 2.18043e-41 3.0263e-33 5.07724e-26 1.02965e-19 2.52408e-14 7.4793e-10 2.67896e-06 0.0011599 0.0607045 0.384034 0.293993 0.0432954 0.0988082 0.0747204 0.0222788 0.0152136 0.00435153 0.00121465 0.000203904 1.8525e-05 6.55543e-07 6.60076e-09 1.44924e-11 5.74298e-15 3.6292e-19
 1.73616e-41 2.40968e-33 4.04274e-26 8.19859e-20 2.00979e-14 5.95537e-10 2.13312e-06 0.000923566 0.0483358 0.305787 0.234517 0.0537673 0.183909 0.129083 0.0257537 0.0131817 0.00364377 0.000942176 0.000142727 1.11877e-05 3.24311e-07 2.54014e-09 4.17326e-12 1.20718e-15 5.48544e-20
 2.11536e-41 2.93599e-33 4.92573e-26 9.98927e-20 2.44875e-14 7.2561e-10 2.59902e-06 0.00112529 0.0588929 0.372574 0.285387 0.0473884 0.112636 0.0760436 0.0268343 0.0156313 0.00286016 0.000545567 7.36714e-05 4.91656e-06 1.15446e-07 7.00393e-10 8.61132e-13 1.82117e-16 5.96195e-21
 2.38964e-41 3.31666e-33 5.56438e-26 1.12845e-19 2.76625e-14 8.19691e-10 2.936e-06 0.00127119 0.0665288 0.420881 0.32223 0.0453703 0.0779131 0.0479941 0.0107923 0.00527306 0.00145295 0.000265977 2.32647e-05 1.21534e-06 2.27966e-08 1.06243e-10 9.74863e-14 1.50849e-17 3.56531e-22
 1.35682e-41 1.88317e-33 3.15942e-26 6.40723e-20 1.57066e-14 4.65414e-10 1.66704e-06 0.00072177 0.0377746 0.238977 0.184284 0.0756108 0.270921 0.154343 0.0259704 0.00935566 0.00170137 0.000308508 2.95036e-05 1.06131e-06 1.39569e-08 4.87172e-11 3.31447e-14 3.74385e-18 6.38999e-23
 2.23732e-41 3.10526e-33 5.20972e-26 1.05652e-19 2.58993e-14 7.67445e-10 2.74886e-06 0.00119016 0.0622884 0.394055 0.301912 0.048197 0.0873735 0.0528967 0.0341515 0.0156742 0.00201194 0.000228535 1.72917e-05 5.90612e-07 5.65984e-09 1.3209e-11 6.3473e-15 5.17112e-19 6.35289e-24
 2.02854e-41 2.81548e-33 4.72356e-26 9.57928e-20 2.34825e-14 6.95829e-10 2.49234e-06 0.0010791 0.0564758 0.357285 0.274379 0.0631969 0.149922 0.0742408 0.0144641 0.00643976 0.00222519 0.000276137 1.25903e-05 2.97659e-07 2.34806e-09 4.08155e-12 1.31801e-15 7.25643e-20 6.2134e-25
 2.06747e-41 2.86951e-33 4.8142e-26 9.76309e-20 2.39331e-14 7.09181e-10 2.54017e-06 0.00109981 0.0575595 0.364142 0.279721 0.0636663 0.138245 0.0664937 0.0208398 0.00699303 0.00104099 0.000184368 1.21381e-05 2.00724e-07 1.002e-09 1.27863e-12 3.06986e-16 1.18133e-20 6.81691e-26
 2.02746e-41 2.81398e-33 4.72104e-26 9.57417e-20 2.34699e-14 6.95458e-10 2.49101e-06 0.00107852 0.0564456 0.357097 0.274666 0.0693213 0.147712 0.0660107 0.0198147 0.00659258 0.00113645 0.000114964 6.80617e-06 1.39327e-07 5.71524e-10 4.66008e-13 7.47135e-17 2.05151e-21 8.49279e-27
 2.14251e-41 2.97366e-33 4.98894e-26 1.01175e-19 2.48018e-14 7.34921e-10 2.63237e-06 0.00113973 0.0596487 0.377362 0.290189 0.0677976 0.126564 0.0536016 0.0174673 0.0052799 0.000858546 8.52813e-05 3.57317e-06 5.60785e-08 2.3028e-10 1.66578e-13 1.89813e-17 3.4006e-22 9.39492e-28
 2.0814e-41 2.88884e-33 4.84663e-26 9.82887e-20 2.40943e-14 7.13959e-10 2.55728e-06 0.00110722 0.0579473 0.366602 0.282482 0.0756784 0.140191 0.0546769 0.0160544 0.00447605 0.000716828 6.3873e-05 2.35984e-06 2.7336e-08 8.0612e-11 4.88917e-14 4.85e-18 6.92801e-23 1.36945e-28
 2.03825e-41 2.82896e-33 4.74617e-26 9.62514e-20 2.35949e-14 6.9916e-10 2.50428e-06 0.00108426 0.0567461 0.359007 0.277203 0.0821125 0.146225 0.0548279 0.017746 0.0043859 0.000609354 4.90334e-05 1.57279e-06 1.48736e-08 3.24788e-11 1.37929e-14 1.01028e-18 1.14228e-23 1.82214e-29
 1.92215e-41 2.66782e-33 4.47583e-26 9.07688e-20 2.22509e-14 6.59335e-10 2.36163e-06 0.00102251 0.0535139 0.338566 0.262519 0.0940696 0.165101 0.0594923 0.0202411 0.00478665 0.000641025 4.30745e-05 1.14797e-06 8.88184e-09 1.5146e-11 4.76056e-15 2.46098e-19 1.94413e-24 2.22626e-30
 1.74767e-41 2.42565e-33 4.06954e-26 8.25294e-20 2.02311e-14 5.99485e-10 2.14726e-06 0.000929688 0.0486562 0.307847 0.240408 0.110012 0.189824 0.0688798 0.0265856 0.0060217 0.000785354 4.78506e-05 1.04377e-06 6.29902e-09 8.31927e-12 1.98541e-15 7.58728e-20 4.3118e-25 3.47416e-31
 1.96766e-41 2.73098e-33 4.58178e-26 9.29175e-20 2.27776e-14 6.74943e-10 2.41754e-06 0.00104671 0.0547807 0.346592 0.269595 0.0976747 0.144209 0.0552012 0.0244472 0.00565964 0.000748121 4.19174e-05 7.85827e-07 3.75283e-09 3.72983e-12 6.62103e-16 1.87487e-20 7.82823e-26 4.5807e-32
 1.92025e-41 2.66518e-33 4.47139e-26 9.06789e-20 2.22289e-14 6.58682e-10 2.35929e-06 0.00102149 0.0534608 0.338258 0.264692 0.111805 0.156823 0.0508749 0.018034 0.0043872 0.000607602 3.27765e-05 5.39976e-07 2.10903e-09 1.61863e-12 2.13073e-16 4.39258e-21 1.32963e-26 5.63831e-33
 1.90499e-41 2.644e-33 4.43586e-26 8.99583e-20 2.20522e-14 6.53448e-10 2.34054e-06 0.00101337 0.0530361 0.335587 0.2638 0.118683 0.154758 0.0511873 0.018032 0.0034532 0.000425422 2.25459e-05 3.37338e-07 1.10612e-09 6.72384e-13 6.73921e-17 1.02812e-21 2.25934e-27 6.88385e-34
 1.91898e-41 2.66342e-33 4.46844e-26 9.0619e-20 2.22142e-14 6.58247e-10 2.35773e-06 0.00102082 0.0534256 0.338069 0.266812 0.123318 0.147901 0.0488975 0.0170685 0.00315065 0.000321122 1.38653e-05 1.83152e-07 5.14946e-10 2.54025e-13 1.98166e-17 2.286e-22 3.72279e-28 8.28198e-35
 2.00553e-41 2.78355e-33 4.66998e-26 9.47063e-20 2.32161e-14 6.87937e-10 2.46408e-06 0.00106686 0.0558354 0.35333 0.279104 0.121752 0.131131 0.0416057 0.0135517 0.00239137 0.000222271 7.76766e-06 7.92742e-08 1.79494e-10 7.18258e-14 4.437e-18 3.94524e-23 4.8479e-29 8.01045e-36
 2.00574e-41 2.78384e-33 4.67046e-26 9.4716e-20 2.32185e-14 6.88007e-10 2.46433e-06 0.00106697 0.0558411 0.353399 0.280905 0.129698 0.128769 0.0376123 0.0108307 0.00172786 0.000143576 4.28435e-06 3.40981e-08 5.74991e-11 1.73429e-14 8.22818e-19 5.63192e-24 5.27872e-30 6.57126e-37
 2.03911e-41 2.83015e-33 4.74816e-26 9.62917e-20 2.36048e-14 6.99453e-10 2.50533e-06 0.00108472 0.0567702 0.359308 0.286692 0.131382 0.119258 0.0348252 0.00931342 0.00127278 8.91525e-05 2.21856e-06 1.41619e-08 1.81429e-11 4.00319e-15 1.37843e-19 6.91218e-25 4.79958e-31 4.45213e-38
 1.976e-41 2.74256e-33 4.60121e-26 9.33117e-20 2.28743e-14 6.77806e-10 2.42779e-06 0.00105115 0.0550134 0.348261 0.281435 0.146027 0.124363 0.0343438 0.00839649 0.00104494 6.04493e-05 1.18827e-06 5.92925e-09 5.82855e-12 9.61047e-16 2.41291e-20 8.69027e-26 4.315e-32 2.87091e-39
 2.02211e-41 2.80655e-33 4.70857e-26 9.5489e-20 2.3408e-14 6.93621e-10 2.48444e-06 0.00107568 0.0562972 0.356428 0.288905 0.143864 0.112449 0.0325561 0.00755103 0.000830038 4.06785e-05 6.31546e-07 2.37427e-09 1.74153e-12 2.13377e-16 3.94745e-21 1.03603e-26 3.7085e-33 1.76393e-40
 2.00627e-41 2.78457e-33 4.67169e-26 9.47409e-20 2.32246e-14 6.88188e-10 2.46498e-06 0.00106725 0.0558564 0.35373 0.289993 0.152844 0.110143 0.0293986 0.00628765 0.000650267 2.69854e-05 3.33407e-07 9.51032e-10 5.11781e-13 4.54752e-17 6.09714e-22 1.16015e-27 3.00593e-34 1.03146e-41
 1.9456e-41 2.70036e-33 4.53042e-26 9.18759e-20 2.25223e-14 6.67377e-10 2.39044e-06 0.00103498 0.0541678 0.34318 0.286358 0.166083 0.112888 0.0299683 0.00577705 0.000522288 1.87724e-05 1.8808e-07 4.09917e-10 1.63228e-13 1.05124e-17 1.00968e-22 1.37087e-28 2.53534e-35 6.2196e-43
 1.86777e-41 2.59234e-33 4.34919e-26 8.82007e-20 2.16214e-14 6.40681e-10 2.29481e-06 0.000993576 0.0520017 0.329657 0.281392 0.180439 0.117048 0.0321321 0.00585168 0.000469122 1.3937e-05 1.12593e-07 1.91044e-10 5.69872e-14 2.68282e-18 1.85785e-23 1.80296e-29 2.37031e-36 4.12181e-44
#spawning biomass
 5666.23 7774.27 10125.2 12937.3 18496.4 29546.5 27943.2 34042.2 45037.3 57618.9 71172.6 93623.4 120500 141305 147224 126324 114408 115825 103370 99734.6 103444 113626 118987 125910 132386 141282 128039 141750 167330 183543 106091 56860.6 33478.8 23708.4 19934.7 18552.6 18065 17897.5 17841.2 17822.5 17816.4 17814.4 17813.8 17813.6 17813.5 17813.5 17813.5 17813.5 17813.5 17813.5 17813.5 17813.5 17813.5 17813.5 17813.5 17813.5 17813.5 17813.5 17813.5 17813.5 17813.5 17813.5 17813.5 17813.5 17813.5 17813.5 17813.5 17813.5 17813.5 17813.5 17813.5 17813.5 17813.5 17813.5 17813.5 17813.5 17813.5 17813.5 17813.5 17813.5 17813.5 17813.5 17813.5 17813.5 17813.5 17813.5 17813.5 17813.5 17813.5 17813.5 17813.5 17813.5 17813.5 17813.5 17813.5 17813.5 17813.5 17813.5 17813.5 17813.5 17813.5 17813.5 17813.5 17813.5 17813.5 17813.5 17813.5 17813.5 17813.5 17813.5 17813.5 17813.5 17813.5 17813.5 17813.5 17813.5 17813.5 17813.5 17813.5 17813.5 17813.5 17813.5 17813.5 17813.5 17813.5 17813.5 17813.5 17813.5 0 0 0 0 0 0 0 0 0 0 0 0 0 0 0 0 0 0 0 0 0 0 0 0 0
