SBPRF35
0.178135
Curr Bio
141655
B35
200195
F35
0.612818
FOFL
0.521967
OFL
52089.7
Bzero
50895.7
#pred survey bio
 5804.24 7866.93 10230.4 13048.7 18792.7 29816.7 28181.9 34681.7 45691 58520 72309 95013.1 122290 143379 149209 128276 116366 117692 104984 101532 105400 115794 121305 128460 135273 144507 130970 147782 6.23492e+06 4.11002e+06 2.56073e+06 1.53305e+06 977646 702805 570055 504819 471395 453401 443274 437383 433882 431774 430492 429702 429231 428948 428778 428675 428613 428576 428554 428540 428532 428527 428524 428522 428521 428520 428520 428520 428520 428520 428520 428520 428519 428519 428519 428519 428519 428519 428519 428519 428519 428519 428519 428519 428519 428519 428519 428519 428519 428519 428519 428519 428519 428519 428519 428519 428519 428519 428519 428519 428519 428519 428519 428519 428519 428519 428519 428519 428519 428519 428519 428519 428519 428519 428519 428519 428519 428519 428519 428519 428519 428519 428519 428519 428519 428519 428519 428519 428519 428519 428519 428519 428519 428519 428519 428519 0 0 0 0 0 0 0 0 0 0 0 0 0 0 0 0 0 0 0 0 0 0 0 0 0
#obs survey bio
 4883.85 7434.66 10435.2 16226.8 22453.6 24702.2 21042.4 48157.3 57251.3 65517.4 107522 128538 122886 148308 113481 130944 159809 143019 96516.9 85899.8 124573 140291 122190 133764 143199 167754 115469 123411
#pred catch bio
 2659.96 4559.5 5822.34 8112.62 9075.72 19562.4 18115.9 22378.4 29471.3 39454 47577.1 62407.2 83123.7 98793.5 110348 95374.3 83431.8 90828 81135.2 77608.5 79381.2 90790.4 95716.4 102986 107775 122752 103457 100660 52089.7 69111.9 39758.8 21662.8 12739.9 8858.76 7299.22 6705.22 6487.36 6409.6 6382.41 6373.04 6369.85 6368.77 6368.41 6368.29 6368.25 6368.24 6368.23 6368.23 6368.23 6368.23 6368.23 6368.23 6368.23 6368.23 6368.23 6368.23 6368.23 6368.23 6368.23 6368.23 6368.23 6368.23 6368.23 6368.23 6368.23 6368.23 6368.23 6368.23 6368.23 6368.23 6368.23 6368.23 6368.23 6368.23 6368.23 6368.23 6368.23 6368.23 6368.23 6368.23 6368.23 6368.23 6368.23 6368.23 6368.23 6368.23 6368.23 6368.23 6368.23 6368.23 6368.23 6368.23 6368.23 6368.23 6368.23 6368.23 6368.23 6368.23 6368.23 6368.23 6368.23 6368.23 6368.23 6368.23 6368.23 6368.23 6368.23 6368.23 6368.23 6368.23 6368.23 6368.23 6368.23 6368.23 6368.23 6368.23 6368.23 6368.23 6368.23 6368.23 6368.23 6368.23 6368.23 6368.23 6368.23 6368.23 6368.23 6368.23 0 0 0 0 0 0 0 0 0 0 0 0 0 0 0 0 0 0 0 0 0 0 0 0 0
#obs catch bio
 4800.99 4583.9 5757.01 8020.27 8727.69 19119.2 18403 21768.4 29012.5 38899.9 46204.8 60237.8 81160.8 96867.1 111340 93348.1 80998.6 89265.3 81401.4 76554.2 76308.8 88201.8 93816.8 99554.8 104480 118494 102623 100190
#pred cpue bio
 5193.42 6735.1 8740.17 11260.5 15510.7 25916.7 24510.4 28963 38582.9 49369.1 60688.8 79688.9 102996 121227 127955 109874 98624.1 99951.5 88458 84862.1 87937.2 96369 100394 106253 111356 119321 107661 121535 5.31627e+06 4.08207e+06 2.53278e+06 1.50509e+06 949692 674851 542101 476865 443441 425447 415320 409429 405928 403820 402538 401748 401277 400994 400824 400721 400659 400622 400600 400586 400578 400573 400570 400568 400567 400567 400566 400566 400566 400566 400566 400566 400566 400566 400566 400566 400566 400566 400566 400566 400566 400566 400566 400566 400566 400566 400566 400566 400566 400566 400566 400566 400566 400566 400566 400566 400566 400566 400566 400566 400566 400566 400566 400566 400566 400566 400566 400566 400566 400566 400566 400566 400566 400566 400566 400566 400566 400566 400566 400566 400566 400566 400566 400566 400566 400566 400566 400566 400566 400566 400566 400566 400566 400566 400566 400566 0 0 0 0 0 0 0 0 0 0 0 0 0 0 0 0 0 0 0 0 0 0 0 0 0
#obs cpue bio
 6180.11 7654.23 9842.36 13306.4 32659.7 27189.1 23562.2 43189.7 34543.2 55193.6 75116.3 104040 132367 150697 122979 193303 113399 101752 80740.4 140256 159477 116693 128300 189922 165330 185714 117444 163048
#pred surv len freq
 2.56822e-27 2.60194e-27 4.50479e-26 8.96327e-20 2.19724e-14 6.5108e-10 2.33206e-06 0.00100969 0.0528437 0.334304 0.255858 0.0370955 0.1026 0.0947311 0.0239753 0.0311644 0.0145631 0.012816 0.00864805 0.00709116 0.00590072 0.00533296 0.00553372 0.00499645 0.00153407
 2.57004e-27 2.60659e-27 4.87584e-26 9.74585e-20 2.38908e-14 7.07926e-10 2.53567e-06 0.00109785 0.0574575 0.363492 0.278184 0.0394967 0.10519 0.0967974 0.0187347 0.0184693 0.00727582 0.00473719 0.00263271 0.00182648 0.00132317 0.00106213 0.000998801 0.000913426 0.000308484
 2.56972e-27 2.60563e-27 4.7797e-26 9.54299e-20 2.33935e-14 6.93191e-10 2.48289e-06 0.001075 0.0562615 0.355926 0.272427 0.0407818 0.119015 0.109444 0.0190312 0.0158929 0.00543039 0.00236704 0.000996132 0.000512215 0.000292319 0.000196181 0.000159874 0.000140426 4.94082e-05
 2.56903e-27 2.60376e-27 4.61719e-26 9.20017e-20 2.25531e-14 6.68289e-10 2.3937e-06 0.00103638 0.0542404 0.34314 0.262668 0.041069 0.128057 0.117858 0.0218056 0.0200915 0.00653475 0.00228844 0.000747202 0.000252796 9.69834e-05 4.76852e-05 3.1025e-05 2.45418e-05 8.64418e-06
 2.57166e-27 2.6109e-27 5.24824e-26 1.05314e-19 2.58165e-14 7.6499e-10 2.74006e-06 0.00118634 0.0620889 0.392791 0.300553 0.0392482 0.0875837 0.0804966 0.0149559 0.0138745 0.00464569 0.00182814 0.000550264 0.000142267 3.43667e-05 1.01248e-05 4.42297e-06 2.84795e-06 9.63812e-07
 2.56847e-27 2.60219e-27 4.4719e-26 8.89364e-20 2.18017e-14 6.46023e-10 2.31395e-06 0.00100185 0.0524332 0.331707 0.253953 0.0420078 0.141324 0.12998 0.0217621 0.0169463 0.00566988 0.00225544 0.000714263 0.000196122 3.78997e-05 6.63388e-06 1.4895e-06 6.34523e-07 1.93797e-07
 2.56849e-27 2.60231e-27 4.49044e-26 8.93279e-20 2.18976e-14 6.48867e-10 2.32413e-06 0.00100626 0.052664 0.333167 0.255057 0.0413087 0.135229 0.124516 0.0237053 0.022744 0.00727514 0.00234153 0.000728914 0.000205295 4.23394e-05 6.27509e-06 7.30629e-07 1.41485e-07 3.37249e-08
 2.57104e-27 2.60924e-27 5.10249e-26 1.0224e-19 2.50628e-14 7.42655e-10 2.66007e-06 0.00115171 0.0602762 0.381323 0.291801 0.0395799 0.0962564 0.088519 0.0167221 0.0158921 0.00539637 0.00223219 0.000653905 0.000155446 3.20099e-05 4.96143e-06 4.73146e-07 3.70462e-08 4.7416e-09
 2.57031e-27 2.60715e-27 4.90917e-26 9.81609e-20 2.4063e-14 7.13029e-10 2.55395e-06 0.00110576 0.0578716 0.366112 0.280206 0.0408796 0.114294 0.105 0.0166777 0.0116293 0.00391403 0.00160701 0.000522284 0.000147553 2.6674e-05 3.85018e-06 3.72663e-07 2.0005e-08 9.43219e-10
 2.57038e-27 2.60737e-27 4.93103e-26 9.86223e-20 2.41761e-14 7.1638e-10 2.56595e-06 0.00111096 0.0581436 0.367832 0.281515 0.0405878 0.111153 0.102169 0.0173999 0.0139715 0.00435379 0.00123595 0.000384308 0.000111863 2.38574e-05 3.39382e-06 2.97748e-07 1.51268e-08 3.81687e-10
 2.57066e-27 2.60814e-27 4.9976e-26 1.00027e-19 2.45203e-14 7.26581e-10 2.60249e-06 0.00112678 0.0589715 0.37307 0.285513 0.0404947 0.107636 0.0988944 0.0162961 0.0122853 0.00394468 0.0013089 0.000359597 7.73203e-05 1.6165e-05 2.59147e-06 2.36287e-07 1.09889e-08 2.34432e-10
 2.5707e-27 2.60823e-27 5.00535e-26 1.0019e-19 2.45604e-14 7.27769e-10 2.60675e-06 0.00112862 0.059068 0.37368 0.285979 0.0404939 0.107303 0.0985841 0.0161901 0.0121177 0.00383311 0.00118439 0.000341108 7.9622e-05 1.29832e-05 1.80997e-06 1.79994e-07 8.7423e-09 1.71705e-10
 2.57046e-27 2.60757e-27 4.94658e-26 9.89502e-20 2.42565e-14 7.18762e-10 2.57449e-06 0.00111465 0.058337 0.369055 0.282451 0.040685 0.111236 0.10221 0.016773 0.0125341 0.0039587 0.00121172 0.000339553 7.60707e-05 1.3324e-05 1.63205e-06 1.34684e-07 6.86818e-09 1.39482e-10
 2.57023e-27 2.60694e-27 4.89112e-26 9.77803e-20 2.39697e-14 7.10264e-10 2.54405e-06 0.00110148 0.0576472 0.364692 0.279122 0.040865 0.114944 0.105629 0.0173176 0.0129157 0.00407772 0.00124574 0.000347946 7.66906e-05 1.28972e-05 1.61161e-06 1.22471e-07 5.27183e-09 1.0884e-10
 2.56935e-27 2.60456e-27 4.68023e-26 9.33313e-20 2.2879e-14 6.77947e-10 2.42829e-06 0.00105136 0.0550243 0.348099 0.266462 0.0414979 0.128655 0.118281 0.0195375 0.0147953 0.00467044 0.00142358 0.000397254 8.7327e-05 1.4522e-05 1.75713e-06 1.3244e-07 5.27129e-09 9.46761e-11
 2.56943e-27 2.60479e-27 4.70117e-26 9.37732e-20 2.29874e-14 6.81157e-10 2.43979e-06 0.00105634 0.0552848 0.349747 0.267718 0.0413854 0.126917 0.116687 0.0194521 0.0150029 0.00475337 0.00147447 0.000411991 9.0379e-05 1.4996e-05 1.79716e-06 1.31758e-07 5.12676e-09 8.49132e-11
 2.57009e-27 2.60657e-27 4.85857e-26 9.70935e-20 2.38013e-14 7.05275e-10 2.52618e-06 0.00109374 0.0572423 0.36213 0.277167 0.0409319 0.116827 0.107372 0.0177255 0.0134098 0.00426467 0.00135159 0.000380912 8.47668e-05 1.40694e-05 1.68156e-06 1.22076e-07 4.63129e-09 7.42932e-11
 2.56995e-27 2.6062e-27 4.82483e-26 9.63818e-20 2.36268e-14 7.00106e-10 2.50766e-06 0.00108572 0.0568227 0.359476 0.275143 0.0411051 0.119567 0.109884 0.01788 0.013128 0.00415459 0.00128797 0.000364796 8.27955e-05 1.39378e-05 1.67737e-06 1.21453e-07 4.55838e-09 7.1368e-11
 2.57041e-27 2.60741e-27 4.92999e-26 9.86002e-20 2.41706e-14 7.16219e-10 2.56538e-06 0.00111071 0.0581306 0.36775 0.281458 0.0409303 0.1138 0.104532 0.016375 0.0110393 0.00346546 0.00103773 0.000290407 6.48761e-05 1.10681e-05 1.35652e-06 9.92261e-08 3.71815e-09 5.75501e-11
 2.57085e-27 2.60862e-27 5.03615e-26 1.0084e-19 2.47196e-14 7.32487e-10 2.62365e-06 0.00113594 0.0594509 0.376103 0.287832 0.0406719 0.107356 0.0985742 0.0151221 0.00967713 0.0029844 0.000811643 0.000221687 4.79865e-05 8.04322e-06 9.87381e-07 7.36221e-08 2.79121e-09 4.31695e-11
 2.57094e-27 2.60885e-27 5.05664e-26 1.01272e-19 2.48256e-14 7.35626e-10 2.63489e-06 0.00114081 0.0597057 0.377714 0.289063 0.0406629 0.106423 0.0977023 0.0147711 0.00909411 0.00277704 0.000712531 0.000187147 3.72129e-05 6.01194e-06 7.19039e-07 5.33937e-08 2.05799e-09 3.22162e-11
 2.57108e-27 2.60923e-27 5.09058e-26 1.01988e-19 2.50011e-14 7.40827e-10 2.65352e-06 0.00114887 0.0601278 0.380385 0.2911 0.040534 0.10401 0.0954833 0.0145113 0.00905928 0.00275004 0.000676413 0.000173538 3.252e-05 4.88215e-06 5.46935e-07 3.93042e-08 1.50398e-09 2.38581e-11
 2.57137e-27 2.61e-27 5.15778e-26 1.03406e-19 2.53486e-14 7.51125e-10 2.6904e-06 0.00116484 0.0609637 0.385673 0.295135 0.0404113 0.100241 0.0919868 0.0135512 0.00774971 0.00235303 0.000587173 0.000149187 2.68224e-05 3.83749e-06 3.98015e-07 2.64391e-08 9.71536e-10 1.52677e-11
 2.57139e-27 2.61006e-27 5.16178e-26 1.0349e-19 2.53693e-14 7.51737e-10 2.6926e-06 0.00116579 0.0610133 0.385987 0.295376 0.040455 0.100404 0.0921253 0.0133625 0.00728239 0.00217964 0.000495827 0.000124654 2.26037e-05 3.14878e-06 3.09833e-07 1.90085e-08 6.42833e-10 9.64959e-12
 2.57164e-27 2.61072e-27 5.22064e-26 1.04732e-19 2.56737e-14 7.60757e-10 2.7249e-06 0.00117978 0.0617454 0.390618 0.298909 0.0402817 0.0966034 0.0886177 0.0127385 0.00674146 0.0020032 0.000433173 0.000105291 1.76475e-05 2.44019e-06 2.37034e-07 1.37888e-08 4.29953e-10 5.93827e-12
 2.57147e-27 2.61027e-27 5.18014e-26 1.03877e-19 2.54643e-14 7.54551e-10 2.70268e-06 0.00117016 0.0612417 0.387432 0.296479 0.0404487 0.0995817 0.0913557 0.013035 0.00672778 0.00199039 0.000417527 9.96681e-05 1.58666e-05 2.05902e-06 1.9083e-07 1.09479e-08 3.24596e-10 4.13494e-12
 2.57169e-27 2.61086e-27 5.23143e-26 1.04959e-19 2.57295e-14 7.6241e-10 2.73083e-06 0.00118234 0.0618796 0.391467 0.299559 0.0403617 0.0967555 0.0887317 0.0122832 0.00567358 0.00166816 0.000341107 8.04511e-05 1.24256e-05 1.55202e-06 1.34652e-07 7.26623e-09 2.09908e-10 2.5482e-12
 2.57168e-27 2.61085e-27 5.23139e-26 1.04958e-19 2.57293e-14 7.62404e-10 2.7308e-06 0.00118233 0.0618791 0.391464 0.299555 0.0402607 0.0959897 0.0880504 0.0126224 0.00661694 0.00192848 0.000353368 8.10258e-05 1.22074e-05 1.48918e-06 1.2411e-07 6.27548e-09 1.69707e-10 1.98545e-12
#obs surv len freq
 1.76503e-41 2.44975e-33 4.10996e-26 8.33492e-20 2.04321e-14 6.0544e-10 2.16859e-06 0.000938923 0.0491395 0.310871 0.238112 0.044029 0.152062 0.128824 0.0363341 0.027931 0.00849549 0.00267591 0.000521454 6.01769e-05 3.00823e-06 4.77181e-08 1.79467e-10 1.28895e-13 1.53095e-17
 2.17291e-41 3.01585e-33 5.05971e-26 1.0261e-19 2.51536e-14 7.45348e-10 2.66971e-06 0.00115589 0.0604949 0.382708 0.292938 0.0419985 0.0973135 0.0779283 0.0225875 0.0163994 0.00478664 0.00140748 0.00025243 2.56407e-05 1.06705e-06 1.33032e-08 3.76632e-11 1.97976e-14 1.69093e-18
 1.71858e-41 2.38528e-33 4.0018e-26 8.11556e-20 1.98943e-14 5.89506e-10 2.11151e-06 0.000914212 0.0478462 0.30269 0.23206 0.0512576 0.182352 0.136224 0.0268775 0.0144035 0.0040613 0.00111313 0.000181296 1.60252e-05 5.51683e-07 5.39397e-09 1.14906e-11 4.4238e-15 2.72218e-19
 2.09558e-41 2.90852e-33 4.87965e-26 9.89583e-20 2.42585e-14 7.18823e-10 2.57471e-06 0.00111476 0.058342 0.369089 0.282661 0.0457856 0.112836 0.0808956 0.0276506 0.0175235 0.00333421 0.000660778 9.6454e-05 7.32457e-06 2.06119e-07 1.57284e-09 2.52061e-12 7.11787e-16 3.16146e-20
 2.37327e-41 3.29394e-33 5.52626e-26 1.12071e-19 2.7473e-14 8.14075e-10 2.91589e-06 0.00126248 0.0660731 0.417997 0.319979 0.0442869 0.078961 0.0519694 0.0114733 0.00594025 0.00168203 0.00033848 3.19024e-05 1.88896e-06 4.28165e-08 2.52714e-10 3.03701e-13 6.29436e-17 2.0222e-21
 1.32302e-41 1.83627e-33 3.08072e-26 6.24764e-20 1.53154e-14 4.53822e-10 1.62552e-06 0.000703793 0.0368337 0.233024 0.179524 0.0711625 0.27178 0.166099 0.0278095 0.0106405 0.00199503 0.00038388 4.12163e-05 1.7127e-06 2.70779e-08 1.20153e-10 1.07517e-13 1.63128e-17 3.79166e-22
 2.20723e-41 3.06349e-33 5.13963e-26 1.04231e-19 2.55509e-14 7.57121e-10 2.71188e-06 0.00117415 0.0614504 0.388754 0.297789 0.0468177 0.0896355 0.0570302 0.036011 0.0185044 0.00250275 0.000301921 2.50201e-05 1.00551e-06 1.18333e-08 3.50803e-11 2.21819e-14 2.43264e-18 4.07691e-23
 1.99157e-41 2.76417e-33 4.63746e-26 9.40468e-20 2.30545e-14 6.83146e-10 2.44692e-06 0.00105943 0.0554464 0.350773 0.269258 0.0608691 0.154307 0.0821553 0.0157777 0.00727766 0.00267512 0.000379634 1.91983e-05 5.24821e-07 5.11306e-09 1.14364e-11 4.87044e-15 3.60912e-19 4.22026e-24
 2.02784e-41 2.81451e-33 4.72192e-26 9.57595e-20 2.34743e-14 6.95587e-10 2.49148e-06 0.00107872 0.0564561 0.357161 0.274232 0.0614794 0.14328 0.0736216 0.0227161 0.00843104 0.00127806 0.000243994 1.90345e-05 3.76767e-07 2.30296e-09 3.77669e-12 1.20196e-15 6.23727e-20 4.91324e-25
 1.98352e-41 2.75299e-33 4.61871e-26 9.36665e-20 2.29612e-14 6.80384e-10 2.43702e-06 0.00105515 0.0552222 0.349356 0.268558 0.0669507 0.15396 0.0735561 0.0218087 0.00791775 0.00144116 0.000160419 1.06076e-05 2.67318e-07 1.3896e-09 1.45998e-12 3.0953e-16 1.14761e-20 6.4918e-26
 2.10115e-41 2.91626e-33 4.89263e-26 9.92215e-20 2.4323e-14 7.20735e-10 2.58155e-06 0.00111772 0.0584972 0.370076 0.284431 0.0658088 0.132937 0.0600243 0.0194384 0.00643767 0.00110194 0.000122241 5.88416e-06 1.1062e-07 5.79052e-10 5.50291e-13 8.34885e-17 2.01831e-21 7.62143e-27
 2.03518e-41 2.8247e-33 4.73901e-26 9.61062e-20 2.35593e-14 6.98105e-10 2.5005e-06 0.00108263 0.0566606 0.358459 0.276011 0.0734811 0.148042 0.0616539 0.0180802 0.00549404 0.000935246 9.34459e-05 4.02014e-06 5.67849e-08 2.12e-10 1.6884e-13 2.2479e-17 4.35428e-22 1.17575e-27
 1.98783e-41 2.75897e-33 4.62875e-26 9.387e-20 2.30111e-14 6.81862e-10 2.44232e-06 0.00105744 0.0553422 0.350122 0.270108 0.0798204 0.155182 0.0618265 0.0201815 0.00547245 0.000809412 7.3284e-05 2.76494e-06 3.22227e-08 9.00018e-11 5.0244e-14 4.94019e-18 7.60388e-23 1.66381e-28
 1.86584e-41 2.58966e-33 4.3447e-26 8.81096e-20 2.1599e-14 6.40019e-10 2.29244e-06 0.000992549 0.0519461 0.328643 0.254519 0.091345 0.175552 0.0669136 0.0231626 0.0059882 0.000866742 6.6034e-05 2.0785e-06 1.9974e-08 4.38863e-11 1.82321e-14 1.26799e-18 1.3648e-23 2.14885e-29
 1.68461e-41 2.33812e-33 3.92269e-26 7.95513e-20 1.95011e-14 5.77852e-10 2.06977e-06 0.00089614 0.0469004 0.296733 0.231324 0.106544 0.201694 0.0766814 0.0305321 0.00754425 0.00107236 7.48701e-05 1.95196e-06 1.47014e-08 2.51354e-11 7.9631e-15 4.10615e-19 3.18377e-24 3.52791e-30
 1.90811e-41 2.64833e-33 4.44313e-26 9.01057e-20 2.20884e-14 6.54518e-10 2.34438e-06 0.00101503 0.0531229 0.336098 0.261078 0.0955299 0.154998 0.0613978 0.0284896 0.00715392 0.00104477 6.76344e-05 1.53313e-06 9.2244e-09 1.19239e-11 2.81788e-15 1.07934e-19 6.16007e-25 4.96225e-31
 1.85839e-41 2.57933e-33 4.32736e-26 8.7758e-20 2.15128e-14 6.37464e-10 2.28329e-06 0.000988587 0.0517388 0.327354 0.255715 0.109653 0.169483 0.0574612 0.0211572 0.00553382 0.000857093 5.39952e-05 1.08824e-06 5.40326e-09 5.4287e-12 9.54825e-16 2.66793e-20 1.10556e-25 6.46255e-32
 1.84178e-41 2.55627e-33 4.28868e-26 8.69735e-20 2.13205e-14 6.31767e-10 2.26289e-06 0.000979751 0.0512763 0.324442 0.25453 0.116726 0.167802 0.0576201 0.0215235 0.00445317 0.000605802 3.78214e-05 7.00837e-07 2.94959e-09 2.36241e-12 3.17697e-16 6.58552e-21 1.98391e-26 8.33971e-33
 1.85458e-41 2.57404e-33 4.31849e-26 8.75781e-20 2.14687e-14 6.36158e-10 2.27861e-06 0.000986561 0.0516328 0.326712 0.257298 0.121836 0.161213 0.0551321 0.0205637 0.00412739 0.000472336 2.3902e-05 3.92817e-07 1.43069e-09 9.36282e-13 9.84383e-17 1.54732e-21 3.46033e-27 1.06311e-33
 1.94366e-41 2.69768e-33 4.52592e-26 9.17847e-20 2.24999e-14 6.66714e-10 2.38806e-06 0.00103395 0.0541128 0.342415 0.269923 0.121087 0.144062 0.0472987 0.0165367 0.00317828 0.000335866 1.3947e-05 1.77355e-07 5.21418e-10 2.78254e-13 2.32719e-17 2.82835e-22 4.78226e-28 1.09267e-34
 1.94382e-41 2.69789e-33 4.52627e-26 9.1792e-20 2.25017e-14 6.66767e-10 2.38825e-06 0.00103403 0.0541172 0.342469 0.271587 0.129536 0.142189 0.0431256 0.0133784 0.00233182 0.00022162 7.95189e-06 7.96593e-08 1.75001e-10 7.0516e-14 4.54244e-18 4.2625e-23 5.51022e-29 9.50011e-36
 1.97787e-41 2.74515e-33 4.60555e-26 9.33997e-20 2.28958e-14 6.78445e-10 2.43008e-06 0.00105214 0.0550651 0.348493 0.27741 0.131897 0.132347 0.0401392 0.0116926 0.00175606 0.000141382 4.2605e-06 3.45197e-08 5.79839e-11 1.71437e-14 8.0276e-19 5.52855e-24 5.30602e-30 6.83093e-37
 1.91197e-41 2.65369e-33 4.45212e-26 9.0288e-20 2.2133e-14 6.55842e-10 2.34912e-06 0.00101709 0.0532307 0.336943 0.271526 0.146997 0.138306 0.0397832 0.0106278 0.00146695 9.85987e-05 2.36032e-06 1.50261e-08 1.94629e-11 4.31606e-15 1.47669e-19 7.31218e-25 5.02308e-31 4.64406e-38
 1.95923e-41 2.71928e-33 4.56216e-26 9.25196e-20 2.26801e-14 6.72053e-10 2.40718e-06 0.00104223 0.0545465 0.345306 0.279137 0.145581 0.125515 0.0379052 0.00970336 0.00119026 6.84198e-05 1.30635e-06 6.29656e-09 6.10511e-12 1.00882e-15 2.54874e-20 9.20971e-26 4.56407e-32 3.01759e-39
 1.94283e-41 2.69652e-33 4.52397e-26 9.17451e-20 2.24902e-14 6.66427e-10 2.38703e-06 0.0010335 0.05409 0.342494 0.279967 0.155303 0.123459 0.0345125 0.00814199 0.000949726 4.67226e-05 7.15746e-07 2.63438e-09 1.88057e-12 2.25825e-16 4.14187e-21 1.08663e-26 3.90224e-33 1.86264e-40
 1.87971e-41 2.60891e-33 4.37698e-26 8.87644e-20 2.17595e-14 6.44775e-10 2.30948e-06 0.000999925 0.052333 0.331491 0.275704 0.16917 0.126544 0.0353693 0.00757667 0.000775726 3.33363e-05 4.18224e-07 1.18312e-09 6.27292e-13 5.47177e-17 7.19859e-22 1.34894e-27 3.46118e-34 1.18224e-41
 1.7992e-41 2.49716e-33 4.18951e-26 8.49625e-20 2.08275e-14 6.17158e-10 2.21056e-06 0.000957097 0.0500921 0.317465 0.27 0.184062 0.13091 0.0380315 0.00774444 0.000710646 2.54215e-05 2.58873e-07 5.73709e-10 2.28752e-13 1.46177e-17 1.38836e-22 1.861e-28 3.396e-35 8.22602e-43
 1.82316e-41 2.53043e-33 4.24533e-26 8.60943e-20 2.1105e-14 6.2538e-10 2.24001e-06 0.000969848 0.0507599 0.32181 0.275807 0.18245 0.122343 0.0377006 0.00749396 0.000644434 1.96035e-05 1.58547e-07 2.70691e-10 8.17455e-14 3.88085e-18 2.69064e-23 2.60072e-29 3.39632e-36 5.85896e-44
#pred catch len freq
 2.56721e-27 2.59924e-27 4.2717e-26 8.47155e-20 2.0767e-14 6.15363e-10 2.20413e-06 0.000954303 0.0499448 0.315964 0.241857 0.0372833 0.113866 0.105173 0.026618 0.0345996 0.0161683 0.0142287 0.00960131 0.00787281 0.00655115 0.0059208 0.0061437 0.00554721 0.00170316
 2.56955e-27 2.60526e-27 4.7595e-26 9.50043e-20 2.32892e-14 6.90099e-10 2.47182e-06 0.0010702 0.0560106 0.354338 0.271199 0.0397706 0.112182 0.103256 0.0199847 0.0197016 0.00776129 0.00505326 0.00280837 0.00194835 0.00141145 0.001133 0.00106544 0.000974372 0.000329067
 2.56919e-27 2.60418e-27 4.65175e-26 9.27307e-20 2.27318e-14 6.73585e-10 2.41267e-06 0.00104459 0.0546702 0.345859 0.264746 0.0411566 0.127264 0.117055 0.0203548 0.0169982 0.00580805 0.00253165 0.00106541 0.000547837 0.000312648 0.000209825 0.000170992 0.000150192 5.28443e-05
 2.56865e-27 2.60273e-27 4.52591e-26 9.00761e-20 2.20811e-14 6.54302e-10 2.3436e-06 0.00101469 0.0531052 0.335958 0.257188 0.0413278 0.133876 0.123231 0.0227997 0.0210074 0.00683266 0.00239277 0.000781265 0.000264321 0.000101405 4.98591e-05 3.24394e-05 2.56606e-05 9.03825e-06
 2.57101e-27 2.60913e-27 5.09207e-26 1.0202e-19 2.50089e-14 7.41058e-10 2.65435e-06 0.00114923 0.0601466 0.380504 0.291177 0.0396875 0.0975138 0.0896645 0.0166593 0.0154546 0.0051748 0.00203635 0.000612935 0.00015847 3.82808e-05 1.12779e-05 4.92671e-06 3.17231e-06 1.07358e-06
 2.5682e-27 2.60146e-27 4.4077e-26 8.75821e-20 2.14697e-14 6.36186e-10 2.27871e-06 0.000986594 0.0516348 0.326656 0.2501 0.0422055 0.145536 0.133865 0.0224126 0.0174529 0.00583937 0.00232286 0.000735614 0.000201984 3.90326e-05 6.83218e-06 1.53403e-06 6.53491e-07 1.9959e-07
 2.56817e-27 2.60145e-27 4.41439e-26 8.77235e-20 2.15044e-14 6.37212e-10 2.28239e-06 0.000988187 0.0517181 0.327183 0.250491 0.0415201 0.140045 0.128964 0.0245521 0.0235564 0.00753502 0.00242517 0.000754952 0.000212628 4.38518e-05 6.49925e-06 7.56729e-07 1.46539e-07 3.49296e-08
 2.5708e-27 2.60859e-27 5.04475e-26 1.01021e-19 2.47642e-14 7.33807e-10 2.62837e-06 0.00113799 0.0595581 0.37678 0.288335 0.0397393 0.0999052 0.0918882 0.0173586 0.016497 0.00560177 0.00231715 0.000678794 0.000161363 3.32283e-05 5.15028e-06 4.91155e-07 3.84563e-08 4.92208e-09
 2.57004e-27 2.60644e-27 4.84578e-26 9.68238e-20 2.37352e-14 7.03316e-10 2.51916e-06 0.0010907 0.0570833 0.361125 0.276402 0.041083 0.118515 0.108891 0.0172957 0.0120603 0.00405908 0.00166657 0.000541639 0.000153021 2.76625e-05 3.99286e-06 3.86473e-07 2.07463e-08 9.78173e-10
 2.57021e-27 2.60692e-27 4.89113e-26 9.77805e-20 2.39697e-14 7.10266e-10 2.54405e-06 0.00110148 0.0576474 0.364693 0.27912 0.0407106 0.113771 0.104584 0.017811 0.0143017 0.00445668 0.00126515 0.00039339 0.000114507 2.44211e-05 3.47402e-06 3.04785e-07 1.54842e-08 3.90707e-10
 2.57045e-27 2.60756e-27 4.94655e-26 9.89496e-20 2.42563e-14 7.18757e-10 2.57447e-06 0.00111465 0.0583366 0.369053 0.282449 0.0406553 0.111011 0.102007 0.0168091 0.012672 0.00406886 0.00135011 0.000370917 7.97542e-05 1.66739e-05 2.67305e-06 2.43726e-07 1.13348e-08 2.41812e-10
 2.57048e-27 2.60765e-27 4.95363e-26 9.90991e-20 2.42929e-14 7.19843e-10 2.57836e-06 0.00111633 0.0584247 0.369611 0.282874 0.0406574 0.110728 0.101743 0.0167089 0.0125059 0.00395593 0.00122234 0.000352038 8.21733e-05 1.33992e-05 1.86796e-06 1.85761e-07 9.02242e-09 1.77207e-10
 2.57031e-27 2.60717e-27 4.91136e-26 9.82072e-20 2.40743e-14 7.13365e-10 2.55515e-06 0.00110628 0.0578989 0.366284 0.280337 0.0407965 0.11357 0.104362 0.0171261 0.012798 0.00404205 0.00123723 0.000346702 7.76724e-05 1.36045e-05 1.66641e-06 1.3752e-07 7.0128e-09 1.42419e-10
 2.57011e-27 2.60662e-27 4.86257e-26 9.71779e-20 2.3822e-14 7.05888e-10 2.52837e-06 0.00109469 0.057292 0.362445 0.277408 0.0409554 0.116837 0.107375 0.0176037 0.0131291 0.00414509 0.00126632 0.000353696 7.79578e-05 1.31103e-05 1.63824e-06 1.24494e-07 5.35894e-09 1.10638e-10
 2.56941e-27 2.60473e-27 4.6949e-26 9.36408e-20 2.29549e-14 6.80195e-10 2.43634e-06 0.00105484 0.0552067 0.349253 0.267342 0.0414517 0.127685 0.117386 0.0193897 0.0146834 0.00463511 0.00141281 0.000394249 8.66664e-05 1.44121e-05 1.74384e-06 1.31438e-07 5.23141e-09 9.39599e-11
 2.56951e-27 2.605e-27 4.71937e-26 9.41571e-20 2.30815e-14 6.83945e-10 2.44978e-06 0.00106066 0.0555111 0.351178 0.268811 0.0413285 0.125717 0.11558 0.0192676 0.0148606 0.00470828 0.00146048 0.000408083 8.95216e-05 1.48537e-05 1.78011e-06 1.30509e-07 5.07813e-09 8.41078e-11
 2.57006e-27 2.60651e-27 4.85295e-26 9.6975e-20 2.37722e-14 7.04414e-10 2.52309e-06 0.0010924 0.0571724 0.361688 0.27683 0.0409496 0.117198 0.107715 0.0177821 0.0134525 0.00427828 0.0013559 0.000382127 8.50373e-05 1.41143e-05 1.68693e-06 1.22465e-07 4.64606e-09 7.45302e-11
 2.57013e-27 2.60668e-27 4.86707e-26 9.72729e-20 2.38453e-14 7.06578e-10 2.53085e-06 0.00109576 0.0573481 0.3628 0.277679 0.0409706 0.116762 0.107298 0.0174591 0.012819 0.00405681 0.00125766 0.000356209 8.08467e-05 1.36097e-05 1.63789e-06 1.18594e-07 4.45109e-09 6.96882e-11
 2.57058e-27 2.60787e-27 4.97108e-26 9.94671e-20 2.43831e-14 7.22516e-10 2.58793e-06 0.00112048 0.0586417 0.370983 0.283925 0.0407956 0.111042 0.10199 0.0159767 0.0107708 0.00338117 0.00101249 0.000283344 6.32981e-05 1.07989e-05 1.32353e-06 9.68126e-08 3.62772e-09 5.61503e-11
 2.57099e-27 2.60898e-27 5.06828e-26 1.01517e-19 2.48858e-14 7.3741e-10 2.64128e-06 0.00114357 0.0598504 0.37863 0.28976 0.0405648 0.105186 0.0965743 0.0148153 0.00948079 0.00292385 0.000795176 0.000217189 4.70129e-05 7.88003e-06 9.67348e-07 7.21284e-08 2.73458e-09 4.22937e-11
 2.57104e-27 2.60911e-27 5.07957e-26 1.01756e-19 2.49442e-14 7.3914e-10 2.64748e-06 0.00114626 0.0599909 0.379519 0.290439 0.0405856 0.104867 0.0962688 0.0145543 0.00896068 0.0027363 0.000702077 0.000184401 3.66669e-05 5.92373e-06 7.08489e-07 5.26102e-08 2.02779e-09 3.17435e-11
 2.57127e-27 2.60976e-27 5.13707e-26 1.02969e-19 2.52415e-14 7.47952e-10 2.67904e-06 0.00115992 0.0607061 0.384043 0.293891 0.0403776 0.100859 0.0925795 0.01407 0.00878377 0.00266641 0.000655843 0.000168261 3.1531e-05 4.73368e-06 5.30302e-07 3.81089e-08 1.45824e-09 2.31325e-11
 2.57157e-27 2.61055e-27 5.20621e-26 1.04427e-19 2.55991e-14 7.58547e-10 2.71699e-06 0.00117635 0.061566 0.389483 0.298042 0.040245 0.0969332 0.088939 0.0131022 0.00749293 0.00227506 0.000567718 0.000144244 2.59337e-05 3.71034e-06 3.84828e-07 2.55631e-08 9.39346e-10 1.47618e-11
 2.57163e-27 2.61071e-27 5.21959e-26 1.04709e-19 2.56683e-14 7.60596e-10 2.72433e-06 0.00117953 0.0617324 0.390536 0.298846 0.0402541 0.0964378 0.0884715 0.0128325 0.00699356 0.00209319 0.000476162 0.00011971 2.17072e-05 3.02389e-06 2.97544e-07 1.82546e-08 6.17338e-10 9.26688e-12
 2.57185e-27 2.61131e-27 5.27274e-26 1.05831e-19 2.59431e-14 7.68741e-10 2.7535e-06 0.00119216 0.0623934 0.394717 0.302037 0.0400996 0.09302 0.085317 0.012264 0.00649036 0.00192859 0.000417038 0.000101369 1.69902e-05 2.3493e-06 2.28206e-07 1.32752e-08 4.13939e-10 5.71708e-12
 2.57186e-27 2.61132e-27 5.27331e-26 1.05843e-19 2.59461e-14 7.68828e-10 2.75381e-06 0.0011923 0.0624005 0.394762 0.302071 0.0401214 0.0931613 0.0854422 0.0121912 0.00629228 0.00186155 0.0003905 9.32165e-05 1.48396e-05 1.92573e-06 1.78477e-07 1.02393e-08 3.03585e-10 3.86728e-12
 2.57188e-27 2.61138e-27 5.27825e-26 1.05947e-19 2.59716e-14 7.69585e-10 2.75652e-06 0.00119347 0.0624619 0.395151 0.302369 0.040194 0.093505 0.0857386 0.0118689 0.0054822 0.00161189 0.0003296 7.77373e-05 1.20065e-05 1.49966e-06 1.3011e-07 7.02112e-09 2.02827e-10 2.46224e-12
 2.57156e-27 2.61052e-27 5.20219e-26 1.04342e-19 2.55782e-14 7.57929e-10 2.71477e-06 0.00117539 0.0615159 0.389166 0.297802 0.0403631 0.098001 0.089903 0.0128879 0.00675616 0.00196906 0.000360803 8.27306e-05 1.24642e-05 1.52052e-06 1.26721e-07 6.40752e-09 1.73278e-10 2.02723e-12
#obs catch len freq
 1.74596e-41 2.42328e-33 4.06556e-26 8.24487e-20 2.02113e-14 5.98899e-10 2.14516e-06 0.000928779 0.0486086 0.307512 0.235549 0.0440761 0.154019 0.130545 0.0373529 0.0289739 0.00893412 0.00285908 0.000568569 6.75407e-05 3.50704e-06 5.79657e-08 2.26955e-10 1.69357e-13 2.08561e-17
 1.76728e-41 2.45287e-33 4.1152e-26 8.34555e-20 2.04581e-14 6.06212e-10 2.17135e-06 0.000940121 0.0492022 0.311268 0.238475 0.0459806 0.155882 0.125017 0.0362083 0.0263362 0.00784984 0.00235895 0.000432776 4.50653e-05 1.93534e-06 2.50061e-08 7.3358e-11 3.98596e-14 3.50988e-18
 2.18043e-41 3.0263e-33 5.07724e-26 1.02965e-19 2.52408e-14 7.4793e-10 2.67896e-06 0.0011599 0.0607045 0.384034 0.293993 0.0432954 0.0988082 0.0747204 0.0222788 0.0152136 0.00435153 0.00121465 0.000203904 1.8525e-05 6.55543e-07 6.60076e-09 1.44924e-11 5.74298e-15 3.6292e-19
 1.73616e-41 2.40968e-33 4.04274e-26 8.19859e-20 2.00979e-14 5.95537e-10 2.13312e-06 0.000923566 0.0483358 0.305787 0.234517 0.0537673 0.183909 0.129083 0.0257537 0.0131817 0.00364377 0.000942176 0.000142727 1.11877e-05 3.24311e-07 2.54014e-09 4.17326e-12 1.20718e-15 5.48544e-20
 2.11536e-41 2.93599e-33 4.92573e-26 9.98927e-20 2.44875e-14 7.2561e-10 2.59902e-06 0.00112529 0.0588929 0.372574 0.285387 0.0473884 0.112636 0.0760436 0.0268343 0.0156313 0.00286016 0.000545567 7.36714e-05 4.91656e-06 1.15446e-07 7.00393e-10 8.61132e-13 1.82117e-16 5.96195e-21
 2.38964e-41 3.31666e-33 5.56438e-26 1.12845e-19 2.76625e-14 8.19691e-10 2.936e-06 0.00127119 0.0665288 0.420881 0.32223 0.0453703 0.0779131 0.0479941 0.0107923 0.00527306 0.00145295 0.000265977 2.32647e-05 1.21534e-06 2.27966e-08 1.06243e-10 9.74863e-14 1.50849e-17 3.56531e-22
 1.35682e-41 1.88317e-33 3.15942e-26 6.40723e-20 1.57066e-14 4.65414e-10 1.66704e-06 0.00072177 0.0377746 0.238977 0.184284 0.0756108 0.270921 0.154343 0.0259704 0.00935566 0.00170137 0.000308508 2.95036e-05 1.06131e-06 1.39569e-08 4.87172e-11 3.31447e-14 3.74385e-18 6.38999e-23
 2.23732e-41 3.10526e-33 5.20972e-26 1.05652e-19 2.58993e-14 7.67445e-10 2.74886e-06 0.00119016 0.0622884 0.394055 0.301912 0.048197 0.0873735 0.0528967 0.0341515 0.0156742 0.00201194 0.000228535 1.72917e-05 5.90612e-07 5.65984e-09 1.3209e-11 6.3473e-15 5.17112e-19 6.35289e-24
 2.02854e-41 2.81548e-33 4.72356e-26 9.57928e-20 2.34825e-14 6.95829e-10 2.49234e-06 0.0010791 0.0564758 0.357285 0.274379 0.0631969 0.149922 0.0742408 0.0144641 0.00643976 0.00222519 0.000276137 1.25903e-05 2.97659e-07 2.34806e-09 4.08155e-12 1.31801e-15 7.25643e-20 6.2134e-25
 2.06747e-41 2.86951e-33 4.8142e-26 9.76309e-20 2.39331e-14 7.09181e-10 2.54017e-06 0.00109981 0.0575595 0.364142 0.279721 0.0636663 0.138245 0.0664937 0.0208398 0.00699303 0.00104099 0.000184368 1.21381e-05 2.00724e-07 1.002e-09 1.27863e-12 3.06986e-16 1.18133e-20 6.81691e-26
 2.02746e-41 2.81398e-33 4.72104e-26 9.57417e-20 2.34699e-14 6.95458e-10 2.49101e-06 0.00107852 0.0564456 0.357097 0.274666 0.0693213 0.147712 0.0660107 0.0198147 0.00659258 0.00113645 0.000114964 6.80617e-06 1.39327e-07 5.71524e-10 4.66008e-13 7.47135e-17 2.05151e-21 8.49279e-27
 2.14251e-41 2.97366e-33 4.98894e-26 1.01175e-19 2.48018e-14 7.34921e-10 2.63237e-06 0.00113973 0.0596487 0.377362 0.290189 0.0677976 0.126564 0.0536016 0.0174673 0.0052799 0.000858546 8.52813e-05 3.57317e-06 5.60785e-08 2.3028e-10 1.66578e-13 1.89813e-17 3.4006e-22 9.39492e-28
 2.0814e-41 2.88884e-33 4.84663e-26 9.82887e-20 2.40943e-14 7.13959e-10 2.55728e-06 0.00110722 0.0579473 0.366602 0.282482 0.0756784 0.140191 0.0546769 0.0160544 0.00447605 0.000716828 6.3873e-05 2.35984e-06 2.7336e-08 8.0612e-11 4.88917e-14 4.85e-18 6.92801e-23 1.36945e-28
 2.03825e-41 2.82896e-33 4.74617e-26 9.62514e-20 2.35949e-14 6.9916e-10 2.50428e-06 0.00108426 0.0567461 0.359007 0.277203 0.0821125 0.146225 0.0548279 0.017746 0.0043859 0.000609354 4.90334e-05 1.57279e-06 1.48736e-08 3.24788e-11 1.37929e-14 1.01028e-18 1.14228e-23 1.82214e-29
 1.92215e-41 2.66782e-33 4.47583e-26 9.07688e-20 2.22509e-14 6.59335e-10 2.36163e-06 0.00102251 0.0535139 0.338566 0.262519 0.0940696 0.165101 0.0594923 0.0202411 0.00478665 0.000641025 4.30745e-05 1.14797e-06 8.88184e-09 1.5146e-11 4.76056e-15 2.46098e-19 1.94413e-24 2.22626e-30
 1.74767e-41 2.42565e-33 4.06954e-26 8.25294e-20 2.02311e-14 5.99485e-10 2.14726e-06 0.000929688 0.0486562 0.307847 0.240408 0.110012 0.189824 0.0688798 0.0265856 0.0060217 0.000785354 4.78506e-05 1.04377e-06 6.29902e-09 8.31927e-12 1.98541e-15 7.58728e-20 4.3118e-25 3.47416e-31
 1.96766e-41 2.73098e-33 4.58178e-26 9.29175e-20 2.27776e-14 6.74943e-10 2.41754e-06 0.00104671 0.0547807 0.346592 0.269595 0.0976747 0.144209 0.0552012 0.0244472 0.00565964 0.000748121 4.19174e-05 7.85827e-07 3.75283e-09 3.72983e-12 6.62103e-16 1.87487e-20 7.82823e-26 4.5807e-32
 1.92025e-41 2.66518e-33 4.47139e-26 9.06789e-20 2.22289e-14 6.58682e-10 2.35929e-06 0.00102149 0.0534608 0.338258 0.264692 0.111805 0.156823 0.0508749 0.018034 0.0043872 0.000607602 3.27765e-05 5.39976e-07 2.10903e-09 1.61863e-12 2.13073e-16 4.39258e-21 1.32963e-26 5.63831e-33
 1.90499e-41 2.644e-33 4.43586e-26 8.99583e-20 2.20522e-14 6.53448e-10 2.34054e-06 0.00101337 0.0530361 0.335587 0.2638 0.118683 0.154758 0.0511873 0.018032 0.0034532 0.000425422 2.25459e-05 3.37338e-07 1.10612e-09 6.72384e-13 6.73921e-17 1.02812e-21 2.25934e-27 6.88385e-34
 1.91898e-41 2.66342e-33 4.46844e-26 9.0619e-20 2.22142e-14 6.58247e-10 2.35773e-06 0.00102082 0.0534256 0.338069 0.266812 0.123318 0.147901 0.0488975 0.0170685 0.00315065 0.000321122 1.38653e-05 1.83152e-07 5.14946e-10 2.54025e-13 1.98166e-17 2.286e-22 3.72279e-28 8.28198e-35
 2.00553e-41 2.78355e-33 4.66998e-26 9.47063e-20 2.32161e-14 6.87937e-10 2.46408e-06 0.00106686 0.0558354 0.35333 0.279104 0.121752 0.131131 0.0416057 0.0135517 0.00239137 0.000222271 7.76766e-06 7.92742e-08 1.79494e-10 7.18258e-14 4.437e-18 3.94524e-23 4.8479e-29 8.01045e-36
 2.00574e-41 2.78384e-33 4.67046e-26 9.4716e-20 2.32185e-14 6.88007e-10 2.46433e-06 0.00106697 0.0558411 0.353399 0.280905 0.129698 0.128769 0.0376123 0.0108307 0.00172786 0.000143576 4.28435e-06 3.40981e-08 5.74991e-11 1.73429e-14 8.22818e-19 5.63192e-24 5.27872e-30 6.57126e-37
 2.03911e-41 2.83015e-33 4.74816e-26 9.62917e-20 2.36048e-14 6.99453e-10 2.50533e-06 0.00108472 0.0567702 0.359308 0.286692 0.131382 0.119258 0.0348252 0.00931342 0.00127278 8.91525e-05 2.21856e-06 1.41619e-08 1.81429e-11 4.00319e-15 1.37843e-19 6.91218e-25 4.79958e-31 4.45213e-38
 1.976e-41 2.74256e-33 4.60121e-26 9.33117e-20 2.28743e-14 6.77806e-10 2.42779e-06 0.00105115 0.0550134 0.348261 0.281435 0.146027 0.124363 0.0343438 0.00839649 0.00104494 6.04493e-05 1.18827e-06 5.92925e-09 5.82855e-12 9.61047e-16 2.41291e-20 8.69027e-26 4.315e-32 2.87091e-39
 2.02211e-41 2.80655e-33 4.70857e-26 9.5489e-20 2.3408e-14 6.93621e-10 2.48444e-06 0.00107568 0.0562972 0.356428 0.288905 0.143864 0.112449 0.0325561 0.00755103 0.000830038 4.06785e-05 6.31546e-07 2.37427e-09 1.74153e-12 2.13377e-16 3.94745e-21 1.03603e-26 3.7085e-33 1.76393e-40
 2.00627e-41 2.78457e-33 4.67169e-26 9.47409e-20 2.32246e-14 6.88188e-10 2.46498e-06 0.00106725 0.0558564 0.35373 0.289993 0.152844 0.110143 0.0293986 0.00628765 0.000650267 2.69854e-05 3.33407e-07 9.51032e-10 5.11781e-13 4.54752e-17 6.09714e-22 1.16015e-27 3.00593e-34 1.03146e-41
 1.9456e-41 2.70036e-33 4.53042e-26 9.18759e-20 2.25223e-14 6.67377e-10 2.39044e-06 0.00103498 0.0541678 0.34318 0.286358 0.166083 0.112888 0.0299683 0.00577705 0.000522288 1.87724e-05 1.8808e-07 4.09917e-10 1.63228e-13 1.05124e-17 1.00968e-22 1.37087e-28 2.53534e-35 6.2196e-43
 1.86777e-41 2.59234e-33 4.34919e-26 8.82007e-20 2.16214e-14 6.40681e-10 2.29481e-06 0.000993576 0.0520017 0.329657 0.281392 0.180439 0.117048 0.0321321 0.00585168 0.000469122 1.3937e-05 1.12593e-07 1.91044e-10 5.69872e-14 2.68282e-18 1.85785e-23 1.80296e-29 2.37031e-36 4.12181e-44
#spawning biomass
 5661.47 7602.48 9881.9 12630.2 18026.8 28903 27322.1 33346.4 44029.4 56381.4 69594 91432.8 117781 138201 144235 123970 112218 113543 101121 97637.5 101320 111257 116422 123274 129690 138626 125528 141655 172000 187717 108268 59246.3 35074.3 24560.3 20335.5 18726.4 18136.2 17925.6 17851.9 17826.5 17817.9 17815 17814 17813.6 17813.5 17813.5 17813.5 17813.5 17813.5 17813.5 17813.5 17813.5 17813.5 17813.5 17813.5 17813.5 17813.5 17813.5 17813.5 17813.5 17813.5 17813.5 17813.5 17813.5 17813.5 17813.5 17813.5 17813.5 17813.5 17813.5 17813.5 17813.5 17813.5 17813.5 17813.5 17813.5 17813.5 17813.5 17813.5 17813.5 17813.5 17813.5 17813.5 17813.5 17813.5 17813.5 17813.5 17813.5 17813.5 17813.5 17813.5 17813.5 17813.5 17813.5 17813.5 17813.5 17813.5 17813.5 17813.5 17813.5 17813.5 17813.5 17813.5 17813.5 17813.5 17813.5 17813.5 17813.5 17813.5 17813.5 17813.5 17813.5 17813.5 17813.5 17813.5 17813.5 17813.5 17813.5 17813.5 17813.5 17813.5 17813.5 17813.5 17813.5 17813.5 17813.5 17813.5 17813.5 0 0 0 0 0 0 0 0 0 0 0 0 0 0 0 0 0 0 0 0 0 0 0 0 0
