SBPRF35
0.819782
Curr Bio
149975
B35
701984
F35
0.207641
FOFL
0.107357
OFL
32137.6
Bzero
234224
#pred survey bio
 8868.95 6919.02 8091.75 11027.6 15933.5 18309.2 18113.2 24732.2 37312.9 48377.9 60654.7 81354.6 108618 133190 118653 102062 101655 98876.6 98466.1 96012.4 96385.5 107000 115992 121690 126766 130572 128915 123663 160881 1.33867e+07 1.09551e+07 1.15372e+07 1.07104e+07 9.29761e+06 7.78188e+06 6.40804e+06 5.26936e+06 4.37557e+06 3.69818e+06 3.19643e+06 2.83018e+06 2.56506e+06 2.37331e+06 2.23324e+06 2.13096e+06 2.05819e+06 2.00589e+06 1.9679e+06 1.93999e+06 1.91927e+06 1.90371e+06 1.89191e+06 1.88287e+06 1.87588e+06 1.87043e+06 1.86615e+06 1.86277e+06 1.86008e+06 1.85793e+06 1.8562e+06 1.85482e+06 1.85369e+06 1.85279e+06 1.85205e+06 1.85145e+06 1.85097e+06 1.85057e+06 1.85025e+06 1.84998e+06 1.84977e+06 1.84959e+06 1.84945e+06 1.84933e+06 1.84924e+06 1.84916e+06 1.84909e+06 1.84904e+06 1.849e+06 1.84896e+06 1.84893e+06 1.84891e+06 1.84889e+06 1.84887e+06 1.84886e+06 1.84885e+06 1.84884e+06 1.84884e+06 1.84883e+06 1.84882e+06 1.84882e+06 1.84882e+06 1.84882e+06 1.84881e+06 1.84881e+06 1.84881e+06 1.84881e+06 1.84881e+06 1.84881e+06 1.84881e+06 1.84881e+06 1.84881e+06 1.8488e+06 1.8488e+06 1.8488e+06 1.8488e+06 1.8488e+06 1.8488e+06 1.8488e+06 1.8488e+06 1.8488e+06 1.8488e+06 1.8488e+06 1.8488e+06 1.8488e+06 1.8488e+06 1.8488e+06 1.8488e+06 1.8488e+06 1.8488e+06 1.8488e+06 1.8488e+06 1.8488e+06 1.8488e+06 1.8488e+06 1.8488e+06 1.8488e+06 1.8488e+06 1.8488e+06 1.8488e+06 0 0 0 0 0 0 0 0 0 0 0 0 0 0 0 0 0 0 0 0 0 0 0 0 0
#obs survey bio
 8181.21 8910.12 7996.38 11855.1 18968.5 20855 14322.8 32715.8 49275.9 51622.7 50989.5 94698.3 114356 144861 99089.4 86049.2 88925.4 102091 72317.9 54500.4 114681 124642 87165.1 126290 155450 165903 141244 128017 142103
#pred catch bio
 6640.28 4925.23 5677.25 7346.43 10983.9 13666.8 12979.2 17202 27027.6 35669.5 44688.9 59495 79989.6 107421 96114.1 80270.5 82289.3 79628.2 80892.8 79809 77526.8 87165.1 97389.2 103968 108076 111655 111933 96566.8 7689.7 32137.6 88087.5 92536.8 84861.5 72645.1 59815 48351.3 38985 31753.8 26381.4 22497.3 19744.3 17821 16489.2 15568.4 14938 14518.7 14239.8 14054.2 13930.8 13848.7 13794.1 13757.7 13733.6 13717.5 13706.8 13699.7 13694.9 13691.8 13689.7 13688.3 13687.4 13686.8 13686.3 13686.1 13685.9 13685.8 13685.7 13685.6 13685.6 13685.6 13685.6 13685.6 13685.5 13685.5 13685.5 13685.5 13685.5 13685.5 13685.5 13685.5 13685.5 13685.5 13685.5 13685.5 13685.5 13685.5 13685.5 13685.5 13685.5 13685.5 13685.5 13685.5 13685.5 13685.5 13685.5 13685.5 13685.5 13685.5 13685.5 13685.5 13685.5 13685.5 13685.5 13685.5 13685.5 13685.5 13685.5 13685.5 13685.5 13685.5 13685.5 13685.5 13685.5 13685.5 13685.5 13685.5 13685.5 13685.5 13685.5 13685.5 13685.5 13685.5 13685.5 13685.5 13685.5 13685.5 13685.5 13685.5 13685.5 0 0 0 0 0 0 0 0 0 0 0 0 0 0 0 0 0 0 0 0 0 0 0 0 0
#obs catch bio
 5347.97 4878.09 5554.33 7205.99 10635.6 13340.4 12864.7 16675.8 25536.5 34548 44158.4 57802.7 76304.6 104961 95852.9 79996.2 81287.8 78080.2 79834.7 79437.2 74977.7 84787.6 95461.5 101494 105446 108562 110426 95405 7491.22
#pred cpue bio
 7822.84 5779.88 6573.22 8830.7 12917.1 15439.3 14957.2 19491.1 29665.8 39091.7 48668 64486.8 86912.2 107968 98316.1 83976.1 82511 79897.5 79606.1 77021.7 76552.8 85179.3 92057.2 95648 99162.9 102783 101907 97115.7 126273 1.20921e+07 1.08621e+07 1.15209e+07 1.06744e+07 9.25568e+06 7.7389e+06 6.36491e+06 5.22621e+06 4.33242e+06 3.65502e+06 3.15327e+06 2.78702e+06 2.5219e+06 2.33015e+06 2.19008e+06 2.0878e+06 2.01503e+06 1.96273e+06 1.92474e+06 1.89683e+06 1.87611e+06 1.86055e+06 1.84875e+06 1.83971e+06 1.83272e+06 1.82727e+06 1.82299e+06 1.81961e+06 1.81692e+06 1.81477e+06 1.81304e+06 1.81166e+06 1.81054e+06 1.80963e+06 1.80889e+06 1.80829e+06 1.80781e+06 1.80741e+06 1.80709e+06 1.80683e+06 1.80661e+06 1.80643e+06 1.80629e+06 1.80617e+06 1.80608e+06 1.806e+06 1.80593e+06 1.80588e+06 1.80584e+06 1.8058e+06 1.80577e+06 1.80575e+06 1.80573e+06 1.80572e+06 1.8057e+06 1.80569e+06 1.80568e+06 1.80568e+06 1.80567e+06 1.80567e+06 1.80566e+06 1.80566e+06 1.80566e+06 1.80565e+06 1.80565e+06 1.80565e+06 1.80565e+06 1.80565e+06 1.80565e+06 1.80565e+06 1.80565e+06 1.80565e+06 1.80565e+06 1.80565e+06 1.80565e+06 1.80564e+06 1.80564e+06 1.80564e+06 1.80564e+06 1.80564e+06 1.80564e+06 1.80564e+06 1.80564e+06 1.80564e+06 1.80564e+06 1.80564e+06 1.80564e+06 1.80564e+06 1.80564e+06 1.80564e+06 1.80564e+06 1.80564e+06 1.80564e+06 1.80564e+06 1.80564e+06 1.80564e+06 1.80564e+06 1.80564e+06 1.80564e+06 1.80564e+06 0 0 0 0 0 0 0 0 0 0 0 0 0 0 0 0 0 0 0 0 0 0 0 0 0
#obs cpue bio
 7896.56 5735.91 9925.6 10727 19610.3 17636.2 21752 27325.4 66614.4 45131.8 65871.1 95721.2 194921 115093 109395 108719 120468 108186 127854 143519 125074 108832 160964 139370 118269 126215 111110 148562 169767
#pred surv len freq
 2.56661e-27 2.59764e-27 4.13764e-26 8.18878e-20 2.00738e-14 5.94823e-10 2.13056e-06 0.000922449 0.0482777 0.305418 0.233799 0.0369473 0.11697 0.108117 0.0285363 0.0382717 0.0178736 0.0157165 0.010644 0.00877943 0.00737533 0.00674878 0.00710902 0.00649068 0.00200149
 2.56833e-27 2.60199e-27 4.47393e-26 8.89801e-20 2.18124e-14 6.4634e-10 2.31508e-06 0.00100234 0.052459 0.33187 0.25405 0.0402372 0.127781 0.117717 0.0237339 0.0246266 0.00948056 0.00585504 0.00321306 0.00221926 0.00161737 0.00131413 0.00125754 0.00116743 0.000396659
 2.56938e-27 2.60481e-27 4.71822e-26 9.41334e-20 2.30757e-14 6.83773e-10 2.44916e-06 0.00106039 0.0554971 0.35109 0.268723 0.0400585 0.116113 0.106966 0.0221966 0.0237522 0.00806091 0.00337346 0.0013541 0.000662391 0.000373705 0.000252513 0.000209591 0.000187674 6.65736e-05
 2.56994e-27 2.60628e-27 4.84301e-26 9.67658e-20 2.3721e-14 7.02895e-10 2.51765e-06 0.00109005 0.0570491 0.360908 0.276221 0.0401194 0.111309 0.102451 0.0199337 0.0197237 0.00677427 0.0029291 0.000952343 0.000303678 0.000108955 5.24053e-05 3.45326e-05 2.79551e-05 9.95333e-06
 2.56932e-27 2.60458e-27 4.69291e-26 9.35993e-20 2.29447e-14 6.79894e-10 2.43527e-06 0.00105438 0.0551823 0.349098 0.26721 0.0405915 0.121232 0.111611 0.021613 0.0212389 0.00710012 0.00278192 0.000913953 0.000274819 6.38834e-05 1.73963e-05 7.41807e-06 4.88327e-06 1.67589e-06
 2.56718e-27 2.59884e-27 4.1886e-26 8.29605e-20 2.03368e-14 6.02615e-10 2.15847e-06 0.000934533 0.0489101 0.309419 0.23693 0.0417277 0.151153 0.139302 0.0279687 0.0287772 0.00959665 0.00370418 0.0011609 0.00032482 7.24573e-05 1.30275e-05 2.6901e-06 1.13616e-06 3.52676e-07
 2.56851e-27 2.60252e-27 4.52212e-26 8.99968e-20 2.20616e-14 6.53725e-10 2.34153e-06 0.0010138 0.0530584 0.335662 0.256944 0.0401492 0.125079 0.11537 0.0260486 0.0304359 0.0103009 0.00418395 0.0013091 0.000355896 7.36254e-05 1.21237e-05 1.48752e-06 2.69016e-07 6.43371e-08
 2.5707e-27 2.60837e-27 5.03092e-26 1.0073e-19 2.46927e-14 7.31689e-10 2.62079e-06 0.0011347 0.0593861 0.375693 0.287499 0.0393887 0.0978248 0.0900386 0.0182909 0.0191169 0.00682663 0.00333575 0.00108354 0.000306204 6.22518e-05 9.57978e-06 9.95817e-07 8.1075e-08 9.97257e-09
 2.57017e-27 2.60684e-27 4.88721e-26 9.76979e-20 2.39495e-14 7.09665e-10 2.5419e-06 0.00110055 0.0575986 0.364385 0.278881 0.0404649 0.112069 0.10305 0.0182036 0.015612 0.00529985 0.00222695 0.000783992 0.000257734 5.51363e-05 8.49183e-06 8.20204e-07 4.74376e-08 2.2823e-09
 2.56941e-27 2.60479e-27 4.70721e-26 9.39007e-20 2.30186e-14 6.82083e-10 2.44311e-06 0.00105777 0.05536 0.350222 0.268073 0.0408557 0.122637 0.112852 0.0208394 0.0191399 0.00611897 0.00197226 0.000625584 0.000189246 4.65915e-05 7.87699e-06 7.68208e-07 3.98074e-08 1.0703e-09
 2.56979e-27 2.60586e-27 4.80442e-26 9.59516e-20 2.35214e-14 6.9698e-10 2.49647e-06 0.00108087 0.0565691 0.357871 0.273906 0.0403472 0.114669 0.105546 0.0203986 0.0199824 0.00650954 0.0022707 0.000652099 0.000154705 3.3667e-05 6.10618e-06 6.68064e-07 3.49332e-08 7.76188e-10
 2.57033e-27 2.6073e-27 4.9298e-26 9.85965e-20 2.41697e-14 7.16193e-10 2.56528e-06 0.00111067 0.0581284 0.367736 0.281435 0.0401498 0.107877 0.0992338 0.0184658 0.017166 0.00569657 0.00216226 0.000645607 0.000157512 2.79068e-05 4.21246e-06 4.74183e-07 2.7537e-08 6.08565e-10
 2.56986e-27 2.60602e-27 4.81445e-26 9.6163e-20 2.35732e-14 6.98516e-10 2.50197e-06 0.00108326 0.0566937 0.35866 0.274513 0.0406441 0.116502 0.107162 0.0193052 0.0170784 0.00557372 0.0019806 0.000607912 0.000160373 2.96233e-05 3.91221e-06 3.58133e-07 2.09348e-08 5.02767e-10
 2.56926e-27 2.6044e-27 4.67376e-26 9.31951e-20 2.28457e-14 6.76958e-10 2.42475e-06 0.00104982 0.054944 0.347591 0.266064 0.0408813 0.124243 0.11435 0.0213962 0.0200367 0.00645603 0.00215074 0.000637932 0.000161426 3.16868e-05 4.41904e-06 3.64275e-07 1.76184e-08 4.20715e-10
 2.56809e-27 2.6012e-27 4.38975e-26 8.72036e-20 2.13769e-14 6.33436e-10 2.26886e-06 0.000982331 0.0514116 0.325244 0.249015 0.0418134 0.143314 0.131925 0.0240711 0.0217203 0.00707847 0.00248849 0.000724023 0.00017202 3.2187e-05 4.59808e-06 3.99636e-07 1.75441e-08 3.56831e-10
 2.56855e-27 2.60252e-27 4.51171e-26 8.97766e-20 2.20077e-14 6.52126e-10 2.33581e-06 0.00101132 0.0529286 0.334841 0.25633 0.040989 0.131902 0.121502 0.0241998 0.0246376 0.00796052 0.00267189 0.000789856 0.000194455 3.47214e-05 4.68019e-06 4.09107e-07 1.86039e-08 3.45074e-10
 2.56925e-27 2.60441e-27 4.6777e-26 9.32783e-20 2.28661e-14 6.77562e-10 2.42691e-06 0.00105076 0.0549931 0.347901 0.266297 0.0406204 0.122094 0.112411 0.0218522 0.0215855 0.00724301 0.00286093 0.000844283 0.000201632 3.70456e-05 4.90989e-06 4.04345e-07 1.83379e-08 3.45269e-10
 2.5694e-27 2.60477e-27 4.70465e-26 9.38467e-20 2.30054e-14 6.8169e-10 2.4417e-06 0.00105716 0.0553281 0.350021 0.26792 0.0409323 0.123327 0.113464 0.0204919 0.0182057 0.00602615 0.00227641 0.000714831 0.000193477 3.50798e-05 4.66812e-06 3.81957e-07 1.64647e-08 3.0747e-10
 2.56937e-27 2.60467e-27 4.69557e-26 9.36552e-20 2.29585e-14 6.803e-10 2.43672e-06 0.00105501 0.0552153 0.349307 0.267376 0.0409708 0.124002 0.114093 0.0207169 0.0185491 0.00595768 0.00196332 0.00059594 0.000159203 3.22408e-05 4.4939e-06 3.66385e-07 1.56455e-08 2.80526e-10
 2.56973e-27 2.60564e-27 4.78086e-26 9.54543e-20 2.33995e-14 6.93368e-10 2.48353e-06 0.00107527 0.0562759 0.356017 0.272497 0.0407907 0.119034 0.109492 0.0196097 0.0171809 0.00552292 0.00182506 0.000525236 0.000124663 2.44297e-05 3.64639e-06 3.19994e-07 1.37215e-08 2.42732e-10
 2.57016e-27 2.6068e-27 4.88124e-26 9.7572e-20 2.39186e-14 7.08751e-10 2.53863e-06 0.00109913 0.0575244 0.363915 0.278525 0.0406498 0.113726 0.104559 0.0181112 0.0150002 0.00478775 0.00153464 0.000440787 0.000102957 1.82116e-05 2.53423e-06 2.32797e-07 1.07323e-08 1.92237e-10
 2.57005e-27 2.6065e-27 4.85445e-26 9.70067e-20 2.378e-14 7.04645e-10 2.52392e-06 0.00109276 0.0571912 0.361807 0.276917 0.0407405 0.115546 0.106239 0.0184137 0.0152638 0.0048148 0.00145064 0.00040917 9.3265e-05 1.6301e-05 2.10006e-06 1.77267e-07 8.42763e-09 1.6081e-10
 2.57019e-27 2.60687e-27 4.88719e-26 9.76975e-20 2.39494e-14 7.09662e-10 2.54189e-06 0.00110054 0.0575984 0.364383 0.278883 0.0406494 0.113472 0.104323 0.0180535 0.0149241 0.00470603 0.00141404 0.000390264 8.41753e-05 1.43084e-05 1.80249e-06 1.42131e-07 6.24595e-09 1.21599e-10
 2.57059e-27 2.60795e-27 4.98099e-26 9.96762e-20 2.44344e-14 7.24036e-10 2.59337e-06 0.00112283 0.058765 0.371763 0.284516 0.0405027 0.108398 0.099611 0.0166695 0.0129515 0.0040713 0.00120962 0.000333075 7.11485e-05 1.15659e-05 1.3936e-06 1.06424e-07 4.37436e-09 7.961e-11
 2.57077e-27 2.6084e-27 5.01919e-26 1.00482e-19 2.46319e-14 7.29888e-10 2.61434e-06 0.00113191 0.05924 0.374768 0.286811 0.0405371 0.107047 0.0983329 0.0158625 0.0114282 0.00353825 0.000970938 0.000263602 5.57351e-05 8.99281e-06 1.04715e-06 7.59192e-08 2.99289e-09 5.10101e-11
 2.57048e-27 2.60763e-27 4.95064e-26 9.90358e-20 2.42774e-14 7.19384e-10 2.57671e-06 0.00111562 0.0583874 0.369375 0.282697 0.0407888 0.111853 0.102759 0.0164933 0.0117495 0.00358742 0.000901638 0.00023573 4.65485e-05 7.37621e-06 8.49516e-07 5.97093e-08 2.23387e-09 3.62572e-11
 2.57031e-27 2.60716e-27 4.90967e-26 9.81715e-20 2.40656e-14 7.13106e-10 2.55422e-06 0.00110588 0.0578779 0.366151 0.280236 0.0408558 0.114092 0.104839 0.0171095 0.012631 0.00385161 0.000954259 0.000242666 4.41082e-05 6.55102e-06 7.21019e-07 4.98428e-08 1.80714e-09 2.78758e-11
 2.5706e-27 2.60795e-27 4.97917e-26 9.96376e-20 2.4425e-14 7.23755e-10 2.59237e-06 0.0011224 0.0587422 0.371619 0.284408 0.0406445 0.109553 0.10065 0.016364 0.0119865 0.00367464 0.000943834 0.000240357 4.28118e-05 5.98e-06 6.05616e-07 3.9452e-08 1.39383e-09 2.08135e-11
 2.57067e-27 2.60817e-27 5.00223e-26 1.00124e-19 2.45442e-14 7.2729e-10 2.60503e-06 0.00112788 0.0590291 0.373434 0.285789 0.0403229 0.106135 0.097555 0.0168823 0.0139495 0.00429726 0.00112396 0.000290071 5.33144e-05 7.39326e-06 7.12738e-07 4.24979e-08 1.40271e-09 2.0247e-11
#obs surv len freq
 1.63806e-41 2.27352e-33 3.8143e-26 7.73532e-20 1.89622e-14 5.61885e-10 2.01258e-06 0.000871378 0.0456045 0.288507 0.221043 0.0442817 0.164671 0.139963 0.0433383 0.0351882 0.0115622 0.00398311 0.000865567 0.000112273 6.32936e-06 1.12592e-07 4.70481e-10 3.71129e-13 4.78292e-17
 1.90361e-41 2.64208e-33 4.43264e-26 8.9893e-20 2.20362e-14 6.52973e-10 2.33885e-06 0.00101264 0.0529975 0.335277 0.256767 0.0440315 0.132239 0.106391 0.0338986 0.0259047 0.00822738 0.0026533 0.000532619 6.11095e-05 2.88012e-06 4.02392e-08 1.25943e-10 7.22731e-14 6.66618e-18
 1.92667e-41 2.6741e-33 4.48635e-26 9.09823e-20 2.23032e-14 6.60886e-10 2.36719e-06 0.00102491 0.0536397 0.339341 0.259953 0.0470756 0.14109 0.106179 0.0270716 0.0173357 0.00535074 0.00161035 0.000295157 2.95675e-05 1.1557e-06 1.26809e-08 2.98254e-11 1.24913e-14 8.26477e-19
 1.97211e-41 2.73716e-33 4.59216e-26 9.31281e-20 2.28293e-14 6.76473e-10 2.42302e-06 0.00104908 0.0549048 0.347344 0.266127 0.0486982 0.138223 0.0979324 0.0258272 0.0151868 0.00363728 0.000905113 0.000150197 1.29693e-05 4.15026e-07 3.5563e-09 6.29416e-12 1.93222e-15 9.21112e-20
 1.7661e-41 2.45123e-33 4.11245e-26 8.33997e-20 2.04445e-14 6.05807e-10 2.1699e-06 0.000939492 0.0491693 0.31106 0.238615 0.0549312 0.176001 0.117046 0.0307914 0.0167091 0.00384017 0.000788145 9.82306e-05 6.98926e-06 1.80758e-07 1.19822e-09 1.59023e-12 3.58344e-16 1.23566e-20
 1.4612e-41 2.02804e-33 3.40247e-26 6.90013e-20 1.69149e-14 5.01218e-10 1.79528e-06 0.000777295 0.0406805 0.25736 0.197881 0.0625053 0.220384 0.139606 0.0480493 0.0259955 0.00561067 0.00103856 0.000105427 5.41283e-06 1.05516e-07 5.32745e-10 5.26746e-13 8.68945e-17 2.16834e-21
 2.0887e-41 2.89897e-33 4.86363e-26 9.86334e-20 2.41788e-14 7.16462e-10 2.56625e-06 0.0011111 0.0581505 0.367878 0.281955 0.0503278 0.112581 0.0691849 0.0341899 0.0188543 0.00481537 0.000869681 7.62364e-05 3.00683e-06 4.08415e-08 1.46226e-10 1.05203e-13 1.26177e-17 2.27226e-22
 1.99044e-41 2.76259e-33 4.63482e-26 9.39933e-20 2.30413e-14 6.82757e-10 2.44553e-06 0.00105883 0.0554148 0.350573 0.269085 0.0601392 0.151278 0.0814178 0.0188915 0.00868239 0.00284194 0.000563603 4.97556e-05 1.62744e-06 1.61952e-08 3.95428e-11 1.94402e-14 1.63537e-18 2.09535e-23
 2.02421e-41 2.80947e-33 4.71347e-26 9.55882e-20 2.34323e-14 6.94343e-10 2.48702e-06 0.0010768 0.0563552 0.356522 0.273751 0.0616702 0.144204 0.0739151 0.0222752 0.00846706 0.00145736 0.000275298 2.68268e-05 8.33708e-07 6.69809e-09 1.17712e-11 3.93764e-15 2.22809e-19 1.94642e-24
 1.73132e-41 2.40296e-33 4.03147e-26 8.17574e-20 2.00419e-14 5.93877e-10 2.12717e-06 0.000920992 0.048201 0.30494 0.235005 0.0762429 0.199138 0.0951738 0.0281465 0.0101515 0.00184036 0.000220174 1.5855e-05 4.81363e-07 3.47501e-09 4.85592e-12 1.18059e-15 4.61654e-20 2.72812e-25
 2.01569e-41 2.79765e-33 4.69363e-26 9.51859e-20 2.33337e-14 6.9142e-10 2.47655e-06 0.00107226 0.056118 0.355024 0.272995 0.0667855 0.139919 0.0666278 0.0293498 0.0101675 0.00173659 0.000192803 9.78032e-06 2.03706e-07 1.24451e-09 1.47978e-12 2.8532e-16 8.3007e-21 3.49038e-26
 1.84553e-41 2.56147e-33 4.2974e-26 8.71503e-20 2.13639e-14 6.33051e-10 2.26748e-06 0.000981743 0.0513805 0.325058 0.250887 0.0817478 0.180663 0.0757976 0.023479 0.00808845 0.00172678 0.000179705 7.78008e-06 1.14625e-07 4.6657e-10 4.17337e-13 6.42524e-17 1.47168e-21 4.70411e-27
 1.92248e-41 2.66827e-33 4.47658e-26 9.07842e-20 2.22547e-14 6.59446e-10 2.36203e-06 0.00102268 0.0535229 0.338613 0.261391 0.0809659 0.160895 0.0673146 0.0271346 0.00771201 0.00127917 0.000141299 5.90904e-06 7.0332e-08 2.02407e-10 1.19773e-13 1.27452e-17 2.15175e-22 5.22533e-28
 1.62802e-41 2.25958e-33 3.79092e-26 7.68791e-20 1.8846e-14 5.58442e-10 2.00025e-06 0.000866038 0.045325 0.286761 0.223234 0.104172 0.216204 0.0831663 0.0300598 0.00860874 0.00146952 0.000126396 4.74083e-06 5.12553e-08 1.17441e-10 4.98823e-14 3.58225e-18 4.03773e-23 6.72665e-29
 1.48049e-41 2.05483e-33 3.4474e-26 6.99126e-20 1.71383e-14 5.07838e-10 1.81899e-06 0.000787561 0.0412178 0.260786 0.204321 0.113435 0.224661 0.0941248 0.04663 0.0120057 0.00187115 0.00015276 4.61569e-06 4.03367e-08 7.74676e-11 2.6104e-14 1.38475e-18 1.09447e-23 1.24006e-29
 1.71868e-41 2.38541e-33 4.00202e-26 8.11603e-20 1.98955e-14 5.89539e-10 2.11163e-06 0.000914265 0.047849 0.302738 0.236124 0.103017 0.176863 0.0763783 0.0415325 0.0123293 0.00209873 0.000149814 3.90295e-06 2.70124e-08 3.95965e-11 1.04087e-14 4.30085e-19 2.57073e-24 2.12645e-30
 1.67813e-41 2.32913e-33 3.9076e-26 7.92454e-20 1.94261e-14 5.7563e-10 2.06181e-06 0.000892694 0.0467201 0.29561 0.23215 0.118835 0.192492 0.0708139 0.0310464 0.00951389 0.0017872 0.00013335 3.01771e-06 1.68246e-08 1.89989e-11 3.71273e-15 1.13752e-19 5.09414e-25 3.16475e-31
 1.69678e-41 2.35501e-33 3.95102e-26 8.01259e-20 1.96419e-14 5.82026e-10 2.08472e-06 0.000902613 0.0472392 0.298907 0.235611 0.123796 0.184582 0.0698137 0.0304286 0.00737631 0.00124414 9.48432e-05 2.06192e-06 9.73325e-09 8.57173e-12 1.26254e-15 2.85093e-20 9.2813e-26 4.1819e-32
 1.65893e-41 2.30249e-33 3.8629e-26 7.83388e-20 1.92038e-14 5.69044e-10 2.03822e-06 0.000882481 0.0461856 0.292263 0.232169 0.135488 0.188157 0.0687277 0.0284828 0.00665629 0.000926807 5.87487e-05 1.16731e-06 4.90023e-09 3.56085e-12 4.06109e-16 6.85115e-21 1.63704e-26 5.35467e-33
 1.75542e-41 2.4364e-33 4.08757e-26 8.28951e-20 2.03208e-14 6.02141e-10 2.15677e-06 0.000933808 0.0488719 0.309272 0.245808 0.133531 0.167547 0.0625788 0.0252785 0.00546097 0.00068097 3.47758e-05 5.44127e-07 1.89484e-09 1.14671e-12 1.05483e-16 1.38117e-21 2.48241e-27 5.98153e-34
 1.7064e-41 2.36838e-33 3.97344e-26 8.05806e-20 1.97534e-14 5.85329e-10 2.09655e-06 0.000907735 0.0475074 0.300677 0.241637 0.148454 0.173435 0.0601218 0.022117 0.00460545 0.000513273 2.18318e-05 2.63312e-07 6.89944e-10 3.22041e-13 2.32668e-17 2.38721e-22 3.31454e-28 6.06066e-35
 1.72073e-41 2.38826e-33 4.0068e-26 8.12571e-20 1.99192e-14 5.90243e-10 2.11415e-06 0.000915356 0.0479063 0.303235 0.245265 0.153009 0.165016 0.0596323 0.0208137 0.00381463 0.000376753 1.35255e-05 1.28084e-07 2.50458e-10 8.53804e-14 4.53176e-18 3.46756e-23 3.62909e-29 5.01738e-36
 1.72358e-41 2.39222e-33 4.01345e-26 8.13919e-20 1.99523e-14 5.91222e-10 2.11766e-06 0.000916875 0.0479859 0.303788 0.248011 0.161133 0.160148 0.0561012 0.018435 0.00320072 0.000269201 7.93469e-06 5.95823e-08 8.82834e-11 2.20751e-14 8.44378e-19 4.63316e-24 3.49113e-30 3.50249e-37
 1.74875e-41 2.42715e-33 4.07205e-26 8.25805e-20 2.02436e-14 5.99855e-10 2.14859e-06 0.000930264 0.0486868 0.308279 0.253629 0.16565 0.151599 0.052569 0.0159371 0.0025263 0.000186679 4.47109e-06 2.60193e-08 2.92527e-11 5.43038e-15 1.51282e-19 5.96615e-25 3.2061e-31 2.28645e-38
 1.68626e-41 2.34042e-33 3.92654e-26 7.96295e-20 1.95202e-14 5.7842e-10 2.07181e-06 0.000897021 0.0469473 0.297374 0.249402 0.180971 0.154943 0.0525025 0.0147092 0.00211543 0.000134064 2.62979e-06 1.18715e-08 9.99315e-12 1.36883e-15 2.78948e-20 7.97859e-26 3.08487e-32 1.57273e-39
 1.5964e-41 2.2157e-33 3.71729e-26 7.53859e-20 1.848e-14 5.47595e-10 1.9614e-06 0.000849217 0.0444458 0.281681 0.242272 0.196687 0.160237 0.0568218 0.0149653 0.00193336 0.000104043 1.64679e-06 5.76945e-09 3.65382e-12 3.6813e-16 5.45093e-21 1.12666e-26 3.13827e-33 1.14941e-40
 1.58842e-41 2.20461e-33 3.6987e-26 7.50089e-20 1.83875e-14 5.44857e-10 1.95159e-06 0.00084497 0.044224 0.280404 0.244654 0.199956 0.154719 0.0583069 0.0150013 0.00180493 8.22531e-05 1.04044e-06 2.80342e-09 1.33254e-12 9.91077e-17 1.06972e-21 1.59701e-27 3.19457e-34 8.37611e-42
 1.63755e-41 2.27281e-33 3.81311e-26 7.73291e-20 1.89563e-14 5.6171e-10 2.01196e-06 0.000871108 0.0455925 0.289199 0.254318 0.199284 0.143152 0.0528113 0.0131915 0.00151776 6.03108e-05 6.13333e-07 1.26514e-09 4.48892e-13 2.45626e-17 1.93262e-22 2.08945e-28 3.01106e-35 5.66351e-43
 1.63765e-41 2.27295e-33 3.81334e-26 7.73337e-20 1.89575e-14 5.61744e-10 2.01208e-06 0.00087116 0.0455952 0.289217 0.254341 0.199668 0.144571 0.0521016 0.0122935 0.00129427 4.53288e-05 3.93597e-07 6.7749e-10 1.97597e-13 8.80371e-18 5.60587e-23 4.88515e-29 5.65851e-36 8.53752e-44
#pred catch len freq
 2.56565e-27 2.59507e-27 3.91465e-26 7.71837e-20 1.89207e-14 5.60653e-10 2.00816e-06 0.000869459 0.0455043 0.287873 0.220406 0.0372061 0.128349 0.118654 0.031025 0.0413244 0.0192493 0.0168668 0.0114123 0.00940863 0.00790274 0.00723112 0.00761706 0.00695452 0.00214452
 2.56731e-27 2.59922e-27 4.23087e-26 8.38526e-20 2.05554e-14 6.09095e-10 2.18167e-06 0.000944582 0.049436 0.312746 0.239456 0.0408428 0.142643 0.131441 0.026332 0.0271092 0.010417 0.00640732 0.00351276 0.00242491 0.00176696 0.00143562 0.00137379 0.00127535 0.000433327
 2.5684e-27 2.60216e-27 4.48474e-26 8.92079e-20 2.18683e-14 6.47995e-10 2.32101e-06 0.00100491 0.0525933 0.33272 0.254705 0.040674 0.130645 0.12039 0.0248206 0.0263629 0.00893549 0.00372293 0.00149293 0.000729795 0.000411656 0.000278143 0.000230862 0.000206721 7.33301e-05
 2.56889e-27 2.60343e-27 4.59163e-26 9.14627e-20 2.2421e-14 6.64374e-10 2.37968e-06 0.00103031 0.0539226 0.341129 0.261129 0.0408187 0.127233 0.117154 0.0226794 0.0222905 0.00764586 0.00329193 0.00106947 0.000340754 0.00012223 5.87863e-05 3.87369e-05 3.13586e-05 1.11651e-05
 2.56829e-27 2.6018e-27 4.44683e-26 8.84079e-20 2.16721e-14 6.42184e-10 2.3002e-06 0.000995897 0.0521217 0.329736 0.252437 0.0412905 0.136931 0.126103 0.024283 0.0236844 0.00790808 0.00308486 0.00101261 0.000304253 7.07101e-05 1.92535e-05 8.20987e-06 5.4045e-06 1.85477e-06
 2.56624e-27 2.59628e-27 3.96276e-26 7.81962e-20 1.91689e-14 5.68008e-10 2.03451e-06 0.000880864 0.0461013 0.291649 0.223372 0.0423719 0.165581 0.152621 0.0304188 0.0310158 0.0103302 0.00396907 0.00124287 0.000347474 7.74933e-05 1.39317e-05 2.87674e-06 1.21499e-06 3.77144e-07
 2.56753e-27 2.59986e-27 4.28744e-26 8.5046e-20 2.0848e-14 6.17763e-10 2.21272e-06 0.000958025 0.0501396 0.317197 0.242853 0.0407338 0.139428 0.128634 0.0288273 0.0334401 0.0113034 0.00457071 0.00142896 0.000388172 8.02847e-05 1.3219e-05 1.62187e-06 2.93312e-07 7.01476e-08
 2.56982e-27 2.606e-27 4.82132e-26 9.63082e-20 2.36088e-14 6.99571e-10 2.50574e-06 0.00108489 0.0567793 0.359201 0.274915 0.0399508 0.110943 0.102154 0.0206203 0.0213868 0.0076256 0.00371036 0.00120434 0.000340076 6.91231e-05 1.06362e-05 1.1056e-06 9.00128e-08 1.10719e-08
 2.56934e-27 2.60458e-27 4.68666e-26 9.34671e-20 2.29123e-14 6.78934e-10 2.43183e-06 0.00105289 0.0551043 0.348605 0.266842 0.0410838 0.125237 0.115196 0.0202297 0.0171785 0.00582357 0.00243601 0.000856832 0.000281476 6.0203e-05 9.27137e-06 8.95476e-07 5.17906e-08 2.49173e-09
 2.56856e-27 2.60249e-27 4.50355e-26 8.96044e-20 2.19654e-14 6.50875e-10 2.33133e-06 0.00100937 0.052827 0.334198 0.255847 0.041475 0.135939 0.125124 0.0229544 0.0208754 0.00666665 0.00213872 0.000677719 0.000204855 5.04234e-05 8.52416e-06 8.31304e-07 4.30767e-08 1.1582e-09
 2.56897e-27 2.60364e-27 4.6079e-26 9.18059e-20 2.25051e-14 6.66867e-10 2.3886e-06 0.00103417 0.054125 0.342409 0.262108 0.0409228 0.127338 0.117239 0.0224993 0.0218321 0.00710392 0.00246654 0.000707747 0.000167763 3.64997e-05 6.61936e-06 7.24195e-07 3.78681e-08 8.41397e-10
 2.56953e-27 2.60514e-27 4.73879e-26 9.4567e-20 2.31819e-14 6.86923e-10 2.46044e-06 0.00106528 0.0557528 0.352707 0.269968 0.040722 0.120287 0.110684 0.020461 0.0188364 0.00624304 0.00235883 0.000703726 0.00017155 3.03871e-05 4.58636e-06 5.16259e-07 2.99803e-08 6.62561e-10
 2.56905e-27 2.6038e-27 4.61811e-26 9.20212e-20 2.25579e-14 6.6843e-10 2.3942e-06 0.0010366 0.0542519 0.343212 0.262726 0.0412497 0.129391 0.119051 0.0213111 0.0186622 0.00608334 0.00215167 0.000659835 0.000173931 3.21205e-05 4.24159e-06 3.88274e-07 2.26966e-08 5.45076e-10
 2.56868e-27 2.60281e-27 4.53247e-26 9.02144e-20 2.2115e-14 6.55307e-10 2.3472e-06 0.00101625 0.0531867 0.336474 0.257582 0.0413286 0.133606 0.122984 0.0228127 0.0210947 0.00678872 0.00225042 0.000666878 0.000168609 3.3089e-05 4.61417e-06 3.80349e-07 1.83957e-08 4.39276e-10
 2.56746e-27 2.5995e-27 4.23816e-26 8.40058e-20 2.0593e-14 6.10208e-10 2.18566e-06 0.000946308 0.0495264 0.313317 0.239916 0.0423032 0.153435 0.141255 0.0255592 0.0227665 0.00740991 0.00259226 0.000753556 0.000178884 3.34632e-05 4.77993e-06 4.1543e-07 1.82374e-08 3.7093e-10
 2.56785e-27 2.60061e-27 4.34247e-26 8.62065e-20 2.11325e-14 6.26193e-10 2.24292e-06 0.000971098 0.0508238 0.321525 0.24617 0.0414933 0.142877 0.13163 0.0259892 0.0261706 0.00844602 0.00282114 0.000833216 0.000204958 3.65885e-05 4.93136e-06 4.31051e-07 1.96016e-08 3.6358e-10
 2.56868e-27 2.60286e-27 4.53997e-26 9.03729e-20 2.21538e-14 6.56458e-10 2.35132e-06 0.00101803 0.0532801 0.337065 0.258029 0.041045 0.131134 0.12075 0.0232569 0.0226918 0.00760351 0.00298884 0.000881314 0.000210296 3.86283e-05 5.11916e-06 4.21567e-07 1.91188e-08 3.59971e-10
 2.56882e-27 2.60318e-27 4.56363e-26 9.08718e-20 2.22761e-14 6.60081e-10 2.3643e-06 0.00102365 0.0535743 0.338925 0.259455 0.041386 0.132726 0.122129 0.0218767 0.0191836 0.00634114 0.00238377 0.000747875 0.000202258 3.66638e-05 4.87842e-06 3.99154e-07 1.72059e-08 3.2131e-10
 2.56885e-27 2.60325e-27 4.56987e-26 9.10033e-20 2.23084e-14 6.61037e-10 2.36772e-06 0.00102513 0.0536518 0.339416 0.25983 0.0413827 0.132439 0.121869 0.0219366 0.0193737 0.00621486 0.00203784 0.00061796 0.000164948 3.33967e-05 4.6546e-06 3.79477e-07 1.62044e-08 2.90546e-10
 2.56927e-27 2.60438e-27 4.66862e-26 9.30866e-20 2.28191e-14 6.76169e-10 2.42192e-06 0.0010486 0.05488 0.347186 0.265759 0.0411656 0.12662 0.116483 0.0206783 0.0178583 0.00573341 0.00188509 0.00054201 0.000128533 2.51819e-05 3.75831e-06 3.29808e-07 1.41421e-08 2.50173e-10
 2.56962e-27 2.60531e-27 4.74896e-26 9.47814e-20 2.32345e-14 6.8848e-10 2.46602e-06 0.00106769 0.0558792 0.353507 0.270585 0.0410872 0.122633 0.112769 0.0193835 0.0158357 0.00504832 0.00161016 0.000462046 0.00010783 1.90691e-05 2.65328e-06 2.43726e-07 1.12361e-08 2.01261e-10
 2.56954e-27 2.6051e-27 4.72997e-26 9.43807e-20 2.31363e-14 6.85569e-10 2.45559e-06 0.00106318 0.0556429 0.352012 0.269445 0.0411563 0.12396 0.113993 0.0196011 0.0160201 0.0050475 0.00151313 0.000426383 9.71047e-05 1.6968e-05 2.18577e-06 1.84496e-07 8.77125e-09 1.67366e-10
 2.56978e-27 2.60575e-27 4.78756e-26 9.55956e-20 2.34341e-14 6.94395e-10 2.48721e-06 0.00107687 0.0563592 0.356544 0.272902 0.0409919 0.12028 0.110596 0.0189754 0.0154475 0.00486526 0.00145443 0.000401022 8.64193e-05 1.46862e-05 1.84988e-06 1.45864e-07 6.40995e-09 1.24791e-10
 2.57025e-27 2.60702e-27 4.89882e-26 9.79426e-20 2.40094e-14 7.11443e-10 2.54827e-06 0.0011033 0.0577429 0.365297 0.279583 0.0407955 0.114092 0.104854 0.0173994 0.0132961 0.0041745 0.00123387 0.000339419 7.24396e-05 1.17729e-05 1.41838e-06 1.08313e-07 4.45198e-09 8.10224e-11
 2.57043e-27 2.60747e-27 4.93665e-26 9.87406e-20 2.42051e-14 7.1724e-10 2.56903e-06 0.00111229 0.0582134 0.368274 0.281857 0.0408346 0.112792 0.103622 0.016586 0.0117466 0.00363255 0.000991648 0.000268945 5.68143e-05 9.16465e-06 1.06705e-06 7.73592e-08 3.04963e-09 5.19771e-11
 2.57014e-27 2.6067e-27 4.86741e-26 9.728e-20 2.3847e-14 7.0663e-10 2.53103e-06 0.00109584 0.0573523 0.362826 0.277701 0.0410907 0.117661 0.108106 0.0172178 0.0120554 0.00367673 0.000919286 0.000240082 4.73651e-05 7.50364e-06 8.64097e-07 6.07324e-08 2.27213e-09 3.6878e-11
 2.57001e-27 2.60635e-27 4.83734e-26 9.66458e-20 2.36915e-14 7.02023e-10 2.51453e-06 0.00108869 0.0569783 0.360461 0.275895 0.0411229 0.119175 0.109517 0.017725 0.0128567 0.00391611 0.000965155 0.000245171 4.45227e-05 6.61076e-06 7.2751e-07 5.02899e-08 1.82333e-09 2.81256e-11
 2.56999e-27 2.6063e-27 4.83241e-26 9.65417e-20 2.3666e-14 7.01267e-10 2.51182e-06 0.00108752 0.056917 0.360072 0.275599 0.0411421 0.119528 0.109842 0.017746 0.0128245 0.00392759 0.00100385 0.000255387 4.54484e-05 6.34658e-06 6.42664e-07 4.1864e-08 1.47903e-09 2.20858e-11
 2.56818e-27 2.6014e-27 4.40308e-26 8.74847e-20 2.14458e-14 6.35478e-10 2.27618e-06 0.000985497 0.0515774 0.326293 0.249821 0.0421063 0.144978 0.133401 0.0232724 0.0195013 0.00600651 0.001567 0.000404165 7.42293e-05 1.02912e-05 9.92002e-07 5.91474e-08 1.95223e-09 2.81789e-11
#obs catch len freq
 1.63037e-41 2.26285e-33 3.7964e-26 7.69901e-20 1.88732e-14 5.59248e-10 2.00314e-06 0.000867289 0.0453904 0.287153 0.220008 0.0442554 0.165149 0.140411 0.0438443 0.0357879 0.0119179 0.00416456 0.00091986 0.000122036 7.13398e-06 1.32668e-07 5.796e-10 4.75874e-13 6.34504e-17
 1.64509e-41 2.28327e-33 3.83066e-26 7.76851e-20 1.90436e-14 5.64296e-10 2.02122e-06 0.000875118 0.0458002 0.289746 0.222052 0.0463711 0.168281 0.135482 0.0432254 0.0331185 0.0107139 0.00352177 0.000722222 8.46122e-05 4.09445e-06 5.92036e-08 1.92401e-10 1.1447e-13 1.09068e-17
 1.91643e-41 2.65987e-33 4.46249e-26 9.04983e-20 2.21846e-14 6.5737e-10 2.35459e-06 0.00101946 0.0533544 0.337535 0.25855 0.0457874 0.134028 0.101897 0.0335022 0.0240296 0.00751392 0.00230117 0.000433368 4.45168e-05 1.78174e-06 2.00536e-08 4.85311e-11 2.09354e-14 1.42505e-18
 1.94627e-41 2.70129e-33 4.53197e-26 9.19074e-20 2.253e-14 6.67606e-10 2.39126e-06 0.00103533 0.0541851 0.342791 0.262658 0.0489716 0.141619 0.100299 0.0261814 0.0158269 0.00480885 0.00136683 0.000233491 2.07588e-05 6.82204e-07 5.97946e-09 1.08132e-11 3.39334e-15 1.65401e-19
 1.9957e-41 2.7699e-33 4.64708e-26 9.42418e-20 2.31023e-14 6.84562e-10 2.45199e-06 0.00106163 0.0555614 0.351498 0.269376 0.0506166 0.137767 0.0916815 0.0247823 0.013597 0.00317816 0.000753299 0.000115715 8.78652e-06 2.34199e-07 1.59086e-09 2.15346e-12 4.93765e-16 1.73101e-20
 1.79815e-41 2.49571e-33 4.18707e-26 8.4913e-20 2.08154e-14 6.16799e-10 2.20927e-06 0.000956539 0.0500614 0.316705 0.24304 0.0574994 0.174673 0.108898 0.0293442 0.0148015 0.00330583 0.000634281 7.33727e-05 4.57408e-06 9.76539e-08 5.09599e-10 5.14809e-13 8.63828e-17 2.18658e-21
 1.50029e-41 2.08231e-33 3.49351e-26 7.08476e-20 1.73675e-14 5.1463e-10 1.84332e-06 0.000798094 0.0417691 0.264246 0.203311 0.066074 0.218887 0.13023 0.0461084 0.0228839 0.00478866 0.000822143 7.60401e-05 3.40757e-06 5.47465e-08 2.16399e-10 1.62171e-13 1.9865e-17 3.6323e-22
 2.1242e-41 2.94825e-33 4.9463e-26 1.0031e-19 2.45898e-14 7.2864e-10 2.60987e-06 0.00112998 0.0591389 0.374131 0.286824 0.0520199 0.10966 0.0636944 0.0323265 0.0163195 0.00403491 0.000664335 5.24395e-05 1.77696e-06 1.97974e-08 5.54606e-11 3.01687e-14 2.68036e-18 3.53102e-23
 2.03049e-41 2.81819e-33 4.7281e-26 9.5885e-20 2.35051e-14 6.96498e-10 2.49474e-06 0.00108014 0.0565301 0.357629 0.274616 0.0623482 0.146514 0.073505 0.0173697 0.00756058 0.00238269 0.00042795 3.33243e-05 9.21486e-07 7.43768e-09 1.41602e-11 5.26241e-15 3.27627e-19 3.06667e-24
 2.0664e-41 2.86803e-33 4.81171e-26 9.75806e-20 2.39207e-14 7.08815e-10 2.53886e-06 0.00109924 0.0575298 0.363954 0.279582 0.0637834 0.13871 0.06652 0.0203661 0.00704111 0.0011848 0.000208924 1.76654e-05 4.55491e-07 2.92444e-09 3.97888e-12 1.00412e-15 4.20496e-20 2.68287e-25
 1.78307e-41 2.47479e-33 4.15197e-26 8.42011e-20 2.06409e-14 6.11627e-10 2.19075e-06 0.000948519 0.0496417 0.314056 0.24223 0.0795231 0.191974 0.0858185 0.0256879 0.00848401 0.00146253 0.000159729 1.03275e-05 2.58049e-07 1.46612e-09 1.5701e-12 2.86687e-16 8.28862e-21 3.57901e-26
 2.06364e-41 2.8642e-33 4.80529e-26 9.74502e-20 2.38888e-14 7.07868e-10 2.53547e-06 0.00109777 0.0574529 0.363471 0.279649 0.0688898 0.133127 0.0600163 0.0264749 0.00832792 0.0013506 0.000134626 5.97539e-06 1.04178e-07 5.0076e-10 4.52202e-13 6.50627e-17 1.39551e-21 4.28601e-27
 1.90007e-41 2.63717e-33 4.42439e-26 8.97258e-20 2.19952e-14 6.51759e-10 2.33449e-06 0.00101076 0.0528989 0.334667 0.258541 0.0845911 0.171603 0.0675099 0.0209881 0.00672527 0.0013355 0.000123189 4.5887e-06 5.56349e-08 1.79065e-10 1.21875e-13 1.39435e-17 2.34509e-22 5.46375e-28
 1.97808e-41 2.74545e-33 4.60606e-26 9.34099e-20 2.28983e-14 6.78519e-10 2.43035e-06 0.00105226 0.0550709 0.348409 0.269192 0.0833488 0.151579 0.0601451 0.0239198 0.00620416 0.000976738 9.56873e-05 3.36619e-06 3.24829e-08 7.31821e-11 3.29433e-14 2.60758e-18 3.22601e-23 5.69292e-29
 1.69196e-41 2.34833e-33 3.9398e-26 7.98984e-20 1.95862e-14 5.80374e-10 2.07881e-06 0.000900051 0.0471051 0.298028 0.232383 0.107945 0.204479 0.074461 0.0264989 0.00700996 0.00110153 8.40688e-05 2.66468e-06 2.3009e-08 4.0795e-11 1.31064e-14 6.99314e-19 5.778e-24 6.98799e-30
 1.54911e-41 2.15007e-33 3.60718e-26 7.31529e-20 1.79326e-14 5.31375e-10 1.9033e-06 0.000824063 0.0431282 0.272879 0.214249 0.117832 0.212854 0.0861243 0.0409313 0.00967916 0.00139394 9.94193e-05 2.51103e-06 1.75413e-08 2.58876e-11 6.5512e-15 2.57308e-19 1.48983e-24 1.22642e-30
 1.786e-41 2.47884e-33 4.15878e-26 8.43391e-20 2.06747e-14 6.12631e-10 2.19434e-06 0.000950075 0.0497232 0.314602 0.245785 0.105912 0.16562 0.0697312 0.0360992 0.0099579 0.00152125 9.43541e-05 2.03401e-06 1.11444e-08 1.25242e-11 2.465e-15 7.51256e-20 3.28193e-25 1.97147e-31
 1.74677e-41 2.4244e-33 4.06743e-26 8.24866e-20 2.02206e-14 5.99174e-10 2.14614e-06 0.000929206 0.048631 0.30771 0.242163 0.121792 0.179233 0.0636494 0.0268102 0.00770218 0.00129387 8.2231e-05 1.51816e-06 6.65221e-09 5.72369e-12 8.34929e-16 1.88301e-20 6.14883e-26 2.76838e-32
 1.7666e-41 2.45192e-33 4.1136e-26 8.34231e-20 2.04502e-14 6.05976e-10 2.17051e-06 0.000939755 0.0491831 0.311218 0.245871 0.126326 0.171064 0.0628471 0.0257582 0.0058386 0.000892578 5.7596e-05 1.00553e-06 3.6844e-09 2.4577e-12 2.69245e-16 4.46515e-21 1.05844e-26 3.45135e-33
 1.73036e-41 2.40163e-33 4.02922e-26 8.17119e-20 2.00307e-14 5.93546e-10 2.12599e-06 0.000920479 0.0481743 0.304863 0.242825 0.137868 0.173821 0.0616988 0.0239587 0.00518698 0.000645916 3.4897e-05 5.54058e-07 1.78643e-09 9.7516e-13 8.23404e-17 1.01772e-21 1.76798e-27 4.18118e-34
 1.82523e-41 2.53329e-33 4.25013e-26 8.61917e-20 2.11289e-14 6.26087e-10 2.24254e-06 0.000970944 0.0508155 0.321589 0.256252 0.134992 0.153794 0.0559517 0.0209685 0.00418381 0.000461058 1.98376e-05 2.48116e-07 6.61622e-10 2.98985e-13 2.02582e-17 1.93708e-22 2.52683e-28 4.39813e-35
 1.77777e-41 2.46742e-33 4.13962e-26 8.39506e-20 2.05795e-14 6.09808e-10 2.18423e-06 0.000945698 0.0494943 0.313276 0.252531 0.149619 0.158665 0.0533971 0.0182337 0.00348493 0.000339633 1.20308e-05 1.15061e-07 2.30418e-10 8.01506e-14 4.25109e-18 3.17465e-23 3.19127e-29 4.20899e-36
 1.79267e-41 2.48811e-33 4.17431e-26 8.46543e-20 2.0752e-14 6.1492e-10 2.20254e-06 0.000953624 0.0499092 0.315943 0.256352 0.153516 0.150535 0.0527922 0.0169099 0.00283573 0.00024333 7.1928e-06 5.3552e-08 7.96309e-11 2.01871e-14 7.85356e-19 4.36458e-24 3.2991e-30 3.28267e-37
 1.79575e-41 2.49239e-33 4.18149e-26 8.47999e-20 2.07877e-14 6.15977e-10 2.20633e-06 0.000955265 0.0499952 0.316547 0.259298 0.16095 0.145543 0.0493399 0.0148622 0.00233469 0.000169017 4.0739e-06 2.38682e-08 2.67508e-11 4.95942e-15 1.38826e-19 5.52666e-25 3.00387e-31 2.16535e-38
 1.82027e-41 2.52642e-33 4.2386e-26 8.59579e-20 2.10716e-14 6.24389e-10 2.23646e-06 0.00096831 0.0506782 0.320935 0.264951 0.164672 0.137292 0.045884 0.0126917 0.00181018 0.000113907 2.20925e-06 9.9768e-09 8.44791e-12 1.1592e-15 2.35905e-20 6.7433e-26 2.61239e-32 1.33795e-39
 1.75936e-41 2.44188e-33 4.09675e-26 8.30813e-20 2.03664e-14 6.03494e-10 2.16162e-06 0.000935906 0.0489826 0.310328 0.261281 0.179464 0.14024 0.0455869 0.0116098 0.0014892 7.97096e-05 1.25485e-06 4.36642e-09 2.75793e-12 2.78551e-16 4.1392e-21 8.57099e-27 2.38744e-33 8.73829e-41
 1.67154e-41 2.31998e-33 3.89226e-26 7.89342e-20 1.93498e-14 5.73369e-10 2.05372e-06 0.000889188 0.0465381 0.295024 0.254862 0.194862 0.145505 0.0492105 0.0117087 0.00133755 6.02405e-05 7.593e-07 2.03864e-09 9.64897e-13 7.15102e-17 7.70925e-22 1.15224e-27 2.31014e-34 6.07042e-42
 1.66412e-41 2.3097e-33 3.87499e-26 7.85841e-20 1.9264e-14 5.70826e-10 2.04461e-06 0.000885245 0.0463323 0.293871 0.257516 0.197524 0.140693 0.0502708 0.0116368 0.00122298 4.61817e-05 4.61665e-07 9.48376e-10 3.35743e-13 1.83256e-17 1.43797e-22 1.55089e-28 2.23147e-35 4.19534e-43
 1.69997e-41 2.35945e-33 3.95846e-26 8.02767e-20 1.96789e-14 5.83122e-10 2.08865e-06 0.000904313 0.0473302 0.300158 0.261221 0.192313 0.137133 0.0484191 0.0112964 0.00118099 4.11994e-05 3.56916e-07 6.13504e-10 1.7878e-13 7.96076e-18 5.0671e-23 4.41437e-29 5.11208e-36 7.71175e-44
#spawning biomass
 8586.12 6607.08 7643.77 10358.7 15061.1 17637.4 17237.7 23037.8 34975.1 45697.8 57060.5 76110.5 102133 125986 113493 97166.6 96146.5 93411.2 93055.2 90408.3 90357.1 100426 108706 113553 118069 122003 120682 115396 149975 379899 531368 545442 499432 427728 352487 285262 230338 187933 156428 133652 117507 106229 98419 93019.3 89323 86864.1 85228.4 84140.3 83416.5 82935 82614.7 82401.6 82259.9 82165.6 82102.9 82061.1 82033.4 82014.9 82002.6 81994.5 81989 81985.4 81983 81981.4 81980.4 81979.6 81979.2 81978.9 81978.7 81978.5 81978.4 81978.4 81978.3 81978.3 81978.3 81978.3 81978.3 81978.3 81978.2 81978.2 81978.2 81978.2 81978.2 81978.2 81978.2 81978.2 81978.2 81978.2 81978.2 81978.2 81978.2 81978.2 81978.2 81978.2 81978.2 81978.2 81978.2 81978.2 81978.2 81978.2 81978.2 81978.2 81978.2 81978.2 81978.2 81978.2 81978.2 81978.2 81978.2 81978.2 81978.2 81978.2 81978.2 81978.2 81978.2 81978.2 81978.2 81978.2 81978.2 81978.2 81978.2 81978.2 81978.2 81978.2 81978.2 81978.2 81978.2 81978.2 81978.2 0 0 0 0 0 0 0 0 0 0 0 0 0 0 0 0 0 0 0 0 0 0 0 0 0
