SBPRF35
0.0418769
Curr Bio
281271
B35
102600
F35
120.094
FOFL
120.094
OFL
425735
Bzero
10115.8
#pred survey bio
 7620.13 8181.52 10055.5 11914.2 18714.6 28055 27399.6 32656.2 43121.6 51959.9 64430.8 84611.7 118819 134536 133529 119799 109995 105624 94481.6 89972.1 92528.2 102545 108549 111091 113577 124540 132642 151118 4.27158e+06 740073 234941 104737 68614.1 58905.9 56352 55691.5 55523 55480.5 55469.9 55467.2 55466.6 55466.4 55466.4 55466.4 55466.4 55466.4 55466.4 55466.4 55466.4 55466.4 55466.4 55466.4 55466.4 55466.4 55466.4 55466.4 55466.4 55466.4 55466.4 55466.4 55466.4 55466.4 55466.4 55466.4 55466.4 55466.4 55466.4 55466.4 55466.4 55466.4 55466.4 55466.4 55466.4 55466.4 55466.4 55466.4 55466.4 55466.4 55466.4 55466.4 55466.4 55466.4 55466.4 55466.4 55466.4 55466.4 55466.4 55466.4 55466.4 55466.4 55466.4 55466.4 55466.4 55466.4 55466.4 55466.4 55466.4 55466.4 55466.4 55466.4 55466.4 55466.4 55466.4 55466.4 55466.4 55466.4 55466.4 55466.4 55466.4 55466.4 55466.4 55466.4 55466.4 55466.4 55466.4 55466.4 55466.4 55466.4 55466.4 55466.4 55466.4 55466.4 55466.4 55466.4 55466.4 55466.4 55466.4 55466.4 0 0 0 0 0 0 0 0 0 0 0 0 0 0 0 0 0 0 0 0 0 0 0 0 0
#obs survey bio
 5279.92 7035.82 9079.97 12852.4 19957.7 20267 20921.2 38680.1 32484.5 58238.2 51002.1 81687.3 153522 178438 104326 148073 103367 90707 60659.4 134161 77452.2 117240 117017 121670 124357 156286 166277 171238
#pred catch bio
 2449.21 4758.97 6284.71 7182.93 8783.34 18533.8 18119.9 20522.2 28789 35482.4 47487.9 55034.7 83796.5 93470.9 99687.8 95369.6 85980.3 89244.2 80696.6 75555.3 75113.3 87040.8 96151.9 103064 98747.1 108100 115228 96307.1 425735 6272.88 6272.88 6272.88 6272.88 6272.88 6272.88 6272.88 6272.88 6272.88 6272.88 6272.88 6272.88 6272.88 6272.88 6272.88 6272.88 6272.88 6272.88 6272.88 6272.88 6272.88 6272.88 6272.88 6272.88 6272.88 6272.88 6272.88 6272.88 6272.88 6272.88 6272.88 6272.88 6272.88 6272.88 6272.88 6272.88 6272.88 6272.88 6272.88 6272.88 6272.88 6272.88 6272.88 6272.88 6272.88 6272.88 6272.88 6272.88 6272.88 6272.88 6272.88 6272.88 6272.88 6272.88 6272.88 6272.88 6272.88 6272.88 6272.88 6272.88 6272.88 6272.88 6272.88 6272.88 6272.88 6272.88 6272.88 6272.88 6272.88 6272.88 6272.88 6272.88 6272.88 6272.88 6272.88 6272.88 6272.88 6272.88 6272.88 6272.88 6272.88 6272.88 6272.88 6272.88 6272.88 6272.88 6272.88 6272.88 6272.88 6272.88 6272.88 6272.88 6272.88 6272.88 6272.88 6272.88 6272.88 6272.88 6272.88 0 0 0 0 0 0 0 0 0 0 0 0 0 0 0 0 0 0 0 0 0 0 0 0 0
#obs catch bio
 4458.47 4890.05 6398.38 7294.7 8721.26 18657.5 18726.2 20362 28854.1 35345.4 47773.7 55046 83120 92047 100332 95576.1 85840.2 88510.9 81386.1 74239.3 74568 85265.1 94681.9 101398 96704.3 105359 113717 95734.9
#pred cpue bio
 8219.92 8833.21 11042.2 13167 19824.9 31351 30642.1 35263.8 47458.9 56956.3 70334.9 91233.6 129745 149255 149489 133606 121620 117504 104516 99022.4 101413 112043 118998 121373 123594 136030 145028 163375 4.77542e+06 923327 241754 105933 69620.8 59906.3 57352.3 56691.8 56523.3 56480.8 56470.1 56467.5 56466.8 56466.7 56466.6 56466.6 56466.6 56466.6 56466.6 56466.6 56466.6 56466.6 56466.6 56466.6 56466.6 56466.6 56466.6 56466.6 56466.6 56466.6 56466.6 56466.6 56466.6 56466.6 56466.6 56466.6 56466.6 56466.6 56466.6 56466.6 56466.6 56466.6 56466.6 56466.6 56466.6 56466.6 56466.6 56466.6 56466.6 56466.6 56466.6 56466.6 56466.6 56466.6 56466.6 56466.6 56466.6 56466.6 56466.6 56466.6 56466.6 56466.6 56466.6 56466.6 56466.6 56466.6 56466.6 56466.6 56466.6 56466.6 56466.6 56466.6 56466.6 56466.6 56466.6 56466.6 56466.6 56466.6 56466.6 56466.6 56466.6 56466.6 56466.6 56466.6 56466.6 56466.6 56466.6 56466.6 56466.6 56466.6 56466.6 56466.6 56466.6 56466.6 56466.6 56466.6 56466.6 56466.6 56466.6 56466.6 0 0 0 0 0 0 0 0 0 0 0 0 0 0 0 0 0 0 0 0 0 0 0 0 0
#obs cpue bio
 5212.15 7740.58 7642.65 12955.8 23748.5 26193.6 27338 45739.2 53481.6 58074.4 74400 86689.5 152590 142954 125565 132780 119000 180311 113986 126618 106631 172769 123642 151596 158079 172763 126048 141386
#pred surv len freq
 2.56658e-27 2.5976e-27 4.12968e-26 8.17197e-20 2.00326e-14 5.93602e-10 2.12618e-06 0.000920555 0.0481785 0.304791 0.233332 0.0376822 0.122892 0.113576 0.0294874 0.0390368 0.0176428 0.0147232 0.0094186 0.00732785 0.00576582 0.00492724 0.00482982 0.00419663 0.00127029
 2.57017e-27 2.60688e-27 4.8967e-26 9.78984e-20 2.39986e-14 7.11122e-10 2.54712e-06 0.00110281 0.0577168 0.365132 0.279444 0.0399407 0.107684 0.0990404 0.0181069 0.0164416 0.00617887 0.00360228 0.00186404 0.00119968 0.00080711 0.000602953 0.000526498 0.000455866 0.00015081
 2.57009e-27 2.6065e-27 4.84475e-26 9.68018e-20 2.37298e-14 7.03156e-10 2.51859e-06 0.00109045 0.0570703 0.361042 0.276346 0.0415692 0.122253 0.112236 0.0159922 0.00822704 0.00261574 0.00087804 0.000330618 0.000149641 7.69417e-05 4.69124e-05 3.46964e-05 2.82303e-05 9.64559e-06
 2.56971e-27 2.60545e-27 4.75109e-26 9.4826e-20 2.32454e-14 6.88804e-10 2.46718e-06 0.0010682 0.0559055 0.353673 0.270725 0.0419123 0.128814 0.118291 0.0170945 0.00920084 0.00267019 0.000469303 0.000122206 3.16526e-05 1.02151e-05 4.35555e-06 2.48469e-06 1.76567e-06 5.96354e-07
 2.57214e-27 2.61212e-27 5.34633e-26 1.07383e-19 2.63237e-14 7.80018e-10 2.79389e-06 0.00120965 0.0633086 0.400508 0.306452 0.0397485 0.0872456 0.0800213 0.0119244 0.00704644 0.00205948 0.000376361 8.30861e-05 1.11513e-05 1.89215e-06 4.28011e-07 1.53008e-07 8.43135e-08 2.68174e-08
 2.56901e-27 2.60354e-27 4.58008e-26 9.12183e-20 2.23611e-14 6.62599e-10 2.37332e-06 0.00102756 0.0537785 0.340218 0.260462 0.0426104 0.141338 0.129803 0.0183164 0.00909198 0.00267406 0.000537937 0.000122136 1.61591e-05 1.75247e-06 1.67955e-07 2.56778e-08 8.4464e-09 2.33496e-09
 2.56881e-27 2.60303e-27 4.53706e-26 9.03107e-20 2.21386e-14 6.56006e-10 2.3497e-06 0.00101733 0.0532435 0.336833 0.257876 0.0425346 0.142578 0.131 0.019474 0.0114265 0.00331203 0.00055919 0.000124784 1.79958e-05 1.98636e-06 1.40172e-07 7.69993e-09 8.56893e-10 1.66954e-10
 2.57107e-27 2.6092e-27 5.08652e-26 1.01902e-19 2.49801e-14 7.40205e-10 2.65129e-06 0.00114791 0.0600773 0.380065 0.290857 0.0406298 0.10491 0.0962975 0.0143622 0.00850956 0.00251185 0.000501337 0.000111897 1.38998e-05 1.55348e-06 1.15603e-07 4.80921e-09 1.46683e-10 1.0352e-11
 2.57008e-27 2.60645e-27 4.83814e-26 9.66623e-20 2.36956e-14 7.02143e-10 2.51496e-06 0.00108888 0.0569881 0.360522 0.275952 0.0417794 0.12413 0.113937 0.0157377 0.00720588 0.00211506 0.000426933 9.88307e-05 1.41049e-05 1.4991e-06 1.02745e-07 4.41753e-09 9.45971e-11 1.4365e-12
 2.57028e-27 2.60701e-27 4.8895e-26 9.77457e-20 2.39612e-14 7.10012e-10 2.54315e-06 0.00110108 0.0576268 0.364563 0.279034 0.0415084 0.119903 0.110067 0.0156091 0.00788297 0.00225998 0.000353121 7.7335e-05 1.12397e-05 1.29819e-06 9.41857e-08 3.73437e-09 7.8249e-11 7.03585e-13
 2.57057e-27 2.6078e-27 4.95858e-26 9.9203e-20 2.43184e-14 7.20599e-10 2.58106e-06 0.0011175 0.058486 0.369998 0.283181 0.0413246 0.11559 0.106081 0.0147779 0.00699259 0.00201891 0.000346085 7.37327e-05 8.54012e-06 9.39706e-07 7.19555e-08 3.0798e-09 6.19452e-11 5.17457e-13
 2.57135e-27 2.60992e-27 5.14672e-26 1.03172e-19 2.52914e-14 7.49428e-10 2.68433e-06 0.00116221 0.0608259 0.384801 0.294476 0.0407667 0.103409 0.0948377 0.0127471 0.0051918 0.00148297 0.000238798 5.09657e-05 6.32908e-06 6.27162e-07 4.07794e-08 1.77651e-09 3.83006e-11 3.1651e-13
 2.5706e-27 2.60788e-27 4.96478e-26 9.93338e-20 2.43505e-14 7.21548e-10 2.58446e-06 0.00111897 0.0585631 0.370486 0.283555 0.0413885 0.115814 0.106268 0.0144758 0.00625459 0.00176884 0.000247717 5.02749e-05 5.92506e-06 6.0092e-07 3.85931e-08 1.4313e-09 2.97617e-11 2.5982e-13
 2.56961e-27 2.60514e-27 4.72109e-26 9.41929e-20 2.30903e-14 6.84206e-10 2.45071e-06 0.00106106 0.0555323 0.351312 0.268928 0.0422613 0.132732 0.121847 0.0166343 0.00725496 0.00206144 0.000304455 6.13136e-05 6.35515e-06 6.02295e-07 3.78087e-08 1.40498e-09 2.59057e-11 2.10934e-13
 2.56887e-27 2.60316e-27 4.54619e-26 9.05033e-20 2.21858e-14 6.57404e-10 2.35471e-06 0.0010195 0.053357 0.337551 0.258427 0.042703 0.143472 0.131779 0.0187807 0.00964809 0.00275649 0.000410774 8.36466e-05 9.04533e-06 8.16916e-07 4.55843e-08 1.61531e-09 2.94467e-11 2.1967e-13
 2.56915e-27 2.60392e-27 4.61404e-26 9.19346e-20 2.25367e-14 6.67801e-10 2.39195e-06 0.00103562 0.0542008 0.342889 0.2625 0.0424869 0.138965 0.127621 0.018059 0.00905179 0.0026221 0.000456996 9.69705e-05 1.06011e-05 9.8039e-07 5.49021e-08 1.75866e-09 2.972e-11 2.15933e-13
 2.56982e-27 2.60574e-27 4.77432e-26 9.53158e-20 2.33655e-14 6.92362e-10 2.47992e-06 0.00107371 0.0561942 0.3555 0.272122 0.0420714 0.129043 0.118448 0.0161358 0.00697558 0.00200698 0.000341731 7.41754e-05 9.3313e-06 9.03113e-07 5.15662e-08 1.67363e-09 2.63797e-11 1.75578e-13
 2.56945e-27 2.60472e-27 4.68265e-26 9.3382e-20 2.28915e-14 6.78315e-10 2.42961e-06 0.00105193 0.0550542 0.348288 0.266621 0.0424496 0.135786 0.124647 0.0168116 0.00695466 0.00197276 0.000291804 6.07975e-05 7.5406e-06 7.81123e-07 4.99008e-08 1.67375e-09 2.6748e-11 1.69898e-13
 2.56987e-27 2.60586e-27 4.78311e-26 9.55012e-20 2.3411e-14 6.93709e-10 2.48475e-06 0.0010758 0.0563036 0.356192 0.272652 0.0421656 0.129387 0.118738 0.0156807 0.00586337 0.00165185 0.0002345 4.70966e-05 5.14088e-06 5.08837e-07 3.33557e-08 1.24434e-09 2.11649e-11 1.36733e-13
 2.57022e-27 2.60681e-27 4.86734e-26 9.72781e-20 2.38466e-14 7.06616e-10 2.53098e-06 0.00109582 0.0573511 0.362819 0.277708 0.0419066 0.123864 0.113643 0.0148032 0.00514503 0.00143548 0.00018623 3.6116e-05 3.7734e-06 3.45327e-07 2.0384e-08 7.58657e-10 1.40293e-11 9.79564e-14
 2.57048e-27 2.60751e-27 4.92973e-26 9.85943e-20 2.41692e-14 7.16176e-10 2.56522e-06 0.00111064 0.0581271 0.367728 0.281453 0.0416807 0.119514 0.109638 0.0142618 0.00491842 0.00136576 0.00016633 3.1126e-05 2.991e-06 2.60505e-07 1.43431e-08 4.79906e-10 8.56896e-12 6.36151e-14
 2.57065e-27 2.60798e-27 4.97268e-26 9.95004e-20 2.43913e-14 7.22758e-10 2.5888e-06 0.00112085 0.0586613 0.371107 0.284031 0.0415014 0.116339 0.10672 0.013963 0.0049715 0.00138163 0.000167118 3.09214e-05 2.79631e-06 2.2909e-07 1.16204e-08 3.62752e-10 5.86039e-12 4.11782e-14
 2.57049e-27 2.60755e-27 4.9326e-26 9.86549e-20 2.41841e-14 7.16617e-10 2.5668e-06 0.00111133 0.0581629 0.367954 0.281627 0.0417202 0.119692 0.109791 0.0140727 0.00444922 0.00123271 0.000153194 2.85978e-05 2.56558e-06 2.04185e-07 9.64136e-09 2.77049e-10 4.12437e-12 2.63843e-14
 2.57071e-27 2.60814e-27 4.98565e-26 9.97741e-20 2.44584e-14 7.24747e-10 2.59592e-06 0.00112393 0.0588227 0.372128 0.284811 0.0415567 0.116211 0.106579 0.0135206 0.00399853 0.00109723 0.000123487 2.22827e-05 2.04679e-06 1.63988e-07 7.59654e-09 2.05759e-10 2.81089e-12 1.64638e-14
 2.57098e-27 2.60886e-27 5.04913e-26 1.01113e-19 2.47867e-14 7.34474e-10 2.63076e-06 0.00113902 0.0596122 0.377123 0.288622 0.0413798 0.112187 0.102862 0.0127933 0.00327648 0.000889598 9.48465e-05 1.6511e-05 1.38594e-06 1.0798e-07 5.09486e-09 1.36805e-10 1.78116e-12 9.60711e-15
 2.57074e-27 2.6082e-27 4.99093e-26 9.98854e-20 2.44857e-14 7.25555e-10 2.59882e-06 0.00112519 0.0588883 0.372543 0.285128 0.0415488 0.115928 0.106316 0.0134467 0.00389557 0.00105785 0.000100945 1.65582e-05 1.31744e-06 9.65543e-08 4.21664e-09 1.1291e-10 1.47128e-12 7.64149e-15
 2.57067e-27 2.60801e-27 4.97419e-26 9.95323e-20 2.43992e-14 7.22991e-10 2.58963e-06 0.00112121 0.0586802 0.371227 0.284123 0.0415933 0.116973 0.107282 0.0136415 0.00409696 0.0011203 0.000117462 1.99131e-05 1.43069e-06 9.73271e-08 3.9707e-09 9.83646e-11 1.23758e-12 6.42762e-15
 2.5713e-27 2.60976e-27 5.13058e-26 1.02831e-19 2.52079e-14 7.46955e-10 2.67547e-06 0.00115837 0.0606252 0.383531 0.29351 0.0410003 0.105865 0.097061 0.0123548 0.00373641 0.00102377 0.000110479 1.91692e-05 1.4981e-06 1.02719e-07 3.76595e-09 8.62299e-11 1.00158e-12 4.93412e-15
#obs surv len freq
 1.76989e-41 2.45649e-33 4.12127e-26 8.35784e-20 2.04883e-14 6.07105e-10 2.17455e-06 0.000941506 0.0492747 0.311726 0.238765 0.0440323 0.151669 0.128467 0.0360267 0.0275906 0.00833399 0.00260562 0.000504239 5.79246e-05 2.90307e-06 4.64284e-08 1.7602e-10 1.27125e-13 1.51535e-17
 2.1762e-41 3.02042e-33 5.06739e-26 1.02766e-19 2.51918e-14 7.46479e-10 2.67376e-06 0.00115765 0.0605867 0.383289 0.293381 0.0420146 0.0971523 0.0777668 0.0222843 0.016079 0.00466036 0.00135914 0.000241429 2.43297e-05 1.00825e-06 1.2596e-08 3.58816e-11 1.89851e-14 1.62998e-18
 1.72067e-41 2.38818e-33 4.00667e-26 8.12545e-20 1.99186e-14 5.90224e-10 2.11409e-06 0.000915326 0.0479045 0.303059 0.232342 0.0512509 0.182152 0.136063 0.0267642 0.0142896 0.00398591 0.00108159 0.000174358 1.52536e-05 5.2087e-07 5.07341e-09 1.08171e-11 4.18096e-15 2.5855e-19
 2.08996e-41 2.90073e-33 4.86658e-26 9.86932e-20 2.41935e-14 7.16897e-10 2.56781e-06 0.00111177 0.0581857 0.3681 0.281907 0.0458187 0.113425 0.081362 0.0280783 0.017847 0.00339092 0.00066725 9.61506e-05 7.218e-06 2.01033e-07 1.52264e-09 2.43074e-12 6.85982e-16 3.05216e-20
 2.37124e-41 3.29113e-33 5.52155e-26 1.11976e-19 2.74496e-14 8.13381e-10 2.9134e-06 0.0012614 0.0660167 0.417641 0.319707 0.0442997 0.0791642 0.052123 0.0116159 0.00605435 0.00173028 0.000349142 3.27019e-05 1.91153e-06 4.28156e-08 2.50345e-10 2.98822e-13 6.16732e-17 1.97746e-21
 1.32144e-41 1.83407e-33 3.07703e-26 6.24016e-20 1.5297e-14 4.53279e-10 1.62357e-06 0.000702951 0.0367896 0.232745 0.179311 0.0711717 0.271924 0.166209 0.0279385 0.010734 0.00203239 0.000395512 4.27017e-05 1.76619e-06 2.75986e-08 1.2113e-10 1.07487e-13 1.62065e-17 3.75009e-22
 2.21627e-41 3.07603e-33 5.16069e-26 1.04658e-19 2.56556e-14 7.60222e-10 2.72299e-06 0.00117896 0.0617022 0.390346 0.299003 0.0467719 0.0889009 0.0564006 0.0349958 0.0179469 0.00243018 0.000294979 2.47517e-05 1.00111e-06 1.17494e-08 3.45204e-11 2.16216e-14 2.35324e-18 3.92064e-23
 1.98198e-41 2.75086e-33 4.61514e-26 9.35941e-20 2.29435e-14 6.79858e-10 2.43514e-06 0.00105433 0.0551795 0.349084 0.267977 0.0611281 0.155923 0.0830537 0.0160835 0.00741196 0.00269917 0.000382789 1.94678e-05 5.38288e-07 5.28185e-09 1.18106e-11 5.00273e-15 3.68008e-19 4.27383e-24
 2.03721e-41 2.82752e-33 4.74374e-26 9.62022e-20 2.35828e-14 6.98802e-10 2.503e-06 0.00108371 0.0567171 0.358812 0.275483 0.0612086 0.14175 0.0727953 0.0223432 0.0082884 0.00125858 0.000238647 1.85604e-05 3.68807e-07 2.27543e-09 3.75965e-12 1.19935e-15 6.21325e-20 4.87405e-25
 1.98431e-41 2.75409e-33 4.62056e-26 9.37041e-20 2.29705e-14 6.80657e-10 2.438e-06 0.00105557 0.0552444 0.349497 0.268667 0.0670035 0.154112 0.0735282 0.0215283 0.0077841 0.00141095 0.000156936 1.03342e-05 2.59605e-07 1.35203e-09 1.42942e-12 3.05212e-16 1.13676e-20 6.44067e-26
 2.10147e-41 2.9167e-33 4.89336e-26 9.92364e-20 2.43266e-14 7.20843e-10 2.58194e-06 0.00111789 0.058506 0.370131 0.284473 0.0657998 0.132894 0.0600092 0.0194386 0.00641595 0.00108618 0.000119819 5.75159e-06 1.07775e-07 5.62574e-10 5.34691e-13 8.13655e-17 1.97674e-21 7.50272e-27
 2.04178e-41 2.83385e-33 4.75437e-26 9.64177e-20 2.36357e-14 7.00368e-10 2.5086e-06 0.00108614 0.0568442 0.359621 0.276889 0.0733008 0.147228 0.061137 0.0175828 0.00531647 0.000899916 8.90817e-05 3.80034e-06 5.34705e-08 1.99046e-10 1.58125e-13 2.1029e-17 4.07559e-22 1.10273e-27
 1.99301e-41 2.76617e-33 4.64083e-26 9.4115e-20 2.30712e-14 6.83641e-10 2.44869e-06 0.0010602 0.0554866 0.351036 0.270798 0.079693 0.15463 0.0614178 0.0197344 0.0052999 0.000769933 6.91138e-05 2.58465e-06 2.98753e-08 8.30461e-11 4.623e-14 4.53543e-18 6.96935e-23 1.52364e-28
 1.86933e-41 2.59451e-33 4.35283e-26 8.82746e-20 2.16395e-14 6.41217e-10 2.29674e-06 0.000994407 0.0520433 0.329259 0.254984 0.0912594 0.175209 0.0666352 0.0228556 0.00585993 0.000833881 6.24735e-05 1.94104e-06 1.84942e-08 4.03396e-11 1.66719e-14 1.15576e-18 1.2413e-23 1.95109e-29
 1.69028e-41 2.34599e-33 3.93589e-26 7.9819e-20 1.95667e-14 5.79797e-10 2.07674e-06 0.000899156 0.0470583 0.297731 0.232077 0.1064 0.201163 0.0761862 0.0300102 0.00736559 0.00103382 7.10328e-05 1.82001e-06 1.35235e-08 2.29189e-11 7.21423e-15 3.70106e-19 2.85885e-24 3.15947e-30
 1.90678e-41 2.64648e-33 4.44002e-26 9.00426e-20 2.20729e-14 6.5406e-10 2.34274e-06 0.00101432 0.0530857 0.335863 0.260906 0.0956393 0.15527 0.0615028 0.0285095 0.00711231 0.00102811 6.57474e-05 1.46776e-06 8.69461e-09 1.10962e-11 2.5986e-15 9.89054e-20 5.61753e-25 4.50743e-31
 1.85643e-41 2.5766e-33 4.32278e-26 8.76652e-20 2.14901e-14 6.36791e-10 2.28088e-06 0.000987542 0.0516841 0.327008 0.255459 0.109759 0.169746 0.0576181 0.0212653 0.00555906 0.0008567 5.34294e-05 1.06426e-06 5.21579e-09 5.17313e-12 8.99583e-16 2.49083e-20 1.0251e-25 5.96123e-32
 1.84595e-41 2.56206e-33 4.29838e-26 8.71703e-20 2.13688e-14 6.33196e-10 2.26801e-06 0.000981968 0.0513924 0.325176 0.255073 0.116503 0.167284 0.057258 0.0212881 0.0044051 0.000598797 3.72044e-05 6.83531e-07 2.84822e-09 2.25795e-12 3.00589e-16 6.17223e-21 1.84387e-26 7.69594e-33
 1.86504e-41 2.58856e-33 4.34284e-26 8.80719e-20 2.15898e-14 6.39745e-10 2.29146e-06 0.000992124 0.0519239 0.328553 0.258659 0.121342 0.160088 0.0541267 0.0198798 0.00395881 0.000451093 2.27871e-05 3.72926e-07 1.34944e-09 8.76486e-13 9.14439e-17 1.4265e-21 3.1668e-27 9.66188e-34
 1.947e-41 2.7023e-33 4.53367e-26 9.1942e-20 2.25385e-14 6.67857e-10 2.39215e-06 0.00103572 0.0542056 0.343001 0.270363 0.121022 0.143841 0.0469113 0.0162186 0.00306635 0.000319935 1.32072e-05 1.67497e-07 4.90879e-10 2.60801e-13 2.16993e-17 2.62281e-22 4.41034e-28 1.00224e-34
 1.94264e-41 2.69626e-33 4.52354e-26 9.17365e-20 2.24881e-14 6.66364e-10 2.38681e-06 0.0010334 0.0540845 0.342262 0.271451 0.129753 0.142478 0.0431138 0.0133074 0.00229201 0.000214253 7.58102e-06 7.54104e-08 1.65124e-10 6.63764e-14 4.264e-18 3.98822e-23 5.13719e-29 8.82372e-36
 1.97587e-41 2.74238e-33 4.60092e-26 9.33056e-20 2.28728e-14 6.77762e-10 2.42763e-06 0.00105108 0.0550096 0.348142 0.27716 0.132054 0.132602 0.0403183 0.0117585 0.00175755 0.000139899 4.15051e-06 3.31955e-08 5.53274e-11 1.62923e-14 7.61099e-19 5.23184e-24 5.01163e-30 6.43829e-37
 1.909e-41 2.64957e-33 4.4452e-26 9.01478e-20 2.20987e-14 6.54824e-10 2.34547e-06 0.00101551 0.053148 0.33642 0.271141 0.147094 0.138571 0.0401872 0.0108196 0.00149889 0.000100449 2.38046e-06 1.49596e-08 1.91568e-11 4.21385e-15 1.43434e-19 7.08026e-25 4.85392e-31 4.4809e-38
 1.9614e-41 2.72229e-33 4.56721e-26 9.26221e-20 2.27052e-14 6.72798e-10 2.40985e-06 0.00104338 0.0546069 0.345688 0.279415 0.145485 0.125282 0.0376003 0.00961829 0.0011885 6.8611e-05 1.30753e-06 6.25566e-09 6.00627e-12 9.83109e-16 2.46424e-20 8.85096e-26 4.36725e-32 2.87861e-39
 1.93279e-41 2.68259e-33 4.5006e-26 9.12713e-20 2.23741e-14 6.62985e-10 2.3747e-06 0.00102817 0.0538107 0.340729 0.278745 0.156125 0.124652 0.0354401 0.0084329 0.000985125 4.87541e-05 7.50506e-07 2.76203e-09 1.96346e-12 2.34264e-16 4.26615e-21 1.11164e-26 3.96805e-33 1.88444e-40
 1.87647e-41 2.60442e-33 4.36945e-26 8.86115e-20 2.17221e-14 6.43665e-10 2.3055e-06 0.000998203 0.0522429 0.330921 0.275265 0.169127 0.126822 0.0359492 0.00782353 0.000813405 3.51507e-05 4.43013e-07 1.25872e-09 6.68475e-13 5.82409e-17 7.63779e-22 1.42505e-27 3.6388e-34 1.23683e-41
 1.79272e-41 2.48818e-33 4.17444e-26 8.46568e-20 2.07526e-14 6.14938e-10 2.20261e-06 0.000953654 0.0499119 0.316327 0.269229 0.18459 0.131638 0.0386117 0.00796459 0.000745222 2.7087e-05 2.78108e-07 6.18979e-10 2.47691e-13 1.58693e-17 1.50885e-22 2.0217e-28 3.68354e-35 8.90146e-43
 1.82495e-41 2.53291e-33 4.24949e-26 8.61788e-20 2.11257e-14 6.25993e-10 2.24221e-06 0.000970799 0.0508097 0.322124 0.275993 0.182179 0.122093 0.0376302 0.00752296 0.000655686 2.02955e-05 1.66647e-07 2.87153e-10 8.71458e-14 4.15044e-18 2.88498e-23 2.79425e-29 3.65398e-36 6.3072e-44
#pred catch len freq
 2.56604e-27 2.59604e-27 3.97905e-26 7.85414e-20 1.92535e-14 5.70515e-10 2.04349e-06 0.000884753 0.0463048 0.292937 0.224304 0.0391505 0.140409 0.12959 0.0296385 0.0352998 0.015734 0.0128811 0.00821339 0.0063809 0.00501914 0.00428891 0.00420408 0.00365292 0.00110571
 2.57027e-27 2.6071e-27 4.91063e-26 9.81921e-20 2.40706e-14 7.13255e-10 2.55476e-06 0.00110611 0.05789 0.366228 0.280287 0.0403587 0.110273 0.101345 0.0170097 0.0133406 0.00495708 0.00282582 0.00145701 0.000936098 0.00062956 0.000470283 0.000410647 0.000355556 0.000117626
 2.57017e-27 2.60669e-27 4.85963e-26 9.71156e-20 2.38067e-14 7.05436e-10 2.52675e-06 0.00109399 0.0572553 0.362213 0.277242 0.0417135 0.122722 0.112627 0.0153074 0.00656369 0.00206531 0.000676163 0.000253458 0.000114465 5.88295e-05 3.58661e-05 2.65263e-05 2.15828e-05 7.37429e-06
 2.56971e-27 2.60543e-27 4.74736e-26 9.47471e-20 2.32261e-14 6.88231e-10 2.46513e-06 0.00106731 0.055859 0.353379 0.270504 0.0421287 0.130616 0.119906 0.0164886 0.00741326 0.00213544 0.000366199 9.47101e-05 2.44634e-05 7.89013e-06 3.36378e-06 1.91889e-06 1.3636e-06 4.60555e-07
 2.57181e-27 2.6112e-27 5.2622e-26 1.05608e-19 2.58886e-14 7.67126e-10 2.74772e-06 0.00118966 0.0622623 0.393888 0.301405 0.0402013 0.094238 0.0864262 0.0121928 0.00604602 0.00175474 0.00031286 6.86533e-05 9.18761e-06 1.55745e-06 3.52226e-07 1.25913e-07 6.93826e-08 2.20684e-08
 2.56922e-27 2.60408e-27 4.62547e-26 9.21757e-20 2.25958e-14 6.69553e-10 2.39823e-06 0.00103834 0.054343 0.343789 0.263189 0.0426475 0.139703 0.128254 0.0172914 0.00714431 0.00208351 0.000408828 9.23132e-05 1.21791e-05 1.31969e-06 1.26439e-07 1.93295e-08 6.35816e-09 1.75768e-09
 2.56905e-27 2.60364e-27 4.58836e-26 9.13929e-20 2.24039e-14 6.63867e-10 2.37786e-06 0.00102952 0.0538815 0.340869 0.260959 0.0426023 0.140927 0.129423 0.0182219 0.00896879 0.00258199 0.000425422 9.43086e-05 1.35622e-05 1.49579e-06 1.05524e-07 5.79623e-09 6.45028e-10 1.25675e-10
 2.57116e-27 2.60942e-27 5.10373e-26 1.02265e-19 2.50691e-14 7.42842e-10 2.66073e-06 0.001152 0.0602913 0.381419 0.291893 0.0407568 0.105148 0.0964749 0.0136202 0.00677263 0.00198463 0.000386378 8.57665e-05 1.06239e-05 1.18624e-06 8.82511e-08 3.6711e-09 1.11968e-10 7.90199e-12
 2.57028e-27 2.60697e-27 4.88295e-26 9.76075e-20 2.39273e-14 7.09009e-10 2.53955e-06 0.00109953 0.0575453 0.364048 0.278644 0.0417753 0.122207 0.112131 0.0148532 0.00564305 0.00164138 0.000323164 7.43956e-05 1.05878e-05 1.12439e-06 7.70417e-08 3.31217e-09 7.09257e-11 1.07703e-12
 2.57053e-27 2.60768e-27 4.94702e-26 9.89591e-20 2.42586e-14 7.18826e-10 2.57472e-06 0.00111475 0.0583422 0.369088 0.282489 0.0414718 0.117197 0.107537 0.0145583 0.0061244 0.00174257 0.000265791 5.7796e-05 8.37598e-06 9.66651e-07 7.01135e-08 2.77974e-09 5.8245e-11 5.23715e-13
 2.57098e-27 2.60888e-27 5.05389e-26 1.01214e-19 2.48113e-14 7.35203e-10 2.63337e-06 0.00114015 0.0596714 0.377497 0.288904 0.0411293 0.110083 0.100976 0.0134699 0.00529526 0.00151621 0.00025363 5.36944e-05 6.20162e-06 6.81706e-07 5.21855e-08 2.23348e-09 4.4922e-11 3.75253e-13
 2.57146e-27 2.61021e-27 5.17111e-26 1.03686e-19 2.54175e-14 7.53166e-10 2.69771e-06 0.00116801 0.0611293 0.38672 0.295941 0.04079 0.102556 0.0940273 0.0121786 0.00409978 0.00116017 0.000182346 3.86535e-05 4.78651e-06 4.7388e-07 3.08033e-08 1.34181e-09 2.89283e-11 2.39057e-13
 2.5709e-27 2.60867e-27 5.03399e-26 1.00794e-19 2.47084e-14 7.32154e-10 2.62245e-06 0.00113542 0.0594239 0.375931 0.287711 0.0412684 0.11198 0.102709 0.0134501 0.00481246 0.00134951 0.000184591 3.71732e-05 4.3685e-06 4.42628e-07 2.84188e-08 1.05389e-09 2.19136e-11 1.91305e-13
 2.5699e-27 2.60593e-27 4.78971e-26 9.56405e-20 2.34451e-14 6.94721e-10 2.48837e-06 0.00107737 0.0563857 0.356711 0.273049 0.0421659 0.129111 0.118478 0.0155431 0.00561551 0.00158204 0.00022815 4.56132e-05 4.71459e-06 4.46333e-07 2.80098e-08 1.04077e-09 1.91899e-11 1.56251e-13
 2.5694e-27 2.60458e-27 4.67033e-26 9.3122e-20 2.28277e-14 6.76427e-10 2.42285e-06 0.001049 0.0549009 0.347318 0.265881 0.042463 0.136408 0.125228 0.0170229 0.00728992 0.00206754 0.000300838 6.08177e-05 6.55822e-06 5.91696e-07 3.30065e-08 1.16951e-09 2.13195e-11 1.59041e-13
 2.56984e-27 2.60579e-27 4.77835e-26 9.54009e-20 2.33864e-14 6.9298e-10 2.48214e-06 0.00107467 0.0562444 0.355818 0.272365 0.0420884 0.129002 0.118404 0.0160004 0.00667835 0.00191927 0.000326402 6.88318e-05 7.5039e-06 6.93263e-07 3.88111e-08 1.24312e-09 2.10073e-11 1.5263e-13
 2.57041e-27 2.60731e-27 4.91297e-26 9.82408e-20 2.40825e-14 7.13609e-10 2.55603e-06 0.00110666 0.0579187 0.36641 0.280447 0.0417117 0.120457 0.110511 0.0144724 0.00518102 0.00147732 0.00024547 5.29387e-05 6.64092e-06 6.42165e-07 3.66555e-08 1.1896e-09 1.87499e-11 1.24795e-13
 2.57027e-27 2.60695e-27 4.87966e-26 9.75381e-20 2.39103e-14 7.08504e-10 2.53774e-06 0.00109875 0.0575044 0.363789 0.278448 0.0418683 0.123053 0.112894 0.0146637 0.00501627 0.0014102 0.000203676 4.21234e-05 5.20958e-06 5.39161e-07 3.44337e-08 1.15488e-09 1.84556e-11 1.17226e-13
 2.57068e-27 2.60805e-27 4.97728e-26 9.95975e-20 2.44151e-14 7.23464e-10 2.59132e-06 0.00112194 0.0587185 0.371469 0.284308 0.0415638 0.116618 0.106959 0.0136547 0.00420989 0.00117448 0.000162837 3.24559e-05 3.53274e-06 3.49304e-07 2.28911e-08 8.53897e-10 1.45236e-11 9.38276e-14
 2.57094e-27 2.60877e-27 5.04174e-26 1.00957e-19 2.47485e-14 7.33342e-10 2.62671e-06 0.00113726 0.0595203 0.376542 0.288178 0.0413588 0.112339 0.103013 0.0130043 0.00371998 0.00102727 0.000130225 2.5046e-05 2.60942e-06 2.38552e-07 1.40769e-08 5.23873e-10 9.68745e-12 6.764e-14
 2.57109e-27 2.60918e-27 5.07767e-26 1.01715e-19 2.49343e-14 7.38847e-10 2.64643e-06 0.0011458 0.0599671 0.379368 0.290334 0.0412273 0.109824 0.100697 0.0126977 0.00360348 0.000990441 0.000117914 2.18725e-05 2.09592e-06 1.82339e-07 1.00362e-08 3.35773e-10 5.99526e-12 4.45081e-14
 2.57136e-27 2.60993e-27 5.14497e-26 1.03135e-19 2.52823e-14 7.4916e-10 2.68337e-06 0.0011618 0.0608042 0.384664 0.294374 0.0409587 0.104941 0.0962075 0.0121892 0.003574 0.000983472 0.000116294 2.13286e-05 1.92348e-06 1.57395e-07 7.98108e-09 2.49121e-10 4.02455e-12 2.82785e-14
 2.57133e-27 2.60982e-27 5.13445e-26 1.02913e-19 2.52279e-14 7.47548e-10 2.67759e-06 0.00115929 0.0606733 0.383836 0.293743 0.0410478 0.106063 0.0972282 0.0121139 0.00314591 0.000861902 0.000104694 1.93769e-05 1.73358e-06 1.37804e-07 6.50476e-09 1.86899e-10 2.78227e-12 1.77985e-14
 2.57164e-27 2.61068e-27 5.21098e-26 1.04528e-19 2.56237e-14 7.59276e-10 2.7196e-06 0.00117748 0.0616252 0.389858 0.298337 0.0407807 0.100803 0.0923832 0.0114139 0.00276941 0.000751056 8.26787e-05 1.47779e-05 1.35365e-06 1.08328e-07 5.01647e-09 1.35862e-10 1.85598e-12 1.08707e-14
 2.5717e-27 2.61084e-27 5.2252e-26 1.04828e-19 2.56972e-14 7.61455e-10 2.7274e-06 0.00118086 0.061802 0.390976 0.299191 0.0407707 0.100126 0.0917507 0.0111555 0.00233949 0.000626674 6.53812e-05 1.12686e-05 9.43302e-07 7.33993e-08 3.46207e-09 9.29534e-11 1.21019e-12 6.52741e-15
 2.57149e-27 2.61025e-27 5.17284e-26 1.03723e-19 2.54265e-14 7.53431e-10 2.69866e-06 0.00116842 0.0611508 0.386857 0.296048 0.0409351 0.103586 0.0949423 0.0117015 0.00278039 0.00074622 6.97526e-05 1.1315e-05 8.97808e-07 6.5712e-08 2.86872e-09 7.68088e-11 1.00083e-12 5.19806e-15
 2.57143e-27 2.61009e-27 5.15867e-26 1.03424e-19 2.53532e-14 7.5126e-10 2.69089e-06 0.00116505 0.0609746 0.385742 0.295197 0.0409762 0.104496 0.0957824 0.0118564 0.00292219 0.000789966 8.10633e-05 1.36047e-05 9.74922e-07 6.62245e-08 2.70081e-09 6.6899e-11 8.4167e-13 4.37136e-15
 2.57136e-27 2.60991e-27 5.14229e-26 1.03079e-19 2.52685e-14 7.4875e-10 2.6819e-06 0.00116116 0.0607709 0.384453 0.294214 0.041036 0.105642 0.0968375 0.0119972 0.00297788 0.000806663 8.51757e-05 1.46343e-05 1.14064e-06 7.81053e-08 2.86253e-09 6.55361e-11 7.61194e-13 3.74988e-15
#obs catch len freq
 1.74925e-41 2.42785e-33 4.07322e-26 8.2604e-20 2.02494e-14 6.00027e-10 2.1492e-06 0.000930529 0.0487002 0.308092 0.235991 0.0440992 0.153896 0.130412 0.0370547 0.0286223 0.00878274 0.00279482 0.000553432 6.59684e-05 3.45885e-06 5.76862e-08 2.27154e-10 1.70095e-13 2.09899e-17
 1.77301e-41 2.46082e-33 4.12854e-26 8.3726e-20 2.05244e-14 6.08177e-10 2.17839e-06 0.000943167 0.0493616 0.312276 0.239244 0.0459696 0.155348 0.124561 0.0358598 0.0259874 0.00768903 0.00229384 0.000417898 4.33368e-05 1.86697e-06 2.43209e-08 7.19007e-11 3.92774e-14 3.47065e-18
 2.1838e-41 3.03097e-33 5.08508e-26 1.03124e-19 2.52797e-14 7.49084e-10 2.6831e-06 0.00116169 0.0607982 0.384627 0.294446 0.0433069 0.0986229 0.0745429 0.0219634 0.0149104 0.00423326 0.00117192 0.000194838 1.7565e-05 6.19265e-07 6.2505e-09 1.38074e-11 5.50632e-15 3.49722e-19
 1.73724e-41 2.41118e-33 4.04525e-26 8.20369e-20 2.01104e-14 5.95908e-10 2.13444e-06 0.000924141 0.0483658 0.305977 0.234662 0.0537731 0.183865 0.12904 0.0256634 0.0130862 0.00357662 0.000915733 0.000137281 1.06511e-05 3.06365e-07 2.39138e-09 3.93289e-12 1.14206e-15 5.21441e-20
 2.10954e-41 2.9279e-33 4.91216e-26 9.96177e-20 2.44201e-14 7.23612e-10 2.59186e-06 0.00112219 0.0587308 0.371548 0.284605 0.0474371 0.113283 0.0765306 0.0272731 0.0159285 0.00290967 0.000550714 7.34099e-05 4.84334e-06 1.12587e-07 6.78212e-10 8.30842e-13 1.75614e-16 5.75862e-21
 2.38757e-41 3.31379e-33 5.55957e-26 1.12747e-19 2.76386e-14 8.18982e-10 2.93346e-06 0.00127009 0.0664713 0.420517 0.321953 0.0453894 0.0781356 0.0481534 0.0109348 0.00537794 0.00149574 0.000274383 2.38322e-05 1.22893e-06 2.27857e-08 1.05232e-10 9.59322e-14 1.47846e-17 3.48753e-22
 1.35654e-41 1.88278e-33 3.15876e-26 6.4059e-20 1.57033e-14 4.65318e-10 1.66669e-06 0.00072162 0.0377667 0.238928 0.184245 0.0755894 0.270839 0.15432 0.026074 0.0094315 0.00173313 0.000317761 3.05353e-05 1.0925e-06 1.41994e-08 4.90409e-11 3.30962e-14 3.71579e-18 6.31444e-23
 2.24516e-41 3.11613e-33 5.22796e-26 1.06022e-19 2.59901e-14 7.70133e-10 2.75849e-06 0.00119433 0.0625065 0.395435 0.302963 0.0481516 0.0867572 0.0523466 0.0332225 0.0152218 0.00195655 0.000223766 1.71421e-05 5.88802e-07 5.62408e-09 1.30081e-11 6.19342e-15 5.00874e-19 6.11819e-24
 2.02004e-41 2.80368e-33 4.70376e-26 9.53914e-20 2.33841e-14 6.92913e-10 2.4819e-06 0.00107458 0.0562391 0.355788 0.273246 0.0634588 0.151373 0.0750001 0.0147363 0.00654789 0.00224273 0.000278242 1.27662e-05 3.05261e-07 2.42374e-09 4.21046e-12 1.35233e-15 7.39248e-20 6.28784e-25
 2.07659e-41 2.88217e-33 4.83544e-26 9.80617e-20 2.40387e-14 7.1231e-10 2.55138e-06 0.00110466 0.0578134 0.365749 0.280936 0.0633636 0.13673 0.0657218 0.0204893 0.00687361 0.00102448 0.000180187 1.18337e-05 1.96545e-07 9.90327e-10 1.27274e-12 3.06229e-16 1.17645e-20 6.76165e-26
 2.0282e-41 2.81501e-33 4.72277e-26 9.57768e-20 2.34786e-14 6.95713e-10 2.49193e-06 0.00107892 0.0564663 0.357228 0.274768 0.0693739 0.147852 0.0659658 0.0195529 0.00647947 0.00111247 0.000112445 6.62778e-06 1.35304e-07 5.5623e-10 4.56393e-13 7.36788e-17 2.03206e-21 8.42566e-27
 2.14351e-41 2.97504e-33 4.99125e-26 1.01222e-19 2.48133e-14 7.35263e-10 2.63359e-06 0.00114026 0.0596764 0.377537 0.290321 0.0677559 0.126398 0.0535351 0.0174477 0.00525313 0.000844881 8.34782e-05 3.48811e-06 5.45615e-08 2.2347e-10 1.61693e-13 1.84802e-17 3.32685e-22 9.23714e-28
 2.08803e-41 2.89804e-33 4.86207e-26 9.86018e-20 2.41711e-14 7.16233e-10 2.56543e-06 0.00111074 0.0581319 0.367769 0.283362 0.0754596 0.139332 0.0541563 0.0155964 0.00432735 0.000688891 6.07996e-05 2.2285e-06 2.57181e-08 7.56238e-11 4.57559e-14 4.5342e-18 6.48031e-23 1.28343e-28
 2.04336e-41 2.83605e-33 4.75806e-26 9.64926e-20 2.3654e-14 7.00912e-10 2.51055e-06 0.00108698 0.0568883 0.359906 0.277881 0.0819587 0.145652 0.0544176 0.0173392 0.004241 0.000578967 4.61951e-05 1.46863e-06 1.37792e-08 2.99523e-11 1.26852e-14 9.2714e-19 1.04659e-23 1.66805e-29
 1.9258e-41 2.67288e-33 4.48431e-26 9.09409e-20 2.22931e-14 6.60586e-10 2.36611e-06 0.00102444 0.0536153 0.339208 0.263002 0.0939523 0.164706 0.0591982 0.0199576 0.00467681 0.000615676 4.06815e-05 1.07078e-06 8.2155e-09 1.3911e-11 4.35061e-15 2.24205e-19 1.76744e-24 2.02057e-30
 1.75305e-41 2.43311e-33 4.08205e-26 8.27832e-20 2.02933e-14 6.01329e-10 2.15386e-06 0.000932547 0.0488059 0.308794 0.241119 0.109851 0.189305 0.0683932 0.0261223 0.00587388 0.000756252 4.53291e-05 9.72e-07 5.79006e-09 7.5825e-12 1.79827e-15 6.83812e-20 3.87175e-25 3.11145e-31
 1.96633e-41 2.72914e-33 4.5787e-26 9.2855e-20 2.27623e-14 6.74489e-10 2.41591e-06 0.00104601 0.0547438 0.346359 0.269425 0.0977921 0.144472 0.0552987 0.0244604 0.00562277 0.000735622 4.07022e-05 7.51458e-07 3.53431e-09 3.46947e-12 6.10504e-16 1.71812e-20 7.13991e-26 4.16185e-32
 1.91857e-41 2.66285e-33 4.46748e-26 9.05995e-20 2.22094e-14 6.58105e-10 2.35723e-06 0.0010206 0.0534141 0.337962 0.264474 0.111902 0.157043 0.0510126 0.0181231 0.00440536 0.000606758 3.23966e-05 5.27466e-07 2.03377e-09 1.54128e-12 2.00657e-16 4.10016e-21 1.23279e-26 5.2011e-33
 1.9094e-41 2.65012e-33 4.44612e-26 9.01665e-20 2.21032e-14 6.5496e-10 2.34596e-06 0.00101572 0.0531588 0.336363 0.264368 0.118406 0.154187 0.0508192 0.0178237 0.00341386 0.000420125 2.21501e-05 3.28561e-07 1.06678e-09 6.41966e-13 6.37095e-17 9.63008e-22 2.09897e-27 6.35068e-34
 1.92906e-41 2.6774e-33 4.4919e-26 9.10948e-20 2.23308e-14 6.61703e-10 2.37011e-06 0.00102618 0.0537061 0.339843 0.268113 0.12277 0.14678 0.0479343 0.0164863 0.00301911 0.000306508 1.3209e-05 1.73722e-07 4.8527e-10 2.3762e-13 1.83976e-17 2.10664e-22 3.40621e-28 7.52639e-35
 2.00872e-41 2.78797e-33 4.67739e-26 9.48565e-20 2.3253e-14 6.89028e-10 2.46799e-06 0.00106855 0.0559239 0.35389 0.279521 0.121668 0.130893 0.0412325 0.013277 0.00230392 0.00021156 7.35254e-06 7.484e-08 1.68912e-10 6.7296e-14 4.13612e-18 3.65808e-23 4.47095e-29 7.34869e-36
 2.00456e-41 2.7822e-33 4.66772e-26 9.46605e-20 2.32049e-14 6.87604e-10 2.46289e-06 0.00106634 0.0558084 0.353192 0.280771 0.129921 0.129036 0.0375962 0.0107678 0.00169637 0.00013863 4.08197e-06 3.22731e-08 5.42511e-11 1.63246e-14 7.7241e-19 5.27016e-24 4.92246e-30 6.10541e-37
 2.03706e-41 2.82731e-33 4.74339e-26 9.6195e-20 2.35811e-14 6.9875e-10 2.50281e-06 0.00108363 0.0567132 0.358948 0.28644 0.131564 0.119524 0.034995 0.00936676 0.00127333 8.81331e-05 2.15948e-06 1.36142e-08 1.73127e-11 3.80519e-15 1.30726e-19 6.54332e-25 4.535e-31 4.19811e-38
 1.97334e-41 2.73886e-33 4.59501e-26 9.31859e-20 2.28434e-14 6.76893e-10 2.42452e-06 0.00104973 0.0549393 0.347792 0.281092 0.146121 0.124615 0.0347078 0.00854973 0.00106758 6.15382e-05 1.19718e-06 5.898e-09 5.7341e-12 9.38092e-16 2.34356e-20 8.41451e-26 4.16971e-32 2.77012e-39
 2.02385e-41 2.80897e-33 4.71263e-26 9.55712e-20 2.34282e-14 6.94219e-10 2.48658e-06 0.0010766 0.0563457 0.356735 0.289128 0.143797 0.112255 0.0322979 0.00749069 0.000829462 4.08068e-05 6.32066e-07 2.35838e-09 1.71328e-12 2.07983e-16 3.81813e-21 9.96195e-27 3.55061e-33 1.68366e-40
 1.99662e-41 2.77118e-33 4.64922e-26 9.42853e-20 2.31129e-14 6.84878e-10 2.45312e-06 0.00106212 0.0555878 0.352033 0.288844 0.153717 0.11131 0.0302246 0.00651565 0.000675099 2.8186e-05 3.49808e-07 9.97447e-10 5.34499e-13 4.71945e-17 6.2839e-22 1.18776e-27 3.05931e-34 1.04452e-41
 1.94244e-41 2.69598e-33 4.52307e-26 9.17269e-20 2.24858e-14 6.66294e-10 2.38656e-06 0.0010333 0.0540799 0.342624 0.285936 0.166083 0.113208 0.0304921 0.00597367 0.000548089 1.98055e-05 1.99345e-07 4.36281e-10 1.73989e-13 1.11921e-17 1.07166e-22 1.44894e-28 2.66718e-35 6.51186e-43
 1.86161e-41 2.5838e-33 4.33486e-26 8.791e-20 2.15501e-14 6.38569e-10 2.28725e-06 0.000990301 0.0518303 0.328575 0.280677 0.180989 0.117754 0.0326472 0.00602638 0.000492654 1.48629e-05 1.21011e-07 2.06186e-10 6.17197e-14 2.91298e-18 2.0194e-23 1.95909e-29 2.57187e-36 4.46235e-44
#spawning biomass
 11379 14334.5 18012.2 21161 35469.1 49022.9 47550.4 60050.9 77458.6 93751.7 117208 157390 216545 238955 232502 210062 196437 186976 169159 162615 168355 187391 197691 203564 209720 228377 242740 281271 325502 4187.69 4187.69 4187.69 4187.69 4187.69 4187.69 4187.69 4187.69 4187.69 4187.69 4187.69 4187.69 4187.69 4187.69 4187.69 4187.69 4187.69 4187.69 4187.69 4187.69 4187.69 4187.69 4187.69 4187.69 4187.69 4187.69 4187.69 4187.69 4187.69 4187.69 4187.69 4187.69 4187.69 4187.69 4187.69 4187.69 4187.69 4187.69 4187.69 4187.69 4187.69 4187.69 4187.69 4187.69 4187.69 4187.69 4187.69 4187.69 4187.69 4187.69 4187.69 4187.69 4187.69 4187.69 4187.69 4187.69 4187.69 4187.69 4187.69 4187.69 4187.69 4187.69 4187.69 4187.69 4187.69 4187.69 4187.69 4187.69 4187.69 4187.69 4187.69 4187.69 4187.69 4187.69 4187.69 4187.69 4187.69 4187.69 4187.69 4187.69 4187.69 4187.69 4187.69 4187.69 4187.69 4187.69 4187.69 4187.69 4187.69 4187.69 4187.69 4187.69 4187.69 4187.69 4187.69 4187.69 4187.69 4187.69 4187.69 0 0 0 0 0 0 0 0 0 0 0 0 0 0 0 0 0 0 0 0 0 0 0 0 0
