SBPRF35
0.457544
Curr Bio
140545
B35
373071
F35
0.370844
FOFL
0.149468
OFL
11970.3
Bzero
130727
#pred survey bio
 17605 20857.6 22648.6 24808.5 31911.9 38721.6 49549.5 57292.3 66477.9 68659.9 89435.2 107541 124130 138370 123355 111060 112297 131474 141971 136706 143554 165619 174002 166171 172398 155378 159902 162557 6.42071e+06 5.1974e+06 4.93503e+06 4.00274e+06 3.0955e+06 2.40311e+06 1.92798e+06 1.62021e+06 1.42692e+06 1.30706e+06 1.23265e+06 1.18592e+06 1.15601e+06 1.13638e+06 1.12304e+06 1.11366e+06 1.1072e+06 1.10264e+06 1.09939e+06 1.09703e+06 1.0953e+06 1.09402e+06 1.09308e+06 1.09238e+06 1.09185e+06 1.09146e+06 1.09117e+06 1.09095e+06 1.09079e+06 1.09066e+06 1.09057e+06 1.0905e+06 1.09045e+06 1.09041e+06 1.09038e+06 1.09036e+06 1.09035e+06 1.09033e+06 1.09032e+06 1.09032e+06 1.09031e+06 1.09031e+06 1.09031e+06 1.0903e+06 1.0903e+06 1.0903e+06 1.0903e+06 1.0903e+06 1.0903e+06 1.0903e+06 1.0903e+06 1.0903e+06 1.0903e+06 1.0903e+06 1.0903e+06 1.0903e+06 1.0903e+06 1.0903e+06 1.0903e+06 1.0903e+06 1.0903e+06 1.0903e+06 1.0903e+06 1.0903e+06 1.0903e+06 1.0903e+06 1.0903e+06 1.0903e+06 1.0903e+06 1.0903e+06 1.0903e+06 1.0903e+06 1.0903e+06 1.0903e+06 1.0903e+06 1.0903e+06 1.0903e+06 1.0903e+06 1.0903e+06 1.0903e+06 1.0903e+06 1.0903e+06 1.0903e+06 1.0903e+06 1.0903e+06 1.0903e+06 1.0903e+06 1.0903e+06 1.0903e+06 1.0903e+06 1.0903e+06 1.0903e+06 1.0903e+06 1.0903e+06 1.0903e+06 1.0903e+06 1.0903e+06 1.0903e+06 1.0903e+06 1.0903e+06 0 0 0 0 0 0 0 0 0 0 0 0 0 0 0 0 0 0 0 0 0 0 0 0 0
#obs survey bio
 14225.6 13568.1 20099.7 13976 18571.1 31664.9 50842.6 47320 60296 64883.1 79114.9 73739.2 131541 136463 105872 130648 112089 93913.5 118506 106258 122342 168485 190256 157579 166670 103362 144190 174126
#pred catch bio
 8189.33 11248.2 12645 12480.9 17240 19635.7 27561.8 30936.6 40259.5 35084.9 49149.9 60588.1 69013.5 88937 79547 68999.4 65598.8 81282.5 92588.1 86556.6 86082.6 104705 114858 103997 118797 102739 106933 96409.3 11970.3 54107.4 58245.9 46577.1 34445 25401.1 19423.7 15735.7 13561.9 12321.1 11629.3 11250.2 11045.1 10935.2 10876.6 10845.4 10829.3 10820.9 10816.6 10814.3 10813.2 10812.6 10812.3 10812.1 10812 10812 10812 10811.9 10811.9 10811.9 10811.9 10811.9 10811.9 10811.9 10811.9 10811.9 10811.9 10811.9 10811.9 10811.9 10811.9 10811.9 10811.9 10811.9 10811.9 10811.9 10811.9 10811.9 10811.9 10811.9 10811.9 10811.9 10811.9 10811.9 10811.9 10811.9 10811.9 10811.9 10811.9 10811.9 10811.9 10811.9 10811.9 10811.9 10811.9 10811.9 10811.9 10811.9 10811.9 10811.9 10811.9 10811.9 10811.9 10811.9 10811.9 10811.9 10811.9 10811.9 10811.9 10811.9 10811.9 10811.9 10811.9 10811.9 10811.9 10811.9 10811.9 10811.9 10811.9 10811.9 10811.9 10811.9 10811.9 10811.9 10811.9 10811.9 10811.9 10811.9 10811.9 10811.9 0 0 0 0 0 0 0 0 0 0 0 0 0 0 0 0 0 0 0 0 0 0 0 0 0
#obs catch bio
 10713.7 11998.8 12213 12863.8 18549.5 19940.8 26434.9 29581.5 39599.1 32457.9 46704.5 60107.4 60394.4 80153.9 74803.5 61328.9 58587.2 83187.5 88072.7 78993.3 81399.4 96546.4 103394 85708.7 105504 92989.7 99469.1 91870.8
#pred cpue bio
 11591.9 12243.3 12939.7 13773.8 17503.8 20908.2 27173.8 31073 36850.3 36759.4 48354.5 57685.4 66826.3 76744.1 67298 60121.6 59421 68236.1 73238.1 70918.6 73319.5 84944.7 89156.3 85461.6 89750.9 78053 79094.2 80068.9 3.37428e+06 4.10317e+06 4.60954e+06 3.81329e+06 2.91982e+06 2.22863e+06 1.75358e+06 1.44583e+06 1.25254e+06 1.13268e+06 1.05827e+06 1.01154e+06 981623 961996 948658 939278 932813 928263 925005 922643 920915 919640 918696 917994 917471 917080 916787 916569 916405 916282 916190 916121 916069 916030 916001 915980 915963 915951 915942 915935 915930 915926 915923 915921 915919 915918 915917 915916 915916 915915 915915 915915 915915 915915 915914 915914 915914 915914 915914 915914 915914 915914 915914 915914 915914 915914 915914 915914 915914 915914 915914 915914 915914 915914 915914 915914 915914 915914 915914 915914 915914 915914 915914 915914 915914 915914 915914 915914 915914 915914 915914 915914 915914 915914 915914 915914 915914 915914 915914 915914 0 0 0 0 0 0 0 0 0 0 0 0 0 0 0 0 0 0 0 0 0 0 0 0 0
#obs cpue bio
 13544.1 14130.4 21186.8 15741.3 22228.9 26866.4 39709.7 40417.1 45780.2 54415.4 62588.5 81206 134685 114810 88394.6 93412.7 83810.7 71374.6 127519 131569 98244.5 127372 134252 203036 139307 154634 118499 95441.4
#pred surv len freq
 1.51258e-11 1.64248e-09 1.05153e-07 3.969e-06 8.83244e-05 0.00115885 0.00896494 0.0409068 0.110294 0.177313 0.177549 0.131378 0.0998427 0.0804229 0.0561362 0.0359085 0.0235852 0.0158006 0.0109162 0.0079513 0.00621549 0.00528048 0.00461627 0.00357641 0.00209122
 1.52011e-11 1.65065e-09 1.05676e-07 3.98876e-06 8.87641e-05 0.00116462 0.00900976 0.0411152 0.110908 0.178725 0.180952 0.139087 0.111826 0.0912308 0.0604114 0.0339755 0.0184918 0.00973034 0.00508702 0.00286799 0.00181126 0.00129854 0.00101845 0.000755709 0.000441317
 1.47934e-11 1.60638e-09 1.02842e-07 3.88178e-06 8.63835e-05 0.00113339 0.0087683 0.0400165 0.107989 0.174379 0.178239 0.141385 0.118853 0.098662 0.0645456 0.0347826 0.0174681 0.00795694 0.00323583 0.00128677 0.000555902 0.000286378 0.000179446 0.000118979 6.67205e-05
 1.544e-11 1.6766e-09 1.07337e-07 4.05145e-06 9.01591e-05 0.00118292 0.00915137 0.0417615 0.112653 0.181549 0.183871 0.141472 0.113845 0.0926568 0.0606867 0.0330272 0.0166065 0.0073474 0.00274549 0.000911362 0.000284078 9.14731e-05 3.60162e-05 1.79611e-05 8.93557e-06
 1.57795e-11 1.71347e-09 1.09698e-07 4.14054e-06 9.21418e-05 0.00120894 0.00935253 0.0426778 0.115101 0.185306 0.186787 0.141399 0.110994 0.0892081 0.0583495 0.0319111 0.016227 0.00731746 0.00279197 0.000920481 0.000262894 6.59117e-05 1.59108e-05 4.48513e-06 1.57313e-06
 1.58031e-11 1.71603e-09 1.09862e-07 4.14674e-06 9.22797e-05 0.00121075 0.00936656 0.0427425 0.115285 0.185679 0.187521 0.14286 0.113047 0.09053 0.0577279 0.0299178 0.0143588 0.00625334 0.0023458 0.000770437 0.000220118 5.32807e-05 1.0888e-05 1.98194e-06 3.77124e-07
 1.55769e-11 1.69147e-09 1.08289e-07 4.08738e-06 9.09587e-05 0.00119342 0.00923251 0.0421315 0.113647 0.183115 0.185286 0.142106 0.113728 0.0920371 0.0596697 0.0318411 0.0156411 0.00676758 0.00245521 0.00077506 0.000215762 5.16046e-05 1.03185e-05 1.68939e-06 2.30031e-07
 1.56655e-11 1.70108e-09 1.08905e-07 4.11062e-06 9.14759e-05 0.0012002 0.00928501 0.042371 0.114293 0.184156 0.18634 0.142894 0.114219 0.0919743 0.0587608 0.030457 0.0145381 0.00621859 0.00225062 0.000702346 0.000189666 4.3573e-05 8.41972e-06 1.33695e-06 1.69242e-07
 1.51704e-11 1.64732e-09 1.05463e-07 3.9807e-06 8.85849e-05 0.00116227 0.00899168 0.0410347 0.110719 0.178647 0.181936 0.142581 0.117726 0.0965342 0.0622629 0.0326219 0.0156801 0.00666622 0.00237062 0.000726468 0.000193857 4.39068e-05 8.26151e-06 1.26533e-06 1.54028e-07
 1.58145e-11 1.71727e-09 1.09941e-07 4.14973e-06 9.23464e-05 0.00121162 0.00937334 0.0427737 0.115374 0.185854 0.187849 0.143496 0.113958 0.0912073 0.0576782 0.0292614 0.0135546 0.00560393 0.00194175 0.000577267 0.000149257 3.28667e-05 6.04484e-06 9.05638e-07 1.07189e-07
 1.58721e-11 1.72352e-09 1.10341e-07 4.16482e-06 9.26822e-05 0.00121603 0.00940738 0.0429281 0.115777 0.186399 0.187909 0.142289 0.111649 0.0893903 0.0577363 0.0307019 0.0149786 0.00638607 0.00224633 0.000671461 0.000172508 3.72972e-05 6.68674e-06 9.75586e-07 1.12667e-07
 1.58458e-11 1.72066e-09 1.10159e-07 4.15793e-06 9.25288e-05 0.00121402 0.00939185 0.0428579 0.115597 0.186181 0.188031 0.143249 0.113315 0.0905844 0.0574394 0.0293836 0.0138263 0.00586239 0.00210669 0.000648403 0.000169976 3.69955e-05 6.59217e-06 9.45394e-07 1.0658e-07
 1.56727e-11 1.70187e-09 1.08955e-07 4.11251e-06 9.1518e-05 0.00120075 0.0092893 0.0423909 0.114351 0.184284 0.186629 0.143521 0.115138 0.0926297 0.0586329 0.0297188 0.0137348 0.00565769 0.00195336 0.000581588 0.000151638 3.35593e-05 6.09511e-06 8.81809e-07 9.89948e-08
 1.50364e-11 1.63278e-09 1.04532e-07 3.94556e-06 8.78027e-05 0.00115201 0.00891234 0.0406735 0.109757 0.177194 0.180925 0.142996 0.119449 0.0983289 0.0631136 0.0326152 0.0153736 0.0063837 0.00219185 0.000639572 0.000161451 3.46401e-05 6.20916e-06 9.0426e-07 1.02903e-07
 1.51353e-11 1.64351e-09 1.05219e-07 3.9715e-06 8.83801e-05 0.00115959 0.00897095 0.0409412 0.110483 0.178391 0.182261 0.144316 0.120678 0.0987469 0.0619976 0.030521 0.0135719 0.00540677 0.00179871 0.000508899 0.000124685 2.59021e-05 4.47775e-06 6.31814e-07 7.0717e-08
 1.52598e-11 1.65703e-09 1.06084e-07 4.00416e-06 8.91069e-05 0.00116912 0.00904469 0.0412773 0.111382 0.179786 0.183418 0.144537 0.12003 0.0978164 0.0612016 0.0299068 0.0130992 0.00507641 0.00161057 0.000428333 9.91857e-05 1.9713e-05 3.28134e-06 4.46507e-07 4.82501e-08
 1.59224e-11 1.72898e-09 1.10691e-07 4.17803e-06 9.29762e-05 0.00121988 0.00943726 0.0430652 0.116157 0.187092 0.188989 0.144065 0.113985 0.0908416 0.0569488 0.0283123 0.0126803 0.0049852 0.0015897 0.000419455 9.42815e-05 1.78089e-05 2.79693e-06 3.61348e-07 3.73965e-08
 1.63529e-11 1.77573e-09 1.13684e-07 4.29101e-06 9.54902e-05 0.00125287 0.00969233 0.0442271 0.119263 0.191868 0.192748 0.14414 0.110631 0.0866617 0.0539564 0.0266786 0.0119336 0.00474607 0.00155605 0.000425612 9.82146e-05 1.86498e-05 2.87233e-06 3.55825e-07 3.49067e-08
 1.61586e-11 1.75463e-09 1.12333e-07 4.24e-06 9.43551e-05 0.00123798 0.00957721 0.0437035 0.117874 0.189818 0.191554 0.145491 0.114259 0.089965 0.0547536 0.0254982 0.0105366 0.00395567 0.00124977 0.000333877 7.69009e-05 1.48688e-05 2.33959e-06 2.92032e-07 2.82358e-08
 1.58823e-11 1.72463e-09 1.10412e-07 4.16751e-06 9.27421e-05 0.00121681 0.00941356 0.0429584 0.115887 0.186801 0.189368 0.146067 0.11737 0.0933163 0.0564885 0.0257413 0.010233 0.00364845 0.00106906 0.000258661 5.44963e-05 9.97599e-06 1.53697e-06 1.92506e-07 1.88547e-08
 1.6424e-11 1.78345e-09 1.14178e-07 4.30965e-06 9.59051e-05 0.00125831 0.00973445 0.0444196 0.119785 0.192735 0.19374 0.145181 0.111671 0.0871253 0.0532543 0.0251665 0.0105105 0.00385743 0.00113092 0.000266561 5.30482e-05 8.92282e-06 1.2548e-06 1.46639e-07 1.38663e-08
 1.6349e-11 1.7753e-09 1.13657e-07 4.28997e-06 9.54671e-05 0.00125256 0.00969001 0.0442171 0.119244 0.191902 0.193085 0.145167 0.112243 0.0878055 0.0536834 0.0253721 0.010653 0.00398736 0.0012185 0.000303868 6.30518e-05 1.06439e-05 1.44103e-06 1.56825e-07 1.36358e-08
 1.62234e-11 1.76167e-09 1.12784e-07 4.25703e-06 9.4734e-05 0.00124295 0.00961566 0.0438788 0.118344 0.190558 0.19222 0.145779 0.114188 0.0896655 0.0542869 0.024955 0.0100749 0.00365745 0.00109529 0.000270411 5.67558e-05 9.91534e-06 1.39406e-06 1.53953e-07 1.30841e-08
 1.60148e-11 1.73902e-09 1.11333e-07 4.20228e-06 9.35157e-05 0.00122696 0.00949206 0.0433161 0.116844 0.188286 0.190599 0.146294 0.116655 0.0922577 0.0555229 0.0249893 0.0097473 0.00341094 0.000977679 0.00022809 4.53949e-05 7.68281e-06 1.07439e-06 1.20795e-07 1.05497e-08
 1.5988e-11 1.7361e-09 1.11147e-07 4.19524e-06 9.3359e-05 0.00122491 0.00947613 0.0432429 0.116641 0.187909 0.189989 0.145256 0.115292 0.0914856 0.0561699 0.026564 0.0110836 0.00405282 0.001178 0.000273345 5.31459e-05 8.63588e-06 1.15121e-06 1.24685e-07 1.0728e-08
 1.64514e-11 1.78642e-09 1.14368e-07 4.31683e-06 9.60649e-05 0.00126041 0.00975071 0.0444944 0.119996 0.193142 0.194473 0.146546 0.113527 0.0882202 0.0524623 0.0231301 0.00876976 0.00301678 0.000863489 0.00020161 3.94378e-05 6.36379e-06 8.28049e-07 8.62156e-08 7.08495e-09
 1.67988e-11 1.82415e-09 1.16784e-07 4.40801e-06 9.8094e-05 0.00128703 0.00995657 0.045432 0.1225 0.196976 0.197409 0.146339 0.110425 0.0846331 0.0502734 0.0222865 0.00848898 0.00288556 0.000793723 0.000174018 3.21971e-05 5.07154e-06 6.58108e-07 6.83015e-08 5.52003e-09
 1.6765e-11 1.82048e-09 1.16549e-07 4.39914e-06 9.78964e-05 0.00128444 0.00993654 0.045341 0.122261 0.19664 0.197298 0.146841 0.11146 0.0854649 0.0502738 0.0216846 0.00791692 0.00260578 0.000705551 0.000152408 2.73595e-05 4.09576e-06 5.01277e-07 4.97889e-08 3.93922e-09
#obs surv len freq
 1.33246e-11 1.44689e-09 9.26314e-08 3.49638e-06 7.78071e-05 0.00102087 0.00789793 0.0360473 0.0973121 0.15738 0.161864 0.130989 0.114931 0.103968 0.0808062 0.0544214 0.0313844 0.0145619 0.00535075 0.00156188 0.000354515 6.02531e-05 7.36343e-06 6.2301e-07 3.53787e-08
 1.3355e-11 1.4502e-09 9.2843e-08 3.50437e-06 7.7985e-05 0.00102321 0.00791636 0.0361378 0.0976359 0.158478 0.16536 0.13888 0.125144 0.109074 0.0764136 0.0448936 0.0234743 0.0104336 0.00374034 0.00105032 0.000224141 3.52822e-05 3.981e-06 3.12283e-07 1.65211e-08
 1.29813e-11 1.40962e-09 9.0245e-08 3.40631e-06 7.58029e-05 0.000994587 0.00769514 0.0351329 0.0949778 0.154546 0.162718 0.139607 0.128284 0.112787 0.0798411 0.0468142 0.0232847 0.00934587 0.00296739 0.000751837 0.00014879 2.19337e-05 2.30388e-06 1.66742e-07 8.10063e-09
 1.36966e-11 1.48729e-09 9.52176e-08 3.594e-06 7.99797e-05 0.00104939 0.00811908 0.0370661 0.100165 0.162621 0.16931 0.139958 0.122192 0.105011 0.0748097 0.0446809 0.0224638 0.00895345 0.00274154 0.000643219 0.000114339 1.50572e-05 1.42846e-06 9.44755e-08 4.21559e-09
 1.29785e-11 1.40931e-09 9.02254e-08 3.40557e-06 7.57868e-05 0.000994389 0.00769404 0.0351359 0.09507 0.155187 0.164903 0.143371 0.131056 0.112387 0.0772729 0.0439826 0.0213031 0.00833988 0.00252893 0.000581759 9.89201e-05 1.20914e-05 1.03887e-06 6.14886e-08 2.45559e-09
 1.32178e-11 1.4353e-09 9.18893e-08 3.46837e-06 7.71845e-05 0.00101273 0.00783609 0.0357862 0.0968381 0.158056 0.167532 0.143903 0.128946 0.109665 0.0759577 0.043435 0.0205627 0.00764906 0.00217921 0.000473502 7.67656e-05 8.95393e-06 7.26448e-07 3.99261e-08 1.45618e-09
 1.35932e-11 1.47606e-09 9.44988e-08 3.56687e-06 7.93765e-05 0.0010415 0.00805879 0.0368046 0.0995992 0.162512 0.171676 0.145247 0.126677 0.105537 0.0723658 0.0411928 0.0194544 0.00721777 0.00203148 0.000427149 6.5673e-05 7.19177e-06 5.46944e-07 2.81824e-08 9.6102e-10
 1.30312e-11 1.41504e-09 9.05919e-08 3.41941e-06 7.60953e-05 0.000998466 0.00772649 0.0352995 0.0956649 0.15698 0.169072 0.149209 0.134437 0.111094 0.0734478 0.0397135 0.0178188 0.00633253 0.00171903 0.000349483 5.17687e-05 5.41063e-06 3.8813e-07 1.86844e-08 5.9207e-10
 1.26736e-11 1.3762e-09 8.81057e-08 3.32557e-06 7.40073e-05 0.000971085 0.00751508 0.0343419 0.0931509 0.153316 0.166562 0.149249 0.135969 0.113445 0.0764479 0.0419783 0.0186219 0.00636091 0.00163364 0.000313009 4.38123e-05 4.33921e-06 2.9488e-07 1.33984e-08 3.98444e-10
 1.35362e-11 1.46987e-09 9.41024e-08 3.55192e-06 7.90445e-05 0.00103718 0.00802641 0.0366741 0.099408 0.163028 0.174358 0.149461 0.128836 0.10461 0.0703769 0.0389404 0.0173807 0.00594504 0.0015118 0.00028114 3.74184e-05 3.47839e-06 2.20776e-07 9.3652e-09 2.60174e-10
 1.24151e-11 1.34813e-09 8.63086e-08 3.25775e-06 7.24989e-05 0.000951337 0.00736354 0.0336712 0.0915438 0.15184 0.16846 0.15569 0.14223 0.114554 0.0730748 0.0377712 0.0159426 0.0052584 0.00130424 0.000236882 3.05951e-05 2.72896e-06 1.64076e-07 6.52051e-09 1.68465e-10
 1.34788e-11 1.46364e-09 9.37035e-08 3.53687e-06 7.87103e-05 0.00103283 0.0079938 0.0365413 0.0991938 0.163394 0.176564 0.153111 0.131212 0.10452 0.0686731 0.0364333 0.0151734 0.0047572 0.00110423 0.000188227 2.30343e-05 1.95917e-06 1.12368e-07 4.24197e-09 1.03427e-10
 1.18727e-11 1.28924e-09 8.25384e-08 3.11546e-06 6.93336e-05 0.000909865 0.0070443 0.0322398 0.0879158 0.14721 0.167289 0.159875 0.147559 0.117432 0.0738302 0.0373866 0.0152042 0.00474017 0.00108916 0.000179733 2.0812e-05 1.65462e-06 8.85257e-08 3.12563e-09 7.14752e-11
 1.28913e-11 1.39984e-09 8.96192e-08 3.38272e-06 7.52814e-05 0.000987902 0.00764786 0.0349884 0.0952381 0.15823 0.17488 0.157206 0.13723 0.10843 0.069847 0.0358196 0.0141817 0.00417711 0.000901091 0.000140762 1.55404e-05 1.17569e-06 5.93376e-08 1.95759e-09 4.15608e-11
 1.13254e-11 1.2298e-09 7.87335e-08 2.97186e-06 6.61399e-05 0.000868041 0.0067228 0.0308038 0.0843107 0.142713 0.166278 0.163832 0.152364 0.120184 0.0748308 0.0371714 0.014523 0.00426713 0.000910005 0.000137485 1.4395e-05 1.02307e-06 4.84132e-08 1.49766e-09 2.97755e-11
 1.26899e-11 1.37798e-09 8.82198e-08 3.32993e-06 7.4108e-05 0.000972575 0.00753096 0.0344786 0.0940497 0.15712 0.175529 0.159232 0.138422 0.108707 0.0699117 0.0354821 0.013686 0.00387808 0.000793942 0.000115566 1.16627e-05 7.93796e-07 3.56066e-08 1.03416e-09 1.9181e-11
 1.19024e-11 1.29246e-09 8.27453e-08 3.12332e-06 6.95123e-05 0.000912371 0.0070677 0.032403 0.0888003 0.150524 0.174551 0.167514 0.148882 0.112635 0.0677489 0.0324789 0.0121885 0.00342228 0.000691768 9.78747e-05 9.46437e-06 6.12499e-07 2.6039e-08 7.15052e-10 1.24964e-11
 1.28651e-11 1.397e-09 8.94378e-08 3.37594e-06 7.51346e-05 0.000986158 0.0076388 0.0350091 0.0957832 0.16124 0.182697 0.167053 0.141477 0.104529 0.0618458 0.0285326 0.00999519 0.00258136 0.00048268 6.41438e-05 5.89331e-06 3.63311e-07 1.46589e-08 3.79979e-10 6.24034e-12
 1.20714e-11 1.31082e-09 8.3921e-08 3.16774e-06 7.05042e-05 0.000925518 0.00717246 0.0329212 0.090493 0.154418 0.180707 0.173041 0.149823 0.108854 0.0620466 0.0274892 0.0092751 0.00229862 0.000406823 5.03782e-05 4.27723e-06 2.43803e-07 9.14252e-09 2.21386e-10 3.40573e-12
 1.20561e-11 1.30916e-09 8.38146e-08 3.16375e-06 7.04169e-05 0.000924427 0.00716512 0.0328997 0.0904987 0.154542 0.180582 0.171844 0.148407 0.109194 0.0635032 0.028316 0.00938322 0.00224128 0.000378394 4.43869e-05 3.54274e-06 1.88238e-07 6.53248e-09 1.45767e-10 2.06441e-12
 1.1873e-11 1.28927e-09 8.25421e-08 3.11576e-06 6.93518e-05 0.000910564 0.00706035 0.0324534 0.0895298 0.153961 0.182212 0.175264 0.150455 0.10844 0.0615518 0.0268834 0.00876749 0.00205923 0.000338783 3.82025e-05 2.89379e-06 1.44541e-07 4.68396e-09 9.71006e-11 1.27214e-12
 1.21131e-11 1.31535e-09 8.4212e-08 3.17883e-06 7.07577e-05 0.000929087 0.00720516 0.0331301 0.0914376 0.157175 0.185066 0.175462 0.148094 0.10573 0.0596185 0.0256867 0.00818847 0.00187052 0.000298671 3.25959e-05 2.37701e-06 1.13442e-07 3.48326e-09 6.78897e-11 8.30882e-13
 1.22664e-11 1.332e-09 8.52782e-08 3.21914e-06 7.16585e-05 0.00094105 0.00730073 0.0336026 0.0929587 0.16054 0.190098 0.179651 0.148097 0.101489 0.0544482 0.0222942 0.0067757 0.00147885 0.000225461 2.34481e-05 1.6265e-06 7.37212e-08 2.14564e-09 3.95332e-11 4.55831e-13
 1.14876e-11 1.24743e-09 7.9865e-08 3.0149e-06 6.71189e-05 0.000881681 0.00684544 0.0315739 0.0878367 0.153773 0.18705 0.182962 0.154395 0.106598 0.0568782 0.0228184 0.00669582 0.0013969 0.000202441 1.9952e-05 1.30871e-06 5.5981e-08 1.53487e-09 2.65968e-11 2.88007e-13
 1.22519e-11 1.33043e-09 8.51792e-08 3.21553e-06 7.15862e-05 0.000940364 0.00730041 0.0336541 0.093404 0.162158 0.192798 0.181278 0.147483 0.0999256 0.0527807 0.0208587 0.0059634 0.00119825 0.000165529 1.54204e-05 9.50488e-07 3.80738e-08 9.75692e-10 1.57858e-11 1.59486e-13
 1.15736e-11 1.25679e-09 8.04662e-08 3.0378e-06 6.76402e-05 0.000888915 0.006909 0.0319469 0.0893503 0.157878 0.193727 0.188074 0.153508 0.100934 0.0509636 0.0192686 0.0053024 0.00102807 0.000136557 1.21433e-05 7.08738e-07 2.66944e-08 6.39785e-10 9.64447e-12 9.05644e-14
 1.13336e-11 1.23074e-09 7.87997e-08 2.97503e-06 6.62508e-05 0.000870921 0.00677414 0.0313772 0.0880879 0.156775 0.194402 0.190382 0.155618 0.101559 0.0501831 0.018204 0.00472483 0.000856999 0.000106455 8.87871e-06 4.87127e-07 1.72476e-08 3.87824e-10 5.46851e-12 4.788e-14
 1.15201e-11 1.25099e-09 8.00976e-08 3.02414e-06 6.73497e-05 0.000885518 0.00688993 0.0319298 0.0896725 0.159383 0.196321 0.189713 0.153215 0.0995952 0.0491843 0.0177291 0.00451752 0.000792498 9.37938e-05 7.3626e-06 3.77271e-07 1.24328e-08 2.59998e-10 3.41038e-12 2.77834e-14
#pred catch len freq
 9.90172e-12 1.07521e-09 6.88358e-08 2.59821e-06 5.78197e-05 0.000758635 0.00586963 0.0268009 0.0725076 0.118557 0.128109 0.119735 0.12309 0.11543 0.0866785 0.0594553 0.0411069 0.0282121 0.0196951 0.0144061 0.0112768 0.00958409 0.00837923 0.00649183 0.00379596
 1.0766e-11 1.16906e-09 7.48441e-08 2.82499e-06 6.28665e-05 0.000824855 0.00638208 0.0291431 0.0788756 0.129222 0.140795 0.134295 0.139898 0.128674 0.0897079 0.0531005 0.0302098 0.0162685 0.00859817 0.00487242 0.00308287 0.00221131 0.00173453 0.00128708 0.000751626
 1.05412e-11 1.14464e-09 7.32812e-08 2.766e-06 6.15538e-05 0.000807635 0.006249 0.0285391 0.0772912 0.127032 0.140279 0.138307 0.14825 0.136856 0.0936138 0.0527972 0.0276387 0.0128731 0.00529157 0.00211716 0.000917367 0.00047308 0.000296509 0.000196604 0.000110251
 1.09364e-11 1.18756e-09 7.60289e-08 2.86971e-06 6.38617e-05 0.000837914 0.00648316 0.0296055 0.0801396 0.131392 0.143617 0.138082 0.144814 0.133124 0.0918433 0.0526418 0.0277024 0.0125526 0.00474485 0.00158602 0.0004963 0.000160096 6.30776e-05 3.14617e-05 1.56524e-05
 1.15686e-11 1.25621e-09 8.04238e-08 3.0356e-06 6.75532e-05 0.000886345 0.0068577 0.0313118 0.0847014 0.138414 0.149177 0.138306 0.14006 0.12709 0.0873859 0.0500993 0.0265411 0.0122266 0.00471226 0.00156252 0.000447645 0.000112398 2.71513e-05 7.65597e-06 2.68548e-06
 1.14315e-11 1.24132e-09 7.94705e-08 2.99962e-06 6.67525e-05 0.000875841 0.00677652 0.0309432 0.0837332 0.137064 0.148791 0.140519 0.144561 0.130789 0.0876064 0.0476682 0.0239729 0.0107148 0.00406833 0.00134509 0.000385645 9.34961e-05 1.91198e-05 3.48147e-06 6.62546e-07
 1.1461e-11 1.24453e-09 7.9676e-08 3.00737e-06 6.69251e-05 0.000878105 0.00679401 0.0310223 0.0839374 0.137319 0.148704 0.139577 0.142914 0.129658 0.0880285 0.0490909 0.0250938 0.0110905 0.00406404 0.00129053 0.000360441 8.63379e-05 1.72747e-05 2.82905e-06 3.85255e-07
 1.14818e-11 1.24679e-09 7.98205e-08 3.01283e-06 6.70465e-05 0.000879698 0.00680636 0.0310793 0.0840987 0.137641 0.149318 0.140771 0.144568 0.13067 0.087405 0.0473747 0.0236 0.0103359 0.00378198 0.00118753 0.000321776 7.40423e-05 1.43177e-05 2.27419e-06 2.87924e-07
 1.13473e-11 1.23219e-09 7.88856e-08 2.97754e-06 6.62613e-05 0.000869396 0.00672668 0.0307163 0.0831275 0.13614 0.148103 0.140636 0.145458 0.131916 0.0884925 0.0481346 0.0239624 0.010384 0.00372557 0.00114751 0.000307085 6.96452e-05 1.31122e-05 2.00878e-06 2.44555e-07
 1.14937e-11 1.24808e-09 7.99032e-08 3.01595e-06 6.7116e-05 0.00088061 0.00681343 0.031112 0.0841926 0.137838 0.149733 0.141634 0.145818 0.131564 0.0872393 0.046377 0.0224987 0.00954823 0.003349 0.00100264 0.000260282 5.74248e-05 1.05706e-05 1.58428e-06 1.87541e-07
 1.1775e-11 1.27862e-09 8.18585e-08 3.08975e-06 6.87583e-05 0.000902156 0.00698001 0.0318698 0.0862045 0.14082 0.151531 0.139873 0.140865 0.12698 0.0859991 0.0478061 0.0242738 0.0105716 0.00375589 0.00112938 0.000291154 6.30544e-05 1.13132e-05 1.65115e-06 1.90713e-07
 1.18679e-11 1.28871e-09 8.25044e-08 3.11413e-06 6.93008e-05 0.000909275 0.0070351 0.0321217 0.0868903 0.141976 0.152938 0.14153 0.14263 0.127692 0.0845751 0.0450758 0.0220738 0.00957166 0.00347522 0.00107567 0.00028285 6.16531e-05 1.09934e-05 1.57708e-06 1.77819e-07
 1.16191e-11 1.2617e-09 8.0775e-08 3.04886e-06 6.78483e-05 0.000890218 0.00688774 0.0314506 0.0850996 0.139248 0.150917 0.141903 0.145226 0.13063 0.0863288 0.0456087 0.0219597 0.00925843 0.00323119 0.000968014 0.000253281 5.61468e-05 1.02048e-05 1.47684e-06 1.65818e-07
 1.1487e-11 1.24735e-09 7.98564e-08 3.01418e-06 6.70767e-05 0.000880095 0.00680944 0.0310937 0.0841427 0.137753 0.149625 0.141499 0.145675 0.131528 0.0874116 0.0466552 0.0226804 0.0095798 0.00331498 0.000971629 0.000245909 5.28275e-05 9.47459e-06 1.38016e-06 1.57076e-07
 1.16564e-11 1.26574e-09 8.10339e-08 3.05863e-06 6.80657e-05 0.000893071 0.00690984 0.0315522 0.0853833 0.139783 0.151819 0.143503 0.147385 0.131975 0.0855921 0.0434151 0.019917 0.00808264 0.00271157 0.000770712 0.000189334 3.9383e-05 6.8122e-06 9.61457e-07 1.07625e-07
 1.16285e-11 1.26271e-09 8.08399e-08 3.05131e-06 6.79028e-05 0.000890934 0.00689332 0.031477 0.0851844 0.139493 0.151669 0.143759 0.148023 0.132607 0.0858704 0.0433297 0.01963 0.00776203 0.00248527 0.000664417 0.000154351 3.07271e-05 5.11843e-06 6.96709e-07 7.52975e-08
 1.21375e-11 1.31799e-09 8.43791e-08 3.18489e-06 7.08755e-05 0.000929934 0.00719491 0.0328504 0.0888488 0.145074 0.155797 0.142977 0.142739 0.126819 0.0827711 0.0426875 0.0198372 0.00796685 0.00256525 0.000680684 0.000153539 2.90554e-05 4.5672e-06 5.90295e-07 6.11016e-08
 1.29281e-11 1.40383e-09 8.98747e-08 3.39232e-06 7.54915e-05 0.000990494 0.00766325 0.0349839 0.0945536 0.153859 0.162772 0.143319 0.136895 0.119363 0.077213 0.0394206 0.0182087 0.00737873 0.00243977 0.000670467 0.000155147 2.95019e-05 4.54676e-06 5.63437e-07 5.52821e-08
 1.29932e-11 1.41091e-09 9.03275e-08 3.40941e-06 7.58719e-05 0.000995486 0.00770191 0.0351612 0.0950435 0.154743 0.16411 0.145449 0.139629 0.120932 0.0759828 0.0363015 0.0154375 0.00590458 0.00188139 0.000504837 0.000116574 2.25681e-05 3.55309e-06 4.4362e-07 4.28975e-08
 1.25168e-11 1.35917e-09 8.70155e-08 3.2844e-06 7.309e-05 0.000958989 0.00741968 0.0338761 0.0916149 0.149525 0.160266 0.146236 0.144678 0.126491 0.079038 0.0369884 0.0151723 0.00552516 0.00163472 0.000397576 8.40414e-05 1.54117e-05 2.37631e-06 2.97733e-07 2.91653e-08
 1.29116e-11 1.40204e-09 8.97602e-08 3.388e-06 7.53954e-05 0.000989234 0.00765355 0.0349406 0.0944498 0.153797 0.163202 0.144903 0.13948 0.121297 0.0769978 0.0375599 0.0162342 0.0060867 0.00180169 0.000426956 8.52789e-05 1.43737e-05 2.02337e-06 2.36567e-07 2.23747e-08
 1.30644e-11 1.41863e-09 9.08223e-08 3.42809e-06 7.62875e-05 0.00100094 0.00774406 0.0353529 0.0955521 0.155493 0.164544 0.144948 0.138306 0.11978 0.0758237 0.036863 0.0159584 0.00608875 0.00187678 0.000470207 9.78473e-05 1.65431e-05 2.24142e-06 2.44024e-07 2.12218e-08
 1.31485e-11 1.42777e-09 9.14071e-08 3.45016e-06 7.67787e-05 0.00100738 0.00779393 0.0355806 0.0961679 0.156498 0.165619 0.145902 0.139087 0.119936 0.0748866 0.0352621 0.0146305 0.00540832 0.00163299 0.000404902 8.52087e-05 1.49069e-05 2.09722e-06 2.31676e-07 1.96926e-08
 1.26308e-11 1.37155e-09 8.78081e-08 3.31432e-06 7.37557e-05 0.000967723 0.00748723 0.034184 0.0924405 0.150816 0.161385 0.146599 0.144319 0.125757 0.0781515 0.0361211 0.0145469 0.00520425 0.00150689 0.000353431 7.05835e-05 1.19686e-05 1.67523e-06 1.88424e-07 1.64593e-08
 1.30871e-11 1.4211e-09 9.098e-08 3.43404e-06 7.64199e-05 0.00100268 0.0077575 0.0354143 0.0957176 0.15576 0.164815 0.145157 0.138459 0.119843 0.0757305 0.0366218 0.0156476 0.00580713 0.00169904 0.000395665 7.71147e-05 1.2548e-05 1.67384e-06 1.81348e-07 1.56058e-08
 1.34669e-11 1.46235e-09 9.36208e-08 3.53372e-06 7.86381e-05 0.00103178 0.00798261 0.0364408 0.0984756 0.160116 0.168803 0.147071 0.138313 0.118017 0.0722999 0.0325784 0.0126846 0.0044483 0.00128464 0.000301278 5.90944e-05 9.54981e-06 1.24351e-06 1.29519e-07 1.06454e-08
 1.39676e-11 1.51672e-09 9.71017e-08 3.66511e-06 8.15618e-05 0.00107014 0.00827925 0.0377918 0.102084 0.165644 0.173049 0.146819 0.133916 0.112897 0.0691283 0.0312987 0.012221 0.00422777 0.0011723 0.000258075 4.78811e-05 7.55421e-06 9.81028e-07 1.01851e-07 8.23281e-09
 1.33522e-11 1.44989e-09 9.28235e-08 3.50363e-06 7.79684e-05 0.00102299 0.00791468 0.0361316 0.0976533 0.158885 0.167997 0.14759 0.140034 0.119704 0.0729249 0.0323058 0.0122054 0.00412299 0.00113009 0.000245612 4.42676e-05 6.64265e-06 8.13955e-07 8.08921e-08 6.40185e-09
#obs catch len freq
 9.33185e-12 1.01333e-09 6.48742e-08 2.44869e-06 5.44924e-05 0.000714991 0.0055324 0.0252712 0.0684981 0.112987 0.126444 0.128522 0.143049 0.140359 0.108338 0.0709229 0.0403565 0.0189487 0.00719691 0.0021894 0.000513348 8.85798e-05 1.08489e-05 9.1717e-07 5.22465e-08
 1.1835e-11 1.28514e-09 8.22755e-08 3.1055e-06 6.91088e-05 0.000906753 0.00701553 0.0320296 0.0865895 0.140967 0.14904 0.130376 0.124981 0.116903 0.0913681 0.0612728 0.0348701 0.0158758 0.00569869 0.00161503 0.000353372 5.74791e-05 6.67799e-06 5.34103e-07 2.85362e-08
 1.20469e-11 1.30815e-09 8.37491e-08 3.16112e-06 7.03467e-05 0.000923006 0.00714161 0.0326121 0.0882472 0.144242 0.154756 0.139692 0.135363 0.120712 0.0846821 0.0495543 0.0256135 0.0111683 0.00390345 0.00106172 0.000218023 3.28094e-05 3.51649e-06 2.60504e-07 1.29524e-08
 1.17741e-11 1.27853e-09 8.18525e-08 3.08953e-06 6.87538e-05 0.000902113 0.00698023 0.0318805 0.0863272 0.141485 0.153159 0.140691 0.137929 0.123576 0.087431 0.0508969 0.0249314 0.00979727 0.00303278 0.000744465 0.000141644 1.99313e-05 1.98612e-06 1.35637e-07 6.18903e-09
 1.2657e-11 1.3744e-09 8.79901e-08 3.32119e-06 7.39091e-05 0.000969753 0.00750346 0.0342663 0.0927262 0.151431 0.161233 0.141075 0.130536 0.114225 0.0812899 0.0481304 0.0237806 0.0092558 0.00275464 0.000624677 0.000106657 1.34038e-05 1.20574e-06 7.51839e-08 3.14832e-09
 1.21385e-11 1.3181e-09 8.43858e-08 3.18515e-06 7.0882e-05 0.000930051 0.00719681 0.0328766 0.089088 0.146306 0.158872 0.145069 0.138324 0.119675 0.0819278 0.0461788 0.0219723 0.00839218 0.00246891 0.000547617 8.92265e-05 1.03914e-05 8.4598e-07 4.71991e-08 1.76851e-09
 1.24257e-11 1.34928e-09 8.63824e-08 3.26052e-06 7.25593e-05 0.000952063 0.00736727 0.0336569 0.0912083 0.149735 0.161981 0.145658 0.135855 0.116528 0.0803011 0.0453751 0.0210523 0.0076291 0.00210729 0.000441179 6.84508e-05 7.59436e-06 5.82978e-07 3.01769e-08 1.03241e-09
 1.29923e-11 1.41081e-09 9.03215e-08 3.4092e-06 7.58681e-05 0.000995483 0.00770331 0.035192 0.0953532 0.156329 0.167828 0.147087 0.132182 0.110609 0.075333 0.0423182 0.0195604 0.00705732 0.00192139 0.000388463 5.70783e-05 5.93947e-06 4.2695e-07 2.0697e-08 6.61435e-10
 1.25098e-11 1.35842e-09 8.69674e-08 3.2826e-06 7.30513e-05 0.000958547 0.00741825 0.0339036 0.0920106 0.15177 0.166166 0.151415 0.139513 0.115254 0.0755252 0.0402588 0.0176676 0.00610119 0.00160037 0.000312401 4.41521e-05 4.37822e-06 2.96519e-07 1.34182e-08 3.98212e-10
 1.22222e-11 1.32719e-09 8.49677e-08 3.20713e-06 7.13721e-05 0.000936531 0.00724839 0.033136 0.0900106 0.148916 0.164328 0.151512 0.14054 0.117003 0.0780453 0.0421476 0.0182425 0.00604485 0.00149846 0.000275421 3.67439e-05 3.44857e-06 2.20984e-07 9.4284e-09 2.62373e-10
 1.32179e-11 1.43531e-09 9.18901e-08 3.46842e-06 7.71867e-05 0.00101282 0.00783862 0.0358275 0.0972253 0.160078 0.173179 0.151571 0.132313 0.106997 0.071171 0.0386764 0.0168186 0.00557055 0.00136426 0.000242884 3.07678e-05 2.70774e-06 1.61919e-07 6.44385e-09 1.67366e-10
 1.21629e-11 1.32075e-09 8.45555e-08 3.19158e-06 7.10271e-05 0.000932053 0.00721512 0.0330063 0.0898663 0.149755 0.168181 0.158186 0.145257 0.115975 0.0730115 0.0370532 0.0152358 0.00486282 0.00116012 0.000201391 2.47148e-05 2.08388e-06 1.17913e-07 4.39305e-09 1.06055e-10
 1.32804e-11 1.4421e-09 9.23246e-08 3.48483e-06 7.75529e-05 0.00101767 0.00787726 0.0360212 0.0978961 0.161848 0.176563 0.155348 0.133797 0.105694 0.068438 0.0355357 0.0143773 0.00435556 0.000971846 0.000158245 1.83815e-05 1.47598e-06 7.9566e-08 2.81283e-09 6.40328e-11
 1.17834e-11 1.27954e-09 8.19176e-08 3.09203e-06 6.88131e-05 0.000903071 0.00699267 0.0320181 0.0874376 0.147012 0.168547 0.162429 0.149278 0.117238 0.0725407 0.0359558 0.0141995 0.00427007 0.000940807 0.000148003 1.62484e-05 1.21867e-06 6.12354e-08 2.02283e-09 4.31459e-11
 1.28219e-11 1.3923e-09 8.91368e-08 3.36453e-06 7.48772e-05 0.000982635 0.00760803 0.0348201 0.0948962 0.158202 0.176146 0.159562 0.138829 0.108279 0.0685214 0.0342886 0.0131534 0.00373377 0.000772048 0.000114876 1.20075e-05 8.55806e-07 4.05257e-08 1.25013e-09 2.47451e-11
 1.13171e-11 1.22891e-09 7.86763e-08 2.96972e-06 6.60933e-05 0.000867477 0.00671962 0.030806 0.0844497 0.14352 0.168397 0.166465 0.153421 0.119134 0.0728281 0.0353026 0.0133542 0.00377411 0.000769666 0.000110565 1.09494e-05 7.32556e-07 3.24975e-08 9.39156e-10 1.73946e-11
 1.27251e-11 1.3818e-09 8.84645e-08 3.33917e-06 7.43149e-05 0.000975335 0.00755341 0.034596 0.0944811 0.158298 0.177733 0.161575 0.139235 0.107591 0.0677805 0.0334674 0.012474 0.00339688 0.000664497 9.18541e-05 8.75422e-06 5.60144e-07 2.35327e-08 6.38141e-10 1.10214e-11
 1.20121e-11 1.30438e-09 8.35082e-08 3.15213e-06 7.01551e-05 0.000920863 0.00713475 0.0327269 0.0898044 0.152646 0.177578 0.169857 0.148778 0.110442 0.0650566 0.0303596 0.0110033 0.00296357 0.00057117 7.66195e-05 6.98931e-06 4.24824e-07 1.68987e-08 4.32861e-10 7.03892e-12
 1.29898e-11 1.41055e-09 9.03053e-08 3.4087e-06 7.58653e-05 0.000995807 0.00771483 0.0353736 0.0968909 0.163484 0.185708 0.169199 0.141183 0.102217 0.0590808 0.0264663 0.00894286 0.00221508 0.000394873 4.97134e-05 4.30307e-06 2.48822e-07 9.38419e-09 2.26733e-10 3.46265e-12
 1.22135e-11 1.32624e-09 8.49086e-08 3.20505e-06 7.13365e-05 0.000936517 0.00725927 0.0333387 0.0917652 0.156985 0.18407 0.175249 0.14919 0.106109 0.0590529 0.0253875 0.00825173 0.00195784 0.000329853 3.86651e-05 3.09133e-06 1.65185e-07 5.78522e-09 1.30447e-10 1.86437e-12
 1.22334e-11 1.32841e-09 8.50477e-08 3.21033e-06 7.14557e-05 0.000938142 0.00727304 0.033414 0.0920295 0.157492 0.184205 0.174049 0.147636 0.106211 0.0601841 0.0259809 0.00828018 0.00189136 0.000303631 3.36758e-05 2.52859e-06 1.25865e-07 4.07784e-09 8.4705e-11 1.11407e-12
 1.20646e-11 1.31009e-09 8.38749e-08 3.16611e-06 7.04752e-05 0.000925404 0.00717726 0.0330114 0.0911905 0.157139 0.186017 0.177401 0.149403 0.105212 0.0581548 0.0245722 0.00769754 0.00172599 0.000269563 2.87042e-05 2.04369e-06 9.55689e-08 2.8898e-09 5.57455e-11 6.78086e-13
 1.23425e-11 1.34026e-09 8.58073e-08 3.23909e-06 7.21019e-05 0.000946835 0.00734467 0.0337916 0.0933731 0.160748 0.189095 0.177464 0.146714 0.102181 0.0560112 0.0233106 0.00712951 0.00155307 0.000235109 2.41966e-05 1.6564e-06 7.39362e-08 2.11696e-09 3.83789e-11 4.36007e-13
 1.24974e-11 1.35709e-09 8.68853e-08 3.27986e-06 7.30137e-05 0.000958962 0.00744185 0.0342743 0.0949338 0.164189 0.194141 0.181452 0.146383 0.0977729 0.0509552 0.0201394 0.00586693 0.00121972 0.000176103 1.72528e-05 1.12229e-06 4.75292e-08 1.28875e-09 2.20701e-11 2.36083e-13
 1.17426e-11 1.27514e-09 8.16395e-08 3.08196e-06 6.86159e-05 0.00090148 0.0070016 0.032318 0.090024 0.157795 0.19145 0.184861 0.152465 0.102487 0.0530401 0.0205081 0.00576131 0.00114373 0.000156818 1.45451e-05 8.93848e-07 3.56944e-08 9.11026e-10 1.46624e-11 1.47201e-13
 1.25222e-11 1.35978e-09 8.70594e-08 3.28659e-06 7.31726e-05 0.000961343 0.00746571 0.0344392 0.09569 0.166275 0.197139 0.182976 0.145401 0.0957724 0.0489781 0.0186239 0.00509012 0.000972028 0.000126908 1.1117e-05 6.41549e-07 2.39755e-08 5.71589e-10 8.58394e-12 8.0356e-14
 1.18618e-11 1.28809e-09 8.24712e-08 3.1136e-06 6.93337e-05 0.000911342 0.00708621 0.0327923 0.0918243 0.162334 0.198328 0.189611 0.150933 0.0964194 0.0471172 0.0171288 0.00450065 0.000828083 0.000103813 8.67125e-06 4.73472e-07 1.66287e-08 3.70619e-10 5.18411e-12 4.50907e-14
 1.16237e-11 1.26225e-09 8.08187e-08 3.05139e-06 6.79579e-05 0.00089356 0.00695346 0.0322359 0.0906117 0.161337 0.199115 0.191944 0.152918 0.0968318 0.0462269 0.016102 0.00398761 0.000686019 8.03721e-05 6.29045e-06 3.22543e-07 1.06392e-08 2.2232e-10 2.90751e-12 2.35734e-14
#spawning biomass
 16011.4 18671.9 20280.9 22009.3 28179.9 34134.4 43844.8 50597.7 59127.8 60467.3 78786.2 94696.5 109539 123242 109599 98477.5 98671 114770 124135 119956 125023 144421 151933 145484 151143 135076 138247 140545 161500 243885 226294 177975 132796 99461.6 77455.2 63879.2 55877.2 51309.9 48763.2 47367.7 46612.8 46208.3 45992.5 45877.7 45818.2 45787.5 45771.5 45763.3 45759 45756.8 45755.7 45755.1 45754.8 45754.6 45754.5 45754.5 45754.5 45754.4 45754.4 45754.4 45754.4 45754.4 45754.4 45754.4 45754.4 45754.4 45754.4 45754.4 45754.4 45754.4 45754.4 45754.4 45754.4 45754.4 45754.4 45754.4 45754.4 45754.4 45754.4 45754.4 45754.4 45754.4 45754.4 45754.4 45754.4 45754.4 45754.4 45754.4 45754.4 45754.4 45754.4 45754.4 45754.4 45754.4 45754.4 45754.4 45754.4 45754.4 45754.4 45754.4 45754.4 45754.4 45754.4 45754.4 45754.4 45754.4 45754.4 45754.4 45754.4 45754.4 45754.4 45754.4 45754.4 45754.4 45754.4 45754.4 45754.4 45754.4 45754.4 45754.4 45754.4 45754.4 45754.4 45754.4 45754.4 45754.4 45754.4 45754.4 0 0 0 0 0 0 0 0 0 0 0 0 0 0 0 0 0 0 0 0 0 0 0 0 0
