SBPRF35
0.178135
Curr Bio
159174
B35
206586
F35
0.612276
FOFL
0.612276
OFL
103412
Bzero
50895.7
#pred survey bio
 7461.73 7932.43 9664.6 11295.3 19627.6 31494.3 30028.3 33651.6 44089.2 58445.3 71889.2 93750.4 116113 136422 139505 120675 118233 116466 106509 105850 107813 114483 121167 131526 130370 137659 136466 128028 164850 6.8646e+06 5.81006e+06 3.45871e+06 1.97673e+06 1.19332e+06 809514 624771 533955 487329 462169 447986 439727 434818 431861 430059 428956 428297 427902 427664 427521 427435 427383 427352 427333 427321 427314 427310 427308 427306 427305 427305 427304 427304 427304 427304 427304 427304 427304 427304 427304 427304 427304 427304 427304 427304 427304 427304 427304 427304 427304 427304 427304 427304 427304 427304 427304 427304 427304 427304 427304 427304 427304 427304 427304 427304 427304 427304 427304 427304 427304 427304 427304 427304 427304 427304 427304 427304 427304 427304 427304 427304 427304 427304 427304 427304 427304 427304 427304 427304 427304 427304 427304 427304 427304 427304 427304 427304 427304 427304 427304 0 0 0 0 0 0 0 0 0 0 0 0 0 0 0 0 0 0 0 0 0 0 0 0 0
#obs survey bio
 6596.91 9593.87 7329.48 9484.96 25031.2 29012.6 28253.9 48001.8 38131.7 41382.3 72035.1 103687 160242 97145.9 152112 91750.3 155374 143173 127617 95854 118866 113118 172824 174342 174635 188634 134210 141839 130528
#pred catch bio
 4089.94 4801.29 6092.83 6465.59 9861.1 20677.9 20108.5 21503.5 27502.9 39991.1 48779.7 64210.1 79272.6 94944.1 104608 90562.9 89087.5 89236.8 80349 81436.5 83973.5 92191.1 95771.8 107802 104765 111334 114091 96522.5 47291.3 103412 97208.3 53266.4 27485.7 15072.9 9746.58 7624.36 6820.54 6526.81 6422.26 6385.75 6373.19 6368.92 6367.47 6366.99 6366.83 6366.78 6366.76 6366.75 6366.75 6366.75 6366.75 6366.75 6366.75 6366.75 6366.75 6366.75 6366.75 6366.75 6366.75 6366.75 6366.75 6366.75 6366.75 6366.75 6366.75 6366.75 6366.75 6366.75 6366.75 6366.75 6366.75 6366.75 6366.75 6366.75 6366.75 6366.75 6366.75 6366.75 6366.75 6366.75 6366.75 6366.75 6366.75 6366.75 6366.75 6366.75 6366.75 6366.75 6366.75 6366.75 6366.75 6366.75 6366.75 6366.75 6366.75 6366.75 6366.75 6366.75 6366.75 6366.75 6366.75 6366.75 6366.75 6366.75 6366.75 6366.75 6366.75 6366.75 6366.75 6366.75 6366.75 6366.75 6366.75 6366.75 6366.75 6366.75 6366.75 6366.75 6366.75 6366.75 6366.75 6366.75 6366.75 6366.75 6366.75 6366.75 6366.75 6366.75 6366.75 0 0 0 0 0 0 0 0 0 0 0 0 0 0 0 0 0 0 0 0 0 0 0 0 0
#obs catch bio
 4764.68 4779.89 6089.52 6455.02 9600.75 20283.9 20196.1 20845.8 26884.8 39804.5 48009.5 62170.4 76261.9 93996.4 102796 92035.7 88429.5 87700.9 78324.2 80388.3 81080.2 91224.1 93671.3 103095 101283 106592 110674 95257.8 46664.1
#pred cpue bio
 6787.25 6857.08 8328.61 9742.19 16236.2 27461 26352.1 28430.9 37633 49790.8 60659.4 79008 98474.6 116344 120655 103563 99996.2 99277.9 90826.5 89565.1 90727.7 95677.8 100554 109954 108449 114696 114355 106303 136522 6.21305e+06 5.78347e+06 3.43212e+06 1.95014e+06 1.16673e+06 782921 598178 507362 460736 435576 421393 413134 408225 405268 403466 402364 401705 401309 401071 400928 400842 400790 400759 400740 400728 400721 400717 400715 400713 400712 400712 400711 400711 400711 400711 400711 400711 400711 400711 400711 400711 400711 400711 400711 400711 400711 400711 400711 400711 400711 400711 400711 400711 400711 400711 400711 400711 400711 400711 400711 400711 400711 400711 400711 400711 400711 400711 400711 400711 400711 400711 400711 400711 400711 400711 400711 400711 400711 400711 400711 400711 400711 400711 400711 400711 400711 400711 400711 400711 400711 400711 400711 400711 400711 400711 400711 400711 400711 400711 400711 0 0 0 0 0 0 0 0 0 0 0 0 0 0 0 0 0 0 0 0 0 0 0 0 0
#obs cpue bio
 6344.98 7302.49 9216.67 12985.6 26786 28439.3 28357 38681.3 56085.8 65614.2 87261.1 133622 134718 145419 158292 87311.1 99661.6 112625 117085 113600 161433 99599.3 106346 190254 127659 175184 174395 118906 192199
#pred surv len freq
 2.56729e-27 2.59946e-27 4.29321e-26 8.51694e-20 2.08783e-14 6.1866e-10 2.21594e-06 0.000959416 0.0502124 0.317657 0.243144 0.0369203 0.110199 0.10181 0.0263669 0.0348879 0.0164764 0.0147221 0.0100551 0.00833936 0.00702354 0.00642605 0.00675329 0.00615052 0.0018945
 2.56985e-27 2.60605e-27 4.82822e-26 9.6454e-20 2.36445e-14 7.0063e-10 2.50954e-06 0.00108653 0.0568653 0.359745 0.275325 0.0396095 0.108057 0.0994352 0.0190524 0.0185363 0.00739521 0.00495159 0.00279721 0.00197237 0.00145152 0.00118332 0.00113109 0.00104707 0.000355256
 2.56956e-27 2.60518e-27 4.73988e-26 9.45898e-20 2.31876e-14 6.87089e-10 2.46104e-06 0.00106553 0.0557663 0.352793 0.270037 0.0409246 0.121781 0.11199 0.0193744 0.016033 0.0054508 0.00233862 0.00100296 0.000530008 0.000309305 0.000211857 0.00017632 0.000157496 5.57733e-05
 2.56944e-27 2.60486e-27 4.71172e-26 9.39959e-20 2.3042e-14 6.82775e-10 2.44558e-06 0.00105884 0.0554161 0.350577 0.268346 0.0409768 0.123366 0.113488 0.0202803 0.0177082 0.00574132 0.00198798 0.000643173 0.000216821 8.58617e-05 4.35073e-05 2.91144e-05 2.35701e-05 8.37746e-06
 2.57195e-27 2.6117e-27 5.3185e-26 1.06797e-19 2.61799e-14 7.75757e-10 2.77863e-06 0.00120304 0.0629628 0.39832 0.30477 0.039022 0.0828993 0.0761817 0.0143351 0.0135393 0.00446109 0.00164208 0.00048905 0.000124919 2.99486e-05 9.08184e-06 4.13526e-06 2.75216e-06 9.43633e-07
 2.56862e-27 2.60257e-27 4.50369e-26 8.96071e-20 2.19661e-14 6.50895e-10 2.33139e-06 0.0010094 0.0528286 0.334208 0.255865 0.0420894 0.140602 0.129274 0.0209125 0.0151842 0.00510469 0.00207447 0.00063961 0.000166267 3.16299e-05 5.49289e-06 1.27758e-06 5.72725e-07 1.78508e-07
 2.56821e-27 2.60156e-27 4.42316e-26 8.79085e-20 2.15497e-14 6.38556e-10 2.2872e-06 0.000990271 0.0518272 0.327873 0.251019 0.0415559 0.139947 0.128864 0.024375 0.0231697 0.00729755 0.00216797 0.000675287 0.000191467 3.76058e-05 5.3875e-06 6.2443e-07 1.27653e-07 3.15565e-08
 2.57078e-27 2.60852e-27 5.03865e-26 1.00893e-19 2.47326e-14 7.32872e-10 2.62503e-06 0.00113654 0.0594822 0.3763 0.287969 0.0397813 0.100482 0.0924165 0.0173781 0.0164071 0.00555333 0.00226736 0.000645164 0.000143958 2.96836e-05 4.45867e-06 4.07389e-07 3.21804e-08 4.35426e-09
 2.57006e-27 2.60651e-27 4.8528e-26 9.6972e-20 2.37715e-14 7.04392e-10 2.52301e-06 0.00109237 0.0571707 0.361677 0.276822 0.0409675 0.117341 0.107829 0.0174999 0.0127944 0.00430054 0.00175056 0.000565269 0.000156608 2.68153e-05 3.75647e-06 3.54158e-07 1.82835e-08 8.84677e-10
 2.57021e-27 2.60693e-27 4.89334e-26 9.78272e-20 2.39812e-14 7.10605e-10 2.54527e-06 0.001102 0.0576749 0.364867 0.279251 0.040568 0.112594 0.103527 0.0181567 0.0153598 0.00483613 0.00144801 0.000451525 0.000130273 2.73323e-05 3.72154e-06 3.12069e-07 1.53711e-08 3.76851e-10
 2.57077e-27 2.60842e-27 5.02222e-26 1.00546e-19 2.46476e-14 7.30353e-10 2.616e-06 0.00113263 0.0592777 0.375007 0.286991 0.0404066 0.105928 0.097319 0.0160317 0.0120819 0.00393195 0.00138955 0.000391084 8.78384e-05 1.83288e-05 2.88981e-06 2.52886e-07 1.12043e-08 2.30692e-10
 2.57082e-27 2.60855e-27 5.03232e-26 1.00759e-19 2.46998e-14 7.319e-10 2.62154e-06 0.00113503 0.0594033 0.375801 0.287599 0.0404892 0.106129 0.0974836 0.0156755 0.01122 0.00354576 0.00109632 0.000323508 7.99356e-05 1.35855e-05 1.92923e-06 1.88583e-07 8.7959e-09 1.64659e-10
 2.57043e-27 2.60749e-27 4.93843e-26 9.87782e-20 2.42143e-14 7.17513e-10 2.57001e-06 0.00111272 0.0582356 0.368414 0.281963 0.0408196 0.112603 0.103448 0.0165587 0.0117308 0.00366688 0.0010667 0.000297057 6.71216e-05 1.23359e-05 1.59212e-06 1.35103e-07 6.78433e-09 1.32427e-10
 2.5701e-27 2.6066e-27 4.86053e-26 9.71348e-20 2.38114e-14 7.05575e-10 2.52725e-06 0.0010942 0.0572667 0.362285 0.277285 0.0409605 0.116962 0.107492 0.0176708 0.0132497 0.00413773 0.00118882 0.000323935 6.84254e-05 1.14968e-05 1.49045e-06 1.20032e-07 5.32969e-09 1.08561e-10
 2.56918e-27 2.60411e-27 4.64036e-26 9.24903e-20 2.26729e-14 6.71838e-10 2.40641e-06 0.00104188 0.0545285 0.344962 0.264068 0.0416085 0.131179 0.120611 0.0199831 0.0152257 0.00481261 0.00147471 0.00040347 8.38016e-05 1.33717e-05 1.58675e-06 1.23378e-07 5.19714e-09 9.62878e-11
 2.56971e-27 2.60555e-27 4.7682e-26 9.51871e-20 2.3334e-14 6.91427e-10 2.47658e-06 0.00107226 0.0561184 0.35502 0.271742 0.0411699 0.12245 0.112569 0.0187852 0.0145187 0.00460639 0.00143915 0.000403266 8.82744e-05 1.40255e-05 1.59329e-06 1.13622e-07 4.53751e-09 7.92087e-11
 2.57061e-27 2.60798e-27 4.98245e-26 9.97068e-20 2.44419e-14 7.24258e-10 2.59417e-06 0.00112318 0.058783 0.371877 0.284605 0.0406253 0.109268 0.100382 0.0162292 0.0117549 0.00373716 0.00118739 0.000335572 7.51675e-05 1.24844e-05 1.44848e-06 9.92742e-08 3.65204e-09 5.98685e-11
 2.5701e-27 2.60656e-27 4.85352e-26 9.69868e-20 2.37752e-14 7.045e-10 2.5234e-06 0.00109254 0.0571794 0.361733 0.276869 0.0412564 0.119506 0.109775 0.0168975 0.0109101 0.00341212 0.00100644 0.000283594 6.4547e-05 1.09251e-05 1.31788e-06 9.3082e-08 3.30911e-09 5.02268e-11
 2.57008e-27 2.60651e-27 4.85055e-26 9.69243e-20 2.37598e-14 7.04046e-10 2.52177e-06 0.00109183 0.0571425 0.361499 0.276689 0.0411882 0.119113 0.109434 0.0172318 0.0117541 0.00360233 0.000934232 0.000252178 5.4049e-05 9.18823e-06 1.13147e-06 8.2932e-08 3.03502e-09 4.47295e-11
 2.57057e-27 2.60785e-27 4.96947e-26 9.94331e-20 2.43748e-14 7.2227e-10 2.58705e-06 0.00112009 0.0586217 0.370857 0.283827 0.0407562 0.110811 0.101789 0.0161781 0.0112777 0.00349188 0.000960365 0.000251108 4.78837e-05 7.62073e-06 9.15203e-07 6.84174e-08 2.59475e-09 3.9217e-11
 2.57087e-27 2.60866e-27 5.04023e-26 1.00926e-19 2.47407e-14 7.33112e-10 2.62588e-06 0.00113691 0.0595016 0.376424 0.288077 0.0406718 0.107182 0.0984107 0.0150296 0.00950846 0.00295021 0.000831848 0.000222187 4.3984e-05 6.46235e-06 7.02536e-07 5.03743e-08 1.93685e-09 3.02652e-11
 2.57125e-27 2.6097e-27 5.13127e-26 1.02846e-19 2.52115e-14 7.47062e-10 2.67585e-06 0.00115854 0.0606339 0.383586 0.293543 0.0404453 0.101619 0.0932681 0.0139646 0.00837058 0.00254968 0.000646444 0.00017145 3.48438e-05 5.29535e-06 5.57149e-07 3.587e-08 1.3074e-09 2.05796e-11
 2.57162e-27 2.61069e-27 5.21833e-26 1.04683e-19 2.56617e-14 7.60403e-10 2.72364e-06 0.00117923 0.0617167 0.390436 0.298771 0.0402712 0.0966208 0.0886365 0.012792 0.00686038 0.00206656 0.000493961 0.000125725 2.34014e-05 3.573e-06 3.88099e-07 2.46008e-08 8.14052e-10 1.20746e-11
 2.57121e-27 2.60957e-27 5.11778e-26 1.02562e-19 2.51418e-14 7.44996e-10 2.66845e-06 0.00115534 0.0604662 0.382525 0.292736 0.0406437 0.103695 0.0951496 0.0136709 0.00722311 0.00214177 0.000455823 0.000111932 1.96065e-05 2.7772e-06 2.89623e-07 1.88091e-08 6.14811e-10 8.39405e-12
 2.57149e-27 2.61032e-27 5.18467e-26 1.03973e-19 2.54877e-14 7.55245e-10 2.70516e-06 0.00117123 0.061298 0.387788 0.296751 0.040414 0.0991267 0.0909408 0.0130535 0.00687452 0.00203447 0.00042601 0.00010126 1.59577e-05 2.12824e-06 2.05294e-07 1.25737e-08 4.14356e-10 5.58406e-12
 2.5714e-27 2.61008e-27 5.16292e-26 1.03514e-19 2.53752e-14 7.51912e-10 2.69322e-06 0.00116606 0.0610275 0.386077 0.295445 0.0404937 0.10065 0.0923435 0.0132412 0.00694934 0.00205561 0.000428965 0.000101517 1.56383e-05 1.93862e-06 1.70035e-07 9.58678e-09 2.96383e-10 3.9686e-12
 2.57108e-27 2.60919e-27 5.08447e-26 1.01859e-19 2.49695e-14 7.3989e-10 2.65016e-06 0.00114742 0.0600518 0.379904 0.290736 0.0407667 0.106037 0.097305 0.013961 0.00734166 0.00217084 0.000451422 0.000106677 1.63659e-05 2.001e-06 1.65887e-07 8.43636e-09 2.37738e-10 2.98182e-12
 2.57159e-27 2.61059e-27 5.20825e-26 1.0447e-19 2.56096e-14 7.58859e-10 2.7181e-06 0.00117684 0.0615913 0.389643 0.298166 0.0403517 0.0976581 0.0895836 0.0127767 0.00658485 0.00194651 0.000405572 9.57978e-05 1.46485e-05 1.78546e-06 1.46347e-07 7.08726e-09 1.80725e-10 2.05374e-12
 2.57174e-27 2.61102e-27 5.24855e-26 1.0532e-19 2.5818e-14 7.65034e-10 2.74022e-06 0.00118641 0.0620925 0.392814 0.300583 0.0401044 0.0940781 0.0863104 0.012748 0.00734294 0.00217134 0.000443337 0.000104369 1.5982e-05 1.94467e-06 1.58786e-07 7.60465e-09 1.85273e-10 1.91609e-12
#obs surv len freq
 1.76912e-41 2.45543e-33 4.11949e-26 8.35424e-20 2.04794e-14 6.06843e-10 2.17361e-06 0.0009411 0.0492534 0.311591 0.238663 0.0440665 0.15197 0.128711 0.0359882 0.0274904 0.00822035 0.00254964 0.00049373 5.70415e-05 2.86864e-06 4.57688e-08 1.73215e-10 1.25429e-13 1.50316e-17
 2.17378e-41 3.01706e-33 5.06175e-26 1.02651e-19 2.51637e-14 7.45648e-10 2.67079e-06 0.00115636 0.0605192 0.382862 0.293056 0.0420231 0.0974025 0.0779808 0.0224494 0.0162311 0.00469307 0.00135975 0.00023903 2.40575e-05 1.00148e-06 1.25467e-08 3.57061e-11 1.8864e-14 1.62045e-18
 1.72651e-41 2.39629e-33 4.02027e-26 8.15302e-20 1.99862e-14 5.92227e-10 2.12126e-06 0.000918432 0.0480671 0.304087 0.233125 0.0511994 0.181395 0.135474 0.0264799 0.0140683 0.00393094 0.00106606 0.000170687 1.47944e-05 5.03956e-07 4.92341e-09 1.05235e-11 4.06824e-15 2.51329e-19
 2.08665e-41 2.89612e-33 4.85885e-26 9.85365e-20 2.41551e-14 7.15759e-10 2.56373e-06 0.00111001 0.0580934 0.367516 0.281462 0.0458499 0.113839 0.0816757 0.0282852 0.0179911 0.00340434 0.000667958 9.62291e-05 7.17991e-06 1.98397e-07 1.49828e-09 2.39523e-12 6.7741e-16 3.01734e-20
 2.36282e-41 3.27943e-33 5.50193e-26 1.11578e-19 2.7352e-14 8.10491e-10 2.90305e-06 0.00125692 0.0657821 0.416157 0.318577 0.0443907 0.0802089 0.0528703 0.0120978 0.00640207 0.00184496 0.000372856 3.48084e-05 2.0308e-06 4.52534e-08 2.62923e-10 3.12761e-13 6.45353e-17 2.0719e-21
 1.31983e-41 1.83184e-33 3.07329e-26 6.23258e-20 1.52784e-14 4.52728e-10 1.6216e-06 0.000702096 0.0367449 0.232462 0.179095 0.0711433 0.271883 0.166235 0.0281998 0.0109417 0.002123 0.000421059 4.56844e-05 1.88631e-06 2.93911e-08 1.28468e-10 1.13438e-13 1.70401e-17 3.93605e-22
 2.2108e-41 3.06844e-33 5.14794e-26 1.04399e-19 2.55922e-14 7.58345e-10 2.71627e-06 0.00117605 0.0615498 0.389382 0.298267 0.0467757 0.0892357 0.0567356 0.0356761 0.0183459 0.0025127 0.000312018 2.68732e-05 1.09678e-06 1.28722e-08 3.77266e-11 2.35562e-14 2.55461e-18 4.24154e-23
 1.98529e-41 2.75545e-33 4.62284e-26 9.37503e-20 2.29818e-14 6.80992e-10 2.4392e-06 0.00105609 0.0552716 0.349667 0.268419 0.0610299 0.155328 0.0827256 0.0159847 0.00739089 0.00271662 0.000388102 2.01705e-05 5.72815e-07 5.69222e-09 1.27564e-11 5.39678e-15 3.96136e-19 4.58918e-24
 2.026e-41 2.81195e-33 4.71763e-26 9.56725e-20 2.3453e-14 6.94955e-10 2.48921e-06 0.00107774 0.0564049 0.356837 0.273984 0.0614658 0.14332 0.0737297 0.023023 0.00857668 0.00130856 0.000250663 1.96724e-05 3.97754e-07 2.51556e-09 4.2211e-12 1.35393e-15 7.0198e-20 5.50182e-25
 1.97338e-41 2.73893e-33 4.59512e-26 9.3188e-20 2.28439e-14 6.76908e-10 2.42457e-06 0.00104976 0.0549401 0.347572 0.267205 0.0671667 0.155211 0.0743402 0.022545 0.0082599 0.00152554 0.000171227 1.13993e-05 2.8915e-07 1.52595e-09 1.6445e-12 3.57143e-16 1.34304e-20 7.64104e-26
 2.09683e-41 2.91027e-33 4.88258e-26 9.90177e-20 2.4273e-14 7.19254e-10 2.57625e-06 0.00111543 0.0583771 0.369316 0.283853 0.0658401 0.133229 0.0603339 0.0199487 0.00667681 0.00116953 0.000131828 6.42323e-06 1.21718e-07 6.41293e-10 6.15342e-13 9.48177e-17 2.33688e-21 8.98094e-27
 2.05013e-41 2.84544e-33 4.77382e-26 9.68121e-20 2.37324e-14 7.03233e-10 2.51887e-06 0.00109058 0.0570767 0.361092 0.277998 0.0730024 0.145985 0.0604707 0.0171074 0.00518522 0.000894217 9.10291e-05 3.99284e-06 5.71317e-08 2.15118e-10 1.72356e-13 2.30867e-17 4.50851e-22 1.23083e-27
 1.99811e-41 2.77324e-33 4.65269e-26 9.43556e-20 2.31302e-14 6.85389e-10 2.45495e-06 0.00106291 0.0556285 0.351933 0.271478 0.0796032 0.154184 0.0609972 0.0191996 0.00510857 0.00073374 6.6692e-05 2.56102e-06 3.03941e-08 8.602e-11 4.84416e-14 4.79149e-18 7.4093e-23 1.62858e-28
 1.86728e-41 2.59166e-33 4.34804e-26 8.81774e-20 2.16157e-14 6.40511e-10 2.29421e-06 0.000993312 0.051986 0.328896 0.254713 0.0913778 0.175582 0.0668057 0.0229333 0.00583289 0.000815331 6.0434e-05 1.88933e-06 1.83894e-08 4.10357e-11 1.72641e-14 1.21159e-18 1.31251e-23 2.07631e-29
 1.68899e-41 2.34421e-33 3.9329e-26 7.97583e-20 1.95518e-14 5.79356e-10 2.07516e-06 0.000898473 0.0470225 0.297505 0.231905 0.106406 0.201224 0.0763244 0.0301884 0.00741597 0.0010364 7.0168e-05 1.77639e-06 1.32218e-08 2.2721e-11 7.28003e-15 3.79585e-19 2.97027e-24 3.31489e-30
 1.90782e-41 2.64793e-33 4.44245e-26 9.00921e-20 2.2085e-14 6.54419e-10 2.34402e-06 0.00101488 0.0531148 0.336047 0.261046 0.0956485 0.155247 0.0613593 0.0283444 0.00708271 0.00102562 6.53438e-05 1.44231e-06 8.44902e-09 1.07525e-11 2.53349e-15 9.75201e-20 5.60969e-25 4.55553e-31
 1.86003e-41 2.5816e-33 4.33116e-26 8.78351e-20 2.15317e-14 6.38025e-10 2.2853e-06 0.000989457 0.0517842 0.327642 0.255927 0.109545 0.169233 0.0573724 0.0211066 0.00549776 0.000846341 5.28402e-05 1.04953e-06 5.10258e-09 5.01417e-12 8.66835e-16 2.39873e-20 9.91203e-26 5.80497e-32
 1.83456e-41 2.54625e-33 4.27186e-26 8.66324e-20 2.12369e-14 6.29289e-10 2.25401e-06 0.000975908 0.0510752 0.32317 0.253588 0.117081 0.168649 0.0582707 0.0219747 0.00455632 0.000618748 3.83996e-05 7.05656e-07 2.93548e-09 2.31595e-12 3.06275e-16 6.24941e-21 1.85876e-26 7.74451e-33
 1.85962e-41 2.58102e-33 4.3302e-26 8.78156e-20 2.1527e-14 6.37883e-10 2.28479e-06 0.000989238 0.0517728 0.327597 0.257937 0.121395 0.160385 0.0548158 0.0204663 0.0041384 0.000475989 2.40579e-05 3.93395e-07 1.42318e-09 9.23693e-13 9.61521e-17 1.49438e-21 3.30242e-27 1.00293e-33
 1.93735e-41 2.68891e-33 4.51121e-26 9.14864e-20 2.24268e-14 6.64547e-10 2.3803e-06 0.00103059 0.053937 0.341303 0.269121 0.121583 0.144945 0.0477395 0.0167523 0.0032289 0.000343425 1.43422e-05 1.82404e-07 5.34428e-10 2.83835e-13 2.36083e-17 2.85144e-22 4.78783e-28 1.08565e-34
 1.93326e-41 2.68324e-33 4.50169e-26 9.12934e-20 2.23795e-14 6.63145e-10 2.37528e-06 0.00102841 0.0538232 0.34061 0.270234 0.130147 0.143356 0.044163 0.013943 0.00245038 0.000234277 8.45717e-06 8.51565e-08 1.87361e-10 7.53846e-14 4.84194e-18 4.52765e-23 5.83059e-29 1.00109e-35
 1.98068e-41 2.74905e-33 4.6121e-26 9.35325e-20 2.29284e-14 6.7941e-10 2.43354e-06 0.00105364 0.0551434 0.348988 0.27775 0.131557 0.131876 0.0399812 0.0117078 0.00178986 0.000145958 4.42944e-06 3.60838e-08 6.08815e-11 1.8046e-14 8.45387e-19 5.81612e-24 5.57172e-30 7.15682e-37
 1.91447e-41 2.65715e-33 4.45793e-26 9.04058e-20 2.21619e-14 6.56698e-10 2.35219e-06 0.00101842 0.0533001 0.337382 0.271833 0.146773 0.137984 0.0395866 0.0105554 0.00146315 9.97563e-05 2.422e-06 1.55404e-08 2.02298e-11 4.50356e-15 1.54536e-19 7.66619e-25 5.27015e-31 4.87178e-38
 1.96073e-41 2.72137e-33 4.56566e-26 9.25907e-20 2.26975e-14 6.72569e-10 2.40903e-06 0.00104303 0.0545884 0.345571 0.279339 0.145585 0.125403 0.0376403 0.00958626 0.00117211 6.75872e-05 1.30505e-06 6.3688e-09 6.22718e-12 1.03428e-15 2.62249e-20 9.50327e-26 4.72041e-32 3.12645e-39
 1.93111e-41 2.68025e-33 4.49667e-26 9.11916e-20 2.23545e-14 6.62406e-10 2.37263e-06 0.00102727 0.0537637 0.340433 0.278548 0.156321 0.124874 0.0355383 0.00845919 0.00098474 4.83502e-05 7.42478e-07 2.75436e-09 1.98551e-12 2.40406e-16 4.43524e-21 1.1683e-26 4.20797e-33 2.01332e-40
 1.87493e-41 2.60227e-33 4.36585e-26 8.85386e-20 2.17042e-14 6.43135e-10 2.30361e-06 0.000997382 0.0521999 0.330649 0.275089 0.169315 0.127017 0.0360315 0.00784723 0.000815997 3.51565e-05 4.40517e-07 1.24759e-09 6.64416e-13 5.83355e-17 7.72765e-22 1.45694e-27 3.75665e-34 1.288e-41
 1.79642e-41 2.49331e-33 4.18304e-26 8.48312e-20 2.07954e-14 6.16205e-10 2.20715e-06 0.000955618 0.0500147 0.316975 0.269629 0.184066 0.131175 0.0384739 0.00793802 0.000743137 2.70079e-05 2.76675e-07 6.13314e-10 2.44567e-13 1.56547e-17 1.49173e-22 2.00824e-28 3.68213e-35 8.9608e-43
 1.82222e-41 2.52913e-33 4.24313e-26 8.60499e-20 2.10941e-14 6.25057e-10 2.23885e-06 0.000969347 0.0507337 0.321644 0.27569 0.182492 0.122418 0.0378017 0.0075672 0.000660275 2.04514e-05 1.67922e-07 2.88979e-10 8.74857e-14 4.15473e-18 2.88122e-23 2.78744e-29 3.64633e-36 6.30516e-44
 1.8223e-41 2.52923e-33 4.2433e-26 8.60534e-20 2.1095e-14 6.25082e-10 2.23894e-06 0.000969386 0.0507357 0.321657 0.275706 0.182766 0.123399 0.037188 0.00700138 0.000559335 1.53009e-05 1.076e-07 1.54991e-10 3.86845e-14 1.49994e-18 8.4368e-24 6.58953e-30 6.93588e-37 9.62702e-45
#pred catch len freq
 2.56664e-27 2.59772e-27 4.14304e-26 8.20018e-20 2.01017e-14 5.95651e-10 2.13352e-06 0.000923733 0.0483448 0.305843 0.234125 0.037019 0.117287 0.108382 0.028069 0.03714 0.0175399 0.0156724 0.0107042 0.00887769 0.00747692 0.00684087 0.00718922 0.00654755 0.00201679
 2.5695e-27 2.60511e-27 4.74584e-26 9.47161e-20 2.32185e-14 6.88006e-10 2.46432e-06 0.00106696 0.0558407 0.353263 0.270378 0.0398035 0.113009 0.104008 0.0199287 0.0193888 0.00773533 0.00517933 0.00292587 0.00206308 0.00151828 0.00123774 0.00118311 0.00109523 0.000371596
 2.56929e-27 2.60446e-27 4.67568e-26 9.32356e-20 2.28556e-14 6.77252e-10 2.4258e-06 0.00105028 0.0549678 0.347742 0.266183 0.0411136 0.125927 0.115815 0.0200361 0.0165806 0.00563696 0.00241849 0.00103721 0.00054811 0.000319869 0.000219093 0.000182342 0.000162875 5.76782e-05
 2.56898e-27 2.6036e-27 4.6005e-26 9.16496e-20 2.24668e-14 6.65732e-10 2.38454e-06 0.00103241 0.0540328 0.341827 0.261669 0.0413024 0.130535 0.120104 0.0214626 0.0187405 0.00607603 0.00210388 0.000680669 0.000229461 9.08674e-05 4.60437e-05 3.08118e-05 2.49442e-05 8.86585e-06
 2.57143e-27 2.61028e-27 5.19391e-26 1.04168e-19 2.55355e-14 7.56664e-10 2.71024e-06 0.00117343 0.0614132 0.388516 0.29729 0.0393697 0.0908008 0.0834777 0.015708 0.014836 0.00488833 0.00179935 0.000535887 0.000136883 3.28168e-05 9.95162e-06 4.53131e-06 3.01574e-06 1.03401e-06
 2.56843e-27 2.60205e-27 4.4575e-26 8.86326e-20 2.17272e-14 6.43816e-10 2.30604e-06 0.000998428 0.0522541 0.330574 0.253092 0.0422357 0.143663 0.132096 0.0213691 0.0155157 0.00521614 0.00211977 0.000653574 0.000169897 3.23205e-05 5.61281e-06 1.30548e-06 5.85229e-07 1.82405e-07
 2.56807e-27 2.60116e-27 4.38782e-26 8.71631e-20 2.1367e-14 6.33142e-10 2.26781e-06 0.000981874 0.0513878 0.325093 0.248897 0.0416551 0.142192 0.130937 0.0247672 0.0235424 0.00741495 0.00220285 0.000686151 0.000194547 3.82108e-05 5.47417e-06 6.34476e-07 1.29707e-07 3.20642e-08
 2.57057e-27 2.60795e-27 4.98839e-26 9.98326e-20 2.44728e-14 7.25172e-10 2.59744e-06 0.00112459 0.0588572 0.372347 0.284952 0.0399209 0.103664 0.0953542 0.0179305 0.0169287 0.00572986 0.00233943 0.000665672 0.000148534 3.06272e-05 4.6004e-06 4.20339e-07 3.32033e-08 4.49268e-09
 2.56979e-27 2.60576e-27 4.78643e-26 9.55718e-20 2.34283e-14 6.94221e-10 2.48658e-06 0.0010766 0.0563452 0.356455 0.272837 0.041177 0.121734 0.111881 0.0181574 0.0132751 0.00446211 0.00181633 0.000586506 0.000162492 2.78228e-05 3.8976e-06 3.67464e-07 1.89704e-08 9.17915e-10
 2.57013e-27 2.60672e-27 4.87509e-26 9.74423e-20 2.38868e-14 7.07809e-10 2.53525e-06 0.00109767 0.0574479 0.363431 0.278156 0.0406227 0.11378 0.104621 0.0183486 0.0155222 0.00488726 0.00146332 0.000456299 0.00013165 2.76212e-05 3.76088e-06 3.15368e-07 1.55336e-08 3.80834e-10
 2.57068e-27 2.60817e-27 5.00081e-26 1.00094e-19 2.45369e-14 7.27072e-10 2.60425e-06 0.00112754 0.0590114 0.373322 0.285706 0.0404739 0.107342 0.0986237 0.0162466 0.0122439 0.00398466 0.00140818 0.000396327 8.9016e-05 1.85745e-05 2.92855e-06 2.56276e-07 1.13545e-08 2.33785e-10
 2.57075e-27 2.60836e-27 5.01576e-26 1.0041e-19 2.46142e-14 7.29362e-10 2.61245e-06 0.00113109 0.0591973 0.374498 0.286605 0.0405424 0.107232 0.0985008 0.0158391 0.0113371 0.00358276 0.00110776 0.000326884 8.07697e-05 1.37273e-05 1.94936e-06 1.90551e-07 8.88769e-09 1.66377e-10
 2.57035e-27 2.60728e-27 4.9194e-26 9.83767e-20 2.41159e-14 7.14596e-10 2.55956e-06 0.00110819 0.0579989 0.366917 0.280821 0.0408811 0.113873 0.104619 0.0167462 0.0118636 0.0037084 0.00107877 0.000300421 6.78815e-05 1.24756e-05 1.61015e-06 1.36633e-07 6.86114e-09 1.33926e-10
 2.57006e-27 2.6065e-27 4.85152e-26 9.69449e-20 2.37649e-14 7.04196e-10 2.52231e-06 0.00109206 0.0571547 0.361576 0.276745 0.040989 0.117558 0.108042 0.0177613 0.0133175 0.00415891 0.00119491 0.000325594 6.87757e-05 1.15556e-05 1.49808e-06 1.20646e-07 5.35698e-09 1.09117e-10
 2.56935e-27 2.60455e-27 4.67948e-26 9.33155e-20 2.28752e-14 6.77832e-10 2.42788e-06 0.00105118 0.055015 0.34804 0.266416 0.0414856 0.128594 0.118227 0.0195882 0.0149248 0.00471749 0.00144556 0.000395496 8.21453e-05 1.31074e-05 1.55539e-06 1.20939e-07 5.09442e-09 9.43847e-11
 2.56987e-27 2.60597e-27 4.80593e-26 9.59831e-20 2.35291e-14 6.97209e-10 2.49729e-06 0.00108123 0.0565876 0.357989 0.274007 0.0410521 0.119962 0.110274 0.0184023 0.0142228 0.0045125 0.00140982 0.000395047 8.64752e-05 1.37396e-05 1.56081e-06 1.11306e-07 4.44503e-09 7.75943e-11
 2.57076e-27 2.60839e-27 5.01902e-26 1.00478e-19 2.46311e-14 7.29862e-10 2.61424e-06 0.00113187 0.0592379 0.374755 0.2868 0.0405083 0.106836 0.0981398 0.0158666 0.0114923 0.00365367 0.00116086 0.000328075 7.34883e-05 1.22055e-05 1.41612e-06 9.70564e-08 3.57045e-09 5.8531e-11
 2.5703e-27 2.60712e-27 4.90322e-26 9.80353e-20 2.40322e-14 7.12116e-10 2.55068e-06 0.00110435 0.0577976 0.365643 0.279852 0.0410913 0.116154 0.106686 0.0164219 0.010603 0.00331609 0.000978112 0.000275613 6.27304e-05 1.06177e-05 1.28079e-06 9.04624e-08 3.21598e-09 4.88133e-11
 2.57024e-27 2.60696e-27 4.89023e-26 9.77613e-20 2.3965e-14 7.10126e-10 2.54355e-06 0.00110126 0.057636 0.364621 0.279071 0.0410582 0.11645 0.106979 0.0168453 0.0114905 0.00352153 0.000913277 0.000246522 5.28367e-05 8.98214e-06 1.10609e-06 8.10718e-08 2.96694e-09 4.37262e-11
 2.57077e-27 2.60841e-27 5.01907e-26 1.00479e-19 2.46313e-14 7.29869e-10 2.61427e-06 0.00113188 0.0592385 0.374759 0.286804 0.040595 0.107492 0.0987298 0.0156918 0.0109387 0.00338692 0.0009315 0.00024356 4.64444e-05 7.39168e-06 8.87694e-07 6.6361e-08 2.51676e-09 3.80383e-11
 2.5711e-27 2.60928e-27 5.09544e-26 1.02091e-19 2.50263e-14 7.41573e-10 2.65619e-06 0.00115003 0.0601884 0.380768 0.291391 0.0404872 0.103449 0.09497 0.0145041 0.00917602 0.00284706 0.000802764 0.000214419 4.24462e-05 6.2364e-06 6.77974e-07 4.86131e-08 1.86913e-09 2.92071e-11
 2.57155e-27 2.61051e-27 5.20348e-26 1.0437e-19 2.55849e-14 7.58127e-10 2.71549e-06 0.0011757 0.061532 0.389268 0.297877 0.0402001 0.0967073 0.0887427 0.013287 0.00796444 0.00242597 0.000615079 0.000163131 3.31531e-05 5.03842e-06 5.30116e-07 3.41296e-08 1.24396e-09 1.95811e-11
 2.57186e-27 2.61134e-27 5.27616e-26 1.05903e-19 2.59608e-14 7.69265e-10 2.75538e-06 0.00119297 0.0624359 0.394987 0.302242 0.0400698 0.0926492 0.0849782 0.012264 0.00657723 0.00198126 0.000473574 0.000120536 2.24356e-05 3.42553e-06 3.7208e-07 2.35854e-08 7.80453e-10 1.15763e-11
 2.57156e-27 2.61051e-27 5.20142e-26 1.04326e-19 2.55743e-14 7.57812e-10 2.71435e-06 0.00117521 0.0615064 0.389106 0.297756 0.0403511 0.0979421 0.0898504 0.0129095 0.00682082 0.00202248 0.000430436 0.000105698 1.85145e-05 2.62253e-06 2.73493e-07 1.77615e-08 5.80569e-10 7.92655e-12
 2.57177e-27 2.61109e-27 5.25328e-26 1.0542e-19 2.58425e-14 7.65759e-10 2.74282e-06 0.00118754 0.0621513 0.393186 0.300869 0.0401738 0.0944056 0.0865923 0.0124293 0.0065458 0.00193719 0.000405639 9.64184e-05 1.51947e-05 2.02648e-06 1.95477e-07 1.19725e-08 3.94543e-10 5.31704e-12
 2.5717e-27 2.6109e-27 5.23626e-26 1.05061e-19 2.57545e-14 7.63151e-10 2.73348e-06 0.00118349 0.0619397 0.391847 0.299847 0.0402368 0.0956023 0.0876938 0.0125745 0.00659942 0.0019521 0.000407365 9.64051e-05 1.48509e-05 1.84101e-06 1.61473e-07 9.10406e-09 2.81459e-10 3.76877e-12
 2.57148e-27 2.6103e-27 5.1826e-26 1.03929e-19 2.54769e-14 7.54927e-10 2.70402e-06 0.00117074 0.0612722 0.387625 0.296626 0.0404231 0.0992832 0.0910846 0.0130685 0.00687233 0.00203207 0.000422563 9.98572e-05 1.53197e-05 1.87308e-06 1.55282e-07 7.89704e-09 2.2254e-10 2.7912e-12
 2.57172e-27 2.61095e-27 5.24068e-26 1.05154e-19 2.57773e-14 7.63828e-10 2.73591e-06 0.00118454 0.0619947 0.392195 0.300113 0.0402377 0.0954229 0.0875249 0.0124831 0.00643353 0.00190178 0.000396252 9.35963e-05 1.43118e-05 1.74442e-06 1.42984e-07 6.92439e-09 1.76572e-10 2.00654e-12
 2.57071e-27 2.6082e-27 4.99691e-26 1.00012e-19 2.45167e-14 7.26474e-10 2.60211e-06 0.00112661 0.0589628 0.373015 0.285479 0.0409695 0.111274 0.102153 0.0150879 0.00869075 0.0025699 0.000524711 0.000123526 1.89155e-05 2.30162e-06 1.87931e-07 9.0005e-09 2.19281e-10 2.26779e-12
#obs catch len freq
 1.75712e-41 2.43877e-33 4.09154e-26 8.29756e-20 2.03405e-14 6.02726e-10 2.15887e-06 0.000934715 0.0489193 0.309478 0.23705 0.0441141 0.153324 0.129875 0.0364393 0.0279513 0.00856798 0.00273118 0.000544632 6.51336e-05 3.40048e-06 5.6598e-08 2.24014e-10 1.6904e-13 2.09871e-17
 1.77189e-41 2.45926e-33 4.12592e-26 8.36728e-20 2.05114e-14 6.07791e-10 2.17701e-06 0.000942569 0.0493303 0.312078 0.239094 0.0460105 0.155704 0.124834 0.035828 0.0258963 0.0075808 0.00224516 0.00040947 4.27104e-05 1.84532e-06 2.39791e-08 7.07825e-11 3.87688e-14 3.44347e-18
 2.18221e-41 3.02877e-33 5.08139e-26 1.0305e-19 2.52614e-14 7.48541e-10 2.68115e-06 0.00116085 0.0607541 0.384348 0.294233 0.0433096 0.0987596 0.0746614 0.0221028 0.0150314 0.00425621 0.00117002 0.000192577 1.73512e-05 6.14512e-07 6.21795e-09 1.37209e-11 5.46403e-15 3.47205e-19
 1.74224e-41 2.41812e-33 4.05689e-26 8.22729e-20 2.01682e-14 5.97621e-10 2.14058e-06 0.000926799 0.0485049 0.306857 0.235333 0.0537227 0.183222 0.128561 0.0253984 0.0128934 0.00353021 0.000902958 0.000134383 1.03333e-05 2.96685e-07 2.32286e-09 3.82912e-12 1.11208e-15 5.07262e-20
 2.10452e-41 2.92094e-33 4.90048e-26 9.93807e-20 2.4362e-14 7.21891e-10 2.5857e-06 0.00111952 0.0585911 0.370665 0.283932 0.0475032 0.113969 0.0770144 0.0275474 0.0160974 0.00292777 0.00055278 7.3639e-05 4.82701e-06 1.11361e-07 6.69136e-10 8.20927e-13 1.73878e-16 5.70786e-21
 2.37943e-41 3.30249e-33 5.54062e-26 1.12363e-19 2.75444e-14 8.1619e-10 2.92346e-06 0.00126576 0.0662447 0.419083 0.320862 0.0454972 0.079175 0.0488598 0.0114044 0.00568935 0.00159561 0.000292981 2.53661e-05 1.30534e-06 2.40733e-08 1.105e-10 1.00413e-13 1.54723e-17 3.6543e-22
 1.35409e-41 1.87939e-33 3.15306e-26 6.39435e-20 1.5675e-14 4.64479e-10 1.66369e-06 0.000720319 0.0376986 0.238497 0.183917 0.0755858 0.270964 0.15445 0.0263506 0.00962758 0.00181507 0.000338733 3.26899e-05 1.16736e-06 1.51284e-08 5.20335e-11 3.49478e-14 3.90958e-18 6.63227e-23
 2.24025e-41 3.10931e-33 5.21652e-26 1.0579e-19 2.59332e-14 7.68447e-10 2.75245e-06 0.00119172 0.0623697 0.39457 0.302303 0.0481579 0.0870491 0.0526569 0.0338602 0.0155573 0.0020247 0.000237087 1.86254e-05 6.44863e-07 6.15779e-09 1.42076e-11 6.74377e-15 5.43478e-19 6.61644e-24
 2.02221e-41 2.80669e-33 4.70881e-26 9.54936e-20 2.34091e-14 6.93656e-10 2.48456e-06 0.00107573 0.0562994 0.35617 0.273534 0.0633853 0.150976 0.0747924 0.0146643 0.00654249 0.00226118 0.000282789 1.32745e-05 3.25742e-07 2.61633e-09 4.5536e-12 1.46073e-15 7.9682e-20 6.76138e-25
 2.06474e-41 2.86572e-33 4.80783e-26 9.75019e-20 2.39014e-14 7.08244e-10 2.53681e-06 0.00109835 0.0574834 0.363661 0.279355 0.063691 0.138462 0.066694 0.0211571 0.00712546 0.00106777 0.000189725 1.25766e-05 2.12721e-07 1.09812e-09 1.43194e-12 3.463e-16 1.33144e-20 7.6459e-26
 2.01724e-41 2.7998e-33 4.69724e-26 9.52591e-20 2.33516e-14 6.91952e-10 2.47846e-06 0.00107309 0.0561611 0.355298 0.273304 0.0695871 0.149035 0.0668019 0.0205136 0.00688895 0.00120489 0.000122892 7.32378e-06 1.50962e-07 6.29026e-10 5.25983e-13 8.63161e-17 2.4029e-21 1.00043e-26
 2.13983e-41 2.96994e-33 4.98269e-26 1.01048e-19 2.47707e-14 7.34002e-10 2.62908e-06 0.0011383 0.059574 0.376889 0.289829 0.0677753 0.126608 0.0538059 0.0178993 0.0054718 0.000910546 9.18814e-05 3.89528e-06 6.16068e-08 2.54628e-10 1.85988e-13 2.15204e-17 3.9288e-22 1.10424e-27
 2.09642e-41 2.9097e-33 4.88162e-26 9.89983e-20 2.42683e-14 7.19113e-10 2.57575e-06 0.00111521 0.0583656 0.369248 0.284473 0.0751118 0.138052 0.0535014 0.0151596 0.00422129 0.000685219 6.22405e-05 2.3432e-06 2.74828e-08 8.17109e-11 4.9849e-14 4.97455e-18 7.16248e-23 1.43091e-28
 2.04804e-41 2.84254e-33 4.76895e-26 9.67134e-20 2.37081e-14 7.02516e-10 2.5163e-06 0.00108947 0.0570185 0.36073 0.278503 0.0818628 0.145236 0.0540116 0.0168628 0.00408434 0.000551989 4.46689e-05 1.45866e-06 1.40409e-08 3.10511e-11 1.32979e-14 9.79675e-19 1.11269e-23 1.78274e-29
 1.92373e-41 2.67001e-33 4.4795e-26 9.08434e-20 2.22692e-14 6.59877e-10 2.36357e-06 0.00102334 0.0535578 0.338844 0.262732 0.0940844 0.165079 0.0593616 0.0200242 0.00465022 0.000601447 3.93545e-05 1.04396e-06 8.18382e-09 1.41686e-11 4.50797e-15 2.35096e-19 1.86891e-24 2.15006e-30
 1.75199e-41 2.43164e-33 4.07958e-26 8.27331e-20 2.0281e-14 6.00964e-10 2.15256e-06 0.000931982 0.0487763 0.308606 0.240976 0.10985 0.189342 0.0685234 0.0262757 0.00591289 0.000757308 4.4715e-05 9.48319e-07 5.66436e-09 7.52296e-12 1.81544e-15 7.01318e-20 4.02134e-25 3.26287e-31
 1.9674e-41 2.73062e-33 4.58118e-26 9.29053e-20 2.27746e-14 6.74854e-10 2.41722e-06 0.00104657 0.0547734 0.346546 0.269568 0.0977926 0.14443 0.055149 0.0243166 0.00559977 0.000733678 4.04163e-05 7.37606e-07 3.43267e-09 3.36218e-12 5.95314e-16 1.69398e-20 7.12733e-26 4.20354e-32
 1.92146e-41 2.66686e-33 4.47422e-26 9.07362e-20 2.22429e-14 6.59098e-10 2.36078e-06 0.00102214 0.0534946 0.338472 0.264849 0.111719 0.156643 0.0508132 0.0179945 0.00435829 0.000599836 3.20552e-05 5.20205e-07 1.98955e-09 1.49426e-12 1.93453e-16 3.95091e-21 1.19256e-26 5.06568e-33
 1.89822e-41 2.6346e-33 4.42009e-26 8.96385e-20 2.19738e-14 6.51124e-10 2.33222e-06 0.00100977 0.0528475 0.334394 0.262922 0.119056 0.155562 0.0518014 0.0184136 0.00353342 0.000434341 2.28773e-05 3.39405e-07 1.09993e-09 6.5871e-13 6.4948e-17 9.75707e-22 2.1175e-27 6.39511e-34
 1.92361e-41 2.66984e-33 4.47921e-26 9.08374e-20 2.22677e-14 6.59833e-10 2.36342e-06 0.00102328 0.0535544 0.338883 0.267393 0.122876 0.147153 0.0486206 0.0169958 0.00316123 0.000323657 1.39524e-05 1.83357e-07 5.12068e-10 2.50543e-13 1.93546e-17 2.20818e-22 3.55461e-28 7.81898e-35
 1.99914e-41 2.77467e-33 4.65509e-26 9.44042e-20 2.31421e-14 6.85742e-10 2.45622e-06 0.00106346 0.0556573 0.352204 0.278301 0.122308 0.132024 0.0420319 0.0137393 0.00243214 0.000227565 7.99448e-06 8.15711e-08 1.84052e-10 7.33025e-14 4.50385e-18 3.98043e-23 4.85815e-29 7.96839e-36
 1.99586e-41 2.77012e-33 4.64745e-26 9.42493e-20 2.31041e-14 6.84617e-10 2.45219e-06 0.00106171 0.055566 0.351659 0.279651 0.130335 0.129886 0.0385701 0.0112953 0.00181695 0.000151871 4.5595e-06 3.6464e-08 6.15673e-11 1.85415e-14 8.77176e-19 5.98353e-24 5.58743e-30 6.92772e-37
 2.04181e-41 2.8339e-33 4.75445e-26 9.64193e-20 2.36361e-14 7.00379e-10 2.50864e-06 0.00108616 0.0568454 0.359783 0.287013 0.131034 0.11882 0.0346882 0.00933388 0.00129872 9.20877e-05 2.3073e-06 1.48069e-08 1.90507e-11 4.21357e-15 1.45147e-19 7.2712e-25 5.0399e-31 4.6649e-38
 1.97847e-41 2.74599e-33 4.60697e-26 9.34283e-20 2.29029e-14 6.78654e-10 2.43083e-06 0.00105246 0.0550822 0.348696 0.281734 0.145783 0.124044 0.0341623 0.00833847 0.00104295 6.12244e-05 1.21992e-06 6.13302e-09 6.0581e-12 1.00267e-15 2.5246e-20 9.10884e-26 4.52626e-32 3.0112e-39
 2.0232e-41 2.80807e-33 4.71113e-26 9.55407e-20 2.34207e-14 6.93997e-10 2.48579e-06 0.00107626 0.0563277 0.356621 0.289056 0.143899 0.112368 0.0323294 0.00746087 0.000817708 4.02276e-05 6.31743e-07 2.40374e-09 1.77741e-12 2.18859e-16 4.06313e-21 1.06937e-26 3.83653e-33 1.82802e-40
 1.99501e-41 2.76895e-33 4.64548e-26 9.42095e-20 2.30943e-14 6.84328e-10 2.45115e-06 0.00106126 0.0555431 0.351751 0.288661 0.153915 0.111516 0.0303111 0.00653553 0.000674487 2.79422e-05 3.46205e-07 9.95413e-10 5.40797e-13 4.84411e-17 6.53213e-22 1.24787e-27 3.24267e-34 1.11529e-41
 1.94098e-41 2.69395e-33 4.51966e-26 9.16577e-20 2.24688e-14 6.65792e-10 2.38476e-06 0.00103252 0.0540392 0.342367 0.285774 0.166271 0.113388 0.0305641 0.0059922 0.000549782 1.98014e-05 1.98169e-07 4.32465e-10 1.72973e-13 1.12113e-17 1.08408e-22 1.4807e-28 2.75174e-35 6.77578e-43
 1.86513e-41 2.58867e-33 4.34304e-26 8.80759e-20 2.15908e-14 6.39774e-10 2.29157e-06 0.00099217 0.0519281 0.329191 0.281043 0.180469 0.117333 0.0325291 0.00600617 0.00049126 1.48172e-05 1.20354e-07 2.04255e-10 6.0937e-14 2.87353e-18 1.99623e-23 1.94536e-29 2.56933e-36 4.48828e-44
 1.88354e-41 2.61423e-33 4.38592e-26 8.89455e-20 2.1804e-14 6.46091e-10 2.31419e-06 0.00100197 0.0524407 0.332406 0.282302 0.174718 0.115983 0.0342513 0.00637423 0.000505432 1.37663e-05 9.65577e-08 1.38871e-10 3.46274e-14 1.34177e-18 7.54372e-24 5.89001e-30 6.19798e-37 8.60106e-45
#spawning biomass
 7326.24 7716.64 9396.24 10983.3 18948.5 30682.7 29288.4 32604.8 42793 56708.3 69636.7 90793.4 112573 132391 135715 117237 114574 113015 103360 102583 104386 110712 117035 127200 125976 133055 132032 123673 159174 292730 263988 144949 75062.7 41414.2 26975.5 21222.6 19043.6 18247.4 17964 17865 17830.9 17819.4 17815.4 17814.1 17813.7 17813.6 17813.5 17813.5 17813.5 17813.5 17813.5 17813.5 17813.5 17813.5 17813.5 17813.5 17813.5 17813.5 17813.5 17813.5 17813.5 17813.5 17813.5 17813.5 17813.5 17813.5 17813.5 17813.5 17813.5 17813.5 17813.5 17813.5 17813.5 17813.5 17813.5 17813.5 17813.5 17813.5 17813.5 17813.5 17813.5 17813.5 17813.5 17813.5 17813.5 17813.5 17813.5 17813.5 17813.5 17813.5 17813.5 17813.5 17813.5 17813.5 17813.5 17813.5 17813.5 17813.5 17813.5 17813.5 17813.5 17813.5 17813.5 17813.5 17813.5 17813.5 17813.5 17813.5 17813.5 17813.5 17813.5 17813.5 17813.5 17813.5 17813.5 17813.5 17813.5 17813.5 17813.5 17813.5 17813.5 17813.5 17813.5 17813.5 17813.5 17813.5 17813.5 17813.5 17813.5 0 0 0 0 0 0 0 0 0 0 0 0 0 0 0 0 0 0 0 0 0 0 0 0 0
