SBPRF35
0.819782
Curr Bio
135598
B35
701392
F35
0.211423
FOFL
0.100065
OFL
27009.7
Bzero
234224
#pred survey bio
 8583.17 7418.79 8997.44 12036.1 15699.1 17653.2 16601.7 22503.1 35598.8 50114.7 61262.9 80639 105032 131683 132191 116069 104403 101843 103609 99894 104243 105616 115611 126531 134145 129055 127341 130819 147152 1.24258e+07 1.02535e+07 1.07974e+07 1.00251e+07 8.71085e+06 7.30407e+06 6.03225e+06 4.98112e+06 4.15849e+06 3.53689e+06 3.07779e+06 2.74359e+06 2.5023e+06 2.32817e+06 2.20116e+06 2.1085e+06 2.04265e+06 1.99535e+06 1.96098e+06 1.93574e+06 1.91698e+06 1.90288e+06 1.89218e+06 1.88396e+06 1.8776e+06 1.87264e+06 1.86873e+06 1.86564e+06 1.86317e+06 1.8612e+06 1.85962e+06 1.85835e+06 1.85732e+06 1.85648e+06 1.8558e+06 1.85525e+06 1.8548e+06 1.85444e+06 1.85414e+06 1.8539e+06 1.8537e+06 1.85354e+06 1.8534e+06 1.8533e+06 1.85321e+06 1.85313e+06 1.85307e+06 1.85303e+06 1.85299e+06 1.85295e+06 1.85293e+06 1.85291e+06 1.85289e+06 1.85287e+06 1.85286e+06 1.85285e+06 1.85284e+06 1.85284e+06 1.85283e+06 1.85283e+06 1.85282e+06 1.85282e+06 1.85282e+06 1.85282e+06 1.85281e+06 1.85281e+06 1.85281e+06 1.85281e+06 1.85281e+06 1.85281e+06 1.85281e+06 1.85281e+06 1.85281e+06 1.85281e+06 1.85281e+06 1.85281e+06 1.85281e+06 1.85281e+06 1.85281e+06 1.85281e+06 1.85281e+06 1.85281e+06 1.85281e+06 1.85281e+06 1.85281e+06 1.85281e+06 1.85281e+06 1.85281e+06 1.85281e+06 1.85281e+06 1.85281e+06 1.85281e+06 1.85281e+06 1.85281e+06 1.85281e+06 1.85281e+06 1.85281e+06 1.85281e+06 1.85281e+06 1.85281e+06 0 0 0 0 0 0 0 0 0 0 0 0 0 0 0 0 0 0 0 0 0 0 0 0 0
#obs survey bio
 7793.8 9809.86 13440.8 11958.1 12537.4 14089.5 21665.7 18489.3 40798.1 52122.9 75786.8 70791.9 145809 133635 91414.3 131121 123852 123068 128200 106662 136846 115320 108951 135309 178825 116348 121043 145501 111371
#pred catch bio
 6122.55 5170.75 6165.84 8364.88 11046.3 13741.2 11973.9 15210.7 24688.3 37521.8 45690.2 60800.3 76682.1 100973 106605 95499.2 84413.9 80883.5 85093.8 81119.6 85864.1 85084.8 94335.3 104883 114460 109348 106721 109526 7793.66 27009.7 83434.1 87839.5 80557.1 68999 56886.2 46093 37302.4 30538.4 25530.6 21923 19375.3 17602.1 16378.8 15536.1 14961.3 14580.3 14327.8 14160.5 14049.6 13976.1 13927.5 13895.2 13873.8 13859.6 13850.2 13844 13839.9 13837.1 13835.3 13834.1 13833.3 13832.8 13832.5 13832.2 13832.1 13832 13831.9 13831.9 13831.8 13831.8 13831.8 13831.8 13831.8 13831.8 13831.8 13831.8 13831.8 13831.8 13831.8 13831.8 13831.8 13831.8 13831.8 13831.8 13831.8 13831.8 13831.8 13831.8 13831.8 13831.8 13831.8 13831.8 13831.8 13831.8 13831.8 13831.8 13831.8 13831.8 13831.8 13831.8 13831.8 13831.8 13831.8 13831.8 13831.8 13831.8 13831.8 13831.8 13831.8 13831.8 13831.8 13831.8 13831.8 13831.8 13831.8 13831.8 13831.8 13831.8 13831.8 13831.8 13831.8 13831.8 13831.8 13831.8 13831.8 13831.8 13831.8 13831.8 13831.8 0 0 0 0 0 0 0 0 0 0 0 0 0 0 0 0 0 0 0 0 0 0 0 0 0
#obs catch bio
 5082.06 5109.11 5914.11 7951.52 10775.8 13859.4 11829.6 14622.8 23511.5 36412.5 44233.4 59746 73406.4 95881.1 108265 95686 82782.6 77816.4 82684.1 79059.9 82969.6 81052.8 91231.6 100594 108681 105821 104080 107684 7585.9
#pred cpue bio
 7359.88 5872.74 6890.81 9186 12016.3 14078.3 12821.9 16596.5 26388.4 37964 46007.8 59595.1 77874.6 100605 103609 89934.9 79351.9 77465 78895.7 75180 77794.2 78931.4 85896.6 93328.2 98960 95517.9 94011.9 96481.7 105907 1.08686e+07 1.0122e+07 1.07628e+07 9.97461e+06 8.65607e+06 7.24862e+06 5.97671e+06 4.92557e+06 4.10294e+06 3.48133e+06 3.02223e+06 2.68803e+06 2.44674e+06 2.27262e+06 2.14561e+06 2.05295e+06 1.9871e+06 1.93979e+06 1.90543e+06 1.88019e+06 1.86143e+06 1.84733e+06 1.83662e+06 1.82841e+06 1.82205e+06 1.81708e+06 1.81318e+06 1.81008e+06 1.80762e+06 1.80565e+06 1.80407e+06 1.80279e+06 1.80176e+06 1.80093e+06 1.80025e+06 1.7997e+06 1.79925e+06 1.79889e+06 1.79859e+06 1.79834e+06 1.79815e+06 1.79798e+06 1.79785e+06 1.79774e+06 1.79765e+06 1.79758e+06 1.79752e+06 1.79747e+06 1.79743e+06 1.7974e+06 1.79737e+06 1.79735e+06 1.79733e+06 1.79732e+06 1.79731e+06 1.7973e+06 1.79729e+06 1.79728e+06 1.79728e+06 1.79727e+06 1.79727e+06 1.79727e+06 1.79726e+06 1.79726e+06 1.79726e+06 1.79726e+06 1.79726e+06 1.79726e+06 1.79726e+06 1.79726e+06 1.79726e+06 1.79726e+06 1.79725e+06 1.79725e+06 1.79725e+06 1.79725e+06 1.79725e+06 1.79725e+06 1.79725e+06 1.79725e+06 1.79725e+06 1.79725e+06 1.79725e+06 1.79725e+06 1.79725e+06 1.79725e+06 1.79725e+06 1.79725e+06 1.79725e+06 1.79725e+06 1.79725e+06 1.79725e+06 1.79725e+06 1.79725e+06 1.79725e+06 1.79725e+06 1.79725e+06 1.79725e+06 1.79725e+06 1.79725e+06 0 0 0 0 0 0 0 0 0 0 0 0 0 0 0 0 0 0 0 0 0 0 0 0 0
#obs cpue bio
 5936.86 6346.05 10741.1 20866.2 16640.7 13158.2 15407.7 40603.3 53737.6 46352.7 69098.5 75080.8 139898 204982 82906.5 92963.6 95985.7 126494 95365 104624 107426 163079 141932 177519 173905 157206 144570 147146 166796
#pred surv len freq
 2.56625e-27 2.59669e-27 4.05652e-26 8.01765e-20 1.96543e-14 5.82392e-10 2.08603e-06 0.000903172 0.0472688 0.299035 0.228925 0.0369414 0.120349 0.111259 0.0294894 0.0396714 0.018556 0.0163523 0.0110877 0.00915312 0.00769315 0.0070408 0.00741579 0.00676934 0.0020872
 2.56842e-27 2.60221e-27 4.49286e-26 8.93795e-20 2.19103e-14 6.49242e-10 2.32547e-06 0.00100684 0.0526944 0.33336 0.255188 0.0402863 0.127355 0.117303 0.0232813 0.0236956 0.00915213 0.00569978 0.00314186 0.00217743 0.00158946 0.00129237 0.00123685 0.00114799 0.000390006
 2.56925e-27 2.60439e-27 4.67668e-26 9.32568e-20 2.28608e-14 6.77406e-10 2.42635e-06 0.00105052 0.0549804 0.347821 0.266235 0.0405687 0.121744 0.11208 0.021635 0.0211735 0.00712038 0.00289317 0.00116626 0.000575886 0.000326692 0.000221262 0.000183785 0.000164555 5.83648e-05
 2.56926e-27 2.60442e-27 4.67564e-26 9.32348e-20 2.28554e-14 6.77246e-10 2.42578e-06 0.00105027 0.0549674 0.347739 0.266176 0.0408334 0.1238 0.113938 0.0212702 0.0198655 0.00659614 0.00251703 0.000799201 0.000250002 9.05371e-05 4.3886e-05 2.89989e-05 2.34846e-05 8.36081e-06
 2.56913e-27 2.60405e-27 4.64289e-26 9.25439e-20 2.2686e-14 6.72228e-10 2.40781e-06 0.00104249 0.0545601 0.345162 0.264211 0.0409734 0.126245 0.116192 0.0216178 0.0200849 0.00657013 0.00235131 0.000724064 0.000196507 4.43411e-05 1.20919e-05 5.20369e-06 3.43302e-06 1.17828e-06
 2.56742e-27 2.59942e-27 4.23366e-26 8.39108e-20 2.05697e-14 6.09518e-10 2.18319e-06 0.000945238 0.0494704 0.312963 0.239643 0.0421166 0.152207 0.140166 0.0261596 0.0244141 0.00797199 0.00282546 0.000846658 0.000216135 4.33844e-05 7.32998e-06 1.50743e-06 6.41653e-07 1.99362e-07
 2.56882e-27 2.60324e-27 4.57405e-26 9.10919e-20 2.23301e-14 6.6168e-10 2.37003e-06 0.00102613 0.053704 0.339746 0.260075 0.0409219 0.12876 0.118573 0.023132 0.0229418 0.00747833 0.00261952 0.0007809 0.000195835 3.7181e-05 5.4642e-06 6.17155e-07 1.10742e-07 2.65925e-08
 2.57046e-27 2.60766e-27 4.96148e-26 9.92649e-20 2.43336e-14 7.21048e-10 2.58267e-06 0.0011182 0.0585225 0.370229 0.283337 0.0400506 0.105786 0.0973044 0.0181321 0.0168913 0.00562264 0.00216084 0.000647244 0.000160664 3.00689e-05 4.19785e-06 3.85529e-07 2.86776e-08 3.49527e-09
 2.57022e-27 2.60695e-27 4.89525e-26 9.78675e-20 2.3991e-14 7.10898e-10 2.54632e-06 0.00110246 0.0576987 0.365017 0.279366 0.0405972 0.112735 0.103641 0.0178863 0.0147249 0.00480639 0.00171839 0.000531092 0.000141895 2.65524e-05 3.64755e-06 3.14861e-07 1.59458e-08 7.01989e-10
 2.56945e-27 2.60486e-27 4.71003e-26 9.396e-20 2.30332e-14 6.82514e-10 2.44465e-06 0.00105844 0.0553949 0.350444 0.268246 0.0411258 0.12457 0.114576 0.0200572 0.0169155 0.00534733 0.00163107 0.000480511 0.000122679 2.43898e-05 3.45581e-06 2.93091e-07 1.3368e-08 3.12388e-10
 2.56976e-27 2.60572e-27 4.78665e-26 9.55765e-20 2.34294e-14 6.94256e-10 2.48671e-06 0.00107665 0.0563479 0.356472 0.272846 0.0408807 0.119474 0.109877 0.0192965 0.0163642 0.00519025 0.00160532 0.000446763 9.89946e-05 1.84939e-05 2.67688e-06 2.37064e-07 1.05977e-08 2.04763e-10
 2.5703e-27 2.60718e-27 4.91439e-26 9.82712e-20 2.409e-14 7.1383e-10 2.55682e-06 0.001107 0.0579366 0.366523 0.280516 0.0405851 0.111835 0.102808 0.0176867 0.0144705 0.00459301 0.00143081 0.000400637 8.80942e-05 1.46484e-05 1.91125e-06 1.68972e-07 7.83665e-09 1.46637e-10
 2.57015e-27 2.60675e-27 4.87396e-26 9.74183e-20 2.38809e-14 7.07634e-10 2.53463e-06 0.0010974 0.0574338 0.363342 0.278092 0.0409063 0.115982 0.10659 0.0175468 0.0131954 0.0041453 0.00123202 0.000343842 7.61587e-05 1.26542e-05 1.52054e-06 1.192e-07 5.43364e-09 1.04189e-10
 2.5691e-27 2.60389e-27 4.62276e-26 9.21191e-20 2.25819e-14 6.69142e-10 2.39675e-06 0.0010377 0.0543096 0.343577 0.26301 0.0415244 0.131283 0.120744 0.0206749 0.0167642 0.00518974 0.00140522 0.000381352 8.12948e-05 1.35076e-05 1.62231e-06 1.18622e-07 4.82283e-09 8.99737e-11
 2.56811e-27 2.60122e-27 4.3888e-26 8.71836e-20 2.1372e-14 6.33291e-10 2.26834e-06 0.000982105 0.0513998 0.325169 0.248962 0.0420346 0.145035 0.133475 0.0236625 0.0203808 0.00640387 0.00187716 0.000499745 9.7964e-05 1.55947e-05 1.83881e-06 1.33758e-07 5.0882e-09 8.56821e-11
 2.5686e-27 2.60258e-27 4.51047e-26 8.97503e-20 2.20012e-14 6.51935e-10 2.33512e-06 0.00101102 0.052913 0.334742 0.256264 0.0415671 0.136347 0.125478 0.0226194 0.0200197 0.00636685 0.00198889 0.000547097 0.000113563 1.7133e-05 1.88682e-06 1.33221e-07 4.99441e-09 7.88206e-11
 2.5693e-27 2.60445e-27 4.67178e-26 9.31532e-20 2.28354e-14 6.76654e-10 2.42366e-06 0.00104935 0.0549193 0.347435 0.265953 0.0413755 0.128082 0.117783 0.0200231 0.0160328 0.00511757 0.00164375 0.000463321 0.000102178 1.62605e-05 1.77935e-06 1.16725e-07 4.20567e-09 6.48167e-11
 2.56924e-27 2.60428e-27 4.65539e-26 9.28074e-20 2.27506e-14 6.74141e-10 2.41466e-06 0.00104546 0.0547154 0.346145 0.26497 0.04155 0.1301 0.119622 0.0199133 0.0153115 0.00477666 0.00136295 0.000382421 8.68943e-05 1.45316e-05 1.69042e-06 1.12292e-07 3.80067e-09 5.5936e-11
 2.56922e-27 2.60422e-27 4.65171e-26 9.27298e-20 2.27316e-14 6.73578e-10 2.41264e-06 0.00104458 0.0546697 0.345855 0.264748 0.0414551 0.129534 0.119126 0.0203115 0.0163429 0.00506587 0.00138261 0.000370529 7.65246e-05 1.29166e-05 1.57431e-06 1.11444e-07 3.84245e-09 5.37895e-11
 2.56963e-27 2.60531e-27 4.7465e-26 9.47294e-20 2.32218e-14 6.88102e-10 2.46467e-06 0.00106711 0.0558485 0.353313 0.27044 0.0413103 0.124433 0.114385 0.0188591 0.0142249 0.00443771 0.00126526 0.000336395 6.60445e-05 1.02555e-05 1.20317e-06 8.88379e-08 3.25488e-09 4.64943e-11
 2.56991e-27 2.60608e-27 4.81426e-26 9.61588e-20 2.35722e-14 6.98486e-10 2.50186e-06 0.00108321 0.0566913 0.358644 0.274509 0.0411572 0.120409 0.110663 0.0180339 0.013276 0.00408911 0.0010837 0.000289253 5.86669e-05 8.83898e-06 9.59342e-07 6.68739e-08 2.52574e-09 3.81369e-11
 2.56984e-27 2.60586e-27 4.7927e-26 9.57039e-20 2.34607e-14 6.95181e-10 2.49002e-06 0.00107808 0.0564231 0.356948 0.273216 0.0413611 0.122869 0.1129 0.0178569 0.0123072 0.00376655 0.00096502 0.000250596 4.79655e-05 7.34386e-06 7.93211e-07 5.14476e-08 1.83001e-09 2.81677e-11
 2.57006e-27 2.60648e-27 4.84924e-26 9.68967e-20 2.3753e-14 7.03845e-10 2.52106e-06 0.00109152 0.0571263 0.361396 0.276609 0.041065 0.118233 0.108654 0.0176813 0.0129734 0.00393546 0.000941791 0.000239734 4.42803e-05 6.4526e-06 6.8331e-07 4.42965e-08 1.48041e-09 2.15322e-11
 2.57029e-27 2.60709e-27 4.90204e-26 9.80106e-20 2.40261e-14 7.11937e-10 2.55004e-06 0.00110407 0.057783 0.365551 0.27978 0.0410053 0.11555 0.106153 0.0167873 0.0115658 0.00353911 0.000904627 0.000228232 3.9638e-05 5.57901e-06 5.6278e-07 3.52398e-08 1.16605e-09 1.6078e-11
 2.57026e-27 2.607e-27 4.89283e-26 9.78161e-20 2.39784e-14 7.10524e-10 2.54498e-06 0.00110188 0.0576683 0.364826 0.279228 0.0411454 0.117003 0.10747 0.0165699 0.0107359 0.0032442 0.000768713 0.000195243 3.56642e-05 4.85556e-06 4.63906e-07 2.76281e-08 8.78725e-10 1.18792e-11
 2.57013e-27 2.60663e-27 4.85869e-26 9.70959e-20 2.38019e-14 7.05292e-10 2.52624e-06 0.00109376 0.0572437 0.362139 0.277181 0.0413572 0.120054 0.11026 0.0166233 0.0101528 0.0030324 0.000664626 0.00016314 2.8054e-05 3.91715e-06 3.76419e-07 2.11965e-08 6.3823e-10 8.27689e-12
 2.57023e-27 2.6069e-27 4.88325e-26 9.76141e-20 2.39289e-14 7.09057e-10 2.53972e-06 0.0010996 0.0575493 0.364072 0.278654 0.0412141 0.11793 0.108318 0.0166004 0.0105882 0.00314164 0.000647651 0.000154148 2.46184e-05 3.24903e-06 3.06754e-07 1.75072e-08 5.03664e-10 6.16953e-12
 2.57026e-27 2.60701e-27 4.89296e-26 9.7819e-20 2.39791e-14 7.10545e-10 2.54505e-06 0.00110191 0.05767 0.364836 0.279237 0.0411648 0.117145 0.107598 0.0165445 0.0106433 0.00317821 0.000688291 0.000162928 2.4531e-05 3.05104e-06 2.6764e-07 1.47338e-08 4.25114e-10 5.0227e-12
 2.57105e-27 2.60916e-27 5.08401e-26 1.01849e-19 2.49671e-14 7.39821e-10 2.64992e-06 0.00114731 0.0600462 0.379868 0.290705 0.0405311 0.104266 0.0957267 0.0146936 0.00941088 0.00281333 0.000615342 0.000147638 2.3114e-05 2.79578e-06 2.29032e-07 1.16574e-08 3.20951e-10 3.75939e-12
#obs surv len freq
 1.64547e-41 2.2838e-33 3.83155e-26 7.77031e-20 1.9048e-14 5.64427e-10 2.02169e-06 0.00087532 0.0458108 0.289812 0.222039 0.0442814 0.164035 0.139397 0.0429477 0.03475 0.0112881 0.0038327 0.000818153 0.000104866 5.87638e-06 1.0416e-07 4.3305e-10 3.39278e-13 4.34161e-17
 1.90428e-41 2.64301e-33 4.4342e-26 8.99246e-20 2.2044e-14 6.53203e-10 2.33967e-06 0.00101299 0.0530161 0.335395 0.256858 0.0440749 0.132467 0.106544 0.0337007 0.0256608 0.0081065 0.00258996 0.0005108 5.75222e-05 2.67648e-06 3.7161e-08 1.15883e-10 6.6245e-14 6.08132e-18
 1.9303e-41 2.67913e-33 4.4948e-26 9.11535e-20 2.23452e-14 6.6213e-10 2.37164e-06 0.00102684 0.0537406 0.339979 0.26044 0.0470639 0.140744 0.105897 0.0268534 0.0171288 0.00524388 0.00156645 0.00028387 2.79252e-05 1.0717e-06 1.16187e-08 2.71556e-11 1.13327e-14 7.47654e-19
 1.96825e-41 2.7318e-33 4.58316e-26 9.29456e-20 2.27845e-14 6.75147e-10 2.41827e-06 0.00104703 0.0547971 0.346663 0.265608 0.0487298 0.138678 0.0982815 0.0260811 0.0153738 0.00366931 0.000906883 0.000148964 1.26963e-05 3.99269e-07 3.36678e-09 5.89356e-12 1.79752e-15 8.53632e-20
 1.76744e-41 2.45309e-33 4.11557e-26 8.3463e-20 2.046e-14 6.06266e-10 2.17155e-06 0.000940205 0.0492066 0.311296 0.238795 0.0549021 0.175757 0.116885 0.030758 0.0167041 0.00385659 0.000791757 9.7939e-05 6.89034e-06 1.75814e-07 1.14816e-09 1.50339e-12 3.35353e-16 1.14842e-20
 1.45509e-41 2.01957e-33 3.38825e-26 6.87131e-20 1.68442e-14 4.99124e-10 1.78778e-06 0.000774048 0.0405106 0.256284 0.197062 0.0625472 0.22097 0.140056 0.0485786 0.0263435 0.00569954 0.00105887 0.000107689 5.49238e-06 1.05884e-07 5.28263e-10 5.16092e-13 8.42018e-17 2.08181e-21
 2.09014e-41 2.90098e-33 4.86699e-26 9.87016e-20 2.41955e-14 7.16958e-10 2.56803e-06 0.00111187 0.0581907 0.368132 0.282149 0.0502972 0.112357 0.0690412 0.0341 0.018827 0.0048353 0.000876071 7.70701e-05 3.04393e-06 4.1129e-08 1.45896e-10 1.03952e-13 1.2352e-17 2.20494e-22
 1.98348e-41 2.75294e-33 4.61862e-26 9.36647e-20 2.29608e-14 6.8037e-10 2.43698e-06 0.00105513 0.0552211 0.349347 0.268153 0.0602604 0.152168 0.0819745 0.0193097 0.00893339 0.00293607 0.000585079 5.19122e-05 1.70396e-06 1.69781e-08 4.13192e-11 2.01804e-14 1.68507e-18 2.1435e-23
 2.01125e-41 2.79149e-33 4.6833e-26 9.49763e-20 2.32823e-14 6.89898e-10 2.4711e-06 0.0010699 0.0559944 0.35424 0.272017 0.0618938 0.14573 0.0749237 0.0232845 0.00894477 0.00156931 0.000299723 2.93702e-05 9.17257e-07 7.39485e-09 1.30157e-11 4.34899e-15 2.45194e-19 2.1313e-24
 1.73247e-41 2.40455e-33 4.03413e-26 8.18113e-20 2.00551e-14 5.94269e-10 2.12857e-06 0.000921599 0.0482328 0.305141 0.235154 0.0760973 0.198562 0.0949984 0.028379 0.010335 0.00192455 0.000234847 1.7199e-05 5.25769e-07 3.81222e-09 5.34421e-12 1.30181e-15 5.09303e-20 3.00656e-25
 2.02624e-41 2.81229e-33 4.71819e-26 9.5684e-20 2.34558e-14 6.95039e-10 2.48952e-06 0.00107787 0.0564116 0.356882 0.274403 0.0665791 0.138775 0.0657926 0.0283657 0.00981641 0.00169191 0.000191778 9.97513e-06 2.11508e-07 1.30305e-09 1.55581e-12 3.00853e-16 8.77124e-21 3.69328e-26
 1.84911e-41 2.56644e-33 4.30573e-26 8.73194e-20 2.14053e-14 6.34279e-10 2.27189e-06 0.000983647 0.0514802 0.325689 0.251368 0.0817711 0.180586 0.0755466 0.0229526 0.00780188 0.00163947 0.000171415 7.56151e-06 1.14057e-07 4.72748e-10 4.27055e-13 6.6067e-17 1.51763e-21 4.8614e-27
 1.92303e-41 2.66903e-33 4.47786e-26 9.08101e-20 2.2261e-14 6.59635e-10 2.36271e-06 0.00102297 0.0535382 0.33871 0.261465 0.0809809 0.160916 0.0672914 0.0270601 0.00763396 0.00123925 0.000134662 5.63022e-06 6.79924e-08 1.99542e-10 1.20117e-13 1.29303e-17 2.19771e-22 5.3576e-28
 1.6222e-41 2.25151e-33 3.77737e-26 7.66044e-20 1.87787e-14 5.56446e-10 1.9931e-06 0.000862943 0.045163 0.285736 0.222462 0.10436 0.216888 0.0836447 0.0305176 0.00874728 0.00148569 0.000125543 4.62741e-06 4.98714e-08 1.15255e-10 4.96512e-14 3.61809e-18 4.12843e-23 6.94017e-29
 1.48259e-41 2.05774e-33 3.45229e-26 7.00117e-20 1.71626e-14 5.08558e-10 1.82157e-06 0.000788678 0.0412763 0.261156 0.204594 0.113259 0.224188 0.0939833 0.0466405 0.0120641 0.00189035 0.00015365 4.57569e-06 3.93688e-08 7.51387e-11 2.53836e-14 1.35718e-18 1.08375e-23 1.24096e-29
 1.71986e-41 2.38705e-33 4.00478e-26 8.12161e-20 1.99092e-14 5.89945e-10 2.11309e-06 0.000914894 0.0478819 0.302946 0.236284 0.103044 0.176872 0.0762088 0.0413161 0.0122772 0.00209756 0.000150417 3.90762e-06 2.67551e-08 3.87241e-11 1.00932e-14 4.15925e-19 2.49058e-24 2.06997e-30
 1.68498e-41 2.33865e-33 3.92356e-26 7.95691e-20 1.95054e-14 5.77981e-10 2.07024e-06 0.000896341 0.0469109 0.296817 0.233057 0.118644 0.191901 0.0701828 0.0304408 0.00927558 0.00173943 0.000130156 2.95507e-06 1.64554e-08 1.84594e-11 3.5742e-15 1.08566e-19 4.83241e-25 2.99295e-31
 1.696e-41 2.35394e-33 3.94923e-26 8.00895e-20 1.9633e-14 5.81762e-10 2.08378e-06 0.000902203 0.0472178 0.298771 0.235518 0.123949 0.184862 0.0698356 0.0303409 0.00728759 0.00121844 9.26601e-05 2.01801e-06 9.54903e-09 8.41189e-12 1.23546e-15 2.77501e-20 8.9763e-26 4.01896e-32
 1.65619e-41 2.29869e-33 3.85653e-26 7.82096e-20 1.91722e-14 5.68106e-10 2.03486e-06 0.000881026 0.0461095 0.291781 0.231806 0.135535 0.188343 0.0690927 0.028756 0.00670678 0.000926603 5.82187e-05 1.15331e-06 4.8446e-09 3.52633e-12 4.02624e-16 6.7906e-21 1.6196e-26 5.28096e-33
 1.74681e-41 2.42446e-33 4.06753e-26 8.24888e-20 2.02212e-14 5.9919e-10 2.1462e-06 0.000929231 0.0486324 0.307757 0.244687 0.133885 0.16836 0.0634767 0.0258963 0.00563529 0.000703175 3.56705e-05 5.53993e-07 1.92235e-09 1.16276e-12 1.07044e-16 1.40314e-21 2.52394e-27 6.08295e-34
 1.71299e-41 2.37752e-33 3.98878e-26 8.08917e-20 1.98296e-14 5.87589e-10 2.10465e-06 0.000911239 0.0476908 0.301836 0.242457 0.147811 0.172425 0.0596874 0.0220071 0.00462981 0.0005201 2.2151e-05 2.65877e-07 6.92527e-10 3.21967e-13 2.32211e-17 2.38174e-22 3.30822e-28 6.05317e-35
 1.7302e-41 2.40141e-33 4.02886e-26 8.17044e-20 2.00289e-14 5.93492e-10 2.12579e-06 0.000920395 0.0481701 0.304903 0.246508 0.152794 0.164279 0.0582889 0.0200818 0.00367352 0.000365401 1.32164e-05 1.25396e-07 2.44561e-10 8.30132e-14 4.389e-18 3.34924e-23 3.4998e-29 4.83528e-36
 1.72511e-41 2.39434e-33 4.01701e-26 8.14641e-20 1.997e-14 5.91747e-10 2.11954e-06 0.000917688 0.0480285 0.304058 0.248227 0.161235 0.160169 0.05585 0.0181499 0.0030956 0.000259054 7.67304e-06 5.79707e-08 8.61378e-11 2.15299e-14 8.21649e-19 4.4952e-24 3.37761e-30 3.38069e-37
 1.74652e-41 2.42406e-33 4.06686e-26 8.24751e-20 2.02178e-14 5.99091e-10 2.14584e-06 0.000929077 0.0486247 0.307887 0.253348 0.165783 0.151857 0.0528558 0.0160139 0.00251199 0.000182817 4.34923e-06 2.53658e-08 2.86479e-11 5.33616e-15 1.48874e-19 5.87031e-25 3.15077e-31 2.24298e-38
 1.69449e-41 2.35184e-33 3.9457e-26 8.0018e-20 1.96155e-14 5.81242e-10 2.08191e-06 0.000901397 0.0471763 0.298822 0.250432 0.180493 0.154052 0.0515598 0.0143701 0.00206052 0.000129279 2.5037e-06 1.12204e-08 9.43779e-12 1.29592e-15 2.6489e-20 7.59491e-26 2.94094e-32 1.50027e-39
 1.59435e-41 2.21285e-33 3.71252e-26 7.52891e-20 1.84562e-14 5.46892e-10 1.95888e-06 0.000848127 0.0443887 0.281322 0.242057 0.197061 0.160583 0.0568569 0.0148723 0.00190495 0.000102 1.60111e-06 5.55385e-09 3.49143e-12 3.5057e-16 5.1892e-21 1.07401e-26 2.99754e-33 1.10002e-40
 1.59779e-41 2.21763e-33 3.72053e-26 7.54516e-20 1.84961e-14 5.48072e-10 1.96311e-06 0.000849958 0.044485 0.282053 0.245804 0.199372 0.153667 0.0572937 0.0146472 0.00174758 7.89567e-05 9.92652e-07 2.65763e-09 1.25406e-12 9.26472e-17 9.95052e-22 1.48117e-27 2.95925e-34 7.7593e-42
 1.64146e-41 2.27824e-33 3.82223e-26 7.7514e-20 1.90016e-14 5.63053e-10 2.01677e-06 0.000873191 0.0457015 0.289889 0.25486 0.199371 0.142773 0.0521223 0.012882 0.00146751 5.7829e-05 5.83639e-07 1.19695e-09 4.22627e-13 2.30097e-17 1.80114e-22 1.93795e-28 2.78135e-35 5.21494e-43
 1.64156e-41 2.27838e-33 3.82245e-26 7.75185e-20 1.90028e-14 5.63087e-10 2.01688e-06 0.000873242 0.0457042 0.289906 0.254882 0.199751 0.144171 0.051414 0.0120016 0.00125112 4.34551e-05 3.74521e-07 6.41002e-10 1.8606e-13 8.24928e-18 5.22656e-23 4.5331e-29 5.22939e-36 7.86479e-44
#pred catch len freq
 2.56443e-27 2.59184e-27 3.63676e-26 7.13219e-20 1.74837e-14 5.18073e-10 1.85565e-06 0.000803426 0.0420484 0.26601 0.203713 0.0372812 0.140648 0.130074 0.0342774 0.0459185 0.0214327 0.0188332 0.0127607 0.0105304 0.00884988 0.00809926 0.00853059 0.00778696 0.00240096
 2.56677e-27 2.59774e-27 4.09919e-26 8.10746e-20 1.98745e-14 5.88916e-10 2.1094e-06 0.000913289 0.0477982 0.302385 0.231551 0.0412361 0.15119 0.139317 0.0275245 0.0278524 0.0107408 0.0066665 0.00367198 0.00254376 0.00185666 0.00150959 0.00144473 0.00134094 0.000455557
 2.56765e-27 2.60006e-27 4.2944e-26 8.51923e-20 2.08839e-14 6.18827e-10 2.21653e-06 0.000959674 0.0502259 0.317743 0.243284 0.0416175 0.14585 0.134339 0.0258199 0.0251226 0.00843955 0.00341631 0.00137607 0.000679128 0.000385209 0.000260886 0.000216696 0.000194024 6.88167e-05
 2.56772e-27 2.60022e-27 4.3046e-26 8.54073e-20 2.09366e-14 6.20388e-10 2.22213e-06 0.000962096 0.0503526 0.318545 0.243901 0.0419011 0.147575 0.135884 0.0252548 0.0234349 0.00777338 0.00295501 0.000937623 0.00029312 0.000106135 5.14444e-05 3.3993e-05 2.75291e-05 9.8007e-06
 2.56761e-27 2.59992e-27 4.2776e-26 8.48379e-20 2.0797e-14 6.16252e-10 2.20731e-06 0.000955681 0.0500169 0.316421 0.242281 0.0420349 0.149731 0.137869 0.0255321 0.0235602 0.00769948 0.00274488 0.000844667 0.000229097 5.16863e-05 1.40941e-05 6.06525e-06 4.00141e-06 1.37336e-06
 2.56612e-27 2.59589e-27 3.9212e-26 7.73193e-20 1.89539e-14 5.61638e-10 2.01169e-06 0.000870986 0.0455843 0.288379 0.220885 0.0430459 0.172457 0.158852 0.0294516 0.0272217 0.00887946 0.00313435 0.00093855 0.000239441 4.80546e-05 8.1185e-06 1.66956e-06 7.10666e-07 2.20804e-07
 2.56735e-27 2.59924e-27 4.22104e-26 8.36447e-20 2.05045e-14 6.07585e-10 2.17627e-06 0.00094224 0.0493134 0.311971 0.238881 0.0419128 0.15119 0.139284 0.0270249 0.0266114 0.00866618 0.00302376 0.000900779 0.000225757 4.28547e-05 6.29761e-06 7.11273e-07 1.2763e-07 3.06478e-08
 2.569e-27 2.60369e-27 4.61107e-26 9.18726e-20 2.25215e-14 6.67351e-10 2.39034e-06 0.00103493 0.0541643 0.342658 0.2623 0.0410588 0.128238 0.118029 0.0219028 0.0202801 0.00674379 0.00258198 0.000772895 0.000191734 3.58779e-05 5.00849e-06 4.5997e-07 3.42149e-08 4.17015e-09
 2.5688e-27 2.60309e-27 4.55318e-26 9.06512e-20 2.22221e-14 6.58479e-10 2.35856e-06 0.00102117 0.0534442 0.338103 0.258831 0.0416525 0.135193 0.124356 0.0213739 0.0174681 0.00569615 0.00202867 0.000626547 0.000167297 3.13008e-05 4.29956e-06 3.71137e-07 1.87958e-08 8.27453e-10
 2.56818e-27 2.60142e-27 4.40529e-26 8.75313e-20 2.14573e-14 6.35817e-10 2.27739e-06 0.000986022 0.0516049 0.326467 0.249953 0.0420727 0.144629 0.133077 0.0231677 0.0193539 0.0061126 0.00185694 0.00054662 0.000139469 2.77232e-05 3.92788e-06 3.33122e-07 1.51938e-08 3.55054e-10
 2.56852e-27 2.60235e-27 4.48764e-26 8.92687e-20 2.18831e-14 6.48437e-10 2.32259e-06 0.00100559 0.0526291 0.332946 0.254896 0.0418069 0.139133 0.12801 0.0223571 0.0187813 0.0059514 0.0018333 0.000509834 0.000112895 2.1087e-05 3.05202e-06 2.70282e-07 1.20827e-08 2.33453e-10
 2.56917e-27 2.60409e-27 4.64061e-26 9.24956e-20 2.26742e-14 6.71876e-10 2.40655e-06 0.00104194 0.0545316 0.344982 0.264081 0.0414479 0.129948 0.119511 0.0204442 0.0165563 0.00525005 0.00162882 0.000455742 0.000100146 1.66494e-05 2.17217e-06 1.92036e-07 8.9063e-09 1.66652e-10
 2.56889e-27 2.60331e-27 4.56843e-26 9.09729e-20 2.23009e-14 6.60815e-10 2.36693e-06 0.00102479 0.0536338 0.339302 0.259751 0.0418953 0.136395 0.125409 0.02055 0.0153088 0.00480489 0.00142232 0.000396651 8.77985e-05 1.45857e-05 1.7525e-06 1.37382e-07 6.26241e-09 1.2008e-10
 2.56789e-27 2.6006e-27 4.33024e-26 8.5948e-20 2.10691e-14 6.24316e-10 2.23619e-06 0.000968186 0.0506714 0.320561 0.24545 0.042456 0.15071 0.138657 0.0236068 0.018942 0.00585895 0.00157988 0.000428401 9.1264e-05 1.51613e-05 1.82079e-06 1.33132e-07 5.41276e-09 1.00979e-10
 2.56702e-27 2.59827e-27 4.12671e-26 8.16546e-20 2.00166e-14 5.93129e-10 2.12449e-06 0.000919822 0.0481401 0.304548 0.233229 0.0428604 0.162373 0.149464 0.026311 0.0223972 0.00703082 0.00205226 0.000545944 0.000106948 1.70216e-05 2.00691e-06 1.45982e-07 5.55321e-09 9.35125e-11
 2.56765e-27 2.59999e-27 4.28067e-26 8.49026e-20 2.08128e-14 6.16722e-10 2.20899e-06 0.00095641 0.050055 0.316662 0.24247 0.0422877 0.151523 0.139474 0.0249467 0.0218055 0.00692775 0.00215489 0.000592316 0.000122867 1.85334e-05 2.04089e-06 1.44096e-07 5.40209e-09 8.52543e-11
 2.56833e-27 2.6018e-27 4.43669e-26 8.81937e-20 2.16196e-14 6.40628e-10 2.29462e-06 0.000993484 0.0519954 0.328937 0.25184 0.0421357 0.143782 0.132257 0.0223317 0.0176556 0.00562962 0.00180059 0.000507152 0.000111771 1.7784e-05 1.94592e-06 1.27649e-07 4.59925e-09 7.08824e-11
 2.56819e-27 2.60141e-27 4.40037e-26 8.74273e-20 2.14318e-14 6.35061e-10 2.27468e-06 0.000984851 0.0515435 0.326079 0.249662 0.0423838 0.147201 0.135385 0.0223995 0.0170141 0.0053028 0.00150672 0.000422413 9.59186e-05 1.6038e-05 1.86553e-06 1.23922e-07 4.19426e-09 6.17286e-11
 2.56831e-27 2.60174e-27 4.4314e-26 8.8082e-20 2.15922e-14 6.39817e-10 2.29172e-06 0.000992226 0.0519295 0.32852 0.251523 0.0421733 0.144291 0.13273 0.0224698 0.0178412 0.00552512 0.00150148 0.00040205 8.29784e-05 1.40034e-05 1.70664e-06 1.2081e-07 4.16534e-09 5.83095e-11
 2.5687e-27 2.60279e-27 4.52277e-26 9.00096e-20 2.20648e-14 6.53818e-10 2.34187e-06 0.00101394 0.0530659 0.33571 0.25701 0.0420513 0.139507 0.128278 0.0210123 0.0156387 0.00487397 0.00138373 0.000367601 7.21221e-05 1.11971e-05 1.31354e-06 9.69855e-08 3.55337e-09 5.07581e-11
 2.56908e-27 2.6038e-27 4.61139e-26 9.1879e-20 2.2523e-14 6.67397e-10 2.39051e-06 0.001035 0.054168 0.342682 0.262331 0.0418381 0.134147 0.123322 0.0199631 0.0144891 0.0044585 0.00117649 0.000313753 6.35933e-05 9.57945e-06 1.03963e-06 7.24691e-08 2.73705e-09 4.13274e-11
 2.5689e-27 2.6033e-27 4.56528e-26 9.09063e-20 2.22846e-14 6.60332e-10 2.3652e-06 0.00102404 0.0535946 0.339054 0.259566 0.0421331 0.138335 0.127151 0.0199939 0.0135934 0.00415637 0.00106036 0.000275119 5.26234e-05 8.05547e-06 8.70007e-07 5.64273e-08 2.00713e-09 3.0894e-11
 2.5692e-27 2.60413e-27 4.64018e-26 9.24865e-20 2.26719e-14 6.7181e-10 2.40631e-06 0.00104184 0.0545262 0.344948 0.26406 0.0417662 0.132385 0.121696 0.0196754 0.0142378 0.00431527 0.00102825 0.000261505 4.82686e-05 7.03242e-06 7.44651e-07 4.8272e-08 1.61327e-09 2.34645e-11
 2.56951e-27 2.60497e-27 4.71359e-26 9.4035e-20 2.30515e-14 6.83058e-10 2.4466e-06 0.00105928 0.0554391 0.350723 0.268468 0.0416507 0.128408 0.118 0.0185415 0.0125844 0.00384708 0.000979082 0.000246808 4.28344e-05 6.02769e-06 6.07992e-07 3.807e-08 1.25969e-09 1.73691e-11
 2.56961e-27 2.60521e-27 4.73317e-26 9.4448e-20 2.31528e-14 6.86058e-10 2.45735e-06 0.00106394 0.0556826 0.352263 0.269645 0.0417063 0.128005 0.117603 0.0180145 0.0114793 0.00346547 0.000817524 0.000207447 3.78674e-05 5.15453e-06 4.92429e-07 2.93261e-08 9.32726e-10 1.26092e-11
 2.56943e-27 2.60472e-27 4.68867e-26 9.35091e-20 2.29226e-14 6.79238e-10 2.43292e-06 0.00105336 0.0551291 0.348762 0.266975 0.04196 0.131812 0.121089 0.0181464 0.0109003 0.0032526 0.000709771 0.000174052 2.99095e-05 4.17537e-06 4.01201e-07 2.25915e-08 6.8023e-10 8.82155e-12
 2.56949e-27 2.60489e-27 4.70402e-26 9.38331e-20 2.30021e-14 6.81592e-10 2.44135e-06 0.00105701 0.0553201 0.34997 0.267896 0.0418423 0.130269 0.119683 0.0182305 0.0114444 0.00339275 0.000696388 0.00016558 2.64257e-05 3.48681e-06 3.29176e-07 1.87865e-08 5.40464e-10 6.62029e-12
 2.56953e-27 2.60499e-27 4.71358e-26 9.40348e-20 2.30515e-14 6.83057e-10 2.4466e-06 0.00105928 0.055439 0.350723 0.26847 0.0417919 0.129482 0.118962 0.0181798 0.0115116 0.00343444 0.000740552 0.000175133 2.635e-05 3.27656e-06 2.87397e-07 1.5821e-08 4.56483e-10 5.39331e-12
 2.56773e-27 2.60009e-27 4.27857e-26 8.48578e-20 2.08019e-14 6.16396e-10 2.20783e-06 0.000955905 0.0500286 0.316495 0.242356 0.0431853 0.158433 0.145656 0.0225336 0.0147208 0.00440127 0.000960509 0.000230325 3.60379e-05 4.3582e-06 3.56995e-07 1.81701e-08 5.00255e-10 5.85963e-12
#obs catch len freq
 1.63379e-41 2.2676e-33 3.80436e-26 7.71517e-20 1.89128e-14 5.60422e-10 2.00734e-06 0.000869109 0.0454857 0.287756 0.22047 0.0443373 0.165418 0.140584 0.0433898 0.0351714 0.0115435 0.00398027 0.000870788 0.000114994 6.70288e-06 1.23909e-07 5.36522e-10 4.36704e-13 5.78558e-17
 1.65264e-41 2.29375e-33 3.84824e-26 7.80416e-20 1.9131e-14 5.66886e-10 2.03049e-06 0.000879133 0.0460103 0.291075 0.223067 0.0463598 0.167599 0.134903 0.0428175 0.032691 0.0104477 0.00338407 0.000681742 7.89619e-05 3.79953e-06 5.4743e-08 1.7701e-10 1.04615e-13 9.8999e-18
 1.91772e-41 2.66167e-33 4.4655e-26 9.05595e-20 2.21996e-14 6.57815e-10 2.35619e-06 0.00102015 0.0533904 0.337764 0.258725 0.0458256 0.134162 0.101964 0.0332713 0.0237817 0.00739399 0.00224203 0.000414641 4.18155e-05 1.65342e-06 1.85003e-08 4.46134e-11 1.91734e-14 1.29917e-18
 1.94901e-41 2.70509e-33 4.53836e-26 9.2037e-20 2.25618e-14 6.68547e-10 2.39463e-06 0.00103679 0.0542615 0.343274 0.263026 0.0489661 0.141392 0.100115 0.0259871 0.015649 0.00471451 0.00132998 0.000224477 1.95917e-05 6.32508e-07 5.48114e-09 9.85311e-12 3.08146e-15 1.49782e-19
 1.99217e-41 2.765e-33 4.63886e-26 9.40752e-20 2.30614e-14 6.83352e-10 2.44766e-06 0.00105975 0.0554631 0.350877 0.268903 0.0506513 0.138187 0.0919905 0.0250259 0.0137595 0.00320405 0.000754013 0.000114626 8.58706e-06 2.24942e-07 1.50448e-09 2.01525e-12 4.59199e-16 1.60388e-20
 1.79878e-41 2.49658e-33 4.18854e-26 8.49427e-20 2.08227e-14 6.17015e-10 2.21005e-06 0.000956874 0.050079 0.316816 0.243124 0.0574808 0.174542 0.108818 0.029333 0.0148096 0.00332312 0.000637385 7.31427e-05 4.50769e-06 9.49434e-08 4.88238e-10 4.86847e-13 8.0894e-17 2.03392e-21
 1.49466e-41 2.07448e-33 3.48038e-26 7.05814e-20 1.73022e-14 5.12696e-10 1.83639e-06 0.000795095 0.0416121 0.263253 0.202555 0.0661215 0.219431 0.130642 0.0466173 0.023187 0.00486457 0.000838285 7.76306e-05 3.45389e-06 5.48768e-08 2.14384e-10 1.58796e-13 1.92444e-17 3.48737e-22
 2.12466e-41 2.94888e-33 4.94736e-26 1.00331e-19 2.45951e-14 7.28797e-10 2.61043e-06 0.00113023 0.0591516 0.374212 0.286885 0.0520067 0.109579 0.0636421 0.0322856 0.0163224 0.00405839 0.000670308 5.30997e-05 1.80097e-06 1.99521e-08 5.53827e-11 2.98428e-14 2.62751e-18 3.43203e-23
 2.02253e-41 2.80714e-33 4.70956e-26 9.55089e-20 2.34129e-14 6.93767e-10 2.48496e-06 0.0010759 0.0563084 0.356227 0.273552 0.0625291 0.147621 0.0741461 0.0177959 0.00779501 0.00246684 0.000445271 3.48429e-05 9.66757e-07 7.81054e-09 1.48188e-11 5.47161e-15 3.38199e-19 3.14357e-24
 2.05406e-41 2.85091e-33 4.78299e-26 9.6998e-20 2.37779e-14 7.04583e-10 2.5237e-06 0.00109268 0.0571863 0.361781 0.277934 0.0640382 0.140205 0.0674805 0.02131 0.00744531 0.00127758 0.000227612 1.93521e-05 5.01376e-07 3.22966e-09 4.40024e-12 1.10911e-15 4.62821e-20 2.93868e-25
 1.78518e-41 2.47772e-33 4.15688e-26 8.43008e-20 2.06653e-14 6.12352e-10 2.19334e-06 0.000949642 0.0497005 0.314428 0.242507 0.0793299 0.191246 0.0855996 0.0258843 0.00864094 0.00153023 0.000170485 1.12003e-05 2.81676e-07 1.60714e-09 1.72641e-12 3.1581e-16 9.13487e-21 3.94056e-26
 2.07409e-41 2.87869e-33 4.82961e-26 9.79435e-20 2.40097e-14 7.11451e-10 2.5483e-06 0.00110333 0.0577437 0.365311 0.281041 0.0686376 0.131935 0.0591727 0.02556 0.00803678 0.00131639 0.00013409 6.10023e-06 1.08177e-07 5.24059e-10 4.75124e-13 6.85535e-17 1.47342e-21 4.53142e-27
 1.9035e-41 2.64194e-33 4.4324e-26 8.98882e-20 2.2035e-14 6.52938e-10 2.33872e-06 0.00101258 0.0529947 0.335272 0.259002 0.0846034 0.171503 0.0672411 0.0205018 0.00647684 0.00126766 0.000117633 4.46775e-06 5.54385e-08 1.81552e-10 1.24728e-13 1.43362e-17 2.41794e-22 5.64528e-28
 1.97824e-41 2.74567e-33 4.60643e-26 9.34174e-20 2.29002e-14 6.78574e-10 2.43054e-06 0.00105234 0.0550753 0.348437 0.269215 0.0833819 0.151657 0.0601433 0.0238594 0.00613629 0.000945162 9.11791e-05 3.21157e-06 3.14598e-08 7.22564e-11 3.30697e-14 2.64693e-18 3.29616e-23 5.83889e-29
 1.6864e-41 2.34061e-33 3.92685e-26 7.96358e-20 1.95218e-14 5.78466e-10 2.07197e-06 0.000897092 0.0469502 0.297048 0.231648 0.108153 0.205148 0.0749258 0.0269076 0.00712231 0.00111256 8.33573e-05 2.59936e-06 2.2398e-08 4.00676e-11 1.30536e-14 7.06475e-19 5.90734e-24 7.20811e-30
 1.55127e-41 2.15306e-33 3.6122e-26 7.32547e-20 1.79575e-14 5.32115e-10 1.90595e-06 0.00082521 0.0431882 0.273259 0.214527 0.117638 0.212385 0.0859923 0.0409422 0.00973051 0.00140797 9.98897e-05 2.48546e-06 1.71065e-08 2.51066e-11 6.37108e-15 2.5218e-19 1.47481e-24 1.22662e-30
 1.78751e-41 2.48094e-33 4.1623e-26 8.44106e-20 2.06923e-14 6.13149e-10 2.1962e-06 0.00095088 0.0497653 0.314868 0.245987 0.10591 0.165558 0.0695308 0.035896 0.00991345 0.00152041 9.46951e-05 2.03412e-06 1.10234e-08 1.22362e-11 2.38891e-15 7.26205e-20 3.17797e-25 1.91772e-31
 1.75333e-41 2.4335e-33 4.08271e-26 8.27965e-20 2.02966e-14 6.01425e-10 2.15421e-06 0.000932697 0.0488137 0.308866 0.243027 0.121573 0.178637 0.0630286 0.0262735 0.00750553 0.00125928 8.02745e-05 1.48648e-06 6.5029e-09 5.55778e-12 8.03434e-16 1.79682e-20 5.83248e-26 2.61783e-32
 1.76568e-41 2.45064e-33 4.11146e-26 8.33796e-20 2.04395e-14 6.05661e-10 2.16938e-06 0.000939266 0.0491575 0.311057 0.245761 0.126496 0.171347 0.0628681 0.0256775 0.00576424 0.000873948 5.62844e-05 9.84499e-07 3.61558e-09 2.41208e-12 2.63483e-16 4.34697e-21 1.024e-26 3.31847e-33
 1.72741e-41 2.39753e-33 4.02236e-26 8.15726e-20 1.99966e-14 5.92535e-10 2.12236e-06 0.00091891 0.0480922 0.304343 0.242438 0.137958 0.17407 0.0620729 0.0241975 0.00522608 0.000645462 3.45817e-05 5.47639e-07 1.76707e-09 9.6617e-13 8.16682e-17 1.00914e-21 1.75e-27 4.12621e-34
 1.81712e-41 2.52205e-33 4.23126e-26 8.58091e-20 2.10351e-14 6.23308e-10 2.23259e-06 0.000966634 0.0505899 0.320162 0.255205 0.135372 0.154589 0.0568023 0.0214937 0.00431924 0.00047594 2.03359e-05 2.5255e-07 6.71262e-10 3.03214e-13 2.05608e-17 1.96811e-22 2.56936e-28 4.47329e-35
 1.78455e-41 2.47684e-33 4.15541e-26 8.4271e-20 2.0658e-14 6.12135e-10 2.19257e-06 0.000949307 0.0496832 0.31447 0.253363 0.148904 0.157646 0.0529789 0.0181432 0.00350393 0.000344051 1.21955e-05 1.16056e-07 2.31074e-10 8.0076e-14 4.24008e-18 3.1654e-23 3.18313e-29 4.20097e-36
 1.80177e-41 2.50074e-33 4.19551e-26 8.5084e-20 2.08574e-14 6.18041e-10 2.21372e-06 0.000958466 0.0501626 0.317545 0.257536 0.153244 0.149744 0.0515297 0.0163047 0.00273086 0.000236088 7.02785e-06 5.24019e-08 7.77092e-11 1.96173e-14 7.60311e-19 4.21422e-24 3.18052e-30 3.16241e-37
 1.79711e-41 2.49427e-33 4.18466e-26 8.48641e-20 2.08034e-14 6.16444e-10 2.208e-06 0.000955988 0.0500331 0.316787 0.259492 0.161049 0.145549 0.0490967 0.0146134 0.00225633 0.000162691 3.94173e-06 2.32291e-08 2.61015e-11 4.83676e-15 1.35091e-19 5.36258e-25 2.90664e-31 2.09043e-38
 1.81839e-41 2.5238e-33 4.2342e-26 8.58688e-20 2.10497e-14 6.23742e-10 2.23414e-06 0.000967306 0.0506256 0.320603 0.264715 0.164785 0.137518 0.0461299 0.0127437 0.00179728 0.000111432 2.14867e-06 9.72692e-09 8.27284e-12 1.13887e-15 2.32098e-20 6.63368e-26 2.56699e-32 1.31246e-39
 1.76724e-41 2.45282e-33 4.11511e-26 8.34536e-20 2.04577e-14 6.06198e-10 2.1713e-06 0.000940099 0.0492021 0.311715 0.262251 0.178943 0.139344 0.0447375 0.0113382 0.00144929 7.67632e-05 1.19358e-06 4.12545e-09 2.60424e-12 2.6366e-16 3.92947e-21 8.15615e-27 2.27532e-33 8.33346e-41
 1.66971e-41 2.31745e-33 3.888e-26 7.8848e-20 1.93286e-14 5.72743e-10 2.05147e-06 0.000888217 0.0464873 0.294703 0.25468 0.195215 0.1458 0.0492206 0.0116261 0.00131723 5.90176e-05 7.37626e-07 1.96134e-09 9.21775e-13 6.80906e-17 7.33805e-22 1.09816e-27 2.20591e-34 5.80767e-42
 1.67331e-41 2.32245e-33 3.89639e-26 7.9018e-20 1.93703e-14 5.73978e-10 2.0559e-06 0.000890133 0.0465882 0.295486 0.258616 0.196864 0.139617 0.0493574 0.0113512 0.00118276 4.42903e-05 4.40102e-07 8.98365e-10 3.15776e-13 1.71239e-17 1.33717e-22 1.43794e-28 2.0663e-35 3.88452e-43
 1.70373e-41 2.36467e-33 3.96723e-26 8.04545e-20 1.97225e-14 5.84413e-10 2.09327e-06 0.000906316 0.047435 0.300822 0.261737 0.192368 0.136743 0.0477779 0.0110274 0.0011415 3.94919e-05 3.39576e-07 5.80386e-10 1.68319e-13 7.45843e-18 4.72361e-23 4.09569e-29 4.72375e-36 7.1031e-44
#spawning biomass
 8290.41 7035.21 8455.15 11306.6 14766.5 16867.5 15659.8 20873 33113.9 46997.5 57262.3 74938.7 97777.8 123937 125580 109749 98064.6 95720.2 97396.7 93521.9 97300.1 98670.1 107738 117626 124749 120197 118470 121653 135598 350435 495807 509723 466979 400260 330375 268105 217389 178365 149473 128660 113961 103731 96673 91811.2 88494.6 86296.7 84840.1 83874.8 83235.1 82811.2 82530.2 82344.1 82220.7 82138.9 82084.7 82048.8 82025 82009.2 81998.8 81991.9 81987.3 81984.2 81982.2 81980.9 81980 81979.4 81979 81978.7 81978.6 81978.5 81978.4 81978.3 81978.3 81978.3 81978.3 81978.3 81978.3 81978.2 81978.2 81978.2 81978.2 81978.2 81978.2 81978.2 81978.2 81978.2 81978.2 81978.2 81978.2 81978.2 81978.2 81978.2 81978.2 81978.2 81978.2 81978.2 81978.2 81978.2 81978.2 81978.2 81978.2 81978.2 81978.2 81978.2 81978.2 81978.2 81978.2 81978.2 81978.2 81978.2 81978.2 81978.2 81978.2 81978.2 81978.2 81978.2 81978.2 81978.2 81978.2 81978.2 81978.2 81978.2 81978.2 81978.2 81978.2 81978.2 81978.2 81978.2 81978.2 0 0 0 0 0 0 0 0 0 0 0 0 0 0 0 0 0 0 0 0 0 0 0 0 0
