SBPRF35
0.819782
Curr Bio
149533
B35
703561
F35
0.212262
FOFL
0.0552928
OFL
8485.62
Bzero
234224
#pred survey bio
 6930.9 6264.02 7816.95 11114.6 14953 17279.4 17555.3 22254.3 34573.8 52344.6 64647 82781.9 110891 131129 144173 116277 103781 102170 97219.4 103328 103710 103397 114798 122953 132073 133371 131869 159485 7.58184e+06 7.16644e+06 8.02007e+06 7.70454e+06 6.86677e+06 5.88897e+06 4.97168e+06 4.19824e+06 3.58567e+06 3.11934e+06 2.77336e+06 2.52086e+06 2.33835e+06 2.20691e+06 2.11136e+06 2.04091e+06 1.99099e+06 1.95523e+06 1.92934e+06 1.91037e+06 1.89631e+06 1.88577e+06 1.87779e+06 1.87168e+06 1.86696e+06 1.86327e+06 1.86038e+06 1.8581e+06 1.85628e+06 1.85483e+06 1.85366e+06 1.85272e+06 1.85196e+06 1.85135e+06 1.85085e+06 1.85044e+06 1.85011e+06 1.84984e+06 1.84963e+06 1.84945e+06 1.8493e+06 1.84918e+06 1.84908e+06 1.849e+06 1.84894e+06 1.84888e+06 1.84884e+06 1.84881e+06 1.84878e+06 1.84875e+06 1.84873e+06 1.84872e+06 1.8487e+06 1.84869e+06 1.84868e+06 1.84868e+06 1.84867e+06 1.84867e+06 1.84866e+06 1.84866e+06 1.84866e+06 1.84865e+06 1.84865e+06 1.84865e+06 1.84865e+06 1.84865e+06 1.84865e+06 1.84865e+06 1.84865e+06 1.84865e+06 1.84865e+06 1.84865e+06 1.84865e+06 1.84865e+06 1.84865e+06 1.84864e+06 1.84864e+06 1.84864e+06 1.84864e+06 1.84864e+06 1.84864e+06 1.84864e+06 1.84864e+06 1.84864e+06 1.84864e+06 1.84864e+06 1.84864e+06 1.84864e+06 1.84864e+06 1.84864e+06 1.84864e+06 1.84864e+06 1.84864e+06 1.84864e+06 1.84864e+06 1.84864e+06 1.84864e+06 1.84864e+06 1.84864e+06 1.84864e+06 0 0 0 0 0 0 0 0 0 0 0 0 0 0 0 0 0 0 0 0 0 0 0 0 0
#obs survey bio
 6245.36 5164.34 9072.34 12115.4 16522.8 13358.7 26065.1 26882.5 45681.5 53353.7 103106 102613 128682 185638 139044 89995.6 82298.5 100133 100171 70893.4 104321 143457 102896 95877.3 165628 192534 95520.9 139562
#pred catch bio
 4918.85 4435.31 5419.83 7860.96 10495.5 12903.9 13043.9 15543.9 22914.4 38087.1 47399.4 60055.9 85088.5 96505.9 118585 95596.8 84381.3 85277.9 78439.6 85948.2 87387.2 84246.8 96272.4 105066 114401 115062 105944 103744 8485.62 57810.6 65470.5 62157.7 54629 46101.4 38232.9 31697.3 26606.6 22807.4 20055.5 18104.8 16743.9 15804.9 15158.5 14713.4 14418.7 14223.6 14094.4 14008.8 13952.2 13914.7 13889.8 13873.4 13862.5 13855.3 13850.5 13847.4 13845.3 13843.9 13843 13842.4 13842 13841.7 13841.5 13841.4 13841.3 13841.3 13841.2 13841.2 13841.2 13841.2 13841.2 13841.2 13841.2 13841.2 13841.2 13841.2 13841.2 13841.2 13841.2 13841.2 13841.2 13841.2 13841.2 13841.2 13841.2 13841.2 13841.2 13841.2 13841.2 13841.2 13841.2 13841.2 13841.2 13841.2 13841.2 13841.2 13841.2 13841.2 13841.2 13841.2 13841.2 13841.2 13841.2 13841.2 13841.2 13841.2 13841.2 13841.2 13841.2 13841.2 13841.2 13841.2 13841.2 13841.2 13841.2 13841.2 13841.2 13841.2 13841.2 13841.2 13841.2 13841.2 13841.2 13841.2 13841.2 13841.2 13841.2 13841.2 0 0 0 0 0 0 0 0 0 0 0 0 0 0 0 0 0 0 0 0 0 0 0 0 0
#obs catch bio
 5178.58 4438.52 5329.68 7651.61 10270.6 12801.6 12680.5 14909.4 21935.5 36525.5 44397.6 57330.8 81632.5 92983 115868 95031 83039.2 84063.3 77247.3 85059.8 84216.8 80667.2 93768.8 103031 112201 111196 103614 102850
#pred cpue bio
 5907.96 4960.37 5935.56 8385.63 11391.7 13797.6 13738.4 16526.6 25587.2 39985.3 49513.6 62392.2 83538 99211.7 114225 91196.9 79422.8 77720.9 73384.6 77900.9 77692.2 77056.6 85417.7 90493 96213.5 98153.1 97470.1 117500 6.05149e+06 6.96514e+06 7.98019e+06 7.65443e+06 6.81142e+06 5.83257e+06 4.91512e+06 4.14166e+06 3.52908e+06 3.06275e+06 2.71678e+06 2.46427e+06 2.28176e+06 2.15032e+06 2.05477e+06 1.98432e+06 1.9344e+06 1.89864e+06 1.87275e+06 1.85378e+06 1.83972e+06 1.82918e+06 1.8212e+06 1.81509e+06 1.81037e+06 1.80669e+06 1.80379e+06 1.80151e+06 1.79969e+06 1.79824e+06 1.79707e+06 1.79613e+06 1.79537e+06 1.79476e+06 1.79426e+06 1.79385e+06 1.79352e+06 1.79325e+06 1.79304e+06 1.79286e+06 1.79271e+06 1.79259e+06 1.79249e+06 1.79241e+06 1.79235e+06 1.7923e+06 1.79225e+06 1.79222e+06 1.79219e+06 1.79216e+06 1.79214e+06 1.79213e+06 1.79211e+06 1.7921e+06 1.79209e+06 1.79209e+06 1.79208e+06 1.79208e+06 1.79207e+06 1.79207e+06 1.79207e+06 1.79206e+06 1.79206e+06 1.79206e+06 1.79206e+06 1.79206e+06 1.79206e+06 1.79206e+06 1.79206e+06 1.79206e+06 1.79206e+06 1.79206e+06 1.79206e+06 1.79206e+06 1.79206e+06 1.79206e+06 1.79206e+06 1.79206e+06 1.79206e+06 1.79206e+06 1.79206e+06 1.79206e+06 1.79206e+06 1.79205e+06 1.79205e+06 1.79205e+06 1.79205e+06 1.79205e+06 1.79205e+06 1.79205e+06 1.79205e+06 1.79205e+06 1.79205e+06 1.79205e+06 1.79205e+06 1.79205e+06 1.79205e+06 1.79205e+06 1.79205e+06 1.79205e+06 0 0 0 0 0 0 0 0 0 0 0 0 0 0 0 0 0 0 0 0 0 0 0 0 0
#obs cpue bio
 5353.35 6216.48 7302.76 12697.8 13100.6 17854.1 19894 26147.2 40257.8 67911.6 112196 81757.7 137713 112131 160477 124393 129983 100778 87802.1 135547 156919 112242 131021 153580 106050 123966 176708 158245
#pred surv len freq
 2.56658e-27 2.59758e-27 4.13248e-26 8.17789e-20 2.00471e-14 5.94032e-10 2.12772e-06 0.000921222 0.0482134 0.305011 0.233489 0.0369831 0.11746 0.108572 0.028662 0.0384448 0.0179377 0.0157473 0.0106315 0.00873714 0.00730518 0.00664805 0.00695979 0.00632658 0.00194762
 2.56843e-27 2.60225e-27 4.49603e-26 8.94464e-20 2.19267e-14 6.49727e-10 2.32721e-06 0.00100759 0.0527339 0.333609 0.255378 0.0402661 0.127068 0.117049 0.02345 0.0241395 0.00921455 0.00558036 0.00304876 0.00209704 0.00152064 0.00122796 0.00116626 0.00107617 0.00036479
 2.56968e-27 2.60556e-27 4.78061e-26 9.54493e-20 2.33983e-14 6.93332e-10 2.4834e-06 0.00107522 0.056273 0.355998 0.272473 0.0402231 0.114731 0.105621 0.0207153 0.0206998 0.00693947 0.00277836 0.00109416 0.000525567 0.000294586 0.000197726 0.000162674 0.0001445 5.10925e-05
 2.56977e-27 2.60578e-27 4.79518e-26 9.57566e-20 2.34736e-14 6.95564e-10 2.49139e-06 0.00107868 0.0564541 0.357144 0.273354 0.0405791 0.116821 0.107477 0.0197411 0.0180008 0.00597366 0.0022765 0.000716599 0.00021857 7.63854e-05 3.63015e-05 2.36799e-05 1.89722e-05 6.72536e-06
 2.56936e-27 2.60465e-27 4.69384e-26 9.36187e-20 2.29495e-14 6.80034e-10 2.43577e-06 0.0010546 0.0551937 0.34917 0.267271 0.0409513 0.123927 0.114028 0.0207806 0.0187126 0.00603645 0.00203089 0.00061968 0.000166721 3.67581e-05 9.6206e-06 4.02571e-06 2.61495e-06 8.92042e-07
 2.56733e-27 2.59917e-27 4.21227e-26 8.34597e-20 2.04591e-14 6.06241e-10 2.17145e-06 0.000940156 0.0492044 0.311281 0.238357 0.0420979 0.152968 0.140892 0.0267374 0.0255432 0.00822516 0.00272482 0.000790021 0.000190719 3.77384e-05 6.22639e-06 1.21869e-06 5.02171e-07 1.54531e-07
 2.56841e-27 2.60217e-27 4.48556e-26 8.92253e-20 2.18725e-14 6.48121e-10 2.32146e-06 0.0010051 0.0526035 0.332784 0.254755 0.0406816 0.130669 0.120449 0.0255269 0.0279414 0.00914285 0.00323427 0.000939004 0.000219986 3.94687e-05 5.59569e-06 6.12386e-07 1.03427e-07 2.4284e-08
 2.5704e-27 2.60752e-27 4.95123e-26 9.90486e-20 2.42806e-14 7.19476e-10 2.57704e-06 0.00111576 0.0583949 0.369422 0.282719 0.0399328 0.105323 0.0969035 0.0185258 0.0179029 0.00612606 0.00260737 0.00078951 0.000194816 3.44479e-05 4.48796e-06 3.91994e-07 2.76983e-08 3.19145e-09
 2.57041e-27 2.60748e-27 4.94231e-26 9.88603e-20 2.42344e-14 7.18109e-10 2.57215e-06 0.00111364 0.0582839 0.36872 0.282191 0.0404209 0.109409 0.10058 0.017471 0.0145494 0.00476654 0.00173476 0.000561133 0.000161922 3.04493e-05 4.00916e-06 3.20737e-07 1.52679e-08 6.26182e-10
 2.56923e-27 2.6043e-27 4.66239e-26 9.29551e-20 2.27868e-14 6.75215e-10 2.41851e-06 0.00104712 0.0548025 0.346696 0.265384 0.0410909 0.126315 0.116227 0.0210909 0.0188591 0.00596239 0.00181129 0.000535944 0.000140453 3.00837e-05 4.4051e-06 3.60413e-07 1.52372e-08 3.30446e-10
 2.56916e-27 2.60413e-27 4.64989e-26 9.26916e-20 2.27222e-14 6.733e-10 2.41165e-06 0.00104415 0.0546471 0.345713 0.264631 0.0409553 0.125812 0.1158 0.0216816 0.0203212 0.00652002 0.00212103 0.000591841 0.000130361 2.47805e-05 3.81764e-06 3.54077e-07 1.53518e-08 2.75374e-10
 2.5698e-27 2.60585e-27 4.80185e-26 9.58974e-20 2.35081e-14 6.96587e-10 2.49506e-06 0.00108026 0.0565371 0.357669 0.273754 0.040536 0.116212 0.10693 0.0199107 0.0185178 0.00601391 0.00207613 0.000597477 0.000136262 2.26453e-05 2.98837e-06 2.79607e-07 1.35607e-08 2.47064e-10
 2.56977e-27 2.60576e-27 4.79157e-26 9.56802e-20 2.34549e-14 6.95009e-10 2.48941e-06 0.00107782 0.0564091 0.356859 0.27314 0.0407602 0.11835 0.108859 0.0194546 0.016989 0.00550122 0.00188405 0.000553777 0.000133656 2.31217e-05 2.82599e-06 2.24392e-07 1.07781e-08 2.14726e-10
 2.56956e-27 2.60517e-27 4.73683e-26 9.45255e-20 2.31718e-14 6.86621e-10 2.45936e-06 0.00106481 0.0557283 0.352553 0.269856 0.0410982 0.123229 0.113326 0.0196039 0.0161971 0.00514035 0.00160176 0.000464167 0.000111998 2.02653e-05 2.59797e-06 1.9537e-07 8.10121e-09 1.58499e-10
 2.56764e-27 2.59997e-27 4.27955e-26 8.48789e-20 2.0807e-14 6.1655e-10 2.20838e-06 0.000956144 0.0500411 0.316574 0.242401 0.0421938 0.150856 0.138884 0.0253075 0.0227729 0.00716172 0.00210616 0.000585859 0.000130685 2.33614e-05 3.08708e-06 2.43396e-07 9.61292e-09 1.6618e-10
 2.56815e-27 2.6014e-27 4.40884e-26 8.76065e-20 2.14757e-14 6.36362e-10 2.27934e-06 0.000986869 0.0516491 0.326747 0.250159 0.0415929 0.140833 0.12968 0.0245005 0.0232571 0.00742651 0.00235577 0.000648186 0.000135994 2.2601e-05 2.86167e-06 2.30596e-07 9.46154e-09 1.56154e-10
 2.56916e-27 2.60412e-27 4.64652e-26 9.26204e-20 2.27048e-14 6.72783e-10 2.4098e-06 0.00104335 0.0546052 0.345447 0.264431 0.0411257 0.12725 0.117087 0.0211931 0.0188847 0.00610899 0.00207597 0.000590609 0.000131149 2.09902e-05 2.46096e-06 1.87349e-07 7.78436e-09 1.31982e-10
 2.56934e-27 2.60456e-27 4.68275e-26 9.33846e-20 2.28921e-14 6.78334e-10 2.42968e-06 0.00105196 0.0550557 0.348298 0.26661 0.0412982 0.127032 0.116825 0.0200537 0.0163424 0.00519377 0.00163188 0.000471864 0.00011182 1.88986e-05 2.21806e-06 1.56605e-07 6.1294e-09 1.04362e-10
 2.56961e-27 2.60526e-27 4.7424e-26 9.46428e-20 2.32006e-14 6.87474e-10 2.46242e-06 0.00106613 0.0557975 0.35299 0.270193 0.0412761 0.124346 0.114316 0.019053 0.0146835 0.00456164 0.00126922 0.000351188 7.85821e-05 1.3876e-05 1.73562e-06 1.24606e-07 4.5707e-09 7.34543e-11
 2.56967e-27 2.60543e-27 4.75844e-26 9.49814e-20 2.32835e-14 6.89933e-10 2.47122e-06 0.00106995 0.0559971 0.354253 0.271155 0.0411532 0.122735 0.112849 0.0191538 0.0152806 0.00470807 0.00123853 0.000326954 6.54911e-05 1.0839e-05 1.3604e-06 1.04136e-07 3.89979e-09 5.94054e-11
 2.56988e-27 2.60599e-27 4.8063e-26 9.59909e-20 2.3531e-14 6.97266e-10 2.49749e-06 0.00108132 0.0565922 0.358018 0.27403 0.0411494 0.120686 0.110925 0.0182055 0.0136026 0.00420646 0.00113914 0.000296892 5.59637e-05 8.44009e-06 9.64056e-07 7.25539e-08 2.86477e-09 4.45408e-11
 2.57005e-27 2.60644e-27 4.84462e-26 9.67992e-20 2.37292e-14 7.03137e-10 2.51852e-06 0.00109042 0.0570688 0.361033 0.276332 0.0411308 0.118927 0.109281 0.0175486 0.012514 0.00381669 0.000951945 0.000247301 4.75057e-05 6.8915e-06 7.18664e-07 4.86388e-08 1.86639e-09 3.01995e-11
 2.57012e-27 2.60665e-27 4.86492e-26 9.72276e-20 2.38342e-14 7.06249e-10 2.52967e-06 0.00109525 0.0573214 0.362631 0.27755 0.0409793 0.116919 0.107451 0.0176354 0.0131716 0.0039969 0.000956042 0.000241033 4.33029e-05 6.30409e-06 6.46582e-07 4.00615e-08 1.38183e-09 2.15855e-11
 2.57049e-27 2.60764e-27 4.95051e-26 9.90331e-20 2.42768e-14 7.19364e-10 2.57664e-06 0.00111559 0.0583858 0.369364 0.282689 0.0408307 0.112177 0.103049 0.0163746 0.0114054 0.00347765 0.000867045 0.000217491 3.74012e-05 5.14982e-06 5.10853e-07 3.11979e-08 9.9162e-10 1.39893e-11
 2.57081e-27 2.60849e-27 5.02516e-26 1.00608e-19 2.46628e-14 7.30802e-10 2.61761e-06 0.00113333 0.0593141 0.375237 0.287172 0.0407282 0.108247 0.0993952 0.0152399 0.00973436 0.00292596 0.000668308 0.000167179 2.96677e-05 3.99244e-06 3.74198e-07 2.1779e-08 6.74803e-10 8.82732e-12
 2.57043e-27 2.60744e-27 4.93001e-26 9.86005e-20 2.41707e-14 7.16222e-10 2.56539e-06 0.00111071 0.0581308 0.367751 0.281463 0.0411587 0.115535 0.106088 0.0158344 0.00940283 0.00278539 0.000574196 0.000137792 2.2728e-05 3.0851e-06 2.89677e-07 1.60003e-08 4.70008e-10 5.92869e-12
 2.57029e-27 2.60709e-27 4.89969e-26 9.79608e-20 2.40139e-14 7.11575e-10 2.54874e-06 0.00110351 0.0577536 0.365365 0.279641 0.0411585 0.116813 0.10729 0.0164696 0.0105467 0.00310264 0.000593159 0.00013685 2.04983e-05 2.59738e-06 2.35507e-07 1.30557e-08 3.67362e-10 4.38797e-12
 2.57047e-27 2.60761e-27 4.94926e-26 9.90067e-20 2.42703e-14 7.19172e-10 2.57595e-06 0.00111529 0.0583703 0.369266 0.282612 0.0407218 0.111402 0.102364 0.01681 0.0125661 0.00375552 0.000799214 0.000185238 2.58442e-05 3.03716e-06 2.50609e-07 1.31622e-08 3.67008e-10 4.22968e-12
#obs surv len freq
 1.63815e-41 2.27365e-33 3.81452e-26 7.73577e-20 1.89633e-14 5.61918e-10 2.0127e-06 0.000871429 0.0456071 0.288524 0.221056 0.0443237 0.164952 0.140192 0.0433186 0.0350776 0.0113251 0.00382387 0.000815022 0.000105193 5.96379e-06 1.06785e-07 4.47639e-10 3.53021e-13 4.53759e-17
 1.9033e-41 2.64165e-33 4.43192e-26 8.98784e-20 2.20326e-14 6.52867e-10 2.33847e-06 0.00101247 0.0529889 0.335223 0.256726 0.044008 0.132112 0.106311 0.0340546 0.0260786 0.00826702 0.00263817 0.000516813 5.81171e-05 2.72225e-06 3.81834e-08 1.20136e-10 6.91621e-14 6.3852e-18
 1.93298e-41 2.68285e-33 4.50104e-26 9.12801e-20 2.23762e-14 6.63049e-10 2.37493e-06 0.00102826 0.0538153 0.340451 0.260801 0.0470623 0.140531 0.105706 0.0265866 0.016906 0.00522605 0.00157128 0.000284781 2.78708e-05 1.06854e-06 1.16484e-08 2.74453e-11 1.15393e-14 7.65947e-19
 1.96062e-41 2.72122e-33 4.5654e-26 9.25854e-20 2.26962e-14 6.72531e-10 2.4089e-06 0.00104297 0.0545849 0.34532 0.264584 0.0487996 0.139619 0.0989915 0.0265318 0.0157002 0.0037318 0.0009252 0.000153367 1.3086e-05 4.10111e-07 3.45563e-09 6.07105e-12 1.86236e-15 8.89702e-20
 1.76511e-41 2.44986e-33 4.11014e-26 8.33528e-20 2.0433e-14 6.05466e-10 2.16868e-06 0.000938965 0.0491417 0.310886 0.238481 0.0548654 0.175717 0.116925 0.0311369 0.0170156 0.00396565 0.000816742 0.000101174 7.16956e-06 1.83286e-07 1.19456e-09 1.56263e-12 3.49125e-16 1.1997e-20
 1.44982e-41 2.01226e-33 3.37598e-26 6.84641e-20 1.67832e-14 4.97316e-10 1.78131e-06 0.000771244 0.0403638 0.255356 0.196353 0.062529 0.221208 0.140316 0.049197 0.0268055 0.00587578 0.00110416 0.00011312 5.78882e-06 1.12194e-07 5.61056e-10 5.47717e-13 8.9263e-17 2.20694e-21
 2.08837e-41 2.89852e-33 4.86287e-26 9.86181e-20 2.41751e-14 7.16351e-10 2.56585e-06 0.00111093 0.0581415 0.367821 0.281911 0.0502743 0.112354 0.0690924 0.0343421 0.0190229 0.00493878 0.000904811 8.07484e-05 3.21772e-06 4.36841e-08 1.55607e-10 1.11166e-13 1.32157e-17 2.35766e-22
 1.98814e-41 2.75941e-33 4.62948e-26 9.3885e-20 2.30148e-14 6.81971e-10 2.44271e-06 0.00105761 0.055351 0.350169 0.268778 0.0601781 0.151567 0.0815929 0.0190076 0.00876794 0.00289335 0.000581278 5.22355e-05 1.73771e-06 1.74829e-08 4.27751e-11 2.09675e-14 1.75557e-18 2.23667e-23
 2.01826e-41 2.80121e-33 4.6996e-26 9.5307e-20 2.33634e-14 6.923e-10 2.47971e-06 0.00107363 0.0561894 0.355474 0.272954 0.0617837 0.144947 0.0743882 0.0227046 0.00866517 0.0015022 0.000286634 2.83098e-05 8.94477e-07 7.29754e-09 1.29646e-11 4.35739e-15 2.46574e-19 2.14903e-24
 1.72637e-41 2.39609e-33 4.01993e-26 8.15235e-20 1.99845e-14 5.92178e-10 2.12109e-06 0.000918357 0.0480631 0.304068 0.234342 0.0762945 0.199556 0.0955252 0.0286637 0.0104079 0.00191117 0.000230688 1.68197e-05 5.17452e-07 3.78777e-09 5.36207e-12 1.31717e-15 5.18556e-20 3.07447e-25
 2.0182e-41 2.80113e-33 4.69947e-26 9.53044e-20 2.33627e-14 6.92281e-10 2.47964e-06 0.0010736 0.0561878 0.355466 0.273328 0.0666909 0.139496 0.0664079 0.0292215 0.0101594 0.00175797 0.00019756 1.01463e-05 2.1402e-07 1.32341e-09 1.59112e-12 3.09983e-16 9.10112e-21 3.85557e-26
 1.84776e-41 2.56457e-33 4.3026e-26 8.72559e-20 2.13898e-14 6.33817e-10 2.27023e-06 0.000982932 0.0514427 0.325452 0.251185 0.0816991 0.180425 0.0756246 0.0232814 0.00800652 0.00171134 0.000179839 7.89407e-06 1.1779e-07 4.8518e-10 4.38555e-13 6.81272e-17 1.57309e-21 5.06598e-27
 1.92426e-41 2.67075e-33 4.48073e-26 9.08683e-20 2.22753e-14 6.60058e-10 2.36422e-06 0.00102363 0.0535725 0.338927 0.26163 0.0809773 0.160855 0.0671582 0.0268518 0.00760347 0.00125323 0.000138465 5.83501e-06 7.02988e-08 2.047e-10 1.22393e-13 1.31423e-17 2.23591e-22 5.46577e-28
 1.62685e-41 2.25796e-33 3.7882e-26 7.68239e-20 1.88325e-14 5.5804e-10 1.99881e-06 0.000865416 0.0452924 0.286555 0.223078 0.1042 0.216318 0.0832874 0.0301936 0.00861802 0.00146124 0.000124981 4.68319e-06 5.09162e-08 1.17738e-10 5.04981e-14 3.65864e-18 4.15603e-23 6.97103e-29
 1.47501e-41 2.04721e-33 3.43462e-26 6.96535e-20 1.70747e-14 5.05955e-10 1.81225e-06 0.000784642 0.041065 0.25982 0.203591 0.113534 0.225086 0.0946413 0.0472218 0.0121933 0.00190186 0.000154392 4.63929e-06 4.04768e-08 7.79768e-11 2.64324e-14 1.41217e-18 1.12411e-23 1.28208e-29
 1.71696e-41 2.38303e-33 3.99803e-26 8.10792e-20 1.98756e-14 5.88951e-10 2.10953e-06 0.000913352 0.0478012 0.302435 0.235889 0.102933 0.176754 0.0765832 0.0418784 0.0125112 0.00214198 0.000153088 3.97296e-06 2.7365e-08 4.00174e-11 1.05263e-14 4.36233e-19 2.61866e-24 2.17676e-30
 1.67933e-41 2.33079e-33 3.91039e-26 7.9302e-20 1.94399e-14 5.76041e-10 2.06329e-06 0.000893331 0.0467534 0.295821 0.232309 0.11881 0.192398 0.0706487 0.03091 0.00951596 0.00179957 0.000135058 3.06167e-06 1.70321e-08 1.91629e-11 3.73413e-15 1.14272e-19 5.11965e-25 3.18593e-31
 1.70103e-41 2.36092e-33 3.96093e-26 8.03269e-20 1.96912e-14 5.83486e-10 2.08995e-06 0.000904877 0.0473577 0.299656 0.236172 0.123677 0.184228 0.0693695 0.0300498 0.00726016 0.001227 9.41263e-05 2.0568e-06 9.73034e-09 8.56383e-12 1.25858e-15 2.83479e-20 9.20986e-26 4.14461e-32
 1.6575e-41 2.30051e-33 3.85958e-26 7.82714e-20 1.91873e-14 5.68555e-10 2.03647e-06 0.000881722 0.0461459 0.292012 0.231983 0.135558 0.188322 0.0689038 0.0285688 0.00664204 0.000921125 5.84727e-05 1.1676e-06 4.92274e-09 3.58626e-12 4.09308e-16 6.90078e-21 1.64654e-26 5.3764e-33
 1.75601e-41 2.43722e-33 4.08894e-26 8.29229e-20 2.03276e-14 6.02343e-10 2.1575e-06 0.000934121 0.0488883 0.309375 0.245881 0.133466 0.16744 0.0625496 0.0252834 0.00546541 0.000679102 3.45493e-05 5.40951e-07 1.89024e-09 1.14796e-12 1.05878e-16 1.38859e-21 2.4975e-27 6.01757e-34
 1.71951e-41 2.38657e-33 4.00397e-26 8.11997e-20 1.99052e-14 5.89826e-10 2.11266e-06 0.000914709 0.0478724 0.302985 0.243326 0.147784 0.172082 0.0587621 0.0213327 0.00442517 0.00049238 2.08788e-05 2.51042e-07 6.57578e-10 3.07503e-13 2.22732e-17 2.29076e-22 3.18684e-28 5.83562e-35
 1.73157e-41 2.4033e-33 4.03204e-26 8.1769e-20 2.00447e-14 5.93961e-10 2.12747e-06 0.000921122 0.0482081 0.305144 0.246697 0.152853 0.164285 0.0581052 0.0198583 0.00356557 0.000348842 1.24862e-05 1.17935e-07 2.30038e-10 7.83275e-14 4.15882e-18 3.18634e-23 3.34042e-29 4.62628e-36
 1.7243e-41 2.39321e-33 4.0151e-26 8.14255e-20 1.99605e-14 5.91466e-10 2.11854e-06 0.000917253 0.0480057 0.303914 0.248134 0.161378 0.160335 0.0558739 0.0181179 0.00306323 0.000251994 7.34011e-06 5.48911e-08 8.11492e-11 2.02509e-14 7.73417e-19 4.24045e-24 3.19513e-30 3.20732e-37
 1.74578e-41 2.42302e-33 4.06512e-26 8.24399e-20 2.02092e-14 5.98835e-10 2.14493e-06 0.00092868 0.0486039 0.307755 0.253252 0.165805 0.151929 0.0529707 0.016056 0.00251213 0.000181218 4.24701e-06 2.44127e-08 2.72983e-11 5.05496e-15 1.40589e-19 5.5366e-25 2.97176e-31 2.11751e-38
 1.6863e-41 2.34047e-33 3.92662e-26 7.96311e-20 1.95206e-14 5.78431e-10 2.07185e-06 0.000897039 0.0469482 0.29738 0.2494 0.180923 0.154906 0.0525276 0.0147574 0.00212335 0.000132954 2.55501e-06 1.13184e-08 9.40886e-12 1.27979e-15 2.59847e-20 7.41703e-26 2.8638e-32 1.45841e-39
 1.60162e-41 2.22294e-33 3.72944e-26 7.56322e-20 1.85404e-14 5.49385e-10 1.96781e-06 0.000851993 0.044591 0.282599 0.242932 0.196453 0.159675 0.0561488 0.0147382 0.00190495 0.000102376 1.60461e-06 5.535e-09 3.45166e-12 3.43534e-16 5.04337e-21 1.03661e-26 2.87731e-33 1.05147e-40
 1.59361e-41 2.21183e-33 3.7108e-26 7.52542e-20 1.84477e-14 5.46639e-10 1.95797e-06 0.000847735 0.0443686 0.281318 0.245306 0.199718 0.154187 0.0576832 0.0147271 0.00176098 8.01568e-05 1.01198e-06 2.70894e-09 1.27437e-12 9.36921e-17 1.00043e-21 1.48006e-27 2.93945e-34 7.66527e-42
 1.63587e-41 2.27048e-33 3.8092e-26 7.72497e-20 1.89369e-14 5.61134e-10 2.00989e-06 0.000870214 0.0455457 0.288905 0.254157 0.199612 0.143406 0.052823 0.0131224 0.00149746 5.91548e-05 6.00218e-07 1.23606e-09 4.37031e-13 2.37749e-17 1.85693e-22 1.99171e-28 2.8479e-35 5.31817e-43
#pred catch len freq
 2.56493e-27 2.59317e-27 3.7511e-26 7.37338e-20 1.8075e-14 5.35593e-10 1.91841e-06 0.000830596 0.0434704 0.275006 0.210582 0.0372889 0.135881 0.125649 0.0330504 0.0442122 0.0205796 0.0180071 0.0121453 0.00997608 0.00833969 0.00758919 0.00794499 0.00722215 0.00222332
 2.56698e-27 2.59831e-27 4.14973e-26 8.2141e-20 2.01359e-14 5.96662e-10 2.13714e-06 0.000925301 0.0484269 0.306362 0.234586 0.041096 0.147991 0.136378 0.0272269 0.0279057 0.0106338 0.00641414 0.00350074 0.00240649 0.00174472 0.00140884 0.00133805 0.00123469 0.000418522
 2.5683e-27 2.60184e-27 4.4525e-26 8.85277e-20 2.17015e-14 6.43055e-10 2.30331e-06 0.000997247 0.0521923 0.330183 0.252775 0.0411072 0.135299 0.124617 0.0243617 0.0242407 0.00811713 0.00323571 0.00127299 0.000611001 0.0003424 0.000229806 0.000189065 0.000167942 5.93815e-05
 2.56847e-27 2.60226e-27 4.4835e-26 8.91815e-20 2.18618e-14 6.47803e-10 2.32032e-06 0.00100461 0.0525777 0.332621 0.254643 0.041487 0.136876 0.125986 0.0230592 0.0209139 0.00693234 0.00263012 0.000827193 0.00025208 8.80737e-05 4.1853e-05 2.73009e-05 2.18733e-05 7.75374e-06
 2.56799e-27 2.60093e-27 4.36476e-26 8.66764e-20 2.12477e-14 6.29607e-10 2.25515e-06 0.000976392 0.0511008 0.323278 0.247516 0.0419215 0.14519 0.133651 0.0242792 0.0217555 0.00701097 0.00234824 0.000715855 0.000192431 4.24157e-05 1.11001e-05 4.64471e-06 3.01703e-06 1.0292e-06
 2.56598e-27 2.5955e-27 3.88871e-26 7.66338e-20 1.87859e-14 5.56659e-10 1.99386e-06 0.000863264 0.0451801 0.285822 0.218933 0.0430344 0.173742 0.160069 0.0302359 0.0286981 0.00923136 0.00304398 0.000881759 0.000212673 4.20715e-05 6.94055e-06 1.35843e-06 5.59749e-07 1.72249e-07
 2.56712e-27 2.5987e-27 4.17961e-26 8.27709e-20 2.02903e-14 6.01238e-10 2.15353e-06 0.000932397 0.0487983 0.308712 0.236386 0.0414787 0.149641 0.13798 0.0290838 0.0316453 0.0103434 0.00364206 0.00105649 0.000247287 4.43553e-05 6.28778e-06 6.88105e-07 1.16215e-07 2.72863e-08
 2.56915e-27 2.60412e-27 4.65085e-26 9.27118e-20 2.27272e-14 6.73447e-10 2.41217e-06 0.00104438 0.0546591 0.345788 0.264686 0.0407714 0.124375 0.114494 0.0218105 0.0209733 0.00716748 0.00303744 0.000919027 0.000226578 4.00542e-05 5.21776e-06 4.55722e-07 3.2201e-08 3.71025e-09
 2.56902e-27 2.6037e-27 4.60736e-26 9.17942e-20 2.25023e-14 6.66782e-10 2.3883e-06 0.00103404 0.0541181 0.342366 0.262083 0.0414365 0.131265 0.120742 0.0209333 0.0173744 0.00568616 0.00206063 0.000665945 0.000192011 3.60994e-05 4.75258e-06 3.80199e-07 1.80982e-08 7.42262e-10
 2.56796e-27 2.60085e-27 4.35697e-26 8.65122e-20 2.12074e-14 6.28414e-10 2.25087e-06 0.000974542 0.051004 0.322665 0.247049 0.0420051 0.146155 0.134534 0.0243135 0.0216023 0.00682312 0.00206316 0.000609872 0.000159686 3.41945e-05 5.00655e-06 4.09609e-07 1.73169e-08 3.75548e-10
 2.56791e-27 2.60073e-27 4.34914e-26 8.6347e-20 2.11669e-14 6.27214e-10 2.24657e-06 0.000972681 0.0509066 0.322049 0.246576 0.0418327 0.145175 0.133671 0.024916 0.0232019 0.00743661 0.00240801 0.00067133 0.000147733 2.80749e-05 4.32471e-06 4.01095e-07 1.73902e-08 3.11938e-10
 2.56858e-27 2.60255e-27 4.50971e-26 8.97344e-20 2.19973e-14 6.51819e-10 2.33471e-06 0.00101084 0.0529037 0.334683 0.256216 0.0413881 0.135018 0.124287 0.0230432 0.0212961 0.00690866 0.00237408 0.000682635 0.000155543 2.5843e-05 3.40994e-06 3.1904e-07 1.54731e-08 2.81905e-10
 2.56874e-27 2.60295e-27 4.54264e-26 9.04288e-20 2.21675e-14 6.56864e-10 2.35278e-06 0.00101866 0.0533131 0.337273 0.258196 0.0415223 0.134649 0.123893 0.022019 0.0190551 0.006163 0.00210052 0.000616837 0.000148742 2.57249e-05 3.1438e-06 2.49619e-07 1.19897e-08 2.38863e-10
 2.56837e-27 2.60192e-27 4.44842e-26 8.84412e-20 2.16803e-14 6.42426e-10 2.30106e-06 0.000996272 0.0521413 0.32986 0.252543 0.0419961 0.142226 0.130847 0.0225416 0.018488 0.0058614 0.00181789 0.000526299 0.000126876 2.29515e-05 2.94201e-06 2.21235e-07 9.17364e-09 1.7948e-10
 2.56671e-27 2.59744e-27 4.05586e-26 8.016e-20 1.96503e-14 5.82272e-10 2.0856e-06 0.000902985 0.047259 0.298974 0.228973 0.0428938 0.165617 0.152499 0.0275837 0.0245377 0.00770825 0.00225527 0.000626698 0.000139663 2.49594e-05 3.29787e-06 2.60007e-07 1.02689e-08 1.7752e-10
 2.56726e-27 2.59896e-27 4.19313e-26 8.30559e-20 2.03601e-14 6.03308e-10 2.16095e-06 0.000935607 0.0489663 0.309774 0.23721 0.0422494 0.154927 0.142683 0.0267453 0.0251048 0.0080072 0.002527 0.000694643 0.000145602 2.41911e-05 3.06262e-06 2.46781e-07 1.01255e-08 1.67112e-10
 2.56829e-27 2.60175e-27 4.43662e-26 8.81924e-20 2.16193e-14 6.40619e-10 2.29459e-06 0.00099347 0.0519946 0.328932 0.251831 0.0417779 0.141066 0.12983 0.02333 0.0205522 0.00664007 0.00224505 0.00063812 0.000141567 2.26517e-05 2.65543e-06 2.02146e-07 8.3991e-09 1.42404e-10
 2.56859e-27 2.60252e-27 4.5014e-26 8.95588e-20 2.19543e-14 6.50544e-10 2.33014e-06 0.00100886 0.0528002 0.334028 0.255724 0.0418917 0.139196 0.128038 0.0218166 0.017541 0.00556781 0.00174027 0.000502694 0.000119015 2.01095e-05 2.35991e-06 1.66614e-07 6.52108e-09 1.11031e-10
 2.56874e-27 2.6029e-27 4.53272e-26 9.02196e-20 2.21162e-14 6.55344e-10 2.34733e-06 0.0010163 0.0531897 0.336493 0.257607 0.0419655 0.138435 0.127303 0.0210878 0.0160554 0.00498248 0.00137924 0.000381225 8.5223e-05 1.50446e-05 1.88157e-06 1.3508e-07 4.95485e-09 7.96276e-11
 2.56893e-27 2.60341e-27 4.57922e-26 9.12005e-20 2.23567e-14 6.62469e-10 2.37285e-06 0.00102735 0.053768 0.340151 0.260397 0.0417448 0.134795 0.123965 0.0208899 0.0164414 0.00506036 0.00132422 0.000349195 6.98781e-05 1.15617e-05 1.45093e-06 1.11063e-07 4.15914e-09 6.33558e-11
 2.56921e-27 2.60416e-27 4.64316e-26 9.25493e-20 2.26873e-14 6.72267e-10 2.40795e-06 0.00104255 0.0545633 0.345182 0.264238 0.0417021 0.131772 0.12114 0.0197415 0.0145342 0.00448942 0.00120931 0.000314849 5.92905e-05 8.93918e-06 1.02093e-06 7.68314e-08 3.03364e-09 4.71662e-11
 2.56926e-27 2.60428e-27 4.65266e-26 9.27497e-20 2.27365e-14 6.73722e-10 2.41316e-06 0.00104481 0.0546814 0.34593 0.26481 0.0417801 0.131964 0.121294 0.0193616 0.0136247 0.00415118 0.00103002 0.000267288 5.12955e-05 7.43916e-06 7.75673e-07 5.24951e-08 2.01435e-09 3.25935e-11
 2.56945e-27 2.60482e-27 4.7016e-26 9.37822e-20 2.29896e-14 6.81222e-10 2.44002e-06 0.00105644 0.0552901 0.34978 0.267746 0.0415322 0.128014 0.117675 0.0191785 0.0141169 0.00427939 0.00101819 0.000256408 4.60195e-05 6.69757e-06 6.8685e-07 4.25548e-08 1.46782e-09 2.29286e-11
 2.56992e-27 2.60607e-27 4.81129e-26 9.6096e-20 2.35568e-14 6.98029e-10 2.50022e-06 0.0010825 0.0566542 0.35841 0.274332 0.0413151 0.121734 0.111852 0.0176491 0.0120956 0.00368397 0.000913534 0.000228898 3.93237e-05 5.41286e-06 5.36873e-07 3.27856e-08 1.04207e-09 1.47011e-11
 2.57031e-27 2.60713e-27 4.90368e-26 9.8045e-20 2.40345e-14 7.12187e-10 2.55093e-06 0.00110446 0.0578033 0.365679 0.279881 0.041162 0.116672 0.107153 0.0163186 0.0102413 0.0030749 0.000698498 0.000174518 3.09392e-05 4.16231e-06 3.90065e-07 2.27016e-08 7.0338e-10 9.20111e-12
 2.56989e-27 2.60596e-27 4.79801e-26 9.58157e-20 2.34881e-14 6.95993e-10 2.49293e-06 0.00107934 0.056489 0.357365 0.273539 0.041635 0.124727 0.114551 0.0169927 0.00991341 0.00293353 0.000601471 0.000144149 2.37527e-05 3.22318e-06 3.026e-07 1.67135e-08 4.90951e-10 6.19285e-12
 2.56947e-27 2.60484e-27 4.70007e-26 9.37497e-20 2.29816e-14 6.80986e-10 2.43918e-06 0.00105607 0.0552709 0.349659 0.267659 0.0418505 0.130498 0.119897 0.0183112 0.0115725 0.00340156 0.000647028 0.000149086 2.23089e-05 2.82589e-06 2.5619e-07 1.42017e-08 3.99603e-10 4.77305e-12
 2.56905e-27 2.60372e-27 4.60452e-26 9.17341e-20 2.24875e-14 6.66345e-10 2.38674e-06 0.00103337 0.0540826 0.342141 0.261918 0.0418291 0.134368 0.12354 0.0202597 0.0151019 0.00451075 0.000955847 0.000221323 3.08499e-05 3.62424e-06 2.99007e-07 1.57035e-08 4.37861e-10 5.04623e-12
#obs catch len freq
 1.63903e-41 2.27487e-33 3.81656e-26 7.73991e-20 1.89735e-14 5.62219e-10 2.01378e-06 0.000871895 0.0456315 0.288679 0.221175 0.0443648 0.16516 0.140322 0.0429329 0.0346434 0.0113301 0.00390552 0.000861235 0.000115094 6.77669e-06 1.26437e-07 5.51565e-10 4.50835e-13 5.98262e-17
 1.64467e-41 2.28269e-33 3.82968e-26 7.76652e-20 1.90387e-14 5.64152e-10 2.0207e-06 0.000874893 0.0457884 0.289671 0.221996 0.0464201 0.168633 0.135754 0.0432193 0.0330158 0.0104836 0.00337769 0.000679771 7.93338e-05 3.86187e-06 5.61907e-08 1.83147e-10 1.0893e-13 1.03527e-17
 1.91751e-41 2.66137e-33 4.465e-26 9.05493e-20 2.21971e-14 6.57741e-10 2.35592e-06 0.00102003 0.0533844 0.337726 0.258694 0.045748 0.133706 0.101677 0.0336116 0.0241521 0.00753547 0.00228084 0.000419042 4.22282e-05 1.68166e-06 1.90055e-08 4.62275e-11 2.00028e-14 1.36282e-18
 1.95056e-41 2.70725e-33 4.54198e-26 9.21104e-20 2.25798e-14 6.6908e-10 2.39653e-06 0.00103762 0.0543047 0.343548 0.263236 0.0489767 0.141341 0.100044 0.0257508 0.0154693 0.00470755 0.00133603 0.000225401 1.95727e-05 6.31631e-07 5.5049e-09 9.97403e-12 3.14184e-15 1.53622e-19
 1.98432e-41 2.7541e-33 4.62058e-26 9.37043e-20 2.29705e-14 6.80658e-10 2.43801e-06 0.00105557 0.0552445 0.349493 0.267849 0.0507433 0.139199 0.0927134 0.0254835 0.014058 0.00326002 0.000770296 0.000118123 8.85351e-06 2.31141e-07 1.54529e-09 2.07755e-12 4.76059e-16 1.67237e-20
 1.79576e-41 2.4924e-33 4.18151e-26 8.48002e-20 2.07878e-14 6.1598e-10 2.20634e-06 0.000955269 0.049995 0.316285 0.242718 0.0574618 0.174636 0.108951 0.0297333 0.015103 0.00342178 0.000657982 7.56674e-05 4.69603e-06 9.905e-08 5.08337e-10 5.06463e-13 8.42874e-17 2.12628e-21
 1.48925e-41 2.06698e-33 3.46779e-26 7.03262e-20 1.72396e-14 5.10842e-10 1.82975e-06 0.00079222 0.0414616 0.262302 0.201829 0.0661174 0.219725 0.13094 0.0472396 0.0236105 0.00502119 0.000875005 8.15898e-05 3.6429e-06 5.81806e-08 2.27755e-10 1.68566e-13 2.04066e-17 3.69789e-22
 2.12363e-41 2.94745e-33 4.94496e-26 1.00283e-19 2.45832e-14 7.28444e-10 2.60917e-06 0.00112968 0.0591229 0.37403 0.286745 0.0519713 0.109484 0.0636444 0.0324902 0.0164849 0.00414448 0.000692435 5.56327e-05 1.90285e-06 2.11783e-08 5.90253e-11 3.18852e-14 2.8086e-18 3.66639e-23
 2.02774e-41 2.81437e-33 4.72169e-26 9.5755e-20 2.34732e-14 6.95554e-10 2.49136e-06 0.00107867 0.0564535 0.357144 0.274248 0.0624111 0.146898 0.0737195 0.0174929 0.00764426 0.00242952 0.000442355 3.50629e-05 9.85788e-07 8.03796e-09 1.53281e-11 5.6796e-15 3.51986e-19 3.27672e-24
 2.06028e-41 2.85953e-33 4.79745e-26 9.72914e-20 2.38498e-14 7.06714e-10 2.53134e-06 0.00109598 0.0573593 0.362876 0.278764 0.0639277 0.139516 0.0670063 0.0207799 0.00721267 0.00122298 0.000217906 1.86808e-05 4.89666e-07 3.19112e-09 4.3868e-12 1.11197e-15 4.65675e-20 2.96452e-25
 1.7785e-41 2.46845e-33 4.14133e-26 8.39853e-20 2.0588e-14 6.10061e-10 2.18514e-06 0.000946089 0.0495145 0.313252 0.241619 0.07958 0.192362 0.0861547 0.0261678 0.00870332 0.00151967 0.000167492 1.09672e-05 2.77673e-07 1.59932e-09 1.73448e-12 3.19875e-16 9.30907e-21 4.03274e-26
 2.06618e-41 2.86772e-33 4.81119e-26 9.757e-20 2.39181e-14 7.08738e-10 2.53858e-06 0.00109912 0.0575235 0.363918 0.279985 0.0687816 0.132696 0.0598021 0.0263549 0.00832515 0.00136814 0.000138058 6.20387e-06 1.09537e-07 5.32776e-10 4.86345e-13 7.06848e-17 1.52965e-21 4.73234e-27
 1.90249e-41 2.64053e-33 4.43003e-26 8.98402e-20 2.20233e-14 6.5259e-10 2.33747e-06 0.00101204 0.0529664 0.335093 0.258863 0.0845207 0.171316 0.0673201 0.0208008 0.00665428 0.00132373 0.000123374 4.65906e-06 5.72015e-08 1.86265e-10 1.28075e-13 1.47811e-17 2.50559e-22 5.8803e-28
 1.97962e-41 2.74758e-33 4.60964e-26 9.34826e-20 2.29161e-14 6.79047e-10 2.43224e-06 0.00105307 0.0551137 0.348681 0.2694 0.0833636 0.151556 0.0599921 0.0236695 0.0061149 0.000956886 9.38215e-05 3.32757e-06 3.25006e-08 7.40675e-11 3.36811e-14 2.68953e-18 3.35237e-23 5.95422e-29
 1.69053e-41 2.34634e-33 3.93648e-26 7.9831e-20 1.95696e-14 5.79884e-10 2.07705e-06 0.000899291 0.0470653 0.297776 0.232194 0.107996 0.204646 0.0746018 0.0266232 0.00701617 0.00109517 8.31291e-05 2.63394e-06 2.28778e-08 4.09337e-11 1.32768e-14 7.14525e-19 5.94857e-24 7.24224e-30
 1.54362e-41 2.14245e-33 3.5944e-26 7.28937e-20 1.7869e-14 5.29492e-10 1.89655e-06 0.000821142 0.0429753 0.271912 0.213521 0.117964 0.213322 0.0866592 0.0414678 0.00983541 0.00141669 0.000100456 2.52388e-06 1.76092e-08 2.60723e-11 6.63697e-15 2.62492e-19 1.53043e-24 1.26797e-30
 1.78449e-41 2.47675e-33 4.15526e-26 8.42679e-20 2.06573e-14 6.12113e-10 2.19249e-06 0.000949272 0.0496811 0.314336 0.245577 0.105826 0.165518 0.0699405 0.0364086 0.0101101 0.00155287 9.639e-05 2.06951e-06 1.12866e-08 1.26565e-11 2.4929e-15 7.61973e-20 3.34263e-25 2.01752e-31
 1.74813e-41 2.42629e-33 4.07061e-26 8.25512e-20 2.02364e-14 5.99643e-10 2.14782e-06 0.000929934 0.0486691 0.307951 0.242344 0.121745 0.1791 0.0634735 0.0266909 0.00770602 0.00130326 8.32866e-05 1.53974e-06 6.7309e-09 5.77067e-12 8.39486e-16 1.89114e-20 6.17787e-26 2.78588e-32
 1.77056e-41 2.45742e-33 4.12283e-26 8.36102e-20 2.04961e-14 6.07336e-10 2.17538e-06 0.000941863 0.0492935 0.311916 0.246391 0.126197 0.170721 0.0624196 0.0254321 0.00574626 0.000880752 5.71903e-05 1.00329e-06 3.68332e-09 2.45521e-12 2.68382e-16 4.43986e-21 1.05033e-26 3.4207e-33
 1.72899e-41 2.39973e-33 4.02604e-26 8.16474e-20 2.00149e-14 5.93078e-10 2.12431e-06 0.000919752 0.0481363 0.304622 0.242649 0.137944 0.173984 0.0618661 0.0240255 0.00517379 0.000641941 3.47483e-05 5.54425e-07 1.79504e-09 9.82196e-13 8.29908e-17 1.02512e-21 1.77837e-27 4.19868e-34
 1.82627e-41 2.53474e-33 4.25255e-26 8.62409e-20 2.11409e-14 6.26445e-10 2.24382e-06 0.000971499 0.0508445 0.321772 0.256381 0.134879 0.153624 0.0558988 0.0209632 0.00418425 0.00045935 1.96963e-05 2.46592e-07 6.59806e-10 2.99183e-13 2.03235e-17 1.9464e-22 2.54078e-28 4.42233e-35
 1.79082e-41 2.48555e-33 4.17002e-26 8.45672e-20 2.07307e-14 6.14287e-10 2.20028e-06 0.000952644 0.0498578 0.315574 0.254193 0.148835 0.157246 0.0520898 0.0175661 0.00334496 0.000325445 1.14916e-05 1.09589e-07 2.19426e-10 7.64693e-14 4.06594e-18 3.0435e-23 3.0653e-29 4.04867e-36
 1.80307e-41 2.50255e-33 4.19854e-26 8.51455e-20 2.08724e-14 6.18488e-10 2.21532e-06 0.000959159 0.0501989 0.317775 0.257715 0.153292 0.149729 0.0513471 0.0161043 0.00264649 0.000225132 6.63578e-06 4.92769e-08 7.30988e-11 1.85111e-14 7.20405e-19 4.00868e-24 3.03506e-30 3.02504e-37
 1.79629e-41 2.49313e-33 4.18275e-26 8.48252e-20 2.07939e-14 6.16162e-10 2.20699e-06 0.000955551 0.0500102 0.316642 0.259401 0.161196 0.145703 0.0491163 0.0145823 0.00223014 0.000158021 3.76729e-06 2.19869e-08 2.45882e-11 4.5497e-15 1.27168e-19 5.0586e-25 2.74932e-31 1.98287e-38
 1.81743e-41 2.52248e-33 4.23198e-26 8.58237e-20 2.10387e-14 6.23414e-10 2.23297e-06 0.000966798 0.050599 0.320435 0.264595 0.164841 0.137625 0.0462461 0.0127798 0.001797 0.000110366 2.09636e-06 9.35782e-09 7.88329e-12 1.07912e-15 2.19252e-20 6.25861e-26 2.42181e-32 1.23928e-39
 1.75954e-41 2.44213e-33 4.09718e-26 8.309e-20 2.03685e-14 6.03557e-10 2.16184e-06 0.000936003 0.0489877 0.31036 0.261295 0.179399 0.14019 0.0456076 0.0116487 0.00149361 7.89153e-05 1.21721e-06 4.15905e-09 2.59556e-12 2.60383e-16 3.85534e-21 7.96704e-27 2.21619e-33 8.10266e-41
 1.67667e-41 2.32711e-33 3.9042e-26 7.91765e-20 1.94092e-14 5.7513e-10 2.06002e-06 0.000891918 0.046681 0.295926 0.255498 0.194581 0.144914 0.0486013 0.0115278 0.00131759 5.92265e-05 7.38907e-07 1.95366e-09 9.10908e-13 6.67116e-17 7.13196e-22 1.06009e-27 2.11791e-34 5.55268e-42
 1.66915e-41 2.31666e-33 3.88668e-26 7.88212e-20 1.93221e-14 5.72549e-10 2.05078e-06 0.000887916 0.0464721 0.294754 0.258133 0.197249 0.140145 0.0497029 0.0114156 0.00119281 4.49936e-05 4.48807e-07 9.15832e-10 3.20934e-13 1.73212e-17 1.34495e-22 1.43771e-28 2.05397e-35 3.84064e-43
#spawning biomass
 6724.24 5993.41 7387.41 10494.5 14177.9 16683 16780.4 20869.9 32431.9 49694 61404.1 78135.5 104713 124108 138881 111477 98590.6 96917 91990.5 97702.5 97863.2 97403.3 108046 115274 123390 125152 123914 149533 209287 351266 380249 359841 316466 267437 222202 184630 155364 133523 117703 106489 98665.7 93267.5 89551.4 86992.8 85298.6 84176.8 83434 82942.2 82616.5 82400.9 82258.1 82163.5 82100.9 82059.5 82032 82013.9 82001.8 81993.9 81988.6 81985.1 81982.8 81981.2 81980.2 81979.6 81979.1 81978.8 81978.6 81978.5 81978.4 81978.4 81978.3 81978.3 81978.3 81978.3 81978.3 81978.2 81978.2 81978.2 81978.2 81978.2 81978.2 81978.2 81978.2 81978.2 81978.2 81978.2 81978.2 81978.2 81978.2 81978.2 81978.2 81978.2 81978.2 81978.2 81978.2 81978.2 81978.2 81978.2 81978.2 81978.2 81978.2 81978.2 81978.2 81978.2 81978.2 81978.2 81978.2 81978.2 81978.2 81978.2 81978.2 81978.2 81978.2 81978.2 81978.2 81978.2 81978.2 81978.2 81978.2 81978.2 81978.2 81978.2 81978.2 81978.2 81978.2 81978.2 81978.2 81978.2 0 0 0 0 0 0 0 0 0 0 0 0 0 0 0 0 0 0 0 0 0 0 0 0 0
