SBPRF35
0.827133
Curr Bio
184482
B35
664326
F35
0.221841
FOFL
0.134032
OFL
38265.3
Bzero
236324
#pred survey bio
 11861.5 9504.08 11832.3 16511.2 20895.9 24190.2 27966 31787.4 37653.1 45633.6 62780.1 69127.6 87440 117139 120254 96421 83072.6 89966.4 94181.6 81638.3 82573.8 91292.7 93622.6 104679 111185 117432 110509 103752 120483 1.18483e+07 1.07556e+07 1.12879e+07 1.03567e+07 8.90003e+06 7.38565e+06 6.04064e+06 4.94408e+06 4.09572e+06 3.46106e+06 2.9964e+06 2.66071e+06 2.41987e+06 2.24684e+06 2.12111e+06 2.02959e+06 1.96456e+06 1.91779e+06 1.88374e+06 1.85863e+06 1.83988e+06 1.82572e+06 1.8149e+06 1.80655e+06 1.80004e+06 1.79493e+06 1.79089e+06 1.78768e+06 1.78511e+06 1.78304e+06 1.78138e+06 1.78003e+06 1.77894e+06 1.77806e+06 1.77734e+06 1.77675e+06 1.77627e+06 1.77588e+06 1.77556e+06 1.7753e+06 1.77509e+06 1.77492e+06 1.77477e+06 1.77466e+06 1.77456e+06 1.77448e+06 1.77442e+06 1.77437e+06 1.77433e+06 1.77429e+06 1.77426e+06 1.77424e+06 1.77422e+06 1.7742e+06 1.77419e+06 1.77418e+06 1.77417e+06 1.77417e+06 1.77416e+06 1.77415e+06 1.77415e+06 1.77415e+06 1.77415e+06 1.77414e+06 1.77414e+06 1.77414e+06 1.77414e+06 1.77414e+06 1.77414e+06 1.77414e+06 1.77414e+06 1.77414e+06 1.77414e+06 1.77413e+06 1.77413e+06 1.77413e+06 1.77413e+06 1.77413e+06 1.77413e+06 1.77413e+06 1.77413e+06 1.77413e+06 1.77413e+06 1.77413e+06 1.77413e+06 1.77413e+06 1.77413e+06 1.77413e+06 1.77413e+06 1.77413e+06 1.77413e+06 1.77413e+06 1.77413e+06 1.77413e+06 1.77413e+06 1.77413e+06 1.77413e+06 1.77413e+06 1.77413e+06 1.77413e+06 0 0 0 0 0 0 0 0 0 0 0 0 0 0 0 0 0 0 0 0 0 0 0 0 0
#obs survey bio
 12026 8044.59 18242.2 22181.4 20204 34064.2 19595 34462.6 35132.8 48928.5 65144.5 110827 92926.9 126824 96126 112135 62312.1 68381.5 115697 55471.8 73649.7 91524.7 79508.6 150743 100341 125283 67608.5 124951 105463
#pred catch bio
 8078.63 5771.88 7112.92 10092.2 14261.4 17429.1 20810.3 23790.5 30162 35191.7 53362.6 58879.8 73534.3 101085 108093 88788.7 74565.7 82246.9 93256.7 78542.9 81604.8 92590 92547 107511 112103 120390 111416 102426 6740.9 38265.3 95313.4 96209 87039.3 73697.4 60098.6 48201.6 38655.1 31406.1 26104.9 22330.6 19695.2 17881.4 16643.3 15800.4 15231.8 14858.8 14614.2 14453.8 14348.6 14279.6 14234.3 14204.6 14185.2 14172.4 14164 14158.5 14154.9 14152.6 14151 14150 14149.3 14148.9 14148.6 14148.4 14148.3 14148.2 14148.2 14148.1 14148.1 14148.1 14148.1 14148.1 14148.1 14148.1 14148.1 14148.1 14148.1 14148.1 14148.1 14148.1 14148.1 14148.1 14148.1 14148.1 14148.1 14148.1 14148.1 14148.1 14148.1 14148.1 14148.1 14148.1 14148.1 14148.1 14148.1 14148.1 14148.1 14148.1 14148.1 14148.1 14148.1 14148.1 14148.1 14148.1 14148.1 14148.1 14148.1 14148.1 14148.1 14148.1 14148.1 14148.1 14148.1 14148.1 14148.1 14148.1 14148.1 14148.1 14148.1 14148.1 14148.1 14148.1 14148.1 14148.1 14148.1 14148.1 14148.1 14148.1 14148.1 0 0 0 0 0 0 0 0 0 0 0 0 0 0 0 0 0 0 0 0 0 0 0 0 0
#obs catch bio
 6240.46 5924.35 7023.14 9800.45 14539 17276.2 21248.2 23852.8 30275.1 34326.5 52341.8 58188.3 72030.7 100804 110177 87771.3 74659.9 82982.3 91830.4 79045.4 81486.3 91402.7 91724.6 103772 107169 118598 110433 102434 6549.77
#pred cpue bio
 11851.7 9065.95 11021.5 15832.7 19935.2 22881.7 26541 29992.6 35334.7 41537 58919.9 63985.6 78653.8 109295 115834 91892.8 76938.6 83381.9 87531.2 76088.1 74479.3 82821.3 85020.8 93963.6 100478 107095 101754 95256.2 104425 1.17062e+07 1.11112e+07 1.13133e+07 1.03541e+07 8.8956e+06 7.38111e+06 6.03609e+06 4.93953e+06 4.09117e+06 3.45651e+06 2.99186e+06 2.65616e+06 2.41532e+06 2.24229e+06 2.11657e+06 2.02504e+06 1.96001e+06 1.91324e+06 1.87919e+06 1.85408e+06 1.83534e+06 1.82117e+06 1.81035e+06 1.802e+06 1.7955e+06 1.79039e+06 1.78635e+06 1.78313e+06 1.78056e+06 1.7785e+06 1.77683e+06 1.77549e+06 1.7744e+06 1.77351e+06 1.77279e+06 1.7722e+06 1.77173e+06 1.77134e+06 1.77102e+06 1.77076e+06 1.77054e+06 1.77037e+06 1.77023e+06 1.77011e+06 1.77002e+06 1.76994e+06 1.76987e+06 1.76982e+06 1.76978e+06 1.76975e+06 1.76972e+06 1.76969e+06 1.76967e+06 1.76966e+06 1.76965e+06 1.76963e+06 1.76963e+06 1.76962e+06 1.76961e+06 1.76961e+06 1.7696e+06 1.7696e+06 1.7696e+06 1.7696e+06 1.7696e+06 1.76959e+06 1.76959e+06 1.76959e+06 1.76959e+06 1.76959e+06 1.76959e+06 1.76959e+06 1.76959e+06 1.76959e+06 1.76959e+06 1.76959e+06 1.76959e+06 1.76959e+06 1.76959e+06 1.76959e+06 1.76959e+06 1.76959e+06 1.76959e+06 1.76959e+06 1.76959e+06 1.76959e+06 1.76959e+06 1.76959e+06 1.76959e+06 1.76959e+06 1.76959e+06 1.76959e+06 1.76959e+06 1.76959e+06 1.76959e+06 1.76959e+06 1.76959e+06 1.76959e+06 1.76959e+06 1.76959e+06 0 0 0 0 0 0 0 0 0 0 0 0 0 0 0 0 0 0 0 0 0 0 0 0 0
#obs cpue bio
 6952.55 6331.78 12387.5 18843.5 11833.4 20683.8 23424.8 27561.2 41984.6 59171.7 69122.7 56710.1 79432.1 99579.1 100182 131013 64225 115915 92255.1 94322.3 90361.3 96380 119823 131692 202815 113695 184809 118542 149362
#pred surv len freq
 2.55766e-27 2.57337e-27 1.98729e-26 3.65241e-20 8.95344e-15 2.65307e-10 9.50284e-07 0.000411437 0.0215331 0.136225 0.104716 0.0438441 0.260147 0.24025 0.0521729 0.0589205 0.0241914 0.0171608 0.01026 0.00766378 0.005976 0.00517801 0.0052363 0.00467938 0.00143322
 2.56118e-27 2.58339e-27 2.91067e-26 5.60048e-20 1.37289e-14 4.06812e-10 1.45713e-06 0.000630882 0.0330181 0.208882 0.160104 0.0381151 0.177637 0.165142 0.0577568 0.090477 0.0324097 0.0161417 0.0072861 0.0041131 0.00259477 0.0019165 0.0017168 0.00153883 0.000517261
 2.56341e-27 2.58902e-27 3.36104e-26 6.55041e-20 1.60575e-14 4.75813e-10 1.70428e-06 0.00073789 0.0386185 0.244312 0.187205 0.0411195 0.181458 0.167618 0.0391359 0.0475571 0.0220474 0.0181767 0.00671591 0.00258077 0.00111216 0.000621832 0.00045907 0.000387449 0.000135093
 2.56152e-27 2.58373e-27 2.87904e-26 5.53352e-20 1.35648e-14 4.01948e-10 1.43971e-06 0.000623339 0.0326233 0.206385 0.158285 0.0436237 0.220836 0.203892 0.0445174 0.0504222 0.0186659 0.0104504 0.00555883 0.00275912 0.000797628 0.000275538 0.000143297 0.000104015 3.59738e-05
 2.56159e-27 2.58414e-27 2.93635e-26 5.6545e-20 1.38613e-14 4.10736e-10 1.47119e-06 0.000636968 0.0333366 0.210897 0.161699 0.0416387 0.203332 0.188191 0.0499414 0.0667668 0.0239411 0.0118636 0.00454392 0.00203946 0.000850228 0.000216849 6.1518e-05 3.20747e-05 1.04161e-05
 2.56242e-27 2.58623e-27 3.10398e-26 6.00807e-20 1.47281e-14 4.36419e-10 1.56318e-06 0.000676797 0.0354211 0.224084 0.171784 0.0426081 0.203623 0.188076 0.0429291 0.0508687 0.0201348 0.0127324 0.00464858 0.0016575 0.000537553 0.000171019 3.43122e-05 9.3045e-06 2.53608e-06
 2.56235e-27 2.58588e-27 3.05999e-26 5.91523e-20 1.45005e-14 4.29675e-10 1.53902e-06 0.000666338 0.0348737 0.220621 0.169158 0.0437949 0.214499 0.197945 0.0416965 0.0454513 0.0166232 0.00883702 0.00373506 0.00154892 0.000418185 0.000104202 2.19725e-05 3.35791e-06 5.89578e-07
 2.56276e-27 2.58698e-27 3.15336e-26 6.11218e-20 1.49833e-14 4.43981e-10 1.59027e-06 0.000688525 0.0360349 0.227967 0.174766 0.0437208 0.209996 0.193787 0.0409418 0.044733 0.0157282 0.00738056 0.00274634 0.00107026 0.000345834 7.70497e-05 1.3031e-05 1.6374e-06 1.5599e-07
 2.56317e-27 2.58802e-27 3.24102e-26 6.29709e-20 1.54366e-14 4.57413e-10 1.63838e-06 0.000709354 0.037125 0.234864 0.180034 0.0438434 0.207227 0.191156 0.0390994 0.041183 0.0144933 0.00680082 0.00236587 0.000799892 0.000229925 5.68314e-05 8.82062e-06 8.80974e-07 5.50676e-08
 2.56507e-27 2.59307e-27 3.67582e-26 7.2143e-20 1.7685e-14 5.24037e-10 1.87701e-06 0.000812676 0.0425325 0.269073 0.206151 0.0435427 0.18659 0.171912 0.0320877 0.0299886 0.0103752 0.00463087 0.00160663 0.000528885 0.000132752 2.88985e-05 4.66599e-06 4.16855e-07 1.94022e-08
 2.56337e-27 2.58838e-27 3.25316e-26 6.32264e-20 1.54992e-14 4.59268e-10 1.64502e-06 0.000712232 0.0372757 0.235817 0.180786 0.0453622 0.218257 0.201027 0.0353054 0.0299691 0.00992516 0.00378167 0.00126128 0.000399512 9.80673e-05 1.89522e-05 2.69577e-06 2.38361e-07 9.48406e-09
 2.56419e-27 2.5906e-27 3.44998e-26 6.73785e-20 1.6517e-14 4.89429e-10 1.75305e-06 0.000759005 0.0397236 0.251303 0.192601 0.044731 0.205153 0.188961 0.0336483 0.0292095 0.00941957 0.0031732 0.000971865 0.000269101 6.26279e-05 1.16421e-05 1.47123e-06 1.15903e-07 4.3676e-09
 2.56577e-27 2.59485e-27 3.82184e-26 7.52229e-20 1.844e-14 5.4641e-10 1.95715e-06 0.000847371 0.0443483 0.28056 0.21493 0.0439848 0.183786 0.169162 0.0286582 0.0228068 0.00738867 0.0025529 0.000746759 0.000182317 3.68645e-05 6.24315e-06 7.42653e-07 5.17414e-08 1.75536e-09
 2.56384e-27 2.58954e-27 3.34538e-26 6.51713e-20 1.5976e-14 4.73396e-10 1.69563e-06 0.000734141 0.0384223 0.243071 0.186335 0.0459774 0.21904 0.201568 0.0321224 0.0225381 0.00712976 0.00221922 0.000648268 0.000158874 2.89637e-05 4.19837e-06 4.41975e-07 2.82983e-08 8.49322e-10
 2.56171e-27 2.58381e-27 2.84518e-26 5.46195e-20 1.33893e-14 3.9675e-10 1.42109e-06 0.000615278 0.0322014 0.203716 0.156298 0.0468691 0.24693 0.227455 0.039436 0.0326952 0.0101115 0.00271759 0.000749662 0.000169115 3.07335e-05 4.13506e-06 3.68399e-07 2.05543e-08 5.56536e-10
 2.56234e-27 2.58561e-27 3.0109e-26 5.81157e-20 1.42464e-14 4.22146e-10 1.51205e-06 0.000654662 0.0342626 0.216755 0.166238 0.0458062 0.231857 0.213661 0.0390841 0.035393 0.011357 0.0036991 0.000996646 0.000196318 3.26265e-05 4.20296e-06 3.48719e-07 1.64579e-08 3.85531e-10
 2.56421e-27 2.59061e-27 3.44549e-26 6.72835e-20 1.64937e-14 4.88739e-10 1.75058e-06 0.000757935 0.0396676 0.250948 0.192338 0.0452148 0.209019 0.192416 0.0322235 0.0250934 0.00822343 0.0029932 0.000870215 0.000198283 3.03931e-05 3.45989e-06 2.67508e-07 1.15906e-08 2.30611e-10
 2.56422e-27 2.59058e-27 3.438e-26 6.71254e-20 1.6455e-14 4.8759e-10 1.74647e-06 0.000756153 0.0395743 0.250359 0.191895 0.0456288 0.212482 0.195534 0.0313844 0.0223717 0.00704473 0.00213933 0.000636237 0.000161974 2.82804e-05 3.27228e-06 2.22448e-07 8.79479e-09 1.58187e-10
 2.56408e-27 2.59018e-27 3.40048e-26 6.63337e-20 1.62609e-14 4.81839e-10 1.72587e-06 0.000747235 0.0391076 0.247406 0.189644 0.0459019 0.216141 0.19888 0.031422 0.0216065 0.00667929 0.00182675 0.000500755 0.000111443 2.09107e-05 2.7566e-06 1.97862e-07 7.02899e-09 1.13787e-10
 2.56402e-27 2.58992e-27 3.36812e-26 6.56507e-20 1.60935e-14 4.76878e-10 1.7081e-06 0.000739541 0.0387049 0.244859 0.187713 0.0467572 0.224006 0.205962 0.0294939 0.0154197 0.00470634 0.00123454 0.000325427 6.48564e-05 1.06642e-05 1.39241e-06 1.13253e-07 4.27501e-09 6.35983e-11
 2.56572e-27 2.59459e-27 3.78774e-26 7.45031e-20 1.82635e-14 5.41181e-10 1.93842e-06 0.000839262 0.0439239 0.277875 0.212895 0.0449801 0.19279 0.177288 0.0268057 0.0164962 0.00486126 0.000953835 0.000236465 4.49728e-05 6.77848e-06 7.71241e-07 5.98732e-08 2.50188e-09 3.94093e-11
 2.56549e-27 2.5939e-27 3.71972e-26 7.3068e-20 1.79117e-14 5.30757e-10 1.90108e-06 0.000823096 0.0430779 0.272523 0.208821 0.0457927 0.201836 0.185487 0.0255582 0.0115927 0.00346208 0.000802052 0.000190205 2.80148e-05 3.89664e-06 4.081e-07 2.76047e-08 1.09045e-09 1.85409e-11
 2.56545e-27 2.59378e-27 3.70742e-26 7.28083e-20 1.78481e-14 5.28871e-10 1.89433e-06 0.000820171 0.0429248 0.271554 0.208084 0.0459553 0.203591 0.187082 0.0253938 0.0108085 0.00310774 0.000529845 0.000123145 2.05069e-05 2.47373e-06 2.1442e-07 1.31349e-08 4.54638e-10 7.30457e-12
 2.566e-27 2.5953e-27 3.84553e-26 7.5722e-20 1.85623e-14 5.50035e-10 1.97013e-06 0.000852993 0.0446426 0.282421 0.216371 0.0452699 0.192553 0.176961 0.0247986 0.0119973 0.00344353 0.000551576 0.000117796 1.51385e-05 1.86957e-06 1.59303e-07 7.9525e-09 2.40194e-10 3.40331e-12
 2.56571e-27 2.59447e-27 3.76704e-26 7.40661e-20 1.81564e-14 5.38007e-10 1.92705e-06 0.000834339 0.0436663 0.276245 0.211665 0.0458899 0.200577 0.184272 0.0243826 0.00921154 0.00265457 0.000480339 0.000104385 1.24588e-05 1.28914e-06 9.55895e-08 4.75183e-09 1.20932e-10 1.45724e-12
 2.56524e-27 2.59319e-27 3.65485e-26 7.16994e-20 1.75762e-14 5.20816e-10 1.86547e-06 0.000807679 0.042271 0.267418 0.204929 0.0461266 0.207112 0.19033 0.0259597 0.0112781 0.0031964 0.000459285 9.63747e-05 1.27728e-05 1.30966e-06 8.42373e-08 3.49801e-09 8.43828e-11 8.82019e-13
 2.56474e-27 2.59183e-27 3.53342e-26 6.91377e-20 1.69483e-14 5.02208e-10 1.79882e-06 0.000778822 0.0407607 0.257864 0.197641 0.046624 0.216017 0.198514 0.0268082 0.011155 0.00319273 0.0005208 0.000108413 1.17605e-05 1.2061e-06 8.21031e-08 3.07376e-09 6.18687e-11 5.8692e-13
 2.56487e-27 2.59221e-27 3.56916e-26 6.98917e-20 1.71331e-14 5.07685e-10 1.81844e-06 0.000787316 0.0412053 0.260676 0.199783 0.0462797 0.211892 0.194766 0.0271939 0.0129765 0.00371605 0.000582677 0.000122766 1.47693e-05 1.40723e-06 8.45034e-08 3.28605e-09 6.21131e-11 4.97979e-13
 2.56756e-27 2.59958e-27 4.22757e-26 8.37817e-20 2.05381e-14 6.0858e-10 2.17983e-06 0.000943783 0.0493942 0.312481 0.239302 0.0438179 0.165393 0.151969 0.0216477 0.0111061 0.00322696 0.000576098 0.000124347 1.45279e-05 1.44705e-06 8.93941e-08 3.08255e-09 5.71823e-11 4.39986e-13
#obs surv len freq
 1.08887e-41 1.51128e-33 2.53549e-26 5.14191e-20 1.26048e-14 3.73503e-10 1.33783e-06 0.000579233 0.0303148 0.191781 0.147153 0.040276 0.173692 0.146918 0.103565 0.101217 0.0433627 0.0168573 0.00378323 0.000474603 2.44137e-05 3.71347e-07 1.25526e-09 7.69604e-13 7.50424e-17
 1.6064e-41 2.22958e-33 3.74058e-26 7.58583e-20 1.85958e-14 5.51026e-10 1.97369e-06 0.000854538 0.0447231 0.282932 0.216771 0.0407456 0.12687 0.102357 0.0758085 0.0683862 0.0283543 0.00999168 0.00198356 0.000211563 8.84939e-06 1.04291e-07 2.6267e-10 1.17001e-13 8.16861e-18
 1.53789e-41 2.13448e-33 3.58104e-26 7.26228e-20 1.78026e-14 5.27524e-10 1.88951e-06 0.000818091 0.0428156 0.270865 0.207786 0.0500766 0.176988 0.12897 0.056297 0.042309 0.0167425 0.00531922 0.000926919 8.21747e-05 2.7334e-06 2.46621e-08 4.61325e-11 1.49362e-14 7.47578e-19
 1.07806e-41 1.49628e-33 2.51032e-26 5.09089e-20 1.24797e-14 3.69797e-10 1.32455e-06 0.000573485 0.0300139 0.189879 0.146176 0.0565072 0.23022 0.163048 0.0978397 0.0656293 0.0157376 0.00376483 0.00056657 4.13284e-05 1.07261e-06 7.2812e-09 1.00219e-11 2.3519e-15 8.44268e-20
 1.50418e-41 2.08771e-33 3.50256e-26 7.10312e-20 1.74125e-14 5.15963e-10 1.8481e-06 0.000800162 0.0418773 0.264929 0.203287 0.0472835 0.142435 0.10425 0.103734 0.068805 0.0187914 0.0034718 0.00031646 1.73616e-05 3.46718e-07 1.74669e-09 1.7465e-12 2.94638e-16 7.55692e-21
 1.20076e-41 1.66658e-33 2.79603e-26 5.67029e-20 1.39e-14 4.11884e-10 1.4753e-06 0.000638754 0.0334299 0.211491 0.163037 0.06496 0.231087 0.143957 0.0785234 0.0497969 0.0190603 0.00371801 0.000290341 9.76032e-06 1.2902e-07 4.68964e-10 3.37261e-13 4.05259e-17 7.37026e-22
 1.37766e-41 1.9121e-33 3.20795e-26 6.50565e-20 1.59478e-14 4.72564e-10 1.69265e-06 0.000732857 0.0383548 0.242647 0.186706 0.0579177 0.174986 0.116517 0.109657 0.0569045 0.0128502 0.0024959 0.000222641 6.33883e-06 5.31681e-08 1.20136e-10 5.86486e-14 4.94402e-18 6.32927e-23
 1.19371e-41 1.65679e-33 2.77961e-26 5.63699e-20 1.38184e-14 4.09465e-10 1.46664e-06 0.000635003 0.0332336 0.210251 0.162538 0.0723323 0.227574 0.133482 0.093715 0.0493332 0.0147036 0.00206099 0.000135271 3.78832e-06 2.69185e-08 4.06772e-11 1.22335e-14 6.62856e-19 5.73786e-24
 1.5133e-41 2.10036e-33 3.52378e-26 7.14616e-20 1.7518e-14 5.19089e-10 1.85929e-06 0.00080501 0.042131 0.266538 0.205333 0.0643206 0.166639 0.103995 0.0966853 0.0424308 0.00964818 0.00138831 8.10158e-05 1.61103e-06 9.50195e-09 1.18748e-11 2.56983e-15 9.01278e-20 4.92749e-25
 1.51986e-41 2.10946e-33 3.53906e-26 7.17714e-20 1.75939e-14 5.2134e-10 1.86735e-06 0.0008085 0.0423137 0.267697 0.206842 0.0779973 0.198515 0.103624 0.0659715 0.0283573 0.00704002 0.000791751 3.82772e-05 6.48441e-07 2.78455e-09 2.58904e-12 4.38542e-16 1.16419e-20 4.48822e-26
 1.09822e-41 1.52426e-33 2.55727e-26 5.18609e-20 1.27131e-14 3.76712e-10 1.34932e-06 0.000584209 0.0305752 0.193443 0.151212 0.097165 0.258009 0.136024 0.0951747 0.0317616 0.00546042 0.000565968 2.32824e-05 3.02206e-07 1.01779e-09 6.98648e-13 8.42658e-17 1.63305e-21 4.69947e-27
 1.66774e-41 2.31471e-33 3.88341e-26 7.87548e-20 1.93058e-14 5.72067e-10 2.04905e-06 0.000887168 0.0464308 0.293746 0.226802 0.0713302 0.144848 0.0938492 0.0890457 0.0282385 0.00448519 0.000325848 9.88341e-06 1.03128e-07 2.60759e-10 1.32435e-13 1.17243e-17 1.62348e-22 3.29577e-28
 1.33569e-41 1.85385e-33 3.11022e-26 6.30746e-20 1.5462e-14 4.58167e-10 1.64108e-06 0.000710531 0.0371864 0.235276 0.18433 0.110477 0.242786 0.106783 0.0576929 0.0204787 0.00400634 0.000265304 6.02559e-06 4.30106e-08 7.95354e-11 2.97815e-14 1.90433e-18 1.89652e-23 2.76136e-29
 1.1163e-41 1.54935e-33 2.59935e-26 5.27143e-20 1.29223e-14 3.82911e-10 1.37152e-06 0.000593823 0.0310783 0.196642 0.155415 0.11175 0.234952 0.137975 0.104198 0.0241749 0.00300598 0.000209918 4.69298e-06 2.5894e-08 3.26105e-11 8.3468e-15 3.78099e-19 2.69172e-24 2.78855e-30
 8.72145e-42 1.21048e-33 2.03083e-26 4.11848e-20 1.0096e-14 2.99162e-10 1.07155e-06 0.000463944 0.024281 0.153652 0.123857 0.123292 0.249074 0.160172 0.125165 0.0350653 0.00476066 0.000212207 3.65108e-06 1.84421e-08 1.88416e-11 3.42651e-15 1.04676e-19 5.05619e-25 3.63152e-31
 1.41914e-41 1.96967e-33 3.30454e-26 6.70153e-20 1.6428e-14 4.86792e-10 1.74361e-06 0.000754923 0.0395097 0.249985 0.195957 0.0947829 0.160029 0.12597 0.100737 0.0281096 0.00397333 0.000186961 2.51913e-06 8.7197e-09 7.00061e-12 1.03175e-15 2.38757e-20 8.1583e-26 3.99819e-32
 9.7335e-42 1.35094e-33 2.26649e-26 4.5964e-20 1.12675e-14 3.33878e-10 1.1959e-06 0.000517781 0.0270987 0.17152 0.141443 0.162227 0.273022 0.126412 0.072284 0.0221642 0.00316328 0.000146017 1.91038e-06 5.55629e-09 3.16073e-12 3.27534e-16 5.67309e-21 1.48358e-26 5.44842e-33
 1.43447e-41 1.99095e-33 3.34023e-26 6.77393e-20 1.66055e-14 4.92051e-10 1.76245e-06 0.000763078 0.0399365 0.252712 0.200017 0.107742 0.161152 0.13626 0.0843249 0.0153492 0.00166626 7.52321e-05 9.19049e-07 2.4072e-09 1.15572e-12 9.10706e-17 1.11054e-21 2.02146e-27 5.30522e-34
 1.00103e-41 1.38936e-33 2.33094e-26 4.72711e-20 1.15879e-14 3.43372e-10 1.2299e-06 0.000532506 0.0278694 0.176454 0.149176 0.183477 0.261135 0.121349 0.0625127 0.0159623 0.0014874 4.34126e-05 4.29987e-07 9.8385e-10 4.01853e-13 2.61068e-17 2.51591e-22 3.43462e-28 6.45716e-35
 1.28992e-41 1.79032e-33 3.00364e-26 6.09131e-20 1.49321e-14 4.42467e-10 1.58484e-06 0.000686183 0.0359122 0.22731 0.184476 0.132454 0.181363 0.15195 0.0736915 0.0111914 0.000936421 2.67587e-05 1.88199e-07 3.04524e-10 9.77175e-14 5.12716e-18 3.94946e-23 4.23947e-29 6.1489e-36
 1.41185e-41 1.95955e-33 3.28755e-26 6.66708e-20 1.63436e-14 4.8429e-10 1.73465e-06 0.000751042 0.0393068 0.248845 0.20466 0.159218 0.187322 0.101626 0.0478672 0.00973966 0.000649668 1.31182e-05 7.81556e-08 9.75504e-11 2.17259e-14 8.08994e-19 4.65463e-24 3.82627e-30 4.26441e-37
 1.13063e-41 1.56924e-33 2.63272e-26 5.3391e-20 1.30882e-14 3.87826e-10 1.38913e-06 0.000601446 0.0314777 0.199419 0.172989 0.197031 0.225511 0.122132 0.0441405 0.00627735 0.000411499 7.77737e-06 3.36992e-08 3.10914e-11 5.30155e-15 1.43854e-19 5.77008e-25 3.30584e-31 2.62871e-38
 1.37543e-41 1.909e-33 3.20275e-26 6.49511e-20 1.5922e-14 4.71798e-10 1.6899e-06 0.00073167 0.0382932 0.242522 0.20309 0.160372 0.179168 0.126454 0.0438514 0.00526678 0.000245234 3.63706e-06 1.3664e-08 9.81495e-12 1.19799e-15 2.34459e-20 6.89265e-26 2.86162e-32 1.61129e-39
 1.35685e-41 1.88322e-33 3.1595e-26 6.4074e-20 1.5707e-14 4.65427e-10 1.66708e-06 0.000721789 0.0377764 0.239394 0.207276 0.193937 0.187979 0.0966732 0.0319471 0.00412631 0.000165344 1.77862e-06 4.77167e-09 2.64838e-12 2.53064e-16 3.68822e-21 7.74425e-27 2.27618e-33 9.14732e-41
 1.18717e-41 1.64771e-33 2.76438e-26 5.60611e-20 1.37427e-14 4.07222e-10 1.4586e-06 0.000631525 0.0330528 0.209666 0.190385 0.214415 0.206941 0.112551 0.0293904 0.00286036 0.000104311 9.92816e-07 2.00796e-09 7.77315e-13 5.26854e-17 5.66683e-22 8.91045e-28 1.93639e-34 5.62594e-42
 1.06646e-41 1.48017e-33 2.48329e-26 5.03606e-20 1.23453e-14 3.65814e-10 1.31029e-06 0.00056731 0.0296925 0.188557 0.178441 0.220774 0.217108 0.129681 0.0323282 0.00277406 7.54167e-05 5.57578e-07 9.30181e-10 2.81247e-13 1.37548e-17 1.02819e-22 1.12684e-28 1.74077e-35 3.66002e-43
 1.04295e-41 1.44755e-33 2.42857e-26 4.92509e-20 1.20733e-14 3.57753e-10 1.28141e-06 0.000554809 0.0290389 0.184578 0.17874 0.220934 0.217227 0.13333 0.0327792 0.00275218 6.48556e-05 3.68193e-07 4.48663e-10 1.02364e-13 3.84516e-18 2.15712e-23 1.70923e-29 1.85628e-36 2.71136e-44
 1.26677e-41 1.75819e-33 2.94973e-26 5.982e-20 1.46642e-14 4.34526e-10 1.5564e-06 0.000673869 0.0352698 0.223893 0.204383 0.199827 0.192617 0.113575 0.027427 0.00227943 5.2608e-05 2.77361e-07 2.87865e-10 5.26602e-14 1.56874e-18 7.11047e-24 4.63177e-30 4.14646e-37 4.94362e-45
 1.2668e-41 1.75823e-33 2.94979e-26 5.98212e-20 1.46645e-14 4.34535e-10 1.55643e-06 0.000673883 0.0352705 0.223898 0.204387 0.199836 0.192786 0.11393 0.0270453 0.00212628 4.54228e-05 2.17311e-07 2.01674e-10 3.26012e-14 8.50751e-19 3.35948e-24 1.90106e-30 1.47644e-37 1.52572e-45
#pred catch len freq
 2.55643e-27 2.57e-27 1.68522e-26 3.01516e-20 7.3913e-15 2.19017e-10 7.84484e-07 0.000339651 0.0177761 0.112458 0.0865867 0.0450706 0.282218 0.260545 0.054465 0.0590361 0.0241795 0.0170892 0.010213 0.00762751 0.0059476 0.00515339 0.0052114 0.00465713 0.0014264
 2.55931e-27 2.57834e-27 2.46712e-26 4.6648e-20 1.14352e-14 3.38845e-10 1.21369e-06 0.00052548 0.0275017 0.173984 0.133473 0.0391618 0.204313 0.189804 0.062939 0.0961043 0.0343703 0.0170473 0.00769106 0.00434088 0.0027384 0.00202258 0.00181182 0.00162401 0.000545891
 2.56141e-27 2.58358e-27 2.88129e-26 5.53834e-20 1.35766e-14 4.02298e-10 1.44096e-06 0.000623882 0.0326517 0.206564 0.158404 0.0424826 0.212067 0.195851 0.0438949 0.0513386 0.0237337 0.0195032 0.00720389 0.00276766 0.00119265 0.000666837 0.000492295 0.00041549 0.00014487
 2.55962e-27 2.57854e-27 2.41841e-26 4.56179e-20 1.11827e-14 3.31363e-10 1.18689e-06 0.000513876 0.0268944 0.170142 0.130635 0.0451309 0.251731 0.232362 0.0488264 0.0530917 0.0196142 0.0109371 0.00581492 0.00288578 0.000834224 0.000288177 0.000149871 0.000108787 3.7624e-05
 2.56007e-27 2.58001e-27 2.56966e-26 4.88093e-20 1.1965e-14 3.54545e-10 1.26992e-06 0.000549827 0.0287759 0.182045 0.139687 0.0428285 0.227851 0.210791 0.0534562 0.0690993 0.0247344 0.0122062 0.00467295 0.00209692 0.000874155 0.000222951 6.32489e-05 3.29772e-05 1.07092e-05
 2.56109e-27 2.58259e-27 2.78053e-26 5.32572e-20 1.30554e-14 3.86854e-10 1.38564e-06 0.000599931 0.0313982 0.198634 0.152369 0.0437508 0.225959 0.208643 0.0457538 0.0521382 0.0205906 0.0129714 0.00473411 0.00168762 0.000547301 0.000174119 3.49341e-05 9.47315e-06 2.58205e-06
 2.56115e-27 2.58259e-27 2.76556e-26 5.2941e-20 1.29778e-14 3.84556e-10 1.37742e-06 0.000596369 0.0312118 0.197455 0.151487 0.04491 0.2354 0.217177 0.0440924 0.0460744 0.016817 0.00890382 0.00376156 0.00155961 0.000421058 0.000104917 2.21233e-05 3.38095e-06 5.93624e-07
 2.56158e-27 2.58374e-27 2.86385e-26 5.50142e-20 1.34861e-14 3.99617e-10 1.43136e-06 0.000619724 0.0324341 0.205188 0.15739 0.0448166 0.230543 0.212694 0.043305 0.0453632 0.0159203 0.0074395 0.00276693 0.00107805 0.000348339 7.76072e-05 1.31253e-05 1.64924e-06 1.57119e-07
 2.56233e-27 2.58572e-27 3.03396e-26 5.86028e-20 1.43658e-14 4.25683e-10 1.52473e-06 0.000660148 0.0345498 0.218572 0.167608 0.0447243 0.222661 0.205338 0.0405307 0.0408743 0.0143574 0.00670897 0.00233283 0.000788536 0.000226652 5.6022e-05 8.695e-06 8.68428e-07 5.42833e-08
 2.56404e-27 2.59023e-27 3.42187e-26 6.67855e-20 1.63717e-14 4.85122e-10 1.73762e-06 0.000752325 0.039374 0.249091 0.190909 0.044521 0.204743 0.188612 0.0341122 0.0304017 0.0104975 0.00466569 0.00161792 0.000532478 0.000133649 2.90936e-05 4.69747e-06 4.19668e-07 1.95331e-08
 2.56284e-27 2.58691e-27 3.12051e-26 6.04277e-20 1.48131e-14 4.38939e-10 1.57221e-06 0.000680706 0.0356257 0.225378 0.172826 0.046015 0.228818 0.210714 0.0359636 0.0290286 0.00959559 0.00364021 0.00121342 0.000384261 9.43201e-05 1.82279e-05 2.59274e-06 2.29251e-07 9.12159e-09
 2.56368e-27 2.58919e-27 3.32284e-26 6.46962e-20 1.58595e-14 4.69945e-10 1.68327e-06 0.00072879 0.0381422 0.241299 0.184972 0.0453533 0.215249 0.198221 0.034279 0.0283145 0.00911521 0.00305713 0.000935748 0.000259035 6.02825e-05 1.1206e-05 1.41612e-06 1.11561e-07 4.204e-09
 2.5652e-27 2.59328e-27 3.67999e-26 7.22303e-20 1.77064e-14 5.24672e-10 1.87929e-06 0.00081366 0.042584 0.269399 0.206417 0.0446186 0.19459 0.179083 0.0295374 0.022313 0.00721518 0.002482 0.000725601 0.000177105 3.58089e-05 6.06432e-06 7.2138e-07 5.02593e-08 1.70508e-09
 2.56338e-27 2.58827e-27 3.22999e-26 6.27371e-20 1.53792e-14 4.55714e-10 1.63229e-06 0.00070672 0.0369872 0.233992 0.179412 0.0465435 0.228212 0.209981 0.0326847 0.0217011 0.00685159 0.00212317 0.00061981 0.00015186 2.76837e-05 4.0128e-06 4.22439e-07 2.70474e-08 8.11779e-10
 2.56155e-27 2.58337e-27 2.80246e-26 5.37182e-20 1.31684e-14 3.90202e-10 1.39764e-06 0.000605124 0.03167 0.200354 0.153738 0.047263 0.251726 0.231819 0.0390848 0.0307938 0.00950847 0.00254409 0.00070129 0.00015816 2.87411e-05 3.86696e-06 3.44513e-07 1.92216e-08 5.20452e-10
 2.5624e-27 2.58573e-27 3.01857e-26 5.82774e-20 1.4286e-14 4.2332e-10 1.51626e-06 0.000656483 0.0343579 0.217358 0.166703 0.0460676 0.23352 0.215131 0.038168 0.0329296 0.0105492 0.00342081 0.000921125 0.000181392 3.01441e-05 3.88315e-06 3.22183e-07 1.52055e-08 3.56194e-10
 2.56405e-27 2.59013e-27 3.40024e-26 6.63289e-20 1.62597e-14 4.81805e-10 1.72574e-06 0.000747181 0.0391047 0.247388 0.189625 0.0455671 0.213606 0.1966 0.0320735 0.0236947 0.00774988 0.00280852 0.000816078 0.000185899 2.84935e-05 3.2436e-06 2.50784e-07 1.0866e-08 2.16194e-10
 2.56417e-27 2.59042e-27 3.42165e-26 6.67803e-20 1.63704e-14 4.85084e-10 1.73749e-06 0.000752266 0.0393709 0.249072 0.190916 0.0458667 0.21498 0.197796 0.0309969 0.0209166 0.006574 0.0019875 0.00059069 0.00015034 2.6248e-05 3.03707e-06 2.06459e-07 8.16263e-09 1.46816e-10
 2.56469e-27 2.59182e-27 3.54377e-26 6.93565e-20 1.70019e-14 5.03797e-10 1.80451e-06 0.000781286 0.0408897 0.25868 0.198248 0.0456026 0.207818 0.19117 0.0295152 0.0191969 0.0059233 0.00161276 0.000441778 9.82912e-05 1.84419e-05 2.43112e-06 1.745e-07 6.19905e-09 1.00351e-10
 2.56434e-27 2.59076e-27 3.44222e-26 6.72138e-20 1.64767e-14 4.88233e-10 1.74877e-06 0.00075715 0.0396265 0.250689 0.192162 0.0466227 0.219856 0.202113 0.0284436 0.0139926 0.00426073 0.00111265 0.000293082 5.83939e-05 9.60103e-06 1.25358e-06 1.01961e-07 3.84876e-09 5.72571e-11
 2.56623e-27 2.59599e-27 3.91048e-26 7.70924e-20 1.88983e-14 5.59989e-10 2.00579e-06 0.000868429 0.0454505 0.287532 0.220265 0.0446908 0.185411 0.170459 0.0252479 0.0146628 0.00431309 0.000842532 0.000208668 3.96748e-05 5.97961e-06 6.80338e-07 5.28161e-08 2.20699e-09 3.47642e-11
 2.56621e-27 2.59584e-27 3.89184e-26 7.6699e-20 1.88018e-14 5.57132e-10 1.99555e-06 0.000863999 0.0452186 0.286065 0.219154 0.0452647 0.190559 0.175083 0.023765 0.0101219 0.00301505 0.000695369 0.000164773 2.4262e-05 3.3744e-06 3.53401e-07 2.39046e-08 9.4429e-10 1.60558e-11
 2.56594e-27 2.59511e-27 3.82542e-26 7.52977e-20 1.84583e-14 5.46953e-10 1.95909e-06 0.000848213 0.0443924 0.280839 0.215169 0.0456107 0.195991 0.180065 0.0240999 0.00962458 0.00276027 0.000468553 0.000108778 1.81092e-05 2.18436e-06 1.89335e-07 1.15982e-08 4.01449e-10 6.44999e-12
 2.5668e-27 2.59748e-27 4.0382e-26 7.97865e-20 1.95587e-14 5.7956e-10 2.07588e-06 0.000898779 0.0470388 0.297581 0.227938 0.0446729 0.179884 0.165274 0.0227916 0.0103633 0.00296796 0.00047335 0.000100973 1.29726e-05 1.60195e-06 1.36498e-07 6.81401e-09 2.05808e-10 2.91608e-12
 2.56635e-27 2.59621e-27 3.92147e-26 7.73239e-20 1.8955e-14 5.61671e-10 2.01181e-06 0.000871038 0.045587 0.288396 0.220935 0.0453919 0.190274 0.174772 0.02284 0.00808542 0.00232325 0.000418539 9.08626e-05 1.08417e-05 1.12171e-06 8.31733e-08 4.1346e-09 1.05224e-10 1.26795e-12
 2.56605e-27 2.59541e-27 3.8521e-26 7.58605e-20 1.85963e-14 5.51041e-10 1.97374e-06 0.000854553 0.0447242 0.282938 0.216769 0.0454962 0.193995 0.178234 0.023963 0.00977049 0.00276243 0.000395251 8.28297e-05 1.09744e-05 1.12517e-06 7.23697e-08 3.00519e-09 7.24944e-11 7.57755e-13
 2.56543e-27 2.5937e-27 3.69857e-26 7.26216e-20 1.78023e-14 5.27514e-10 1.88947e-06 0.000818067 0.0428147 0.270858 0.207555 0.0461075 0.205122 0.188464 0.0251036 0.00979828 0.00279715 0.000454298 9.44626e-05 1.02442e-05 1.0505e-06 7.15093e-08 2.67714e-09 5.38855e-11 5.11187e-13
 2.56538e-27 2.59358e-27 3.69033e-26 7.2448e-20 1.77597e-14 5.26253e-10 1.88495e-06 0.000816111 0.0427123 0.27021 0.207058 0.0459466 0.204246 0.187702 0.0257957 0.0115669 0.00330499 0.000515996 0.000108587 1.30598e-05 1.24424e-06 7.47144e-08 2.90538e-09 5.49176e-11 4.4029e-13
 2.56345e-27 2.58832e-27 3.22311e-26 6.25914e-20 1.53435e-14 4.54656e-10 1.6285e-06 0.000705079 0.0369013 0.233448 0.179011 0.047483 0.235643 0.216643 0.0303381 0.0146416 0.00424513 0.00075455 0.000162696 1.90029e-05 1.89261e-06 1.16917e-07 4.03161e-09 7.47877e-11 5.7545e-13
#obs catch len freq
 5.05072e-42 7.01007e-34 1.17609e-26 2.38508e-20 5.84673e-15 1.73249e-10 6.20551e-07 0.000268677 0.0140615 0.0889584 0.0686538 0.039986 0.218956 0.186794 0.143166 0.142641 0.0639084 0.0257526 0.00602733 0.000784172 4.1884e-05 6.63132e-07 2.33034e-09 1.47932e-12 1.48709e-16
 5.77686e-42 8.01789e-34 1.34517e-26 2.72797e-20 6.68731e-15 1.98157e-10 7.09767e-07 0.000307304 0.0160831 0.101748 0.0785327 0.0438491 0.223877 0.182033 0.14267 0.130268 0.0555643 0.0203034 0.00426405 0.000478116 2.08511e-05 2.54877e-07 6.64318e-10 3.05396e-13 2.19307e-17
 1.08941e-41 1.51203e-33 2.53674e-26 5.14445e-20 1.2611e-14 3.73688e-10 1.33849e-06 0.000579519 0.0303297 0.191876 0.147399 0.0452712 0.181527 0.140659 0.113213 0.0948221 0.0389258 0.0128049 0.00236118 0.000223174 7.83948e-06 7.36572e-08 1.42296e-10 4.73821e-14 2.4322e-18
 1.11941e-41 1.55367e-33 2.60661e-26 5.28615e-20 1.29584e-14 3.8398e-10 1.37535e-06 0.000595481 0.0311651 0.197162 0.151779 0.0585054 0.238057 0.16431 0.0764106 0.0538005 0.0209627 0.00618046 0.000991542 7.71957e-05 2.13814e-06 1.52746e-08 2.18127e-11 5.26437e-15 1.93419e-19
 7.88539e-42 1.09444e-33 1.83615e-26 3.72368e-20 9.12816e-15 2.70484e-10 9.6883e-07 0.00041947 0.0219534 0.138887 0.107545 0.0648413 0.273769 0.184482 0.116231 0.0710091 0.0165779 0.00373671 0.000513837 3.25953e-05 6.98496e-07 3.73214e-09 3.90596e-12 6.8152e-16 1.79312e-20
 1.25944e-41 1.74802e-33 2.93267e-26 5.9474e-20 1.45794e-14 4.32013e-10 1.5474e-06 0.000669971 0.0350636 0.221825 0.170608 0.0530017 0.172908 0.122385 0.124909 0.0752113 0.0198106 0.00331466 0.000278452 1.33148e-05 2.17859e-07 8.59058e-10 6.50903e-13 8.14654e-17 1.52925e-21
 1.03782e-41 1.44043e-33 2.41662e-26 4.90086e-20 1.20139e-14 3.55993e-10 1.27511e-06 0.000552079 0.0288936 0.182795 0.141502 0.0737019 0.260134 0.153535 0.0860584 0.0508164 0.0185526 0.00322789 0.000224206 6.51435e-06 7.10365e-08 2.0157e-10 1.09522e-13 9.74568e-18 1.29568e-22
 1.27882e-41 1.77491e-33 2.97779e-26 6.03889e-20 1.48036e-14 4.38659e-10 1.5712e-06 0.000680277 0.035603 0.22524 0.173723 0.0643189 0.192086 0.123666 0.116176 0.0543509 0.0118751 0.00211206 0.000163636 3.90576e-06 2.67018e-08 4.73166e-11 1.74685e-14 1.08925e-18 1.01843e-23
 1.14785e-41 1.59314e-33 2.67283e-26 5.42045e-20 1.32876e-14 3.93735e-10 1.4103e-06 0.000610609 0.0319569 0.202177 0.156784 0.0799045 0.239621 0.134374 0.0943187 0.0457731 0.0127889 0.00159516 9.35007e-05 2.17689e-06 1.232e-08 1.44545e-11 3.29237e-15 1.32175e-19 8.35359e-25
 1.51502e-41 2.10275e-33 3.52781e-26 7.15432e-20 1.7538e-14 5.19682e-10 1.86142e-06 0.00080593 0.0421792 0.266845 0.205886 0.0694957 0.170882 0.103615 0.0937893 0.0373515 0.00806003 0.00103612 5.21e-05 8.65751e-07 4.0696e-09 3.90376e-12 6.3572e-16 1.65262e-20 6.60946e-26
 1.55258e-41 2.15488e-33 3.61525e-26 7.33166e-20 1.79727e-14 5.32564e-10 1.90756e-06 0.000825906 0.0432247 0.273463 0.211633 0.0832157 0.197207 0.098422 0.0614918 0.0243491 0.00558677 0.000555505 2.32987e-05 3.23938e-07 1.10166e-09 7.86689e-13 9.98643e-17 1.95851e-21 5.52649e-27
 1.15584e-41 1.60423e-33 2.69143e-26 5.45817e-20 1.33801e-14 3.96476e-10 1.42011e-06 0.000614859 0.0321793 0.203595 0.159535 0.103878 0.253702 0.128952 0.0867661 0.026163 0.00421317 0.000386389 1.35208e-05 1.43768e-07 3.80955e-10 1.99614e-13 1.80163e-17 2.57444e-22 5.40911e-28
 1.72754e-41 2.39771e-33 4.02265e-26 8.15786e-20 1.9998e-14 5.92578e-10 2.12252e-06 0.000918977 0.0480956 0.30428 0.235197 0.0749422 0.140567 0.0900099 0.0796037 0.0228461 0.00332015 0.000211097 5.49088e-06 4.65094e-08 9.19906e-11 3.55638e-14 2.3488e-18 2.39443e-23 3.54561e-29
 1.39724e-41 1.93928e-33 3.25355e-26 6.59813e-20 1.61745e-14 4.79281e-10 1.71671e-06 0.000743275 0.0389001 0.246125 0.193321 0.116497 0.234371 0.0987415 0.0513353 0.0168602 0.0029345 0.000167186 3.19936e-06 1.85472e-08 2.67989e-11 7.60916e-15 3.62204e-19 2.65151e-24 2.81294e-30
 1.18527e-41 1.64508e-33 2.75996e-26 5.59714e-20 1.37207e-14 4.0657e-10 1.45627e-06 0.000630514 0.0329986 0.208799 0.165541 0.118567 0.228438 0.132108 0.0914953 0.0190957 0.00219095 0.000132092 2.4282e-06 1.07131e-08 1.05014e-11 2.03854e-15 6.86583e-20 3.58783e-25 2.70582e-31
 9.42333e-42 1.3079e-33 2.19427e-26 4.44993e-20 1.09085e-14 3.23238e-10 1.15779e-06 0.000501281 0.0262351 0.166027 0.134414 0.131602 0.2437 0.155145 0.110593 0.0282874 0.00336419 0.000128842 1.85535e-06 7.41609e-09 5.82494e-12 7.99675e-16 1.8155e-20 6.43539e-26 3.36154e-32
 1.50552e-41 2.08956e-33 3.50568e-26 7.10944e-20 1.7428e-14 5.16422e-10 1.84974e-06 0.000800874 0.0419146 0.265209 0.20829 0.0989335 0.153446 0.120036 0.0864298 0.0220961 0.0027328 0.000108456 1.19312e-06 3.2849e-09 2.02769e-12 2.2421e-16 3.84184e-21 9.63018e-27 3.43513e-33
 1.04949e-41 1.45662e-33 2.44378e-26 4.95594e-20 1.21489e-14 3.59994e-10 1.28944e-06 0.000558284 0.0292185 0.184953 0.153303 0.170281 0.261301 0.11794 0.0626093 0.0175788 0.00217067 8.42587e-05 8.89055e-07 2.0223e-09 8.80106e-13 6.8445e-17 8.75698e-22 1.675e-27 4.47291e-34
 1.5276e-41 2.12021e-33 3.5571e-26 7.21372e-20 1.76836e-14 5.23997e-10 1.87687e-06 0.000812621 0.0425294 0.269131 0.213463 0.111282 0.15342 0.127256 0.0694472 0.011505 0.00110937 4.18314e-05 4.08626e-07 8.30096e-10 3.02127e-13 1.77734e-17 1.59932e-22 2.12752e-28 4.05025e-35
 1.08463e-41 1.5054e-33 2.52562e-26 5.12191e-20 1.25558e-14 3.7205e-10 1.33262e-06 0.00057698 0.0301971 0.191218 0.162492 0.190431 0.247297 0.111818 0.052902 0.0120877 0.000956365 2.35631e-05 1.8762e-07 3.30753e-10 1.01779e-13 4.91047e-18 3.47957e-23 3.46788e-29 4.73268e-36
 1.38757e-41 1.92585e-33 3.23102e-26 6.55244e-20 1.60625e-14 4.75962e-10 1.70482e-06 0.000738128 0.0386309 0.244539 0.199011 0.136244 0.172916 0.139702 0.0594407 0.00816945 0.000592545 1.38636e-05 7.75628e-08 9.71037e-11 2.34276e-14 9.08955e-19 5.12932e-24 4.00831e-30 4.2129e-37
 1.50772e-41 2.09262e-33 3.51081e-26 7.11985e-20 1.74535e-14 5.17178e-10 1.85245e-06 0.000802046 0.0419763 0.265773 0.219206 0.161246 0.1737 0.0911457 0.0388096 0.00694299 0.000389591 6.5225e-06 3.07061e-08 2.93239e-11 4.90407e-15 1.34954e-19 5.67241e-25 3.38377e-31 2.72579e-38
 1.22394e-41 1.69874e-33 2.84999e-26 5.77973e-20 1.41683e-14 4.19833e-10 1.50377e-06 0.000651082 0.0340757 0.215923 0.18808 0.20076 0.211407 0.10934 0.0350526 0.00445809 0.000246969 3.76862e-06 1.2832e-08 9.05862e-12 1.15451e-15 2.30963e-20 6.76709e-26 2.8108e-32 1.6114e-39
 1.47658e-41 2.04939e-33 3.43828e-26 6.97276e-20 1.70929e-14 5.06494e-10 1.81418e-06 0.000785476 0.0411094 0.260399 0.218608 0.16178 0.16798 0.111593 0.0340136 0.00358727 0.000140676 1.69603e-06 4.95909e-09 2.70278e-12 2.46181e-16 3.54627e-21 7.59927e-27 2.28609e-33 9.28837e-41
 1.45513e-41 2.01963e-33 3.38834e-26 6.87149e-20 1.68447e-14 4.99138e-10 1.78783e-06 0.000774069 0.0405128 0.256795 0.222945 0.193962 0.173211 0.0842013 0.0247455 0.00275883 9.14984e-05 7.9364e-07 1.6592e-09 6.97083e-13 4.94738e-17 5.29663e-22 8.10462e-28 1.72459e-34 4.99296e-42
 1.28469e-41 1.78306e-33 2.99145e-26 6.06661e-20 1.48716e-14 4.40672e-10 1.57842e-06 0.0006834 0.0357682 0.22697 0.206694 0.215341 0.192816 0.0974345 0.0223412 0.00189253 5.7012e-05 4.31122e-07 6.7387e-10 1.97168e-13 9.91514e-18 7.81257e-23 8.92986e-29 1.40397e-35 2.94067e-43
 1.16285e-41 1.61396e-33 2.70775e-26 5.49126e-20 1.34612e-14 3.9888e-10 1.42872e-06 0.000618588 0.0323769 0.205702 0.19519 0.222768 0.204759 0.112271 0.0244773 0.00179627 4.01627e-05 2.36105e-07 3.02446e-10 6.87163e-14 2.4893e-18 1.36293e-23 1.08461e-29 1.20938e-36 1.82839e-44
 1.14019e-41 1.58251e-33 2.655e-26 5.38428e-20 1.31989e-14 3.91108e-10 1.40089e-06 0.000606536 0.0317461 0.201676 0.190611 0.215932 0.209334 0.1205 0.027476 0.00207518 4.28943e-05 2.08482e-07 2.12966e-10 4.01065e-14 1.23216e-18 5.6229e-24 3.60833e-30 3.16091e-37 3.71098e-45
 1.35266e-41 1.8774e-33 3.14972e-26 6.38757e-20 1.56584e-14 4.63987e-10 1.66192e-06 0.000719557 0.0376608 0.238994 0.2148 0.194247 0.182359 0.104749 0.0245231 0.00190592 4.04211e-05 1.92395e-07 1.77918e-10 2.86856e-14 7.47104e-19 2.94594e-24 1.66529e-30 1.29234e-37 1.3347e-45
#spawning biomass
 13951.7 11968.7 15820.1 21342.2 26957.7 31866.9 36931.3 42427.4 50793 64694.3 85604.5 96147.4 126769 162124 158074 128327 115809 125652 131180 113846 120068 132270 135591 153682 162213 169122 157200 147941 184482 414520 531164 536112 485448 411732 336597 270864 218118 178066 148777 127923 113362 103340 96500 91842.8 88700.8 86640.1 85288.7 84402.3 83821 83439.8 83189.8 83025.8 82918.3 82847.7 82801.5 82771.1 82751.2 82738.2 82729.6 82724 82720.3 82717.9 82716.3 82715.3 82714.6 82714.2 82713.9 82713.7 82713.6 82713.5 82713.4 82713.4 82713.4 82713.4 82713.3 82713.3 82713.3 82713.3 82713.3 82713.3 82713.3 82713.3 82713.3 82713.3 82713.3 82713.3 82713.3 82713.3 82713.3 82713.3 82713.3 82713.3 82713.3 82713.3 82713.3 82713.3 82713.3 82713.3 82713.3 82713.3 82713.3 82713.3 82713.3 82713.3 82713.3 82713.3 82713.3 82713.3 82713.3 82713.3 82713.3 82713.3 82713.3 82713.3 82713.3 82713.3 82713.3 82713.3 82713.3 82713.3 82713.3 82713.3 82713.3 82713.3 82713.3 82713.3 82713.3 82713.3 82713.3 0 0 0 0 0 0 0 0 0 0 0 0 0 0 0 0 0 0 0 0 0 0 0 0 0
