SBPRF35
0.827133
Curr Bio
185138
B35
640161
F35
0.259031
FOFL
0.154848
OFL
30818.4
Bzero
236324
#pred survey bio
 13188 10552.8 13642.6 18605.8 23567.6 27648.5 32167.4 36919.3 44135.4 55199.1 73635.4 82533.2 107040 138175 136451 110845 98988.1 106855 111228 97250.9 100875 111164 114222 128216 135973 142141 131989 125517 145742 1.17709e+07 9.98274e+06 1.07399e+07 9.80382e+06 8.27302e+06 6.7424e+06 5.4429e+06 4.42761e+06 3.67229e+06 3.1271e+06 2.74066e+06 2.46936e+06 2.27942e+06 2.14559e+06 2.04982e+06 1.98075e+06 1.93188e+06 1.89671e+06 1.87097e+06 1.85182e+06 1.83735e+06 1.82627e+06 1.81769e+06 1.81096e+06 1.80564e+06 1.80141e+06 1.79802e+06 1.7953e+06 1.7931e+06 1.79131e+06 1.78987e+06 1.78869e+06 1.78773e+06 1.78695e+06 1.78631e+06 1.78579e+06 1.78536e+06 1.78501e+06 1.78473e+06 1.78449e+06 1.7843e+06 1.78415e+06 1.78402e+06 1.78391e+06 1.78383e+06 1.78376e+06 1.7837e+06 1.78365e+06 1.78362e+06 1.78358e+06 1.78356e+06 1.78354e+06 1.78352e+06 1.78351e+06 1.78349e+06 1.78348e+06 1.78348e+06 1.78347e+06 1.78347e+06 1.78346e+06 1.78346e+06 1.78345e+06 1.78345e+06 1.78345e+06 1.78345e+06 1.78345e+06 1.78345e+06 1.78345e+06 1.78344e+06 1.78344e+06 1.78344e+06 1.78344e+06 1.78344e+06 1.78344e+06 1.78344e+06 1.78344e+06 1.78344e+06 1.78344e+06 1.78344e+06 1.78344e+06 1.78344e+06 1.78344e+06 1.78344e+06 1.78344e+06 1.78344e+06 1.78344e+06 1.78344e+06 1.78344e+06 1.78344e+06 1.78344e+06 1.78344e+06 1.78344e+06 1.78344e+06 1.78344e+06 1.78344e+06 1.78344e+06 1.78344e+06 1.78344e+06 1.78344e+06 1.78344e+06 0 0 0 0 0 0 0 0 0 0 0 0 0 0 0 0 0 0 0 0 0 0 0 0 0
#obs survey bio
 12026 8044.59 18242.2 22181.4 20204 34064.2 19595 34462.6 35132.8 48928.5 65144.5 110827 92926.9 126824 96126 112135 62312.1 68381.5 115697 55471.8 73649.7 91524.7 79508.6 150743 100341 125283 67608.5 124951 105463
#pred catch bio
 8947.42 5851.83 7165.62 10208 14463.2 17550.8 21073.8 23948.3 30391.3 35335.1 53898.5 59378.9 73988.2 102358 109576 89878.8 75106.1 83152.3 94010.3 79492.6 82244 93308 93428.8 108152 113317 121750 112856 103860 6739.18 30818.4 87536.9 102687 93336.9 76978.9 61065 47857.8 37753.6 30412 25263.2 21742.7 19380 17815.9 16788.7 16116.7 15680.6 15405 15230.9 15120.8 15051.3 15007.4 14979.6 14962.1 14951 14944 14939.6 14936.8 14935 14933.9 14933.2 14932.7 14932.4 14932.3 14932.2 14932.1 14932 14932 14932 14932 14932 14932 14932 14932 14932 14932 14932 14932 14932 14932 14932 14932 14932 14932 14932 14932 14932 14932 14932 14932 14932 14932 14932 14932 14932 14932 14932 14932 14932 14932 14932 14932 14932 14932 14932 14932 14932 14932 14932 14932 14932 14932 14932 14932 14932 14932 14932 14932 14932 14932 14932 14932 14932 14932 14932 14932 14932 14932 14932 14932 14932 0 0 0 0 0 0 0 0 0 0 0 0 0 0 0 0 0 0 0 0 0 0 0 0 0
#obs catch bio
 6240.46 5924.35 7023.14 9800.45 14539 17276.2 21248.2 23852.8 30275.1 34326.5 52341.8 58188.3 72030.7 100804 110177 87771.3 74659.9 82982.3 91830.4 79045.4 81486.3 91402.7 91724.6 103772 107169 118598 110433 102434 6549.77
#pred cpue bio
 9780.59 7138.85 8457.46 11783.1 15263.4 17240.9 19837.6 22482.3 26530.3 30819.5 42779.4 46833.3 57242.3 77874.2 83232.1 66871.5 55942.9 60172.4 62245.1 54134.4 53508.2 58250.3 60196.6 66368.7 70352.8 75217.2 71279.4 66492.8 72979.7 8.10098e+06 8.73966e+06 1.04808e+07 9.69601e+06 8.14659e+06 6.6027e+06 5.29892e+06 4.28248e+06 3.52688e+06 2.98162e+06 2.59516e+06 2.32386e+06 2.13392e+06 2.00008e+06 1.90432e+06 1.83525e+06 1.78638e+06 1.75121e+06 1.72547e+06 1.70632e+06 1.69185e+06 1.68077e+06 1.67218e+06 1.66546e+06 1.66014e+06 1.65591e+06 1.65252e+06 1.64979e+06 1.64759e+06 1.64581e+06 1.64436e+06 1.64318e+06 1.64223e+06 1.64144e+06 1.6408e+06 1.64028e+06 1.63986e+06 1.63951e+06 1.63922e+06 1.63899e+06 1.6388e+06 1.63864e+06 1.63851e+06 1.63841e+06 1.63832e+06 1.63825e+06 1.6382e+06 1.63815e+06 1.63811e+06 1.63808e+06 1.63805e+06 1.63803e+06 1.63802e+06 1.638e+06 1.63799e+06 1.63798e+06 1.63797e+06 1.63797e+06 1.63796e+06 1.63796e+06 1.63795e+06 1.63795e+06 1.63795e+06 1.63795e+06 1.63794e+06 1.63794e+06 1.63794e+06 1.63794e+06 1.63794e+06 1.63794e+06 1.63794e+06 1.63794e+06 1.63794e+06 1.63794e+06 1.63794e+06 1.63794e+06 1.63794e+06 1.63794e+06 1.63794e+06 1.63794e+06 1.63794e+06 1.63794e+06 1.63794e+06 1.63794e+06 1.63794e+06 1.63794e+06 1.63794e+06 1.63794e+06 1.63794e+06 1.63794e+06 1.63794e+06 1.63794e+06 1.63794e+06 1.63794e+06 1.63794e+06 1.63794e+06 1.63794e+06 1.63794e+06 1.63794e+06 1.63794e+06 0 0 0 0 0 0 0 0 0 0 0 0 0 0 0 0 0 0 0 0 0 0 0 0 0
#obs cpue bio
 6952.55 6331.78 12387.5 18843.5 11833.4 20683.8 23424.8 27561.2 41984.6 59171.7 69122.7 56710.1 79432.1 99579.1 100182 131013 64225 115915 92255.1 94322.3 90361.3 96380 119823 131692 202815 113695 184809 118542 149362
#pred surv len freq
 2.56098e-27 2.58257e-27 2.82184e-26 5.41305e-20 1.32694e-14 3.93197e-10 1.40837e-06 0.000609769 0.0319131 0.201892 0.154791 0.0396703 0.193201 0.178721 0.0457059 0.0597434 0.0257171 0.019816 0.0121634 0.00922524 0.0072148 0.00621807 0.00621717 0.00550095 0.00167792
 2.56382e-27 2.59038e-27 3.50768e-26 6.85986e-20 1.68161e-14 4.98292e-10 1.7848e-06 0.000772749 0.0404429 0.255853 0.19597 0.0380536 0.151971 0.141218 0.0492491 0.0769498 0.0260527 0.0107237 0.00473096 0.00266217 0.00169045 0.0012472 0.00110533 0.000978362 0.000327023
 2.56612e-27 2.59637e-27 4.01253e-26 7.92479e-20 1.94267e-14 5.75647e-10 2.06187e-06 0.000892711 0.0467213 0.295572 0.226312 0.0389049 0.137131 0.126956 0.0364461 0.0514723 0.0203621 0.0126996 0.00404737 0.00123784 0.00051247 0.000286097 0.000209766 0.000174514 6.04079e-05
 2.56427e-27 2.59123e-27 3.54619e-26 6.94095e-20 1.70149e-14 5.04182e-10 1.8059e-06 0.000781884 0.040921 0.258878 0.198329 0.0412197 0.174407 0.161212 0.0399601 0.0507503 0.0184117 0.00948193 0.00376291 0.00138566 0.000308184 9.41151e-05 4.83423e-05 3.46046e-05 1.18618e-05
 2.56424e-27 2.59137e-27 3.57699e-26 7.006e-20 1.71744e-14 5.08907e-10 1.82282e-06 0.000789211 0.0413045 0.261304 0.200154 0.039488 0.159947 0.148291 0.0453549 0.0662786 0.0226758 0.00955902 0.00330395 0.00114189 0.000321424 6.06227e-05 1.44016e-05 7.32133e-06 2.35331e-06
 2.56516e-27 2.5937e-27 3.76909e-26 7.4112e-20 1.81677e-14 5.3834e-10 1.92825e-06 0.000834856 0.0436934 0.276416 0.211705 0.0401736 0.157049 0.145299 0.0390617 0.0527162 0.0191407 0.00971362 0.00307637 0.000855129 0.000210762 4.41517e-05 6.14892e-06 1.38286e-06 3.69247e-07
 2.56491e-27 2.59291e-27 3.68847e-26 7.24107e-20 1.77506e-14 5.25982e-10 1.88398e-06 0.000815692 0.0426904 0.270071 0.206877 0.0412514 0.168643 0.155859 0.0384343 0.0485421 0.0165718 0.00696243 0.00236828 0.000731163 0.000149599 2.63668e-05 3.5212e-06 3.55472e-07 5.4275e-08
 2.56533e-27 2.59405e-27 3.78815e-26 7.45135e-20 1.82661e-14 5.41257e-10 1.93869e-06 0.000839379 0.0439301 0.277914 0.212861 0.0409781 0.162359 0.150087 0.0379267 0.0488003 0.0160781 0.00582952 0.0017811 0.000483831 0.000109268 1.74721e-05 1.92329e-06 1.44798e-07 9.2759e-09
 2.56561e-27 2.59476e-27 3.84754e-26 7.57664e-20 1.85732e-14 5.50357e-10 1.97129e-06 0.000853492 0.0446687 0.282587 0.216432 0.0411324 0.161025 0.148779 0.0362941 0.0454081 0.0150778 0.00564049 0.00163314 0.000380301 7.38736e-05 1.19088e-05 1.22916e-06 7.40749e-08 2.66756e-09
 2.56747e-27 2.59971e-27 4.27354e-26 8.47527e-20 2.07761e-14 6.15633e-10 2.20509e-06 0.000954721 0.0499667 0.316103 0.242019 0.0408009 0.140525 0.129666 0.029371 0.0343899 0.0111217 0.00371337 0.00106996 0.000247894 4.2493e-05 5.77695e-06 5.66759e-07 3.14222e-08 8.33819e-10
 2.56581e-27 2.59514e-27 3.86315e-26 7.60951e-20 1.86538e-14 5.52745e-10 1.97984e-06 0.000857195 0.0448625 0.283813 0.21739 0.0424987 0.170749 0.157455 0.032458 0.0344229 0.0109493 0.00337868 0.000929137 0.00019712 3.34202e-05 4.14991e-06 3.41047e-07 1.73733e-08 4.07528e-10
 2.56666e-27 2.59744e-27 4.06857e-26 8.04287e-20 1.97161e-14 5.84224e-10 2.09259e-06 0.000906012 0.0474174 0.299976 0.22972 0.0417422 0.15633 0.144205 0.0311364 0.0347142 0.0105746 0.00249379 0.000639523 0.000122525 1.90167e-05 2.23392e-06 1.6851e-07 7.24596e-09 1.52554e-10
 2.56808e-27 2.60125e-27 4.39907e-26 8.74005e-20 2.14252e-14 6.34867e-10 2.27399e-06 0.000984549 0.0515277 0.325979 0.249568 0.0412878 0.138926 0.128014 0.0258992 0.0268504 0.00826516 0.00209967 0.000508023 7.64006e-05 1.05427e-05 1.11097e-06 7.72628e-08 3.01096e-09 5.4069e-11
 2.56623e-27 2.59617e-27 3.94505e-26 7.78223e-20 1.90772e-14 5.65292e-10 2.02478e-06 0.000876652 0.0458808 0.290255 0.222318 0.0430575 0.171539 0.158018 0.0295578 0.0276329 0.00837569 0.00193329 0.000469387 7.40085e-05 8.81857e-06 7.55896e-07 4.61546e-08 1.62963e-09 2.61863e-11
 2.56391e-27 2.58998e-27 3.40775e-26 6.6488e-20 1.62987e-14 4.82961e-10 1.72988e-06 0.000748974 0.0391986 0.247981 0.190049 0.043748 0.199466 0.184021 0.0383844 0.0412013 0.0122296 0.00234562 0.000537088 7.75634e-05 9.35886e-06 7.5463e-07 3.69814e-08 1.11032e-09 1.59467e-11
 2.56487e-27 2.59266e-27 3.65327e-26 7.16677e-20 1.75685e-14 5.20585e-10 1.86465e-06 0.000807322 0.0422523 0.2673 0.204778 0.0423195 0.178246 0.164596 0.0377848 0.0447365 0.0134965 0.0029309 0.000660588 7.95928e-05 8.68818e-06 6.67273e-07 3.13186e-08 7.72316e-10 9.23419e-12
 2.56651e-27 2.59699e-27 4.02371e-26 7.94821e-20 1.94841e-14 5.77348e-10 2.06796e-06 0.000895349 0.0468593 0.296445 0.227032 0.0422871 0.162364 0.149675 0.0303342 0.0315093 0.00963305 0.00233456 0.00054772 7.22955e-05 7.32695e-06 4.76316e-07 2.06098e-08 4.79524e-10 4.81953e-12
 2.56643e-27 2.59673e-27 3.9973e-26 7.89248e-20 1.93475e-14 5.733e-10 2.05346e-06 0.000889071 0.0465308 0.294367 0.225451 0.0426382 0.166148 0.153109 0.0299039 0.0296524 0.00889904 0.00189086 0.000445607 6.58921e-05 7.21003e-06 4.77787e-07 1.77954e-08 3.68758e-10 3.43442e-12
 2.56652e-27 2.59697e-27 4.01657e-26 7.93313e-20 1.94471e-14 5.76253e-10 2.06404e-06 0.00089365 0.0467704 0.295883 0.22661 0.0427195 0.165952 0.1529 0.0293577 0.0284526 0.00843201 0.00161232 0.000361318 4.75651e-05 5.3972e-06 3.97794e-07 1.5514e-08 2.89342e-10 2.36026e-12
 2.56615e-27 2.59586e-27 3.90953e-26 7.70728e-20 1.88935e-14 5.59847e-10 2.00528e-06 0.000868209 0.0454389 0.287459 0.220195 0.0438263 0.178881 0.164649 0.0281339 0.0226963 0.00657605 0.001031 0.000214946 2.4743e-05 2.52554e-06 1.76262e-07 7.50823e-09 1.48959e-10 1.13421e-12
 2.56791e-27 2.60071e-27 4.34527e-26 8.62653e-20 2.11469e-14 6.2662e-10 2.24445e-06 0.00097176 0.0508584 0.321744 0.246345 0.0419631 0.14633 0.134747 0.0253085 0.0237752 0.00682491 0.000928915 0.000180852 1.7659e-05 1.59752e-06 9.68895e-08 3.7938e-09 7.89526e-11 6.4207e-13
 2.56772e-27 2.60011e-27 4.28245e-26 8.49397e-20 2.08219e-14 6.16991e-10 2.20996e-06 0.000956828 0.0500769 0.316801 0.242586 0.0429541 0.156512 0.143945 0.0233442 0.0169886 0.00490884 0.000760418 0.00015067 1.28085e-05 1.01558e-06 5.16927e-08 1.73785e-09 3.25347e-11 2.68332e-13
 2.56751e-27 2.59952e-27 4.22929e-26 8.38182e-20 2.0547e-14 6.08845e-10 2.18078e-06 0.000944194 0.0494157 0.312618 0.239396 0.0431896 0.160546 0.147655 0.023776 0.0170314 0.0047961 0.000527134 9.4475e-05 8.82612e-06 6.88533e-07 2.98275e-08 8.36895e-10 1.31356e-11 9.6105e-14
 2.56817e-27 2.60135e-27 4.39508e-26 8.73157e-20 2.14044e-14 6.34251e-10 2.27178e-06 0.000983594 0.0514777 0.325662 0.249344 0.0423904 0.147475 0.135665 0.0229614 0.0181917 0.00514589 0.000589434 0.000103445 7.29533e-06 5.17044e-07 2.36996e-08 5.97953e-10 7.73942e-12 4.6855e-14
 2.56787e-27 2.60048e-27 4.31209e-26 8.55648e-20 2.09752e-14 6.21532e-10 2.22622e-06 0.000963869 0.0504455 0.319132 0.244369 0.0431283 0.156585 0.143952 0.0222569 0.014503 0.00409251 0.000478125 8.47542e-05 6.05223e-06 3.88917e-07 1.38704e-08 3.43275e-10 4.23376e-12 2.14258e-14
 2.5674e-27 2.59922e-27 4.20311e-26 8.32659e-20 2.04116e-14 6.04833e-10 2.16641e-06 0.000937973 0.0490901 0.310558 0.237824 0.0432619 0.1622 0.149185 0.0241045 0.0173931 0.00487115 0.000485553 8.05785e-05 5.88376e-06 3.85102e-07 1.33319e-08 2.71313e-10 2.94016e-12 1.4329e-14
 2.56679e-27 2.59755e-27 4.05414e-26 8.01233e-20 1.96413e-14 5.82006e-10 2.08465e-06 0.000902572 0.0472374 0.298837 0.228882 0.0437811 0.172433 0.158611 0.0254657 0.0181247 0.00509094 0.000536455 8.99394e-05 5.70189e-06 3.4411e-07 1.21444e-08 2.45626e-10 2.33084e-12 9.5929e-15
 2.56753e-27 2.59959e-27 4.23893e-26 8.40217e-20 2.05969e-14 6.10323e-10 2.18608e-06 0.000946487 0.0495357 0.313377 0.239971 0.042914 0.158044 0.145408 0.0244891 0.0192203 0.00541164 0.000576318 9.75984e-05 6.49588e-06 3.87219e-07 1.18889e-08 2.3192e-10 2.20792e-12 8.33152e-15
 2.56893e-27 2.60341e-27 4.57662e-26 9.11456e-20 2.23432e-14 6.6207e-10 2.37143e-06 0.00102674 0.0537357 0.339947 0.260244 0.0419133 0.136186 0.125229 0.0207616 0.0158062 0.00448969 0.000552976 9.94022e-05 6.74619e-06 4.13126e-07 1.31355e-08 2.37082e-10 2.05736e-12 7.67308e-15
#obs surv len freq
 1.08887e-41 1.51128e-33 2.53549e-26 5.14191e-20 1.26048e-14 3.73503e-10 1.33783e-06 0.000579233 0.0303148 0.191781 0.147153 0.040276 0.173692 0.146918 0.103565 0.101217 0.0433627 0.0168573 0.00378323 0.000474603 2.44137e-05 3.71347e-07 1.25526e-09 7.69604e-13 7.50424e-17
 1.6064e-41 2.22958e-33 3.74058e-26 7.58583e-20 1.85958e-14 5.51026e-10 1.97369e-06 0.000854538 0.0447231 0.282932 0.216771 0.0407456 0.12687 0.102357 0.0758085 0.0683862 0.0283543 0.00999168 0.00198356 0.000211563 8.84939e-06 1.04291e-07 2.6267e-10 1.17001e-13 8.16861e-18
 1.53789e-41 2.13448e-33 3.58104e-26 7.26228e-20 1.78026e-14 5.27524e-10 1.88951e-06 0.000818091 0.0428156 0.270865 0.207786 0.0500766 0.176988 0.12897 0.056297 0.042309 0.0167425 0.00531922 0.000926919 8.21747e-05 2.7334e-06 2.46621e-08 4.61325e-11 1.49362e-14 7.47578e-19
 1.07806e-41 1.49628e-33 2.51032e-26 5.09089e-20 1.24797e-14 3.69797e-10 1.32455e-06 0.000573485 0.0300139 0.189879 0.146176 0.0565072 0.23022 0.163048 0.0978397 0.0656293 0.0157376 0.00376483 0.00056657 4.13284e-05 1.07261e-06 7.2812e-09 1.00219e-11 2.3519e-15 8.44268e-20
 1.50418e-41 2.08771e-33 3.50256e-26 7.10312e-20 1.74125e-14 5.15963e-10 1.8481e-06 0.000800162 0.0418773 0.264929 0.203287 0.0472835 0.142435 0.10425 0.103734 0.068805 0.0187914 0.0034718 0.00031646 1.73616e-05 3.46718e-07 1.74669e-09 1.7465e-12 2.94638e-16 7.55692e-21
 1.20076e-41 1.66658e-33 2.79603e-26 5.67029e-20 1.39e-14 4.11884e-10 1.4753e-06 0.000638754 0.0334299 0.211491 0.163037 0.06496 0.231087 0.143957 0.0785234 0.0497969 0.0190603 0.00371801 0.000290341 9.76032e-06 1.2902e-07 4.68964e-10 3.37261e-13 4.05259e-17 7.37026e-22
 1.37766e-41 1.9121e-33 3.20795e-26 6.50565e-20 1.59478e-14 4.72564e-10 1.69265e-06 0.000732857 0.0383548 0.242647 0.186706 0.0579177 0.174986 0.116517 0.109657 0.0569045 0.0128502 0.0024959 0.000222641 6.33883e-06 5.31681e-08 1.20136e-10 5.86486e-14 4.94402e-18 6.32927e-23
 1.19371e-41 1.65679e-33 2.77961e-26 5.63699e-20 1.38184e-14 4.09465e-10 1.46664e-06 0.000635003 0.0332336 0.210251 0.162538 0.0723323 0.227574 0.133482 0.093715 0.0493332 0.0147036 0.00206099 0.000135271 3.78832e-06 2.69185e-08 4.06772e-11 1.22335e-14 6.62856e-19 5.73786e-24
 1.5133e-41 2.10036e-33 3.52378e-26 7.14616e-20 1.7518e-14 5.19089e-10 1.85929e-06 0.00080501 0.042131 0.266538 0.205333 0.0643206 0.166639 0.103995 0.0966853 0.0424308 0.00964818 0.00138831 8.10158e-05 1.61103e-06 9.50195e-09 1.18748e-11 2.56983e-15 9.01278e-20 4.92749e-25
 1.51986e-41 2.10946e-33 3.53906e-26 7.17714e-20 1.75939e-14 5.2134e-10 1.86735e-06 0.0008085 0.0423137 0.267697 0.206842 0.0779973 0.198515 0.103624 0.0659715 0.0283573 0.00704002 0.000791751 3.82772e-05 6.48441e-07 2.78455e-09 2.58904e-12 4.38542e-16 1.16419e-20 4.48822e-26
 1.09822e-41 1.52426e-33 2.55727e-26 5.18609e-20 1.27131e-14 3.76712e-10 1.34932e-06 0.000584209 0.0305752 0.193443 0.151212 0.097165 0.258009 0.136024 0.0951747 0.0317616 0.00546042 0.000565968 2.32824e-05 3.02206e-07 1.01779e-09 6.98648e-13 8.42658e-17 1.63305e-21 4.69947e-27
 1.66774e-41 2.31471e-33 3.88341e-26 7.87548e-20 1.93058e-14 5.72067e-10 2.04905e-06 0.000887168 0.0464308 0.293746 0.226802 0.0713302 0.144848 0.0938492 0.0890457 0.0282385 0.00448519 0.000325848 9.88341e-06 1.03128e-07 2.60759e-10 1.32435e-13 1.17243e-17 1.62348e-22 3.29577e-28
 1.33569e-41 1.85385e-33 3.11022e-26 6.30746e-20 1.5462e-14 4.58167e-10 1.64108e-06 0.000710531 0.0371864 0.235276 0.18433 0.110477 0.242786 0.106783 0.0576929 0.0204787 0.00400634 0.000265304 6.02559e-06 4.30106e-08 7.95354e-11 2.97815e-14 1.90433e-18 1.89652e-23 2.76136e-29
 1.1163e-41 1.54935e-33 2.59935e-26 5.27143e-20 1.29223e-14 3.82911e-10 1.37152e-06 0.000593823 0.0310783 0.196642 0.155415 0.11175 0.234952 0.137975 0.104198 0.0241749 0.00300598 0.000209918 4.69298e-06 2.5894e-08 3.26105e-11 8.3468e-15 3.78099e-19 2.69172e-24 2.78855e-30
 8.72145e-42 1.21048e-33 2.03083e-26 4.11848e-20 1.0096e-14 2.99162e-10 1.07155e-06 0.000463944 0.024281 0.153652 0.123857 0.123292 0.249074 0.160172 0.125165 0.0350653 0.00476066 0.000212207 3.65108e-06 1.84421e-08 1.88416e-11 3.42651e-15 1.04676e-19 5.05619e-25 3.63152e-31
 1.41914e-41 1.96967e-33 3.30454e-26 6.70153e-20 1.6428e-14 4.86792e-10 1.74361e-06 0.000754923 0.0395097 0.249985 0.195957 0.0947829 0.160029 0.12597 0.100737 0.0281096 0.00397333 0.000186961 2.51913e-06 8.7197e-09 7.00061e-12 1.03175e-15 2.38757e-20 8.1583e-26 3.99819e-32
 9.7335e-42 1.35094e-33 2.26649e-26 4.5964e-20 1.12675e-14 3.33878e-10 1.1959e-06 0.000517781 0.0270987 0.17152 0.141443 0.162227 0.273022 0.126412 0.072284 0.0221642 0.00316328 0.000146017 1.91038e-06 5.55629e-09 3.16073e-12 3.27534e-16 5.67309e-21 1.48358e-26 5.44842e-33
 1.43447e-41 1.99095e-33 3.34023e-26 6.77393e-20 1.66055e-14 4.92051e-10 1.76245e-06 0.000763078 0.0399365 0.252712 0.200017 0.107742 0.161152 0.13626 0.0843249 0.0153492 0.00166626 7.52321e-05 9.19049e-07 2.4072e-09 1.15572e-12 9.10706e-17 1.11054e-21 2.02146e-27 5.30522e-34
 1.00103e-41 1.38936e-33 2.33094e-26 4.72711e-20 1.15879e-14 3.43372e-10 1.2299e-06 0.000532506 0.0278694 0.176454 0.149176 0.183477 0.261135 0.121349 0.0625127 0.0159623 0.0014874 4.34126e-05 4.29987e-07 9.8385e-10 4.01853e-13 2.61068e-17 2.51591e-22 3.43462e-28 6.45716e-35
 1.28992e-41 1.79032e-33 3.00364e-26 6.09131e-20 1.49321e-14 4.42467e-10 1.58484e-06 0.000686183 0.0359122 0.22731 0.184476 0.132454 0.181363 0.15195 0.0736915 0.0111914 0.000936421 2.67587e-05 1.88199e-07 3.04524e-10 9.77175e-14 5.12716e-18 3.94946e-23 4.23947e-29 6.1489e-36
 1.41185e-41 1.95955e-33 3.28755e-26 6.66708e-20 1.63436e-14 4.8429e-10 1.73465e-06 0.000751042 0.0393068 0.248845 0.20466 0.159218 0.187322 0.101626 0.0478672 0.00973966 0.000649668 1.31182e-05 7.81556e-08 9.75504e-11 2.17259e-14 8.08994e-19 4.65463e-24 3.82627e-30 4.26441e-37
 1.13063e-41 1.56924e-33 2.63272e-26 5.3391e-20 1.30882e-14 3.87826e-10 1.38913e-06 0.000601446 0.0314777 0.199419 0.172989 0.197031 0.225511 0.122132 0.0441405 0.00627735 0.000411499 7.77737e-06 3.36992e-08 3.10914e-11 5.30155e-15 1.43854e-19 5.77008e-25 3.30584e-31 2.62871e-38
 1.37543e-41 1.909e-33 3.20275e-26 6.49511e-20 1.5922e-14 4.71798e-10 1.6899e-06 0.00073167 0.0382932 0.242522 0.20309 0.160372 0.179168 0.126454 0.0438514 0.00526678 0.000245234 3.63706e-06 1.3664e-08 9.81495e-12 1.19799e-15 2.34459e-20 6.89265e-26 2.86162e-32 1.61129e-39
 1.35685e-41 1.88322e-33 3.1595e-26 6.4074e-20 1.5707e-14 4.65427e-10 1.66708e-06 0.000721789 0.0377764 0.239394 0.207276 0.193937 0.187979 0.0966732 0.0319471 0.00412631 0.000165344 1.77862e-06 4.77167e-09 2.64838e-12 2.53064e-16 3.68822e-21 7.74425e-27 2.27618e-33 9.14732e-41
 1.18717e-41 1.64771e-33 2.76438e-26 5.60611e-20 1.37427e-14 4.07222e-10 1.4586e-06 0.000631525 0.0330528 0.209666 0.190385 0.214415 0.206941 0.112551 0.0293904 0.00286036 0.000104311 9.92816e-07 2.00796e-09 7.77315e-13 5.26854e-17 5.66683e-22 8.91045e-28 1.93639e-34 5.62594e-42
 1.06646e-41 1.48017e-33 2.48329e-26 5.03606e-20 1.23453e-14 3.65814e-10 1.31029e-06 0.00056731 0.0296925 0.188557 0.178441 0.220774 0.217108 0.129681 0.0323282 0.00277406 7.54167e-05 5.57578e-07 9.30181e-10 2.81247e-13 1.37548e-17 1.02819e-22 1.12684e-28 1.74077e-35 3.66002e-43
 1.04295e-41 1.44755e-33 2.42857e-26 4.92509e-20 1.20733e-14 3.57753e-10 1.28141e-06 0.000554809 0.0290389 0.184578 0.17874 0.220934 0.217227 0.13333 0.0327792 0.00275218 6.48556e-05 3.68193e-07 4.48663e-10 1.02364e-13 3.84516e-18 2.15712e-23 1.70923e-29 1.85628e-36 2.71136e-44
 1.26677e-41 1.75819e-33 2.94973e-26 5.982e-20 1.46642e-14 4.34526e-10 1.5564e-06 0.000673869 0.0352698 0.223893 0.204383 0.199827 0.192617 0.113575 0.027427 0.00227943 5.2608e-05 2.77361e-07 2.87865e-10 5.26602e-14 1.56874e-18 7.11047e-24 4.63177e-30 4.14646e-37 4.94362e-45
 1.2668e-41 1.75823e-33 2.94979e-26 5.98212e-20 1.46645e-14 4.34535e-10 1.55643e-06 0.000673883 0.0352705 0.223898 0.204387 0.199836 0.192786 0.11393 0.0270453 0.00212628 4.54228e-05 2.17311e-07 2.01674e-10 3.26012e-14 8.50751e-19 3.35948e-24 1.90106e-30 1.47644e-37 1.52572e-45
#pred catch len freq
 2.55641e-27 2.57049e-27 1.78893e-26 3.23419e-20 7.92822e-15 2.34927e-10 8.4147e-07 0.000364324 0.0190674 0.120627 0.0927387 0.0396827 0.236892 0.219446 0.0601249 0.0825629 0.0355015 0.0272695 0.0166578 0.0125848 0.0098195 0.00845434 0.00845019 0.00747622 0.00228041
 2.55812e-27 2.5754e-27 2.23213e-26 4.16917e-20 1.02202e-14 3.02843e-10 1.08473e-06 0.000469648 0.0245797 0.155498 0.119334 0.0376324 0.202609 0.188819 0.0734391 0.120239 0.0407487 0.0168053 0.00739012 0.00414155 0.00262355 0.00193352 0.00171295 0.00151606 0.000506748
 2.56037e-27 2.58119e-27 2.71124e-26 5.17974e-20 1.26975e-14 3.7625e-10 1.34766e-06 0.000583487 0.0305376 0.19319 0.148143 0.0394319 0.196062 0.181973 0.0576194 0.0861241 0.0341166 0.0213127 0.00677858 0.002063 0.000851719 0.000474867 0.000348021 0.000289507 0.000100212
 2.55885e-27 2.57685e-27 2.30474e-26 4.32212e-20 1.05952e-14 3.13954e-10 1.12453e-06 0.000486878 0.0254814 0.161203 0.123766 0.0424335 0.23603 0.218574 0.0590743 0.0800194 0.0290633 0.0149841 0.00592889 0.0021752 0.000482644 0.000147122 7.5524e-05 5.40555e-05 1.85289e-05
 2.55903e-27 2.57759e-27 2.39411e-26 4.51075e-20 1.10576e-14 3.27656e-10 1.17361e-06 0.000508127 0.0265935 0.168239 0.1291 0.0400228 0.213939 0.19876 0.0659602 0.100655 0.0344293 0.0144789 0.00498913 0.00171604 0.000481873 9.07643e-05 2.15429e-05 1.09496e-05 3.51948e-06
 2.56018e-27 2.58047e-27 2.62645e-26 5.0008e-20 1.22589e-14 3.63252e-10 1.30111e-06 0.00056333 0.0294826 0.186516 0.143076 0.0412939 0.213792 0.198131 0.0568851 0.0801713 0.0290783 0.0146929 0.00464023 0.00128302 0.000315371 6.59681e-05 9.18116e-06 2.0641e-06 5.51127e-07
 2.56016e-27 2.58022e-27 2.58676e-26 4.91701e-20 1.20535e-14 3.57165e-10 1.27931e-06 0.000553891 0.0289886 0.183391 0.140714 0.0427931 0.226861 0.209956 0.0547676 0.0722325 0.024632 0.0102881 0.0034872 0.0010713 0.00021865 3.84711e-05 5.134e-06 5.18134e-07 7.91038e-08
 2.56055e-27 2.58127e-27 2.67892e-26 5.11142e-20 1.253e-14 3.71287e-10 1.32989e-06 0.000575791 0.0301348 0.190642 0.146246 0.0425102 0.220821 0.204432 0.054719 0.0734586 0.0241806 0.00871565 0.00265456 0.000717188 0.000161546 2.57935e-05 2.83705e-06 2.13526e-07 1.36772e-08
 2.56115e-27 2.58282e-27 2.80754e-26 5.38273e-20 1.31951e-14 3.90995e-10 1.40048e-06 0.000606353 0.0317344 0.200761 0.153978 0.0428081 0.217657 0.201355 0.0513335 0.0665103 0.022048 0.00817702 0.00235999 0.00054634 0.000105832 1.70316e-05 1.75665e-06 1.0583e-07 3.81066e-09
 2.56296e-27 2.58758e-27 3.21367e-26 6.23944e-20 1.52952e-14 4.53225e-10 1.62338e-06 0.00070286 0.0367851 0.232713 0.178376 0.0428068 0.200505 0.185276 0.0439571 0.0536814 0.0173421 0.00574688 0.00165065 0.000380288 6.50183e-05 8.82335e-06 8.64931e-07 4.79386e-08 1.27195e-09
 2.5618e-27 2.58432e-27 2.91377e-26 5.60672e-20 1.37442e-14 4.07265e-10 1.45876e-06 0.000631586 0.0330549 0.209115 0.160387 0.0446944 0.227507 0.209978 0.0444236 0.0485025 0.0153988 0.00469536 0.0012864 0.000271202 4.58515e-05 5.68349e-06 4.66678e-07 2.37646e-08 5.57383e-10
 2.56264e-27 2.58661e-27 3.1181e-26 6.03778e-20 1.48009e-14 4.38577e-10 1.57091e-06 0.000680143 0.0355963 0.225192 0.17265 0.0438534 0.212493 0.196208 0.0435508 0.0499366 0.0151918 0.00354024 0.000904242 0.000172143 2.66417e-05 3.12379e-06 2.35436e-07 1.012e-08 2.13034e-10
 2.56413e-27 2.59058e-27 3.46169e-26 6.76258e-20 1.65777e-14 4.91226e-10 1.75949e-06 0.000761791 0.0398694 0.252225 0.193287 0.0435571 0.195738 0.180568 0.0375287 0.040147 0.0123416 0.00309927 0.000747415 0.000111682 1.53635e-05 1.61581e-06 1.12272e-07 4.37364e-09 7.85276e-11
 2.56239e-27 2.58577e-27 3.02746e-26 5.84651e-20 1.4332e-14 4.24683e-10 1.52114e-06 0.000658597 0.0344686 0.218058 0.167229 0.0455136 0.228935 0.211054 0.0402586 0.038686 0.01171 0.00266815 0.000645278 0.000101084 1.20111e-05 1.02731e-06 6.26657e-08 2.2117e-09 3.55339e-11
 2.56036e-27 2.58039e-27 2.56429e-26 4.86946e-20 1.19369e-14 3.53712e-10 1.26694e-06 0.000548535 0.0287083 0.181618 0.139407 0.0457856 0.250552 0.231285 0.0489841 0.0534712 0.0158495 0.00299585 0.000682796 9.79399e-05 1.17814e-05 9.48029e-07 4.64128e-08 1.39282e-09 2.00006e-11
 2.56138e-27 2.58328e-27 2.8301e-26 5.43026e-20 1.33116e-14 3.94447e-10 1.41284e-06 0.000611707 0.0320145 0.202533 0.155352 0.0441222 0.226692 0.209464 0.0486762 0.0582782 0.017549 0.00375145 0.000842043 0.000100766 1.09624e-05 8.40102e-07 3.93918e-08 9.70947e-10 1.16067e-11
 2.56281e-27 2.58698e-27 3.14336e-26 6.09104e-20 1.49315e-14 4.42446e-10 1.58477e-06 0.000686143 0.0359103 0.227179 0.174176 0.0444736 0.21614 0.199408 0.0411162 0.0435807 0.0133 0.00317802 0.000742867 9.74097e-05 9.84367e-06 6.38466e-07 2.75965e-08 6.41774e-10 6.44895e-12
 2.56289e-27 2.58715e-27 3.15296e-26 6.11129e-20 1.49811e-14 4.43916e-10 1.59003e-06 0.000688424 0.0360296 0.227934 0.174759 0.0448649 0.218707 0.201687 0.0398877 0.0401901 0.0120416 0.00252016 0.000591253 8.68407e-05 9.47554e-06 6.26581e-07 2.33134e-08 4.82842e-10 4.49597e-12
 2.56359e-27 2.58902e-27 3.31429e-26 6.45161e-20 1.58153e-14 4.68637e-10 1.67858e-06 0.000726761 0.038036 0.240627 0.184449 0.0447118 0.210734 0.194257 0.0372502 0.0360372 0.0106578 0.00200059 0.000445914 5.82788e-05 6.59099e-06 4.84759e-07 1.88875e-08 3.52083e-10 2.87139e-12
 2.56295e-27 2.58715e-27 3.13796e-26 6.07958e-20 1.49034e-14 4.41613e-10 1.58179e-06 0.000684853 0.0358427 0.226751 0.173877 0.0461971 0.229465 0.21132 0.0362538 0.0294601 0.00852438 0.00131462 0.000272528 3.1154e-05 3.16906e-06 2.20673e-07 9.39055e-09 1.86218e-10 1.4176e-12
 2.56496e-27 2.59271e-27 3.63825e-26 7.13501e-20 1.74906e-14 5.18278e-10 1.85638e-06 0.000803744 0.0420651 0.266115 0.2039 0.0440028 0.191673 0.176616 0.0331978 0.0312197 0.00895054 0.00119776 0.000231694 2.24681e-05 2.02498e-06 1.22525e-07 4.79228e-09 9.96816e-11 8.10483e-13
 2.56497e-27 2.59261e-27 3.61704e-26 7.09023e-20 1.73808e-14 5.15025e-10 1.84473e-06 0.0007987 0.0418011 0.264445 0.202643 0.0451265 0.201107 0.18506 0.029938 0.021672 0.0062514 0.000950751 0.000187285 1.58148e-05 1.24893e-06 6.34124e-08 2.12932e-09 3.98411e-11 3.28518e-13
 2.56454e-27 2.59142e-27 3.5099e-26 6.86419e-20 1.68267e-14 4.98606e-10 1.78592e-06 0.000773237 0.0404684 0.256015 0.196212 0.045532 0.208711 0.192064 0.0309527 0.0222122 0.00624926 0.000676086 0.000120237 1.11568e-05 8.67313e-07 3.74805e-08 1.0503e-09 1.6475e-11 1.20506e-13
 2.56554e-27 2.5942e-27 3.76024e-26 7.39232e-20 1.81214e-14 5.36969e-10 1.92333e-06 0.00083273 0.0435821 0.275713 0.211235 0.0444171 0.189672 0.174581 0.0294257 0.0231311 0.006535 0.00073566 0.000128123 8.97886e-06 6.33401e-07 2.89621e-08 7.29896e-10 9.44098e-12 5.71398e-14
 2.56511e-27 2.59293e-27 3.64102e-26 7.14081e-20 1.75048e-14 5.18699e-10 1.85789e-06 0.000804397 0.0420992 0.266332 0.204088 0.0453914 0.202108 0.185906 0.0286929 0.018614 0.0052463 0.000602615 0.000106043 7.52527e-06 4.81523e-07 1.71294e-08 4.23342e-10 5.21809e-12 2.63996e-14
 2.56475e-27 2.59198e-27 3.56e-26 6.96989e-20 1.70858e-14 5.06284e-10 1.81343e-06 0.000785144 0.0410916 0.259957 0.19922 0.0453866 0.205492 0.189093 0.0304262 0.0217577 0.00608694 0.000596785 9.81655e-05 7.12193e-06 4.64179e-07 1.603e-08 3.25791e-10 3.52793e-12 1.71883e-14
 2.56402e-27 2.59e-27 3.38335e-26 6.59722e-20 1.61723e-14 4.79214e-10 1.71646e-06 0.000743164 0.0388945 0.246058 0.188616 0.0459971 0.217588 0.200236 0.0320569 0.0226714 0.00636115 0.000659273 0.000109642 6.90996e-06 4.15025e-07 1.46105e-08 2.95127e-10 2.79863e-12 1.15143e-14
 2.56463e-27 2.59171e-27 3.5396e-26 6.92687e-20 1.69804e-14 5.03159e-10 1.80223e-06 0.000780297 0.0408379 0.258352 0.197991 0.0451288 0.204394 0.188157 0.0316731 0.0248348 0.00698575 0.00073217 0.000123038 8.14018e-06 4.83114e-07 1.47966e-08 2.88228e-10 2.74208e-12 1.03439e-14
 2.56207e-27 2.58485e-27 2.94228e-26 5.66681e-20 1.38915e-14 4.1163e-10 1.47439e-06 0.000638354 0.0334092 0.211356 0.16212 0.0460891 0.236904 0.218363 0.0407456 0.0379145 0.0108243 0.00136851 0.000248252 1.68346e-05 1.0298e-06 3.26908e-08 5.89438e-10 5.11171e-12 1.90585e-14
#obs catch len freq
 5.05072e-42 7.01007e-34 1.17609e-26 2.38508e-20 5.84673e-15 1.73249e-10 6.20551e-07 0.000268677 0.0140615 0.0889584 0.0686538 0.039986 0.218956 0.186794 0.143166 0.142641 0.0639084 0.0257526 0.00602733 0.000784172 4.1884e-05 6.63132e-07 2.33034e-09 1.47932e-12 1.48709e-16
 5.77686e-42 8.01789e-34 1.34517e-26 2.72797e-20 6.68731e-15 1.98157e-10 7.09767e-07 0.000307304 0.0160831 0.101748 0.0785327 0.0438491 0.223877 0.182033 0.14267 0.130268 0.0555643 0.0203034 0.00426405 0.000478116 2.08511e-05 2.54877e-07 6.64318e-10 3.05396e-13 2.19307e-17
 1.08941e-41 1.51203e-33 2.53674e-26 5.14445e-20 1.2611e-14 3.73688e-10 1.33849e-06 0.000579519 0.0303297 0.191876 0.147399 0.0452712 0.181527 0.140659 0.113213 0.0948221 0.0389258 0.0128049 0.00236118 0.000223174 7.83948e-06 7.36572e-08 1.42296e-10 4.73821e-14 2.4322e-18
 1.11941e-41 1.55367e-33 2.60661e-26 5.28615e-20 1.29584e-14 3.8398e-10 1.37535e-06 0.000595481 0.0311651 0.197162 0.151779 0.0585054 0.238057 0.16431 0.0764106 0.0538005 0.0209627 0.00618046 0.000991542 7.71957e-05 2.13814e-06 1.52746e-08 2.18127e-11 5.26437e-15 1.93419e-19
 7.88539e-42 1.09444e-33 1.83615e-26 3.72368e-20 9.12816e-15 2.70484e-10 9.6883e-07 0.00041947 0.0219534 0.138887 0.107545 0.0648413 0.273769 0.184482 0.116231 0.0710091 0.0165779 0.00373671 0.000513837 3.25953e-05 6.98496e-07 3.73214e-09 3.90596e-12 6.8152e-16 1.79312e-20
 1.25944e-41 1.74802e-33 2.93267e-26 5.9474e-20 1.45794e-14 4.32013e-10 1.5474e-06 0.000669971 0.0350636 0.221825 0.170608 0.0530017 0.172908 0.122385 0.124909 0.0752113 0.0198106 0.00331466 0.000278452 1.33148e-05 2.17859e-07 8.59058e-10 6.50903e-13 8.14654e-17 1.52925e-21
 1.03782e-41 1.44043e-33 2.41662e-26 4.90086e-20 1.20139e-14 3.55993e-10 1.27511e-06 0.000552079 0.0288936 0.182795 0.141502 0.0737019 0.260134 0.153535 0.0860584 0.0508164 0.0185526 0.00322789 0.000224206 6.51435e-06 7.10365e-08 2.0157e-10 1.09522e-13 9.74568e-18 1.29568e-22
 1.27882e-41 1.77491e-33 2.97779e-26 6.03889e-20 1.48036e-14 4.38659e-10 1.5712e-06 0.000680277 0.035603 0.22524 0.173723 0.0643189 0.192086 0.123666 0.116176 0.0543509 0.0118751 0.00211206 0.000163636 3.90576e-06 2.67018e-08 4.73166e-11 1.74685e-14 1.08925e-18 1.01843e-23
 1.14785e-41 1.59314e-33 2.67283e-26 5.42045e-20 1.32876e-14 3.93735e-10 1.4103e-06 0.000610609 0.0319569 0.202177 0.156784 0.0799045 0.239621 0.134374 0.0943187 0.0457731 0.0127889 0.00159516 9.35007e-05 2.17689e-06 1.232e-08 1.44545e-11 3.29237e-15 1.32175e-19 8.35359e-25
 1.51502e-41 2.10275e-33 3.52781e-26 7.15432e-20 1.7538e-14 5.19682e-10 1.86142e-06 0.00080593 0.0421792 0.266845 0.205886 0.0694957 0.170882 0.103615 0.0937893 0.0373515 0.00806003 0.00103612 5.21e-05 8.65751e-07 4.0696e-09 3.90376e-12 6.3572e-16 1.65262e-20 6.60946e-26
 1.55258e-41 2.15488e-33 3.61525e-26 7.33166e-20 1.79727e-14 5.32564e-10 1.90756e-06 0.000825906 0.0432247 0.273463 0.211633 0.0832157 0.197207 0.098422 0.0614918 0.0243491 0.00558677 0.000555505 2.32987e-05 3.23938e-07 1.10166e-09 7.86689e-13 9.98643e-17 1.95851e-21 5.52649e-27
 1.15584e-41 1.60423e-33 2.69143e-26 5.45817e-20 1.33801e-14 3.96476e-10 1.42011e-06 0.000614859 0.0321793 0.203595 0.159535 0.103878 0.253702 0.128952 0.0867661 0.026163 0.00421317 0.000386389 1.35208e-05 1.43768e-07 3.80955e-10 1.99614e-13 1.80163e-17 2.57444e-22 5.40911e-28
 1.72754e-41 2.39771e-33 4.02265e-26 8.15786e-20 1.9998e-14 5.92578e-10 2.12252e-06 0.000918977 0.0480956 0.30428 0.235197 0.0749422 0.140567 0.0900099 0.0796037 0.0228461 0.00332015 0.000211097 5.49088e-06 4.65094e-08 9.19906e-11 3.55638e-14 2.3488e-18 2.39443e-23 3.54561e-29
 1.39724e-41 1.93928e-33 3.25355e-26 6.59813e-20 1.61745e-14 4.79281e-10 1.71671e-06 0.000743275 0.0389001 0.246125 0.193321 0.116497 0.234371 0.0987415 0.0513353 0.0168602 0.0029345 0.000167186 3.19936e-06 1.85472e-08 2.67989e-11 7.60916e-15 3.62204e-19 2.65151e-24 2.81294e-30
 1.18527e-41 1.64508e-33 2.75996e-26 5.59714e-20 1.37207e-14 4.0657e-10 1.45627e-06 0.000630514 0.0329986 0.208799 0.165541 0.118567 0.228438 0.132108 0.0914953 0.0190957 0.00219095 0.000132092 2.4282e-06 1.07131e-08 1.05014e-11 2.03854e-15 6.86583e-20 3.58783e-25 2.70582e-31
 9.42333e-42 1.3079e-33 2.19427e-26 4.44993e-20 1.09085e-14 3.23238e-10 1.15779e-06 0.000501281 0.0262351 0.166027 0.134414 0.131602 0.2437 0.155145 0.110593 0.0282874 0.00336419 0.000128842 1.85535e-06 7.41609e-09 5.82494e-12 7.99675e-16 1.8155e-20 6.43539e-26 3.36154e-32
 1.50552e-41 2.08956e-33 3.50568e-26 7.10944e-20 1.7428e-14 5.16422e-10 1.84974e-06 0.000800874 0.0419146 0.265209 0.20829 0.0989335 0.153446 0.120036 0.0864298 0.0220961 0.0027328 0.000108456 1.19312e-06 3.2849e-09 2.02769e-12 2.2421e-16 3.84184e-21 9.63018e-27 3.43513e-33
 1.04949e-41 1.45662e-33 2.44378e-26 4.95594e-20 1.21489e-14 3.59994e-10 1.28944e-06 0.000558284 0.0292185 0.184953 0.153303 0.170281 0.261301 0.11794 0.0626093 0.0175788 0.00217067 8.42587e-05 8.89055e-07 2.0223e-09 8.80106e-13 6.8445e-17 8.75698e-22 1.675e-27 4.47291e-34
 1.5276e-41 2.12021e-33 3.5571e-26 7.21372e-20 1.76836e-14 5.23997e-10 1.87687e-06 0.000812621 0.0425294 0.269131 0.213463 0.111282 0.15342 0.127256 0.0694472 0.011505 0.00110937 4.18314e-05 4.08626e-07 8.30096e-10 3.02127e-13 1.77734e-17 1.59932e-22 2.12752e-28 4.05025e-35
 1.08463e-41 1.5054e-33 2.52562e-26 5.12191e-20 1.25558e-14 3.7205e-10 1.33262e-06 0.00057698 0.0301971 0.191218 0.162492 0.190431 0.247297 0.111818 0.052902 0.0120877 0.000956365 2.35631e-05 1.8762e-07 3.30753e-10 1.01779e-13 4.91047e-18 3.47957e-23 3.46788e-29 4.73268e-36
 1.38757e-41 1.92585e-33 3.23102e-26 6.55244e-20 1.60625e-14 4.75962e-10 1.70482e-06 0.000738128 0.0386309 0.244539 0.199011 0.136244 0.172916 0.139702 0.0594407 0.00816945 0.000592545 1.38636e-05 7.75628e-08 9.71037e-11 2.34276e-14 9.08955e-19 5.12932e-24 4.00831e-30 4.2129e-37
 1.50772e-41 2.09262e-33 3.51081e-26 7.11985e-20 1.74535e-14 5.17178e-10 1.85245e-06 0.000802046 0.0419763 0.265773 0.219206 0.161246 0.1737 0.0911457 0.0388096 0.00694299 0.000389591 6.5225e-06 3.07061e-08 2.93239e-11 4.90407e-15 1.34954e-19 5.67241e-25 3.38377e-31 2.72579e-38
 1.22394e-41 1.69874e-33 2.84999e-26 5.77973e-20 1.41683e-14 4.19833e-10 1.50377e-06 0.000651082 0.0340757 0.215923 0.18808 0.20076 0.211407 0.10934 0.0350526 0.00445809 0.000246969 3.76862e-06 1.2832e-08 9.05862e-12 1.15451e-15 2.30963e-20 6.76709e-26 2.8108e-32 1.6114e-39
 1.47658e-41 2.04939e-33 3.43828e-26 6.97276e-20 1.70929e-14 5.06494e-10 1.81418e-06 0.000785476 0.0411094 0.260399 0.218608 0.16178 0.16798 0.111593 0.0340136 0.00358727 0.000140676 1.69603e-06 4.95909e-09 2.70278e-12 2.46181e-16 3.54627e-21 7.59927e-27 2.28609e-33 9.28837e-41
 1.45513e-41 2.01963e-33 3.38834e-26 6.87149e-20 1.68447e-14 4.99138e-10 1.78783e-06 0.000774069 0.0405128 0.256795 0.222945 0.193962 0.173211 0.0842013 0.0247455 0.00275883 9.14984e-05 7.9364e-07 1.6592e-09 6.97083e-13 4.94738e-17 5.29663e-22 8.10462e-28 1.72459e-34 4.99296e-42
 1.28469e-41 1.78306e-33 2.99145e-26 6.06661e-20 1.48716e-14 4.40672e-10 1.57842e-06 0.0006834 0.0357682 0.22697 0.206694 0.215341 0.192816 0.0974345 0.0223412 0.00189253 5.7012e-05 4.31122e-07 6.7387e-10 1.97168e-13 9.91514e-18 7.81257e-23 8.92986e-29 1.40397e-35 2.94067e-43
 1.16285e-41 1.61396e-33 2.70775e-26 5.49126e-20 1.34612e-14 3.9888e-10 1.42872e-06 0.000618588 0.0323769 0.205702 0.19519 0.222768 0.204759 0.112271 0.0244773 0.00179627 4.01627e-05 2.36105e-07 3.02446e-10 6.87163e-14 2.4893e-18 1.36293e-23 1.08461e-29 1.20938e-36 1.82839e-44
 1.14019e-41 1.58251e-33 2.655e-26 5.38428e-20 1.31989e-14 3.91108e-10 1.40089e-06 0.000606536 0.0317461 0.201676 0.190611 0.215932 0.209334 0.1205 0.027476 0.00207518 4.28943e-05 2.08482e-07 2.12966e-10 4.01065e-14 1.23216e-18 5.6229e-24 3.60833e-30 3.16091e-37 3.71098e-45
 1.35266e-41 1.8774e-33 3.14972e-26 6.38757e-20 1.56584e-14 4.63987e-10 1.66192e-06 0.000719557 0.0376608 0.238994 0.2148 0.194247 0.182359 0.104749 0.0245231 0.00190592 4.04211e-05 1.92395e-07 1.77918e-10 2.86856e-14 7.47104e-19 2.94594e-24 1.66529e-30 1.29234e-37 1.3347e-45
#spawning biomass
 15099.7 12484.1 16532 22383.2 28220.1 33429 38977.4 44894.5 53839.8 68562 90488.5 102057 134191 170946 165528 134990 122465 132271 137873 120585 126617 139772 143416 161708 171395 178304 164772 157462 185138 395560 512789 522350 462370 381656 304829 241225 192580 157236 132449 115501 104127 96596.9 91652.1 88416.7 86317.3 84990.7 84152.4 83622.6 83287.9 83076.4 82942.8 82858.3 82804.9 82771.2 82749.9 82736.4 82727.9 82722.6 82719.2 82717 82715.7 82714.8 82714.3 82713.9 82713.7 82713.6 82713.5 82713.4 82713.4 82713.4 82713.3 82713.3 82713.3 82713.3 82713.3 82713.3 82713.3 82713.3 82713.3 82713.3 82713.3 82713.3 82713.3 82713.3 82713.3 82713.3 82713.3 82713.3 82713.3 82713.3 82713.3 82713.3 82713.3 82713.3 82713.3 82713.3 82713.3 82713.3 82713.3 82713.3 82713.3 82713.3 82713.3 82713.3 82713.3 82713.3 82713.3 82713.3 82713.3 82713.3 82713.3 82713.3 82713.3 82713.3 82713.3 82713.3 82713.3 82713.3 82713.3 82713.3 82713.3 82713.3 82713.3 82713.3 82713.3 82713.3 82713.3 82713.3 82713.3 0 0 0 0 0 0 0 0 0 0 0 0 0 0 0 0 0 0 0 0 0 0 0 0 0
