SBPRF35
0.256306
Curr Bio
76323
B35
180937
F35
0.457709
FOFL
0.107177
OFL
5837.64
Bzero
73230.3
#pred survey bio
 5234.72 5783.13 8677.13 11052.5 14915.2 19758.6 24529.5 33334.9 44369.9 66642.9 85185.7 105299 133786 179128 179239 165035 157490 135563 131500 145193 171993 175765 190673 192114 189630 186420 174022 128390 3.52599e+06 2.30244e+06 1.81917e+06 1.38411e+06 1.1014e+06 940722 854914 810134 786699 774175 767261 763296 760934 759479 758557 757959 757569 757311 757139 757025 756948 756896 756861 756837 756821 756810 756803 756798 756795 756793 756791 756790 756789 756789 756789 756788 756788 756788 756788 756788 756788 756788 756788 756788 756788 756788 756788 756788 756788 756788 756788 756788 756788 756788 756788 756788 756788 756788 756788 756788 756788 756788 756788 756788 756788 756788 756788 756788 756788 756788 756788 756788 756788 756788 756788 756788 756788 756788 756788 756788 756788 756788 756788 756788 756788 756788 756788 756788 756788 756788 756788 756788 756788 756788 756788 756788 756788 756788 756788 756788 0 0 0 0 0 0 0 0 0 0 0 0 0 0 0 0 0 0 0 0 0 0 0 0 0
#obs survey bio
 4787.33 9395.2 6126.76 10899.5 16938.3 33352.8 25681 33957.9 48893 63311.3 100764 90815.4 105954 221411 162359 178110 179073 109615 108136 152449 237227 181806 278936 210600 179826 200752 154805 106685
#pred catch bio
 2872.67 2691.38 4513.24 5798.38 7574.17 10314.1 12373 18292 21539.4 35372.5 46515.5 57524.2 65867.2 97604.9 101656 93628.5 95205.2 78116 72717.1 74911.4 92656.6 88825.6 102449 105412 105591 101340 105973 84933.5 5837.64 31679.6 23975 17310.5 13184.8 10971.2 9875.09 9358.23 9122.05 9016.34 8969.67 8949.27 8940.4 8936.57 8934.91 8934.2 8933.9 8933.77 8933.71 8933.69 8933.68 8933.67 8933.67 8933.67 8933.67 8933.67 8933.67 8933.67 8933.67 8933.67 8933.67 8933.67 8933.67 8933.67 8933.67 8933.67 8933.67 8933.67 8933.67 8933.67 8933.67 8933.67 8933.67 8933.67 8933.67 8933.67 8933.67 8933.67 8933.67 8933.67 8933.67 8933.67 8933.67 8933.67 8933.67 8933.67 8933.67 8933.67 8933.67 8933.67 8933.67 8933.67 8933.67 8933.67 8933.67 8933.67 8933.67 8933.67 8933.67 8933.67 8933.67 8933.67 8933.67 8933.67 8933.67 8933.67 8933.67 8933.67 8933.67 8933.67 8933.67 8933.67 8933.67 8933.67 8933.67 8933.67 8933.67 8933.67 8933.67 8933.67 8933.67 8933.67 8933.67 8933.67 8933.67 8933.67 8933.67 8933.67 8933.67 8933.67 0 0 0 0 0 0 0 0 0 0 0 0 0 0 0 0 0 0 0 0 0 0 0 0 0
#obs catch bio
 2588.07 2524.92 4339.15 5515.88 6973.56 9458.83 12127.3 17931.1 20179.2 33814.2 43187.2 55390.8 66116.7 100364 107514 94117.6 95730 85050.8 80800.8 78194.7 86627 81975.1 92329.3 102392 108138 109964 112849 87183.1
#pred cpue bio
 4199.8 3856.85 5864.94 7549.8 9943.46 13488.9 16858.4 22540.8 29115.1 44541.4 57659 70956.4 89363.9 123484 130027 119573 112529 96591.5 92777.6 100394 120588 126954 138498 138769 136551 133379 128987 95858.5 2.39412e+06 2.19136e+06 1.72035e+06 1.28537e+06 1.00266e+06 841976 756168 711388 687952 675429 668514 664549 662187 660733 659811 659212 658822 658564 658393 658278 658201 658149 658114 658091 658075 658064 658057 658052 658048 658046 658045 658044 658043 658042 658042 658042 658042 658042 658042 658042 658041 658041 658041 658041 658041 658041 658041 658041 658041 658041 658041 658041 658041 658041 658041 658041 658041 658041 658041 658041 658041 658041 658041 658041 658041 658041 658041 658041 658041 658041 658041 658041 658041 658041 658041 658041 658041 658041 658041 658041 658041 658041 658041 658041 658041 658041 658041 658041 658041 658041 658041 658041 658041 658041 658041 658041 658041 658041 658041 658041 0 0 0 0 0 0 0 0 0 0 0 0 0 0 0 0 0 0 0 0 0 0 0 0 0
#obs cpue bio
 3912.68 4037.9 7974.96 10403.7 12627.8 11714.5 13748.6 26451.8 35566 53778.4 71313.1 87062.5 92989.1 96366 106494 123973 99519.9 68816.1 70196.5 91260.6 156305 161109 157518 115463 118224 78211.2 129953 111589
#pred surv len freq
 3.78909e-11 1.78221e-09 5.80453e-08 1.30907e-06 2.0443e-05 0.000221062 0.00165529 0.00858313 0.0308242 0.0767164 0.132648 0.160887 0.141919 0.102104 0.0745926 0.0611543 0.0496902 0.0379558 0.0289038 0.0228282 0.0188844 0.0164736 0.0145159 0.0116798 0.00774237
 4.66803e-11 2.19562e-09 7.15099e-08 1.61272e-06 2.5185e-05 0.00027234 0.00203925 0.0105738 0.0379694 0.0944634 0.163085 0.196628 0.169613 0.113647 0.0716416 0.049845 0.034698 0.0214623 0.0123526 0.00742066 0.00489805 0.00352773 0.00267097 0.00194538 0.00121958
 4.49276e-11 2.11318e-09 6.88249e-08 1.55217e-06 2.42394e-05 0.000262115 0.00196269 0.010177 0.0365468 0.0909462 0.157165 0.190205 0.166391 0.116513 0.0801236 0.0599971 0.0421099 0.0245025 0.0121235 0.00563007 0.00264299 0.00131006 0.000715987 0.000418429 0.000231344
 4.42887e-11 2.08313e-09 6.78461e-08 1.5301e-06 2.38947e-05 0.000258387 0.00193478 0.0100323 0.0360277 0.0896594 0.154975 0.187712 0.164724 0.116466 0.081609 0.0622651 0.0443756 0.0263196 0.0132975 0.00612265 0.00261045 0.00101578 0.000373233 0.000140344 5.54976e-05
 4.56055e-11 2.14506e-09 6.98634e-08 1.57559e-06 2.46051e-05 0.000266069 0.0019923 0.0103305 0.0370973 0.0923092 0.159473 0.192776 0.167924 0.116065 0.0779224 0.0573526 0.0403832 0.0240446 0.0123271 0.00579533 0.0025103 0.000963598 0.000321594 9.43921e-05 2.51873e-05
 4.42863e-11 2.08302e-09 6.78425e-08 1.53002e-06 2.38934e-05 0.000258373 0.00193468 0.0100318 0.0360258 0.0896553 0.154971 0.187724 0.164786 0.116615 0.0818231 0.0624316 0.0443736 0.0261606 0.0131192 0.00602978 0.0025865 0.000996469 0.000333626 9.53737e-05 2.29553e-05
 4.39881e-11 2.06899e-09 6.73857e-08 1.51971e-06 2.37325e-05 0.000256634 0.00192165 0.00996422 0.0357834 0.0890534 0.15394 0.186519 0.163874 0.116295 0.0820697 0.0630685 0.045246 0.0271105 0.0139321 0.00654884 0.00282878 0.00108082 0.000357005 0.000100889 2.39479e-05
 4.49333e-11 2.11345e-09 6.88337e-08 1.55237e-06 2.42425e-05 0.000262148 0.00196294 0.0101782 0.0365511 0.0909549 0.157165 0.190137 0.166115 0.115882 0.0792394 0.0593745 0.0423204 0.0255441 0.0133667 0.00644142 0.00285489 0.00111623 0.000374962 0.000106691 2.52438e-05
 4.63186e-11 2.1786e-09 7.09557e-08 1.60023e-06 2.49899e-05 0.00027023 0.00202345 0.0104919 0.0376767 0.0937463 0.161924 0.195586 0.169878 0.116334 0.0766228 0.0552582 0.0382631 0.0222971 0.0110873 0.00507364 0.0021876 0.000855644 0.000292305 8.4996e-05 2.04985e-05
 4.53861e-11 2.13475e-09 6.95273e-08 1.56801e-06 2.44868e-05 0.00026479 0.00198272 0.0102808 0.0369192 0.0918694 0.158735 0.191984 0.167559 0.116503 0.079076 0.0586296 0.041134 0.0240959 0.0119859 0.00543044 0.00228162 0.000859269 0.000282885 8.04093e-05 1.9311e-05
 4.47172e-11 2.10328e-09 6.85026e-08 1.5449e-06 2.41259e-05 0.000260887 0.0019535 0.0101293 0.0363759 0.0905231 0.156448 0.189404 0.165908 0.116651 0.0808658 0.0610534 0.043149 0.0253116 0.0125817 0.00569267 0.00238589 0.000892369 0.000289215 8.01527e-05 1.86843e-05
 4.49744e-11 2.11538e-09 6.88966e-08 1.55379e-06 2.42646e-05 0.000262388 0.00196473 0.0101876 0.0365848 0.0910403 0.157324 0.190383 0.166501 0.116501 0.0800442 0.0600117 0.0423624 0.0249376 0.0124855 0.00569566 0.00239982 0.000898748 0.000290668 8.00795e-05 1.84611e-05
 4.54154e-11 2.13612e-09 6.95721e-08 1.56902e-06 2.45026e-05 0.00026496 0.001984 0.0102874 0.036943 0.0919283 0.158835 0.192098 0.167636 0.116506 0.0790098 0.0585306 0.0410406 0.0240293 0.0119508 0.0054195 0.00228013 0.000856743 0.000278543 7.70477e-05 1.77767e-05
 4.37784e-11 2.05913e-09 6.70644e-08 1.51247e-06 2.36194e-05 0.00025541 0.00191249 0.00991673 0.0356131 0.088632 0.153228 0.185734 0.163433 0.116508 0.0828743 0.0640362 0.0459186 0.0273468 0.0138938 0.00644014 0.0027459 0.00103562 0.000336539 9.30891e-05 2.15191e-05
 4.07197e-11 1.91526e-09 6.23788e-08 1.4068e-06 2.19692e-05 0.000237566 0.00177888 0.00922413 0.0331285 0.0824744 0.142761 0.173886 0.155721 0.116823 0.0905356 0.0746653 0.0550225 0.0331818 0.0170681 0.008039 0.00349085 0.00134187 0.000443726 0.000124297 2.89289e-05
 4.10318e-11 1.92994e-09 6.28569e-08 1.41758e-06 2.21375e-05 0.000239386 0.00179251 0.00929476 0.0333815 0.0830976 0.143794 0.17493 0.155975 0.115615 0.0880512 0.0721465 0.0538563 0.0336613 0.0183552 0.00920004 0.00417868 0.00165208 0.000557903 0.00015929 3.77284e-05
 4.19161e-11 1.97153e-09 6.42115e-08 1.44813e-06 2.26146e-05 0.000244545 0.00183114 0.00949501 0.0340999 0.0848784 0.146824 0.178376 0.158269 0.115661 0.0860096 0.0691483 0.0510714 0.0316505 0.0171696 0.00868046 0.00406269 0.00168346 0.000598609 0.000178671 4.37407e-05
 4.19101e-11 1.97125e-09 6.42023e-08 1.44792e-06 2.26114e-05 0.00024451 0.00183088 0.00949367 0.0340954 0.0848702 0.14683 0.178477 0.158656 0.116549 0.0873134 0.0702632 0.0512873 0.0308638 0.0159503 0.00765544 0.00346398 0.00142211 0.000512082 0.000157462 4.01049e-05
 4.25643e-11 2.00202e-09 6.52045e-08 1.47052e-06 2.29643e-05 0.000248327 0.00185946 0.0096418 0.0346267 0.0861856 0.149058 0.180958 0.160134 0.116108 0.0851492 0.0675925 0.0493804 0.0300863 0.0158377 0.00767437 0.00342598 0.00136028 0.000471842 0.000141518 3.5861e-05
 4.37423e-11 2.05743e-09 6.70091e-08 1.51122e-06 2.35999e-05 0.000255199 0.00191091 0.00990854 0.0355836 0.0885569 0.153088 0.185516 0.163089 0.115951 0.0821398 0.0634284 0.0458152 0.0278194 0.0146529 0.00713909 0.0032189 0.00128966 0.000447221 0.000132239 3.27232e-05
 4.29237e-11 2.01893e-09 6.57552e-08 1.48294e-06 2.31583e-05 0.000250424 0.00187516 0.00972319 0.0349187 0.0869096 0.15029 0.182362 0.161079 0.116155 0.0843636 0.0664196 0.0482765 0.0292704 0.015334 0.00742727 0.00333949 0.00134007 0.000467056 0.000138877 3.44255e-05
 4.11104e-11 1.93364e-09 6.29774e-08 1.4203e-06 2.218e-05 0.000239845 0.00179595 0.00931259 0.0334457 0.0832589 0.144083 0.17533 0.15648 0.116281 0.088821 0.0726604 0.0536882 0.0328137 0.0173086 0.00842631 0.00379177 0.00151737 0.000527047 0.000156485 3.88358e-05
 4.10062e-11 1.92874e-09 6.28177e-08 1.4167e-06 2.21237e-05 0.000239237 0.00179139 0.00928895 0.0333604 0.0830432 0.143687 0.17474 0.155614 0.114962 0.0871564 0.0713996 0.0537281 0.0342271 0.0192407 0.00998229 0.00468324 0.00191319 0.000670292 0.000199502 4.94855e-05
 4.1332e-11 1.94406e-09 6.33168e-08 1.42795e-06 2.22995e-05 0.000241138 0.00180563 0.00936273 0.0336252 0.0837007 0.144813 0.176053 0.156599 0.115283 0.0868228 0.0705871 0.0526097 0.0330391 0.0183185 0.00953039 0.0046036 0.00197331 0.000727133 0.000225009 5.71366e-05
 4.14626e-11 1.9502e-09 6.35169e-08 1.43246e-06 2.237e-05 0.0002419 0.00181133 0.00939232 0.0337315 0.0839651 0.145269 0.176603 0.157072 0.115587 0.0869647 0.0705512 0.0523403 0.03255 0.0177479 0.00904971 0.00430242 0.00183588 0.000684902 0.000218169 5.75511e-05
 4.18251e-11 1.96725e-09 6.40721e-08 1.44499e-06 2.25655e-05 0.000244014 0.00182716 0.0094744 0.034026 0.0846954 0.146514 0.178031 0.158066 0.115728 0.0863213 0.0695348 0.0513496 0.0317563 0.0171577 0.00863754 0.00404364 0.00169624 0.000623163 0.000196946 5.21552e-05
 3.94845e-11 1.85716e-09 6.04866e-08 1.36412e-06 2.13027e-05 0.000230359 0.00172492 0.0089444 0.0321247 0.0799835 0.138504 0.168964 0.152163 0.115966 0.0921828 0.0776793 0.0583456 0.0362583 0.0196063 0.00985012 0.00458486 0.00190412 0.000690015 0.00021477 5.61027e-05
 3.90063e-11 1.83467e-09 5.97541e-08 1.3476e-06 2.10448e-05 0.00022757 0.00170404 0.00883612 0.0317361 0.07902 0.136862 0.167084 0.150865 0.115812 0.093087 0.0790952 0.0597319 0.0373616 0.020385 0.0103294 0.00482993 0.00200571 0.000723744 0.000223467 5.77368e-05
#obs surv len freq
 4.08525e-11 1.9215e-09 6.25821e-08 1.41139e-06 2.20408e-05 0.00023834 0.00178468 0.00925416 0.0332361 0.0827378 0.143189 0.174278 0.155658 0.11593 0.0889175 0.0730873 0.0543626 0.033632 0.018085 0.00899422 0.00411724 0.00166901 0.000586227 0.000175972 4.41932e-05
 4.9356e-11 2.32147e-09 7.56087e-08 1.70517e-06 2.66286e-05 0.00028795 0.00215613 0.0111797 0.0401438 0.0998572 0.172291 0.207226 0.177128 0.115122 0.0677114 0.0436007 0.0290299 0.017313 0.00916315 0.00450533 0.00204308 0.000821163 0.000285929 8.50627e-05 2.11699e-05
 4.14586e-11 1.95001e-09 6.35107e-08 1.43233e-06 2.23678e-05 0.000241877 0.00181116 0.00939151 0.0337298 0.0839714 0.145353 0.177052 0.158568 0.118912 0.0918065 0.0746875 0.053158 0.0296753 0.0132774 0.00525696 0.00200833 0.000737766 0.000247349 7.23279e-05 1.78041e-05
 4.72317e-11 2.22155e-09 7.23545e-08 1.63178e-06 2.54825e-05 0.000275557 0.00206334 0.0106987 0.0384183 0.0955814 0.165027 0.199023 0.171855 0.115533 0.0733465 0.0513527 0.0356579 0.0214826 0.0112209 0.00525396 0.00215733 0.000744677 0.000215582 5.39617e-05 1.1869e-05
 4.45366e-11 2.09479e-09 6.82259e-08 1.53867e-06 2.40285e-05 0.000259834 0.00194561 0.0100885 0.0362297 0.0901633 0.155855 0.188825 0.165843 0.117527 0.0825512 0.0626942 0.0437961 0.024806 0.0115753 0.00486544 0.00194132 0.000710738 0.000225207 5.93511e-05 1.272e-05
 4.34702e-11 2.04463e-09 6.65922e-08 1.50182e-06 2.34531e-05 0.000253612 0.00189903 0.00984696 0.0353632 0.0880137 0.152188 0.184608 0.162878 0.117034 0.0843776 0.065767 0.0470456 0.0276014 0.0135793 0.0059798 0.00238439 0.000830065 0.000247454 6.33134e-05 1.37562e-05
 4.34011e-11 2.04138e-09 6.64863e-08 1.49944e-06 2.34158e-05 0.000253209 0.00189601 0.0098313 0.0353069 0.0878733 0.151943 0.184302 0.162579 0.116764 0.0841407 0.0656392 0.04714 0.0279319 0.0140204 0.00637191 0.00264135 0.000956343 0.00029323 7.52993e-05 1.60183e-05
 4.59196e-11 2.15984e-09 7.03445e-08 1.58645e-06 2.47746e-05 0.000267902 0.00200602 0.0104016 0.0373527 0.0929426 0.160555 0.194026 0.168824 0.116273 0.0774888 0.0565727 0.039533 0.0232672 0.0116927 0.00534817 0.00224514 0.000829909 0.000262013 6.96042e-05 1.52715e-05
 4.67606e-11 2.19939e-09 7.16328e-08 1.6155e-06 2.52283e-05 0.000272808 0.00204276 0.010592 0.038036 0.0946377 0.163447 0.19735 0.171161 0.116661 0.0760644 0.0542092 0.0370858 0.0211835 0.0101485 0.00439189 0.00177272 0.000645381 0.000204229 5.49884e-05 1.23203e-05
 4.4302e-11 2.08375e-09 6.78665e-08 1.53056e-06 2.39019e-05 0.000258465 0.00193536 0.0100353 0.0360391 0.0896908 0.155051 0.187911 0.165237 0.117523 0.0831123 0.0635287 0.0445925 0.0253887 0.0118913 0.00495152 0.00190631 0.000660035 0.000198974 5.15645e-05 1.13145e-05
 4.53978e-11 2.13529e-09 6.95451e-08 1.56842e-06 2.44931e-05 0.000264858 0.00198323 0.0102834 0.0369289 0.0918934 0.158778 0.192045 0.167641 0.116621 0.079232 0.0587851 0.0412254 0.0240812 0.0118647 0.00524405 0.00209684 0.00072789 0.000213807 5.30964e-05 1.11094e-05
 4.56696e-11 2.14808e-09 6.99614e-08 1.57781e-06 2.46397e-05 0.000266443 0.0019951 0.010345 0.0371498 0.0924417 0.159716 0.193135 0.168447 0.116856 0.0789221 0.0581209 0.0403888 0.0232337 0.0111884 0.00485188 0.00194476 0.000693524 0.000211673 5.42005e-05 1.14438e-05
 4.33489e-11 2.03892e-09 6.64063e-08 1.49763e-06 2.33876e-05 0.000252904 0.00189373 0.00981949 0.0352647 0.0877709 0.151782 0.184186 0.162725 0.117381 0.0851565 0.0665642 0.0474128 0.0274622 0.0132256 0.00570537 0.00226197 0.000795727 0.000240648 6.17957e-05 1.32611e-05
 4.02776e-11 1.89446e-09 6.17014e-08 1.39152e-06 2.17306e-05 0.000234986 0.00175957 0.00912402 0.0327696 0.0815856 0.141257 0.172217 0.154749 0.117188 0.0921261 0.0766683 0.0565542 0.0339009 0.017159 0.00783179 0.00323383 0.00115808 0.000350901 8.95544e-05 1.90702e-05
 3.7663e-11 1.77148e-09 5.76961e-08 1.30119e-06 2.032e-05 0.000219732 0.00164536 0.00853192 0.0306451 0.0763166 0.132272 0.161915 0.147594 0.116214 0.0968735 0.0842355 0.0640842 0.0400288 0.0215865 0.0106108 0.00468238 0.00177493 0.000565545 0.000150192 3.27725e-05
 4.18525e-11 1.96854e-09 6.4114e-08 1.44593e-06 2.25803e-05 0.000244174 0.00182836 0.00948056 0.0340479 0.0847463 0.146579 0.178 0.157691 0.114751 0.0848574 0.0683104 0.0511933 0.0327447 0.018557 0.00969713 0.00455482 0.00184324 0.000629358 0.000178708 4.1343e-05
 4.08576e-11 1.92174e-09 6.25899e-08 1.41156e-06 2.20435e-05 0.00023837 0.0017849 0.00925532 0.0332404 0.0827503 0.143221 0.174369 0.155902 0.116433 0.0896162 0.0736164 0.0543165 0.033017 0.0173345 0.0085009 0.00393018 0.00163758 0.000590641 0.000178869 4.41832e-05
 4.00938e-11 1.88582e-09 6.14199e-08 1.38518e-06 2.16315e-05 0.000233914 0.00175154 0.00908238 0.0326199 0.0812111 0.140596 0.171356 0.153801 0.116133 0.0910115 0.0759228 0.0567356 0.0350587 0.0187292 0.00919007 0.00412539 0.00163816 0.000567657 0.000170095 4.29324e-05
 4.01669e-11 1.88926e-09 6.15318e-08 1.3877e-06 2.16709e-05 0.00023434 0.00175473 0.0090989 0.032679 0.0813566 0.140835 0.171589 0.153823 0.115767 0.0903028 0.0752071 0.0564005 0.0352058 0.0191451 0.00960077 0.0043909 0.00175931 0.000605458 0.000177309 4.34956e-05
 4.29338e-11 2.0194e-09 6.57705e-08 1.48329e-06 2.31637e-05 0.000250483 0.00187559 0.00972545 0.0349267 0.0869269 0.150305 0.182309 0.160806 0.115496 0.0833832 0.0655752 0.0481016 0.0298415 0.0162244 0.00817425 0.00377833 0.00153812 0.000538676 0.000159796 3.9317e-05
 4.16709e-11 1.96e-09 6.38359e-08 1.43966e-06 2.24824e-05 0.000243115 0.00182043 0.00943952 0.0339013 0.084389 0.146013 0.177557 0.158076 0.116626 0.0879936 0.071181 0.052057 0.0313279 0.0161556 0.00770376 0.00344024 0.00138391 0.000485829 0.000145576 3.62877e-05
 4.07208e-11 1.91531e-09 6.23804e-08 1.40684e-06 2.19698e-05 0.000237572 0.00177893 0.00922435 0.0331292 0.0824739 0.142746 0.173805 0.155449 0.116217 0.0896601 0.0739406 0.0549313 0.0337668 0.0179005 0.00868953 0.00384512 0.00149588 0.000504077 0.000146357 3.59318e-05
 4.15227e-11 1.95303e-09 6.36088e-08 1.43454e-06 2.24024e-05 0.00024225 0.00181395 0.00940591 0.0337804 0.0840864 0.145478 0.176854 0.157285 0.115723 0.0870468 0.0706163 0.052392 0.0325419 0.0176147 0.00878536 0.00399232 0.00158596 0.000539057 0.000155135 3.72155e-05
 4.09582e-11 1.92648e-09 6.27441e-08 1.41504e-06 2.20979e-05 0.000238957 0.0017893 0.00927811 0.0333221 0.0829515 0.143556 0.174712 0.156005 0.116095 0.0889072 0.0729315 0.0540772 0.0332649 0.0177379 0.00875181 0.00398617 0.00160805 0.000559063 0.000164476 4.00369e-05
 4.00516e-11 1.88383e-09 6.13553e-08 1.38372e-06 2.16087e-05 0.000233668 0.0017497 0.00907281 0.0325854 0.081125 0.140444 0.171158 0.153584 0.115892 0.0907558 0.0757472 0.056768 0.0353203 0.0191018 0.00952461 0.00434339 0.00174349 0.000604223 0.000178562 4.40089e-05
 3.93635e-11 1.85147e-09 6.03012e-08 1.35994e-06 2.12375e-05 0.000229654 0.00171964 0.00891698 0.0320263 0.0797377 0.138075 0.168424 0.151625 0.115467 0.0917561 0.0775147 0.0586799 0.0370485 0.0204838 0.0104663 0.00487102 0.00198475 0.000694386 0.000206061 5.08538e-05
 3.73378e-11 1.75619e-09 5.71979e-08 1.28996e-06 2.01446e-05 0.000217835 0.00163115 0.00845825 0.0303805 0.0756578 0.131131 0.160524 0.146345 0.115292 0.0962647 0.084049 0.0645579 0.0411794 0.0230723 0.0119905 0.00568988 0.00236933 0.000847659 0.000256504 6.42207e-05
 4.05431e-11 1.90695e-09 6.21082e-08 1.4007e-06 2.18739e-05 0.000236535 0.00177116 0.00918405 0.032984 0.0821077 0.14208 0.172843 0.154112 0.114269 0.0872253 0.0720372 0.054822 0.035635 0.020666 0.0111203 0.00541584 0.00230156 0.000839907 0.000259509 6.63418e-05
#pred catch len freq
 3.08025e-11 1.4488e-09 4.71865e-08 1.06417e-06 1.66186e-05 0.000179707 0.00134565 0.00697787 0.0250639 0.0624252 0.108247 0.132754 0.121841 0.0978632 0.084705 0.0779898 0.0660831 0.0510528 0.0389979 0.0308313 0.0255127 0.0222574 0.0196125 0.0157807 0.0104608
 4.10987e-11 1.93308e-09 6.29593e-08 1.41989e-06 2.21736e-05 0.000239776 0.00179543 0.00930984 0.0334349 0.0832232 0.143961 0.174897 0.155182 0.113401 0.0843234 0.0678083 0.0502274 0.0316439 0.0183091 0.0110205 0.00727964 0.00524415 0.00397068 0.00289204 0.00181305
 3.93604e-11 1.85133e-09 6.02965e-08 1.35984e-06 2.12358e-05 0.000229636 0.00171951 0.00891635 0.0320245 0.0797404 0.138126 0.168699 0.152546 0.117503 0.094661 0.0798082 0.0586655 0.0345949 0.0171858 0.00799517 0.00375688 0.00186294 0.00101827 0.000595095 0.000329021
 3.85834e-11 1.81478e-09 5.91062e-08 1.33299e-06 2.08166e-05 0.000225102 0.00168556 0.00874039 0.0313932 0.0781752 0.135461 0.165662 0.150503 0.117414 0.0964301 0.0825641 0.0614926 0.0369353 0.0187316 0.00863886 0.00368643 0.00143501 0.000527349 0.000198303 7.84174e-05
 4.01276e-11 1.88741e-09 6.14718e-08 1.38634e-06 2.16497e-05 0.000234112 0.00175302 0.00909006 0.0326475 0.0812825 0.140735 0.171594 0.154235 0.116898 0.0920401 0.076746 0.0568002 0.0343113 0.0176652 0.00831927 0.00360664 0.00138495 0.000462276 0.000135689 3.62073e-05
 3.85556e-11 1.81347e-09 5.90636e-08 1.33203e-06 2.08016e-05 0.00022494 0.00168435 0.0087341 0.0313707 0.0781202 0.135372 0.165585 0.15053 0.117628 0.0967962 0.0828865 0.0615632 0.036756 0.018503 0.00851847 0.00365728 0.00140955 0.000471992 0.000134934 3.24773e-05
 3.79863e-11 1.78669e-09 5.81915e-08 1.31236e-06 2.04944e-05 0.000221619 0.00165948 0.00860518 0.0309081 0.076972 0.133409 0.16331 0.148871 0.117196 0.0975234 0.084308 0.0632391 0.0383775 0.0197982 0.00932187 0.00403008 0.00154039 0.000508873 0.000143813 3.41369e-05
 3.96603e-11 1.86543e-09 6.07559e-08 1.3702e-06 2.13976e-05 0.000231385 0.0017326 0.00898422 0.0322677 0.08034 0.139124 0.169732 0.152886 0.11657 0.092663 0.0778996 0.0580926 0.0355229 0.0186592 0.00900569 0.00399435 0.00156222 0.000524835 0.00014934 3.53353e-05
 4.0867e-11 1.92219e-09 6.26044e-08 1.41188e-06 2.20486e-05 0.000238425 0.00178531 0.00925749 0.0332483 0.0827732 0.14328 0.174531 0.156334 0.117337 0.0909224 0.0747581 0.0546093 0.0323242 0.0161472 0.00740319 0.00319515 0.00125026 0.000427176 0.000124219 2.99582e-05
 4.00751e-11 1.88494e-09 6.13913e-08 1.38453e-06 2.16214e-05 0.000233805 0.00175072 0.00907818 0.0326051 0.0811792 0.140572 0.171471 0.154363 0.117479 0.0930087 0.0776408 0.0570899 0.0339001 0.0169304 0.00768349 0.00323106 0.00121731 0.000400813 0.000113935 2.73627e-05
 3.93642e-11 1.8515e-09 6.03022e-08 1.35997e-06 2.12378e-05 0.000229657 0.00171967 0.0089172 0.0320276 0.0797484 0.138142 0.16873 0.152612 0.117643 0.0949214 0.0802257 0.0592332 0.0351866 0.0175557 0.00795593 0.00333729 0.00124868 0.000404751 0.000112177 2.61497e-05
 3.96978e-11 1.86719e-09 6.08133e-08 1.37149e-06 2.14178e-05 0.000231604 0.00173424 0.00899273 0.0322985 0.0804192 0.139278 0.169999 0.153376 0.117439 0.0938412 0.0788624 0.0582114 0.0347114 0.017445 0.00797084 0.00336124 0.00125927 0.000407319 0.000112221 2.58712e-05
 3.9731e-11 1.86876e-09 6.08642e-08 1.37264e-06 2.14358e-05 0.000231798 0.0017357 0.00900027 0.0323256 0.0804868 0.139396 0.170144 0.153514 0.117554 0.0939253 0.0788797 0.0581154 0.0345177 0.0172405 0.00783248 0.00329849 0.00123991 0.00040318 0.000111529 2.57326e-05
 3.81446e-11 1.79414e-09 5.8434e-08 1.31783e-06 2.05798e-05 0.000222542 0.0016664 0.00864103 0.0310368 0.0772917 0.133958 0.163958 0.149382 0.117427 0.0974851 0.0840626 0.0628257 0.0378605 0.0193038 0.00896172 0.00382412 0.00144279 0.000468913 0.00012971 2.99849e-05
 3.46025e-11 1.62754e-09 5.30078e-08 1.19546e-06 1.86688e-05 0.000201878 0.00151167 0.00783896 0.0281594 0.0701607 0.121835 0.150232 0.140433 0.117751 0.106297 0.0963177 0.0733529 0.0446474 0.0230334 0.010864 0.00472117 0.0018154 0.000600385 0.000168186 3.9144e-05
 3.49665e-11 1.64466e-09 5.35654e-08 1.20803e-06 1.88652e-05 0.000204001 0.00152757 0.00792133 0.0284544 0.0708866 0.123034 0.151419 0.14063 0.116123 0.103082 0.0931133 0.0719492 0.0454075 0.0248348 0.0124643 0.00566503 0.00224033 0.000756622 0.000216034 5.11686e-05
 3.6481e-11 1.71589e-09 5.58854e-08 1.26036e-06 1.96823e-05 0.000212837 0.00159372 0.00826427 0.0296847 0.0739363 0.128222 0.157314 0.144538 0.116159 0.099534 0.0879604 0.0672356 0.0420729 0.0228905 0.0115873 0.00542642 0.00224908 0.000799797 0.000238726 5.84432e-05
 3.61535e-11 1.70049e-09 5.53838e-08 1.24904e-06 1.95056e-05 0.000210926 0.00157942 0.00819015 0.0294192 0.0732823 0.127137 0.156213 0.144256 0.117391 0.102094 0.0905755 0.0684778 0.0416199 0.0215753 0.0103699 0.00469571 0.00192839 0.000694456 0.000213546 5.43898e-05
 3.6696e-11 1.726e-09 5.62149e-08 1.26778e-06 1.97983e-05 0.000214091 0.00160312 0.00831299 0.0298597 0.0743722 0.128979 0.158244 0.145395 0.116837 0.100035 0.0881632 0.0669223 0.0412185 0.0217697 0.0105642 0.00471953 0.00187446 0.000650267 0.000195038 4.94236e-05
 3.77839e-11 1.77717e-09 5.78814e-08 1.30537e-06 2.03852e-05 0.000220438 0.00165064 0.00855933 0.0307434 0.0765622 0.132701 0.162453 0.148123 0.116689 0.0972481 0.0843025 0.0636085 0.0391075 0.020676 0.0100899 0.00455301 0.00182478 0.000632858 0.000187136 4.63081e-05
 3.69902e-11 1.73984e-09 5.66656e-08 1.27795e-06 1.9957e-05 0.000215808 0.00161597 0.00837962 0.0300988 0.0749651 0.129989 0.159401 0.146193 0.116928 0.0994648 0.0872533 0.0660018 0.0404735 0.0212766 0.0103214 0.00464437 0.0018643 0.000649835 0.000193231 4.78996e-05
 3.43879e-11 1.61744e-09 5.2679e-08 1.18804e-06 1.8553e-05 0.000200626 0.0015023 0.00779034 0.0279848 0.0697258 0.121081 0.149308 0.139592 0.117108 0.10586 0.0962078 0.0737676 0.0455594 0.024112 0.0117571 0.00529501 0.00211967 0.00073634 0.000218633 5.426e-05
 3.45887e-11 1.62689e-09 5.29867e-08 1.19498e-06 1.86614e-05 0.000201797 0.00151107 0.00783576 0.0281471 0.0701221 0.121714 0.149829 0.139266 0.115252 0.102699 0.0932686 0.0727944 0.0468503 0.0264204 0.0137261 0.00644388 0.00263312 0.000922603 0.000274606 6.81151e-05
 3.51141e-11 1.6516e-09 5.37915e-08 1.21313e-06 1.89448e-05 0.000204862 0.00153402 0.00795474 0.0285741 0.071182 0.123527 0.151935 0.140818 0.115689 0.102052 0.0918879 0.0710274 0.0450654 0.0250662 0.0130593 0.00631241 0.00270648 0.000997377 0.000308642 7.8374e-05
 3.53693e-11 1.6636e-09 5.41825e-08 1.22195e-06 1.90825e-05 0.000206351 0.00154516 0.00801254 0.0287816 0.0716976 0.124413 0.152984 0.141659 0.116101 0.102059 0.091577 0.0704322 0.0442482 0.0242025 0.0123582 0.00587937 0.00250945 0.000936269 0.000298246 7.86753e-05
 3.56692e-11 1.67771e-09 5.46419e-08 1.23231e-06 1.92443e-05 0.000208101 0.00155827 0.00808046 0.0290253 0.0723024 0.125446 0.154179 0.142523 0.116312 0.101668 0.0908654 0.0696597 0.0435371 0.0235999 0.011898 0.00557401 0.00233888 0.000859335 0.000271593 7.19237e-05
 3.36148e-11 1.58108e-09 5.14948e-08 1.16134e-06 1.8136e-05 0.000196116 0.00146853 0.00761527 0.0273565 0.0681666 0.118416 0.146222 0.137344 0.116524 0.10682 0.0980253 0.0758146 0.0475014 0.0257529 0.0129539 0.00603327 0.00250627 0.000908298 0.000282717 7.38527e-05
 3.37322e-11 1.5866e-09 5.16746e-08 1.16539e-06 1.81993e-05 0.0001968 0.00147365 0.00764183 0.0274517 0.0684017 0.11881 0.146641 0.137525 0.11626 0.106161 0.0973114 0.0754186 0.047515 0.0259836 0.0131799 0.00616589 0.00256102 0.000924183 0.000285361 7.37286e-05
#obs catch len freq
 3.55392e-11 1.67159e-09 5.44427e-08 1.22782e-06 1.91742e-05 0.000207342 0.00155259 0.00805102 0.0289198 0.07204 0.124997 0.153654 0.142125 0.116173 0.101787 0.0911824 0.0701181 0.0440441 0.0240064 0.0121017 0.00560349 0.00229412 0.000813708 0.000246708 6.25903e-05
 3.58883e-11 1.68801e-09 5.49775e-08 1.23988e-06 1.93625e-05 0.000209379 0.00156784 0.00813007 0.0292034 0.0727436 0.126196 0.15503 0.143081 0.116306 0.10116 0.0901865 0.069136 0.0432504 0.0234264 0.0117206 0.00538604 0.00218774 0.000769237 0.000231045 5.80447e-05
 4.60633e-11 2.1666e-09 7.05646e-08 1.59141e-06 2.48522e-05 0.00026874 0.0020123 0.0104341 0.037469 0.0932283 0.161022 0.194466 0.168809 0.115423 0.0759066 0.0550071 0.0388429 0.0236497 0.0126373 0.00625409 0.00284757 0.0011469 0.000399786 0.000119008 2.96287e-05
 3.66373e-11 1.72324e-09 5.61249e-08 1.26576e-06 1.97666e-05 0.000213749 0.00160056 0.0082998 0.0298136 0.0742688 0.128878 0.15849 0.146782 0.120224 0.105066 0.0924479 0.067695 0.0381494 0.0171674 0.00684043 0.00262853 0.000969048 0.00032544 9.52373e-05 2.34529e-05
 4.34611e-11 2.0442e-09 6.65783e-08 1.50151e-06 2.34482e-05 0.000253559 0.00189863 0.00984486 0.0353553 0.0879905 0.152124 0.184418 0.162354 0.115935 0.0828278 0.0645332 0.0470008 0.0287896 0.0151619 0.00714112 0.00294318 0.00101799 0.00029505 7.39131e-05 1.62667e-05
 4.02541e-11 1.89336e-09 6.16655e-08 1.39071e-06 2.1718e-05 0.000234849 0.00175854 0.00911874 0.0327511 0.0815442 0.141216 0.172314 0.1553 0.118527 0.0940918 0.0782734 0.0566852 0.0324969 0.0152665 0.00645833 0.00259027 0.000951117 0.000301795 7.95902e-05 1.70642e-05
 3.90328e-11 1.83592e-09 5.97946e-08 1.34852e-06 2.10591e-05 0.000227724 0.0017052 0.00884217 0.0317586 0.0790819 0.137012 0.167466 0.151841 0.117825 0.0959882 0.0816416 0.0604129 0.0358611 0.0177633 0.00786884 0.00315116 0.00109966 0.000328252 8.40526e-05 1.82712e-05
 3.89209e-11 1.83065e-09 5.96231e-08 1.34465e-06 2.09987e-05 0.000227071 0.0017003 0.0088168 0.0316675 0.0788549 0.136618 0.166982 0.151394 0.117469 0.0957262 0.0815439 0.0605988 0.0363373 0.0183681 0.00839831 0.00349612 0.00126874 0.000389482 0.000100085 2.13002e-05
 4.18394e-11 1.96793e-09 6.40941e-08 1.44548e-06 2.25733e-05 0.000244098 0.00182779 0.00947768 0.0340383 0.0847294 0.146598 0.178251 0.158634 0.116906 0.0880245 0.0710408 0.0517791 0.0309205 0.0156604 0.0072084 0.0030393 0.00112613 0.000355968 9.46291e-05 2.07708e-05
 4.29826e-11 2.0217e-09 6.58453e-08 1.48498e-06 2.31901e-05 0.000250768 0.00187773 0.00973657 0.0349672 0.0870337 0.15053 0.18277 0.161811 0.117438 0.0860954 0.067834 0.0484535 0.0280837 0.0135545 0.00590286 0.00239382 0.000873809 0.000276881 7.46031e-05 1.67219e-05
 4.00153e-11 1.88213e-09 6.12996e-08 1.38246e-06 2.15891e-05 0.000233456 0.00174811 0.00906466 0.0325571 0.0810632 0.140397 0.171382 0.154674 0.118504 0.0946396 0.0791162 0.0575243 0.0331417 0.0156251 0.00654621 0.00253259 0.000879391 0.000265492 6.88588e-05 1.51166e-05
 4.13284e-11 1.94389e-09 6.33111e-08 1.42783e-06 2.22976e-05 0.000241117 0.00180547 0.00936197 0.0336233 0.0837022 0.14486 0.176324 0.157516 0.117339 0.0898701 0.0733347 0.0534821 0.031662 0.0157126 0.00698646 0.00280549 0.000976198 0.000287106 7.1353e-05 1.49366e-05
 4.15842e-11 1.95592e-09 6.37031e-08 1.43667e-06 2.24356e-05 0.000242609 0.00181665 0.00941991 0.0338313 0.0842188 0.145747 0.177366 0.158328 0.117677 0.0897424 0.0728355 0.052687 0.0307242 0.014904 0.0065042 0.0026194 0.000936587 0.000286242 7.33484e-05 1.54935e-05
 3.88137e-11 1.82561e-09 5.94588e-08 1.34095e-06 2.09408e-05 0.000226446 0.00169562 0.00879256 0.0315808 0.0786427 0.136275 0.16668 0.151492 0.118293 0.0971704 0.0829046 0.0610748 0.0357867 0.017352 0.00753213 0.00300031 0.0010583 0.0003205 8.23651e-05 1.76836e-05
 3.5264e-11 1.65865e-09 5.40211e-08 1.21831e-06 1.90257e-05 0.000205737 0.00154057 0.00798875 0.028697 0.0714934 0.124106 0.152827 0.142209 0.117927 0.105019 0.0944115 0.0716199 0.0433697 0.0220998 0.0101477 0.00420784 0.00151037 0.000458209 0.000117027 2.49321e-05
 3.23609e-11 1.5221e-09 4.95739e-08 1.11802e-06 1.74595e-05 0.0001888 0.00141375 0.00733133 0.026338 0.0656419 0.114122 0.141353 0.134147 0.116588 0.109917 0.102496 0.0799202 0.0503995 0.0273653 0.0135289 0.00599227 0.00227591 0.000725934 0.00019291 4.21106e-05
 3.6959e-11 1.73837e-09 5.66177e-08 1.27687e-06 1.99402e-05 0.000215626 0.00161461 0.00837248 0.0300726 0.074893 0.129819 0.158979 0.145139 0.114782 0.0964346 0.0847561 0.0656967 0.0425495 0.024299 0.0127703 0.00601887 0.00243999 0.000833899 0.000236922 5.48295e-05
 3.5851e-11 1.68626e-09 5.49204e-08 1.23859e-06 1.93424e-05 0.000209162 0.00156621 0.00812165 0.0291734 0.0726714 0.126089 0.154978 0.143288 0.116967 0.10218 0.0910284 0.0692054 0.0425311 0.022493 0.011101 0.00515409 0.00215221 0.00077708 0.00023546 5.81806e-05
 3.49567e-11 1.64419e-09 5.35503e-08 1.20769e-06 1.88599e-05 0.000203944 0.00152714 0.00791911 0.0284467 0.0708686 0.123012 0.151442 0.140801 0.116555 0.103732 0.0936721 0.0720572 0.0450102 0.0242202 0.0119567 0.00538866 0.00214433 0.000743894 0.000223051 5.63199e-05
 3.49956e-11 1.64603e-09 5.361e-08 1.20904e-06 1.88809e-05 0.000204171 0.00152884 0.00792792 0.0284781 0.070945 0.123132 0.151527 0.140687 0.116082 0.102945 0.0929314 0.0717871 0.0453115 0.0248241 0.0125245 0.0057502 0.00230859 0.000795338 0.000233061 5.71941e-05
 3.81327e-11 1.79358e-09 5.84157e-08 1.31742e-06 2.05735e-05 0.000222473 0.00166588 0.00863829 0.0310265 0.0772607 0.133869 0.163684 0.148612 0.115792 0.0951244 0.0820279 0.0623722 0.0392024 0.0214832 0.0108914 0.00505404 0.00206164 0.000722783 0.000214541 5.28058e-05
 3.66363e-11 1.72319e-09 5.61233e-08 1.26572e-06 1.97661e-05 0.000213743 0.00160051 0.00829947 0.0298115 0.0742538 0.128787 0.158072 0.145436 0.117261 0.100776 0.0888293 0.0670843 0.0408429 0.0212218 0.0101869 0.00456982 0.00184272 0.000647673 0.000194198 4.84257e-05
 3.55236e-11 1.67086e-09 5.44188e-08 1.22728e-06 1.91658e-05 0.000207251 0.0015519 0.00804749 0.0289073 0.0720108 0.124958 0.153665 0.142318 0.116693 0.102601 0.0919628 0.0704543 0.0438052 0.0233978 0.0114303 0.00507905 0.00198034 0.000668125 0.000194125 4.76795e-05
 3.64248e-11 1.71325e-09 5.57993e-08 1.25841e-06 1.9652e-05 0.000212509 0.00159127 0.00825154 0.0296391 0.0738227 0.128027 0.157081 0.144348 0.116063 0.0995536 0.0881284 0.0675724 0.0424841 0.0231764 0.0116323 0.00530732 0.00211277 0.000718909 0.000207029 4.96842e-05
 3.57301e-11 1.68057e-09 5.47351e-08 1.23441e-06 1.92772e-05 0.000208456 0.00156092 0.00809424 0.029075 0.0724259 0.125661 0.154448 0.142783 0.116543 0.101875 0.0910018 0.0696448 0.0433466 0.0232944 0.0115689 0.00529185 0.00213954 0.000744694 0.00021923 5.33854e-05
 3.46408e-11 1.62934e-09 5.30664e-08 1.19678e-06 1.86895e-05 0.000202101 0.00151334 0.00784757 0.0281899 0.0702312 0.121922 0.150171 0.139853 0.116252 0.104028 0.0943305 0.072874 0.0458653 0.0249994 0.0125465 0.00574538 0.00231133 0.000801942 0.000237152 5.84726e-05
 3.38874e-11 1.5939e-09 5.19123e-08 1.17076e-06 1.8283e-05 0.000197706 0.00148043 0.00767697 0.0275777 0.0687118 0.119324 0.147162 0.137657 0.115675 0.10496 0.096124 0.0749351 0.0478498 0.0266628 0.01371 0.00640588 0.00261551 0.000916062 0.000272018 6.71572e-05
 3.17192e-11 1.49192e-09 4.85907e-08 1.09584e-06 1.71132e-05 0.000185056 0.00138572 0.00718596 0.0258161 0.0643445 0.111889 0.138694 0.131967 0.115402 0.10966 0.103004 0.0811898 0.0523272 0.0295405 0.0154469 0.00735804 0.00307 0.00109947 0.000332902 8.33784e-05
#spawning biomass
 3585.73 2726.38 4202.98 5476.56 7011.52 9777.32 12315.2 16165.8 20131.8 31494.9 41380.5 50663.4 63143 90504 100599 92447.5 85768.2 73373.7 69761 73854.4 90061.6 97815.8 107388 106978 104921 101798 101980 76323 49296.7 97948.1 74374.5 52779.3 39408.2 32234.2 28681.7 27006.6 26241.2 25898.5 25747.3 25681.2 25652.4 25640 25634.7 25632.3 25631.4 25630.9 25630.8 25630.7 25630.6 25630.6 25630.6 25630.6 25630.6 25630.6 25630.6 25630.6 25630.6 25630.6 25630.6 25630.6 25630.6 25630.6 25630.6 25630.6 25630.6 25630.6 25630.6 25630.6 25630.6 25630.6 25630.6 25630.6 25630.6 25630.6 25630.6 25630.6 25630.6 25630.6 25630.6 25630.6 25630.6 25630.6 25630.6 25630.6 25630.6 25630.6 25630.6 25630.6 25630.6 25630.6 25630.6 25630.6 25630.6 25630.6 25630.6 25630.6 25630.6 25630.6 25630.6 25630.6 25630.6 25630.6 25630.6 25630.6 25630.6 25630.6 25630.6 25630.6 25630.6 25630.6 25630.6 25630.6 25630.6 25630.6 25630.6 25630.6 25630.6 25630.6 25630.6 25630.6 25630.6 25630.6 25630.6 25630.6 25630.6 25630.6 25630.6 25630.6 0 0 0 0 0 0 0 0 0 0 0 0 0 0 0 0 0 0 0 0 0 0 0 0 0
