SBPRF35
0.0418777
Curr Bio
243138
B35
96016
F35
44.5764
FOFL
44.5764
OFL
317938
Bzero
10817.5
#pred survey bio
 8884.18 9630.74 12111.2 13345.2 20087.1 30008.9 30082.3 36734.4 48482.9 57526.5 70629.5 91774.3 118494 145498 146081 131265 126896 116587 110885 105657 104054 118753 126004 126910 135312 136391 128658 127326 153219 3.62652e+06 771560 240945 117462 81729.9 71461.1 68561.6 67756.4 67535.8 67476 67460 67455.7 67454.5 67454.2 67454.1 67454.1 67454.1 67454.1 67454.1 67454.1 67454.1 67454.1 67454.1 67454.1 67454.1 67454.1 67454.1 67454.1 67454.1 67454.1 67454.1 67454.1 67454.1 67454.1 67454.1 67454.1 67454.1 67454.1 67454.1 67454.1 67454.1 67454.1 67454.1 67454.1 67454.1 67454.1 67454.1 67454.1 67454.1 67454.1 67454.1 67454.1 67454.1 67454.1 67454.1 67454.1 67454.1 67454.1 67454.1 67454.1 67454.1 67454.1 67454.1 67454.1 67454.1 67454.1 67454.1 67454.1 67454.1 67454.1 67454.1 67454.1 67454.1 67454.1 67454.1 67454.1 67454.1 67454.1 67454.1 67454.1 67454.1 67454.1 67454.1 67454.1 67454.1 67454.1 67454.1 67454.1 67454.1 67454.1 67454.1 67454.1 67454.1 67454.1 67454.1 67454.1 67454.1 67454.1 67454.1 67454.1 0 0 0 0 0 0 0 0 0 0 0 0 0 0 0 0 0 0 0 0 0 0 0 0 0
#obs survey bio
 6395.88 8781.81 10205.4 13431.7 21620.8 24748.2 27780.7 44396 39524.4 53295.9 64968.8 101728 97691.2 139778 105462 103897 130737 186999 135191 140418 103710 82171.9 151301 117515 170119 217109 131633 113736 163508
#pred catch bio
 2661.93 4665.49 6872.64 7285.62 9161.91 17715.4 17505 21390.6 30322.9 37599.4 46719.5 60272.7 74734.5 97663.5 103903 91197.3 91099.9 78637.1 77541.2 79670.9 75719.1 91998.4 101497 101425 109193 111215 110063 101237 134877 317938 5878.44 5875.17 5875.17 5875.17 5875.17 5875.17 5875.17 5875.17 5875.17 5875.17 5875.17 5875.17 5875.17 5875.17 5875.17 5875.17 5875.17 5875.17 5875.17 5875.17 5875.17 5875.17 5875.17 5875.17 5875.17 5875.17 5875.17 5875.17 5875.17 5875.17 5875.17 5875.17 5875.17 5875.17 5875.17 5875.17 5875.17 5875.17 5875.17 5875.17 5875.17 5875.17 5875.17 5875.17 5875.17 5875.17 5875.17 5875.17 5875.17 5875.17 5875.17 5875.17 5875.17 5875.17 5875.17 5875.17 5875.17 5875.17 5875.17 5875.17 5875.17 5875.17 5875.17 5875.17 5875.17 5875.17 5875.17 5875.17 5875.17 5875.17 5875.17 5875.17 5875.17 5875.17 5875.17 5875.17 5875.17 5875.17 5875.17 5875.17 5875.17 5875.17 5875.17 5875.17 5875.17 5875.17 5875.17 5875.17 5875.17 5875.17 5875.17 5875.17 5875.17 5875.17 5875.17 5875.17 5875.17 5875.17 5875.17 0 0 0 0 0 0 0 0 0 0 0 0 0 0 0 0 0 0 0 0 0 0 0 0 0
#obs catch bio
 4760.19 4770.42 6937.34 7354.02 9131.91 17894.8 17923.5 21373.9 30359.6 37837.8 47043.1 60097.4 74788.4 97768.6 105299 92285.6 90173.5 77195.2 76502.1 78399.5 74912.6 91370.6 98780.6 100345 106487 107284 108506 100867 135354
#pred cpue bio
 8766.21 9168.87 11693.5 12972.5 18577.3 29186.7 29464.7 34592.1 46503.7 55012.7 66940 86709.9 112470 139469 142518 127185 122675 113355 107718 101985 99250.8 112533 120238 120631 128081 130506 123054 119718 143751 3.42533e+06 857121 235562 110459 74692.9 64423.3 61523.8 60718.6 60498 60438.2 60422.2 60417.9 60416.8 60416.5 60416.4 60416.4 60416.3 60416.3 60416.3 60416.3 60416.3 60416.3 60416.3 60416.3 60416.3 60416.3 60416.3 60416.3 60416.3 60416.3 60416.3 60416.3 60416.3 60416.3 60416.3 60416.3 60416.3 60416.3 60416.3 60416.3 60416.3 60416.3 60416.3 60416.3 60416.3 60416.3 60416.3 60416.3 60416.3 60416.3 60416.3 60416.3 60416.3 60416.3 60416.3 60416.3 60416.3 60416.3 60416.3 60416.3 60416.3 60416.3 60416.3 60416.3 60416.3 60416.3 60416.3 60416.3 60416.3 60416.3 60416.3 60416.3 60416.3 60416.3 60416.3 60416.3 60416.3 60416.3 60416.3 60416.3 60416.3 60416.3 60416.3 60416.3 60416.3 60416.3 60416.3 60416.3 60416.3 60416.3 60416.3 60416.3 60416.3 60416.3 60416.3 60416.3 60416.3 60416.3 60416.3 60416.3 0 0 0 0 0 0 0 0 0 0 0 0 0 0 0 0 0 0 0 0 0 0 0 0 0
#obs cpue bio
 6565.15 7833.3 12506.9 13064.2 17690.2 20824.8 30257.3 29518 60064.7 48198.7 66734.5 91139.2 118463 151104 139616 144822 182085 97524.7 103122 106794 100427 183490 190540 123598 184664 154293 118762 121852 138146
#pred surv len freq
 2.56637e-27 2.597e-27 4.07479e-26 8.05615e-20 1.97487e-14 5.85189e-10 2.09605e-06 0.000907509 0.0474957 0.300471 0.230038 0.0379438 0.127196 0.117517 0.0296105 0.0383215 0.0173642 0.0145668 0.00941388 0.00740105 0.005888 0.00508504 0.00503583 0.00440517 0.00133669
 2.57024e-27 2.60707e-27 4.91312e-26 9.82448e-20 2.40835e-14 7.13638e-10 2.55613e-06 0.00110671 0.0579211 0.366424 0.280429 0.039889 0.106598 0.0980338 0.0178395 0.0160869 0.00610112 0.00364219 0.00191626 0.0012549 0.000857843 0.000650125 0.000575576 0.000503255 0.000167091
 2.56968e-27 2.60539e-27 4.74715e-26 9.47428e-20 2.32251e-14 6.882e-10 2.46502e-06 0.00106726 0.0558564 0.353363 0.270487 0.0418691 0.128652 0.118135 0.0169392 0.00890462 0.00286702 0.0010197 0.000395537 0.000185481 9.7863e-05 6.09387e-05 4.59364e-05 3.79052e-05 1.30194e-05
 2.56927e-27 2.60425e-27 4.64397e-26 9.25661e-20 2.26915e-14 6.72389e-10 2.40838e-06 0.00104274 0.0545732 0.345245 0.264295 0.0422927 0.136227 0.125117 0.0180267 0.00960998 0.00281373 0.00053988 0.000147251 4.09252e-05 1.38714e-05 6.13423e-06 3.59968e-06 2.61124e-06 8.88782e-07
 2.57207e-27 2.61192e-27 5.32867e-26 1.07011e-19 2.62323e-14 7.77311e-10 2.7842e-06 0.00120545 0.063089 0.399118 0.305392 0.0398054 0.0884238 0.0811071 0.0120889 0.00714899 0.00210215 0.000406369 9.26883e-05 1.37614e-05 2.54028e-06 6.18811e-07 2.32664e-07 1.3243e-07 4.26278e-08
 2.56929e-27 2.60428e-27 4.64441e-26 9.25754e-20 2.26937e-14 6.72456e-10 2.40862e-06 0.00104284 0.0545786 0.345279 0.264325 0.0424895 0.137703 0.126431 0.0173855 0.00781948 0.0023119 0.000497314 0.000116038 1.64453e-05 1.92154e-06 2.0794e-07 3.52625e-08 1.23491e-08 3.48559e-09
 2.56876e-27 2.60286e-27 4.5204e-26 8.99592e-20 2.20524e-14 6.53453e-10 2.34056e-06 0.00101337 0.0530362 0.335522 0.256877 0.0427071 0.144591 0.132829 0.0192685 0.0104973 0.00302836 0.000496213 0.000112032 1.74287e-05 2.0343e-06 1.56445e-07 9.86375e-09 1.26711e-09 2.59404e-10
 2.57113e-27 2.60935e-27 5.09992e-26 1.02185e-19 2.50494e-14 7.42259e-10 2.65865e-06 0.00115109 0.060244 0.38112 0.291662 0.0405972 0.104096 0.0955446 0.0141979 0.00832429 0.00245347 0.000484332 0.000107552 1.32453e-05 1.54772e-06 1.24321e-07 5.6553e-09 2.04122e-10 1.68606e-11
 2.57017e-27 2.60668e-27 4.85738e-26 9.7068e-20 2.37951e-14 7.0509e-10 2.52551e-06 0.00109345 0.0572273 0.362036 0.277108 0.0417981 0.12346 0.113299 0.0152812 0.00632613 0.0018633 0.000397279 9.29897e-05 1.33097e-05 1.40966e-06 9.87192e-08 4.57933e-09 1.08352e-10 2.02714e-12
 2.57033e-27 2.60713e-27 4.89819e-26 9.79291e-20 2.40061e-14 7.11345e-10 2.54792e-06 0.00110315 0.057735 0.365247 0.279557 0.0415955 0.120198 0.110312 0.0151565 0.00678954 0.00193457 0.000293341 6.47643e-05 1.00071e-05 1.17449e-06 8.53881e-08 3.43579e-09 7.70111e-11 7.75242e-13
 2.57086e-27 2.60857e-27 5.02574e-26 1.0062e-19 2.46658e-14 7.30891e-10 2.61793e-06 0.00113346 0.0593213 0.375283 0.287215 0.0412077 0.111866 0.102624 0.013795 0.00562139 0.00160749 0.000261756 5.49265e-05 6.29851e-06 7.1816e-07 5.75432e-08 2.48537e-09 5.07106e-11 4.497e-13
 2.57105e-27 2.60907e-27 5.06985e-26 1.0155e-19 2.48939e-14 7.3765e-10 2.64214e-06 0.00114394 0.0598699 0.378753 0.289863 0.0411126 0.109282 0.10023 0.0132113 0.00489245 0.00138339 0.00020636 4.28592e-05 5.14512e-06 5.02951e-07 3.31895e-08 1.51806e-09 3.34137e-11 2.80539e-13
 2.5708e-27 2.60838e-27 5.0086e-26 1.00258e-19 2.45771e-14 7.28264e-10 2.60852e-06 0.00112939 0.0591081 0.373934 0.286187 0.0413494 0.113667 0.104264 0.013708 0.00500899 0.00140582 0.000192349 3.83447e-05 4.26574e-06 4.18287e-07 2.61587e-08 9.74715e-10 2.11279e-11 1.89831e-13
 2.57021e-27 2.6068e-27 4.86787e-26 9.72894e-20 2.38493e-14 7.06698e-10 2.53127e-06 0.00109594 0.0573578 0.362861 0.277739 0.041794 0.122986 0.11286 0.0151528 0.00613897 0.00172782 0.000233547 4.57378e-05 4.68687e-06 4.30487e-07 2.5629e-08 9.22073e-10 1.69346e-11 1.42552e-13
 2.56912e-27 2.60382e-27 4.6019e-26 9.16785e-20 2.24739e-14 6.65941e-10 2.38529e-06 0.00103274 0.0540498 0.341934 0.261775 0.0427762 0.141676 0.130063 0.017409 0.00695347 0.00197067 0.00029213 5.87022e-05 5.9326e-06 5.2168e-07 2.84638e-08 9.59568e-10 1.67898e-11 1.23949e-13
 2.56955e-27 2.60499e-27 4.70722e-26 9.39003e-20 2.30185e-14 6.8208e-10 2.4431e-06 0.00105777 0.0553597 0.350221 0.268096 0.04235 0.133992 0.122999 0.0166326 0.00696138 0.00197387 0.000288981 5.87275e-05 6.44886e-06 5.79345e-07 3.06603e-08 9.56136e-10 1.54633e-11 1.07405e-13
 2.5697e-27 2.60539e-27 4.74204e-26 9.46349e-20 2.31986e-14 6.87416e-10 2.46221e-06 0.00106604 0.0557928 0.352961 0.270186 0.0422356 0.131653 0.120842 0.0162842 0.0067103 0.00190864 0.000291625 5.98465e-05 6.52336e-06 6.0794e-07 3.43369e-08 1.06001e-09 1.60419e-11 1.02529e-13
 2.56936e-27 2.60445e-27 4.65755e-26 9.28524e-20 2.27616e-14 6.74468e-10 2.41583e-06 0.00104596 0.0547419 0.346313 0.265116 0.0426144 0.138098 0.126759 0.0167913 0.00637715 0.00180647 0.000272147 5.60387e-05 6.34446e-06 5.95876e-07 3.41201e-08 1.11754e-09 1.71841e-11 1.04174e-13
 2.56937e-27 2.6045e-27 4.66421e-26 9.29929e-20 2.27961e-14 6.75489e-10 2.41949e-06 0.00104755 0.0548248 0.346837 0.265513 0.0424413 0.136501 0.125324 0.0172239 0.00772323 0.00218664 0.00030598 6.15241e-05 6.88707e-06 6.5683e-07 3.87066e-08 1.28364e-09 2.06438e-11 1.28879e-13
 2.56979e-27 2.60564e-27 4.76491e-26 9.51173e-20 2.33169e-14 6.9092e-10 2.47476e-06 0.00107148 0.0560772 0.35476 0.271558 0.0421429 0.129983 0.119306 0.0161067 0.00669293 0.00191534 0.000312051 6.46401e-05 6.77e-06 6.28296e-07 3.70232e-08 1.26083e-09 2.06912e-11 1.33774e-13
 2.57053e-27 2.60765e-27 4.94265e-26 9.88669e-20 2.4236e-14 7.18157e-10 2.57232e-06 0.00111372 0.0582878 0.368745 0.282229 0.0416402 0.118661 0.10885 0.0141074 0.00476613 0.00134489 0.000204243 4.26358e-05 5.1041e-06 4.7801e-07 2.66277e-08 8.95542e-10 1.49718e-11 9.91718e-14
 2.5709e-27 2.60866e-27 5.03276e-26 1.00768e-19 2.4702e-14 7.31966e-10 2.62178e-06 0.00113513 0.0594086 0.375835 0.287638 0.0413194 0.112419 0.103102 0.0133168 0.00440926 0.00122539 0.00015484 3.01613e-05 3.40837e-06 3.35496e-07 2.04588e-08 6.6566e-10 1.08173e-11 7.23876e-14
 2.57054e-27 2.60765e-27 4.94128e-26 9.8838e-20 2.42289e-14 7.17947e-10 2.57157e-06 0.00111339 0.0582708 0.368637 0.282149 0.04176 0.119629 0.109716 0.0137649 0.00376685 0.00103639 0.000128619 2.4189e-05 2.30566e-06 2.07969e-07 1.25194e-08 4.42639e-10 7.26291e-12 4.70916e-14
 2.57076e-27 2.60826e-27 4.99544e-26 9.99806e-20 2.4509e-14 7.26247e-10 2.60129e-06 0.00112626 0.0589444 0.372899 0.2854 0.0415701 0.1159 0.106281 0.0132781 0.00352081 0.000957487 0.000101704 1.79382e-05 1.66847e-06 1.37887e-07 7.09394e-09 2.38818e-10 4.12706e-12 2.76755e-14
 2.57099e-27 2.60889e-27 5.05167e-26 1.01167e-19 2.47998e-14 7.34863e-10 2.63215e-06 0.00113962 0.0596437 0.377322 0.288774 0.0413613 0.111939 0.102636 0.012803 0.00335522 0.00091058 9.43151e-05 1.61179e-05 1.29867e-06 9.98882e-08 4.83302e-09 1.40863e-10 2.22347e-12 1.52496e-14
 2.57039e-27 2.60725e-27 4.90497e-26 9.8072e-20 2.40412e-14 7.12383e-10 2.55164e-06 0.00110476 0.0578192 0.36578 0.27997 0.041945 0.122567 0.11241 0.0139189 0.0034394 0.00092991 9.54359e-05 1.61926e-05 1.26918e-06 9.09132e-08 3.83867e-09 1.03865e-10 1.44908e-12 8.89587e-15
 2.57041e-27 2.6073e-27 4.90991e-26 9.81762e-20 2.40667e-14 7.1314e-10 2.55435e-06 0.00110593 0.0578806 0.366169 0.280266 0.0418996 0.122014 0.111907 0.013968 0.00367745 0.000995266 9.76581e-05 1.61991e-05 1.25758e-06 8.87741e-08 3.55747e-09 8.54498e-11 1.06824e-12 5.86239e-15
 2.57136e-27 2.60989e-27 5.14067e-26 1.03044e-19 2.52601e-14 7.48501e-10 2.68101e-06 0.00116077 0.0607507 0.384325 0.294117 0.0410696 0.105966 0.0971294 0.0119215 0.00273187 0.000735463 7.57358e-05 1.2791e-05 9.53048e-07 6.56068e-08 2.59152e-09 5.99275e-11 6.77724e-13 3.28948e-15
 2.57147e-27 2.61019e-27 5.16788e-26 1.03618e-19 2.54008e-14 7.52671e-10 2.69594e-06 0.00116724 0.0610891 0.386466 0.29575 0.0409469 0.103885 0.0952192 0.0117656 0.00285682 0.000767415 7.11961e-05 1.1477e-05 8.91999e-07 6.18746e-08 2.34687e-09 5.31087e-11 5.81794e-13 2.60008e-15
#obs surv len freq
 1.76877e-41 2.45493e-33 4.11865e-26 8.35255e-20 2.04753e-14 6.0672e-10 2.17317e-06 0.000940909 0.0492434 0.311528 0.238614 0.0440153 0.151648 0.128471 0.036226 0.0278131 0.00835438 0.00258886 0.000495449 5.66702e-05 2.82609e-06 4.49285e-08 1.70229e-10 1.23545e-13 1.48258e-17
 2.17471e-41 3.01836e-33 5.06392e-26 1.02695e-19 2.51745e-14 7.45967e-10 2.67193e-06 0.00115686 0.0605452 0.383026 0.293181 0.0420201 0.0973078 0.0778967 0.0223614 0.0161573 0.00470579 0.00137277 0.000241515 2.40724e-05 9.91243e-07 1.23239e-08 3.49459e-11 1.84597e-14 1.58792e-18
 1.72484e-41 2.39397e-33 4.01638e-26 8.14514e-20 1.99668e-14 5.91654e-10 2.11921e-06 0.000917544 0.0480206 0.303793 0.232901 0.0512149 0.181617 0.135646 0.0265587 0.0141267 0.00394158 0.00107216 0.000173089 1.502e-05 5.07555e-07 4.91071e-09 1.04238e-11 4.01393e-15 2.47617e-19
 2.09307e-41 2.90504e-33 4.8738e-26 9.88397e-20 2.42294e-14 7.17962e-10 2.57162e-06 0.00111342 0.0582721 0.368647 0.282324 0.0458128 0.11317 0.0811462 0.0278012 0.0176229 0.00333281 0.000653145 9.42636e-05 7.07861e-06 1.95841e-07 1.47023e-09 2.33209e-12 6.55392e-16 2.90672e-20
 2.36893e-41 3.28793e-33 5.51618e-26 1.11867e-19 2.74229e-14 8.1259e-10 2.91056e-06 0.00126017 0.0659525 0.417234 0.319398 0.044334 0.0794998 0.0523546 0.0117206 0.00611839 0.00174018 0.000349755 3.26016e-05 1.90507e-06 4.26497e-08 2.48146e-10 2.94164e-13 6.03566e-17 1.9271e-21
 1.32672e-41 1.84139e-33 3.08932e-26 6.26508e-20 1.53581e-14 4.55089e-10 1.63005e-06 0.000705757 0.0369365 0.233674 0.180018 0.0710902 0.271193 0.16572 0.0276547 0.0105696 0.0020033 0.00038886 4.17641e-05 1.7197e-06 2.68258e-08 1.1764e-10 1.04069e-13 1.56163e-17 3.59573e-22
 2.22129e-41 3.083e-33 5.17237e-26 1.04895e-19 2.57137e-14 7.61943e-10 2.72916e-06 0.00118163 0.0618419 0.39123 0.299677 0.0467678 0.0885909 0.05609 0.0343641 0.0175809 0.00236287 0.000285077 2.38677e-05 9.60831e-07 1.12294e-08 3.29158e-11 2.05957e-14 2.23805e-18 3.71867e-23
 1.98483e-41 2.75481e-33 4.62177e-26 9.37286e-20 2.29765e-14 6.80835e-10 2.43864e-06 0.00105585 0.0552588 0.349586 0.268359 0.0610809 0.155569 0.0828399 0.0159427 0.00728936 0.00262679 0.000370557 1.86953e-05 5.14591e-07 5.02935e-09 1.12045e-11 4.73387e-15 3.47744e-19 4.03473e-24
 2.02603e-41 2.812e-33 4.71772e-26 9.56744e-20 2.34534e-14 6.94968e-10 2.48926e-06 0.00107777 0.0564059 0.356844 0.273989 0.0614527 0.143267 0.0737217 0.0230792 0.00859712 0.00130019 0.000244132 1.88599e-05 3.72268e-07 2.28342e-09 3.75874e-12 1.19534e-15 6.17686e-20 4.83675e-25
 1.98308e-41 2.75238e-33 4.61769e-26 9.36459e-20 2.29562e-14 6.80234e-10 2.43649e-06 0.00105491 0.05521 0.34928 0.268499 0.0669512 0.153982 0.0735751 0.0218427 0.00796178 0.00146662 0.000163386 1.06616e-05 2.65942e-07 1.37722e-09 1.44813e-12 3.07957e-16 1.14372e-20 6.46524e-26
 2.09129e-41 2.90257e-33 4.86966e-26 9.87558e-20 2.42088e-14 7.17352e-10 2.56944e-06 0.00111248 0.0582226 0.368339 0.283117 0.066083 0.134272 0.0608007 0.0200798 0.00668358 0.00115221 0.000129093 6.24025e-06 1.16259e-07 6.02805e-10 5.70149e-13 8.63816e-17 2.0903e-21 7.90898e-27
 2.04444e-41 2.83755e-33 4.76058e-26 9.65436e-20 2.36665e-14 7.01283e-10 2.51188e-06 0.00108756 0.0569184 0.360091 0.277239 0.0731206 0.146576 0.0609238 0.0176433 0.00537462 0.000925758 9.31876e-05 4.04494e-06 5.7397e-08 2.13301e-10 1.68553e-13 2.23165e-17 4.30975e-22 1.16233e-27
 1.99651e-41 2.77102e-33 4.64896e-26 9.42801e-20 2.31116e-14 6.8484e-10 2.45299e-06 0.00106206 0.0555839 0.351651 0.271262 0.079582 0.154189 0.0611303 0.0194663 0.00523186 0.000766489 6.98714e-05 2.66134e-06 3.12615e-08 8.77482e-11 4.89546e-14 4.7908e-18 7.33474e-23 1.59828e-28
 1.86434e-41 2.58759e-33 4.34121e-26 8.8039e-20 2.15817e-14 6.39506e-10 2.29061e-06 0.000991753 0.0519044 0.32838 0.254325 0.091494 0.175979 0.0670167 0.0230958 0.00590788 0.000837696 6.31665e-05 1.99139e-06 1.92941e-08 4.26997e-11 1.78304e-14 1.24285e-18 1.33665e-23 2.09836e-29
 1.68615e-41 2.34027e-33 3.92629e-26 7.96243e-20 1.9519e-14 5.78383e-10 2.07167e-06 0.000896963 0.0469435 0.297005 0.231529 0.106489 0.201514 0.0765665 0.0304292 0.00749577 0.00105457 7.23116e-05 1.86044e-06 1.39862e-08 2.40331e-11 7.66064e-15 3.97015e-19 3.08947e-24 3.43038e-30
 1.91158e-41 2.65315e-33 4.45122e-26 9.02698e-20 2.21286e-14 6.5571e-10 2.34865e-06 0.00101688 0.0532196 0.33671 0.26154 0.0954665 0.154742 0.0610482 0.0281216 0.00704159 0.00102362 6.56324e-05 1.46498e-06 8.69938e-09 1.1187e-11 2.64674e-15 1.01777e-19 5.83397e-25 4.71762e-31
 1.86481e-41 2.58824e-33 4.34231e-26 8.80611e-20 2.15872e-14 6.39667e-10 2.29118e-06 0.000992002 0.0519175 0.328485 0.256561 0.109427 0.168842 0.056893 0.0206537 0.00535189 0.000822807 5.15481e-05 1.02991e-06 5.05164e-09 5.0166e-12 8.75683e-16 2.43966e-20 1.01141e-25 5.92549e-32
 1.83617e-41 2.54849e-33 4.27562e-26 8.67086e-20 2.12556e-14 6.29842e-10 2.25599e-06 0.000976767 0.0511201 0.323454 0.253801 0.117031 0.168512 0.0581404 0.0218408 0.00448192 0.000602349 3.72906e-05 6.86865e-07 2.87065e-09 2.27904e-12 3.03643e-16 6.24367e-21 1.87014e-26 7.83583e-33
 1.85868e-41 2.57973e-33 4.32803e-26 8.77715e-20 2.15162e-14 6.37563e-10 2.28365e-06 0.00098874 0.0517468 0.327433 0.257823 0.121539 0.160625 0.0548172 0.0204193 0.00411311 0.000468731 2.34391e-05 3.81801e-07 1.38247e-09 8.99941e-13 9.40584e-17 1.46883e-21 3.26307e-27 9.96389e-34
 1.9449e-41 2.69939e-33 4.52879e-26 9.18429e-20 2.25142e-14 6.67137e-10 2.38958e-06 0.0010346 0.0541472 0.342632 0.270084 0.121038 0.143947 0.0471665 0.0164453 0.00315555 0.000333791 1.38189e-05 1.74116e-07 5.0764e-10 2.69385e-13 2.24339e-17 2.71561e-22 4.57244e-28 1.04008e-34
 1.94511e-41 2.69968e-33 4.52927e-26 9.18527e-20 2.25166e-14 6.67208e-10 2.38983e-06 0.00103471 0.054153 0.342696 0.271759 0.129535 0.142122 0.0429265 0.0132467 0.00229944 0.000217969 7.81697e-06 7.81158e-08 1.70546e-10 6.82434e-14 4.37176e-18 4.0856e-23 5.26441e-29 9.05e-36
 1.98496e-41 2.75499e-33 4.62207e-26 9.37346e-20 2.29779e-14 6.80879e-10 2.4388e-06 0.00105591 0.0552626 0.349741 0.27831 0.131441 0.131548 0.039452 0.0113568 0.00169029 0.000135181 4.06001e-06 3.28528e-08 5.50916e-11 1.6231e-14 7.56348e-19 5.18347e-24 4.95396e-30 6.35611e-37
 1.91687e-41 2.66049e-33 4.46352e-26 9.05193e-20 2.21897e-14 6.57522e-10 2.35514e-06 0.00101969 0.053367 0.337805 0.272146 0.14671 0.137796 0.0392803 0.0103681 0.00140937 9.36059e-05 2.22385e-06 1.41031e-08 1.82358e-11 4.03919e-15 1.37965e-19 6.81439e-25 4.6662e-31 4.29931e-38
 1.95656e-41 2.71558e-33 4.55595e-26 9.23938e-20 2.26492e-14 6.71138e-10 2.40391e-06 0.00104081 0.0544723 0.344837 0.278827 0.145935 0.12592 0.0380262 0.00969623 0.00117453 6.64972e-05 1.25367e-06 5.99542e-09 5.78785e-12 9.54236e-16 2.40782e-20 8.6923e-26 4.30305e-32 2.84101e-39
 1.93212e-41 2.68166e-33 4.49903e-26 9.12395e-20 2.23663e-14 6.62754e-10 2.37388e-06 0.00102781 0.053792 0.340611 0.278649 0.156086 0.124688 0.0355925 0.00850948 0.000993477 4.84294e-05 7.31866e-07 2.66259e-09 1.88557e-12 2.25297e-16 4.11964e-21 1.07881e-26 3.86971e-33 1.84562e-40
 1.875e-41 2.60238e-33 4.36604e-26 8.85423e-20 2.17051e-14 6.43162e-10 2.3037e-06 0.000997424 0.0522021 0.330663 0.275101 0.169321 0.127002 0.0360031 0.00785256 0.000820275 3.54278e-05 4.4178e-07 1.23681e-09 6.49196e-13 5.6183e-17 7.34931e-22 1.3717e-27 3.50991e-34 1.1966e-41
 1.79348e-41 2.48923e-33 4.17621e-26 8.46926e-20 2.07614e-14 6.15198e-10 2.20354e-06 0.000954057 0.049933 0.31646 0.269299 0.184415 0.131537 0.0386463 0.00797868 0.000748024 2.72838e-05 2.80138e-07 6.19616e-10 2.45441e-13 1.55637e-17 1.46765e-22 1.95552e-28 3.55142e-35 8.57032e-43
 1.83008e-41 2.54002e-33 4.26142e-26 8.64207e-20 2.1185e-14 6.27751e-10 2.2485e-06 0.000973524 0.0509523 0.323024 0.276611 0.181833 0.121462 0.037086 0.00739104 0.000644133 1.99665e-05 1.64339e-07 2.83409e-10 8.57971e-14 4.06398e-18 2.80497e-23 2.69698e-29 3.50359e-36 6.01482e-44
 1.83015e-41 2.54012e-33 4.26159e-26 8.64241e-20 2.11859e-14 6.27775e-10 2.24859e-06 0.000973562 0.0509543 0.323037 0.276627 0.182101 0.12242 0.0364854 0.00683829 0.00054567 1.49389e-05 1.05306e-07 1.51998e-10 3.79383e-14 1.46744e-18 8.21701e-24 6.3801e-30 6.67067e-37 9.1944e-45
#pred catch len freq
 2.56546e-27 2.59451e-27 3.85133e-26 7.58473e-20 1.85931e-14 5.50946e-10 1.9734e-06 0.000854405 0.0447165 0.282889 0.216627 0.038899 0.143888 0.132862 0.0312784 0.0382568 0.0172571 0.0143945 0.00929622 0.00730676 0.00581278 0.00502005 0.00497146 0.00434887 0.0013196
 2.57005e-27 2.60652e-27 4.86205e-26 9.71673e-20 2.38194e-14 7.05811e-10 2.5281e-06 0.00109457 0.0572858 0.362406 0.277367 0.0402812 0.111735 0.102727 0.0178351 0.0148881 0.00562391 0.00333493 0.00175321 0.00114779 0.000784588 0.000594604 0.000526422 0.000460277 0.000152821
 2.56972e-27 2.60548e-27 4.75298e-26 9.48658e-20 2.32552e-14 6.89094e-10 2.46822e-06 0.00106864 0.055929 0.353822 0.270839 0.0419693 0.129167 0.118585 0.016551 0.00790413 0.00253404 0.00089455 0.000346613 0.000162477 8.57211e-05 5.33777e-05 4.02368e-05 3.3202e-05 1.1404e-05
 2.56921e-27 2.60408e-27 4.62771e-26 9.2223e-20 2.26073e-14 6.69896e-10 2.39946e-06 0.00103887 0.0543708 0.343965 0.263321 0.0424702 0.138261 0.126964 0.0177978 0.0086231 0.0025162 0.000479178 0.000130465 3.62422e-05 1.22831e-05 5.43178e-06 3.18746e-06 2.31221e-06 7.87004e-07
 2.57177e-27 2.61109e-27 5.25362e-26 1.05427e-19 2.58442e-14 7.65811e-10 2.743e-06 0.00118762 0.0621556 0.393213 0.300889 0.0401554 0.0942514 0.0864551 0.0124983 0.0067363 0.00197469 0.000378877 8.62755e-05 1.28025e-05 2.36295e-06 5.75601e-07 2.16417e-07 1.23183e-07 3.96511e-08
 2.5694e-27 2.60458e-27 4.66989e-26 9.31127e-20 2.28255e-14 6.76359e-10 2.4226e-06 0.0010489 0.0548954 0.347283 0.265855 0.0424949 0.136669 0.125457 0.0168596 0.00686514 0.00202132 0.000431528 0.00010054 1.42415e-05 1.66381e-06 1.80045e-07 3.05319e-08 1.06925e-08 3.01798e-09
 2.56885e-27 2.6031e-27 4.54086e-26 9.03908e-20 2.21582e-14 6.56587e-10 2.35179e-06 0.00101823 0.0532907 0.337131 0.258107 0.0427633 0.144155 0.132398 0.0186745 0.0092516 0.00266048 0.000432739 9.75096e-05 1.51615e-05 1.76946e-06 1.36074e-07 8.57929e-09 1.10211e-09 2.25624e-10
 2.57121e-27 2.60956e-27 5.11715e-26 1.02548e-19 2.51385e-14 7.44898e-10 2.6681e-06 0.00115519 0.0604583 0.382475 0.292698 0.0406399 0.103693 0.0951503 0.0137177 0.00732835 0.00215316 0.000421867 9.35324e-05 1.15127e-05 1.34506e-06 1.08039e-07 4.91462e-09 1.77388e-10 1.46523e-11
 2.5704e-27 2.6073e-27 4.91179e-26 9.8216e-20 2.40765e-14 7.13429e-10 2.55538e-06 0.00110638 0.0579041 0.366317 0.280376 0.0416773 0.120245 0.110323 0.0145693 0.0054519 0.00159861 0.000338274 7.90605e-05 1.13102e-05 1.19773e-06 8.38751e-08 3.89072e-09 9.20588e-11 1.72232e-12
 2.57066e-27 2.60802e-27 4.97736e-26 9.95993e-20 2.44156e-14 7.23477e-10 2.59137e-06 0.00112197 0.0587196 0.371476 0.284311 0.0413898 0.115292 0.105777 0.0142044 0.00576036 0.00163504 0.000246129 5.42252e-05 8.37427e-06 9.82732e-07 7.14445e-08 2.87472e-09 6.4435e-11 6.48643e-13
 2.57119e-27 2.60947e-27 5.1057e-26 1.02307e-19 2.50792e-14 7.43142e-10 2.66181e-06 0.00115246 0.0603157 0.381574 0.292014 0.0409818 0.106775 0.0979218 0.0128926 0.00474766 0.00135182 0.000218511 4.57637e-05 5.24504e-06 5.97943e-07 4.79092e-08 2.06925e-09 4.22203e-11 3.74408e-13
 2.57135e-27 2.6099e-27 5.14326e-26 1.03099e-19 2.52735e-14 7.48898e-10 2.68243e-06 0.00116139 0.0607829 0.384529 0.29427 0.0408989 0.10456 0.0958703 0.0124015 0.00414384 0.00116625 0.000172715 3.57954e-05 4.29487e-06 4.19772e-07 2.76996e-08 1.26695e-09 2.78865e-11 2.34133e-13
 2.57102e-27 2.60899e-27 5.06236e-26 1.01392e-19 2.48551e-14 7.36501e-10 2.63802e-06 0.00114216 0.0597767 0.378164 0.289414 0.0412099 0.110338 0.101186 0.0130592 0.00430482 0.00120256 0.000163374 3.24934e-05 3.61289e-06 3.5421e-07 2.21507e-08 8.25366e-10 1.78906e-11 1.60744e-13
 2.57061e-27 2.60787e-27 4.963e-26 9.92962e-20 2.43413e-14 7.21275e-10 2.58349e-06 0.00111855 0.0585409 0.370346 0.28345 0.0415173 0.116868 0.107211 0.0141005 0.00516194 0.00144678 0.000194179 3.79396e-05 3.88573e-06 3.56837e-07 2.12436e-08 7.64288e-10 1.40368e-11 1.18158e-13
 2.56973e-27 2.60547e-27 4.74871e-26 9.47756e-20 2.32331e-14 6.88438e-10 2.46587e-06 0.00106763 0.0558758 0.353485 0.270588 0.0423181 0.131998 0.121135 0.0158878 0.00573271 0.00161771 0.000238081 4.77402e-05 4.82226e-06 4.23965e-07 2.31315e-08 7.79797e-10 1.36443e-11 1.00728e-13
 2.57007e-27 2.60641e-27 4.83248e-26 9.65428e-20 2.36663e-14 7.01275e-10 2.51185e-06 0.00108753 0.0569176 0.360076 0.275615 0.0419741 0.125848 0.115483 0.0152865 0.00578452 0.00163348 0.000237428 4.8147e-05 5.28426e-06 4.74641e-07 2.51182e-08 7.83302e-10 1.26681e-11 8.79899e-14
 2.5703e-27 2.60703e-27 4.88745e-26 9.77023e-20 2.39505e-14 7.09698e-10 2.54202e-06 0.0011006 0.0576012 0.364401 0.278915 0.0417817 0.122066 0.111999 0.0147789 0.00550454 0.00155912 0.000236496 4.84333e-05 5.27656e-06 4.91661e-07 2.77684e-08 8.57228e-10 1.29731e-11 8.29152e-14
 2.5698e-27 2.60565e-27 4.76421e-26 9.51026e-20 2.33133e-14 6.90813e-10 2.47438e-06 0.00107131 0.0560686 0.354705 0.271519 0.0422959 0.131175 0.12037 0.0156405 0.00536172 0.00151193 0.000226128 4.64653e-05 5.25785e-06 4.93741e-07 2.82708e-08 9.25954e-10 1.42381e-11 8.63142e-14
 2.56992e-27 2.606e-27 4.79696e-26 9.57934e-20 2.34826e-14 6.95832e-10 2.49235e-06 0.00107909 0.0564759 0.357282 0.273482 0.0420508 0.12793 0.117412 0.0157706 0.00640197 0.00180573 0.000250882 5.03316e-05 5.6312e-06 5.36966e-07 3.16421e-08 1.04935e-09 1.68758e-11 1.05356e-13
 2.57053e-27 2.60765e-27 4.94301e-26 9.88746e-20 2.42379e-14 7.18212e-10 2.57252e-06 0.0011138 0.0582923 0.368773 0.28225 0.0415692 0.118105 0.108354 0.0143216 0.00537981 0.00153309 0.000247945 5.12622e-05 5.36612e-06 4.97919e-07 2.93395e-08 9.99149e-10 1.63969e-11 1.0601e-13
 2.5711e-27 2.60922e-27 5.08176e-26 1.01802e-19 2.49554e-14 7.39474e-10 2.64867e-06 0.00114677 0.060018 0.37969 0.290579 0.0411756 0.109258 0.100184 0.0127646 0.00388617 0.00109096 0.000164479 3.42637e-05 4.09969e-06 3.83885e-07 2.13837e-08 7.19171e-10 1.20232e-11 7.96405e-14
 2.5716e-27 2.61058e-27 5.20338e-26 1.04367e-19 2.55844e-14 7.58112e-10 2.71543e-06 0.00117568 0.0615307 0.38926 0.297879 0.0407299 0.100738 0.0923407 0.0117292 0.00349884 0.000967407 0.000121394 2.35871e-05 2.66402e-06 2.62184e-07 1.59877e-08 5.2018e-10 8.45318e-12 5.65672e-14
 2.57137e-27 2.60994e-27 5.14525e-26 1.03141e-19 2.52837e-14 7.49202e-10 2.68352e-06 0.00116186 0.0608076 0.384685 0.294391 0.0410261 0.105443 0.0966531 0.0119615 0.00294338 0.000804782 9.91861e-05 1.86064e-05 1.77261e-06 1.59857e-07 9.62277e-09 3.40222e-10 5.58243e-12 3.61956e-14
 2.57155e-27 2.61042e-27 5.18822e-26 1.04047e-19 2.5506e-14 7.55788e-10 2.7071e-06 0.00117207 0.0613421 0.388067 0.296971 0.0408741 0.102474 0.0939188 0.0115795 0.00276025 0.000745896 7.87096e-05 1.38414e-05 1.28673e-06 1.06317e-07 5.46956e-09 1.84131e-10 3.18201e-12 2.13381e-14
 2.57178e-27 2.61105e-27 5.24458e-26 1.05236e-19 2.57974e-14 7.64423e-10 2.73804e-06 0.00118547 0.062043 0.392501 0.300353 0.0406622 0.0984842 0.0902476 0.0111116 0.00261759 0.000705843 7.26348e-05 1.23753e-05 9.96595e-07 7.66364e-08 3.70785e-09 1.08068e-10 1.70581e-12 1.16993e-14
 2.57128e-27 2.60967e-27 5.12066e-26 1.02622e-19 2.51566e-14 7.45435e-10 2.67002e-06 0.00115602 0.0605018 0.382751 0.292916 0.0411567 0.107473 0.0985129 0.0120495 0.00267544 0.000718432 7.32555e-05 1.23912e-05 9.70734e-07 6.95186e-08 2.93519e-09 7.94184e-11 1.10801e-12 6.80204e-15
 2.57143e-27 2.6101e-27 5.15935e-26 1.03438e-19 2.53567e-14 7.51364e-10 2.69126e-06 0.00116521 0.060983 0.385795 0.295238 0.0409878 0.104556 0.0958343 0.0118059 0.00279411 0.000751401 7.32622e-05 1.21135e-05 9.39918e-07 6.63345e-08 2.65813e-09 6.38471e-11 7.98175e-13 4.3803e-15
 2.57207e-27 2.61184e-27 5.31422e-26 1.06705e-19 2.61576e-14 7.75095e-10 2.77626e-06 0.00120202 0.0629091 0.39798 0.304533 0.0404322 0.0937967 0.0859265 0.0104278 0.00214636 0.000573575 5.86825e-05 9.88073e-06 7.35835e-07 5.06416e-08 2.0003e-09 4.62553e-11 5.23103e-13 2.539e-15
 2.57241e-27 2.61279e-27 5.40003e-26 1.08516e-19 2.66013e-14 7.88245e-10 2.82336e-06 0.00122241 0.0639764 0.404732 0.309684 0.0400872 0.0875533 0.0801859 0.00978944 0.00213567 0.000569747 5.25312e-05 8.43945e-06 6.55578e-07 4.54643e-08 1.72436e-09 3.90212e-11 4.27467e-13 1.91038e-15
#obs catch len freq
 1.7477e-41 2.42569e-33 4.06959e-26 8.25306e-20 2.02314e-14 5.99493e-10 2.14729e-06 0.000929701 0.0486569 0.307817 0.235783 0.0441659 0.154488 0.130886 0.0369319 0.0283918 0.00861995 0.00272179 0.000538407 6.38454e-05 3.32205e-06 5.54334e-08 2.20012e-10 1.66168e-13 2.06364e-17
 1.77174e-41 2.45906e-33 4.12558e-26 8.36659e-20 2.05097e-14 6.0774e-10 2.17683e-06 0.000942491 0.0493262 0.312052 0.239073 0.0459542 0.155351 0.124589 0.0360735 0.0261986 0.00770509 0.00227773 0.000410484 4.23933e-05 1.81685e-06 2.35348e-08 6.9557e-11 3.81808e-14 3.39568e-18
 2.1829e-41 3.02972e-33 5.08298e-26 1.03082e-19 2.52693e-14 7.48775e-10 2.68199e-06 0.00116121 0.0607731 0.384468 0.294325 0.043308 0.098698 0.0746054 0.0220217 0.0149712 0.00427186 0.00118198 0.000194549 1.73518e-05 6.08049e-07 6.10792e-09 1.34333e-11 5.34902e-15 3.40354e-19
 1.74168e-41 2.41733e-33 4.05557e-26 8.22462e-20 2.01617e-14 5.97428e-10 2.13989e-06 0.000926498 0.0484892 0.306758 0.235257 0.0537239 0.183269 0.128601 0.0254507 0.0129326 0.00353597 0.000907691 0.00013618 1.04748e-05 2.9825e-07 2.31324e-09 3.78805e-12 1.09602e-15 4.99232e-20
 2.11205e-41 2.93138e-33 4.918e-26 9.97361e-20 2.44491e-14 7.24472e-10 2.59494e-06 0.00112352 0.0588006 0.37199 0.284942 0.0474347 0.113103 0.0763722 0.0270164 0.0157382 0.00286066 0.000539486 7.20342e-05 4.75158e-06 1.09684e-07 6.55057e-10 7.97571e-13 1.67901e-16 5.48861e-21
 2.3859e-41 3.31147e-33 5.55569e-26 1.12668e-19 2.76193e-14 8.1841e-10 2.93141e-06 0.0012692 0.0664248 0.420223 0.321729 0.0454164 0.0783731 0.048311 0.0110219 0.00542684 0.00150189 0.000274411 2.37244e-05 1.22326e-06 2.2662e-08 1.04131e-10 9.42927e-14 1.44497e-17 3.39458e-22
 1.36232e-41 1.89081e-33 3.17223e-26 6.43321e-20 1.57703e-14 4.67302e-10 1.6738e-06 0.000724697 0.0379278 0.239946 0.18502 0.0754778 0.269992 0.153791 0.0257857 0.00928292 0.00170744 0.000312134 2.98388e-05 1.06297e-06 1.37947e-08 4.75989e-11 3.20236e-14 3.57865e-18 6.05231e-23
 2.25008e-41 3.12297e-33 5.23942e-26 1.06254e-19 2.6047e-14 7.71821e-10 2.76454e-06 0.00119695 0.0626435 0.396302 0.303624 0.0481367 0.0864277 0.0520225 0.032606 0.0149037 0.00190056 0.000216165 1.65187e-05 5.64726e-07 5.37228e-09 1.23988e-11 5.89748e-15 4.76205e-19 5.80173e-24
 2.02168e-41 2.80596e-33 4.70758e-26 9.54688e-20 2.3403e-14 6.93475e-10 2.48392e-06 0.00107545 0.0562848 0.356077 0.273465 0.0634413 0.151223 0.0748986 0.0146218 0.00644345 0.00218484 0.000269586 1.22716e-05 2.9215e-07 2.31053e-09 3.99947e-12 1.28141e-15 6.99539e-20 5.94473e-25
 2.06573e-41 2.86709e-33 4.81014e-26 9.75487e-20 2.39129e-14 7.08584e-10 2.53803e-06 0.00109888 0.057511 0.363835 0.279486 0.0636433 0.138245 0.0666091 0.0211824 0.00713178 0.00105798 0.000184275 1.20233e-05 1.98367e-07 9.93913e-10 1.27271e-12 3.05297e-16 1.17e-20 6.7127e-26
 2.02622e-41 2.81226e-33 4.71816e-26 9.56832e-20 2.34556e-14 6.95033e-10 2.4895e-06 0.00107787 0.0564112 0.35688 0.274502 0.0693565 0.147882 0.0660965 0.0198691 0.00664105 0.00115832 0.000117128 6.84071e-06 1.38705e-07 5.67042e-10 4.62802e-13 7.44212e-17 2.04686e-21 8.46805e-27
 2.13393e-41 2.96176e-33 4.96896e-26 1.0077e-19 2.47025e-14 7.31979e-10 2.62183e-06 0.00113516 0.0594098 0.375851 0.289049 0.0680633 0.127717 0.0542717 0.0180323 0.0054776 0.000897369 9.00293e-05 3.78358e-06 5.88234e-08 2.39376e-10 1.72387e-13 1.96182e-17 3.5181e-22 9.73835e-28
 2.09079e-41 2.90187e-33 4.86849e-26 9.8732e-20 2.4203e-14 7.17179e-10 2.56882e-06 0.00111221 0.0582086 0.368255 0.283723 0.075259 0.138676 0.053961 0.0156494 0.00437793 0.000709283 6.36798e-05 2.37352e-06 2.76002e-08 8.09882e-11 4.8748e-14 4.80996e-18 6.85063e-23 1.35252e-28
 2.04642e-41 2.8403e-33 4.76519e-26 9.66372e-20 2.36895e-14 7.01962e-10 2.51431e-06 0.00108861 0.0569736 0.360446 0.278286 0.0818517 0.14527 0.0541598 0.0171069 0.00418937 0.000577109 4.67864e-05 1.51475e-06 1.44356e-08 3.16656e-11 1.34359e-14 9.79569e-19 1.10182e-23 1.75047e-29
 1.92083e-41 2.66598e-33 4.47274e-26 9.07062e-20 2.22356e-14 6.5888e-10 2.36e-06 0.0010218 0.0534769 0.338332 0.262349 0.0942177 0.165482 0.0595682 0.0201735 0.00471486 0.000618832 4.11886e-05 1.1004e-06 8.5831e-09 1.47394e-11 4.65562e-15 2.41186e-19 1.90383e-24 2.17398e-30
 1.74943e-41 2.42809e-33 4.07363e-26 8.26123e-20 2.02514e-14 6.00087e-10 2.14941e-06 0.000930622 0.0487051 0.308156 0.240638 0.109932 0.189602 0.0687511 0.0264855 0.00597808 0.000771112 4.6137e-05 9.94111e-07 5.9923e-09 7.95467e-12 1.90975e-15 7.334e-20 4.18262e-25 3.37692e-31
 1.97132e-41 2.73606e-33 4.5903e-26 9.30904e-20 2.282e-14 6.76199e-10 2.42203e-06 0.00104866 0.0548826 0.347237 0.270079 0.0975739 0.143891 0.0548316 0.0241148 0.005566 0.000732158 4.0606e-05 7.49595e-07 3.53541e-09 3.49731e-12 6.21609e-16 1.76698e-20 7.40906e-26 4.35175e-32
 1.92603e-41 2.6732e-33 4.48485e-26 9.09519e-20 2.22958e-14 6.60665e-10 2.3664e-06 0.00102457 0.0536218 0.339276 0.265451 0.11158 0.156245 0.0503429 0.0176 0.00424079 0.000583187 3.12793e-05 5.10703e-07 1.97066e-09 1.49547e-12 1.95436e-16 4.0177e-21 1.21663e-26 5.17023e-33
 1.8998e-41 2.63679e-33 4.42377e-26 8.97131e-20 2.19921e-14 6.51667e-10 2.33416e-06 0.00101061 0.0528915 0.334673 0.263129 0.118996 0.155418 0.0516717 0.0182917 0.00347183 0.000422624 2.22165e-05 3.30435e-07 1.07591e-09 6.48348e-13 6.43946e-17 9.74706e-22 2.1299e-27 6.46827e-34
 1.92291e-41 2.66887e-33 4.47758e-26 9.08045e-20 2.22597e-14 6.59594e-10 2.36256e-06 0.00102291 0.053535 0.338761 0.26731 0.123004 0.147339 0.0486043 0.0169503 0.0031394 0.00031833 1.35832e-05 1.77908e-07 4.97377e-10 2.44079e-13 1.89302e-17 2.16985e-22 3.51083e-28 7.76373e-35
 2.00682e-41 2.78533e-33 4.67296e-26 9.47668e-20 2.3231e-14 6.88376e-10 2.46565e-06 0.00106754 0.055871 0.353555 0.279269 0.121686 0.130999 0.0414747 0.0134725 0.00237389 0.00022085 7.68966e-06 7.77584e-08 1.74655e-10 6.95114e-14 4.27617e-18 3.78739e-23 4.635e-29 7.62563e-36
 2.00723e-41 2.7859e-33 4.67393e-26 9.47865e-20 2.32358e-14 6.88518e-10 2.46616e-06 0.00106776 0.0558826 0.353662 0.2811 0.129659 0.128651 0.0374112 0.0107171 0.00170267 0.000141141 4.20948e-06 3.34106e-08 5.59893e-11 1.67733e-14 7.91526e-19 5.39617e-24 5.04169e-30 6.25842e-37
 2.04594e-41 2.83963e-33 4.76407e-26 9.66143e-20 2.36839e-14 7.01796e-10 2.51372e-06 0.00108835 0.0569604 0.36051 0.287547 0.130887 0.118466 0.0341891 0.00903765 0.00122387 8.51784e-05 2.11303e-06 1.34715e-08 1.72284e-11 3.788e-15 1.29817e-19 6.47869e-25 4.48008e-31 4.14191e-38
 1.9806e-41 2.74895e-33 4.61193e-26 9.3529e-20 2.29275e-14 6.79384e-10 2.43344e-06 0.0010536 0.0551415 0.349071 0.28201 0.145725 0.123868 0.0338842 0.008183 0.0010028 5.73426e-05 1.11906e-06 5.56372e-09 5.46021e-12 8.99269e-16 2.2541e-20 8.09836e-26 4.00869e-32 2.65822e-39
 2.01924e-41 2.80257e-33 4.70189e-26 9.53533e-20 2.33747e-14 6.92637e-10 2.48091e-06 0.00107415 0.0562172 0.355924 0.288579 0.144263 0.112865 0.0326731 0.00754436 0.000818586 3.95141e-05 6.06016e-07 2.26126e-09 1.65174e-12 2.01935e-16 3.73121e-21 9.78372e-27 3.49851e-33 1.66181e-40
 1.99599e-41 2.77031e-33 4.64777e-26 9.42558e-20 2.31057e-14 6.84664e-10 2.45235e-06 0.00106178 0.0555705 0.351923 0.288755 0.153683 0.111356 0.0303631 0.00657633 0.000680265 2.79586e-05 3.40817e-07 9.6129e-10 5.13328e-13 4.5392e-17 6.06794e-22 1.15249e-27 2.98267e-34 1.02265e-41
 1.94103e-41 2.69402e-33 4.51977e-26 9.166e-20 2.24694e-14 6.65808e-10 2.38482e-06 0.00103254 0.0540405 0.342375 0.285782 0.16628 0.113375 0.0305417 0.00599805 0.000552841 1.99514e-05 1.98617e-07 4.28454e-10 1.68949e-13 1.07975e-17 1.03129e-22 1.39471e-28 2.57237e-35 6.29833e-43
 1.86247e-41 2.58499e-33 4.33685e-26 8.79505e-20 2.156e-14 6.38863e-10 2.2883e-06 0.000990757 0.0518542 0.328725 0.280754 0.1808 0.117654 0.0326731 0.00603658 0.000494555 1.49703e-05 1.21841e-07 2.0628e-10 6.11357e-14 2.85657e-18 1.96438e-23 1.89515e-29 2.47972e-36 4.29601e-44
 1.90589e-41 2.64525e-33 4.43796e-26 9.00009e-20 2.20627e-14 6.53757e-10 2.34165e-06 0.00101386 0.0530629 0.336329 0.284745 0.171954 0.113257 0.0330248 0.00611359 0.000484061 1.3193e-05 9.27521e-08 1.33668e-10 3.33306e-14 1.28839e-18 7.21112e-24 5.59718e-30 5.85056e-37 8.06235e-45
#spawning biomass
 11713.9 14495 18308.5 20010.7 32233.3 45077.8 44598.2 57540.3 74364.6 88551.4 110179 143895 184674 223496 218856 198514 192556 175629 166930 160659 161181 185632 195373 197860 212150 210828 198921 201523 243138 248312 4191.14 4187.77 4187.77 4187.77 4187.77 4187.77 4187.77 4187.77 4187.77 4187.77 4187.77 4187.77 4187.77 4187.77 4187.77 4187.77 4187.77 4187.77 4187.77 4187.77 4187.77 4187.77 4187.77 4187.77 4187.77 4187.77 4187.77 4187.77 4187.77 4187.77 4187.77 4187.77 4187.77 4187.77 4187.77 4187.77 4187.77 4187.77 4187.77 4187.77 4187.77 4187.77 4187.77 4187.77 4187.77 4187.77 4187.77 4187.77 4187.77 4187.77 4187.77 4187.77 4187.77 4187.77 4187.77 4187.77 4187.77 4187.77 4187.77 4187.77 4187.77 4187.77 4187.77 4187.77 4187.77 4187.77 4187.77 4187.77 4187.77 4187.77 4187.77 4187.77 4187.77 4187.77 4187.77 4187.77 4187.77 4187.77 4187.77 4187.77 4187.77 4187.77 4187.77 4187.77 4187.77 4187.77 4187.77 4187.77 4187.77 4187.77 4187.77 4187.77 4187.77 4187.77 4187.77 4187.77 4187.77 4187.77 4187.77 0 0 0 0 0 0 0 0 0 0 0 0 0 0 0 0 0 0 0 0 0 0 0 0 0
