SBPRF35
0.256306
Curr Bio
309600
B35
429758
F35
0.375946
FOFL
0.318227
OFL
118045
Bzero
73230.3
#pred survey bio
 98017.9 79435.2 63544.4 53419.9 77251.2 116761 171680 231565 305741 351967 337727 333643 342795 372404 383735 438468 429484 366518 400091 366513 401152 420308 393614 397711 435568 472554 448288 472011 1.85655e+07 9.95644e+06 7.0086e+06 4.54218e+06 2.90935e+06 1.94135e+06 1.39901e+06 1.10288e+06 942102 854069 804968 776894 760392 750419 744233 740310 737793 736154 735075 734359 733882 733562 733347 733202 733104 733038 732994 732964 732943 732930 732920 732914 732910 732907 732905 732904 732903 732902 732902 732901 732901 732901 732901 732901 732901 732901 732901 732901 732901 732901 732901 732901 732901 732901 732901 732901 732901 732901 732901 732901 732901 732901 732901 732901 732901 732901 732901 732901 732901 732901 732901 732901 732901 732901 732901 732901 732901 732901 732901 732901 732901 732901 732901 732901 732901 732901 732901 732901 732901 732901 732901 732901 732901 732901 732901 732901 732901 732901 732901 732901 0 0 0 0 0 0 0 0 0 0 0 0 0 0 0 0 0 0 0 0 0 0 0 0 0
#obs survey bio
 111921 52166.1 29972.9 85609.6 118801 158122 131059 282035 417880 431422 444149 309424 366743 424208 377980 562260 541184 346050 355236 524369 398046 455596 432447 467816 415138 554677 371653 590792
#pred catch bio
 24952.2 13817.4 13497.6 12528.7 17043.8 28453.5 53870.5 69447.8 100414 146551 148063 157285 155889 176655 163172 213795 231646 152939 200760 153577 174665 203445 178432 171725 188437 224288 193327 173200 118045 121587 82783.2 51543.2 31594 20274.2 14280.9 11242.1 9744.01 9019.19 8672.88 8508.85 8431.6 8395.37 8378.43 8370.52 8366.84 8365.13 8364.34 8363.97 8363.8 8363.72 8363.68 8363.66 8363.66 8363.65 8363.65 8363.65 8363.65 8363.65 8363.65 8363.65 8363.65 8363.65 8363.65 8363.65 8363.65 8363.65 8363.65 8363.65 8363.65 8363.65 8363.65 8363.65 8363.65 8363.65 8363.65 8363.65 8363.65 8363.65 8363.65 8363.65 8363.65 8363.65 8363.65 8363.65 8363.65 8363.65 8363.65 8363.65 8363.65 8363.65 8363.65 8363.65 8363.65 8363.65 8363.65 8363.65 8363.65 8363.65 8363.65 8363.65 8363.65 8363.65 8363.65 8363.65 8363.65 8363.65 8363.65 8363.65 8363.65 8363.65 8363.65 8363.65 8363.65 8363.65 8363.65 8363.65 8363.65 8363.65 8363.65 8363.65 8363.65 8363.65 8363.65 8363.65 8363.65 8363.65 8363.65 8363.65 0 0 0 0 0 0 0 0 0 0 0 0 0 0 0 0 0 0 0 0 0 0 0 0 0
#obs catch bio
 13113.8 14115.8 15090.7 13105.1 16939.3 27254.4 53660 66947.3 92929.1 131098 136496 151913 152659 172686 162464 215789 236301 148507 211861 149178 171621 197976 172489 165134 180137 211297 193812 171812
#pred cpue bio
 96255.9 78717.5 63343.6 52373 73674.5 112824 165428 222901 295243 341367 327159 321759 329087 357889 368927 421559 413291 352759 385882 352888 386632 405175 379482 383277 418978 455095 432652 454885 1.79678e+07 9.94833e+06 6.99434e+06 4.52761e+06 2.89477e+06 1.92678e+06 1.38444e+06 1.0883e+06 927528 839495 790394 762320 745817 735844 729659 725735 723218 721579 720501 719785 719307 718987 718772 718627 718530 718464 718419 718389 718369 718355 718346 718339 718335 718332 718330 718329 718328 718328 718327 718327 718327 718327 718326 718326 718326 718326 718326 718326 718326 718326 718326 718326 718326 718326 718326 718326 718326 718326 718326 718326 718326 718326 718326 718326 718326 718326 718326 718326 718326 718326 718326 718326 718326 718326 718326 718326 718326 718326 718326 718326 718326 718326 718326 718326 718326 718326 718326 718326 718326 718326 718326 718326 718326 718326 718326 718326 718326 718326 718326 718326 0 0 0 0 0 0 0 0 0 0 0 0 0 0 0 0 0 0 0 0 0 0 0 0 0
#obs cpue bio
 67269.1 53610.8 35580.2 74913 75834.5 142803 169340 244123 373305 468129 272177 333308 309034 362612 322186 328980 322056 407512 318518 325597 407932 455568 388021 386634 537491 540417 393373 380460
#pred surv len freq
 2.69119e-11 1.26581e-09 4.12266e-08 9.29762e-07 1.45196e-05 0.000157009 0.00117569 0.00609664 0.0218998 0.0545573 0.0946903 0.116536 0.10829 0.0898916 0.0818139 0.0793279 0.0718933 0.0610237 0.0511172 0.0425778 0.035277 0.0294519 0.0242696 0.0183379 0.0115996
 1.60474e-11 7.54793e-10 2.45831e-08 5.54411e-07 8.65796e-06 9.3625e-05 0.000701099 0.00363624 0.013071 0.0326533 0.0572925 0.0734253 0.0775536 0.0835438 0.0978315 0.106526 0.099831 0.0852841 0.0711657 0.0582772 0.046303 0.0359032 0.0269797 0.0187494 0.0111694
 7.28769e-12 3.42778e-10 1.11641e-08 2.51778e-07 3.9319e-06 4.25191e-05 0.000318414 0.00165176 0.00594191 0.0148875 0.0264198 0.0352656 0.0416952 0.0537116 0.0737085 0.0934885 0.107305 0.114622 0.112203 0.0985547 0.0788365 0.0589412 0.0413408 0.0264465 0.0146149
 3.14795e-11 1.48065e-09 4.82237e-08 1.08756e-06 1.69839e-05 0.000183656 0.00137519 0.00713041 0.0256028 0.0636789 0.109817 0.13184 0.111977 0.0716887 0.0427198 0.0343215 0.0395995 0.0508795 0.0617232 0.0664289 0.0621601 0.0503886 0.0355212 0.0217103 0.0112368
 4.52939e-11 2.13041e-09 6.9386e-08 1.56483e-06 2.4437e-05 0.000264251 0.00197868 0.0102596 0.0368403 0.0916436 0.158144 0.190325 0.163052 0.106773 0.0638719 0.0419007 0.0285212 0.0189288 0.014846 0.0153467 0.0166937 0.0159138 0.012533 0.00801877 0.0041196
 3.54562e-11 1.66769e-09 5.43157e-08 1.22495e-06 1.91294e-05 0.000206858 0.00154896 0.00803216 0.0288512 0.0718624 0.124641 0.15299 0.140787 0.113591 0.0978049 0.0865719 0.066009 0.0411159 0.0226829 0.0130044 0.00912079 0.00773672 0.00646191 0.00450753 0.0024525
 3.76479e-11 1.77078e-09 5.76731e-08 1.30067e-06 2.03119e-05 0.000219644 0.00164468 0.00852822 0.0306284 0.0762436 0.131929 0.160483 0.143094 0.106339 0.082437 0.0715632 0.0606647 0.0470333 0.0332827 0.0208849 0.0115547 0.00620819 0.00368573 0.00229577 0.00125803
 3.81023e-11 1.79215e-09 5.83692e-08 1.31637e-06 2.0557e-05 0.000222295 0.00166454 0.00863118 0.0309985 0.0771676 0.133547 0.162535 0.145174 0.10828 0.083883 0.0713232 0.0576704 0.0423806 0.0299601 0.0205687 0.0129497 0.00716311 0.00352144 0.00162294 0.000714261
 3.61591e-11 1.70075e-09 5.53923e-08 1.24923e-06 1.95086e-05 0.000210958 0.00157965 0.00819114 0.0294197 0.0732536 0.126884 0.154949 0.140086 0.108077 0.0882167 0.0777554 0.0636313 0.046536 0.032186 0.0215172 0.0135134 0.0077255 0.00390404 0.00170391 0.000639176
 3.36098e-11 1.58084e-09 5.14871e-08 1.16116e-06 1.81332e-05 0.000196086 0.00146829 0.0076138 0.0273477 0.0681102 0.118083 0.144711 0.132478 0.105721 0.0907468 0.0831806 0.0702148 0.053248 0.0381331 0.0259252 0.0162333 0.00919162 0.00462885 0.00201465 0.000734582
 3.47391e-11 1.63396e-09 5.3217e-08 1.20018e-06 1.87425e-05 0.000202674 0.00151762 0.00786947 0.0282645 0.0703778 0.121908 0.148897 0.134711 0.104227 0.0858175 0.0771772 0.0657805 0.0514442 0.038414 0.0272232 0.0176504 0.0102267 0.00519639 0.00225836 0.000816128
 3.7416e-11 1.75987e-09 5.73179e-08 1.29266e-06 2.01868e-05 0.000218291 0.00163456 0.00847572 0.0304401 0.0757773 0.131139 0.159596 0.142529 0.106308 0.082531 0.0707696 0.0583185 0.0441901 0.0323597 0.0230962 0.0154338 0.00929808 0.00489163 0.00217679 0.000795584
 3.95439e-11 1.85996e-09 6.05776e-08 1.36617e-06 2.13348e-05 0.000230706 0.00172751 0.00895764 0.03217 0.0800739 0.138509 0.168254 0.149248 0.109112 0.0817349 0.0676505 0.0537693 0.0387162 0.0266683 0.0180994 0.011774 0.00708513 0.00380084 0.00174129 0.000654404
 3.86332e-11 1.81712e-09 5.91825e-08 1.33471e-06 2.08435e-05 0.000225393 0.00168773 0.00875147 0.0314307 0.0782454 0.135425 0.164881 0.147458 0.110346 0.0857715 0.0726069 0.0575304 0.0404032 0.0266312 0.0170823 0.0104619 0.00597679 0.00310934 0.00141541 0.000537904
 3.8424e-11 1.80728e-09 5.88621e-08 1.32749e-06 2.07306e-05 0.000224172 0.00167859 0.00870407 0.0312605 0.0778215 0.13469 0.163984 0.146649 0.109759 0.0854583 0.0727633 0.0583936 0.0418312 0.0280257 0.0178904 0.010605 0.00574427 0.00281901 0.00122365 0.000451973
 3.84724e-11 1.80956e-09 5.89361e-08 1.32915e-06 2.07567e-05 0.000224454 0.0016807 0.008715 0.0312996 0.0779173 0.134846 0.164124 0.146618 0.109409 0.0848103 0.0720722 0.0579881 0.0418732 0.0284437 0.0184584 0.0110683 0.00597092 0.00285424 0.00118609 0.000417698
 3.79437e-11 1.78469e-09 5.81263e-08 1.31089e-06 2.04715e-05 0.00022137 0.00165761 0.00859531 0.0308702 0.0768536 0.133041 0.162094 0.145341 0.109582 0.0862898 0.0739927 0.0594596 0.0426176 0.0287361 0.0186382 0.0112608 0.0061402 0.00295133 0.00121744 0.000419218
 3.78613e-11 1.78081e-09 5.79999e-08 1.30804e-06 2.0427e-05 0.000220889 0.00165401 0.00857663 0.0308031 0.0766869 0.132754 0.161752 0.14506 0.109433 0.0862759 0.0741167 0.0597291 0.0429718 0.0290398 0.0188028 0.0113171 0.00616167 0.00296972 0.00122999 0.000423524
 3.67592e-11 1.72898e-09 5.63117e-08 1.26997e-06 1.98324e-05 0.00021446 0.00160587 0.00832705 0.0299075 0.074464 0.128952 0.157342 0.141823 0.108526 0.0875249 0.0765744 0.062548 0.0457103 0.0314276 0.0206157 0.0124918 0.00681435 0.00328298 0.00135927 0.000468317
 3.78519e-11 1.78037e-09 5.79855e-08 1.30772e-06 2.04219e-05 0.000220834 0.0016536 0.00857447 0.030795 0.0766634 0.13269 0.161567 0.144553 0.108356 0.0846839 0.0726279 0.0591252 0.0434951 0.0302823 0.0201744 0.0124239 0.00687489 0.00334483 0.00139184 0.00048044
 3.72252e-11 1.75089e-09 5.70255e-08 1.28607e-06 2.00838e-05 0.000217178 0.00162622 0.00843256 0.030286 0.0754027 0.130552 0.15917 0.14307 0.108629 0.0865361 0.0749838 0.0608727 0.0442963 0.0305079 0.0202774 0.0125836 0.00706103 0.00348936 0.00147201 0.000513239
 3.71638e-11 1.74801e-09 5.69315e-08 1.28395e-06 2.00507e-05 0.00021682 0.00162354 0.00841865 0.030236 0.0752773 0.130329 0.158872 0.14272 0.108206 0.0860769 0.0747051 0.0610256 0.0448525 0.0311435 0.0207121 0.0127956 0.00716342 0.00355548 0.00151527 0.00053495
 3.70886e-11 1.74447e-09 5.68162e-08 1.28135e-06 2.00101e-05 0.000216381 0.00162025 0.00840163 0.030175 0.0751265 0.130076 0.158601 0.142597 0.108358 0.0864598 0.0750886 0.0611753 0.0447574 0.0309936 0.0206568 0.0128235 0.00720363 0.00357921 0.00152744 0.000541527
 3.73506e-11 1.7568e-09 5.72177e-08 1.2904e-06 2.01515e-05 0.00021791 0.0016317 0.00846096 0.0303878 0.0756536 0.13097 0.159602 0.143211 0.10823 0.0856634 0.0740791 0.0604205 0.0443921 0.0308614 0.0205907 0.0127759 0.00718089 0.00357607 0.00153045 0.000544046
 3.83927e-11 1.80581e-09 5.8814e-08 1.3264e-06 2.07137e-05 0.000223989 0.00167722 0.00869694 0.0312345 0.0777536 0.13455 0.163707 0.146062 0.108618 0.083782 0.071105 0.0575083 0.0420659 0.0291804 0.0194826 0.0121185 0.00682749 0.00340529 0.00145933 0.000519703
 3.75968e-11 1.76837e-09 5.75948e-08 1.29891e-06 2.02843e-05 0.000219346 0.00164246 0.00851674 0.0305882 0.0761535 0.131841 0.160692 0.144278 0.109192 0.086498 0.0745075 0.0600478 0.0432125 0.0293638 0.0193076 0.0119209 0.00670244 0.00334546 0.00143621 0.0005124
 3.63822e-11 1.71124e-09 5.57341e-08 1.25694e-06 1.9629e-05 0.00021226 0.0015894 0.00824167 0.0296011 0.0737045 0.127659 0.15587 0.140835 0.108479 0.0883339 0.0777313 0.0635408 0.0463412 0.0317776 0.0208417 0.0127029 0.00703363 0.0034722 0.0014828 0.000528356
 3.74265e-11 1.76036e-09 5.73339e-08 1.29302e-06 2.01924e-05 0.000218352 0.00163501 0.00847812 0.0304491 0.0758037 0.131211 0.15981 0.143127 0.107614 0.0845938 0.0730769 0.060085 0.0448389 0.0316735 0.0212832 0.0131503 0.00730078 0.00358129 0.00151356 0.000534263
#obs surv len freq
 2.69678e-11 1.26844e-09 4.13121e-08 9.31693e-07 1.45497e-05 0.000157335 0.00117813 0.00610927 0.021945 0.0546668 0.0948605 0.116654 0.10811 0.0891745 0.0806305 0.078263 0.0718063 0.0625756 0.0544398 0.0469816 0.0391057 0.0306888 0.0219631 0.0136633 0.00701081
 5.49374e-12 2.58399e-10 8.41589e-09 1.898e-07 2.96406e-06 3.20542e-05 0.000240082 0.00124618 0.00449383 0.0113667 0.0209006 0.0312438 0.0466952 0.0750731 0.109646 0.128535 0.123059 0.106316 0.0901917 0.0757971 0.061816 0.04787 0.0339189 0.020909 0.010647
 1.48594e-14 6.9893e-13 2.2766e-11 5.13632e-10 8.03367e-09 8.74124e-08 6.70592e-07 3.808e-06 1.83989e-05 9.25842e-05 0.000482622 0.00214233 0.00722142 0.0184002 0.0376568 0.0668522 0.105074 0.140179 0.154041 0.142608 0.117422 0.0892273 0.0619654 0.0376404 0.0189708
 5.33119e-11 2.50754e-09 8.16688e-08 1.84184e-06 2.87629e-05 0.000311029 0.00232892 0.0120752 0.0433531 0.107778 0.185537 0.221166 0.182566 0.104419 0.0416534 0.0125274 0.00532302 0.00690561 0.0110802 0.0147178 0.015689 0.0136445 0.0098931 0.00600774 0.00299279
 3.07009e-11 1.44402e-09 4.70309e-08 1.06067e-06 1.65639e-05 0.000179116 0.00134125 0.00695558 0.0249916 0.0623205 0.108581 0.135578 0.132061 0.121232 0.119908 0.1112 0.0803546 0.0422045 0.0171717 0.00817706 0.0072329 0.00750517 0.00644059 0.00431163 0.00223609
 4.07057e-11 1.9146e-09 6.23572e-08 1.40631e-06 2.19616e-05 0.000237483 0.00177825 0.00922055 0.0331117 0.0823917 0.142341 0.172082 0.150021 0.104374 0.0726814 0.0600238 0.0533767 0.0450349 0.0332504 0.0199741 0.00976549 0.00466351 0.0027919 0.00183687 0.00101957
 3.75612e-11 1.7667e-09 5.75402e-08 1.29768e-06 2.02651e-05 0.000219139 0.0016409 0.00850871 0.03056 0.0760871 0.131755 0.160722 0.144722 0.110327 0.0880423 0.0753506 0.0592008 0.0412579 0.0280475 0.0193492 0.0123896 0.00674199 0.00312523 0.00135165 0.000579976
 3.98712e-11 1.87535e-09 6.10788e-08 1.37748e-06 2.15114e-05 0.000232615 0.0017418 0.00903173 0.0324357 0.0807309 0.139616 0.169465 0.149894 0.108721 0.0805454 0.0666363 0.0538357 0.0396957 0.0274786 0.0180004 0.0109689 0.00613167 0.00304907 0.00129818 0.000468616
 3.52578e-11 1.65836e-09 5.40116e-08 1.2181e-06 1.90224e-05 0.0002057 0.00154028 0.00798709 0.0286882 0.0714443 0.123834 0.15162 0.138341 0.109338 0.0921858 0.0823994 0.0667672 0.0475468 0.0318879 0.0208069 0.0127705 0.00710498 0.00349805 0.00148505 0.000527818
 3.5734e-11 1.68075e-09 5.47411e-08 1.23455e-06 1.92793e-05 0.000208478 0.00156108 0.00809481 0.0290735 0.0723881 0.125362 0.152986 0.13799 0.105872 0.0860587 0.0766207 0.0647173 0.0497481 0.0359247 0.0242089 0.0147993 0.00812825 0.0039697 0.00167654 0.000591275
 3.70135e-11 1.74094e-09 5.67012e-08 1.27876e-06 1.99696e-05 0.000215943 0.00161697 0.00838458 0.0301134 0.0749688 0.129774 0.158096 0.141709 0.106795 0.0842518 0.0729758 0.0601758 0.0453204 0.0327734 0.0228924 0.0147774 0.00848862 0.00423194 0.00179019 0.000627531
 3.99819e-11 1.88055e-09 6.12484e-08 1.38131e-06 2.15711e-05 0.000233261 0.00174664 0.0090568 0.0325257 0.0809542 0.139998 0.169907 0.150211 0.108762 0.080217 0.0658391 0.052585 0.0384137 0.026858 0.0183019 0.0117722 0.00690446 0.00356771 0.00156266 0.000560413
 4.01187e-11 1.88699e-09 6.1458e-08 1.38603e-06 2.16449e-05 0.000234059 0.00175262 0.00908784 0.0326377 0.0812384 0.140526 0.170718 0.151473 0.11079 0.0829238 0.0682075 0.0533094 0.0371483 0.0244037 0.0157123 0.0096924 0.00554381 0.00284964 0.00126461 0.000464325
 3.76805e-11 1.77231e-09 5.7723e-08 1.3018e-06 2.03295e-05 0.000219835 0.00164612 0.00853574 0.0306569 0.0763278 0.132167 0.161201 0.145091 0.110535 0.0883504 0.0762621 0.0608682 0.0427429 0.027896 0.0174385 0.0102233 0.00551837 0.00270515 0.00116793 0.000425469
 3.94159e-11 1.85393e-09 6.03814e-08 1.36175e-06 2.12657e-05 0.000229959 0.00172192 0.00892865 0.032066 0.0798156 0.138066 0.16774 0.148871 0.109044 0.0820978 0.0686131 0.0554201 0.040661 0.028008 0.0181595 0.0107227 0.00566779 0.00266482 0.00109592 0.000383077
 3.70244e-11 1.74145e-09 5.67179e-08 1.27913e-06 1.99755e-05 0.000216007 0.00161745 0.00838714 0.0301236 0.0750039 0.1299 0.158561 0.143114 0.109871 0.0888479 0.0773284 0.0620524 0.0440094 0.0293841 0.0190432 0.0115619 0.00630959 0.00300836 0.0012235 0.000415103
 3.88969e-11 1.82952e-09 5.95864e-08 1.34382e-06 2.09857e-05 0.000226931 0.00169925 0.00881112 0.0316443 0.0787693 0.13628 0.16568 0.147402 0.108736 0.082843 0.0698552 0.0566361 0.0416468 0.0288037 0.0188544 0.0113412 0.00615224 0.00295764 0.00122091 0.000417588
 3.66116e-11 1.72203e-09 5.60855e-08 1.26487e-06 1.97528e-05 0.000213598 0.00159942 0.00829364 0.029788 0.0741699 0.128468 0.156872 0.141779 0.109258 0.0889071 0.0778646 0.0629434 0.0451375 0.0305356 0.0200074 0.0122611 0.00677169 0.00328281 0.00135959 0.000467102
 3.69083e-11 1.73599e-09 5.65401e-08 1.27512e-06 1.99129e-05 0.00021533 0.00161238 0.00836078 0.0300283 0.0747601 0.129434 0.157787 0.141769 0.107559 0.0857623 0.0748468 0.0617994 0.0461287 0.0324237 0.0215613 0.0131639 0.00724402 0.00353129 0.00147846 0.000513005
 3.80976e-11 1.79193e-09 5.83619e-08 1.31621e-06 2.05545e-05 0.000222268 0.00166433 0.00863011 0.0309947 0.0771573 0.133525 0.162492 0.145083 0.10812 0.0837211 0.0713536 0.0580232 0.0428416 0.0301285 0.020406 0.0128141 0.00721829 0.00356138 0.00149881 0.000522597
 3.70993e-11 1.74497e-09 5.68326e-08 1.28172e-06 2.00159e-05 0.000216444 0.00162072 0.00840407 0.030184 0.0751497 0.130123 0.158693 0.142787 0.108713 0.0869434 0.0754632 0.0611611 0.044327 0.0304138 0.0202263 0.0126443 0.00719298 0.00361593 0.0015514 0.000548842
 3.8106e-11 1.79232e-09 5.83747e-08 1.3165e-06 2.0559e-05 0.000222317 0.0016647 0.008632 0.0310016 0.0771751 0.13356 0.162556 0.14521 0.108366 0.0841086 0.0718162 0.0584143 0.0429782 0.0298807 0.0198542 0.0122435 0.00686077 0.00342698 0.00147736 0.000529015
 3.71353e-11 1.74667e-09 5.68878e-08 1.28296e-06 2.00353e-05 0.000216654 0.0016223 0.00841222 0.0302132 0.0752225 0.130249 0.158843 0.142915 0.108794 0.0869897 0.0754948 0.0611882 0.0443447 0.0303936 0.0201271 0.0124632 0.00699495 0.0034764 0.00148755 0.000530636
 3.85068e-11 1.81117e-09 5.89888e-08 1.33035e-06 2.07753e-05 0.000224655 0.00168221 0.00872277 0.0313273 0.0779826 0.134936 0.164128 0.146283 0.108466 0.0833173 0.0706294 0.0573228 0.0421818 0.0293473 0.0194997 0.0120021 0.00669143 0.00331449 0.00141548 0.000503475
 3.98321e-11 1.87351e-09 6.1019e-08 1.37613e-06 2.14903e-05 0.000232387 0.0017401 0.00902291 0.0324045 0.0806569 0.139514 0.169463 0.150277 0.109771 0.0821017 0.067844 0.0538028 0.0385219 0.026153 0.0172185 0.0106363 0.00596026 0.00295354 0.00125738 0.000445567
 3.7201e-11 1.74976e-09 5.69885e-08 1.28523e-06 2.00708e-05 0.000217037 0.00162517 0.00842715 0.0302673 0.0753611 0.130516 0.1593 0.143736 0.110252 0.0890202 0.0773341 0.0618503 0.0435271 0.0286408 0.0182323 0.0109561 0.00603458 0.00297024 0.00126334 0.000447618
 3.66766e-11 1.72509e-09 5.6185e-08 1.26711e-06 1.97878e-05 0.000213977 0.00160226 0.00830831 0.0298402 0.0742948 0.128651 0.156935 0.141336 0.107929 0.0868878 0.0762438 0.062908 0.0466797 0.0324408 0.0211998 0.0126438 0.00678582 0.00324904 0.00135454 0.000474633
 3.78953e-11 1.78241e-09 5.8052e-08 1.30922e-06 2.04453e-05 0.000221088 0.00165549 0.00858429 0.0308303 0.0767489 0.132825 0.161672 0.144457 0.107889 0.0838735 0.0717921 0.0586699 0.0435937 0.0308033 0.0208324 0.0129584 0.00717926 0.00346906 0.00143094 0.000492043
#pred catch len freq
 2.59098e-11 1.21867e-09 3.96914e-08 8.9514e-07 1.39789e-05 0.000151163 0.00113192 0.00586969 0.0210854 0.0525363 0.0912365 0.112539 0.105387 0.0891497 0.0830312 0.081511 0.0741363 0.0629554 0.0527229 0.0439066 0.0363748 0.0303675 0.0250239 0.0189078 0.0119601
 1.51393e-11 7.12081e-10 2.3192e-08 5.23038e-07 8.16803e-06 8.83271e-05 0.000661431 0.00343059 0.012333 0.0308222 0.0541642 0.0698106 0.074947 0.0829252 0.0990211 0.108605 0.101952 0.0870989 0.0726597 0.0594893 0.0472622 0.0366459 0.0275376 0.019137 0.0114003
 6.82458e-12 3.20996e-10 1.04546e-08 2.35778e-07 3.68204e-06 3.98173e-05 0.000298184 0.00154688 0.00556547 0.0139528 0.0248188 0.0333955 0.0402791 0.0532031 0.0740274 0.0942821 0.108284 0.115647 0.113183 0.0994056 0.0795134 0.0594461 0.0416946 0.0266727 0.0147399
 3.04442e-11 1.43195e-09 4.66377e-08 1.05179e-06 1.64253e-05 0.000177616 0.00132996 0.00689591 0.024761 0.0615873 0.106224 0.127594 0.108599 0.0700645 0.0426458 0.0351893 0.0410497 0.0528318 0.0640952 0.0689786 0.0645445 0.0523209 0.0368832 0.0225427 0.0116676
 4.45396e-11 2.09493e-09 6.82305e-08 1.53877e-06 2.403e-05 0.00025985 0.00194573 0.0100888 0.0362273 0.090123 0.155549 0.187338 0.160936 0.106361 0.064978 0.0436347 0.0300534 0.0200117 0.0156988 0.0162237 0.017646 0.0168212 0.0132476 0.008476 0.0043545
 3.44638e-11 1.62101e-09 5.27953e-08 1.19066e-06 1.8594e-05 0.000201068 0.00150561 0.00780741 0.0280449 0.0698639 0.121241 0.149131 0.138237 0.113584 0.100114 0.089816 0.0687838 0.0428841 0.0236552 0.0135565 0.00950547 0.0080623 0.00673371 0.00469711 0.00255565
 3.68223e-11 1.73195e-09 5.64084e-08 1.27215e-06 1.98665e-05 0.000214828 0.00160862 0.00834127 0.0299576 0.07458 0.129093 0.157233 0.140842 0.106049 0.0839556 0.0739539 0.063002 0.0488866 0.0345885 0.0216996 0.012004 0.00644918 0.00382869 0.0023848 0.00130681
 3.72591e-11 1.75249e-09 5.70774e-08 1.28724e-06 2.01021e-05 0.000217376 0.0016277 0.00844022 0.0303133 0.0754686 0.130652 0.159226 0.142908 0.108055 0.0855266 0.0738087 0.0599886 0.0441265 0.0311884 0.0214063 0.0134752 0.00745342 0.00366409 0.00168867 0.000743186
 3.53363e-11 1.66205e-09 5.4132e-08 1.22081e-06 1.90647e-05 0.000206158 0.00154371 0.00800482 0.0287513 0.0715961 0.12406 0.151722 0.137882 0.107873 0.0898459 0.0802113 0.0659171 0.0482414 0.0333576 0.0222942 0.0139992 0.00800282 0.00404411 0.00176502 0.0006621
 3.29397e-11 1.54933e-09 5.04606e-08 1.13801e-06 1.77717e-05 0.000192176 0.00143902 0.00746206 0.0268033 0.0667601 0.115782 0.142078 0.130667 0.105519 0.0920203 0.0851347 0.0720668 0.0546686 0.0391375 0.0266004 0.0166537 0.00942914 0.00474836 0.00206665 0.00075354
 3.41266e-11 1.60515e-09 5.22787e-08 1.17902e-06 1.8412e-05 0.0001991 0.00149086 0.00773077 0.0277668 0.0691435 0.119803 0.146484 0.133035 0.103995 0.0869115 0.0788953 0.0674406 0.052758 0.039382 0.0279015 0.0180879 0.0104797 0.00532483 0.00231416 0.000836293
 3.69017e-11 1.73568e-09 5.653e-08 1.27489e-06 1.99093e-05 0.000215291 0.00161209 0.00835925 0.0300222 0.0747409 0.129372 0.157573 0.141132 0.106138 0.0834846 0.0722381 0.0597077 0.045258 0.0331299 0.0236387 0.015794 0.00951461 0.00500546 0.00222743 0.00081409
 3.90215e-11 1.83539e-09 5.97773e-08 1.34813e-06 2.10529e-05 0.000227658 0.00170469 0.00883934 0.0317455 0.0790215 0.136716 0.166207 0.147853 0.108992 0.0827811 0.069215 0.0552102 0.0397751 0.0273889 0.0185822 0.0120861 0.00727246 0.00390125 0.00178728 0.000671687
 3.81382e-11 1.79384e-09 5.84242e-08 1.31761e-06 2.05764e-05 0.000222505 0.00166611 0.00863936 0.0310285 0.0772482 0.133727 0.162946 0.146153 0.11027 0.0868209 0.0741473 0.0589271 0.0414005 0.0272789 0.0174914 0.0107104 0.00611832 0.00318288 0.00144888 0.000550622
 3.78249e-11 1.7791e-09 5.79442e-08 1.30679e-06 2.04073e-05 0.000220677 0.00165242 0.0085684 0.0307737 0.0766145 0.132635 0.161639 0.145061 0.109646 0.0867001 0.0746076 0.06009 0.0430703 0.0288473 0.0184089 0.0109105 0.00590935 0.00289995 0.00125877 0.000464944
 3.80041e-11 1.78753e-09 5.82187e-08 1.31298e-06 2.0504e-05 0.000221722 0.00166025 0.00860896 0.0309191 0.076974 0.133239 0.162291 0.145375 0.109318 0.0857755 0.0735076 0.0593098 0.0428415 0.0290908 0.0188719 0.0113143 0.00610319 0.0029174 0.00121232 0.000426935
 3.75855e-11 1.76784e-09 5.75775e-08 1.29852e-06 2.02782e-05 0.00021928 0.00164196 0.00851418 0.0305791 0.076132 0.131812 0.160693 0.144394 0.109523 0.0870438 0.0751039 0.0604726 0.0433481 0.029216 0.0189424 0.0114425 0.00623879 0.00299863 0.00123694 0.000425932
 3.72379e-11 1.75149e-09 5.70451e-08 1.28651e-06 2.00907e-05 0.000217253 0.00162678 0.00843548 0.0302967 0.0754313 0.130615 0.159312 0.143404 0.109309 0.0875577 0.0760245 0.0614865 0.0442601 0.0299015 0.0193546 0.0116473 0.00634102 0.00305609 0.00126575 0.000435835
 3.63046e-11 1.7076e-09 5.56153e-08 1.25426e-06 1.95871e-05 0.000211808 0.00158601 0.00822411 0.0295381 0.0735482 0.127392 0.155561 0.140612 0.10843 0.088451 0.0779577 0.0638269 0.0466535 0.0320635 0.0210256 0.012738 0.00694819 0.00334738 0.00138592 0.000477498
 3.72324e-11 1.75123e-09 5.70365e-08 1.28632e-06 2.00877e-05 0.00021722 0.00162654 0.00843418 0.0302917 0.0754154 0.130564 0.159137 0.142894 0.108201 0.0859105 0.0744794 0.0608534 0.0447904 0.0311749 0.0207627 0.0127843 0.00707387 0.00344156 0.00143209 0.000494329
 3.66309e-11 1.72294e-09 5.61152e-08 1.26554e-06 1.97632e-05 0.000213711 0.00160026 0.008298 0.0298032 0.0742055 0.128512 0.156841 0.141485 0.108495 0.0877327 0.0767761 0.0625314 0.0455235 0.0313428 0.0208257 0.0129217 0.00725032 0.00358282 0.00151142 0.00052698
 3.66736e-11 1.72495e-09 5.61805e-08 1.26701e-06 1.97862e-05 0.00021396 0.00160213 0.00830764 0.0298377 0.0742896 0.128646 0.15695 0.141409 0.108091 0.0870575 0.076179 0.0623952 0.0458714 0.0318391 0.0211677 0.013075 0.00731934 0.00363278 0.0015482 0.000546575
 3.65307e-11 1.71823e-09 5.59616e-08 1.26207e-06 1.97091e-05 0.000213126 0.00159588 0.00827529 0.0297217 0.0740025 0.128161 0.156414 0.141107 0.108228 0.0875769 0.0767657 0.0627312 0.0459128 0.0317828 0.021176 0.0131437 0.00738302 0.00366826 0.00156543 0.000554994
 3.67506e-11 1.72857e-09 5.62985e-08 1.26967e-06 1.98278e-05 0.000214409 0.00160549 0.00832509 0.0299003 0.0744448 0.12891 0.157249 0.141604 0.108082 0.0868536 0.0758735 0.0620923 0.0456414 0.0317199 0.0211569 0.0131251 0.00737674 0.00367352 0.00157214 0.000558866
 3.78086e-11 1.77833e-09 5.79192e-08 1.30622e-06 2.03985e-05 0.000220581 0.0016517 0.00856466 0.0307599 0.0765767 0.132545 0.161416 0.144499 0.108476 0.084944 0.072854 0.059135 0.0432787 0.0300125 0.0200319 0.0124583 0.00701845 0.00350046 0.00150011 0.000534221
 3.70903e-11 1.74455e-09 5.68189e-08 1.28141e-06 2.0011e-05 0.000216391 0.00162033 0.00840204 0.0301767 0.0751331 0.130103 0.15871 0.142933 0.109092 0.0875391 0.0760543 0.0614678 0.044249 0.0300572 0.0197566 0.012196 0.00685669 0.00342237 0.00146922 0.000524174
 3.57691e-11 1.68241e-09 5.4795e-08 1.23576e-06 1.92982e-05 0.000208683 0.00156262 0.00810285 0.0291031 0.0724695 0.125556 0.153468 0.1392 0.108343 0.0895723 0.0795868 0.0652607 0.0476147 0.0326402 0.0214006 0.0130414 0.00722063 0.00356443 0.00152217 0.000542384
 3.66974e-11 1.72607e-09 5.6217e-08 1.26783e-06 1.9799e-05 0.000214099 0.00160317 0.00831301 0.0298568 0.0743347 0.128708 0.156947 0.141162 0.107407 0.0860004 0.0752234 0.0621099 0.0463814 0.032755 0.0220039 0.0135937 0.0075465 0.00370174 0.00156445 0.000552227
#obs catch len freq
 2.45113e-11 1.15289e-09 3.75489e-08 8.46824e-07 1.32244e-05 0.000143004 0.00107082 0.00555288 0.0199477 0.0497039 0.086335 0.106578 0.100088 0.0853396 0.0806248 0.0808748 0.076265 0.0682232 0.0602671 0.0521801 0.0435559 0.0344986 0.0249844 0.015678 0.00807556
 2.58028e-11 1.21364e-09 3.95275e-08 8.91444e-07 1.39212e-05 0.000150539 0.00112724 0.00584543 0.0209982 0.0523172 0.090845 0.112006 0.104731 0.0883005 0.08203 0.0807929 0.0744323 0.0648847 0.056421 0.0486714 0.0405024 0.0317804 0.0227424 0.0141475 0.0072591
 5.13015e-12 2.41298e-10 7.85892e-09 1.77239e-07 2.76789e-06 2.9933e-05 0.0002242 0.00116385 0.00419839 0.0106338 0.0196501 0.0298058 0.045682 0.0748938 0.110226 0.129469 0.12396 0.107031 0.0907379 0.0762216 0.0621457 0.048118 0.0340918 0.0210147 0.0107005
 1.38442e-14 6.51182e-13 2.12108e-11 4.78561e-10 7.48601e-09 8.14918e-08 6.26302e-07 3.57922e-06 1.759e-05 9.06956e-05 0.000480209 0.00214343 0.00723534 0.0184378 0.0377184 0.06692 0.105124 0.140196 0.154026 0.142568 0.117369 0.0891751 0.061924 0.0376134 0.0189568
 5.29829e-11 2.49206e-09 8.11648e-08 1.83047e-06 2.85854e-05 0.000309109 0.00231454 0.0120007 0.0430855 0.107113 0.184392 0.219801 0.18144 0.103781 0.0414225 0.0125381 0.00552053 0.00734266 0.0118112 0.01569 0.0167245 0.0145443 0.0105451 0.00640345 0.00318984
 2.96627e-11 1.39519e-09 4.54405e-08 1.0248e-06 1.60037e-05 0.000173059 0.0012959 0.0067205 0.0241483 0.0602313 0.105034 0.131582 0.129526 0.121516 0.122746 0.114945 0.0833092 0.0437886 0.0178133 0.00847136 0.00748399 0.00776352 0.00666198 0.00445977 0.00231289
 3.99098e-11 1.87716e-09 6.1138e-08 1.37882e-06 2.15322e-05 0.00023284 0.00174348 0.00904032 0.0324649 0.0807873 0.139603 0.16893 0.14779 0.103963 0.073969 0.062215 0.0556913 0.047033 0.0347169 0.0208494 0.0101913 0.0048654 0.00291189 0.00191557 0.00106321
 3.6704e-11 1.72638e-09 5.6227e-08 1.26806e-06 1.98026e-05 0.000214138 0.00160346 0.00831459 0.0298635 0.0743604 0.128815 0.157372 0.142466 0.110201 0.0898602 0.0779963 0.0615682 0.0429354 0.0291698 0.0201102 0.0128723 0.0070035 0.0032461 0.00140379 0.000602306
 3.90768e-11 1.83798e-09 5.98619e-08 1.35004e-06 2.10828e-05 0.00022798 0.0017071 0.00885184 0.0317903 0.0791305 0.136889 0.166348 0.147763 0.108518 0.0821135 0.0690138 0.0560677 0.0413755 0.028628 0.0187434 0.0114175 0.00638104 0.00317265 0.00135069 0.000487548
 3.45079e-11 1.62309e-09 5.28628e-08 1.19219e-06 1.86178e-05 0.000201325 0.00150753 0.00781727 0.028079 0.0699338 0.121262 0.148689 0.136363 0.109218 0.0937692 0.0847265 0.0688803 0.0490628 0.0328824 0.0214418 0.0131549 0.00731721 0.00360207 0.00152908 0.000543442
 3.50547e-11 1.64881e-09 5.37005e-08 1.21108e-06 1.89128e-05 0.000204515 0.00153141 0.00794099 0.0285216 0.0710194 0.123029 0.150317 0.136153 0.105664 0.0873489 0.0786078 0.0666118 0.0512107 0.036957 0.0248908 0.015211 0.00835253 0.00407868 0.00172242 0.000607426
 3.63878e-11 1.71151e-09 5.57427e-08 1.25714e-06 1.9632e-05 0.000212293 0.00158964 0.00824289 0.0296051 0.0737081 0.127625 0.155639 0.140024 0.106619 0.0854583 0.0748099 0.0618949 0.046622 0.0336908 0.0235188 0.0151763 0.00871604 0.00434481 0.0018378 0.00064419
 3.94038e-11 1.85337e-09 6.03629e-08 1.36134e-06 2.12592e-05 0.000229888 0.00172139 0.00892591 0.0320561 0.0797897 0.138014 0.167641 0.148666 0.108626 0.0813711 0.0675701 0.0541863 0.0395983 0.0276676 0.0188414 0.0121145 0.00710368 0.00367019 0.00160743 0.000576447
 3.95686e-11 1.86112e-09 6.06153e-08 1.36703e-06 2.13481e-05 0.00023085 0.00172859 0.00896327 0.0321908 0.0801304 0.13864 0.16857 0.150029 0.110719 0.0841098 0.0699362 0.0548649 0.0382456 0.025107 0.0161536 0.00996016 0.00569557 0.00292724 0.00129895 0.000476911
 3.70271e-11 1.74158e-09 5.6722e-08 1.27922e-06 1.99769e-05 0.000216022 0.00161757 0.00838776 0.030126 0.0750115 0.129926 0.158649 0.143376 0.110454 0.0897659 0.0783285 0.0627358 0.044067 0.0287411 0.0179548 0.0105215 0.00567791 0.00278293 0.0012014 0.000437642
 3.88605e-11 1.82781e-09 5.95306e-08 1.34257e-06 2.09661e-05 0.000226719 0.00169766 0.00880288 0.0316148 0.0786967 0.136161 0.165564 0.147393 0.108928 0.0832321 0.0703099 0.0569941 0.041826 0.0287911 0.0186557 0.0110115 0.00581909 0.00273555 0.0011249 0.000393187
 3.65127e-11 1.71738e-09 5.5934e-08 1.26145e-06 1.96994e-05 0.000213021 0.0015951 0.00827126 0.0297079 0.0739731 0.128146 0.156563 0.141771 0.109805 0.0899516 0.0789385 0.0635043 0.0450381 0.0300471 0.0194587 0.011809 0.00644295 0.00307152 0.00124908 0.000423762
 3.82786e-11 1.80044e-09 5.86392e-08 1.32246e-06 2.06521e-05 0.000223324 0.00167224 0.0086711 0.0311419 0.0775237 0.134158 0.163257 0.145752 0.108598 0.0840925 0.0717306 0.0583799 0.0429429 0.029681 0.0194169 0.0116751 0.00633195 0.00304361 0.00125629 0.000429668
 3.59644e-11 1.69159e-09 5.50941e-08 1.24251e-06 1.94036e-05 0.000209823 0.00157115 0.00814709 0.0292622 0.0728663 0.126249 0.154341 0.140068 0.109149 0.0902649 0.0798662 0.0647675 0.0464534 0.0314036 0.0205624 0.0125961 0.00695516 0.0033713 0.00139613 0.000479632
 3.62679e-11 1.70587e-09 5.5559e-08 1.253e-06 1.95673e-05 0.000211593 0.0015844 0.00821575 0.0295079 0.0734697 0.127236 0.155275 0.140053 0.107401 0.0870328 0.0767666 0.0635954 0.0474771 0.0333491 0.0221634 0.0135265 0.00744191 0.00362726 0.00151851 0.000526878
 3.74536e-11 1.76164e-09 5.73753e-08 1.29396e-06 2.0207e-05 0.000218511 0.0016362 0.00848427 0.0304714 0.0758598 0.131315 0.159966 0.143359 0.107965 0.0850022 0.073281 0.0598146 0.0441771 0.0310469 0.0210151 0.0131916 0.00742941 0.00366508 0.00154234 0.000537747
 3.65009e-11 1.71683e-09 5.5916e-08 1.26105e-06 1.96931e-05 0.000212953 0.00159459 0.00826856 0.0296978 0.0739442 0.12807 0.15635 0.141198 0.108597 0.0881765 0.0772928 0.0628381 0.045548 0.0312288 0.0207544 0.0129692 0.00737616 0.00370753 0.00159057 0.000562676
 3.74907e-11 1.76338e-09 5.74323e-08 1.29524e-06 2.02271e-05 0.000218727 0.00163782 0.00849268 0.0305017 0.0759357 0.131449 0.160145 0.143568 0.108226 0.0853467 0.0736737 0.060138 0.0442569 0.0307489 0.0204183 0.0125866 0.00705142 0.00352173 0.00151809 0.000543572
 3.65172e-11 1.71759e-09 5.59408e-08 1.26161e-06 1.97018e-05 0.000213047 0.00159529 0.00827224 0.029711 0.0739773 0.128128 0.156424 0.141274 0.108675 0.0882643 0.0773863 0.0629232 0.0456094 0.0312382 0.0206727 0.0127959 0.0071801 0.00356794 0.0015266 0.00054454
 3.79146e-11 1.78332e-09 5.80816e-08 1.30989e-06 2.04558e-05 0.0002212 0.00165634 0.00858867 0.0308461 0.0767897 0.132904 0.161807 0.144703 0.108331 0.0845098 0.0724182 0.0589829 0.0434133 0.0301835 0.0200428 0.0123317 0.0068736 0.00340426 0.0014537 0.000517044
 3.92924e-11 1.84812e-09 6.01922e-08 1.35749e-06 2.11991e-05 0.000229238 0.00171652 0.0089007 0.031966 0.0795698 0.137663 0.167351 0.148849 0.109676 0.0832278 0.0695073 0.055321 0.0396197 0.0268792 0.0176846 0.0109197 0.00611769 0.00303115 0.00129032 0.000457216
 3.65412e-11 1.71872e-09 5.59777e-08 1.26244e-06 1.97148e-05 0.000213188 0.00159635 0.00827773 0.0297312 0.074032 0.128254 0.156722 0.142003 0.110165 0.0904402 0.0794092 0.0637254 0.0448581 0.0294965 0.0187643 0.011271 0.00620652 0.00305444 0.00129904 0.000460246
 3.60312e-11 1.69473e-09 5.51964e-08 1.24482e-06 1.94396e-05 0.000210212 0.00157406 0.00816216 0.0293158 0.0729947 0.126436 0.154406 0.139613 0.107782 0.0881875 0.0781986 0.0647305 0.0480394 0.0333635 0.0217897 0.0129908 0.00697046 0.00333696 0.00139107 0.000487408
#spawning biomass
 80983.9 71945.5 61262.5 43742.8 44062.5 78897.1 112519 149518 205712 250304 236998 221106 213434 234860 243413 278326 275837 235955 264909 237371 263207 276578 259335 260701 278548 306785 299350 309600 367076 450554 309028 190075 114101 70990.8 48165.7 36592.7 30887.6 28127.2 26808.3 26183.6 25889.4 25751.4 25686.9 25656.8 25642.8 25636.3 25633.2 25631.8 25631.2 25630.9 25630.7 25630.7 25630.6 25630.6 25630.6 25630.6 25630.6 25630.6 25630.6 25630.6 25630.6 25630.6 25630.6 25630.6 25630.6 25630.6 25630.6 25630.6 25630.6 25630.6 25630.6 25630.6 25630.6 25630.6 25630.6 25630.6 25630.6 25630.6 25630.6 25630.6 25630.6 25630.6 25630.6 25630.6 25630.6 25630.6 25630.6 25630.6 25630.6 25630.6 25630.6 25630.6 25630.6 25630.6 25630.6 25630.6 25630.6 25630.6 25630.6 25630.6 25630.6 25630.6 25630.6 25630.6 25630.6 25630.6 25630.6 25630.6 25630.6 25630.6 25630.6 25630.6 25630.6 25630.6 25630.6 25630.6 25630.6 25630.6 25630.6 25630.6 25630.6 25630.6 25630.6 25630.6 25630.6 25630.6 25630.6 25630.6 0 0 0 0 0 0 0 0 0 0 0 0 0 0 0 0 0 0 0 0 0 0 0 0 0
