SBPRF35
0.175648
Curr Bio
95400.5
B35
210328
F35
0.72983
FOFL
0.363001
OFL
16795.9
Bzero
50185.1
#pred survey bio
 8646.74 7680.96 5186.57 5176.65 7190.13 12116.5 18236.7 27510.6 38307.9 52146.6 68824.6 78765 107749 163884 120354 111836 113776 124728 112722 106925 103968 110292 102343 113184 125436 137166 110347 110969 129795 5.04751e+06 3.6413e+06 2.23803e+06 1.32379e+06 868014 657165 559470 511977 487290 473636 465740 461047 458220 456505 455460 454813 454427 454196 454058 453975 453925 453895 453877 453866 453860 453856 453853 453852 453851 453851 453850 453850 453850 453850 453850 453850 453850 453850 453850 453850 453850 453850 453850 453850 453850 453850 453850 453850 453850 453850 453850 453850 453850 453850 453850 453850 453850 453850 453850 453850 453850 453850 453850 453850 453850 453850 453850 453850 453850 453850 453850 453850 453850 453850 453850 453850 453850 453850 453850 453850 453850 453850 453850 453850 453850 453850 453850 453850 453850 453850 453850 453850 453850 453850 453850 453850 453850 453850 453850 453850 0 0 0 0 0 0 0 0 0 0 0 0 0 0 0 0 0 0 0 0 0 0 0 0 0
#obs survey bio
 7041.44 5093.24 3418.14 8688.46 5834.76 12109.3 22329.4 20100.7 39939.1 48265.2 68997.1 59673.5 66678.4 155876 93200.5 70803.5 74677.3 143854 90849.9 81966.9 79883.1 89859.6 67742.3 83283.5 118314 141099 64849.8 104903 83432
#pred catch bio
 3543.39 4362.61 3089.87 2691.09 3484.86 6753.87 10140 17014 25125.2 34569.5 49145.6 56586.2 72607.7 134014 96008.5 91335.4 91024.4 103736 99271.9 96079 93287.8 98827.2 92774.8 104518 117459 130747 103561 103916 110567 16795.9 67789.2 38022.7 19596.1 11436.7 8269.94 7137.46 6754.15 6629.33 6589.8 6577.54 6573.79 6572.66 6572.32 6572.22 6572.19 6572.18 6572.18 6572.18 6572.18 6572.18 6572.18 6572.18 6572.18 6572.18 6572.18 6572.18 6572.18 6572.18 6572.18 6572.18 6572.18 6572.18 6572.18 6572.18 6572.18 6572.18 6572.18 6572.18 6572.18 6572.18 6572.18 6572.18 6572.18 6572.18 6572.18 6572.18 6572.18 6572.18 6572.18 6572.18 6572.18 6572.18 6572.18 6572.18 6572.18 6572.18 6572.18 6572.18 6572.18 6572.18 6572.18 6572.18 6572.18 6572.18 6572.18 6572.18 6572.18 6572.18 6572.18 6572.18 6572.18 6572.18 6572.18 6572.18 6572.18 6572.18 6572.18 6572.18 6572.18 6572.18 6572.18 6572.18 6572.18 6572.18 6572.18 6572.18 6572.18 6572.18 6572.18 6572.18 6572.18 6572.18 6572.18 6572.18 6572.18 6572.18 6572.18 6572.18 6572.18 0 0 0 0 0 0 0 0 0 0 0 0 0 0 0 0 0 0 0 0 0 0 0 0 0
#obs catch bio
 3960.54 4644.09 3534.76 2353.7 3210.14 6214.74 8885.56 15917.5 22849.8 31821.2 43410.5 51594.7 69674.4 130696 90334.3 87356 87604.4 83902.5 92247.3 94526.8 84227.9 91220.4 79083.1 93367.8 96652.3 113816 92856.6 79291.3 105459
#pred cpue bio
 6545.27 6095.62 3858.09 3168.41 4394.83 7073.03 10468.3 15843.5 21257.2 28067.5 37271.7 41873.8 53846.6 84098.6 62529.7 55972.5 53893.3 59795.1 53892 46172.8 43629.4 45804 43627.8 45966.6 49749.2 53492.1 43338 43565.3 50283.5 2.24921e+06 3.46162e+06 2.15249e+06 1.23888e+06 783105 572256 474561 427068 402381 388727 380830 376138 373310 371595 370551 369904 369518 369287 369148 369065 369016 368986 368968 368957 368951 368947 368944 368943 368942 368941 368941 368941 368941 368941 368941 368941 368941 368941 368941 368941 368941 368941 368941 368941 368941 368941 368941 368941 368941 368941 368941 368941 368941 368941 368941 368941 368941 368941 368941 368941 368941 368941 368941 368941 368941 368941 368941 368941 368941 368941 368941 368941 368941 368941 368941 368941 368941 368941 368941 368941 368941 368941 368941 368941 368941 368941 368941 368941 368941 368941 368941 368941 368941 368941 368941 368941 368941 368941 368941 368941 0 0 0 0 0 0 0 0 0 0 0 0 0 0 0 0 0 0 0 0 0 0 0 0 0
#obs cpue bio
 7807.84 6465.9 4273.71 4595.72 5933.53 10302.6 15675.2 23234.5 32958.2 39550.1 65416.7 74650.5 89545 115029 99109.4 103269 94449.9 136412 80371.8 63357.3 86850.1 77585.7 123747 95696.5 116407 91748.5 109141 140003 87865.3
#pred surv len freq
 1.59286e-11 1.72966e-09 1.10734e-07 4.17967e-06 9.30124e-05 0.00122035 0.00944063 0.0430745 0.116099 0.186329 0.18508 0.132994 0.0960615 0.0751166 0.052068 0.0332353 0.0216332 0.0141941 0.00951798 0.0067036 0.00506577 0.0041761 0.00357201 0.0027326 0.00158743
 1.31091e-11 1.42349e-09 9.11329e-08 3.43981e-06 7.65483e-05 0.00100436 0.00777037 0.0354697 0.0958221 0.155565 0.162915 0.13931 0.128812 0.111232 0.072842 0.0392228 0.0209908 0.011644 0.00659714 0.0038763 0.00242639 0.00168222 0.00127613 0.000926955 0.000535407
 1.50282e-11 1.63188e-09 1.04475e-07 3.94339e-06 8.77546e-05 0.00115138 0.00890734 0.0406487 0.109662 0.176819 0.179504 0.139249 0.11361 0.0937516 0.0629296 0.0359832 0.0194428 0.00960191 0.00439343 0.00203654 0.00100346 0.000544395 0.00033546 0.000215843 0.000118799
 1.89233e-11 2.05484e-09 1.31553e-07 4.96545e-06 0.000110499 0.00144977 0.0112151 0.0511634 0.137799 0.220327 0.214928 0.143873 0.0894875 0.0608436 0.0360938 0.0176059 0.0082497 0.0038984 0.00174899 0.000722627 0.000280228 0.000111163 4.98532e-05 2.53926e-05 1.24036e-05
 1.86681e-11 2.02713e-09 1.29779e-07 4.8985e-06 0.000109009 0.00143023 0.011064 0.0504764 0.135981 0.217684 0.213591 0.146291 0.095291 0.0660904 0.0373969 0.0156577 0.00566225 0.00207192 0.000767705 0.000282555 9.9837e-05 3.27402e-05 1.04604e-05 3.65576e-06 1.38538e-06
 1.94475e-11 2.11176e-09 1.35197e-07 5.10301e-06 0.00011356 0.00148993 0.0115257 0.0525792 0.141595 0.22626 0.220064 0.145522 0.0878801 0.0577781 0.0327028 0.0142873 0.0054473 0.0019253 0.000595112 0.000166535 4.5925e-05 1.25614e-05 3.27381e-06 8.16072e-07 2.08428e-07
 1.95958e-11 2.12787e-09 1.36228e-07 5.14192e-06 0.000114426 0.00150129 0.0116136 0.05298 0.142674 0.22798 0.221712 0.14652 0.0882065 0.0573225 0.0312654 0.0123692 0.00399068 0.00124279 0.000371731 0.000100602 2.39984e-05 5.06985e-06 9.96403e-07 1.87691e-07 3.37561e-08
 1.95341e-11 2.12117e-09 1.35799e-07 5.12573e-06 0.000114066 0.00149657 0.011577 0.0528136 0.14223 0.227304 0.221217 0.14663 0.0888776 0.0580695 0.0316939 0.0124778 0.00394117 0.00115415 0.000306817 7.18041e-05 1.53633e-05 2.97564e-06 4.99601e-07 7.21828e-08 9.28305e-09
 2.0038e-11 2.17589e-09 1.39302e-07 5.25796e-06 0.000117008 0.00153517 0.0118756 0.0541736 0.145865 0.232892 0.225605 0.146688 0.0849156 0.0531856 0.0282811 0.0106765 0.00309971 0.000823582 0.000204802 4.4944e-05 8.67779e-06 1.4663e-06 2.14907e-07 2.70708e-08 2.86012e-09
 2.04174e-11 2.21708e-09 1.4194e-07 5.35751e-06 0.000119223 0.00156424 0.0121004 0.0551974 0.148602 0.237101 0.228917 0.146757 0.081971 0.0495359 0.0257051 0.00928827 0.00243324 0.000554501 0.000120109 2.34465e-05 4.07193e-06 6.26482e-07 8.26578e-08 9.12833e-09 8.31252e-10
 2.03237e-11 2.20691e-09 1.41289e-07 5.33293e-06 0.000118676 0.00155706 0.0120449 0.0549448 0.147928 0.236077 0.228172 0.146938 0.0830006 0.0506387 0.0262595 0.00935438 0.00234986 0.000494499 9.67746e-05 1.66265e-05 2.46477e-06 3.24706e-07 3.75332e-08 3.69e-09 2.99023e-10
 2.05517e-11 2.23167e-09 1.42873e-07 5.39275e-06 0.000120008 0.00157452 0.0121799 0.05556 0.149572 0.2386 0.230135 0.146907 0.0811195 0.0483688 0.024736 0.00861688 0.00204095 0.00038432 6.69112e-05 1.04588e-05 1.3968e-06 1.61291e-07 1.59535e-08 1.32875e-09 9.23047e-11
 2.12959e-11 2.31248e-09 1.48047e-07 5.58803e-06 0.000124353 0.00163154 0.0126208 0.0575679 0.154934 0.246803 0.236384 0.146355 0.0742975 0.0405154 0.0199725 0.00685696 0.00159017 0.000286475 4.67953e-05 6.75622e-06 8.09789e-07 8.24985e-08 7.21374e-09 5.26701e-10 3.14366e-11
 2.0987e-11 2.27893e-09 1.45899e-07 5.50697e-06 0.000122549 0.00160787 0.0124378 0.0567345 0.152709 0.2434 0.233797 0.146602 0.0771568 0.0437936 0.0219422 0.00756206 0.00175459 0.00031561 5.12038e-05 7.25567e-06 8.35761e-07 7.96546e-08 6.34811e-09 4.12737e-10 2.16274e-11
 2.08161e-11 2.26038e-09 1.44712e-07 5.46214e-06 0.000121552 0.00159478 0.0123366 0.0562736 0.15148 0.241532 0.232438 0.146936 0.0790368 0.0457988 0.0229344 0.00766321 0.0016011 0.000221359 2.40888e-05 2.50069e-06 2.50042e-07 2.24213e-08 1.70842e-09 1.05112e-10 5.09743e-12
 2.12635e-11 2.30896e-09 1.47822e-07 5.57953e-06 0.000124164 0.00162905 0.0126016 0.0574806 0.154702 0.246458 0.236165 0.146525 0.0748167 0.041001 0.0201091 0.00672 0.00142772 0.000207129 2.4316e-05 2.54236e-06 2.16377e-07 1.42037e-08 7.79778e-10 3.87939e-11 1.69528e-12
 2.18556e-11 2.37326e-09 1.51938e-07 5.73491e-06 0.000127622 0.00167442 0.0129524 0.0590784 0.158969 0.252982 0.241124 0.146051 0.0693358 0.0347171 0.0163334 0.00536812 0.00111215 0.000150885 1.55814e-05 1.44528e-06 1.18525e-07 7.92036e-09 4.28306e-10 1.8503e-11 6.20261e-13
 2.17306e-11 2.35968e-09 1.51069e-07 5.7021e-06 0.000126892 0.00166484 0.0128784 0.058741 0.158068 0.251606 0.240082 0.146164 0.0705123 0.0360563 0.0171244 0.00563498 0.00116308 0.000155708 1.55634e-05 1.37045e-06 1.05029e-07 6.3781e-09 3.09408e-10 1.24444e-11 4.05397e-13
 2.17577e-11 2.36263e-09 1.51258e-07 5.70922e-06 0.00012705 0.00166692 0.0128944 0.0588142 0.158264 0.251905 0.240313 0.146154 0.0702789 0.0357797 0.0169455 0.0055559 0.0011342 0.000146705 1.35011e-05 1.06043e-06 7.46829e-08 4.29152e-09 1.96188e-10 7.30431e-12 2.16788e-13
 2.27205e-11 2.46717e-09 1.57951e-07 5.96184e-06 0.000132672 0.00174067 0.0134648 0.0614118 0.1652 0.262509 0.248356 0.145331 0.0612879 0.025512 0.0108336 0.00343605 0.000686689 8.43383e-05 6.73847e-06 4.08374e-07 2.22394e-08 1.07806e-09 4.31186e-11 1.42447e-12 3.85714e-14
 2.29595e-11 2.49313e-09 1.59613e-07 6.02457e-06 0.000134068 0.00175898 0.0136064 0.0620568 0.166922 0.265142 0.250354 0.145126 0.0590554 0.0229626 0.00931605 0.00290969 0.000575573 6.88561e-05 5.06279e-06 2.48066e-07 9.62002e-09 3.39367e-10 1.03773e-11 2.59823e-13 5.46048e-15
 2.30436e-11 2.50226e-09 1.60197e-07 6.04663e-06 0.000134559 0.00176542 0.0136562 0.0622836 0.167527 0.266068 0.251055 0.145053 0.0582681 0.0220646 0.00878311 0.00272678 0.000538335 6.42277e-05 4.68266e-06 2.23591e-07 8.1741e-09 2.63299e-10 7.05355e-12 1.41296e-13 2.14945e-15
 2.28294e-11 2.479e-09 1.58708e-07 5.99042e-06 0.000133308 0.00174902 0.0135293 0.0617056 0.165984 0.263709 0.249268 0.145241 0.0602761 0.0243539 0.0101405 0.00319112 0.000631752 7.53682e-05 5.48324e-06 2.60057e-07 9.36726e-09 2.95975e-10 7.77328e-12 1.50916e-13 2.15702e-15
 2.32189e-11 2.52129e-09 1.61415e-07 6.09262e-06 0.000135582 0.00177885 0.01376 0.0627564 0.16879 0.267998 0.252518 0.144899 0.0566257 0.0201918 0.00767242 0.00234648 0.00046158 5.4969e-05 3.99098e-06 1.88246e-07 6.70074e-09 2.087e-10 5.42157e-12 1.04127e-13 1.46412e-15
 2.33973e-11 2.54067e-09 1.62656e-07 6.13945e-06 0.000136624 0.00179252 0.0138658 0.0632379 0.170076 0.269963 0.254008 0.144743 0.054954 0.0182853 0.00654115 0.00195845 0.000382755 4.52464e-05 3.21189e-06 1.41152e-07 4.23034e-09 1.03167e-10 2.24924e-12 3.99899e-14 5.4296e-16
 2.35198e-11 2.55397e-09 1.63507e-07 6.17158e-06 0.000137339 0.0018019 0.0139383 0.0635684 0.170958 0.271312 0.25503 0.144636 0.0538063 0.0169766 0.00576504 0.00169272 0.000329128 3.87799e-05 2.7294e-06 1.16593e-07 3.21653e-09 6.63484e-11 1.19619e-12 1.82427e-14 2.09695e-16
 2.34689e-11 2.54845e-09 1.63154e-07 6.15824e-06 0.000137042 0.00179801 0.0139082 0.0634312 0.170592 0.270752 0.254606 0.144681 0.0542832 0.0175202 0.0060871 0.00180263 0.000351055 4.13156e-05 2.8919e-06 1.21158e-07 3.14177e-09 5.55859e-11 7.98489e-13 1.0135e-14 1.02313e-16
 2.34718e-11 2.54875e-09 1.63173e-07 6.15898e-06 0.000137059 0.00179822 0.0139098 0.0634388 0.170612 0.270783 0.254629 0.144678 0.0542567 0.01749 0.00606936 0.00179672 0.000349976 4.12339e-05 2.89774e-06 1.23107e-07 3.33804e-09 6.60539e-11 1.11856e-12 1.58404e-14 1.61444e-16
 2.3567e-11 2.55909e-09 1.63835e-07 6.18397e-06 0.000137615 0.00180552 0.0139663 0.0636957 0.171298 0.271832 0.255424 0.144595 0.0533638 0.0164722 0.00546593 0.00159041 0.000308553 3.63294e-05 2.5541e-06 1.08716e-07 2.96598e-09 5.95671e-11 1.03118e-12 1.49597e-14 1.58169e-16
#obs surv len freq
 3.92335e-11 3.79045e-09 2.15906e-07 7.25062e-06 0.000143558 0.00167582 0.011535 0.0468429 0.112563 0.162623 0.152729 0.122054 0.112482 0.10052 0.0733174 0.0474328 0.0287476 0.0156204 0.00742147 0.00300307 0.000983506 0.000246425 4.47888e-05 5.63158e-06 4.71245e-07
 2.49703e-11 2.32687e-09 1.27838e-07 4.14081e-06 7.90786e-05 0.00089047 0.00591527 0.0232412 0.0547634 0.082883 0.102977 0.142909 0.185842 0.171756 0.111317 0.0597101 0.0311991 0.0157141 0.00707465 0.00268628 0.000815412 0.000187718 3.11627e-05 3.56854e-06 2.71944e-07
 1.02322e-10 9.18078e-09 4.85654e-07 1.51465e-05 0.000278508 0.00301931 0.0192993 0.0727551 0.162003 0.214794 0.176798 0.108119 0.0726401 0.0587993 0.0463248 0.0326443 0.018921 0.00871122 0.00336412 0.00112635 0.000310941 6.55608e-05 9.93407e-06 1.03445e-06 7.15497e-08
 1.23477e-10 1.06499e-08 5.41554e-07 1.6236e-05 0.000286983 0.0029908 0.0183797 0.0666594 0.143303 0.18683 0.164291 0.132436 0.1191 0.0898903 0.0465418 0.0178498 0.00678756 0.00295206 0.00119102 0.000380634 9.3218e-05 1.72723e-05 2.33409e-06 2.19144e-07 1.37194e-08
 1.98912e-10 1.64664e-08 8.03667e-07 2.31256e-05 0.000392328 0.00392425 0.0231456 0.080551 0.165996 0.206348 0.169048 0.121046 0.0979484 0.0711416 0.037692 0.0152943 0.00530496 0.00159179 0.000420048 0.000104179 2.29252e-05 3.90178e-06 4.72759e-07 3.93057e-08 2.18545e-09
 2.75005e-10 2.18186e-08 1.02059e-06 2.8146e-05 0.00045764 0.00438718 0.0248015 0.0827569 0.163797 0.197281 0.16243 0.125429 0.107211 0.0757368 0.0369767 0.0132349 0.00404649 0.00111144 0.000256874 4.82629e-05 7.46264e-06 9.5373e-07 9.60598e-08 7.024e-09 3.48376e-10
 4.15692e-10 3.15655e-08 1.41316e-06 3.73001e-05 0.000580457 0.00532583 0.0288166 0.092038 0.174441 0.201598 0.160497 0.121244 0.100659 0.0682112 0.0317893 0.0107777 0.00305205 0.000751049 0.000151347 2.43031e-05 3.09431e-06 3.05258e-07 2.27432e-08 1.25409e-09 4.96904e-11
 5.78835e-10 4.20136e-08 1.79789e-06 4.53604e-05 0.000674735 0.00591773 0.0306096 0.0935081 0.169961 0.190838 0.154977 0.127409 0.109871 0.0721238 0.0314217 0.00961781 0.00239289 0.000521289 9.41633e-05 1.33992e-05 1.47506e-06 1.22637e-07 7.47703e-09 3.26153e-10 9.9669e-12
 9.08878e-10 6.29812e-08 2.57309e-06 6.1978e-05 0.000880166 0.00736981 0.0363938 0.106142 0.184168 0.197292 0.152458 0.118802 0.0974803 0.0615899 0.0264201 0.00826331 0.0021311 0.000458221 7.63321e-05 9.58947e-06 9.175e-07 6.61399e-08 3.4753e-09 1.28878e-10 3.28964e-12
 1.31644e-09 8.6993e-08 3.38927e-06 7.78516e-05 0.00105433 0.00841891 0.0396521 0.110361 0.183293 0.190643 0.149966 0.123985 0.10196 0.060551 0.0229755 0.00575859 0.00109018 0.000180637 2.63577e-05 3.11317e-06 2.79718e-07 1.83353e-08 8.50433e-10 2.73846e-11 6.029e-13
 1.93305e-09 1.21687e-07 4.51631e-06 9.88244e-05 0.00127494 0.00969844 0.0435202 0.115471 0.183365 0.184832 0.146701 0.125345 0.102187 0.0587807 0.0218471 0.0055649 0.00110269 0.000180823 2.30616e-05 2.16811e-06 1.5281e-07 8.27934e-09 3.37161e-10 9.80027e-12 1.94471e-13
 3.01527e-09 1.8064e-07 6.38032e-06 0.000132865 0.00163127 0.0118095 0.0504353 0.127391 0.192805 0.186178 0.143446 0.119374 0.0931969 0.0507714 0.0177301 0.00419333 0.000765304 0.000117402 1.44286e-05 1.32359e-06 8.85299e-08 4.26626e-09 1.45161e-10 3.43349e-12 5.60708e-14
 4.42839e-09 2.52245e-07 8.47107e-06 0.000167724 0.00195795 0.0134776 0.0547399 0.131614 0.190499 0.179524 0.14203 0.122687 0.094093 0.048861 0.016094 0.00355391 0.000597239 8.36588e-05 9.38531e-06 7.87005e-07 4.84244e-08 2.1735e-09 6.93811e-11 1.52451e-12 2.24973e-14
 5.34964e-09 2.89479e-07 9.23528e-06 0.000173711 0.00192649 0.0126003 0.0486671 0.111748 0.157705 0.157283 0.15234 0.154754 0.120532 0.0597361 0.0182957 0.00363385 0.000525233 6.23223e-05 6.07684e-06 4.52098e-07 2.47603e-08 9.90296e-10 2.83463e-11 5.63575e-13 7.59158e-15
 9.42027e-09 4.83878e-07 1.46537e-05 0.000261639 0.00275434 0.0170997 0.0626756 0.136405 0.181354 0.166459 0.143243 0.131471 0.0958392 0.0454038 0.0136796 0.00282448 0.000450595 5.80707e-05 5.61674e-06 3.80945e-07 1.80713e-08 6.1501e-10 1.50954e-11 2.61275e-13 3.09896e-15
 1.35067e-08 6.58112e-07 1.89055e-05 0.000320201 0.00319761 0.0188334 0.0655246 0.135723 0.173897 0.160804 0.147487 0.138499 0.0973806 0.0434896 0.0121703 0.00228441 0.000326227 3.85263e-05 3.5988e-06 2.4705e-07 1.21052e-08 4.17069e-10 9.85212e-12 1.55657e-13 1.62469e-15
 2.23761e-08 1.03358e-06 2.81479e-05 0.000451951 0.00427864 0.0238901 0.0787905 0.154654 0.187433 0.162771 0.138776 0.121755 0.0808986 0.0345921 0.00951873 0.00184257 0.0002812 3.43678e-05 3.10726e-06 1.97463e-07 8.85699e-09 2.839e-10 6.41802e-12 9.92556e-14 1.02112e-15
 3.04567e-08 1.33301e-06 3.43971e-05 0.000523311 0.00469445 0.0248425 0.0777315 0.145488 0.172032 0.15661 0.148637 0.134965 0.0870197 0.0356823 0.00955399 0.00185449 0.000289776 3.60743e-05 3.30578e-06 2.14251e-07 9.78003e-09 3.11292e-10 6.74403e-12 9.7288e-14 9.23896e-16
 4.43615e-08 1.83891e-06 4.49423e-05 0.000647592 0.00550238 0.0275844 0.0818383 0.145864 0.167305 0.155102 0.152749 0.136559 0.0839776 0.0326621 0.00833712 0.00155798 0.000235836 2.8469e-05 2.54338e-06 1.62445e-07 7.37063e-09 2.3374e-10 5.03772e-12 7.20203e-14 6.72241e-16
 7.2949e-08 2.86309e-06 6.62507e-05 0.000903854 0.00727125 0.0345131 0.096946 0.163563 0.177343 0.154632 0.14255 0.119646 0.0693858 0.0255943 0.00626022 0.00113508 0.000166872 1.93373e-05 1.64418e-06 9.98375e-08 4.31938e-09 1.31187e-10 2.72153e-12 3.76313e-14 3.40899e-16
 1.11231e-07 4.13237e-06 9.05135e-05 0.00116891 0.00890155 0.040001 0.106444 0.170634 0.177891 0.153244 0.139965 0.11281 0.0617428 0.0213317 0.00484284 0.000805971 0.000108638 1.16925e-05 9.35988e-07 5.38682e-08 2.20832e-09 6.33072e-11 1.23552e-12 1.60563e-14 1.36865e-16
 1.45753e-07 5.12488e-06 0.000106241 0.00129857 0.00936063 0.0398389 0.100679 0.15523 0.163509 0.156303 0.156393 0.12538 0.0653515 0.0212456 0.00450878 0.000695173 8.60338e-05 8.45885e-06 6.15916e-07 3.21378e-08 1.1978e-09 3.1494e-11 5.6891e-13 6.88114e-15 5.46903e-17
 2.54933e-07 8.48307e-06 0.000166427 0.0019251 0.0131319 0.0528768 0.126271 0.182903 0.176892 0.148827 0.131946 0.0977247 0.0482409 0.0152157 0.00326324 0.000530871 6.88658e-05 6.72346e-06 4.63111e-07 2.22244e-08 7.50853e-10 1.77909e-11 2.89321e-13 3.15528e-15 2.26927e-17
 3.31602e-07 1.04425e-05 0.000193884 0.00212252 0.0137049 0.0522753 0.118697 0.166258 0.165117 0.155987 0.149082 0.10834 0.0503574 0.0146141 0.00279661 0.000394779 4.51444e-05 4.10338e-06 2.76335e-07 1.32663e-08 4.45477e-10 1.02176e-11 1.56195e-13 1.56624e-15 1.02197e-17
 5.41396e-07 1.61357e-05 0.000283534 0.00293763 0.0179512 0.0647955 0.139148 0.183829 0.170407 0.147934 0.130659 0.0891061 0.0393662 0.011082 0.00213205 0.000311972 3.61705e-05 3.13123e-06 1.9084e-07 8.1258e-09 2.44573e-10 5.17385e-12 7.49709e-14 7.23177e-16 4.54282e-18
 5.90117e-07 1.6647e-05 0.000276877 0.00271552 0.0157158 0.0538487 0.110965 0.14728 0.156367 0.17118 0.167602 0.112416 0.0469028 0.0122511 0.00214631 0.000282349 2.98902e-05 2.44757e-06 1.45215e-07 6.0694e-09 1.76457e-10 3.49776e-12 4.62222e-14 4.01172e-16 2.26924e-18
 1.09977e-06 2.93676e-05 0.000462368 0.00429241 0.0235085 0.076137 0.147471 0.179644 0.164156 0.149338 0.129595 0.0814373 0.0330355 0.00886615 0.00172863 0.000263479 3.04509e-05 2.47691e-06 1.3734e-07 5.24425e-09 1.39837e-10 2.58369e-12 3.22864e-14 2.66321e-16 1.42445e-18
 1.39793e-06 3.53415e-05 0.000526793 0.00463048 0.0240208 0.0738192 0.13678 0.164701 0.161367 0.162536 0.143264 0.0860578 0.0325976 0.00802674 0.00141559 0.000197915 2.20489e-05 1.83005e-06 1.07752e-07 4.39422e-09 1.21256e-10 2.20926e-12 2.61369e-14 1.99413e-16 9.79069e-19
 1.41872e-06 3.39615e-05 0.000479355 0.00399092 0.0196337 0.0575512 0.104329 0.134421 0.162748 0.194846 0.175832 0.100986 0.0357 0.00802791 0.00125257 0.000151106 1.4574e-05 1.06502e-06 5.62426e-08 2.11437e-09 5.57616e-11 1.0036e-12 1.19654e-14 9.23235e-17 4.53377e-19
#pred catch len freq
 1.14019e-11 1.23811e-09 7.92649e-08 2.99185e-06 6.65796e-05 0.000873565 0.0067586 0.0308541 0.0833921 0.135702 0.143603 0.126704 0.122288 0.110604 0.0797422 0.0515061 0.0336959 0.0221457 0.0148551 0.0104631 0.00790678 0.00651816 0.00557528 0.00426512 0.0024777
 9.31887e-12 1.01192e-09 6.4784e-08 2.44528e-06 5.44166e-05 0.000713998 0.00552485 0.0252401 0.0684695 0.113439 0.129441 0.137544 0.15639 0.14575 0.0972488 0.0527064 0.0283195 0.0157364 0.00891937 0.00524107 0.00328068 0.00227451 0.00172544 0.00125332 0.000723914
 1.15946e-11 1.25903e-09 8.06043e-08 3.04241e-06 6.77048e-05 0.000888333 0.00687305 0.0313812 0.08488 0.138633 0.14907 0.137364 0.138244 0.125116 0.0859677 0.0494858 0.0268193 0.0132603 0.00606919 0.00281345 0.00138627 0.000752075 0.000463434 0.000298185 0.000164119
 1.60889e-11 1.74706e-09 1.11848e-07 4.22172e-06 9.39483e-05 0.00123264 0.00953588 0.0435143 0.117355 0.188915 0.190328 0.143756 0.112036 0.0882809 0.0547069 0.0269798 0.0126977 0.00601154 0.00269838 0.00111498 0.000432381 0.00017152 7.69215e-05 3.91797e-05 1.91382e-05
 1.55444e-11 1.68793e-09 1.08063e-07 4.07884e-06 9.07688e-05 0.00119093 0.0092134 0.0420474 0.113463 0.18317 0.186977 0.147538 0.12228 0.0979031 0.0577006 0.0244079 0.00887101 0.00325648 0.00120806 0.000444739 0.000157147 5.15344e-05 1.64651e-05 5.75431e-06 2.18065e-06
 1.70924e-11 1.85603e-09 1.18825e-07 4.48504e-06 9.98082e-05 0.00130952 0.0101305 0.0462242 0.124616 0.200222 0.199921 0.146249 0.107913 0.0815915 0.0481905 0.0212697 0.00814002 0.00288243 0.000891561 0.000249531 6.88138e-05 1.88219e-05 4.90544e-06 1.22279e-06 3.12306e-07
 1.73075e-11 1.87939e-09 1.2032e-07 4.54149e-06 0.000101064 0.001326 0.010258 0.0468057 0.126182 0.202721 0.20233 0.147749 0.108465 0.0809825 0.0460827 0.018414 0.00596315 0.00186147 0.000557356 0.000150876 3.59923e-05 7.60364e-06 1.49438e-06 2.81493e-07 5.06264e-08
 1.76026e-11 1.91143e-09 1.22372e-07 4.61892e-06 0.000102787 0.0013486 0.0104328 0.047602 0.12831 0.205986 0.20487 0.147703 0.106035 0.0780892 0.0442113 0.0175526 0.00555913 0.00163048 0.000433742 0.000101526 2.1723e-05 4.20738e-06 7.06402e-07 1.02061e-07 1.31256e-08
 1.85175e-11 2.01078e-09 1.28732e-07 4.85899e-06 0.00010813 0.00141869 0.0109748 0.050071 0.134908 0.21612 0.212782 0.147659 0.0986141 0.0690722 0.0380804 0.0144936 0.00421707 0.00112168 0.000279073 6.1251e-05 1.18264e-05 1.99829e-06 2.92876e-07 3.6892e-08 3.89776e-09
 1.90718e-11 2.07097e-09 1.32585e-07 5.00444e-06 0.000111366 0.00146116 0.0113032 0.0515669 0.138907 0.222267 0.21761 0.147726 0.0942613 0.063706 0.0343303 0.0125114 0.00328443 0.000749215 0.000162375 3.17028e-05 5.50584e-06 8.4708e-07 1.11762e-07 1.23424e-08 1.12394e-09
 1.92175e-11 2.08679e-09 1.33598e-07 5.04267e-06 0.000112217 0.00147232 0.0113895 0.0519602 0.139958 0.223884 0.218888 0.147768 0.093155 0.0623218 0.0333369 0.0119582 0.00300831 0.000633325 0.000123965 2.12988e-05 3.15732e-06 4.15928e-07 4.80768e-08 4.72654e-09 3.83019e-10
 1.95336e-11 2.12112e-09 1.35796e-07 5.12562e-06 0.000114063 0.00149654 0.0115768 0.0528132 0.142237 0.227382 0.221605 0.147709 0.0905229 0.0591587 0.0312316 0.0109579 0.00259922 0.00048962 8.52556e-05 1.33266e-05 1.77975e-06 2.05504e-07 2.03263e-08 1.69293e-09 1.17603e-10
 2.03083e-11 2.20524e-09 1.41182e-07 5.32889e-06 0.000118587 0.00155588 0.0120358 0.0549034 0.147819 0.235922 0.228113 0.147144 0.0834363 0.0509935 0.0262687 0.0091121 0.00211786 0.000381824 6.23995e-05 9.01102e-06 1.08008e-06 1.10033e-07 9.62113e-09 7.02465e-10 4.1927e-11
 2.05046e-11 2.22656e-09 1.42546e-07 5.38041e-06 0.000119733 0.00157092 0.0121521 0.0554331 0.149234 0.238085 0.229758 0.146988 0.0816217 0.0489121 0.025017 0.00866226 0.00201121 0.000361618 5.86316e-05 8.30516e-06 9.56501e-07 9.11548e-08 7.26432e-09 4.72297e-10 2.47481e-11
 2.02244e-11 2.19612e-09 1.40598e-07 5.30686e-06 0.000118096 0.00154945 0.011986 0.054677 0.147216 0.235015 0.227494 0.147443 0.0845649 0.0521109 0.0266904 0.00896441 0.00187478 0.000259188 2.81925e-05 2.92512e-06 2.92391e-07 2.62156e-08 1.99743e-09 1.2289e-10 5.95955e-12
 2.0821e-11 2.26092e-09 1.44746e-07 5.46343e-06 0.00012158 0.00159516 0.0123395 0.0562869 0.151515 0.241584 0.232467 0.1469 0.078944 0.0457165 0.0229193 0.00769866 0.00163714 0.000237473 2.7861e-05 2.91133e-06 2.47709e-07 1.62584e-08 8.92512e-10 4.44001e-11 1.94023e-12
 2.14578e-11 2.33006e-09 1.49172e-07 5.63051e-06 0.000125299 0.00164394 0.0127167 0.0580049 0.156102 0.2486 0.237801 0.146393 0.0730542 0.038962 0.0188583 0.00624151 0.00129486 0.00017568 1.81333e-05 1.68097e-06 1.37804e-07 9.20721e-09 4.97856e-10 2.15067e-11 7.20937e-13
 2.1405e-11 2.32433e-09 1.48806e-07 5.61666e-06 0.00012499 0.0016399 0.0126855 0.0578625 0.155722 0.24802 0.237362 0.146445 0.0735563 0.0395308 0.0191902 0.00634867 0.00131171 0.000175595 1.75409e-05 1.5434e-06 1.18227e-07 7.17814e-09 3.48185e-10 1.40032e-11 4.56166e-13
 2.157e-11 2.34225e-09 1.49953e-07 5.65997e-06 0.000125954 0.00165254 0.0127832 0.0583078 0.156911 0.249838 0.238746 0.146317 0.0720351 0.0377836 0.0181359 0.0059658 0.0012186 0.000157602 1.44946e-05 1.13733e-06 8.00395e-08 4.59786e-09 2.10165e-10 7.82415e-12 2.32209e-13
 2.26353e-11 2.45792e-09 1.57358e-07 5.93948e-06 0.000132174 0.00173414 0.0134143 0.0611819 0.164586 0.261571 0.247645 0.145405 0.0620862 0.0264224 0.0113738 0.00362128 0.000724272 8.89566e-05 7.10477e-06 4.30188e-07 2.34024e-08 1.13374e-09 4.5334e-11 1.49751e-12 4.0547e-14
 2.28863e-11 2.48518e-09 1.59104e-07 6.00536e-06 0.00013364 0.00175338 0.013563 0.0618593 0.166394 0.264336 0.249743 0.145191 0.0597416 0.0237449 0.00977996 0.00306846 0.000607567 7.26941e-05 5.34426e-06 2.61726e-07 1.01397e-08 3.57344e-10 1.09214e-11 2.7339e-13 5.7451e-15
 2.29738e-11 2.49468e-09 1.59712e-07 6.02832e-06 0.000134151 0.00176008 0.0136149 0.0620953 0.167025 0.2653 0.250473 0.145114 0.0589223 0.0228105 0.00922538 0.00287812 0.000568812 6.78753e-05 4.94807e-06 2.36161e-07 8.62571e-09 2.77565e-10 7.43153e-12 1.48834e-13 2.2639e-15
 2.27614e-11 2.47162e-09 1.58235e-07 5.97259e-06 0.000132911 0.00174381 0.013489 0.0615223 0.165495 0.262961 0.248701 0.145301 0.060913 0.0250801 0.0105711 0.00333844 0.000661414 7.89156e-05 5.74066e-06 2.72148e-07 9.79368e-09 3.09124e-10 8.11376e-12 1.57489e-13 2.25074e-15
 2.31863e-11 2.51776e-09 1.61189e-07 6.08408e-06 0.000135392 0.00177636 0.0137408 0.0626687 0.168556 0.26764 0.252247 0.144928 0.0569305 0.0205394 0.00787851 0.002417 0.000475773 5.66646e-05 4.11359e-06 1.93944e-07 6.89696e-09 2.14574e-10 5.57055e-12 1.06961e-13 1.50381e-15
 2.33805e-11 2.53885e-09 1.62539e-07 6.13504e-06 0.000136526 0.00179124 0.0138558 0.0631927 0.169955 0.269779 0.253868 0.144758 0.0551113 0.0184647 0.00664751 0.00199482 0.000390064 4.61142e-05 3.27333e-06 1.43818e-07 4.30741e-09 1.04925e-10 2.28528e-12 4.06111e-14 5.51292e-16
 2.35162e-11 2.55358e-09 1.63482e-07 6.17064e-06 0.000137318 0.00180163 0.0139362 0.0635587 0.170932 0.271273 0.255 0.144639 0.0538399 0.017015 0.00578776 0.00170049 0.000330688 3.89643e-05 2.74228e-06 1.17126e-07 3.22978e-09 6.65548e-11 1.19847e-12 1.82641e-14 2.09881e-16
 2.3455e-11 2.54694e-09 1.63057e-07 6.15459e-06 0.000136961 0.00179694 0.0138999 0.0633937 0.170491 0.270599 0.25449 0.144693 0.0544136 0.0176689 0.00617524 0.00183276 0.000357104 4.20316e-05 2.94201e-06 1.23249e-07 3.19522e-09 5.6494e-11 8.10599e-13 1.02784e-14 1.03711e-16
 2.34565e-11 2.54709e-09 1.63067e-07 6.15496e-06 0.000136969 0.00179705 0.0139008 0.0633975 0.170502 0.270615 0.254502 0.144692 0.0544 0.0176535 0.00616625 0.00182984 0.000356628 4.2022e-05 2.95309e-06 1.25443e-07 3.4001e-09 6.72217e-11 1.13701e-12 1.60894e-14 1.63933e-16
 2.34966e-11 2.55145e-09 1.63346e-07 6.1655e-06 0.000137204 0.00180013 0.0139246 0.0635059 0.170791 0.271057 0.254837 0.144657 0.0540234 0.0172242 0.00591176 0.00174285 0.00033917 3.9959e-05 2.80954e-06 1.1958e-07 3.26136e-09 6.54524e-11 1.13204e-12 1.64134e-14 1.73499e-16
#obs catch len freq
 3.07427e-11 2.97013e-09 1.6918e-07 5.68145e-06 0.00011249 0.00131317 0.00903968 0.0367281 0.0885 0.129707 0.12999 0.123352 0.133042 0.1248 0.0912722 0.0589966 0.0363805 0.0204666 0.0101172 0.00425957 0.00145475 0.000379972 7.15401e-05 9.23566e-06 7.87657e-07
 5.26521e-11 4.9064e-09 2.69556e-07 8.73122e-06 0.00016674 0.0018774 0.0124646 0.0488313 0.113291 0.158682 0.147185 0.121342 0.115677 0.102988 0.0743305 0.0478375 0.0287385 0.0154024 0.00718761 0.00283557 0.000897073 0.000215084 3.70806e-05 4.38991e-06 3.43896e-07
 3.37569e-11 3.02881e-09 1.60221e-07 4.99698e-06 9.18851e-05 0.000996273 0.00637324 0.0241298 0.0549745 0.0816831 0.103553 0.14759 0.189547 0.170411 0.108146 0.0576186 0.030003 0.0149426 0.00659906 0.00243794 0.000713665 0.000157018 2.47044e-05 2.66238e-06 1.89883e-07
 1.43994e-10 1.24195e-08 6.3154e-07 1.89338e-05 0.000334667 0.00348766 0.0214302 0.0776666 0.166319 0.212482 0.170123 0.104582 0.0729822 0.0598551 0.0468869 0.0325533 0.0184494 0.00831303 0.0031493 0.0010284 0.00027388 5.51421e-05 7.9124e-06 7.75028e-07 5.01572e-08
 1.76165e-10 1.45834e-08 7.11764e-07 2.04811e-05 0.000347465 0.00347556 0.020501 0.0713799 0.147458 0.185634 0.160738 0.131983 0.119338 0.087752 0.0440487 0.0166551 0.00638437 0.00276568 0.00108773 0.000336008 7.91678e-05 1.40157e-05 1.79472e-06 1.58515e-07 9.28432e-09
 2.8905e-10 2.2933e-08 1.07272e-06 2.95835e-05 0.000481011 0.0046112 0.0260668 0.0869579 0.171892 0.205684 0.164624 0.118781 0.0964986 0.0684322 0.0352474 0.0140237 0.00478344 0.0014081 0.000365909 8.90855e-05 1.89381e-05 3.07296e-06 3.52273e-07 2.75511e-08 1.43375e-09
 4.0636e-10 3.08569e-08 1.38144e-06 3.64627e-05 0.000567426 0.00520629 0.0281703 0.0899824 0.170632 0.197704 0.159103 0.123112 0.104145 0.0712141 0.033612 0.011758 0.00354223 0.000953574 0.000214511 3.91301e-05 5.86033e-06 7.20433e-07 6.9041e-08 4.75674e-09 2.20862e-10
 6.22257e-10 4.51653e-08 1.93276e-06 4.87632e-05 0.000725349 0.00636154 0.0329024 0.100468 0.182192 0.202225 0.156876 0.117944 0.0962703 0.0629498 0.028307 0.00935697 0.00260144 0.000625196 0.000122311 1.90139e-05 2.33322e-06 2.20537e-07 1.56525e-08 8.17047e-10 3.04366e-11
 8.75889e-10 6.06952e-08 2.47969e-06 5.97284e-05 0.00084822 0.00710239 0.035075 0.102323 0.177794 0.191792 0.152166 0.124215 0.104472 0.0658611 0.0275801 0.00819844 0.00199998 0.000425801 7.45943e-05 1.025e-05 1.08484e-06 8.62374e-08 5.00009e-09 2.06363e-10 5.93722e-12
 1.39662e-09 9.22918e-08 3.59571e-06 8.25935e-05 0.00111854 0.0089315 0.042062 0.117005 0.193777 0.198794 0.148747 0.113436 0.0900247 0.0545174 0.0225036 0.00684561 0.00172526 0.000359952 5.78283e-05 6.99607e-06 6.43018e-07 4.42973e-08 2.21178e-09 7.75553e-11 1.86369e-12
 2.03821e-09 1.28307e-07 4.76199e-06 0.0001042 0.00134429 0.0102258 0.0458824 0.12168 0.192744 0.192006 0.146451 0.11821 0.0935345 0.0529747 0.0191912 0.0046306 0.000854991 0.000138826 1.96916e-05 2.24178e-06 1.92926e-07 1.20476e-08 5.30049e-10 1.61293e-11 3.34326e-13
 3.02666e-09 1.81323e-07 6.40444e-06 0.000133367 0.00163744 0.0118541 0.0506252 0.127863 0.193457 0.186532 0.143058 0.118405 0.0923922 0.0506228 0.017986 0.00442151 0.000852575 0.000135535 1.66229e-05 1.49986e-06 1.01525e-07 5.26714e-09 2.04034e-10 5.60556e-12 1.04643e-13
 4.74506e-09 2.70283e-07 9.07682e-06 0.000179717 0.00209794 0.0144408 0.0586409 0.14086 0.202907 0.187097 0.138731 0.111177 0.0827792 0.042868 0.0142825 0.00325345 0.00057756 8.60366e-05 1.01793e-05 8.94549e-07 5.71626e-08 2.6222e-09 8.46099e-11 1.89205e-12 2.91246e-14
 7.05257e-09 3.81628e-07 1.21751e-05 0.000229005 0.00253963 0.0166074 0.0640804 0.146392 0.201445 0.180863 0.136807 0.112722 0.0820291 0.0404035 0.0126748 0.00269001 0.000438817 5.96188e-05 6.43372e-06 5.166e-07 3.03753e-08 1.29814e-09 3.92651e-11 8.14092e-13 1.12988e-14
 8.74415e-09 4.49148e-07 1.3602e-05 0.000242861 0.00255669 0.0158737 0.0582017 0.126888 0.170134 0.161464 0.148807 0.143246 0.105515 0.0494953 0.0143952 0.00273543 0.000382332 4.40213e-05 4.13529e-06 2.94577e-07 1.54081e-08 5.86704e-10 1.59169e-11 2.98669e-13 3.78404e-15
 1.52888e-08 7.4494e-07 2.13998e-05 0.000362444 0.00361938 0.0213149 0.0741108 0.153013 0.193015 0.168042 0.136829 0.118521 0.0815957 0.0366034 0.0105008 0.00208431 0.000321869 3.99513e-05 3.68907e-06 2.38112e-07 1.07563e-08 3.48438e-10 8.11375e-12 1.32648e-13 1.48043e-15
 2.21306e-08 1.02225e-06 2.78391e-05 0.000446994 0.00423172 0.0236285 0.0779341 0.153035 0.185827 0.162528 0.140346 0.123967 0.0821841 0.0346999 0.00922502 0.00166005 0.000229405 2.61808e-05 2.34363e-06 1.534e-07 7.14783e-09 2.33373e-10 5.20378e-12 7.73803e-14 7.5867e-16
 3.63748e-08 1.59203e-06 4.10808e-05 0.000624989 0.00560629 0.0296603 0.0926871 0.172369 0.197804 0.162151 0.129723 0.106795 0.0668592 0.027049 0.00708965 0.0013202 0.000194722 2.28462e-05 1.96816e-06 1.18945e-07 5.07406e-09 1.54372e-10 3.2987e-12 4.80209e-14 4.63535e-16
 5.045e-08 2.09129e-06 5.11104e-05 0.000736464 0.0062572 0.0313609 0.0929306 0.164652 0.183875 0.156818 0.138331 0.117423 0.0712824 0.0276667 0.00706718 0.00132182 0.000199478 2.38005e-05 2.07734e-06 1.27981e-07 5.5433e-09 1.66844e-10 3.40554e-12 4.61608e-14 4.11077e-16
 7.41511e-08 2.91027e-06 6.73424e-05 0.000918747 0.00739101 0.0350803 0.0985218 0.166078 0.179384 0.154638 0.140562 0.117215 0.0678235 0.0249637 0.00607946 0.00109455 0.00015989 1.84887e-05 1.5735e-06 9.55525e-08 4.11219e-09 1.23203e-10 2.499e-12 3.35242e-14 2.92961e-16
 1.20947e-07 4.49331e-06 9.84193e-05 0.001271 0.00967854 0.0434831 0.115585 0.184318 0.18782 0.151426 0.12789 0.0997487 0.0543711 0.0189783 0.00443025 0.000773632 0.000109558 1.21392e-05 9.82322e-07 5.66878e-08 2.32558e-09 6.67137e-11 1.30213e-12 1.68881e-14 1.43145e-16
 1.8459e-07 6.49044e-06 0.000134549 0.00164452 0.0118525 0.0504048 0.126889 0.192073 0.187531 0.148086 0.122966 0.0918518 0.0472009 0.0154145 0.00333435 0.000533588 6.92617e-05 7.13089e-06 5.4334e-07 2.97043e-08 1.15365e-09 3.12093e-11 5.72666e-13 6.97714e-15 5.5626e-17
 2.47317e-07 8.22967e-06 0.000161456 0.00186761 0.0127401 0.0513055 0.122596 0.178107 0.174318 0.15085 0.137038 0.102063 0.0499758 0.0153504 0.00310028 0.00045879 5.45834e-05 5.12677e-06 3.54935e-07 1.75834e-08 6.20973e-10 1.54136e-11 2.61815e-13 2.96824e-15 2.20559e-17
 4.22221e-07 1.32962e-05 0.000246865 0.00270239 0.0174449 0.0664646 0.150074 0.204817 0.183943 0.139304 0.110896 0.0758906 0.0351721 0.0104999 0.00214925 0.000335663 4.16614e-05 3.86511e-06 2.52277e-07 1.14714e-08 3.66821e-10 8.20074e-12 1.25376e-13 1.28158e-15 8.61807e-18
 5.63147e-07 1.6784e-05 0.000294925 0.00305561 0.0186714 0.0673807 0.144552 0.190075 0.173145 0.145116 0.124766 0.0840668 0.0366918 0.0100594 0.00183156 0.000247879 2.71941e-05 2.35748e-06 1.50744e-07 6.85375e-09 2.17271e-10 4.68762e-12 6.7208e-14 6.30753e-16 3.84528e-18
 9.03329e-07 2.54824e-05 0.000423817 0.00415609 0.0240365 0.0820883 0.166543 0.206414 0.174981 0.133578 0.105141 0.0662552 0.0274834 0.00732012 0.00134237 0.000188062 2.08017e-05 1.70812e-06 9.85581e-08 3.9736e-09 1.13108e-10 2.2552e-12 3.06791e-14 2.76923e-16 1.62373e-18
 1.04283e-06 2.78474e-05 0.000438434 0.00407032 0.0222947 0.0722452 0.140291 0.172787 0.163394 0.155957 0.138274 0.0863767 0.0338868 0.00836682 0.00139456 0.000175502 1.7748e-05 1.38094e-06 7.76122e-08 3.06732e-09 8.40949e-11 1.56674e-12 1.94058e-14 1.57545e-16 8.32106e-19
 1.85059e-06 4.67848e-05 0.000697346 0.00612881 0.0317735 0.0973521 0.177888 0.2019 0.165374 0.130008 0.100752 0.0587127 0.0224203 0.00570987 0.00106244 0.000154413 1.69188e-05 1.30019e-06 6.81079e-08 2.45804e-09 6.18571e-11 1.07511e-12 1.25944e-14 9.71195e-17 4.8455e-19
 2.44447e-06 5.85147e-05 0.000825848 0.00687297 0.0337494 0.0980676 0.170918 0.189451 0.161871 0.138984 0.109887 0.0613554 0.0218702 0.00510209 0.000857783 0.000114527 1.21368e-05 9.54534e-07 5.31294e-08 2.0425e-09 5.29568e-11 9.04047e-13 1.00025e-14 7.12706e-17 3.26339e-19
#spawning biomass
 7780.94 7059.1 4650.01 4335.62 6025.43 9998.76 14974.3 22614.1 31122.7 41969.9 55501.5 63159.9 84809 130013 95845.8 88071.3 88184.2 97004.6 87599.5 80796.7 77974.2 82494.6 77071.4 84175.1 92732.8 100982 81379.6 81830.3 95400.5 109898 167491 92727.8 48677.4 29185.4 21620.5 18915.2 17999.5 17701.3 17606.9 17577.6 17568.6 17565.9 17565.1 17564.9 17564.8 17564.8 17564.8 17564.8 17564.8 17564.8 17564.8 17564.8 17564.8 17564.8 17564.8 17564.8 17564.8 17564.8 17564.8 17564.8 17564.8 17564.8 17564.8 17564.8 17564.8 17564.8 17564.8 17564.8 17564.8 17564.8 17564.8 17564.8 17564.8 17564.8 17564.8 17564.8 17564.8 17564.8 17564.8 17564.8 17564.8 17564.8 17564.8 17564.8 17564.8 17564.8 17564.8 17564.8 17564.8 17564.8 17564.8 17564.8 17564.8 17564.8 17564.8 17564.8 17564.8 17564.8 17564.8 17564.8 17564.8 17564.8 17564.8 17564.8 17564.8 17564.8 17564.8 17564.8 17564.8 17564.8 17564.8 17564.8 17564.8 17564.8 17564.8 17564.8 17564.8 17564.8 17564.8 17564.8 17564.8 17564.8 17564.8 17564.8 17564.8 17564.8 17564.8 17564.8 17564.8 0 0 0 0 0 0 0 0 0 0 0 0 0 0 0 0 0 0 0 0 0 0 0 0 0
