SBPRF35
0.12583
Curr Bio
230284
B35
155389
F35
2.38325
FOFL
2.38325
OFL
131004
Bzero
35937.6
#pred survey bio
 11181.9 11787.3 13812.1 19184.1 24752.4 28835.6 33809.5 41082.4 43789.7 52009.8 65117.8 79189.7 101525 122292 122794 104540 96782.3 87679.8 92828.7 86991.8 83157 91192.2 93544.2 97050.4 109190 113722 102974 94658.9 112649 3.50125e+06 2.93208e+06 1.13843e+06 560630 379410 295211 250722 226562 213399 206244 202371 200283 199162 198562 198240 198068 197978 197930 197906 197893 197886 197882 197880 197879 197879 197879 197878 197878 197878 197878 197878 197878 197878 197878 197878 197878 197878 197878 197878 197878 197878 197878 197878 197878 197878 197878 197878 197878 197878 197878 197878 197878 197878 197878 197878 197878 197878 197878 197878 197878 197878 197878 197878 197878 197878 197878 197878 197878 197878 197878 197878 197878 197878 197878 197878 197878 197878 197878 197878 197878 197878 197878 197878 197878 197878 197878 197878 197878 197878 197878 197878 197878 197878 197878 197878 197878 197878 197878 197878 197878 0 0 0 0 0 0 0 0 0 0 0 0 0 0 0 0 0 0 0 0 0 0 0 0 0
#obs survey bio
 9260.93 13266.7 21947.4 22457.1 22892.5 24840.3 38659 33600.2 37230.7 46248.4 68792.8 63511.1 144468 130420 109731 102847 69401.7 60957.2 72286.9 102546 107701 79735.9 96671 95960.5 126138 129006 84801.6 101834 170426
#pred catch bio
 4385.15 5867.46 6670.4 9192.97 14209 17937.9 19904.6 28639.8 31831.4 39884.1 49128.7 59881 79478.4 93917.4 100698 89540.9 90437.6 78190.4 90383.1 85158 81521.3 91395.7 95124.8 97912.4 112129 121311 109822 94314 93176.6 131004 99216.6 18727.5 6838.28 5982.25 5928.51 5925.36 5925.18 5925.17 5925.17 5925.17 5925.17 5925.17 5925.17 5925.17 5925.17 5925.17 5925.17 5925.17 5925.17 5925.17 5925.17 5925.17 5925.17 5925.17 5925.17 5925.17 5925.17 5925.17 5925.17 5925.17 5925.17 5925.17 5925.17 5925.17 5925.17 5925.17 5925.17 5925.17 5925.17 5925.17 5925.17 5925.17 5925.17 5925.17 5925.17 5925.17 5925.17 5925.17 5925.17 5925.17 5925.17 5925.17 5925.17 5925.17 5925.17 5925.17 5925.17 5925.17 5925.17 5925.17 5925.17 5925.17 5925.17 5925.17 5925.17 5925.17 5925.17 5925.17 5925.17 5925.17 5925.17 5925.17 5925.17 5925.17 5925.17 5925.17 5925.17 5925.17 5925.17 5925.17 5925.17 5925.17 5925.17 5925.17 5925.17 5925.17 5925.17 5925.17 5925.17 5925.17 5925.17 5925.17 5925.17 5925.17 5925.17 5925.17 5925.17 5925.17 5925.17 0 0 0 0 0 0 0 0 0 0 0 0 0 0 0 0 0 0 0 0 0 0 0 0 0
#obs catch bio
 5422.02 6064.24 6696.7 9185.47 14609.9 18217.9 20009 28957.7 31999.5 39819.3 48733.3 60059.8 76547.4 90405 100329 91280 89796.8 78903.5 90805.1 85184.4 80622.8 89015 93914.3 94675.3 108041 119525 108871 93792.3 92417.2
#pred cpue bio
 10625.1 10925.5 12335.4 17503.9 22641.2 26092.1 30588.4 37367.4 39377.1 45453.3 57813.3 69840.3 88572.1 110035 112947 94317.9 86665.6 77483 81713.9 77356.7 71833.4 79305.3 81523.2 83271.2 94091.2 99118.5 90394.7 81430.9 95379.6 3.12149e+06 2.96975e+06 1.13891e+06 546626 364564 280312 235819 211660 198496 191342 187469 185381 184260 183659 183338 183165 183075 183028 183003 182990 182983 182980 182978 182977 182976 182976 182976 182976 182976 182976 182976 182976 182976 182976 182976 182976 182976 182976 182976 182976 182976 182976 182976 182976 182976 182976 182976 182976 182976 182976 182976 182976 182976 182976 182976 182976 182976 182976 182976 182976 182976 182976 182976 182976 182976 182976 182976 182976 182976 182976 182976 182976 182976 182976 182976 182976 182976 182976 182976 182976 182976 182976 182976 182976 182976 182976 182976 182976 182976 182976 182976 182976 182976 182976 182976 182976 182976 182976 182976 182976 0 0 0 0 0 0 0 0 0 0 0 0 0 0 0 0 0 0 0 0 0 0 0 0 0
#obs cpue bio
 6899.65 5478.67 9426.49 12419.3 15305.9 25216.2 27850.9 38948.3 49291.8 51360.8 54448.6 97002.9 143215 164497 95177.5 75209.9 133314 90951.2 90357.1 78944.2 68592.5 128840 103234 152638 135011 96103.3 124019 85212.5 78933
#pred surv len freq
 2.55927e-27 2.57782e-27 2.38466e-26 4.4907e-20 1.10084e-14 3.26199e-10 1.16839e-06 0.000505868 0.0264753 0.167491 0.128568 0.04246 0.232856 0.215157 0.0493909 0.0588894 0.0241286 0.0169953 0.0099659 0.0072731 0.00551606 0.00463599 0.00453368 0.0039562 0.00120078
 2.56136e-27 2.58393e-27 2.9592e-26 5.70287e-20 1.39799e-14 4.14249e-10 1.48377e-06 0.000642416 0.0336217 0.212701 0.163016 0.037869 0.173719 0.161628 0.0590137 0.09417 0.0326276 0.0145782 0.00640221 0.00351077 0.00214398 0.00152728 0.00131229 0.00113795 0.000377584
 2.56394e-27 2.59036e-27 3.47218e-26 6.78483e-20 1.66322e-14 4.92842e-10 1.76528e-06 0.000764297 0.0400006 0.253055 0.193885 0.0413075 0.178197 0.164614 0.0387692 0.0473432 0.0199206 0.0140776 0.00482395 0.00165716 0.000682945 0.000365685 0.000256513 0.00020698 7.08749e-05
 2.56231e-27 2.58579e-27 3.05453e-26 5.90371e-20 1.44722e-14 4.28838e-10 1.53603e-06 0.00066504 0.0348058 0.220192 0.168826 0.0435396 0.212789 0.196467 0.0432612 0.0493412 0.0170225 0.0076053 0.00341161 0.0014677 0.000373934 0.000118889 5.79968e-05 3.96254e-05 1.33613e-05
 2.56215e-27 2.58558e-27 3.05473e-26 5.90421e-20 1.44735e-14 4.28875e-10 1.53616e-06 0.000665097 0.0348088 0.22021 0.168814 0.0418606 0.200022 0.185102 0.0488064 0.0648579 0.021851 0.00870101 0.00286795 0.000989972 0.000337051 7.44127e-05 1.86788e-05 8.93767e-06 2.79736e-06
 2.56291e-27 2.58749e-27 3.20851e-26 6.22856e-20 1.52686e-14 4.52435e-10 1.62055e-06 0.000701634 0.036721 0.232308 0.178065 0.0427096 0.199983 0.184733 0.0427029 0.051068 0.018249 0.00888233 0.00283249 0.000791614 0.000193418 4.7596e-05 7.96214e-06 1.84329e-06 4.72495e-07
 2.56288e-27 2.58727e-27 3.17731e-26 6.16271e-20 1.51071e-14 4.47652e-10 1.60341e-06 0.000694217 0.0363328 0.229852 0.176206 0.0437227 0.208999 0.192891 0.0412278 0.0455695 0.0153442 0.00616687 0.00213503 0.000684481 0.000143837 2.5826e-05 4.0184e-06 4.86259e-07 7.44969e-08
 2.56251e-27 2.58633e-27 3.10131e-26 6.00239e-20 1.47141e-14 4.36006e-10 1.5617e-06 0.000676157 0.0353876 0.223872 0.171634 0.0433727 0.209547 0.193549 0.0441065 0.0519568 0.0170853 0.00617662 0.00192659 0.000551016 0.000131634 2.19499e-05 2.53377e-06 2.25704e-07 1.67744e-08
 2.56327e-27 2.58827e-27 3.25962e-26 6.33631e-20 1.55327e-14 4.60262e-10 1.64858e-06 0.000713772 0.0373563 0.236327 0.181154 0.0439764 0.207453 0.19137 0.0392666 0.0414563 0.013741 0.00515407 0.00154327 0.00039057 8.12268e-05 1.40819e-05 1.53693e-06 1.00179e-07 4.33303e-09
 2.56502e-27 2.59291e-27 3.66159e-26 7.18428e-20 1.76114e-14 5.21857e-10 1.8692e-06 0.000809294 0.0423555 0.267953 0.205296 0.0435278 0.187077 0.17242 0.0332531 0.0324674 0.0103362 0.00323588 0.000964823 0.000247443 4.66414e-05 7.00112e-06 7.49321e-07 4.44887e-08 1.31623e-09
 2.564e-27 2.59002e-27 3.39236e-26 6.61626e-20 1.6219e-14 4.80597e-10 1.72142e-06 0.000745308 0.0390067 0.246768 0.189149 0.0454056 0.212712 0.195838 0.0330949 0.0261905 0.00811174 0.00220912 0.000604426 0.000133982 2.51854e-05 3.53333e-06 3.27553e-07 1.84066e-08 4.6842e-10
 2.56444e-27 2.5913e-27 3.51373e-26 6.87234e-20 1.68467e-14 4.99198e-10 1.78804e-06 0.000774155 0.0405165 0.256319 0.196425 0.0443424 0.199509 0.183835 0.0342579 0.0318458 0.00953731 0.00201333 0.00050659 9.76262e-05 1.58919e-05 2.07586e-06 1.80424e-07 8.87112e-09 2.0753e-10
 2.56506e-27 2.59296e-27 3.65733e-26 7.17526e-20 1.75893e-14 5.21202e-10 1.86686e-06 0.000808278 0.0423023 0.267617 0.20505 0.0442191 0.192511 0.177294 0.0315831 0.0274073 0.00842735 0.00216134 0.000525311 8.01325e-05 1.1295e-05 1.25276e-06 9.74018e-08 4.41319e-09 9.12471e-11
 2.56313e-27 2.58765e-27 3.18135e-26 6.17111e-20 1.51277e-14 4.48262e-10 1.6056e-06 0.000695162 0.0363823 0.230165 0.176483 0.0461325 0.227143 0.209142 0.0352395 0.0277195 0.00837787 0.00193497 0.000486197 8.60166e-05 1.06962e-05 9.53416e-07 6.16954e-08 2.44671e-09 4.58417e-11
 2.56161e-27 2.58367e-27 2.84393e-26 5.45935e-20 1.33829e-14 3.96561e-10 1.42041e-06 0.000614985 0.0321861 0.203619 0.156208 0.0458593 0.239309 0.220683 0.0429757 0.0424493 0.0127025 0.00263979 0.000633295 0.00010389 1.40746e-05 1.25974e-06 6.5152e-08 2.09344e-09 3.38739e-11
 2.563e-27 2.58747e-27 3.18156e-26 6.17161e-20 1.5129e-14 4.48298e-10 1.60573e-06 0.000695219 0.0363853 0.230184 0.176476 0.0447861 0.216901 0.2 0.039208 0.0390914 0.0121196 0.00323231 0.000786864 0.000116604 1.46719e-05 1.32184e-06 7.06702e-08 1.8801e-09 2.42762e-11
 2.56346e-27 2.58855e-27 3.26304e-26 6.34345e-20 1.55502e-14 4.60781e-10 1.65044e-06 0.000714577 0.0373984 0.236593 0.181385 0.0457292 0.220629 0.203162 0.0347198 0.0280504 0.00864199 0.00226732 0.000586852 0.000106936 1.31531e-05 1.07418e-06 5.58818e-08 1.50868e-09 1.66554e-11
 2.56424e-27 2.5906e-27 3.43528e-26 6.70678e-20 1.64409e-14 4.87172e-10 1.74497e-06 0.000755504 0.0395404 0.250144 0.191735 0.0459469 0.215014 0.19782 0.0308842 0.0206257 0.00605956 0.00113802 0.000276217 5.03425e-05 7.09448e-06 6.39787e-07 3.06897e-08 7.90254e-10 8.65115e-12
 2.56448e-27 2.59128e-27 3.49773e-26 6.83852e-20 1.67638e-14 4.96741e-10 1.77924e-06 0.000770345 0.0403171 0.255057 0.195481 0.0455615 0.209449 0.192738 0.0309485 0.0220443 0.00637555 0.00100542 0.00021628 2.94285e-05 3.89696e-06 3.80035e-07 2.06855e-08 5.139e-10 5.32073e-12
 2.56383e-27 2.5894e-27 3.32288e-26 6.46963e-20 1.58595e-14 4.69946e-10 1.68327e-06 0.00072879 0.0381422 0.241299 0.184996 0.0468641 0.226729 0.208496 0.0303358 0.0166828 0.00479609 0.000752467 0.000156388 1.77415e-05 1.86255e-06 1.48818e-07 8.38955e-09 2.33309e-10 2.41528e-12
 2.56552e-27 2.59405e-27 3.73834e-26 7.3461e-20 1.80081e-14 5.33612e-10 1.91131e-06 0.000827523 0.0433096 0.273989 0.209932 0.045244 0.19688 0.181044 0.0271542 0.0163322 0.00460974 0.000556006 0.00010637 1.18903e-05 1.13223e-06 7.08588e-08 3.13395e-09 8.53711e-11 9.68365e-13
 2.56513e-27 2.59292e-27 3.63353e-26 7.12498e-20 1.7466e-14 5.1755e-10 1.85378e-06 0.000802614 0.0420059 0.265742 0.203647 0.0459993 0.207044 0.190315 0.0268317 0.0132673 0.00374929 0.000492612 9.33766e-05 8.23763e-06 7.15638e-07 4.19674e-08 1.49259e-09 3.13673e-11 3.33396e-13
 2.56501e-27 2.59259e-27 3.6037e-26 7.06204e-20 1.73117e-14 5.12978e-10 1.8374e-06 0.000795524 0.0416348 0.263394 0.201856 0.0461223 0.209238 0.192335 0.027087 0.0133378 0.00371889 0.000400392 7.12069e-05 6.70905e-06 5.38655e-07 2.57069e-08 8.36058e-10 1.45112e-11 1.192e-13
 2.56585e-27 2.59489e-27 3.80793e-26 7.49288e-20 1.83679e-14 5.44273e-10 1.9495e-06 0.000844057 0.0441749 0.279463 0.214115 0.0454526 0.195528 0.179695 0.0250698 0.0119208 0.00331719 0.000350873 6.03495e-05 4.75535e-06 3.63367e-07 1.74431e-08 4.77697e-10 7.14787e-12 4.91559e-14
 2.56562e-27 2.59424e-27 3.74852e-26 7.36754e-20 1.80606e-14 5.35169e-10 1.91688e-06 0.000829938 0.043436 0.274788 0.210551 0.0457605 0.200376 0.184138 0.0252907 0.0113065 0.00313682 0.000325199 5.53238e-05 4.2685e-06 3.00439e-07 1.24023e-08 3.32509e-10 4.43489e-12 2.56486e-14
 2.56499e-27 2.59251e-27 3.59433e-26 7.04227e-20 1.72633e-14 5.11541e-10 1.83226e-06 0.000793297 0.0415183 0.262656 0.201297 0.0463637 0.211468 0.19434 0.0265076 0.0115121 0.00317909 0.000308207 5.06505e-05 3.82938e-06 2.6485e-07 1.03762e-08 2.43462e-10 2.99103e-12 1.58582e-14
 2.56457e-27 2.59136e-27 3.4901e-26 6.82237e-20 1.67242e-14 4.95569e-10 1.77504e-06 0.000768526 0.0402219 0.254455 0.195042 0.0468568 0.219615 0.201815 0.027051 0.0108698 0.00298443 0.000271965 4.29316e-05 3.04335e-06 2.01749e-07 7.71482e-09 1.74068e-10 1.91928e-12 9.1146e-15
 2.5657e-27 2.59446e-27 3.76713e-26 7.40679e-20 1.81569e-14 5.3802e-10 1.9271e-06 0.00083436 0.0436674 0.276252 0.211669 0.0457781 0.199724 0.183519 0.0248738 0.0105107 0.00288218 0.000247168 3.74275e-05 2.50222e-06 1.56618e-07 5.59757e-09 1.21766e-10 1.29349e-12 5.63111e-15
 2.56653e-27 2.59674e-27 3.97323e-26 7.84161e-20 1.92228e-14 5.69605e-10 2.04023e-06 0.000883341 0.0462309 0.29247 0.224037 0.0448557 0.184015 0.169095 0.0236298 0.011305 0.00312786 0.000297397 4.74738e-05 3.01573e-06 1.78811e-07 5.96114e-09 1.21099e-10 1.21726e-12 5.09468e-15
#obs surv len freq
 1.08581e-41 1.50703e-33 2.52835e-26 5.12744e-20 1.25693e-14 3.72452e-10 1.33406e-06 0.000577603 0.0302294 0.191241 0.146739 0.0401654 0.173223 0.146588 0.103859 0.101756 0.0440608 0.0172095 0.00385103 0.00047582 2.39942e-05 3.60612e-07 1.21582e-09 7.47405e-13 7.32341e-17
 1.60429e-41 2.22665e-33 3.73567e-26 7.57587e-20 1.85714e-14 5.50303e-10 1.9711e-06 0.000853417 0.0446644 0.28256 0.216486 0.04069 0.126692 0.102242 0.0759269 0.0686329 0.0287394 0.0102307 0.00205226 0.000218388 9.00537e-06 1.04374e-07 2.60062e-10 1.15366e-13 8.05603e-18
 1.53521e-41 2.13077e-33 3.57481e-26 7.24964e-20 1.77716e-14 5.26606e-10 1.88622e-06 0.000816667 0.0427411 0.270394 0.207426 0.05005 0.177026 0.129023 0.0564809 0.0425473 0.0169881 0.00545168 0.000964642 8.64429e-05 2.8705e-06 2.56025e-08 4.72608e-11 1.5149e-14 7.53882e-19
 1.07587e-41 1.49324e-33 2.50522e-26 5.08054e-20 1.24544e-14 3.69045e-10 1.32186e-06 0.00057232 0.0299529 0.189493 0.145879 0.0563664 0.229617 0.162765 0.0984397 0.0662343 0.0161143 0.00391814 0.00060037 4.45526e-05 1.16856e-06 7.93018e-09 1.08316e-11 2.51675e-15 8.9535e-20
 1.50262e-41 2.08553e-33 3.49891e-26 7.09572e-20 1.73943e-14 5.15426e-10 1.84617e-06 0.000799328 0.0418337 0.264653 0.203076 0.0472557 0.142394 0.10424 0.103821 0.0689969 0.0190258 0.00355257 0.000330949 1.85557e-05 3.76885e-07 1.91741e-09 1.92094e-12 3.22876e-16 8.22812e-21
 1.20024e-41 1.66585e-33 2.7948e-26 5.66781e-20 1.3894e-14 4.11704e-10 1.47466e-06 0.000638475 0.0334152 0.211398 0.162964 0.0648905 0.230797 0.143832 0.078687 0.0500198 0.0192601 0.00378507 0.000299935 1.03036e-05 1.39407e-07 5.1497e-10 3.73995e-13 4.51376e-17 8.21038e-22
 1.37789e-41 1.91242e-33 3.20848e-26 6.50674e-20 1.59505e-14 4.72642e-10 1.69293e-06 0.00073298 0.0383612 0.242688 0.186739 0.0580126 0.175376 0.116636 0.109339 0.0566646 0.0127427 0.00247694 0.000222282 6.40822e-06 5.48043e-08 1.26467e-10 6.27243e-14 5.34251e-18 6.8832e-23
 1.1959e-41 1.65983e-33 2.7847e-26 5.64732e-20 1.38438e-14 4.10216e-10 1.46933e-06 0.000636167 0.0332945 0.210636 0.162831 0.0723127 0.227389 0.133379 0.0936356 0.0491567 0.0145578 0.00203222 0.000133056 3.74327e-06 2.68657e-08 4.12099e-11 1.26096e-14 6.93761e-19 6.07425e-24
 1.51162e-41 2.09803e-33 3.51988e-26 7.13825e-20 1.74986e-14 5.18515e-10 1.85724e-06 0.000804119 0.0420844 0.266243 0.205109 0.0643333 0.166762 0.104088 0.0968174 0.0425635 0.00971534 0.00139487 8.10745e-05 1.60895e-06 9.51659e-09 1.1976e-11 2.61783e-15 9.29459e-20 5.14741e-25
 1.52171e-41 2.11203e-33 3.54337e-26 7.18589e-20 1.76154e-14 5.21975e-10 1.86963e-06 0.000809485 0.0423652 0.268023 0.207091 0.0779958 0.19843 0.103526 0.0657832 0.0281874 0.00696459 0.000782975 3.77783e-05 6.37477e-07 2.73055e-09 2.54058e-12 4.31945e-16 1.15335e-20 4.47934e-26
 1.09839e-41 1.52449e-33 2.55764e-26 5.18685e-20 1.2715e-14 3.76767e-10 1.34952e-06 0.000584295 0.0305797 0.193471 0.151239 0.0972978 0.258402 0.136036 0.0948602 0.0315673 0.00538443 0.000554145 2.26992e-05 2.93932e-07 9.86767e-10 6.75534e-13 8.13964e-17 1.57898e-21 4.55567e-27
 1.66971e-41 2.31744e-33 3.88799e-26 7.88476e-20 1.93286e-14 5.72741e-10 2.05146e-06 0.000888213 0.0464855 0.294092 0.227064 0.0713093 0.144717 0.093727 0.0888646 0.0280911 0.00443049 0.000319481 9.59585e-06 9.95258e-08 2.5087e-10 1.27092e-13 1.12242e-17 1.5514e-22 3.1467e-28
 1.33694e-41 1.85559e-33 3.11313e-26 6.31336e-20 1.54765e-14 4.58596e-10 1.64262e-06 0.000711196 0.0372212 0.235497 0.184507 0.110679 0.243245 0.106676 0.0571956 0.0201126 0.00389311 0.000255263 5.72866e-06 4.04543e-08 7.42293e-11 2.76779e-14 1.76537e-18 1.75459e-23 2.55008e-29
 1.11701e-41 1.55033e-33 2.601e-26 5.27478e-20 1.29305e-14 3.83155e-10 1.3724e-06 0.000594201 0.0310981 0.196767 0.155505 0.111662 0.234734 0.138006 0.104303 0.024141 0.00297703 0.000205646 4.55074e-06 2.48451e-08 3.09729e-11 7.86345e-15 3.54257e-19 2.51358e-24 2.59839e-30
 8.73661e-42 1.21258e-33 2.03436e-26 4.12564e-20 1.01135e-14 2.99683e-10 1.07341e-06 0.000464751 0.0243233 0.15392 0.124073 0.12351 0.249459 0.159909 0.124632 0.0347947 0.0047029 0.000207946 3.53178e-06 1.76491e-08 1.78676e-11 3.22133e-15 9.76445e-20 4.68681e-25 3.35043e-31
 1.41749e-41 1.96739e-33 3.3007e-26 6.69376e-20 1.6409e-14 4.86228e-10 1.74159e-06 0.000754048 0.0394639 0.249696 0.195732 0.0947056 0.159951 0.126211 0.101062 0.0282412 0.0039925 0.000187418 2.51139e-06 8.60802e-09 6.84086e-12 1.00006e-15 2.2982e-20 7.80241e-26 3.80106e-32
 9.74744e-42 1.35288e-33 2.26974e-26 4.60298e-20 1.12837e-14 3.34356e-10 1.19761e-06 0.000518523 0.0271375 0.171765 0.141636 0.162329 0.273141 0.126217 0.0719808 0.0219941 0.00313258 0.000144351 1.88368e-06 5.45537e-09 3.08288e-12 3.16861e-16 5.44614e-21 1.41521e-26 5.16939e-33
 1.43107e-41 1.98623e-33 3.33231e-26 6.75786e-20 1.65661e-14 4.90884e-10 1.75827e-06 0.000761269 0.0398419 0.252113 0.199553 0.107626 0.161126 0.1368 0.0848612 0.0155421 0.00169589 7.66458e-05 9.36017e-07 2.44834e-09 1.17261e-12 9.20624e-17 1.11711e-21 2.02177e-27 5.2754e-34
 9.98924e-42 1.38644e-33 2.32604e-26 4.71717e-20 1.15636e-14 3.4265e-10 1.22732e-06 0.000531386 0.0278108 0.176083 0.148846 0.182903 0.260458 0.121866 0.0634467 0.0164576 0.00155031 4.57841e-05 4.56223e-07 1.04518e-09 4.26788e-13 2.76969e-17 2.6645e-22 3.62877e-28 6.8015e-35
 1.28843e-41 1.78825e-33 3.00016e-26 6.08427e-20 1.49149e-14 4.41955e-10 1.58301e-06 0.000685389 0.0358707 0.227048 0.184282 0.132506 0.181455 0.151993 0.0738431 0.0113256 0.000963028 2.79057e-05 1.98483e-07 3.2376e-10 1.04243e-13 5.4742e-18 4.21626e-23 4.52307e-29 6.55384e-36
 1.41361e-41 1.962e-33 3.29167e-26 6.67543e-20 1.6364e-14 4.84896e-10 1.73682e-06 0.000751983 0.0393561 0.249156 0.204917 0.15942 0.187454 0.101297 0.0474178 0.009576 0.000639514 1.30476e-05 7.87194e-08 9.9259e-11 2.22837e-14 8.34252e-19 4.81343e-24 3.96131e-30 4.41621e-37
 1.12933e-41 1.56744e-33 2.62971e-26 5.333e-20 1.30732e-14 3.87383e-10 1.38754e-06 0.000600758 0.0314418 0.199191 0.172769 0.196623 0.225286 0.122719 0.0445627 0.00637869 0.000418462 7.92004e-06 3.45685e-08 3.22414e-11 5.55172e-15 1.51813e-19 6.12697e-25 3.52683e-31 2.8135e-38
 1.37779e-41 1.91228e-33 3.20825e-26 6.50627e-20 1.59494e-14 4.72609e-10 1.69281e-06 0.000732927 0.038359 0.242939 0.203424 0.160515 0.179065 0.125891 0.0435934 0.00523206 0.000244027 3.62332e-06 1.36197e-08 9.81484e-12 1.20571e-15 2.37821e-20 7.04269e-26 2.94197e-32 1.66507e-39
 1.35371e-41 1.87886e-33 3.15218e-26 6.39256e-20 1.56706e-14 4.64349e-10 1.66322e-06 0.000720118 0.0376889 0.23884 0.206845 0.193859 0.188159 0.0972299 0.0322906 0.00419427 0.000168696 1.82181e-06 4.90213e-09 2.72492e-12 2.60763e-16 3.81089e-21 8.03589e-27 2.37427e-33 9.59373e-41
 1.18548e-41 1.64537e-33 2.76045e-26 5.59814e-20 1.37232e-14 4.06643e-10 1.45653e-06 0.000630628 0.0330058 0.209367 0.190089 0.213975 0.20691 0.113196 0.0297793 0.00293746 0.000108257 1.03758e-06 2.1084e-09 8.19133e-13 5.5654e-17 5.99492e-22 9.43768e-28 2.05412e-34 5.98097e-42
 1.06598e-41 1.47951e-33 2.48219e-26 5.03383e-20 1.23398e-14 3.65652e-10 1.30971e-06 0.000567058 0.0296793 0.188475 0.17844 0.221115 0.21718 0.129423 0.0322653 0.0027772 7.61306e-05 5.68744e-07 9.55997e-10 2.90479e-13 1.42564e-17 1.06858e-22 1.17347e-28 1.81541e-35 3.82088e-43
 1.05061e-41 1.45817e-33 2.44639e-26 4.96122e-20 1.21619e-14 3.60378e-10 1.29081e-06 0.000558879 0.029252 0.18593 0.179968 0.221964 0.216802 0.131261 0.031606 0.00259649 6.05625e-05 3.43136e-07 4.19979e-10 9.63953e-14 3.63864e-18 2.04859e-23 1.62766e-29 1.77156e-36 2.59228e-44
 1.26883e-41 1.76106e-33 2.95454e-26 5.99175e-20 1.46881e-14 4.35234e-10 1.55894e-06 0.000674967 0.0353273 0.224257 0.204675 0.199917 0.192558 0.113223 0.0271006 0.00221484 5.00928e-05 2.60079e-07 2.68094e-10 4.90122e-14 1.46437e-18 6.66502e-24 4.35859e-30 3.91445e-37 4.679e-45
 1.26886e-41 1.76109e-33 2.9546e-26 5.99187e-20 1.46884e-14 4.35243e-10 1.55897e-06 0.000674981 0.035328 0.224262 0.204679 0.199926 0.192724 0.11357 0.0267244 0.00206646 4.3273e-05 2.03873e-07 1.8787e-10 3.03408e-14 7.93877e-19 3.14747e-24 1.78801e-30 1.39315e-37 1.44339e-45
#pred catch len freq
 2.55706e-27 2.57182e-27 1.85602e-26 3.37551e-20 8.27466e-15 2.45193e-10 8.7824e-07 0.000380245 0.0199006 0.125898 0.0968302 0.0438712 0.265893 0.245647 0.0548384 0.063659 0.0259022 0.0180119 0.010537 0.0076811 0.00582407 0.00489464 0.00478659 0.00417689 0.00126776
 2.55932e-27 2.57843e-27 2.47794e-26 4.68762e-20 1.14911e-14 3.40503e-10 1.21962e-06 0.000528051 0.0276363 0.174835 0.134119 0.0388964 0.20184 0.187662 0.065141 0.101601 0.0350388 0.0154136 0.00675053 0.00369634 0.00225665 0.00160745 0.00138117 0.00119768 0.000397402
 2.56172e-27 2.58436e-27 2.94274e-26 5.66795e-20 1.38943e-14 4.11712e-10 1.47468e-06 0.000638482 0.0334159 0.211398 0.1621 0.0427744 0.211691 0.195529 0.0443501 0.0523159 0.0218432 0.0152364 0.00521214 0.00178723 0.000736266 0.000394205 0.000276516 0.00022312 7.64018e-05
 2.56011e-27 2.57984e-27 2.52665e-26 4.79011e-20 1.17424e-14 3.47948e-10 1.24629e-06 0.000539596 0.0282405 0.178658 0.137138 0.0451702 0.247462 0.228446 0.048607 0.0534886 0.0183644 0.00807909 0.00361422 0.00155279 0.000395487 0.000125726 6.13314e-05 4.19036e-05 1.41295e-05
 2.56041e-27 2.58084e-27 2.634e-26 5.01664e-20 1.22977e-14 3.64402e-10 1.30523e-06 0.000565114 0.029576 0.187107 0.143558 0.0432241 0.228142 0.211027 0.0529599 0.0678042 0.0227399 0.00890796 0.00292865 0.00100904 0.000343414 7.58113e-05 1.90295e-05 9.10545e-06 2.84987e-06
 2.56138e-27 2.58329e-27 2.83466e-26 5.43989e-20 1.33352e-14 3.95147e-10 1.41535e-06 0.000612792 0.0320713 0.202893 0.155626 0.0440686 0.22609 0.20877 0.0459656 0.0524558 0.0186355 0.00892627 0.00284037 0.000792308 0.000193505 4.76116e-05 7.96462e-06 1.84386e-06 4.7264e-07
 2.56116e-27 2.58257e-27 2.75873e-26 5.27967e-20 1.29425e-14 3.83509e-10 1.37366e-06 0.000594744 0.0311267 0.196917 0.151081 0.0452027 0.237914 0.219521 0.0449857 0.0474355 0.0158958 0.00628416 0.00216989 0.000694458 0.00014588 2.61893e-05 4.07482e-06 4.93085e-07 7.55426e-08
 2.56137e-27 2.5832e-27 2.81979e-26 5.4085e-20 1.32583e-14 3.92867e-10 1.40718e-06 0.000609256 0.0318863 0.201722 0.15474 0.0446046 0.230791 0.213065 0.0459784 0.0513067 0.0167938 0.00596552 0.00185558 0.00052968 0.000126484 2.10888e-05 2.43431e-06 2.16844e-07 1.61158e-08
 2.56227e-27 2.58549e-27 3.0093e-26 5.80823e-20 1.42382e-14 4.21903e-10 1.51119e-06 0.000654286 0.0342429 0.216631 0.166133 0.0451269 0.226762 0.209098 0.040769 0.0404138 0.013328 0.00491148 0.00146676 0.000370468 7.70115e-05 1.33493e-05 1.45694e-06 9.49645e-08 4.1075e-09
 2.56423e-27 2.59074e-27 3.46514e-26 6.76982e-20 1.65954e-14 4.91751e-10 1.76137e-06 0.000762606 0.039912 0.252495 0.193508 0.0444872 0.202661 0.186716 0.0342465 0.0311302 0.00986559 0.00303225 0.00090128 0.000230689 4.34644e-05 6.52328e-06 6.98159e-07 4.14509e-08 1.22636e-09
 2.56308e-27 2.58748e-27 3.16312e-26 6.13265e-20 1.50334e-14 4.45468e-10 1.59559e-06 0.00069083 0.0361556 0.228731 0.175393 0.0464524 0.230342 0.212024 0.034447 0.025197 0.00776982 0.0020775 0.000566518 0.000125316 2.3545e-05 3.30273e-06 3.06166e-07 1.72047e-08 4.37833e-10
 2.56357e-27 2.58888e-27 3.29505e-26 6.411e-20 1.57158e-14 4.65687e-10 1.66801e-06 0.000722185 0.0377966 0.239112 0.183303 0.0453642 0.216504 0.199432 0.035463 0.0306662 0.00915352 0.00189726 0.000475435 9.14251e-05 1.48745e-05 1.94266e-06 1.68841e-07 8.30155e-09 1.94205e-10
 2.56434e-27 2.59095e-27 3.47528e-26 6.7912e-20 1.66478e-14 4.93304e-10 1.76693e-06 0.000765014 0.0400381 0.253292 0.194127 0.0451178 0.207025 0.190605 0.0324495 0.0260298 0.00797084 0.00200658 0.000486096 7.39876e-05 1.04222e-05 1.15575e-06 8.98555e-08 4.07124e-09 8.4177e-11
 2.56228e-27 2.5853e-27 2.96861e-26 5.72231e-20 1.40276e-14 4.15662e-10 1.48883e-06 0.000644607 0.0337364 0.213426 0.163718 0.0471483 0.243841 0.224463 0.0363472 0.026387 0.00794382 0.00180123 0.000450904 7.9602e-05 9.89334e-06 8.81672e-07 5.70502e-08 2.26247e-09 4.23898e-11
 2.56114e-27 2.58232e-27 2.7189e-26 5.19557e-20 1.27363e-14 3.774e-10 1.35178e-06 0.00058527 0.0306309 0.19378 0.14871 0.0467452 0.251318 0.231644 0.0427304 0.0391287 0.0116699 0.00238018 0.000568656 9.30799e-05 1.26027e-05 1.1278e-06 5.83255e-08 1.87407e-09 3.03243e-11
 2.56277e-27 2.58677e-27 3.1137e-26 6.02845e-20 1.4778e-14 4.37899e-10 1.56848e-06 0.000679092 0.0355412 0.224844 0.17241 0.0454968 0.225167 0.20751 0.038404 0.0353624 0.0109177 0.00285652 0.000693131 0.000102487 1.28873e-05 1.16083e-06 6.20593e-08 1.651e-09 2.1318e-11
 2.56367e-27 2.58909e-27 3.30583e-26 6.4337e-20 1.57714e-14 4.67336e-10 1.67392e-06 0.000724743 0.0379304 0.239959 0.183959 0.0460074 0.220938 0.203352 0.0330427 0.024174 0.0074118 0.0019066 0.000491737 8.94091e-05 1.09916e-05 8.97469e-07 4.66866e-08 1.26042e-09 1.39147e-11
 2.56411e-27 2.59021e-27 3.39758e-26 6.62722e-20 1.62458e-14 4.81393e-10 1.72427e-06 0.000746543 0.0390714 0.247177 0.189476 0.0463627 0.219765 0.202133 0.03034 0.0182989 0.00535325 0.000986353 0.00023827 4.33304e-05 6.10299e-06 5.50276e-07 2.63949e-08 6.79656e-10 7.44039e-12
 2.56491e-27 2.5924e-27 3.59353e-26 7.04062e-20 1.72592e-14 5.11422e-10 1.83183e-06 0.000793111 0.0415086 0.262595 0.201237 0.0455683 0.205457 0.188982 0.028984 0.0185111 0.00533281 0.000825022 0.000176494 2.39594e-05 3.17045e-06 3.09128e-07 1.68253e-08 4.17996e-10 4.32777e-12
 2.56425e-27 2.59051e-27 3.41805e-26 6.67039e-20 1.63517e-14 4.84529e-10 1.7355e-06 0.000751406 0.0393259 0.248787 0.190713 0.0467791 0.222065 0.204144 0.028676 0.0139944 0.00400372 0.000616232 0.000127374 1.44172e-05 1.51233e-06 1.20808e-07 6.81015e-09 1.89385e-10 1.96056e-12
 2.56593e-27 2.59513e-27 3.83188e-26 7.54341e-20 1.84918e-14 5.47944e-10 1.96264e-06 0.000849749 0.0444728 0.281348 0.21555 0.04516 0.192294 0.176763 0.0255088 0.0136599 0.00384009 0.000454929 8.64155e-05 9.63743e-06 9.16979e-07 5.73738e-08 2.53738e-09 6.91193e-11 7.84019e-13
 2.56566e-27 2.59434e-27 3.75737e-26 7.38622e-20 1.81064e-14 5.36526e-10 1.92175e-06 0.000832043 0.0435461 0.275485 0.211083 0.0457549 0.199959 0.183746 0.0250884 0.0109472 0.00307802 0.000396992 7.4767e-05 6.58142e-06 5.71182e-07 3.34876e-08 1.19093e-09 2.50274e-11 2.6601e-13
 2.56563e-27 2.59428e-27 3.75175e-26 7.37436e-20 1.80774e-14 5.35665e-10 1.91866e-06 0.000830707 0.0434762 0.275043 0.210745 0.0457915 0.200475 0.184219 0.0251185 0.0108941 0.00302296 0.000319834 5.64286e-05 5.30457e-06 4.25505e-07 2.03015e-08 6.60211e-10 1.14589e-11 9.41269e-14
 2.56639e-27 2.59635e-27 3.93593e-26 7.76291e-20 1.90298e-14 5.63888e-10 2.01975e-06 0.000874476 0.0457669 0.289534 0.221801 0.0451687 0.187968 0.172693 0.0233602 0.00978694 0.00271005 0.000281745 4.8073e-05 3.7798e-06 2.88506e-07 1.38458e-08 3.79153e-10 5.67323e-12 3.90147e-14
 2.56627e-27 2.59601e-27 3.90493e-26 7.69749e-20 1.88695e-14 5.59136e-10 2.00273e-06 0.000867107 0.0453812 0.287095 0.219941 0.0453619 0.190745 0.175231 0.0233699 0.00917072 0.00253088 0.0002579 4.3516e-05 3.35022e-06 2.35546e-07 9.7208e-09 2.60594e-10 3.47565e-12 2.01009e-14
 2.56593e-27 2.59508e-27 3.82122e-26 7.5209e-20 1.84366e-14 5.46309e-10 1.95679e-06 0.000847214 0.0443401 0.280508 0.214917 0.0457117 0.196936 0.180921 0.0239596 0.00908254 0.00249433 0.000237764 3.87285e-05 2.92166e-06 2.01843e-07 7.90549e-09 1.85475e-10 2.27858e-12 1.20808e-14
 2.56553e-27 2.59395e-27 3.71921e-26 7.30569e-20 1.7909e-14 5.30676e-10 1.90079e-06 0.000822971 0.0430713 0.272482 0.208796 0.0461791 0.204794 0.188134 0.0245397 0.0085897 0.0023445 0.00021017 3.28655e-05 2.3248e-06 1.5393e-07 5.88457e-09 1.32761e-10 1.46379e-12 6.95146e-15
 2.56615e-27 2.59567e-27 3.87363e-26 7.63147e-20 1.87076e-14 5.5434e-10 1.98555e-06 0.000859669 0.044992 0.284632 0.218064 0.0455427 0.19344 0.177698 0.0234433 0.00871608 0.00237769 0.000200759 3.01039e-05 2.00839e-06 1.25552e-07 4.48594e-09 9.75746e-11 1.03649e-12 4.51226e-15
 2.56599e-27 2.59526e-27 3.83901e-26 7.55845e-20 1.85286e-14 5.49036e-10 1.96656e-06 0.000851443 0.0445615 0.281908 0.215983 0.0454866 0.194475 0.178692 0.0243342 0.010496 0.00289261 0.000270799 4.28699e-05 2.71799e-06 1.6095e-07 5.36413e-09 1.0896e-10 1.09521e-12 4.58384e-15
#obs catch len freq
 5.021e-42 6.96881e-34 1.16916e-26 2.37104e-20 5.81232e-15 1.7223e-10 6.16899e-07 0.000267096 0.0139787 0.0884347 0.0682537 0.0399692 0.219087 0.186956 0.143668 0.143141 0.0639576 0.0256041 0.00589193 0.000750286 3.95755e-05 6.25819e-07 2.20983e-09 1.41287e-12 1.43119e-16
 5.73864e-42 7.96485e-34 1.33627e-26 2.70993e-20 6.64307e-15 1.96846e-10 7.05071e-07 0.000305271 0.0159767 0.101075 0.0780155 0.0436813 0.223144 0.181557 0.143118 0.131043 0.0565093 0.020736 0.00433833 0.000478701 2.04755e-05 2.47523e-07 6.43735e-10 2.96715e-13 2.14074e-17
 1.08464e-41 1.50541e-33 2.52563e-26 5.12192e-20 1.25558e-14 3.72051e-10 1.33263e-06 0.000576982 0.0301969 0.191036 0.146756 0.045187 0.181385 0.140612 0.113549 0.0953321 0.0395393 0.0131434 0.00244724 0.000230511 7.97898e-06 7.37677e-08 1.41067e-10 4.67911e-14 2.40222e-18
 1.11156e-41 1.54277e-33 2.58832e-26 5.24906e-20 1.28674e-14 3.81286e-10 1.3657e-06 0.000591303 0.0309464 0.195779 0.150724 0.0585133 0.238621 0.164754 0.0769165 0.0543097 0.0213594 0.00636443 0.00103685 8.15241e-05 2.25201e-06 1.59021e-08 2.24187e-11 5.35867e-15 1.95782e-19
 7.85808e-42 1.09065e-33 1.82979e-26 3.71078e-20 9.09654e-15 2.69547e-10 9.65474e-07 0.000418017 0.0218773 0.138406 0.107173 0.064665 0.273066 0.184211 0.116993 0.0717128 0.0169992 0.00389527 0.000545463 3.51902e-05 7.61399e-07 4.06461e-09 4.22136e-12 7.29474e-16 1.90259e-20
 1.25623e-41 1.74356e-33 2.92519e-26 5.93222e-20 1.45421e-14 4.3091e-10 1.54345e-06 0.000668261 0.0349741 0.221259 0.170175 0.0529792 0.17299 0.122479 0.125148 0.0755284 0.0200918 0.00339977 0.000292067 1.42682e-05 2.37292e-07 9.44291e-10 7.1665e-13 8.93697e-17 1.66726e-21
 1.0395e-41 1.44276e-33 2.42053e-26 4.90878e-20 1.20333e-14 3.56569e-10 1.27717e-06 0.000552971 0.0289403 0.18309 0.141724 0.0735784 0.259519 0.153235 0.0861232 0.050987 0.0187267 0.00328424 0.000231598 6.87996e-06 7.67413e-08 2.21152e-10 1.21291e-13 1.08385e-17 1.4413e-22
 1.27982e-41 1.7763e-33 2.98011e-26 6.04361e-20 1.48152e-14 4.39001e-10 1.57243e-06 0.000680809 0.0356308 0.225416 0.17386 0.0644165 0.192417 0.123705 0.115764 0.0540786 0.0117673 0.00209545 0.000163399 3.95114e-06 2.75457e-08 4.98243e-11 1.8677e-14 1.17631e-18 1.10673e-23
 1.1489e-41 1.5946e-33 2.67528e-26 5.4254e-20 1.32997e-14 3.94096e-10 1.41159e-06 0.000611168 0.0319861 0.202362 0.156925 0.0799065 0.239581 0.13436 0.0943053 0.0456252 0.0126684 0.00157361 9.20603e-05 2.15403e-06 1.23159e-08 1.46669e-11 3.39759e-15 1.38441e-19 8.84761e-25
 1.51453e-41 2.10207e-33 3.52666e-26 7.152e-20 1.75323e-14 5.19514e-10 1.86081e-06 0.000805668 0.0421654 0.266758 0.205819 0.0694851 0.170867 0.10362 0.0938333 0.0374431 0.00810816 0.00103967 5.20748e-05 8.63868e-07 4.07342e-09 3.93479e-12 6.47131e-16 1.70254e-20 6.89488e-26
 1.5551e-41 2.15838e-33 3.62112e-26 7.34356e-20 1.80019e-14 5.33429e-10 1.91066e-06 0.000827248 0.0432948 0.273907 0.21197 0.0831836 0.197009 0.0982628 0.0612713 0.0241778 0.0055229 0.000548958 2.29731e-05 3.18176e-07 1.07955e-09 7.71551e-13 9.83072e-17 1.93892e-21 5.51034e-27
 1.15632e-41 1.60489e-33 2.69254e-26 5.46042e-20 1.33856e-14 3.96639e-10 1.4207e-06 0.000615113 0.0321926 0.203679 0.159605 0.104003 0.254023 0.128906 0.0864485 0.0259845 0.00415115 0.000378041 1.31762e-05 1.39763e-07 3.69174e-10 1.92944e-13 1.7398e-17 2.48845e-22 5.24145e-28
 1.73068e-41 2.40207e-33 4.02998e-26 8.17271e-20 2.00344e-14 5.93657e-10 2.12638e-06 0.00092065 0.0481832 0.304834 0.235615 0.0748729 0.14028 0.0897818 0.0793358 0.0226881 0.00327409 0.000206554 5.32137e-06 4.48168e-08 8.83777e-11 3.40827e-14 2.2457e-18 2.28526e-23 3.38098e-29
 1.39822e-41 1.94063e-33 3.25581e-26 6.60272e-20 1.61858e-14 4.79615e-10 1.7179e-06 0.000743792 0.0389271 0.246296 0.193462 0.116709 0.234814 0.0986111 0.0508766 0.0165445 0.00284995 0.000160724 3.03946e-06 1.74356e-08 2.50058e-11 7.07143e-15 3.35785e-19 2.45328e-24 2.59804e-30
 1.18653e-41 1.64682e-33 2.76289e-26 5.60308e-20 1.37353e-14 4.07002e-10 1.45781e-06 0.000631183 0.0330336 0.20902 0.165703 0.118447 0.228157 0.132104 0.0915492 0.0190541 0.00216734 0.000129252 2.35204e-06 1.02688e-08 9.96625e-12 1.91944e-15 6.43037e-20 3.3493e-25 2.52057e-31
 9.43469e-42 1.30947e-33 2.19691e-26 4.45529e-20 1.09216e-14 3.23628e-10 1.15918e-06 0.000501886 0.0262667 0.166227 0.134581 0.131836 0.244081 0.154874 0.110118 0.0280631 0.00332245 0.000126155 1.79347e-06 7.09412e-09 5.52239e-12 7.51731e-16 1.69372e-20 5.96667e-26 3.10229e-32
 1.50438e-41 2.08798e-33 3.50302e-26 7.10405e-20 1.74147e-14 5.16031e-10 1.84834e-06 0.000800266 0.0418828 0.265008 0.208131 0.0988422 0.153344 0.120248 0.0866921 0.0221953 0.0027449 0.000108659 1.18845e-06 3.23998e-09 1.98019e-12 2.17232e-16 3.69707e-21 9.20901e-27 3.2658e-33
 1.05026e-41 1.45769e-33 2.44558e-26 4.95959e-20 1.21578e-14 3.60259e-10 1.29039e-06 0.000558694 0.02924 0.185089 0.153416 0.170418 0.261471 0.117773 0.0623526 0.0174456 0.00215003 8.33097e-05 8.76698e-07 1.98558e-09 8.58445e-13 6.62265e-17 8.40963e-22 1.59857e-27 4.24635e-34
 1.52349e-41 2.1145e-33 3.54752e-26 7.19429e-20 1.7636e-14 5.22586e-10 1.87182e-06 0.000810432 0.0424149 0.268406 0.212908 0.111229 0.153538 0.127887 0.0699663 0.0116654 0.00113021 4.26542e-05 4.16502e-07 8.44921e-10 3.06772e-13 1.79814e-17 1.61025e-22 2.1301e-28 4.03229e-35
 1.08256e-41 1.50251e-33 2.52078e-26 5.11209e-20 1.25317e-14 3.71337e-10 1.33007e-06 0.000575874 0.0301392 0.190851 0.162163 0.189881 0.246747 0.112378 0.0537632 0.0124764 0.000997896 2.48714e-05 1.99142e-07 3.51458e-10 1.08118e-13 5.21074e-18 3.68608e-23 3.66519e-29 4.98734e-36
 1.38654e-41 1.92443e-33 3.22863e-26 6.54759e-20 1.60507e-14 4.7561e-10 1.70356e-06 0.000737582 0.0386023 0.244358 0.198878 0.136278 0.172963 0.139712 0.0595702 0.0082744 0.000609911 1.44656e-05 8.18251e-08 1.03231e-10 2.49863e-14 9.70222e-19 5.47441e-24 4.27547e-30 4.48953e-37
 1.50892e-41 2.09429e-33 3.5136e-26 7.12551e-20 1.74674e-14 5.17589e-10 1.85392e-06 0.000802684 0.0420096 0.265985 0.219392 0.16147 0.173842 0.0908469 0.0384314 0.00682725 0.000383812 6.49472e-06 3.09544e-08 2.98554e-11 5.0319e-15 1.39201e-19 5.86716e-25 3.50398e-31 2.82354e-38
 1.22294e-41 1.69736e-33 2.84768e-26 5.77503e-20 1.41568e-14 4.19492e-10 1.50255e-06 0.000650554 0.034048 0.215747 0.187895 0.20035 0.211232 0.109888 0.0354017 0.00453057 0.000251136 3.83893e-06 1.31697e-08 9.39673e-12 1.20908e-15 2.43719e-20 7.18411e-26 2.9979e-32 1.72424e-39
 1.47856e-41 2.05215e-33 3.44291e-26 6.98214e-20 1.71159e-14 5.07175e-10 1.81662e-06 0.000786534 0.0411647 0.260749 0.218894 0.161925 0.167863 0.111096 0.0338141 0.00356424 0.000140013 1.68979e-06 4.94402e-09 2.70351e-12 2.47813e-16 3.59709e-21 7.76343e-27 2.34966e-33 9.59519e-41
 1.45184e-41 2.01506e-33 3.38068e-26 6.85596e-20 1.68066e-14 4.9801e-10 1.78379e-06 0.00077232 0.0404213 0.256215 0.222503 0.193948 0.173469 0.0847379 0.0250312 0.00280602 9.34105e-05 8.13364e-07 1.70532e-09 7.17522e-13 5.09993e-17 5.47455e-22 8.41123e-28 1.79891e-34 5.23585e-42
 1.28317e-41 1.78096e-33 2.98792e-26 6.05945e-20 1.4854e-14 4.40152e-10 1.57655e-06 0.000682594 0.035726 0.226702 0.206418 0.214928 0.192851 0.09803 0.0226563 0.00194513 5.92012e-05 4.50706e-07 7.07724e-10 2.078e-13 1.04745e-17 8.26526e-23 9.45839e-29 1.48924e-35 3.12568e-43
 1.16281e-41 1.6139e-33 2.70765e-26 5.49107e-20 1.34607e-14 3.98865e-10 1.42867e-06 0.000618566 0.0323757 0.205696 0.195242 0.223052 0.20474 0.11201 0.0244245 0.00179846 4.05539e-05 2.40845e-07 3.10784e-10 7.09503e-14 2.57911e-18 1.41586e-23 1.12899e-29 1.26067e-36 1.9079e-44
 1.14783e-41 1.59311e-33 2.67278e-26 5.42034e-20 1.32873e-14 3.93728e-10 1.41027e-06 0.000610599 0.0319587 0.203025 0.191807 0.216803 0.208795 0.118532 0.0264705 0.0019567 4.00348e-05 1.9419e-07 1.99204e-10 3.77354e-14 1.16494e-18 5.33523e-24 3.43308e-30 3.01397e-37 3.54486e-45
 1.37121e-41 1.90315e-33 3.19292e-26 6.47518e-20 1.58731e-14 4.7035e-10 1.68472e-06 0.000729425 0.0381773 0.242254 0.216963 0.192632 0.180258 0.103175 0.0239415 0.00183003 3.80428e-05 1.78299e-07 1.63708e-10 2.63682e-14 6.88567e-19 2.72599e-24 1.54695e-30 1.2044e-37 1.24712e-45
#spawning biomass
 16528.2 18659.5 24500.9 32658.1 41588.5 49998.2 58968.2 70593 77694.5 98634.6 120087 147696 193987 219046 207466 184804 175078 163955 174890 160960 163229 176961 180776 193470 215962 219958 196398 187929 230284 279470 147125 29735.7 13801.6 12659.1 12587.4 12583.2 12583 12583 12583 12583 12583 12583 12583 12583 12583 12583 12583 12583 12583 12583 12583 12583 12583 12583 12583 12583 12583 12583 12583 12583 12583 12583 12583 12583 12583 12583 12583 12583 12583 12583 12583 12583 12583 12583 12583 12583 12583 12583 12583 12583 12583 12583 12583 12583 12583 12583 12583 12583 12583 12583 12583 12583 12583 12583 12583 12583 12583 12583 12583 12583 12583 12583 12583 12583 12583 12583 12583 12583 12583 12583 12583 12583 12583 12583 12583 12583 12583 12583 12583 12583 12583 12583 12583 12583 12583 12583 12583 12583 12583 0 0 0 0 0 0 0 0 0 0 0 0 0 0 0 0 0 0 0 0 0 0 0 0 0
