SBPRF35
0.0977334
Curr Bio
178184
B35
127563
F35
1.81382
FOFL
1.81382
OFL
123262
Bzero
27922.3
#pred survey bio
 18332.5 18486.6 21685.8 27103.8 32040 37628.5 43085 48721.1 56719.2 71203 76899 77272.3 82574.1 88718.7 105867 109661 123336 112843 115137 114822 116229 131785 135943 148521 139297 143054 118021 136974 4.14383e+06 2.95198e+06 953710 477547 329098 265824 235026 219516 211672 207719 205737 204748 204256 204013 203893 203833 203804 203790 203783 203780 203779 203778 203777 203777 203777 203777 203777 203777 203777 203777 203777 203777 203777 203777 203777 203777 203777 203777 203777 203777 203777 203777 203777 203777 203777 203777 203777 203777 203777 203777 203777 203777 203777 203777 203777 203777 203777 203777 203777 203777 203777 203777 203777 203777 203777 203777 203777 203777 203777 203777 203777 203777 203777 203777 203777 203777 203777 203777 203777 203777 203777 203777 203777 203777 203777 203777 203777 203777 203777 203777 203777 203777 203777 203777 203777 203777 203777 203777 203777 203777 0 0 0 0 0 0 0 0 0 0 0 0 0 0 0 0 0 0 0 0 0 0 0 0 0
#obs survey bio
 15281 14611.2 24507.4 31218.9 28033.2 31962.2 44387.1 49498.5 54211.6 83761.6 78411 69634.9 78054 110968 85352.2 143045 142556 140467 115862 113833 109008 150577 143681 131507 127925 143662 113858 109205
#pred catch bio
 7650.24 10109.8 11637.3 15516.6 18070.1 22669.2 26787.5 29524.9 31268.2 44092.3 51407.8 52549.4 58710.3 57878.6 80075.4 76885.2 96485.7 84488.1 86877.3 88095.4 88360.3 107706 100997 120441 107095 122744 87062.1 80502.8 123262 82614.6 15457.2 6471.54 5453.79 5349.78 5339.84 5338.94 5338.86 5338.85 5338.85 5338.85 5338.85 5338.85 5338.85 5338.85 5338.85 5338.85 5338.85 5338.85 5338.85 5338.85 5338.85 5338.85 5338.85 5338.85 5338.85 5338.85 5338.85 5338.85 5338.85 5338.85 5338.85 5338.85 5338.85 5338.85 5338.85 5338.85 5338.85 5338.85 5338.85 5338.85 5338.85 5338.85 5338.85 5338.85 5338.85 5338.85 5338.85 5338.85 5338.85 5338.85 5338.85 5338.85 5338.85 5338.85 5338.85 5338.85 5338.85 5338.85 5338.85 5338.85 5338.85 5338.85 5338.85 5338.85 5338.85 5338.85 5338.85 5338.85 5338.85 5338.85 5338.85 5338.85 5338.85 5338.85 5338.85 5338.85 5338.85 5338.85 5338.85 5338.85 5338.85 5338.85 5338.85 5338.85 5338.85 5338.85 5338.85 5338.85 5338.85 5338.85 5338.85 5338.85 5338.85 5338.85 5338.85 5338.85 5338.85 5338.85 0 0 0 0 0 0 0 0 0 0 0 0 0 0 0 0 0 0 0 0 0 0 0 0 0
#obs catch bio
 7942.55 11272.7 12098.9 16445.5 18169 23401.7 27662.5 30295 30547 42687.4 49555.7 53017.7 61451.5 55898.5 82268.4 78125.3 92731.8 83241.8 86564.5 87452.1 88513.1 104662 94673 112316 100014 112301 80856 77881.5
#pred cpue bio
 17395.5 16766.4 19708.8 24561.4 29246.5 34215.4 39030.6 44279.1 51229.7 64783.1 70461.9 70062.7 74402.9 79548.3 95197.5 97587.5 111953 101557 103542 103778 103045 116703 120779 134028 123896 129651 105510 120524 3.81157e+06 3.06535e+06 940936 463604 315140 251865 221068 205557 197714 193761 191779 190790 190298 190055 189934 189875 189846 189832 189825 189822 189820 189820 189819 189819 189819 189819 189819 189819 189819 189819 189819 189819 189819 189819 189819 189819 189819 189819 189819 189819 189819 189819 189819 189819 189819 189819 189819 189819 189819 189819 189819 189819 189819 189819 189819 189819 189819 189819 189819 189819 189819 189819 189819 189819 189819 189819 189819 189819 189819 189819 189819 189819 189819 189819 189819 189819 189819 189819 189819 189819 189819 189819 189819 189819 189819 189819 189819 189819 189819 189819 189819 189819 189819 189819 189819 189819 189819 189819 189819 189819 0 0 0 0 0 0 0 0 0 0 0 0 0 0 0 0 0 0 0 0 0 0 0 0 0
#obs cpue bio
 11053.4 12667.9 17632.2 16583.6 35983.7 35105.2 32312 41148.7 61620.3 69827 79187.2 64519.7 60722.7 84090.3 97153.4 66776.9 141658 76773 99237 112572 103230 129996 140496 220638 162187 204071 139861 157616
#pred surv len freq
 1.07408e-11 1.16632e-09 7.46687e-08 2.81837e-06 6.27191e-05 0.000822917 0.00636693 0.0290703 0.0786284 0.128415 0.138057 0.127211 0.12839 0.117667 0.0841055 0.0531684 0.0340561 0.0220678 0.0146991 0.0103596 0.00787325 0.00653586 0.00562023 0.0043122 0.00250856
 1.35994e-11 1.47674e-09 9.45421e-08 3.56849e-06 7.94118e-05 0.00104192 0.00806086 0.0367923 0.0993475 0.160906 0.166722 0.138093 0.123018 0.105204 0.0700842 0.0392831 0.0217643 0.0120959 0.00673329 0.00389255 0.00242207 0.0016854 0.00128749 0.000939932 0.000544299
 1.32027e-11 1.43365e-09 9.17839e-08 3.46438e-06 7.70951e-05 0.00101153 0.00782603 0.0357267 0.0965569 0.157084 0.166016 0.145674 0.138129 0.118402 0.0730204 0.0337758 0.0144478 0.00644598 0.00294764 0.00137798 0.000671689 0.000360243 0.000221982 0.000143612 7.93737e-05
 1.33262e-11 1.44706e-09 9.26422e-08 3.49678e-06 7.78161e-05 0.00102099 0.00789915 0.0360594 0.0974399 0.158391 0.166797 0.144897 0.136069 0.116917 0.0735792 0.0355233 0.015493 0.0062665 0.00227327 0.000797313 0.000291512 0.000114396 5.08806e-05 2.58502e-05 1.26666e-05
 1.28918e-11 1.39989e-09 8.96224e-08 3.3828e-06 7.52796e-05 0.000987716 0.00764183 0.0348878 0.094316 0.153651 0.163381 0.145852 0.141006 0.122104 0.0760301 0.0356542 0.0150879 0.00609609 0.00221686 0.000716852 0.0002087 5.78216e-05 1.69718e-05 5.78481e-06 2.18181e-06
 1.31211e-11 1.42479e-09 9.12167e-08 3.44298e-06 7.66187e-05 0.00100528 0.00777767 0.0355061 0.0959625 0.156132 0.165083 0.145072 0.137985 0.119114 0.074914 0.0360486 0.015697 0.00636379 0.00227105 0.000720797 0.000203445 4.99255e-05 1.08533e-05 2.30145e-06 5.41171e-07
 1.33294e-11 1.44742e-09 9.26651e-08 3.49765e-06 7.78353e-05 0.00102125 0.00790114 0.0360691 0.0974753 0.158522 0.167276 0.146138 0.137931 0.118134 0.0730357 0.0338233 0.0140654 0.00561073 0.00202786 0.000651226 0.000182468 4.35865e-05 8.78076e-06 1.49396e-06 2.26341e-07
 1.31349e-11 1.42629e-09 9.13127e-08 3.4466e-06 7.66994e-05 0.00100634 0.00778591 0.0355446 0.0960785 0.156417 0.165829 0.146796 0.140514 0.120783 0.0742187 0.0336989 0.0135282 0.00517284 0.00178895 0.000556923 0.000155104 3.71887e-05 7.41564e-06 1.19979e-06 1.5597e-07
 1.34895e-11 1.4648e-09 9.37776e-08 3.53964e-06 7.87698e-05 0.0010335 0.00799595 0.036501 0.0986298 0.160298 0.168677 0.146179 0.136733 0.116717 0.0721646 0.0334201 0.0137604 0.00529598 0.00179329 0.000536021 0.000142705 3.30754e-05 6.49352e-06 1.04197e-06 1.31689e-07
 1.30796e-11 1.42028e-09 9.09279e-08 3.43207e-06 7.63761e-05 0.0010021 0.00775307 0.0353944 0.0956678 0.155712 0.164912 0.145593 0.139122 0.120089 0.0750592 0.0355473 0.0151312 0.00600621 0.00208687 0.000632615 0.000166686 3.7355e-05 7.03259e-06 1.09062e-06 1.34868e-07
 1.26564e-11 1.37433e-09 8.79859e-08 3.32103e-06 7.39051e-05 0.000969683 0.00750239 0.034253 0.092625 0.151099 0.161604 0.146579 0.144018 0.125203 0.0774208 0.035546 0.0145484 0.00569458 0.00201281 0.000629665 0.000170746 3.88425e-05 7.26268e-06 1.09549e-06 1.306e-07
 1.3266e-11 1.44053e-09 9.22238e-08 3.48099e-06 7.74647e-05 0.00101638 0.00786356 0.0358984 0.0970257 0.157885 0.167042 0.14701 0.139793 0.119739 0.0732961 0.0329972 0.0130638 0.00492315 0.00167551 0.000510997 0.000138835 3.23184e-05 6.20103e-06 9.48212e-07 1.12411e-07
 1.36056e-11 1.4774e-09 9.45847e-08 3.5701e-06 7.94477e-05 0.0010424 0.00806477 0.0368153 0.0994816 0.161701 0.170237 0.147708 0.138138 0.117161 0.070815 0.0309497 0.011678 0.00420811 0.00137845 0.000403516 0.000105352 2.38762e-05 4.56226e-06 7.08134e-07 8.56162e-08
 1.38593e-11 1.50495e-09 9.63485e-08 3.63668e-06 8.09292e-05 0.00106184 0.00821511 0.0375005 0.101318 0.164567 0.172695 0.148422 0.137198 0.115442 0.0689015 0.0291667 0.0103974 0.00353157 0.00109716 0.000304533 7.56525e-05 1.63821e-05 3.00808e-06 4.54916e-07 5.46367e-08
 1.37107e-11 1.48882e-09 9.53155e-08 3.59769e-06 8.00616e-05 0.00105045 0.00812706 0.037099 0.10024 0.162865 0.171141 0.14769 0.137283 0.116192 0.0702762 0.0307627 0.0115371 0.00402014 0.00122067 0.00032043 7.46765e-05 1.52207e-05 2.64355e-06 3.80712e-07 4.39766e-08
 1.42428e-11 1.54659e-09 9.90143e-08 3.7373e-06 8.31684e-05 0.00109121 0.00844231 0.0385358 0.10409 0.168862 0.176239 0.149032 0.135047 0.112307 0.0660868 0.0270244 0.00905771 0.0029132 0.000879255 0.000236317 5.50411e-05 1.07832e-05 1.76093e-06 2.37766e-07 2.59052e-08
 1.31777e-11 1.43094e-09 9.161e-08 3.45782e-06 7.69491e-05 0.00100962 0.0078113 0.0356615 0.0964079 0.157061 0.167006 0.149022 0.143604 0.122795 0.0733545 0.0307638 0.0106871 0.00344798 0.000980758 0.000241625 5.3398e-05 1.03801e-05 1.6884e-06 2.21245e-07 2.28437e-08
 1.36462e-11 1.48181e-09 9.48671e-08 3.58076e-06 7.96849e-05 0.00104551 0.00808889 0.0369262 0.0997908 0.162283 0.171212 0.149425 0.140448 0.118587 0.069995 0.0285668 0.0094777 0.00296183 0.000844913 0.00020995 4.51349e-05 8.22932e-06 1.26076e-06 1.60203e-07 1.6261e-08
 1.36889e-11 1.48645e-09 9.51641e-08 3.59197e-06 7.99344e-05 0.00104879 0.00811419 0.0370413 0.100096 0.162733 0.171475 0.149129 0.139659 0.117892 0.0698787 0.0288756 0.00977475 0.00307782 0.000860473 0.000206753 4.35427e-05 7.88031e-06 1.18175e-06 1.43259e-07 1.37829e-08
 1.34143e-11 1.45664e-09 9.32551e-08 3.51992e-06 7.8331e-05 0.00102775 0.00795152 0.0363004 0.0981182 0.159711 0.16919 0.14939 0.14226 0.120836 0.071591 0.0294277 0.00987473 0.00309991 0.000874009 0.000212182 4.44682e-05 7.87141e-06 1.15204e-06 1.37042e-07 1.28738e-08
 1.44303e-11 1.56695e-09 1.00318e-07 3.7865e-06 8.42633e-05 0.00110558 0.00855339 0.0390418 0.105441 0.170931 0.177821 0.148915 0.133374 0.110403 0.0649795 0.0266407 0.00890893 0.00278209 0.000779151 0.000188141 3.94738e-05 7.02399e-06 1.02644e-06 1.20371e-07 1.1067e-08
 1.44807e-11 1.57243e-09 1.00668e-07 3.79973e-06 8.45578e-05 0.00110944 0.00858328 0.0391781 0.105809 0.171522 0.178411 0.149337 0.13361 0.110332 0.0644586 0.0258737 0.00830662 0.00249239 0.000683797 0.000163575 3.40848e-05 6.03271e-06 8.80147e-07 1.03335e-07 9.48127e-09
 1.43053e-11 1.55338e-09 9.94491e-08 3.75371e-06 8.35336e-05 0.00109601 0.00847939 0.0387053 0.104551 0.169641 0.177188 0.150154 0.136267 0.112883 0.0653015 0.025333 0.00755421 0.00207526 0.000532996 0.000121281 2.4365e-05 4.22504e-06 6.09964e-07 7.11801e-08 6.51143e-09
 1.3495e-11 1.46539e-09 9.38157e-08 3.54108e-06 7.88018e-05 0.00103393 0.0079993 0.0365181 0.0987012 0.160616 0.169943 0.149542 0.141855 0.120247 0.0710783 0.029021 0.0095522 0.00287041 0.000744825 0.000159834 2.96088e-05 4.79795e-06 6.60645e-07 7.48559e-08 6.73809e-09
 1.42561e-11 1.54805e-09 9.91074e-08 3.74081e-06 8.32466e-05 0.00109224 0.00845026 0.0385724 0.104193 0.169061 0.176595 0.149692 0.135957 0.112895 0.0658209 0.0261449 0.00820925 0.00240137 0.000644489 0.000149172 2.91957e-05 4.68252e-06 6.06873e-07 6.40406e-08 5.44823e-09
 1.32554e-11 1.43938e-09 9.21505e-08 3.47822e-06 7.74031e-05 0.00101558 0.00785739 0.035872 0.0969781 0.157999 0.168044 0.150025 0.144511 0.123061 0.0724384 0.02912 0.00932041 0.0027516 0.000725613 0.000163294 3.19547e-05 5.34353e-06 7.28334e-07 7.79797e-08 6.41685e-09
 1.39857e-11 1.51867e-09 9.7227e-08 3.66983e-06 8.16671e-05 0.00107152 0.00829003 0.0378429 0.102249 0.16612 0.174514 0.150417 0.139236 0.116282 0.0673358 0.0260524 0.00771684 0.00210275 0.000536399 0.00012053 2.34964e-05 3.87164e-06 5.24808e-07 5.73642e-08 4.88862e-09
 1.48022e-11 1.60734e-09 1.02903e-07 3.88409e-06 8.64351e-05 0.00113407 0.00877373 0.0400453 0.108121 0.175029 0.180935 0.148616 0.129939 0.106498 0.0626971 0.0258721 0.00870524 0.00266683 0.000696058 0.000148776 2.7321e-05 4.36543e-06 5.85238e-07 6.34338e-08 5.38688e-09
#obs surv len freq
 1.36368e-11 1.4808e-09 9.48018e-08 3.5783e-06 7.96301e-05 0.00104478 0.00808286 0.0368892 0.0995559 0.160778 0.16429 0.13025 0.111317 0.100106 0.0787816 0.0541365 0.0318354 0.0150658 0.00565302 0.00167619 0.000381633 6.42426e-05 7.73249e-06 6.45885e-07 3.64291e-08
 1.32555e-11 1.43939e-09 9.2151e-08 3.47825e-06 7.74037e-05 0.00101558 0.00785738 0.0358692 0.0969179 0.157373 0.164481 0.138809 0.125748 0.109692 0.0766892 0.0451094 0.0239055 0.0109201 0.00405183 0.00117604 0.000257809 4.13255e-05 4.69962e-06 3.68102e-07 1.93327e-08
 1.345e-11 1.46052e-09 9.35034e-08 3.5293e-06 7.85398e-05 0.00103049 0.00797279 0.036397 0.0983486 0.159672 0.166519 0.13903 0.123835 0.107882 0.0769453 0.0457771 0.0230844 0.00939374 0.00304504 0.000795454 0.000163116 2.48673e-05 2.68451e-06 1.98102e-07 9.73496e-09
 1.34067e-11 1.45581e-09 9.32019e-08 3.51791e-06 7.82867e-05 0.00102718 0.00794736 0.036285 0.0980916 0.159537 0.167329 0.141214 0.126074 0.108434 0.0758099 0.0441303 0.021855 0.00871288 0.00269506 0.000642399 0.000116616 1.57689e-05 1.54107e-06 1.04919e-07 4.80058e-09
 1.27041e-11 1.37951e-09 8.83175e-08 3.33356e-06 7.41842e-05 0.000973365 0.00753148 0.0343959 0.0930971 0.152186 0.162659 0.143624 0.133553 0.115372 0.0793463 0.04482 0.0212845 0.00807804 0.00236834 0.000531807 8.96392e-05 1.10052e-05 9.58085e-07 5.77798e-08 2.35836e-09
 1.38485e-11 1.50378e-09 9.62735e-08 3.63386e-06 8.0867e-05 0.00106104 0.00820965 0.0374868 0.101374 0.164972 0.172806 0.143731 0.124061 0.103919 0.071933 0.0412261 0.0194744 0.0071668 0.00199879 0.000421422 6.61441e-05 7.50868e-06 5.98925e-07 3.27212e-08 1.19719e-09
 1.25888e-11 1.367e-09 8.75165e-08 3.30333e-06 7.35119e-05 0.000964565 0.00746405 0.0340999 0.0924199 0.1518 0.164497 0.148334 0.137869 0.116013 0.0769515 0.0416012 0.0188144 0.00678193 0.00186559 0.000383208 5.73891e-05 6.10354e-06 4.50502e-07 2.25942e-08 7.54321e-10
 1.32544e-11 1.43928e-09 9.21437e-08 3.47798e-06 7.73986e-05 0.00101556 0.00785851 0.0358974 0.097222 0.159096 0.169606 0.146147 0.12934 0.108415 0.0748011 0.0423343 0.0193007 0.00672914 0.00175809 0.000343476 4.9235e-05 5.00968e-06 3.50704e-07 1.64807e-08 5.09857e-10
 1.32206e-11 1.4356e-09 9.19084e-08 3.4691e-06 7.72014e-05 0.00101299 0.00783908 0.035817 0.0970883 0.159355 0.171357 0.149691 0.132382 0.108269 0.071897 0.0392935 0.0176901 0.0062221 0.00164069 0.000316709 4.37078e-05 4.2135e-06 2.77898e-07 1.22857e-08 3.56771e-10
 1.30195e-11 1.41376e-09 9.05104e-08 3.41634e-06 7.60275e-05 0.000997603 0.00772056 0.0352845 0.0957326 0.157613 0.170936 0.151407 0.134677 0.109705 0.0723857 0.0389517 0.0169918 0.00574216 0.00146102 0.000274913 3.71681e-05 3.49082e-06 2.21433e-07 9.28732e-09 2.53315e-10
 1.26362e-11 1.37214e-09 8.78456e-08 3.31576e-06 7.37897e-05 0.000968265 0.00749423 0.0342625 0.0930808 0.153928 0.169075 0.153116 0.138043 0.112391 0.0739127 0.0394861 0.016941 0.00557533 0.0013681 0.000246201 3.17253e-05 2.84382e-06 1.72571e-07 6.92254e-09 1.79903e-10
 1.30649e-11 1.41869e-09 9.08259e-08 3.42826e-06 7.62935e-05 0.00100113 0.00774884 0.0354291 0.0962563 0.159081 0.17384 0.154506 0.135359 0.107943 0.0700925 0.0368829 0.0154551 0.00493185 0.00116618 0.000200828 2.45894e-05 2.08229e-06 1.18953e-07 4.48693e-09 1.09693e-10
 1.21611e-11 1.32056e-09 8.45433e-08 3.19113e-06 7.10175e-05 0.000931951 0.00721494 0.0330143 0.0899586 0.150197 0.169151 0.158889 0.14474 0.115147 0.0728534 0.0370075 0.0149603 0.00461268 0.00105174 0.000173634 2.02391e-05 1.62123e-06 8.71345e-08 3.07892e-09 7.02937e-11
 1.33964e-11 1.45469e-09 9.3131e-08 3.51527e-06 7.8231e-05 0.00102659 0.00794697 0.0363491 0.0988605 0.163744 0.179161 0.157466 0.13393 0.103867 0.0659604 0.0335015 0.013222 0.00389609 0.000839886 0.000130717 1.43637e-05 1.0838e-06 5.47376e-08 1.8117e-09 3.86191e-11
 1.21205e-11 1.31614e-09 8.42611e-08 3.1805e-06 7.07828e-05 0.000928952 0.00719385 0.03295 0.09006 0.151687 0.174069 0.166347 0.149263 0.113304 0.0670566 0.0313927 0.0116199 0.0032688 0.000674195 9.94563e-05 1.02469e-05 7.20107e-07 3.37907e-08 1.03881e-09 2.05707e-11
 1.28426e-11 1.39456e-09 8.92815e-08 3.37e-06 7.5e-05 0.000984285 0.00762177 0.0348966 0.0952112 0.159179 0.178156 0.161841 0.139758 0.10745 0.0666927 0.0323706 0.0118729 0.00317974 0.00061341 8.45368e-05 8.16408e-06 5.37906e-07 2.35782e-08 6.73781e-10 1.23532e-11
 1.19718e-11 1.3e-09 8.32278e-08 3.14153e-06 6.99176e-05 0.00091769 0.00710888 0.0325914 0.0893121 0.151365 0.175438 0.168177 0.14918 0.11238 0.0668991 0.031411 0.0114057 0.0030654 0.000588626 7.88318e-05 7.21686e-06 4.43711e-07 1.80334e-08 4.77158e-10 8.09898e-12
 1.25525e-11 1.36306e-09 8.72652e-08 3.29393e-06 7.33099e-05 0.000962223 0.00745381 0.0341678 0.0935451 0.157831 0.180021 0.166801 0.143449 0.107426 0.0643846 0.0300249 0.0105683 0.00271717 0.000499996 6.46383e-05 5.72694e-06 3.38795e-07 1.30967e-08 3.25534e-10 5.13977e-12
 1.1302e-11 1.22727e-09 7.85718e-08 2.96584e-06 6.60118e-05 0.000866599 0.00671732 0.0308551 0.0850282 0.146263 0.174822 0.173533 0.155356 0.115479 0.0671246 0.0303224 0.0104136 0.00261828 0.000467784 5.80531e-05 4.89687e-06 2.74955e-07 1.00853e-08 2.3769e-10 3.5486e-12
 1.19736e-11 1.30019e-09 8.32408e-08 3.14209e-06 6.99344e-05 0.00091808 0.00711558 0.0326669 0.0898115 0.153138 0.178375 0.169397 0.147429 0.110818 0.0663937 0.0304895 0.0103571 0.00252678 0.000434665 5.17968e-05 4.18188e-06 2.23607e-07 7.76611e-09 1.72494e-10 2.41965e-12
 1.30072e-11 1.41244e-09 9.0427e-08 3.41336e-06 7.59731e-05 0.000997377 0.00773039 0.0354868 0.0974859 0.165508 0.18958 0.172506 0.140799 0.0989508 0.0558297 0.0245641 0.00815213 0.00195947 0.000330244 3.80711e-05 2.9388e-06 1.49095e-07 4.89167e-09 1.02338e-10 1.34866e-12
 1.2346e-11 1.34064e-09 8.58311e-08 3.23996e-06 7.21192e-05 0.000947001 0.00734498 0.0337859 0.0933533 0.160945 0.190498 0.180638 0.149089 0.100982 0.0529622 0.021266 0.00643596 0.00142555 0.000224583 2.44971e-05 1.80028e-06 8.69399e-08 2.70431e-09 5.33659e-11 6.60425e-13
 1.16584e-11 1.26598e-09 8.10517e-08 3.05962e-06 6.81095e-05 0.000894521 0.00694162 0.0319765 0.0886875 0.154298 0.185996 0.181037 0.153634 0.10719 0.0576556 0.023192 0.0067879 0.00141075 0.00020497 2.05237e-05 1.38966e-06 6.22541e-08 1.80742e-09 3.34186e-11 3.88013e-13
 1.18008e-11 1.28144e-09 8.20422e-08 3.09706e-06 6.89464e-05 0.000905619 0.00702972 0.0324019 0.0899617 0.156652 0.188346 0.181344 0.151591 0.104764 0.0562039 0.0225929 0.00658082 0.00134612 0.000189022 1.79067e-05 1.12648e-06 4.63653e-08 1.23165e-09 2.08512e-11 2.2237e-13
 1.20355e-11 1.30694e-09 8.36754e-08 3.1588e-06 7.03254e-05 0.000923888 0.0071745 0.0331005 0.0920777 0.160798 0.19346 0.184335 0.150043 0.0999137 0.0514221 0.0198402 0.00557007 0.00110262 0.00014991 1.36913e-05 8.23344e-07 3.20428e-08 7.95805e-10 1.24735e-11 1.22286e-13
 1.02764e-11 1.11593e-09 7.14486e-08 2.69748e-06 6.00704e-05 0.00078973 0.00614472 0.0285007 0.0803974 0.145183 0.186256 0.192103 0.1647 0.111135 0.0565274 0.0212202 0.00573785 0.00108799 0.000141366 1.23275e-05 7.07094e-07 2.61919e-08 6.16931e-10 9.12662e-12 8.39733e-14
 1.22065e-11 1.32552e-09 8.48665e-08 3.2039e-06 7.13367e-05 0.00093738 0.00728237 0.0336201 0.0935563 0.162986 0.194038 0.181655 0.147189 0.0998114 0.0523117 0.0200154 0.00538932 0.00099708 0.000124613 1.03545e-05 5.62682e-07 1.96808e-08 4.36889e-10 6.08306e-12 5.2609e-14
 1.08912e-11 1.18271e-09 7.5727e-08 2.85927e-06 6.36868e-05 0.000837677 0.00652444 0.0303197 0.0857538 0.154884 0.196154 0.194709 0.157754 0.10066 0.0489413 0.017766 0.00466399 0.000851602 0.000104646 8.44923e-06 4.40476e-07 1.46283e-08 3.06113e-10 3.99914e-12 3.23584e-14
#pred catch len freq
 9.17257e-12 9.96032e-10 6.37669e-08 2.40689e-06 5.35622e-05 0.000702782 0.00543785 0.0248378 0.0673113 0.110985 0.124203 0.126462 0.139736 0.131773 0.093867 0.0583542 0.0368386 0.0237287 0.0157798 0.0111171 0.00844829 0.00701313 0.00603063 0.00462708 0.00269174
 1.26386e-11 1.3724e-09 8.78624e-08 3.31637e-06 7.38013e-05 0.000968316 0.00749162 0.0341994 0.0924192 0.150274 0.158461 0.13827 0.130986 0.114699 0.0762452 0.0420783 0.0229339 0.0126462 0.0070232 0.0040578 0.00252457 0.00175668 0.00134194 0.000979683 0.000567317
 1.2134e-11 1.3176e-09 8.43542e-08 3.18395e-06 7.08546e-05 0.000929662 0.00719288 0.032843 0.0888544 0.145288 0.156968 0.146259 0.147601 0.129435 0.0798789 0.0365249 0.0153392 0.00675851 0.00307719 0.00143703 0.00070031 0.000375576 0.000231429 0.000149724 8.27516e-05
 1.24566e-11 1.35264e-09 8.65972e-08 3.26861e-06 7.27386e-05 0.000954378 0.007384 0.0337131 0.0911731 0.148796 0.159449 0.145412 0.143839 0.125954 0.0791837 0.0377464 0.0161795 0.00647337 0.00233871 0.000819176 0.00029938 0.000117472 5.22475e-05 2.65446e-05 1.30069e-05
 1.19612e-11 1.29884e-09 8.3153e-08 3.13861e-06 6.98457e-05 0.000916426 0.00709052 0.0323768 0.0876096 0.143384 0.155525 0.146425 0.149355 0.131795 0.0820171 0.0380029 0.0157991 0.0063088 0.00228417 0.000737646 0.000214665 5.94667e-05 1.7454e-05 5.94915e-06 2.24379e-06
 1.2412e-11 1.34779e-09 8.62868e-08 3.2569e-06 7.24779e-05 0.000950958 0.00735756 0.0335927 0.0908527 0.148314 0.159122 0.145578 0.144454 0.126573 0.0794533 0.0377463 0.0161517 0.00647667 0.00230192 0.000729652 0.000205857 5.05107e-05 1.09801e-05 2.32831e-06 5.47486e-07
 1.2727e-11 1.382e-09 8.84768e-08 3.33956e-06 7.43174e-05 0.000975092 0.00754423 0.0344436 0.0931348 0.151885 0.162236 0.146634 0.143528 0.124539 0.0768671 0.0351757 0.0143695 0.00566299 0.0020374 0.0006534 0.000183001 4.37082e-05 8.80496e-06 1.49806e-06 2.26962e-07
 1.24353e-11 1.35032e-09 8.64489e-08 3.26302e-06 7.26141e-05 0.000952746 0.00737143 0.0336569 0.0910375 0.148706 0.15996 0.147331 0.146951 0.128179 0.0786838 0.0353253 0.0139323 0.00526039 0.0018102 0.000562682 0.000156634 3.75503e-05 7.48745e-06 1.2114e-06 1.57478e-07
 1.25026e-11 1.35763e-09 8.6917e-08 3.28068e-06 7.30072e-05 0.000957904 0.0074113 0.0338382 0.0915177 0.149409 0.160337 0.146761 0.145549 0.126972 0.0785309 0.0359519 0.0145456 0.0055315 0.00186435 0.000556437 0.000148068 3.43129e-05 6.73617e-06 1.08089e-06 1.36608e-07
 1.24619e-11 1.35321e-09 8.66338e-08 3.27e-06 7.27694e-05 0.000954783 0.00738715 0.0337278 0.0912176 0.148906 0.159742 0.146093 0.144848 0.126649 0.0789909 0.0369445 0.0154523 0.00606421 0.00209799 0.000635122 0.000167271 3.74804e-05 7.05589e-06 1.09422e-06 1.35313e-07
 1.23184e-11 1.33763e-09 8.56363e-08 3.23234e-06 7.19315e-05 0.000943791 0.00730217 0.0333412 0.0901916 0.147388 0.158839 0.147031 0.147424 0.128977 0.0795066 0.0360694 0.0145018 0.00560653 0.0019723 0.000616112 0.000166998 3.79845e-05 7.10197e-06 1.07123e-06 1.27708e-07
 1.29998e-11 1.41162e-09 9.03734e-08 3.41115e-06 7.59104e-05 0.000995993 0.00770588 0.0351804 0.0951098 0.154967 0.164882 0.147413 0.142547 0.122758 0.0749189 0.0333437 0.0129689 0.00482478 0.00163363 0.000497436 0.000135084 3.14406e-05 6.03234e-06 9.22407e-07 1.09351e-07
 1.35243e-11 1.46858e-09 9.40199e-08 3.54878e-06 7.89733e-05 0.00103618 0.00801665 0.0365963 0.0988986 0.160825 0.169645 0.148015 0.139259 0.118272 0.0712376 0.0308016 0.0114193 0.00405849 0.00132182 0.000386252 0.000100789 2.28383e-05 4.36374e-06 6.77312e-07 8.18894e-08
 1.34265e-11 1.45796e-09 9.33398e-08 3.52311e-06 7.8402e-05 0.00102868 0.00795871 0.0363329 0.0982009 0.159805 0.1691 0.14885 0.141328 0.120117 0.0716252 0.030039 0.0105265 0.00352292 0.00108732 0.000301178 7.47717e-05 1.61881e-05 2.97231e-06 4.49498e-07 5.39858e-08
 1.39114e-11 1.51061e-09 9.67108e-08 3.65035e-06 8.12335e-05 0.00106583 0.00824597 0.0376408 0.101689 0.165103 0.172952 0.147887 0.135971 0.114424 0.0688471 0.0298041 0.0109842 0.00377594 0.00113995 0.00029867 6.95598e-05 1.41746e-05 2.46169e-06 3.54515e-07 4.09503e-08
 1.40931e-11 1.53035e-09 9.79742e-08 3.69804e-06 8.22948e-05 0.00107975 0.00835368 0.0381322 0.103013 0.167225 0.17504 0.149299 0.136656 0.114045 0.06698 0.0271605 0.00895367 0.00283401 0.000848882 0.000227612 5.29772e-05 1.03766e-05 1.69442e-06 2.28781e-07 2.49262e-08
 1.35441e-11 1.47073e-09 9.41572e-08 3.55397e-06 7.90887e-05 0.00103769 0.00802838 0.0366504 0.0990511 0.161125 0.170202 0.149082 0.140751 0.119262 0.0708663 0.0294294 0.0100522 0.00319516 0.000902611 0.000221856 4.89904e-05 9.52072e-06 1.54849e-06 2.02907e-07 2.09501e-08
 1.37846e-11 1.49685e-09 9.58295e-08 3.61709e-06 8.04933e-05 0.00105612 0.00817091 0.0372999 0.100791 0.163826 0.172456 0.149547 0.139521 0.117353 0.0690138 0.027924 0.00911355 0.00280306 0.00079347 0.000196668 4.22463e-05 7.70061e-06 1.17966e-06 1.49894e-07 1.52145e-08
 1.3866e-11 1.50568e-09 9.63948e-08 3.63842e-06 8.09681e-05 0.00106235 0.00821908 0.0375191 0.101374 0.164704 0.173052 0.149247 0.138416 0.116275 0.0686373 0.0281045 0.00935699 0.00290133 0.000805222 0.000193001 4.0613e-05 7.34798e-06 1.10182e-06 1.33565e-07 1.28502e-08
 1.36743e-11 1.48486e-09 9.50623e-08 3.58813e-06 7.98489e-05 0.00104766 0.00810553 0.037002 0.0999937 0.162597 0.171469 0.149462 0.140281 0.118361 0.0698136 0.0284393 0.00938639 0.00290095 0.000811811 0.000196592 4.11677e-05 7.28515e-06 1.06614e-06 1.2682e-07 1.19134e-08
 1.46323e-11 1.58889e-09 1.01722e-07 3.83951e-06 8.54429e-05 0.00112106 0.00867308 0.039587 0.106899 0.173175 0.179601 0.148996 0.131873 0.108503 0.063587 0.0258374 0.00849887 0.00261285 0.000726255 0.000174926 3.66711e-05 6.52342e-06 9.53199e-07 1.11779e-07 1.0277e-08
 1.50252e-11 1.63155e-09 1.04454e-07 3.9426e-06 8.7737e-05 0.00115115 0.00890584 0.0406474 0.109734 0.177543 0.183077 0.149193 0.129016 0.104849 0.0608624 0.0242194 0.00765183 0.00225865 0.000614529 0.000146594 3.05195e-05 5.40011e-06 7.87779e-07 9.2488e-08 8.48593e-09
 1.43944e-11 1.56306e-09 1.00068e-07 3.77708e-06 8.40537e-05 0.00110283 0.00853217 0.0389458 0.105195 0.170634 0.177988 0.15023 0.135665 0.112085 0.0646688 0.0249213 0.00732395 0.00197746 0.000502858 0.000114025 2.28829e-05 3.96668e-06 5.72604e-07 6.68183e-08 6.11236e-09
 1.40368e-11 1.52422e-09 9.75822e-08 3.68324e-06 8.19655e-05 0.00107543 0.00832027 0.0379802 0.102608 0.166612 0.174604 0.149449 0.137357 0.114836 0.06747 0.0272979 0.00884011 0.00261539 0.000673439 0.000144123 2.66722e-05 4.32041e-06 5.94811e-07 6.73938e-08 6.06633e-09
 1.45069e-11 1.57527e-09 1.0085e-07 3.8066e-06 8.47105e-05 0.00111145 0.00859879 0.039249 0.106001 0.17184 0.178771 0.149702 0.133957 0.110446 0.0641315 0.0252758 0.00781355 0.0022478 0.000598006 0.000138003 2.69848e-05 4.32656e-06 5.60677e-07 5.91636e-08 5.03326e-09
 1.41219e-11 1.53347e-09 9.8174e-08 3.70558e-06 8.24626e-05 0.00108196 0.00837072 0.0382101 0.103225 0.167576 0.17544 0.149718 0.137079 0.114253 0.0667438 0.0265934 0.00837687 0.00243327 0.000636347 0.000142793 2.79158e-05 4.66654e-06 6.35987e-07 6.80901e-08 5.60299e-09
 1.40439e-11 1.525e-09 9.76317e-08 3.68511e-06 8.20071e-05 0.00107598 0.00832453 0.0380001 0.102669 0.166772 0.175053 0.150513 0.138914 0.115806 0.0669016 0.0257173 0.00750853 0.0020107 0.000507767 0.000113692 2.21395e-05 3.64679e-06 4.94272e-07 5.40246e-08 4.60396e-09
 1.40373e-11 1.52428e-09 9.75857e-08 3.68337e-06 8.19684e-05 0.00107547 0.00832056 0.0379813 0.102609 0.166597 0.174515 0.14919 0.136961 0.114577 0.0675896 0.0276711 0.00916056 0.00276422 0.00071624 0.000152696 2.80141e-05 4.47446e-06 5.99771e-07 6.50064e-08 5.52037e-09
#obs catch len freq
 9.20536e-12 9.99594e-10 6.39948e-08 2.41549e-06 5.37538e-05 0.0007053 0.00545746 0.0249296 0.0675833 0.111565 0.125247 0.128231 0.143564 0.141102 0.109024 0.0717038 0.0411967 0.0194941 0.00735768 0.00218693 0.000499239 8.47862e-05 1.03537e-05 8.78078e-07 5.01537e-08
 1.20518e-11 1.30868e-09 8.3783e-08 3.1624e-06 7.03749e-05 0.000923363 0.00714395 0.0326138 0.0881411 0.143275 0.150498 0.129283 0.121658 0.113726 0.0901626 0.0617255 0.0358286 0.0166406 0.00609829 0.00175453 0.000384878 6.20044e-05 7.09741e-06 5.60563e-07 2.9748e-08
 1.18885e-11 1.29096e-09 8.26481e-08 3.11956e-06 6.94219e-05 0.000910872 0.00704778 0.0321847 0.0871053 0.142487 0.153366 0.139593 0.136357 0.121803 0.0853124 0.0500247 0.0262306 0.0117602 0.00425387 0.00119546 0.00025205 3.8606e-05 4.16928e-06 3.08419e-07 1.5227e-08
 1.22612e-11 1.33143e-09 8.52391e-08 3.21736e-06 7.15983e-05 0.000939431 0.00726878 0.033194 0.0898271 0.146792 0.157037 0.139961 0.133201 0.118493 0.084523 0.0499226 0.024791 0.00987985 0.00312377 0.000790703 0.000155833 2.26653e-05 2.32006e-06 1.61499e-07 7.45332e-09
 1.24614e-11 1.35316e-09 8.66303e-08 3.26987e-06 7.2767e-05 0.000954771 0.00738767 0.0337402 0.0913369 0.149417 0.16017 0.142563 0.133925 0.116776 0.0814398 0.0469971 0.0228846 0.00891182 0.00267961 0.000617414 0.00010766 1.38903e-05 1.28662e-06 8.25438e-08 3.54296e-09
 1.19045e-11 1.29269e-09 8.27593e-08 3.12376e-06 6.95159e-05 0.000912129 0.00705824 0.0322459 0.0874084 0.143762 0.157012 0.145394 0.140588 0.122314 0.0836898 0.0467765 0.0218069 0.00807355 0.00229772 0.00049785 8.04476e-05 9.41119e-06 7.76228e-07 4.41118e-08 1.68851e-09
 1.31524e-11 1.4282e-09 9.14346e-08 3.45121e-06 7.68028e-05 0.00100773 0.00779772 0.0356162 0.0964307 0.157684 0.167998 0.145381 0.130208 0.109952 0.0756978 0.0428457 0.0198224 0.00710249 0.00191977 0.000390025 5.86112e-05 6.33218e-06 4.78051e-07 2.4598e-08 8.43986e-10
 1.19776e-11 1.30063e-09 8.32676e-08 3.14295e-06 6.99434e-05 0.000917762 0.00710256 0.0324608 0.0881127 0.145577 0.160792 0.150546 0.14367 0.121019 0.0796363 0.0425041 0.0188278 0.00660171 0.00175666 0.000346952 4.96623e-05 5.02045e-06 3.50415e-07 1.65412e-08 5.17668e-10
 1.27237e-11 1.38164e-09 8.84541e-08 3.33872e-06 7.42999e-05 0.000974922 0.00754468 0.0344754 0.0934923 0.153736 0.166476 0.148131 0.134401 0.112857 0.0772037 0.0430104 0.0191462 0.00648203 0.00163685 0.00030723 4.2036e-05 4.05919e-06 2.6836e-07 1.18592e-08 3.43745e-10
 1.27819e-11 1.38796e-09 8.88584e-08 3.35399e-06 7.464e-05 0.000979402 0.00757987 0.0346449 0.0940359 0.155079 0.169187 0.151886 0.136793 0.11167 0.0734379 0.0395124 0.017368 0.00592388 0.00150606 0.000278642 3.66478e-05 3.34933e-06 2.08408e-07 8.65521e-09 2.35272e-10
 1.26659e-11 1.37537e-09 8.80525e-08 3.32357e-06 7.39636e-05 0.000970546 0.00751191 0.0343437 0.0933051 0.154324 0.169594 0.153703 0.138475 0.112279 0.0732386 0.0387234 0.0164681 0.00539249 0.00132203 0.00023815 3.06318e-05 2.72253e-06 1.62704e-07 6.40462e-09 1.6341e-10
 1.23922e-11 1.34564e-09 8.61494e-08 3.25174e-06 7.23657e-05 0.000949606 0.00735061 0.0336188 0.0914543 0.151893 0.168759 0.15549 0.14103 0.113919 0.0739349 0.0387432 0.0161782 0.00515078 0.001216 0.000209237 2.56239e-05 2.17114e-06 1.23964e-07 4.66091e-09 1.13184e-10
 1.28901e-11 1.39971e-09 8.9611e-08 3.38241e-06 7.52738e-05 0.000987778 0.00764631 0.0349731 0.0951341 0.157822 0.17411 0.156823 0.13776 0.10881 0.0696342 0.035887 0.0146153 0.00450574 0.00102356 0.000168304 1.95597e-05 1.564e-06 8.39845e-08 2.96652e-09 6.77011e-11
 1.20707e-11 1.31073e-09 8.39145e-08 3.16741e-06 7.04903e-05 0.000925068 0.00716258 0.032789 0.0894671 0.149964 0.170341 0.161384 0.146478 0.115028 0.0716083 0.0355868 0.0139673 0.00415521 0.000908883 0.000143066 1.58082e-05 1.19434e-06 6.02822e-08 1.99307e-09 4.24477e-11
 1.33874e-11 1.45371e-09 9.30682e-08 3.51291e-06 7.81792e-05 0.00102595 0.00794282 0.0363425 0.0989437 0.164336 0.180822 0.159655 0.134967 0.103169 0.0643379 0.0318884 0.0121939 0.00346217 0.000715254 0.000106033 1.10329e-05 7.84328e-07 3.71645e-08 1.15001e-09 2.28529e-11
 1.21243e-11 1.31656e-09 8.4288e-08 3.18153e-06 7.08068e-05 0.000929314 0.0071978 0.0329843 0.0902817 0.152605 0.176217 0.168815 0.149987 0.111967 0.0650276 0.0297169 0.0106554 0.00288468 0.000569242 7.98743e-05 7.78493e-06 5.15062e-07 2.26592e-08 6.50795e-10 1.20054e-11
 1.28877e-11 1.39946e-09 8.95951e-08 3.38185e-06 7.52648e-05 0.000987806 0.00765012 0.0350411 0.0957174 0.160478 0.180459 0.164141 0.140342 0.106068 0.0644599 0.030432 0.0107841 0.00277611 0.000512078 6.70758e-05 6.1215e-06 3.79307e-07 1.55747e-08 4.15562e-10 7.09464e-12
 1.20629e-11 1.3099e-09 8.38615e-08 3.16547e-06 7.04519e-05 0.000924759 0.00716494 0.0328654 0.0901852 0.153296 0.178336 0.170544 0.149193 0.110286 0.064271 0.0293603 0.0102928 0.00265355 0.000486016 6.17528e-05 5.33729e-06 3.08445e-07 1.17369e-08 2.8979e-10 4.57742e-12
 1.26725e-11 1.37609e-09 8.80996e-08 3.32545e-06 7.40128e-05 0.000971509 0.00752705 0.0345201 0.0946229 0.160044 0.183048 0.169038 0.143275 0.105171 0.0615764 0.0278742 0.00945967 0.00233165 0.000408957 5.00949e-05 4.18361e-06 2.3231e-07 8.4008e-09 1.94776e-10 2.86149e-12
 1.14431e-11 1.2426e-09 7.95534e-08 3.00293e-06 6.68392e-05 0.000877538 0.00680375 0.0312721 0.0863077 0.148879 0.178318 0.17593 0.154855 0.112721 0.0639841 0.0280448 0.00927637 0.00223231 0.000379535 4.45764e-05 3.54101e-06 1.86453e-07 6.39102e-09 1.40357e-10 1.94828e-12
 1.21548e-11 1.31988e-09 8.45011e-08 3.18969e-06 7.0996e-05 0.000932091 0.00722573 0.0331907 0.0913636 0.15611 0.182018 0.171682 0.146821 0.107929 0.06299 0.0279949 0.00914416 0.00213299 0.000348814 3.92905e-05 2.98367e-06 1.49455e-07 4.84674e-09 1.00247e-10 1.3066e-12
 1.32238e-11 1.43596e-09 9.1933e-08 3.47024e-06 7.72415e-05 0.00101411 0.00786168 0.0361072 0.0992921 0.168824 0.1933 0.174321 0.139475 0.095701 0.0525766 0.0223825 0.00713467 0.00163668 0.000261754 2.84851e-05 2.06621e-06 9.81211e-08 3.00358e-09 5.84722e-11 7.15533e-13
 1.25635e-11 1.36426e-09 8.73441e-08 3.29712e-06 7.33946e-05 0.000963853 0.00747772 0.0344182 0.0952196 0.16443 0.194421 0.182392 0.147345 0.0973281 0.0496581 0.0192839 0.00560442 0.00118439 0.000176938 1.8198e-05 1.25503e-06 5.66658e-08 1.64312e-09 3.01543e-11 3.46354e-13
 1.19007e-11 1.29229e-09 8.2737e-08 3.1233e-06 6.95306e-05 0.000913301 0.00708956 0.0326805 0.0907567 0.158124 0.190255 0.182989 0.151881 0.103228 0.0538912 0.0209117 0.0058674 0.0011625 0.000160108 1.51113e-05 9.59634e-07 4.0158e-08 1.08573e-09 1.865e-11 2.00804e-13
 1.2067e-11 1.31035e-09 8.38938e-08 3.16703e-06 7.05079e-05 0.000926258 0.00719223 0.0331735 0.0922126 0.160739 0.192741 0.183182 0.149621 0.10063 0.052336 0.020265 0.00564879 0.00109946 0.000146129 1.30384e-05 7.69133e-07 2.9572e-08 7.31446e-10 1.14995e-11 1.13651e-13
 1.23061e-11 1.33633e-09 8.55581e-08 3.22996e-06 7.19144e-05 0.00094491 0.00734031 0.0338897 0.094384 0.164968 0.197841 0.185942 0.147764 0.0956702 0.0476947 0.0177129 0.00475432 0.00089439 0.000114931 9.87293e-06 5.56178e-07 2.0209e-08 4.673e-10 6.80347e-12 6.18306e-14
 1.05498e-11 1.14563e-09 7.33514e-08 2.76944e-06 6.16791e-05 0.000811069 0.00631398 0.029315 0.0828193 0.14967 0.191114 0.19401 0.16227 0.106429 0.0523918 0.0189108 0.00488384 0.000879199 0.000107861 8.83717e-06 4.7431e-07 1.63869e-08 3.59085e-10 4.93186e-12 4.20586e-14
 1.25021e-11 1.35762e-09 8.69233e-08 3.28166e-06 7.30738e-05 0.000960371 0.00746371 0.0344813 0.0960529 0.167428 0.198631 0.183407 0.144935 0.0952753 0.0481731 0.0176784 0.00453903 0.000796374 9.38866e-05 7.32386e-06 3.72125e-07 1.21306e-08 2.5033e-10 3.2336e-12 2.59031e-14
#spawning biomass
 21119.1 22846.5 27113.9 33981.9 39916 47022 54144.2 61080.5 71516.9 88995.3 95515.7 97154.3 104635 113138 134447 141091 155396 143573 146544 145422 150102 170507 175527 188469 179517 180829 151468 178184 223361 127008 25131 11492.5 9947.79 9789.91 9774.84 9773.47 9773.35 9773.34 9773.34 9773.34 9773.34 9773.34 9773.34 9773.34 9773.34 9773.34 9773.34 9773.34 9773.34 9773.34 9773.34 9773.34 9773.34 9773.34 9773.34 9773.34 9773.34 9773.34 9773.34 9773.34 9773.34 9773.34 9773.34 9773.34 9773.34 9773.34 9773.34 9773.34 9773.34 9773.34 9773.34 9773.34 9773.34 9773.34 9773.34 9773.34 9773.34 9773.34 9773.34 9773.34 9773.34 9773.34 9773.34 9773.34 9773.34 9773.34 9773.34 9773.34 9773.34 9773.34 9773.34 9773.34 9773.34 9773.34 9773.34 9773.34 9773.34 9773.34 9773.34 9773.34 9773.34 9773.34 9773.34 9773.34 9773.34 9773.34 9773.34 9773.34 9773.34 9773.34 9773.34 9773.34 9773.34 9773.34 9773.34 9773.34 9773.34 9773.34 9773.34 9773.34 9773.34 9773.34 9773.34 9773.34 9773.34 9773.34 9773.34 9773.34 0 0 0 0 0 0 0 0 0 0 0 0 0 0 0 0 0 0 0 0 0 0 0 0 0
