SBPRF35
0.297452
Curr Bio
339250
B35
437533
F35
0.462659
FOFL
0.425191
OFL
93028.8
Bzero
84986.3
#pred survey bio
 8632.55 8356.28 6964.29 7562.97 12773.6 20357.6 26464.9 39972.9 53299 73569.2 97068 132858 146417 163888 168932 157515 151861 161712 168015 179153 168352 186414 212451 244795 251181 234801 238182 249332 288036 1.2344e+07 1.1073e+07 8.22845e+06 5.51138e+06 3.56681e+06 2.34986e+06 1.63853e+06 1.23499e+06 1.00687e+06 875937 798699 751618 721978 702780 689971 681237 675415 671491 668828 667011 665767 664914 664328 663925 663647 663456 663325 663234 663172 663129 663099 663079 663065 663055 663049 663044 663041 663039 663037 663036 663035 663035 663034 663034 663034 663034 663034 663034 663034 663034 663034 663034 663034 663034 663034 663034 663034 663034 663034 663034 663034 663034 663034 663034 663034 663034 663034 663034 663034 663034 663034 663034 663034 663034 663034 663034 663034 663034 663034 663034 663034 663034 663034 663034 663034 663034 663034 663034 663034 663034 663034 663034 663034 663034 663034 663034 663034 663034 663034 663034 0 0 0 0 0 0 0 0 0 0 0 0 0 0 0 0 0 0 0 0 0 0 0 0 0
#obs survey bio
 7931.11 4714.37 5686.47 7811 12229.9 24551.4 21353.6 36588.8 45053 85869.8 105096 149658 119664 154420 179382 146238 127211 113673 187193 191055 150649 240812 233613 320938 233600 215724 287876 287225 286521
#pred catch bio
 2725.46 3315.32 3071.43 2758.97 5289.92 10963.7 12381.7 22272.6 30085.2 46379.5 57344.7 90750.3 98751.1 109359 117282 116850 113762 122760 124984 147901 133049 148451 170843 198867 208719 199398 206207 206338 220597 93028.8 161769 114798 72420.9 43598.5 26632.9 17484.9 12829.9 10554.6 9474.21 8972 8742.24 8638.38 8591.85 8571.11 8561.9 8557.9 8556.16 8555.41 8555.08 8554.94 8554.88 8554.85 8554.84 8554.84 8554.84 8554.83 8554.83 8554.83 8554.83 8554.83 8554.83 8554.83 8554.83 8554.83 8554.83 8554.83 8554.83 8554.83 8554.83 8554.83 8554.83 8554.83 8554.83 8554.83 8554.83 8554.83 8554.83 8554.83 8554.83 8554.83 8554.83 8554.83 8554.83 8554.83 8554.83 8554.83 8554.83 8554.83 8554.83 8554.83 8554.83 8554.83 8554.83 8554.83 8554.83 8554.83 8554.83 8554.83 8554.83 8554.83 8554.83 8554.83 8554.83 8554.83 8554.83 8554.83 8554.83 8554.83 8554.83 8554.83 8554.83 8554.83 8554.83 8554.83 8554.83 8554.83 8554.83 8554.83 8554.83 8554.83 8554.83 8554.83 8554.83 8554.83 8554.83 8554.83 8554.83 8554.83 8554.83 0 0 0 0 0 0 0 0 0 0 0 0 0 0 0 0 0 0 0 0 0 0 0 0 0
#obs catch bio
 4552.32 3711.29 3797.82 2839.71 5399.52 10472.5 11491.6 20923.2 28647.9 45193.3 53228.9 81808.4 95540.4 104605 116646 119312 111747 131989 128983 155430 133089 141484 167822 179056 187879 198564 199759 195678 218735
#pred cpue bio
 8266.55 8085.93 6553.41 6701.46 11228.6 18259 23385.2 35490.2 47079.1 64508.6 84661.1 117985 129327 146396 152934 140906 133253 142072 147618 157517 145845 161130 181724 211740 220720 203280 203967 213342 244800 1.08308e+07 1.10468e+07 8.20221e+06 5.48514e+06 3.54057e+06 2.32362e+06 1.61229e+06 1.20875e+06 980632 849697 772459 725378 695738 676540 663731 654997 649175 645251 642588 640771 639527 638674 638088 637685 637407 637217 637085 636994 636932 636889 636859 636839 636825 636815 636809 636804 636801 636799 636797 636796 636795 636795 636795 636794 636794 636794 636794 636794 636794 636794 636794 636794 636794 636794 636794 636794 636794 636794 636794 636794 636794 636794 636794 636794 636794 636794 636794 636794 636794 636794 636794 636794 636794 636794 636794 636794 636794 636794 636794 636794 636794 636794 636794 636794 636794 636794 636794 636794 636794 636794 636794 636794 636794 636794 636794 636794 636794 636794 636794 636794 0 0 0 0 0 0 0 0 0 0 0 0 0 0 0 0 0 0 0 0 0 0 0 0 0
#obs cpue bio
 7745.65 4492.31 4811.86 7072.43 11721.8 32272.8 33867.7 50860.2 58151 62533.4 106035 180189 138244 181677 134908 149366 165793 127694 123392 137296 154647 169187 164824 277628 341784 205163 194654 232420 263435
#pred surv len freq
 5.80637e-12 6.30503e-10 4.03654e-08 1.5236e-06 3.39061e-05 0.000444902 0.00344344 0.0157507 0.0429942 0.0733757 0.0935546 0.122427 0.160859 0.16169 0.120486 0.0787512 0.0501162 0.0302177 0.0176698 0.0104939 0.00654151 0.00443924 0.00323776 0.00223937 0.001232
 4.98125e-12 5.40905e-10 3.46292e-08 1.30708e-06 2.90878e-05 0.000381675 0.00295396 0.0135089 0.0368365 0.0625628 0.0784661 0.100466 0.133348 0.144608 0.129342 0.107026 0.0791846 0.0501704 0.0285452 0.0152352 0.00794595 0.00433779 0.00260256 0.00160266 0.000845096
 8.42803e-12 9.15183e-10 5.85909e-08 2.21151e-06 4.92143e-05 0.000645729 0.00499615 0.0228146 0.0617511 0.101197 0.11043 0.106085 0.113297 0.112506 0.0957268 0.0798051 0.066681 0.0515878 0.0347387 0.0197666 0.00976638 0.00449231 0.00211086 0.0010542 0.000495729
 1.23547e-11 1.34157e-09 8.58886e-08 3.24187e-06 7.21433e-05 0.00094656 0.0073232 0.0334282 0.0903023 0.146568 0.153331 0.130772 0.120944 0.105916 0.0729676 0.0448038 0.0302204 0.0226186 0.0169825 0.0114609 0.00645672 0.00300264 0.0012205 0.000477433 0.00018263
 1.2042e-11 1.30762e-09 8.37151e-08 3.15983e-06 7.03177e-05 0.000922614 0.00713821 0.0325899 0.0881224 0.143711 0.153518 0.138896 0.136756 0.121268 0.0801384 0.0432917 0.0229335 0.0125934 0.00749862 0.00487926 0.0030539 0.00161507 0.000685997 0.000240712 7.43334e-05
 1.05744e-11 1.14825e-09 7.35123e-08 2.77472e-06 6.17479e-05 0.000810182 0.00626872 0.0286292 0.0775372 0.12745 0.140803 0.138938 0.148829 0.136656 0.0920603 0.0507007 0.0264953 0.013026 0.00602976 0.00287436 0.00149703 0.000792356 0.000365804 0.000133847 3.83313e-05
 1.14868e-11 1.24733e-09 7.98551e-08 3.01413e-06 6.70755e-05 0.000880078 0.00680927 0.0310918 0.0841223 0.137597 0.148887 0.139434 0.142294 0.128403 0.0861583 0.0474899 0.0249883 0.0123816 0.00557203 0.0023085 0.000913161 0.000371311 0.000154542 5.74949e-05 1.68215e-05
 1.11815e-11 1.21418e-09 7.77331e-08 2.93404e-06 6.52931e-05 0.000856694 0.00662842 0.030268 0.0819199 0.134207 0.146208 0.13934 0.144602 0.131291 0.0882312 0.0486593 0.0256166 0.0127145 0.00574251 0.00235954 0.000868208 0.000289201 9.21478e-05 2.87487e-05 7.99367e-06
 1.14006e-11 1.23796e-09 7.92557e-08 2.99151e-06 6.65721e-05 0.000873474 0.00675824 0.0308604 0.083518 0.136784 0.148816 0.1413 0.145865 0.131292 0.0862757 0.0454936 0.0228737 0.0111059 0.00498973 0.00205042 0.00075016 0.000239023 6.62069e-05 1.6388e-05 3.70762e-06
 1.1789e-11 1.28014e-09 8.19561e-08 3.09343e-06 6.88403e-05 0.000903232 0.00698839 0.0319092 0.0863265 0.141143 0.152446 0.142037 0.143927 0.128495 0.0838938 0.0436394 0.0213808 0.00998018 0.0042825 0.00170224 0.000614 0.000193864 5.19579e-05 1.16193e-05 2.18163e-06
 1.1953e-11 1.29796e-09 8.30964e-08 3.13648e-06 6.97981e-05 0.0009158 0.00708564 0.0323535 0.0875333 0.143152 0.15478 0.144558 0.1465 0.129655 0.0821811 0.0399919 0.0180605 0.00798749 0.00330252 0.0012595 0.000434533 0.000132512 3.47139e-05 7.52442e-06 1.30961e-06
 1.0894e-11 1.18295e-09 7.57339e-08 2.85858e-06 6.3614e-05 0.000834667 0.00645818 0.029495 0.0798874 0.131358 0.145318 0.143778 0.153853 0.13938 0.0898852 0.0449373 0.0206572 0.00888907 0.00343393 0.00121932 0.000398014 0.000115698 2.90047e-05 6.06205e-06 1.01731e-06
 1.11825e-11 1.21429e-09 7.77398e-08 2.93429e-06 6.52988e-05 0.000856772 0.00662916 0.0302743 0.0819777 0.134629 0.14817 0.144746 0.153006 0.137515 0.0875146 0.0425982 0.0190675 0.00818244 0.00318749 0.00111306 0.000343846 9.30962e-05 2.18924e-05 4.33976e-06 6.9634e-07
 1.04596e-11 1.13579e-09 7.2714e-08 2.7446e-06 6.10775e-05 0.00080139 0.00620087 0.0283235 0.076766 0.126639 0.141998 0.145002 0.159219 0.14492 0.0923775 0.0448009 0.0198365 0.00834188 0.00317105 0.00109101 0.000334735 8.85761e-05 1.9773e-05 3.66387e-06 5.51456e-07
 9.6299e-12 1.04569e-09 6.69462e-08 2.52689e-06 5.62328e-05 0.00073783 0.00570928 0.0260834 0.070767 0.117324 0.134229 0.143406 0.163438 0.15137 0.0984857 0.0497468 0.0231097 0.00995913 0.00378317 0.00128068 0.000384411 9.98345e-05 2.1883e-05 3.92672e-06 5.60889e-07
 1.04755e-11 1.13751e-09 7.28244e-08 2.74876e-06 6.11701e-05 0.000802605 0.00621021 0.0283649 0.07686 0.126649 0.141349 0.142829 0.155734 0.142363 0.0927803 0.0474324 0.0225506 0.0100603 0.00399138 0.00139838 0.000423923 0.000108921 2.34059e-05 4.11013e-06 5.72043e-07
 1.15153e-11 1.25043e-09 8.00535e-08 3.02162e-06 6.72422e-05 0.00088227 0.00682637 0.0311733 0.0843904 0.138416 0.151525 0.146042 0.152307 0.135572 0.0847531 0.0396604 0.0169319 0.00715181 0.00284111 0.00102569 0.000323528 8.58869e-05 1.86947e-05 3.26047e-06 4.45662e-07
 1.1342e-11 1.23161e-09 7.88486e-08 2.97614e-06 6.62302e-05 0.000868993 0.00672373 0.0307067 0.0831557 0.13662 0.150613 0.147676 0.156249 0.139179 0.0857395 0.0384245 0.015147 0.00578807 0.00206574 0.00068835 0.00021206 5.73734e-05 1.29173e-05 2.31664e-06 3.20312e-07
 1.13245e-11 1.22971e-09 7.87269e-08 2.97155e-06 6.6128e-05 0.000867653 0.00671337 0.0306596 0.0830304 0.136434 0.150499 0.147782 0.156572 0.139551 0.0860042 0.0385233 0.0150675 0.00559086 0.00186922 0.000563136 0.000155357 3.86772e-05 8.42562e-06 1.5243e-06 2.16164e-07
 1.13045e-11 1.22753e-09 7.85877e-08 2.96629e-06 6.6011e-05 0.000866118 0.00670149 0.0306052 0.0828814 0.136175 0.150153 0.147307 0.15601 0.139266 0.0863385 0.0392631 0.0157047 0.00591358 0.00197391 0.000579611 0.000150364 3.39794e-05 6.65607e-06 1.11277e-06 1.52503e-07
 1.20339e-11 1.30674e-09 8.36589e-08 3.15771e-06 7.02706e-05 0.000922002 0.00713372 0.0325752 0.0881624 0.144417 0.15723 0.149388 0.153323 0.134241 0.0806072 0.0339013 0.0119959 0.00414174 0.00135538 0.000401314 0.000104183 2.29419e-05 4.22317e-06 6.43667e-07 8.01049e-08
 1.21657e-11 1.32105e-09 8.45747e-08 3.19228e-06 7.10399e-05 0.000932094 0.00721176 0.0329305 0.0891091 0.145849 0.158239 0.149029 0.151738 0.132682 0.0800658 0.0341263 0.0122262 0.00411312 0.00123927 0.000331958 8.11758e-05 1.75914e-05 3.21171e-06 4.75145e-07 5.55907e-08
 1.27114e-11 1.3803e-09 8.83682e-08 3.33546e-06 7.42262e-05 0.000973898 0.00753504 0.0344031 0.0930449 0.151896 0.162973 0.149043 0.147373 0.127338 0.0763768 0.0322353 0.0113859 0.00380551 0.00114876 0.000303075 6.99268e-05 1.39087e-05 2.36761e-06 3.3778e-07 3.86414e-08
 1.20814e-11 1.3119e-09 8.39889e-08 3.17016e-06 7.05478e-05 0.000925639 0.00716186 0.0327037 0.0885097 0.144983 0.157832 0.149918 0.15377 0.134405 0.0802536 0.0331679 0.0112573 0.00361797 0.00106553 0.000277164 6.33973e-05 1.23698e-05 2.0054e-06 2.66172e-07 2.84621e-08
 1.11941e-11 1.21554e-09 7.78202e-08 2.93733e-06 6.53664e-05 0.000857662 0.00663616 0.0303091 0.0821111 0.135162 0.15019 0.150047 0.161103 0.143257 0.0862018 0.0360491 0.0124515 0.00402502 0.0011624 0.000291465 6.44094e-05 1.22844e-05 1.95831e-06 2.53541e-07 2.59181e-08
 1.20562e-11 1.30916e-09 8.38139e-08 3.16356e-06 7.04009e-05 0.000923711 0.00714694 0.0326354 0.0883237 0.144668 0.15744 0.149438 0.153244 0.13418 0.0806514 0.0339515 0.0118953 0.00391187 0.00114825 0.00029091 6.38181e-05 1.18497e-05 1.82659e-06 2.29866e-07 2.29483e-08
 1.25885e-11 1.36696e-09 8.75144e-08 3.30323e-06 7.3509e-05 0.000964489 0.00746231 0.0340724 0.09217 0.150624 0.16233 0.150202 0.150128 0.129726 0.0767399 0.0310532 0.0101284 0.00313004 0.000900829 0.000230041 5.12576e-05 9.62061e-06 1.47864e-06 1.82487e-07 1.7697e-08
 1.2594e-11 1.36756e-09 8.75524e-08 3.30467e-06 7.3541e-05 0.000964909 0.00746557 0.0340876 0.0922152 0.150731 0.162599 0.150813 0.151023 0.130319 0.0765007 0.0302249 0.00935109 0.00269182 0.000720434 0.000171466 3.64725e-05 6.76465e-06 1.04768e-06 1.30449e-07 1.2636e-08
 1.29808e-11 1.40956e-09 9.02413e-08 3.40616e-06 7.57995e-05 0.000994539 0.00769469 0.0351308 0.0949959 0.154944 0.165606 0.149866 0.146477 0.125597 0.0743583 0.0302864 0.00993835 0.00300631 0.000802164 0.0001813 3.57548e-05 6.15352e-06 9.01376e-07 1.09298e-07 1.05497e-08
#obs surv len freq
 8.08968e-12 8.78444e-10 5.62387e-08 2.12274e-06 4.72386e-05 0.000619799 0.00479526 0.0218912 0.0591681 0.096301 0.102138 0.091876 0.0964629 0.107743 0.111456 0.103373 0.0818353 0.0560843 0.0348211 0.0191372 0.00857642 0.00287773 0.000676755 0.000106429 1.08268e-05
 1.2109e-12 1.31489e-10 8.41807e-09 3.17746e-07 7.07164e-06 9.28253e-05 0.000719772 0.00332264 0.00947785 0.0193858 0.0388755 0.080944 0.133553 0.160126 0.15611 0.137717 0.108242 0.0736426 0.0434416 0.0218991 0.00897071 0.00277299 0.000602603 8.73629e-05 8.16011e-06
 1.59375e-11 1.73062e-09 1.10796e-07 4.18199e-06 9.3064e-05 0.00122101 0.00944495 0.0430766 0.11586 0.183971 0.173533 0.101422 0.0495696 0.047287 0.0675638 0.074816 0.0596471 0.0376297 0.0204829 0.00956084 0.00358429 0.00100606 0.00019884 2.63278e-05 2.2514e-06
 1.39593e-11 1.51581e-09 9.70436e-08 3.66292e-06 8.15135e-05 0.00106951 0.00827469 0.0377758 0.102082 0.165787 0.17305 0.144182 0.124943 0.0994068 0.0591908 0.0311766 0.0212664 0.0158657 0.00953465 0.0043473 0.0015028 0.000382624 6.83478e-05 8.18553e-06 6.34938e-07
 1.13524e-11 1.23274e-09 7.8921e-08 2.97888e-06 6.62913e-05 0.000869797 0.00672996 0.0307327 0.083158 0.135835 0.145145 0.129649 0.126787 0.121967 0.0991323 0.0657598 0.0335635 0.0132402 0.0048129 0.00180031 0.000584245 0.000139107 2.27078e-05 2.45914e-06 1.72173e-07
 1.23408e-11 1.34006e-09 8.57919e-08 3.23823e-06 7.20626e-05 0.000945514 0.00731551 0.0333994 0.0902717 0.146622 0.152777 0.126774 0.114105 0.108621 0.0929939 0.066971 0.0374374 0.0154134 0.00476306 0.00119351 0.00026346 5.00515e-05 7.22214e-06 7.11422e-07 4.53103e-08
 1.23084e-11 1.33654e-09 8.55666e-08 3.22972e-06 7.18736e-05 0.000943047 0.00729684 0.0333223 0.0901568 0.147054 0.155544 0.13348 0.12219 0.111749 0.0884906 0.0592306 0.0319358 0.0131951 0.00414281 0.000988488 0.000178539 2.46125e-05 2.60306e-06 2.04255e-07 1.11439e-08
 1.19455e-11 1.29714e-09 8.30442e-08 3.13451e-06 6.9755e-05 0.000915261 0.0070822 0.0323485 0.0875901 0.143285 0.153018 0.134087 0.125336 0.116277 0.0927761 0.0607986 0.0307485 0.011535 0.0032728 0.000720934 0.00012124 1.49189e-05 1.30023e-06 7.90163e-08 3.31377e-09
 1.18248e-11 1.28404e-09 8.22053e-08 3.10286e-06 6.90507e-05 0.000906029 0.00701106 0.0320287 0.0867737 0.142216 0.152639 0.134749 0.126269 0.117224 0.093727 0.0611413 0.0304508 0.0110973 0.00298598 0.000605444 9.21034e-05 1.02305e-05 8.01704e-07 4.2915e-08 1.53e-09
 1.24743e-11 1.35456e-09 8.67202e-08 3.27327e-06 7.28432e-05 0.000955795 0.00739624 0.0337888 0.0915332 0.14986 0.159824 0.137963 0.124953 0.113083 0.0881895 0.0552423 0.0258719 0.00869028 0.00212399 0.000389581 5.36799e-05 5.39016e-06 3.80058e-07 1.82369e-08 5.80698e-10
 1.17157e-11 1.27219e-09 8.14466e-08 3.07422e-06 6.84142e-05 0.00089771 0.00694768 0.0317563 0.0862066 0.14226 0.155749 0.142136 0.134461 0.120969 0.090929 0.0541687 0.0239517 0.00750606 0.00167745 0.000275497 3.36285e-05 2.99326e-06 1.88033e-07 8.0717e-09 2.30327e-10
 1.14344e-11 1.24164e-09 7.94909e-08 3.00041e-06 6.67718e-05 0.000876175 0.00678143 0.0310029 0.0842188 0.139255 0.153157 0.140743 0.134504 0.123584 0.09517 0.0569412 0.0245746 0.00733697 0.00152837 0.00022907 2.50771e-05 1.97941e-06 1.09689e-07 4.1532e-09 1.04882e-10
 1.06632e-11 1.1579e-09 7.41301e-08 2.79807e-06 6.22697e-05 0.000817136 0.00632558 0.0289379 0.0788019 0.131433 0.148396 0.143241 0.141887 0.130663 0.0989908 0.0577005 0.0241495 0.00697435 0.00139679 0.000198548 2.02188e-05 1.4563e-06 7.25454e-08 2.44506e-09 5.46757e-11
 8.81769e-12 9.57499e-10 6.13001e-08 2.31381e-06 5.14941e-05 0.000675798 0.00523339 0.0239751 0.0656328 0.111552 0.133243 0.142539 0.153922 0.147946 0.113932 0.0657798 0.026629 0.00731042 0.00137469 0.000182149 1.7248e-05 1.15308e-06 5.30336e-08 1.63618e-09 3.3178e-11
 8.15644e-12 8.85695e-10 5.67032e-08 2.14031e-06 4.76334e-05 0.00062516 0.00484201 0.0221936 0.0608541 0.10392 0.12561 0.137511 0.154087 0.155524 0.124548 0.072485 0.0286956 0.00754045 0.00133447 0.000164001 1.4263e-05 8.72614e-07 3.67427e-08 1.03908e-09 1.9318e-11
 1.13001e-11 1.22706e-09 7.85577e-08 2.96521e-06 6.599e-05 0.000865987 0.0067043 0.0306741 0.0835006 0.138702 0.15339 0.140612 0.134486 0.126842 0.0988122 0.0564059 0.022027 0.00575548 0.00101719 0.000123874 1.04535e-05 6.05038e-07 2.36207e-08 6.12063e-10 1.03736e-11
 9.91658e-12 1.07683e-09 6.89398e-08 2.60221e-06 5.79147e-05 0.000760157 0.00588904 0.0270108 0.0741752 0.126868 0.151981 0.157788 0.157338 0.135636 0.0923983 0.0473982 0.0173939 0.0044223 0.000776694 9.47485e-05 7.98063e-06 4.55815e-07 1.72913e-08 4.2811e-10 6.82325e-12
 9.39786e-12 1.0205e-09 6.53338e-08 2.46611e-06 5.48861e-05 0.000720425 0.00558156 0.0256028 0.0703031 0.120088 0.143282 0.149276 0.155022 0.144346 0.105386 0.0552199 0.0196265 0.00465155 0.00074713 8.35079e-05 6.56129e-06 3.56884e-07 1.30616e-08 3.13053e-10 4.81318e-12
 9.49734e-12 1.0313e-09 6.60256e-08 2.49224e-06 5.5469e-05 0.000728132 0.00564258 0.0259004 0.0712544 0.122263 0.146907 0.153042 0.155998 0.141163 0.100608 0.0522388 0.0187726 0.00457498 0.00075701 8.53617e-05 6.53091e-06 3.35392e-07 1.14185e-08 2.54446e-10 3.66097e-12
 1.05111e-11 1.14138e-09 7.30732e-08 2.75827e-06 6.13901e-05 0.000805857 0.00624461 0.0286547 0.0787056 0.134126 0.157523 0.156584 0.151874 0.132132 0.090185 0.0442722 0.0148724 0.003373 0.000522743 5.61337e-05 4.16114e-06 2.08511e-07 6.88506e-09 1.46728e-10 1.98892e-12
 1.03415e-11 1.12297e-09 7.18946e-08 2.71382e-06 6.04038e-05 0.000793024 0.00614793 0.0282495 0.0779021 0.134181 0.161101 0.163636 0.157019 0.130793 0.0846096 0.0395399 0.0127343 0.00277473 0.000410849 4.17111e-05 2.89937e-06 1.36109e-07 4.23232e-09 8.54965e-11 1.10292e-12
 1.08619e-11 1.17948e-09 7.55126e-08 2.8504e-06 6.34446e-05 0.000832967 0.00645777 0.0296707 0.0817526 0.140231 0.166036 0.164222 0.153962 0.126539 0.0803119 0.0362277 0.0110814 0.0022648 0.000311975 2.9366e-05 1.8929e-06 8.24726e-08 2.3799e-09 4.45996e-11 5.34074e-13
 1.09278e-11 1.18664e-09 7.59716e-08 2.86778e-06 6.38346e-05 0.000838208 0.00650103 0.0299026 0.0826302 0.142682 0.170773 0.169559 0.155712 0.122871 0.0745076 0.0322568 0.00953518 0.00189009 0.000251615 2.26315e-05 1.37344e-06 5.56421e-08 1.4823e-09 2.55738e-11 2.8184e-13
 9.84236e-12 1.06878e-09 6.84265e-08 2.58306e-06 5.75032e-05 0.000755314 0.00586361 0.0270439 0.0753045 0.132672 0.165769 0.174322 0.165824 0.130993 0.0777404 0.0324852 0.00919119 0.00173569 0.000219597 1.8747e-05 1.07794e-06 4.12268e-08 1.03084e-09 1.6579e-11 1.69236e-13
 8.90551e-12 9.6705e-10 6.19145e-08 2.33733e-06 5.20388e-05 0.000683757 0.00531281 0.0245632 0.0688433 0.123275 0.159282 0.175521 0.173713 0.140189 0.0832504 0.0341095 0.00931022 0.00167593 0.000200257 1.60355e-05 8.61441e-07 3.07423e-08 7.1732e-10 1.07661e-11 1.02478e-13
 1.06397e-11 1.15536e-09 7.39706e-08 2.79241e-06 6.21663e-05 0.000816625 0.00633988 0.0292298 0.0811888 0.141594 0.172015 0.173293 0.160261 0.125046 0.0724027 0.0287486 0.00754466 0.00129656 0.000146837 1.10593e-05 5.54917e-07 1.8401e-08 3.97707e-10 5.52104e-12 4.85901e-14
 9.2202e-12 1.00123e-09 6.41054e-08 2.42026e-06 5.38978e-05 0.000708617 0.00551449 0.0255911 0.0723231 0.131472 0.172307 0.186964 0.173763 0.128079 0.0692401 0.0260899 0.00663476 0.0011212 0.000125407 9.26873e-06 4.50158e-07 1.42257e-08 2.8918e-10 3.74053e-12 3.04915e-14
 9.90986e-12 1.07613e-09 6.89001e-08 2.60124e-06 5.79247e-05 0.00076139 0.00592063 0.0274077 0.0768792 0.137061 0.173223 0.181825 0.169112 0.127035 0.0687263 0.0250218 0.00594828 0.000918453 9.29899e-05 6.24889e-06 2.79687e-07 8.26224e-09 1.58391e-10 1.93591e-12 1.4868e-14
 1.03584e-11 1.12484e-09 7.20211e-08 2.71924e-06 6.05616e-05 0.000796349 0.00619796 0.0287489 0.0809688 0.145234 0.183735 0.188256 0.165257 0.115743 0.0589297 0.0205362 0.00474197 0.000715925 7.05435e-05 4.54337e-06 1.91047e-07 5.21631e-09 9.1693e-11 1.02752e-12 7.26719e-15
#pred catch len freq
 4.05031e-12 4.39815e-10 2.81574e-08 1.06281e-06 2.3652e-05 0.000310372 0.00240301 0.0110103 0.0303096 0.0537643 0.0776013 0.120377 0.171709 0.176217 0.131849 0.0862348 0.0548824 0.0330917 0.0193504 0.0114919 0.00716367 0.00486145 0.0035457 0.00245236 0.00134917
 3.58397e-12 3.89177e-10 2.49155e-08 9.4044e-07 2.09287e-05 0.00027463 0.00212606 0.00973601 0.0267292 0.0468425 0.0652222 0.0973144 0.13962 0.154435 0.138638 0.114774 0.0849205 0.0538048 0.0306131 0.0163388 0.00852156 0.00465202 0.00279109 0.00171876 0.000906315
 6.56358e-12 7.12726e-10 4.56294e-08 1.72229e-06 3.83274e-05 0.000502894 0.00389144 0.0177801 0.0482625 0.0802037 0.0926752 0.101626 0.121127 0.124692 0.106874 0.0891895 0.0745284 0.0576592 0.0388271 0.0220929 0.0109158 0.00502102 0.00235929 0.00117827 0.000554072
 9.9219e-12 1.0774e-09 6.89761e-08 2.60351e-06 5.79376e-05 0.000760187 0.00588183 0.0268611 0.0727312 0.119412 0.131288 0.128076 0.136088 0.125712 0.0876591 0.0539377 0.03639 0.0272368 0.0204498 0.0138009 0.00777501 0.0036157 0.00146969 0.000574913 0.000219919
 9.83999e-12 1.06851e-09 6.84067e-08 2.58202e-06 5.74595e-05 0.00075392 0.00583359 0.0266467 0.0722319 0.119245 0.13411 0.13798 0.15296 0.141493 0.0943878 0.0510757 0.027063 0.0148612 0.008849 0.00575793 0.00360386 0.00190591 0.000809534 0.00028406 8.77195e-05
 8.9973e-12 9.76999e-10 6.25484e-08 2.36089e-06 5.25388e-05 0.000689364 0.00533435 0.0243728 0.0661571 0.109933 0.126928 0.138358 0.160581 0.151361 0.102545 0.0565314 0.0295461 0.014526 0.00672411 0.00320535 0.00166942 0.000883599 0.000407927 0.00014926 4.27453e-05
 9.54398e-12 1.03636e-09 6.63489e-08 2.50434e-06 5.5731e-05 0.000731244 0.00565824 0.0258483 0.0701036 0.116019 0.131804 0.138744 0.156811 0.146556 0.099099 0.0546972 0.0287857 0.0142633 0.00641888 0.00265935 0.00105194 0.000427743 0.000178029 6.62331e-05 1.93781e-05
 9.68798e-12 1.052e-09 6.735e-08 2.54213e-06 5.65719e-05 0.000742275 0.00574356 0.026237 0.0711428 0.117619 0.133076 0.138811 0.155765 0.145251 0.0981841 0.0542042 0.0285395 0.0141654 0.00639781 0.0026288 0.000967282 0.000322203 0.000102663 3.20293e-05 8.90586e-06
 9.94575e-12 1.07999e-09 6.91419e-08 2.60977e-06 5.8077e-05 0.000762024 0.00589633 0.0269341 0.0730225 0.120642 0.136101 0.140997 0.157067 0.145121 0.0959144 0.0506288 0.0254591 0.0123613 0.00555379 0.0022822 0.000834962 0.000266043 7.36913e-05 1.82406e-05 4.12675e-06
 1.07131e-11 1.16331e-09 7.44763e-08 2.81111e-06 6.25576e-05 0.000820807 0.00635095 0.0290055 0.0785649 0.129209 0.143063 0.14187 0.152303 0.1388 0.0910387 0.0473956 0.0232237 0.0108405 0.00465168 0.00184898 0.00066693 0.000210576 5.64369e-05 1.2621e-05 2.3697e-06
 1.06489e-11 1.15635e-09 7.40304e-08 2.79428e-06 6.21831e-05 0.000815896 0.00631304 0.0288343 0.0781282 0.128708 0.143503 0.144619 0.157059 0.142435 0.0907752 0.044219 0.0199725 0.00883319 0.00365219 0.00139285 0.00048054 0.000146542 3.83893e-05 8.32109e-06 1.44827e-06
 1.01482e-11 1.10197e-09 7.05492e-08 2.66288e-06 5.92591e-05 0.000777533 0.00601634 0.0274823 0.0745084 0.123094 0.138852 0.143767 0.159823 0.146652 0.0948404 0.0474391 0.0218089 0.00938468 0.0036254 0.0012873 0.000420206 0.000122148 3.06219e-05 6.40004e-06 1.07403e-06
 1.03819e-11 1.12735e-09 7.2174e-08 2.72421e-06 6.06239e-05 0.000795439 0.00615484 0.0281137 0.0762038 0.125763 0.14125 0.144793 0.159504 0.145379 0.0928063 0.0452 0.0202338 0.00868299 0.00338248 0.00118115 0.00036488 9.87913e-05 2.32317e-05 4.60524e-06 7.38938e-07
 9.61497e-12 1.04407e-09 6.68424e-08 2.52297e-06 5.61456e-05 0.000736687 0.00570048 0.0260443 0.070675 0.117286 0.134702 0.145065 0.166096 0.153235 0.0979652 0.0475367 0.0210495 0.00885204 0.00336498 0.00115773 0.000355207 9.39932e-05 2.09823e-05 3.88794e-06 5.85182e-07
 8.96524e-12 9.73518e-10 6.23256e-08 2.35248e-06 5.23517e-05 0.000686912 0.00531551 0.0242897 0.065973 0.109958 0.128461 0.14338 0.168735 0.157836 0.102911 0.0520022 0.0241587 0.0104113 0.00395493 0.00133882 0.000401863 0.000104367 2.28765e-05 4.105e-06 5.86353e-07
 1.01351e-11 1.10055e-09 7.04581e-08 2.65945e-06 5.91826e-05 0.000776529 0.00600855 0.0274463 0.0744048 0.122876 0.138389 0.142801 0.158422 0.145655 0.0950447 0.0486011 0.023107 0.0103086 0.00408987 0.00143288 0.000434384 0.000111609 2.39834e-05 4.21155e-06 5.86158e-07
 1.1233e-11 1.21977e-09 7.80909e-08 2.94755e-06 6.55938e-05 0.000860643 0.00665912 0.0304115 0.0823547 0.135292 0.149095 0.146087 0.154643 0.138375 0.0866066 0.0405367 0.0173066 0.0073101 0.00290399 0.00104839 0.000330689 8.77878e-05 1.91085e-05 3.33264e-06 4.55526e-07
 1.11339e-11 1.209e-09 7.74016e-08 2.92153e-06 6.50148e-05 0.000853047 0.00660042 0.0301451 0.081655 0.134318 0.148831 0.147736 0.158012 0.141275 0.0871037 0.0390421 0.0153909 0.00588126 0.002099 0.000699433 0.000215475 5.82971e-05 1.31253e-05 2.35394e-06 3.25469e-07
 1.10039e-11 1.19489e-09 7.64982e-08 2.88743e-06 6.4256e-05 0.000843093 0.00652344 0.0297945 0.0807191 0.132889 0.147755 0.147876 0.159291 0.142785 0.088109 0.0394757 0.0154405 0.00572932 0.00191551 0.000577082 0.000159205 3.96351e-05 8.63428e-06 1.56205e-06 2.21517e-07
 1.16232e-11 1.26214e-09 8.08031e-08 3.04992e-06 6.78719e-05 0.000890531 0.00689029 0.0314651 0.0851791 0.1397 0.152884 0.147225 0.153325 0.136063 0.0842412 0.0382996 0.0153187 0.00576823 0.00192539 0.000565365 0.000146668 3.31442e-05 6.49247e-06 1.08542e-06 1.48754e-07
 1.20647e-11 1.31008e-09 8.38726e-08 3.16577e-06 7.04501e-05 0.000924357 0.00715193 0.0326582 0.088384 0.144757 0.157491 0.149374 0.153055 0.133926 0.0804073 0.0338163 0.0119658 0.00413133 0.00135197 0.000400306 0.000103922 2.28843e-05 4.21256e-06 6.4205e-07 7.99036e-08
 1.22429e-11 1.32943e-09 8.51116e-08 3.21254e-06 7.14908e-05 0.00093801 0.00725751 0.0331389 0.0896658 0.146702 0.158897 0.148996 0.151069 0.131893 0.0795614 0.033909 0.0121482 0.00408688 0.00123137 0.00032984 8.06579e-05 1.74791e-05 3.19122e-06 4.72114e-07 5.52361e-08
 1.28463e-11 1.39495e-09 8.93061e-08 3.37086e-06 7.5014e-05 0.000984233 0.00761497 0.0347671 0.0940173 0.153386 0.164121 0.148984 0.146199 0.125956 0.0754972 0.0318598 0.011253 0.00376109 0.00113535 0.000299538 6.91106e-05 1.37464e-05 2.33998e-06 3.33838e-07 3.81904e-08
 1.22845e-11 1.33395e-09 8.54008e-08 3.22346e-06 7.17338e-05 0.000941199 0.00728218 0.0332517 0.0899736 0.147226 0.159556 0.149819 0.151987 0.132315 0.0789332 0.0326163 0.0110697 0.00355769 0.00104777 0.000272546 6.23408e-05 1.21636e-05 1.97198e-06 2.61737e-07 2.79878e-08
 1.15574e-11 1.25499e-09 8.03458e-08 3.03265e-06 6.74878e-05 0.000885493 0.00685139 0.0312894 0.0847297 0.139174 0.153276 0.149878 0.157926 0.139525 0.0838349 0.0350493 0.0121056 0.00391319 0.0011301 0.000283367 6.26199e-05 1.19431e-05 1.9039e-06 2.46496e-07 2.51979e-08
 1.25603e-11 1.3639e-09 8.73181e-08 3.29582e-06 7.33442e-05 0.000962326 0.00744556 0.0339956 0.091957 0.150235 0.161726 0.149213 0.14885 0.129012 0.0773647 0.0325531 0.0114045 0.00375043 0.00110086 0.000278904 6.11843e-05 1.13607e-05 1.7512e-06 2.20379e-07 2.20012e-08
 1.32142e-11 1.43491e-09 9.1864e-08 3.46741e-06 7.71625e-05 0.00101242 0.00783298 0.0357607 0.0966794 0.15753 0.16763 0.149868 0.144592 0.123258 0.0726838 0.0293935 0.00958603 0.00296239 0.00085258 0.00021772 4.85122e-05 9.10532e-06 1.39944e-06 1.72713e-07 1.67491e-08
 1.2911e-11 1.40197e-09 8.97557e-08 3.38783e-06 7.53917e-05 0.000989189 0.00765333 0.0349428 0.0944994 0.154228 0.165278 0.150628 0.148193 0.127025 0.0744515 0.0294063 0.00909733 0.00261876 0.000700878 0.000166811 3.54824e-05 6.58103e-06 1.01924e-06 1.26908e-07 1.2293e-08
 1.2832e-11 1.3934e-09 8.9207e-08 3.36712e-06 7.49307e-05 0.000983141 0.00760655 0.0347293 0.0939236 0.153301 0.164345 0.149943 0.147791 0.127134 0.075325 0.0306847 0.0100693 0.00304593 0.000812736 0.00018369 3.6226e-05 6.23463e-06 9.13256e-07 1.10739e-07 1.06887e-08
#obs catch len freq
 5.47254e-12 5.94254e-10 3.80446e-08 1.436e-06 3.19565e-05 0.000419303 0.00324465 0.0148262 0.0402614 0.067055 0.0782661 0.0884278 0.111242 0.125609 0.121905 0.10889 0.0887858 0.0655661 0.0437978 0.0251434 0.0115067 0.0039177 0.000936363 0.000149915 1.55162e-05
 5.52314e-12 5.99748e-10 3.83964e-08 1.44928e-06 3.22519e-05 0.000423179 0.00327462 0.014962 0.0406095 0.0674279 0.0776022 0.0850423 0.10611 0.125075 0.130113 0.119696 0.0937324 0.0635805 0.0388987 0.0208358 0.00898195 0.00286511 0.000634616 9.33458e-05 8.8366e-06
 5.75902e-13 6.25363e-11 4.00367e-09 1.51126e-07 3.36386e-06 4.41856e-05 0.000343764 0.00161249 0.00493345 0.0125414 0.0338674 0.0813444 0.138263 0.166037 0.161417 0.141339 0.109803 0.073656 0.0426466 0.0209203 0.00823938 0.00241934 0.000494685 6.70249e-05 5.82316e-06
 8.432e-12 9.15616e-10 5.86185e-08 2.21256e-06 4.92372e-05 0.000646003 0.00499726 0.0227958 0.0613691 0.0979039 0.0947003 0.0638156 0.0539865 0.0850315 0.130163 0.142158 0.111437 0.0692506 0.036968 0.0167535 0.00602803 0.00160615 0.000298577 3.69316e-05 2.9364e-06
 1.05783e-11 1.14868e-09 7.35396e-08 2.77577e-06 6.17715e-05 0.000810517 0.00627214 0.0286607 0.0777914 0.128871 0.145384 0.146256 0.151615 0.128226 0.0771246 0.0410378 0.0280265 0.0204495 0.0119232 0.00524948 0.00173806 0.000419688 7.04852e-05 7.88458e-06 5.68559e-07
 1.06964e-11 1.1615e-09 7.43601e-08 2.80673e-06 6.24605e-05 0.000819547 0.00634158 0.0289676 0.0784811 0.12887 0.140336 0.130814 0.13252 0.128234 0.103362 0.0673822 0.0336623 0.0130693 0.00469592 0.00170946 0.000530093 0.000119391 1.83066e-05 1.8514e-06 1.20504e-07
 1.20241e-11 1.30568e-09 8.35904e-08 3.15513e-06 7.02136e-05 0.000921263 0.00712818 0.0325498 0.0880379 0.143392 0.150856 0.127994 0.117484 0.112039 0.0950852 0.0672667 0.0366944 0.0147047 0.00442083 0.00107691 0.000229406 4.14458e-05 5.61898e-06 5.16553e-07 3.05781e-08
 1.19417e-11 1.29673e-09 8.30179e-08 3.13352e-06 6.9733e-05 0.000914973 0.00708002 0.0323396 0.0875787 0.143354 0.15343 0.135022 0.126031 0.115293 0.0904749 0.0595511 0.0313624 0.0126056 0.00383325 0.000881179 0.000152564 2.00389e-05 2.00165e-06 1.46964e-07 7.45339e-09
 1.17796e-11 1.27912e-09 8.18907e-08 3.09098e-06 6.87864e-05 0.000902564 0.00698432 0.0319081 0.0864658 0.141843 0.152761 0.135921 0.128033 0.118162 0.0931542 0.0598475 0.0294938 0.0107538 0.00295615 0.000626938 0.000100743 1.17682e-05 9.68075e-07 5.52051e-08 2.15915e-09
 1.18505e-11 1.28682e-09 8.23836e-08 3.10959e-06 6.92007e-05 0.000908009 0.00702672 0.0321058 0.0870352 0.142917 0.154116 0.136791 0.127791 0.11746 0.0926166 0.059143 0.0286577 0.0101291 0.0026343 0.00051343 7.45773e-05 7.85744e-06 5.80584e-07 2.9157e-08 9.71057e-10
 1.25826e-11 1.36633e-09 8.74734e-08 3.3017e-06 7.34762e-05 0.000964112 0.00746093 0.0340895 0.0923939 0.151484 0.162026 0.140024 0.125847 0.112452 0.0863057 0.0528185 0.0240248 0.00781602 0.00184478 0.000324988 4.27125e-05 4.06443e-06 2.70077e-07 1.21554e-08 3.61586e-10
 1.18548e-11 1.28729e-09 8.24134e-08 3.11072e-06 6.92267e-05 0.000908386 0.00703071 0.0321419 0.0873053 0.1443 0.158396 0.1444 0.135143 0.119828 0.088537 0.0514755 0.0220758 0.00668938 0.00144138 0.000227129 2.64298e-05 2.22845e-06 1.3187e-07 5.30757e-09 1.41461e-10
 1.16157e-11 1.26133e-09 8.07516e-08 3.048e-06 6.78312e-05 0.000890092 0.00688957 0.0315035 0.0856275 0.14178 0.156215 0.143131 0.135105 0.122217 0.0923301 0.0537852 0.0224714 0.00647687 0.00129896 0.000186562 1.94523e-05 1.45371e-06 7.58703e-08 2.69331e-09 6.3523e-11
 1.0875e-11 1.1809e-09 7.56024e-08 2.85365e-06 6.3507e-05 0.000833391 0.0064519 0.0295227 0.0804463 0.134365 0.151875 0.145824 0.142347 0.1289 0.0956908 0.0542495 0.0219585 0.0061148 0.00117725 0.000160104 1.55089e-05 1.0568e-06 4.95658e-08 1.56625e-09 3.27172e-11
 9.05049e-12 9.82778e-10 6.29186e-08 2.37491e-06 5.28544e-05 0.000693673 0.0053724 0.0246197 0.0674527 0.114822 0.137181 0.145582 0.15469 0.146078 0.110017 0.0616528 0.0241012 0.00637265 0.00115094 0.000145784 1.31187e-05 8.28832e-07 3.58615e-08 1.03688e-09 1.96409e-11
 8.39085e-12 9.11149e-10 5.83329e-08 2.20183e-06 4.90032e-05 0.000643163 0.00498206 0.0228435 0.0626913 0.10723 0.129647 0.140854 0.155414 0.153971 0.120261 0.0677622 0.025862 0.0065374 0.00111001 0.000130295 1.07611e-05 6.21776e-07 2.46122e-08 6.51862e-10 1.13146e-11
 1.15553e-11 1.25477e-09 8.0332e-08 3.03219e-06 6.74812e-05 0.000885579 0.00685654 0.0313778 0.0854655 0.142121 0.157247 0.143361 0.13508 0.124871 0.0947571 0.0523313 0.0196888 0.00494353 0.000836782 9.71397e-05 7.77318e-06 4.24584e-07 1.55784e-08 3.77998e-10 5.97998e-12
 1.01535e-11 1.10255e-09 7.05867e-08 2.66439e-06 5.92995e-05 0.000778375 0.00603108 0.0276736 0.0760704 0.130324 0.156102 0.160595 0.157242 0.132823 0.0883261 0.0439232 0.015538 0.00379368 0.000637237 7.3966e-05 5.89688e-06 3.17359e-07 1.13024e-08 2.61892e-10 3.89588e-12
 9.63022e-12 1.04573e-09 6.69493e-08 2.5271e-06 5.62446e-05 0.000738298 0.00572094 0.0262533 0.0721621 0.123482 0.147417 0.152501 0.155795 0.141976 0.100791 0.0510131 0.0174442 0.00396773 0.000609572 6.48296e-05 4.81738e-06 2.46511e-07 8.45473e-09 1.89352e-10 2.71422e-12
 9.75661e-12 1.05946e-09 6.78283e-08 2.5603e-06 5.69851e-05 0.000748081 0.00579818 0.0266265 0.0733242 0.126001 0.151321 0.15621 0.156365 0.138378 0.0958945 0.0480954 0.0166172 0.00387937 0.000612335 6.55466e-05 4.73777e-06 2.28868e-07 7.30094e-09 1.5192e-10 2.03536e-12
 1.07709e-11 1.1696e-09 7.48799e-08 2.82648e-06 6.29099e-05 0.000825858 0.00640069 0.0293836 0.0807831 0.137862 0.161859 0.159535 0.151896 0.129032 0.0854893 0.0404915 0.0130711 0.00283965 0.000419774 4.27548e-05 2.98913e-06 1.40628e-07 4.3453e-09 8.64298e-11 1.091e-12
 1.06051e-11 1.1516e-09 7.37278e-08 2.78305e-06 6.19464e-05 0.000813343 0.00630679 0.0289943 0.0800404 0.13806 0.165589 0.166494 0.156605 0.127282 0.0799096 0.0360192 0.0111385 0.00232207 0.000327552 3.15137e-05 2.06473e-06 9.09375e-08 2.64315e-09 4.97648e-11 5.97024e-13
 1.11254e-11 1.20809e-09 7.73449e-08 2.9196e-06 6.49869e-05 0.000853288 0.00661673 0.0304164 0.0838938 0.144104 0.170488 0.167027 0.153474 0.12289 0.0755547 0.0328273 0.00963306 0.0018826 0.000246945 2.20157e-05 1.33657e-06 5.45892e-08 1.47139e-09 2.56836e-11 2.85826e-13
 1.11904e-11 1.21516e-09 7.77976e-08 2.93675e-06 6.53723e-05 0.000858487 0.00665999 0.0306514 0.084794 0.14662 0.17527 0.172211 0.15486 0.118982 0.0698698 0.0291244 0.00825275 0.00156236 0.000197785 1.68312e-05 9.61487e-07 3.65058e-08 9.08159e-10 1.45889e-11 1.4935e-13
 1.0106e-11 1.09741e-09 7.02605e-08 2.65235e-06 5.90489e-05 0.000775724 0.00602405 0.0278042 0.0775265 0.136788 0.170574 0.177238 0.164926 0.126736 0.0727581 0.0292467 0.00792679 0.0014287 0.000171758 1.38599e-05 7.49409e-07 2.68376e-08 6.26292e-10 9.37656e-12 8.89104e-14
 9.1738e-12 9.96187e-10 6.37807e-08 2.40785e-06 5.36126e-05 0.000704556 0.00547663 0.0253422 0.0711335 0.127562 0.164408 0.178847 0.172987 0.135591 0.0777519 0.030604 0.00799487 0.00137263 0.000155758 1.17825e-05 5.94838e-07 1.98624e-08 4.32199e-10 6.03397e-12 5.33194e-14
 1.091e-11 1.18472e-09 7.58511e-08 2.86347e-06 6.37522e-05 0.000837579 0.00650473 0.0300108 0.0834631 0.145769 0.176845 0.176231 0.159278 0.120497 0.0672609 0.0256293 0.00643236 0.00105356 0.000113233 8.05203e-06 3.79508e-07 1.17699e-08 2.37131e-10 3.06072e-12 2.49946e-14
 9.48575e-12 1.03008e-09 6.59533e-08 2.49013e-06 5.54597e-05 0.000729328 0.00567867 0.0263807 0.0746795 0.135919 0.177468 0.189758 0.172113 0.123107 0.0642267 0.0232275 0.00564367 0.00090746 9.61447e-05 6.69929e-06 3.05396e-07 9.02495e-09 1.71038e-10 2.05735e-12 1.55628e-14
 1.01824e-11 1.10573e-09 7.07966e-08 2.67295e-06 5.95273e-05 0.000782624 0.00608859 0.0282111 0.0792531 0.141497 0.178417 0.184862 0.16764 0.121814 0.0634099 0.0221239 0.00502432 0.000738637 7.08842e-05 4.49e-06 1.88391e-07 5.1946e-09 9.26804e-11 1.05222e-12 7.49556e-15
#spawning biomass
 9064.72 8675.63 7450.84 8583.77 14603.6 22842.2 30112.3 45281.2 60664.5 84299.7 111762 150466 166652 184593 187861 177176 173895 184964 192163 204767 195004 216357 248845 283938 287240 272126 278704 291956 339250 403871 518005 368438 233344 141461 87376.4 58213.4 43373.6 36120.2 32676.1 31075.1 30342.6 30011.5 29863.2 29797.1 29767.7 29755 29749.4 29747 29746 29745.5 29745.3 29745.3 29745.2 29745.2 29745.2 29745.2 29745.2 29745.2 29745.2 29745.2 29745.2 29745.2 29745.2 29745.2 29745.2 29745.2 29745.2 29745.2 29745.2 29745.2 29745.2 29745.2 29745.2 29745.2 29745.2 29745.2 29745.2 29745.2 29745.2 29745.2 29745.2 29745.2 29745.2 29745.2 29745.2 29745.2 29745.2 29745.2 29745.2 29745.2 29745.2 29745.2 29745.2 29745.2 29745.2 29745.2 29745.2 29745.2 29745.2 29745.2 29745.2 29745.2 29745.2 29745.2 29745.2 29745.2 29745.2 29745.2 29745.2 29745.2 29745.2 29745.2 29745.2 29745.2 29745.2 29745.2 29745.2 29745.2 29745.2 29745.2 29745.2 29745.2 29745.2 29745.2 29745.2 29745.2 29745.2 29745.2 29745.2 0 0 0 0 0 0 0 0 0 0 0 0 0 0 0 0 0 0 0 0 0 0 0 0 0
