SBPRF35
0.224663
Curr Bio
40388
B35
180712
F35
0.342458
FOFL
0
OFL
0
Bzero
64189.3
#pred survey bio
 5888.91 7335.09 7912.84 7351.26 9343.09 12823.6 14613.3 17079.9 29126.7 53200.8 65672.7 84040.5 112101 139397 148588 126287 118209 111660 108954 106635 117376 131887 137721 145303 156133 168214 160349 135391 2.66745e+06 3.06775e+06 2.59613e+06 1.96701e+06 1.48913e+06 1.18449e+06 1.00585e+06 905471 850121 819699 802846 793362 787910 784702 782765 781565 780813 780333 780023 779819 779685 779595 779536 779495 779469 779450 779438 779430 779424 779421 779418 779416 779415 779414 779414 779413 779413 779413 779413 779413 779413 779413 779413 779413 779413 779413 779413 779413 779413 779413 779413 779413 779413 779413 779413 779413 779413 779413 779413 779413 779413 779413 779413 779413 779413 779413 779413 779413 779413 779413 779413 779413 779413 779413 779413 779413 779413 779413 779413 779413 779413 779413 779413 779413 779413 779413 779413 779413 779413 779413 779413 779413 779413 779413 779413 779413 779413 779413 779413 779413 0 0 0 0 0 0 0 0 0 0 0 0 0 0 0 0 0 0 0 0 0 0 0 0 0
#obs survey bio
 5258.85 7417.77 9971.51 8682.12 15225.8 13290.1 23248 23718.1 41944.4 61142.7 65746.1 96043.6 124614 146977 185295 101149 154706 73161.6 94461 98343.9 118994 103801 172754 157536 140817 150794 135286 143286
#pred catch bio
 3416.79 5130.34 5963.79 5362.26 6521.93 9331.71 10977.3 11732.7 17785.3 38156.1 46528.2 59739.5 80451 99139.9 112656 94149.4 88568.6 84172.7 82590.1 77656.8 84982.1 98354.5 100420 104241 108558 118648 119712 112696 0 35063.1 28797.7 21206.8 15662.3 12248 10327 9302.88 8775.22 8509.36 8377.4 8312.55 8280.91 8265.54 8258.1 8254.5 8252.77 8251.94 8251.54 8251.34 8251.25 8251.21 8251.19 8251.18 8251.17 8251.17 8251.17 8251.17 8251.17 8251.17 8251.17 8251.17 8251.17 8251.17 8251.17 8251.17 8251.17 8251.17 8251.17 8251.17 8251.17 8251.17 8251.17 8251.17 8251.17 8251.17 8251.17 8251.17 8251.17 8251.17 8251.17 8251.17 8251.17 8251.17 8251.17 8251.17 8251.17 8251.17 8251.17 8251.17 8251.17 8251.17 8251.17 8251.17 8251.17 8251.17 8251.17 8251.17 8251.17 8251.17 8251.17 8251.17 8251.17 8251.17 8251.17 8251.17 8251.17 8251.17 8251.17 8251.17 8251.17 8251.17 8251.17 8251.17 8251.17 8251.17 8251.17 8251.17 8251.17 8251.17 8251.17 8251.17 8251.17 8251.17 8251.17 8251.17 8251.17 8251.17 8251.17 8251.17 0 0 0 0 0 0 0 0 0 0 0 0 0 0 0 0 0 0 0 0 0 0 0 0 0
#obs catch bio
 4708.49 5130.19 6010.95 5290.64 6288.98 9320.85 10861.7 11386.4 17070.9 36705.4 44873.1 58176.7 78649.1 97944.2 112314 95349 87448.3 85230.7 83916.7 78133.3 85254.4 100174 100022 102938 108170 116996 120285 113450
#pred cpue bio
 5446.66 6493.13 7043.51 6522.4 8127.37 11244 12898 14901.6 25134.6 46497.5 57771.2 73697.4 97977 122513 132571 112800 104940 99165.8 96298.9 94275.5 103589 116387 121575 128805 138430 150094 144117 121073 2.31972e+06 3.06174e+06 2.57612e+06 1.942e+06 1.4636e+06 1.15892e+06 980278 879897 824547 794125 777272 767788 762336 759127 757191 755991 755239 754759 754449 754245 754111 754021 753961 753921 753894 753876 753864 753856 753850 753846 753844 753842 753841 753840 753840 753839 753839 753839 753839 753839 753839 753839 753839 753839 753839 753839 753839 753839 753839 753839 753839 753839 753839 753839 753839 753839 753839 753839 753839 753839 753839 753839 753839 753839 753839 753839 753839 753839 753839 753839 753839 753839 753839 753839 753839 753839 753839 753839 753839 753839 753839 753839 753839 753839 753839 753839 753839 753839 753839 753839 753839 753839 753839 753839 753839 753839 753839 753839 753839 753839 0 0 0 0 0 0 0 0 0 0 0 0 0 0 0 0 0 0 0 0 0 0 0 0 0
#obs cpue bio
 6739.34 7423.05 4592.28 7722.1 10234.5 8469.25 10586.8 19551.7 37292.3 70172.4 97629.9 91823.5 123495 131562 108853 105093 113144 106462 85920.1 95378 98479 103608 118407 151711 151534 226314 141669 104967
#pred surv len freq
 2.14641e-27 2.17467e-27 6.75165e-27 1.56615e-21 9.31451e-17 1.27359e-12 4.00356e-09 2.89338e-06 0.000480731 0.0183636 0.16127 0.325608 0.151527 0.0264709 0.0635567 0.0891585 0.0361225 0.0286159 0.025396 0.0170858 0.0143527 0.012397 0.0127731 0.0118468 0.00497216
 2.14874e-27 2.18156e-27 7.53811e-27 1.83303e-21 1.09017e-16 1.49062e-12 4.68578e-09 3.38642e-06 0.000562649 0.0214928 0.188751 0.381091 0.177229 0.0278265 0.0551149 0.0769495 0.0281902 0.0138858 0.0109757 0.00581194 0.00400585 0.00282299 0.00241334 0.0020314 0.000841841
 2.14778e-27 2.17937e-27 7.31008e-27 1.75567e-21 1.04416e-16 1.42771e-12 4.48802e-09 3.2435e-06 0.000538903 0.0205857 0.180785 0.365009 0.169864 0.0297146 0.0714896 0.0999257 0.0350023 0.0122256 0.00847083 0.00313061 0.00150708 0.00077699 0.000492117 0.000343796 0.000134732
 2.148e-27 2.17996e-27 7.37701e-27 1.77839e-21 1.05768e-16 1.44618e-12 4.54609e-09 3.28547e-06 0.000545877 0.0208521 0.183124 0.369732 0.172034 0.029341 0.0677858 0.0947508 0.0338306 0.0138634 0.00973518 0.00291852 0.000972123 0.000313166 0.000119442 5.86419e-05 2.01519e-05
 2.14951e-27 2.18367e-27 7.77035e-27 1.91182e-21 1.13703e-16 1.55469e-12 4.88719e-09 3.53198e-06 0.000586834 0.0224167 0.196864 0.397472 0.18481 0.0280412 0.05149 0.0717698 0.0255622 0.0102831 0.00726594 0.0023641 0.000820155 0.000197704 4.05552e-05 1.02247e-05 2.57196e-06
 2.14889e-27 2.18211e-27 7.60161e-27 1.85456e-21 1.10298e-16 1.50813e-12 4.74082e-09 3.4262e-06 0.000569259 0.0217453 0.190968 0.385568 0.17934 0.0289241 0.0604675 0.0843726 0.0293132 0.0094534 0.00630793 0.00203497 0.00071503 0.000181261 3.15256e-05 3.95251e-06 4.91617e-07
 2.14839e-27 2.18089e-27 7.4729e-27 1.81091e-21 1.07702e-16 1.47263e-12 4.62922e-09 3.34555e-06 0.000555858 0.0212334 0.186473 0.376492 0.175156 0.0292607 0.0652581 0.0911484 0.0320279 0.0114909 0.00778831 0.00223817 0.000673304 0.000167165 2.94576e-05 3.15044e-06 2.00608e-07
 2.14928e-27 2.18309e-27 7.70711e-27 1.89036e-21 1.12427e-16 1.53724e-12 4.83233e-09 3.49234e-06 0.000580247 0.022165 0.194654 0.39301 0.182759 0.0283713 0.0548501 0.0764901 0.0270178 0.0101484 0.00699763 0.00211535 0.000663478 0.00014762 2.30593e-05 2.37865e-06 1.28034e-07
 2.15004e-27 2.18495e-27 7.90369e-27 1.95704e-21 1.16393e-16 1.59146e-12 5.00278e-09 3.61553e-06 0.000600714 0.0229469 0.201521 0.406873 0.189146 0.0277841 0.0470874 0.0655315 0.0229217 0.00789221 0.00533963 0.00165841 0.000545675 0.000126989 1.95414e-05 1.80889e-06 8.87911e-08
 2.14912e-27 2.18269e-27 7.66261e-27 1.87526e-21 1.11529e-16 1.52496e-12 4.79372e-09 3.46443e-06 0.00057561 0.0219879 0.193099 0.38987 0.181321 0.0287274 0.0579701 0.0808533 0.0280867 0.00904093 0.00597315 0.00177742 0.000557173 0.000132939 2.14931e-05 2.01785e-06 9.32162e-08
 2.14864e-27 2.18151e-27 7.53877e-27 1.83325e-21 1.0903e-16 1.49079e-12 4.68633e-09 3.38682e-06 0.000562716 0.0214954 0.188773 0.381137 0.177296 0.0290716 0.0627039 0.0875417 0.0306682 0.0107067 0.00720531 0.00206607 0.000606817 0.000137903 2.1757e-05 2.10423e-06 9.97784e-08
 2.1489e-27 2.18216e-27 7.60873e-27 1.85699e-21 1.10442e-16 1.5101e-12 4.74702e-09 3.43069e-06 0.000570003 0.0217737 0.191218 0.386073 0.179564 0.0286968 0.0589285 0.0822417 0.0290889 0.0110515 0.00763032 0.00227855 0.000702389 0.000154223 2.27763e-05 2.11424e-06 1.00341e-07
 2.14914e-27 2.18275e-27 7.67084e-27 1.87805e-21 1.11695e-16 1.52723e-12 4.80087e-09 3.4696e-06 0.000576469 0.0220207 0.193387 0.390452 0.181583 0.0285506 0.056716 0.0791095 0.0277943 0.00996712 0.0068196 0.0021291 0.000702652 0.000161529 2.43527e-05 2.16484e-06 9.76185e-08
 2.14871e-27 2.18169e-27 7.55754e-27 1.83961e-21 1.09409e-16 1.49597e-12 4.70261e-09 3.39859e-06 0.00056467 0.02157 0.189429 0.38246 0.177906 0.029015 0.0619592 0.0864882 0.0302418 0.0103769 0.00699338 0.00211864 0.000680858 0.000163575 2.63611e-05 2.43224e-06 1.08628e-07
 2.1475e-27 2.17872e-27 7.24394e-27 1.73324e-21 1.03082e-16 1.40947e-12 4.43068e-09 3.20207e-06 0.000532019 0.0203228 0.178476 0.360346 0.167718 0.0299771 0.0744983 0.104185 0.0367877 0.0137752 0.00946855 0.00280511 0.000867204 0.000202235 3.25792e-05 3.16218e-06 1.48315e-07
 2.14744e-27 2.17857e-27 7.23166e-27 1.72909e-21 1.02835e-16 1.40609e-12 4.42007e-09 3.19439e-06 0.000530744 0.0202741 0.178048 0.359482 0.167311 0.0297596 0.0734306 0.102722 0.036845 0.015634 0.0111056 0.00343635 0.00111806 0.000256005 3.96762e-05 3.79001e-06 1.8207e-07
 2.14796e-27 2.17988e-27 7.37006e-27 1.77604e-21 1.05628e-16 1.44427e-12 4.54009e-09 3.28114e-06 0.000545156 0.0208246 0.182883 0.369244 0.171805 0.0292594 0.0674349 0.0942703 0.0338464 0.0144727 0.0103847 0.00344699 0.00123119 0.000297035 4.74119e-05 4.43202e-06 2.0782e-07
 2.14791e-27 2.17974e-27 7.35373e-27 1.77049e-21 1.05298e-16 1.43976e-12 4.5259e-09 3.27088e-06 0.000543452 0.0207595 0.182311 0.36809 0.17128 0.0294758 0.0691035 0.0965944 0.0342874 0.013425 0.00945606 0.00315579 0.00115634 0.000300892 5.24649e-05 5.14218e-06 2.42455e-07
 2.1483e-27 2.1807e-27 7.45523e-27 1.80492e-21 1.07346e-16 1.46776e-12 4.61393e-09 3.3345e-06 0.000554022 0.0211633 0.185857 0.375248 0.174576 0.0291253 0.0648066 0.0905408 0.0321974 0.012789 0.00898216 0.00285357 0.000990493 0.000259754 4.76848e-05 5.07469e-06 2.55378e-07
 2.14827e-27 2.1806e-27 7.44372e-27 1.80101e-21 1.07113e-16 1.46458e-12 4.60393e-09 3.32727e-06 0.000552821 0.0211174 0.185454 0.374435 0.174206 0.0292763 0.0659735 0.0921664 0.0325114 0.0120765 0.00835773 0.00267151 0.000921981 0.000230626 4.09745e-05 4.48891e-06 2.41106e-07
 2.14841e-27 2.18097e-27 7.48357e-27 1.81453e-21 1.07917e-16 1.47558e-12 4.6385e-09 3.35226e-06 0.000556972 0.021276 0.186847 0.377247 0.175498 0.0290669 0.0638479 0.0891844 0.0316535 0.0123754 0.00863277 0.00266632 0.000883372 0.00021979 3.81197e-05 4.02713e-06 2.16865e-07
 2.14842e-27 2.18097e-27 7.48374e-27 1.81459e-21 1.07921e-16 1.47562e-12 4.63864e-09 3.35236e-06 0.00055699 0.0212766 0.186852 0.377258 0.175504 0.0290994 0.0640425 0.0894518 0.0316525 0.0120725 0.00840078 0.00266504 0.000904466 0.000218388 3.66294e-05 3.78963e-06 1.98452e-07
 2.14839e-27 2.18089e-27 7.47465e-27 1.8115e-21 1.07737e-16 1.47311e-12 4.63075e-09 3.34665e-06 0.000556041 0.0212404 0.186534 0.376616 0.17521 0.0291726 0.0646829 0.0903479 0.0318804 0.0118736 0.00820147 0.00256597 0.000862408 0.000212616 3.58252e-05 3.59938e-06 1.83231e-07
 2.14805e-27 2.18008e-27 7.38889e-27 1.78241e-21 1.06007e-16 1.44946e-12 4.55638e-09 3.29291e-06 0.000547112 0.0208993 0.183539 0.370569 0.172424 0.0294236 0.0680379 0.0950852 0.0336657 0.0129011 0.0089593 0.00276938 0.000913347 0.000222269 3.74691e-05 3.79914e-06 1.90957e-07
 2.14805e-27 2.18009e-27 7.39106e-27 1.78316e-21 1.06051e-16 1.45006e-12 4.55829e-09 3.29429e-06 0.000547341 0.0209081 0.183616 0.370724 0.172491 0.0292983 0.0672264 0.0939608 0.0335313 0.0136911 0.00966279 0.00303444 0.00101695 0.000244722 4.05049e-05 4.07622e-06 2.05447e-07
 2.14753e-27 2.17879e-27 7.25478e-27 1.73693e-21 1.03302e-16 1.41247e-12 4.44011e-09 3.20888e-06 0.000533151 0.020366 0.178855 0.361113 0.168063 0.0297076 0.072622 0.101574 0.0363204 0.0150622 0.0107125 0.00348783 0.0012246 0.000300628 5.01011e-05 4.97822e-06 2.47916e-07
 2.1469e-27 2.17728e-27 7.09577e-27 1.683e-21 1.00094e-16 1.36861e-12 4.30225e-09 3.10925e-06 0.000516597 0.0197337 0.173302 0.349901 0.162893 0.0300758 0.0782489 0.109534 0.039525 0.0175219 0.012646 0.00415662 0.00148903 0.000380175 6.60542e-05 6.67439e-06 3.31577e-07
 2.14736e-27 2.17842e-27 7.21751e-27 1.7243e-21 1.02551e-16 1.4022e-12 4.40783e-09 3.18555e-06 0.000529275 0.0202179 0.177555 0.358487 0.166845 0.0295956 0.0727294 0.101762 0.0368804 0.0168551 0.0122935 0.00419196 0.00156594 0.000407329 7.30585e-05 7.69339e-06 3.93066e-07
#obs surv len freq
 1.23622e-39 6.05042e-33 6.80803e-27 1.76117e-21 1.04744e-16 1.43218e-12 4.50207e-09 3.25365e-06 0.000540599 0.0206502 0.18135 0.366151 0.170375 0.0292481 0.0682988 0.0955096 0.0345684 0.0156598 0.0114488 0.00403324 0.00159471 0.000459145 9.63919e-05 1.25406e-05 8.38803e-07
 1.31394e-39 6.43081e-33 7.23605e-27 1.8719e-21 1.11329e-16 1.52222e-12 4.78511e-09 3.45821e-06 0.000574586 0.0219485 0.192751 0.38917 0.18098 0.02825 0.0552681 0.0771238 0.0278335 0.0123572 0.00898322 0.00312198 0.00121294 0.000342821 7.00711e-05 8.81838e-06 5.68747e-07
 1.15263e-39 5.64133e-33 6.34772e-27 1.64209e-21 9.76615e-17 1.33534e-12 4.19767e-09 3.03366e-06 0.000504047 0.019254 0.169088 0.341395 0.158992 0.0309082 0.0858939 0.120236 0.0422867 0.0153108 0.0106202 0.0036416 0.00139167 0.000386695 7.72935e-05 9.47041e-06 5.91572e-07
 1.34889e-39 6.60187e-33 7.42853e-27 1.92169e-21 1.1429e-16 1.56271e-12 4.91239e-09 3.5502e-06 0.00058987 0.0225323 0.197879 0.399521 0.185736 0.0274813 0.0474557 0.0661646 0.0246926 0.0134975 0.0100157 0.00306975 0.00102464 0.000275896 5.39947e-05 6.46509e-06 3.93344e-07
 1.39055e-39 6.80576e-33 7.65795e-27 1.98104e-21 1.1782e-16 1.61097e-12 5.06411e-09 3.65984e-06 0.000608088 0.0232282 0.20399 0.411859 0.191444 0.0275755 0.0443117 0.0616063 0.0213509 0.00672537 0.004572 0.00177504 0.000733187 0.000181036 3.16925e-05 3.64603e-06 2.16496e-07
 1.26958e-39 6.21372e-33 6.99178e-27 1.80871e-21 1.07571e-16 1.47083e-12 4.62358e-09 3.34147e-06 0.00055519 0.0212075 0.186244 0.376033 0.174956 0.0295744 0.0673124 0.0939931 0.0323358 0.00938202 0.00597067 0.00170421 0.000536112 0.000157606 3.09173e-05 3.28795e-06 1.81582e-07
 1.27454e-39 6.23801e-33 7.01912e-27 1.81578e-21 1.07991e-16 1.47658e-12 4.64165e-09 3.35453e-06 0.00055736 0.0212904 0.186973 0.377503 0.175613 0.0289646 0.0631469 0.0882185 0.031622 0.0133423 0.00934016 0.00255626 0.000688676 0.000151668 2.62295e-05 3.09576e-06 1.72869e-07
 1.42186e-39 6.959e-33 7.83038e-27 2.02564e-21 1.20473e-16 1.64725e-12 5.17813e-09 3.74225e-06 0.00062178 0.0237512 0.208583 0.421132 0.195707 0.0269239 0.0375388 0.0520988 0.0185365 0.00739753 0.00523038 0.0017314 0.000598012 0.000126571 1.74244e-05 1.66437e-06 9.1354e-08
 1.41985e-39 6.94917e-33 7.81932e-27 2.02278e-21 1.20303e-16 1.64492e-12 5.17082e-09 3.73696e-06 0.000620902 0.0237176 0.208288 0.420538 0.195447 0.0273263 0.0401749 0.0557515 0.0189688 0.00481736 0.00296071 0.000950451 0.000334219 8.49428e-05 1.36842e-05 1.17499e-06 5.22957e-08
 1.34593e-39 6.58738e-33 7.41222e-27 1.91747e-21 1.14039e-16 1.55928e-12 4.90161e-09 3.54241e-06 0.000588576 0.0224828 0.197444 0.398644 0.185369 0.0284841 0.053841 0.0750041 0.0256303 0.00686745 0.00420782 0.00108466 0.00027068 6.48398e-05 1.1343e-05 1.1357e-06 5.17449e-08
 1.32335e-39 6.47689e-33 7.2879e-27 1.88531e-21 1.12127e-16 1.53313e-12 4.8194e-09 3.48299e-06 0.000578704 0.0221057 0.194133 0.391958 0.182282 0.0285846 0.0564699 0.0787501 0.0275056 0.00933288 0.00617989 0.00162771 0.000400857 7.645e-05 1.02187e-05 1.00097e-06 5.04913e-08
 1.36122e-39 6.66222e-33 7.49644e-27 1.93926e-21 1.15335e-16 1.577e-12 4.9573e-09 3.58265e-06 0.000595263 0.0227383 0.199688 0.403173 0.187442 0.0279443 0.0491809 0.0684882 0.0240447 0.0085627 0.00580996 0.00170951 0.000506173 9.9971e-05 1.21158e-05 9.31975e-07 4.07092e-08
 1.33874e-39 6.55222e-33 7.37266e-27 1.90724e-21 1.13431e-16 1.55096e-12 4.87545e-09 3.5235e-06 0.000585434 0.0223628 0.19639 0.396517 0.184382 0.0284096 0.0540281 0.0752952 0.0261023 0.00822927 0.00541311 0.00163406 0.000514891 0.000114758 1.6041e-05 1.22534e-06 4.56207e-08
 1.28785e-39 6.30311e-33 7.09236e-27 1.83473e-21 1.09118e-16 1.49199e-12 4.69009e-09 3.38954e-06 0.000563177 0.0215126 0.188924 0.381442 0.177438 0.0290781 0.062652 0.0874652 0.0305942 0.010529 0.0070526 0.0020062 0.00058394 0.000133339 2.04129e-05 1.76944e-06 7.05769e-08
 1.16493e-39 5.70151e-33 6.41543e-27 1.65961e-21 9.87034e-17 1.34959e-12 4.24245e-09 3.06603e-06 0.000509425 0.0194594 0.170892 0.345037 0.160665 0.0306121 0.0829888 0.116173 0.041292 0.016329 0.0113718 0.0033773 0.00103065 0.000224056 3.27932e-05 2.98299e-06 1.3155e-07
 1.26422e-39 6.18747e-33 6.96224e-27 1.80107e-21 1.07116e-16 1.46462e-12 4.60404e-09 3.32735e-06 0.000552844 0.0211179 0.185458 0.374444 0.174185 0.0286082 0.0618928 0.0865289 0.0320751 0.0168807 0.0125219 0.00401025 0.00135919 0.000311104 4.62945e-05 4.06329e-06 1.79693e-07
 1.23364e-39 6.03779e-33 6.79382e-27 1.7575e-21 1.04525e-16 1.42919e-12 4.49267e-09 3.24686e-06 0.000539471 0.0206071 0.180972 0.365387 0.170032 0.0295217 0.0701993 0.0981449 0.0349021 0.0138856 0.0099928 0.00379467 0.00155495 0.000393202 6.44295e-05 5.90431e-06 2.60089e-07
 1.27251e-39 6.22807e-33 7.00792e-27 1.81288e-21 1.07819e-16 1.47423e-12 4.63425e-09 3.34919e-06 0.000556472 0.0212565 0.186675 0.376901 0.175329 0.0288095 0.0623811 0.0871603 0.0315217 0.0141929 0.0102477 0.00331173 0.00121681 0.000359693 7.04571e-05 7.22175e-06 3.40957e-07
 1.24552e-39 6.09594e-33 6.85925e-27 1.77442e-21 1.05532e-16 1.44295e-12 4.53594e-09 3.27813e-06 0.000544666 0.0208055 0.182714 0.368905 0.171653 0.0293775 0.0682586 0.0954112 0.0339721 0.0136382 0.00970352 0.00334919 0.00126177 0.000329484 6.40934e-05 7.66529e-06 4.15715e-07
 1.26368e-39 6.18485e-33 6.95929e-27 1.8003e-21 1.07071e-16 1.464e-12 4.60209e-09 3.32594e-06 0.00055261 0.021109 0.185379 0.374285 0.174127 0.0289976 0.0643174 0.0898797 0.032348 0.0140749 0.0101003 0.00327091 0.001171 0.000317026 5.9884e-05 6.84581e-06 4.0061e-07
 1.27586e-39 6.24446e-33 7.02636e-27 1.81765e-21 1.08103e-16 1.47811e-12 4.64645e-09 3.358e-06 0.000557936 0.0213124 0.187166 0.377893 0.175791 0.0288986 0.0626262 0.0874806 0.0312897 0.0130081 0.00930142 0.00314848 0.00116274 0.000299565 5.51225e-05 6.26548e-06 3.57235e-07
 1.265e-39 6.19132e-33 6.96657e-27 1.80219e-21 1.07183e-16 1.46553e-12 4.60691e-09 3.32942e-06 0.000553188 0.0211311 0.185573 0.374677 0.174312 0.0291063 0.0648631 0.0906262 0.0323016 0.0130687 0.00925922 0.00305638 0.00111224 0.000296092 5.46106e-05 6.00138e-06 3.35987e-07
 1.26663e-39 6.19928e-33 6.97553e-27 1.8045e-21 1.07321e-16 1.46742e-12 4.61283e-09 3.33371e-06 0.0005539 0.0211583 0.185812 0.375159 0.174531 0.0290273 0.0642355 0.089752 0.0321367 0.0134647 0.00959346 0.00311758 0.00110695 0.000288406 5.3261e-05 5.92648e-06 3.26728e-07
 1.26158e-39 6.17457e-33 6.94773e-27 1.79731e-21 1.06893e-16 1.46157e-12 4.59445e-09 3.32042e-06 0.000551692 0.0210739 0.185071 0.373664 0.173843 0.0290902 0.0650702 0.0909292 0.0325583 0.0136438 0.0097458 0.00322993 0.00116709 0.000299256 5.38666e-05 5.92857e-06 3.28201e-07
 1.26865e-39 6.20915e-33 6.98663e-27 1.80738e-21 1.07491e-16 1.46975e-12 4.62017e-09 3.33901e-06 0.000554781 0.0211919 0.186107 0.375756 0.174805 0.0289681 0.0636944 0.0889932 0.0319196 0.0135481 0.00970339 0.00321798 0.00116979 0.000305231 5.52179e-05 5.96281e-06 3.24677e-07
 1.19811e-39 5.8639e-33 6.59816e-27 1.70688e-21 1.01515e-16 1.38803e-12 4.36328e-09 3.15335e-06 0.000523934 0.0200136 0.175759 0.354864 0.165184 0.0299636 0.0760681 0.106437 0.038114 0.0159812 0.011428 0.00381862 0.00139998 0.000366804 6.71038e-05 7.31716e-06 3.95468e-07
 1.19577e-39 5.85245e-33 6.58527e-27 1.70355e-21 1.01316e-16 1.38532e-12 4.35476e-09 3.14719e-06 0.000522911 0.0199745 0.175416 0.354171 0.164848 0.0295656 0.0738479 0.103381 0.0380305 0.0191316 0.0141468 0.00470015 0.00171469 0.000452371 8.34719e-05 9.18281e-06 5.00796e-07
 1.231e-39 6.02487e-33 6.77928e-27 1.75374e-21 1.04301e-16 1.42613e-12 4.48305e-09 3.23991e-06 0.000538316 0.020563 0.180584 0.364604 0.169655 0.0290995 0.0678572 0.0949207 0.034809 0.0171925 0.0128609 0.00476414 0.00193018 0.000512942 9.4656e-05 1.04931e-05 5.77381e-07
#pred catch len freq
 2.14604e-27 2.1737e-27 6.64687e-27 1.53061e-21 9.1031e-17 1.24469e-12 3.91269e-09 2.82771e-06 0.00046982 0.0179468 0.15761 0.318218 0.148118 0.0266665 0.066978 0.0939925 0.0379612 0.0297345 0.0263449 0.0176895 0.014847 0.0128206 0.0132087 0.0122507 0.00514169
 2.14864e-27 2.18129e-27 7.5096e-27 1.82336e-21 1.08442e-16 1.48275e-12 4.66105e-09 3.36855e-06 0.00055968 0.0213794 0.187755 0.37908 0.176303 0.0279405 0.0564169 0.078782 0.0287989 0.0139911 0.011028 0.00582822 0.00401266 0.00282694 0.00241652 0.00203406 0.00084294
 2.14776e-27 2.17932e-27 7.30432e-27 1.75371e-21 1.043e-16 1.42612e-12 4.48302e-09 3.23989e-06 0.000538303 0.0205628 0.180584 0.364602 0.169678 0.0297611 0.0718961 0.100494 0.0351475 0.0121021 0.00835173 0.00308143 0.00148112 0.000763314 0.0004834 0.0003377 0.000132343
 2.14794e-27 2.17979e-27 7.35885e-27 1.77223e-21 1.05401e-16 1.44117e-12 4.53035e-09 3.2741e-06 0.000543986 0.0207799 0.18249 0.368451 0.171445 0.0294284 0.0687057 0.0960432 0.0342297 0.0138299 0.00968049 0.00289832 0.000963688 0.000310301 0.000118328 5.80932e-05 1.99633e-05
 2.14941e-27 2.18341e-27 7.74304e-27 1.90256e-21 1.13152e-16 1.54716e-12 4.86351e-09 3.51487e-06 0.00058399 0.022308 0.19591 0.395546 0.183923 0.0281523 0.0527489 0.0735414 0.0261484 0.0103767 0.00730872 0.00237461 0.000822496 0.00019819 4.06461e-05 1.02469e-05 2.57754e-06
 2.14882e-27 2.18195e-27 7.58397e-27 1.84857e-21 1.09942e-16 1.50326e-12 4.72551e-09 3.41514e-06 0.000567421 0.0216751 0.190352 0.384324 0.178767 0.0290052 0.0613382 0.0855965 0.0296985 0.00944787 0.00627798 0.00202234 0.000709438 0.000179772 3.12606e-05 3.91904e-06 4.87445e-07
 2.14836e-27 2.18082e-27 7.46596e-27 1.80855e-21 1.07561e-16 1.47071e-12 4.6232e-09 3.3412e-06 0.000555135 0.0212058 0.18623 0.376002 0.174932 0.029307 0.0656882 0.0917508 0.0321885 0.0113846 0.00768704 0.00220629 0.00066251 0.000164408 2.89661e-05 3.09768e-06 1.97245e-07
 2.14915e-27 2.18277e-27 7.67369e-27 1.87902e-21 1.11753e-16 1.52802e-12 4.80334e-09 3.47139e-06 0.000576766 0.0220321 0.193487 0.390653 0.181675 0.028505 0.0563768 0.0786389 0.0277337 0.0102796 0.00706431 0.00213271 0.000667796 0.000148519 2.31947e-05 2.39245e-06 1.28774e-07
 2.14982e-27 2.18442e-27 7.84766e-27 1.93803e-21 1.15262e-16 1.57601e-12 4.95419e-09 3.58041e-06 0.00059488 0.022724 0.199563 0.402921 0.187327 0.0279952 0.0495668 0.0690234 0.0241126 0.00820369 0.0055317 0.00171577 0.000563637 0.000131117 2.01726e-05 1.86718e-06 9.16507e-08
 2.14904e-27 2.18249e-27 7.64093e-27 1.8679e-21 1.11091e-16 1.51897e-12 4.77491e-09 3.45084e-06 0.000573352 0.0219017 0.192341 0.388341 0.180617 0.028822 0.0590089 0.0823141 0.0285564 0.00906917 0.00596729 0.00177333 0.000554927 0.000132345 2.13929e-05 2.00831e-06 9.27735e-08
 2.14854e-27 2.18126e-27 7.51154e-27 1.82401e-21 1.08481e-16 1.48328e-12 4.66271e-09 3.36976e-06 0.00055988 0.021387 0.187822 0.379216 0.176413 0.0291872 0.0639886 0.0893489 0.0312558 0.0107654 0.00721801 0.00206715 0.000606055 0.000137667 2.17152e-05 2.10004e-06 9.95779e-08
 2.14881e-27 2.18192e-27 7.58393e-27 1.84857e-21 1.09942e-16 1.50326e-12 4.72551e-09 3.41514e-06 0.00056742 0.0216751 0.190351 0.384323 0.178759 0.0288027 0.0601021 0.0838925 0.0296248 0.0111017 0.00763886 0.00227813 0.000701058 0.000153865 2.27187e-05 2.10873e-06 1.00077e-07
 2.14906e-27 2.18255e-27 7.6498e-27 1.87091e-21 1.1127e-16 1.52143e-12 4.78262e-09 3.45641e-06 0.000574278 0.021937 0.192652 0.388968 0.180901 0.0286429 0.0577263 0.0805302 0.0282504 0.00999253 0.00681189 0.00212374 0.000699723 0.000160791 2.42365e-05 2.15436e-06 9.71437e-08
 2.14862e-27 2.18145e-27 7.53184e-27 1.8309e-21 1.0889e-16 1.48888e-12 4.68032e-09 3.38248e-06 0.000561994 0.0214678 0.188531 0.380648 0.177072 0.029125 0.0631774 0.0882017 0.030797 0.0104255 0.00699941 0.00211762 0.000679371 0.000163148 2.62872e-05 2.42526e-06 1.08314e-07
 2.14749e-27 2.17869e-27 7.24038e-27 1.73203e-21 1.0301e-16 1.40848e-12 4.42759e-09 3.19983e-06 0.000531647 0.0203086 0.178351 0.360094 0.167603 0.0300162 0.0748129 0.104623 0.0368804 0.0136111 0.00932149 0.00275792 0.000851116 0.000198395 3.19541e-05 3.1013e-06 1.45457e-07
 2.1474e-27 2.17848e-27 7.22145e-27 1.72562e-21 1.02629e-16 1.40327e-12 4.41121e-09 3.188e-06 0.000529681 0.0202334 0.177691 0.358762 0.166981 0.0298239 0.0740403 0.103577 0.0370797 0.0155075 0.0109809 0.00339311 0.00110214 0.000252256 3.90869e-05 3.73346e-06 1.79349e-07
 2.14794e-27 2.17981e-27 7.36258e-27 1.7735e-21 1.05477e-16 1.44221e-12 4.5336e-09 3.27645e-06 0.000544377 0.0207948 0.182621 0.368716 0.171563 0.029313 0.067921 0.0949508 0.0340239 0.0143384 0.0102556 0.0033991 0.00121216 0.000292332 4.6652e-05 4.3607e-06 2.04472e-07
 2.14789e-27 2.17969e-27 7.34828e-27 1.76864e-21 1.05188e-16 1.43826e-12 4.52118e-09 3.26747e-06 0.000542885 0.0207378 0.182121 0.367706 0.171104 0.0295212 0.0694966 0.097144 0.0344215 0.0132833 0.00932335 0.00310682 0.00113659 0.000295637 5.15391e-05 5.05115e-06 2.38158e-07
 2.14829e-27 2.18067e-27 7.45223e-27 1.8039e-21 1.07285e-16 1.46693e-12 4.61132e-09 3.33261e-06 0.000553708 0.0211513 0.185752 0.375036 0.174479 0.029161 0.0650883 0.0909336 0.0322785 0.0126352 0.0088435 0.00280551 0.000972184 0.000254847 4.67753e-05 4.97762e-06 2.50489e-07
 2.1482e-27 2.18043e-27 7.42521e-27 1.79473e-21 1.0674e-16 1.45947e-12 4.58788e-09 3.31567e-06 0.000550894 0.0210438 0.184807 0.37313 0.173606 0.0293634 0.0668984 0.0934662 0.0329169 0.0120574 0.00831461 0.00265393 0.000914415 0.000228641 4.06139e-05 4.44913e-06 2.38966e-07
 2.14834e-27 2.18078e-27 7.46352e-27 1.80773e-21 1.07513e-16 1.47005e-12 4.62111e-09 3.33969e-06 0.000554884 0.0211962 0.186146 0.375832 0.174847 0.0291587 0.0648345 0.0905713 0.032091 0.0123722 0.00860143 0.00265302 0.000877481 0.000218233 3.78422e-05 3.99756e-06 2.15268e-07
 2.14838e-27 2.18089e-27 7.47441e-27 1.81142e-21 1.07732e-16 1.47305e-12 4.63054e-09 3.34651e-06 0.000556017 0.0212395 0.186526 0.3766 0.175202 0.029155 0.0645804 0.0902061 0.0318652 0.0119807 0.00830726 0.00263162 0.00089165 0.000215207 3.60885e-05 3.73343e-06 1.95506e-07
 2.14832e-27 2.18073e-27 7.45688e-27 1.80547e-21 1.07378e-16 1.46821e-12 4.61533e-09 3.33551e-06 0.000554191 0.0211697 0.185913 0.375363 0.174634 0.0292566 0.0655738 0.0915999 0.0322699 0.0118517 0.00815707 0.00254852 0.000855114 0.000210731 3.55007e-05 3.56655e-06 1.81556e-07
 2.14796e-27 2.17985e-27 7.36437e-27 1.7741e-21 1.05512e-16 1.44269e-12 4.53512e-09 3.27755e-06 0.000544559 0.0208018 0.182682 0.368839 0.171628 0.0295319 0.06922 0.0967475 0.0341978 0.0129249 0.0089452 0.00276124 0.000909136 0.000221152 3.72734e-05 3.77906e-06 1.89945e-07
 2.14792e-27 2.17976e-27 7.35565e-27 1.77114e-21 1.05337e-16 1.44029e-12 4.52757e-09 3.27209e-06 0.000543653 0.0207672 0.182378 0.368225 0.171341 0.0294424 0.0688591 0.0962584 0.0342917 0.0138132 0.00971857 0.00304777 0.00101974 0.000245294 4.05915e-05 4.08467e-06 2.05869e-07
 2.1474e-27 2.17849e-27 7.22256e-27 1.726e-21 1.02652e-16 1.40358e-12 4.41217e-09 3.18869e-06 0.000529796 0.0202378 0.17773 0.35884 0.167017 0.0298433 0.0741353 0.103703 0.0370154 0.015141 0.010735 0.00349016 0.00122346 0.000300232 5.00252e-05 4.97037e-06 2.4752e-07
 2.14687e-27 2.17719e-27 7.08594e-27 1.67966e-21 9.9896e-17 1.3659e-12 4.29372e-09 3.10309e-06 0.000515573 0.0196945 0.172958 0.349207 0.162575 0.0301427 0.0788659 0.110399 0.0397556 0.0173698 0.012498 0.00410197 0.00146709 0.000374427 6.50431e-05 6.57182e-06 3.26475e-07
 2.14753e-27 2.17882e-27 7.26002e-27 1.73872e-21 1.03408e-16 1.41392e-12 4.44469e-09 3.21219e-06 0.0005337 0.020387 0.17904 0.361485 0.168227 0.029497 0.0712241 0.0996325 0.0360239 0.0161997 0.0117768 0.00400946 0.00149538 0.000388825 6.97263e-05 7.34206e-06 3.7511e-07
#obs catch len freq
 1.21818e-39 5.96216e-33 6.70871e-27 1.73548e-21 1.03216e-16 1.41129e-12 4.43639e-09 3.20619e-06 0.000532713 0.0203489 0.178704 0.360809 0.167914 0.029467 0.0712448 0.0996677 0.036108 0.0164666 0.0120709 0.00429933 0.00172775 0.000509002 0.000110287 1.48748e-05 1.03075e-06
 1.22643e-39 6.00251e-33 6.75412e-27 1.74723e-21 1.03914e-16 1.42084e-12 4.46641e-09 3.22789e-06 0.000536318 0.0204867 0.179914 0.363251 0.169041 0.0294134 0.0701813 0.0981593 0.0354511 0.0158212 0.0115287 0.00404903 0.00159577 0.000458752 9.61938e-05 1.25059e-05 8.36107e-07
 1.30567e-39 6.39037e-33 7.19054e-27 1.86013e-21 1.10629e-16 1.51265e-12 4.75502e-09 3.43646e-06 0.000570973 0.0218104 0.191539 0.386722 0.179853 0.0283886 0.0568514 0.0793525 0.0285776 0.012499 0.00905599 0.00313778 0.00121509 0.00034291 7.0005e-05 8.80377e-06 5.67547e-07
 1.14318e-39 5.59509e-33 6.29568e-27 1.62863e-21 9.6861e-17 1.3244e-12 4.16326e-09 3.0088e-06 0.000499916 0.0190961 0.167702 0.338597 0.157705 0.0310783 0.0877759 0.122883 0.043146 0.0153914 0.0106319 0.00363461 0.0013844 0.000384093 7.66807e-05 9.38861e-06 5.86195e-07
 1.34241e-39 6.57016e-33 7.39285e-27 1.91246e-21 1.13741e-16 1.5552e-12 4.8888e-09 3.53315e-06 0.000587037 0.0224241 0.196928 0.397602 0.184854 0.0275903 0.0486994 0.0679152 0.0252772 0.0136089 0.0100717 0.00307887 0.00102394 0.000275264 5.38054e-05 6.43781e-06 3.91505e-07
 1.38524e-39 6.77977e-33 7.6287e-27 1.97347e-21 1.1737e-16 1.60482e-12 5.04477e-09 3.64587e-06 0.000605766 0.0231395 0.203211 0.410287 0.190721 0.02767 0.0453628 0.0630849 0.0218328 0.00677742 0.00458476 0.00177401 0.000730664 0.000180174 3.14998e-05 3.62108e-06 2.14915e-07
 1.26184e-39 6.17582e-33 6.94913e-27 1.79767e-21 1.06914e-16 1.46186e-12 4.59537e-09 3.32109e-06 0.000551803 0.0210782 0.185109 0.373739 0.173901 0.029713 0.0688495 0.0961552 0.0330383 0.00945009 0.00598365 0.00170374 0.000533841 0.000156668 3.07015e-05 3.26277e-06 1.801e-07
 1.2678e-39 6.205e-33 6.98196e-27 1.80617e-21 1.0742e-16 1.46877e-12 4.61709e-09 3.33678e-06 0.00055441 0.0211778 0.185983 0.375505 0.174694 0.0290865 0.0644928 0.0901116 0.0322351 0.013395 0.00934505 0.00255197 0.000684872 0.00015058 2.60034e-05 3.06679e-06 1.7118e-07
 1.41748e-39 6.93756e-33 7.80626e-27 2.01941e-21 1.20102e-16 1.64217e-12 5.16218e-09 3.73072e-06 0.000619865 0.023678 0.20794 0.419836 0.19511 0.0270016 0.0384045 0.0533167 0.018934 0.00744211 0.00524207 0.00173025 0.000595674 0.000125916 1.73106e-05 1.65202e-06 9.06274e-08
 1.41469e-39 6.92392e-33 7.79091e-27 2.01544e-21 1.19865e-16 1.63894e-12 5.15203e-09 3.72339e-06 0.000618646 0.0236315 0.207532 0.41901 0.194744 0.0274177 0.0411933 0.0571841 0.019436 0.0048688 0.00297476 0.000952211 0.000333679 8.46814e-05 1.3627e-05 1.16927e-06 5.20116e-08
 1.34022e-39 6.55945e-33 7.3808e-27 1.90934e-21 1.13556e-16 1.55267e-12 4.88083e-09 3.52739e-06 0.000586081 0.0223875 0.196607 0.396954 0.184591 0.0285873 0.0549805 0.0766068 0.0261483 0.00690829 0.00420974 0.00108293 0.000269143 6.4353e-05 1.12438e-05 1.12502e-06 5.12362e-08
 1.31739e-39 6.44772e-33 7.25508e-27 1.87682e-21 1.11622e-16 1.52622e-12 4.79769e-09 3.4673e-06 0.000576097 0.0220062 0.193258 0.390193 0.181469 0.0286925 0.0576606 0.0804248 0.028047 0.00937599 0.00618185 0.00162485 0.000398601 7.59019e-05 1.01304e-05 9.91437e-07 4.99875e-08
 1.35598e-39 6.63658e-33 7.46759e-27 1.93179e-21 1.14891e-16 1.57093e-12 4.93822e-09 3.56886e-06 0.000592972 0.0226508 0.198919 0.401622 0.186729 0.0280391 0.0502273 0.0699599 0.0245209 0.00860206 0.00581243 0.00170595 0.000503312 9.92732e-05 1.20154e-05 9.23456e-07 4.03126e-08
 1.3324e-39 6.52117e-33 7.33773e-27 1.8982e-21 1.12893e-16 1.54361e-12 4.85235e-09 3.5068e-06 0.00058266 0.0222569 0.19546 0.394638 0.183518 0.0285227 0.0552845 0.0770626 0.0266776 0.00828891 0.00542678 0.0016339 0.000513002 0.000114174 1.59402e-05 1.21678e-06 4.52777e-08
 1.28063e-39 6.26778e-33 7.0526e-27 1.82444e-21 1.08506e-16 1.48363e-12 4.6638e-09 3.37054e-06 0.000560019 0.021392 0.187865 0.379304 0.176454 0.0292068 0.0640824 0.0894773 0.0312491 0.0105963 0.00706761 0.00200567 0.000581588 0.000132594 2.02738e-05 1.75616e-06 7.00153e-08
 1.1562e-39 5.65881e-33 6.36738e-27 1.64718e-21 9.79641e-17 1.33948e-12 4.21067e-09 3.04306e-06 0.000505609 0.0193136 0.169612 0.342453 0.159476 0.0307703 0.0847336 0.118627 0.0420858 0.0163936 0.0113746 0.00336961 0.00102461 0.00022242 3.25107e-05 2.95502e-06 1.30256e-07
 1.25714e-39 6.15281e-33 6.92324e-27 1.79098e-21 1.06516e-16 1.45641e-12 4.57825e-09 3.30871e-06 0.000549747 0.0209996 0.184419 0.372347 0.17322 0.0287338 0.0632917 0.0884969 0.0327188 0.0169577 0.0125438 0.00400621 0.0013532 0.000309301 4.59689e-05 4.03169e-06 1.78205e-07
 1.2245e-39 5.99308e-33 6.74351e-27 1.74448e-21 1.03751e-16 1.41861e-12 4.4594e-09 3.22282e-06 0.000535475 0.0204545 0.179631 0.362681 0.168787 0.0296805 0.0719841 0.100656 0.0357291 0.0140039 0.0100393 0.00379989 0.00155251 0.000392063 6.41673e-05 5.87621e-06 2.58727e-07
 1.26449e-39 6.18882e-33 6.96376e-27 1.80146e-21 1.0714e-16 1.46494e-12 4.60505e-09 3.32808e-06 0.000552965 0.0211226 0.185498 0.374526 0.174236 0.0289483 0.063944 0.0893596 0.0322474 0.0143015 0.0102925 0.00331685 0.00121435 0.000358402 7.01302e-05 7.18373e-06 3.39014e-07
 1.2372e-39 6.05523e-33 6.81344e-27 1.76257e-21 1.04827e-16 1.43332e-12 4.50564e-09 3.25624e-06 0.000541028 0.0206666 0.181494 0.366441 0.17052 0.029524 0.069895 0.0977136 0.0347264 0.013733 0.00973447 0.00334975 0.0012579 0.000327986 6.37195e-05 7.61541e-06 4.12849e-07
 1.25474e-39 6.14111e-33 6.91007e-27 1.78757e-21 1.06313e-16 1.45364e-12 4.56954e-09 3.30242e-06 0.000548702 0.0209597 0.184068 0.371638 0.172908 0.0291499 0.0660452 0.0923114 0.0331549 0.0142113 0.0101639 0.00328228 0.001171 0.000316539 5.97213e-05 6.82222e-06 3.99046e-07
 1.2671e-39 6.20159e-33 6.97812e-27 1.80517e-21 1.0736e-16 1.46796e-12 4.61455e-09 3.33494e-06 0.000554106 0.0211661 0.185881 0.375298 0.174597 0.0290482 0.0643215 0.0898663 0.0320805 0.013139 0.00936162 0.00315954 0.00116299 0.00029919 5.49843e-05 6.24526e-06 3.55919e-07
 1.25575e-39 6.14605e-33 6.91563e-27 1.78901e-21 1.06399e-16 1.45481e-12 4.57322e-09 3.30508e-06 0.000549143 0.0209766 0.184216 0.371938 0.173051 0.029264 0.0666513 0.0931428 0.0331363 0.0132086 0.00932439 0.00306906 0.00111306 0.000295868 5.45044e-05 5.9854e-06 3.34935e-07
 1.25658e-39 6.15007e-33 6.92016e-27 1.79018e-21 1.06469e-16 1.45577e-12 4.57622e-09 3.30724e-06 0.000549503 0.0209903 0.184337 0.372181 0.173161 0.0291953 0.0661586 0.092459 0.0330416 0.0136408 0.00968524 0.00313857 0.0011106 0.000288922 5.32909e-05 5.9256e-06 3.2653e-07
 1.25142e-39 6.12482e-33 6.89174e-27 1.78283e-21 1.06031e-16 1.44979e-12 4.55743e-09 3.29366e-06 0.000547247 0.0209041 0.18358 0.370653 0.172457 0.02926 0.0670146 0.0936661 0.0334731 0.0138214 0.00983832 0.00325125 0.00117087 0.000299785 5.38951e-05 5.92738e-06 3.27984e-07
 1.2578e-39 6.15606e-33 6.92689e-27 1.79192e-21 1.06572e-16 1.45718e-12 4.58067e-09 3.31046e-06 0.000550038 0.0210107 0.184516 0.372543 0.173327 0.0291464 0.0657509 0.0918884 0.0328935 0.0137582 0.00982029 0.00324744 0.00117655 0.000306542 5.53883e-05 5.97692e-06 3.25293e-07
 1.18511e-39 5.80028e-33 6.52657e-27 1.68836e-21 1.00413e-16 1.37297e-12 4.31594e-09 3.11914e-06 0.00051825 0.0197965 0.173853 0.351014 0.163412 0.0301772 0.0785324 0.109907 0.039281 0.0162325 0.0115679 0.00385425 0.00140836 0.000368456 6.73246e-05 7.33605e-06 3.96306e-07
 1.18275e-39 5.78876e-33 6.51361e-27 1.68501e-21 1.00214e-16 1.37024e-12 4.30737e-09 3.11294e-06 0.00051722 0.0197571 0.173507 0.350316 0.163074 0.0297732 0.0762764 0.106801 0.0391953 0.0194308 0.0143272 0.00474657 0.00172585 0.000454639 8.37895e-05 9.21123e-06 5.02117e-07
#spawning biomass
 2937.47 2266.8 2237.55 2037.42 2243.69 3173.15 3821.18 4141.94 6429.45 12818.9 16714.4 21176.2 27415.1 35249.4 42051.8 36734.6 33173.8 31030.1 29298.6 28461.3 31122.7 34867.2 36355.4 39601.1 43023.2 48567 49059 40388 26457.8 74856.2 97986.1 75194.2 52961.8 38931 31018.5 26799.2 24625.3 23530 22986.3 22719.2 22588.8 22525.5 22494.8 22480 22472.9 22469.4 22467.8 22467 22466.6 22466.4 22466.3 22466.3 22466.3 22466.3 22466.3 22466.3 22466.3 22466.3 22466.3 22466.3 22466.3 22466.3 22466.3 22466.3 22466.3 22466.3 22466.3 22466.3 22466.3 22466.3 22466.3 22466.3 22466.3 22466.3 22466.3 22466.3 22466.3 22466.3 22466.3 22466.3 22466.3 22466.3 22466.3 22466.3 22466.3 22466.3 22466.3 22466.3 22466.3 22466.3 22466.3 22466.3 22466.3 22466.3 22466.3 22466.3 22466.3 22466.3 22466.3 22466.3 22466.3 22466.3 22466.3 22466.3 22466.3 22466.3 22466.3 22466.3 22466.3 22466.3 22466.3 22466.3 22466.3 22466.3 22466.3 22466.3 22466.3 22466.3 22466.3 22466.3 22466.3 22466.3 22466.3 22466.3 22466.3 22466.3 22466.3 22466.3 0 0 0 0 0 0 0 0 0 0 0 0 0 0 0 0 0 0 0 0 0 0 0 0 0
