SBPRF35
0.0240719
Curr Bio
61044
B35
42022.9
F35
1.80206
FOFL
1.80206
OFL
81928.5
Bzero
6877.69
#pred survey bio
 7720.47 7870.05 8055.58 7734.61 10318.7 14161.6 15709.5 20021.5 35910.2 55352.6 73011.9 91915 125479 154598 158095 139820 128401 123016 122186 116066 118942 128256 141622 150722 162069 168310 152916 128777 2.64687e+06 1.19907e+06 402708 184918 140243 129534 126546 125672 125414 125338 125315 125309 125307 125306 125306 125306 125306 125306 125306 125306 125306 125306 125306 125306 125306 125306 125306 125306 125306 125306 125306 125306 125306 125306 125306 125306 125306 125306 125306 125306 125306 125306 125306 125306 125306 125306 125306 125306 125306 125306 125306 125306 125306 125306 125306 125306 125306 125306 125306 125306 125306 125306 125306 125306 125306 125306 125306 125306 125306 125306 125306 125306 125306 125306 125306 125306 125306 125306 125306 125306 125306 125306 125306 125306 125306 125306 125306 125306 125306 125306 125306 125306 125306 125306 125306 125306 125306 125306 125306 125306 0 0 0 0 0 0 0 0 0 0 0 0 0 0 0 0 0 0 0 0 0 0 0 0 0
#obs survey bio
 6007.8 11041.4 6959.45 7007.54 7201.43 15977.6 20615.3 23047.8 48600.4 60865.2 67614.6 83347.6 131591 159113 168167 116298 128506 143363 102955 89469.3 106485 123293 165644 160203 130021 202172 149531 125414
#pred catch bio
 3341.19 4845.18 5783.06 5408.03 6852.45 10228.3 10972.7 10933.3 22058.3 34309 48292.5 56632.5 76839.4 94739.8 107465 96932.8 87736.2 80267 84073.3 79270.1 81675.9 86938.7 100386 105304 110930 116422 111256 102727 81928.5 36649 9616.78 4424.14 3931.29 3898.08 3896.16 3896.05 3896.05 3896.05 3896.05 3896.05 3896.05 3896.05 3896.05 3896.05 3896.05 3896.05 3896.05 3896.05 3896.05 3896.05 3896.05 3896.05 3896.05 3896.05 3896.05 3896.05 3896.05 3896.05 3896.05 3896.05 3896.05 3896.05 3896.05 3896.05 3896.05 3896.05 3896.05 3896.05 3896.05 3896.05 3896.05 3896.05 3896.05 3896.05 3896.05 3896.05 3896.05 3896.05 3896.05 3896.05 3896.05 3896.05 3896.05 3896.05 3896.05 3896.05 3896.05 3896.05 3896.05 3896.05 3896.05 3896.05 3896.05 3896.05 3896.05 3896.05 3896.05 3896.05 3896.05 3896.05 3896.05 3896.05 3896.05 3896.05 3896.05 3896.05 3896.05 3896.05 3896.05 3896.05 3896.05 3896.05 3896.05 3896.05 3896.05 3896.05 3896.05 3896.05 3896.05 3896.05 3896.05 3896.05 3896.05 3896.05 3896.05 3896.05 3896.05 3896.05 0 0 0 0 0 0 0 0 0 0 0 0 0 0 0 0 0 0 0 0 0 0 0 0 0
#obs catch bio
 4983.76 4828.01 5804.26 5440.4 6851 10278.2 11018.5 10815.3 21876.6 33894.2 47904.3 56375.8 76168.2 93486.9 107135 97248.2 87645.4 79778.8 83629.4 79351.9 82159.8 87592.7 101638 105667 112772 117346 112253 103032
#pred cpue bio
 7503.67 7282.53 7509.07 7169 9348.49 12910.8 14466.3 18234.3 32411.1 50295.2 67036.4 84158.7 114720 142651 148103 131117 119655 114550 113879 108108 110105 118344 130672 139022 149552 156039 143264 120528 2.43986e+06 1.24421e+06 421351 181480 133090 121841 118774 117888 117629 117552 117530 117523 117521 117520 117520 117520 117520 117520 117520 117520 117520 117520 117520 117520 117520 117520 117520 117520 117520 117520 117520 117520 117520 117520 117520 117520 117520 117520 117520 117520 117520 117520 117520 117520 117520 117520 117520 117520 117520 117520 117520 117520 117520 117520 117520 117520 117520 117520 117520 117520 117520 117520 117520 117520 117520 117520 117520 117520 117520 117520 117520 117520 117520 117520 117520 117520 117520 117520 117520 117520 117520 117520 117520 117520 117520 117520 117520 117520 117520 117520 117520 117520 117520 117520 117520 117520 117520 117520 117520 117520 0 0 0 0 0 0 0 0 0 0 0 0 0 0 0 0 0 0 0 0 0 0 0 0 0
#obs cpue bio
 7974.79 8216.99 6483.38 7135.17 13920.3 10227.7 10759.9 22395.6 27700.5 57080.1 78020.1 90719.1 141817 183338 120996 143247 127154 116276 145350 121600 105012 103825 90007.3 141162 112942 138078 128348 129860
#pred surv len freq
 2.14626e-27 2.17418e-27 6.69745e-27 1.54778e-21 9.20523e-17 1.25865e-12 3.95658e-09 2.85943e-06 0.000475091 0.0181481 0.159378 0.321787 0.149735 0.0257812 0.0604969 0.0849093 0.0353578 0.0307316 0.0278756 0.0196889 0.0169611 0.0147368 0.0148921 0.0134671 0.00557556
 2.14897e-27 2.18222e-27 7.61402e-27 1.8588e-21 1.1055e-16 1.51158e-12 4.75166e-09 3.43404e-06 0.000570561 0.021795 0.191405 0.38645 0.179696 0.027565 0.0519039 0.0724464 0.0269456 0.0145116 0.0114487 0.00554299 0.00352304 0.00230216 0.001833 0.00146499 0.000593005
 2.14776e-27 2.17934e-27 7.30953e-27 1.75549e-21 1.04406e-16 1.42756e-12 4.48756e-09 3.24317e-06 0.000538848 0.0205836 0.180766 0.364971 0.169846 0.0296891 0.0713458 0.0997416 0.035211 0.0131676 0.00913973 0.00297534 0.00115332 0.000453038 0.000225286 0.000137667 5.14136e-05
 2.14835e-27 2.18083e-27 7.47127e-27 1.81037e-21 1.0767e-16 1.47219e-12 4.62786e-09 3.34457e-06 0.000555695 0.0212272 0.186418 0.376382 0.17509 0.0288593 0.0628416 0.0878178 0.0318898 0.0147453 0.0104747 0.00277411 0.000708642 0.000161327 3.61327e-05 1.1819e-05 3.53438e-06
 2.15007e-27 2.18504e-27 7.91541e-27 1.96103e-21 1.1663e-16 1.59471e-12 5.01298e-09 3.62289e-06 0.000601938 0.0229936 0.201931 0.407702 0.18952 0.0275417 0.0453576 0.0631309 0.0225899 0.00941219 0.00661727 0.0019279 0.000554159 0.000102358 1.20376e-05 1.40255e-06 2.13096e-07
 2.14947e-27 2.18354e-27 7.753e-27 1.90592e-21 1.13352e-16 1.54989e-12 4.87209e-09 3.52108e-06 0.000585022 0.0223474 0.196256 0.396244 0.184257 0.0284356 0.054268 0.0756336 0.0262289 0.00829525 0.00541722 0.00151603 0.000418512 8.28229e-05 9.85545e-06 6.81392e-07 3.2748e-08
 2.14871e-27 2.18169e-27 7.55707e-27 1.83945e-21 1.09399e-16 1.49584e-12 4.7022e-09 3.39829e-06 0.000564621 0.0215681 0.189412 0.382427 0.177891 0.0290233 0.0620204 0.0865813 0.0303783 0.0107466 0.00715227 0.00177006 0.000382497 6.96225e-05 8.05274e-06 5.57438e-07 1.88389e-08
 2.14966e-27 2.18403e-27 7.80823e-27 1.92467e-21 1.14467e-16 1.56514e-12 4.92003e-09 3.55572e-06 0.000590777 0.0225673 0.198187 0.400142 0.186041 0.027954 0.0501533 0.0698877 0.0249403 0.0101717 0.00703327 0.00182392 0.000425922 7.07694e-05 6.6624e-06 4.14505e-07 1.34309e-08
 2.15028e-27 2.18556e-27 7.96872e-27 1.97911e-21 1.17705e-16 1.60941e-12 5.05919e-09 3.65629e-06 0.000607487 0.0232056 0.203793 0.41146 0.191256 0.0274957 0.0439439 0.0611148 0.0215596 0.00800856 0.00547262 0.00155924 0.000433489 7.81645e-05 7.81874e-06 4.47144e-07 1.24417e-08
 2.14972e-27 2.18416e-27 7.81895e-27 1.92829e-21 1.14683e-16 1.56808e-12 4.92929e-09 3.56241e-06 0.000591889 0.0226098 0.19856 0.400895 0.186399 0.0282015 0.0514367 0.0716448 0.0248502 0.00787271 0.00512332 0.00137909 0.000355473 6.8519e-05 7.9148e-06 4.95379e-07 1.3926e-08
 2.14897e-27 2.18231e-27 7.62365e-27 1.86204e-21 1.10743e-16 1.51421e-12 4.75994e-09 3.44002e-06 0.000571555 0.021833 0.191739 0.387123 0.180052 0.0287573 0.0589807 0.0823023 0.0289417 0.0104476 0.00700251 0.00176817 0.000397516 7.12489e-05 7.89825e-06 5.30192e-07 1.67052e-08
 2.14924e-27 2.18301e-27 7.69913e-27 1.88765e-21 1.12266e-16 1.53504e-12 4.82541e-09 3.48734e-06 0.000579416 0.0221333 0.194376 0.392448 0.182499 0.0283495 0.0548869 0.0765563 0.0272461 0.0108791 0.00749922 0.00197628 0.000477963 8.15884e-05 7.93515e-06 4.88873e-07 1.52916e-08
 2.14935e-27 2.18326e-27 7.72531e-27 1.89653e-21 1.12794e-16 1.54226e-12 4.84811e-09 3.50374e-06 0.000582142 0.0222374 0.19529 0.394294 0.18335 0.0282946 0.0539948 0.0752906 0.0266822 0.0102981 0.00708231 0.0019681 0.000526713 9.5236e-05 9.73858e-06 5.71092e-07 1.61057e-08
 2.1486e-27 2.18142e-27 7.53017e-27 1.83034e-21 1.08857e-16 1.48843e-12 4.67889e-09 3.38145e-06 0.000561823 0.0214613 0.188474 0.380532 0.177014 0.0289876 0.0623735 0.0870982 0.0308174 0.0117357 0.0080338 0.00220231 0.000581933 0.000110312 1.23916e-05 7.77038e-07 2.22961e-08
 2.14737e-27 2.17841e-27 7.21435e-27 1.72322e-21 1.02486e-16 1.40132e-12 4.40506e-09 3.18355e-06 0.000528942 0.0202052 0.177443 0.358262 0.166749 0.0298126 0.0741223 0.103707 0.0373362 0.0162628 0.0114566 0.0031249 0.000815695 0.000152885 1.72488e-05 1.14339e-06 3.54965e-08
 2.14739e-27 2.1785e-27 7.22692e-27 1.7275e-21 1.02741e-16 1.4048e-12 4.416e-09 3.19145e-06 0.000530255 0.0202554 0.177884 0.359151 0.167147 0.0294636 0.0717233 0.100376 0.0368507 0.0182903 0.0132627 0.0037827 0.00105804 0.000198246 2.18496e-05 1.43052e-06 4.52296e-08
 2.14794e-27 2.17982e-27 7.36621e-27 1.77474e-21 1.05551e-16 1.44322e-12 4.53678e-09 3.27874e-06 0.000544758 0.0208094 0.182749 0.368974 0.171674 0.029083 0.0664398 0.0929069 0.0339112 0.0162323 0.0117733 0.00356342 0.00109357 0.000215643 2.50373e-05 1.64589e-06 5.11881e-08
 2.14794e-27 2.17983e-27 7.36528e-27 1.77442e-21 1.05531e-16 1.44295e-12 4.53595e-09 3.27814e-06 0.000544658 0.0208056 0.182716 0.368907 0.171648 0.0292369 0.0673992 0.0942339 0.0340352 0.0151763 0.0108433 0.00323356 0.000984748 0.000204956 2.60515e-05 1.82448e-06 5.88315e-08
 2.14788e-27 2.17969e-27 7.35112e-27 1.76962e-21 1.05246e-16 1.43905e-12 4.52368e-09 3.26927e-06 0.000543185 0.0207493 0.182221 0.367909 0.171187 0.0292267 0.067638 0.0945824 0.0343225 0.0158056 0.0113298 0.00329214 0.000964214 0.000198461 2.56381e-05 1.9151e-06 6.68043e-08
 2.14793e-27 2.17979e-27 7.36088e-27 1.77293e-21 1.05443e-16 1.44174e-12 4.53214e-09 3.27539e-06 0.000544201 0.0207881 0.182562 0.368597 0.171505 0.0292347 0.0674795 0.0943515 0.0341383 0.0154097 0.0110115 0.00321692 0.000943974 0.000189044 2.34578e-05 1.73796e-06 6.25665e-08
 2.14845e-27 2.18108e-27 7.4974e-27 1.81924e-21 1.08197e-16 1.4794e-12 4.65051e-09 3.36094e-06 0.000558415 0.0213311 0.187331 0.378224 0.175939 0.028794 0.0618874 0.0864642 0.0312866 0.0141284 0.0100876 0.00292344 0.000848842 0.000170306 2.10037e-05 1.5122e-06 5.30778e-08
 2.14866e-27 2.18158e-27 7.54861e-27 1.8366e-21 1.0923e-16 1.49352e-12 4.6949e-09 3.39302e-06 0.000563745 0.0215347 0.189119 0.381834 0.177608 0.0287775 0.0606984 0.0847602 0.0303046 0.0125462 0.00880099 0.00254677 0.000737089 0.000146745 1.79336e-05 1.28516e-06 4.44383e-08
 2.14865e-27 2.18154e-27 7.5448e-27 1.83531e-21 1.09153e-16 1.49247e-12 4.6916e-09 3.39063e-06 0.000563348 0.0215195 0.188986 0.381565 0.177485 0.0288262 0.0610768 0.0852892 0.0304329 0.0124046 0.00863753 0.00240714 0.000657303 0.000129535 1.57717e-05 1.12207e-06 3.8512e-08
 2.14866e-27 2.18158e-27 7.54794e-27 1.83637e-21 1.09216e-16 1.49333e-12 4.69431e-09 3.39259e-06 0.000563674 0.021532 0.189095 0.381786 0.177588 0.0288466 0.0611345 0.0853658 0.0303962 0.0121865 0.0084422 0.00231753 0.000612587 0.000115741 1.33325e-05 9.28267e-07 3.15909e-08
 2.14863e-27 2.1815e-27 7.5401e-27 1.83371e-21 1.09058e-16 1.49117e-12 4.68751e-09 3.38768e-06 0.000562858 0.0215008 0.188821 0.381233 0.177333 0.0288627 0.0613995 0.0857414 0.0305592 0.0123439 0.0085613 0.00233914 0.00061178 0.000113751 1.26386e-05 8.38556e-07 2.73608e-08
 2.14825e-27 2.18056e-27 7.44101e-27 1.8001e-21 1.07059e-16 1.46384e-12 4.60159e-09 3.32558e-06 0.00055254 0.0211067 0.18536 0.374245 0.174114 0.0291717 0.065392 0.091375 0.0326269 0.0133686 0.00930727 0.00256017 0.000676825 0.000125668 1.38158e-05 8.95852e-07 2.81118e-08
 2.14736e-27 2.17839e-27 7.2114e-27 1.72221e-21 1.02427e-16 1.4005e-12 4.4025e-09 3.1817e-06 0.000528634 0.0201935 0.17734 0.358054 0.166653 0.0298287 0.074283 0.103931 0.03739 0.0162027 0.0114183 0.00315633 0.000841778 0.000157317 1.741e-05 1.12494e-06 3.47601e-08
 2.14754e-27 2.17885e-27 7.26291e-27 1.7397e-21 1.03467e-16 1.41472e-12 4.4472e-09 3.214e-06 0.000534002 0.0203985 0.179141 0.361689 0.168319 0.0294316 0.0707635 0.0990079 0.0361611 0.0173713 0.0125044 0.00351321 0.000961352 0.000180549 2.00236e-05 1.29822e-06 4.01309e-08
#obs surv len freq
 1.23847e-39 6.06146e-33 6.82045e-27 1.76439e-21 1.04935e-16 1.43479e-12 4.51028e-09 3.25959e-06 0.000541585 0.0206879 0.181681 0.366819 0.170683 0.0292284 0.0679769 0.095054 0.0343823 0.0155093 0.0113271 0.00398338 0.00156903 0.00044822 9.31381e-05 1.19431e-05 7.82207e-07
 1.31919e-39 6.45654e-33 7.26501e-27 1.87939e-21 1.11774e-16 1.52831e-12 4.80426e-09 3.47205e-06 0.000576886 0.0220363 0.193523 0.390727 0.181698 0.0282 0.0544932 0.0760276 0.027392 0.0120174 0.00871252 0.0030191 0.00116898 0.000329346 6.68637e-05 8.32617e-06 5.29568e-07
 1.156e-39 5.6578e-33 6.36625e-27 1.64689e-21 9.79467e-17 1.33924e-12 4.20992e-09 3.04252e-06 0.000505519 0.0193102 0.169582 0.342392 0.159453 0.0308949 0.0855124 0.119693 0.0420231 0.0149817 0.0103417 0.00352057 0.00133447 0.000369308 7.34985e-05 8.9499e-06 5.53729e-07
 1.34988e-39 6.60671e-33 7.43398e-27 1.9231e-21 1.14374e-16 1.56386e-12 4.916e-09 3.5528e-06 0.000590303 0.0225488 0.198024 0.399814 0.185872 0.0274812 0.0473666 0.0660371 0.0246224 0.0133898 0.00991866 0.00301506 0.000993524 0.000265115 5.14763e-05 6.13078e-06 3.70783e-07
 1.38816e-39 6.79406e-33 7.64479e-27 1.97763e-21 1.17617e-16 1.6082e-12 5.0554e-09 3.65355e-06 0.000607043 0.0231882 0.203639 0.411152 0.191118 0.0276114 0.0447439 0.0622154 0.021564 0.00679897 0.00462108 0.00178794 0.000734856 0.0001797 3.10367e-05 3.53521e-06 2.08474e-07
 1.26424e-39 6.18758e-33 6.96236e-27 1.8011e-21 1.07118e-16 1.46464e-12 4.60412e-09 3.32741e-06 0.000552854 0.0211183 0.185461 0.374451 0.174227 0.029639 0.0681834 0.095223 0.0328005 0.00965298 0.00617252 0.00176309 0.000554526 0.000162329 3.15918e-05 3.31881e-06 1.81119e-07
 1.27673e-39 6.24871e-33 7.03115e-27 1.81889e-21 1.08176e-16 1.47912e-12 4.64961e-09 3.36028e-06 0.000558316 0.021327 0.187293 0.37815 0.17591 0.0289163 0.0626567 0.0875301 0.0314139 0.0133766 0.00938821 0.00258608 0.000704425 0.000155455 2.68193e-05 3.14374e-06 1.7377e-07
 1.41644e-39 6.93247e-33 7.80053e-27 2.01792e-21 1.20013e-16 1.64097e-12 5.1584e-09 3.72798e-06 0.00061941 0.0236607 0.207788 0.419528 0.194968 0.026996 0.038463 0.0534023 0.0190072 0.00760749 0.00538618 0.00179325 0.000624181 0.000133124 1.84884e-05 1.76743e-06 9.65133e-08
 1.41853e-39 6.94273e-33 7.81207e-27 2.02091e-21 1.20191e-16 1.64339e-12 5.16602e-09 3.7335e-06 0.000620326 0.0236956 0.208095 0.420148 0.195267 0.0273329 0.0403325 0.0559757 0.019076 0.00494716 0.00306641 0.000986408 0.000348157 8.90667e-05 1.4473e-05 1.25327e-06 5.60488e-08
 1.34415e-39 6.57867e-33 7.40243e-27 1.91494e-21 1.13889e-16 1.55722e-12 4.89514e-09 3.53773e-06 0.000587798 0.0224531 0.197183 0.398118 0.185126 0.0285063 0.0541357 0.0754199 0.0257831 0.00694392 0.00426645 0.00110973 0.000282076 6.79824e-05 1.1962e-05 1.20716e-06 5.54535e-08
 1.32238e-39 6.47212e-33 7.28253e-27 1.88392e-21 1.12044e-16 1.532e-12 4.81585e-09 3.48042e-06 0.000578277 0.0220895 0.19399 0.391669 0.182148 0.0285902 0.0565914 0.0789228 0.0275861 0.00942535 0.00625431 0.00165133 0.000409296 7.89222e-05 1.07221e-05 1.05966e-06 5.38346e-08
 1.35691e-39 6.64115e-33 7.47273e-27 1.93312e-21 1.1497e-16 1.57201e-12 4.94162e-09 3.57132e-06 0.00059338 0.0226664 0.199056 0.401898 0.186855 0.027998 0.0498934 0.0694938 0.0244184 0.00876227 0.00595939 0.00176008 0.000524157 0.000103943 1.27095e-05 9.91648e-07 4.39077e-08
 1.32841e-39 6.50164e-33 7.31575e-27 1.89251e-21 1.12555e-16 1.53899e-12 4.83781e-09 3.4963e-06 0.000580915 0.0221902 0.194874 0.393456 0.182972 0.0285353 0.0557174 0.0776805 0.0269985 0.00873758 0.00579493 0.00175756 0.000557641 0.0001249 1.75635e-05 1.35103e-06 5.08816e-08
 1.28845e-39 6.30604e-33 7.09567e-27 1.83558e-21 1.09169e-16 1.49269e-12 4.69227e-09 3.39112e-06 0.000563439 0.0215226 0.189012 0.38162 0.177518 0.0290293 0.0623009 0.0869768 0.0305093 0.0107774 0.00727877 0.00209738 0.000623104 0.000143437 2.21171e-05 1.92894e-06 7.74491e-08
 1.16171e-39 5.68576e-33 6.39771e-27 1.65503e-21 9.84307e-17 1.34586e-12 4.23073e-09 3.05756e-06 0.000508017 0.0194056 0.17042 0.344084 0.160226 0.0306549 0.0835376 0.116946 0.0415597 0.0164137 0.0114449 0.00344572 0.00107464 0.000237527 3.54128e-05 3.25398e-06 1.44498e-07
 1.2625e-39 6.17908e-33 6.95279e-27 1.79862e-21 1.06971e-16 1.46263e-12 4.5978e-09 3.32284e-06 0.000552094 0.0210893 0.185206 0.373936 0.17395 0.0286088 0.0620498 0.0867543 0.0322097 0.0171067 0.0127071 0.00406827 0.0013831 0.000321406 4.89209e-05 4.37897e-06 1.96542e-07
 1.22499e-39 5.99546e-33 6.74618e-27 1.74517e-21 1.03792e-16 1.41917e-12 4.46117e-09 3.2241e-06 0.000535688 0.0204626 0.179702 0.362825 0.168851 0.0296147 0.0715387 0.100038 0.0356304 0.0143515 0.0103661 0.00396137 0.00163166 0.000413377 6.83344e-05 6.38131e-06 2.87068e-07
 1.27423e-39 6.23649e-33 7.0174e-27 1.81533e-21 1.07965e-16 1.47622e-12 4.64052e-09 3.35371e-06 0.000557224 0.0212852 0.186927 0.377411 0.175562 0.0287522 0.0618777 0.0864557 0.0313402 0.0143405 0.0103948 0.00338289 0.00125538 0.00037366 7.35633e-05 7.58973e-06 3.63289e-07
 1.24235e-39 6.08044e-33 6.84181e-27 1.76991e-21 1.05263e-16 1.43928e-12 4.5244e-09 3.2698e-06 0.000543281 0.0207526 0.18225 0.367967 0.171221 0.0294238 0.0688235 0.0962067 0.0342407 0.0137009 0.00975363 0.00339988 0.00129607 0.000341576 6.71405e-05 8.08578e-06 4.41323e-07
 1.25763e-39 6.15523e-33 6.92596e-27 1.79168e-21 1.06558e-16 1.45699e-12 4.58005e-09 3.31001e-06 0.000549963 0.0210079 0.184491 0.372493 0.1733 0.0290515 0.0651868 0.0911108 0.0328597 0.0145122 0.010443 0.00337764 0.00121087 0.000331272 6.33874e-05 7.32788e-06 4.32559e-07
 1.27516e-39 6.24101e-33 7.02248e-27 1.81665e-21 1.08043e-16 1.47729e-12 4.64388e-09 3.35614e-06 0.000557628 0.0213007 0.187062 0.377684 0.175693 0.028882 0.0625878 0.0874305 0.031325 0.0131916 0.00946891 0.00323312 0.00120433 0.000310641 5.75059e-05 6.61712e-06 3.81869e-07
 1.25978e-39 6.16576e-33 6.93782e-27 1.79475e-21 1.0674e-16 1.45948e-12 4.58789e-09 3.31568e-06 0.000550905 0.0210439 0.184807 0.373131 0.173599 0.0291644 0.0656838 0.0917854 0.0327421 0.013334 0.00946978 0.00315047 0.00115916 0.000311517 5.7874e-05 6.39395e-06 3.61447e-07
 1.26061e-39 6.1698e-33 6.94236e-27 1.79592e-21 1.0681e-16 1.46044e-12 4.5909e-09 3.31785e-06 0.000551266 0.0210576 0.184928 0.373375 0.173708 0.0290755 0.0650676 0.0909311 0.0326372 0.0139218 0.00996093 0.00325043 0.00116201 0.000305666 5.71386e-05 6.41806e-06 3.56286e-07
 1.26956e-39 6.21362e-33 6.99166e-27 1.80868e-21 1.07569e-16 1.47081e-12 4.6235e-09 3.34141e-06 0.00055518 0.0212072 0.186241 0.376026 0.17493 0.0289698 0.0636232 0.0888898 0.0318415 0.0133869 0.00958087 0.0032071 0.00117273 0.000302654 5.49975e-05 6.125e-06 3.42726e-07
 1.26424e-39 6.1876e-33 6.96239e-27 1.8011e-21 1.07118e-16 1.46465e-12 4.60414e-09 3.32742e-06 0.000552856 0.0211184 0.185462 0.374452 0.174206 0.0290546 0.0646155 0.0902874 0.0323202 0.0135184 0.00965505 0.00320928 0.00117293 0.000309373 5.66329e-05 6.17537e-06 3.39972e-07
 1.18955e-39 5.82203e-33 6.55104e-27 1.69469e-21 1.0079e-16 1.37812e-12 4.33212e-09 3.13083e-06 0.000520192 0.0198707 0.174504 0.35233 0.164015 0.0300395 0.0772956 0.108176 0.0388444 0.016626 0.0119276 0.00395405 0.00143805 0.000377775 6.97214e-05 7.69479e-06 4.20529e-07
 1.19823e-39 5.86452e-33 6.59885e-27 1.70706e-21 1.01525e-16 1.38817e-12 4.36374e-09 3.15368e-06 0.000523989 0.0200157 0.175778 0.354901 0.165183 0.0294913 0.0731739 0.102437 0.0377713 0.0192741 0.0143076 0.00480863 0.0017721 0.000464696 8.53906e-05 9.44749e-06 5.20675e-07
 1.22587e-39 5.99979e-33 6.75106e-27 1.74644e-21 1.03867e-16 1.4202e-12 4.4644e-09 3.22643e-06 0.000536076 0.0204774 0.179832 0.363087 0.168956 0.0291649 0.0687138 0.0961284 0.0352378 0.0173625 0.013 0.00486187 0.0019927 0.000535537 9.93099e-05 1.09716e-05 6.04675e-07
#pred catch len freq
 2.1457e-27 2.17297e-27 6.58027e-27 1.50806e-21 8.96901e-17 1.22635e-12 3.85506e-09 2.78606e-06 0.0004629 0.0176825 0.155288 0.31353 0.145934 0.0262375 0.0657716 0.0923632 0.0382903 0.0327873 0.0294206 0.0200228 0.0167248 0.0140654 0.0138755 0.0124148 0.0051251
 2.14877e-27 2.18174e-27 7.56402e-27 1.84184e-21 1.09541e-16 1.49778e-12 4.7083e-09 3.4027e-06 0.000565354 0.0215961 0.189658 0.382923 0.178077 0.0278587 0.0547602 0.0764626 0.0282456 0.0146143 0.0113757 0.00528594 0.00322775 0.00203223 0.00157264 0.00124049 0.000500367
 2.14763e-27 2.17901e-27 7.27364e-27 1.74331e-21 1.03681e-16 1.41766e-12 4.45642e-09 3.22067e-06 0.000535109 0.0204408 0.179512 0.362439 0.168684 0.0299213 0.0735266 0.1028 0.0360796 0.0128152 0.00874836 0.00275601 0.0010178 0.000384646 0.000184599 0.000110796 4.11783e-05
 2.14821e-27 2.18047e-27 7.43242e-27 1.79719e-21 1.06886e-16 1.46147e-12 4.59416e-09 3.32021e-06 0.000551648 0.0210726 0.18506 0.373641 0.173831 0.0290873 0.0650591 0.0909284 0.0327817 0.0144186 0.0101226 0.0026207 0.000638029 0.000140765 3.03261e-05 9.65214e-06 2.86157e-06
 2.14992e-27 2.18467e-27 7.87577e-27 1.94758e-21 1.1583e-16 1.58377e-12 4.9786e-09 3.59804e-06 0.00059781 0.0228359 0.200546 0.404906 0.188235 0.0277364 0.0473893 0.0659856 0.0234744 0.00934744 0.00648907 0.00184184 0.000508027 9.18989e-05 1.04733e-05 1.18369e-06 1.76437e-07
 2.14936e-27 2.18327e-27 7.72285e-27 1.89568e-21 1.12744e-16 1.54157e-12 4.84594e-09 3.50218e-06 0.000581881 0.0222275 0.195203 0.394117 0.18328 0.0286044 0.0559392 0.0779787 0.0269136 0.00809271 0.00518946 0.00141491 0.00037306 7.20589e-05 8.34955e-06 5.66134e-07 2.66292e-08
 2.14856e-27 2.18131e-27 7.51594e-27 1.8255e-21 1.08569e-16 1.48449e-12 4.66652e-09 3.37251e-06 0.000560338 0.0214045 0.187976 0.379526 0.176558 0.0292395 0.0642142 0.0896611 0.0312963 0.0105484 0.00691838 0.00167944 0.000345995 6.1335e-05 6.89851e-06 4.68699e-07 1.56245e-08
 2.14937e-27 2.18331e-27 7.73074e-27 1.89838e-21 1.12904e-16 1.54376e-12 4.85282e-09 3.50715e-06 0.000582708 0.022259 0.19548 0.394677 0.183526 0.0282606 0.0536722 0.0748418 0.0266086 0.0105361 0.0072252 0.00183984 0.000413401 6.74013e-05 6.18243e-06 3.76835e-07 1.20452e-08
 2.15009e-27 2.18507e-27 7.91704e-27 1.96157e-21 1.16662e-16 1.59515e-12 5.01436e-09 3.62389e-06 0.000602105 0.023 0.201987 0.407814 0.189579 0.0277207 0.0464162 0.0645922 0.0226877 0.00811097 0.00547615 0.00152337 0.000407019 7.19775e-05 7.02087e-06 3.94381e-07 1.08166e-08
 2.14951e-27 2.18363e-27 7.7612e-27 1.90869e-21 1.13517e-16 1.55215e-12 4.8792e-09 3.52621e-06 0.000585875 0.02238 0.196542 0.396822 0.184525 0.0284543 0.0542082 0.0755427 0.0261083 0.00796508 0.00511315 0.00134668 0.0003327 6.26703e-05 7.06011e-06 4.34786e-07 1.20695e-08
 2.14878e-27 2.18183e-27 7.5724e-27 1.84465e-21 1.09709e-16 1.50007e-12 4.71549e-09 3.4079e-06 0.000566217 0.0216291 0.189948 0.383508 0.17839 0.029001 0.0615584 0.0859245 0.0300706 0.0103896 0.00687267 0.00170175 0.000365631 6.39592e-05 6.89756e-06 4.5444e-07 1.41412e-08
 2.14901e-27 2.18243e-27 7.63727e-27 1.86667e-21 1.11018e-16 1.51797e-12 4.77177e-09 3.44857e-06 0.000572975 0.0218872 0.192215 0.388085 0.180492 0.0286203 0.0578549 0.0807308 0.0285957 0.0109858 0.00749162 0.00193418 0.000448746 7.50638e-05 7.1087e-06 4.29223e-07 1.32409e-08
 2.14911e-27 2.18268e-27 7.66321e-27 1.87547e-21 1.11541e-16 1.52513e-12 4.79426e-09 3.46482e-06 0.000575675 0.0219904 0.193121 0.389914 0.181335 0.0285653 0.0569677 0.0794721 0.0280377 0.010418 0.00708382 0.00192418 0.000494572 8.76385e-05 8.73752e-06 5.03339e-07 1.39982e-08
 2.14834e-27 2.18077e-27 7.46063e-27 1.80674e-21 1.07454e-16 1.46924e-12 4.61858e-09 3.33786e-06 0.00055458 0.0211846 0.186044 0.375627 0.174757 0.0292924 0.0657128 0.0917948 0.0323363 0.0118576 0.00802555 0.0021517 0.00054556 0.000101172 1.10807e-05 6.83252e-07 1.93573e-08
 2.14718e-27 2.17793e-27 7.16207e-27 1.70548e-21 1.01431e-16 1.38689e-12 4.35971e-09 3.15078e-06 0.000523497 0.0199972 0.175617 0.354574 0.165054 0.0300929 0.0769446 0.107669 0.0385171 0.0160062 0.0111408 0.00296808 0.000741209 0.000135768 1.49075e-05 9.70281e-07 2.97394e-08
 2.14723e-27 2.17809e-27 7.18276e-27 1.71251e-21 1.0185e-16 1.39261e-12 4.37769e-09 3.16377e-06 0.000525656 0.0200797 0.176341 0.356036 0.165717 0.0297293 0.0742846 0.103968 0.0378761 0.0178952 0.0128288 0.00356565 0.00095497 0.000175059 1.87748e-05 1.20624e-06 3.76269e-08
 2.14777e-27 2.1794e-27 7.32061e-27 1.75927e-21 1.0463e-16 1.43063e-12 4.49722e-09 3.25015e-06 0.000540008 0.0206279 0.181156 0.365757 0.170196 0.0293412 0.0689854 0.0964795 0.0349625 0.0159513 0.0114316 0.00336404 0.000990399 0.00019109 2.16085e-05 1.39558e-06 4.28239e-08
 2.14773e-27 2.17929e-27 7.30691e-27 1.75461e-21 1.04354e-16 1.42685e-12 4.48532e-09 3.24155e-06 0.000538579 0.0205734 0.180676 0.364789 0.169756 0.0295251 0.0703994 0.0984495 0.0353431 0.0150866 0.0106543 0.00309343 0.000903912 0.000183839 2.27758e-05 1.56871e-06 4.99503e-08
 2.14772e-27 2.17928e-27 7.30617e-27 1.75436e-21 1.04339e-16 1.42665e-12 4.48468e-09 3.24109e-06 0.000538503 0.0205704 0.180651 0.364737 0.16973 0.0294819 0.0701515 0.0981095 0.0353552 0.0155105 0.0109835 0.0031077 0.00087135 0.000175078 2.20123e-05 1.61545e-06 5.56574e-08
 2.14775e-27 2.17935e-27 7.3139e-27 1.75698e-21 1.04495e-16 1.42878e-12 4.49138e-09 3.24593e-06 0.000539307 0.0206012 0.180921 0.365282 0.169982 0.0294936 0.0700589 0.097972 0.0352114 0.015153 0.0106956 0.00304235 0.000855292 0.000167364 2.02053e-05 1.46956e-06 5.22203e-08
 2.14829e-27 2.18068e-27 7.45468e-27 1.80474e-21 1.07335e-16 1.46761e-12 4.61346e-09 3.33416e-06 0.000553966 0.0211611 0.185838 0.37521 0.174555 0.029031 0.0642422 0.0897692 0.0322627 0.0138819 0.00978978 0.00276304 0.000768214 0.000150566 1.80739e-05 1.27778e-06 4.42517e-08
 2.14849e-27 2.18115e-27 7.50283e-27 1.82107e-21 1.08306e-16 1.48089e-12 4.6552e-09 3.36432e-06 0.000558977 0.0213526 0.187519 0.378605 0.176124 0.029016 0.0631278 0.0881718 0.0313368 0.0123801 0.00857186 0.00241632 0.000669946 0.000130334 1.55028e-05 1.09096e-06 3.723e-08
 2.14852e-27 2.18122e-27 7.50914e-27 1.8232e-21 1.08433e-16 1.48263e-12 4.66065e-09 3.36827e-06 0.000559633 0.0213776 0.187739 0.379049 0.17633 0.0290354 0.0631122 0.0881442 0.0312525 0.0121077 0.00831391 0.00225898 0.000589432 0.000113374 1.34304e-05 9.3812e-07 3.17719e-08
 2.14852e-27 2.18122e-27 7.50857e-27 1.82301e-21 1.08421e-16 1.48247e-12 4.66016e-09 3.36791e-06 0.000559573 0.0213753 0.187719 0.379008 0.176312 0.0290648 0.0633044 0.0884109 0.0312902 0.0119408 0.00815924 0.00218592 0.000552368 0.000101951 1.14218e-05 7.80213e-07 2.61988e-08
 2.14847e-27 2.18109e-27 7.49577e-27 1.81867e-21 1.08163e-16 1.47894e-12 4.64906e-09 3.35989e-06 0.00055824 0.0213244 0.187272 0.378106 0.175896 0.0290956 0.0637641 0.0890615 0.031556 0.012155 0.00832037 0.00221986 0.000555382 0.000100941 1.09136e-05 7.10525e-07 2.28656e-08
 2.14809e-27 2.18016e-27 7.3972e-27 1.78523e-21 1.06175e-16 1.45175e-12 4.56359e-09 3.29812e-06 0.000547977 0.0209324 0.183829 0.371155 0.172694 0.0294107 0.0677827 0.0947304 0.033619 0.013123 0.00901623 0.00242067 0.000612126 0.000111116 1.18885e-05 7.56585e-07 2.34187e-08
 2.14724e-27 2.17809e-27 7.17824e-27 1.71096e-21 1.01757e-16 1.39135e-12 4.37373e-09 3.1609e-06 0.00052518 0.0200615 0.176181 0.355714 0.16558 0.0300585 0.0763911 0.106884 0.0381781 0.015683 0.0109017 0.00293816 0.00074843 0.000136664 1.47137e-05 9.33076e-07 2.84401e-08
 2.14754e-27 2.17884e-27 7.26068e-27 1.73893e-21 1.03421e-16 1.4141e-12 4.44524e-09 3.21259e-06 0.000533767 0.0203895 0.179062 0.36153 0.168251 0.0295875 0.0717633 0.100393 0.0363208 0.016377 0.0116178 0.00317466 0.000827628 0.000151756 1.63572e-05 1.04027e-06 3.17147e-08
#obs catch len freq
 1.21947e-39 5.96847e-33 6.71582e-27 1.73732e-21 1.03325e-16 1.41278e-12 4.44109e-09 3.20958e-06 0.000533277 0.0203705 0.178894 0.361191 0.16809 0.0294594 0.0710832 0.0994387 0.0360125 0.0163831 0.011993 0.00424206 0.00169104 0.000494448 0.000105496 1.38934e-05 9.40487e-07
 1.22947e-39 6.01741e-33 6.77088e-27 1.75156e-21 1.04172e-16 1.42436e-12 4.4775e-09 3.2359e-06 0.000537649 0.0205375 0.180361 0.364153 0.169457 0.0293831 0.0697249 0.0975138 0.0351962 0.015639 0.0113839 0.00399114 0.00156698 0.000446956 9.27639e-05 1.18867e-05 7.78161e-07
 1.31122e-39 6.41753e-33 7.22111e-27 1.86803e-21 1.11099e-16 1.51908e-12 4.77523e-09 3.45107e-06 0.0005734 0.0219032 0.192354 0.388366 0.180611 0.0283344 0.0560251 0.0781837 0.0281104 0.0121491 0.00877814 0.00303269 0.00117039 0.000329244 6.67628e-05 8.30768e-06 5.28152e-07
 1.14652e-39 5.61143e-33 6.31407e-27 1.63339e-21 9.71438e-17 1.32827e-12 4.17542e-09 3.01758e-06 0.000501376 0.0191519 0.168192 0.339586 0.158162 0.0310653 0.0873984 0.122346 0.0428847 0.0150639 0.0103548 0.00351445 0.00132771 0.000366881 7.29272e-05 8.87399e-06 5.48783e-07
 1.34316e-39 6.57383e-33 7.39698e-27 1.91353e-21 1.13805e-16 1.55607e-12 4.89153e-09 3.53512e-06 0.000587365 0.0224366 0.197038 0.397824 0.184956 0.0275932 0.0486498 0.0678434 0.0252278 0.013513 0.00998348 0.00302695 0.000993795 0.000264759 5.13443e-05 6.11067e-06 3.69398e-07
 1.38232e-39 6.76551e-33 7.61266e-27 1.96932e-21 1.17123e-16 1.60145e-12 5.03416e-09 3.6382e-06 0.000604492 0.0230908 0.202784 0.409424 0.190324 0.0277138 0.0458899 0.0638277 0.0220921 0.00686506 0.00464326 0.00179051 0.000733808 0.000179207 3.09106e-05 3.51812e-06 2.0737e-07
 1.25679e-39 6.1511e-33 6.92132e-27 1.79048e-21 1.06487e-16 1.45601e-12 4.57698e-09 3.30779e-06 0.000549595 0.0209938 0.184368 0.372244 0.173212 0.0297733 0.0696687 0.0973122 0.0334773 0.00971166 0.00617906 0.00176063 0.000551561 0.000161184 3.13364e-05 3.28973e-06 1.79441e-07
 1.26904e-39 6.21108e-33 6.98881e-27 1.80794e-21 1.07525e-16 1.47021e-12 4.62161e-09 3.34005e-06 0.000554954 0.0211985 0.186165 0.375873 0.174862 0.0290509 0.0641646 0.0896517 0.03211 0.0134679 0.00942052 0.00258921 0.000702585 0.000154794 2.66666e-05 3.12352e-06 1.72581e-07
 1.41184e-39 6.90997e-33 7.77521e-27 2.01137e-21 1.19624e-16 1.63564e-12 5.14165e-09 3.71588e-06 0.000617399 0.0235839 0.207113 0.418166 0.194341 0.0270773 0.0393694 0.0546776 0.0194243 0.00765725 0.00540105 0.00179297 0.000622067 0.000132504 1.83774e-05 1.75526e-06 9.57973e-08
 1.41323e-39 6.91678e-33 7.78287e-27 2.01335e-21 1.19742e-16 1.63725e-12 5.14671e-09 3.71954e-06 0.000618007 0.0236071 0.207317 0.418578 0.194545 0.0274265 0.0413773 0.0574455 0.019556 0.00500223 0.00308276 0.000988809 0.000347798 8.88443e-05 1.44208e-05 1.2479e-06 5.57774e-08
 1.33825e-39 6.5498e-33 7.36994e-27 1.90653e-21 1.13389e-16 1.55039e-12 4.87365e-09 3.5222e-06 0.000585218 0.0223546 0.196318 0.39637 0.184322 0.0286127 0.0553115 0.0770737 0.0263185 0.00698904 0.00427088 0.00110857 0.000280634 6.75116e-05 1.18645e-05 1.19651e-06 5.49407e-08
 1.31592e-39 6.4405e-33 7.24695e-27 1.87472e-21 1.11496e-16 1.52451e-12 4.79232e-09 3.46342e-06 0.000575452 0.0219815 0.193042 0.389756 0.181268 0.0287056 0.0578722 0.0807245 0.028172 0.00948392 0.00626655 0.00165113 0.00040766 7.84844e-05 1.06469e-05 1.05131e-06 5.33856e-08
 1.35048e-39 6.60966e-33 7.4373e-27 1.92396e-21 1.14425e-16 1.56456e-12 4.91819e-09 3.55439e-06 0.000590567 0.0225589 0.198112 0.399993 0.185978 0.0281105 0.0511541 0.0712677 0.0250006 0.00883903 0.00598714 0.00176384 0.000523411 0.000103657 1.26579e-05 9.86767e-07 4.36653e-08
 1.3221e-39 6.47076e-33 7.281e-27 1.88353e-21 1.1202e-16 1.53168e-12 4.81484e-09 3.47969e-06 0.000578156 0.0220848 0.193949 0.391587 0.182112 0.0286483 0.0569707 0.0794434 0.0275712 0.00879277 0.00580486 0.00175594 0.000555141 0.000124162 1.74389e-05 1.3405e-06 5.04577e-08
 1.28095e-39 6.26937e-33 7.0544e-27 1.82491e-21 1.08534e-16 1.48401e-12 4.66499e-09 3.3714e-06 0.000560162 0.0213975 0.187913 0.379401 0.176498 0.0291619 0.0637789 0.0890561 0.0311883 0.0108552 0.00730107 0.0020987 0.00062117 0.00014277 2.19872e-05 1.91628e-06 7.69058e-08
 1.1527e-39 5.64168e-33 6.34811e-27 1.6422e-21 9.76676e-17 1.33543e-12 4.19793e-09 3.03385e-06 0.000504079 0.0192552 0.169099 0.341417 0.158999 0.0308173 0.0853332 0.119471 0.0423785 0.016487 0.0114534 0.0034394 0.00106885 0.000235906 3.5125e-05 3.22509e-06 1.43149e-07
 1.25444e-39 6.13963e-33 6.90841e-27 1.78714e-21 1.06288e-16 1.4533e-12 4.56845e-09 3.30163e-06 0.00054857 0.0209547 0.184024 0.371549 0.172852 0.0287466 0.06361 0.08895 0.0329384 0.0172303 0.0127637 0.00407518 0.00138074 0.000320405 4.87082e-05 4.35669e-06 1.95444e-07
 1.2161e-39 5.95196e-33 6.69724e-27 1.73251e-21 1.03039e-16 1.40887e-12 4.4288e-09 3.20071e-06 0.000531802 0.0203141 0.178399 0.360193 0.16764 0.0297706 0.0732837 0.102493 0.0364361 0.0144575 0.0104029 0.0039624 0.00162731 0.000411726 6.79808e-05 6.34387e-06 2.85248e-07
 1.26589e-39 6.19566e-33 6.97146e-27 1.80345e-21 1.07258e-16 1.46656e-12 4.61014e-09 3.33176e-06 0.000553576 0.0211459 0.185703 0.37494 0.174425 0.0288949 0.0634934 0.0887296 0.032094 0.0144655 0.0104518 0.00339182 0.00125424 0.000372736 7.33043e-05 7.55824e-06 3.61622e-07
 1.23325e-39 6.03592e-33 6.79172e-27 1.75695e-21 1.04493e-16 1.42875e-12 4.49128e-09 3.24586e-06 0.000539304 0.0206007 0.180915 0.365274 0.169982 0.0295812 0.0705966 0.0987017 0.0350633 0.0138222 0.00980325 0.00340681 0.00129455 0.00034067 6.68764e-05 8.04855e-06 4.3912e-07
 1.24869e-39 6.11145e-33 6.87671e-27 1.77894e-21 1.058e-16 1.44663e-12 4.54748e-09 3.28647e-06 0.000546052 0.0208585 0.183179 0.369844 0.172081 0.0292042 0.0669173 0.0935463 0.0336673 0.0146472 0.0105053 0.00338827 0.00121045 0.000330648 6.31934e-05 7.30014e-06 4.30726e-07
 1.26573e-39 6.19486e-33 6.97055e-27 1.80322e-21 1.07244e-16 1.46637e-12 4.60954e-09 3.33133e-06 0.000553504 0.0211432 0.185679 0.374891 0.174408 0.0290406 0.0643975 0.0899776 0.0321743 0.0133494 0.00954869 0.00325072 0.00120694 0.000310862 5.74742e-05 6.60869e-06 3.81209e-07
 1.24987e-39 6.11727e-33 6.88325e-27 1.78063e-21 1.05901e-16 1.448e-12 4.55181e-09 3.2896e-06 0.000546572 0.0208783 0.183354 0.370196 0.172248 0.0293314 0.0675881 0.0944657 0.0336348 0.0134965 0.00955073 0.00316823 0.00116177 0.000311751 5.78491e-05 6.38661e-06 3.60861e-07
 1.25151e-39 6.12527e-33 6.89226e-27 1.78296e-21 1.06039e-16 1.4499e-12 4.55776e-09 3.29391e-06 0.000547287 0.0209057 0.183594 0.37068 0.172469 0.0292306 0.0668265 0.0934066 0.0334585 0.0140603 0.0100254 0.00326223 0.00116225 0.000305264 5.69937e-05 6.39727e-06 3.54971e-07
 1.25884e-39 6.16114e-33 6.93261e-27 1.7934e-21 1.0666e-16 1.45839e-12 4.58445e-09 3.31319e-06 0.000550492 0.0210281 0.184669 0.372851 0.173469 0.0291465 0.0656589 0.0917557 0.0328045 0.0135908 0.00969326 0.00323535 0.00117915 0.000303865 5.51494e-05 6.13746e-06 3.43265e-07
 1.2525e-39 6.13011e-33 6.8977e-27 1.78437e-21 1.06123e-16 1.45104e-12 4.56136e-09 3.29651e-06 0.000547719 0.0209222 0.183738 0.370973 0.172605 0.0292459 0.0668317 0.0934076 0.0333734 0.0137574 0.00979209 0.00324552 0.00118222 0.000311361 5.69288e-05 6.20321e-06 3.41344e-07
 1.1768e-39 5.75964e-33 6.48084e-27 1.67653e-21 9.97097e-17 1.36335e-12 4.2857e-09 3.09728e-06 0.000514618 0.0196577 0.172634 0.348554 0.162278 0.0302498 0.0797171 0.111585 0.0399895 0.0168676 0.0120602 0.0039866 0.00144504 0.000379047 6.98714e-05 7.70591e-06 4.20944e-07
 1.18456e-39 5.79762e-33 6.52357e-27 1.68759e-21 1.00367e-16 1.37234e-12 4.31396e-09 3.11771e-06 0.000518012 0.0197874 0.173773 0.350853 0.16332 0.0297061 0.0757053 0.106002 0.0389923 0.0196096 0.0145159 0.00486469 0.00178686 0.000467878 8.58712e-05 9.49388e-06 5.22993e-07
#spawning biomass
 5217.55 3598.92 3694.47 3439.82 3905.42 5546.33 6609.34 7854.86 13151.5 21164.1 30147.2 37408.3 50504.1 66181.7 74956 67202.3 59295.9 56325.4 56335.4 53249.4 52451.3 55143.2 60803.9 64510 69579.4 74548.2 72536.2 61044 49260.1 39197.6 12237.1 3351.57 2469.62 2410.78 2407.39 2407.2 2407.19 2407.19 2407.19 2407.19 2407.19 2407.19 2407.19 2407.19 2407.19 2407.19 2407.19 2407.19 2407.19 2407.19 2407.19 2407.19 2407.19 2407.19 2407.19 2407.19 2407.19 2407.19 2407.19 2407.19 2407.19 2407.19 2407.19 2407.19 2407.19 2407.19 2407.19 2407.19 2407.19 2407.19 2407.19 2407.19 2407.19 2407.19 2407.19 2407.19 2407.19 2407.19 2407.19 2407.19 2407.19 2407.19 2407.19 2407.19 2407.19 2407.19 2407.19 2407.19 2407.19 2407.19 2407.19 2407.19 2407.19 2407.19 2407.19 2407.19 2407.19 2407.19 2407.19 2407.19 2407.19 2407.19 2407.19 2407.19 2407.19 2407.19 2407.19 2407.19 2407.19 2407.19 2407.19 2407.19 2407.19 2407.19 2407.19 2407.19 2407.19 2407.19 2407.19 2407.19 2407.19 2407.19 2407.19 2407.19 2407.19 2407.19 2407.19 2407.19 0 0 0 0 0 0 0 0 0 0 0 0 0 0 0 0 0 0 0 0 0 0 0 0 0
