SBPRF35
0.249879
Curr Bio
172938
B35
195562
F35
0.397716
FOFL
0.321958
OFL
50691.8
Bzero
71394
#pred survey bio
 27849.7 22904.5 17372.5 15262.7 21876.1 33630.6 45424.5 57617 78365.8 115078 153665 181209 201883 208599 219523 205607 196486 187226 202742 206606 223290 214944 216493 232399 237107 239698 247128 262172 246945 8.18908e+06 4.46559e+06 3.2248e+06 2.20905e+06 1.55318e+06 1.1736e+06 965668 854403 795017 762931 745200 735117 729205 725633 723417 722010 721108 720521 720136 719881 719712 719599 719524 719473 719439 719416 719401 719391 719384 719379 719376 719374 719373 719372 719371 719371 719370 719370 719370 719370 719370 719370 719370 719370 719370 719370 719370 719370 719370 719370 719370 719370 719370 719370 719370 719370 719370 719370 719370 719370 719370 719370 719370 719370 719370 719370 719370 719370 719370 719370 719370 719370 719370 719370 719370 719370 719370 719370 719370 719370 719370 719370 719370 719370 719370 719370 719370 719370 719370 719370 719370 719370 719370 719370 719370 719370 719370 719370 719370 719370 0 0 0 0 0 0 0 0 0 0 0 0 0 0 0 0 0 0 0 0 0 0 0 0 0
#obs survey bio
 28333.5 17339.4 12288.7 21908.5 20072 31167.5 39557 50229.2 101680 164832 127098 264428 195989 218168 192492 191083 194244 155310 175841 211146 212612 266488 193244 197652 243427 239909 238949 337747 259141
#pred catch bio
 5387.45 4189.57 3202.05 3115.55 4906.33 7957.14 11989.6 16291.5 16976.9 34510.5 59512.7 72579.7 86597.7 83725.4 99074.6 95566.2 91865.6 71381.9 81424 73897.8 93881.6 89970.5 86905 101518 105066 100087 95159 113551 108967 50691.8 56559.6 39500.8 26002.8 17618.5 12991.8 10609.6 9435.1 8872.07 8607.19 8484.14 8427.47 8401.52 8389.68 8384.3 8381.86 8380.76 8380.26 8380.03 8379.93 8379.89 8379.86 8379.85 8379.85 8379.85 8379.85 8379.85 8379.85 8379.85 8379.85 8379.85 8379.85 8379.85 8379.85 8379.85 8379.85 8379.85 8379.85 8379.85 8379.85 8379.85 8379.85 8379.85 8379.85 8379.85 8379.85 8379.85 8379.85 8379.85 8379.85 8379.85 8379.85 8379.85 8379.85 8379.85 8379.85 8379.85 8379.85 8379.85 8379.85 8379.85 8379.85 8379.85 8379.85 8379.85 8379.85 8379.85 8379.85 8379.85 8379.85 8379.85 8379.85 8379.85 8379.85 8379.85 8379.85 8379.85 8379.85 8379.85 8379.85 8379.85 8379.85 8379.85 8379.85 8379.85 8379.85 8379.85 8379.85 8379.85 8379.85 8379.85 8379.85 8379.85 8379.85 8379.85 8379.85 8379.85 8379.85 8379.85 8379.85 0 0 0 0 0 0 0 0 0 0 0 0 0 0 0 0 0 0 0 0 0 0 0 0 0
#obs catch bio
 3669.91 4317.23 3341.61 3140.09 4937.42 7843.14 11769.6 16435.5 16165.8 32966.7 57891.3 69261.3 85697.4 81609.6 102133 98209.4 96170.8 72260.8 81659.3 72035.9 94859.7 86636 84548 103095 107226 102774 95763.9 113424 109004
#pred cpue bio
 26986.2 22582.9 17212.3 14619.5 19964.9 31116.9 42596.7 53883.6 72396.6 107129 142146 167348 187335 193666 204680 191651 182011 173810 189309 192932 209098 200839 201403 215842 219840 222324 230168 244862 230941 7.63025e+06 4.42542e+06 3.19431e+06 2.17868e+06 1.52281e+06 1.14324e+06 935304 824038 764653 732567 714836 704753 698840 695268 693052 691645 690743 690157 689772 689517 689348 689235 689159 689108 689075 689052 689036 689026 689019 689015 689012 689009 689008 689007 689006 689006 689006 689006 689005 689005 689005 689005 689005 689005 689005 689005 689005 689005 689005 689005 689005 689005 689005 689005 689005 689005 689005 689005 689005 689005 689005 689005 689005 689005 689005 689005 689005 689005 689005 689005 689005 689005 689005 689005 689005 689005 689005 689005 689005 689005 689005 689005 689005 689005 689005 689005 689005 689005 689005 689005 689005 689005 689005 689005 689005 689005 689005 689005 689005 689005 0 0 0 0 0 0 0 0 0 0 0 0 0 0 0 0 0 0 0 0 0 0 0 0 0
#obs cpue bio
 21583.9 16060.3 15064 19504.7 21273.1 45091.4 51205.1 55399 85081.3 96308.7 163666 142961 174714 206521 173800 187590 151702 191785 257854 214200 196699 227098 228355 207178 197172 190237 237267 218510 210239
#pred surv len freq
 2.41298e-11 1.13495e-09 3.69646e-08 8.33643e-07 1.30185e-05 0.000140778 0.00105415 0.00546647 0.0196373 0.0489316 0.0850001 0.104959 0.0986584 0.0842741 0.0796633 0.0795755 0.0742593 0.0654299 0.0570242 0.04923 0.0421268 0.0361492 0.0303821 0.023232 0.0147914
 1.21141e-11 5.6979e-10 1.85577e-08 4.18523e-07 6.53587e-06 7.06777e-05 0.000529274 0.00274534 0.00987229 0.0246998 0.0435918 0.0570528 0.0639169 0.0755405 0.0946348 0.106546 0.102651 0.0909827 0.0793488 0.0680859 0.0567543 0.0460466 0.0358931 0.0255719 0.0154588
 9.53515e-12 4.48488e-10 1.4607e-08 3.29424e-07 5.14444e-06 5.56306e-05 0.00041658 0.00216053 0.00776551 0.0193915 0.0339705 0.0433051 0.04517 0.048462 0.0600172 0.0764464 0.0929239 0.105878 0.109256 0.100696 0.0849322 0.0672403 0.0497703 0.0332306 0.018906
 3.29064e-11 1.54776e-09 5.04095e-08 1.13686e-06 1.77537e-05 0.00019198 0.00143752 0.00745365 0.026764 0.0665728 0.114846 0.138057 0.11781 0.0764624 0.0462276 0.0351543 0.0357224 0.042333 0.0514593 0.0580469 0.0576214 0.049637 0.0371718 0.024015 0.0129974
 4.37177e-11 2.05627e-09 6.69714e-08 1.51037e-06 2.35866e-05 0.000255055 0.00190982 0.0099027 0.0355598 0.0884701 0.152749 0.184213 0.159058 0.106897 0.067784 0.0473847 0.0332158 0.0216927 0.0157377 0.0151012 0.0163387 0.0161943 0.0134686 0.0091155 0.00492833
 3.71367e-11 1.74673e-09 5.689e-08 1.28301e-06 2.00361e-05 0.000216662 0.00162236 0.00841265 0.030216 0.0752423 0.13037 0.159398 0.144697 0.112707 0.0926037 0.0800194 0.061209 0.0390474 0.0223111 0.0129584 0.0087774 0.007207 0.00607733 0.00439213 0.00249439
 3.33068e-11 1.56659e-09 5.10229e-08 1.15069e-06 1.79697e-05 0.000194318 0.00145505 0.0075452 0.0271019 0.0675037 0.11707 0.143652 0.132096 0.106656 0.0930619 0.0862656 0.0731093 0.0549046 0.0376694 0.0233948 0.0130365 0.00704808 0.0041649 0.00260032 0.00145172
 3.48592e-11 1.63961e-09 5.3401e-08 1.20433e-06 1.88073e-05 0.000203375 0.00152286 0.00789666 0.0283619 0.0706178 0.122306 0.149302 0.134821 0.103798 0.0849564 0.076432 0.0657642 0.0522499 0.0394708 0.027762 0.0173491 0.00946662 0.00462283 0.00213229 0.000944624
 3.84051e-11 1.80639e-09 5.88331e-08 1.32683e-06 2.07204e-05 0.000224062 0.00167776 0.0086997 0.0312437 0.0777701 0.134534 0.163478 0.145188 0.106571 0.0805858 0.0677951 0.0555018 0.0420887 0.0310197 0.022345 0.0149891 0.0089336 0.00458396 0.00200027 0.000748182
 3.56743e-11 1.67795e-09 5.46498e-08 1.23249e-06 1.92471e-05 0.00020813 0.00155848 0.00808137 0.029026 0.0722783 0.125229 0.153087 0.138912 0.108213 0.0894681 0.0792093 0.0643948 0.0465036 0.0319707 0.0216967 0.0141604 0.00854925 0.00457768 0.00208004 0.000776101
 3.77461e-11 1.7754e-09 5.78235e-08 1.30406e-06 2.03648e-05 0.000220217 0.00164897 0.00855048 0.0307086 0.076445 0.132291 0.160983 0.143719 0.107108 0.0830964 0.0713371 0.0588975 0.0443937 0.031635 0.0213716 0.0133707 0.00768459 0.00400436 0.00182241 0.000691029
 3.78585e-11 1.78068e-09 5.79956e-08 1.30795e-06 2.04255e-05 0.000220873 0.00165389 0.00857598 0.0308008 0.0766803 0.132737 0.161708 0.144941 0.109161 0.0857867 0.0734033 0.05889 0.0422861 0.0288852 0.0193055 0.0121906 0.0070061 0.00357597 0.00158156 0.000587895
 3.63686e-11 1.7106e-09 5.57133e-08 1.25647e-06 1.96216e-05 0.000212181 0.00158881 0.00823861 0.0295903 0.0736795 0.127628 0.15589 0.141038 0.109006 0.0891371 0.0784484 0.0637337 0.0459085 0.0310203 0.0201524 0.0122892 0.00688203 0.00346436 0.00151556 0.000555014
 3.63768e-11 1.71099e-09 5.57258e-08 1.25676e-06 1.96261e-05 0.000212228 0.00158916 0.00824043 0.0295966 0.0736917 0.127627 0.155785 0.140613 0.10802 0.0876786 0.0771795 0.0634509 0.0467721 0.0324397 0.0213958 0.0130096 0.00714717 0.00350135 0.00149306 0.000536059
 3.51537e-11 1.65346e-09 5.38523e-08 1.2145e-06 1.89662e-05 0.000205093 0.00153574 0.00796347 0.0286028 0.0712267 0.123423 0.150957 0.137233 0.107476 0.0897042 0.0803567 0.0664448 0.0491318 0.0343477 0.0230158 0.0142739 0.00795638 0.00390316 0.00164412 0.000578574
 3.53804e-11 1.66412e-09 5.41995e-08 1.22233e-06 1.90885e-05 0.000206415 0.00154564 0.00801477 0.0287866 0.0716805 0.124182 0.151755 0.137546 0.106878 0.0882841 0.0787871 0.0654784 0.0489869 0.0347142 0.0235245 0.0147475 0.00833115 0.00414574 0.0017635 0.000621308
 3.72185e-11 1.75058e-09 5.70153e-08 1.28584e-06 2.00802e-05 0.000217139 0.00162593 0.00843104 0.0302803 0.0753855 0.130502 0.159019 0.142645 0.107718 0.0851808 0.073698 0.0603055 0.0446505 0.0314617 0.0213781 0.0135365 0.00774901 0.00390935 0.0016847 0.000600039
 3.63019e-11 1.70747e-09 5.56111e-08 1.25417e-06 1.95857e-05 0.000211792 0.00158589 0.0082235 0.0295361 0.0735448 0.127398 0.155622 0.140834 0.10892 0.089113 0.0783542 0.0634918 0.0456443 0.0309986 0.0204825 0.0127941 0.00731126 0.00371282 0.00161784 0.000583334
 3.47093e-11 1.63256e-09 5.31713e-08 1.19915e-06 1.87264e-05 0.0002025 0.00151632 0.00786281 0.0282415 0.0703302 0.121891 0.149183 0.135945 0.107161 0.0903255 0.0815743 0.0679027 0.0504934 0.035279 0.0234043 0.0143436 0.0079898 0.00398517 0.0017258 0.000624017
 3.49538e-11 1.64406e-09 5.35459e-08 1.20759e-06 1.88583e-05 0.000203926 0.001527 0.00791814 0.0284396 0.0708176 0.122694 0.149973 0.136048 0.105983 0.0879579 0.0789942 0.066306 0.0503857 0.0363358 0.024928 0.0156919 0.00884478 0.00438891 0.00187346 0.000668367
 3.41429e-11 1.60592e-09 5.23038e-08 1.17958e-06 1.84209e-05 0.000199196 0.00149158 0.00773452 0.0277808 0.0691833 0.119906 0.146768 0.133792 0.10558 0.0892036 0.0809087 0.067982 0.0515888 0.0373557 0.0260278 0.0168206 0.00977161 0.00496995 0.00214891 0.000767345
 3.49213e-11 1.64253e-09 5.34961e-08 1.20647e-06 1.88408e-05 0.000203737 0.00152558 0.00791077 0.0284131 0.0707506 0.122572 0.149796 0.135798 0.105597 0.0873984 0.078334 0.0656925 0.0499768 0.0362982 0.0253658 0.0165036 0.00972924 0.0050586 0.00224034 0.000815969
 3.61707e-11 1.7013e-09 5.54102e-08 1.24964e-06 1.95149e-05 0.000211026 0.00158016 0.00819374 0.0294286 0.0732712 0.126883 0.154803 0.13949 0.106671 0.086044 0.0755869 0.0624763 0.0468046 0.033525 0.0232693 0.0151449 0.00897637 0.00471466 0.00211955 0.000786177
 3.64694e-11 1.71535e-09 5.58678e-08 1.25996e-06 1.9676e-05 0.000212769 0.00159321 0.0082614 0.0296717 0.0738769 0.127935 0.156101 0.140702 0.107667 0.0868418 0.0760252 0.0622451 0.0458241 0.0320875 0.0218032 0.0139634 0.00819889 0.00429882 0.00194229 0.0007276
 3.6829e-11 1.73226e-09 5.64185e-08 1.27238e-06 1.987e-05 0.000214866 0.00160891 0.00834283 0.029964 0.0746033 0.129184 0.157578 0.141886 0.108256 0.0869053 0.0757615 0.0617586 0.0451259 0.0311993 0.0208211 0.013045 0.00749182 0.00386026 0.00172707 0.000645463
 3.66261e-11 1.72272e-09 5.61078e-08 1.26537e-06 1.97606e-05 0.000213683 0.00160005 0.00829691 0.0297993 0.074196 0.128497 0.156827 0.141488 0.108533 0.0878096 0.0768773 0.0626225 0.0455509 0.0312596 0.0206527 0.0127604 0.00719238 0.0036272 0.00159037 0.000585293
 3.54224e-11 1.6661e-09 5.42639e-08 1.22378e-06 1.91112e-05 0.000206661 0.00154747 0.00802432 0.0288212 0.0717694 0.124355 0.152056 0.138102 0.10788 0.0896876 0.0800681 0.0659616 0.0484635 0.0335415 0.0222168 0.0136623 0.00761785 0.00378248 0.00162795 0.00058779
 3.47906e-11 1.63638e-09 5.3296e-08 1.20196e-06 1.87703e-05 0.000202975 0.00151987 0.00788121 0.0283073 0.070491 0.122148 0.149401 0.135831 0.106437 0.0890322 0.0802184 0.0671246 0.0505686 0.0360218 0.0244045 0.0152094 0.00852284 0.00421935 0.00179844 0.000640223
 3.447e-11 1.6213e-09 5.28048e-08 1.19088e-06 1.85973e-05 0.000201104 0.00150587 0.0078086 0.0280467 0.0698441 0.121041 0.148112 0.134869 0.106114 0.08925 0.0806317 0.0674669 0.0508667 0.0364946 0.0251457 0.0160475 0.00920522 0.00463265 0.00198858 0.000707009
#obs surv len freq
 2.43129e-11 1.14356e-09 3.7245e-08 8.39969e-07 1.31173e-05 0.000141846 0.00106215 0.00550789 0.0197856 0.0492953 0.0855933 0.105512 0.0986091 0.0831186 0.0775223 0.0774582 0.073503 0.0668284 0.0605126 0.0539211 0.0463297 0.0378436 0.0284893 0.0187616 0.0101909
 8.96404e-16 4.22362e-14 1.38514e-12 3.20924e-11 5.54141e-10 8.26749e-09 1.29576e-07 2.06555e-06 2.72941e-05 0.00026423 0.00179914 0.00852854 0.0281351 0.0649683 0.106757 0.129967 0.127438 0.113655 0.100578 0.0886735 0.0759534 0.0617043 0.0458819 0.0297376 0.0159285
 1.31453e-11 6.18293e-10 2.01374e-08 4.54149e-07 7.09218e-06 7.66915e-05 0.00057425 0.00297743 0.0106897 0.0265756 0.0457528 0.0545856 0.045461 0.0284094 0.0213781 0.0356294 0.069169 0.105122 0.123572 0.120088 0.104117 0.0837903 0.061629 0.0394932 0.0209018
 5.06141e-11 2.38064e-09 7.7536e-08 1.74863e-06 2.73074e-05 0.000295289 0.00221107 0.0114643 0.0411612 0.102344 0.176282 0.210607 0.175395 0.103792 0.0467123 0.0192922 0.00999056 0.0087229 0.011958 0.0165797 0.0189176 0.017518 0.0134899 0.00867995 0.00455748
 3.44972e-11 1.62258e-09 5.28465e-08 1.19182e-06 1.8612e-05 0.000201264 0.00150707 0.00781513 0.0280742 0.0699512 0.121492 0.149902 0.140397 0.118129 0.106514 0.0948403 0.0687285 0.0375149 0.0165788 0.00848722 0.00740818 0.00779258 0.00700288 0.00494505 0.00269989
 3.98059e-11 1.87228e-09 6.09789e-08 1.37523e-06 2.14762e-05 0.000232234 0.00173895 0.00901688 0.0323818 0.08059 0.139328 0.168907 0.148751 0.106642 0.077985 0.0654244 0.0557471 0.0439353 0.0308374 0.0182951 0.00920249 0.00469249 0.0030035 0.00207018 0.00119649
 2.64681e-11 1.24493e-09 4.05466e-08 9.14428e-07 1.42801e-05 0.000154421 0.00115633 0.00599665 0.0215468 0.0537373 0.0936738 0.117194 0.114941 0.107443 0.109879 0.108539 0.0904982 0.0650205 0.044445 0.0298365 0.0183942 0.00981436 0.00462765 0.00211652 0.000970184
 4.30232e-11 2.02361e-09 6.59075e-08 1.48638e-06 2.3212e-05 0.000251004 0.00187948 0.00974533 0.0349941 0.087055 0.150256 0.180979 0.155583 0.103397 0.065314 0.0492207 0.0427243 0.0374411 0.0306847 0.022293 0.0141401 0.00790169 0.00387112 0.00164 0.000604129
 3.43199e-11 1.61424e-09 5.25748e-08 1.1857e-06 1.85164e-05 0.000200229 0.00149932 0.00777478 0.0279274 0.069567 0.120699 0.148338 0.137104 0.111855 0.0977836 0.0876371 0.0680989 0.0448876 0.0284625 0.019384 0.0133892 0.00835 0.00440794 0.00192498 0.000689709
 3.90664e-11 1.8375e-09 5.98461e-08 1.34968e-06 2.10772e-05 0.00022792 0.00170665 0.00884943 0.031781 0.0791011 0.136795 0.166033 0.146848 0.106572 0.0793723 0.0668654 0.0560518 0.0434657 0.0312069 0.0204177 0.0121429 0.00677368 0.00353547 0.00162103 0.000610186
 3.94407e-11 1.8551e-09 6.04194e-08 1.36261e-06 2.12791e-05 0.000230104 0.001723 0.0089343 0.0320867 0.0798708 0.138187 0.168003 0.149471 0.110192 0.0835632 0.069414 0.0545681 0.0384512 0.0259426 0.0173339 0.0109369 0.00618687 0.0030717 0.00132572 0.000486219
 3.76421e-11 1.7705e-09 5.76642e-08 1.30047e-06 2.03088e-05 0.000219611 0.00164444 0.00852702 0.0306256 0.0762489 0.132025 0.161004 0.144838 0.110189 0.0879157 0.0758732 0.0607046 0.0428575 0.0282108 0.0178651 0.0106818 0.00589941 0.00293273 0.00126257 0.00045353
 3.63959e-11 1.71189e-09 5.57551e-08 1.25742e-06 1.96364e-05 0.00021234 0.00159 0.00824478 0.0296125 0.0737327 0.12771 0.155941 0.140928 0.10862 0.0885563 0.0780539 0.0639379 0.0466966 0.0318967 0.0206093 0.0122194 0.00653214 0.00312119 0.00130403 0.00046016
 3.66072e-11 1.72182e-09 5.60787e-08 1.26472e-06 1.97504e-05 0.000213572 0.00159922 0.00829258 0.0297837 0.0741541 0.128406 0.156633 0.141049 0.107673 0.0866142 0.075914 0.0625718 0.0465212 0.0326783 0.0218255 0.0133576 0.00728881 0.00348401 0.00142855 0.000490365
 3.3551e-11 1.57808e-09 5.1397e-08 1.15913e-06 1.81015e-05 0.000195743 0.00146572 0.00760053 0.0273007 0.0679979 0.117923 0.144678 0.132962 0.107124 0.0929297 0.0851404 0.0707933 0.0522809 0.0365063 0.0245394 0.0153311 0.00860969 0.00422962 0.00176441 0.000607336
 3.62114e-11 1.70321e-09 5.54724e-08 1.25104e-06 1.95368e-05 0.000211263 0.00158193 0.00820289 0.0294611 0.0733474 0.126984 0.15478 0.139012 0.105401 0.0841683 0.0741282 0.0625694 0.048475 0.0356186 0.0246608 0.0155857 0.00883657 0.00441293 0.00188124 0.000661011
 3.76156e-11 1.76926e-09 5.76235e-08 1.29956e-06 2.02944e-05 0.000219456 0.00164328 0.00852095 0.0306031 0.0761864 0.131872 0.160606 0.143804 0.108011 0.084613 0.0725108 0.0587635 0.0431015 0.0303625 0.0209762 0.0136469 0.00801004 0.00410654 0.00178412 0.00063761
 3.37619e-11 1.588e-09 5.17201e-08 1.16642e-06 1.82153e-05 0.000196973 0.00147494 0.00764831 0.0274724 0.0684258 0.118667 0.145601 0.133837 0.107864 0.0935252 0.0854066 0.0704226 0.0511976 0.0350394 0.023223 0.0145603 0.00841696 0.00435615 0.00193631 0.000709005
 3.52583e-11 1.65838e-09 5.40124e-08 1.21812e-06 1.90226e-05 0.000205703 0.0015403 0.00798707 0.0286867 0.0714261 0.123704 0.151003 0.136331 0.10489 0.0856832 0.0767336 0.0653519 0.0509115 0.0374239 0.0257219 0.0160628 0.00903992 0.00455024 0.00199426 0.000731835
 3.48569e-11 1.6395e-09 5.33974e-08 1.20425e-06 1.8806e-05 0.000203361 0.00152276 0.00789619 0.028361 0.0706225 0.122362 0.149596 0.135794 0.105944 0.0880135 0.078831 0.065699 0.0495814 0.0359628 0.0253404 0.0166057 0.00973214 0.0049695 0.00216109 0.000781431
 3.37308e-11 1.58654e-09 5.16724e-08 1.16534e-06 1.81985e-05 0.000196792 0.00147358 0.00764119 0.027446 0.0683525 0.118487 0.145134 0.132632 0.105355 0.0898401 0.0819758 0.0690429 0.0523949 0.0378478 0.0263228 0.0171191 0.0101464 0.0053218 0.00237745 0.000872755
 3.65163e-11 1.71755e-09 5.59396e-08 1.26158e-06 1.97014e-05 0.000213043 0.00159525 0.00827195 0.0297089 0.0739617 0.12803 0.155973 0.139816 0.105429 0.0834121 0.0728399 0.061052 0.0470636 0.0347047 0.0244658 0.0159657 0.00944402 0.00495918 0.00223732 0.000835041
 3.69785e-11 1.73929e-09 5.66475e-08 1.27755e-06 1.99507e-05 0.000215739 0.00161544 0.00837667 0.0300854 0.074903 0.129686 0.158114 0.142119 0.107897 0.0859336 0.0744395 0.0604661 0.0442329 0.0310089 0.0213669 0.0139785 0.0083572 0.00442404 0.0020059 0.000752954
 3.61339e-11 1.69957e-09 5.53538e-08 1.24837e-06 1.94951e-05 0.000210812 0.00157855 0.00818544 0.0293994 0.073203 0.126798 0.154852 0.140023 0.108081 0.0882848 0.0778528 0.0637135 0.0465587 0.0321124 0.0213673 0.0134011 0.0077633 0.00405805 0.00184152 0.000695238
 3.69927e-11 1.73996e-09 5.66693e-08 1.27804e-06 1.99584e-05 0.000215822 0.00161607 0.00837989 0.0300969 0.0749301 0.129724 0.15812 0.141999 0.10758 0.0855508 0.0744289 0.0612286 0.0455465 0.0320465 0.0215063 0.0133558 0.00753479 0.00381062 0.00168298 0.000625841
 3.55957e-11 1.67425e-09 5.45293e-08 1.22977e-06 1.92047e-05 0.000207672 0.00155504 0.00806356 0.0289621 0.0721181 0.124946 0.152721 0.138516 0.107798 0.0891162 0.0792161 0.0650883 0.0477953 0.0332549 0.0223352 0.0139999 0.00794281 0.00398855 0.00172773 0.000627152
 3.43166e-11 1.61409e-09 5.25698e-08 1.18558e-06 1.85146e-05 0.000200209 0.00149917 0.00777386 0.0279222 0.0695354 0.120517 0.147519 0.134489 0.106158 0.08973 0.0814075 0.0683387 0.0515831 0.0367918 0.0249666 0.0156347 0.00885213 0.00444651 0.00192329 0.000692795
 3.5181e-11 1.65474e-09 5.38939e-08 1.21544e-06 1.89809e-05 0.000205252 0.00153692 0.00796957 0.0286241 0.0712727 0.123455 0.150777 0.136373 0.105402 0.0865298 0.0773288 0.0651141 0.0499626 0.0365464 0.0254994 0.0163698 0.00942796 0.00477323 0.00206802 0.000743805
 3.39113e-11 1.59503e-09 5.19489e-08 1.17158e-06 1.82959e-05 0.000197845 0.00148146 0.00768207 0.0275928 0.0687173 0.119115 0.145878 0.133231 0.105648 0.0898171 0.0816503 0.0684342 0.0516716 0.0373042 0.0260873 0.0170459 0.0100674 0.00522083 0.00230212 0.000836384
#pred catch len freq
 2.17579e-11 1.02339e-09 3.33311e-08 7.517e-07 1.17389e-05 0.00012694 0.000950544 0.00492932 0.0177095 0.0441466 0.0768143 0.0954461 0.0916143 0.0821249 0.0819392 0.0841245 0.079194 0.0699683 0.0610465 0.0527262 0.0451252 0.0387236 0.032546 0.0248867 0.0158449
 1.05384e-11 4.95678e-10 1.61439e-08 3.64086e-07 5.68576e-06 6.14851e-05 0.000460443 0.0023885 0.00859164 0.021521 0.0381539 0.0507335 0.0592394 0.0741189 0.0961628 0.109605 0.105999 0.0941053 0.0821495 0.0705201 0.0587921 0.0477019 0.0371836 0.0264914 0.0160147
 8.22994e-12 3.87097e-10 1.26075e-08 2.84331e-07 4.44025e-06 4.80158e-05 0.000359563 0.00186492 0.0067044 0.0167555 0.0294468 0.0379797 0.0409996 0.0466244 0.0602932 0.0780443 0.0952932 0.108727 0.112254 0.103479 0.0872847 0.0691041 0.0511501 0.0341519 0.0194301
 3.04601e-11 1.4327e-09 4.6662e-08 1.05234e-06 1.64339e-05 0.000177708 0.00133066 0.0068996 0.0247752 0.0616316 0.106363 0.128052 0.109911 0.0727997 0.046274 0.0372912 0.0389042 0.0463827 0.0564426 0.0636815 0.0632176 0.0544583 0.0407824 0.0263477 0.0142598
 4.18724e-11 1.96948e-09 6.41446e-08 1.44662e-06 2.2591e-05 0.00024429 0.00182922 0.00948482 0.0340603 0.0847506 0.146402 0.176914 0.153909 0.105954 0.0705983 0.0517644 0.0370905 0.0243948 0.0177439 0.0170442 0.0184459 0.0182838 0.0152064 0.0102917 0.00556423
 3.4939e-11 1.64336e-09 5.35233e-08 1.20708e-06 1.88504e-05 0.000203841 0.00152636 0.00791499 0.0284305 0.0708163 0.122838 0.150831 0.138978 0.112531 0.0974855 0.0870025 0.0673062 0.0430855 0.0246555 0.0143339 0.00971395 0.00797721 0.006727 0.00486166 0.00276106
 3.10677e-11 1.46128e-09 4.75928e-08 1.07334e-06 1.67617e-05 0.000181255 0.00135725 0.00703816 0.0252826 0.062992 0.10938 0.134848 0.126026 0.105945 0.0972894 0.0928302 0.0794369 0.0598322 0.0410989 0.0255395 0.0142352 0.0076969 0.00454844 0.0028398 0.00158542
 3.27041e-11 1.53825e-09 5.00997e-08 1.12987e-06 1.76446e-05 0.000190802 0.00142873 0.00740863 0.0266107 0.0662741 0.114896 0.140787 0.128842 0.102807 0.0885513 0.0822644 0.0715785 0.0570572 0.0431537 0.0303677 0.018981 0.0103577 0.00505806 0.00233305 0.00103357
 3.62032e-11 1.70282e-09 5.54599e-08 1.25076e-06 1.95324e-05 0.000211215 0.00158157 0.00820105 0.0294545 0.0733325 0.126967 0.154798 0.139143 0.105697 0.0844469 0.0738747 0.0613672 0.0467395 0.0345009 0.0248689 0.0166862 0.00994577 0.00510341 0.00222695 0.00083297
 3.35963e-11 1.58021e-09 5.14664e-08 1.16069e-06 1.81259e-05 0.000196007 0.0014677 0.0076108 0.0273376 0.0680914 0.118094 0.144929 0.133319 0.107636 0.0934846 0.0853 0.0700787 0.0507706 0.0349494 0.0237332 0.0154935 0.00935479 0.0050091 0.00227609 0.000849249
 3.59965e-11 1.6931e-09 5.51433e-08 1.24362e-06 1.94209e-05 0.00021001 0.00157255 0.00815427 0.0292869 0.0729193 0.12628 0.154095 0.138947 0.106485 0.086285 0.0763202 0.0637015 0.0481673 0.0343616 0.0232244 0.0145324 0.00835275 0.0043526 0.0019809 0.000751127
 3.61561e-11 1.70061e-09 5.53878e-08 1.24913e-06 1.9507e-05 0.000210941 0.00157952 0.00819049 0.0294176 0.0732506 0.126893 0.15503 0.140376 0.108725 0.089134 0.0784533 0.0635895 0.0457998 0.0313204 0.0209438 0.0132277 0.00760264 0.0038805 0.00171625 0.000637964
 3.4707e-11 1.63245e-09 5.31678e-08 1.19907e-06 1.87252e-05 0.000202487 0.00151622 0.00786233 0.0282403 0.0703318 0.121925 0.149374 0.136588 0.108596 0.092434 0.0834235 0.0683766 0.0493819 0.0334 0.0217084 0.0132406 0.00741523 0.00373282 0.00163301 0.000598026
 3.4626e-11 1.62864e-09 5.30439e-08 1.19627e-06 1.86815e-05 0.000202014 0.00151268 0.00784397 0.0281741 0.0701641 0.121616 0.148908 0.135887 0.107507 0.0910342 0.0823196 0.0683215 0.0505038 0.0350641 0.0231375 0.0140714 0.00773092 0.00378738 0.00161504 0.000579853
 3.35327e-11 1.57722e-09 5.1369e-08 1.1585e-06 1.80916e-05 0.000195636 0.00146492 0.00759637 0.0272856 0.0679604 0.117856 0.144587 0.132852 0.106987 0.0927878 0.0850858 0.0709252 0.0525698 0.0367837 0.0246579 0.0152947 0.00852584 0.00418257 0.00176182 0.000619993
 3.38098e-11 1.59025e-09 5.17934e-08 1.16807e-06 1.82411e-05 0.000197252 0.00147703 0.0076591 0.0275105 0.0685157 0.118787 0.145578 0.133281 0.10636 0.0912045 0.0833073 0.0697962 0.0523404 0.0371221 0.0251656 0.0157786 0.00891403 0.00443584 0.0018869 0.000664786
 3.57082e-11 1.67954e-09 5.47016e-08 1.23366e-06 1.92653e-05 0.000208328 0.00155995 0.00808901 0.0290531 0.0723421 0.125315 0.153081 0.138553 0.107239 0.088017 0.0780638 0.0644501 0.0478431 0.0337415 0.022936 0.0145251 0.00831528 0.00419508 0.00180784 0.000643896
 3.44869e-11 1.6221e-09 5.28307e-08 1.19146e-06 1.86064e-05 0.000201203 0.00150661 0.00781249 0.0280615 0.0698882 0.121168 0.148503 0.13597 0.108464 0.0926984 0.0837614 0.0685264 0.0494054 0.0335901 0.0222067 0.0138741 0.00792894 0.00402655 0.00175456 0.00063263
 3.29141e-11 1.54812e-09 5.04213e-08 1.13713e-06 1.77579e-05 0.000192027 0.0014379 0.00745628 0.0267829 0.0667131 0.115725 0.142127 0.131085 0.106603 0.0937188 0.0868017 0.0728812 0.0543351 0.0380004 0.0252212 0.01546 0.00861214 0.00429566 0.00186027 0.000672636
 3.30252e-11 1.55335e-09 5.05915e-08 1.14096e-06 1.78178e-05 0.000192675 0.00144275 0.00748141 0.0268726 0.0669312 0.116068 0.142378 0.13078 0.105278 0.0914425 0.0844522 0.0715768 0.0545478 0.0393799 0.0270295 0.017018 0.00959278 0.00476016 0.00203193 0.000724905
 3.2395e-11 1.52371e-09 4.96262e-08 1.11919e-06 1.74778e-05 0.000188999 0.00141523 0.0073387 0.0263605 0.0656609 0.1139 0.139883 0.129014 0.104933 0.0923462 0.0858279 0.0727193 0.0553204 0.040095 0.027948 0.0180644 0.0104947 0.00533778 0.00230795 0.000824138
 3.31839e-11 1.56081e-09 5.08346e-08 1.14645e-06 1.79034e-05 0.000193601 0.00144968 0.00751732 0.0270014 0.0672493 0.116602 0.14295 0.13104 0.104935 0.090494 0.083197 0.0703884 0.0536885 0.0390311 0.0272869 0.0177563 0.0104682 0.00544289 0.00241054 0.000877959
 3.44121e-11 1.61858e-09 5.27161e-08 1.18888e-06 1.85661e-05 0.000200766 0.00150334 0.00779548 0.0279996 0.0697273 0.120842 0.14788 0.134697 0.106051 0.0892508 0.0805725 0.0672435 0.0505198 0.0362236 0.0251538 0.0163743 0.00970555 0.0050977 0.00229176 0.000850054
 3.48346e-11 1.63845e-09 5.33634e-08 1.20348e-06 1.8794e-05 0.000203231 0.0015218 0.0078912 0.0283434 0.0705829 0.122321 0.149675 0.136278 0.107161 0.0899271 0.0807594 0.0667212 0.0492501 0.0345197 0.023466 0.0150308 0.00882607 0.00462772 0.00209089 0.00078327
 3.52263e-11 1.65688e-09 5.39634e-08 1.21701e-06 1.90054e-05 0.000205517 0.00153891 0.00797991 0.0286619 0.0713742 0.123681 0.151284 0.137565 0.107796 0.0899873 0.0804627 0.0661849 0.0484884 0.0335562 0.0224035 0.0140388 0.00806298 0.00415461 0.00185876 0.000694683
 3.49349e-11 1.64317e-09 5.3517e-08 1.20694e-06 1.88481e-05 0.000203816 0.00152618 0.00791393 0.0284252 0.0707886 0.122691 0.150189 0.13694 0.108073 0.0911007 0.0818779 0.0673171 0.0491003 0.0337296 0.0222949 0.0137776 0.00776621 0.00391665 0.00171728 0.000632001
 3.3593e-11 1.58006e-09 5.14614e-08 1.16058e-06 1.81242e-05 0.000195988 0.00146756 0.00761005 0.0273348 0.0680835 0.118073 0.144871 0.133169 0.107352 0.0932047 0.0854427 0.0710382 0.0523368 0.0362603 0.0240295 0.0147799 0.00824156 0.00409224 0.00176128 0.00063593
 3.30993e-11 1.55683e-09 5.0705e-08 1.14352e-06 1.78578e-05 0.000193107 0.00144599 0.0074982 0.0269331 0.0670828 0.116338 0.142745 0.131229 0.105858 0.0921482 0.0850635 0.0717752 0.0542052 0.0386472 0.0261938 0.0163271 0.00914962 0.0045297 0.00193073 0.000687317
 3.27985e-11 1.54268e-09 5.02443e-08 1.13313e-06 1.76955e-05 0.000191353 0.00143285 0.00743008 0.0266886 0.0664759 0.115299 0.141533 0.130314 0.105526 0.0923024 0.0853836 0.0720242 0.0544327 0.0390878 0.026943 0.0171972 0.00986515 0.00496482 0.00213117 0.000757705
#obs catch len freq
 2.04818e-11 9.63365e-10 3.13762e-08 7.07612e-07 1.10504e-05 0.000119495 0.000894796 0.00464026 0.0166717 0.0415649 0.0723606 0.0900949 0.0870668 0.0792835 0.0806659 0.0843244 0.081254 0.0741062 0.0668361 0.0592984 0.0512539 0.0426762 0.0328611 0.0219843 0.0120309
 2.20189e-11 1.03566e-09 3.37308e-08 7.60716e-07 1.18797e-05 0.000128463 0.000961941 0.00498837 0.0179211 0.0446668 0.077672 0.0962904 0.0917304 0.0808926 0.0795025 0.0816512 0.0782043 0.0713458 0.06471 0.0577055 0.0495965 0.0405168 0.0305031 0.0200882 0.0109115
 7.64038e-16 3.60101e-14 1.18233e-12 2.75155e-11 4.82486e-10 7.48485e-09 1.23484e-07 2.0292e-06 2.70956e-05 0.000263065 0.00179255 0.00849901 0.0280401 0.0647562 0.106436 0.129653 0.12728 0.113699 0.10076 0.0889015 0.0761727 0.0618896 0.0460217 0.0298287 0.0159774
 1.16102e-11 5.4609e-10 1.77858e-08 4.01114e-07 6.26397e-06 6.77356e-05 0.00050719 0.00262973 0.00944141 0.0234722 0.0404105 0.048219 0.0402197 0.0254956 0.0205671 0.0364128 0.0714271 0.108669 0.127761 0.124172 0.107668 0.0866538 0.0637374 0.0408449 0.0216173
 4.95369e-11 2.32998e-09 7.58858e-08 1.71142e-06 2.67262e-05 0.000289005 0.00216401 0.0112203 0.0402855 0.100169 0.172551 0.206224 0.171988 0.102324 0.0468936 0.0202226 0.011035 0.00989617 0.0136441 0.0189318 0.0216037 0.0200058 0.0154058 0.00991278 0.00520481
 3.23626e-11 1.52218e-09 4.95764e-08 1.11807e-06 1.74604e-05 0.00018881 0.00141383 0.00733176 0.0263403 0.0656544 0.11419 0.14165 0.135069 0.118456 0.111962 0.102181 0.0746473 0.0408458 0.0180782 0.00927701 0.00811224 0.00853674 0.00767206 0.00541763 0.00295791
 3.79047e-11 1.78286e-09 5.80664e-08 1.30954e-06 2.04504e-05 0.000221142 0.0016559 0.00858634 0.0308369 0.0767581 0.132791 0.161399 0.143495 0.105818 0.0812768 0.0708089 0.0612265 0.0484731 0.0340803 0.0202347 0.0101821 0.0051934 0.00332466 0.00229167 0.00132453
 2.45217e-11 1.15338e-09 3.75649e-08 8.47183e-07 1.323e-05 0.000143065 0.0010713 0.00555588 0.0199654 0.0498159 0.086993 0.109561 0.109729 0.10696 0.113723 0.114317 0.0958547 0.0690274 0.0472579 0.0317564 0.0195867 0.0104524 0.00492885 0.00225436 0.00103338
 4.1321e-11 1.94354e-09 6.32998e-08 1.42757e-06 2.22935e-05 0.000241073 0.00180512 0.00935982 0.0336107 0.0836219 0.144389 0.174189 0.150652 0.102152 0.0674841 0.0532594 0.047205 0.0416167 0.0341671 0.0248392 0.0157596 0.00880788 0.00431539 0.00182827 0.000673496
 3.24251e-11 1.52512e-09 4.96721e-08 1.12023e-06 1.7494e-05 0.000189174 0.00141655 0.0073457 0.026388 0.0657506 0.114202 0.140942 0.13214 0.111628 0.101867 0.093514 0.0732656 0.0484341 0.0307672 0.0209799 0.0144996 0.00904412 0.00477462 0.00208515 0.000747103
 3.74567e-11 1.76178e-09 5.73801e-08 1.29407e-06 2.02087e-05 0.000218529 0.00163633 0.00848491 0.030473 0.0758568 0.131262 0.159681 0.14241 0.105897 0.0821709 0.0713696 0.0605332 0.0471127 0.0338735 0.0221772 0.0131934 0.00736074 0.00384212 0.00176168 0.000663132
 3.78741e-11 1.78141e-09 5.80195e-08 1.30849e-06 2.04339e-05 0.000220964 0.00165457 0.00857954 0.0308138 0.0767146 0.13281 0.161863 0.145287 0.10983 0.0866984 0.0741025 0.0588902 0.0416447 0.0281428 0.0188205 0.0118794 0.00672101 0.00333706 0.00144027 0.000528236
 3.60476e-11 1.69551e-09 5.52215e-08 1.24538e-06 1.94485e-05 0.000210308 0.00157478 0.00816594 0.02933 0.0730366 0.126553 0.154758 0.140591 0.109849 0.0911599 0.080725 0.0651959 0.0461705 0.0304355 0.0192897 0.011538 0.00637328 0.00316848 0.00136409 0.000490002
 3.47633e-11 1.6351e-09 5.32541e-08 1.20101e-06 1.87556e-05 0.000202815 0.00151868 0.00787507 0.028286 0.0704433 0.122105 0.149531 0.136533 0.108168 0.091728 0.082894 0.0685141 0.0501871 0.0343282 0.0221969 0.0131652 0.00703872 0.00336343 0.00140527 0.00049589
 3.50539e-11 1.64877e-09 5.36993e-08 1.21105e-06 1.89124e-05 0.000204511 0.00153137 0.00794084 0.0285216 0.0710243 0.123071 0.150525 0.136836 0.107172 0.0895225 0.0804103 0.0668692 0.0498601 0.0350689 0.0234377 0.0143485 0.00783042 0.00374306 0.00153479 0.000526837
 3.19383e-11 1.50222e-09 4.89265e-08 1.10342e-06 1.72314e-05 0.000186334 0.00139528 0.00723533 0.0259904 0.0647485 0.112384 0.138339 0.128597 0.106624 0.095975 0.0898216 0.0752355 0.0556996 0.0389415 0.026194 0.0163698 0.00919404 0.00451688 0.00188427 0.000648596
 3.46786e-11 1.63112e-09 5.31243e-08 1.19809e-06 1.87099e-05 0.000202321 0.00151498 0.00785579 0.0282157 0.0702582 0.121715 0.148732 0.134786 0.104755 0.0868125 0.0783574 0.066732 0.0518474 0.0381423 0.0264234 0.0167038 0.0094714 0.00473013 0.00201649 0.000708536
 3.6e-11 1.69326e-09 5.51485e-08 1.24374e-06 1.94228e-05 0.00021003 0.0015727 0.00815509 0.0292904 0.0729309 0.126323 0.154254 0.139424 0.107492 0.0876309 0.0771501 0.0631512 0.046472 0.0327855 0.0226678 0.0147523 0.00865996 0.00443993 0.001929 0.00068939
 3.20111e-11 1.50565e-09 4.9038e-08 1.10593e-06 1.72707e-05 0.000186759 0.00139846 0.00725184 0.0260498 0.0648983 0.112656 0.138726 0.129119 0.107368 0.0969001 0.0905495 0.0752594 0.0548639 0.0376017 0.0249414 0.0156436 0.00904452 0.00468119 0.00208084 0.000761929
 3.35151e-11 1.57639e-09 5.1342e-08 1.15789e-06 1.80822e-05 0.000195533 0.00146415 0.00759231 0.0272702 0.0679127 0.117712 0.144122 0.131518 0.104139 0.088669 0.0815315 0.070098 0.0547785 0.040322 0.0277328 0.0173239 0.00975088 0.00490836 0.00215126 0.000789457
 3.31682e-11 1.56007e-09 5.08105e-08 1.1459e-06 1.7895e-05 0.000193509 0.001449 0.00751377 0.0269889 0.0672194 0.116559 0.142943 0.131173 0.105306 0.0910254 0.08355 0.07024 0.053163 0.0386139 0.0272281 0.0178481 0.0104615 0.00534217 0.00232319 0.000840049
 3.20223e-11 1.50617e-09 4.90551e-08 1.10632e-06 1.72767e-05 0.000186824 0.00139894 0.00725428 0.0260577 0.0649093 0.112616 0.138401 0.127949 0.104693 0.0928685 0.0867449 0.0736583 0.0560518 0.0405432 0.0282173 0.0183568 0.0108813 0.00570749 0.00254979 0.000936027
 3.49142e-11 1.6422e-09 5.34853e-08 1.20623e-06 1.8837e-05 0.000203696 0.00152527 0.00790914 0.0284071 0.0707327 0.122523 0.149651 0.135396 0.104745 0.0861574 0.0772256 0.06535 0.0505326 0.0373121 0.0263209 0.017181 0.010164 0.00533743 0.002408 0.000898749
 3.54027e-11 1.66517e-09 5.42336e-08 1.22311e-06 1.91005e-05 0.000206546 0.00154661 0.00801984 0.0288051 0.0717279 0.124274 0.151919 0.137849 0.107397 0.0888854 0.0789706 0.064743 0.0475057 0.0333496 0.0229967 0.0150495 0.00899854 0.00476374 0.00215995 0.000810782
 3.4495e-11 1.62248e-09 5.28431e-08 1.19175e-06 1.86108e-05 0.00020125 0.00150696 0.00781431 0.0280678 0.0699008 0.12117 0.148413 0.135595 0.107592 0.091408 0.0826357 0.0682333 0.050009 0.0345402 0.023 0.0144301 0.00836051 0.00437043 0.00198331 0.000748773
 3.53513e-11 1.66276e-09 5.41549e-08 1.22133e-06 1.90728e-05 0.000206246 0.00154437 0.00800819 0.0287632 0.0716226 0.124086 0.151663 0.137539 0.107032 0.0885961 0.0791503 0.0657475 0.0490634 0.0345702 0.0232171 0.014423 0.00813792 0.00411586 0.00181782 0.000675989
 3.38883e-11 1.59394e-09 5.19136e-08 1.17078e-06 1.82835e-05 0.00019771 0.00148046 0.0076769 0.0275747 0.0686777 0.119083 0.146011 0.133897 0.107276 0.0923506 0.0841791 0.0697874 0.0513999 0.0358147 0.0240735 0.0150948 0.00856519 0.00430131 0.00186324 0.000676348
 3.26137e-11 1.53399e-09 4.9961e-08 1.12675e-06 1.75958e-05 0.000190274 0.00142478 0.00738822 0.0265385 0.0661036 0.114666 0.140814 0.12984 0.105542 0.0928193 0.0862418 0.0730046 0.0552599 0.0394669 0.0268009 0.0167887 0.00950671 0.00477555 0.00206566 0.00074408
 3.3476e-11 1.57455e-09 5.12821e-08 1.15654e-06 1.80611e-05 0.000195305 0.00146245 0.00758348 0.0272387 0.0678366 0.117596 0.144053 0.131685 0.104708 0.089504 0.08205 0.0697214 0.0536593 0.0393045 0.0274429 0.0176228 0.0101508 0.00513943 0.00222672 0.00080089
#spawning biomass
 23849.6 21397.3 16626.7 12299.8 13064.5 22006.6 32340.2 40361.7 50801.9 78327.7 100461 117167 134630 139576 150889 141086 129607 125205 140620 143387 157656 149736 146753 155876 157309 159395 168708 182128 172938 160173 198337 138402 89211 58656.2 41795.3 33113.8 28833.5 26781.7 25816.4 25368 25161.4 25066.9 25023.7 25004.1 24995.2 24991.2 24989.4 24988.6 24988.2 24988 24988 24987.9 24987.9 24987.9 24987.9 24987.9 24987.9 24987.9 24987.9 24987.9 24987.9 24987.9 24987.9 24987.9 24987.9 24987.9 24987.9 24987.9 24987.9 24987.9 24987.9 24987.9 24987.9 24987.9 24987.9 24987.9 24987.9 24987.9 24987.9 24987.9 24987.9 24987.9 24987.9 24987.9 24987.9 24987.9 24987.9 24987.9 24987.9 24987.9 24987.9 24987.9 24987.9 24987.9 24987.9 24987.9 24987.9 24987.9 24987.9 24987.9 24987.9 24987.9 24987.9 24987.9 24987.9 24987.9 24987.9 24987.9 24987.9 24987.9 24987.9 24987.9 24987.9 24987.9 24987.9 24987.9 24987.9 24987.9 24987.9 24987.9 24987.9 24987.9 24987.9 24987.9 24987.9 24987.9 24987.9 24987.9 24987.9 0 0 0 0 0 0 0 0 0 0 0 0 0 0 0 0 0 0 0 0 0 0 0 0 0
