SBPRF35
0.0647537
Curr Bio
222246
B35
106601
F35
4.59723
FOFL
4.59723
OFL
173527
Bzero
18494.6
#pred survey bio
 13104.3 15181.6 13692.9 18702 21637.7 22002 26547.5 36504.2 48588.2 62690.8 87225.7 102981 114584 132110 145323 122383 121462 116047 114998 107533 115097 113421 118809 139113 141543 140900 136271 148310 3.55932e+06 1.8293e+06 466040 256255 175063 140875 126463 120444 117955 116935 116520 116352 116284 116257 116246 116242 116240 116240 116239 116239 116239 116239 116239 116239 116239 116239 116239 116239 116239 116239 116239 116239 116239 116239 116239 116239 116239 116239 116239 116239 116239 116239 116239 116239 116239 116239 116239 116239 116239 116239 116239 116239 116239 116239 116239 116239 116239 116239 116239 116239 116239 116239 116239 116239 116239 116239 116239 116239 116239 116239 116239 116239 116239 116239 116239 116239 116239 116239 116239 116239 116239 116239 116239 116239 116239 116239 116239 116239 116239 116239 116239 116239 116239 116239 116239 116239 116239 116239 116239 116239 0 0 0 0 0 0 0 0 0 0 0 0 0 0 0 0 0 0 0 0 0 0 0 0 0
#obs survey bio
 8236.15 9517.63 17302.3 19153 16901.8 20147.6 26321.6 39003.5 47138.1 57971.4 107234 131304 107443 139075 109584 143562 150833 99465.1 129653 129934 141680 89767.5 154464 145170 151845 113439 129084 150873
#pred catch bio
 3315.8 7906.28 5868.67 9507.82 11899.3 12232.2 14133.1 19435.2 26530.5 31480.5 50146 64599 74644.7 78971.4 102547 78495.3 89795.1 85814.7 87139.2 74310.7 92678.8 93283 87951.3 113794 117167 119547 104890 115526 173527 55675.8 5100.17 4760.67 4758.74 4758.73 4758.73 4758.73 4758.73 4758.73 4758.73 4758.73 4758.73 4758.73 4758.73 4758.73 4758.73 4758.73 4758.73 4758.73 4758.73 4758.73 4758.73 4758.73 4758.73 4758.73 4758.73 4758.73 4758.73 4758.73 4758.73 4758.73 4758.73 4758.73 4758.73 4758.73 4758.73 4758.73 4758.73 4758.73 4758.73 4758.73 4758.73 4758.73 4758.73 4758.73 4758.73 4758.73 4758.73 4758.73 4758.73 4758.73 4758.73 4758.73 4758.73 4758.73 4758.73 4758.73 4758.73 4758.73 4758.73 4758.73 4758.73 4758.73 4758.73 4758.73 4758.73 4758.73 4758.73 4758.73 4758.73 4758.73 4758.73 4758.73 4758.73 4758.73 4758.73 4758.73 4758.73 4758.73 4758.73 4758.73 4758.73 4758.73 4758.73 4758.73 4758.73 4758.73 4758.73 4758.73 4758.73 4758.73 4758.73 4758.73 4758.73 4758.73 4758.73 4758.73 4758.73 4758.73 0 0 0 0 0 0 0 0 0 0 0 0 0 0 0 0 0 0 0 0 0 0 0 0 0
#obs catch bio
 8889.19 9118.8 6145.65 9464.07 13120.8 12762.2 14267.5 18213.7 25385 30372.3 47895.7 59528.8 73361.3 75650.3 111882 80518.1 91601.1 87897.3 82762 69300.4 90795.6 94289.9 82305.2 108280 109398 116489 100086 115886
#pred cpue bio
 12876.9 15519.2 13351.5 18316.6 21953.1 21703.2 25846.4 35421.1 47938.9 60783.4 85583 102288 111925 130162 146704 122855 120354 114333 114411 106501 113015 110545 115301 135659 138426 137993 133238 144799 3.50194e+06 2.07452e+06 465512 252505 171221 137030 122619 116599 114110 113090 112675 112507 112440 112413 112402 112398 112396 112395 112395 112395 112395 112395 112395 112395 112395 112395 112395 112395 112395 112395 112395 112395 112395 112395 112395 112395 112395 112395 112395 112395 112395 112395 112395 112395 112395 112395 112395 112395 112395 112395 112395 112395 112395 112395 112395 112395 112395 112395 112395 112395 112395 112395 112395 112395 112395 112395 112395 112395 112395 112395 112395 112395 112395 112395 112395 112395 112395 112395 112395 112395 112395 112395 112395 112395 112395 112395 112395 112395 112395 112395 112395 112395 112395 112395 112395 112395 112395 112395 112395 112395 0 0 0 0 0 0 0 0 0 0 0 0 0 0 0 0 0 0 0 0 0 0 0 0 0
#obs cpue bio
 7883.31 15320 11125.2 18108.6 18150.3 20624.8 31865 51061.3 56230.6 65040.1 93171.7 130386 95400.2 141436 109969 106451 99565.7 111835 158238 109064 97933.8 117607 135193 154260 173070 170060 169544 143044
#pred surv len freq
 1.29468e-11 1.40525e-09 8.99357e-08 3.3939e-06 7.55186e-05 0.00099085 0.00766668 0.035002 0.094558 0.153315 0.159402 0.133321 0.12047 0.104671 0.0720449 0.0431213 0.0260528 0.0160272 0.0101598 0.00684408 0.00499083 0.00399079 0.00333312 0.00251187 0.00144765
 1.03776e-11 1.12638e-09 7.20884e-08 2.7204e-06 6.05327e-05 0.000794243 0.00614617 0.028077 0.0760814 0.125223 0.138919 0.138343 0.149332 0.137325 0.0922102 0.0505604 0.0267203 0.0137912 0.00699523 0.00370594 0.00214469 0.00140442 0.00102376 0.00072584 0.000413951
 1.3875e-11 1.506e-09 9.63839e-08 3.63723e-06 8.09331e-05 0.00106189 0.00821631 0.0375103 0.10132 0.164165 0.170145 0.140872 0.125318 0.106803 0.0703231 0.0380672 0.0194848 0.00931602 0.00408285 0.00172875 0.00074878 0.000359008 0.00020268 0.000124214 6.68015e-05
 1.38305e-11 1.50117e-09 9.60748e-08 3.62557e-06 8.06736e-05 0.00105849 0.00819007 0.0373926 0.101031 0.163928 0.170977 0.144239 0.130881 0.110965 0.0698644 0.0341952 0.0155997 0.00695776 0.00289484 0.00111413 0.00039854 0.000139398 5.34975e-05 2.42048e-05 1.11641e-05
 1.16798e-11 1.26773e-09 8.11346e-08 3.06177e-06 6.81286e-05 0.000893903 0.00691715 0.0315938 0.085539 0.140211 0.152868 0.145729 0.150519 0.133828 0.0841595 0.0398518 0.0170316 0.00692498 0.00256904 0.000887177 0.000287013 8.52796e-05 2.38888e-05 7.02624e-06 2.31369e-06
 1.33413e-11 1.44806e-09 9.2676e-08 3.49731e-06 7.78196e-05 0.00102104 0.00790045 0.0360726 0.097495 0.158439 0.166412 0.14336 0.13355 0.115193 0.0741634 0.0377109 0.0175119 0.00732877 0.00261784 0.000825841 0.000236768 6.15723e-05 1.44848e-05 3.1295e-06 6.66439e-07
 1.42598e-11 1.54776e-09 9.90566e-08 3.73809e-06 8.31773e-05 0.00109134 0.00844417 0.0385512 0.104139 0.168791 0.175207 0.145648 0.129633 0.108439 0.0669274 0.0312986 0.0132929 0.00547111 0.00205265 0.000678131 0.000191705 4.59084e-05 9.45381e-06 1.69271e-06 2.67164e-07
 1.44764e-11 1.57128e-09 1.00562e-07 3.79488e-06 8.4441e-05 0.00110792 0.00857242 0.0391357 0.105706 0.171231 0.177271 0.146165 0.128712 0.106987 0.0655576 0.0301018 0.0122838 0.00473578 0.00163976 0.000514795 0.00014651 3.5956e-05 7.27583e-06 1.19299e-06 1.59351e-07
 1.35561e-11 1.47139e-09 9.41686e-08 3.55363e-06 7.9073e-05 0.00103749 0.00802772 0.0366543 0.0990746 0.161066 0.169445 0.146586 0.136768 0.116474 0.0716106 0.0326862 0.0131716 0.00498495 0.0016689 0.000493738 0.00013058 3.03761e-05 6.05686e-06 9.91383e-07 1.27577e-07
 1.44839e-11 1.57209e-09 1.00614e-07 3.79685e-06 8.44847e-05 0.00110849 0.00857683 0.0391556 0.105754 0.171271 0.177134 0.145609 0.127812 0.106387 0.0658176 0.0309362 0.0129871 0.00503136 0.00168367 0.000489398 0.000124953 2.74775e-05 5.12827e-06 7.97412e-07 9.98875e-08
 1.38469e-11 1.50295e-09 9.61888e-08 3.62987e-06 8.07693e-05 0.00105974 0.00819984 0.0374382 0.101167 0.164249 0.171783 0.14608 0.133646 0.113068 0.0697964 0.0323473 0.0133753 0.00520508 0.00178925 0.000536204 0.000138583 3.00966e-05 5.4219e-06 7.98954e-07 9.43146e-08
 1.31581e-11 1.42818e-09 9.14035e-08 3.44928e-06 7.67512e-05 0.00100703 0.00779213 0.0355809 0.0962057 0.156662 0.166028 0.146681 0.140112 0.120461 0.0742092 0.033873 0.0136606 0.00519356 0.00175504 0.000523633 0.000137336 3.05393e-05 5.57378e-06 8.13375e-07 9.29003e-08
 1.41375e-11 1.5345e-09 9.82075e-08 3.70605e-06 8.24644e-05 0.00108198 0.00837185 0.0382222 0.103267 0.16751 0.174497 0.146617 0.132139 0.110817 0.0677356 0.03071 0.0122522 0.0045889 0.00151826 0.000441594 0.000113455 2.50439e-05 4.60933e-06 6.83537e-07 7.8768e-08
 1.37392e-11 1.49126e-09 9.54403e-08 3.60162e-06 8.01408e-05 0.0010515 0.00813612 0.0371489 0.100408 0.163203 0.171549 0.148011 0.137476 0.11616 0.0698637 0.0301418 0.0111185 0.00391865 0.00125822 0.000358815 9.02118e-05 1.94363e-05 3.50584e-06 5.15461e-07 5.96451e-08
 1.21539e-11 1.31918e-09 8.44276e-08 3.18604e-06 7.08937e-05 0.000930181 0.00719777 0.0328732 0.0889702 0.145572 0.157494 0.147162 0.148955 0.130917 0.0809676 0.0368017 0.014577 0.00529444 0.00164306 0.000438985 0.00010454 2.17755e-05 3.82904e-06 5.49968e-07 6.24787e-08
 1.25551e-11 1.36273e-09 8.72148e-08 3.29122e-06 7.3234e-05 0.000960886 0.00743526 0.0339554 0.0918666 0.150048 0.161116 0.147552 0.146304 0.127306 0.0779761 0.034779 0.0135017 0.00494274 0.00160077 0.000447147 0.00010667 2.12819e-05 3.54253e-06 4.87395e-07 5.37079e-08
 1.32871e-11 1.44218e-09 9.22996e-08 3.4831e-06 7.75037e-05 0.0010169 0.00786847 0.0359286 0.0971333 0.158072 0.167054 0.146428 0.138702 0.119001 0.0735775 0.0339089 0.0137811 0.00516791 0.00167047 0.000466428 0.000113794 2.34519e-05 3.94188e-06 5.28236e-07 5.5613e-08
 1.37885e-11 1.49661e-09 9.57825e-08 3.61454e-06 8.04282e-05 0.00105527 0.0081653 0.0372823 0.10077 0.163801 0.172225 0.148697 0.138124 0.116366 0.0692326 0.0290026 0.0101917 0.00347326 0.00111159 0.000318109 7.89006e-05 1.63974e-05 2.80061e-06 3.83377e-07 4.06756e-08
 1.32492e-11 1.43808e-09 9.20368e-08 3.47318e-06 7.7283e-05 0.00101401 0.00784616 0.0358285 0.0968869 0.157867 0.16774 0.149223 0.143287 0.12228 0.0728046 0.0302453 0.010337 0.00330262 0.000947698 0.000240455 5.57288e-05 1.14931e-05 1.9907e-06 2.76435e-07 2.97742e-08
 1.35047e-11 1.46581e-09 9.38116e-08 3.54016e-06 7.87733e-05 0.00103356 0.00799738 0.0365173 0.0987269 0.160681 0.169877 0.14901 0.140907 0.119566 0.0712011 0.0297019 0.0102224 0.00327172 0.000924177 0.00022318 4.71538e-05 8.69807e-06 1.38598e-06 1.86299e-07 2.00943e-08
 1.3932e-11 1.51218e-09 9.67794e-08 3.65216e-06 8.12653e-05 0.00106625 0.00825022 0.0376687 0.101797 0.165335 0.173204 0.147969 0.135882 0.114319 0.0687746 0.029718 0.0108743 0.00366889 0.00106334 0.000258861 5.41216e-05 9.5758e-06 1.40847e-06 1.7129e-07 1.69972e-08
 1.44518e-11 1.5686e-09 1.0039e-07 3.78842e-06 8.42972e-05 0.00110603 0.00855792 0.0390716 0.10556 0.171219 0.178301 0.149593 0.134166 0.110826 0.0645322 0.0256128 0.00806114 0.00240543 0.000681351 0.000172323 3.75845e-05 6.78721e-06 9.92633e-07 1.16351e-07 1.07704e-08
 1.46941e-11 1.5949e-09 1.02073e-07 3.85193e-06 8.57105e-05 0.00112457 0.00870133 0.0397251 0.107309 0.173921 0.180484 0.149822 0.132574 0.108721 0.0628921 0.024542 0.00739748 0.00204026 0.000515117 0.000113895 2.26943e-05 4.04338e-06 6.07577e-07 7.29196e-08 6.74785e-09
 1.43965e-11 1.5626e-09 1.00006e-07 3.77393e-06 8.39749e-05 0.0011018 0.0085252 0.0389223 0.105158 0.170577 0.177677 0.149198 0.134023 0.111034 0.0652023 0.0264734 0.00862836 0.00256489 0.000658948 0.000139237 2.51276e-05 3.94763e-06 5.33984e-07 6.10799e-08 5.65635e-09
 1.42924e-11 1.55131e-09 9.92834e-08 3.74665e-06 8.33678e-05 0.00109384 0.00846362 0.0386422 0.104415 0.169485 0.177066 0.149999 0.136076 0.112836 0.0654981 0.0256429 0.00779159 0.00218476 0.000564606 0.00012607 2.3894e-05 3.73078e-06 4.70365e-07 4.82148e-08 4.0212e-09
 1.42204e-11 1.54349e-09 9.8783e-08 3.72777e-06 8.29477e-05 0.00108833 0.00842099 0.038448 0.103897 0.168693 0.176474 0.150089 0.136795 0.11365 0.065978 0.0257909 0.00778429 0.00213859 0.000529711 0.000111738 2.04604e-05 3.23802e-06 4.23068e-07 4.37942e-08 3.49866e-09
 1.43203e-11 1.55433e-09 9.94769e-08 3.75395e-06 8.35303e-05 0.00109597 0.00848012 0.0387175 0.104618 0.16981 0.177388 0.150221 0.136193 0.112801 0.065246 0.0252614 0.00746835 0.00200209 0.000487521 0.000101062 1.79283e-05 2.71025e-06 3.40458e-07 3.48802e-08 2.82628e-09
 1.43429e-11 1.55678e-09 9.96338e-08 3.75987e-06 8.3662e-05 0.0010977 0.00849346 0.0387778 0.104773 0.169995 0.177272 0.149362 0.134706 0.11173 0.0654988 0.0264296 0.00850437 0.00248881 0.000628958 0.000129787 2.25605e-05 3.33317e-06 4.06798e-07 4.01241e-08 3.13387e-09
#obs surv len freq
 1.16676e-11 1.26641e-09 8.10499e-08 3.05857e-06 6.80575e-05 0.000892967 0.00690975 0.0315554 0.085359 0.139214 0.148174 0.131978 0.128701 0.119786 0.0912354 0.0594528 0.0335193 0.0154264 0.00565415 0.00163773 0.000365066 6.04747e-05 7.20022e-06 5.96943e-07 3.34841e-08
 8.36301e-12 9.07727e-10 5.80944e-08 2.19231e-06 4.87824e-05 0.000640091 0.00495407 0.0226479 0.0615702 0.102754 0.119678 0.131021 0.152212 0.149472 0.114212 0.0734901 0.0405305 0.0181286 0.00641514 0.00178011 0.000377105 5.89008e-05 6.56432e-06 5.06355e-07 2.63056e-08
 1.84515e-11 2.00274e-09 1.28175e-07 4.83693e-06 0.000107628 0.00141211 0.0109251 0.0498512 0.13429 0.214561 0.207892 0.134632 0.0784732 0.0565633 0.0453516 0.0332503 0.0196926 0.00889625 0.00308116 0.000823431 0.000166234 2.45346e-05 2.56502e-06 1.84478e-07 8.89151e-09
 8.42899e-12 9.14889e-10 5.85528e-08 2.20961e-06 4.9168e-05 0.000645187 0.00499473 0.0228586 0.0624399 0.106251 0.13154 0.157334 0.184278 0.162426 0.0967705 0.0427372 0.0173029 0.00702153 0.00250307 0.000687377 0.000137193 1.94317e-05 1.91726e-06 1.28941e-07 5.77803e-09
 1.41273e-11 1.53339e-09 9.81368e-08 3.70338e-06 8.24052e-05 0.00108121 0.00836593 0.0381934 0.103127 0.166527 0.168952 0.128972 0.104058 0.0959895 0.0830635 0.0583179 0.0296415 0.0103707 0.00261834 0.000532254 9.12877e-05 1.22558e-05 1.17094e-06 7.53828e-08 3.18491e-09
 1.19845e-11 1.30081e-09 8.32515e-08 3.14167e-06 6.99071e-05 0.000917276 0.00709913 0.0324444 0.0880223 0.145121 0.159524 0.149044 0.143155 0.120299 0.0778339 0.0423978 0.0213065 0.00910641 0.0029039 0.000643377 9.78146e-05 1.04729e-05 8.13232e-07 4.55183e-08 1.76132e-09
 1.6461e-11 1.78669e-09 1.14348e-07 4.31515e-06 9.60179e-05 0.00125982 0.00974806 0.044504 0.120158 0.19384 0.195216 0.143305 0.103053 0.0790606 0.0549958 0.0322018 0.0151269 0.00547727 0.00154702 0.000342751 5.64491e-05 6.44002e-06 4.88174e-07 2.43027e-08 7.97006e-10
 1.34831e-11 1.46346e-09 9.36616e-08 3.53451e-06 7.86488e-05 0.00103199 0.00798704 0.0365023 0.0989992 0.162765 0.176117 0.15614 0.138672 0.108623 0.0646011 0.0304201 0.0123633 0.00426071 0.00115907 0.000237214 3.55829e-05 3.82387e-06 2.85362e-07 1.42503e-08 4.61194e-10
 1.42225e-11 1.54372e-09 9.87976e-08 3.72833e-06 8.29614e-05 0.00108856 0.00842447 0.0384911 0.104257 0.170372 0.179898 0.149741 0.125297 0.100241 0.0662424 0.0352732 0.0147227 0.00458731 0.00106173 0.000187233 2.51065e-05 2.46027e-06 1.68404e-07 7.78626e-09 2.37223e-10
 1.42112e-11 1.54249e-09 9.87195e-08 3.72539e-06 8.28963e-05 0.00108773 0.00841856 0.0384737 0.104305 0.170979 0.182151 0.153805 0.128441 0.0993654 0.0622775 0.0317821 0.0132812 0.00430956 0.00103361 0.000178463 2.18296e-05 1.87345e-06 1.11869e-07 4.57694e-09 1.25357e-10
 1.28388e-11 1.39353e-09 8.91857e-08 3.36562e-06 7.48917e-05 0.00098274 0.00760741 0.034792 0.0945902 0.156705 0.172814 0.157128 0.140587 0.111261 0.0694599 0.0346549 0.0138791 0.00428327 0.00098804 0.000167364 2.02568e-05 1.69457e-06 9.54041e-08 3.55325e-09 8.65664e-11
 1.41072e-11 1.53121e-09 9.79972e-08 3.69814e-06 8.22906e-05 0.00107981 0.00835811 0.0382099 0.103691 0.17041 0.182354 0.154028 0.127499 0.0989802 0.0636759 0.0330473 0.0134302 0.00407996 0.000906357 0.000146018 1.67697e-05 1.33783e-06 7.22072e-08 2.57558e-09 5.95252e-11
 1.35608e-11 1.4719e-09 9.42015e-08 3.55491e-06 7.91045e-05 0.00103805 0.00803628 0.0367621 0.0999946 0.165662 0.18156 0.16034 0.136117 0.102653 0.0617786 0.0298966 0.0116597 0.00350386 0.000777056 0.000123521 1.37203e-05 1.04104e-06 5.29435e-08 1.77436e-09 3.85606e-11
 1.13601e-11 1.23303e-09 7.89144e-08 2.97804e-06 6.62698e-05 0.000869724 0.00673596 0.0308617 0.0844263 0.142698 0.165948 0.163898 0.153603 0.121469 0.0747916 0.0361968 0.0136371 0.00385869 0.000802745 0.000121137 1.29404e-05 9.48069e-07 4.63129e-08 1.4766e-09 3.02438e-11
 9.21446e-12 1.00015e-09 6.40097e-08 2.4156e-06 5.37561e-05 0.0007056 0.00546778 0.0251002 0.0691387 0.119553 0.147819 0.161358 0.164915 0.139784 0.0928163 0.0480072 0.0187241 0.00530741 0.00107601 0.000154625 1.55032e-05 1.0622e-06 4.86914e-08 1.46379e-09 2.83379e-11
 1.20926e-11 1.31254e-09 8.40026e-08 3.17006e-06 7.05428e-05 0.000925794 0.00716956 0.032831 0.0895763 0.149653 0.167188 0.152513 0.13642 0.114123 0.0800951 0.0443229 0.0183285 0.00545307 0.0011432 0.000165875 1.63402e-05 1.07403e-06 4.64299e-08 1.30312e-09 2.34539e-11
 1.17667e-11 1.27717e-09 8.17394e-08 3.08469e-06 6.86457e-05 0.000901018 0.00698094 0.0320179 0.0878198 0.149144 0.173593 0.167283 0.148773 0.112527 0.0683757 0.0339075 0.013502 0.00407518 0.000882629 0.000131831 1.31938e-05 8.66472e-07 3.67615e-08 9.95306e-10 1.70255e-11
 1.24195e-11 1.34802e-09 8.62742e-08 3.25583e-06 7.24544e-05 0.000951011 0.00736805 0.0337855 0.0925521 0.156323 0.178642 0.166028 0.143495 0.108415 0.0658766 0.0313229 0.0113721 0.00308264 0.000614232 8.7669e-05 8.62437e-06 5.63234e-07 2.37454e-08 6.34218e-10 1.05971e-11
 1.17181e-11 1.2719e-09 8.14024e-08 3.07202e-06 6.83672e-05 0.0008975 0.00695686 0.0319494 0.0879425 0.150596 0.177693 0.172485 0.151514 0.11178 0.0650407 0.0295846 0.0102907 0.00264131 0.000487156 6.33082e-05 5.67675e-06 3.43001e-07 1.36281e-08 3.4808e-10 5.60808e-12
 1.20818e-11 1.31137e-09 8.3929e-08 3.16738e-06 7.04905e-05 0.000925404 0.00717357 0.0329457 0.0906469 0.154783 0.180635 0.171379 0.147699 0.108886 0.0637171 0.0286895 0.00963931 0.00234738 0.000406509 4.91765e-05 4.0656e-06 2.24593e-07 8.12878e-09 1.89586e-10 2.80861e-12
 1.28388e-11 1.39354e-09 8.9188e-08 3.36587e-06 7.4909e-05 0.000983442 0.00762391 0.0350148 0.0962938 0.163898 0.188766 0.173228 0.142409 0.100339 0.0564499 0.0246059 0.00804862 0.00190491 0.000317231 3.6366e-05 2.81156e-06 1.43836e-07 4.7878e-09 1.0218e-10 1.38053e-12
 1.21075e-11 1.31416e-09 8.41085e-08 3.17426e-06 7.06499e-05 0.000927738 0.00719695 0.0331194 0.091596 0.158232 0.188084 0.179732 0.150129 0.103516 0.0555936 0.0228782 0.00705969 0.0015823 0.000250422 2.72953e-05 1.99967e-06 9.63157e-08 2.99541e-09 5.92982e-11 7.38772e-13
 1.28329e-11 1.39291e-09 8.91483e-08 3.36447e-06 7.48841e-05 0.000983336 0.00762769 0.0350861 0.0968427 0.166061 0.193222 0.17768 0.143475 0.0977474 0.0522871 0.0211254 0.00625005 0.00131816 0.000194478 1.9724e-05 1.34691e-06 6.05979e-08 1.76155e-09 3.25615e-11 3.77876e-13
 1.20717e-11 1.31029e-09 8.38619e-08 3.16509e-06 7.04542e-05 0.000925458 0.00718514 0.0331326 0.0920629 0.160487 0.192906 0.184268 0.150485 0.100091 0.0514013 0.0199444 0.00569792 0.00115982 0.000163624 1.56565e-05 9.97085e-07 4.15473e-08 1.11567e-09 1.905e-11 2.04418e-13
 1.21831e-11 1.32239e-09 8.46368e-08 3.1944e-06 7.111e-05 0.000934183 0.00725474 0.0334699 0.0930634 0.162226 0.194291 0.183912 0.149068 0.0991179 0.0507692 0.0193283 0.00531299 0.00102777 0.000137159 1.23957e-05 7.43726e-07 2.90595e-08 7.27412e-10 1.15137e-11 1.14048e-13
 1.08456e-11 1.17722e-09 7.53479e-08 2.84404e-06 6.33249e-05 0.000832414 0.00647509 0.0300055 0.0843913 0.151142 0.190457 0.19139 0.16011 0.106002 0.0530921 0.0196678 0.00525038 0.000981171 0.000125315 1.07274e-05 6.04765e-07 2.20951e-08 5.15763e-10 7.59839e-12 6.99179e-14
 1.09495e-11 1.18851e-09 7.60712e-08 2.87142e-06 6.39382e-05 0.000840575 0.00653984 0.0303108 0.0852113 0.152148 0.19011 0.189104 0.158437 0.106602 0.0542393 0.0200735 0.00524553 0.000945737 0.000115573 9.41497e-06 5.02536e-07 1.72894e-08 3.78045e-10 5.19366e-12 4.44153e-14
 1.12326e-11 1.21924e-09 7.80398e-08 2.94586e-06 6.56028e-05 0.000862663 0.00671506 0.0311526 0.0877018 0.156691 0.194804 0.190408 0.155156 0.101562 0.0506286 0.0184999 0.00478825 0.000851529 0.000101599 7.98142e-06 4.06365e-07 1.32284e-08 2.72152e-10 3.5036e-12 2.79848e-14
#pred catch len freq
 1.08908e-11 1.1821e-09 7.5654e-08 2.85495e-06 6.35265e-05 0.000833519 0.00644983 0.0294582 0.0797404 0.130574 0.141765 0.133833 0.137744 0.125135 0.0851239 0.0488131 0.028287 0.0170593 0.0107406 0.00721981 0.0052618 0.00420695 0.00351359 0.00264786 0.00152602
 9.41939e-12 1.02238e-09 6.54325e-08 2.46922e-06 5.49438e-05 0.000720921 0.0055791 0.0254943 0.0691894 0.114736 0.131226 0.140042 0.159662 0.148576 0.0981864 0.0516974 0.026144 0.0131784 0.00662504 0.00349857 0.00202267 0.00132421 0.000965246 0.000684351 0.00039029
 1.248e-11 1.35459e-09 8.66935e-08 3.27155e-06 7.27963e-05 0.000955139 0.00739068 0.0337492 0.0912733 0.148793 0.158453 0.141984 0.138242 0.121628 0.0792278 0.0412447 0.020216 0.00944013 0.00409898 0.00172908 0.000747857 0.000358413 0.000202325 0.000123995 6.66835e-05
 1.27532e-11 1.38424e-09 8.85913e-08 3.34316e-06 7.43899e-05 0.000976049 0.00755248 0.0344883 0.0932752 0.152081 0.16206 0.145404 0.141332 0.122742 0.076648 0.0362529 0.0157844 0.00683401 0.00281041 0.00107708 0.000384685 0.00013448 5.16018e-05 2.33463e-05 1.0768e-05
 1.07511e-11 1.16693e-09 7.46835e-08 2.81833e-06 6.27117e-05 0.000822837 0.00636752 0.0290903 0.078856 0.130021 0.145289 0.147033 0.159987 0.144287 0.0898876 0.0412111 0.0168176 0.00662565 0.00242573 0.000833371 0.000269059 7.98895e-05 2.23741e-05 6.58037e-06 2.16684e-06
 1.24965e-11 1.35638e-09 8.6808e-08 3.27587e-06 7.28925e-05 0.000956402 0.00740051 0.0337955 0.0914163 0.149171 0.159526 0.144569 0.142196 0.124726 0.0793563 0.0389073 0.0172864 0.0070467 0.00249001 0.000781779 0.000223642 5.81088e-05 1.36661e-05 2.95237e-06 6.28702e-07
 1.32888e-11 1.44237e-09 9.23116e-08 3.48355e-06 7.75137e-05 0.00101703 0.0078695 0.0359335 0.0971487 0.158115 0.167181 0.146731 0.139102 0.119082 0.0730168 0.0330954 0.0134147 0.00534463 0.00197872 0.000650527 0.000183552 4.39233e-05 9.04247e-06 1.61889e-06 2.55505e-07
 1.35045e-11 1.46579e-09 9.38101e-08 3.5401e-06 7.8772e-05 0.00103354 0.0079972 0.0365155 0.0987085 0.160542 0.169226 0.147217 0.13814 0.117601 0.0716526 0.0319329 0.0124467 0.00464165 0.00158427 0.000494552 0.000140419 3.44318e-05 6.96543e-06 1.14198e-06 1.52533e-07
 1.26155e-11 1.36929e-09 8.76342e-08 3.30704e-06 7.35862e-05 0.000965506 0.007471 0.0341183 0.0923032 0.150728 0.161691 0.147694 0.146031 0.126839 0.0774724 0.0343324 0.0132164 0.00483656 0.00159577 0.000469359 0.000123821 2.87752e-05 5.73568e-06 9.38704e-07 1.20794e-07
 1.33781e-11 1.45207e-09 9.29322e-08 3.50697e-06 7.80348e-05 0.00102387 0.00792238 0.0361743 0.0977924 0.159102 0.167943 0.146702 0.13838 0.118354 0.0727889 0.0331587 0.0133015 0.00499484 0.00164941 0.000476808 0.000121435 2.66764e-05 4.9769e-06 7.73772e-07 9.6922e-08
 1.30651e-11 1.41809e-09 9.07577e-08 3.42492e-06 7.6209e-05 0.000999915 0.00773712 0.0353305 0.0955398 0.155667 0.165387 0.147136 0.141551 0.121824 0.0746214 0.0335349 0.0132434 0.00498847 0.00169122 0.000504066 0.000129973 2.82005e-05 5.07851e-06 7.48254e-07 8.83252e-08
 1.26244e-11 1.37025e-09 8.7696e-08 3.30938e-06 7.36381e-05 0.000966187 0.00747627 0.0341423 0.0923674 0.150826 0.161768 0.147694 0.145956 0.12674 0.0773897 0.0342821 0.0132053 0.00485394 0.0016165 0.000479524 0.00012546 2.78719e-05 5.08521e-06 7.41986e-07 8.47427e-08
 1.37448e-11 1.49187e-09 9.54792e-08 3.60309e-06 8.01735e-05 0.00105193 0.00813942 0.0371637 0.100443 0.163226 0.171412 0.1475 0.136648 0.115577 0.0700196 0.0308199 0.0117463 0.00425221 0.00138611 0.000400773 0.000102703 2.26475e-05 4.16674e-06 6.17824e-07 7.11923e-08
 1.30379e-11 1.41514e-09 9.05688e-08 3.41779e-06 7.60503e-05 0.000997835 0.00772107 0.0352584 0.0953609 0.155505 0.165811 0.148954 0.14456 0.124007 0.0741852 0.031205 0.011005 0.00373344 0.0011778 0.000333632 8.36519e-05 1.80037e-05 3.24618e-06 4.77218e-07 5.52172e-08
 1.20431e-11 1.30716e-09 8.36579e-08 3.15699e-06 7.02474e-05 0.000921703 0.00713222 0.032575 0.0881802 0.144416 0.156872 0.148095 0.15127 0.132954 0.0813252 0.0358735 0.0135806 0.00477024 0.00145865 0.000387294 9.19562e-05 1.91303e-05 3.36238e-06 4.82868e-07 5.4853e-08
 1.20775e-11 1.31089e-09 8.38971e-08 3.16602e-06 7.04483e-05 0.000924338 0.00715261 0.0326682 0.0884327 0.144831 0.157333 0.14854 0.151656 0.133004 0.0807841 0.0350273 0.0129921 0.00459067 0.00146359 0.000406331 9.66777e-05 1.92672e-05 3.20576e-06 4.40986e-07 4.85909e-08
 1.33794e-11 1.45221e-09 9.29411e-08 3.50731e-06 7.80424e-05 0.00102397 0.00792316 0.0361782 0.097807 0.159159 0.168158 0.147263 0.139235 0.118951 0.0726255 0.0324401 0.0125966 0.00457218 0.00145717 0.000404493 9.84191e-05 2.02606e-05 3.40407e-06 4.56097e-07 4.80153e-08
 1.38327e-11 1.50141e-09 9.60897e-08 3.62613e-06 8.06862e-05 0.00105866 0.00819149 0.0374019 0.101093 0.164332 0.172803 0.149233 0.138587 0.116485 0.0687315 0.0281198 0.00945482 0.00309277 0.000970523 0.000275756 6.82104e-05 1.41609e-05 2.41768e-06 3.30908e-07 3.51068e-08
 1.33941e-11 1.4538e-09 9.30428e-08 3.51115e-06 7.81277e-05 0.00102509 0.00793189 0.0362194 0.0979356 0.159508 0.169168 0.149699 0.142846 0.121339 0.071629 0.0290835 0.0095236 0.00292178 0.000821479 0.000206733 4.77435e-05 9.83219e-06 1.70219e-06 2.36335e-07 2.54537e-08
 1.32757e-11 1.44095e-09 9.22206e-08 3.48012e-06 7.74373e-05 0.00101603 0.00786184 0.0359002 0.097082 0.158194 0.168133 0.149674 0.143763 0.122485 0.0724541 0.0295409 0.00974032 0.00299509 0.000829361 0.000198693 4.183e-05 7.70379e-06 1.2268e-06 1.64866e-07 1.77813e-08
 1.43599e-11 1.55863e-09 9.97522e-08 3.76434e-06 8.37614e-05 0.001099 0.00850352 0.0388231 0.104887 0.170111 0.177073 0.148408 0.133105 0.110558 0.0657103 0.0276444 0.00967629 0.00314593 0.00089611 0.00021661 4.51363e-05 7.97378e-06 1.17211e-06 1.42512e-07 1.41403e-08
 1.49218e-11 1.61962e-09 1.03656e-07 3.91164e-06 8.70391e-05 0.001142 0.00883614 0.0403393 0.10895 0.176435 0.182412 0.149693 0.130534 0.106314 0.0613383 0.023882 0.00722203 0.0020607 0.000569421 0.000142677 3.10097e-05 5.59218e-06 8.17417e-07 9.57927e-08 8.86659e-09
 1.47079e-11 1.5964e-09 1.02169e-07 3.85556e-06 8.57912e-05 0.00112563 0.00870953 0.0397627 0.107412 0.174099 0.180719 0.150139 0.132946 0.108902 0.0626566 0.0240411 0.00698058 0.00184125 0.000452688 9.90113e-05 1.96381e-05 3.49202e-06 5.24356e-07 6.29168e-08 5.82174e-09
 1.48523e-11 1.61208e-09 1.03173e-07 3.89342e-06 8.66335e-05 0.00113668 0.00879498 0.0401516 0.108446 0.175641 0.181694 0.149375 0.130623 0.10673 0.0620485 0.024661 0.00771522 0.00220044 0.000553089 0.000115828 2.08137e-05 3.26289e-06 4.40963e-07 5.04229e-08 4.66891e-09
 1.47903e-11 1.60534e-09 1.02742e-07 3.87716e-06 8.62718e-05 0.00113194 0.0087583 0.0399848 0.108005 0.175004 0.181396 0.150036 0.132123 0.10798 0.0621321 0.0238956 0.00698996 0.0018741 0.000471785 0.000104255 1.96764e-05 3.06664e-06 3.86337e-07 3.95888e-08 3.30134e-09
 1.48362e-11 1.61032e-09 1.03061e-07 3.88919e-06 8.65395e-05 0.00113545 0.00878546 0.0401085 0.108336 0.175513 0.181797 0.150045 0.131771 0.107553 0.0618471 0.0237498 0.00690405 0.00181452 0.000437803 9.13645e-05 1.66517e-05 2.62964e-06 3.43285e-07 3.55242e-08 2.83764e-09
 1.44909e-11 1.57285e-09 1.00662e-07 3.79868e-06 8.45255e-05 0.00110903 0.00858111 0.0391777 0.10585 0.171717 0.178943 0.150428 0.135134 0.11133 0.0640015 0.0243811 0.00695101 0.00178164 0.000422079 8.65162e-05 1.52746e-05 2.304e-06 2.89159e-07 2.9614e-08 2.39924e-09
 1.45812e-11 1.58265e-09 1.01289e-07 3.82234e-06 8.5052e-05 0.00111593 0.00863451 0.0394206 0.106494 0.172657 0.17944 0.149644 0.133216 0.109668 0.0637621 0.0252086 0.00779062 0.00218666 0.000540352 0.000110485 1.91214e-05 2.81879e-06 3.43688e-07 3.38865e-08 2.64629e-09
#obs catch len freq
 9.78023e-12 1.06155e-09 6.79392e-08 2.56382e-06 5.70487e-05 0.000748536 0.00579261 0.0264644 0.071731 0.118117 0.130867 0.12924 0.139606 0.13549 0.105015 0.0694065 0.0396108 0.018441 0.00684971 0.00201533 0.000457195 7.7172e-05 9.36362e-06 7.9043e-07 4.50814e-08
 1.00599e-11 1.09191e-09 6.98821e-08 2.63714e-06 5.86802e-05 0.000769946 0.00595839 0.0272234 0.0738006 0.121557 0.134522 0.131684 0.139899 0.133786 0.102347 0.0664852 0.0370483 0.0167467 0.00599774 0.00168671 0.000362531 5.75154e-05 6.51606e-06 5.11055e-07 2.69836e-08
 7.09821e-12 7.70444e-10 4.93084e-08 1.86075e-06 4.1405e-05 0.000543311 0.00420577 0.0192425 0.0525064 0.089036 0.109487 0.131676 0.161634 0.160479 0.122602 0.0784794 0.0427098 0.0187344 0.00646775 0.00173967 0.000354785 5.29933e-05 5.61264e-06 4.09142e-07 1.99907e-08
 1.74836e-11 1.89768e-09 1.21451e-07 4.58319e-06 0.000101982 0.00133804 0.0103523 0.0472424 0.127323 0.203862 0.199358 0.133668 0.0842664 0.0647707 0.0527645 0.0383804 0.0223256 0.00986293 0.00332607 0.000860136 0.000166894 2.35211e-05 2.33395e-06 1.58463e-07 7.17716e-09
 7.47993e-12 8.11876e-10 5.19601e-08 1.96083e-06 4.36325e-05 0.000572579 0.00443362 0.0203107 0.0557157 0.0964218 0.125462 0.160651 0.193557 0.170143 0.100476 0.0441211 0.0177575 0.00708484 0.00245397 0.000649792 0.00012433 1.6787e-05 1.57005e-06 9.9577e-08 4.18964e-09
 1.32052e-11 1.4333e-09 9.17313e-08 3.46166e-06 7.70268e-05 0.00101066 0.00782041 0.0357109 0.0965165 0.156484 0.161276 0.128837 0.110473 0.104622 0.0903012 0.0622839 0.0308714 0.0105185 0.00258725 0.000510368 8.40959e-05 1.07443e-05 9.70941e-07 5.88624e-08 2.33303e-09
 1.11925e-11 1.21484e-09 7.77498e-08 2.93405e-06 6.52878e-05 0.000856687 0.00663096 0.0303189 0.0824146 0.136908 0.154302 0.151307 0.150266 0.126725 0.081601 0.0441733 0.0218568 0.00908527 0.00279524 0.000594995 8.66587e-05 8.8519e-06 6.51467e-07 3.4318e-08 1.24344e-09
 1.58749e-11 1.72307e-09 1.10276e-07 4.16149e-06 9.2599e-05 0.00121498 0.00940151 0.0429299 0.115996 0.187686 0.191075 0.144484 0.108057 0.0842101 0.0583557 0.0336818 0.0154779 0.0054613 0.0014963 0.00031892 5.01134e-05 5.42564e-06 3.88902e-07 1.82423e-08 5.61305e-10
 1.29351e-11 1.40399e-09 8.98552e-08 3.39088e-06 7.54531e-05 0.000990078 0.00766345 0.035037 0.0951683 0.157335 0.173211 0.158701 0.144088 0.112683 0.0663725 0.0308837 0.0123214 0.00413247 0.00108647 0.000213611 3.05982e-05 3.12048e-06 2.19741e-07 1.03107e-08 3.12619e-10
 1.37787e-11 1.49555e-09 9.5715e-08 3.61201e-06 8.03733e-05 0.00105463 0.00816248 0.0373055 0.101162 0.165998 0.177557 0.151763 0.129702 0.103806 0.0679018 0.0355172 0.0144501 0.00436883 0.000977827 0.000165798 2.12178e-05 1.97115e-06 1.27237e-07 5.52329e-09 1.57412e-10
 1.38675e-11 1.50519e-09 9.63322e-08 3.6353e-06 8.08922e-05 0.00106145 0.00821594 0.0375598 0.101945 0.167774 0.18082 0.155983 0.132042 0.101748 0.06306 0.031646 0.0128974 0.00405266 0.000935985 0.000154806 1.80483e-05 1.4689e-06 8.27371e-08 3.17703e-09 8.13356e-11
 1.25635e-11 1.36365e-09 8.72737e-08 3.29347e-06 7.32869e-05 0.000961712 0.00744549 0.0340654 0.0927474 0.154364 0.172324 0.159592 0.143748 0.112849 0.0695122 0.0340335 0.0132748 0.00396559 0.000880641 0.000142717 1.64265e-05 1.30027e-06 6.89823e-08 2.41189e-09 5.49653e-11
 1.39182e-11 1.51069e-09 9.66844e-08 3.6486e-06 8.11889e-05 0.00106538 0.0082472 0.0377148 0.102457 0.16894 0.182353 0.156141 0.129914 0.100042 0.0634304 0.0322221 0.0127206 0.00373339 0.000797262 0.000122757 1.3395e-05 1.01e-06 5.1294e-08 1.71525e-09 3.70534e-11
 1.34298e-11 1.45768e-09 9.32919e-08 3.52059e-06 7.83416e-05 0.00102807 0.00795996 0.0364269 0.0992037 0.164941 0.182283 0.162631 0.137951 0.10281 0.0609122 0.0288691 0.0109401 0.00317247 0.000674892 0.000102315 1.07814e-05 7.7238e-07 3.69305e-08 1.15933e-09 2.35261e-11
 1.12869e-11 1.22509e-09 7.8406e-08 2.95887e-06 6.58442e-05 0.000864184 0.00669419 0.0306872 0.0840888 0.142768 0.167507 0.166573 0.155166 0.120953 0.0731667 0.0345843 0.0126341 0.00344682 0.000687634 9.88918e-05 1.00076e-05 6.91158e-07 3.17007e-08 9.45869e-10 1.80798e-11
 9.19179e-12 9.97685e-10 6.38524e-08 2.40968e-06 5.36256e-05 0.00070394 0.00545622 0.0250657 0.0691915 0.120283 0.150042 0.164403 0.166563 0.139074 0.0905819 0.0456278 0.0172109 0.00469353 0.000910796 0.000124572 1.18229e-05 7.63049e-07 3.28105e-08 9.2201e-10 1.6639e-11
 1.21298e-11 1.31658e-09 8.42617e-08 3.17985e-06 7.07617e-05 0.000928709 0.00719314 0.0329526 0.0900121 0.150811 0.169349 0.154954 0.13765 0.113474 0.0780087 0.0419577 0.0167489 0.00478344 0.000957326 0.000131893 1.2278e-05 7.59425e-07 3.07763e-08 8.07056e-10 1.35335e-11
 1.1836e-11 1.28469e-09 8.22208e-08 3.10287e-06 6.90519e-05 0.000906409 0.00702406 0.0322334 0.0885387 0.150845 0.176329 0.169674 0.148994 0.110751 0.0660221 0.0319232 0.0122848 0.0035548 0.000733291 0.000103742 9.78965e-06 6.03889e-07 2.39877e-08 6.06364e-10 9.66085e-12
 1.25326e-11 1.3603e-09 8.70602e-08 3.28551e-06 7.31166e-05 0.000959763 0.00743718 0.034119 0.0935802 0.158459 0.181613 0.168296 0.143445 0.106287 0.0631184 0.029154 0.0102177 0.00265806 0.000504869 6.8211e-05 6.31543e-06 3.86573e-07 1.52291e-08 3.79192e-10 5.89511e-12
 1.18609e-11 1.28739e-09 8.23943e-08 3.10948e-06 6.92029e-05 0.000908545 0.00704407 0.0323691 0.0892226 0.153184 0.181097 0.174768 0.150984 0.109096 0.0620025 0.0273736 0.00917466 0.00225497 0.000395929 4.86944e-05 4.10944e-06 2.32577e-07 8.62287e-09 2.04948e-10 3.06675e-12
 1.22557e-11 1.33025e-09 8.51372e-08 3.21302e-06 7.15082e-05 0.000938841 0.00727935 0.0334502 0.0921506 0.157687 0.184211 0.173578 0.146985 0.105981 0.0604397 0.0263538 0.00851857 0.00198421 0.000326747 3.73674e-05 2.90532e-06 1.50282e-07 5.07461e-09 1.10089e-10 1.51338e-12
 1.30369e-11 1.41504e-09 9.05642e-08 3.41785e-06 7.60681e-05 0.000998743 0.00774423 0.0355861 0.0979743 0.167042 0.192397 0.175116 0.141234 0.0971953 0.0532434 0.0224555 0.00705697 0.00159478 0.00025214 2.72934e-05 1.98301e-06 9.49466e-08 2.94771e-09 5.85082e-11 7.33488e-13
 1.23289e-11 1.3382e-09 8.56474e-08 3.23239e-06 7.19468e-05 0.000944872 0.00733189 0.0337619 0.09349 0.161762 0.192067 0.181579 0.14849 0.0998759 0.0521776 0.0207602 0.00615008 0.00131497 0.000197353 2.02869e-05 1.39512e-06 6.2839e-08 1.82187e-09 3.35363e-11 3.87678e-13
 1.30717e-11 1.41883e-09 9.08079e-08 3.42716e-06 7.62826e-05 0.00100181 0.00777298 0.0357749 0.0988506 0.169715 0.197183 0.179372 0.141722 0.0940337 0.0488172 0.0190282 0.00539697 0.00108494 0.000151702 1.45005e-05 9.28744e-07 3.90395e-08 1.05709e-09 1.8157e-11 1.95427e-13
 1.23279e-11 1.3381e-09 8.56428e-08 3.23238e-06 7.19562e-05 0.000945323 0.00734178 0.0338785 0.0942497 0.164474 0.197158 0.185872 0.148293 0.0960047 0.0478333 0.0178939 0.00489442 0.000948047 0.000126579 1.14052e-05 6.8095e-07 2.65016e-08 6.62612e-10 1.05079e-11 1.04515e-13
 1.24565e-11 1.35206e-09 8.65368e-08 3.26619e-06 7.27129e-05 0.000955385 0.00742192 0.0342649 0.0953812 0.1664 0.198653 0.185495 0.146768 0.0948418 0.0470329 0.0172329 0.00453046 0.000833351 0.000105163 8.94059e-06 5.02419e-07 1.83227e-08 4.26892e-10 6.27468e-12 5.76077e-14
 1.11279e-11 1.20787e-09 7.73112e-08 2.91826e-06 6.49836e-05 0.000854402 0.00664925 0.0308404 0.0868564 0.155646 0.195204 0.193069 0.157516 0.101332 0.0491155 0.0174939 0.00446028 0.000791431 9.54705e-05 7.68202e-06 4.054e-07 1.38171e-08 3.00036e-10 4.10273e-12 3.49781e-14
 1.12435e-11 1.22042e-09 7.81153e-08 2.94871e-06 6.56658e-05 0.000863481 0.00672123 0.0311789 0.0877627 0.156773 0.194971 0.190922 0.155927 0.101776 0.0499999 0.0177589 0.00442698 0.000757157 8.7309e-05 6.679e-06 3.33432e-07 1.06948e-08 2.17453e-10 2.77213e-12 2.19603e-14
#spawning biomass
 17698.1 20000.6 19690.6 27172.4 30048.7 31557 39194.9 54307.9 70725 93142.9 127682 148482 169264 194017 204960 174380 175591 170988 167471 157512 169899 170535 179956 208649 212221 210929 204622 222246 229702 67933.6 6887.72 6477.71 6475.38 6475.37 6475.37 6475.37 6475.37 6475.37 6475.37 6475.37 6475.37 6475.37 6475.37 6475.37 6475.37 6475.37 6475.37 6475.37 6475.37 6475.37 6475.37 6475.37 6475.37 6475.37 6475.37 6475.37 6475.37 6475.37 6475.37 6475.37 6475.37 6475.37 6475.37 6475.37 6475.37 6475.37 6475.37 6475.37 6475.37 6475.37 6475.37 6475.37 6475.37 6475.37 6475.37 6475.37 6475.37 6475.37 6475.37 6475.37 6475.37 6475.37 6475.37 6475.37 6475.37 6475.37 6475.37 6475.37 6475.37 6475.37 6475.37 6475.37 6475.37 6475.37 6475.37 6475.37 6475.37 6475.37 6475.37 6475.37 6475.37 6475.37 6475.37 6475.37 6475.37 6475.37 6475.37 6475.37 6475.37 6475.37 6475.37 6475.37 6475.37 6475.37 6475.37 6475.37 6475.37 6475.37 6475.37 6475.37 6475.37 6475.37 6475.37 6475.37 6475.37 6475.37 6475.37 6475.37 0 0 0 0 0 0 0 0 0 0 0 0 0 0 0 0 0 0 0 0 0 0 0 0 0
