SBPRF35
0.116348
Curr Bio
47028.7
B35
107249
F35
0.454782
FOFL
0.134518
OFL
12301.4
Bzero
33242.3
#pred survey bio
 8878.73 8237.08 8928.83 8640.31 11300.9 16076.8 17533.4 19626.9 31653.8 50724 71427.8 93277.5 121989 154751 160766 130862 125034 124414 123818 123041 127770 140168 161268 163106 184443 196668 177698 158661 4.86417e+06 2.94966e+06 1.95805e+06 1.23233e+06 842503 656057 571187 533054 515736 507663 503769 501820 500813 500277 499986 499825 499736 499686 499658 499642 499633 499627 499625 499623 499622 499621 499621 499621 499621 499621 499621 499621 499621 499621 499621 499621 499621 499621 499621 499621 499621 499621 499621 499621 499621 499621 499621 499621 499621 499621 499621 499621 499621 499621 499621 499621 499621 499621 499621 499621 499621 499621 499621 499621 499621 499621 499621 499621 499621 499621 499621 499621 499621 499621 499621 499621 499621 499621 499621 499621 499621 499621 499621 499621 499621 499621 499621 499621 499621 499621 499621 499621 499621 499621 499621 499621 499621 499621 499621 499621 0 0 0 0 0 0 0 0 0 0 0 0 0 0 0 0 0 0 0 0 0 0 0 0 0
#obs survey bio
 8278.54 9695.22 7955.7 8099.79 16899 23921.3 14125 28675.5 44120.8 60737.1 56240.6 111669 127857 206503 111805 157885 81455.8 120339 98305.7 106901 136750 96776.8 137425 156142 182032 240521 143429 172294
#pred catch bio
 5131.59 4864.34 5857.84 5709.23 6911.81 10427.4 12009.9 12218.7 18786 30137.5 44775 59337.2 75706.5 97449.9 112788 87304.7 83622.7 82898.1 81897.5 81334.4 82932.7 86926.3 104584 99298.4 112845 126251 115402 113788 12301.4 39603.2 24917.8 15015.7 10000 7762.14 6833.92 6465.99 6324.36 6270.89 6250.97 6243.61 6240.91 6239.93 6239.57 6239.44 6239.39 6239.37 6239.36 6239.36 6239.36 6239.36 6239.36 6239.36 6239.36 6239.36 6239.36 6239.36 6239.36 6239.36 6239.36 6239.36 6239.36 6239.36 6239.36 6239.36 6239.36 6239.36 6239.36 6239.36 6239.36 6239.36 6239.36 6239.36 6239.36 6239.36 6239.36 6239.36 6239.36 6239.36 6239.36 6239.36 6239.36 6239.36 6239.36 6239.36 6239.36 6239.36 6239.36 6239.36 6239.36 6239.36 6239.36 6239.36 6239.36 6239.36 6239.36 6239.36 6239.36 6239.36 6239.36 6239.36 6239.36 6239.36 6239.36 6239.36 6239.36 6239.36 6239.36 6239.36 6239.36 6239.36 6239.36 6239.36 6239.36 6239.36 6239.36 6239.36 6239.36 6239.36 6239.36 6239.36 6239.36 6239.36 6239.36 6239.36 6239.36 6239.36 6239.36 6239.36 0 0 0 0 0 0 0 0 0 0 0 0 0 0 0 0 0 0 0 0 0 0 0 0 0
#obs catch bio
 5347.11 4792 5905.1 5766.25 6842.41 10343.4 12090.5 11988.4 18315.6 29502.6 44325.5 58551.3 75029.5 95344.6 117028 88343 85856.2 83400.9 82326.9 82760.9 83773.1 88292.2 104349 99004.4 113231 125789 116994 114305
#pred cpue bio
 8386.85 7500.24 8174.7 7859.9 10071.9 14467.2 15934.7 17595.5 28152.8 45445.3 64454.5 83922.2 109631 139873 147106 119361 113726 112870 112515 111894 115760 126971 146493 148600 167846 179788 163322 145337 4.38762e+06 2.97205e+06 1.94461e+06 1.21366e+06 823445 636973 552101 513968 496650 488577 484683 482735 481727 481191 480900 480739 480650 480600 480572 480556 480547 480541 480539 480537 480536 480535 480535 480535 480535 480535 480535 480535 480535 480535 480535 480535 480535 480535 480535 480535 480535 480535 480535 480535 480535 480535 480535 480535 480535 480535 480535 480535 480535 480535 480535 480535 480535 480535 480535 480535 480535 480535 480535 480535 480535 480535 480535 480535 480535 480535 480535 480535 480535 480535 480535 480535 480535 480535 480535 480535 480535 480535 480535 480535 480535 480535 480535 480535 480535 480535 480535 480535 480535 480535 480535 480535 480535 480535 480535 480535 0 0 0 0 0 0 0 0 0 0 0 0 0 0 0 0 0 0 0 0 0 0 0 0 0
#obs cpue bio
 7702.15 9879.91 6509.72 7185.6 8927.03 11008.7 16327.2 19313.5 32200.8 50483.2 86673.9 90312.4 114576 167425 81663.7 94385.9 101611 125938 127984 89701.1 97559.4 130868 221946 154136 155106 170725 139109 139837
#pred surv len freq
 2.14619e-27 2.17394e-27 6.66435e-27 1.53652e-21 9.13825e-17 1.24949e-12 3.9278e-09 2.83863e-06 0.000471634 0.0180161 0.158218 0.319446 0.148674 0.0263652 0.064768 0.0908914 0.0370146 0.0298634 0.0266267 0.0181198 0.0153688 0.0134327 0.0140312 0.013146 0.00554238
 2.14871e-27 2.18144e-27 7.52376e-27 1.82816e-21 1.08728e-16 1.48666e-12 4.67333e-09 3.37743e-06 0.000561155 0.0214357 0.18825 0.380079 0.176759 0.0277693 0.0550708 0.0768957 0.0282687 0.014232 0.0113323 0.00611229 0.00427837 0.00306221 0.00266534 0.00227588 0.000949368
 2.14773e-27 2.17923e-27 7.29727e-27 1.75133e-21 1.04158e-16 1.42418e-12 4.47693e-09 3.23549e-06 0.000537572 0.0205349 0.180338 0.364107 0.169441 0.029552 0.0707691 0.0989396 0.0350474 0.0135035 0.00961432 0.00363353 0.00179787 0.000949768 0.000616912 0.000440059 0.000174179
 2.14829e-27 2.18068e-27 7.45591e-27 1.80516e-21 1.0736e-16 1.46796e-12 4.61454e-09 3.33494e-06 0.000554096 0.0211661 0.185882 0.375298 0.17459 0.0288755 0.0632665 0.0884095 0.0319793 0.0144148 0.010391 0.00330556 0.00119607 0.000400599 0.000159084 8.0773e-05 2.82183e-05
 2.15006e-27 2.18502e-27 7.91418e-27 1.96061e-21 1.16605e-16 1.59437e-12 5.01191e-09 3.62212e-06 0.00060181 0.0229888 0.201888 0.407615 0.18948 0.0275375 0.045358 0.0631252 0.0224909 0.00907642 0.00646808 0.00223892 0.000842799 0.000218854 4.89467e-05 1.31355e-05 3.41725e-06
 2.14922e-27 2.18294e-27 7.68909e-27 1.88424e-21 1.12063e-16 1.53226e-12 4.81668e-09 3.48103e-06 0.000578367 0.0220932 0.194024 0.391737 0.182181 0.0286488 0.0569278 0.0793784 0.0274842 0.00855934 0.00565731 0.00184069 0.000664988 0.000180836 3.45914e-05 4.81623e-06 6.52767e-07
 2.14834e-27 2.18077e-27 7.46043e-27 1.80667e-21 1.0745e-16 1.46919e-12 4.6184e-09 3.33773e-06 0.000554559 0.0211838 0.186037 0.375613 0.17475 0.0292787 0.065633 0.0916817 0.032283 0.0117987 0.00802379 0.00227885 0.000674927 0.000170067 3.16213e-05 3.71142e-06 2.65908e-07
 2.14957e-27 2.18381e-27 7.78513e-27 1.91683e-21 1.14001e-16 1.55877e-12 4.9e-09 3.54124e-06 0.000588372 0.0224754 0.19738 0.398514 0.18529 0.0280046 0.0509525 0.0710126 0.025305 0.0102149 0.00717347 0.00220172 0.000702095 0.000154939 2.41574e-05 2.59131e-06 1.51317e-07
 2.1502e-27 2.18536e-27 7.94725e-27 1.97182e-21 1.17272e-16 1.60348e-12 5.04056e-09 3.64283e-06 0.00060525 0.0231201 0.203042 0.409945 0.190561 0.027631 0.0452267 0.062908 0.0219819 0.00749973 0.00508863 0.00165194 0.000575244 0.000136736 2.12481e-05 1.96663e-06 9.88897e-08
 2.1496e-27 2.18385e-27 7.78603e-27 1.91712e-21 1.14019e-16 1.559e-12 4.90074e-09 3.54178e-06 0.000588461 0.0224788 0.19741 0.398574 0.185329 0.0283098 0.0527975 0.0735607 0.0254918 0.00800591 0.00524957 0.00155992 0.000493955 0.000123403 2.09653e-05 2.00971e-06 9.35496e-08
 2.14899e-27 2.18236e-27 7.62973e-27 1.86411e-21 1.10866e-16 1.51589e-12 4.76522e-09 3.44384e-06 0.000572189 0.0218572 0.191951 0.387553 0.180249 0.0287161 0.0586001 0.0817647 0.0287294 0.0103036 0.00697776 0.00198857 0.00057838 0.000131763 2.13622e-05 2.16705e-06 1.06374e-07
 2.14926e-27 2.18304e-27 7.7026e-27 1.88883e-21 1.12336e-16 1.536e-12 4.82842e-09 3.48951e-06 0.000579778 0.0221471 0.194497 0.392693 0.182612 0.0283537 0.0548383 0.076479 0.0270885 0.0104136 0.00722549 0.00219877 0.00069407 0.000152006 2.23513e-05 2.10745e-06 1.03776e-07
 2.14935e-27 2.18326e-27 7.72519e-27 1.89649e-21 1.12792e-16 1.54222e-12 4.848e-09 3.50367e-06 0.000582129 0.0222369 0.195286 0.394285 0.183348 0.0283551 0.0543668 0.075799 0.0266376 0.0095738 0.00656331 0.00207377 0.000697818 0.000163769 2.5105e-05 2.23318e-06 1.0145e-07
 2.14884e-27 2.18202e-27 7.59314e-27 1.85169e-21 1.10127e-16 1.5058e-12 4.73349e-09 3.42091e-06 0.000568379 0.0217117 0.190673 0.384972 0.17906 0.0288162 0.0599885 0.0837233 0.029439 0.010631 0.0072663 0.00221763 0.000721658 0.00017612 2.90317e-05 2.73199e-06 1.23219e-07
 2.14768e-27 2.17917e-27 7.29318e-27 1.74995e-21 1.04076e-16 1.42305e-12 4.47339e-09 3.23293e-06 0.000537147 0.0205186 0.180196 0.363819 0.169314 0.0297127 0.0718372 0.100448 0.0356643 0.0139835 0.00975069 0.00298194 0.000963712 0.00022818 3.73775e-05 3.7034e-06 1.77301e-07
 2.14801e-27 2.18e-27 7.38356e-27 1.78062e-21 1.059e-16 1.448e-12 4.5518e-09 3.2896e-06 0.000546562 0.0208783 0.183354 0.370196 0.172243 0.0292022 0.0667988 0.093378 0.0335951 0.0145782 0.0104408 0.00333222 0.00113506 0.000270129 4.35515e-05 4.25093e-06 2.08212e-07
 2.14829e-27 2.18067e-27 7.45365e-27 1.80439e-21 1.07314e-16 1.46733e-12 4.61257e-09 3.33352e-06 0.000553859 0.021157 0.185802 0.375138 0.174521 0.0290025 0.0640902 0.0895493 0.0320904 0.0135323 0.00970587 0.00328624 0.00120909 0.000302855 5.08085e-05 4.95945e-06 2.40032e-07
 2.14852e-27 2.18124e-27 7.5138e-27 1.82479e-21 1.08528e-16 1.48392e-12 4.66473e-09 3.37121e-06 0.000560122 0.0213963 0.187903 0.37938 0.176477 0.0288822 0.0620772 0.0866979 0.0308965 0.0124851 0.0088546 0.00295245 0.0010869 0.000289631 5.24798e-05 5.38862e-06 2.66091e-07
 2.14836e-27 2.18085e-27 7.47091e-27 1.81024e-21 1.07662e-16 1.47208e-12 4.62752e-09 3.34432e-06 0.000555654 0.0212256 0.186404 0.376354 0.175086 0.0290854 0.0642299 0.0897242 0.031857 0.0124974 0.00877834 0.00285586 0.0010191 0.000268812 5.01133e-05 5.51308e-06 2.89452e-07
 2.14829e-27 2.18068e-27 7.45396e-27 1.80449e-21 1.0732e-16 1.46741e-12 4.61283e-09 3.3337e-06 0.00055389 0.0211582 0.185813 0.375159 0.174533 0.0290863 0.0645954 0.0902502 0.0321911 0.0130951 0.00925422 0.00296094 0.00102912 0.000263795 4.79975e-05 5.34084e-06 2.94391e-07
 2.14865e-27 2.18155e-27 7.54602e-27 1.83572e-21 1.09178e-16 1.49281e-12 4.69266e-09 3.3914e-06 0.000563476 0.0215244 0.189028 0.381652 0.177523 0.0287608 0.0606512 0.0846912 0.0302355 0.0123877 0.0087897 0.00286857 0.00101524 0.000255798 4.50953e-05 4.88534e-06 2.68681e-07
 2.14866e-27 2.18157e-27 7.54745e-27 1.8362e-21 1.09206e-16 1.4932e-12 4.69389e-09 3.39229e-06 0.000563624 0.02153 0.189078 0.381752 0.177572 0.0288319 0.0610553 0.0852476 0.0302518 0.0118186 0.00830214 0.00272184 0.000973727 0.000249853 4.42546e-05 4.68243e-06 2.50572e-07
 2.1484e-27 2.18094e-27 7.48102e-27 1.81367e-21 1.07866e-16 1.47488e-12 4.63629e-09 3.35066e-06 0.000556708 0.0212659 0.186758 0.377067 0.175413 0.0290103 0.0635561 0.0887823 0.0316343 0.0127633 0.0090023 0.00287731 0.00100091 0.000257703 4.63196e-05 4.95077e-06 2.62172e-07
 2.14812e-27 2.18025e-27 7.409e-27 1.78924e-21 1.06413e-16 1.45501e-12 4.57384e-09 3.30553e-06 0.000549209 0.0209794 0.184242 0.371989 0.173073 0.0292244 0.0663937 0.092787 0.0331122 0.0135228 0.00958337 0.00311422 0.00109659 0.000276069 4.87325e-05 5.24301e-06 2.80532e-07
 2.14824e-27 2.18057e-27 7.44375e-27 1.80104e-21 1.07115e-16 1.4646e-12 4.604e-09 3.32732e-06 0.00055283 0.0211177 0.185457 0.374441 0.174196 0.0289548 0.0640092 0.0894507 0.0322717 0.0142874 0.0103054 0.00337798 0.00120593 0.000308066 5.43539e-05 5.74596e-06 3.05937e-07
 2.1478e-27 2.17947e-27 7.32731e-27 1.76154e-21 1.04766e-16 1.43248e-12 4.50303e-09 3.25435e-06 0.000540705 0.0206546 0.18139 0.366229 0.170416 0.0293823 0.0690937 0.0966096 0.034685 0.0148309 0.0106864 0.00366922 0.00137989 0.000358348 6.42138e-05 6.83448e-06 3.60937e-07
 2.14725e-27 2.17814e-27 7.18782e-27 1.71423e-21 1.01952e-16 1.39401e-12 4.38208e-09 3.16694e-06 0.000526183 0.0200998 0.176518 0.356393 0.165882 0.0297435 0.0742633 0.103917 0.0375456 0.0167965 0.0121789 0.00410019 0.00153055 0.000415618 7.79022e-05 8.46328e-06 4.51543e-07
 2.14761e-27 2.17903e-27 7.28358e-27 1.74672e-21 1.03884e-16 1.42043e-12 4.46514e-09 3.22697e-06 0.000536156 0.0204808 0.179863 0.363148 0.168987 0.0292733 0.0693569 0.0970232 0.0354069 0.0169436 0.0124836 0.00431332 0.00164432 0.000442122 8.40982e-05 9.54143e-06 5.2544e-07
#obs surv len freq
 1.24124e-39 6.075e-33 6.83568e-27 1.76833e-21 1.05169e-16 1.438e-12 4.52035e-09 3.26687e-06 0.000542795 0.0207341 0.182087 0.367638 0.17106 0.0291833 0.0674551 0.0943197 0.0341383 0.0154664 0.0113008 0.00396321 0.00155791 0.000445594 9.24896e-05 1.18334e-05 7.75045e-07
 1.31096e-39 6.41623e-33 7.21964e-27 1.86765e-21 1.11076e-16 1.51877e-12 4.77426e-09 3.45037e-06 0.000573283 0.0218987 0.192314 0.388287 0.180574 0.0283038 0.0558623 0.0779595 0.0281039 0.0123798 0.00898607 0.00312319 0.00121191 0.000340756 6.91073e-05 8.60232e-06 5.46302e-07
 1.15729e-39 5.66416e-33 6.3734e-27 1.64874e-21 9.80566e-17 1.34075e-12 4.21465e-09 3.04594e-06 0.000506087 0.0193319 0.169772 0.342776 0.159628 0.0308322 0.0850139 0.118998 0.041875 0.0152381 0.0105766 0.00360947 0.00137266 0.000380948 7.58696e-05 9.2266e-06 5.7037e-07
 1.34621e-39 6.58876e-33 7.41378e-27 1.91787e-21 1.14063e-16 1.55961e-12 4.90264e-09 3.54315e-06 0.000588699 0.0224876 0.197486 0.398728 0.185371 0.027524 0.0479555 0.0668682 0.0249296 0.01355 0.0100491 0.00308828 0.00103306 0.000276986 5.39753e-05 6.44016e-06 3.89374e-07
 1.39187e-39 6.81225e-33 7.66525e-27 1.98293e-21 1.17932e-16 1.61251e-12 5.06894e-09 3.66333e-06 0.000608668 0.0232503 0.204184 0.412252 0.191625 0.0275506 0.0440412 0.0612261 0.0212317 0.00672884 0.00458007 0.00177159 0.000730071 0.000180598 3.16036e-05 3.62039e-06 2.14056e-07
 1.26628e-39 6.19757e-33 6.9736e-27 1.80401e-21 1.07291e-16 1.46701e-12 4.61156e-09 3.33278e-06 0.000553747 0.0211524 0.18576 0.375055 0.174506 0.0296262 0.0679233 0.0948533 0.0326287 0.00945722 0.00601843 0.00172301 0.000543918 0.000159511 3.12588e-05 3.32475e-06 1.83147e-07
 1.27475e-39 6.23902e-33 7.02024e-27 1.81607e-21 1.08009e-16 1.47682e-12 4.6424e-09 3.35507e-06 0.00055745 0.0212939 0.187003 0.377563 0.17564 0.0289478 0.0630257 0.0880501 0.0315961 0.0134397 0.00942371 0.0025781 0.00069452 0.000153366 2.65635e-05 3.13122e-06 1.74734e-07
 1.41724e-39 6.93639e-33 7.80494e-27 2.01906e-21 1.20081e-16 1.64189e-12 5.16131e-09 3.73009e-06 0.000619759 0.023674 0.207905 0.419764 0.195077 0.0269819 0.0383056 0.053181 0.0189357 0.00760168 0.00538517 0.00179142 0.000621971 0.000131711 1.81507e-05 1.73724e-06 9.53681e-08
 1.41618e-39 6.93123e-33 7.79913e-27 2.01756e-21 1.19992e-16 1.64067e-12 5.15747e-09 3.72731e-06 0.000619298 0.0236564 0.207751 0.419452 0.194947 0.0273688 0.0407615 0.05658 0.0192841 0.00500823 0.00310669 0.00100122 0.000354047 9.04594e-05 1.46328e-05 1.2582e-06 5.60836e-08
 1.34551e-39 6.58534e-33 7.40993e-27 1.91688e-21 1.14004e-16 1.5588e-12 4.9001e-09 3.54131e-06 0.000588394 0.0224759 0.197383 0.398521 0.185312 0.0284782 0.0538427 0.0750083 0.0256574 0.00695961 0.00428758 0.00111598 0.000284132 6.8611e-05 1.20801e-05 1.21557e-06 5.55421e-08
 1.31946e-39 6.45785e-33 7.26648e-27 1.87977e-21 1.11797e-16 1.52862e-12 4.80523e-09 3.47275e-06 0.000577003 0.0220408 0.193562 0.390806 0.181751 0.0286357 0.0571293 0.0796804 0.0278448 0.00949416 0.00629845 0.00166828 0.000416023 8.03794e-05 1.09422e-05 1.08281e-06 5.49393e-08
 1.35605e-39 6.63693e-33 7.46798e-27 1.9319e-21 1.14897e-16 1.57101e-12 4.93849e-09 3.56905e-06 0.000593003 0.022652 0.19893 0.401643 0.186737 0.0279997 0.0499807 0.0696188 0.0244885 0.00887128 0.00604735 0.00178446 0.000531089 0.000105656 1.29862e-05 1.0162e-06 4.50712e-08
 1.33415e-39 6.52972e-33 7.34735e-27 1.90069e-21 1.13041e-16 1.54563e-12 4.85871e-09 3.5114e-06 0.000583424 0.022286 0.195716 0.395155 0.183755 0.0284551 0.054716 0.0762682 0.0264908 0.00851895 0.00564253 0.00171921 0.000548675 0.000122915 1.72975e-05 1.33554e-06 5.05092e-08
 1.28831e-39 6.30538e-33 7.09492e-27 1.83539e-21 1.09157e-16 1.49253e-12 4.69178e-09 3.39076e-06 0.00056338 0.0215204 0.188992 0.38158 0.177501 0.0290532 0.0624584 0.0871951 0.030536 0.0106263 0.00714625 0.00205288 0.000607874 0.000140481 2.17568e-05 1.89995e-06 7.64471e-08
 1.17041e-39 5.72833e-33 6.4456e-27 1.66742e-21 9.91675e-17 1.35594e-12 4.2624e-09 3.08045e-06 0.00051182 0.0195509 0.171696 0.34666 0.161413 0.0305466 0.0821 0.114917 0.0408097 0.0160248 0.011149 0.00332982 0.00102655 0.000225925 3.36512e-05 3.10318e-06 1.38204e-07
 1.26178e-39 6.17553e-33 6.94881e-27 1.79759e-21 1.06909e-16 1.46179e-12 4.59516e-09 3.32093e-06 0.000551778 0.0210772 0.1851 0.373722 0.173853 0.0286594 0.0624233 0.0872742 0.0323046 0.0168583 0.0124826 0.00398301 0.00134613 0.000310032 4.67178e-05 4.1661e-06 1.87175e-07
 1.2313e-39 6.02635e-33 6.78095e-27 1.75417e-21 1.04327e-16 1.42648e-12 4.48416e-09 3.24071e-06 0.000538448 0.020568 0.180629 0.364694 0.169712 0.0295358 0.070494 0.098564 0.0350987 0.0141143 0.0101737 0.00384287 0.00156607 0.000394668 6.47181e-05 5.98538e-06 2.67421e-07
 1.28287e-39 6.27875e-33 7.06495e-27 1.82764e-21 1.08696e-16 1.48623e-12 4.67197e-09 3.37644e-06 0.000561 0.0214295 0.188194 0.379968 0.176742 0.0286842 0.060692 0.0847751 0.0306203 0.0136664 0.00985741 0.00320246 0.00118189 0.000347697 6.77582e-05 6.93703e-06 3.29183e-07
 1.247e-39 6.1032e-33 6.86742e-27 1.77654e-21 1.05657e-16 1.44467e-12 4.54134e-09 3.28203e-06 0.000545315 0.0208303 0.182932 0.369345 0.171858 0.0294072 0.0683074 0.0954718 0.033882 0.0132476 0.00936339 0.00321507 0.00120682 0.000316392 6.16006e-05 7.33523e-06 3.96836e-07
 1.25672e-39 6.15077e-33 6.92094e-27 1.79038e-21 1.06481e-16 1.45593e-12 4.57673e-09 3.30762e-06 0.000549565 0.0209927 0.184358 0.372223 0.173176 0.0290849 0.0654723 0.0915107 0.0329682 0.0144469 0.0103639 0.00330832 0.00116293 0.000312825 5.90203e-05 6.75784e-06 3.9475e-07
 1.27725e-39 6.25127e-33 7.03402e-27 1.81964e-21 1.08221e-16 1.47972e-12 4.65151e-09 3.36166e-06 0.000558544 0.0213357 0.18737 0.378305 0.175979 0.0288506 0.062209 0.0868971 0.0311455 0.0131522 0.00944041 0.00320766 0.00118449 0.000300701 5.4461e-05 6.15817e-06 3.51036e-07
 1.26479e-39 6.19029e-33 6.96541e-27 1.80189e-21 1.07165e-16 1.46529e-12 4.60614e-09 3.32887e-06 0.000553096 0.0211276 0.185542 0.374615 0.174283 0.0291161 0.064942 0.0907357 0.0323165 0.0129991 0.00920849 0.00306702 0.00112827 0.000301245 5.51969e-05 5.97511e-06 3.31186e-07
 1.25859e-39 6.15993e-33 6.93126e-27 1.79305e-21 1.06639e-16 1.4581e-12 4.58356e-09 3.31254e-06 0.000550384 0.021024 0.184632 0.372778 0.173434 0.0291211 0.065526 0.0915749 0.0328326 0.0138923 0.00991488 0.00321353 0.00114039 0.000299808 5.5839e-05 6.20111e-06 3.38246e-07
 1.2547e-39 6.14088e-33 6.90982e-27 1.78751e-21 1.0631e-16 1.45359e-12 4.56938e-09 3.3023e-06 0.000548682 0.0209589 0.184061 0.371625 0.172902 0.0291319 0.0659393 0.0921635 0.03312 0.0142572 0.0102483 0.00341676 0.00124157 0.000318144 5.74754e-05 6.37738e-06 3.53814e-07
 1.26528e-39 6.19265e-33 6.96807e-27 1.80257e-21 1.07206e-16 1.46585e-12 4.6079e-09 3.33014e-06 0.000553307 0.0211356 0.185613 0.374758 0.174344 0.0289752 0.0640387 0.0894845 0.0321722 0.0138973 0.0100092 0.00337219 0.00124874 0.000328322 5.96484e-05 6.45811e-06 3.53632e-07
 1.20122e-39 5.87914e-33 6.6153e-27 1.71132e-21 1.01778e-16 1.39164e-12 4.37462e-09 3.16155e-06 0.000525295 0.0200656 0.176216 0.355786 0.165608 0.0299117 0.0754734 0.105599 0.0378213 0.0158828 0.0113758 0.00384072 0.00143 0.000381346 7.09357e-05 7.79383e-06 4.22894e-07
 1.1985e-39 5.86583e-33 6.60033e-27 1.70744e-21 1.01548e-16 1.38849e-12 4.36472e-09 3.15439e-06 0.000524106 0.0200202 0.175817 0.354981 0.165222 0.0295559 0.0735442 0.102948 0.0378068 0.018822 0.0138945 0.00462089 0.00169271 0.000452204 8.50483e-05 9.5294e-06 5.25897e-07
 1.23381e-39 6.03864e-33 6.79477e-27 1.75774e-21 1.0454e-16 1.42939e-12 4.4933e-09 3.24732e-06 0.000539546 0.02061 0.180997 0.365438 0.170039 0.0290837 0.0675096 0.0944273 0.034589 0.0169624 0.0126612 0.00465919 0.0018773 0.000499822 9.30797e-05 1.04952e-05 5.88226e-07
#pred catch len freq
 2.14598e-27 2.17342e-27 6.60896e-27 1.51772e-21 9.02648e-17 1.23421e-12 3.87975e-09 2.80391e-06 0.000465865 0.0177957 0.156283 0.315539 0.146874 0.0265346 0.0669797 0.094009 0.0381102 0.0302589 0.0269184 0.0182729 0.0154819 0.0135271 0.0141286 0.0132371 0.0055808
 2.14855e-27 2.18105e-27 7.4819e-27 1.81396e-21 1.07883e-16 1.47511e-12 4.63703e-09 3.35119e-06 0.000556796 0.0212692 0.186787 0.377127 0.1754 0.0279267 0.0569217 0.0795017 0.0291476 0.0144297 0.0114512 0.00616163 0.0043072 0.0030817 0.00268202 0.00229009 0.000955296
 2.14766e-27 2.17905e-27 7.27768e-27 1.74469e-21 1.03763e-16 1.41878e-12 4.45994e-09 3.22321e-06 0.000535532 0.020457 0.179654 0.362725 0.168806 0.0296529 0.0718016 0.10039 0.0354879 0.0134393 0.0095273 0.00359327 0.0017747 0.000937087 0.000608589 0.000434113 0.000171825
 2.14823e-27 2.18054e-27 7.44013e-27 1.79981e-21 1.07042e-16 1.4636e-12 4.60086e-09 3.32505e-06 0.000552453 0.0211033 0.18533 0.374186 0.174079 0.0289611 0.0641245 0.0896138 0.0323338 0.0143213 0.0102864 0.00326669 0.00117957 0.000394859 0.00015677 7.95947e-05 2.78066e-05
 2.14995e-27 2.18476e-27 7.88605e-27 1.95107e-21 1.16038e-16 1.58661e-12 4.98752e-09 3.6045e-06 0.000598882 0.0228769 0.200906 0.405631 0.188567 0.0276531 0.0466616 0.0649595 0.0230954 0.00916469 0.00650505 0.00224752 0.000844474 0.000219187 4.90084e-05 1.31511e-05 3.42128e-06
 2.14915e-27 2.18275e-27 7.66913e-27 1.87746e-21 1.1166e-16 1.52675e-12 4.79936e-09 3.46851e-06 0.000576288 0.0220138 0.193327 0.390329 0.181534 0.0287408 0.0579136 0.080764 0.0279202 0.00855229 0.00562272 0.00182613 0.00065842 0.000178961 3.4225e-05 4.76485e-06 6.45789e-07
 2.14832e-27 2.18071e-27 7.45434e-27 1.80461e-21 1.07327e-16 1.46751e-12 4.61312e-09 3.33392e-06 0.000553925 0.0211596 0.185824 0.375183 0.174553 0.0293273 0.066059 0.0922775 0.0324288 0.0116469 0.00788473 0.002236 0.000660759 0.000166398 3.09314e-05 3.63018e-06 2.60081e-07
 2.14947e-27 2.18356e-27 7.7579e-27 1.90759e-21 1.13452e-16 1.55125e-12 4.87639e-09 3.52418e-06 0.000585537 0.0223671 0.196429 0.396593 0.184406 0.0281199 0.0522355 0.0728174 0.0258926 0.0102764 0.00718824 0.00220264 0.000700955 0.00015461 2.40993e-05 2.58484e-06 1.50936e-07
 2.15008e-27 2.18504e-27 7.91371e-27 1.96044e-21 1.16595e-16 1.59423e-12 5.01147e-09 3.6218e-06 0.000601757 0.0229867 0.201871 0.407579 0.189472 0.0277666 0.0467674 0.0650762 0.0227009 0.00762007 0.00514625 0.00166769 0.000579598 0.000137705 2.13935e-05 1.97991e-06 9.95545e-08
 2.14945e-27 2.1835e-27 7.74808e-27 1.90424e-21 1.13253e-16 1.54853e-12 4.86782e-09 3.51799e-06 0.000584509 0.0223278 0.196084 0.395897 0.184097 0.0284649 0.0545514 0.0760288 0.0263069 0.00813071 0.00530462 0.00157375 0.000497277 0.000124165 2.10897e-05 2.02148e-06 9.40951e-08
 2.14888e-27 2.18209e-27 7.60082e-27 1.8543e-21 1.10282e-16 1.50791e-12 4.74015e-09 3.42572e-06 0.000569178 0.0217422 0.190941 0.385514 0.179311 0.0288407 0.0599751 0.0836985 0.0293545 0.0103529 0.00698002 0.00198624 0.000576439 0.000131246 2.12727e-05 2.15778e-06 1.05916e-07
 2.14917e-27 2.18282e-27 7.67874e-27 1.88074e-21 1.11855e-16 1.52941e-12 4.80773e-09 3.47456e-06 0.000577293 0.0220522 0.193664 0.39101 0.181838 0.0284595 0.0559912 0.0781001 0.0276065 0.0104336 0.00720916 0.00219022 0.000689949 0.000151027 2.22013e-05 2.0931e-06 1.03067e-07
 2.14924e-27 2.18299e-27 7.69573e-27 1.8865e-21 1.12197e-16 1.5341e-12 4.82246e-09 3.4852e-06 0.000579061 0.0221197 0.194257 0.392207 0.182392 0.0284798 0.0557547 0.0777514 0.0272732 0.00964001 0.0065792 0.00207522 0.000696911 0.000163476 2.50538e-05 2.22843e-06 1.01231e-07
 2.14874e-27 2.18175e-27 7.56483e-27 1.84209e-21 1.09556e-16 1.49799e-12 4.70894e-09 3.40317e-06 0.000565431 0.0215991 0.189684 0.382976 0.178142 0.0289393 0.0613419 0.0856266 0.0300519 0.0106715 0.00726158 0.00221254 0.000718508 0.00017526 2.88827e-05 2.71776e-06 1.22573e-07
 2.14769e-27 2.1792e-27 7.2952e-27 1.75063e-21 1.04117e-16 1.42361e-12 4.47514e-09 3.23419e-06 0.000537357 0.0205267 0.180266 0.363961 0.169381 0.0297393 0.0719569 0.100611 0.0356445 0.013729 0.00953232 0.00291033 0.000938609 0.00022212 3.63755e-05 3.60382e-06 1.72529e-07
 2.14797e-27 2.17988e-27 7.3699e-27 1.77598e-21 1.05625e-16 1.44423e-12 4.53995e-09 3.28103e-06 0.000545139 0.0208239 0.182877 0.369232 0.171801 0.0292819 0.0675756 0.0944674 0.0339054 0.0144566 0.0103147 0.00328633 0.00111719 0.000265746 4.2834e-05 4.18055e-06 2.0476e-07
 2.14824e-27 2.18055e-27 7.44112e-27 1.80014e-21 1.07061e-16 1.46387e-12 4.6017e-09 3.32566e-06 0.000552554 0.0211072 0.185364 0.374254 0.174115 0.0290768 0.0648101 0.0905588 0.0323768 0.0134155 0.00958442 0.00323916 0.0011895 0.000297811 4.99503e-05 4.87529e-06 2.35953e-07
 2.14847e-27 2.18112e-27 7.50037e-27 1.82023e-21 1.08256e-16 1.48021e-12 4.65307e-09 3.36279e-06 0.000558722 0.0213428 0.187434 0.378432 0.176041 0.0289574 0.0628222 0.0877432 0.0312001 0.0123896 0.00875101 0.00291261 0.00107016 0.000285033 5.16347e-05 5.30147e-06 2.6178e-07
 2.1483e-27 2.1807e-27 7.45485e-27 1.80479e-21 1.07338e-16 1.46765e-12 4.61358e-09 3.33425e-06 0.000553981 0.0211617 0.185843 0.375221 0.174565 0.0291697 0.0650861 0.0909261 0.0322155 0.0124207 0.00868794 0.00282144 0.00100483 0.000264916 4.93754e-05 5.4315e-06 2.85163e-07
 2.14823e-27 2.18053e-27 7.43773e-27 1.79899e-21 1.06993e-16 1.46293e-12 4.59875e-09 3.32353e-06 0.0005522 0.0210936 0.185245 0.374014 0.174007 0.0291719 0.0654631 0.0914682 0.0325534 0.013014 0.00915994 0.00292569 0.00101483 0.000260002 4.7296e-05 5.26238e-06 2.9006e-07
 2.14857e-27 2.18136e-27 7.52558e-27 1.82879e-21 1.08765e-16 1.48717e-12 4.67493e-09 3.37859e-06 0.000561347 0.0214431 0.188314 0.38021 0.17686 0.0288585 0.0616826 0.0861404 0.0306848 0.0123565 0.00873271 0.00284493 0.00100491 0.00025307 4.46034e-05 4.83168e-06 2.65724e-07
 2.14853e-27 2.18126e-27 7.51488e-27 1.82515e-21 1.08549e-16 1.48421e-12 4.66564e-09 3.37187e-06 0.000560232 0.0214005 0.18794 0.379454 0.176515 0.0289701 0.0625911 0.0874081 0.030955 0.011891 0.00831881 0.00272247 0.000972052 0.000249303 4.41465e-05 4.67064e-06 2.49935e-07
 2.14832e-27 2.18074e-27 7.45952e-27 1.80638e-21 1.07432e-16 1.46895e-12 4.61765e-09 3.33719e-06 0.000554469 0.0211803 0.186007 0.375551 0.174716 0.0291128 0.0646386 0.0903035 0.0321064 0.0127324 0.00894434 0.00285384 0.000990756 0.00025496 4.58157e-05 4.89655e-06 2.59295e-07
 2.14797e-27 2.17988e-27 7.36927e-27 1.77576e-21 1.05612e-16 1.44405e-12 4.53939e-09 3.28063e-06 0.000545072 0.0208214 0.182854 0.369187 0.171783 0.0293887 0.0682414 0.0953867 0.0339669 0.0136407 0.00962943 0.00312371 0.00109778 0.000276234 4.87497e-05 5.24445e-06 2.80603e-07
 2.1481e-27 2.18022e-27 7.40637e-27 1.78836e-21 1.06361e-16 1.45429e-12 4.57158e-09 3.30389e-06 0.000548937 0.020969 0.184151 0.371805 0.172983 0.0291097 0.065749 0.0918987 0.0330763 0.0143976 0.0103478 0.00338591 0.00120641 0.00030804 5.43361e-05 5.74364e-06 3.05806e-07
 2.1477e-27 2.17923e-27 7.3015e-27 1.75278e-21 1.04245e-16 1.42536e-12 4.48064e-09 3.23817e-06 0.000538017 0.0205519 0.180488 0.364408 0.169579 0.0295027 0.0703772 0.0984136 0.0352507 0.014815 0.0106344 0.00364458 0.00136806 0.000355111 6.36188e-05 6.77064e-06 3.57558e-07
 2.14717e-27 2.17792e-27 7.16437e-27 1.70627e-21 1.01478e-16 1.38754e-12 4.36174e-09 3.15224e-06 0.000523741 0.0200065 0.175698 0.354739 0.165122 0.0298596 0.0754708 0.105613 0.0380646 0.0167351 0.0120904 0.00406299 0.00151376 0.000410861 7.69931e-05 8.36391e-06 4.46231e-07
 2.14766e-27 2.17914e-27 7.29483e-27 1.75053e-21 1.04111e-16 1.42353e-12 4.47489e-09 3.23402e-06 0.000537327 0.0205255 0.180256 0.363941 0.169354 0.0292807 0.0691634 0.0967429 0.0352061 0.0165426 0.012145 0.00418845 0.00159371 0.000428313 8.14526e-05 9.24061e-06 5.08863e-07
#obs catch len freq
 1.21691e-39 5.95593e-33 6.70171e-27 1.73367e-21 1.03108e-16 1.40981e-12 4.43176e-09 3.20284e-06 0.000532156 0.0203277 0.178518 0.360433 0.167741 0.029503 0.071578 0.100135 0.0362404 0.0164117 0.0120075 0.00425705 0.00169833 0.000494631 0.000105395 1.38984e-05 9.41039e-07
 1.23104e-39 6.02509e-33 6.77952e-27 1.7538e-21 1.04305e-16 1.42618e-12 4.48321e-09 3.24003e-06 0.000538335 0.0205637 0.180591 0.364618 0.16967 0.0293535 0.069404 0.097063 0.0350562 0.0156474 0.0113958 0.00398439 0.00156115 0.000445845 9.2431e-05 1.18175e-05 7.73655e-07
 1.30306e-39 6.37756e-33 7.17613e-27 1.8564e-21 1.10407e-16 1.50961e-12 4.74549e-09 3.42957e-06 0.000569828 0.0217667 0.191155 0.385947 0.179497 0.0284379 0.0573862 0.0801044 0.0288168 0.0125044 0.00904581 0.00313446 0.0012123 0.000340352 6.89423e-05 8.57567e-06 5.44363e-07
 1.1473e-39 5.61525e-33 6.31836e-27 1.6345e-21 9.72099e-17 1.32917e-12 4.17826e-09 3.01964e-06 0.000501717 0.0191649 0.168306 0.339817 0.158266 0.0310098 0.0869898 0.121777 0.042782 0.0153394 0.0106032 0.00360773 0.00136744 0.000378926 7.53759e-05 9.16003e-06 5.65997e-07
 1.33993e-39 6.55801e-33 7.37917e-27 1.90892e-21 1.13531e-16 1.55233e-12 4.87976e-09 3.52661e-06 0.000585952 0.0223826 0.196564 0.396867 0.184515 0.027631 0.0491694 0.0685767 0.0254975 0.0136492 0.0100958 0.00309449 0.00103138 0.00027609 5.37349e-05 6.40689e-06 3.87185e-07
 1.38628e-39 6.7849e-33 7.63448e-27 1.97497e-21 1.17459e-16 1.60604e-12 5.04859e-09 3.64862e-06 0.000606224 0.023157 0.203365 0.410597 0.190864 0.0276491 0.0451414 0.062774 0.021738 0.00678964 0.004599 0.00177296 0.000728536 0.00017998 3.14538e-05 3.60047e-06 2.12779e-07
 1.25855e-39 6.15971e-33 6.931e-27 1.79298e-21 1.06636e-16 1.45805e-12 4.58339e-09 3.31242e-06 0.000550364 0.0210232 0.184626 0.372764 0.173452 0.0297649 0.06946 0.0970149 0.0333306 0.00952382 0.00603018 0.00172213 0.000541494 0.000158528 3.10336e-05 3.29855e-06 1.81612e-07
 1.26728e-39 6.20245e-33 6.9791e-27 1.80543e-21 1.07375e-16 1.46817e-12 4.61519e-09 3.33541e-06 0.000554183 0.0211691 0.185907 0.375351 0.174622 0.0290795 0.064497 0.09012 0.0322732 0.0135213 0.00944897 0.00257933 0.000692182 0.000152596 2.63918e-05 3.10867e-06 1.73404e-07
 1.41232e-39 6.91233e-33 7.77787e-27 2.01206e-21 1.19665e-16 1.6362e-12 5.14341e-09 3.71715e-06 0.00061761 0.0235919 0.207184 0.418309 0.194407 0.0270675 0.039267 0.0545337 0.0193806 0.00766357 0.00540877 0.00179406 0.000620878 0.000131313 1.80713e-05 1.72809e-06 9.48149e-08
 1.41093e-39 6.90551e-33 7.7702e-27 2.01008e-21 1.19547e-16 1.63459e-12 5.13833e-09 3.71349e-06 0.000617001 0.0235686 0.20698 0.417896 0.194231 0.0274618 0.0417981 0.0580382 0.0197599 0.00506143 0.00312167 0.00100314 0.000353502 9.0188e-05 1.45728e-05 1.25218e-06 5.57836e-08
 1.33941e-39 6.55551e-33 7.37636e-27 1.9082e-21 1.13488e-16 1.55174e-12 4.8779e-09 3.52527e-06 0.000585728 0.0223741 0.196489 0.396716 0.184481 0.0285876 0.0550544 0.0767126 0.0262103 0.00701025 0.00429558 0.00111574 0.000282914 6.81927e-05 1.19916e-05 1.20586e-06 5.50747e-08
 1.31287e-39 6.42558e-33 7.23017e-27 1.87038e-21 1.11238e-16 1.52098e-12 4.78122e-09 3.4554e-06 0.00057412 0.0219306 0.192595 0.388854 0.180852 0.0287532 0.0584352 0.0815174 0.0284426 0.00955549 0.00631227 0.00166844 0.000414457 7.99526e-05 1.08681e-05 1.07453e-06 5.44943e-08
 1.35029e-39 6.60875e-33 7.43627e-27 1.92369e-21 1.14409e-16 1.56434e-12 4.91751e-09 3.5539e-06 0.000590485 0.0225558 0.198085 0.399937 0.185952 0.0281024 0.0511215 0.0712235 0.025011 0.00892582 0.00605982 0.00178365 0.000528955 0.00010509 1.28998e-05 1.00856e-06 4.47056e-08
 1.3278e-39 6.49866e-33 7.31239e-27 1.89165e-21 1.12503e-16 1.53828e-12 4.8356e-09 3.4947e-06 0.000580649 0.02218 0.194785 0.393276 0.18289 0.0285684 0.055974 0.0780378 0.0270666 0.00857749 0.00565515 0.00171849 0.000546502 0.000122254 1.71839e-05 1.32583e-06 5.01148e-08
 1.28154e-39 6.27227e-33 7.05766e-27 1.82575e-21 1.08584e-16 1.48469e-12 4.66714e-09 3.37295e-06 0.000560421 0.0214074 0.187999 0.379576 0.176579 0.0291752 0.0638073 0.0890924 0.0311507 0.0106799 0.00715203 0.00204956 0.000604614 0.000139509 2.15799e-05 1.88319e-06 7.57382e-08
 1.16137e-39 5.68409e-33 6.39583e-27 1.65454e-21 9.84018e-17 1.34547e-12 4.22949e-09 3.05666e-06 0.000507868 0.0193999 0.17037 0.343983 0.160181 0.0307088 0.0838973 0.117445 0.0416308 0.0161033 0.011162 0.00332522 0.00102146 0.000224477 3.33916e-05 3.07691e-06 1.36971e-07
 1.25435e-39 6.13916e-33 6.90788e-27 1.787e-21 1.0628e-16 1.45318e-12 4.5681e-09 3.30137e-06 0.000548528 0.0209531 0.18401 0.371521 0.17284 0.0287897 0.063882 0.0893267 0.0329788 0.0169493 0.0125147 0.00398231 0.0013413 0.000308485 4.64268e-05 4.13705e-06 1.85776e-07
 1.22358e-39 5.98855e-33 6.73841e-27 1.74316e-21 1.03672e-16 1.41753e-12 4.45603e-09 3.22038e-06 0.000535071 0.020439 0.179496 0.362407 0.16866 0.0296753 0.0720346 0.100731 0.0358023 0.0141808 0.0101824 0.00383362 0.00155767 0.000392026 6.42086e-05 5.93411e-06 2.65003e-07
 1.27501e-39 6.24028e-33 7.02166e-27 1.81644e-21 1.0803e-16 1.47712e-12 4.64334e-09 3.35575e-06 0.000557563 0.0212982 0.187041 0.37764 0.175671 0.0288201 0.0622233 0.0869299 0.0313315 0.013774 0.00990221 0.00320793 0.00117971 0.000346514 6.74563e-05 6.90175e-06 3.27364e-07
 1.23788e-39 6.05855e-33 6.81718e-27 1.76354e-21 1.04884e-16 1.4341e-12 4.50812e-09 3.25802e-06 0.000541325 0.0206779 0.181594 0.366643 0.170614 0.029565 0.0700851 0.0979732 0.0347069 0.0133697 0.00941375 0.00322269 0.00120575 0.000315642 6.13758e-05 7.30352e-06 3.94966e-07
 1.24785e-39 6.10738e-33 6.87212e-27 1.77775e-21 1.0573e-16 1.44566e-12 4.54445e-09 3.28428e-06 0.000545688 0.0208446 0.183057 0.369598 0.171968 0.0292368 0.0671906 0.093929 0.033769 0.0145772 0.0104225 0.00331786 0.00116219 0.000312143 5.88214e-05 6.73015e-06 3.92953e-07
 1.26854e-39 6.20863e-33 6.98605e-27 1.80723e-21 1.07482e-16 1.46963e-12 4.61979e-09 3.33873e-06 0.000554735 0.0211902 0.186092 0.375725 0.174792 0.0289992 0.0638936 0.0892679 0.0319318 0.013284 0.00950155 0.00321892 0.00118476 0.000300335 5.43256e-05 6.13837e-06 3.49746e-07
 1.25461e-39 6.14044e-33 6.90933e-27 1.78738e-21 1.06302e-16 1.45349e-12 4.56905e-09 3.30206e-06 0.000548643 0.0209574 0.184048 0.371598 0.172895 0.0292869 0.0668933 0.0934823 0.0332332 0.0131725 0.00929752 0.00308773 0.00113208 0.000301812 5.52357e-05 5.97502e-06 3.31021e-07
 1.24761e-39 6.10619e-33 6.87079e-27 1.77741e-21 1.05709e-16 1.44538e-12 4.54357e-09 3.28365e-06 0.000545582 0.0208405 0.183022 0.369526 0.171937 0.0293021 0.0676113 0.0945106 0.033819 0.0141011 0.0100297 0.00324169 0.00114645 0.000300946 5.59827e-05 6.21273e-06 3.38725e-07
 1.24406e-39 6.0888e-33 6.85121e-27 1.77234e-21 1.05408e-16 1.44126e-12 4.53062e-09 3.27429e-06 0.000544028 0.0207812 0.1825 0.368473 0.171451 0.0293082 0.0679654 0.0950157 0.0340767 0.0144542 0.0103548 0.00344234 0.00124672 0.000318995 5.75576e-05 6.38185e-06 3.539e-07
 1.25487e-39 6.1417e-33 6.91074e-27 1.78774e-21 1.06324e-16 1.45379e-12 4.56999e-09 3.30274e-06 0.000548755 0.0209617 0.184086 0.371674 0.172925 0.0291474 0.0660189 0.0922721 0.0331078 0.0140919 0.0101151 0.00339795 0.00125412 0.000329253 5.97458e-05 6.46402e-06 3.53789e-07
 1.1886e-39 5.81735e-33 6.54578e-27 1.69333e-21 1.00709e-16 1.37701e-12 4.32864e-09 3.12832e-06 0.000519775 0.0198547 0.174364 0.352047 0.163887 0.0301199 0.0778711 0.108975 0.0389552 0.0161219 0.0115073 0.00387381 0.00143756 0.000382797 7.11205e-05 7.80866e-06 4.23505e-07
 1.1858e-39 5.80367e-33 6.53038e-27 1.68935e-21 1.00472e-16 1.37377e-12 4.31846e-09 3.12096e-06 0.000518552 0.019808 0.173954 0.351219 0.163491 0.0297596 0.0759216 0.106296 0.0389445 0.0191057 0.0140634 0.00466373 0.00170269 0.000454189 8.53191e-05 9.55303e-06 5.26964e-07
#spawning biomass
 4572.69 2599.23 2598.4 2392.7 2569.04 3846.83 4628.51 4683.54 6876.87 11644.5 17718.2 22817.7 29331 39077.6 45395.8 36677 34213.5 33090.7 33193 33341.3 33628.8 36586.8 43243.6 44917.1 50994.8 56239.6 53353.7 47028.7 35499.2 72152.6 70472.6 42020.1 24789.8 16967.1 13717 12428.5 11932.5 11745.2 11675.4 11649.7 11640.2 11636.8 11635.5 11635.1 11634.9 11634.8 11634.8 11634.8 11634.8 11634.8 11634.8 11634.8 11634.8 11634.8 11634.8 11634.8 11634.8 11634.8 11634.8 11634.8 11634.8 11634.8 11634.8 11634.8 11634.8 11634.8 11634.8 11634.8 11634.8 11634.8 11634.8 11634.8 11634.8 11634.8 11634.8 11634.8 11634.8 11634.8 11634.8 11634.8 11634.8 11634.8 11634.8 11634.8 11634.8 11634.8 11634.8 11634.8 11634.8 11634.8 11634.8 11634.8 11634.8 11634.8 11634.8 11634.8 11634.8 11634.8 11634.8 11634.8 11634.8 11634.8 11634.8 11634.8 11634.8 11634.8 11634.8 11634.8 11634.8 11634.8 11634.8 11634.8 11634.8 11634.8 11634.8 11634.8 11634.8 11634.8 11634.8 11634.8 11634.8 11634.8 11634.8 11634.8 11634.8 11634.8 11634.8 11634.8 0 0 0 0 0 0 0 0 0 0 0 0 0 0 0 0 0 0 0 0 0 0 0 0 0
