SBPRF35
0.819782
Curr Bio
105122
B35
670061
F35
0.211217
FOFL
0.0792567
OFL
16827.3
Bzero
234224
#pred survey bio
 6727.37 6610.76 8381.46 12382.4 16078.3 17577.2 16414.3 22820.9 36313.6 50849.9 62589.6 79687.8 103014 126785 132394 115282 98543.1 98765.9 100544 106357 101727 107224 112301 122288 126709 138860 125069 110020 112011 9.5621e+06 7.8043e+06 8.24495e+06 7.70821e+06 6.76938e+06 5.76011e+06 4.84663e+06 4.09145e+06 3.5005e+06 3.0541e+06 2.72458e+06 2.48487e+06 2.31192e+06 2.18716e+06 2.09624e+06 2.03004e+06 1.98306e+06 1.94937e+06 1.92494e+06 1.90703e+06 1.89374e+06 1.88377e+06 1.87622e+06 1.87043e+06 1.86595e+06 1.86246e+06 1.85972e+06 1.85755e+06 1.85583e+06 1.85445e+06 1.85334e+06 1.85245e+06 1.85173e+06 1.85115e+06 1.85068e+06 1.85029e+06 1.84998e+06 1.84972e+06 1.84952e+06 1.84935e+06 1.84921e+06 1.84909e+06 1.849e+06 1.84893e+06 1.84886e+06 1.84881e+06 1.84877e+06 1.84874e+06 1.84871e+06 1.84869e+06 1.84867e+06 1.84865e+06 1.84864e+06 1.84863e+06 1.84862e+06 1.84862e+06 1.84861e+06 1.84861e+06 1.8486e+06 1.8486e+06 1.8486e+06 1.8486e+06 1.84859e+06 1.84859e+06 1.84859e+06 1.84859e+06 1.84859e+06 1.84859e+06 1.84859e+06 1.84859e+06 1.84859e+06 1.84859e+06 1.84859e+06 1.84859e+06 1.84859e+06 1.84859e+06 1.84859e+06 1.84859e+06 1.84859e+06 1.84859e+06 1.84859e+06 1.84859e+06 1.84859e+06 1.84859e+06 1.84859e+06 1.84859e+06 1.84859e+06 1.84859e+06 1.84859e+06 1.84859e+06 1.84859e+06 1.84859e+06 1.84859e+06 1.84859e+06 1.84859e+06 1.84859e+06 1.84859e+06 1.84859e+06 1.84859e+06 1.84859e+06 0 0 0 0 0 0 0 0 0 0 0 0 0 0 0 0 0 0 0 0 0 0 0 0 0
#obs survey bio
 6028.68 6257.25 12175.5 23271.8 20665.8 17979.5 16106.4 23852.5 53489.2 43427.7 80329.6 139013 139969 205940 149048 82467.6 118650 118901 128880 90404.9 78879 105553 111013 111910 111685 145410 158291 120109 135786
#pred catch bio
 4621.92 4621.91 5456.37 8562.95 11339.4 13582.1 11829.3 15862.3 25514.5 37516.9 46811.1 59975.4 77150.6 96034.6 106155 96462.3 79756.6 80598.3 81471.5 90598.8 84217.6 89919.4 93754.5 103972 104495 121618 108217 92348.8 1.24319 16827.3 63267 66944.6 61838.8 53549.7 44836.4 37064.9 30732.1 25857.6 22247.8 19646.8 17809.4 16530.3 15647.3 15038.9 14624 14349 14166.7 14045.8 13965.8 13912.7 13877.5 13854.2 13838.7 13828.4 13821.7 13817.2 13814.2 13812.2 13810.9 13810 13809.4 13809.1 13808.8 13808.6 13808.5 13808.4 13808.4 13808.4 13808.3 13808.3 13808.3 13808.3 13808.3 13808.3 13808.3 13808.3 13808.3 13808.3 13808.3 13808.3 13808.3 13808.3 13808.3 13808.3 13808.3 13808.3 13808.3 13808.3 13808.3 13808.3 13808.3 13808.3 13808.3 13808.3 13808.3 13808.3 13808.3 13808.3 13808.3 13808.3 13808.3 13808.3 13808.3 13808.3 13808.3 13808.3 13808.3 13808.3 13808.3 13808.3 13808.3 13808.3 13808.3 13808.3 13808.3 13808.3 13808.3 13808.3 13808.3 13808.3 13808.3 13808.3 13808.3 13808.3 13808.3 13808.3 13808.3 13808.3 13808.3 0 0 0 0 0 0 0 0 0 0 0 0 0 0 0 0 0 0 0 0 0 0 0 0 0
#obs catch bio
 4561.12 4639.47 5307.22 7989.02 10887.6 13222.7 11656.7 15472.3 24434.1 36197.5 44506.9 57376.5 74509.6 91148.1 104843 96656.2 78341.2 78387.4 80937.8 90046.9 82775.5 87150.4 92066.4 100878 99808.9 118324 104703 93870.9 1.13688
#pred cpue bio
 5734.12 5289.35 6466.04 9615.02 12596.4 14310.9 12969.6 17065.3 27232.2 39279.8 48326.2 60500.8 78189.9 97846.8 105682 91634.5 76173.9 76181.4 76858.9 81231.3 76898.5 81183.9 84294.8 91545 94911.2 104809 94417.3 84519.4 84052 8.47487e+06 7.67815e+06 8.20702e+06 7.65977e+06 6.71705e+06 5.70705e+06 4.79345e+06 4.03826e+06 3.4473e+06 3.00091e+06 2.67139e+06 2.43167e+06 2.25873e+06 2.13397e+06 2.04305e+06 1.97684e+06 1.92986e+06 1.89618e+06 1.87175e+06 1.85384e+06 1.84055e+06 1.83058e+06 1.82302e+06 1.81723e+06 1.81276e+06 1.80927e+06 1.80653e+06 1.80436e+06 1.80264e+06 1.80126e+06 1.80015e+06 1.79926e+06 1.79854e+06 1.79796e+06 1.79748e+06 1.7971e+06 1.79679e+06 1.79653e+06 1.79632e+06 1.79615e+06 1.79601e+06 1.7959e+06 1.79581e+06 1.79573e+06 1.79567e+06 1.79562e+06 1.79558e+06 1.79555e+06 1.79552e+06 1.79549e+06 1.79548e+06 1.79546e+06 1.79545e+06 1.79544e+06 1.79543e+06 1.79542e+06 1.79542e+06 1.79541e+06 1.79541e+06 1.79541e+06 1.7954e+06 1.7954e+06 1.7954e+06 1.7954e+06 1.7954e+06 1.7954e+06 1.7954e+06 1.7954e+06 1.79539e+06 1.79539e+06 1.79539e+06 1.79539e+06 1.79539e+06 1.79539e+06 1.79539e+06 1.79539e+06 1.79539e+06 1.79539e+06 1.79539e+06 1.79539e+06 1.79539e+06 1.79539e+06 1.79539e+06 1.79539e+06 1.79539e+06 1.79539e+06 1.79539e+06 1.79539e+06 1.79539e+06 1.79539e+06 1.79539e+06 1.79539e+06 1.79539e+06 1.79539e+06 1.79539e+06 1.79539e+06 1.79539e+06 1.79539e+06 1.79539e+06 1.79539e+06 0 0 0 0 0 0 0 0 0 0 0 0 0 0 0 0 0 0 0 0 0 0 0 0 0
#obs cpue bio
 4486.86 5492.38 8608.62 21395.5 12929.5 18981.9 17294.9 24054.4 44009.9 67895.9 100826 62155.7 95105.6 142454 88609.7 126950 88331.2 101990 58452.1 112123 131093 146026 105974 174768 228555 143736 132565 128686 123154
#pred surv len freq
 2.56699e-27 2.59867e-27 4.2245e-26 8.37199e-20 2.05229e-14 6.08131e-10 2.17822e-06 0.000943088 0.0493578 0.312251 0.239019 0.0370751 0.114275 0.1056 0.0275618 0.0366604 0.0170361 0.0148692 0.0100008 0.00819162 0.00682722 0.00619424 0.00646545 0.00586582 0.0018045
 2.56849e-27 2.60241e-27 4.51083e-26 8.97585e-20 2.20032e-14 6.51994e-10 2.33533e-06 0.00101111 0.0529179 0.334773 0.256266 0.0402147 0.126053 0.116116 0.0233487 0.0241433 0.00921574 0.0055775 0.00303372 0.00207652 0.00149895 0.00120553 0.00114043 0.00104941 0.000355351
 2.5696e-27 2.60537e-27 4.76432e-26 9.51057e-20 2.3314e-14 6.90836e-10 2.47446e-06 0.00107135 0.0560704 0.354717 0.271494 0.0401982 0.115229 0.106095 0.0210502 0.0213477 0.00719215 0.00293294 0.00115761 0.00055512 0.000309226 0.000206353 0.000168858 0.000149398 5.27472e-05
 2.56922e-27 2.60433e-27 4.67021e-26 9.31203e-20 2.28273e-14 6.76414e-10 2.4228e-06 0.00104898 0.0548999 0.347312 0.265848 0.04067 0.122787 0.113041 0.0217783 0.0212579 0.00713374 0.00283249 0.000903189 0.000280116 9.79532e-05 4.62368e-05 2.99289e-05 2.38419e-05 8.4338e-06
 2.56882e-27 2.60325e-27 4.57434e-26 9.10979e-20 2.23315e-14 6.61724e-10 2.37018e-06 0.0010262 0.0537075 0.339769 0.260092 0.0409477 0.128944 0.118731 0.0229333 0.0224548 0.00742363 0.00277401 0.000871402 0.000243434 5.47567e-05 1.44168e-05 5.98101e-06 3.85163e-06 1.30977e-06
 2.56701e-27 2.59833e-27 4.14272e-26 8.19926e-20 2.00995e-14 5.95584e-10 2.13328e-06 0.000923629 0.0483394 0.305809 0.234177 0.0419913 0.155093 0.142913 0.0281613 0.0283017 0.00936327 0.00349869 0.00107075 0.000283729 5.87068e-05 9.98364e-06 1.9698e-06 8.02872e-07 2.45792e-07
 2.56854e-27 2.60255e-27 4.51874e-26 8.99252e-20 2.20441e-14 6.53205e-10 2.33967e-06 0.00101299 0.0530161 0.335395 0.256747 0.0405938 0.128601 0.11853 0.0249942 0.0272178 0.00905234 0.00344225 0.00105496 0.000276718 5.44789e-05 8.3039e-06 9.45168e-07 1.60475e-07 3.73765e-08
 2.5707e-27 2.60835e-27 5.02548e-26 1.00615e-19 2.46646e-14 7.30855e-10 2.6178e-06 0.00113341 0.0593185 0.375265 0.287176 0.0396312 0.0998973 0.0919137 0.0179527 0.0178529 0.00612776 0.00263724 0.000823471 0.000219236 4.29533e-05 6.27223e-06 5.99939e-07 4.44241e-08 5.12999e-09
 2.57046e-27 2.60761e-27 4.95302e-26 9.90862e-20 2.42898e-14 7.1975e-10 2.57802e-06 0.00111619 0.0584171 0.369562 0.282834 0.0404431 0.109125 0.100303 0.0171531 0.0138963 0.00460347 0.00175944 0.000574983 0.000169315 3.39741e-05 4.96664e-06 4.51946e-07 2.38311e-08 1.02702e-09
 2.5693e-27 2.60447e-27 4.67615e-26 9.32454e-20 2.2858e-14 6.77323e-10 2.42606e-06 0.00105039 0.0549736 0.347778 0.266212 0.0411892 0.126482 0.11635 0.0205546 0.0176013 0.00552605 0.00162373 0.000488348 0.000133459 2.9191e-05 4.51887e-06 4.12887e-07 1.99682e-08 4.83217e-10
 2.56938e-27 2.60472e-27 4.70105e-26 9.37709e-20 2.29868e-14 6.8114e-10 2.43973e-06 0.00105631 0.0552834 0.349738 0.267703 0.040833 0.122724 0.112946 0.0211039 0.0197177 0.00626894 0.00194692 0.000534557 0.000115394 2.27068e-05 3.62236e-06 3.55762e-07 1.72586e-08 3.54555e-10
 2.57004e-27 2.60649e-27 4.85731e-26 9.70672e-20 2.37949e-14 7.05084e-10 2.52549e-06 0.00109344 0.0572268 0.362032 0.277085 0.0404766 0.11342 0.104329 0.0190191 0.0171372 0.00556593 0.00192459 0.00054519 0.00011935 1.93902e-05 2.59737e-06 2.53922e-07 1.31312e-08 2.67471e-10
 2.57e-27 2.60635e-27 4.8417e-26 9.67378e-20 2.37141e-14 7.02691e-10 2.51692e-06 0.00108973 0.0570326 0.360804 0.276151 0.0407623 0.11625 0.106888 0.0185176 0.0153429 0.00492439 0.00162372 0.00047582 0.000114456 1.91675e-05 2.26766e-06 1.81199e-07 9.11537e-09 1.94783e-10
 2.56933e-27 2.60455e-27 4.68298e-26 9.33894e-20 2.28933e-14 6.78369e-10 2.4298e-06 0.00105201 0.0550585 0.348315 0.266622 0.0411977 0.126258 0.116137 0.0203995 0.0173019 0.00544595 0.00161924 0.000460367 0.000107879 1.94227e-05 2.43323e-06 1.76599e-07 7.34746e-09 1.50608e-10
 2.56787e-27 2.60062e-27 4.33727e-26 8.60965e-20 2.11055e-14 6.25394e-10 2.24006e-06 0.000969859 0.0507589 0.321115 0.245865 0.0419955 0.146913 0.13525 0.0247377 0.0223912 0.00709109 0.00216323 0.000595186 0.000127218 2.20596e-05 2.86462e-06 2.2121e-07 8.45928e-09 1.46688e-10
 2.56814e-27 2.60138e-27 4.40898e-26 8.76095e-20 2.14764e-14 6.36384e-10 2.27942e-06 0.000986902 0.0516509 0.326758 0.250166 0.0414625 0.139836 0.128788 0.0248429 0.0242668 0.00779748 0.00254808 0.000712734 0.000153745 2.48318e-05 3.02032e-06 2.37257e-07 9.51609e-09 1.52786e-10
 2.5693e-27 2.60449e-27 4.67944e-26 9.33148e-20 2.2875e-14 6.77827e-10 2.42786e-06 0.00105117 0.0550146 0.348037 0.266408 0.0410687 0.125427 0.115393 0.0206716 0.0181245 0.00592075 0.00210697 0.000608953 0.000139327 2.29028e-05 2.66991e-06 1.94779e-07 7.84741e-09 1.29816e-10
 2.56934e-27 2.60458e-27 4.68422e-26 9.34157e-20 2.28997e-14 6.7856e-10 2.43049e-06 0.00105231 0.055074 0.348413 0.266698 0.0412632 0.126703 0.116529 0.0201293 0.0165893 0.00526798 0.00164838 0.000485272 0.000120022 2.08729e-05 2.52523e-06 1.78913e-07 6.74202e-09 1.10998e-10
 2.5697e-27 2.60553e-27 4.76825e-26 9.51883e-20 2.33343e-14 6.91436e-10 2.47661e-06 0.00107228 0.0561191 0.355025 0.271743 0.0410461 0.121507 0.11173 0.0192147 0.015706 0.0049152 0.0014185 0.000394072 8.86063e-05 1.62247e-05 2.10897e-06 1.56432e-07 5.7719e-09 8.98082e-11
 2.56972e-27 2.60557e-27 4.77059e-26 9.52375e-20 2.33463e-14 6.91794e-10 2.47789e-06 0.00107283 0.0561481 0.355208 0.271884 0.0411184 0.121958 0.112129 0.018962 0.0150285 0.00469406 0.00134201 0.000362612 7.5015e-05 1.25072e-05 1.61312e-06 1.29005e-07 4.99668e-09 7.65918e-11
 2.57007e-27 2.60652e-27 4.85237e-26 9.69628e-20 2.37693e-14 7.04326e-10 2.52278e-06 0.00109227 0.0571653 0.361643 0.276797 0.0410649 0.118099 0.108525 0.0175517 0.0127149 0.00392865 0.0010635 0.000284363 5.77975e-05 9.03794e-06 1.05523e-06 8.14787e-08 3.35967e-09 5.40046e-11
 2.57001e-27 2.60636e-27 4.83832e-26 9.66664e-20 2.36966e-14 7.02173e-10 2.51507e-06 0.00108893 0.0569905 0.360538 0.275953 0.041086 0.118853 0.109228 0.017818 0.0131417 0.00400255 0.000984778 0.000255413 4.95382e-05 7.6021e-06 8.42463e-07 5.88628e-08 2.32536e-09 3.9201e-11
 2.57034e-27 2.60723e-27 4.91543e-26 9.8293e-20 2.40953e-14 7.13988e-10 2.55739e-06 0.00110725 0.0579495 0.366604 0.280582 0.0408714 0.113967 0.104716 0.0169438 0.0122843 0.00374935 0.000936529 0.000236873 4.21105e-05 6.15318e-06 6.57156e-07 4.36125e-08 1.56842e-09 2.53137e-11
 2.57042e-27 2.60746e-27 4.93468e-26 9.86992e-20 2.41949e-14 7.16939e-10 2.56795e-06 0.00111183 0.058189 0.368119 0.281739 0.0408742 0.113175 0.103971 0.0165614 0.0115987 0.00352795 0.000865067 0.000219135 3.91429e-05 5.38772e-06 5.33493e-07 3.37083e-08 1.14497e-09 1.6956e-11
 2.57038e-27 2.60733e-27 4.92291e-26 9.84508e-20 2.4134e-14 7.15135e-10 2.56149e-06 0.00110903 0.0580425 0.367193 0.281034 0.0409943 0.114586 0.105253 0.0164441 0.0110066 0.00332297 0.000778027 0.000194631 3.42412e-05 4.72282e-06 4.51666e-07 2.62897e-08 8.40079e-10 1.16905e-11
 2.57012e-27 2.60663e-27 4.86196e-26 9.7165e-20 2.38188e-14 7.05794e-10 2.52804e-06 0.00109454 0.0572844 0.362397 0.277373 0.0410737 0.117761 0.10821 0.0174318 0.0125141 0.00376316 0.000846731 0.000207904 3.51144e-05 4.75681e-06 4.51273e-07 2.55619e-08 7.56546e-10 9.82544e-12
 2.57008e-27 2.6065e-27 4.84848e-26 9.68805e-20 2.37491e-14 7.03728e-10 2.52064e-06 0.00109134 0.0571167 0.361336 0.276566 0.0412817 0.119912 0.110153 0.0170323 0.0111151 0.00336182 0.000799478 0.000196017 3.18284e-05 4.1647e-06 3.82378e-07 2.13456e-08 6.1425e-10 7.43905e-12
 2.5694e-27 2.60465e-27 4.68487e-26 9.34291e-20 2.2903e-14 6.78657e-10 2.43084e-06 0.00105246 0.0550819 0.348463 0.266744 0.0417546 0.13041 0.119848 0.0188703 0.0128632 0.00384175 0.000826561 0.000202157 3.43345e-05 4.41856e-06 3.8897e-07 2.08967e-08 5.8847e-10 6.91376e-12
 2.57038e-27 2.60737e-27 4.92967e-26 9.85936e-20 2.4169e-14 7.16172e-10 2.56521e-06 0.00111064 0.0581267 0.367725 0.281435 0.0406585 0.111748 0.10271 0.0173658 0.0137487 0.0041507 0.000948218 0.000228524 3.57646e-05 4.66851e-06 4.16769e-07 2.1538e-08 5.81833e-10 6.65333e-12
#obs surv len freq
 1.63875e-41 2.27447e-33 3.8159e-26 7.73857e-20 1.89702e-14 5.62121e-10 2.01343e-06 0.000871745 0.0456236 0.288629 0.221135 0.0442918 0.164681 0.139974 0.0433557 0.035169 0.0114265 0.0038895 0.000836154 0.000108438 6.19314e-06 1.11672e-07 4.69751e-10 3.7101e-13 4.77426e-17
 1.90039e-41 2.63761e-33 4.42514e-26 8.97409e-20 2.19989e-14 6.51868e-10 2.33489e-06 0.00101092 0.0529078 0.33471 0.256334 0.0440453 0.132589 0.106686 0.0340927 0.0260877 0.00828832 0.00265748 0.000525609 5.96482e-05 2.8122e-06 3.97061e-08 1.25656e-10 7.25948e-14 6.714e-18
 1.93123e-41 2.68042e-33 4.49695e-26 9.11973e-20 2.23559e-14 6.62448e-10 2.37278e-06 0.00102733 0.0537665 0.340143 0.260565 0.047035 0.140498 0.105718 0.026856 0.0171671 0.00530484 0.00159703 0.000291064 2.87599e-05 1.11282e-06 1.22115e-08 2.89328e-11 1.22237e-14 8.14259e-19
 1.96744e-41 2.73068e-33 4.58129e-26 9.29076e-20 2.27752e-14 6.74871e-10 2.41728e-06 0.0010466 0.0547748 0.346521 0.2655 0.0487517 0.13886 0.0984012 0.0260516 0.0153429 0.00366932 0.00091295 0.000151524 1.30031e-05 4.1119e-07 3.49338e-09 6.17447e-12 1.903e-15 9.12778e-20
 1.76847e-41 2.45451e-33 4.11795e-26 8.35113e-20 2.04718e-14 6.06617e-10 2.1728e-06 0.000940749 0.0492351 0.311477 0.238932 0.0548917 0.175633 0.116797 0.0307012 0.0166599 0.00383713 0.000787803 9.80965e-05 6.97178e-06 1.79213e-07 1.17683e-09 1.55018e-12 3.48222e-16 1.20159e-20
 1.45918e-41 2.02525e-33 3.39777e-26 6.89061e-20 1.68915e-14 5.00527e-10 1.79281e-06 0.000776223 0.0406244 0.257004 0.19761 0.0625058 0.220511 0.139726 0.0482815 0.0261504 0.00564821 0.00104715 0.000106443 5.46168e-06 1.06266e-07 5.33899e-10 5.24213e-13 8.59157e-17 2.13444e-21
 2.08815e-41 2.89822e-33 4.86236e-26 9.86076e-20 2.41725e-14 7.16275e-10 2.56558e-06 0.00111081 0.0581353 0.367782 0.281882 0.0503338 0.11264 0.0692226 0.0342153 0.0188825 0.0048377 0.000874987 7.68143e-05 3.03349e-06 4.11913e-08 1.47223e-10 1.05565e-13 1.26015e-17 2.25775e-22
 1.98241e-41 2.75145e-33 4.61613e-26 9.36141e-20 2.29484e-14 6.80003e-10 2.43566e-06 0.00105456 0.0551913 0.349159 0.26801 0.0602698 0.152265 0.0820482 0.0194058 0.00899393 0.00295768 0.000588496 5.20965e-05 1.70685e-06 1.70056e-08 4.15242e-11 2.03929e-14 1.71213e-18 2.18758e-23
 2.01784e-41 2.80063e-33 4.69864e-26 9.52874e-20 2.33586e-14 6.92158e-10 2.4792e-06 0.00107341 0.0561778 0.355401 0.272898 0.0617604 0.144877 0.0743884 0.0228209 0.00874274 0.00153533 0.000293341 2.87085e-05 8.94714e-07 7.20102e-09 1.26694e-11 4.23995e-15 2.39842e-19 2.09331e-24
 1.72984e-41 2.4009e-33 4.02801e-26 8.16872e-20 2.00247e-14 5.93367e-10 2.12535e-06 0.000920201 0.0481597 0.304679 0.234805 0.0762218 0.199132 0.0952478 0.0283836 0.0103005 0.00189987 0.000231377 1.69525e-05 5.17732e-07 3.7478e-09 5.24624e-12 1.27695e-15 4.99681e-20 2.95363e-25
 2.02239e-41 2.80694e-33 4.70922e-26 9.5502e-20 2.34112e-14 6.93716e-10 2.48478e-06 0.00107582 0.0563043 0.356203 0.273888 0.0666492 0.139175 0.0660961 0.0287396 0.00995259 0.00171066 0.000192549 9.9656e-06 2.11202e-07 1.30033e-09 1.55077e-12 2.99522e-16 8.72423e-21 3.67156e-26
 1.85346e-41 2.57248e-33 4.31587e-26 8.75249e-20 2.14557e-14 6.35772e-10 2.27723e-06 0.000985962 0.0516013 0.326455 0.251944 0.081567 0.179793 0.0752045 0.0228361 0.00778641 0.0016445 0.000171679 7.52826e-06 1.12961e-07 4.67411e-10 4.22007e-13 6.52397e-17 1.49735e-21 4.7924e-27
 1.91827e-41 2.66243e-33 4.46678e-26 9.05855e-20 2.2206e-14 6.58003e-10 2.35686e-06 0.00102044 0.0534057 0.337872 0.260836 0.0811894 0.161671 0.0676469 0.0272629 0.00769675 0.00125321 0.000136814 5.72092e-06 6.87855e-08 2.00913e-10 1.20625e-13 1.29726e-17 2.20382e-22 5.36974e-28
 1.62576e-41 2.25645e-33 3.78567e-26 7.67725e-20 1.88199e-14 5.57668e-10 1.99747e-06 0.000864838 0.0452622 0.286363 0.222931 0.104176 0.216301 0.0833888 0.0303873 0.00871184 0.00148093 0.000125451 4.64183e-06 5.00706e-08 1.15421e-10 4.95375e-14 3.59873e-18 4.09884e-23 6.88421e-29
 1.47451e-41 2.04652e-33 3.43346e-26 6.96298e-20 1.70689e-14 5.05784e-10 1.81163e-06 0.000784375 0.0410511 0.259731 0.20352 0.113468 0.224956 0.0947173 0.0474006 0.0122806 0.00192758 0.000156896 4.68364e-06 4.04228e-08 7.72646e-11 2.60815e-14 1.39141e-18 1.10816e-23 1.26598e-29
 1.70885e-41 2.37177e-33 3.97914e-26 8.06962e-20 1.97817e-14 5.86168e-10 2.09956e-06 0.000909037 0.0475754 0.301007 0.234814 0.103139 0.177462 0.0773127 0.0426233 0.0127917 0.00220156 0.000158284 4.11951e-06 2.82643e-08 4.10069e-11 1.07076e-14 4.415e-19 2.64224e-24 2.19308e-30
 1.67943e-41 2.33094e-33 3.91063e-26 7.93068e-20 1.94411e-14 5.76076e-10 2.06341e-06 0.000893386 0.0467563 0.295839 0.232308 0.118575 0.191968 0.0707632 0.0312113 0.00969404 0.0018469 0.00013941 3.17705e-06 1.77259e-08 1.99178e-11 3.86342e-15 1.1755e-19 5.23892e-25 3.24686e-31
 1.70165e-41 2.36178e-33 3.96238e-26 8.03563e-20 1.96984e-14 5.837e-10 2.09072e-06 0.000905208 0.0473751 0.299766 0.236259 0.123721 0.184265 0.0691891 0.0299046 0.00727281 0.00124183 9.6053e-05 2.11085e-06 1.00312e-08 8.85542e-12 1.30245e-15 2.92925e-20 9.48729e-26 4.25296e-32
 1.65141e-41 2.29205e-33 3.84539e-26 7.79838e-20 1.91168e-14 5.66466e-10 2.02899e-06 0.000878482 0.0459764 0.290939 0.231187 0.135798 0.188915 0.0695511 0.0290089 0.00674268 0.000940215 6.03063e-05 1.21382e-06 5.14447e-09 3.76231e-12 4.30671e-16 7.27483e-21 1.73702e-26 5.66921e-33
 1.74635e-41 2.42383e-33 4.06647e-26 8.24672e-20 2.02159e-14 5.99033e-10 2.14564e-06 0.000928987 0.0486196 0.307676 0.244618 0.133785 0.168258 0.0636259 0.0260522 0.00568713 0.000709907 3.6319e-05 5.73633e-07 2.01877e-09 1.23195e-12 1.14019e-16 1.49945e-21 2.70276e-27 6.52293e-34
 1.71184e-41 2.37592e-33 3.98609e-26 8.08372e-20 1.98163e-14 5.87193e-10 2.10323e-06 0.000910626 0.0476587 0.301633 0.242308 0.147865 0.172531 0.0597833 0.0220904 0.00466838 0.000526329 2.24743e-05 2.71728e-07 7.16532e-10 3.3712e-13 2.45311e-17 2.53156e-22 3.53106e-28 6.47974e-35
 1.72063e-41 2.38812e-33 4.00657e-26 8.12525e-20 1.99181e-14 5.90209e-10 2.11403e-06 0.000915304 0.0479036 0.303218 0.245286 0.153332 0.165288 0.0592841 0.0205927 0.0037862 0.000378603 1.37494e-05 1.30871e-07 2.56572e-10 8.77917e-14 4.68398e-18 3.60405e-23 3.79147e-29 5.2655e-36
 1.72697e-41 2.39692e-33 4.02133e-26 8.15518e-20 1.99915e-14 5.92384e-10 2.12182e-06 0.000918676 0.0480802 0.304385 0.248437 0.160911 0.159796 0.0558153 0.0182395 0.00314312 0.000264826 7.88478e-06 5.97978e-08 8.91135e-11 2.23479e-14 8.56765e-19 4.7142e-24 3.56437e-30 3.58947e-37
 1.75007e-41 2.42898e-33 4.07512e-26 8.26426e-20 2.02589e-14 6.00307e-10 2.1502e-06 0.000930963 0.0487234 0.308511 0.253794 0.16557 0.151469 0.0524474 0.0158639 0.0025005 0.000183641 4.40138e-06 2.57956e-08 2.92344e-11 5.45951e-15 1.52661e-19 6.0345e-25 3.24852e-31 2.32075e-38
 1.6841e-41 2.33742e-33 3.9215e-26 7.95272e-20 1.94952e-14 5.77677e-10 2.06915e-06 0.000895869 0.046887 0.296993 0.24915 0.181228 0.155233 0.0526253 0.0147358 0.00211373 0.000133265 2.60124e-06 1.17368e-08 9.91836e-12 1.36635e-15 2.79966e-20 8.04269e-26 3.11956e-32 1.59399e-39
 1.5986e-41 2.21875e-33 3.72241e-26 7.54898e-20 1.85054e-14 5.4835e-10 1.9641e-06 0.000850388 0.044507 0.282068 0.24252 0.196405 0.159957 0.0567197 0.0149373 0.00192809 0.000103477 1.63071e-06 5.69022e-09 3.59756e-12 3.62835e-16 5.3884e-21 1.118e-26 3.12637e-33 1.14912e-40
 1.59405e-41 2.21244e-33 3.71183e-26 7.52751e-20 1.84528e-14 5.4679e-10 1.95851e-06 0.000847969 0.0443809 0.281396 0.245385 0.199821 0.154101 0.0574852 0.0147299 0.00176933 8.05181e-05 1.01602e-06 2.72859e-09 1.29276e-12 9.59243e-17 1.03435e-21 1.54478e-27 3.09461e-34 8.13164e-42
 1.64153e-41 2.27833e-33 3.82238e-26 7.7517e-20 1.90024e-14 5.63075e-10 2.01684e-06 0.000873225 0.0457033 0.289899 0.254819 0.19913 0.142761 0.0523204 0.0129526 0.00147981 5.86561e-05 5.95615e-07 1.22636e-09 4.34146e-13 2.36979e-17 1.86039e-22 2.00776e-28 2.88996e-35 5.43299e-43
 1.64162e-41 2.27847e-33 3.8226e-26 7.75216e-20 1.90035e-14 5.63109e-10 2.01696e-06 0.000873276 0.045706 0.289916 0.254842 0.199511 0.144166 0.0516093 0.0120681 0.00126183 4.40838e-05 3.82217e-07 6.5673e-10 1.91118e-13 8.49484e-18 5.39724e-23 4.69492e-29 5.43157e-36 8.19032e-44
#pred catch len freq
 2.56536e-27 2.59431e-27 3.84841e-26 7.57864e-20 1.85781e-14 5.50503e-10 1.97181e-06 0.000853718 0.0446805 0.282661 0.21643 0.037401 0.132626 0.122609 0.0318775 0.0422773 0.0196003 0.0170515 0.0114578 0.00938042 0.0078168 0.0070918 0.00740226 0.00671574 0.00206596
 2.56709e-27 2.59862e-27 4.17746e-26 8.27258e-20 2.02792e-14 6.0091e-10 2.15236e-06 0.000931889 0.0487717 0.308543 0.23625 0.0410164 0.146217 0.134742 0.0269831 0.0277607 0.0105781 0.00637658 0.00346495 0.00237033 0.00171075 0.00137581 0.00130151 0.00119762 0.00040554
 2.56813e-27 2.60138e-27 4.41283e-26 8.76909e-20 2.14964e-14 6.36976e-10 2.28154e-06 0.00098782 0.051699 0.327062 0.250392 0.0411274 0.137126 0.126322 0.0249987 0.0252692 0.00850376 0.00345336 0.00136172 0.000652527 0.000363414 0.000242501 0.000198436 0.000175567 6.19867e-05
 2.56787e-27 2.60067e-27 4.34723e-26 8.63068e-20 2.11571e-14 6.26922e-10 2.24553e-06 0.000972228 0.0508829 0.321899 0.246457 0.0415704 0.143262 0.131946 0.0253225 0.0245882 0.00824158 0.0032582 0.00103807 0.000321679 0.00011246 5.30804e-05 3.43584e-05 2.73704e-05 9.68199e-06
 2.56749e-27 2.59963e-27 4.25539e-26 8.43694e-20 2.06821e-14 6.12849e-10 2.19512e-06 0.000950403 0.0497407 0.314673 0.240944 0.0418433 0.149213 0.137445 0.0264344 0.0257339 0.00849806 0.00316145 0.000992254 0.000276968 6.22848e-05 1.63972e-05 6.80248e-06 4.38064e-06 1.48966e-06
 2.56585e-27 2.5952e-27 3.86617e-26 7.61585e-20 1.86693e-14 5.53206e-10 1.98149e-06 0.00085791 0.0448999 0.284049 0.217575 0.0427798 0.172758 0.159221 0.0311676 0.0310568 0.0102621 0.00381653 0.001167 0.000308971 6.39144e-05 1.08682e-05 2.14426e-06 8.73976e-07 2.6756e-07
 2.56725e-27 2.59905e-27 4.21063e-26 8.34255e-20 2.04508e-14 6.05992e-10 2.17056e-06 0.000939771 0.0491842 0.311153 0.238249 0.0413946 0.147691 0.136171 0.0285615 0.030919 0.0102714 0.00388833 0.00119068 0.000312055 6.14215e-05 9.36118e-06 1.06548e-06 1.80901e-07 4.21339e-08
 2.56955e-27 2.60521e-27 4.74916e-26 9.47858e-20 2.32356e-14 6.88512e-10 2.46614e-06 0.00106774 0.0558818 0.353523 0.270586 0.0403909 0.117334 0.108015 0.0210036 0.0207649 0.00711792 0.00305012 0.000951654 0.000253153 4.95869e-05 7.24018e-06 6.92504e-07 5.12779e-08 5.92145e-09
 2.5693e-27 2.60446e-27 4.67433e-26 9.3207e-20 2.28486e-14 6.77044e-10 2.42506e-06 0.00104996 0.054951 0.347635 0.266105 0.0413082 0.127463 0.117215 0.019969 0.0160645 0.00531536 0.00202247 0.000660355 0.0001943 3.8979e-05 5.69774e-06 5.1846e-07 2.73381e-08 1.17815e-09
 2.56816e-27 2.60137e-27 4.40118e-26 8.74446e-20 2.1436e-14 6.35187e-10 2.27513e-06 0.000985045 0.0515537 0.326143 0.249705 0.0420382 0.14454 0.133007 0.0233821 0.0198578 0.00622846 0.00182151 0.000547276 0.000149437 3.26781e-05 5.05823e-06 4.62155e-07 2.23508e-08 5.40873e-10
 2.56829e-27 2.60176e-27 4.43919e-26 8.82467e-20 2.16326e-14 6.41013e-10 2.296e-06 0.00099408 0.0520266 0.329134 0.251983 0.0416095 0.139678 0.128591 0.0238897 0.0221345 0.00703009 0.00217299 0.000596094 0.000128562 2.5291e-05 4.03422e-06 3.96201e-07 1.92203e-08 3.94853e-10
 2.56904e-27 2.60377e-27 4.61602e-26 9.1977e-20 2.2547e-14 6.68109e-10 2.39305e-06 0.0010361 0.0542258 0.343047 0.2626 0.0412045 0.129136 0.11883 0.0215364 0.0192305 0.00623855 0.00214698 0.00060767 0.000132911 2.15878e-05 2.89141e-06 2.82659e-07 1.46172e-08 2.97739e-10
 2.56897e-27 2.60357e-27 4.59496e-26 9.15325e-20 2.24381e-14 6.64881e-10 2.38149e-06 0.00103109 0.0539638 0.34139 0.261339 0.0415356 0.132541 0.121913 0.0210101 0.017247 0.00552932 0.00181455 0.000531257 0.000127682 2.13772e-05 2.5288e-06 2.0206e-07 1.01647e-08 2.17205e-10
 2.56828e-27 2.60169e-27 4.42943e-26 8.80405e-20 2.15821e-14 6.39516e-10 2.29064e-06 0.000991759 0.0519051 0.328366 0.251402 0.0419893 0.142976 0.131556 0.0229809 0.0193088 0.00607143 0.00179657 0.000510288 0.000119472 2.15046e-05 2.69376e-06 1.95503e-07 8.13385e-09 1.66727e-10
 2.56692e-27 2.59803e-27 4.10797e-26 8.12592e-20 1.99197e-14 5.90257e-10 2.1142e-06 0.000915368 0.0479071 0.303073 0.2321 0.0427065 0.161995 0.149161 0.0270871 0.0242485 0.00767084 0.00232849 0.00064005 0.000136683 2.36946e-05 3.07659e-06 2.37572e-07 9.08491e-09 1.57537e-10
 2.56739e-27 2.59934e-27 4.22843e-26 8.38007e-20 2.05427e-14 6.08718e-10 2.18032e-06 0.000943997 0.0494054 0.312552 0.239327 0.0420178 0.151676 0.13971 0.0267037 0.0257624 0.00826797 0.002688 0.000751175 0.00016189 2.61405e-05 3.17914e-06 2.49724e-07 1.00161e-08 1.60813e-10
 2.56849e-27 2.60228e-27 4.48302e-26 8.91713e-20 2.18593e-14 6.47729e-10 2.32006e-06 0.0010045 0.0525717 0.332583 0.254617 0.041686 0.138409 0.127364 0.0226469 0.0196177 0.00640014 0.00226626 0.000654414 0.000149595 2.45847e-05 2.86565e-06 2.09052e-07 8.42238e-09 1.39327e-10
 2.56856e-27 2.60245e-27 4.49558e-26 8.9436e-20 2.19242e-14 6.49652e-10 2.32694e-06 0.00100748 0.0527278 0.33357 0.255374 0.0418752 0.139317 0.128157 0.0219787 0.0178808 0.00567134 0.00176561 0.000519261 0.000128317 2.231e-05 2.69881e-06 1.91205e-07 7.20515e-09 1.18623e-10
 2.56892e-27 2.60341e-27 4.57952e-26 9.12069e-20 2.23583e-14 6.62516e-10 2.37302e-06 0.00102743 0.0537718 0.340175 0.260414 0.0416591 0.134132 0.123369 0.0210675 0.0170023 0.00531501 0.00152611 0.000423538 9.51452e-05 1.74175e-05 2.26379e-06 1.67911e-07 6.19536e-09 9.63969e-11
 2.56913e-27 2.60398e-27 4.629e-26 9.22506e-20 2.26141e-14 6.70097e-10 2.40017e-06 0.00103918 0.0543871 0.344068 0.263385 0.0415975 0.131575 0.12099 0.0202959 0.0158398 0.00494162 0.00140534 0.000379335 7.84015e-05 1.30683e-05 1.68529e-06 1.34773e-07 5.22005e-09 8.00156e-11
 2.5694e-27 2.60468e-27 4.6891e-26 9.35183e-20 2.29249e-14 6.79306e-10 2.43316e-06 0.00105346 0.0551345 0.348796 0.266996 0.0416211 0.129218 0.118769 0.0190791 0.0136196 0.00420346 0.00113201 0.000302364 6.13995e-05 9.59863e-06 1.12056e-06 8.65203e-08 3.56753e-09 5.73457e-11
 2.56939e-27 2.60464e-27 4.68588e-26 9.34504e-20 2.29082e-14 6.78812e-10 2.43139e-06 0.0010527 0.0550945 0.348543 0.266803 0.0416072 0.129248 0.118806 0.0192418 0.0139775 0.00425266 0.00104085 0.000269652 5.22508e-05 8.01618e-06 8.88246e-07 6.20595e-08 2.45162e-09 4.13294e-11
 2.56971e-27 2.60553e-27 4.76439e-26 9.51068e-20 2.33143e-14 6.90844e-10 2.47449e-06 0.00107136 0.056071 0.354721 0.271516 0.0413886 0.124273 0.11421 0.0183514 0.0131042 0.00399532 0.000992767 0.000250826 4.45488e-05 6.50758e-06 6.94922e-07 4.61172e-08 1.65848e-09 2.67672e-11
 2.56987e-27 2.60596e-27 4.8014e-26 9.58874e-20 2.35056e-14 6.96514e-10 2.4948e-06 0.00108015 0.0565312 0.357632 0.273739 0.0413392 0.122336 0.112409 0.0177776 0.0122481 0.00372142 0.000907682 0.000229675 4.09866e-05 5.63991e-06 5.58392e-07 3.52803e-08 1.19835e-09 1.77465e-11
 2.56972e-27 2.60552e-27 4.76142e-26 9.50439e-20 2.32989e-14 6.90387e-10 2.47285e-06 0.00107065 0.056034 0.354486 0.27134 0.041555 0.125663 0.115458 0.0179269 0.0118194 0.0035647 0.000830319 0.000207478 3.64669e-05 5.02838e-06 4.80828e-07 2.7986e-08 8.94275e-10 1.24446e-11
 2.56967e-27 2.60541e-27 4.75281e-26 9.48623e-20 2.32544e-14 6.89068e-10 2.46813e-06 0.0010686 0.0559269 0.353809 0.270821 0.0414623 0.125322 0.115172 0.0184055 0.0129816 0.00389962 0.000872707 0.000214025 3.61134e-05 4.8907e-06 4.63915e-07 2.62771e-08 7.77704e-10 1.01002e-11
 2.56958e-27 2.60513e-27 4.72614e-26 9.42998e-20 2.31164e-14 6.84982e-10 2.45349e-06 0.00106227 0.0555952 0.351711 0.269223 0.0417199 0.128405 0.117974 0.0181143 0.0116139 0.0035087 0.000829947 0.000203259 3.29727e-05 4.31312e-06 3.95954e-07 2.21026e-08 6.36025e-10 7.70275e-12
 2.56873e-27 2.60283e-27 4.52259e-26 9.00056e-20 2.20638e-14 6.5379e-10 2.34177e-06 0.00101389 0.0530636 0.335695 0.257003 0.0423209 0.141564 0.130122 0.0203536 0.0136595 0.00407562 0.000872328 0.000213092 3.61574e-05 4.65183e-06 4.09449e-07 2.19961e-08 6.19422e-10 7.27739e-12
 2.56716e-27 2.59862e-27 4.15505e-26 8.22522e-20 2.01631e-14 5.9747e-10 2.14004e-06 0.000926554 0.0484925 0.306777 0.234933 0.0429924 0.162181 0.149248 0.0255786 0.0207638 0.00626975 0.00142985 0.000344433 5.38649e-05 7.02944e-06 6.2746e-07 3.2425e-08 8.75927e-10 1.00163e-11
#obs catch len freq
 1.63597e-41 2.27062e-33 3.80943e-26 7.72545e-20 1.8938e-14 5.61169e-10 2.01002e-06 0.000870267 0.0455463 0.288139 0.220763 0.044327 0.165161 0.140356 0.0432355 0.035031 0.0115531 0.00400401 0.000885123 0.000119234 7.07564e-06 1.32425e-07 5.78448e-10 4.73524e-13 6.29454e-17
 1.64539e-41 2.2837e-33 3.83138e-26 7.76995e-20 1.90471e-14 5.64401e-10 2.02159e-06 0.00087528 0.0458087 0.289799 0.222093 0.0463842 0.168342 0.135533 0.0432567 0.033103 0.0105822 0.00343747 0.000697611 8.18147e-05 4.01252e-06 5.87741e-08 1.92189e-10 1.14471e-13 1.08912e-17
 1.91391e-41 2.65638e-33 4.45662e-26 9.03794e-20 2.21555e-14 6.56507e-10 2.3515e-06 0.00101812 0.0532842 0.337092 0.258212 0.0457991 0.13429 0.102111 0.0336734 0.0241818 0.00756294 0.00230082 0.000426875 4.3403e-05 1.73955e-06 1.97882e-08 4.84008e-11 2.10137e-14 1.43416e-18
 1.95001e-41 2.70649e-33 4.5407e-26 9.20844e-20 2.25734e-14 6.68892e-10 2.39586e-06 0.00103733 0.0542895 0.343451 0.263161 0.0489331 0.141132 0.0999378 0.0259896 0.0156867 0.004772 0.00135644 0.000230218 2.01865e-05 6.57275e-07 5.7651e-09 1.05022e-11 3.32371e-15 1.63075e-19
 1.99155e-41 2.76414e-33 4.63742e-26 9.4046e-20 2.30543e-14 6.8314e-10 2.4469e-06 0.00105942 0.0554459 0.350768 0.26882 0.0506725 0.138341 0.0920823 0.0249898 0.0137294 0.0032043 0.000759509 0.000116648 8.79669e-06 2.31724e-07 1.56156e-09 2.11164e-12 4.86074e-16 1.71421e-20
 1.8e-41 2.49827e-33 4.19137e-26 8.50002e-20 2.08368e-14 6.17433e-10 2.21154e-06 0.000957521 0.0501129 0.31703 0.243287 0.0574636 0.174381 0.108711 0.0292707 0.0147658 0.00330515 0.000634244 7.33052e-05 4.56323e-06 9.67981e-08 5.00473e-10 5.01991e-13 8.3981e-17 2.12712e-21
 1.49839e-41 2.07967e-33 3.48908e-26 7.07579e-20 1.73455e-14 5.13978e-10 1.84099e-06 0.000797083 0.0417162 0.263912 0.203056 0.0660765 0.219008 0.130347 0.0463351 0.02302 0.00482095 0.000829037 7.67691e-05 3.43787e-06 5.5118e-08 2.16778e-10 1.61348e-13 1.96399e-17 3.57564e-22
 2.12264e-41 2.94608e-33 4.94266e-26 1.00236e-19 2.45717e-14 7.28104e-10 2.60795e-06 0.00112915 0.0590954 0.373856 0.286614 0.0520505 0.109874 0.0638213 0.0324006 0.0163717 0.00406056 0.000669495 5.29268e-05 1.79556e-06 1.99965e-08 5.59181e-11 3.03159e-14 2.68108e-18 3.51448e-23
 2.02222e-41 2.80671e-33 4.70884e-26 9.54943e-20 2.34093e-14 6.93661e-10 2.48458e-06 0.00107574 0.0562998 0.356172 0.27351 0.0625175 0.147591 0.0741536 0.017871 0.00784102 0.00248253 0.000447365 3.4928e-05 9.67408e-07 7.817e-09 1.48823e-11 5.52492e-15 3.43309e-19 3.20482e-24
 2.06021e-41 2.85943e-33 4.79729e-26 9.7288e-20 2.3849e-14 7.0669e-10 2.53125e-06 0.00109594 0.0573573 0.362863 0.278753 0.0638933 0.139396 0.0669872 0.0208813 0.00727823 0.00125015 0.000222779 1.8915e-05 4.89036e-07 3.14517e-09 4.28382e-12 1.08151e-15 4.52768e-20 2.88626e-25
 1.78233e-41 2.47376e-33 4.15025e-26 8.41662e-20 2.06323e-14 6.11374e-10 2.18984e-06 0.000948126 0.0496211 0.313926 0.24213 0.0794769 0.191854 0.085847 0.0258941 0.00861027 0.0015106 0.000168034 1.10431e-05 2.7743e-07 1.58035e-09 1.69526e-12 3.09881e-16 8.96529e-21 3.87225e-26
 2.07057e-41 2.87381e-33 4.82142e-26 9.77774e-20 2.3969e-14 7.10245e-10 2.54398e-06 0.00110146 0.0576458 0.364691 0.280571 0.0687117 0.132304 0.0594576 0.0258967 0.00814655 0.00133024 0.000134534 6.09309e-06 1.08004e-07 5.22863e-10 4.73499e-13 6.82401e-17 1.46534e-21 4.50422e-27
 1.90743e-41 2.64739e-33 4.44155e-26 9.00737e-20 2.20805e-14 6.54286e-10 2.34355e-06 0.00101467 0.053104 0.335964 0.259521 0.0843963 0.170783 0.0669484 0.0204037 0.00646838 0.00127189 0.000117794 4.44682e-06 5.49078e-08 1.79538e-10 1.23279e-13 1.41598e-17 2.3862e-22 5.5666e-28
 1.97389e-41 2.73963e-33 4.5963e-26 9.3212e-20 2.28498e-14 6.77082e-10 2.4252e-06 0.00105003 0.0549542 0.347672 0.268642 0.0835961 0.15235 0.0604588 0.0240356 0.00618654 0.000956046 9.26398e-05 3.26189e-06 3.18097e-08 7.27271e-11 3.32028e-14 2.65514e-18 3.30482e-23 5.85133e-29
 1.68937e-41 2.34473e-33 3.93378e-26 7.97762e-20 1.95562e-14 5.79486e-10 2.07563e-06 0.000898674 0.047033 0.297572 0.232038 0.107983 0.20466 0.0747185 0.0268029 0.0070966 0.00110957 8.33577e-05 2.60899e-06 2.24938e-08 4.01333e-11 1.30273e-14 7.02958e-19 5.86745e-24 7.15302e-30
 1.54276e-41 2.14125e-33 3.59238e-26 7.28528e-20 1.7859e-14 5.29195e-10 1.89549e-06 0.000820682 0.0429513 0.27176 0.213403 0.117922 0.213269 0.0867727 0.0416445 0.0099139 0.00143693 0.000102094 2.54668e-06 1.75805e-08 2.58362e-11 6.55076e-15 2.58728e-19 1.50924e-24 1.2524e-30
 1.77657e-41 2.46575e-33 4.13682e-26 8.38938e-20 2.05656e-14 6.09396e-10 2.18276e-06 0.000945058 0.0494606 0.312941 0.244532 0.106072 0.166252 0.0706738 0.037078 0.0103449 0.00159739 9.97394e-05 2.14635e-06 1.16559e-08 1.29688e-11 2.5363e-15 7.71438e-20 3.3741e-25 2.03346e-31
 1.74837e-41 2.42662e-33 4.07116e-26 8.25624e-20 2.02392e-14 5.99724e-10 2.14811e-06 0.00093006 0.0486757 0.307993 0.242358 0.121501 0.178697 0.0636009 0.0269619 0.00785536 0.00133811 8.60047e-05 1.59817e-06 7.00462e-09 5.99643e-12 8.6835e-16 1.9452e-20 6.32197e-26 2.83943e-32
 1.77088e-41 2.45786e-33 4.12358e-26 8.36254e-20 2.04998e-14 6.07446e-10 2.17577e-06 0.000942034 0.0493024 0.311973 0.246439 0.126262 0.170786 0.0622569 0.0253222 0.00576254 0.000892379 5.84083e-05 1.03032e-06 3.79907e-09 2.53964e-12 2.77803e-16 4.58898e-21 1.08235e-26 3.51178e-33
 1.72274e-41 2.39106e-33 4.01149e-26 8.13523e-20 1.99426e-14 5.90934e-10 2.11663e-06 0.000916428 0.0479623 0.303522 0.241839 0.138248 0.17464 0.0625128 0.0244083 0.00525626 0.000656204 3.58875e-05 5.7697e-07 1.87745e-09 1.03114e-12 8.73756e-17 1.08129e-21 1.87715e-27 4.43013e-34
 1.81666e-41 2.52141e-33 4.23019e-26 8.57873e-20 2.10298e-14 6.2315e-10 2.23202e-06 0.000966389 0.0505771 0.320081 0.255135 0.13528 0.154514 0.056953 0.0216298 0.00435945 0.000480699 2.07356e-05 2.61843e-07 7.0542e-10 3.21356e-13 2.19033e-17 2.10329e-22 2.75144e-28 4.79683e-35
 1.78316e-41 2.47491e-33 4.15217e-26 8.42052e-20 2.06419e-14 6.11657e-10 2.19086e-06 0.000948565 0.0496444 0.314224 0.253186 0.148994 0.157794 0.0530864 0.018223 0.00353559 0.000348359 1.23829e-05 1.18752e-07 2.39339e-10 8.39031e-14 4.48118e-18 3.36543e-23 3.39824e-29 4.49783e-36
 1.79263e-41 2.48805e-33 4.17422e-26 8.46523e-20 2.07515e-14 6.14905e-10 2.20249e-06 0.000953603 0.0499081 0.315936 0.256382 0.153823 0.150741 0.0524561 0.0167289 0.00281659 0.000244778 7.31493e-06 5.472e-08 8.15779e-11 2.07579e-14 8.11669e-19 4.53535e-24 3.44553e-30 3.44354e-37
 1.79901e-41 2.4969e-33 4.18907e-26 8.49536e-20 2.08254e-14 6.17094e-10 2.21033e-06 0.000956996 0.0500859 0.31712 0.259701 0.16071 0.145197 0.0490704 0.0146942 0.00229208 0.000166371 4.05131e-06 2.39627e-08 2.70034e-11 5.02039e-15 1.40848e-19 5.62228e-25 3.06596e-31 2.21819e-38
 1.82152e-41 2.52814e-33 4.24149e-26 8.60165e-20 2.10859e-14 6.24815e-10 2.23798e-06 0.00096897 0.0507127 0.321153 0.265104 0.164588 0.137165 0.045772 0.0126292 0.00179062 0.000112032 2.17572e-06 9.89587e-09 8.44478e-12 1.16547e-15 2.38044e-20 6.81995e-26 2.64663e-32 1.35777e-39
 1.75728e-41 2.43899e-33 4.09191e-26 8.29832e-20 2.03423e-14 6.02781e-10 2.15906e-06 0.0009348 0.0489247 0.309963 0.261045 0.179726 0.140511 0.0456954 0.0116298 0.00148754 7.92013e-05 1.2411e-06 4.31783e-09 2.73799e-12 2.7808e-16 4.15422e-21 8.63895e-27 2.41397e-33 8.85524e-41
 1.67384e-41 2.32317e-33 3.8976e-26 7.90426e-20 1.93764e-14 5.74157e-10 2.05654e-06 0.000890411 0.0466021 0.295427 0.255113 0.194553 0.145222 0.0491118 0.0116839 0.0013334 5.9881e-05 7.51493e-07 2.00996e-09 9.49854e-13 7.04685e-17 7.6187e-22 1.14293e-27 2.30024e-34 6.06551e-42
 1.66963e-41 2.31734e-33 3.88782e-26 7.88442e-20 1.93277e-14 5.72716e-10 2.05137e-06 0.000888175 0.0464857 0.29484 0.258217 0.197332 0.140035 0.0495339 0.0114215 0.00119841 4.51879e-05 4.50612e-07 9.2266e-10 3.25608e-13 1.77322e-17 1.39005e-22 1.49968e-28 2.16071e-35 4.07067e-43
 1.70316e-41 2.36388e-33 3.96589e-26 8.04275e-20 1.97159e-14 5.84217e-10 2.09257e-06 0.000906011 0.0474191 0.30072 0.261632 0.192228 0.136815 0.0479895 0.011096 0.00115204 4.00902e-05 3.46792e-07 5.95039e-10 1.73015e-13 7.68579e-18 4.88126e-23 4.24485e-29 4.9098e-36 7.40226e-44
#spawning biomass
 6509.77 6321.34 7926.49 11752.3 15317.3 17006.4 15669.6 21331.6 34049.5 48246.8 59324.4 75036.5 97064.1 120261 127253 110509 93488.1 93680 95032.6 100516 95800.6 101038 105461 114740 118948 130711 117798 104349 105122 272364 378335 389713 359387 311466 261148 216272 179703 151556 130712 115692 105083 97696.3 92597.3 89084 86688.2 85100.2 84047.6 83349.9 82887.4 82580.9 82377.7 82243 82153.8 82094.6 82055.4 82029.4 82012.1 82000.7 81993.1 81988.1 81984.8 81982.6 81981.1 81980.1 81979.5 81979.1 81978.8 81978.6 81978.5 81978.4 81978.3 81978.3 81978.3 81978.3 81978.3 81978.3 81978.2 81978.2 81978.2 81978.2 81978.2 81978.2 81978.2 81978.2 81978.2 81978.2 81978.2 81978.2 81978.2 81978.2 81978.2 81978.2 81978.2 81978.2 81978.2 81978.2 81978.2 81978.2 81978.2 81978.2 81978.2 81978.2 81978.2 81978.2 81978.2 81978.2 81978.2 81978.2 81978.2 81978.2 81978.2 81978.2 81978.2 81978.2 81978.2 81978.2 81978.2 81978.2 81978.2 81978.2 81978.2 81978.2 81978.2 81978.2 81978.2 81978.2 81978.2 81978.2 81978.2 0 0 0 0 0 0 0 0 0 0 0 0 0 0 0 0 0 0 0 0 0 0 0 0 0
