SBPRF35
0.129205
Curr Bio
204143
B35
153983
F35
1.6437
FOFL
1.6437
OFL
116252
Bzero
36912.1
#pred survey bio
 17012.4 14285.5 15416.7 16153.7 18557.8 21829.2 24687.5 30235.4 40199.9 53874.2 66073.4 77398.5 105270 135042 137201 107858 95417.1 88684.4 87562.1 82181.2 80314.1 85875.8 92744 97427.7 96366.6 113410 108014 106296 113069 3.69946e+06 2.95295e+06 1.16358e+06 592148 400121 316109 273014 249638 236786 229718 225845 223731 222582 221959 221622 221439 221342 221291 221264 221249 221242 221238 221236 221234 221234 221234 221233 221233 221233 221233 221233 221233 221233 221233 221233 221233 221233 221233 221233 221233 221233 221233 221233 221233 221233 221233 221233 221233 221233 221233 221233 221233 221233 221233 221233 221233 221233 221233 221233 221233 221233 221233 221233 221233 221233 221233 221233 221233 221233 221233 221233 221233 221233 221233 221233 221233 221233 221233 221233 221233 221233 221233 221233 221233 221233 221233 221233 221233 221233 221233 221233 221233 221233 221233 221233 221233 221233 221233 221233 221233 0 0 0 0 0 0 0 0 0 0 0 0 0 0 0 0 0 0 0 0 0 0 0 0 0
#obs survey bio
 16359 12159.2 22358.2 19161.4 12723.5 22083.4 31010.7 33730.6 52323.4 59570.8 61623 81389.4 105494 94927.7 113439 118973 94311.6 90378.2 80897.5 72040.1 78768.9 122278 126292 73156.4 108926 90798.3 123477 86760.1 91676.6
#pred catch bio
 8484.62 6488.3 8142.86 8496.98 10645.2 13368 15272.8 19773 26232.9 36372.7 48776.7 57417.9 79970.7 103314 115938 94004.7 86283.9 76591.4 80020.8 78497.7 77136.9 82781.3 91105.5 103649 95042.4 118304 109882 107949 80040.9 116252 90287.7 20370.3 7986.89 6163.28 5921.21 5891.2 5887.66 5887.25 5887.21 5887.2 5887.2 5887.2 5887.2 5887.2 5887.2 5887.2 5887.2 5887.2 5887.2 5887.2 5887.2 5887.2 5887.2 5887.2 5887.2 5887.2 5887.2 5887.2 5887.2 5887.2 5887.2 5887.2 5887.2 5887.2 5887.2 5887.2 5887.2 5887.2 5887.2 5887.2 5887.2 5887.2 5887.2 5887.2 5887.2 5887.2 5887.2 5887.2 5887.2 5887.2 5887.2 5887.2 5887.2 5887.2 5887.2 5887.2 5887.2 5887.2 5887.2 5887.2 5887.2 5887.2 5887.2 5887.2 5887.2 5887.2 5887.2 5887.2 5887.2 5887.2 5887.2 5887.2 5887.2 5887.2 5887.2 5887.2 5887.2 5887.2 5887.2 5887.2 5887.2 5887.2 5887.2 5887.2 5887.2 5887.2 5887.2 5887.2 5887.2 5887.2 5887.2 5887.2 5887.2 5887.2 5887.2 5887.2 5887.2 5887.2 5887.2 0 0 0 0 0 0 0 0 0 0 0 0 0 0 0 0 0 0 0 0 0 0 0 0 0
#obs catch bio
 6851.76 6641.99 8346.84 8595.35 10889.5 13766.6 15491.2 19814.2 25614.5 35590.5 48705.5 56162.9 78258.6 103040 117320 95474.2 86047.3 74657.9 78721 77687.8 76703 81683.8 88549.9 102834 93207.2 116650 108109 107642 78976.8
#pred cpue bio
 17607.3 14257.3 15421.4 16202.9 18208.2 21628.2 24434 29125.4 38610.5 52402.1 64700.2 74034.2 98997 131989 138853 106937 92637.7 86735.7 85366.4 79295.8 76136.4 81078.5 87717.9 91873.6 88705.5 106729 102469 100308 104711 3.6741e+06 3.35509e+06 1.18144e+06 593790 401047 316995 273898 250522 237670 230602 226729 224615 223466 222843 222506 222323 222226 222175 222148 222133 222126 222122 222120 222118 222118 222117 222117 222117 222117 222117 222117 222117 222117 222117 222117 222117 222117 222117 222117 222117 222117 222117 222117 222117 222117 222117 222117 222117 222117 222117 222117 222117 222117 222117 222117 222117 222117 222117 222117 222117 222117 222117 222117 222117 222117 222117 222117 222117 222117 222117 222117 222117 222117 222117 222117 222117 222117 222117 222117 222117 222117 222117 222117 222117 222117 222117 222117 222117 222117 222117 222117 222117 222117 222117 222117 222117 222117 222117 222117 222117 0 0 0 0 0 0 0 0 0 0 0 0 0 0 0 0 0 0 0 0 0 0 0 0 0
#obs cpue bio
 10574.6 7906.09 7966.73 14753.8 14649.4 13044.6 20621.3 28956.6 53989.9 59346.4 58591.8 136704 106836 156662 150859 83511.4 95810.5 142240 111896 106433 77513.8 76521.8 107949 128235 103550 161658 118550 127642 163288
#pred surv len freq
 2.56013e-27 2.58003e-27 2.56968e-26 4.88099e-20 1.19651e-14 3.54549e-10 1.26993e-06 0.000549833 0.0287763 0.182047 0.139686 0.0426918 0.226808 0.209411 0.0454019 0.0512058 0.021305 0.0155009 0.00935489 0.00701556 0.00545395 0.00468862 0.0046864 0.00414897 0.00126601
 2.56264e-27 2.58713e-27 3.21839e-26 6.24957e-20 1.53201e-14 4.53961e-10 1.62601e-06 0.000704001 0.0368449 0.233091 0.178606 0.0391247 0.172321 0.159876 0.0503323 0.0747841 0.026337 0.0124796 0.00569189 0.00326455 0.00207273 0.00152472 0.0013495 0.00119495 0.000399589
 2.56314e-27 2.58826e-27 3.29247e-26 6.40575e-20 1.57029e-14 4.65306e-10 1.66665e-06 0.000721595 0.0377657 0.238916 0.183089 0.0413258 0.185921 0.171816 0.0413673 0.0515019 0.0218935 0.0157782 0.00561362 0.00207485 0.000908085 0.000511802 0.000374658 0.000311614 0.000107907
 2.56328e-27 2.58852e-27 3.30286e-26 6.42761e-20 1.57565e-14 4.66894e-10 1.67234e-06 0.000724057 0.0378946 0.239732 0.183727 0.0422927 0.192832 0.178098 0.0408399 0.0485176 0.0179168 0.00982935 0.00459026 0.00204831 0.000562431 0.0001944 0.000101574 7.26752e-05 2.49157e-05
 2.56475e-27 2.59247e-27 3.64793e-26 7.15556e-20 1.7541e-14 5.19771e-10 1.86173e-06 0.000806059 0.0421862 0.266882 0.204447 0.041539 0.172539 0.159362 0.0373608 0.0452606 0.0163262 0.00825068 0.00312164 0.00129095 0.000464322 0.000110505 3.10298e-05 1.60757e-05 5.16769e-06
 2.56455e-27 2.59175e-27 3.56812e-26 6.98713e-20 1.71281e-14 5.07536e-10 1.81791e-06 0.000787085 0.0411932 0.2606 0.199675 0.0431492 0.188145 0.17347 0.0345606 0.0352919 0.0128352 0.00665904 0.00241773 0.000863455 0.000261438 7.17994e-05 1.32153e-05 3.51821e-06 9.50367e-07
 2.56466e-27 2.59202e-27 3.58938e-26 7.03196e-20 1.7238e-14 5.10793e-10 1.82957e-06 0.000792136 0.0414575 0.262272 0.200953 0.0431859 0.187527 0.172922 0.0349033 0.0361531 0.0121983 0.00497024 0.00179967 0.000643687 0.000172175 4.01026e-05 7.3007e-06 1.01989e-06 1.75754e-07
 2.56621e-27 2.59622e-27 3.95801e-26 7.80962e-20 1.91443e-14 5.67281e-10 2.03191e-06 0.000879738 0.0460423 0.291276 0.223086 0.0423293 0.165457 0.15251 0.0304432 0.0311122 0.0105552 0.00435779 0.00139479 0.000416352 0.000110369 2.31099e-05 3.59688e-06 3.89948e-07 3.43687e-08
 2.5666e-27 2.59714e-27 4.02844e-26 7.95814e-20 1.95084e-14 5.78069e-10 2.07055e-06 0.000896468 0.0469179 0.296816 0.227328 0.0430962 0.168313 0.154931 0.0270034 0.0226333 0.00761734 0.00308717 0.000994242 0.000286373 6.26821e-05 1.20931e-05 1.68244e-06 1.50347e-07 8.16647e-09
 2.56598e-27 2.59544e-27 3.8763e-26 7.63719e-20 1.87216e-14 5.54756e-10 1.98704e-06 0.000860313 0.0450257 0.284845 0.218196 0.0436305 0.178795 0.164606 0.028756 0.024169 0.00768 0.00241475 0.000751501 0.000213746 4.58368e-05 7.57695e-06 9.20912e-07 7.13753e-08 2.90704e-09
 2.56559e-27 2.5944e-27 3.78547e-26 7.44559e-20 1.8252e-14 5.40838e-10 1.93719e-06 0.00083873 0.0438961 0.277699 0.212742 0.0437799 0.183764 0.16922 0.0301088 0.0260951 0.00830297 0.00260717 0.000733352 0.000169149 3.49325e-05 5.60961e-06 5.92139e-07 3.90928e-08 1.32234e-09
 2.56687e-27 2.59783e-27 4.08543e-26 8.07835e-20 1.98031e-14 5.86802e-10 2.10182e-06 0.00091001 0.0476266 0.301299 0.230753 0.0431795 0.166541 0.153258 0.0260269 0.0208013 0.00665788 0.00216811 0.000612651 0.000136455 2.33716e-05 3.33614e-06 3.35316e-07 1.91832e-08 5.44483e-10
 2.56774e-27 2.60016e-27 4.28722e-26 8.50404e-20 2.08466e-14 6.17723e-10 2.21258e-06 0.000957963 0.0501363 0.317176 0.242873 0.042952 0.156294 0.143721 0.0228713 0.0159927 0.00501054 0.00147943 0.00041865 9.6074e-05 1.61896e-05 2.0013e-06 1.71501e-07 9.0471e-09 2.21215e-10
 2.56599e-27 2.59534e-27 3.85541e-26 7.59307e-20 1.86135e-14 5.51551e-10 1.97556e-06 0.000855344 0.0447656 0.2832 0.216957 0.0447061 0.187851 0.172739 0.0261586 0.0161761 0.0049274 0.00124441 0.000333233 7.07637e-05 1.20857e-05 1.48994e-06 1.12553e-07 5.02425e-09 1.10102e-10
 2.56386e-27 2.58963e-27 3.35489e-26 6.53721e-20 1.60252e-14 4.74855e-10 1.70085e-06 0.000736403 0.0385407 0.243819 0.186903 0.0457293 0.216754 0.19953 0.0330686 0.0251851 0.00756009 0.00166612 0.000416318 7.65671e-05 1.20121e-05 1.43903e-06 1.0806e-07 4.28164e-09 7.96228e-11
 2.56505e-27 2.59287e-27 3.6432e-26 7.14542e-20 1.75161e-14 5.19034e-10 1.85909e-06 0.000804917 0.0421264 0.266504 0.204209 0.0447536 0.19717 0.181473 0.0301427 0.0230737 0.00716809 0.0019857 0.000495794 7.99281e-05 1.10373e-05 1.16561e-06 8.29819e-08 3.21315e-09 5.32381e-11
 2.56632e-27 2.59624e-27 3.93593e-26 7.76295e-20 1.90299e-14 5.63891e-10 2.01976e-06 0.00087448 0.0457671 0.289536 0.22179 0.044404 0.182156 0.167495 0.025427 0.0158326 0.00490218 0.00136815 0.000364358 7.07238e-05 9.25935e-06 8.41176e-07 5.1748e-08 1.86391e-09 2.96479e-11
 2.56607e-27 2.59551e-27 3.86481e-26 7.61289e-20 1.86621e-14 5.52991e-10 1.98072e-06 0.000857576 0.0448824 0.283939 0.217528 0.0451146 0.190559 0.175138 0.0247811 0.0124241 0.00369646 0.000818334 0.000210812 4.19537e-05 6.2761e-06 6.07854e-07 3.25083e-08 1.00052e-09 1.46007e-11
 2.56615e-27 2.59576e-27 3.89071e-26 7.66753e-20 1.8796e-14 5.5696e-10 1.99494e-06 0.000863732 0.0452046 0.285977 0.219077 0.0446908 0.186245 0.171245 0.0256923 0.0154751 0.0045091 0.000798481 0.000184543 3.00937e-05 4.41403e-06 4.68196e-07 2.75664e-08 7.65358e-10 9.53071e-12
 2.56673e-27 2.59732e-27 4.02584e-26 7.95259e-20 1.94948e-14 5.77666e-10 2.0691e-06 0.000895842 0.0468852 0.296609 0.227193 0.0445584 0.179535 0.164984 0.0233184 0.0116437 0.0034486 0.000733751 0.000167539 2.20322e-05 2.68541e-06 2.54031e-07 1.59065e-08 4.82514e-10 5.59489e-12
 2.5676e-27 2.59965e-27 4.23069e-26 8.38475e-20 2.05542e-14 6.09057e-10 2.18154e-06 0.000944524 0.049433 0.312727 0.239494 0.0441021 0.167421 0.153769 0.0206814 0.00844962 0.00243387 0.000427881 9.78369e-05 1.49146e-05 1.6583e-06 1.24202e-07 6.65136e-09 2.06835e-10 2.57898e-12
 2.5678e-27 2.60019e-27 4.27692e-26 8.48226e-20 2.07932e-14 6.1614e-10 2.20691e-06 0.000955508 0.0500079 0.316364 0.24227 0.0440479 0.165058 0.15157 0.0199503 0.0073343 0.00206855 0.000300411 6.27412e-05 8.16331e-06 9.56182e-07 7.39334e-08 3.20072e-09 8.29265e-11 1.02674e-12
 2.56773e-27 2.59999e-27 4.25941e-26 8.44532e-20 2.07027e-14 6.13458e-10 2.1973e-06 0.000951348 0.0497901 0.314986 0.241219 0.0441436 0.166524 0.152913 0.0200134 0.00713925 0.00199648 0.000263602 5.16701e-05 5.59701e-06 5.66683e-07 4.09815e-08 1.85078e-09 4.08704e-11 4.18536e-13
 2.56787e-27 2.60037e-27 4.292e-26 8.51406e-20 2.08712e-14 6.18451e-10 2.21519e-06 0.000959091 0.0501954 0.31755 0.243176 0.0440762 0.164637 0.151164 0.0195672 0.0065622 0.00182699 0.000234751 4.49329e-05 4.42614e-06 3.95555e-07 2.35476e-08 9.5008e-10 2.10209e-11 1.9099e-13
 2.56889e-27 2.60312e-27 4.53527e-26 9.02726e-20 2.21292e-14 6.55729e-10 2.34871e-06 0.0010169 0.053221 0.336691 0.257781 0.0433917 0.149167 0.136875 0.0168007 0.0038525 0.00104792 0.000127341 2.38065e-05 2.27887e-06 1.93052e-07 1.01085e-08 3.36995e-10 6.43845e-12 5.63973e-14
 2.56798e-27 2.60065e-27 4.31599e-26 8.56467e-20 2.09952e-14 6.22127e-10 2.22835e-06 0.000964792 0.0504937 0.319437 0.244618 0.0440978 0.163788 0.150359 0.0190326 0.00554434 0.00150185 0.000135937 2.20568e-05 1.99879e-06 1.63924e-07 8.19016e-09 2.4436e-10 3.87368e-12 2.87824e-14
 2.56766e-27 2.59976e-27 4.23575e-26 8.3954e-20 2.05803e-14 6.09831e-10 2.18431e-06 0.000945724 0.0494958 0.313124 0.239803 0.0444888 0.170146 0.15619 0.0193954 0.00490571 0.00133229 0.000144207 2.46731e-05 1.70579e-06 1.19433e-07 5.63304e-09 1.6045e-10 2.30349e-12 1.43528e-14
 2.56786e-27 2.60033e-27 4.28751e-26 8.5046e-20 2.0848e-14 6.17763e-10 2.21272e-06 0.000958025 0.0501396 0.317197 0.242908 0.0441902 0.165692 0.152115 0.0193132 0.0057426 0.00156283 0.000151844 2.52064e-05 2.03764e-06 1.40271e-07 5.06672e-09 1.2849e-10 1.74178e-12 9.91584e-15
 2.56863e-27 2.60243e-27 4.47491e-26 8.89994e-20 2.18171e-14 6.46481e-10 2.31559e-06 0.00100256 0.0524704 0.331942 0.254156 0.0434963 0.152508 0.139979 0.0177093 0.00514142 0.00140781 0.000155083 2.69336e-05 1.98246e-06 1.37578e-07 5.53219e-09 1.19116e-10 1.32798e-12 6.97767e-15
#obs surv len freq
 1.24789e-41 1.73199e-33 2.90577e-26 5.89285e-20 1.44456e-14 4.2805e-10 1.53321e-06 0.000663826 0.034742 0.219789 0.168562 0.0417794 0.170599 0.142794 0.089184 0.0843278 0.0330198 0.0118627 0.00239447 0.000268124 1.22406e-05 1.6691e-07 5.1405e-10 2.917e-13 2.66818e-17
 1.5618e-41 2.16768e-33 3.63674e-26 7.37523e-20 1.80795e-14 5.35729e-10 1.91889e-06 0.000830815 0.0434815 0.275077 0.210814 0.0427004 0.142163 0.113264 0.0739872 0.0643946 0.0240129 0.00776139 0.00137578 0.000130214 4.82541e-06 5.09064e-08 1.16636e-10 4.80271e-14 3.14119e-18
 1.29234e-41 1.79369e-33 3.00928e-26 6.10277e-20 1.49602e-14 4.43298e-10 1.58782e-06 0.000687472 0.0359796 0.227619 0.174815 0.0517674 0.204111 0.150039 0.0732324 0.0553165 0.0197454 0.0057312 0.000883559 6.90995e-05 2.029e-06 1.63728e-08 2.78448e-11 8.32442e-15 3.89798e-19
 1.55795e-41 2.16233e-33 3.62776e-26 7.35703e-20 1.80349e-14 5.34407e-10 1.91416e-06 0.000828765 0.0433743 0.274399 0.210468 0.0473769 0.149706 0.109567 0.0848492 0.0596346 0.0155985 0.00367351 0.000490414 3.13693e-05 7.15482e-07 4.33318e-09 5.41686e-12 1.17302e-15 3.93563e-20
 1.53924e-41 2.13636e-33 3.5842e-26 7.26868e-20 1.78183e-14 5.27989e-10 1.89117e-06 0.000818812 0.0428533 0.271105 0.208192 0.0552423 0.179593 0.118513 0.0640769 0.0419447 0.0143934 0.00296953 0.000281663 1.40429e-05 2.46391e-07 1.10421e-09 1.00042e-12 1.55487e-16 3.72319e-21
 1.34702e-41 1.86958e-33 3.13661e-26 6.36098e-20 1.55932e-14 4.62055e-10 1.65501e-06 0.00071656 0.0375019 0.237251 0.182591 0.0612248 0.20554 0.131193 0.0835743 0.0468006 0.0111995 0.00219305 0.000205157 7.34352e-06 9.11558e-08 2.97073e-10 1.93245e-13 2.13381e-17 3.61495e-22
 1.56466e-41 2.17165e-33 3.6434e-26 7.38873e-20 1.81126e-14 5.3671e-10 1.92241e-06 0.000832336 0.0435611 0.275584 0.211831 0.0580611 0.16548 0.104972 0.0833524 0.0440225 0.0105939 0.00159096 0.000113542 3.56225e-06 3.2523e-08 7.1876e-11 3.24857e-14 2.52215e-18 3.00205e-23
 1.73117e-41 2.40274e-33 4.0311e-26 8.17499e-20 2.004e-14 5.93823e-10 2.12698e-06 0.000920907 0.0481966 0.30491 0.234429 0.0628182 0.163417 0.0927734 0.0565295 0.0276702 0.00725729 0.00101677 5.84511e-05 1.3228e-06 9.33982e-09 1.51736e-11 4.6625e-15 2.44315e-19 1.99767e-24
 1.65591e-41 2.2983e-33 3.85587e-26 7.81962e-20 1.91689e-14 5.68009e-10 2.03452e-06 0.000880875 0.0461015 0.291658 0.224712 0.0712251 0.184701 0.0980193 0.0552776 0.022398 0.00442857 0.000564694 3.05145e-05 5.48343e-07 2.73978e-09 3.18718e-12 7.07729e-16 2.58571e-20 1.43248e-25
 1.5333e-41 2.12812e-33 3.57036e-26 7.24062e-20 1.77495e-14 5.25951e-10 1.88387e-06 0.000815651 0.042688 0.270065 0.208665 0.0784931 0.199647 0.104745 0.0666839 0.0239009 0.00390937 0.000369831 1.54163e-05 2.36051e-07 9.26578e-10 7.64358e-13 1.17257e-16 3.00224e-21 1.17091e-26
 1.46357e-41 2.03134e-33 3.40799e-26 6.91133e-20 1.69423e-14 5.02031e-10 1.79819e-06 0.000778556 0.0407465 0.257786 0.199728 0.0842377 0.20409 0.107589 0.0753849 0.0252526 0.00407896 0.000316023 9.42433e-06 1.02371e-07 3.07725e-10 1.94684e-13 2.16169e-17 3.83825e-22 1.0279e-27
 1.88015e-41 2.60952e-33 4.37801e-26 8.87853e-20 2.17647e-14 6.44927e-10 2.31002e-06 0.00100016 0.0523444 0.331156 0.255366 0.0729449 0.140772 0.0738824 0.052991 0.0166696 0.00267823 0.000188072 4.66909e-06 3.60585e-08 7.31581e-11 3.26595e-14 2.66017e-18 3.45308e-23 6.59202e-29
 1.57258e-41 2.18264e-33 3.66183e-26 7.42613e-20 1.82043e-14 5.39426e-10 1.93214e-06 0.000836548 0.0437816 0.276997 0.215706 0.102196 0.213495 0.0900183 0.0428262 0.0121586 0.00186146 0.000119267 2.63287e-06 1.64649e-08 2.41528e-11 7.24181e-15 3.95963e-19 3.56433e-24 4.84303e-30
 1.27093e-41 1.76397e-33 2.95943e-26 6.00166e-20 1.47124e-14 4.35954e-10 1.56152e-06 0.000676083 0.0353835 0.223877 0.176249 0.113789 0.233606 0.119465 0.0780475 0.017059 0.00175054 9.43538e-05 1.82716e-06 9.6414e-09 1.12534e-11 2.49345e-15 9.45171e-20 5.70678e-25 5.19564e-31
 1.14425e-41 1.58815e-33 2.66445e-26 5.40344e-20 1.32459e-14 3.925e-10 1.40587e-06 0.000608694 0.0318567 0.201574 0.159972 0.117266 0.22715 0.135709 0.098718 0.0241931 0.00284066 0.000110051 1.4804e-06 6.19881e-09 5.81934e-12 1.00629e-15 2.86366e-20 1.24702e-25 7.91311e-32
 1.55739e-41 2.16155e-33 3.62645e-26 7.35436e-20 1.80283e-14 5.34213e-10 1.91346e-06 0.000828464 0.0433585 0.274336 0.214841 0.100683 0.165304 0.10442 0.0742856 0.0193646 0.00247382 0.000100985 1.17186e-06 3.35608e-09 2.21995e-12 2.88754e-16 6.24989e-21 2.04388e-26 9.56241e-33
 1.40904e-41 1.95566e-33 3.28102e-26 6.65385e-20 1.63111e-14 4.83328e-10 1.7312e-06 0.000749551 0.0392286 0.248238 0.197923 0.135705 0.214711 0.0970794 0.0516286 0.0130314 0.00163402 6.82206e-05 7.90033e-07 2.01273e-09 9.92677e-13 8.79546e-17 1.32101e-21 3.11525e-27 1.07047e-33
 1.46237e-41 2.02967e-33 3.40519e-26 6.90567e-20 1.69284e-14 5.0162e-10 1.79672e-06 0.000777919 0.0407132 0.257641 0.205487 0.130458 0.190667 0.107233 0.0564893 0.0096119 0.000886192 3.33839e-05 3.61395e-07 8.53452e-10 3.69072e-13 2.61587e-17 2.85779e-22 4.64084e-28 1.09074e-34
 1.44013e-41 1.9988e-33 3.3534e-26 6.80063e-20 1.66709e-14 4.93991e-10 1.76939e-06 0.000766087 0.040094 0.253753 0.204559 0.144242 0.19555 0.10181 0.0493811 0.00911072 0.000714027 1.80897e-05 1.5038e-07 3.02001e-10 1.12367e-13 6.73265e-18 6.00223e-23 7.58678e-29 1.32001e-35
 1.55931e-41 2.16422e-33 3.63093e-26 7.36345e-20 1.80506e-14 5.34873e-10 1.91583e-06 0.000829488 0.0434123 0.274764 0.221313 0.141356 0.174939 0.0947537 0.0415563 0.00659528 0.000469191 1.05047e-05 6.25516e-08 8.70428e-11 2.45322e-14 1.17076e-18 8.39372e-24 8.4768e-30 1.16181e-36
 1.50719e-41 2.09187e-33 3.50955e-26 7.1173e-20 1.74472e-14 5.16993e-10 1.85179e-06 0.000801759 0.0419612 0.265637 0.21753 0.160592 0.184702 0.0892272 0.0342422 0.00499844 0.000300388 5.56013e-06 2.73735e-08 2.86478e-11 5.56359e-15 1.84229e-19 9.60691e-25 7.30951e-31 7.66656e-38
 1.55133e-41 2.15314e-33 3.61234e-26 7.32575e-20 1.79582e-14 5.32135e-10 1.90602e-06 0.000825241 0.0431902 0.273451 0.224917 0.160389 0.172644 0.0897162 0.0309297 0.00374534 0.000187266 2.85274e-06 1.10693e-08 9.01997e-12 1.32894e-15 3.16633e-20 1.14087e-25 5.96441e-32 4.37843e-39
 1.55854e-41 2.16316e-33 3.62914e-26 7.35983e-20 1.80418e-14 5.3461e-10 1.91489e-06 0.000829081 0.0433913 0.274792 0.228899 0.17087 0.170079 0.0824377 0.0256768 0.00290208 0.000119917 1.41753e-06 4.25166e-09 2.63845e-12 2.91487e-16 5.16914e-21 1.36899e-26 5.14682e-33 2.65476e-40
 1.59645e-41 2.21577e-33 3.71741e-26 7.53883e-20 1.84806e-14 5.47613e-10 1.96146e-06 0.000849244 0.0444468 0.281541 0.236433 0.174331 0.161938 0.0772622 0.0210888 0.00203662 7.15186e-05 6.91731e-07 1.57553e-09 7.21557e-13 5.86762e-17 7.62985e-22 1.47438e-27 4.03233e-34 1.50849e-41
 1.58662e-41 2.20213e-33 3.69452e-26 7.49241e-20 1.83668e-14 5.44241e-10 1.94938e-06 0.000844016 0.0441735 0.279921 0.238944 0.184309 0.160072 0.0724858 0.0176864 0.00151741 4.39445e-05 3.40064e-07 6.07539e-10 2.09985e-13 1.24445e-17 1.16335e-22 1.61447e-28 3.17423e-35 8.5351e-43
 1.37279e-41 1.90535e-33 3.19662e-26 6.48267e-20 1.58915e-14 4.70895e-10 1.68667e-06 0.00073027 0.0382212 0.242493 0.218771 0.216813 0.183142 0.0810631 0.0174446 0.00128896 3.10588e-05 1.9255e-07 2.64552e-10 6.89922e-14 3.04279e-18 2.07935e-23 2.07466e-29 2.90389e-36 5.54098e-44
 1.3992e-41 1.94199e-33 3.25809e-26 6.60735e-20 1.61971e-14 4.79951e-10 1.71911e-06 0.000744314 0.0389567 0.247244 0.223347 0.205091 0.176868 0.0889091 0.0176698 0.00114583 2.26993e-05 1.11691e-07 1.18463e-10 2.32353e-14 7.5635e-19 3.77901e-24 2.74112e-30 2.77204e-37 3.7942e-45
 1.46589e-41 2.03456e-33 3.41339e-26 6.92229e-20 1.69692e-14 5.02827e-10 1.80105e-06 0.000779792 0.0408134 0.258979 0.231826 0.203051 0.169191 0.0783452 0.0159299 0.00106361 1.94098e-05 8.26393e-08 7.34705e-11 1.18972e-14 3.16805e-19 1.28472e-24 7.51595e-31 6.10787e-38 6.70737e-46
 1.4659e-41 2.03458e-33 3.41342e-26 6.92236e-20 1.69693e-14 5.02832e-10 1.80106e-06 0.000779799 0.0408138 0.258981 0.231829 0.203056 0.169277 0.0785182 0.015731 0.000995537 1.68632e-05 6.52489e-08 5.18654e-11 7.42823e-15 1.73625e-19 6.14964e-25 3.13105e-31 2.20859e-38 2.10115e-46
#pred catch len freq
 2.5583e-27 2.57498e-27 2.11576e-26 3.92338e-20 9.61769e-15 2.8499e-10 1.02078e-06 0.000441961 0.0231306 0.146332 0.112446 0.0446843 0.261109 0.240937 0.0486883 0.0507509 0.0209533 0.015057 0.00906905 0.0067953 0.00528179 0.00454047 0.0045383 0.00401786 0.001226
 2.56047e-27 2.58122e-27 2.69309e-26 5.1414e-20 1.26035e-14 3.73465e-10 1.33769e-06 0.000579168 0.0303115 0.19176 0.147074 0.0409003 0.207987 0.192739 0.0552404 0.0777059 0.0272318 0.0127206 0.00578874 0.00331647 0.00210525 0.00154859 0.00137062 0.00121365 0.000405842
 2.56124e-27 2.58305e-27 2.82707e-26 5.42393e-20 1.32961e-14 3.93988e-10 1.4112e-06 0.000610995 0.0319773 0.202297 0.155156 0.0431345 0.21931 0.202533 0.0451032 0.0522847 0.0220537 0.0157032 0.00557885 0.00205919 0.000900981 0.000507772 0.000371706 0.000309158 0.000107057
 2.56133e-27 2.58317e-27 2.82446e-26 5.41836e-20 1.32825e-14 3.93583e-10 1.40975e-06 0.000610367 0.0319444 0.20209 0.155014 0.044161 0.227222 0.209734 0.0446381 0.0492117 0.0180641 0.00977499 0.00455544 0.00203072 0.000557474 0.000192671 0.00010067 7.20281e-05 2.46938e-05
 2.56304e-27 2.58777e-27 3.22798e-26 6.26961e-20 1.53692e-14 4.55417e-10 1.63123e-06 0.000706259 0.036963 0.233839 0.179242 0.0431902 0.202813 0.187209 0.0406646 0.0457811 0.0164212 0.00818368 0.00309026 0.00127634 0.000458958 0.000109223 3.06691e-05 1.58888e-05 5.10763e-06
 2.56298e-27 2.58743e-27 3.17969e-26 6.16768e-20 1.51193e-14 4.48012e-10 1.60471e-06 0.000694776 0.0363621 0.230037 0.176364 0.0447723 0.216875 0.199878 0.0373541 0.035009 0.0126545 0.00647515 0.00234659 0.000836965 0.000253349 6.95731e-05 1.28054e-05 3.40907e-06 9.20886e-07
 2.56311e-27 2.58777e-27 3.20787e-26 6.22712e-20 1.5265e-14 4.5233e-10 1.62017e-06 0.000701472 0.0367125 0.232254 0.178057 0.0447836 0.215772 0.198882 0.0376148 0.0357971 0.0120184 0.00482576 0.00174346 0.000622789 0.000166542 3.87874e-05 7.06118e-06 9.86425e-07 1.69987e-07
 2.56491e-27 2.59262e-27 3.63463e-26 7.12739e-20 1.74719e-14 5.17725e-10 1.8544e-06 0.000802885 0.0420201 0.265831 0.203679 0.0437014 0.189534 0.174636 0.0326905 0.0306631 0.0103501 0.00421136 0.00134518 0.000400971 0.00010626 2.22478e-05 3.46265e-06 3.75396e-07 3.30861e-08
 2.56525e-27 2.59342e-27 3.694e-26 7.25259e-20 1.77789e-14 5.26819e-10 1.88698e-06 0.00081699 0.0427583 0.270501 0.207257 0.0444905 0.193026 0.177645 0.0293847 0.0223431 0.00747863 0.00298699 0.00095998 0.000276118 6.04195e-05 1.16555e-05 1.62153e-06 1.44904e-07 7.87082e-09
 2.56472e-27 2.59196e-27 3.56333e-26 6.97694e-20 1.71031e-14 5.06796e-10 1.81526e-06 0.000785938 0.0411331 0.26022 0.199414 0.0449762 0.202232 0.186138 0.030853 0.0235282 0.00744251 0.00230504 0.000715541 0.00020323 4.35687e-05 7.20137e-06 8.75247e-07 6.78358e-08 2.76288e-09
 2.56469e-27 2.5919e-27 3.55937e-26 6.96859e-20 1.70827e-14 5.0619e-10 1.81309e-06 0.000784997 0.0410839 0.259909 0.199175 0.0448715 0.201604 0.185587 0.031273 0.0246264 0.00780066 0.00241283 0.000677077 0.00015593 3.21912e-05 5.16891e-06 5.4561e-07 3.60208e-08 1.21843e-09
 2.56601e-27 2.59546e-27 3.87143e-26 7.6269e-20 1.86964e-14 5.54009e-10 1.98437e-06 0.000859155 0.0449651 0.284462 0.217912 0.0441805 0.18318 0.168529 0.0272246 0.0196852 0.00627039 0.0020115 0.000567089 0.000126116 2.15933e-05 3.08195e-06 3.0976e-07 1.77212e-08 5.02984e-10
 2.567e-27 2.5981e-27 4.10116e-26 8.11152e-20 1.98844e-14 5.8921e-10 2.11045e-06 0.000913746 0.0478221 0.302536 0.231708 0.0438186 0.170734 0.156974 0.0239153 0.0150354 0.00468762 0.00136331 0.000384812 8.8176e-05 1.48538e-05 1.83596e-06 1.57328e-07 8.29943e-09 2.02933e-10
 2.56519e-27 2.59312e-27 3.65431e-26 7.16883e-20 1.75735e-14 5.20735e-10 1.86518e-06 0.000807554 0.0422644 0.267377 0.20489 0.0456463 0.203485 0.187086 0.0272651 0.0150861 0.00457304 0.00113751 0.000303738 6.44005e-05 1.0995e-05 1.35533e-06 1.02381e-07 4.57019e-09 1.00151e-10
 2.56359e-27 2.58882e-27 3.27936e-26 6.37786e-20 1.56346e-14 4.6328e-10 1.65939e-06 0.000718453 0.0376012 0.237876 0.182375 0.0463483 0.224645 0.206719 0.0326611 0.0224447 0.00671139 0.00145687 0.000362887 6.6634e-05 1.04496e-05 1.2517e-06 9.39902e-08 3.72414e-09 6.92554e-11
 2.56497e-27 2.59259e-27 3.615e-26 7.08593e-20 1.73703e-14 5.14713e-10 1.84362e-06 0.000798215 0.0417757 0.264285 0.202521 0.0451927 0.201696 0.185567 0.0293762 0.0202916 0.00627577 0.00171239 0.000426496 6.86464e-05 9.47529e-06 1.00052e-06 7.12268e-08 2.75797e-09 4.56962e-11
 2.56641e-27 2.59645e-27 3.95159e-26 7.79596e-20 1.91109e-14 5.66289e-10 2.02835e-06 0.000878199 0.0459617 0.290767 0.222733 0.044593 0.182932 0.168156 0.0245551 0.0136754 0.00421254 0.00115799 0.000307598 5.96142e-05 7.80206e-06 7.08689e-07 4.35963e-08 1.57029e-09 2.49774e-11
 2.56585e-27 2.59489e-27 3.80734e-26 7.49164e-20 1.83648e-14 5.44183e-10 1.94917e-06 0.000843917 0.0441676 0.279417 0.214081 0.0455096 0.195986 0.180094 0.0247053 0.0110031 0.00325606 0.000710003 0.000182322 3.62271e-05 5.41745e-06 5.2463e-07 2.80566e-08 8.63505e-10 1.26012e-11
 2.56629e-27 2.59611e-27 3.91956e-26 7.7284e-20 1.89452e-14 5.61381e-10 2.01077e-06 0.000870588 0.0455634 0.288247 0.220813 0.0448191 0.186002 0.17097 0.0247051 0.0132936 0.00385721 0.000672981 0.000154945 2.5226e-05 3.69842e-06 3.92244e-07 2.30939e-08 6.41179e-10 7.98435e-12
 2.56711e-27 2.59832e-27 4.11357e-26 8.13767e-20 1.99485e-14 5.9111e-10 2.11726e-06 0.000916691 0.0479763 0.303512 0.232462 0.0444184 0.174768 0.160556 0.0220012 0.00975417 0.00287357 0.000602244 0.000137087 1.79984e-05 2.19261e-06 2.07384e-07 1.29852e-08 3.93899e-10 4.56736e-12
 2.56796e-27 2.60062e-27 4.31571e-26 8.5641e-20 2.09939e-14 6.22085e-10 2.22821e-06 0.000964728 0.0504904 0.319416 0.244598 0.0439143 0.162405 0.149124 0.0195593 0.00706058 0.00202171 0.000350187 7.97662e-05 1.21402e-05 1.34924e-06 1.01039e-07 5.41072e-09 1.68254e-10 2.09792e-12
 2.56817e-27 2.60117e-27 4.36359e-26 8.6651e-20 2.12414e-14 6.29422e-10 2.25448e-06 0.000976105 0.0510858 0.323183 0.247474 0.0438324 0.159762 0.146671 0.0188763 0.00611883 0.00171502 0.000245517 5.10452e-05 6.63057e-06 7.76251e-07 6.00123e-08 2.59796e-09 6.73092e-11 8.3338e-13
 2.56821e-27 2.60128e-27 4.37323e-26 8.68542e-20 2.12913e-14 6.30898e-10 2.25977e-06 0.000978395 0.0512056 0.323941 0.248052 0.0438218 0.159275 0.146218 0.0187244 0.00588608 0.00163572 0.00021296 4.15394e-05 4.49229e-06 4.54561e-07 3.28677e-08 1.4843e-09 3.27772e-11 3.35656e-13
 2.56882e-27 2.60296e-27 4.52289e-26 9.00116e-20 2.20653e-14 6.53833e-10 2.34192e-06 0.00101396 0.0530671 0.335717 0.257036 0.043302 0.149007 0.136759 0.0173436 0.00511898 0.00141572 0.000179389 3.4165e-05 3.36003e-06 3.00088e-07 1.78613e-08 7.2062e-10 1.59439e-11 1.44861e-13
 2.56931e-27 2.60427e-27 4.63751e-26 9.24296e-20 2.2658e-14 6.71397e-10 2.40483e-06 0.0010412 0.0544927 0.344736 0.263918 0.0430526 0.142274 0.130522 0.0158035 0.00317835 0.000856264 0.000102633 1.90861e-05 1.82408e-06 1.54425e-07 8.08451e-09 2.69506e-10 5.14898e-12 4.51022e-14
 2.56879e-27 2.60286e-27 4.51252e-26 8.97928e-20 2.20116e-14 6.52244e-10 2.33623e-06 0.0010115 0.0529381 0.334901 0.256415 0.0434288 0.150408 0.13803 0.0171662 0.0043933 0.00118145 0.000105644 1.70205e-05 1.53985e-06 1.262e-07 6.30421e-09 1.88082e-10 2.9815e-12 2.21532e-14
 2.56833e-27 2.60159e-27 4.39794e-26 8.73756e-20 2.14191e-14 6.34685e-10 2.27334e-06 0.000984268 0.051513 0.325886 0.249539 0.0439364 0.159102 0.146013 0.0178585 0.00396354 0.0010672 0.000114001 1.93914e-05 1.33867e-06 9.36462e-08 4.41592e-09 1.25775e-10 1.80567e-12 1.12509e-14
 2.56852e-27 2.60211e-27 4.44603e-26 8.83901e-20 2.16678e-14 6.42054e-10 2.29973e-06 0.000995696 0.0521111 0.329669 0.252424 0.0436701 0.155049 0.142302 0.0177447 0.00463696 0.00125292 0.00012021 1.98244e-05 1.60005e-06 1.10066e-07 3.97493e-09 1.00796e-10 1.36635e-12 7.77848e-15
 2.56757e-27 2.59953e-27 4.21475e-26 8.3511e-20 2.04717e-14 6.06614e-10 2.17279e-06 0.000940734 0.0492346 0.311472 0.238543 0.044563 0.171596 0.157525 0.0195856 0.00500304 0.00135981 0.000147821 2.55252e-05 1.87597e-06 1.30082e-07 5.22974e-09 1.12598e-10 1.25529e-12 6.59568e-15
#obs catch len freq
 6.01728e-42 8.35159e-34 1.40115e-26 2.84151e-20 6.96562e-15 2.06404e-10 7.39306e-07 0.000320094 0.0167525 0.105982 0.0816947 0.0424141 0.226895 0.191547 0.131386 0.126995 0.0519893 0.019422 0.00410194 0.000476638 2.26993e-05 3.238e-07 1.04099e-09 6.14152e-13 5.81499e-17
 6.86357e-42 9.52619e-34 1.59822e-26 3.24115e-20 7.9453e-15 2.35434e-10 8.43285e-07 0.000365113 0.0191086 0.120888 0.0931906 0.0462789 0.230426 0.184938 0.12869 0.113817 0.0442589 0.0149309 0.00281553 0.000281458 1.0906e-05 1.1983e-07 2.85416e-10 1.21762e-13 8.21988e-18
 1.03539e-41 1.43705e-33 2.41095e-26 4.88935e-20 1.19857e-14 3.55157e-10 1.27211e-06 0.000550782 0.0288257 0.182361 0.1402 0.0482405 0.202306 0.154357 0.109958 0.0888444 0.0327285 0.00986486 0.00162155 0.000135904 4.23526e-06 3.57192e-08 6.29644e-11 1.94329e-14 9.36473e-19
 8.82544e-42 1.22491e-33 2.05505e-26 4.16759e-20 1.02164e-14 3.02729e-10 1.08433e-06 0.000469476 0.0245705 0.155443 0.11998 0.0601329 0.262493 0.183159 0.0956288 0.0672368 0.0235843 0.00633877 0.000898526 6.1678e-05 1.5107e-06 9.67991e-09 1.26054e-11 2.81647e-15 9.70166e-20
 1.21083e-41 1.68056e-33 2.81948e-26 5.71785e-20 1.40166e-14 4.15339e-10 1.48768e-06 0.000644112 0.0337103 0.213263 0.16403 0.054021 0.193998 0.136175 0.110798 0.0708363 0.0180526 0.00396039 0.000482032 2.68027e-05 5.05808e-07 2.41848e-09 2.30577e-12 3.72199e-16 9.17189e-21
 1.28159e-41 1.77876e-33 2.98424e-26 6.05199e-20 1.48357e-14 4.3961e-10 1.57461e-06 0.000681752 0.0356802 0.225727 0.17386 0.0635434 0.219928 0.137637 0.0774144 0.0468666 0.0155153 0.00288437 0.000249583 1.07828e-05 1.55275e-07 5.46372e-10 3.76256e-13 4.34958e-17 7.6385e-22
 1.1691e-41 1.62263e-33 2.7223e-26 5.52077e-20 1.35335e-14 4.01023e-10 1.4364e-06 0.000621911 0.0325484 0.205915 0.159018 0.0695268 0.235433 0.143067 0.0933233 0.047427 0.0109792 0.00197005 0.000162886 4.98675e-06 5.07899e-08 1.29458e-10 6.38142e-14 5.23146e-18 6.4922e-23
 1.45442e-41 2.01864e-33 3.38668e-26 6.86812e-20 1.68364e-14 4.98893e-10 1.78695e-06 0.000773689 0.0404918 0.256168 0.197316 0.0646143 0.184379 0.112282 0.0897074 0.0429812 0.00986516 0.00133259 8.51575e-05 2.25293e-06 1.66252e-08 2.86987e-11 9.82024e-15 5.6529e-19 4.92426e-24
 1.67526e-41 2.32515e-33 3.90092e-26 7.91099e-20 1.93929e-14 5.74646e-10 2.05829e-06 0.000891167 0.0466402 0.295065 0.227232 0.0688898 0.175384 0.0947416 0.0579106 0.0259674 0.00643403 0.000801044 4.04319e-05 7.71724e-07 4.38564e-09 5.51678e-12 1.28064e-15 4.97512e-20 2.97569e-25
 1.64296e-41 2.28032e-33 3.82571e-26 7.75847e-20 1.9019e-14 5.63567e-10 2.01861e-06 0.000873986 0.045741 0.289379 0.223334 0.0770867 0.190169 0.0959017 0.0536824 0.0196998 0.00368977 0.000420887 1.96533e-05 2.92992e-07 1.17266e-09 1.05496e-12 1.76407e-16 4.77184e-21 1.93453e-26
 1.55718e-41 2.16127e-33 3.62598e-26 7.35341e-20 1.8026e-14 5.34144e-10 1.91322e-06 0.000828356 0.0433529 0.274274 0.212281 0.0839836 0.199434 0.100122 0.0622857 0.0200935 0.00307521 0.000258162 9.35904e-06 1.18007e-07 3.6657e-10 2.32658e-13 2.68487e-17 5.08436e-22 1.45008e-27
 1.51617e-41 2.10435e-33 3.53048e-26 7.15974e-20 1.75513e-14 5.20076e-10 1.86283e-06 0.00080654 0.0422111 0.267055 0.207242 0.0892439 0.199583 0.101463 0.0684049 0.0206896 0.00308561 0.000208818 5.36326e-06 4.80405e-08 1.14091e-10 5.51993e-14 4.59362e-18 6.02696e-23 1.17993e-28
 1.9271e-41 2.67469e-33 4.48735e-26 9.10026e-20 2.23082e-14 6.61033e-10 2.36771e-06 0.00102514 0.0536517 0.339429 0.262016 0.0761492 0.135837 0.0691652 0.0471677 0.0134577 0.00197611 0.000120327 2.53039e-06 1.59426e-08 2.55315e-11 8.71687e-15 5.30944e-19 5.08193e-24 7.08832e-30
 1.62634e-41 2.25726e-33 3.78702e-26 7.68e-20 1.88266e-14 5.57867e-10 1.99819e-06 0.000865146 0.0452783 0.286471 0.223547 0.107173 0.205279 0.0825068 0.0376924 0.0097549 0.00135325 7.48847e-05 1.38529e-06 6.98503e-09 8.01894e-12 1.83477e-15 7.50217e-20 4.97513e-25 4.93125e-31
 1.33417e-41 1.85174e-33 3.10669e-26 6.30029e-20 1.54444e-14 4.57647e-10 1.63922e-06 0.000709724 0.0371442 0.235024 0.185582 0.120146 0.225891 0.112698 0.0681818 0.013313 0.00124849 5.83002e-05 9.39098e-07 3.96377e-09 3.592e-12 6.04117e-16 1.70927e-20 7.60411e-26 5.05064e-32
 1.21495e-41 1.68627e-33 2.82907e-26 5.7373e-20 1.40643e-14 4.16752e-10 1.49274e-06 0.000646303 0.033825 0.214037 0.170446 0.124006 0.220082 0.129712 0.0860765 0.0191241 0.00197718 6.52354e-05 7.34918e-07 2.45748e-09 1.78116e-12 2.32644e-16 4.92564e-21 1.57848e-26 7.31063e-33
 1.63429e-41 2.26829e-33 3.80553e-26 7.71754e-20 1.89186e-14 5.60594e-10 2.00796e-06 0.000869375 0.0454997 0.287892 0.225913 0.104518 0.157135 0.0980552 0.0633134 0.0150656 0.0016793 5.77689e-05 5.47079e-07 1.24572e-09 6.37042e-13 6.24376e-17 1.00232e-21 2.40669e-27 8.20852e-34
 1.48806e-41 2.06533e-33 3.46502e-26 7.02699e-20 1.72258e-14 5.10433e-10 1.82829e-06 0.000791585 0.0414285 0.262173 0.209675 0.140256 0.202079 0.0888775 0.0435405 0.0100433 0.00109571 3.84074e-05 3.58759e-07 7.15815e-10 2.70521e-13 1.80425e-17 2.00824e-22 3.46975e-28 8.67283e-35
 1.5455e-41 2.14505e-33 3.59876e-26 7.29821e-20 1.78907e-14 5.30134e-10 1.89885e-06 0.000822139 0.0430276 0.272302 0.217796 0.134203 0.179253 0.0985112 0.0463554 0.00712978 0.000580559 1.8356e-05 1.59427e-07 2.92424e-10 9.60434e-14 5.09261e-18 4.11544e-23 4.89756e-29 8.3691e-36
 1.52643e-41 2.11858e-33 3.55436e-26 7.20817e-20 1.767e-14 5.23594e-10 1.87543e-06 0.000811996 0.0424968 0.268979 0.217503 0.147573 0.182665 0.0925121 0.0403196 0.0066788 0.000448181 9.54144e-06 6.39806e-08 9.94368e-11 2.794e-14 1.24543e-18 8.17869e-24 7.5613e-30 9.56916e-37
 1.64743e-41 2.28652e-33 3.83612e-26 7.77957e-20 1.90707e-14 5.651e-10 2.0241e-06 0.000876363 0.0458656 0.290313 0.234457 0.143268 0.162063 0.0849564 0.0331848 0.0047207 0.000287287 5.30431e-06 2.52094e-08 2.72066e-11 5.78588e-15 2.04666e-19 1.07658e-24 7.92516e-31 7.88154e-38
 1.59674e-41 2.21617e-33 3.71808e-26 7.5402e-20 1.84839e-14 5.47712e-10 1.96181e-06 0.000849398 0.0444545 0.281451 0.231173 0.162028 0.170207 0.0790875 0.0270542 0.00351212 0.000179056 2.7247e-06 1.06128e-08 8.53923e-12 1.24908e-15 3.06461e-20 1.16982e-25 6.46674e-32 4.90596e-39
 1.64297e-41 2.28034e-33 3.82574e-26 7.75852e-20 1.90191e-14 5.63571e-10 2.01862e-06 0.000873992 0.0457418 0.28964 0.238877 0.160856 0.158678 0.0787008 0.0239538 0.00256654 0.000108447 1.34755e-06 4.1158e-09 2.56715e-12 2.83604e-16 4.99658e-21 1.31784e-26 5.00332e-33 2.6515e-40
 1.65098e-41 2.29145e-33 3.84438e-26 7.79633e-20 1.91118e-14 5.66317e-10 2.02846e-06 0.000878251 0.0459649 0.291134 0.243145 0.170351 0.155407 0.0714472 0.0196569 0.00194547 6.72243e-05 6.45208e-07 1.51636e-09 7.17312e-13 5.92461e-17 7.74989e-22 1.49998e-27 4.09469e-34 1.52616e-41
 1.68872e-41 2.34384e-33 3.93228e-26 7.97458e-20 1.95487e-14 5.79265e-10 2.07483e-06 0.000898331 0.047016 0.297868 0.250737 0.172795 0.147358 0.0660972 0.0158548 0.00133412 3.89616e-05 3.03149e-07 5.38026e-10 1.87279e-13 1.13566e-17 1.08701e-22 1.53258e-28 3.03924e-35 8.20734e-43
 1.67951e-41 2.33105e-33 3.91083e-26 7.93108e-20 1.94421e-14 5.76105e-10 2.06351e-06 0.000893431 0.04676 0.296378 0.253542 0.181858 0.14513 0.061322 0.0131188 0.00097176 2.32433e-05 1.43943e-07 1.99272e-10 5.21271e-14 2.29863e-18 1.57941e-23 1.59695e-29 2.27371e-36 4.40861e-44
 1.4682e-41 2.03776e-33 3.41877e-26 6.9332e-20 1.69959e-14 5.0362e-10 1.80389e-06 0.000781021 0.0408779 0.259444 0.234625 0.214767 0.167339 0.0684702 0.0128634 0.000815025 1.61172e-05 7.94226e-08 8.41729e-11 1.65574e-14 5.41922e-19 2.71779e-24 1.97432e-30 2.00026e-37 2.75053e-45
 1.49718e-41 2.07798e-33 3.48625e-26 7.07004e-20 1.73314e-14 5.13561e-10 1.83949e-06 0.000796437 0.0416844 0.26446 0.234764 0.197035 0.167182 0.0787243 0.0144899 0.000847484 1.47297e-05 6.21205e-08 5.53415e-11 8.98917e-15 2.3984e-19 9.75197e-25 5.72746e-31 4.67336e-38 5.14803e-46
 1.55891e-41 2.16366e-33 3.62999e-26 7.36154e-20 1.8046e-14 5.34735e-10 1.91533e-06 0.000829273 0.043403 0.27532 0.242552 0.19426 0.157775 0.0709532 0.0140141 0.000876649 1.47392e-05 5.67027e-08 4.4887e-11 6.4104e-15 1.49529e-19 5.28835e-25 2.68953e-31 1.89552e-38 1.80208e-46
#spawning biomass
 22806.4 20491.3 22713.9 24095.6 28848.4 34041 38681.6 49586.9 67132.8 88430.8 107167 130608 183051 223265 212975 172889 159234 147401 145576 139316 140068 150834 162590 171604 175601 200603 189283 187309 204143 259506 143492 35262.3 16159.5 13346.4 12972.9 12926.7 12921.2 12920.6 12920.5 12920.5 12920.5 12920.5 12920.5 12920.5 12920.5 12920.5 12920.5 12920.5 12920.5 12920.5 12920.5 12920.5 12920.5 12920.5 12920.5 12920.5 12920.5 12920.5 12920.5 12920.5 12920.5 12920.5 12920.5 12920.5 12920.5 12920.5 12920.5 12920.5 12920.5 12920.5 12920.5 12920.5 12920.5 12920.5 12920.5 12920.5 12920.5 12920.5 12920.5 12920.5 12920.5 12920.5 12920.5 12920.5 12920.5 12920.5 12920.5 12920.5 12920.5 12920.5 12920.5 12920.5 12920.5 12920.5 12920.5 12920.5 12920.5 12920.5 12920.5 12920.5 12920.5 12920.5 12920.5 12920.5 12920.5 12920.5 12920.5 12920.5 12920.5 12920.5 12920.5 12920.5 12920.5 12920.5 12920.5 12920.5 12920.5 12920.5 12920.5 12920.5 12920.5 12920.5 12920.5 12920.5 12920.5 12920.5 12920.5 12920.5 12920.5 0 0 0 0 0 0 0 0 0 0 0 0 0 0 0 0 0 0 0 0 0 0 0 0 0
