SBPRF35
0.146022
Curr Bio
264053
B35
366588
F35
1.50746
FOFL
1.11437
OFL
52605.2
Bzero
41705.2
#pred survey bio
 30394.4 27299.2 20542.1 21595.7 32563.8 55688.2 84962.5 116471 145357 176562 191674 221112 210904 254414 269438 251872 249439 222779 227884 253577 294500 339566 369581 331624 353158 356690 333288 338959 1.22716e+07 8.63486e+06 3.09452e+06 1.40704e+06 865550 646784 538086 478044 443550 423508 411846 405073 401151 398887 397581 396819 396390 396148 396012 395934 395890 395866 395851 395843 395839 395836 395835 395834 395834 395833 395833 395833 395833 395833 395833 395833 395833 395833 395833 395833 395833 395833 395833 395833 395833 395833 395833 395833 395833 395833 395833 395833 395833 395833 395833 395833 395833 395833 395833 395833 395833 395833 395833 395833 395833 395833 395833 395833 395833 395833 395833 395833 395833 395833 395833 395833 395833 395833 395833 395833 395833 395833 395833 395833 395833 395833 395833 395833 395833 395833 395833 395833 395833 395833 395833 395833 395833 395833 395833 395833 0 0 0 0 0 0 0 0 0 0 0 0 0 0 0 0 0 0 0 0 0 0 0 0 0
#obs survey bio
 28197.1 19566.6 11014.1 24601.5 36045.2 63330.1 91243.7 93963.7 154605 164297 200557 134122 171404 265786 247039 199762 149659 206072 171437 187187 203015 295768 253972 246993 248632 256207 217786 261385
#pred catch bio
 18151.7 17070.7 13104 8107.49 16651.6 28423 52303.4 83265.4 104895 135710 144855 184337 165120 203147 226110 213593 214669 186345 185166 202812 226391 225760 267464 227596 247491 255503 237559 207697 52605.2 250603 59038.1 16168.5 8325.62 7040.52 6844.57 6816.13 6812.15 6811.6 6811.53 6811.52 6811.52 6811.52 6811.52 6811.52 6811.52 6811.52 6811.52 6811.52 6811.52 6811.52 6811.52 6811.52 6811.52 6811.52 6811.52 6811.52 6811.52 6811.52 6811.52 6811.52 6811.52 6811.52 6811.52 6811.52 6811.52 6811.52 6811.52 6811.52 6811.52 6811.52 6811.52 6811.52 6811.52 6811.52 6811.52 6811.52 6811.52 6811.52 6811.52 6811.52 6811.52 6811.52 6811.52 6811.52 6811.52 6811.52 6811.52 6811.52 6811.52 6811.52 6811.52 6811.52 6811.52 6811.52 6811.52 6811.52 6811.52 6811.52 6811.52 6811.52 6811.52 6811.52 6811.52 6811.52 6811.52 6811.52 6811.52 6811.52 6811.52 6811.52 6811.52 6811.52 6811.52 6811.52 6811.52 6811.52 6811.52 6811.52 6811.52 6811.52 6811.52 6811.52 6811.52 6811.52 6811.52 6811.52 6811.52 6811.52 0 0 0 0 0 0 0 0 0 0 0 0 0 0 0 0 0 0 0 0 0 0 0 0 0
#obs catch bio
 18092.9 18071.3 16264.8 8412.02 11056.1 23496.8 41979.1 71822.8 84364.5 117456 122128 166425 138397 169890 198428 198605 213964 154735 171355 179773 211058 180959 232000 189939 221059 222449 218679 174763
#pred cpue bio
 23902.4 21965.2 18362.4 10930.3 11240.9 22598.2 31910.3 51403.8 65324.7 83235 92279 102596 87383.8 105968 117764 103992 94745.5 86794.3 77605 86355.4 91962 105141 114700 100683 96388.4 94139.7 79120.7 80881.8 3.23829e+06 8.50622e+06 2.97638e+06 1.2882e+06 746695 527929 419231 359188 324695 304653 292991 286218 282296 280032 278725 277964 277535 277293 277156 277079 277035 277010 276996 276988 276983 276981 276979 276979 276978 276978 276978 276978 276978 276978 276978 276978 276978 276978 276978 276978 276978 276978 276978 276978 276978 276978 276978 276978 276978 276978 276978 276978 276978 276978 276978 276978 276978 276978 276978 276978 276978 276978 276978 276978 276978 276978 276978 276978 276978 276978 276978 276978 276978 276978 276978 276978 276978 276978 276978 276978 276978 276978 276978 276978 276978 276978 276978 276978 276978 276978 276978 276978 276978 276978 276978 276978 276978 276978 276978 276978 0 0 0 0 0 0 0 0 0 0 0 0 0 0 0 0 0 0 0 0 0 0 0 0 0
#obs cpue bio
 36985.2 23451.5 8508.99 19209.8 35728.7 49002.7 69789.9 105002 161731 140971 193849 253853 205752 217106 213456 170986 157393 207782 132318 188755 172464 308937 290003 268497 215208 232350 162976 210140
#pred surv len freq
 1.18217e-11 1.28313e-09 8.21202e-08 3.09896e-06 6.8956e-05 0.000904747 0.00700059 0.031964 0.0863919 0.140407 0.147545 0.12747 0.120219 0.108077 0.0784152 0.0510873 0.0331908 0.0211903 0.0136804 0.00932483 0.00688904 0.0056097 0.00477815 0.00365555 0.00212677
 9.95324e-12 1.08033e-09 6.91409e-08 2.60917e-06 5.80577e-05 0.000761774 0.00589506 0.0269337 0.0730351 0.120625 0.135728 0.13966 0.154585 0.142077 0.0929491 0.0485382 0.0252482 0.0139773 0.00791224 0.00453514 0.00272841 0.00182985 0.00136449 0.000986089 0.000569534
 6.07347e-12 6.59217e-10 4.21898e-08 1.59212e-06 3.54273e-05 0.00046487 0.00359856 0.0164675 0.0450126 0.0772242 0.100137 0.134322 0.177909 0.175795 0.123416 0.0715163 0.0386843 0.0188994 0.00852475 0.0039216 0.00190478 0.000997306 0.000591237 0.000372692 0.000203922
 1.85436e-11 2.01272e-09 1.28814e-07 4.86104e-06 0.000108164 0.00141914 0.0109793 0.050095 0.134911 0.215352 0.208051 0.133771 0.0767859 0.0532262 0.0408826 0.0312638 0.0214113 0.0120664 0.00573161 0.00239337 0.000920894 0.000358666 0.000155349 7.61347e-05 3.64124e-05
 2.01526e-11 2.18737e-09 1.39992e-07 5.28284e-06 0.00011755 0.00154229 0.011932 0.0544433 0.146637 0.234195 0.226821 0.147088 0.0844323 0.052204 0.0270813 0.00957288 0.00250991 0.000776605 0.000364936 0.000174052 6.92365e-05 2.33881e-05 7.38715e-06 2.49183e-06 9.09676e-07
 1.90396e-11 2.06657e-09 1.3226e-07 4.99108e-06 0.000111058 0.00145712 0.0112733 0.0514429 0.138628 0.221981 0.217732 0.148639 0.0957837 0.0648244 0.0341485 0.0114053 0.00228051 0.000269681 1.8816e-05 7.74346e-07 1.88499e-08 2.91799e-10 9.12579e-12 1.77928e-12 4.41734e-13
 1.95678e-11 2.1239e-09 1.35929e-07 5.12955e-06 0.000114139 0.00149754 0.0115859 0.052867 0.142431 0.227798 0.222145 0.148181 0.0908338 0.0591752 0.0307967 0.0102585 0.00205016 0.000242444 1.69221e-05 6.97334e-07 1.70152e-08 2.48422e-10 2.24809e-12 1.39322e-14 7.27407e-17
 1.83869e-11 1.99573e-09 1.27726e-07 4.81999e-06 0.000107251 0.00140717 0.010887 0.0496833 0.133927 0.214792 0.212279 0.149205 0.1019 0.0718045 0.0382901 0.0128225 0.00256522 0.000303379 2.11667e-05 8.7086e-07 2.11277e-08 3.02226e-10 2.5492e-12 1.26792e-14 3.71879e-17
 1.82338e-11 1.97911e-09 1.26662e-07 4.77985e-06 0.000106358 0.00139545 0.0107964 0.0492704 0.132825 0.213106 0.210999 0.149337 0.103335 0.0734421 0.0392617 0.013155 0.00263202 0.000311286 2.17184e-05 8.93561e-07 2.16784e-08 3.10103e-10 2.61561e-12 1.30089e-14 3.81488e-17
 1.78061e-11 1.93268e-09 1.23691e-07 4.66773e-06 0.000103863 0.00136272 0.0105433 0.0481173 0.129745 0.208395 0.207426 0.149708 0.107343 0.0780163 0.0419758 0.0140837 0.00281861 0.000333371 2.32595e-05 9.5697e-07 2.32167e-08 3.32109e-10 2.80121e-12 1.39321e-14 4.0856e-17
 1.76066e-11 1.91102e-09 1.22305e-07 4.61542e-06 0.000102699 0.00134745 0.0104252 0.0475793 0.128308 0.206197 0.205758 0.149881 0.109213 0.0801505 0.043242 0.0145169 0.00290566 0.000343675 2.39785e-05 9.86553e-07 2.39344e-08 3.42376e-10 2.88781e-12 1.43627e-14 4.21188e-17
 1.7952e-11 1.94851e-09 1.24704e-07 4.70596e-06 0.000104713 0.00137388 0.0106296 0.0485105 0.130795 0.210001 0.208644 0.149582 0.105976 0.0764566 0.0410503 0.013767 0.00275499 0.00032584 2.2734e-05 9.35349e-07 2.26922e-08 3.24605e-10 2.73792e-12 1.36173e-14 3.99328e-17
 1.88862e-11 2.04991e-09 1.31194e-07 4.95085e-06 0.000110163 0.00144537 0.0111825 0.0510292 0.137523 0.22029 0.21645 0.148772 0.0972217 0.0664655 0.0351222 0.0117385 0.00234744 0.000277601 1.93679e-05 7.9685e-07 1.93321e-08 2.7654e-10 2.33251e-12 1.16009e-14 3.40198e-17
 1.88465e-11 2.0456e-09 1.30918e-07 4.94045e-06 0.000109931 0.00144234 0.011159 0.0509222 0.137237 0.219853 0.216118 0.148806 0.0975937 0.06689 0.0353741 0.0118247 0.00236476 0.000279651 1.95109e-05 8.02735e-07 1.94749e-08 2.78582e-10 2.34974e-12 1.16866e-14 3.4271e-17
 1.84672e-11 2.00444e-09 1.28284e-07 4.84104e-06 0.000107719 0.00141332 0.0109346 0.0498998 0.134506 0.215677 0.21295 0.149135 0.101147 0.0709457 0.0377805 0.0126481 0.00253019 0.000299233 2.08773e-05 8.58955e-07 2.08388e-08 2.98093e-10 2.51431e-12 1.25051e-14 3.66713e-17
 1.89124e-11 2.05276e-09 1.31377e-07 4.95774e-06 0.000110316 0.00144738 0.0111981 0.0511 0.137712 0.22058 0.216669 0.148749 0.0969755 0.0661845 0.0349555 0.0116814 0.00233598 0.000276245 1.92732e-05 7.92955e-07 1.92376e-08 2.75188e-10 2.32111e-12 1.15442e-14 3.38535e-17
 1.94949e-11 2.11598e-09 1.35423e-07 5.11042e-06 0.000113713 0.00149195 0.0115428 0.0526704 0.141906 0.226995 0.221536 0.148244 0.0915175 0.0599555 0.0312596 0.0104168 0.00208189 0.00024617 1.71745e-05 7.06607e-07 1.71427e-08 2.45222e-10 2.06835e-12 1.02871e-14 3.0167e-17
 1.93257e-11 2.09762e-09 1.34248e-07 5.06608e-06 0.000112727 0.00147901 0.0114427 0.0522143 0.140688 0.225132 0.220123 0.148391 0.0931025 0.0617644 0.0323329 0.010784 0.00215568 0.000254904 1.7784e-05 7.31683e-07 1.77511e-08 2.53924e-10 2.14176e-12 1.06522e-14 3.12376e-17
 2.01517e-11 2.18728e-09 1.39985e-07 5.28261e-06 0.000117544 0.00154222 0.0119315 0.0544413 0.146636 0.234229 0.227024 0.147674 0.0853621 0.0529306 0.0270915 0.0089905 0.00179534 0.000212252 1.48077e-05 6.09227e-07 1.47802e-08 2.11426e-10 1.7833e-12 8.86938e-15 2.60095e-17
 2.01517e-11 2.18727e-09 1.39985e-07 5.2826e-06 0.000117544 0.00154222 0.0119315 0.0544412 0.146636 0.234229 0.227024 0.147674 0.0853626 0.0529311 0.0270918 0.0089906 0.00179536 0.000212255 1.48079e-05 6.09234e-07 1.47804e-08 2.11429e-10 1.78332e-12 8.86948e-15 2.60098e-17
 2.06022e-11 2.23617e-09 1.43115e-07 5.4007e-06 0.000120172 0.00157669 0.0121981 0.0556558 0.14988 0.239191 0.230788 0.147284 0.0811407 0.0481128 0.0242329 0.00801234 0.00159882 0.000188991 1.31846e-05 5.42442e-07 1.31599e-08 1.88249e-10 1.58781e-12 7.89709e-15 2.31583e-17
 2.06432e-11 2.24063e-09 1.434e-07 5.41146e-06 0.000120411 0.00157983 0.0122224 0.0557665 0.150176 0.239643 0.231131 0.147248 0.0807562 0.047674 0.0239726 0.00792326 0.00158092 0.000186873 1.30367e-05 5.36359e-07 1.30124e-08 1.86138e-10 1.57001e-12 7.80853e-15 2.28986e-17
 2.0632e-11 2.23941e-09 1.43322e-07 5.40852e-06 0.000120346 0.00157897 0.0122158 0.0557362 0.150095 0.239519 0.231037 0.147258 0.0808613 0.0477939 0.0240437 0.00794759 0.00158581 0.000187451 1.30771e-05 5.38021e-07 1.30527e-08 1.86715e-10 1.57487e-12 7.83272e-15 2.29695e-17
 2.07366e-11 2.25076e-09 1.44048e-07 5.43593e-06 0.000120956 0.00158698 0.0122777 0.0560182 0.150848 0.240671 0.231911 0.147167 0.0798813 0.0466755 0.0233801 0.00772052 0.00154019 0.000182051 1.27003e-05 5.22517e-07 1.26766e-08 1.81334e-10 1.52949e-12 7.60702e-15 2.23076e-17
 2.11999e-11 2.30105e-09 1.47267e-07 5.55739e-06 0.000123658 0.00162243 0.0125519 0.0572673 0.154185 0.245774 0.235782 0.146766 0.0755396 0.0417204 0.0204401 0.0067145 0.00133807 0.000158128 1.10309e-05 4.53829e-07 1.10101e-08 1.57497e-10 1.32842e-12 6.60702e-15 1.93751e-17
 2.13323e-11 2.31542e-09 1.48186e-07 5.59209e-06 0.000124431 0.00163256 0.0126303 0.0576243 0.155138 0.247232 0.236889 0.146651 0.0742989 0.0403044 0.0195999 0.00642701 0.00128031 0.000151291 1.05538e-05 4.34201e-07 1.05339e-08 1.50685e-10 1.27097e-12 6.32125e-15 1.85371e-17
 2.17131e-11 2.35675e-09 1.50832e-07 5.69192e-06 0.000126652 0.00166171 0.0128556 0.058651 0.157881 0.251426 0.24007 0.146321 0.0707304 0.0362318 0.0171835 0.00560015 0.00111419 0.000131628 9.18166e-06 3.77746e-07 9.16428e-09 1.31092e-10 1.10571e-12 5.49934e-15 1.61269e-17
 2.16959e-11 2.35488e-09 1.50712e-07 5.68739e-06 0.000126551 0.00166038 0.0128454 0.0586044 0.157756 0.251236 0.239926 0.146336 0.0708922 0.0364165 0.0172931 0.00563764 0.00112172 0.000132519 9.24387e-06 3.80305e-07 9.22637e-09 1.31981e-10 1.11321e-12 5.53661e-15 1.62361e-17
#obs surv len freq
 4.84908e-11 4.49396e-09 2.45576e-07 7.91279e-06 0.000150336 0.00168422 0.0111275 0.0433919 0.100289 0.140431 0.132056 0.113702 0.114506 0.109938 0.0905628 0.0664486 0.0415403 0.02118 0.00889955 0.00306188 0.000827937 0.000167807 2.44161e-05 2.45437e-06 1.65023e-07
 2.61862e-11 2.34067e-09 1.23366e-07 3.83389e-06 7.02561e-05 0.000759253 0.00484235 0.0182951 0.0417621 0.0632022 0.0845608 0.127602 0.171789 0.171049 0.134365 0.0915969 0.0525572 0.0243452 0.00931354 0.00296744 0.000753637 0.000143732 1.95648e-05 1.82695e-06 1.13503e-07
 1.55932e-11 1.34201e-09 6.81021e-08 2.03778e-06 3.59551e-05 0.00037416 0.00229884 0.0083861 0.0186985 0.0290248 0.0440583 0.0774777 0.125249 0.171101 0.194416 0.166167 0.099737 0.0431795 0.0146154 0.00407646 0.000920835 0.000159422 1.99675e-05 1.72451e-06 9.90629e-08
 2.70361e-10 2.2367e-08 1.09109e-06 3.13831e-05 0.000532256 0.00532271 0.0313859 0.109128 0.223768 0.270798 0.194221 0.0847153 0.0267644 0.0128766 0.0126747 0.0120396 0.00865303 0.00462058 0.00181769 0.000521082 0.000109119 1.67522e-05 1.85686e-06 1.43737e-07 7.49017e-09
 1.53687e-10 1.22034e-08 5.71365e-07 1.57738e-05 0.000256776 0.00246504 0.0139641 0.046832 0.0945754 0.124638 0.139319 0.171792 0.186847 0.135505 0.0604662 0.0172585 0.00404398 0.00128928 0.000515986 0.000168804 3.87392e-05 6.02886e-06 6.30836e-07 4.41638e-08 2.05037e-09
 4.41265e-10 3.35814e-08 1.5069e-06 3.98711e-05 0.000622043 0.00572239 0.0310429 0.099348 0.187986 0.212765 0.152757 0.0882883 0.0635382 0.0577353 0.049411 0.0322657 0.0139755 0.0037723 0.000640976 7.79201e-05 9.10548e-06 1.13409e-06 1.15493e-07 7.97683e-09 3.53672e-10
 5.25258e-10 3.82593e-08 1.6432e-06 4.1613e-05 0.000621386 0.00547156 0.0284192 0.0872085 0.159432 0.181022 0.151167 0.129771 0.11554 0.0792491 0.038817 0.0154161 0.00558713 0.00174399 0.000414262 6.86737e-05 7.60092e-06 5.67477e-07 3.10469e-08 1.38133e-09 4.93895e-11
 7.44347e-10 5.18264e-08 2.12772e-06 5.15069e-05 0.000735207 0.00618835 0.0307258 0.0901461 0.157689 0.171954 0.139816 0.119747 0.109624 0.0837341 0.0515049 0.0257269 0.0095082 0.00238404 0.000406054 5.09627e-05 5.11912e-06 4.02128e-07 2.24742e-08 8.36689e-10 2.04919e-11
 1.14003e-09 7.57848e-08 2.97055e-06 6.86561e-05 0.000935656 0.0075193 0.035647 0.0998817 0.167059 0.175114 0.139148 0.117811 0.104469 0.0760578 0.0445347 0.0214601 0.00785821 0.00202118 0.000361328 4.59165e-05 4.19436e-06 2.74249e-07 1.28092e-08 4.25687e-10 9.83398e-12
 1.21099e-09 7.67738e-08 2.86993e-06 6.32589e-05 0.000822197 0.00630248 0.0285183 0.0765345 0.124752 0.137398 0.137725 0.15254 0.14545 0.101478 0.0545926 0.0238353 0.00786867 0.00180037 0.000281534 3.14083e-05 2.60812e-06 1.60489e-07 7.03314e-09 2.11251e-10 4.24922e-12
 2.50732e-09 1.51436e-07 5.39308e-06 0.000113248 0.00140225 0.0102389 0.0441079 0.112374 0.171416 0.166153 0.127512 0.108943 0.0982723 0.0762853 0.0489286 0.0240566 0.00812148 0.0017847 0.000257921 2.57127e-05 1.85584e-06 9.83518e-08 3.75564e-09 1.00522e-10 1.83778e-12
 3.71412e-09 2.13501e-07 7.23652e-06 0.000144627 0.0017044 0.0118455 0.0485861 0.118044 0.173073 0.166774 0.137829 0.125907 0.104402 0.0646129 0.0308076 0.0119177 0.00351017 0.000722177 0.00010158 1.001e-05 7.05578e-07 3.52786e-08 1.22292e-09 2.88832e-11 4.59845e-13
 5.43098e-09 2.96858e-07 9.56766e-06 0.000181825 0.00203754 0.0134659 0.0525315 0.121501 0.170345 0.159851 0.133749 0.12441 0.103681 0.0663358 0.0337202 0.0135049 0.00385372 0.000724839 8.88918e-05 7.39089e-06 4.40521e-07 1.93547e-08 6.1531e-10 1.36064e-11 2.02219e-13
 7.32478e-09 3.80386e-07 1.16478e-05 0.000210306 0.00223912 0.0140615 0.0521552 0.115038 0.156018 0.149498 0.139171 0.138765 0.113727 0.0692899 0.0332459 0.0125334 0.0033656 0.000595483 6.84389e-05 5.26665e-06 2.83292e-07 1.08839e-08 2.95835e-10 5.5718e-12 7.15166e-14
 1.05492e-08 5.20089e-07 1.51189e-05 0.000259155 0.00261951 0.0156187 0.0550247 0.115508 0.150465 0.142929 0.137137 0.138596 0.114354 0.0724109 0.0366203 0.0140532 0.00368911 0.000625806 6.86556e-05 5.04695e-06 2.58734e-07 9.37914e-09 2.3653e-10 4.05006e-12 4.6286e-14
 1.6851e-08 7.88153e-07 2.17361e-05 0.000353467 0.00338954 0.019174 0.0641001 0.1278 0.158727 0.145473 0.136022 0.132388 0.104375 0.0632344 0.030548 0.0111326 0.00276605 0.000444669 4.64376e-05 3.26632e-06 1.60533e-07 5.56126e-09 1.33215e-10 2.15245e-12 2.30481e-14
 2.59326e-08 1.15e-06 3.00701e-05 0.000463627 0.00421538 0.0226112 0.0717082 0.135903 0.1619 0.146223 0.137392 0.13033 0.0975734 0.0555977 0.0251539 0.00857464 0.00199243 0.000299185 2.91096e-05 1.90232e-06 8.68355e-08 2.80349e-09 6.29046e-11 9.55632e-13 9.63146e-15
 3.82548e-08 1.60761e-06 3.98351e-05 0.000582034 0.00501505 0.0254963 0.0766845 0.138243 0.158673 0.143168 0.137471 0.129503 0.0955828 0.0545082 0.0246483 0.00823275 0.00185261 0.000270654 2.60118e-05 1.70226e-06 7.7625e-08 2.45221e-09 5.24748e-11 7.46202e-13 6.97469e-15
 5.98139e-08 2.38101e-06 5.5887e-05 0.000773499 0.00631336 0.0304068 0.0866708 0.148331 0.162776 0.142946 0.134513 0.122385 0.0871223 0.0482236 0.0210801 0.00673457 0.00144325 0.000201653 1.87238e-05 1.19717e-06 5.37028e-08 1.67107e-09 3.5163e-11 4.896e-13 4.44427e-15
 8.48317e-08 3.19773e-06 7.10748e-05 0.000931526 0.00720032 0.0328507 0.0888256 0.145161 0.156246 0.143103 0.141676 0.127108 0.086274 0.0451263 0.0185675 0.00557245 0.00112217 0.000147629 1.29481e-05 7.84895e-07 3.34975e-08 9.9503e-10 2.00585e-11 2.68432e-13 2.34673e-15
 1.22283e-07 4.36388e-06 9.18271e-05 0.00113941 0.00833854 0.0360293 0.0923823 0.144028 0.151333 0.141466 0.142838 0.126792 0.0855711 0.0450767 0.0184125 0.00533828 0.00102105 0.00012679 1.04807e-05 5.98213e-07 2.39932e-08 6.68436e-10 1.26262e-11 1.58403e-13 1.30016e-15
 2.00917e-07 6.78708e-06 0.000135189 0.00158784 0.0109996 0.0449884 0.109185 0.161043 0.159687 0.140035 0.132691 0.111672 0.0722664 0.0366583 0.0143138 0.00393083 0.000709472 8.31814e-05 6.50395e-06 3.51135e-07 1.32764e-08 3.46921e-10 6.11896e-12 7.14583e-14 5.44924e-16
 2.44661e-07 7.82279e-06 0.000147487 0.00163975 0.0107547 0.0416911 0.0963943 0.138586 0.144903 0.148868 0.155437 0.128759 0.0783651 0.0369153 0.0134127 0.00345623 0.000591161 6.6402e-05 5.02216e-06 2.6298e-07 9.57923e-09 2.38426e-10 3.9656e-12 4.33652e-14 3.08186e-16
 3.72858e-07 1.12842e-05 0.000201369 0.00211909 0.0131558 0.0482783 0.105717 0.14419 0.143763 0.142039 0.144518 0.120611 0.0775503 0.0390443 0.0145093 0.00363795 0.000588304 6.16311e-05 4.32372e-06 2.10281e-07 7.16263e-09 1.68062e-10 2.64881e-12 2.7468e-14 1.84552e-16
 6.15326e-07 1.76273e-05 0.000297757 0.00296601 0.0174299 0.0605449 0.125474 0.161804 0.151834 0.140042 0.132782 0.10326 0.0616907 0.0289103 0.0101024 0.00241914 0.00038118 3.98015e-05 2.82638e-06 1.38467e-07 4.63725e-09 1.04015e-10 1.53687e-12 1.48103e-14 9.23561e-17
 8.02286e-07 2.17573e-05 0.000347922 0.00328111 0.0182601 0.0601538 0.118998 0.150482 0.14915 0.152171 0.1468 0.107556 0.0584118 0.0246126 0.00778583 0.00169945 0.0002438 2.30631e-05 1.48555e-06 6.70099e-08 2.11696e-09 4.57485e-11 6.57728e-13 6.15478e-15 3.68917e-17
 1.16377e-06 2.98805e-05 0.000452391 0.00403937 0.0212868 0.0664394 0.124829 0.151346 0.147105 0.148841 0.141185 0.10313 0.0572879 0.0245837 0.00763536 0.00157946 0.000209534 1.79571e-05 1.02799e-06 4.07107e-08 1.12917e-09 2.16385e-11 2.79882e-13 2.39366e-15 1.33126e-17
 1.33964e-06 3.25697e-05 0.000466939 0.00394865 0.0197221 0.0585401 0.106183 0.131391 0.144967 0.165966 0.160236 0.113599 0.0607774 0.0250377 0.00744294 0.0014798 0.000191119 1.62196e-05 9.28556e-07 3.63946e-08 9.69445e-10 1.72254e-11 2.01046e-13 1.52819e-15 7.52051e-18
#pred catch len freq
 1.3137e-12 1.4259e-10 9.12576e-09 3.44386e-07 7.6639e-06 0.000100613 0.000780774 0.00361783 0.0105042 0.0229263 0.0514355 0.113504 0.182339 0.191901 0.143807 0.0941099 0.061135 0.03902 0.0251882 0.017168 0.0126833 0.0103279 0.00879694 0.00673015 0.00391555
 1.00548e-12 1.09135e-10 6.9847e-09 2.63591e-07 5.86633e-06 7.70434e-05 0.00059903 0.00280258 0.00850065 0.0212803 0.0571845 0.13694 0.222058 0.225388 0.15044 0.0787864 0.0409642 0.0226667 0.0128287 0.00735275 0.00442345 0.00296665 0.00221219 0.0015987 0.000923358
 4.57928e-13 4.97038e-11 3.18109e-09 1.20054e-07 2.67245e-06 3.51377e-05 0.000274778 0.00132207 0.00449918 0.0147784 0.0503811 0.131363 0.218471 0.227368 0.161192 0.0934996 0.0505521 0.0246893 0.0111345 0.00512176 0.00248765 0.00130247 0.000772149 0.000486731 0.00026632
 4.6602e-12 5.0582e-10 3.23724e-08 1.22164e-06 2.71836e-05 0.0003567 0.00276133 0.0126388 0.0345831 0.0596206 0.0786438 0.108766 0.149629 0.160777 0.137667 0.106889 0.0732668 0.0412832 0.0196076 0.0081871 0.00315006 0.00122686 0.000531389 0.000260428 0.000124553
 1.45007e-11 1.57391e-09 1.0073e-07 3.80124e-06 8.45826e-05 0.00110978 0.00858692 0.0392046 0.105928 0.171885 0.179309 0.15119 0.13614 0.111673 0.0629399 0.0226414 0.00594969 0.00183738 0.000862273 0.000411152 0.000163548 5.52462e-05 1.74496e-05 5.88607e-06 2.14879e-06
 1.152e-11 1.25039e-09 8.00247e-08 3.01989e-06 6.71967e-05 0.000881683 0.00682286 0.0311694 0.0844762 0.139161 0.154903 0.155158 0.166249 0.145244 0.0818646 0.027733 0.0055609 0.000657969 4.59123e-05 1.88949e-06 4.59951e-08 7.11707e-10 2.21733e-11 4.31723e-12 1.07178e-12
 1.54325e-11 1.67505e-09 1.07203e-07 4.0455e-06 9.00176e-05 0.00118108 0.00913844 0.0417177 0.112651 0.182252 0.187593 0.151766 0.129586 0.103402 0.0570379 0.0192379 0.00385427 0.000456013 3.18317e-05 1.31175e-06 3.20063e-08 4.67239e-10 4.2267e-12 2.61677e-14 1.36375e-16
 1.49475e-11 1.6224e-09 1.03834e-07 3.91836e-06 8.71886e-05 0.00114397 0.00885139 0.0404101 0.109159 0.17691 0.18354 0.152187 0.134131 0.108589 0.0601155 0.0202908 0.00406568 0.00048098 3.35599e-05 1.38077e-06 3.34985e-08 4.79189e-10 4.04183e-12 2.01032e-14 5.89624e-17
 1.47875e-11 1.60505e-09 1.02723e-07 3.87644e-06 8.62558e-05 0.00113173 0.00875674 0.039979 0.108007 0.175149 0.182204 0.152325 0.135629 0.110299 0.0611303 0.020638 0.00413544 0.000489238 3.41361e-05 1.40448e-06 3.40736e-08 4.87414e-10 4.11116e-12 2.04472e-14 5.99616e-17
 1.49067e-11 1.61797e-09 1.0355e-07 3.90766e-06 8.69506e-05 0.00114084 0.00882724 0.0403001 0.108865 0.176461 0.183199 0.152222 0.134513 0.109025 0.0603744 0.0203794 0.00408348 0.000483087 3.37069e-05 1.38682e-06 3.36452e-08 4.81286e-10 4.05947e-12 2.01901e-14 5.92078e-17
 1.4348e-11 1.55734e-09 9.96697e-08 3.76123e-06 8.36922e-05 0.0010981 0.00849662 0.038794 0.104842 0.170308 0.178532 0.152706 0.139748 0.114999 0.0639192 0.0215923 0.00432718 0.000511932 3.57197e-05 1.46964e-06 3.56544e-08 5.10027e-10 4.30189e-12 2.13957e-14 6.27432e-17
 1.61396e-11 1.7518e-09 1.12115e-07 4.23087e-06 9.41422e-05 0.00123519 0.00955695 0.0436242 0.117743 0.19004 0.193501 0.151153 0.12296 0.0958393 0.0525508 0.0177022 0.00354562 0.000419423 2.92644e-05 1.20403e-06 2.92107e-08 4.17851e-10 3.52442e-12 1.7529e-14 5.14038e-17
 1.68036e-11 1.82387e-09 1.16728e-07 4.40494e-06 9.80154e-05 0.00128601 0.00994996 0.0454145 0.122525 0.197354 0.199049 0.150577 0.116737 0.0887376 0.0483371 0.0162604 0.00325593 0.000385135 2.68717e-05 1.10559e-06 2.68223e-08 3.83686e-10 3.23625e-12 1.60957e-14 4.72008e-17
 1.69456e-11 1.83929e-09 1.17714e-07 4.44216e-06 9.88437e-05 0.00129687 0.010034 0.0457974 0.123548 0.198918 0.200236 0.150454 0.115406 0.0872189 0.047436 0.0159521 0.00319399 0.000377803 2.636e-05 1.08454e-06 2.63116e-08 3.76381e-10 3.17463e-12 1.57892e-14 4.63021e-17
 1.69117e-11 1.8356e-09 1.17478e-07 4.43326e-06 9.86456e-05 0.00129428 0.0100139 0.0457058 0.123303 0.198544 0.199952 0.150484 0.115725 0.0875822 0.0476515 0.0160258 0.00320881 0.000379557 2.64824e-05 1.08957e-06 2.64338e-08 3.78128e-10 3.18937e-12 1.58626e-14 4.65171e-17
 1.76012e-11 1.91044e-09 1.22268e-07 4.614e-06 0.000102667 0.00134704 0.010422 0.0475647 0.128269 0.206138 0.205713 0.149886 0.109263 0.0802083 0.0432763 0.0145287 0.00290802 0.000343954 2.3998e-05 9.87355e-07 2.39539e-08 3.42654e-10 2.89016e-12 1.43744e-14 4.2153e-17
 1.84725e-11 2.00501e-09 1.2832e-07 4.84242e-06 0.00010775 0.00141372 0.0109377 0.0499139 0.134544 0.215734 0.212994 0.14913 0.101098 0.0708895 0.0377472 0.0126367 0.0025279 0.000298961 2.08584e-05 8.58177e-07 2.08199e-08 2.97823e-10 2.51203e-12 1.24937e-14 3.6638e-17
 1.80413e-11 1.95821e-09 1.25325e-07 4.72939e-06 0.000105235 0.00138072 0.0106825 0.0487515 0.131439 0.210986 0.209391 0.149504 0.105139 0.0755008 0.0404832 0.0135729 0.002716 0.000321225 2.2412e-05 9.22099e-07 2.23707e-08 3.20007e-10 2.69914e-12 1.34244e-14 3.9367e-17
 1.89396e-11 2.05571e-09 1.31565e-07 4.96486e-06 0.000110474 0.00144946 0.0112141 0.0511732 0.137907 0.220879 0.216896 0.148725 0.096721 0.0658941 0.0347832 0.0116225 0.00232414 0.000274843 1.91754e-05 7.8893e-07 1.91399e-08 2.73791e-10 2.30933e-12 1.14856e-14 3.36816e-17
 1.88397e-11 2.04487e-09 1.30872e-07 4.93868e-06 0.000109892 0.00144182 0.011155 0.050904 0.137188 0.219779 0.216062 0.148812 0.0976568 0.066962 0.0354168 0.0118393 0.0023677 0.000279999 1.95352e-05 8.03733e-07 1.94991e-08 2.78929e-10 2.35266e-12 1.17011e-14 3.43136e-17
 1.92321e-11 2.08746e-09 1.33597e-07 5.04154e-06 0.00011218 0.00147185 0.0113873 0.0519619 0.140014 0.224101 0.219341 0.148472 0.0939797 0.0627656 0.0329269 0.0109873 0.00219652 0.000259737 1.81213e-05 7.45561e-07 1.80878e-08 2.58741e-10 2.18238e-12 1.08542e-14 3.18301e-17
 1.83503e-11 1.99175e-09 1.27472e-07 4.81039e-06 0.000107037 0.00140437 0.0108654 0.0495846 0.133664 0.214389 0.211973 0.149236 0.102243 0.072196 0.0385224 0.012902 0.0025812 0.000305269 2.12986e-05 8.76288e-07 2.12593e-08 3.04109e-10 2.56504e-12 1.27574e-14 3.74112e-17
 1.89174e-11 2.0533e-09 1.31411e-07 4.95903e-06 0.000110345 0.00144776 0.011201 0.0511133 0.137747 0.220634 0.216711 0.148745 0.0969294 0.0661319 0.0349243 0.0116708 0.00233383 0.000275991 1.92555e-05 7.92226e-07 1.92199e-08 2.74935e-10 2.31898e-12 1.15336e-14 3.38223e-17
 1.8741e-11 2.03416e-09 1.30186e-07 4.91281e-06 0.000109316 0.00143427 0.0110966 0.0506379 0.136477 0.218692 0.215237 0.148898 0.0985816 0.0680175 0.0360431 0.0120536 0.00241075 0.000285095 1.98908e-05 8.18365e-07 1.9854e-08 2.84007e-10 2.39549e-12 1.19141e-14 3.49383e-17
 1.96337e-11 2.13105e-09 1.36387e-07 5.14682e-06 0.000114523 0.00150258 0.0116249 0.0530447 0.142906 0.228524 0.222696 0.148124 0.0902163 0.0584705 0.0303785 0.0101153 0.00202132 0.000239 1.66742e-05 6.86022e-07 1.66433e-08 2.38078e-10 2.0081e-12 9.98741e-15 2.92882e-17
 1.9962e-11 2.16668e-09 1.38667e-07 5.23287e-06 0.000116438 0.0015277 0.0118192 0.0539297 0.14527 0.232139 0.225439 0.147839 0.0871402 0.0549598 0.0282955 0.0094025 0.00187812 0.00022205 1.54914e-05 6.37357e-07 1.54626e-08 2.21189e-10 1.86564e-12 9.27892e-15 2.72105e-17
 2.05257e-11 2.22787e-09 1.42583e-07 5.38064e-06 0.000119726 0.00157084 0.0121529 0.0554495 0.149329 0.238348 0.230149 0.14735 0.0818579 0.0489313 0.0247185 0.00817852 0.00163221 0.000192943 1.34603e-05 5.53788e-07 1.34352e-08 1.92187e-10 1.62102e-12 8.06227e-15 2.36427e-17
 1.9791e-11 2.14813e-09 1.3748e-07 5.18806e-06 0.000115441 0.00151462 0.011718 0.0534688 0.144039 0.230257 0.22401 0.147987 0.0887423 0.0567882 0.0293803 0.0097737 0.0019527 0.000230877 1.61074e-05 6.62701e-07 1.60775e-08 2.29985e-10 1.93983e-12 9.6479e-15 2.82925e-17
#obs catch len freq
 4.53521e-11 4.20308e-09 2.29681e-07 7.40062e-06 0.000140606 0.00157521 0.0104076 0.0405898 0.093878 0.131928 0.126038 0.112902 0.117746 0.11482 0.0957497 0.0712268 0.0451533 0.0233242 0.00990166 0.00344048 0.000943934 0.000195031 2.89499e-05 2.96355e-06 2.02544e-07
 6.69781e-11 5.98688e-09 3.1554e-07 9.80611e-06 0.000179692 0.00194162 0.0123731 0.0465434 0.103846 0.140885 0.13031 0.113598 0.11533 0.10957 0.0893312 0.0647427 0.0397342 0.019852 0.00815658 0.00272725 0.000711053 0.000137871 1.90514e-05 1.80722e-06 1.14065e-07
 3.70196e-11 3.18603e-09 1.6168e-07 4.83784e-06 8.53589e-05 0.000888208 0.00545505 0.0198591 0.0438156 0.0649236 0.0872868 0.131858 0.173819 0.169211 0.13103 0.0880525 0.0495031 0.0224407 0.00839676 0.00260127 0.000636633 0.000116004 1.49761e-05 1.31829e-06 7.68242e-08
 2.27571e-11 1.8827e-09 9.18401e-08 2.64165e-06 4.48051e-05 0.000448215 0.0026477 0.00929401 0.0200199 0.0304846 0.0464584 0.081381 0.129639 0.174596 0.194104 0.160792 0.0933908 0.0392952 0.0129727 0.00351868 0.000766731 0.000126886 1.5069e-05 1.22604e-06 6.60168e-08
 3.8923e-10 3.09066e-08 1.44705e-06 3.99486e-05 0.00065029 0.00624166 0.035325 0.117887 0.232017 0.269526 0.185666 0.0780734 0.0244013 0.0123551 0.0122907 0.0113882 0.00794253 0.00410557 0.00155794 0.000429557 8.62724e-05 1.26444e-05 1.32947e-06 9.69883e-08 4.73752e-09
 2.28432e-10 1.73843e-08 7.80089e-07 2.06405e-05 0.00032203 0.00296299 0.0160887 0.051743 0.100432 0.128426 0.142217 0.173523 0.182626 0.12698 0.054326 0.0150133 0.00353033 0.00115514 0.000454298 0.000142475 3.11103e-05 4.58882e-06 4.5352e-07 2.98764e-08 1.29997e-09
 6.55509e-10 4.77467e-08 2.05067e-06 5.19318e-05 0.000775462 0.00682784 0.035452 0.1086 0.196742 0.21347 0.147834 0.0841234 0.0607885 0.0549055 0.0459444 0.0288921 0.0119491 0.0030739 0.000500236 5.92443e-05 6.85388e-06 8.2767e-07 7.97999e-08 5.17208e-09 2.14421e-10
 7.92617e-10 5.51873e-08 2.2657e-06 5.48471e-05 0.000782885 0.00658967 0.0327188 0.0959978 0.167965 0.18334 0.149311 0.12652 0.109587 0.0724891 0.0344992 0.0134861 0.00480851 0.00145797 0.000332739 5.26355e-05 5.54425e-06 3.94645e-07 2.06622e-08 8.7704e-10 2.95784e-11
 1.13719e-09 7.55964e-08 2.96316e-06 6.84854e-05 0.000933328 0.00750058 0.0355579 0.0996273 0.166591 0.17442 0.13808 0.116523 0.104047 0.077337 0.0464877 0.0225459 0.00800264 0.00191952 0.000313895 3.80582e-05 3.68861e-06 2.7682e-07 1.4649e-08 5.14125e-10 1.18466e-11
 1.76367e-09 1.11812e-07 4.17972e-06 9.21286e-05 0.00119739 0.0091771 0.0414929 0.110901 0.17708 0.177849 0.136883 0.113151 0.0972719 0.0687537 0.039328 0.0184198 0.00648959 0.00159918 0.000273949 3.33504e-05 2.91168e-06 1.81431e-07 8.05183e-09 2.53216e-10 5.50769e-12
 1.91808e-09 1.15848e-07 4.12568e-06 8.66351e-05 0.00107275 0.00783414 0.0337752 0.0863978 0.134487 0.142449 0.138917 0.149087 0.136711 0.0922048 0.0483358 0.020485 0.00649498 0.0014202 0.000212521 2.27478e-05 1.81029e-06 1.06193e-07 4.41056e-09 1.24998e-10 2.36448e-12
 3.95552e-09 2.27377e-07 7.70686e-06 0.000154027 0.00181515 0.0126144 0.0517215 0.125437 0.182271 0.168789 0.12475 0.103261 0.0902669 0.0682547 0.0425482 0.0200936 0.00646126 0.0013502 0.000186006 1.77322e-05 1.22426e-06 6.18568e-08 2.24133e-09 5.66685e-11 9.74682e-13
 5.87621e-09 3.21194e-07 1.0352e-05 0.00019673 0.00220455 0.0145692 0.0568262 0.131324 0.183344 0.168937 0.134593 0.118442 0.0941618 0.0561895 0.0260503 0.00976895 0.00276032 0.000541886 7.27407e-05 6.84709e-06 4.60193e-07 2.18541e-08 7.16804e-10 1.59693e-11 2.39134e-13
 8.70078e-09 4.51843e-07 1.38358e-05 0.000249811 0.00265966 0.0167002 0.0618996 0.136055 0.181416 0.162357 0.130127 0.11589 0.0925947 0.057291 0.0282816 0.0109039 0.00296423 0.000529077 6.16583e-05 4.88915e-06 2.78423e-07 1.16571e-08 3.51267e-10 7.32519e-12 1.02269e-13
 1.18791e-08 5.85654e-07 1.70249e-05 0.000291824 0.00294967 0.0175858 0.0619283 0.12972 0.167247 0.152805 0.135996 0.129381 0.101456 0.0597008 0.0277878 0.0100754 0.00257521 0.000431918 4.70976e-05 3.44789e-06 1.7664e-07 6.45061e-09 1.66032e-10 2.95061e-12 3.56225e-14
 1.73349e-08 8.10783e-07 2.23602e-05 0.000363615 0.00348683 0.0197237 0.0659251 0.131315 0.162378 0.146507 0.133475 0.128286 0.101461 0.0621887 0.0304222 0.0111679 0.00278061 0.000446398 4.64259e-05 3.24403e-06 1.58185e-07 5.44042e-09 1.29662e-10 2.09107e-12 2.24478e-14
 2.77173e-08 1.22914e-06 3.21395e-05 0.000495532 0.00450537 0.0241642 0.0765937 0.144792 0.17047 0.147874 0.130553 0.120436 0.0909172 0.0532723 0.0248584 0.00865418 0.0020377 0.000309865 3.06675e-05 2.04949e-06 9.57273e-08 3.14261e-09 7.1057e-11 1.08015e-12 1.08529e-14
 4.2453e-08 1.78404e-06 4.42066e-05 0.000645903 0.00556521 0.0282891 0.085021 0.152714 0.172413 0.147421 0.130887 0.117704 0.0843235 0.0464255 0.0202709 0.0065964 0.00145138 0.000205971 1.89744e-05 1.17724e-06 5.1049e-08 1.56157e-09 3.30658e-11 4.72379e-13 4.46457e-15
 6.30135e-08 2.50838e-06 5.88765e-05 0.000814872 0.00665092 0.0320295 0.0912518 0.155804 0.169204 0.143914 0.129904 0.115856 0.0819216 0.0451497 0.0196547 0.00625136 0.00133101 0.00018386 1.6743e-05 1.03986e-06 4.49486e-08 1.3414e-09 2.70235e-11 3.60836e-13 3.16029e-15
 9.84923e-08 3.71266e-06 8.25198e-05 0.00108151 0.00835901 0.0381228 0.102891 0.166664 0.17272 0.142259 0.125115 0.107544 0.0733328 0.0391986 0.0164645 0.00500146 0.00101362 0.000133936 1.17886e-05 7.15406e-07 3.04046e-08 8.92977e-10 1.76708e-11 2.30739e-13 1.95971e-15
 1.40642e-07 5.01903e-06 0.000105613 0.00131044 0.00958948 0.0414189 0.106008 0.163848 0.166149 0.141975 0.130937 0.110899 0.0720546 0.0363589 0.01436 0.00409499 0.000779521 9.69578e-05 8.0593e-06 4.63574e-07 1.87382e-08 5.25181e-10 9.95251e-12 1.24842e-13 1.02054e-15
 2.04818e-07 6.91882e-06 0.000137813 0.00161866 0.0112129 0.0458577 0.111258 0.163849 0.16147 0.139527 0.130472 0.109319 0.0707155 0.0358939 0.0140237 0.00385266 0.000695612 8.16083e-05 6.38942e-06 3.45813e-07 1.31267e-08 3.44826e-10 6.12e-12 7.1938e-14 5.51908e-16
 3.31876e-07 1.06113e-05 0.000200059 0.00222409 0.014583 0.0564497 0.129614 0.180518 0.167666 0.135476 0.118507 0.0940524 0.058323 0.0284733 0.0106163 0.00275965 0.000469963 5.20441e-05 3.85282e-06 1.97095e-07 7.04614e-09 1.73453e-10 2.87244e-12 3.14115e-14 2.2379e-16
 4.14619e-07 1.2548e-05 0.000223922 0.00235639 0.014628 0.0536624 0.117314 0.158826 0.154186 0.144627 0.139604 0.109204 0.0636423 0.0288307 0.0100026 0.00244072 0.000394124 4.18374e-05 2.99596e-06 1.48513e-07 5.10718e-09 1.19579e-10 1.86532e-12 1.90851e-14 1.26637e-16
 6.3115e-07 1.80806e-05 0.000305414 0.00304225 0.017877 0.0620822 0.128507 0.164851 0.151971 0.136232 0.127931 0.101129 0.0623961 0.0301019 0.0106201 0.00251215 0.000382813 3.78619e-05 2.51376e-06 1.15739e-07 3.72281e-09 8.21759e-11 1.21432e-12 1.17747e-14 7.38085e-17
 1.02896e-06 2.79043e-05 0.000446211 0.00420764 0.0234058 0.0769397 0.150687 0.182488 0.157463 0.130358 0.113141 0.0830401 0.0475211 0.021329 0.00708008 0.00160155 0.000238199 2.35122e-05 1.5795e-06 7.30805e-08 2.30398e-09 4.85012e-11 6.71009e-13 6.04291e-15 3.51489e-17
 1.36659e-06 3.50879e-05 0.000531224 0.00474297 0.0249875 0.0778848 0.145425 0.171763 0.154435 0.140436 0.124379 0.0860092 0.0446651 0.0180113 0.00541209 0.00111545 0.000150924 1.34898e-05 8.22487e-07 3.50941e-08 1.04527e-09 2.1212e-11 2.85416e-13 2.49312e-15 1.39206e-17
 1.97673e-06 4.80583e-05 0.000688958 0.00582478 0.0290609 0.0858204 0.152116 0.17186 0.150777 0.135725 0.118472 0.0818934 0.0435105 0.0178093 0.00523399 0.00101966 0.000127325 1.02902e-05 5.5674e-07 2.08435e-08 5.45281e-10 9.82099e-12 1.18998e-13 9.50763e-16 4.92817e-18
#spawning biomass
 28565 25831.9 19979.1 18510.9 26399.5 46157 69655.6 97771.1 122368 149797 163190 187104 175344 211683 225835 209295 204816 183574 184448 205245 235884 271714 295811 264763 278727 280557 259514 264053 275776 399465 96805.8 29329.9 16985.4 14962.6 14654.2 14609.4 14603.2 14602.3 14602.2 14602.2 14602.2 14602.2 14602.2 14602.2 14602.2 14602.2 14602.2 14602.2 14602.2 14602.2 14602.2 14602.2 14602.2 14602.2 14602.2 14602.2 14602.2 14602.2 14602.2 14602.2 14602.2 14602.2 14602.2 14602.2 14602.2 14602.2 14602.2 14602.2 14602.2 14602.2 14602.2 14602.2 14602.2 14602.2 14602.2 14602.2 14602.2 14602.2 14602.2 14602.2 14602.2 14602.2 14602.2 14602.2 14602.2 14602.2 14602.2 14602.2 14602.2 14602.2 14602.2 14602.2 14602.2 14602.2 14602.2 14602.2 14602.2 14602.2 14602.2 14602.2 14602.2 14602.2 14602.2 14602.2 14602.2 14602.2 14602.2 14602.2 14602.2 14602.2 14602.2 14602.2 14602.2 14602.2 14602.2 14602.2 14602.2 14602.2 14602.2 14602.2 14602.2 14602.2 14602.2 14602.2 14602.2 14602.2 14602.2 14602.2 0 0 0 0 0 0 0 0 0 0 0 0 0 0 0 0 0 0 0 0 0 0 0 0 0
