SBPRF35
0.819782
Curr Bio
159950
B35
709877
F35
0.21038
FOFL
0.0618078
OFL
10834.7
Bzero
234224
#pred survey bio
 5653.95 6802.35 8264.98 11316.6 16469.8 17733 17263.7 23432 33844.4 47081.6 59276.4 83132.3 105471 123896 132415 117912 107757 100838 99546.2 102222 103661 113238 118403 118678 129274 132844 136014 170496 8.43191e+06 7.8999e+06 8.78125e+06 8.4058e+06 7.46379e+06 6.37083e+06 5.34675e+06 4.48304e+06 3.79836e+06 3.2765e+06 2.88877e+06 2.60537e+06 2.40023e+06 2.25226e+06 2.14452e+06 2.06507e+06 2.0087e+06 1.96828e+06 1.93898e+06 1.9175e+06 1.90158e+06 1.88964e+06 1.8806e+06 1.87367e+06 1.86832e+06 1.86415e+06 1.86088e+06 1.85829e+06 1.85623e+06 1.85459e+06 1.85327e+06 1.85221e+06 1.85135e+06 1.85065e+06 1.85009e+06 1.84963e+06 1.84926e+06 1.84896e+06 1.84871e+06 1.84851e+06 1.84834e+06 1.84821e+06 1.8481e+06 1.84801e+06 1.84793e+06 1.84787e+06 1.84782e+06 1.84778e+06 1.84775e+06 1.84772e+06 1.8477e+06 1.84768e+06 1.84767e+06 1.84766e+06 1.84765e+06 1.84764e+06 1.84763e+06 1.84763e+06 1.84762e+06 1.84762e+06 1.84762e+06 1.84761e+06 1.84761e+06 1.84761e+06 1.84761e+06 1.84761e+06 1.84761e+06 1.84761e+06 1.8476e+06 1.8476e+06 1.8476e+06 1.8476e+06 1.8476e+06 1.8476e+06 1.8476e+06 1.8476e+06 1.8476e+06 1.8476e+06 1.8476e+06 1.8476e+06 1.8476e+06 1.8476e+06 1.8476e+06 1.8476e+06 1.8476e+06 1.8476e+06 1.8476e+06 1.8476e+06 1.8476e+06 1.8476e+06 1.8476e+06 1.8476e+06 1.8476e+06 1.8476e+06 1.8476e+06 1.8476e+06 1.8476e+06 1.8476e+06 1.8476e+06 1.8476e+06 0 0 0 0 0 0 0 0 0 0 0 0 0 0 0 0 0 0 0 0 0 0 0 0 0
#obs survey bio
 4890.63 5524.33 13865.6 12845.1 19720.5 17657 19600.8 26371.7 60176.4 65876.8 67360.9 82156.9 116248 136681 114264 119790 112211 96103.4 102199 82575.1 59540.9 86234.9 194239 162720 198431 116781 117321 153375
#pred catch bio
 3460.2 4783.26 5659.65 7284.99 11807.6 13559.3 12450.1 16862.4 23511.3 34260.2 42696.4 64465.3 82374.4 93962.1 106070 95531.2 88573.1 82655.7 81341.3 85656.8 86124.4 95569.3 101041 98411.9 109644 114135 109121 106901 10834.7 64430.7 71378.7 67390.7 59003.9 49564.7 40864 33635 27999.1 23787.8 20733.1 18564.5 17049 16001.5 15279 14781 14450.6 14231.4 14086 13989.5 13925.5 13883.1 13854.9 13836.2 13823.8 13815.6 13810.2 13806.5 13804.1 13802.6 13801.5 13800.8 13800.3 13800 13799.8 13799.7 13799.6 13799.5 13799.5 13799.5 13799.4 13799.4 13799.4 13799.4 13799.4 13799.4 13799.4 13799.4 13799.4 13799.4 13799.4 13799.4 13799.4 13799.4 13799.4 13799.4 13799.4 13799.4 13799.4 13799.4 13799.4 13799.4 13799.4 13799.4 13799.4 13799.4 13799.4 13799.4 13799.4 13799.4 13799.4 13799.4 13799.4 13799.4 13799.4 13799.4 13799.4 13799.4 13799.4 13799.4 13799.4 13799.4 13799.4 13799.4 13799.4 13799.4 13799.4 13799.4 13799.4 13799.4 13799.4 13799.4 13799.4 13799.4 13799.4 13799.4 13799.4 13799.4 13799.4 13799.4 0 0 0 0 0 0 0 0 0 0 0 0 0 0 0 0 0 0 0 0 0 0 0 0 0
#obs catch bio
 4966.2 4798.92 5366.38 6921.47 11332.6 13269.3 12223.5 16185.4 22025.8 32553.3 40879 64047 80309.8 90595.2 105012 93331.1 85235.7 80935.4 79897 84333.9 85906.9 95196 96350.4 93220.7 103789 112296 107215 105934
#pred cpue bio
 4784.96 5498.31 6496.07 8844.66 13027.5 14567.6 13755 17788.8 25816.9 36912.5 46192.5 63257 80089.1 95943.1 106640 94549.7 85067 78844.1 77232 78924.7 78952.8 85634.4 89868.3 90184.6 98130.6 100730 102210 128034 6.93447e+06 7.84016e+06 8.77466e+06 8.36792e+06 7.41838e+06 6.32415e+06 5.29987e+06 4.43614e+06 3.75146e+06 3.2296e+06 2.84187e+06 2.55847e+06 2.35332e+06 2.20535e+06 2.09762e+06 2.01817e+06 1.9618e+06 1.92138e+06 1.89208e+06 1.8706e+06 1.85468e+06 1.84274e+06 1.83369e+06 1.82677e+06 1.82142e+06 1.81725e+06 1.81397e+06 1.81138e+06 1.80933e+06 1.80768e+06 1.80636e+06 1.8053e+06 1.80444e+06 1.80375e+06 1.80319e+06 1.80273e+06 1.80236e+06 1.80205e+06 1.8018e+06 1.8016e+06 1.80144e+06 1.8013e+06 1.80119e+06 1.8011e+06 1.80103e+06 1.80097e+06 1.80092e+06 1.80088e+06 1.80085e+06 1.80082e+06 1.8008e+06 1.80078e+06 1.80076e+06 1.80075e+06 1.80074e+06 1.80073e+06 1.80073e+06 1.80072e+06 1.80072e+06 1.80071e+06 1.80071e+06 1.80071e+06 1.80071e+06 1.8007e+06 1.8007e+06 1.8007e+06 1.8007e+06 1.8007e+06 1.8007e+06 1.8007e+06 1.8007e+06 1.8007e+06 1.8007e+06 1.8007e+06 1.8007e+06 1.8007e+06 1.8007e+06 1.8007e+06 1.8007e+06 1.8007e+06 1.8007e+06 1.8007e+06 1.8007e+06 1.8007e+06 1.8007e+06 1.8007e+06 1.8007e+06 1.8007e+06 1.8007e+06 1.8007e+06 1.8007e+06 1.8007e+06 1.8007e+06 1.8007e+06 1.8007e+06 1.8007e+06 1.8007e+06 1.8007e+06 1.8007e+06 1.8007e+06 0 0 0 0 0 0 0 0 0 0 0 0 0 0 0 0 0 0 0 0 0 0 0 0 0
#obs cpue bio
 4815.63 7255.94 13581.4 16231.2 17597.2 17185 18365.6 32960.8 50736.7 46206.3 81044.4 52361.9 128748 148525 126550 154757 154656 103685 98164.8 126322 129011 125866 145282 155148 149039 122462 160378 170119
#pred surv len freq
 2.56766e-27 2.60044e-27 4.37561e-26 8.69076e-20 2.13043e-14 6.31286e-10 2.26116e-06 0.000978996 0.0512371 0.32414 0.248098 0.037121 0.108246 0.0999872 0.0257174 0.0338344 0.0156804 0.013634 0.00915011 0.00748072 0.00622353 0.00563691 0.00587345 0.00532227 0.00163653
 2.56843e-27 2.60226e-27 4.49788e-26 8.94853e-20 2.19362e-14 6.5001e-10 2.32823e-06 0.00100803 0.0527568 0.333754 0.255488 0.0402073 0.126544 0.116573 0.0235062 0.0243927 0.00936975 0.0057528 0.00312947 0.00213878 0.00154021 0.0012359 0.00116652 0.00107159 0.000362627
 2.56918e-27 2.60421e-27 4.66069e-26 9.29196e-20 2.27781e-14 6.74956e-10 2.41758e-06 0.00104672 0.0547815 0.346563 0.265274 0.0405686 0.122418 0.11271 0.0218797 0.0215783 0.00732243 0.00307495 0.00123132 0.000597877 0.0003328 0.000221454 0.000180666 0.000159472 5.62532e-05
 2.56931e-27 2.60455e-27 4.68874e-26 9.35112e-20 2.29231e-14 6.79254e-10 2.43297e-06 0.00105338 0.0551303 0.34877 0.266961 0.0406843 0.122113 0.112405 0.0214127 0.0205801 0.0068683 0.00267324 0.000863363 0.000276076 9.83477e-05 4.6531e-05 3.00079e-05 2.38265e-05 8.41771e-06
 2.56884e-27 2.60329e-27 4.57992e-26 9.12156e-20 2.23604e-14 6.62579e-10 2.37325e-06 0.00102752 0.0537769 0.340208 0.260425 0.0408268 0.127789 0.117687 0.0231554 0.0232271 0.00770649 0.00291749 0.000911043 0.000252637 5.84267e-05 1.57972e-05 6.57853e-06 4.21831e-06 1.43182e-06
 2.56712e-27 2.59861e-27 4.16424e-26 8.24466e-20 2.02108e-14 5.98882e-10 2.14509e-06 0.000928744 0.0486071 0.307502 0.235473 0.0421571 0.155444 0.14318 0.0271682 0.0259725 0.00870477 0.00343801 0.0010651 0.000285353 5.86351e-05 1.01614e-05 2.06816e-06 8.44734e-07 2.57927e-07
 2.56857e-27 2.6026e-27 4.52246e-26 9.00037e-20 2.20633e-14 6.53776e-10 2.34172e-06 0.00101387 0.0530625 0.335688 0.256972 0.0406994 0.129246 0.119102 0.0246693 0.0263263 0.0086817 0.00319441 0.00100121 0.000276182 5.52772e-05 8.43668e-06 9.77458e-07 1.70846e-07 3.98059e-08
 2.57039e-27 2.60748e-27 4.94778e-26 9.8976e-20 2.42628e-14 7.18949e-10 2.57515e-06 0.00111494 0.0583521 0.369151 0.282512 0.0399358 0.105491 0.0970593 0.0185614 0.0179458 0.00615338 0.00264047 0.000814091 0.000213629 4.37276e-05 6.59477e-06 6.36058e-07 4.82342e-08 5.6891e-09
 2.57011e-27 2.60666e-27 4.86815e-26 9.72957e-20 2.38509e-14 7.06744e-10 2.53144e-06 0.00109602 0.0573615 0.362885 0.27774 0.0407608 0.115122 0.105822 0.0178704 0.0141419 0.00466452 0.00175408 0.00057258 0.000167951 3.31742e-05 4.97052e-06 4.70703e-07 2.52317e-08 1.11959e-09
 2.5691e-27 2.60393e-27 4.62922e-26 9.22554e-20 2.26153e-14 6.70132e-10 2.4003e-06 0.00103924 0.05439 0.344086 0.263394 0.0412477 0.128907 0.118607 0.021296 0.0187252 0.00588242 0.00172969 0.000517558 0.000140067 3.0544e-05 4.67859e-06 4.34565e-07 2.18417e-08 5.41786e-10
 2.56938e-27 2.60471e-27 4.70082e-26 9.3766e-20 2.29856e-14 6.81104e-10 2.4396e-06 0.00105625 0.0552805 0.34972 0.267689 0.0408109 0.122566 0.112801 0.0211043 0.0197604 0.00636372 0.00210711 0.000583743 0.000126344 2.46542e-05 3.90715e-06 3.81004e-07 1.87724e-08 3.9955e-10
 2.57025e-27 2.60708e-27 4.90934e-26 9.81649e-20 2.40639e-14 7.13058e-10 2.55405e-06 0.00110581 0.057874 0.366126 0.280208 0.0402943 0.109838 0.101028 0.0185055 0.0167996 0.00550329 0.00197881 0.000576797 0.000133718 2.19488e-05 2.92744e-06 2.83716e-07 1.46047e-08 3.02337e-10
 2.57024e-27 2.60698e-27 4.89483e-26 9.78585e-20 2.39888e-14 7.10832e-10 2.54608e-06 0.00110236 0.0576933 0.364984 0.279345 0.040848 0.114658 0.105362 0.0172086 0.0127398 0.00410939 0.00140177 0.000419244 0.000105302 1.8573e-05 2.27152e-06 1.81438e-07 9.0497e-09 1.92951e-10
 2.56951e-27 2.605e-27 4.71872e-26 9.41433e-20 2.30781e-14 6.83845e-10 2.44942e-06 0.0010605 0.055503 0.351127 0.268773 0.0414049 0.126325 0.116129 0.0191516 0.0144494 0.00445313 0.00118488 0.000336666 8.18322e-05 1.53321e-05 2.02586e-06 1.53593e-07 6.42612e-09 1.30783e-10
 2.56795e-27 2.6008e-27 4.35096e-26 8.63852e-20 2.11763e-14 6.27491e-10 2.24757e-06 0.000973111 0.0509291 0.322192 0.24669 0.0421455 0.147476 0.135731 0.0241383 0.0208932 0.00648543 0.00177045 0.000464414 9.11015e-05 1.60657e-05 2.18121e-06 1.7815e-07 7.13164e-09 1.24966e-10
 2.5682e-27 2.60151e-27 4.41837e-26 8.78075e-20 2.15249e-14 6.37822e-10 2.28457e-06 0.000989133 0.0517676 0.327496 0.250732 0.0415951 0.140447 0.129317 0.0243079 0.0229094 0.0073249 0.00233741 0.000630287 0.000123059 1.83484e-05 2.16668e-06 1.77886e-07 7.55462e-09 1.26867e-10
 2.56884e-27 2.60323e-27 4.56855e-26 9.09757e-20 2.23016e-14 6.60836e-10 2.367e-06 0.00102482 0.0536355 0.339313 0.259751 0.0413496 0.132243 0.121693 0.0219856 0.0195374 0.00638064 0.00226525 0.000650514 0.000145069 2.20885e-05 2.33379e-06 1.61956e-07 6.7563e-09 1.18191e-10
 2.56918e-27 2.60412e-27 4.6435e-26 9.25566e-20 2.26891e-14 6.72319e-10 2.40814e-06 0.00104263 0.0545675 0.345209 0.264254 0.0414216 0.129626 0.119215 0.0204044 0.0165439 0.00530305 0.00174183 0.000516152 0.000127665 2.1806e-05 2.47993e-06 1.5834e-07 5.62975e-09 9.50411e-11
 2.56946e-27 2.60488e-27 4.71003e-26 9.396e-20 2.30332e-14 6.82514e-10 2.44465e-06 0.00105844 0.0553949 0.350444 0.268249 0.0413003 0.125896 0.115761 0.0195736 0.0155104 0.00486424 0.00142619 0.000404666 9.51638e-05 1.75413e-05 2.24973e-06 1.57528e-07 5.26245e-09 7.70894e-11
 2.56964e-27 2.60534e-27 4.74975e-26 9.47979e-20 2.32386e-14 6.886e-10 2.46645e-06 0.00106788 0.0558889 0.353569 0.270634 0.041247 0.123815 0.113827 0.0189833 0.0146489 0.00457042 0.00130222 0.000354043 7.50053e-05 1.30187e-05 1.72105e-06 1.36034e-07 4.98138e-09 6.96578e-11
 2.57011e-27 2.60662e-27 4.86103e-26 9.71454e-20 2.3814e-14 7.05652e-10 2.52753e-06 0.00109432 0.0572729 0.362324 0.277317 0.041045 0.117583 0.108047 0.0174342 0.0125678 0.00389101 0.00106683 0.000285974 5.83825e-05 9.29409e-06 1.12729e-06 8.99219e-08 3.67179e-09 5.59005e-11
 2.57035e-27 2.60725e-27 4.91625e-26 9.83103e-20 2.40996e-14 7.14114e-10 2.55784e-06 0.00110745 0.0579597 0.366669 0.280633 0.0409504 0.114533 0.105218 0.0166741 0.0115428 0.00352736 0.000894906 0.000234463 4.61974e-05 7.12978e-06 8.01915e-07 5.81476e-08 2.37417e-09 3.9684e-11
 2.5702e-27 2.60683e-27 4.8779e-26 9.75012e-20 2.39013e-14 7.08237e-10 2.53679e-06 0.00109833 0.0574827 0.363651 0.278332 0.0411884 0.11796 0.108353 0.0167268 0.0108718 0.00329358 0.000793919 0.000201727 3.70549e-05 5.50959e-06 5.95676e-07 4.01396e-08 1.49574e-09 2.48914e-11
 2.57016e-27 2.60671e-27 4.86718e-26 9.72751e-20 2.38458e-14 7.06594e-10 2.5309e-06 0.00109578 0.0573494 0.362808 0.277689 0.0412254 0.118694 0.109031 0.0168558 0.0109934 0.00329759 0.000738992 0.00018296 3.19297e-05 4.47749e-06 4.56012e-07 2.92971e-08 1.01305e-09 1.55137e-11
 2.57021e-27 2.60688e-27 4.88355e-26 9.76204e-20 2.39305e-14 7.09103e-10 2.53989e-06 0.00109967 0.057553 0.364096 0.27867 0.0410541 0.116702 0.107221 0.017059 0.011913 0.00358407 0.000812104 0.000197687 3.22661e-05 4.31927e-06 4.1279e-07 2.47388e-08 8.07484e-10 1.14675e-11
 2.57024e-27 2.60694e-27 4.88718e-26 9.7697e-20 2.39492e-14 7.09659e-10 2.54188e-06 0.00110054 0.0575981 0.364381 0.278889 0.0411431 0.117224 0.107678 0.0166819 0.0109397 0.00331902 0.000806092 0.00019899 3.26095e-05 4.18183e-06 3.74482e-07 2.09725e-08 6.35707e-10 8.45771e-12
 2.57054e-27 2.60776e-27 4.95953e-26 9.92234e-20 2.43234e-14 7.20746e-10 2.58159e-06 0.00111773 0.058498 0.370074 0.283233 0.040951 0.112711 0.103508 0.0158617 0.0101167 0.00303627 0.000685704 0.000170359 2.9655e-05 3.85906e-06 3.37522e-07 1.7662e-08 4.97174e-10 6.12986e-12
 2.57059e-27 2.60791e-27 4.97464e-26 9.95421e-20 2.44015e-14 7.23061e-10 2.58988e-06 0.00112132 0.0586859 0.371263 0.284138 0.0407451 0.110508 0.101514 0.0162072 0.0114063 0.00342445 0.00076303 0.000185589 3.05224e-05 4.09087e-06 3.72505e-07 1.92385e-08 5.0861e-10 5.80318e-12
#obs surv len freq
 1.64819e-41 2.28758e-33 3.83788e-26 7.78315e-20 1.90795e-14 5.6536e-10 2.02503e-06 0.000876766 0.0458865 0.290291 0.222405 0.0442994 0.163926 0.139285 0.042746 0.0344978 0.0111254 0.00375206 0.000798342 0.000102734 5.81468e-06 1.04433e-07 4.40444e-10 3.49689e-13 4.52393e-17
 1.90809e-41 2.64831e-33 4.44308e-26 9.01049e-20 2.20881e-14 6.54512e-10 2.34436e-06 0.00101503 0.0531224 0.336068 0.257372 0.0440907 0.132261 0.106345 0.0333759 0.0253158 0.00795679 0.00252481 0.000493581 5.53828e-05 2.58712e-06 3.62515e-08 1.1431e-10 6.60929e-14 6.13243e-18
 1.93033e-41 2.67917e-33 4.49487e-26 9.1155e-20 2.23456e-14 6.62141e-10 2.37168e-06 0.00102686 0.0537415 0.339985 0.260445 0.0470774 0.140824 0.105952 0.0268256 0.0170819 0.00519296 0.00154115 0.000276996 2.70159e-05 1.03328e-06 1.12391e-08 2.6457e-11 1.11354e-14 7.41041e-19
 1.96715e-41 2.73028e-33 4.58061e-26 9.28938e-20 2.27718e-14 6.74771e-10 2.41692e-06 0.00104644 0.0547666 0.34647 0.265461 0.0487381 0.138803 0.098379 0.0261594 0.0154319 0.00367768 0.000904406 0.000147264 1.24396e-05 3.88135e-07 3.26266e-09 5.72151e-12 1.75329e-15 8.37606e-20
 1.76647e-41 2.45174e-33 4.1133e-26 8.3417e-20 2.04487e-14 6.05932e-10 2.17035e-06 0.000939687 0.0491794 0.311125 0.238664 0.0549068 0.175847 0.116956 0.0308365 0.0167647 0.00387788 0.00079612 9.79785e-05 6.83165e-06 1.72778e-07 1.1207e-09 1.46252e-12 3.26231e-16 1.11973e-20
 1.45914e-41 2.02519e-33 3.39767e-26 6.89041e-20 1.6891e-14 5.00512e-10 1.79275e-06 0.0007762 0.0406232 0.256997 0.197605 0.0625289 0.220628 0.139775 0.0481745 0.0260826 0.00564572 0.00105002 0.000106809 5.42094e-06 1.03636e-07 5.13019e-10 4.98224e-13 8.09821e-17 1.99897e-21
 2.09468e-41 2.90728e-33 4.87756e-26 9.8916e-20 2.42481e-14 7.18515e-10 2.5736e-06 0.00111428 0.0583171 0.368932 0.282759 0.0502923 0.112072 0.0687744 0.0335998 0.0184898 0.00471665 0.000852912 7.50838e-05 2.96467e-06 3.98905e-08 1.40537e-10 9.94766e-14 1.17574e-17 2.09049e-22
 1.98656e-41 2.75721e-33 4.62579e-26 9.381e-20 2.29964e-14 6.81426e-10 2.44076e-06 0.00105676 0.0553068 0.34989 0.268566 0.0602231 0.151844 0.0817587 0.0191025 0.00877914 0.00285468 0.000565148 4.99399e-05 1.63878e-06 1.6321e-08 3.96034e-11 1.92473e-14 1.59868e-18 2.02407e-23
 2.01378e-41 2.79499e-33 4.68917e-26 9.50955e-20 2.33115e-14 6.90763e-10 2.4742e-06 0.00107124 0.0560646 0.354685 0.272355 0.0618545 0.145449 0.074735 0.0230865 0.00884264 0.00153561 0.000289707 2.81537e-05 8.75499e-07 7.04985e-09 1.24026e-11 4.13751e-15 2.32582e-19 2.01416e-24
 1.7187e-41 2.38544e-33 4.00207e-26 8.11612e-20 1.98957e-14 5.89547e-10 2.11166e-06 0.000914276 0.0478496 0.302717 0.233316 0.0764134 0.200343 0.0960936 0.0293544 0.0107396 0.00199777 0.000242082 1.74914e-05 5.30111e-07 3.82717e-09 5.35563e-12 1.30376e-15 5.09714e-20 3.00502e-25
 2.00975e-41 2.7894e-33 4.67979e-26 9.49052e-20 2.32649e-14 6.89381e-10 2.46925e-06 0.0010691 0.0559525 0.353977 0.272197 0.0667967 0.140216 0.0670322 0.0301116 0.0105581 0.00186314 0.00021229 1.09778e-05 2.30037e-07 1.40505e-09 1.67009e-12 3.22211e-16 9.38356e-21 3.9489e-26
 1.84561e-41 2.56158e-33 4.29758e-26 8.7154e-20 2.13648e-14 6.33078e-10 2.26758e-06 0.000981784 0.0513827 0.325072 0.250895 0.0816804 0.180456 0.0757593 0.0235809 0.00820238 0.00178758 0.000191155 8.53407e-06 1.28329e-07 5.27038e-10 4.72226e-13 7.26895e-17 1.66489e-21 5.32384e-27
 1.92726e-41 2.67491e-33 4.48771e-26 9.10098e-20 2.231e-14 6.61086e-10 2.3679e-06 0.00102522 0.0536559 0.339455 0.262026 0.0808329 0.160342 0.0669182 0.0267257 0.00759671 0.00127045 0.000143112 6.14373e-06 7.52029e-08 2.20966e-10 1.32266e-13 1.41397e-17 2.38995e-22 5.80408e-28
 1.62107e-41 2.24993e-33 3.77473e-26 7.65508e-20 1.87655e-14 5.56057e-10 1.9917e-06 0.00086234 0.0451314 0.285536 0.222317 0.104502 0.217284 0.0836947 0.0303868 0.00867555 0.00147546 0.000127834 4.88435e-06 5.40316e-08 1.26713e-10 5.48835e-14 3.99531e-18 4.53994e-23 7.59465e-29
 1.48925e-41 2.06698e-33 3.4678e-26 7.03262e-20 1.72396e-14 5.10842e-10 1.82975e-06 0.00079222 0.0414617 0.262328 0.205482 0.113176 0.223756 0.0933424 0.0458641 0.0118045 0.00183621 0.00014943 4.53963e-06 4.02722e-08 7.87698e-11 2.70307e-14 1.45815e-18 1.16879e-23 1.33858e-29
 1.7229e-41 2.39127e-33 4.01185e-26 8.13594e-20 1.99443e-14 5.90986e-10 2.11682e-06 0.000916509 0.0479664 0.303481 0.236688 0.10299 0.176659 0.0759762 0.0410281 0.0120949 0.00204878 0.000145958 3.79525e-06 2.63597e-08 3.9033e-11 1.03979e-14 4.35572e-19 2.6381e-24 2.20913e-30
 1.68058e-41 2.33254e-33 3.91332e-26 7.93613e-20 1.94545e-14 5.76472e-10 2.06483e-06 0.000893999 0.0467884 0.296042 0.232478 0.11882 0.192381 0.0705881 0.0307714 0.00935845 0.00174343 0.000129329 2.91876e-06 1.62504e-08 1.83772e-11 3.61046e-15 1.11533e-19 5.04265e-25 3.16351e-31
 1.69062e-41 2.34647e-33 3.93669e-26 7.98353e-20 1.95707e-14 5.79915e-10 2.07716e-06 0.000899339 0.0470679 0.297823 0.234813 0.124174 0.185426 0.0703163 0.0307229 0.00741803 0.00124112 9.38253e-05 2.02842e-06 9.54655e-09 8.39491e-12 1.2364e-15 2.79686e-20 9.13915e-26 4.13955e-32
 1.66194e-41 2.30666e-33 3.8699e-26 7.84808e-20 1.92386e-14 5.70076e-10 2.04192e-06 0.000884081 0.0462694 0.292792 0.232547 0.135173 0.187595 0.0685997 0.0284827 0.00666904 0.000925929 5.82255e-05 1.14824e-06 4.79561e-09 3.47408e-12 3.95506e-16 6.66616e-21 1.59265e-26 5.21353e-33
 1.74623e-41 2.42366e-33 4.06619e-26 8.24615e-20 2.02145e-14 5.98991e-10 2.14549e-06 0.000928923 0.0486162 0.307655 0.24462 0.133998 0.168525 0.0634642 0.025842 0.00561081 0.000701757 3.57563e-05 5.55876e-07 1.92355e-09 1.1587e-12 1.0625e-16 1.38826e-21 2.49165e-27 5.99841e-34
 1.70685e-41 2.369e-33 3.97449e-26 8.06018e-20 1.97586e-14 5.85483e-10 2.0971e-06 0.000907974 0.0475199 0.300755 0.241667 0.148133 0.173069 0.0603263 0.0223644 0.00470427 0.000527907 2.25219e-05 2.71229e-07 7.07484e-10 3.28578e-13 2.36399e-17 2.41773e-22 3.34882e-28 6.11232e-35
 1.72801e-41 2.39837e-33 4.02376e-26 8.1601e-20 2.00035e-14 5.92741e-10 2.1231e-06 0.000919229 0.048109 0.304517 0.246206 0.152702 0.164314 0.0587059 0.020379 0.00375801 0.000374664 1.35478e-05 1.28688e-07 2.51564e-10 8.55391e-14 4.52434e-18 3.44979e-23 3.59938e-29 4.96355e-36
 1.7193e-41 2.38628e-33 4.00348e-26 8.11897e-20 1.99027e-14 5.89753e-10 2.1124e-06 0.000914597 0.0478667 0.303035 0.247495 0.161619 0.160792 0.0563728 0.0184466 0.00317903 0.000268334 7.97673e-06 6.02952e-08 8.96495e-11 2.24387e-14 8.57672e-19 4.69774e-24 3.53163e-30 3.53444e-37
 1.7474e-41 2.42527e-33 4.0689e-26 8.25165e-20 2.02279e-14 5.99391e-10 2.14692e-06 0.000929543 0.0486491 0.30804 0.253436 0.165552 0.151651 0.0529106 0.0160929 0.00254467 0.000187071 4.4877e-06 2.62812e-08 2.9719e-11 5.53822e-15 1.54611e-19 6.10227e-25 3.27876e-31 2.33638e-38
 1.678e-41 2.32895e-33 3.9073e-26 7.92393e-20 1.94246e-14 5.75586e-10 2.06165e-06 0.000892625 0.0467172 0.29592 0.248366 0.181439 0.1558 0.053421 0.0151118 0.00218874 0.00013864 2.71075e-06 1.22399e-08 1.03421e-11 1.42315e-15 2.91152e-20 8.35151e-26 3.23523e-32 1.65127e-39
 1.59906e-41 2.21939e-33 3.72349e-26 7.55117e-20 1.85108e-14 5.48509e-10 1.96467e-06 0.000850635 0.04452 0.282149 0.242571 0.196331 0.159837 0.0566573 0.0150129 0.00196149 0.000106295 1.68393e-06 5.88831e-09 3.72602e-12 3.75899e-16 5.58114e-21 1.1572e-26 3.23285e-33 1.187e-40
 1.59511e-41 2.21391e-33 3.7143e-26 7.53251e-20 1.84651e-14 5.47154e-10 1.95982e-06 0.000848533 0.0444104 0.281582 0.245503 0.199692 0.153969 0.0574151 0.0147164 0.00177753 8.17611e-05 1.04118e-06 2.81125e-09 1.33549e-12 9.92197e-17 1.07055e-21 1.59928e-27 3.2038e-34 8.4166e-42
 1.64166e-41 2.27852e-33 3.82269e-26 7.75234e-20 1.9004e-14 5.63122e-10 2.01701e-06 0.000873297 0.045707 0.289923 0.254849 0.199186 0.142746 0.0522477 0.0129275 0.0014783 5.88985e-05 6.03152e-07 1.25165e-09 4.45525e-13 2.44008e-17 1.91932e-22 2.07369e-28 2.98684e-35 5.61735e-43
#pred catch len freq
 2.56559e-27 2.59491e-27 3.8974e-26 7.68198e-20 1.88315e-14 5.5801e-10 1.9987e-06 0.00086536 0.0452898 0.286516 0.219376 0.0375945 0.132029 0.122022 0.0311436 0.040731 0.0188207 0.0162974 0.0109255 0.00892718 0.00742562 0.0067254 0.00700756 0.00634995 0.00195252
 2.5669e-27 2.59812e-27 4.13333e-26 8.1795e-20 2.0051e-14 5.94148e-10 2.12814e-06 0.000921403 0.0482229 0.305072 0.233601 0.0411162 0.148838 0.137161 0.0274088 0.0281285 0.0107798 0.0065852 0.00357815 0.00244381 0.00175954 0.00141183 0.00133255 0.00122412 0.000414241
 2.56765e-27 2.60007e-27 4.29523e-26 8.521e-20 2.08882e-14 6.18955e-10 2.21699e-06 0.000959873 0.0502363 0.317809 0.243334 0.0415918 0.145619 0.134128 0.0258223 0.0251859 0.00853276 0.00356354 0.0014253 0.000691494 0.000384825 0.000256058 0.000208894 0.000184389 6.50425e-05
 2.56762e-27 2.59998e-27 4.28489e-26 8.49917e-20 2.08347e-14 6.17369e-10 2.21131e-06 0.000957414 0.0501076 0.316995 0.242716 0.041838 0.147927 0.136234 0.0257697 0.0245255 0.00817279 0.00316369 0.00102072 0.000326082 0.00011613 5.49401e-05 3.54305e-05 2.8132e-05 9.93881e-06
 2.56742e-27 2.59945e-27 4.24036e-26 8.40523e-20 2.06044e-14 6.10546e-10 2.18687e-06 0.000946832 0.0495538 0.313491 0.24004 0.0417938 0.149471 0.137703 0.026843 0.0266043 0.00881357 0.00331787 0.00103501 0.000286739 6.62953e-05 1.79228e-05 7.46352e-06 4.78578e-06 1.62444e-06
 2.56579e-27 2.595e-27 3.84505e-26 7.57129e-20 1.85601e-14 5.49969e-10 1.9699e-06 0.00085289 0.0446372 0.282387 0.216311 0.0431127 0.176179 0.16231 0.0304962 0.0287515 0.00962035 0.00377811 0.0011693 0.000312967 6.42921e-05 1.11405e-05 2.26736e-06 9.26096e-07 2.82769e-07
 2.56715e-27 2.59874e-27 4.18191e-26 8.28194e-20 2.03022e-14 6.0159e-10 2.15479e-06 0.000932943 0.0488269 0.308892 0.236526 0.0416306 0.150697 0.138914 0.0284878 0.0300532 0.00989622 0.00362074 0.00113364 0.000312417 6.25135e-05 9.54006e-06 1.10526e-06 1.93182e-07 4.501e-08
 2.56917e-27 2.60417e-27 4.6557e-26 9.28143e-20 2.27523e-14 6.74192e-10 2.41484e-06 0.00104553 0.0547195 0.34617 0.264978 0.0407818 0.124248 0.114371 0.021669 0.0206816 0.00707907 0.00302093 0.000930525 0.000243947 4.99198e-05 7.52786e-06 7.2603e-07 5.50567e-08 6.49378e-09
 2.56875e-27 2.60295e-27 4.53957e-26 9.0364e-20 2.21516e-14 6.56393e-10 2.35109e-06 0.00101793 0.0532749 0.337032 0.258016 0.0418069 0.136941 0.12594 0.0211187 0.0164894 0.00543028 0.00203061 0.000662138 0.000194044 3.83186e-05 5.74067e-06 5.43619e-07 2.914e-08 1.29301e-09
 2.56776e-27 2.60029e-27 4.30652e-26 8.54478e-20 2.09465e-14 6.20682e-10 2.22318e-06 0.000962551 0.0503765 0.318695 0.244022 0.0422483 0.150132 0.138184 0.0246024 0.0213389 0.00669515 0.00195727 0.000584948 0.000158152 3.44783e-05 5.28071e-06 4.90477e-07 2.46517e-08 6.11487e-10
 2.56803e-27 2.60106e-27 4.37829e-26 8.69619e-20 2.13177e-14 6.3168e-10 2.26257e-06 0.000979608 0.0512691 0.324343 0.248326 0.0417753 0.143509 0.132126 0.0245018 0.0226471 0.00728338 0.00239785 0.000663616 0.000143484 2.79904e-05 4.43536e-06 4.325e-07 2.13095e-08 4.53548e-10
 2.56926e-27 2.60439e-27 4.67074e-26 9.31314e-20 2.283e-14 6.76495e-10 2.42309e-06 0.00104911 0.0549064 0.347353 0.265885 0.0410315 0.125511 0.115484 0.02094 0.018715 0.00612119 0.00218819 0.000637183 0.000147571 2.4216e-05 3.22941e-06 3.12971e-07 1.61105e-08 3.3351e-10
 2.56927e-27 2.60434e-27 4.65983e-26 9.2901e-20 2.27736e-14 6.74821e-10 2.4171e-06 0.00104651 0.0547706 0.346494 0.265238 0.0416331 0.130544 0.120001 0.0194364 0.0141367 0.0045528 0.00154391 0.000461252 0.000115741 2.04088e-05 2.49574e-06 1.99341e-07 9.94255e-09 2.11987e-10
 2.56836e-27 2.60186e-27 4.4396e-26 8.8255e-20 2.16346e-14 6.41073e-10 2.29622e-06 0.000994174 0.0520315 0.329166 0.252018 0.0423309 0.145143 0.133474 0.0218377 0.0162094 0.00498937 0.00131975 0.00037451 9.09403e-05 1.70339e-05 2.25047e-06 1.70617e-07 7.13828e-09 1.45276e-10
 2.56687e-27 2.59787e-27 4.09115e-26 8.09043e-20 1.98327e-14 5.87679e-10 2.10497e-06 0.00091137 0.0476978 0.30175 0.231094 0.0429835 0.16481 0.151713 0.026713 0.0227422 0.00705056 0.00191325 0.00050129 9.82318e-05 1.73177e-05 2.3509e-06 1.92004e-07 7.68615e-09 1.34682e-10
 2.56719e-27 2.59878e-27 4.17613e-26 8.26972e-20 2.02722e-14 6.00702e-10 2.15161e-06 0.000931567 0.0487548 0.308437 0.23619 0.0423504 0.156411 0.144042 0.0267752 0.0248314 0.00792822 0.00251492 0.000677448 0.00013213 1.9695e-05 2.32537e-06 1.90908e-07 8.10757e-09 1.36153e-10
 2.56794e-27 2.6008e-27 4.35261e-26 8.64202e-20 2.11849e-14 6.27745e-10 2.24848e-06 0.000973505 0.0509498 0.322322 0.246788 0.0420426 0.146624 0.134952 0.0241168 0.0210618 0.0068675 0.00242368 0.000695299 0.000154901 2.35792e-05 2.49096e-06 1.72856e-07 7.21095e-09 1.26144e-10
 2.5683e-27 2.60172e-27 4.43003e-26 8.80531e-20 2.15852e-14 6.39607e-10 2.29097e-06 0.0009919 0.0519125 0.328413 0.25144 0.042129 0.144012 0.132474 0.02245 0.0178723 0.00572015 0.00186762 0.000552804 0.000136597 2.33254e-05 2.65242e-06 1.69346e-07 6.02102e-09 1.01646e-10
 2.56859e-27 2.60251e-27 4.49881e-26 8.95042e-20 2.19409e-14 6.50147e-10 2.32872e-06 0.00100825 0.052768 0.333825 0.25557 0.0420056 0.140172 0.128917 0.0215883 0.0167939 0.00525943 0.00153278 0.000434396 0.000102052 1.88058e-05 2.41163e-06 1.68858e-07 5.6409e-09 8.26332e-11
 2.56888e-27 2.60329e-27 4.56702e-26 9.09431e-20 2.22936e-14 6.60599e-10 2.36615e-06 0.00102445 0.0536163 0.339191 0.259666 0.0418699 0.136261 0.125294 0.0206901 0.015655 0.00487747 0.00138128 0.000375093 7.93826e-05 1.37743e-05 1.82073e-06 1.43907e-07 5.26966e-09 7.36889e-11
 2.56936e-27 2.60457e-27 4.67861e-26 9.3297e-20 2.28706e-14 6.77698e-10 2.4274e-06 0.00105097 0.0550041 0.347971 0.266367 0.0416749 0.130069 0.119549 0.0191149 0.0135053 0.00417544 0.00113787 0.000304651 6.21311e-05 9.88788e-06 1.19916e-06 9.56511e-08 3.90569e-09 5.94615e-11
 2.56968e-27 2.60542e-27 4.75345e-26 9.48758e-20 2.32577e-14 6.89166e-10 2.46848e-06 0.00106876 0.0559348 0.353859 0.270861 0.0415223 0.125751 0.11555 0.0181466 0.0123 0.0037537 0.000946511 0.000247668 4.87483e-05 7.52121e-06 8.45829e-07 6.13295e-08 2.50406e-09 4.1855e-11
 2.56956e-27 2.60509e-27 4.72272e-26 9.42276e-20 2.30987e-14 6.84457e-10 2.45161e-06 0.00106145 0.0555527 0.351441 0.269018 0.0417436 0.128729 0.118269 0.0181007 0.0115086 0.00348179 0.000834148 0.000211673 3.88407e-05 5.77329e-06 6.24103e-07 4.20535e-08 1.56705e-09 2.60779e-11
 2.5694e-27 2.60465e-27 4.68296e-26 9.33888e-20 2.28931e-14 6.78364e-10 2.42979e-06 0.00105201 0.0550581 0.348313 0.266631 0.0418761 0.131415 0.120746 0.0185141 0.0118257 0.00354287 0.000789155 0.000195114 3.40147e-05 4.76834e-06 4.85566e-07 3.11946e-08 1.07865e-09 1.65183e-11
 2.56955e-27 2.60508e-27 4.72299e-26 9.42332e-20 2.31001e-14 6.84498e-10 2.45176e-06 0.00106152 0.055556 0.351462 0.269032 0.0416194 0.127774 0.117419 0.0185106 0.012656 0.00380289 0.000856431 0.0002082 3.39458e-05 4.5426e-06 4.34072e-07 2.60132e-08 8.49068e-10 1.20581e-11
 2.56963e-27 2.60528e-27 4.73957e-26 9.4583e-20 2.31859e-14 6.87039e-10 2.46086e-06 0.00106546 0.0557622 0.352767 0.270029 0.0416724 0.127477 0.117119 0.0179851 0.0115351 0.00349492 0.000843606 0.000207989 3.40479e-05 4.36486e-06 3.90814e-07 2.18862e-08 6.63395e-10 8.82605e-12
 2.56969e-27 2.60545e-27 4.75391e-26 9.48856e-20 2.32601e-14 6.89237e-10 2.46873e-06 0.00106887 0.0559406 0.353896 0.270891 0.0416729 0.126875 0.116555 0.0177257 0.0110832 0.00332224 0.000745791 0.00018504 3.21766e-05 4.18589e-06 3.66055e-07 1.91542e-08 5.39172e-10 6.64765e-12
 2.56903e-27 2.60366e-27 4.59721e-26 9.15798e-20 2.24497e-14 6.65224e-10 2.38272e-06 0.00103163 0.0539916 0.341566 0.261481 0.0419982 0.135962 0.124975 0.0198523 0.0138129 0.00414302 0.000918 0.000223002 3.66371e-05 4.90882e-06 4.46922e-07 2.30809e-08 6.10184e-10 6.9621e-12
#obs catch len freq
 1.64016e-41 2.27644e-33 3.8192e-26 7.74526e-20 1.89866e-14 5.62607e-10 2.01517e-06 0.000872498 0.0456631 0.288878 0.221327 0.044356 0.165002 0.140188 0.042903 0.0346211 0.0113147 0.00389497 0.00085623 0.000114172 6.74712e-06 1.26823e-07 5.57827e-10 4.59595e-13 6.14055e-17
 1.65605e-41 2.29849e-33 3.8562e-26 7.82029e-20 1.91705e-14 5.68058e-10 2.03469e-06 0.00088095 0.0461054 0.291677 0.223526 0.0463692 0.167384 0.134708 0.0425807 0.0324264 0.0102843 0.00330956 0.000664837 7.73574e-05 3.76072e-06 5.48994e-08 1.80014e-10 1.07766e-13 1.03063e-17
 1.9214e-41 2.66678e-33 4.47408e-26 9.07335e-20 2.22422e-14 6.59078e-10 2.36071e-06 0.00102211 0.053493 0.338412 0.25922 0.0458381 0.133958 0.101771 0.0329415 0.0234601 0.00725462 0.00218435 0.000400485 4.02667e-05 1.59929e-06 1.80606e-08 4.40297e-11 1.91323e-14 1.30982e-18
 1.94888e-41 2.70492e-33 4.53806e-26 9.2031e-20 2.25603e-14 6.68504e-10 2.39447e-06 0.00103672 0.054258 0.343252 0.26301 0.0489826 0.141495 0.100182 0.0259624 0.0156057 0.00466716 0.00130803 0.000218914 1.89476e-05 6.09999e-07 5.30505e-09 9.60435e-12 3.02857e-15 1.48449e-19
 1.99102e-41 2.7634e-33 4.63618e-26 9.40209e-20 2.30481e-14 6.82957e-10 2.44624e-06 0.00105914 0.0554311 0.350674 0.268748 0.0506631 0.138326 0.0920929 0.0251059 0.0138127 0.00321101 0.000751561 0.000113247 8.40806e-06 2.18608e-07 1.45814e-09 1.95692e-12 4.47964e-16 1.57366e-20
 1.79835e-41 2.496e-33 4.18755e-26 8.49227e-20 2.08178e-14 6.16869e-10 2.20953e-06 0.000956649 0.0500672 0.316741 0.243067 0.0574764 0.174547 0.108833 0.029395 0.0148564 0.00334 0.000640405 7.30818e-05 4.46336e-06 9.31983e-08 4.76171e-10 4.73335e-13 7.8651e-17 1.98185e-21
 1.4992e-41 2.0808e-33 3.49097e-26 7.07961e-20 1.73548e-14 5.14256e-10 1.84198e-06 0.000797514 0.0417387 0.264054 0.203165 0.066082 0.218986 0.130304 0.0461973 0.0229456 0.00481638 0.000830919 7.69376e-05 3.40493e-06 5.36501e-08 2.08008e-10 1.53193e-13 1.84984e-17 3.34682e-22
 2.12928e-41 2.9553e-33 4.95813e-26 1.0055e-19 2.46486e-14 7.30384e-10 2.61612e-06 0.00113269 0.0592804 0.375027 0.287505 0.0519876 0.109248 0.0633494 0.0317888 0.0160168 0.00395564 0.000652277 5.17076e-05 1.75281e-06 1.93325e-08 5.33014e-11 2.85383e-14 2.49973e-18 3.25252e-23
 2.02567e-41 2.8115e-33 4.71687e-26 9.56573e-20 2.34493e-14 6.94845e-10 2.48882e-06 0.00107757 0.0563959 0.35678 0.273972 0.0624782 0.147265 0.0739222 0.0175933 0.00765293 0.00239642 0.000429771 3.35062e-05 9.29509e-07 7.50499e-09 1.41959e-11 5.21625e-15 3.20764e-19 2.9679e-24
 2.05533e-41 2.85266e-33 4.78593e-26 9.70577e-20 2.37926e-14 7.05017e-10 2.52526e-06 0.00109335 0.0572215 0.362004 0.278103 0.0640336 0.140129 0.0673971 0.0211568 0.00736887 0.00125083 0.000220153 1.85702e-05 4.79214e-07 3.08367e-09 4.19921e-12 1.05674e-15 4.39697e-20 2.78182e-25
 1.77029e-41 2.45705e-33 4.12221e-26 8.35976e-20 2.0493e-14 6.07244e-10 2.17505e-06 0.000941721 0.0492859 0.311805 0.240523 0.0797543 0.193296 0.0867799 0.0268371 0.00899583 0.00159098 0.000175876 1.14014e-05 2.84411e-07 1.61622e-09 1.7333e-12 3.16875e-16 9.15951e-21 3.9462e-26
 2.05796e-41 2.85632e-33 4.79207e-26 9.71821e-20 2.38231e-14 7.05921e-10 2.52849e-06 0.00109475 0.0572949 0.362471 0.278888 0.0689168 0.133442 0.0604357 0.0271812 0.00866523 0.00145232 0.00014855 6.71402e-06 1.17675e-07 5.6545e-10 5.10477e-13 7.34927e-17 1.5779e-21 4.85007e-27
 1.90053e-41 2.6378e-33 4.42547e-26 8.97476e-20 2.20006e-14 6.51917e-10 2.33506e-06 0.001011 0.0529117 0.334748 0.258599 0.0845031 0.171343 0.0674582 0.0210771 0.00682657 0.00138435 0.000131339 5.04123e-06 6.23189e-08 2.02227e-10 1.37846e-13 1.57678e-17 2.65185e-22 6.18081e-28
 1.98233e-41 2.75134e-33 4.61595e-26 9.36105e-20 2.29475e-14 6.79977e-10 2.43557e-06 0.00105452 0.0551892 0.349158 0.269756 0.0832172 0.151091 0.0597817 0.0235635 0.00611487 0.00097161 9.71443e-05 3.50906e-06 3.48028e-08 7.99816e-11 3.63986e-14 2.89377e-18 3.5841e-23 6.32524e-29
 1.68577e-41 2.33974e-33 3.92539e-26 7.96062e-20 1.95145e-14 5.78251e-10 2.0712e-06 0.000896758 0.0469328 0.296938 0.23157 0.108272 0.205437 0.0749248 0.0267756 0.00705859 0.0011058 8.51045e-05 2.7493e-06 2.42869e-08 4.40505e-11 1.44228e-14 7.79732e-19 6.49357e-24 7.88574e-30
 1.55778e-41 2.1621e-33 3.62737e-26 7.35624e-20 1.8033e-14 5.34349e-10 1.91395e-06 0.000828675 0.0433696 0.274406 0.215394 0.117525 0.211917 0.0853339 0.0402434 0.00951349 0.00136698 9.72308e-05 2.47136e-06 1.75296e-08 2.63402e-11 6.78543e-15 2.70893e-19 1.59014e-24 1.32289e-30
 1.79016e-41 2.48462e-33 4.16847e-26 8.45358e-20 2.07229e-14 6.14059e-10 2.19946e-06 0.00095229 0.0498391 0.315335 0.246339 0.105861 0.165379 0.0693145 0.0356393 0.00976043 0.00148445 9.18803e-05 1.97752e-06 1.08784e-08 1.23509e-11 2.46283e-15 7.60708e-20 3.36623e-25 2.04648e-31
 1.74896e-41 2.42744e-33 4.07253e-26 8.25902e-20 2.0246e-14 5.99926e-10 2.14884e-06 0.000930373 0.0486921 0.308096 0.242456 0.121779 0.179134 0.0634309 0.0265647 0.00757141 0.00126151 7.97353e-05 1.46828e-06 6.42579e-09 5.53797e-12 8.12168e-16 1.8465e-20 6.08584e-26 2.76619e-32
 1.76071e-41 2.44375e-33 4.09989e-26 8.31449e-20 2.0382e-14 6.03956e-10 2.16327e-06 0.000936622 0.0490192 0.310182 0.245114 0.126728 0.171874 0.0633217 0.0260066 0.00586885 0.000889795 5.69507e-05 9.8902e-07 3.61369e-09 2.4072e-12 2.63705e-16 4.38096e-21 1.04222e-26 3.4157e-33
 1.73292e-41 2.40518e-33 4.0352e-26 8.1833e-20 2.00604e-14 5.94426e-10 2.12914e-06 0.000921843 0.0482457 0.305314 0.243143 0.137572 0.173347 0.0616069 0.0239689 0.00519825 0.000645089 3.45713e-05 5.44917e-07 1.74842e-09 9.51598e-13 8.02129e-17 9.90535e-22 1.72053e-27 4.07188e-34
 1.81635e-41 2.52098e-33 4.22946e-26 8.57726e-20 2.10261e-14 6.23043e-10 2.23164e-06 0.000966222 0.0505684 0.320026 0.255114 0.135507 0.15477 0.0567978 0.0214499 0.00430166 0.000475291 2.03941e-05 2.53431e-07 6.71679e-10 3.02179e-13 2.0412e-17 1.94776e-22 2.53724e-28 4.4123e-35
 1.77852e-41 2.46847e-33 4.14137e-26 8.39862e-20 2.05882e-14 6.10067e-10 2.18516e-06 0.0009461 0.0495153 0.313408 0.252596 0.14927 0.158307 0.0535879 0.0184444 0.00356109 0.000349346 1.24074e-05 1.18452e-07 2.36138e-10 8.17409e-14 4.31784e-18 3.21442e-23 3.22361e-29 4.24408e-36
 1.79957e-41 2.49768e-33 4.19038e-26 8.49801e-20 2.08319e-14 6.17286e-10 2.21102e-06 0.000957295 0.0501013 0.317157 0.257235 0.15318 0.14983 0.0519336 0.0165591 0.00279528 0.000242121 7.20601e-06 5.37987e-08 7.99615e-11 2.02193e-14 7.8393e-19 4.34182e-24 3.27202e-30 3.24752e-37
 1.79153e-41 2.48652e-33 4.17166e-26 8.46003e-20 2.07388e-14 6.14528e-10 2.20114e-06 0.000953017 0.0498776 0.315804 0.258799 0.161461 0.146162 0.0495841 0.014865 0.0023194 0.000168626 4.09878e-06 2.41657e-08 2.71724e-11 5.04212e-15 1.41041e-19 5.60516e-25 3.03973e-31 2.18598e-38
 1.81877e-41 2.52434e-33 4.2351e-26 8.5887e-20 2.10542e-14 6.23874e-10 2.23462e-06 0.000967512 0.0506364 0.32067 0.264742 0.164614 0.1374 0.0462084 0.0128192 0.00182303 0.000114173 2.21912e-06 1.00843e-08 8.58681e-12 1.18264e-15 2.41167e-20 6.89922e-26 2.67251e-32 1.36772e-39
 1.75147e-41 2.43093e-33 4.07839e-26 8.27089e-20 2.02751e-14 6.00789e-10 2.15193e-06 0.00093171 0.048763 0.308941 0.260308 0.179972 0.141098 0.0464221 0.0119374 0.00154133 8.24246e-05 1.29366e-06 4.50375e-09 2.85535e-12 2.89684e-16 4.32104e-21 8.97274e-27 2.50411e-33 9.17601e-41
 1.67429e-41 2.32381e-33 3.89867e-26 7.90642e-20 1.93817e-14 5.74314e-10 2.0571e-06 0.000890654 0.0466148 0.295507 0.255162 0.194477 0.145106 0.0490677 0.0117527 0.00135762 6.15419e-05 7.76149e-07 2.08002e-09 9.83771e-13 7.30046e-17 7.89117e-22 1.18303e-27 2.37874e-34 6.26607e-42
 1.67068e-41 2.31879e-33 3.89026e-26 7.88936e-20 1.93399e-14 5.73075e-10 2.05266e-06 0.000888732 0.0465148 0.295024 0.25833 0.197198 0.139907 0.0494704 0.0114132 0.00120486 4.59183e-05 4.61932e-07 9.507e-10 3.36363e-13 1.83405e-17 1.43861e-22 1.55251e-28 2.23687e-35 4.21328e-43
#spawning biomass
 5453.22 6517.19 7861.68 10749.9 15711.5 17172.7 16504 22015.4 31906.8 44828.3 56276 78231.9 99311.7 117541 127418 113172 102846 95961.3 94474.3 96852.8 97748.2 106517 111564 111876 121776 125120 127688 159950 233621 387303 416342 392578 343946 289243 238822 196928 164268 139863 122160 109592 100810 94739.5 90552.6 87666.4 85751.8 84481.6 83639 83080 82709.1 82463.1 82299.9 82191.6 82119.8 82072.2 82040.5 82019.6 82005.7 81996.4 81990.3 81986.2 81983.6 81981.8 81980.6 81979.8 81979.3 81978.9 81978.7 81978.5 81978.4 81978.4 81978.3 81978.3 81978.3 81978.3 81978.3 81978.3 81978.2 81978.2 81978.2 81978.2 81978.2 81978.2 81978.2 81978.2 81978.2 81978.2 81978.2 81978.2 81978.2 81978.2 81978.2 81978.2 81978.2 81978.2 81978.2 81978.2 81978.2 81978.2 81978.2 81978.2 81978.2 81978.2 81978.2 81978.2 81978.2 81978.2 81978.2 81978.2 81978.2 81978.2 81978.2 81978.2 81978.2 81978.2 81978.2 81978.2 81978.2 81978.2 81978.2 81978.2 81978.2 81978.2 81978.2 81978.2 81978.2 81978.2 81978.2 81978.2 0 0 0 0 0 0 0 0 0 0 0 0 0 0 0 0 0 0 0 0 0 0 0 0 0
