SBPRF35
0.178135
Curr Bio
133519
B35
199054
F35
0.653136
FOFL
0.653136
OFL
91135.2
Bzero
50895.7
#pred survey bio
 7808.12 8586.6 10560.5 12272.4 20045.2 32006.3 29762.6 37204.5 49316.7 59601.4 75798.3 98685.7 123890 143027 149987 126382 128561 124612 117657 106934 110412 121858 132219 137520 142187 150124 141789 127526 146575 6.13605e+06 4.93319e+06 3.01339e+06 1.72536e+06 1.06078e+06 743485 593286 519850 481989 461362 449609 442703 438569 436069 434540 433604 433043 432707 432505 432383 432309 432265 432238 432222 432212 432206 432203 432201 432199 432199 432198 432198 432198 432198 432197 432197 432197 432197 432197 432197 432197 432197 432197 432197 432197 432197 432197 432197 432197 432197 432197 432197 432197 432197 432197 432197 432197 432197 432197 432197 432197 432197 432197 432197 432197 432197 432197 432197 432197 432197 432197 432197 432197 432197 432197 432197 432197 432197 432197 432197 432197 432197 432197 432197 432197 432197 432197 432197 432197 432197 432197 432197 432197 432197 432197 432197 432197 432197 432197 432197 0 0 0 0 0 0 0 0 0 0 0 0 0 0 0 0 0 0 0 0 0 0 0 0 0
#obs survey bio
 6761.98 8343.11 11351 10262.6 30663.7 28692.1 30140 35549.9 59177.7 57452 87694.5 121882 155723 149451 78477.3 112132 142326 131314 79926.7 107136 152216 127488 128090 107406 184790 144341 102291 94092.4 129286
#pred catch bio
 4008.45 4812.65 6194.63 7057.49 8930 20399.8 18065.7 21841.4 30389.4 36017 46174.8 60856.3 78406.8 89673.9 107123 87580.2 90989 88433.6 88270.3 78644.9 79528.6 88411.7 98069.5 104910 106842 116595 113361 95602.7 31367.5 91135.2 86278.5 48252.3 24563.6 13603 9099.55 7380.11 6755.68 6536.83 6462.09 6437.05 6428.79 6426.09 6425.21 6424.93 6424.84 6424.81 6424.8 6424.8 6424.8 6424.8 6424.8 6424.8 6424.8 6424.8 6424.8 6424.8 6424.8 6424.8 6424.8 6424.8 6424.8 6424.8 6424.8 6424.8 6424.8 6424.8 6424.8 6424.8 6424.8 6424.8 6424.8 6424.8 6424.8 6424.8 6424.8 6424.8 6424.8 6424.8 6424.8 6424.8 6424.8 6424.8 6424.8 6424.8 6424.8 6424.8 6424.8 6424.8 6424.8 6424.8 6424.8 6424.8 6424.8 6424.8 6424.8 6424.8 6424.8 6424.8 6424.8 6424.8 6424.8 6424.8 6424.8 6424.8 6424.8 6424.8 6424.8 6424.8 6424.8 6424.8 6424.8 6424.8 6424.8 6424.8 6424.8 6424.8 6424.8 6424.8 6424.8 6424.8 6424.8 6424.8 6424.8 6424.8 6424.8 6424.8 6424.8 6424.8 6424.8 0 0 0 0 0 0 0 0 0 0 0 0 0 0 0 0 0 0 0 0 0 0 0 0 0
#obs catch bio
 4450.75 4769.18 6155.22 7037.35 8646.48 20124.2 18055.4 21403.4 29492.4 35184.1 44409.5 58848.8 75119.4 86996.6 106991 87236.6 90921.9 85982.9 88291.9 77833.1 77514.9 86250.7 95262.8 102590 102944 113420 112131 95351 30863.7
#pred cpue bio
 6610.64 6696.64 8154.74 9535.1 14426.5 25178.4 23599.3 27764.2 37452.1 45310.9 57278.3 74073.6 93623.3 109042 117371 97066.5 96502.7 94469.8 89341.8 79312.2 81152.3 89467.7 97130.2 100799 102828 109478 103681 92428.6 105035 5.15064e+06 4.85372e+06 2.97617e+06 1.67937e+06 1.01361e+06 696200 545991 472554 434693 414066 402312 395406 391273 388772 387244 386307 385747 385410 385208 385086 385013 384969 384942 384926 384916 384910 384906 384904 384903 384902 384902 384901 384901 384901 384901 384901 384901 384901 384901 384901 384901 384901 384901 384901 384901 384901 384901 384901 384901 384901 384901 384901 384901 384901 384901 384901 384901 384901 384901 384901 384901 384901 384901 384901 384901 384901 384901 384901 384901 384901 384901 384901 384901 384901 384901 384901 384901 384901 384901 384901 384901 384901 384901 384901 384901 384901 384901 384901 384901 384901 384901 384901 384901 384901 384901 384901 384901 384901 384901 384901 0 0 0 0 0 0 0 0 0 0 0 0 0 0 0 0 0 0 0 0 0 0 0 0 0
#obs cpue bio
 6454.76 9932.68 6929.4 13203.8 22545.5 21197.5 27089.8 41989 57188.1 61129.9 110030 92452.8 157401 140668 188234 121667 87622.3 162821 111688 100453 96275.4 124789 160269 177028 154831 163542 158995 140429 144580
#pred surv len freq
 2.56823e-27 2.60201e-27 4.51657e-26 8.98812e-20 2.20333e-14 6.52886e-10 2.33853e-06 0.00101249 0.0529902 0.335231 0.256556 0.0364821 0.0974414 0.090024 0.0240639 0.0325823 0.015468 0.0139145 0.00952328 0.00790783 0.00666378 0.00609786 0.00640762 0.0058345 0.00179696
 2.57035e-27 2.60742e-27 4.95008e-26 9.90247e-20 2.42747e-14 7.19303e-10 2.57642e-06 0.00111549 0.0583808 0.369333 0.282639 0.0392023 0.0998192 0.0918561 0.0181316 0.018335 0.00719554 0.00465134 0.00262447 0.00185237 0.00136467 0.00111309 0.00106402 0.000984788 0.000334081
 2.57022e-27 2.60699e-27 4.9021e-26 9.80122e-20 2.40265e-14 7.11948e-10 2.55008e-06 0.00110409 0.0577839 0.365557 0.279773 0.0402446 0.109766 0.100954 0.0183324 0.0164324 0.00553104 0.00227051 0.000939868 0.000481831 0.000280809 0.000192526 0.000160305 0.000143175 5.06951e-05
 2.56991e-27 2.60615e-27 4.82739e-26 9.64361e-20 2.36402e-14 7.005e-10 2.50907e-06 0.00108633 0.0568548 0.359679 0.275288 0.0404805 0.114712 0.105538 0.019524 0.0179851 0.00583254 0.00201151 0.000634938 0.000202384 7.65988e-05 3.84581e-05 2.5755e-05 2.08543e-05 7.41136e-06
 2.57255e-27 2.61332e-27 5.46276e-26 1.0984e-19 2.69259e-14 7.97862e-10 2.85781e-06 0.00123732 0.064757 0.40967 0.31343 0.0385666 0.0733497 0.0673775 0.0129253 0.0125369 0.00410325 0.0014646 0.000432777 0.000108386 2.46083e-05 7.03719e-06 3.15692e-06 2.10148e-06 7.20537e-07
 2.56931e-27 2.60446e-27 4.67287e-26 9.3176e-20 2.2841e-14 6.76819e-10 2.42425e-06 0.00104961 0.0549327 0.34752 0.266018 0.0414258 0.128418 0.118071 0.0196555 0.0151344 0.00503731 0.00195977 0.00059251 0.000149013 2.7798e-05 4.57664e-06 9.94011e-07 4.39313e-07 1.36915e-07
 2.56907e-27 2.60388e-27 4.62938e-26 9.2259e-20 2.26162e-14 6.70158e-10 2.40039e-06 0.00103928 0.0543921 0.344099 0.263398 0.0408831 0.12613 0.11613 0.022424 0.0219214 0.00685323 0.00194498 0.000588284 0.000159005 3.01653e-05 4.19111e-06 4.56742e-07 8.7069e-08 2.13482e-08
 2.57143e-27 2.61032e-27 5.19987e-26 1.04294e-19 2.55664e-14 7.57579e-10 2.71352e-06 0.00117485 0.0614874 0.388986 0.297645 0.0391408 0.088809 0.0816864 0.016236 0.016498 0.00549672 0.00210136 0.000583923 0.00012332 2.41546e-05 3.47014e-06 3.04264e-07 2.21718e-08 2.84022e-09
 2.5707e-27 2.60824e-27 5.00721e-26 1.00229e-19 2.457e-14 7.28054e-10 2.60777e-06 0.00112906 0.0590911 0.373826 0.286089 0.0403889 0.106426 0.097786 0.0162412 0.0124513 0.00418421 0.00169282 0.00052849 0.000137167 2.23657e-05 2.94104e-06 2.62764e-07 1.28438e-08 5.65559e-10
 2.57067e-27 2.60819e-27 5.00511e-26 1.00185e-19 2.45592e-14 7.27732e-10 2.60662e-06 0.00112856 0.059065 0.373661 0.285961 0.0402269 0.105284 0.0967857 0.0170407 0.0145081 0.00452435 0.00128197 0.000394339 0.000111035 2.18968e-05 2.80405e-06 2.19176e-07 1.01515e-08 2.31609e-10
 2.5709e-27 2.60882e-27 5.06089e-26 1.01362e-19 2.48476e-14 7.3628e-10 2.63723e-06 0.00114182 0.0597588 0.37805 0.289309 0.0400184 0.101345 0.0931569 0.0165081 0.0142139 0.00454128 0.00145427 0.000396534 8.40957e-05 1.70635e-05 2.54791e-06 2.07601e-07 8.53575e-09 1.64143e-10
 2.57112e-27 2.60941e-27 5.11235e-26 1.02447e-19 2.51137e-14 7.44165e-10 2.66547e-06 0.00115405 0.0603987 0.382099 0.292399 0.0399521 0.0986695 0.0906674 0.0156915 0.0129773 0.00415341 0.00134902 0.000384347 8.63422e-05 1.38599e-05 1.87285e-06 1.73199e-07 7.50107e-09 1.30012e-10
 2.57087e-27 2.6087e-27 5.04836e-26 1.01097e-19 2.47828e-14 7.34359e-10 2.63035e-06 0.00113884 0.0596029 0.377064 0.288559 0.0402353 0.103522 0.0951258 0.0161268 0.0128448 0.00406717 0.00125525 0.000357206 8.22654e-05 1.40051e-05 1.66594e-06 1.32625e-07 6.26284e-09 1.13567e-10
 2.57055e-27 2.60784e-27 4.9723e-26 9.94929e-20 2.43895e-14 7.22704e-10 2.5886e-06 0.00112077 0.0586569 0.371079 0.283993 0.0404402 0.10829 0.0995326 0.0170329 0.0138003 0.00433206 0.00127283 0.000353563 7.8161e-05 1.34556e-05 1.67003e-06 1.22525e-07 5.04783e-09 9.62161e-11
 2.56955e-27 2.60514e-27 4.73528e-26 9.44928e-20 2.31638e-14 6.86384e-10 2.45851e-06 0.00106444 0.0557091 0.352431 0.269762 0.0410264 0.122749 0.112902 0.019891 0.0169572 0.00534941 0.00160616 0.000440086 9.28374e-05 1.53571e-05 1.88635e-06 1.4241e-07 5.47971e-09 9.35656e-11
 2.57028e-27 2.60713e-27 4.91038e-26 9.81867e-20 2.40693e-14 7.13216e-10 2.55462e-06 0.00110605 0.0578868 0.366208 0.280275 0.0405607 0.111819 0.102801 0.0178365 0.0148146 0.00470739 0.00147212 0.000408126 8.71235e-05 1.39336e-05 1.6317e-06 1.20709e-07 4.70393e-09 7.54849e-11
 2.5711e-27 2.60933e-27 5.10399e-26 1.02271e-19 2.50705e-14 7.42884e-10 2.66088e-06 0.00115206 0.0602947 0.381441 0.291899 0.0400861 0.10004 0.0919094 0.0154998 0.0122232 0.00386058 0.00117591 0.000329569 7.29509e-05 1.18477e-05 1.36429e-06 9.60635e-08 3.65204e-09 5.85288e-11
 2.57069e-27 2.6082e-27 5.00017e-26 1.00081e-19 2.45336e-14 7.26973e-10 2.6039e-06 0.00112739 0.0590034 0.373271 0.28567 0.0406809 0.108943 0.10006 0.015781 0.0108083 0.00336338 0.000956901 0.000263451 5.72867e-05 9.54576e-06 1.1282e-06 7.86876e-08 2.86077e-09 4.46219e-11
 2.57065e-27 2.60809e-27 4.99185e-26 9.99052e-20 2.44905e-14 7.25699e-10 2.59933e-06 0.00112541 0.0588999 0.372617 0.285169 0.0405982 0.108665 0.099834 0.0162791 0.0119961 0.00364398 0.000881208 0.000231825 4.74503e-05 7.72082e-06 9.20109e-07 6.60178e-08 2.3864e-09 3.58072e-11
 2.57145e-27 2.61025e-27 5.18253e-26 1.03928e-19 2.54766e-14 7.54918e-10 2.70399e-06 0.00117072 0.0612714 0.38762 0.296617 0.0401188 0.0969739 0.0890224 0.0139471 0.00940078 0.00288099 0.000745837 0.000188986 3.34206e-05 5.07222e-06 5.78414e-07 4.1457e-08 1.53413e-09 2.2934e-11
 2.57173e-27 2.61099e-27 5.24687e-26 1.05285e-19 2.58094e-14 7.64777e-10 2.7393e-06 0.00118601 0.0620717 0.392682 0.300482 0.04002 0.0935069 0.0858025 0.0130057 0.00806139 0.00243098 0.000571564 0.000145516 2.68892e-05 3.70702e-06 3.75407e-07 2.53813e-08 9.3138e-10 1.41662e-11
 2.57176e-27 2.61108e-27 5.25425e-26 1.05441e-19 2.58475e-14 7.65908e-10 2.74336e-06 0.00118777 0.0621635 0.393263 0.300925 0.0400065 0.093093 0.0854199 0.012926 0.00797415 0.0023769 0.000511887 0.000125024 2.13905e-05 3.00788e-06 2.93375e-07 1.74196e-08 5.93885e-10 8.90308e-12
 2.57174e-27 2.61101e-27 5.24831e-26 1.05315e-19 2.58168e-14 7.64998e-10 2.74009e-06 0.00118636 0.0620896 0.392796 0.300568 0.0400463 0.0936464 0.0859254 0.0129237 0.00784146 0.00233456 0.000499012 0.000119067 1.87257e-05 2.45471e-06 2.32137e-07 1.34655e-08 4.08664e-10 5.64055e-12
 2.5718e-27 2.61119e-27 5.26328e-26 1.05631e-19 2.58942e-14 7.67291e-10 2.74831e-06 0.00118991 0.0622757 0.393973 0.301467 0.0400325 0.0929097 0.0852385 0.0126724 0.00744097 0.00220744 0.000461223 0.000109401 1.69795e-05 2.10464e-06 1.82346e-07 1.00284e-08 2.94205e-10 3.67087e-12
 2.57221e-27 2.6123e-27 5.36183e-26 1.0771e-19 2.64038e-14 7.82393e-10 2.8024e-06 0.00121333 0.0635014 0.401727 0.307384 0.0397561 0.0866495 0.0794572 0.0115689 0.00637923 0.00188022 0.000376757 8.81759e-05 1.34017e-05 1.64189e-06 1.36523e-07 6.8754e-09 1.88724e-10 2.24831e-12
 2.57194e-27 2.61156e-27 5.29527e-26 1.06306e-19 2.60596e-14 7.72193e-10 2.76586e-06 0.00119751 0.0626735 0.39649 0.303389 0.0400289 0.0915323 0.0839463 0.0120614 0.00637125 0.00186282 0.00035086 8.0328e-05 1.17499e-05 1.4095e-06 1.14935e-07 5.57982e-09 1.41131e-10 1.56195e-12
 2.57185e-27 2.61131e-27 5.27304e-26 1.05837e-19 2.59446e-14 7.68786e-10 2.75366e-06 0.00119223 0.0623971 0.394741 0.302055 0.0401204 0.093166 0.0854485 0.0122299 0.00637677 0.00185366 0.000331474 7.40344e-05 1.02199e-05 1.18244e-06 9.31658e-08 4.41533e-09 1.07549e-10 1.10408e-12
 2.57213e-27 2.61205e-27 5.33838e-26 1.07215e-19 2.62826e-14 7.788e-10 2.78953e-06 0.00120776 0.0632098 0.399882 0.305978 0.0399315 0.0889722 0.0815766 0.0115107 0.0057114 0.00165444 0.000289508 6.36592e-05 8.35678e-06 9.23641e-07 6.89026e-08 3.13659e-09 7.41466e-11 7.31947e-13
 2.57249e-27 2.61304e-27 5.42759e-26 1.09097e-19 2.67439e-14 7.92469e-10 2.83849e-06 0.00122896 0.0643193 0.406901 0.311331 0.0395461 0.0822776 0.0754272 0.0109348 0.0059456 0.00172106 0.000291767 6.3425e-05 8.15e-06 8.7137e-07 6.14758e-08 2.63771e-09 5.94607e-11 5.66994e-13
#obs surv len freq
 1.76163e-41 2.44503e-33 4.10205e-26 8.31887e-20 2.03927e-14 6.04274e-10 2.16441e-06 0.000937116 0.0490449 0.310272 0.237656 0.0440534 0.152521 0.129229 0.0365913 0.028143 0.00840733 0.00258836 0.000494109 5.72062e-05 2.91278e-06 4.70636e-08 1.79593e-10 1.3059e-13 1.56814e-17
 2.17277e-41 3.01567e-33 5.05941e-26 1.02604e-19 2.51521e-14 7.45303e-10 2.66955e-06 0.00115582 0.0604912 0.382685 0.29292 0.041997 0.0973147 0.0779312 0.0226049 0.0164228 0.00480346 0.00140128 0.000244791 2.43554e-05 1.01426e-06 1.28373e-08 3.69238e-11 1.96576e-14 1.69652e-18
 1.72509e-41 2.39432e-33 4.01696e-26 8.14632e-20 1.99698e-14 5.9174e-10 2.11952e-06 0.000917678 0.0480276 0.303837 0.232935 0.0512106 0.181571 0.135608 0.0265251 0.0141122 0.00397295 0.00108849 0.00017601 1.5198e-05 5.13154e-07 5.0108e-09 1.07857e-11 4.20511e-15 2.61633e-19
 2.09538e-41 2.90825e-33 4.87918e-26 9.89489e-20 2.42562e-14 7.18754e-10 2.57446e-06 0.00111465 0.0583365 0.369054 0.282635 0.0458152 0.113019 0.0810057 0.0275551 0.017424 0.00329019 0.000646946 9.42226e-05 7.09281e-06 1.95651e-07 1.46828e-09 2.34307e-12 6.65004e-16 2.97963e-20
 2.37124e-41 3.29113e-33 5.52155e-26 1.11976e-19 2.74496e-14 8.13381e-10 2.9134e-06 0.0012614 0.0660167 0.417641 0.319707 0.0443042 0.0791878 0.0521384 0.0116171 0.0060417 0.00170638 0.000341838 3.19252e-05 1.87967e-06 4.22129e-08 2.45268e-10 2.90567e-13 5.97849e-17 1.91992e-21
 1.31665e-41 1.82743e-33 3.06589e-26 6.21756e-20 1.52416e-14 4.51637e-10 1.61769e-06 0.000700404 0.0366564 0.231902 0.17867 0.071259 0.272653 0.166679 0.0281377 0.0108457 0.00205316 0.00039668 4.24079e-05 1.74836e-06 2.74338e-08 1.20727e-10 1.068e-13 1.60139e-17 3.6889e-22
 2.21249e-41 3.07079e-33 5.15189e-26 1.04479e-19 2.56118e-14 7.58926e-10 2.71835e-06 0.00117695 0.0615969 0.389681 0.298494 0.0467578 0.0890556 0.0566081 0.0355467 0.0182654 0.00248543 0.000302792 2.5271e-05 1.01315e-06 1.18439e-08 3.48584e-11 2.18904e-14 2.38192e-18 3.95724e-23
 1.98794e-41 2.75913e-33 4.62901e-26 9.38753e-20 2.30124e-14 6.819e-10 2.44246e-06 0.0010575 0.0553453 0.350133 0.268773 0.0609872 0.155004 0.0825213 0.0158243 0.00728219 0.00266941 0.000379802 1.93941e-05 5.3455e-07 5.20734e-09 1.15926e-11 4.90812e-15 3.61655e-19 4.20585e-24
 2.02954e-41 2.81687e-33 4.72588e-26 9.58398e-20 2.3494e-14 6.9617e-10 2.49357e-06 0.00107963 0.0565035 0.357461 0.274458 0.0614029 0.142896 0.0734525 0.0227536 0.0084503 0.00127788 0.00024321 1.8998e-05 3.78716e-07 2.33423e-09 3.83699e-12 1.21847e-15 6.29807e-20 4.9396e-25
 1.98629e-41 2.75684e-33 4.62517e-26 9.37975e-20 2.29934e-14 6.81335e-10 2.44043e-06 0.00105662 0.0552994 0.349845 0.268928 0.0668901 0.153612 0.0733346 0.021597 0.00783538 0.0014293 0.000158938 1.04775e-05 2.64206e-07 1.37981e-09 1.45957e-12 3.10841e-16 1.15334e-20 6.51398e-26
 2.09618e-41 2.90937e-33 4.88106e-26 9.8987e-20 2.42655e-14 7.19031e-10 2.57545e-06 0.00111508 0.058359 0.369201 0.283769 0.0659431 0.133597 0.0604202 0.019784 0.00655848 0.00112005 0.000124377 5.98792e-06 1.12339e-07 5.87999e-10 5.60216e-13 8.53688e-17 2.07359e-21 7.85617e-27
 2.03996e-41 2.83134e-33 4.75015e-26 9.63321e-20 2.36147e-14 6.99747e-10 2.50638e-06 0.00108518 0.0567938 0.359302 0.276646 0.0733175 0.147353 0.0612739 0.0177932 0.00541072 0.000925723 9.24279e-05 3.97433e-06 5.61435e-08 2.09358e-10 1.66624e-13 2.22031e-17 4.31007e-22 1.16736e-27
 1.99268e-41 2.76572e-33 4.64006e-26 9.40995e-20 2.30674e-14 6.83529e-10 2.44829e-06 0.00106002 0.0554775 0.350978 0.270754 0.0796832 0.154616 0.0614414 0.0197945 0.00533637 0.000783245 7.10504e-05 2.68389e-06 3.1262e-08 8.73061e-11 4.87125e-14 4.78594e-18 7.36472e-23 1.61233e-28
 1.86694e-41 2.59119e-33 4.34727e-26 8.81617e-20 2.16118e-14 6.40397e-10 2.2938e-06 0.000993136 0.0519768 0.328838 0.254667 0.0913455 0.175513 0.0668222 0.0230174 0.00591383 0.00084575 6.39367e-05 2.00921e-06 1.93308e-08 4.24746e-11 1.76415e-14 1.22663e-18 1.31972e-23 2.07681e-29
 1.68355e-41 2.33665e-33 3.92022e-26 7.95012e-20 1.94888e-14 5.77489e-10 2.06847e-06 0.000895576 0.0468709 0.296546 0.231185 0.106607 0.201875 0.0767669 0.0305755 0.00753674 0.00106394 7.34935e-05 1.89896e-06 1.42543e-08 2.4374e-11 7.72515e-15 3.98338e-19 3.0881e-24 3.42129e-30
 1.90906e-41 2.64965e-33 4.44534e-26 9.01505e-20 2.20993e-14 6.54844e-10 2.34555e-06 0.00101554 0.0531494 0.336265 0.261202 0.0954687 0.154841 0.0613359 0.0284621 0.00714699 0.00104189 6.70284e-05 1.50509e-06 8.97865e-09 1.15523e-11 2.72633e-15 1.04433e-19 5.96175e-25 4.80282e-31
 1.86757e-41 2.59207e-33 4.34873e-26 8.81914e-20 2.16191e-14 6.40613e-10 2.29457e-06 0.00099347 0.0519943 0.328971 0.256921 0.109277 0.168468 0.056654 0.0205027 0.00533899 0.000824909 5.18443e-05 1.03931e-06 5.12103e-09 5.1071e-12 8.93427e-16 2.48888e-20 1.0301e-25 6.01983e-32
 1.83777e-41 2.55071e-33 4.27934e-26 8.67841e-20 2.12741e-14 6.30391e-10 2.25796e-06 0.000977617 0.0511647 0.323736 0.254017 0.117065 0.168503 0.0578918 0.021596 0.00441529 0.000593986 3.69535e-05 6.83015e-07 2.86305e-09 2.28056e-12 3.04895e-16 6.28719e-21 1.88639e-26 7.90786e-33
 1.86509e-41 2.58862e-33 4.34295e-26 8.80742e-20 2.15903e-14 6.39761e-10 2.29152e-06 0.000992149 0.0519252 0.328561 0.258655 0.121212 0.159906 0.0542451 0.020025 0.00399972 0.000452756 2.26301e-05 3.69918e-07 1.34381e-09 8.7699e-13 9.18789e-17 1.43834e-21 3.20319e-27 9.80259e-34
 1.94059e-41 2.69341e-33 4.51876e-26 9.16395e-20 2.24644e-14 6.6566e-10 2.38429e-06 0.00103231 0.0540273 0.341874 0.269541 0.121425 0.144615 0.0474511 0.016539 0.00314957 0.000330105 1.3571e-05 1.70717e-07 4.98729e-10 2.65359e-13 2.2148e-17 2.68603e-22 4.5305e-28 1.03232e-34
 1.94055e-41 2.69336e-33 4.51866e-26 9.16376e-20 2.24639e-14 6.65646e-10 2.38423e-06 0.00103229 0.0540262 0.341894 0.271171 0.129752 0.142581 0.0434301 0.0135282 0.00235304 0.000221946 7.89046e-06 7.83333e-08 1.70555e-10 6.82697e-14 4.38066e-18 4.10146e-23 5.29357e-29 9.11318e-36
 1.97976e-41 2.74777e-33 4.60995e-26 9.3489e-20 2.29177e-14 6.79094e-10 2.4324e-06 0.00105315 0.0551177 0.348825 0.27764 0.131684 0.132052 0.0400399 0.0116783 0.00176084 0.000141667 4.2416e-06 3.4089e-08 5.68243e-11 1.66815e-14 7.76283e-19 5.32097e-24 5.09021e-30 6.53896e-37
 1.91146e-41 2.65297e-33 4.45092e-26 9.02637e-20 2.21271e-14 6.55666e-10 2.34849e-06 0.00101681 0.0532163 0.336852 0.271461 0.147029 0.138362 0.039835 0.010651 0.00147249 9.92714e-05 2.37656e-06 1.50615e-08 1.93875e-11 4.27307e-15 1.45377e-19 7.16163e-25 4.897e-31 4.50977e-38
 1.96371e-41 2.7255e-33 4.5726e-26 9.27313e-20 2.2732e-14 6.73591e-10 2.41269e-06 0.00104461 0.0546713 0.346095 0.279705 0.145344 0.125043 0.037364 0.00949914 0.00116328 6.69083e-05 1.28007e-06 6.17286e-09 5.97102e-12 9.82628e-16 2.47127e-20 8.89044e-26 4.38775e-32 2.88993e-39
 1.93883e-41 2.69096e-33 4.51465e-26 9.15562e-20 2.24439e-14 6.65055e-10 2.38212e-06 0.00103138 0.0539787 0.341791 0.279491 0.155709 0.123979 0.0348206 0.00820099 0.000949079 4.65481e-05 7.13173e-07 2.62842e-09 1.87798e-12 2.25391e-16 4.12597e-21 1.07947e-26 3.86448e-33 1.83882e-40
 1.87308e-41 2.59972e-33 4.36157e-26 8.84517e-20 2.16829e-14 6.42504e-10 2.30134e-06 0.000996403 0.0521487 0.330326 0.274877 0.169532 0.127279 0.036164 0.00783503 0.000805033 3.44404e-05 4.30466e-07 1.21689e-09 6.45616e-13 5.63661e-17 7.41901e-22 1.38993e-27 3.56301e-34 1.2152e-41
 1.79609e-41 2.49285e-33 4.18227e-26 8.48157e-20 2.07916e-14 6.16092e-10 2.20674e-06 0.000955443 0.0500055 0.316918 0.269619 0.184254 0.131227 0.0383549 0.00790115 0.000736171 2.64877e-05 2.69252e-07 5.94761e-10 2.36752e-13 1.51251e-17 1.43713e-22 1.9275e-28 3.51906e-35 8.526e-43
 1.83065e-41 2.54083e-33 4.26276e-26 8.6448e-20 2.11917e-14 6.27949e-10 2.24921e-06 0.000973831 0.0509684 0.323125 0.276659 0.181689 0.121414 0.0371243 0.00738273 0.000640987 1.97509e-05 1.60908e-07 2.74935e-10 8.28656e-14 3.92604e-18 2.71865e-23 2.62659e-29 3.43021e-36 5.91907e-44
 1.83073e-41 2.54093e-33 4.26293e-26 8.64514e-20 2.11925e-14 6.27974e-10 2.2493e-06 0.00097387 0.0509704 0.323138 0.276675 0.181957 0.122374 0.0365209 0.00683 0.000542941 1.47744e-05 1.031e-07 1.47472e-10 3.6646e-14 1.41752e-18 7.96161e-24 6.21022e-30 6.52636e-37 9.0408e-45
#pred catch len freq
 2.5662e-27 2.59658e-27 4.04889e-26 8.00157e-20 1.96149e-14 5.81224e-10 2.08185e-06 0.000901361 0.047174 0.298435 0.228465 0.0367741 0.119399 0.110388 0.0294203 0.0397489 0.018825 0.0168804 0.0115428 0.00958038 0.00807207 0.0073863 0.00776147 0.00706725 0.00217664
 2.56883e-27 2.6033e-27 4.58861e-26 9.13992e-20 2.24054e-14 6.63913e-10 2.37802e-06 0.00102959 0.0538852 0.340893 0.260936 0.0400618 0.121608 0.111982 0.022012 0.0221398 0.00867241 0.00558399 0.00314774 0.00222052 0.00163564 0.00133406 0.00127523 0.00118028 0.000400398
 2.56879e-27 2.60311e-27 4.55887e-26 9.07714e-20 2.22515e-14 6.59352e-10 2.36169e-06 0.00102252 0.0535151 0.338551 0.259167 0.0412417 0.131831 0.121315 0.0219326 0.0195238 0.00656323 0.00268215 0.00110916 0.000568241 0.000331109 0.000227003 0.00018901 0.000168812 5.97728e-05
 2.56839e-27 2.60203e-27 4.46366e-26 8.87629e-20 2.17592e-14 6.44763e-10 2.30943e-06 0.000999896 0.0523309 0.33106 0.253452 0.0415386 0.138106 0.12713 0.0234199 0.0214391 0.00694526 0.00238444 0.000751976 0.000239497 9.06253e-05 4.54976e-05 3.04691e-05 2.46712e-05 8.76787e-06
 2.57109e-27 2.60936e-27 5.11302e-26 1.02462e-19 2.51173e-14 7.4427e-10 2.66585e-06 0.00115421 0.0604072 0.382152 0.292433 0.0395337 0.0954612 0.0877972 0.0168175 0.0162789 0.00532281 0.00189195 0.000558617 0.00013979 3.17309e-05 9.07321e-06 4.07023e-06 2.70944e-06 9.28989e-07
 2.56797e-27 2.60083e-27 4.35059e-26 8.63774e-20 2.11744e-14 6.27435e-10 2.24737e-06 0.000973024 0.0509246 0.322163 0.246673 0.0424538 0.149834 0.137815 0.0228325 0.0174137 0.00578827 0.00224155 0.000677157 0.000170164 3.17366e-05 5.22458e-06 1.13471e-06 5.01494e-07 1.56295e-07
 2.56757e-27 2.59984e-27 4.27207e-26 8.47212e-20 2.07684e-14 6.15404e-10 2.20427e-06 0.000954367 0.0499481 0.315986 0.241947 0.0419023 0.148957 0.137206 0.0263561 0.0255854 0.00799158 0.00225748 0.000682105 0.000184219 3.49414e-05 4.85424e-06 5.28995e-07 1.00842e-07 2.47251e-08
 2.57019e-27 2.60695e-27 4.90243e-26 9.80193e-20 2.40282e-14 7.12e-10 2.55026e-06 0.00110417 0.0577881 0.365583 0.279788 0.0399525 0.107532 0.0989792 0.0195689 0.019752 0.00657294 0.00250147 0.000694597 0.000146567 2.87009e-05 4.12292e-06 3.61491e-07 2.63417e-08 3.37439e-09
 2.56945e-27 2.60484e-27 4.70577e-26 9.38702e-20 2.30112e-14 6.81862e-10 2.44231e-06 0.00105743 0.055342 0.350109 0.267994 0.0413465 0.126427 0.116227 0.019217 0.0146001 0.00489966 0.00197326 0.000615544 0.000159637 2.60242e-05 3.42176e-06 3.05704e-07 1.49427e-08 6.57977e-10
 2.56938e-27 2.60467e-27 4.69273e-26 9.35951e-20 2.29437e-14 6.79863e-10 2.43515e-06 0.00105433 0.0551798 0.349082 0.267208 0.0411864 0.125761 0.115676 0.0202704 0.0171198 0.00533384 0.00150425 0.000462233 0.000130051 2.56416e-05 3.28331e-06 2.5663e-07 1.18861e-08 2.71186e-10
 2.56965e-27 2.60543e-27 4.76086e-26 9.50325e-20 2.32961e-14 6.90305e-10 2.47255e-06 0.00107052 0.0560273 0.354444 0.271298 0.0409334 0.120963 0.111255 0.0196179 0.0167527 0.00534674 0.00170423 0.0004643 9.83823e-05 1.99573e-05 2.97975e-06 2.42782e-07 9.98216e-09 1.91958e-10
 2.56994e-27 2.60618e-27 4.82638e-26 9.64145e-20 2.36349e-14 7.00343e-10 2.50851e-06 0.00108609 0.056842 0.359598 0.275232 0.0408409 0.117494 0.10803 0.0186037 0.0152504 0.00487561 0.00157617 0.000448673 0.00010071 1.61625e-05 2.18375e-06 2.01947e-07 8.74603e-09 1.5159e-10
 2.5697e-27 2.60553e-27 4.76766e-26 9.51757e-20 2.33312e-14 6.91344e-10 2.47628e-06 0.00107213 0.0561117 0.354978 0.271708 0.0411252 0.122133 0.112287 0.0189391 0.0149401 0.00472558 0.00145153 0.000412684 9.49633e-05 1.61631e-05 1.92245e-06 1.53041e-07 7.22691e-09 1.31048e-10
 2.56932e-27 2.6045e-27 4.67598e-26 9.32418e-20 2.28571e-14 6.77296e-10 2.42596e-06 0.00105035 0.0549715 0.347765 0.266205 0.0413736 0.12789 0.117608 0.0200255 0.0160764 0.0050415 0.00147426 0.000409135 9.03701e-05 1.55538e-05 1.93025e-06 1.41612e-07 5.83417e-09 1.11204e-10
 2.56857e-27 2.60248e-27 4.49959e-26 8.95208e-20 2.19449e-14 6.50268e-10 2.32915e-06 0.00100843 0.0527778 0.333887 0.255614 0.0417713 0.138357 0.127296 0.0222639 0.0187463 0.00590723 0.00176483 0.000483111 0.000101826 1.68399e-05 2.06828e-06 1.56141e-07 6.00799e-09 1.02586e-10
 2.56929e-27 2.60442e-27 4.6699e-26 9.31136e-20 2.28257e-14 6.76365e-10 2.42263e-06 0.00104891 0.0548959 0.347287 0.265839 0.0413218 0.127753 0.117495 0.0202499 0.0166212 0.00527544 0.00164167 0.000454721 9.69876e-05 1.55075e-05 1.81582e-06 1.34326e-07 5.23453e-09 8.39994e-11
 2.57025e-27 2.60702e-27 4.89883e-26 9.79429e-20 2.40095e-14 7.11445e-10 2.54828e-06 0.00110331 0.0577431 0.365298 0.279583 0.0407514 0.113756 0.104554 0.0175126 0.0136316 0.00430042 0.00130337 0.000364947 8.07135e-05 1.31054e-05 1.50895e-06 1.06247e-07 4.03914e-09 6.47325e-11
 2.56981e-27 2.60578e-27 4.78529e-26 9.55476e-20 2.34223e-14 6.94046e-10 2.48595e-06 0.00107632 0.0563309 0.356365 0.272772 0.0414092 0.123547 0.113517 0.0177983 0.0120218 0.00373675 0.00105782 0.000290949 6.3212e-05 1.05306e-05 1.24448e-06 8.67947e-08 3.15549e-09 4.92188e-11
 2.56993e-27 2.60612e-27 4.81647e-26 9.62054e-20 2.35836e-14 6.98824e-10 2.50307e-06 0.00108373 0.0567187 0.358818 0.274642 0.0411908 0.120571 0.110805 0.0179384 0.0130184 0.00395048 0.000950437 0.000249757 5.10762e-05 8.30873e-06 9.90071e-07 7.10355e-08 2.56776e-09 3.85284e-11
 2.57074e-27 2.60833e-27 5.01091e-26 1.00307e-19 2.45891e-14 7.28618e-10 2.60979e-06 0.00112994 0.0591369 0.374116 0.286316 0.040708 0.108696 0.0998216 0.0155397 0.0103142 0.00315743 0.000813247 0.00020586 3.63722e-05 5.51866e-06 6.29258e-07 4.50998e-08 1.66892e-09 2.4949e-11
 2.57099e-27 2.60899e-27 5.06849e-26 1.01522e-19 2.48869e-14 7.37442e-10 2.64139e-06 0.00114362 0.0598531 0.378647 0.289774 0.0406419 0.105763 0.0970916 0.0146344 0.00893381 0.00269126 0.000629569 0.000160106 2.95594e-05 4.07411e-06 4.12534e-07 2.78905e-08 1.02345e-09 1.55665e-11
 2.57105e-27 2.60914e-27 5.08123e-26 1.01791e-19 2.49527e-14 7.39394e-10 2.64838e-06 0.00114665 0.0600115 0.379649 0.290539 0.0406117 0.104996 0.0963833 0.0145023 0.00880887 0.00262313 0.000562066 0.00013712 2.3439e-05 3.29505e-06 3.21349e-07 1.908e-08 6.50485e-10 9.75156e-12
 2.57108e-27 2.60922e-27 5.08877e-26 1.0195e-19 2.49917e-14 7.4055e-10 2.65253e-06 0.00114844 0.0601053 0.380243 0.290992 0.0406087 0.104654 0.0960635 0.014364 0.00857386 0.00255004 0.0005423 0.000129246 2.03082e-05 2.6614e-06 2.51654e-07 1.45971e-08 4.43003e-10 6.1145e-12
 2.57123e-27 2.60962e-27 5.12373e-26 1.02687e-19 2.51725e-14 7.45907e-10 2.67171e-06 0.00115675 0.0605401 0.382993 0.293091 0.0405307 0.102586 0.0941488 0.0139131 0.00802708 0.00237884 0.000494482 0.00011715 1.81659e-05 2.25105e-06 1.95007e-07 1.07243e-08 3.14618e-10 3.92556e-12
 2.57164e-27 2.61073e-27 5.22183e-26 1.04757e-19 2.56799e-14 7.6094e-10 2.72556e-06 0.00118006 0.0617602 0.390712 0.298981 0.0402594 0.0963829 0.0884197 0.0128032 0.00693748 0.00204265 0.000407219 9.51883e-05 1.44544e-05 1.77036e-06 1.47187e-07 7.41219e-09 2.03456e-10 2.42382e-12
 2.57143e-27 2.61016e-27 5.17039e-26 1.03671e-19 2.54138e-14 7.53056e-10 2.69732e-06 0.00116784 0.0611204 0.386664 0.295894 0.0404844 0.100265 0.0919855 0.0131425 0.00681267 0.00198978 0.00037285 8.52515e-05 1.24588e-05 1.49409e-06 1.21818e-07 5.91376e-09 1.49576e-10 1.6554e-12
 2.57142e-27 2.61012e-27 5.16647e-26 1.03589e-19 2.53935e-14 7.52456e-10 2.69517e-06 0.00116691 0.0610716 0.386356 0.295659 0.0405136 0.100652 0.092339 0.013139 0.00671508 0.00194993 0.00034689 7.73716e-05 1.06708e-05 1.23424e-06 9.72345e-08 4.60798e-09 1.12241e-10 1.15224e-12
 2.57154e-27 2.61044e-27 5.19442e-26 1.04178e-19 2.55381e-14 7.56739e-10 2.71051e-06 0.00117355 0.0614193 0.388555 0.297337 0.0404571 0.0990427 0.0908478 0.0127561 0.00621725 0.00179917 0.000313254 6.87877e-05 9.02186e-06 9.96837e-07 7.43532e-08 3.38458e-09 8.0008e-11 7.89806e-13
 2.57041e-27 2.60739e-27 4.92394e-26 9.84723e-20 2.41393e-14 7.1529e-10 2.56205e-06 0.00110927 0.0580552 0.367273 0.2811 0.0412928 0.11681 0.107239 0.0155848 0.00854024 0.00247175 0.000417547 9.0675e-05 1.1642e-05 1.24435e-06 8.77786e-08 3.76613e-09 8.48971e-11 8.09542e-13
#obs catch len freq
 1.75343e-41 2.43365e-33 4.08295e-26 8.28013e-20 2.02978e-14 6.0146e-10 2.15433e-06 0.000932752 0.0488165 0.308828 0.236555 0.0441762 0.154067 0.130495 0.0365124 0.0279241 0.00842916 0.00266056 0.000533932 6.46851e-05 3.42359e-06 5.7466e-08 2.28273e-10 1.72535e-13 2.14489e-17
 1.76418e-41 2.44856e-33 4.10796e-26 8.33087e-20 2.04221e-14 6.05146e-10 2.16753e-06 0.000938467 0.0491156 0.31072 0.238057 0.0460081 0.156312 0.125381 0.0364607 0.0265189 0.00775383 0.00227758 0.000409768 4.28836e-05 1.87624e-06 2.46805e-08 7.34268e-11 4.03775e-14 3.59328e-18
 2.18115e-41 3.02729e-33 5.07891e-26 1.02999e-19 2.52491e-14 7.48175e-10 2.67984e-06 0.00116028 0.0607244 0.38416 0.294089 0.0432842 0.0986854 0.0746293 0.0222671 0.0152156 0.00436062 0.00120575 0.000197062 1.75614e-05 6.22863e-07 6.36749e-09 1.41962e-11 5.69518e-15 3.63536e-19
 1.74253e-41 2.41851e-33 4.05756e-26 8.22865e-20 2.01716e-14 5.9772e-10 2.14094e-06 0.000926951 0.0485129 0.306908 0.235371 0.053709 0.183123 0.128494 0.0254025 0.0129147 0.00356433 0.000921217 0.000138355 1.05889e-05 3.01497e-07 2.3609e-09 3.91923e-12 1.14765e-15 5.27096e-20
 2.11454e-41 2.93484e-33 4.92381e-26 9.98538e-20 2.4478e-14 7.25328e-10 2.59801e-06 0.00112485 0.05887 0.372429 0.285277 0.0474299 0.112911 0.0762064 0.0267607 0.015554 0.00282291 0.000534536 7.20061e-05 4.75843e-06 1.09515e-07 6.54086e-10 8.01277e-13 1.70311e-16 5.62278e-21
 2.38734e-41 3.31346e-33 5.55902e-26 1.12736e-19 2.76359e-14 8.18901e-10 2.93317e-06 0.00126996 0.0664648 0.420475 0.321922 0.045399 0.0781979 0.0481917 0.0109414 0.00536717 0.00147488 0.000268684 2.32882e-05 1.20973e-06 2.24704e-08 1.03104e-10 9.33158e-14 1.43396e-17 3.38755e-22
 1.35126e-41 1.87546e-33 3.14648e-26 6.381e-20 1.56423e-14 4.63509e-10 1.66021e-06 0.000718815 0.0376199 0.237999 0.18354 0.0757054 0.271676 0.154825 0.0262781 0.00953421 0.00175118 0.000318563 3.03247e-05 1.08216e-06 1.41258e-08 4.88962e-11 3.28939e-14 3.67318e-18 6.21465e-23
 2.24217e-41 3.11198e-33 5.22099e-26 1.05881e-19 2.59554e-14 7.69106e-10 2.75481e-06 0.00119274 0.0624232 0.394908 0.302561 0.0481304 0.0868291 0.0525092 0.0337179 0.0154784 0.00199985 0.00022942 1.74704e-05 5.94987e-07 5.66362e-09 1.31244e-11 6.26424e-15 5.06462e-19 6.16967e-24
 2.02504e-41 2.81062e-33 4.7154e-26 9.56274e-20 2.34419e-14 6.94628e-10 2.48804e-06 0.00107724 0.0563783 0.356669 0.273913 0.0633262 0.150603 0.0745726 0.0145058 0.00644231 0.00222057 0.000276412 1.27296e-05 3.03245e-07 2.39079e-09 4.13617e-12 1.32802e-15 7.27159e-20 6.19345e-25
 2.06931e-41 2.87206e-33 4.81848e-26 9.77179e-20 2.39544e-14 7.09812e-10 2.54243e-06 0.00110079 0.0576107 0.364467 0.279965 0.0635766 0.137837 0.0663281 0.0208701 0.00700651 0.00104023 0.000183712 1.21161e-05 2.01842e-07 1.01561e-09 1.29858e-12 3.11083e-16 1.1925e-20 6.8524e-26
 2.02955e-41 2.81688e-33 4.7259e-26 9.58403e-20 2.34941e-14 6.96174e-10 2.49358e-06 0.00107963 0.0565038 0.357465 0.274945 0.0692761 0.147471 0.0658447 0.0196331 0.00652946 0.00112794 0.000113953 6.727e-06 1.37838e-07 5.68136e-10 4.6633e-13 7.50867e-17 2.06324e-21 8.52857e-27
 2.13832e-41 2.96784e-33 4.97917e-26 1.00977e-19 2.47532e-14 7.33484e-10 2.62722e-06 0.0011375 0.059532 0.376623 0.289632 0.0679217 0.127111 0.0539354 0.0177685 0.0053742 0.000872018 8.67164e-05 3.6329e-06 5.69029e-08 2.33691e-10 1.69485e-13 1.93964e-17 3.49108e-22 9.67646e-28
 2.08626e-41 2.8956e-33 4.85796e-26 9.85185e-20 2.41507e-14 7.15628e-10 2.56326e-06 0.0011098 0.0580828 0.367459 0.283126 0.0754837 0.139468 0.0542976 0.0157892 0.00440752 0.000709187 6.31366e-05 2.3318e-06 2.70109e-08 7.95591e-11 4.8225e-14 4.78807e-18 6.85388e-23 1.35879e-28
 2.04291e-41 2.83543e-33 4.75701e-26 9.64713e-20 2.36488e-14 7.00757e-10 2.51e-06 0.00108674 0.0568758 0.359827 0.27782 0.0819579 0.145666 0.0544535 0.0173977 0.00427357 0.000589554 4.75415e-05 1.52638e-06 1.44277e-08 3.15004e-11 1.337e-14 9.78574e-19 1.10617e-23 1.76543e-29
 1.92317e-41 2.66923e-33 4.47819e-26 9.08167e-20 2.22627e-14 6.59683e-10 2.36288e-06 0.00102304 0.0535421 0.338745 0.262655 0.0940687 0.165062 0.0594003 0.0201101 0.00472329 0.000625075 4.16928e-05 1.10983e-06 8.5961e-09 1.46587e-11 4.60637e-15 2.38071e-19 1.87994e-24 2.15167e-30
 1.74667e-41 2.42426e-33 4.0672e-26 8.24821e-20 2.02195e-14 5.99141e-10 2.14603e-06 0.000929155 0.0486283 0.30767 0.240277 0.110078 0.189995 0.0689586 0.0266215 0.00601332 0.000778603 4.69296e-05 1.01501e-06 6.10727e-09 8.0675e-12 1.92607e-15 7.36038e-20 4.18223e-25 3.36918e-31
 1.96908e-41 2.73296e-33 4.5851e-26 9.2985e-20 2.27942e-14 6.75433e-10 2.41929e-06 0.00104747 0.0548204 0.346843 0.26978 0.0975739 0.143976 0.0551108 0.0244075 0.00565008 0.000745276 4.14834e-05 7.70367e-07 3.64893e-09 3.61078e-12 6.40157e-16 1.81284e-20 7.57104e-26 4.43053e-32
 1.92884e-41 2.6771e-33 4.49139e-26 9.10844e-20 2.23283e-14 6.61628e-10 2.36984e-06 0.00102606 0.0536999 0.339771 0.265814 0.111406 0.155856 0.0501066 0.01747 0.00423143 0.000584677 3.14582e-05 5.15389e-07 1.99777e-09 1.52223e-12 1.99343e-16 4.09759e-21 1.23883e-26 5.2518e-33
 1.90156e-41 2.63924e-33 4.42787e-26 8.97963e-20 2.20125e-14 6.52271e-10 2.33633e-06 0.00101155 0.0529405 0.334983 0.263365 0.119002 0.155351 0.0514108 0.0180767 0.00341853 0.000416789 2.20152e-05 3.28539e-07 1.07289e-09 6.48651e-13 6.46416e-17 9.81144e-22 2.14758e-27 6.52543e-34
 1.92889e-41 2.67717e-33 4.4915e-26 9.10868e-20 2.23289e-14 6.61645e-10 2.3699e-06 0.00102609 0.0537014 0.339813 0.268081 0.122663 0.146659 0.0480678 0.0166153 0.00305073 0.000307409 1.31174e-05 1.72414e-07 4.83532e-10 2.37871e-13 1.8492e-17 2.12473e-22 3.44607e-28 7.63699e-35
 2.00252e-41 2.77937e-33 4.66296e-26 9.45639e-20 2.31812e-14 6.86902e-10 2.46037e-06 0.00106526 0.0557514 0.352799 0.278734 0.122106 0.131654 0.0417429 0.0135493 0.00236851 0.000218341 7.55245e-06 7.62764e-08 1.71679e-10 6.8504e-14 4.22334e-18 3.74745e-23 4.5939e-29 7.57073e-36
 2.00268e-41 2.77959e-33 4.66334e-26 9.45716e-20 2.31831e-14 6.86958e-10 2.46057e-06 0.00106534 0.055756 0.352861 0.280519 0.129921 0.12914 0.0378915 0.010952 0.00174283 0.000143681 4.24846e-06 3.35102e-08 5.60178e-11 1.67886e-14 7.93526e-19 5.41952e-24 5.07168e-30 6.30449e-37
 2.04086e-41 2.83258e-33 4.75224e-26 9.63746e-20 2.36251e-14 7.00055e-10 2.50748e-06 0.00108565 0.056819 0.359617 0.286902 0.13117 0.118991 0.0347399 0.00930438 0.00127641 8.92957e-05 2.20736e-06 1.39782e-08 1.7774e-11 3.89458e-15 1.33295e-19 6.65329e-25 4.605e-31 4.26246e-38
 1.97572e-41 2.74217e-33 4.60057e-26 9.32986e-20 2.28711e-14 6.77711e-10 2.42745e-06 0.001051 0.0550057 0.348212 0.281399 0.146035 0.124388 0.0343821 0.00841322 0.00104886 6.0854e-05 1.19583e-06 5.9394e-09 5.8028e-12 9.51097e-16 2.37485e-20 8.51018e-26 4.20653e-32 2.78795e-39
 2.02622e-41 2.81227e-33 4.71816e-26 9.56833e-20 2.34556e-14 6.95033e-10 2.4895e-06 0.00107787 0.0564118 0.357153 0.28942 0.143623 0.111995 0.0320749 0.00739122 0.000811218 3.97861e-05 6.18903e-07 2.32742e-09 1.70303e-12 2.07821e-16 3.82761e-21 1.00026e-26 3.56609e-33 1.68985e-40
 2.00225e-41 2.77899e-33 4.66233e-26 9.45511e-20 2.31781e-14 6.86809e-10 2.46004e-06 0.00106511 0.0557446 0.353023 0.289527 0.153289 0.110663 0.0296751 0.00633231 0.000649884 2.68951e-05 3.32376e-07 9.49341e-10 5.11286e-13 4.54056e-17 6.07643e-22 1.15312e-27 2.97871e-34 1.01899e-41
 1.93928e-41 2.69159e-33 4.5157e-26 9.15775e-20 2.24491e-14 6.65209e-10 2.38267e-06 0.00103161 0.0539918 0.342068 0.285584 0.166483 0.113628 0.0306718 0.00597801 0.000542038 1.9393e-05 1.93625e-07 4.2175e-10 1.68049e-13 1.08322e-17 1.04089e-22 1.41296e-28 2.61091e-35 6.39593e-43
 1.86492e-41 2.58839e-33 4.34257e-26 8.80663e-20 2.15884e-14 6.39705e-10 2.29132e-06 0.000992062 0.0519225 0.329156 0.281049 0.18063 0.11735 0.0324206 0.00597634 0.000486249 1.45204e-05 1.17078e-07 1.98031e-10 5.89782e-14 2.77587e-18 1.92303e-23 1.86727e-29 2.45604e-36 4.27194e-44
 1.88967e-41 2.62273e-33 4.40018e-26 8.92347e-20 2.18748e-14 6.48192e-10 2.32172e-06 0.00100522 0.0526112 0.333482 0.28302 0.174197 0.115237 0.0337083 0.00623166 0.000491691 1.3322e-05 9.27248e-08 1.32426e-10 3.2875e-14 1.27083e-18 7.13449e-24 5.56318e-30 5.84487e-37 8.09511e-45
#spawning biomass
 7473.78 8039.9 9887.65 11524.5 18240.9 30251.3 28180.2 34336.5 45928.4 55511.1 70411.9 91441.3 115145 133409 141386 118223 119164 116067 109633 98713.1 101579 112064 121628 126402 129998 137743 130247 116733 133519 258838 230579 126097 64686.5 36361.1 24724.6 20281.9 18668.4 18103 17909.8 17845.2 17823.8 17816.8 17814.6 17813.8 17813.6 17813.5 17813.5 17813.5 17813.5 17813.5 17813.5 17813.5 17813.5 17813.5 17813.5 17813.5 17813.5 17813.5 17813.5 17813.5 17813.5 17813.5 17813.5 17813.5 17813.5 17813.5 17813.5 17813.5 17813.5 17813.5 17813.5 17813.5 17813.5 17813.5 17813.5 17813.5 17813.5 17813.5 17813.5 17813.5 17813.5 17813.5 17813.5 17813.5 17813.5 17813.5 17813.5 17813.5 17813.5 17813.5 17813.5 17813.5 17813.5 17813.5 17813.5 17813.5 17813.5 17813.5 17813.5 17813.5 17813.5 17813.5 17813.5 17813.5 17813.5 17813.5 17813.5 17813.5 17813.5 17813.5 17813.5 17813.5 17813.5 17813.5 17813.5 17813.5 17813.5 17813.5 17813.5 17813.5 17813.5 17813.5 17813.5 17813.5 17813.5 17813.5 17813.5 17813.5 17813.5 0 0 0 0 0 0 0 0 0 0 0 0 0 0 0 0 0 0 0 0 0 0 0 0 0
