SBPRF35
0.175648
Curr Bio
136740
B35
200347
F35
0.680381
FOFL
0.524767
OFL
43920.7
Bzero
50185.1
#pred survey bio
 2623.12 3676.25 6216.94 8985.58 13939.2 21959.4 30066.8 43236.4 60241.8 82949 111530 121244 138665 145725 135504 125623 117953 100385 118399 128890 136060 162579 157804 145875 157289 162354 158000 135472 5.44443e+06 3.60598e+06 2.15977e+06 1.27972e+06 833633 622839 523652 475181 450087 436333 428455 423810 421027 419345 418319 417690 417314 417090 416956 416875 416827 416798 416780 416770 416763 416759 416757 416756 416755 416754 416754 416754 416754 416754 416754 416754 416754 416754 416754 416754 416754 416754 416754 416754 416754 416754 416754 416754 416754 416754 416754 416754 416754 416754 416754 416754 416754 416754 416754 416754 416754 416754 416754 416754 416754 416754 416754 416754 416754 416754 416754 416754 416754 416754 416754 416754 416754 416754 416754 416754 416754 416754 416754 416754 416754 416754 416754 416754 416754 416754 416754 416754 416754 416754 416754 416754 416754 416754 416754 416754 0 0 0 0 0 0 0 0 0 0 0 0 0 0 0 0 0 0 0 0 0 0 0 0 0
#obs survey bio
 2298.84 4307.5 7919.56 11457.3 16095.4 23000.8 28687 58976.9 78027.1 57404.3 118206 108397 136747 161571 148064 103308 123381 98097.1 119304 128135 207152 162163 187209 156186 153186 173277 141116 152632
#pred catch bio
 1120.47 1535.87 3191.69 4351.31 6216.07 11751.3 16482.1 24499.1 33191.6 46399.6 73436.3 76875.5 90425.6 98855.7 94146.9 87006.5 86932 64943.9 82247 93343.1 91834.3 122204 123648 107986 118519 122949 127368 89439.3 43920.7 65008.8 35380.8 18780.1 11245 8213.23 7083.71 6684.31 6548.21 6503.06 6488.38 6483.67 6482.18 6481.71 6481.57 6481.52 6481.51 6481.5 6481.5 6481.5 6481.5 6481.5 6481.5 6481.5 6481.5 6481.5 6481.5 6481.5 6481.5 6481.5 6481.5 6481.5 6481.5 6481.5 6481.5 6481.5 6481.5 6481.5 6481.5 6481.5 6481.5 6481.5 6481.5 6481.5 6481.5 6481.5 6481.5 6481.5 6481.5 6481.5 6481.5 6481.5 6481.5 6481.5 6481.5 6481.5 6481.5 6481.5 6481.5 6481.5 6481.5 6481.5 6481.5 6481.5 6481.5 6481.5 6481.5 6481.5 6481.5 6481.5 6481.5 6481.5 6481.5 6481.5 6481.5 6481.5 6481.5 6481.5 6481.5 6481.5 6481.5 6481.5 6481.5 6481.5 6481.5 6481.5 6481.5 6481.5 6481.5 6481.5 6481.5 6481.5 6481.5 6481.5 6481.5 6481.5 6481.5 6481.5 6481.5 6481.5 0 0 0 0 0 0 0 0 0 0 0 0 0 0 0 0 0 0 0 0 0 0 0 0 0
#obs catch bio
 975.024 1483.21 3028.07 4078.28 5558.02 11096.3 15403.3 22526 30381.6 43847.6 73791.7 76726.7 90353.6 93221.3 94841.5 91776.3 85079.5 62037.2 80859.3 93004.8 82129.5 110674 116547 99181.6 110579 115428 120540 87021.1
#pred cpue bio
 2312.08 2954.88 5130.25 7326.14 11387.3 18146.1 24600 34923.3 49067.4 67948.9 91202 99630.8 113605 121238 113260 103411 98284.7 82295.9 95638.1 104528 108810 131148 127199 116446 125355 129879 127668 108133 4.48731e+06 3.57033e+06 2.12434e+06 1.24429e+06 798202 587408 488221 439750 414656 400902 393024 388379 385596 383913 382888 382259 381883 381659 381524 381444 381395 381366 381349 381338 381332 381328 381326 381325 381324 381323 381323 381323 381323 381323 381323 381323 381323 381323 381323 381323 381323 381323 381323 381323 381323 381323 381323 381323 381323 381323 381323 381323 381323 381323 381323 381323 381323 381323 381323 381323 381323 381323 381323 381323 381323 381323 381323 381323 381323 381323 381323 381323 381323 381323 381323 381323 381323 381323 381323 381323 381323 381323 381323 381323 381323 381323 381323 381323 381323 381323 381323 381323 381323 381323 381323 381323 381323 381323 381323 381323 0 0 0 0 0 0 0 0 0 0 0 0 0 0 0 0 0 0 0 0 0 0 0 0 0
#obs cpue bio
 2109.71 3495.69 5635.62 7503.39 17619.7 17174.1 34536.3 37922.3 51410.5 106815 77860.7 108363 119336 153896 88333.2 93134.2 123013 98301.8 96563.3 109690 132673 183908 129398 155631 162911 154017 186594 100424
#pred surv len freq
 1.46177e-11 1.58731e-09 1.01621e-07 3.83568e-06 8.53575e-05 0.00111992 0.00866385 0.0395339 0.106605 0.171489 0.172217 0.128768 0.0996166 0.0812737 0.0574172 0.0374888 0.0253717 0.0176926 0.0128227 0.00982238 0.00807673 0.007192 0.0065185 0.00516368 0.00305638
 1.75829e-11 1.90929e-09 1.22235e-07 4.61375e-06 0.000102672 0.00134709 0.0104209 0.0475444 0.128107 0.205278 0.202365 0.141214 0.0959195 0.0700072 0.0434571 0.0227656 0.0120439 0.00683483 0.00410288 0.00262653 0.00182736 0.00141489 0.00117549 0.000903691 0.000537831
 1.58808e-11 1.72446e-09 1.10402e-07 4.16711e-06 9.2733e-05 0.00121669 0.00941261 0.0429533 0.115863 0.186684 0.188879 0.144734 0.115217 0.0913851 0.0558093 0.0263056 0.0114881 0.00507784 0.0022793 0.00109827 0.00059093 0.000364546 0.000256866 0.00018172 0.000105237
 1.63989e-11 1.78072e-09 1.14003e-07 4.30306e-06 9.57583e-05 0.00125638 0.00971953 0.0443508 0.119591 0.192353 0.193032 0.14382 0.10973 0.0856918 0.0533764 0.0265549 0.0121556 0.00514763 0.00194358 0.000697738 0.000260229 0.000110529 5.73771e-05 3.38425e-05 1.8102e-05
 1.62959e-11 1.76954e-09 1.13288e-07 4.27605e-06 9.51573e-05 0.0012485 0.00965856 0.0440733 0.118851 0.191232 0.19223 0.144064 0.110913 0.08688 0.0538385 0.0264831 0.0121 0.00525845 0.00204995 0.000708635 0.000217824 6.32409e-05 2.02001e-05 8.06457e-06 3.53342e-06
 1.58303e-11 1.71898e-09 1.10051e-07 4.15386e-06 9.24382e-05 0.00121283 0.00938266 0.0428162 0.115487 0.186025 0.187968 0.143441 0.1137 0.0907907 0.0571766 0.0288873 0.0135714 0.00595991 0.00233029 0.000816177 0.000251782 6.67249e-05 1.56013e-05 3.66656e-06 1.01252e-06
 1.62343e-11 1.76285e-09 1.12859e-07 4.25988e-06 9.47975e-05 0.00124378 0.00962204 0.0439069 0.118407 0.190547 0.191689 0.144045 0.111373 0.0874327 0.0541924 0.0266521 0.0122088 0.00536181 0.0021381 0.000762975 0.000237875 6.31606e-05 1.40411e-05 2.62371e-06 4.46211e-07
 1.67258e-11 1.81623e-09 1.16276e-07 4.38885e-06 9.76676e-05 0.00128143 0.00991326 0.0452338 0.121957 0.196039 0.196164 0.144643 0.108354 0.0833112 0.0508261 0.0243066 0.0107007 0.00452976 0.001756 0.000620096 0.000195198 5.26698e-05 1.1788e-05 2.13152e-06 3.08859e-07
 1.63141e-11 1.77151e-09 1.13414e-07 4.2808e-06 9.52631e-05 0.00124989 0.00966933 0.0441231 0.118995 0.191537 0.192883 0.145434 0.112882 0.088207 0.053377 0.0247129 0.0103521 0.00418415 0.00155343 0.000526013 0.000160447 4.27209e-05 9.59731e-06 1.74783e-06 2.4889e-07
 1.61057e-11 1.74888e-09 1.11965e-07 4.22612e-06 9.40462e-05 0.00123392 0.00954585 0.0435603 0.117486 0.189182 0.190859 0.144837 0.113654 0.0896766 0.0550903 0.0263193 0.0114196 0.00463307 0.00166379 0.000535406 0.000155197 3.95274e-05 8.60398e-06 1.54471e-06 2.1942e-07
 1.61957e-11 1.75866e-09 1.12591e-07 4.24975e-06 9.4572e-05 0.00124082 0.00959919 0.0438032 0.118134 0.190169 0.191592 0.144703 0.112716 0.0886102 0.0544463 0.0261188 0.0114649 0.00475799 0.00175915 0.000574024 0.000163149 3.96987e-05 8.2022e-06 1.40857e-06 1.94165e-07
 1.58761e-11 1.72395e-09 1.10369e-07 4.16588e-06 9.27057e-05 0.00121634 0.00940988 0.0429417 0.115843 0.186744 0.189371 0.146215 0.117595 0.0933026 0.0560156 0.0251396 0.0100614 0.00394473 0.00144348 0.000478281 0.000139089 3.42169e-05 6.95648e-06 1.14764e-06 1.50801e-07
 1.60448e-11 1.74227e-09 1.11542e-07 4.21015e-06 9.36908e-05 0.00122926 0.0095098 0.0433965 0.117054 0.188561 0.190584 0.145534 0.11522 0.0910397 0.0553283 0.0256612 0.0106412 0.00412752 0.0014173 0.000437724 0.000123114 3.03581e-05 6.26323e-06 1.03844e-06 1.34222e-07
 1.53163e-11 1.66317e-09 1.06477e-07 4.01899e-06 8.94369e-05 0.00117345 0.00907823 0.0414309 0.111805 0.180534 0.184487 0.146124 0.121963 0.0987322 0.059881 0.0272412 0.0110422 0.00428502 0.00150149 0.000465081 0.000125734 2.92374e-05 5.80314e-06 9.53987e-07 1.2392e-07
 1.5112e-11 1.64098e-09 1.05057e-07 3.96539e-06 8.82442e-05 0.0011578 0.0089572 0.0408795 0.110329 0.178251 0.182622 0.145863 0.123211 0.100489 0.0613985 0.0283316 0.0116698 0.00453206 0.00156661 0.000481078 0.00013063 3.02854e-05 5.8333e-06 9.16154e-07 1.1492e-07
 1.58205e-11 1.71791e-09 1.09982e-07 4.15128e-06 9.23809e-05 0.00121208 0.00937691 0.0427913 0.115438 0.186095 0.188737 0.145798 0.117417 0.0934733 0.0566605 0.026005 0.0106736 0.00416379 0.00145552 0.000449949 0.000121641 2.80004e-05 5.37174e-06 8.34956e-07 1.01985e-07
 1.52123e-11 1.65188e-09 1.05755e-07 3.99172e-06 8.883e-05 0.00116549 0.00901666 0.0411507 0.11106 0.179417 0.18375 0.146576 0.123492 0.100229 0.0604313 0.0269981 0.0106309 0.00402275 0.00138864 0.000428994 0.000116728 2.70235e-05 5.18052e-06 8.00989e-07 9.7082e-08
 1.59429e-11 1.73121e-09 1.10834e-07 4.18341e-06 9.30959e-05 0.00122146 0.00944948 0.0431222 0.116329 0.187511 0.190077 0.146568 0.11762 0.0931086 0.0556277 0.0246098 0.00951886 0.00350662 0.00116754 0.00034771 9.2494e-05 2.1272e-05 4.0881e-06 6.34383e-07 7.68741e-08
 1.66279e-11 1.80559e-09 1.15596e-07 4.36316e-06 9.70959e-05 0.00127393 0.00985529 0.0449703 0.121261 0.195031 0.195683 0.145659 0.110732 0.0854844 0.0514316 0.0235712 0.00960661 0.0036532 0.00121601 0.000354224 9.10667e-05 2.02114e-05 3.78617e-06 5.81045e-07 7.03204e-08
 1.63798e-11 1.77865e-09 1.13871e-07 4.29804e-06 9.56468e-05 0.00125492 0.0097083 0.0443014 0.119483 0.192376 0.193982 0.146897 0.114607 0.0891455 0.0525293 0.0226399 0.00844949 0.0030708 0.00103808 0.000312913 8.16005e-05 1.78731e-05 3.24909e-06 4.82444e-07 5.69432e-08
 1.69342e-11 1.83885e-09 1.17725e-07 4.44352e-06 9.88841e-05 0.0012974 0.0100368 0.0457975 0.123481 0.198517 0.198778 0.146875 0.110133 0.0837513 0.0489418 0.020893 0.00761582 0.00263816 0.000830375 0.00023487 6.01186e-05 1.3374e-05 2.46422e-06 3.63251e-07 4.18534e-08
 1.65948e-11 1.802e-09 1.15365e-07 4.35447e-06 9.69024e-05 0.0012714 0.00983569 0.0448816 0.121033 0.194753 0.195817 0.146821 0.11278 0.0870298 0.0512557 0.0221383 0.00820788 0.00286741 0.000891609 0.000242541 5.83566e-05 1.22207e-05 2.18251e-06 3.21281e-07 3.72211e-08
 1.65787e-11 1.80025e-09 1.15254e-07 4.35025e-06 9.68085e-05 0.00127016 0.00982618 0.0448387 0.120923 0.194625 0.195919 0.147486 0.11392 0.0878543 0.051074 0.0212533 0.00740659 0.00247144 0.000761178 0.000208053 4.97039e-05 1.00767e-05 1.70549e-06 2.37774e-07 2.66207e-08
 1.69433e-11 1.83984e-09 1.17788e-07 4.44593e-06 9.89377e-05 0.0012981 0.0100422 0.0458228 0.123555 0.198679 0.199145 0.147669 0.111276 0.084493 0.0486027 0.0198015 0.00661415 0.00208906 0.000606638 0.000156815 3.62511e-05 7.27103e-06 1.21685e-06 1.64776e-07 1.76204e-08
 1.70259e-11 1.84881e-09 1.18363e-07 4.4676e-06 9.94201e-05 0.00130443 0.0100911 0.0460455 0.124147 0.199571 0.199748 0.147359 0.110142 0.0833836 0.0482082 0.0199827 0.00687487 0.00220944 0.000631318 0.000155805 3.38875e-05 6.41181e-06 1.02885e-06 1.36056e-07 1.42788e-08
 1.68636e-11 1.83119e-09 1.17234e-07 4.42501e-06 9.84722e-05 0.00129199 0.00999498 0.0456077 0.122979 0.197792 0.198436 0.14762 0.111841 0.0852271 0.0491652 0.0201502 0.00680173 0.00216511 0.000625502 0.000157136 3.41338e-05 6.25117e-06 9.49651e-07 1.18529e-07 1.18807e-08
 1.6456e-11 1.78692e-09 1.144e-07 4.31804e-06 9.60918e-05 0.00126076 0.00975347 0.0445076 0.12004 0.193287 0.194958 0.147769 0.115347 0.0893811 0.0518519 0.0213394 0.00723677 0.00230153 0.000658111 0.000163364 3.54517e-05 6.54688e-06 9.94249e-07 1.21147e-07 1.16011e-08
 1.69309e-11 1.8385e-09 1.17702e-07 4.44267e-06 9.88653e-05 0.00129715 0.0100349 0.0457895 0.123467 0.198558 0.199111 0.14787 0.111682 0.084824 0.0486155 0.0195766 0.00638539 0.00196068 0.000552863 0.00013675 2.95057e-05 5.40201e-06 8.16751e-07 9.96144e-08 9.50378e-09
#obs surv len freq
 1.77945e-11 1.93228e-09 1.23706e-07 4.66929e-06 0.000103908 0.00136331 0.0105463 0.0481156 0.129628 0.207538 0.20366 0.139493 0.0917841 0.0680057 0.0467184 0.0281421 0.0150463 0.00669837 0.00235755 0.0006409 0.000131393 1.98805e-05 2.17784e-06 1.68501e-07 8.93546e-09
 1.61098e-11 1.74934e-09 1.11994e-07 4.22722e-06 9.4071e-05 0.00123425 0.0095486 0.0435765 0.117568 0.189528 0.191808 0.146082 0.113901 0.0889038 0.0546755 0.0261711 0.0109805 0.00415654 0.00133864 0.000348437 6.98014e-05 1.02528e-05 1.0645e-06 7.61356e-08 3.67658e-09
 1.63179e-11 1.77194e-09 1.13441e-07 4.28183e-06 9.52863e-05 0.0012502 0.00967197 0.0441392 0.119074 0.191819 0.19329 0.144636 0.109497 0.0852198 0.0548973 0.0284887 0.012316 0.00422333 0.00110557 0.000227828 3.80563e-05 4.99389e-06 4.83187e-07 3.26261e-08 1.48023e-09
 1.70728e-11 1.85391e-09 1.18689e-07 4.47992e-06 9.96944e-05 0.00130804 0.0101194 0.0461797 0.124556 0.20042 0.200692 0.14635 0.105082 0.0779308 0.0483048 0.024142 0.0101905 0.00349446 0.000915988 0.000179808 2.62535e-05 2.82949e-06 2.23855e-07 1.2818e-08 5.14857e-10
 1.62366e-11 1.76311e-09 1.12876e-07 4.2605e-06 9.48117e-05 0.00124398 0.00962428 0.043929 0.118588 0.191533 0.194691 0.148473 0.113332 0.0858526 0.0524803 0.0254097 0.0102974 0.00339428 0.000861507 0.000165021 2.34697e-05 2.40678e-06 1.73134e-07 8.58465e-09 2.90078e-10
 1.568e-11 1.70266e-09 1.09006e-07 4.11444e-06 9.15616e-05 0.00120135 0.0092948 0.0424318 0.114621 0.185613 0.190488 0.148957 0.117144 0.0901284 0.0560555 0.0278264 0.0113878 0.0036765 0.000892773 0.000161802 2.17578e-05 2.11792e-06 1.44714e-07 6.75834e-09 2.11025e-10
 1.66289e-11 1.8057e-09 1.15602e-07 4.36342e-06 9.71023e-05 0.00127405 0.00985708 0.0449947 0.121486 0.196234 0.198988 0.149257 0.109481 0.0804463 0.0493136 0.0244516 0.00998701 0.00320315 0.000768752 0.000136078 1.75498e-05 1.6119e-06 1.02991e-07 4.48651e-09 1.30704e-10
 1.65936e-11 1.80187e-09 1.15357e-07 4.35418e-06 9.68968e-05 0.00127136 0.00983666 0.0449078 0.121317 0.196348 0.200382 0.152375 0.112482 0.0808084 0.0470612 0.0216813 0.00823227 0.0025036 0.000579264 9.94632e-05 1.24243e-05 1.09816e-06 6.68684e-08 2.74583e-09 7.46978e-11
 1.52385e-11 1.65472e-09 1.05937e-07 3.99859e-06 8.89842e-05 0.00116757 0.00903453 0.0412631 0.111663 0.181977 0.19045 0.154716 0.123934 0.0926262 0.0547202 0.0253698 0.00950157 0.002772 0.000603481 9.69471e-05 1.13881e-05 9.54115e-07 5.5308e-08 2.1607e-09 5.56876e-11
 1.58255e-11 1.71847e-09 1.10018e-07 4.15264e-06 9.24124e-05 0.00121255 0.00938249 0.042849 0.115902 0.188426 0.195015 0.152988 0.116733 0.0859187 0.0522688 0.0255505 0.00996566 0.0029454 0.000635289 9.90892e-05 1.10724e-05 8.69051e-07 4.68802e-08 1.70464e-09 4.10195e-11
 1.42853e-11 1.55121e-09 9.93101e-08 3.74849e-06 8.34193e-05 0.0010946 0.00847125 0.0387141 0.105004 0.172513 0.185097 0.158135 0.131876 0.0990587 0.0584727 0.027321 0.0103339 0.003041 0.000664053 0.000104663 1.16265e-05 8.88425e-07 4.57776e-08 1.56609e-09 3.5087e-11
 1.44028e-11 1.56397e-09 1.00127e-07 3.77933e-06 8.41059e-05 0.00110362 0.00854128 0.0390365 0.105885 0.173879 0.185816 0.156503 0.128335 0.0970979 0.0595469 0.0290731 0.0111265 0.0031883 0.000666333 0.000100866 1.08898e-05 8.15259e-07 4.11197e-08 1.36556e-09 2.93475e-11
 1.45089e-11 1.57549e-09 1.00865e-07 3.80717e-06 8.47259e-05 0.00111178 0.00860499 0.0393366 0.106773 0.175669 0.188423 0.158861 0.12863 0.0949627 0.0566403 0.0270131 0.0102305 0.00293817 0.000615591 9.20208e-05 9.61482e-06 6.87449e-07 3.30023e-08 1.04557e-09 2.1498e-11
 1.32217e-11 1.43573e-09 9.19167e-08 3.46945e-06 7.72115e-05 0.00101324 0.00784418 0.0358899 0.0977259 0.162558 0.180219 0.162315 0.139586 0.1053 0.0628808 0.0297154 0.0110382 0.00309508 0.000634559 9.32087e-05 9.57473e-06 6.69342e-07 3.11004e-08 9.43054e-10 1.83955e-11
 1.32015e-11 1.43353e-09 9.17763e-08 3.46416e-06 7.70943e-05 0.00101173 0.00783307 0.0358469 0.0976611 0.162603 0.180259 0.161474 0.137886 0.104785 0.0641156 0.0309957 0.0115402 0.00317701 0.000631429 8.93225e-05 8.81599e-06 5.92264e-07 2.64588e-08 7.70634e-10 1.43942e-11
 1.39199e-11 1.51154e-09 9.67704e-08 3.65267e-06 8.129e-05 0.00106679 0.00825956 0.0377976 0.102934 0.170947 0.187366 0.162552 0.132643 0.0972084 0.058004 0.0275569 0.0101621 0.00278507 0.000549275 7.62151e-05 7.27586e-06 4.67627e-07 1.98567e-08 5.48046e-10 9.68969e-12
 1.23823e-11 1.34457e-09 8.60815e-08 3.24924e-06 7.23146e-05 0.00094914 0.00735216 0.033701 0.0922968 0.156094 0.179769 0.169997 0.147903 0.108572 0.0623129 0.0280368 0.00980691 0.00257154 0.000489275 6.58253e-05 6.09625e-06 3.78625e-07 1.54299e-08 4.05599e-10 6.78439e-12
 1.51541e-11 1.64556e-09 1.05351e-07 3.97655e-06 8.84987e-05 0.00116142 0.00899228 0.041146 0.111942 0.184915 0.198243 0.162079 0.122354 0.0856873 0.0500877 0.0229844 0.00792697 0.00198486 0.000354904 4.47678e-05 3.90477e-06 2.29633e-07 8.89063e-09 2.22182e-10 3.52787e-12
 1.34197e-11 1.45723e-09 9.3294e-08 3.52152e-06 7.83767e-05 0.00102879 0.00797092 0.0365563 0.100205 0.169433 0.193209 0.175639 0.142115 0.0955764 0.0497211 0.0201858 0.00642803 0.00154679 0.000268599 3.25232e-05 2.67807e-06 1.47035e-07 5.29393e-09 1.23127e-10 1.82422e-12
 1.42894e-11 1.55167e-09 9.934e-08 3.74973e-06 8.34553e-05 0.00109541 0.00848571 0.0388907 0.106317 0.178024 0.197212 0.169831 0.132045 0.090173 0.0492847 0.0205656 0.00633715 0.00140425 0.000221338 2.46073e-05 1.8918e-06 9.78141e-08 3.3138e-09 7.21178e-11 9.93955e-13
 1.53383e-11 1.66557e-09 1.06632e-07 4.025e-06 8.9582e-05 0.00117583 0.00910834 0.041734 0.113952 0.189832 0.206496 0.169821 0.123343 0.0792037 0.04152 0.0170403 0.00528641 0.00118664 0.000186105 1.99279e-05 1.43285e-06 6.82319e-08 2.1241e-09 4.26501e-11 5.44841e-13
 1.41898e-11 1.54085e-09 9.86485e-08 3.72373e-06 8.2883e-05 0.00108815 0.00843499 0.0387301 0.10641 0.180382 0.204493 0.179401 0.135529 0.0845655 0.0407221 0.0149705 0.00418156 0.000863455 0.000127461 1.30516e-05 9.01503e-07 4.09812e-08 1.20272e-09 2.24722e-11 2.646e-13
 1.39612e-11 1.51603e-09 9.70601e-08 3.66382e-06 8.15524e-05 0.00107078 0.00830234 0.0381432 0.104933 0.178312 0.202834 0.178636 0.136231 0.0870099 0.0431595 0.0160101 0.00432304 0.000828564 0.000111041 1.02975e-05 6.50574e-07 2.74039e-08 7.52651e-10 1.3222e-11 1.46335e-13
 1.4777e-11 1.60462e-09 1.02732e-07 3.87795e-06 8.63195e-05 0.00113339 0.00878758 0.0403626 0.110895 0.187438 0.209547 0.177533 0.128708 0.0789231 0.038139 0.0139246 0.00371764 0.000701415 9.10697e-05 7.98956e-06 4.66693e-07 1.79098e-08 4.45966e-10 7.12026e-12 7.20505e-14
 1.36864e-11 1.48621e-09 9.51522e-08 3.59197e-06 7.99636e-05 0.00105029 0.00815092 0.0375353 0.103846 0.178614 0.207143 0.184712 0.138177 0.0838934 0.0390237 0.013585 0.00346852 0.000630278 7.91926e-05 6.71948e-06 3.77198e-07 1.37594e-08 3.21421e-10 4.75389e-12 4.41218e-14
 1.34361e-11 1.45903e-09 9.34133e-08 3.52642e-06 7.85095e-05 0.00103136 0.0080072 0.0369067 0.102301 0.176571 0.205807 0.184603 0.139397 0.0860753 0.0407483 0.014219 0.00355217 0.000619216 7.38925e-05 5.94034e-06 3.16264e-07 1.09534e-08 2.4277e-10 3.39697e-12 2.96855e-14
 1.32714e-11 1.44115e-09 9.22699e-08 3.48339e-06 7.75594e-05 0.00101913 0.00791712 0.0365442 0.10162 0.176483 0.207503 0.186968 0.140041 0.084937 0.0394208 0.0135112 0.00331818 0.000566492 6.55932e-05 5.05426e-06 2.55052e-07 8.30953e-09 1.726e-10 2.26071e-12 1.84933e-14
 1.31376e-11 1.42663e-09 9.13419e-08 3.44851e-06 7.67909e-05 0.00100929 0.00784523 0.036259 0.101093 0.176381 0.208568 0.188376 0.140484 0.084462 0.0387139 0.0130259 0.00312148 0.00051796 5.81319e-05 4.32663e-06 2.09801e-07 6.52491e-09 1.28461e-10 1.5843e-12 1.21375e-14
#pred catch len freq
 1.27803e-11 1.38778e-09 8.88473e-08 3.35354e-06 7.46283e-05 0.000979159 0.00757519 0.0345734 0.0933262 0.150914 0.155261 0.125872 0.109674 0.0950382 0.0681544 0.0446132 0.030202 0.0210614 0.0152642 0.0116926 0.00961461 0.00856142 0.00775968 0.00614689 0.00363834
 1.60395e-11 1.7417e-09 1.11505e-07 4.20876e-06 9.36599e-05 0.00122885 0.00950653 0.0433788 0.116969 0.18813 0.188764 0.140576 0.107262 0.084097 0.0532538 0.028005 0.0148236 0.00841273 0.0050501 0.00323291 0.00224924 0.00174154 0.00144688 0.00111232 0.000661999
 1.45294e-11 1.57772e-09 1.01007e-07 3.81251e-06 8.4842e-05 0.00111317 0.008612 0.0393065 0.106118 0.171721 0.177214 0.144856 0.126242 0.104662 0.0646364 0.0305326 0.0133386 0.00589605 0.00264658 0.00127524 0.000686152 0.000423289 0.000298257 0.000211002 0.000122195
 1.49762e-11 1.62624e-09 1.04113e-07 3.92975e-06 8.74511e-05 0.0011474 0.00887668 0.0405115 0.10933 0.176588 0.180694 0.143791 0.121108 0.0995606 0.0628412 0.0313429 0.0143527 0.0060783 0.00229499 0.00082389 0.000307278 0.000130513 6.7751e-05 3.99613e-05 2.13749e-05
 1.47118e-11 1.59752e-09 1.02275e-07 3.86037e-06 8.5907e-05 0.00112714 0.00872003 0.0397981 0.107426 0.173681 0.178509 0.14408 0.123654 0.10236 0.0643335 0.0317315 0.0145039 0.00630341 0.00245733 0.00084946 0.000261111 7.58086e-05 2.42145e-05 9.66723e-06 4.23561e-06
 1.45669e-11 1.58179e-09 1.01268e-07 3.82236e-06 8.50612e-05 0.00111604 0.00863419 0.0394067 0.106374 0.172021 0.176992 0.14336 0.123718 0.10304 0.0655842 0.033202 0.0156031 0.00685233 0.00267923 0.000938394 0.000289485 7.67164e-05 1.79375e-05 4.2156e-06 1.16414e-06
 1.50613e-11 1.63547e-09 1.04705e-07 3.95207e-06 8.79478e-05 0.00115392 0.00892709 0.0407413 0.109946 0.177551 0.181529 0.144055 0.120802 0.0988879 0.0619558 0.0305334 0.0139911 0.00614476 0.00245033 0.000874391 0.000272612 7.23839e-05 1.60915e-05 3.00685e-06 5.11371e-07
 1.56756e-11 1.70219e-09 1.08975e-07 4.11328e-06 9.15352e-05 0.00120098 0.00929108 0.0423997 0.114384 0.18441 0.187098 0.144735 0.116926 0.0936614 0.0577608 0.0276812 0.0121903 0.00516053 0.00200053 0.000706448 0.000222381 6.00044e-05 1.34296e-05 2.42834e-06 3.5187e-07
 1.51623e-11 1.64645e-09 1.05407e-07 3.9786e-06 8.8538e-05 0.00116166 0.00898701 0.0410151 0.11069 0.178792 0.18298 0.145645 0.122452 0.0996787 0.0609576 0.028281 0.0118507 0.00479003 0.00177838 0.000602186 0.000183681 4.89074e-05 1.09871e-05 2.00094e-06 2.84933e-07
 1.49719e-11 1.62577e-09 1.04083e-07 3.92861e-06 8.74257e-05 0.00114707 0.00887414 0.0405006 0.10931 0.176629 0.181078 0.144956 0.122942 0.100886 0.0626004 0.0299654 0.0130055 0.00527667 0.00189492 0.000609786 0.000176757 4.50186e-05 9.79926e-06 1.75931e-06 2.49902e-07
 1.55175e-11 1.68502e-09 1.07876e-07 4.07179e-06 9.0612e-05 0.00118887 0.00919741 0.041973 0.113244 0.18266 0.185737 0.144764 0.118254 0.0953 0.0589344 0.0283072 0.0124279 0.00515778 0.00190697 0.00062226 0.000176858 4.30345e-05 8.89143e-06 1.52693e-06 2.1048e-07
 1.5066e-11 1.63599e-09 1.04738e-07 3.95333e-06 8.79757e-05 0.00115428 0.00892998 0.0407558 0.110003 0.177786 0.18243 0.14643 0.124429 0.101442 0.0613238 0.0275594 0.0110324 0.00432556 0.00158284 0.000524457 0.000152517 3.75204e-05 7.6281e-06 1.25845e-06 1.6536e-07
 1.53293e-11 1.66458e-09 1.06568e-07 4.02241e-06 8.95131e-05 0.00117445 0.00908594 0.0414658 0.111895 0.180644 0.184434 0.145669 0.121173 0.0981791 0.060053 0.0278877 0.0115669 0.00448669 0.00154063 0.000475815 0.000133828 3.29999e-05 6.80827e-06 1.12881e-06 1.45902e-07
 1.46946e-11 1.59566e-09 1.02156e-07 3.85587e-06 8.58069e-05 0.00112583 0.00870993 0.0397533 0.107323 0.173658 0.179154 0.146273 0.127183 0.104965 0.0639685 0.0291282 0.0118089 0.00458267 0.00160579 0.000497389 0.000134468 3.12685e-05 6.20627e-06 1.02026e-06 1.32528e-07
 1.45668e-11 1.58178e-09 1.01267e-07 3.82233e-06 8.50607e-05 0.00111604 0.00863421 0.0394083 0.106398 0.172219 0.177938 0.145975 0.127762 0.105938 0.0649936 0.0300145 0.0123647 0.004802 0.00165993 0.000509735 0.000138411 3.20894e-05 6.18078e-06 9.70726e-07 1.21765e-07
 1.52915e-11 1.66047e-09 1.06305e-07 4.01248e-06 8.92919e-05 0.00117155 0.00906351 0.0413638 0.111624 0.180243 0.184194 0.145912 0.12184 0.0987643 0.0601445 0.0276291 0.0113419 0.0044246 0.0015467 0.000478134 0.000129261 2.97544e-05 5.70823e-06 8.87259e-07 1.08374e-07
 1.48958e-11 1.61751e-09 1.03554e-07 3.90866e-06 8.69818e-05 0.00114124 0.00882915 0.0402966 0.108778 0.175917 0.18104 0.146666 0.126172 0.103419 0.0625078 0.0279394 0.0110025 0.00416343 0.00143721 0.000443998 0.00012081 2.79687e-05 5.36172e-06 8.29004e-07 1.00478e-07
 1.51985e-11 1.65037e-09 1.05658e-07 3.98808e-06 8.87491e-05 0.00116443 0.00900846 0.0411135 0.110962 0.179281 0.183711 0.146799 0.123953 0.100631 0.0605103 0.0268041 0.0103698 0.00382022 0.00127196 0.000378808 0.000100767 2.31746e-05 4.45373e-06 6.91121e-07 8.37496e-08
 1.61446e-11 1.75312e-09 1.12236e-07 4.23635e-06 9.42739e-05 0.00123691 0.00956898 0.0436661 0.117776 0.189685 0.191534 0.145765 0.114777 0.0903237 0.0546202 0.0250578 0.0102142 0.00388434 0.00129295 0.000376638 9.6829e-05 2.14903e-05 4.02574e-06 6.17811e-07 7.47699e-08
 1.60298e-11 1.74065e-09 1.11438e-07 4.20622e-06 9.36034e-05 0.00122812 0.00950098 0.0433571 0.11696 0.188509 0.190997 0.147027 0.117616 0.0927018 0.0548143 0.0236412 0.00882429 0.00320708 0.00108416 0.000326802 8.52222e-05 1.86664e-05 3.39329e-06 5.03857e-07 5.94706e-08
 1.63773e-11 1.77838e-09 1.13853e-07 4.29739e-06 9.56323e-05 0.00125473 0.00970683 0.0442948 0.119466 0.192364 0.194032 0.147095 0.114942 0.089429 0.0525805 0.0224741 0.00819394 0.00283852 0.000893444 0.000252709 6.46847e-05 1.43898e-05 2.65139e-06 3.90841e-07 4.50323e-08
 1.63857e-11 1.77929e-09 1.13912e-07 4.2996e-06 9.56813e-05 0.00125538 0.0097118 0.0443173 0.119525 0.192442 0.194033 0.146899 0.114578 0.0891568 0.0526247 0.0227398 0.00843158 0.00294561 0.000915928 0.000249157 5.99483e-05 1.2554e-05 2.24204e-06 3.30044e-07 3.82363e-08
 1.65279e-11 1.79474e-09 1.14901e-07 4.33693e-06 9.65121e-05 0.00126628 0.00979611 0.0447017 0.120557 0.194065 0.195488 0.147509 0.114363 0.0883749 0.0514044 0.0213933 0.00745556 0.0024878 0.000766221 0.000209432 5.00333e-05 1.01435e-05 1.71679e-06 2.39349e-07 2.67971e-08
 1.66886e-11 1.81218e-09 1.16017e-07 4.37907e-06 9.745e-05 0.00127858 0.00989127 0.0451354 0.121718 0.195867 0.196984 0.147798 0.113519 0.0871195 0.0502576 0.0204879 0.00684417 0.00216175 0.000627752 0.000162273 3.75128e-05 7.5241e-06 1.2592e-06 1.70511e-07 1.82337e-08
 1.68353e-11 1.82811e-09 1.17037e-07 4.41757e-06 9.83067e-05 0.00128982 0.00997819 0.0455311 0.122773 0.197465 0.198128 0.147448 0.11181 0.0853424 0.0494504 0.020507 0.00705586 0.00226765 0.000647953 0.000159911 3.47805e-05 6.58076e-06 1.05596e-06 1.39641e-07 1.4655e-08
 1.66877e-11 1.81208e-09 1.16011e-07 4.37885e-06 9.74449e-05 0.00127851 0.00989076 0.0451329 0.121711 0.19585 0.196943 0.147706 0.113387 0.0870386 0.0503091 0.0206273 0.00696334 0.00221659 0.000640377 0.000160873 3.49456e-05 6.39984e-06 9.72237e-07 1.21348e-07 1.21633e-08
 1.652e-11 1.79387e-09 1.14845e-07 4.33484e-06 9.64655e-05 0.00126567 0.00979139 0.0446803 0.120502 0.193994 0.195502 0.147738 0.114785 0.0887223 0.0514355 0.0211653 0.00717761 0.00228273 0.000652736 0.00016203 3.51622e-05 6.49342e-06 9.8613e-07 1.20158e-07 1.15063e-08
 1.6309e-11 1.77096e-09 1.13379e-07 4.27948e-06 9.52336e-05 0.0012495 0.00966642 0.0441113 0.118984 0.191692 0.193841 0.1482 0.117183 0.0912531 0.0526497 0.0212301 0.00692642 0.0021269 0.000599737 0.000148345 3.20073e-05 5.86002e-06 8.86e-07 1.0806e-07 1.03096e-08
#obs catch len freq
 1.18213e-11 1.28366e-09 8.21807e-08 3.10192e-06 6.90291e-05 0.000905706 0.00700738 0.031992 0.0864897 0.140875 0.149508 0.132735 0.129654 0.120853 0.091216 0.0579647 0.0312795 0.013445 0.00451052 0.00119807 0.000249748 3.94778e-05 4.53933e-06 3.64591e-07 1.97611e-08
 1.64457e-11 1.78581e-09 1.14329e-07 4.31535e-06 9.60321e-05 0.00125998 0.00974733 0.0444774 0.119918 0.192686 0.192154 0.139357 0.101618 0.0801099 0.0558528 0.0336254 0.0177874 0.0077725 0.00266923 0.000703765 0.000139103 2.01712e-05 2.10451e-06 1.54141e-07 7.69773e-09
 1.48361e-11 1.61103e-09 1.03139e-07 3.89301e-06 8.66336e-05 0.00113669 0.00879425 0.0401439 0.108432 0.175722 0.181767 0.14768 0.125018 0.100779 0.0620739 0.0295872 0.0123073 0.00458253 0.00144115 0.00036362 7.00955e-05 9.84447e-06 9.71786e-07 6.57426e-08 2.98868e-09
 1.52572e-11 1.65675e-09 1.06066e-07 4.00348e-06 8.90922e-05 0.00116894 0.00904377 0.0412813 0.111474 0.18036 0.185004 0.145955 0.118537 0.0949637 0.0612374 0.0315395 0.0134218 0.00450048 0.00114841 0.00022977 3.69951e-05 4.64128e-06 4.26396e-07 2.71912e-08 1.16011e-09
 1.61219e-11 1.75064e-09 1.12078e-07 4.23038e-06 9.41415e-05 0.00123519 0.00955627 0.0436188 0.117754 0.190212 0.193464 0.147854 0.11339 0.0865606 0.0536983 0.0266328 0.0110675 0.00370687 0.000944025 0.000179149 2.5154e-05 2.59303e-06 1.95035e-07 1.05492e-08 3.98053e-10
 1.53909e-11 1.67127e-09 1.06996e-07 4.03857e-06 8.98733e-05 0.0011792 0.0091236 0.0416534 0.112559 0.182569 0.188608 0.150334 0.121004 0.0933373 0.056866 0.0272685 0.0108648 0.00349454 0.000860896 0.00015919 2.17237e-05 2.12577e-06 1.45211e-07 6.80502e-09 2.163e-10
 1.49739e-11 1.62599e-09 1.04097e-07 3.92916e-06 8.74386e-05 0.00114727 0.00887689 0.040534 0.109607 0.17823 0.185689 0.150868 0.123658 0.096197 0.0594901 0.0291827 0.0117091 0.00368054 0.000866205 0.000151384 1.95123e-05 1.81009e-06 1.17274e-07 5.17006e-09 1.51799e-10
 1.60987e-11 1.74813e-09 1.11917e-07 4.22431e-06 9.40068e-05 0.00123345 0.00954343 0.0435717 0.117738 0.190777 0.195619 0.150997 0.114483 0.0848555 0.0516682 0.0252819 0.0101084 0.00315177 0.000731803 0.000124674 1.53872e-05 1.34532e-06 8.14304e-08 3.3455e-09 9.15589e-11
 1.61026e-11 1.74856e-09 1.11944e-07 4.22534e-06 9.40301e-05 0.00123377 0.00954631 0.043592 0.117865 0.191393 0.197536 0.154366 0.11727 0.0846708 0.0488815 0.0222072 0.00825399 0.00243923 0.000545438 9.00148e-05 1.0744e-05 9.02642e-07 5.20025e-08 2.01205e-09 5.13864e-11
 1.47845e-11 1.60542e-09 1.02781e-07 3.87948e-06 8.63338e-05 0.00113282 0.00876627 0.0400495 0.108499 0.177529 0.188167 0.156986 0.128492 0.0959688 0.0560756 0.0255842 0.0093578 0.00264823 0.00055661 8.58789e-05 9.63075e-06 7.66026e-07 4.19572e-08 1.54253e-09 3.72849e-11
 1.54782e-11 1.68075e-09 1.07603e-07 4.0615e-06 9.03847e-05 0.00118597 0.00917739 0.0419229 0.113501 0.185116 0.193493 0.154975 0.120301 0.0884035 0.0531625 0.0255223 0.00969712 0.00277448 0.000576655 8.623e-05 9.18639e-06 6.83902e-07 3.48327e-08 1.19091e-09 2.68491e-11
 1.40056e-11 1.52084e-09 9.7366e-08 3.67511e-06 8.1787e-05 0.00107321 0.00830649 0.0379742 0.10312 0.170086 0.184485 0.16049 0.134961 0.100587 0.0585609 0.0268628 0.00989815 0.00281757 0.000591838 8.92328e-05 9.43186e-06 6.82606e-07 3.31748e-08 1.06643e-09 2.23749e-11
 1.42008e-11 1.54204e-09 9.8723e-08 3.72634e-06 8.29273e-05 0.00108818 0.00842258 0.0385065 0.104561 0.172292 0.185781 0.158702 0.130798 0.0980796 0.059247 0.028316 0.0105266 0.0029135 0.000585349 8.47018e-05 8.69017e-06 6.15124e-07 2.9214e-08 9.10428e-10 1.83081e-11
 1.43405e-11 1.55721e-09 9.96943e-08 3.763e-06 8.37438e-05 0.00109892 0.00850637 0.0388991 0.105704 0.174498 0.188745 0.16107 0.130735 0.0955074 0.0560704 0.0261697 0.00962253 0.0026656 0.000535755 7.64056e-05 7.57647e-06 5.11711e-07 2.31085e-08 6.86177e-10 1.31835e-11
 1.31249e-11 1.42521e-09 9.12433e-08 3.44404e-06 7.66469e-05 0.00100587 0.00778816 0.0356488 0.0971976 0.162279 0.18136 0.16471 0.141157 0.105036 0.0616325 0.028457 0.0102498 0.00276943 0.000544109 7.61418e-05 7.41058e-06 4.8857e-07 2.1327e-08 6.05572e-10 1.10303e-11
 1.31607e-11 1.4291e-09 9.14926e-08 3.45346e-06 7.68573e-05 0.00100866 0.00781038 0.0357581 0.0975411 0.162942 0.181837 0.163798 0.13907 0.104133 0.0625165 0.0294624 0.010615 0.00281181 0.000534865 7.20001e-05 6.7252e-06 4.25568e-07 1.78378e-08 4.85886e-10 8.46542e-12
 1.39326e-11 1.51291e-09 9.68586e-08 3.65601e-06 8.13654e-05 0.00106783 0.00826863 0.0378537 0.103199 0.171854 0.189291 0.164657 0.133246 0.0960588 0.0561822 0.0260006 0.0092696 0.00244071 0.000459841 6.06125e-05 5.4688e-06 3.30733e-07 1.31644e-08 3.39487e-10 5.59335e-12
 1.24393e-11 1.35077e-09 8.64783e-08 3.26424e-06 7.26499e-05 0.000953599 0.00738807 0.0338836 0.0929283 0.157664 0.182399 0.172328 0.148021 0.106635 0.0599164 0.0262431 0.00886933 0.00223262 0.000405366 5.17376e-05 4.52189e-06 2.63898e-07 1.00698e-08 2.47115e-10 3.84936e-12
 1.52516e-11 1.65615e-09 1.06029e-07 4.00217e-06 8.907e-05 0.00116896 0.00905174 0.0414313 0.112811 0.186682 0.200629 0.163807 0.122166 0.08387 0.0478645 0.0213114 0.00708528 0.00170109 0.000290062 3.46874e-05 2.85264e-06 1.57459e-07 5.70136e-09 1.32866e-10 1.96282e-12
 1.35384e-11 1.47012e-09 9.41193e-08 3.5527e-06 7.90727e-05 0.001038 0.00804383 0.0369098 0.1013 0.171697 0.196212 0.177484 0.141205 0.0928995 0.0472124 0.0186315 0.00572154 0.00131806 0.000217805 2.49634e-05 1.9365e-06 9.97428e-08 3.35671e-09 7.27502e-11 1.00193e-12
 1.44156e-11 1.56537e-09 1.00218e-07 3.7829e-06 8.41954e-05 0.0011052 0.00856299 0.0392624 0.107446 0.180274 0.200079 0.171607 0.131359 0.0877021 0.0466819 0.0188581 0.00559111 0.00118592 0.00017795 1.87195e-05 1.35417e-06 6.55966e-08 2.07523e-09 4.20634e-11 5.38759e-13
 1.5516e-11 1.68487e-09 1.07868e-07 4.07168e-06 9.06229e-05 0.00118956 0.0092161 0.0422434 0.115435 0.192548 0.209493 0.17113 0.121998 0.0764215 0.0389838 0.0154811 0.00461354 0.000988662 0.000147245 1.48999e-05 1.00788e-06 4.49663e-08 1.30671e-09 2.4418e-11 2.8962e-13
 1.43855e-11 1.56211e-09 1.0001e-07 3.77517e-06 8.40308e-05 0.00110332 0.00855443 0.0392987 0.108085 0.183484 0.207883 0.180661 0.133602 0.0812149 0.038036 0.0135317 0.00363148 0.000715667 0.000100226 9.6837e-06 6.28246e-07 2.67276e-08 7.31942e-10 1.27293e-11 1.39199e-13
 1.41837e-11 1.5402e-09 9.8608e-08 3.7223e-06 8.28572e-05 0.00108802 0.00843795 0.0387865 0.106809 0.181716 0.206451 0.179954 0.134238 0.083423 0.0401444 0.0143688 0.00372094 0.000680313 8.65095e-05 7.56957e-06 4.48891e-07 1.76752e-08 4.52379e-10 7.38833e-12 7.58838e-14
 1.50058e-11 1.62948e-09 1.04324e-07 3.93809e-06 8.76616e-05 0.00115112 0.00892706 0.0410229 0.112807 0.190844 0.213013 0.178576 0.126564 0.0754288 0.0353223 0.0124286 0.00317725 0.000570762 7.0205e-05 5.80724e-06 3.18445e-07 1.14277e-08 2.65193e-10 3.9347e-12 3.69173e-14
 1.39342e-11 1.51311e-09 9.68756e-08 3.65711e-06 8.14183e-05 0.00106954 0.00830282 0.0382585 0.105957 0.182398 0.210963 0.185719 0.135605 0.079983 0.0360427 0.0120873 0.00295274 0.000510267 6.06504e-05 4.84511e-06 2.55032e-07 8.6943e-09 1.89283e-10 2.60287e-12 2.24137e-14
 1.37042e-11 1.48815e-09 9.52785e-08 3.59693e-06 8.00844e-05 0.0010522 0.00817167 0.0376888 0.104574 0.180605 0.209831 0.185682 0.136753 0.0819257 0.0374937 0.0125781 0.00300275 0.000497463 5.61223e-05 4.24424e-06 2.11656e-07 6.84301e-09 1.41211e-10 1.83581e-12 1.48801e-14
 1.35477e-11 1.47117e-09 9.4193e-08 3.55611e-06 7.91847e-05 0.00104067 0.0080874 0.037356 0.103983 0.180664 0.211602 0.187932 0.137199 0.0806824 0.0361702 0.0119045 0.00278961 0.000451891 4.94016e-05 3.57794e-06 1.69041e-07 5.13914e-09 9.93368e-11 1.20808e-12 9.15947e-15
#spawning biomass
 2637.54 3709.93 6267.16 9062.53 14057.4 22135.7 30320.1 43622.3 60759.2 83643.1 112471 122242 139823 146852 136527 126649 118857 101220 119455 130018 137325 164036 159221 147240 158772 163860 159404 136740 156816 164542 90163.3 48460.3 29531.3 21915.1 19077.6 18074.3 17732.4 17619 17582.1 17570.2 17566.5 17565.3 17565 17564.8 17564.8 17564.8 17564.8 17564.8 17564.8 17564.8 17564.8 17564.8 17564.8 17564.8 17564.8 17564.8 17564.8 17564.8 17564.8 17564.8 17564.8 17564.8 17564.8 17564.8 17564.8 17564.8 17564.8 17564.8 17564.8 17564.8 17564.8 17564.8 17564.8 17564.8 17564.8 17564.8 17564.8 17564.8 17564.8 17564.8 17564.8 17564.8 17564.8 17564.8 17564.8 17564.8 17564.8 17564.8 17564.8 17564.8 17564.8 17564.8 17564.8 17564.8 17564.8 17564.8 17564.8 17564.8 17564.8 17564.8 17564.8 17564.8 17564.8 17564.8 17564.8 17564.8 17564.8 17564.8 17564.8 17564.8 17564.8 17564.8 17564.8 17564.8 17564.8 17564.8 17564.8 17564.8 17564.8 17564.8 17564.8 17564.8 17564.8 17564.8 17564.8 17564.8 17564.8 17564.8 0 0 0 0 0 0 0 0 0 0 0 0 0 0 0 0 0 0 0 0 0 0 0 0 0
