SBPRF35
0.119929
Curr Bio
218206
B35
311277
F35
3.0108
FOFL
2.20526
OFL
67068.3
Bzero
33982.2
#pred survey bio
 28752.2 29309.3 21271.5 22579.5 35320.9 56913.5 90022.3 130004 171077 207546 195797 205675 246191 287680 279063 263171 235326 255574 269138 324377 314123 359553 431642 445739 337780 359341 297911 281454 1.03374e+07 6.26246e+06 1.55593e+06 822605 586547 473393 413168 380351 362411 352628 347315 344443 342896 342065 341620 341380 341254 341188 341154 341135 341126 341121 341118 341117 341116 341116 341115 341115 341115 341115 341115 341115 341115 341115 341115 341115 341115 341115 341115 341115 341115 341115 341115 341115 341115 341115 341115 341115 341115 341115 341115 341115 341115 341115 341115 341115 341115 341115 341115 341115 341115 341115 341115 341115 341115 341115 341115 341115 341115 341115 341115 341115 341115 341115 341115 341115 341115 341115 341115 341115 341115 341115 341115 341115 341115 341115 341115 341115 341115 341115 341115 341115 341115 341115 341115 341115 341115 341115 341115 341115 0 0 0 0 0 0 0 0 0 0 0 0 0 0 0 0 0 0 0 0 0 0 0 0 0
#obs survey bio
 25536 27502 14327.5 21306.7 39233.7 66670.8 87393.7 112963 164160 163864 156587 199606 185056 266740 226081 181545 188414 220431 228864 210956 225345 296884 340692 397010 189464 269880 167216 206148
#pred catch bio
 14755 17794.9 12287.6 10372.3 20691 30079.1 56378.8 91372.6 123542 166786 159479 163823 193819 241874 232679 227881 191018 208288 216289 265605 234449 232361 254268 233550 239493 278799 237345 203949 67068.3 220517 16553.6 6964.72 6598.73 6586.14 6585.74 6585.73 6585.72 6585.72 6585.72 6585.72 6585.72 6585.72 6585.72 6585.72 6585.72 6585.72 6585.72 6585.72 6585.72 6585.72 6585.72 6585.72 6585.72 6585.72 6585.72 6585.72 6585.72 6585.72 6585.72 6585.72 6585.72 6585.72 6585.72 6585.72 6585.72 6585.72 6585.72 6585.72 6585.72 6585.72 6585.72 6585.72 6585.72 6585.72 6585.72 6585.72 6585.72 6585.72 6585.72 6585.72 6585.72 6585.72 6585.72 6585.72 6585.72 6585.72 6585.72 6585.72 6585.72 6585.72 6585.72 6585.72 6585.72 6585.72 6585.72 6585.72 6585.72 6585.72 6585.72 6585.72 6585.72 6585.72 6585.72 6585.72 6585.72 6585.72 6585.72 6585.72 6585.72 6585.72 6585.72 6585.72 6585.72 6585.72 6585.72 6585.72 6585.72 6585.72 6585.72 6585.72 6585.72 6585.72 6585.72 6585.72 6585.72 6585.72 6585.72 6585.72 0 0 0 0 0 0 0 0 0 0 0 0 0 0 0 0 0 0 0 0 0 0 0 0 0
#obs catch bio
 17019.2 18060.2 12731.7 11502 15070.4 24379.4 40682.7 74437.2 95595.2 148074 147343 142947 167184 201352 219758 202979 173355 176058 188788 267401 199738 195367 215668 179305 220262 251202 215558 175240
#pred cpue bio
 21714.8 23526.1 18711.3 12044.2 12771.1 22183.8 35524.4 57180.5 78041.2 104787 97182.2 87426.7 100422 126147 113433 113669 85722.8 97644.1 94204.7 99330.1 105193 103255 115239 114432 88910.9 96501.3 84616.9 70566.8 2.95287e+06 6.09954e+06 1.43387e+06 700372 464311 351157 290932 258115 240175 230392 225079 222207 220660 219829 219384 219144 219018 218952 218918 218899 218890 218885 218882 218881 218880 218880 218879 218879 218879 218879 218879 218879 218879 218879 218879 218879 218879 218879 218879 218879 218879 218879 218879 218879 218879 218879 218879 218879 218879 218879 218879 218879 218879 218879 218879 218879 218879 218879 218879 218879 218879 218879 218879 218879 218879 218879 218879 218879 218879 218879 218879 218879 218879 218879 218879 218879 218879 218879 218879 218879 218879 218879 218879 218879 218879 218879 218879 218879 218879 218879 218879 218879 218879 218879 218879 218879 218879 218879 218879 218879 0 0 0 0 0 0 0 0 0 0 0 0 0 0 0 0 0 0 0 0 0 0 0 0 0
#obs cpue bio
 18923.3 27997 14011.7 17111.1 29073.1 48366.4 124410 145627 221869 207716 180587 159093 222604 301113 168287 270710 150624 229039 183400 146265 281083 248020 283276 394262 194102 210558 212257 177336
#pred surv len freq
 1.26729e-11 1.37553e-09 8.80335e-08 3.32211e-06 7.39213e-05 0.000969892 0.0075045 0.0342612 0.0925514 0.150018 0.155781 0.129854 0.117189 0.102962 0.0734588 0.0468224 0.0298398 0.0187997 0.0120094 0.00811491 0.00595184 0.0048177 0.00408616 0.00311844 0.00181196
 9.96481e-12 1.08158e-09 6.92213e-08 2.6122e-06 5.81251e-05 0.000762657 0.00590185 0.0269635 0.0730992 0.120597 0.135088 0.137616 0.151343 0.139747 0.0934294 0.0510608 0.0277072 0.0154234 0.00858627 0.00483498 0.00286863 0.00190318 0.00140837 0.00101334 0.000583991
 6.60642e-12 7.17064e-10 4.5892e-08 1.73183e-06 3.8536e-05 0.000505653 0.00391399 0.0179043 0.0488496 0.083086 0.10455 0.133738 0.17265 0.169626 0.119387 0.0698806 0.0385879 0.0195158 0.00915646 0.00428231 0.00205721 0.00105659 0.000616689 0.000385211 0.000209869
 1.80249e-11 1.95643e-09 1.25211e-07 4.72507e-06 0.000105139 0.00137945 0.0106722 0.0486952 0.131157 0.209486 0.202993 0.132216 0.0785308 0.0564806 0.0444752 0.0346571 0.0240242 0.0136986 0.0066415 0.00286487 0.00113987 0.000449419 0.000192144 9.24952e-05 4.3789e-05
 1.97546e-11 2.14417e-09 1.37226e-07 5.1785e-06 0.000115228 0.00151183 0.0116965 0.0533703 0.143773 0.229833 0.223604 0.147736 0.0886396 0.056831 0.0296059 0.0101305 0.00231182 0.000506484 0.000187924 8.69391e-05 3.52466e-05 1.22794e-05 3.97477e-06 1.34164e-06 4.8306e-07
 1.92306e-11 2.0873e-09 1.33587e-07 5.04116e-06 0.000112172 0.00147173 0.0113864 0.051958 0.140003 0.224085 0.219328 0.148473 0.0939936 0.0627814 0.0329363 0.0109905 0.00219716 0.000259814 1.81266e-05 7.4578e-07 1.80931e-08 2.58823e-10 2.18488e-12 1.13482e-14 1.55837e-16
 1.91451e-11 2.07802e-09 1.32993e-07 5.01874e-06 0.000111673 0.00146519 0.0113358 0.0517275 0.139388 0.223143 0.218614 0.148547 0.0947948 0.0636957 0.0334788 0.0111761 0.00223446 0.00026423 1.84351e-05 7.58521e-07 1.84064e-08 2.63515e-10 2.22922e-12 1.1205e-14 3.41035e-17
 1.83152e-11 1.98793e-09 1.27228e-07 4.80117e-06 0.000106832 0.00140168 0.0108446 0.0494897 0.13341 0.214001 0.211679 0.149267 0.102573 0.0725723 0.0387456 0.0129783 0.00259654 0.000307086 2.14253e-05 8.81503e-07 2.13858e-08 3.05919e-10 2.58031e-12 1.28335e-14 3.76352e-17
 1.80008e-11 1.95381e-09 1.25044e-07 4.71875e-06 0.000104998 0.00137762 0.0106585 0.0486421 0.131146 0.210539 0.209052 0.149539 0.105519 0.0759346 0.0407406 0.013661 0.00273369 0.00032332 2.25582e-05 9.28112e-07 2.25166e-08 3.22094e-10 2.71674e-12 1.35119e-14 3.96238e-17
 1.70142e-11 1.84672e-09 1.1819e-07 4.46012e-06 9.92434e-05 0.00130212 0.0100746 0.0459821 0.124041 0.199672 0.200808 0.150395 0.114764 0.0864861 0.0470012 0.0158033 0.0031641 0.000374265 2.61131e-05 1.07438e-06 2.60652e-08 3.72855e-10 3.14489e-12 1.56414e-14 4.58684e-17
 1.71929e-11 1.86612e-09 1.19432e-07 4.50698e-06 0.000100286 0.0013158 0.0101803 0.046464 0.125329 0.201641 0.202302 0.15024 0.113089 0.0845746 0.045867 0.0154152 0.00308613 0.000365036 2.54691e-05 1.04788e-06 2.54223e-08 3.63659e-10 3.06733e-12 1.52556e-14 4.47371e-17
 1.85924e-11 2.01803e-09 1.29154e-07 4.87386e-06 0.000108449 0.0014229 0.0110087 0.0502373 0.135407 0.217055 0.213996 0.149026 0.0999741 0.0696068 0.0369861 0.0123763 0.00247558 0.000292768 2.04262e-05 8.40395e-07 2.03885e-08 2.91652e-10 2.45998e-12 1.22349e-14 3.58789e-17
 1.89071e-11 2.05219e-09 1.3134e-07 4.95635e-06 0.000110285 0.00144698 0.0111949 0.0510858 0.137674 0.220521 0.216625 0.148753 0.0970251 0.0662412 0.0349891 0.0116929 0.00233829 0.000276518 1.92923e-05 7.9374e-07 1.92566e-08 2.75461e-10 2.32341e-12 1.15556e-14 3.3887e-17
 1.83405e-11 1.99069e-09 1.27404e-07 4.80782e-06 0.00010698 0.00140362 0.0108596 0.0495581 0.133593 0.214281 0.211891 0.149245 0.102335 0.0723011 0.0385847 0.0129233 0.00258548 0.000305776 2.1334e-05 8.77744e-07 2.12946e-08 3.04614e-10 2.5693e-12 1.27786e-14 3.74734e-17
 1.89329e-11 2.05498e-09 1.31519e-07 4.96311e-06 0.000110435 0.00144895 0.0112102 0.0511552 0.137859 0.220805 0.21684 0.148731 0.0967837 0.0659656 0.0348256 0.011637 0.00232705 0.000275188 1.91994e-05 7.8992e-07 1.9164e-08 2.74135e-10 2.31223e-12 1.15e-14 3.37239e-17
 1.84646e-11 2.00415e-09 1.28265e-07 4.84034e-06 0.000107703 0.00141311 0.010933 0.0498926 0.134486 0.215647 0.212927 0.149137 0.101172 0.0709743 0.0377975 0.0126539 0.00253136 0.00029937 2.08869e-05 8.59351e-07 2.08484e-08 2.98231e-10 2.51547e-12 1.25108e-14 3.66882e-17
 1.96715e-11 2.13515e-09 1.36649e-07 5.15671e-06 0.000114743 0.00150547 0.0116473 0.0531465 0.143178 0.22894 0.223011 0.148091 0.0898627 0.0580669 0.030139 0.0100333 0.00200486 0.000237051 1.65382e-05 6.80427e-07 1.65076e-08 2.36136e-10 1.99172e-12 9.90596e-15 2.90493e-17
 1.93659e-11 2.10198e-09 1.34526e-07 5.0766e-06 0.000112961 0.00148208 0.0114664 0.0523225 0.140977 0.225574 0.220458 0.148356 0.0927265 0.0613353 0.0320783 0.0106969 0.00213818 0.000252832 1.76394e-05 7.25735e-07 1.76068e-08 2.5186e-10 2.12434e-12 1.05656e-14 3.09836e-17
 1.99107e-11 2.16111e-09 1.38311e-07 5.21942e-06 0.000116138 0.00152377 0.0117889 0.0537913 0.1449 0.231574 0.22501 0.147883 0.0876212 0.0555088 0.0286212 0.00951395 0.00190051 0.0002247 1.56764e-05 6.44966e-07 1.56473e-08 2.2383e-10 1.88792e-12 9.3897e-15 2.75354e-17
 2.06162e-11 2.23769e-09 1.43212e-07 5.40436e-06 0.000120254 0.00157776 0.0122064 0.0556935 0.149981 0.239345 0.230905 0.147272 0.0810098 0.0479634 0.0241443 0.00798201 0.00159273 0.00018827 1.31342e-05 5.4037e-07 1.31097e-08 1.8753e-10 1.58175e-12 7.86693e-15 2.30698e-17
 2.01596e-11 2.18813e-09 1.4004e-07 5.28466e-06 0.00011759 0.00154282 0.0119362 0.0544624 0.146693 0.234315 0.22709 0.147668 0.0852889 0.0528469 0.0270419 0.00897352 0.00179193 0.000211848 1.47796e-05 6.08067e-07 1.47521e-08 2.11024e-10 1.77991e-12 8.85251e-15 2.596e-17
 2.09096e-11 2.26953e-09 1.4525e-07 5.48127e-06 0.000121965 0.00160021 0.0123801 0.0564845 0.152094 0.242576 0.233356 0.147017 0.0782605 0.0448257 0.0222826 0.00734496 0.00146474 0.00017312 1.20771e-05 4.96875e-07 1.20545e-08 1.72436e-10 1.45443e-12 7.23371e-15 2.12129e-17
 2.12124e-11 2.30241e-09 1.47354e-07 5.56067e-06 0.000123731 0.00162339 0.0125593 0.0573011 0.154275 0.245912 0.235887 0.146755 0.0754223 0.0415866 0.0203607 0.00668733 0.00133261 0.000157481 1.09858e-05 4.51974e-07 1.09651e-08 1.56853e-10 1.32299e-12 6.58001e-15 1.92959e-17
 2.1363e-11 2.31875e-09 1.484e-07 5.60014e-06 0.00012461 0.00163491 0.0126484 0.0577071 0.155359 0.24757 0.237145 0.146624 0.0740112 0.0399761 0.0194051 0.00636035 0.00126692 0.000149706 1.04432e-05 4.29649e-07 1.04235e-08 1.49105e-10 1.25765e-12 6.25499e-15 1.83428e-17
 2.12679e-11 2.30842e-09 1.47739e-07 5.5752e-06 0.000124055 0.00162763 0.0125921 0.0574505 0.154674 0.246522 0.23635 0.146707 0.074903 0.0409938 0.020009 0.00656698 0.00130844 0.000154619 1.07861e-05 4.43757e-07 1.07658e-08 1.54001e-10 1.29894e-12 6.46038e-15 1.89451e-17
 2.11892e-11 2.29988e-09 1.47192e-07 5.55456e-06 0.000123596 0.00162161 0.0125455 0.0572383 0.154107 0.245655 0.235692 0.146775 0.0756405 0.0418356 0.0205084 0.00673788 0.00134277 0.000158684 1.10697e-05 4.55426e-07 1.10489e-08 1.58051e-10 1.3331e-12 6.63026e-15 1.94433e-17
 2.09572e-11 2.2747e-09 1.45581e-07 5.49376e-06 0.000122243 0.00160386 0.0124083 0.056613 0.152437 0.243101 0.233754 0.146976 0.077814 0.0443161 0.0219802 0.0072415 0.00144395 0.00017066 1.19054e-05 4.89811e-07 1.18831e-08 1.69984e-10 1.43375e-12 7.13086e-15 2.09113e-17
 2.14502e-11 2.32822e-09 1.49005e-07 5.623e-06 0.000125118 0.00164159 0.0127 0.0579422 0.155987 0.248531 0.237874 0.146549 0.0731941 0.0390435 0.0188518 0.00617101 0.00122888 0.000145203 1.0129e-05 4.16722e-07 1.01099e-08 1.44619e-10 1.21981e-12 6.06679e-15 1.77909e-17
#obs surv len freq
 4.65212e-11 4.31142e-09 2.35601e-07 7.59139e-06 0.00014423 0.00161581 0.0106758 0.0416342 0.0962742 0.135157 0.128546 0.113889 0.117632 0.11409 0.0943544 0.0690348 0.0426463 0.0213848 0.00887399 0.00303523 0.000815117 0.000162898 2.32315e-05 2.28722e-06 1.51155e-07
 3.1964e-11 2.85712e-09 1.50586e-07 4.6798e-06 8.57565e-05 0.000926716 0.00590871 0.0222903 0.0504851 0.0737141 0.0890381 0.120898 0.157693 0.159097 0.129904 0.0927791 0.0555345 0.026724 0.0105012 0.00337515 0.000854598 0.000161863 2.18306e-05 2.01379e-06 1.23293e-07
 1.54139e-11 1.32657e-09 6.7319e-08 2.01435e-06 3.55421e-05 0.000369884 0.00227327 0.00830617 0.0186707 0.029939 0.0483987 0.0872629 0.135797 0.172051 0.18369 0.154088 0.0944269 0.0430973 0.0156478 0.00463996 0.00108716 0.00019097 2.39545e-05 2.05939e-06 1.17433e-07
 2.69194e-10 2.22705e-08 1.08638e-06 3.12477e-05 0.000529959 0.00529974 0.0312504 0.108657 0.222802 0.269627 0.193387 0.0844309 0.0270566 0.0138514 0.0140398 0.0130196 0.00894325 0.00460101 0.00180097 0.00053224 0.000117208 1.89017e-05 2.16897e-06 1.71014e-07 8.97132e-09
 1.72127e-10 1.36676e-08 6.3992e-07 1.76663e-05 0.000287584 0.00276071 0.0156365 0.052396 0.105349 0.136065 0.143246 0.165058 0.174747 0.125981 0.0562409 0.0162048 0.00394632 0.00131789 0.000527346 0.000170586 3.9292e-05 6.25281e-06 6.77073e-07 4.91547e-08 2.35301e-09
 4.47659e-10 3.4068e-08 1.52874e-06 4.04489e-05 0.000631056 0.00580531 0.031493 0.100792 0.190755 0.216112 0.155822 0.0909094 0.0645689 0.0552835 0.044307 0.0278305 0.0118591 0.00317938 0.000536983 6.43063e-05 7.29308e-06 8.88881e-07 9.04646e-08 6.33165e-09 2.86775e-10
 5.17837e-10 3.77188e-08 1.61998e-06 4.10251e-05 0.000612607 0.00539428 0.0280183 0.0859853 0.157264 0.178936 0.1506 0.131051 0.117688 0.081098 0.0398889 0.015778 0.00555732 0.00164861 0.000371133 5.9006e-05 6.34921e-06 4.63798e-07 2.47866e-08 1.07754e-09 3.80636e-11
 7.75397e-10 5.39883e-08 2.21647e-06 5.36554e-05 0.000765874 0.00644641 0.0320055 0.0938756 0.163987 0.177629 0.140904 0.115754 0.10373 0.0791974 0.0490743 0.0246883 0.00915537 0.00229273 0.000386486 4.71362e-05 4.51446e-06 3.37492e-07 1.81497e-08 6.5699e-10 1.57296e-11
 1.03774e-09 6.89849e-08 2.70401e-06 6.2496e-05 0.000851709 0.00684488 0.0324548 0.0910108 0.152853 0.163386 0.13864 0.128662 0.118314 0.0852658 0.0483856 0.0226225 0.00814459 0.00207835 0.000369695 4.67169e-05 4.22815e-06 2.71793e-07 1.23436e-08 3.95326e-10 8.78769e-12
 1.25931e-09 7.98372e-08 2.98445e-06 6.57829e-05 0.000854998 0.00655371 0.0296505 0.0795092 0.129083 0.139772 0.134476 0.144441 0.138675 0.100789 0.0578962 0.0267412 0.0090572 0.00207521 0.000319893 3.48296e-05 2.81833e-06 1.70004e-07 7.34744e-09 2.17981e-10 4.31898e-12
 2.41478e-09 1.45847e-07 5.19403e-06 0.000109069 0.0013505 0.00986121 0.0424854 0.108297 0.165638 0.162531 0.129561 0.115588 0.104431 0.0785348 0.0484669 0.0232954 0.00782744 0.00173391 0.000255093 2.60243e-05 1.91289e-06 1.01817e-07 3.8514e-09 1.01387e-10 1.82201e-12
 3.74503e-09 2.15277e-07 7.29673e-06 0.00014583 0.00171858 0.0119439 0.0489862 0.118975 0.174138 0.166552 0.134984 0.121499 0.101957 0.065918 0.0337642 0.014001 0.00432976 0.000927845 0.000136881 1.42663e-05 1.06171e-06 5.54517e-08 1.98359e-09 4.78211e-11 7.69195e-13
 5.4594e-09 2.98411e-07 9.61772e-06 0.000182776 0.0020482 0.0135365 0.0528085 0.122162 0.171409 0.161375 0.135959 0.126544 0.10375 0.0638322 0.0306987 0.0117409 0.00326142 0.000602741 7.26145e-05 5.92145e-06 3.48814e-07 1.54546e-08 5.05689e-10 1.16193e-11 1.79276e-13
 6.98753e-09 3.62872e-07 1.11115e-05 0.000200623 0.00213604 0.0134148 0.049768 0.109899 0.149872 0.146647 0.142037 0.145084 0.119069 0.0717034 0.0337562 0.0124826 0.00328675 0.000565272 6.18977e-05 4.40984e-06 2.1447e-07 7.4512e-09 1.87708e-10 3.38367e-12 4.27425e-14
 1.12884e-08 5.5653e-07 1.61783e-05 0.000277313 0.002803 0.0167116 0.058855 0.123336 0.159353 0.146849 0.133373 0.130487 0.107201 0.0683571 0.0348427 0.0133955 0.0034938 0.000582602 6.18352e-05 4.30497e-06 2.0487e-07 6.82139e-09 1.57652e-10 2.47383e-12 2.59551e-14
 1.71214e-08 8.00798e-07 2.20849e-05 0.000359138 0.00344392 0.0194816 0.0651271 0.129835 0.16118 0.14744 0.137185 0.132314 0.102424 0.0601372 0.0280964 0.0100332 0.00247621 0.000398653 4.18721e-05 2.96206e-06 1.45383e-07 4.95952e-09 1.15036e-10 1.77232e-12 1.78876e-14
 2.57426e-08 1.14157e-06 2.98497e-05 0.00046023 0.0041845 0.0224458 0.0711871 0.134949 0.160942 0.145903 0.137873 0.131202 0.0983569 0.0560986 0.02539 0.0086459 0.00200252 0.000298776 2.8757e-05 1.85145e-06 8.32244e-08 2.65762e-09 5.92976e-11 8.97297e-13 8.97859e-15
 3.87463e-08 1.62827e-06 4.03468e-05 0.000589511 0.00507945 0.0258231 0.0776571 0.139908 0.160128 0.143213 0.135969 0.12763 0.0945022 0.0542699 0.0247157 0.00829642 0.00187411 0.00027499 2.65733e-05 1.7483e-06 7.992e-08 2.51854e-09 5.35122e-11 7.5347e-13 6.97083e-15
 5.7239e-08 2.27852e-06 5.34812e-05 0.000740205 0.00604173 0.0291013 0.0829887 0.142353 0.157772 0.142637 0.13892 0.128032 0.0909933 0.0500116 0.0217212 0.00692022 0.00148394 0.000208048 1.94366e-05 1.25306e-06 5.67072e-08 1.77837e-09 3.76466e-11 5.26192e-13 4.78244e-15
 8.24325e-08 3.10729e-06 6.90648e-05 0.000905184 0.00699679 0.031924 0.086345 0.141304 0.152984 0.142298 0.143295 0.129991 0.0893302 0.0474689 0.0197699 0.00595291 0.0011925 0.000154796 1.32929e-05 7.85986e-07 3.28465e-08 9.64305e-10 1.9384e-11 2.60107e-13 2.2855e-15
 1.30628e-07 4.66169e-06 9.80934e-05 0.00121715 0.00890708 0.0384774 0.0985536 0.152872 0.157364 0.139992 0.135296 0.118837 0.0808595 0.0432391 0.0178964 0.00523727 0.00101039 0.000126837 1.06242e-05 6.135e-07 2.47128e-08 6.84789e-10 1.27717e-11 1.57773e-13 1.2771e-15
 1.77256e-07 5.9878e-06 0.000119269 0.00140089 0.00970552 0.0397159 0.0966291 0.14418 0.149514 0.144573 0.14779 0.126253 0.0803099 0.039631 0.0151748 0.00414648 0.000754038 9.00836e-05 7.25169e-06 4.05313e-07 1.58308e-08 4.24251e-10 7.61362e-12 8.98228e-14 6.87506e-16
 2.78725e-07 8.91194e-06 0.00016802 0.00186797 0.0122496 0.0474493 0.109302 0.154526 0.15215 0.140192 0.137501 0.114943 0.0738023 0.0372161 0.0141841 0.0037263 0.000637551 7.08407e-05 5.27244e-06 2.72415e-07 9.89385e-09 2.48686e-10 4.21695e-12 4.72152e-14 3.43456e-16
 4.10207e-07 1.24145e-05 0.00022154 0.00233132 0.0144724 0.0530932 0.116085 0.157255 0.152999 0.144188 0.139975 0.110428 0.0652786 0.0300658 0.0105478 0.00258291 0.000416215 4.3909e-05 3.1164e-06 1.53098e-07 5.23299e-09 1.22346e-10 1.91487e-12 1.97446e-14 1.32533e-16
 5.29207e-07 1.51603e-05 0.000256087 0.00255106 0.0149951 0.0521477 0.108662 0.143491 0.145412 0.150653 0.15145 0.117762 0.0684034 0.0309112 0.0104582 0.00242596 0.00036651 3.6061e-05 2.38133e-06 1.08898e-07 3.47455e-09 7.60385e-11 1.11437e-12 1.07299e-14 6.69299e-17
 7.62526e-07 2.0679e-05 0.00033068 0.00311853 0.0173559 0.0571843 0.113209 0.143634 0.143896 0.149671 0.148316 0.113933 0.0665974 0.0302017 0.00997982 0.00220733 0.000314112 2.89467e-05 1.78326e-06 7.5754e-08 2.23618e-09 4.515e-11 6.09842e-13 5.41454e-15 3.11883e-17
 1.17182e-06 3.00872e-05 0.00045552 0.00406729 0.0214335 0.0668914 0.125627 0.152054 0.147101 0.148041 0.140207 0.102588 0.0572165 0.0246965 0.00773173 0.00161934 0.000219208 1.93609e-05 1.14962e-06 4.69783e-08 1.32032e-09 2.50518e-11 3.14575e-13 2.57796e-15 1.36489e-17
 1.60529e-06 3.90281e-05 0.000559516 0.00473097 0.0236166 0.0699223 0.125393 0.148535 0.148113 0.154376 0.143306 0.0998115 0.0525621 0.021346 0.00627844 0.00123701 0.000158117 1.3258e-05 7.51223e-07 2.93651e-08 7.88809e-10 1.42669e-11 1.70153e-13 1.31803e-15 6.55596e-18
#pred catch len freq
 1.16789e-12 1.26763e-10 8.11288e-09 3.06163e-07 6.81342e-06 8.94562e-05 0.000694535 0.00322607 0.00947281 0.0214716 0.0509375 0.11564 0.186926 0.196196 0.145383 0.0932975 0.0595248 0.0375083 0.0239605 0.0161901 0.0118745 0.00961178 0.00815228 0.00622159 0.00361504
 8.50461e-13 9.23095e-11 5.90785e-09 2.22953e-07 4.96209e-06 6.5178e-05 0.000507175 0.00238215 0.00735019 0.0192971 0.054579 0.133456 0.217928 0.223092 0.15235 0.0835926 0.0453923 0.0252707 0.0140681 0.00792166 0.00469994 0.00311815 0.00230746 0.00166024 0.000956803
 4.10545e-13 4.45609e-11 2.85194e-09 1.07633e-07 2.39606e-06 3.15107e-05 0.000246696 0.00119341 0.00414538 0.0141547 0.0494999 0.130047 0.216719 0.225948 0.160942 0.0944453 0.0521912 0.0264012 0.0123872 0.0057931 0.00278296 0.00142933 0.000834242 0.000521104 0.000283906
 4.61805e-12 5.01245e-10 3.20797e-08 1.21059e-06 2.69377e-05 0.000353473 0.00273633 0.0125237 0.0342599 0.0589967 0.0775321 0.106695 0.146711 0.158652 0.137897 0.108958 0.0756032 0.0431071 0.0208984 0.0090144 0.00358658 0.00141408 0.000604574 0.000291033 0.000137781
 1.51948e-11 1.64925e-09 1.05552e-07 3.9832e-06 8.86314e-05 0.00116289 0.00899777 0.0410766 0.110934 0.179592 0.185403 0.151406 0.130922 0.105247 0.0585341 0.02031 0.00464557 0.00101673 0.000376701 0.000174216 7.06278e-05 2.46056e-05 7.96468e-06 2.68838e-06 9.6796e-07
 1.24333e-11 1.34952e-09 8.63688e-08 3.25929e-06 7.25238e-05 0.000951571 0.00736338 0.0336317 0.091053 0.149219 0.162533 0.154366 0.157691 0.135477 0.0760694 0.0257499 0.00516247 0.000610802 4.2619e-05 1.7535e-06 4.25413e-08 6.08556e-10 5.13717e-12 2.6678e-14 3.65297e-16
 1.46792e-11 1.59329e-09 1.0197e-07 3.84803e-06 8.56238e-05 0.00112344 0.00869261 0.0396868 0.107227 0.173955 0.181299 0.152419 0.136645 0.111458 0.0618179 0.0208733 0.00418272 0.000494836 3.45274e-05 1.42067e-06 3.44742e-08 4.93548e-10 4.17515e-12 2.09852e-14 6.38616e-17
 1.45612e-11 1.58048e-09 1.0115e-07 3.8171e-06 8.49355e-05 0.00111441 0.00862277 0.0393687 0.106377 0.172656 0.180313 0.152522 0.137751 0.11272 0.0625667 0.0211295 0.00423419 0.000500926 3.49517e-05 1.43804e-06 3.48878e-08 4.99061e-10 4.2094e-12 2.09359e-14 6.13962e-17
 1.43494e-11 1.55749e-09 9.96791e-08 3.76158e-06 8.37001e-05 0.0010982 0.00849742 0.0387977 0.104852 0.170323 0.178543 0.152705 0.139735 0.114985 0.0639106 0.0215894 0.00432659 0.000511862 3.57149e-05 1.46944e-06 3.56496e-08 5.09957e-10 4.3013e-12 2.13928e-14 6.27347e-17
 1.42998e-11 1.55211e-09 9.93347e-08 3.74858e-06 8.34109e-05 0.00109441 0.00846807 0.038664 0.104495 0.169777 0.178129 0.152748 0.1402 0.115515 0.0642252 0.021697 0.00434822 0.000514422 3.58935e-05 1.47679e-06 3.58279e-08 5.12508e-10 4.32282e-12 2.14998e-14 6.30485e-17
 1.47639e-11 1.60247e-09 1.02558e-07 3.87023e-06 8.61176e-05 0.00112992 0.00874272 0.0399151 0.107836 0.174888 0.182006 0.152346 0.135851 0.110552 0.0612806 0.0206894 0.00414578 0.000490461 3.42215e-05 1.40799e-06 3.41588e-08 4.88633e-10 4.12144e-12 2.04983e-14 6.01113e-17
 1.65453e-11 1.79583e-09 1.14933e-07 4.33721e-06 9.65084e-05 0.00126624 0.00979704 0.0447179 0.120665 0.194508 0.196891 0.150801 0.119158 0.0915008 0.0499766 0.0168214 0.00336865 0.000398476 2.78027e-05 1.14389e-06 2.77516e-08 3.9698e-10 3.34838e-12 1.66534e-14 4.88362e-17
 1.68878e-11 1.83301e-09 1.17312e-07 4.427e-06 9.85064e-05 0.00129245 0.00999978 0.0456415 0.123132 0.198281 0.199753 0.150504 0.115948 0.0878373 0.0478029 0.0160776 0.00321921 0.000380788 2.65684e-05 1.09311e-06 2.65196e-08 3.79355e-10 3.19972e-12 1.5914e-14 4.6668e-17
 1.67619e-11 1.81934e-09 1.16438e-07 4.39399e-06 9.77719e-05 0.00128281 0.00992525 0.0453019 0.122225 0.196894 0.198701 0.150613 0.117128 0.0891841 0.048602 0.016351 0.00327415 0.000387291 2.70221e-05 1.11178e-06 2.69725e-08 3.85835e-10 3.25437e-12 1.61858e-14 4.74651e-17
 1.74791e-11 1.89719e-09 1.2142e-07 4.582e-06 0.000101955 0.0013377 0.0103497 0.0472356 0.12739 0.204793 0.204693 0.149992 0.110407 0.0815138 0.0440509 0.0147937 0.00296127 0.000350257 2.44379e-05 1.00545e-06 2.43929e-08 3.48934e-10 2.94313e-12 1.46379e-14 4.29257e-17
 1.72225e-11 1.86933e-09 1.19637e-07 4.51473e-06 0.000100458 0.00131806 0.0101978 0.0465437 0.125542 0.201967 0.202549 0.150214 0.112812 0.0842583 0.0456794 0.015351 0.00307322 0.000363508 2.53625e-05 1.0435e-06 2.53159e-08 3.62138e-10 3.05449e-12 1.51917e-14 4.45499e-17
 1.82689e-11 1.98291e-09 1.26906e-07 4.78904e-06 0.000106562 0.00139814 0.0108172 0.049365 0.133077 0.213492 0.211292 0.149307 0.103006 0.0730671 0.0390392 0.0130788 0.00261673 0.000309475 2.15921e-05 8.88363e-07 2.15523e-08 3.08299e-10 2.60039e-12 1.29332e-14 3.79268e-17
 1.78868e-11 1.94144e-09 1.24252e-07 4.68889e-06 0.000104334 0.0013689 0.0105911 0.0483349 0.130326 0.209284 0.2081 0.149638 0.106586 0.077153 0.0414635 0.0139084 0.00278339 0.000329203 2.29687e-05 9.45002e-07 2.29264e-08 3.27955e-10 2.76618e-12 1.37578e-14 4.03449e-17
 1.85363e-11 2.01194e-09 1.28764e-07 4.85914e-06 0.000108122 0.0014186 0.0109754 0.050086 0.135003 0.216437 0.213527 0.149075 0.1005 0.0702072 0.0373423 0.0124982 0.00250007 0.000295667 2.06285e-05 8.48718e-07 2.05904e-08 2.9454e-10 2.48434e-12 1.2356e-14 3.62342e-17
 1.96185e-11 2.1294e-09 1.36281e-07 5.14283e-06 0.000114434 0.00150141 0.0116159 0.0530037 0.142796 0.228356 0.222569 0.148137 0.090359 0.0586334 0.0304751 0.0101483 0.00202796 0.000239786 1.67291e-05 6.8828e-07 1.66981e-08 2.38861e-10 2.01471e-12 1.00203e-14 2.93846e-17
 1.83763e-11 1.99457e-09 1.27652e-07 4.81719e-06 0.000107188 0.00140635 0.0108807 0.0496545 0.133851 0.214675 0.21219 0.149214 0.102 0.0719185 0.0383577 0.0128456 0.00256987 0.00030393 2.12051e-05 8.72441e-07 2.1166e-08 3.02774e-10 2.55378e-12 1.27014e-14 3.7247e-17
 1.86233e-11 2.02138e-09 1.29368e-07 4.88195e-06 0.000108629 0.00142526 0.0110269 0.0503205 0.13563 0.217395 0.214254 0.149 0.0996849 0.0692767 0.0367902 0.0123092 0.00246211 0.000291174 2.0315e-05 8.35819e-07 2.02775e-08 2.90064e-10 2.44658e-12 1.21682e-14 3.56835e-17
 1.85924e-11 2.01803e-09 1.29154e-07 4.87385e-06 0.000108449 0.0014229 0.0110087 0.0502373 0.135407 0.217055 0.213996 0.149026 0.0999743 0.0696069 0.0369861 0.0123763 0.00247558 0.000292769 2.04263e-05 8.40397e-07 2.03886e-08 2.91653e-10 2.45998e-12 1.22349e-14 3.58789e-17
 1.81151e-11 1.96621e-09 1.25837e-07 4.74871e-06 0.000105665 0.00138636 0.0107261 0.0489502 0.131969 0.211798 0.210007 0.14944 0.104448 0.0747123 0.0400154 0.0134128 0.00268384 0.000317418 2.21464e-05 9.11169e-07 2.21056e-08 3.16214e-10 2.66715e-12 1.32652e-14 3.89004e-17
 1.97945e-11 2.14851e-09 1.37504e-07 5.18898e-06 0.000115461 0.00151489 0.0117201 0.0534783 0.144064 0.230295 0.22404 0.147984 0.0887093 0.0567506 0.029358 0.00976607 0.00195116 0.000230696 1.60948e-05 6.6218e-07 1.60649e-08 2.29804e-10 1.93831e-12 9.64031e-15 2.82703e-17
 2.01328e-11 2.18523e-09 1.39854e-07 5.27766e-06 0.000117434 0.00154077 0.0119203 0.0543903 0.1465 0.234021 0.226866 0.147691 0.0855392 0.0531327 0.0272114 0.00903153 0.00180359 0.000213228 1.48758e-05 6.12028e-07 1.48482e-08 2.12399e-10 1.7915e-12 8.91017e-15 2.61291e-17
 1.99425e-11 2.16457e-09 1.38532e-07 5.22777e-06 0.000116324 0.00152621 0.0118077 0.0538772 0.14513 0.231925 0.225276 0.147856 0.0873227 0.0551681 0.0284191 0.00944479 0.00188661 0.000223056 1.55616e-05 6.40244e-07 1.55327e-08 2.22191e-10 1.8741e-12 9.32095e-15 2.73338e-17
 2.01848e-11 2.19086e-09 1.40215e-07 5.29128e-06 0.000117737 0.00154475 0.0119511 0.0545304 0.146874 0.234593 0.2273 0.147646 0.0850524 0.0525771 0.0268817 0.00891872 0.00178092 0.000210545 1.46886e-05 6.04326e-07 1.46613e-08 2.09726e-10 1.76896e-12 8.79804e-15 2.58003e-17
#obs catch len freq
 4.52024e-11 4.1892e-09 2.28922e-07 7.37618e-06 0.000140141 0.00157001 0.0103733 0.0404576 0.0935901 0.131652 0.126299 0.114182 0.119555 0.115649 0.0949126 0.0698235 0.0443576 0.0231155 0.00983345 0.0033707 0.00090098 0.000181049 2.63204e-05 2.66271e-06 1.81006e-07
 6.39132e-11 5.71292e-09 3.01101e-07 9.35738e-06 0.000171469 0.00185278 0.0118072 0.0444202 0.0991721 0.134987 0.126626 0.114095 0.118975 0.114196 0.0934491 0.0674924 0.0409095 0.0201041 0.00816239 0.0027136 0.000702355 0.000134236 1.81832e-05 1.69006e-06 1.04891e-07
 4.50354e-11 3.8759e-09 1.96688e-07 5.88536e-06 0.00010384 0.00108045 0.00663361 0.0241088 0.0527307 0.0751413 0.0909458 0.12438 0.159647 0.157866 0.127233 0.0895722 0.0525173 0.0247167 0.00948572 0.00296077 0.000722138 0.000130666 1.67136e-05 1.4535e-06 8.34929e-08
 2.24881e-11 1.86044e-09 9.07545e-08 2.61043e-06 4.42761e-05 0.000442952 0.00261751 0.00920461 0.0200058 0.0315449 0.0511889 0.091499 0.139749 0.174442 0.182838 0.149195 0.088728 0.0394365 0.0139646 0.00401894 0.00090646 0.000152016 1.80716e-05 1.4635e-06 7.82331e-08
 3.87555e-10 3.07736e-08 1.44082e-06 3.97767e-05 0.000647491 0.00621479 0.035173 0.11738 0.231019 0.268365 0.184877 0.0778405 0.0247514 0.0133735 0.0136314 0.0122969 0.00819603 0.00409199 0.00155021 0.000441558 9.32708e-05 1.43417e-05 1.5589e-06 1.15732e-07 5.68882e-09
 2.56457e-10 1.95171e-08 8.75793e-07 2.31727e-05 0.000361535 0.00332636 0.0180584 0.0580207 0.112052 0.140066 0.145411 0.165689 0.169903 0.117476 0.0502991 0.0140526 0.00344349 0.00117611 0.000461357 0.000143211 3.1435e-05 4.74546e-06 4.85324e-07 3.31329e-08 1.48537e-09
 6.64651e-10 4.84125e-08 2.07926e-06 5.2656e-05 0.000786277 0.00692307 0.0359467 0.11012 0.199537 0.21673 0.150756 0.0865305 0.061463 0.0521779 0.0409603 0.0248374 0.010118 0.00258602 0.000418164 4.87274e-05 5.46961e-06 6.47447e-07 6.2452e-08 4.10308e-09 1.73742e-10
 7.81972e-10 5.44462e-08 2.23527e-06 5.41105e-05 0.000772372 0.0065012 0.03228 0.0947191 0.165805 0.18139 0.148929 0.127897 0.111694 0.0742255 0.0354641 0.0137837 0.00476454 0.0013718 0.000296975 4.51187e-05 4.62446e-06 3.22133e-07 1.64747e-08 6.83652e-10 2.27947e-11
 1.18331e-09 7.86623e-08 3.08334e-06 7.12629e-05 0.000971178 0.00780468 0.0369975 0.10363 0.173021 0.179832 0.13867 0.112198 0.0981712 0.0729853 0.0442015 0.0215838 0.00768421 0.0018398 0.000297402 3.49801e-05 3.23067e-06 2.30947e-07 1.17731e-08 4.02036e-10 9.05948e-12
 1.61342e-09 1.02286e-07 3.82364e-06 8.42799e-05 0.00109539 0.0083956 0.0379659 0.101562 0.162887 0.16701 0.137542 0.124476 0.110669 0.0772833 0.0428189 0.0194799 0.00675497 0.00165218 0.000281629 3.40874e-05 2.94732e-06 1.80435e-07 7.78236e-09 2.35867e-10 4.93921e-12
 1.99489e-09 1.20487e-07 4.29088e-06 9.0104e-05 0.0011157 0.00814751 0.0351202 0.0897592 0.139111 0.144686 0.135231 0.140854 0.130321 0.0918056 0.0514112 0.0229882 0.00745817 0.00163046 0.000240266 2.50902e-05 1.94652e-06 1.12005e-07 4.58945e-09 1.28478e-10 2.3938e-12
 3.80255e-09 2.18584e-07 7.40881e-06 0.00014807 0.00174496 0.0121269 0.0497285 0.120676 0.175884 0.165133 0.12726 0.110294 0.0965088 0.0706315 0.0424156 0.0196208 0.0062882 0.00132587 0.000186059 1.81492e-05 1.27483e-06 6.46165e-08 2.3178e-09 5.76342e-11 9.74654e-13
 5.95016e-09 3.25236e-07 1.04823e-05 0.000199206 0.00223229 0.0147523 0.0575354 0.132905 0.185156 0.169048 0.131539 0.113712 0.0915433 0.0572122 0.028521 0.0114424 0.00338969 0.000693246 9.76772e-05 9.72483e-06 6.89425e-07 3.41578e-08 1.15494e-09 2.62427e-11 3.96767e-13
 8.76457e-09 4.55156e-07 1.39373e-05 0.000251643 0.00267916 0.0168227 0.0623554 0.137074 0.182883 0.164051 0.132055 0.117328 0.0919918 0.0546064 0.0254989 0.00940539 0.00249222 0.000437176 5.00401e-05 3.89273e-06 2.19394e-07 9.27923e-09 2.88046e-10 6.24084e-12 9.04017e-14
 1.14047e-08 5.62265e-07 1.6345e-05 0.00028017 0.0028319 0.0168844 0.0594715 0.124712 0.161646 0.15066 0.139164 0.135347 0.106158 0.0616869 0.0281623 0.0100165 0.00250913 0.00040849 4.23438e-05 2.86354e-06 1.32573e-07 4.38581e-09 1.04913e-10 1.7886e-12 2.12841e-14
 1.84358e-08 8.62275e-07 2.37803e-05 0.000386707 0.00370821 0.0209745 0.0700815 0.139352 0.17091 0.14962 0.129106 0.120195 0.0947009 0.0584649 0.0288131 0.0105883 0.00261697 0.000412477 4.14316e-05 2.73704e-06 1.23775e-07 3.91022e-09 8.5446e-11 1.2636e-12 1.24644e-14
 2.81032e-08 1.24625e-06 3.25869e-05 0.00050243 0.00456808 0.0245005 0.0776584 0.146793 0.172757 0.149603 0.131449 0.120098 0.0889004 0.0504393 0.0227834 0.00778398 0.00182229 0.000277653 2.76421e-05 1.85716e-06 8.65394e-08 2.79407e-09 6.11097e-11 8.85228e-13 8.38259e-15
 4.2139e-08 1.77084e-06 4.38797e-05 0.000641126 0.00552406 0.0280803 0.084398 0.151636 0.17141 0.147176 0.1315 0.118677 0.0851454 0.0469248 0.0204947 0.00666092 0.00146048 0.000205861 1.87529e-05 1.14609e-06 4.89554e-08 1.48199e-09 3.12148e-11 4.44158e-13 4.16648e-15
 6.37381e-08 2.53722e-06 5.95535e-05 0.000824241 0.00672735 0.0323967 0.0922861 0.157471 0.17054 0.1438 0.128363 0.114092 0.0809569 0.044937 0.0196982 0.00629535 0.00134553 0.000186695 1.70951e-05 1.06721e-06 4.62253e-08 1.37557e-09 2.75088e-11 3.63691e-13 3.15324e-15
 9.49033e-08 3.57738e-06 7.95129e-05 0.00104211 0.0080546 0.0367377 0.099196 0.161018 0.168408 0.14252 0.129518 0.112699 0.0766902 0.040699 0.0169894 0.00514834 0.0010443 0.000138496 1.22677e-05 7.50713e-07 3.21846e-08 9.52486e-10 1.89585e-11 2.48452e-13 2.11242e-15
 1.36985e-07 4.88852e-06 0.000102867 0.00127637 0.00934028 0.0403449 0.10329 0.159871 0.163076 0.141582 0.132953 0.11397 0.0750267 0.038463 0.0153647 0.00439217 0.000831072 0.00010192 8.29067e-06 4.65236e-07 1.84291e-08 5.10934e-10 9.66046e-12 1.21535e-13 9.98577e-16
 2.1659e-07 7.31649e-06 0.000145733 0.00171167 0.0118568 0.048481 0.117507 0.17225 0.166573 0.13736 0.123047 0.102044 0.0665865 0.0343123 0.0135791 0.0037649 0.000685761 8.13525e-05 6.45423e-06 3.53224e-07 1.34546e-08 3.51297e-10 6.1544e-12 7.12409e-14 5.3918e-16
 2.97542e-07 9.51356e-06 0.000179362 0.00199405 0.0130759 0.0506406 0.116548 0.164086 0.158986 0.141337 0.133637 0.10774 0.0656369 0.0311851 0.0114181 0.00295702 0.000507912 5.73699e-05 4.37538e-06 2.31707e-07 8.55134e-09 2.15721e-10 3.63239e-12 4.01067e-14 2.8668e-16
 4.6698e-07 1.41327e-05 0.000252199 0.00265387 0.0164721 0.0603825 0.131538 0.175251 0.160491 0.134702 0.121462 0.0958243 0.0589874 0.0285684 0.0103665 0.00257332 0.000415159 4.35669e-05 3.07009e-06 1.50279e-07 5.15848e-09 1.22076e-10 1.9421e-12 2.03438e-14 1.38127e-16
 6.85895e-07 1.96489e-05 0.000331904 0.00330607 0.019426 0.0674416 0.139402 0.177678 0.159956 0.136542 0.121767 0.0905819 0.0512597 0.022664 0.00757399 0.00175357 0.000266568 2.65638e-05 1.78423e-06 8.29383e-08 2.67523e-09 5.88177e-11 8.63114e-13 8.32417e-15 5.21481e-17
 9.05729e-07 2.45625e-05 0.000392776 0.00370393 0.0206083 0.0678133 0.133452 0.165049 0.152826 0.142032 0.131345 0.0964973 0.0536653 0.0232303 0.00746736 0.00163508 0.000232822 2.16248e-05 1.35084e-06 5.84361e-08 1.75915e-09 3.6191e-11 4.9702e-13 4.47317e-15 2.60239e-17
 1.31283e-06 3.37077e-05 0.000510329 0.00455644 0.0240054 0.0748326 0.139806 0.165543 0.150171 0.1391 0.126751 0.0921384 0.0515595 0.0223319 0.00698952 0.00145678 0.000195219 1.69719e-05 9.88322e-07 3.96847e-08 1.10451e-09 2.09545e-11 2.65144e-13 2.19994e-15 1.18168e-17
 1.99668e-06 4.85432e-05 0.000695909 0.00588351 0.0293531 0.0866729 0.153541 0.173067 0.150794 0.134532 0.11701 0.0809749 0.0431909 0.0177819 0.00526906 0.00103989 0.000132607 1.10522e-05 6.20112e-07 2.39239e-08 6.32991e-10 1.12706e-11 1.3246e-13 1.01384e-15 5.00369e-18
#spawning biomass
 26690.3 27655.8 20571.6 19430.7 28587.7 46560.5 73780.6 108359 143453 177147 166604 170496 202781 239664 229734 218713 190670 208476 216885 257026 251672 282790 336804 346397 263175 280563 234020 218206 232159 279548 24429.2 12465.8 12009.2 11993.5 11992.9 11992.9 11992.9 11992.9 11992.9 11992.9 11992.9 11992.9 11992.9 11992.9 11992.9 11992.9 11992.9 11992.9 11992.9 11992.9 11992.9 11992.9 11992.9 11992.9 11992.9 11992.9 11992.9 11992.9 11992.9 11992.9 11992.9 11992.9 11992.9 11992.9 11992.9 11992.9 11992.9 11992.9 11992.9 11992.9 11992.9 11992.9 11992.9 11992.9 11992.9 11992.9 11992.9 11992.9 11992.9 11992.9 11992.9 11992.9 11992.9 11992.9 11992.9 11992.9 11992.9 11992.9 11992.9 11992.9 11992.9 11992.9 11992.9 11992.9 11992.9 11992.9 11992.9 11992.9 11992.9 11992.9 11992.9 11992.9 11992.9 11992.9 11992.9 11992.9 11992.9 11992.9 11992.9 11992.9 11992.9 11992.9 11992.9 11992.9 11992.9 11992.9 11992.9 11992.9 11992.9 11992.9 11992.9 11992.9 11992.9 11992.9 11992.9 11992.9 11992.9 11992.9 0 0 0 0 0 0 0 0 0 0 0 0 0 0 0 0 0 0 0 0 0 0 0 0 0
