SBPRF35
0.256306
Curr Bio
173457
B35
189202
F35
0.382847
FOFL
0.327275
OFL
52161.7
Bzero
73230.3
#pred survey bio
 26573.1 23845.6 18522.1 15230.5 22652.3 34792 44882.9 57090.8 82863.1 109772 136032 162379 194420 221034 208129 209598 218665 202543 198461 208661 215991 204550 223834 251145 271970 286782 264790 259384 248962 8.34825e+06 4.39009e+06 3.19829e+06 2.22327e+06 1.5845e+06 1.20905e+06 1.00032e+06 887164 826129 792899 774452 763943 757780 754061 751756 750293 749355 748744 748342 748074 747896 747777 747696 747642 747606 747581 747564 747553 747546 747540 747537 747535 747533 747532 747531 747531 747530 747530 747530 747530 747530 747530 747530 747530 747530 747530 747530 747530 747530 747530 747530 747530 747530 747530 747530 747530 747530 747530 747530 747530 747530 747530 747530 747530 747530 747530 747530 747530 747530 747530 747530 747530 747530 747530 747530 747530 747530 747530 747530 747530 747530 747530 747530 747530 747530 747530 747530 747530 747530 747530 747530 747530 747530 747530 747530 747530 747530 747530 747530 747530 0 0 0 0 0 0 0 0 0 0 0 0 0 0 0 0 0 0 0 0 0 0 0 0 0
#obs survey bio
 22120.8 18998.4 16011.3 19310.1 28573.8 41156.9 45030.8 57638.1 77099.6 134351 138335 165770 188750 232577 171352 131601 218645 316618 215049 205602 180989 161546 238561 220696 347548 206288 386776 224442 227589
#pred catch bio
 3437.68 3921.89 4324.21 2880.83 3918.93 7443.25 9992.26 11848.6 21081.2 34242.3 47269.7 58509.5 73699.7 93054.2 79077.7 82673.9 93314.6 79285.2 74029.6 81522.2 93645.4 75227.2 78439.5 90520.1 97710 116914 98436.5 100233 99686.6 52161.7 54073.3 38102 25501.5 17539.3 13060.1 10707.1 9522.9 8943.35 8664.92 8532.83 8470.7 8441.65 8428.11 8421.83 8418.91 8417.57 8416.95 8416.66 8416.53 8416.47 8416.44 8416.43 8416.42 8416.42 8416.42 8416.42 8416.42 8416.42 8416.42 8416.42 8416.42 8416.42 8416.42 8416.42 8416.42 8416.42 8416.42 8416.42 8416.42 8416.42 8416.42 8416.42 8416.42 8416.42 8416.42 8416.42 8416.42 8416.42 8416.42 8416.42 8416.42 8416.42 8416.42 8416.42 8416.42 8416.42 8416.42 8416.42 8416.42 8416.42 8416.42 8416.42 8416.42 8416.42 8416.42 8416.42 8416.42 8416.42 8416.42 8416.42 8416.42 8416.42 8416.42 8416.42 8416.42 8416.42 8416.42 8416.42 8416.42 8416.42 8416.42 8416.42 8416.42 8416.42 8416.42 8416.42 8416.42 8416.42 8416.42 8416.42 8416.42 8416.42 8416.42 8416.42 8416.42 8416.42 8416.42 8416.42 8416.42 0 0 0 0 0 0 0 0 0 0 0 0 0 0 0 0 0 0 0 0 0 0 0 0 0
#obs catch bio
 3968.76 4035.3 4661.33 2944.63 3862.03 7194.09 9549.46 11440.3 20690.8 31992.4 45131.8 55399.5 73079.3 94194.2 76414.9 86277.4 92571.7 76568.4 73793.9 82267.1 94455.2 75134.7 78027.6 90516.8 97005.7 118655 91873.4 97688.8 99803.7
#pred cpue bio
 25596.7 23510.5 18342.4 14491.5 20393.6 32113.4 42015.7 53143.5 76009.4 101438 125023 148900 177816 202753 193476 194492 200984 188056 184277 192701 199240 188757 206389 231877 251567 266175 246669 241782 231603 7.74069e+06 4.35474e+06 3.16294e+06 2.18792e+06 1.54915e+06 1.1737e+06 964971 851816 790780 757551 739104 728594 722432 718712 716407 714945 714007 713395 712993 712726 712548 712428 712348 712294 712257 712233 712216 712205 712197 712192 712188 712186 712184 712183 712183 712182 712182 712182 712181 712181 712181 712181 712181 712181 712181 712181 712181 712181 712181 712181 712181 712181 712181 712181 712181 712181 712181 712181 712181 712181 712181 712181 712181 712181 712181 712181 712181 712181 712181 712181 712181 712181 712181 712181 712181 712181 712181 712181 712181 712181 712181 712181 712181 712181 712181 712181 712181 712181 712181 712181 712181 712181 712181 712181 712181 712181 712181 712181 712181 712181 0 0 0 0 0 0 0 0 0 0 0 0 0 0 0 0 0 0 0 0 0 0 0 0 0
#obs cpue bio
 15282.2 18264 13705.5 13765.9 27073.9 47915.4 49173.4 49155.9 76929.4 154711 118042 183166 146021 185816 296493 186236 287393 144986 145201 180029 255675 220301 207839 261537 205077 346139 309733 250844 224558
#pred surv len freq
 2.57439e-11 1.21087e-09 3.94373e-08 8.8941e-07 1.38894e-05 0.000150195 0.00112467 0.00583205 0.0209495 0.0521911 0.0905918 0.111532 0.103775 0.0864713 0.0792739 0.0777515 0.0718598 0.0627816 0.0542416 0.046414 0.039333 0.0334046 0.0278123 0.0211154 0.0133793
 1.20167e-11 5.65206e-10 1.84084e-08 4.15156e-07 6.48329e-06 7.01091e-05 0.000525017 0.00272327 0.00979313 0.0245036 0.0432583 0.0566756 0.0636748 0.0755759 0.0949889 0.107206 0.103582 0.0920487 0.0802547 0.0685338 0.0566297 0.0454322 0.0350043 0.0246929 0.0148203
 9.75996e-12 4.59062e-10 1.49513e-08 3.3719e-07 5.26573e-06 5.6942e-05 0.000426397 0.00221138 0.00794738 0.0198366 0.0346893 0.0439369 0.0449577 0.0466979 0.0568352 0.0731755 0.0911913 0.106286 0.1112 0.103131 0.0869914 0.0684659 0.0501666 0.0331242 0.0186666
 3.39258e-11 1.59571e-09 5.19712e-08 1.17208e-06 1.83037e-05 0.000197928 0.00148206 0.00768453 0.0275927 0.0686303 0.11837 0.142172 0.12092 0.0775501 0.0454119 0.03311 0.0330327 0.0394755 0.0490084 0.0564344 0.056787 0.0491709 0.0367404 0.0235675 0.0126421
 4.46732e-11 2.10121e-09 6.84352e-08 1.54338e-06 2.41021e-05 0.00026063 0.00195156 0.0101191 0.0363362 0.0903953 0.156029 0.187965 0.161633 0.107177 0.0659901 0.0447211 0.0308445 0.0199989 0.0145087 0.0141077 0.0155503 0.0156346 0.0130985 0.00887318 0.0047801
 3.61675e-11 1.70115e-09 5.54053e-08 1.24953e-06 1.95132e-05 0.000211008 0.00158003 0.00819319 0.0294286 0.0732899 0.127044 0.155599 0.142106 0.112472 0.0945112 0.0828358 0.0637063 0.0407358 0.0233223 0.0135982 0.00931167 0.0077781 0.00665226 0.00484517 0.00275895
 3.26651e-11 1.53641e-09 5.004e-08 1.12853e-06 1.76236e-05 0.000190574 0.00142702 0.00739984 0.0265796 0.0662013 0.114801 0.140821 0.129355 0.104235 0.0910267 0.085299 0.0741663 0.0579215 0.0413236 0.0263481 0.0149126 0.0081781 0.00491885 0.00311887 0.00175731
 3.49983e-11 1.64615e-09 5.36141e-08 1.20913e-06 1.88823e-05 0.000204186 0.00152894 0.0079281 0.0284741 0.0708897 0.122727 0.149578 0.134312 0.101849 0.0816377 0.0729506 0.0636849 0.0522867 0.0412412 0.0303217 0.0197439 0.0111614 0.00561145 0.00265205 0.00119749
 3.87388e-11 1.82209e-09 5.93442e-08 1.33836e-06 2.09004e-05 0.000226008 0.00169233 0.00877522 0.0315143 0.0784374 0.135646 0.164628 0.145562 0.105477 0.0780907 0.0648611 0.0532932 0.0411668 0.0313082 0.0234887 0.0165011 0.010309 0.00552597 0.00250603 0.000968552
 3.62551e-11 1.70527e-09 5.55395e-08 1.25255e-06 1.95604e-05 0.000211519 0.00158385 0.00821288 0.0294977 0.0734462 0.127207 0.155294 0.140234 0.107823 0.0874684 0.0765249 0.0620371 0.0449517 0.0312475 0.0216843 0.0146585 0.00925665 0.0052013 0.00247526 0.000962997
 3.77838e-11 1.77717e-09 5.78813e-08 1.30537e-06 2.03852e-05 0.000220437 0.00165062 0.008559 0.030739 0.076519 0.132406 0.161063 0.143601 0.106624 0.0822683 0.0704687 0.0583617 0.0443184 0.0318923 0.0217987 0.0138793 0.00820597 0.00444663 0.00211638 0.000839211
 3.8143e-11 1.79406e-09 5.84315e-08 1.31778e-06 2.0579e-05 0.000222533 0.00166631 0.00864038 0.0310314 0.0772486 0.13368 0.162664 0.145182 0.108069 0.083482 0.0709169 0.0574158 0.0422056 0.0297177 0.0203917 0.0131448 0.00770956 0.00403539 0.00184338 0.000711675
 3.8661e-11 1.81843e-09 5.92251e-08 1.33567e-06 2.08584e-05 0.000225555 0.00168894 0.0087577 0.0314525 0.0782937 0.135468 0.164745 0.146733 0.108574 0.0830699 0.0700837 0.0565456 0.0413224 0.0286784 0.0192443 0.0121471 0.00703528 0.00365058 0.00164256 0.000619147
 3.78312e-11 1.7794e-09 5.79539e-08 1.307e-06 2.04108e-05 0.000220714 0.0016527 0.00856981 0.0307785 0.076624 0.132634 0.161555 0.144722 0.10884 0.0854234 0.0732421 0.0591745 0.0429175 0.0294477 0.0195151 0.0121319 0.00689437 0.00350806 0.00155142 0.000575583
 3.43484e-11 1.61558e-09 5.26185e-08 1.18668e-06 1.85317e-05 0.000200395 0.00150056 0.0077811 0.0279485 0.069605 0.120664 0.147825 0.135163 0.107475 0.0916081 0.0830805 0.0688643 0.0507451 0.0352042 0.0233748 0.014422 0.00808284 0.00404197 0.00175423 0.000638889
 3.53929e-11 1.66471e-09 5.42186e-08 1.22276e-06 1.90952e-05 0.000206488 0.00154618 0.00801752 0.0287957 0.0716953 0.124154 0.15147 0.136494 0.104477 0.0847261 0.0756204 0.0645611 0.0506891 0.0377275 0.0263211 0.0166523 0.00940775 0.00468643 0.00201027 0.000720708
 3.78876e-11 1.78205e-09 5.80403e-08 1.30895e-06 2.04412e-05 0.000221042 0.00165515 0.0085825 0.0308232 0.076727 0.132755 0.161437 0.143763 0.10636 0.0815012 0.0692775 0.0570019 0.04333 0.0319075 0.0228648 0.0152403 0.00907376 0.00468358 0.00204095 0.000732477
 3.48303e-11 1.63825e-09 5.33568e-08 1.20333e-06 1.87917e-05 0.000203206 0.00152161 0.00789023 0.0283401 0.0705763 0.122321 0.149727 0.136489 0.107643 0.0905993 0.0812217 0.0665344 0.0484334 0.0335978 0.0229555 0.0150196 0.0090591 0.0048406 0.00219421 0.000812307
 3.51739e-11 1.65441e-09 5.38831e-08 1.2152e-06 1.89771e-05 0.000205211 0.00153661 0.00796795 0.028618 0.0712561 0.123416 0.150675 0.136116 0.104885 0.0858404 0.0768738 0.0652981 0.0506543 0.0371488 0.025658 0.0162986 0.00946241 0.00495675 0.00225829 0.000854387
 3.67156e-11 1.72693e-09 5.62449e-08 1.26846e-06 1.98089e-05 0.000214205 0.00160396 0.00831709 0.0298708 0.074364 0.128719 0.156777 0.14042 0.105621 0.0831737 0.072236 0.0601816 0.0461757 0.0341587 0.0243907 0.0161269 0.00956805 0.00498905 0.0022352 0.000836208
 3.68027e-11 1.73102e-09 5.63783e-08 1.27147e-06 1.98559e-05 0.000214713 0.00160777 0.00833686 0.0299422 0.0745453 0.129059 0.15731 0.141273 0.107021 0.085046 0.0738322 0.0605366 0.0450236 0.0321454 0.0224556 0.0148513 0.00897813 0.00479677 0.0021841 0.000819928
 3.65877e-11 1.72091e-09 5.60489e-08 1.26404e-06 1.97399e-05 0.000213459 0.00159837 0.00828817 0.0297676 0.0741135 0.12833 0.15651 0.140842 0.107304 0.0860303 0.0751573 0.0617535 0.0458074 0.0323209 0.0220597 0.0141838 0.00839935 0.00446683 0.00205229 0.000781164
 3.68569e-11 1.73357e-09 5.64613e-08 1.27334e-06 1.98851e-05 0.000215029 0.00161013 0.00834911 0.0299861 0.0746535 0.129238 0.157491 0.141322 0.10684 0.0847318 0.0737215 0.0609441 0.0458297 0.0327953 0.0224981 0.0143532 0.00834512 0.00434474 0.00196593 0.000744433
 3.65099e-11 1.71725e-09 5.59297e-08 1.26135e-06 1.96979e-05 0.000213005 0.00159497 0.00827053 0.0297042 0.0739547 0.12805 0.156144 0.140434 0.10684 0.0855203 0.0747732 0.0617514 0.046285 0.0331156 0.0228569 0.0147104 0.00858715 0.00444669 0.00198614 0.00074118
 3.606e-11 1.69609e-09 5.52406e-08 1.24581e-06 1.94552e-05 0.00021038 0.00157532 0.00816866 0.0293386 0.0730473 0.126498 0.154341 0.139105 0.106455 0.0860112 0.0757684 0.0629117 0.0474077 0.0340623 0.0235533 0.0151811 0.00889123 0.00462125 0.00206511 0.000767033
 3.52078e-11 1.65601e-09 5.39351e-08 1.21637e-06 1.89954e-05 0.000205409 0.0015381 0.00797567 0.028646 0.0713284 0.123558 0.150932 0.136604 0.105755 0.0869643 0.0776146 0.0649767 0.0493814 0.0358144 0.0249654 0.0161868 0.00951986 0.00496359 0.00222365 0.000826956
 3.42643e-11 1.61163e-09 5.24897e-08 1.18377e-06 1.84863e-05 0.000199904 0.00149688 0.00776198 0.0278791 0.0694249 0.120303 0.147151 0.133815 0.104935 0.0879455 0.0795657 0.0671708 0.0514974 0.0377356 0.0265806 0.0174073 0.0103307 0.00542539 0.00244311 0.000911716
 3.42893e-11 1.6128e-09 5.2528e-08 1.18464e-06 1.84998e-05 0.00020005 0.00149797 0.00776761 0.0278989 0.0694705 0.120356 0.147096 0.133384 0.10383 0.0862293 0.0779165 0.0664267 0.0519071 0.0388746 0.0278788 0.0185173 0.0111265 0.00590813 0.0026851 0.00100917
 3.49077e-11 1.64189e-09 5.34754e-08 1.206e-06 1.88335e-05 0.000203658 0.00152499 0.00790766 0.0284015 0.0707175 0.122485 0.149552 0.135138 0.104186 0.0852509 0.0761347 0.0643726 0.0499785 0.037432 0.0271324 0.0183573 0.0112543 0.00608154 0.0028029 0.00106513
#obs surv len freq
 2.32768e-11 1.09483e-09 3.56579e-08 8.04176e-07 1.25584e-05 0.000135802 0.00101689 0.00527329 0.018944 0.0472096 0.082048 0.1015 0.0960028 0.0832419 0.0801575 0.0811341 0.0766791 0.0688381 0.0614993 0.0543253 0.0465366 0.0379983 0.0285583 0.0187413 0.0101463
 9.72418e-16 4.58085e-14 1.50108e-12 3.46714e-11 5.92192e-10 8.58343e-09 1.29101e-07 2.00459e-06 2.62412e-05 0.000253383 0.0017243 0.00817464 0.0269861 0.062431 0.103066 0.126808 0.1268 0.115827 0.103957 0.0915161 0.0776632 0.0625671 0.0462965 0.0299177 0.0159847
 1.31986e-11 6.20797e-10 2.0219e-08 4.55988e-07 7.12091e-06 7.70021e-05 0.000576576 0.00298948 0.010733 0.0266832 0.0459379 0.0548042 0.0456247 0.0284038 0.020977 0.0344376 0.0670228 0.102806 0.122573 0.121056 0.106141 0.0855643 0.0626375 0.0399128 0.0210345
 5.08265e-11 2.39063e-09 7.78614e-08 1.75597e-06 2.7422e-05 0.000296528 0.00222035 0.0115124 0.0413339 0.102773 0.177018 0.211475 0.17608 0.104109 0.0467176 0.0191399 0.0097587 0.00835965 0.0114002 0.0159201 0.0183625 0.0171694 0.0132914 0.008554 0.00447882
 3.32661e-11 1.56468e-09 5.09605e-08 1.14929e-06 1.79478e-05 0.000194081 0.0014533 0.00753636 0.0270743 0.0674739 0.117286 0.145169 0.13741 0.118512 0.109956 0.0993839 0.07234 0.0394724 0.0173416 0.00873789 0.00755151 0.00797186 0.0072082 0.0051125 0.00279618
 3.98072e-11 1.87234e-09 6.09809e-08 1.37527e-06 2.14769e-05 0.000232242 0.00173901 0.00901716 0.0323825 0.080589 0.139307 0.168794 0.148375 0.105808 0.0767841 0.06444 0.0556452 0.0447614 0.031977 0.019147 0.00963311 0.00487345 0.00309802 0.00213564 0.00123724
 2.55896e-11 1.20361e-09 3.92009e-08 8.8408e-07 1.38062e-05 0.000149296 0.00111796 0.00579773 0.0208332 0.0519683 0.0906638 0.113773 0.112664 0.107377 0.111783 0.11114 0.092571 0.0662842 0.0453572 0.0307472 0.0192174 0.0103658 0.00490901 0.00224142 0.00102468
 4.4345e-11 2.08578e-09 6.79324e-08 1.53205e-06 2.39251e-05 0.000258715 0.00193722 0.0100447 0.036068 0.0897178 0.154791 0.186156 0.1591 0.103672 0.0626176 0.0451988 0.039007 0.0346832 0.0287909 0.0210505 0.0134123 0.00754824 0.00373338 0.00159544 0.00059073
 3.31782e-11 1.56054e-09 5.08259e-08 1.14625e-06 1.79004e-05 0.000193568 0.00144945 0.0075163 0.0270005 0.0672738 0.116827 0.144082 0.134764 0.113162 0.102372 0.0930832 0.071796 0.0460508 0.0280599 0.0186219 0.0128293 0.00805245 0.00428245 0.0018843 0.000680298
 3.97845e-11 1.87127e-09 6.0946e-08 1.37449e-06 2.14646e-05 0.000232109 0.00173801 0.00901202 0.0323642 0.0805451 0.139242 0.168764 0.148497 0.106156 0.0771318 0.0641555 0.0542519 0.042879 0.0311672 0.0202716 0.0117862 0.00640673 0.00329663 0.00150932 0.000570789
 3.81426e-11 1.79404e-09 5.84308e-08 1.31776e-06 2.05787e-05 0.00022253 0.0016663 0.00864035 0.0310322 0.0772578 0.133747 0.162989 0.146244 0.110417 0.0869103 0.073898 0.0581856 0.0405762 0.0271045 0.0181108 0.0114798 0.00648033 0.00317786 0.00134887 0.00048858
 3.88244e-11 1.82611e-09 5.94752e-08 1.34132e-06 2.09466e-05 0.000226508 0.00169608 0.00879471 0.0315857 0.0786264 0.136053 0.165502 0.147554 0.109489 0.0841324 0.0711163 0.0571776 0.0412425 0.0278086 0.0178314 0.0106674 0.00587289 0.00291047 0.00124649 0.000443812
 3.86125e-11 1.81614e-09 5.91506e-08 1.334e-06 2.08323e-05 0.000225272 0.00168682 0.00874675 0.0314138 0.0782023 0.135345 0.164762 0.14728 0.110075 0.0854488 0.0724323 0.0577456 0.0410331 0.0273986 0.0176093 0.0105488 0.00571599 0.00275254 0.0011511 0.000404877
 3.57447e-11 1.68126e-09 5.47574e-08 1.23492e-06 1.9285e-05 0.000208541 0.00156155 0.00809733 0.0290837 0.0724245 0.125501 0.153509 0.139582 0.109338 0.0911246 0.0810901 0.065963 0.0472877 0.0316524 0.0202506 0.0120332 0.00647057 0.00308841 0.00127355 0.000439729
 3.13084e-11 1.4726e-09 4.79616e-08 1.08165e-06 1.68916e-05 0.000182659 0.00136776 0.00709265 0.0254781 0.0634744 0.110188 0.135708 0.126392 0.105344 0.0956729 0.0906273 0.0773618 0.058754 0.0417832 0.0278734 0.0168752 0.00910607 0.00432675 0.00176915 0.000604201
 3.78857e-11 1.78196e-09 5.80373e-08 1.30889e-06 2.04402e-05 0.000221031 0.00165507 0.008582 0.0308209 0.0767139 0.132685 0.161129 0.142788 0.104233 0.0784739 0.0668787 0.0569761 0.0457883 0.0351824 0.0252607 0.0162958 0.00924349 0.00453158 0.00187771 0.00064192
 3.58973e-11 1.68844e-09 5.49913e-08 1.24019e-06 1.93674e-05 0.000209431 0.00156822 0.00813189 0.0292076 0.0727302 0.126012 0.154047 0.139782 0.108851 0.0898006 0.0789954 0.0634068 0.0450443 0.0308216 0.0213071 0.0142457 0.00863443 0.00451806 0.00196973 0.000696395
 3.26388e-11 1.53517e-09 4.99995e-08 1.12762e-06 1.76093e-05 0.000190421 0.00142587 0.00739391 0.026559 0.0661549 0.114757 0.140935 0.129986 0.105734 0.0930926 0.0865869 0.0733112 0.0552941 0.0390354 0.0260606 0.0161981 0.00933673 0.00489122 0.00221546 0.000822751
 3.64649e-11 1.71513e-09 5.58608e-08 1.2598e-06 1.96736e-05 0.000212742 0.001593 0.00826028 0.0296668 0.0738542 0.127828 0.155649 0.139281 0.104543 0.0822596 0.0719754 0.0611452 0.0481989 0.0362481 0.0256535 0.0164745 0.0094459 0.004795 0.00211342 0.000782241
 3.51463e-11 1.65311e-09 5.38408e-08 1.21425e-06 1.89622e-05 0.00020505 0.00153541 0.00796177 0.0285967 0.0712106 0.12339 0.150892 0.137092 0.107166 0.0891033 0.0793558 0.0650795 0.0478248 0.0338285 0.0236701 0.0157127 0.00942974 0.00493544 0.0021888 0.000802189
 3.71144e-11 1.74568e-09 5.68557e-08 1.28224e-06 2.0024e-05 0.000216532 0.00162138 0.00840742 0.0301954 0.0751721 0.130121 0.158498 0.142001 0.106887 0.084218 0.0730042 0.0603452 0.0453868 0.0323742 0.0220877 0.0140874 0.00827138 0.00436261 0.00198061 0.000741117
 3.43361e-11 1.615e-09 5.25996e-08 1.18625e-06 1.85251e-05 0.000200323 0.00150002 0.00777831 0.0279387 0.0695812 0.120629 0.147809 0.135234 0.107682 0.0918641 0.0830977 0.0683836 0.0499183 0.0345601 0.0232839 0.0147824 0.00857123 0.00443469 0.00198796 0.000744428
 3.74024e-11 1.75923e-09 5.7297e-08 1.29219e-06 2.01794e-05 0.000218212 0.00163396 0.00847262 0.0304291 0.0757494 0.131089 0.159531 0.142461 0.106274 0.0826724 0.0713752 0.0595619 0.0456592 0.0331511 0.0227009 0.0142562 0.00811316 0.0041295 0.00182534 0.00067549
 3.41316e-11 1.60539e-09 5.22864e-08 1.17919e-06 1.84148e-05 0.00019913 0.00149109 0.00773201 0.0277726 0.0691696 0.119929 0.147019 0.13472 0.107699 0.0923337 0.0836663 0.0687267 0.0500365 0.0347074 0.0236066 0.0151579 0.00881302 0.00450629 0.00197371 0.000720357
 3.62971e-11 1.70724e-09 5.56036e-08 1.254e-06 1.95831e-05 0.000211763 0.00158567 0.0082223 0.0295308 0.0735205 0.127282 0.155132 0.139294 0.105544 0.0841953 0.0740921 0.0624766 0.0482657 0.0352487 0.0242207 0.0152643 0.00873424 0.00446563 0.00197055 0.000721846
 3.34043e-11 1.57118e-09 5.11723e-08 1.15406e-06 1.80224e-05 0.000194887 0.00145932 0.00756729 0.0271812 0.0676992 0.117397 0.143998 0.132224 0.106296 0.0919484 0.0841381 0.0700828 0.0521713 0.0371524 0.0257949 0.0167705 0.00982442 0.0050503 0.00222024 0.000811104
 3.42268e-11 1.60986e-09 5.24322e-08 1.18248e-06 1.84661e-05 0.000199685 0.00149524 0.00775346 0.0278483 0.0693455 0.120148 0.14688 0.133316 0.104057 0.0868049 0.0787781 0.0674082 0.0526948 0.0390892 0.0274181 0.0176996 0.0103628 0.00539059 0.0024048 0.000886482
 3.49378e-11 1.6433e-09 5.35213e-08 1.20704e-06 1.88497e-05 0.000203833 0.0015263 0.00791449 0.0284265 0.0707824 0.122619 0.149814 0.135688 0.105241 0.0867651 0.0775447 0.064977 0.0495988 0.0364539 0.0259951 0.0172796 0.0103513 0.00544547 0.00244515 0.000908239
 3.44186e-11 1.61889e-09 5.2726e-08 1.18911e-06 1.85696e-05 0.000200804 0.00150362 0.00779695 0.0280049 0.0697391 0.120855 0.147863 0.134573 0.105736 0.0887553 0.0800726 0.0669527 0.0504981 0.0363888 0.0254336 0.0167364 0.0100814 0.00539333 0.00246673 0.00092936
#pred catch len freq
 2.2749e-11 1.07e-09 3.48493e-08 7.85938e-07 1.22736e-05 0.000132722 0.000993837 0.00515378 0.0185154 0.0461497 0.0802603 0.099543 0.0949572 0.0839301 0.0824135 0.083767 0.0782557 0.0685299 0.0592299 0.0506845 0.042952 0.0364782 0.0303714 0.0230583 0.0146104
 1.01609e-11 4.7792e-10 1.55656e-08 3.51043e-07 5.48207e-06 5.92825e-05 0.000443951 0.002303 0.00828489 0.0207603 0.0368575 0.0492507 0.0582237 0.0740315 0.0969874 0.111008 0.107642 0.0957276 0.0834719 0.071282 0.0589006 0.0472541 0.036408 0.0256831 0.0154146
 8.26331e-12 3.88667e-10 1.26586e-08 2.85484e-07 4.45826e-06 4.82105e-05 0.000361018 0.00187242 0.00673065 0.0168142 0.0295029 0.0378344 0.0401887 0.0446198 0.0571954 0.0750505 0.093931 0.109554 0.114628 0.106311 0.089674 0.0705772 0.0517136 0.0341457 0.0192422
 3.10154e-11 1.45881e-09 4.75126e-08 1.07153e-06 1.67334e-05 0.000180948 0.00135491 0.00702535 0.0252264 0.0627516 0.108277 0.130269 0.111522 0.073186 0.0454428 0.0355867 0.0366975 0.0441535 0.0548584 0.0631746 0.0635695 0.0550437 0.0411286 0.0263823 0.0141521
 4.24337e-11 1.99588e-09 6.50044e-08 1.46601e-06 2.28939e-05 0.000247564 0.00185374 0.00961193 0.0345164 0.0858811 0.148327 0.179108 0.155388 0.106041 0.0694161 0.0500397 0.0355299 0.0232364 0.0168896 0.016427 0.0181071 0.0182052 0.0152522 0.0103321 0.00556605
 3.33957e-11 1.57077e-09 5.11591e-08 1.15377e-06 1.80177e-05 0.000194837 0.00145895 0.00756552 0.0271767 0.0677076 0.117544 0.144796 0.134902 0.11227 0.100695 0.0916628 0.0713928 0.0458002 0.0262404 0.0153015 0.0104782 0.00875248 0.00748561 0.00545214 0.00310457
 2.98144e-11 1.40233e-09 4.56729e-08 1.03004e-06 1.60855e-05 0.000173943 0.0013025 0.00675427 0.0242632 0.0604562 0.105004 0.129585 0.12154 0.103139 0.0961294 0.0934107 0.0821549 0.06433 0.045917 0.0292787 0.0165713 0.00908777 0.00546599 0.0034658 0.00195278
 3.21673e-11 1.513e-09 4.92773e-08 1.11133e-06 1.7355e-05 0.00018767 0.00140527 0.00728699 0.0261736 0.0651828 0.112986 0.138367 0.126377 0.100361 0.0860715 0.0803121 0.0711388 0.0586033 0.0462496 0.0340063 0.0221433 0.0125178 0.00629338 0.00297434 0.00134301
 3.61859e-11 1.70201e-09 5.54334e-08 1.25016e-06 1.95231e-05 0.000211115 0.00158082 0.0081971 0.02944 0.0732921 0.126869 0.154549 0.138506 0.104353 0.0823906 0.0717131 0.0599439 0.0465007 0.0353917 0.0265548 0.0186552 0.0116548 0.00624737 0.00283319 0.00109499
 3.3722e-11 1.58612e-09 5.1659e-08 1.16504e-06 1.81938e-05 0.000196741 0.0014732 0.00763926 0.0274395 0.0683425 0.11851 0.145348 0.133409 0.107103 0.092332 0.0838983 0.0688976 0.0500828 0.0348358 0.0241764 0.0163433 0.0103206 0.00579913 0.00275976 0.00107368
 3.5408e-11 1.66542e-09 5.42417e-08 1.22329e-06 1.91034e-05 0.000206576 0.00154684 0.00802098 0.0288085 0.0717312 0.124243 0.151707 0.137112 0.10576 0.0865677 0.0771983 0.0648502 0.0494164 0.0355833 0.0243236 0.015487 0.00915653 0.00496172 0.00236153 0.000936423
 3.58185e-11 1.68473e-09 5.48706e-08 1.23747e-06 1.93249e-05 0.000208971 0.00156477 0.00811399 0.0291428 0.0725649 0.125698 0.153531 0.138903 0.107374 0.0879034 0.0776702 0.0637681 0.0470387 0.0331425 0.0227438 0.0146611 0.0085989 0.0045009 0.00205602 0.00079377
 3.64123e-11 1.71266e-09 5.57802e-08 1.25798e-06 1.96452e-05 0.000212436 0.00159071 0.00824847 0.0296254 0.0737629 0.127747 0.155915 0.140676 0.107943 0.0874129 0.0766937 0.0627533 0.04602 0.03196 0.0214483 0.0135384 0.00784109 0.00406871 0.00183069 0.000690063
 3.56547e-11 1.67703e-09 5.46197e-08 1.23181e-06 1.92365e-05 0.000208016 0.00155762 0.00807693 0.0290101 0.0722389 0.125163 0.153017 0.138883 0.108282 0.0897067 0.0797162 0.0652188 0.0474496 0.0325769 0.0215906 0.0134222 0.00762769 0.00388119 0.00171643 0.000636805
 3.19322e-11 1.50194e-09 4.89171e-08 1.1032e-06 1.72281e-05 0.000186298 0.00139501 0.00723395 0.0259853 0.0647368 0.112369 0.138339 0.12866 0.106808 0.0962956 0.090215 0.075576 0.0558343 0.0387536 0.0257332 0.0158772 0.00889842 0.00444982 0.00193124 0.000703355
 3.30455e-11 1.5543e-09 5.06226e-08 1.14167e-06 1.78288e-05 0.000192793 0.00144364 0.00748594 0.0268883 0.0669643 0.116085 0.142208 0.130025 0.103492 0.0887824 0.0821032 0.070938 0.0558531 0.0415918 0.0290188 0.0183592 0.0103721 0.00516679 0.00221632 0.000794581
 3.57278e-11 1.68046e-09 5.47316e-08 1.23433e-06 1.92759e-05 0.000208442 0.00156081 0.0080934 0.0290683 0.0723745 0.125334 0.152928 0.137852 0.105542 0.0853483 0.0753001 0.0627864 0.0478833 0.0352816 0.0252847 0.0168534 0.0100341 0.00517928 0.00225696 0.000810002
 3.24586e-11 1.5267e-09 4.97235e-08 1.12139e-06 1.75121e-05 0.00018937 0.00141801 0.00735316 0.0264131 0.0657978 0.114179 0.140418 0.130109 0.106991 0.095193 0.0881808 0.0730224 0.0532979 0.036991 0.0252757 0.0165378 0.0099748 0.00532989 0.002416 0.000894415
 3.27612e-11 1.54093e-09 5.01872e-08 1.13185e-06 1.76754e-05 0.000191135 0.00143122 0.00742159 0.0266576 0.0663938 0.115124 0.141163 0.12949 0.103925 0.0900863 0.0836045 0.0718671 0.055908 0.0410225 0.0283353 0.0179994 0.0104498 0.005474 0.00249395 0.000943544
 3.44059e-11 1.61829e-09 5.27066e-08 1.18867e-06 1.85627e-05 0.00020073 0.00150306 0.00779404 0.0279941 0.0697092 0.120782 0.147673 0.134084 0.104714 0.0872435 0.0786436 0.066372 0.0510853 0.0378121 0.0270012 0.0178531 0.0105922 0.00552307 0.00247445 0.000925715
 3.46162e-11 1.62818e-09 5.30287e-08 1.19593e-06 1.86762e-05 0.000201957 0.00151225 0.0078417 0.0281656 0.0701394 0.121548 0.14871 0.135338 0.106302 0.0891048 0.0800851 0.0664568 0.049573 0.0354131 0.0247401 0.0163623 0.00989158 0.0052848 0.00240632 0.000903348
 3.42123e-11 1.60918e-09 5.241e-08 1.18198e-06 1.84583e-05 0.0001996 0.00149461 0.00775025 0.0278375 0.0693271 0.120172 0.147173 0.13441 0.106561 0.0905038 0.082028 0.0682546 0.0507866 0.0358549 0.0244737 0.015736 0.00931854 0.00495566 0.00227688 0.000866651
 3.44469e-11 1.62022e-09 5.27694e-08 1.19008e-06 1.85848e-05 0.000200969 0.00150486 0.00780335 0.0280279 0.0697971 0.120959 0.148009 0.134769 0.106025 0.0891814 0.0806184 0.0675317 0.0509473 0.0364791 0.0250273 0.0159668 0.00928331 0.00483319 0.00218694 0.000828125
 3.41117e-11 1.60445e-09 5.2256e-08 1.1785e-06 1.8404e-05 0.000199014 0.00149022 0.00772746 0.0277556 0.0691224 0.119812 0.14671 0.13392 0.106042 0.0899642 0.0816425 0.0682909 0.0513463 0.0367581 0.0253729 0.0163298 0.00953248 0.00493621 0.00220479 0.000822774
 3.36414e-11 1.58233e-09 5.15355e-08 1.16225e-06 1.81503e-05 0.00019627 0.00146967 0.00762095 0.0273734 0.0681736 0.118189 0.144824 0.132523 0.105624 0.0904558 0.0826645 0.0694999 0.0525312 0.0377646 0.0261153 0.0168325 0.00985843 0.00512396 0.00228975 0.000850472
 3.28917e-11 1.54707e-09 5.03871e-08 1.13635e-06 1.77458e-05 0.000191896 0.00143692 0.00745117 0.0267641 0.066661 0.115601 0.141812 0.130283 0.104918 0.0911591 0.0841599 0.0712599 0.0543046 0.0394046 0.0274699 0.0178107 0.0104749 0.00546156 0.00244673 0.00090992
 3.18222e-11 1.49677e-09 4.87487e-08 1.0994e-06 1.71688e-05 0.000185657 0.0013902 0.00720896 0.0258948 0.0645036 0.111911 0.137529 0.127128 0.104005 0.0922943 0.0863941 0.0737585 0.0566995 0.0415677 0.0292817 0.0191764 0.0113806 0.00597675 0.00269139 0.00100437
 3.18873e-11 1.49983e-09 4.88484e-08 1.10165e-06 1.72039e-05 0.000186037 0.00139305 0.00722367 0.0259472 0.0646296 0.112099 0.137617 0.126757 0.102803 0.0903394 0.0844748 0.0728385 0.0570701 0.0427617 0.0306682 0.0203701 0.0122398 0.00649931 0.00295378 0.00111014
 3.25613e-11 1.53153e-09 4.98809e-08 1.12494e-06 1.75676e-05 0.000189969 0.00142249 0.0073763 0.0264949 0.0659885 0.11442 0.140294 0.128669 0.103193 0.0892741 0.082532 0.0705957 0.0549621 0.0411848 0.0298545 0.0201992 0.0123835 0.00669172 0.00308412 0.001172
#obs catch len freq
 2.11804e-11 9.96225e-10 3.24464e-08 7.31749e-07 1.14273e-05 0.000123571 0.000925315 0.00479849 0.0172397 0.0429766 0.0747871 0.0929688 0.0893734 0.0804207 0.0806992 0.0835055 0.0797431 0.0722168 0.0651275 0.0581085 0.0503811 0.0417763 0.0319304 0.0212584 0.0116271
 2.10016e-11 9.87814e-10 3.21724e-08 7.2557e-07 1.13308e-05 0.000122528 0.000917504 0.00475801 0.0170947 0.0426192 0.0741932 0.0923626 0.0892076 0.0810959 0.0822171 0.0853919 0.0814025 0.0733198 0.0656136 0.058006 0.0497057 0.040591 0.0305083 0.0200213 0.0108394
 8.32064e-16 3.92066e-14 1.28604e-12 2.98188e-11 5.16238e-10 7.75467e-09 1.22674e-07 1.96672e-06 2.60404e-05 0.000252243 0.00171796 0.00814642 0.0268955 0.0622289 0.10276 0.12651 0.126651 0.115872 0.104132 0.0917339 0.0778703 0.0627408 0.046427 0.0300024 0.0160301
 1.16758e-11 5.49173e-10 1.78862e-08 4.03379e-07 6.29933e-06 6.8118e-05 0.000510054 0.00264457 0.00949472 0.0236047 0.0406385 0.0484887 0.0404248 0.0255097 0.0201581 0.0351755 0.0691934 0.106251 0.1267 0.125144 0.109736 0.0884676 0.064765 0.041269 0.0217493
 4.97662e-11 2.34076e-09 7.62371e-08 1.71934e-06 2.68499e-05 0.000290343 0.00217403 0.0112722 0.0404719 0.100632 0.173346 0.207161 0.172728 0.102669 0.0469028 0.0200609 0.0107836 0.00949569 0.0130272 0.0182066 0.021002 0.019638 0.0152025 0.00978399 0.00512285
 3.11217e-11 1.46382e-09 4.76755e-08 1.0752e-06 1.67909e-05 0.000181571 0.00135963 0.00705079 0.0253324 0.0631575 0.109952 0.136882 0.132064 0.118854 0.115451 0.106781 0.0783008 0.0428212 0.01884 0.00951513 0.0082383 0.00870061 0.00786758 0.00558022 0.003052
 3.79528e-11 1.78512e-09 5.81401e-08 1.31121e-06 2.04764e-05 0.000221423 0.001658 0.00859721 0.0308756 0.0768511 0.132929 0.16146 0.143209 0.10492 0.0798742 0.0695933 0.06098 0.0492712 0.0352552 0.0211249 0.0106319 0.00538004 0.0034206 0.00235814 0.00136616
 2.35457e-11 1.10748e-09 3.60698e-08 8.13467e-07 1.27035e-05 0.000137372 0.00102867 0.00533489 0.0191725 0.0478505 0.0836484 0.105758 0.107191 0.106872 0.115819 0.117195 0.098169 0.0704609 0.0482977 0.0327768 0.0204961 0.0110576 0.00523704 0.00239128 0.00109322
 4.28436e-11 2.01516e-09 6.56323e-08 1.48017e-06 2.3115e-05 0.000249956 0.00187164 0.00970462 0.0348478 0.0866895 0.149614 0.180157 0.15472 0.102508 0.0644341 0.0486756 0.0429364 0.038413 0.0319401 0.0233664 0.0148914 0.00838163 0.00414583 0.00177175 0.000656019
 3.13108e-11 1.47271e-09 4.79651e-08 1.08173e-06 1.68929e-05 0.000182673 0.00136787 0.00709342 0.0254834 0.063513 0.110428 0.136807 0.129921 0.113046 0.106556 0.0990174 0.0769309 0.0494723 0.0301968 0.020066 0.0138324 0.0086837 0.0046184 0.00203215 0.000733684
 3.81945e-11 1.79649e-09 5.85104e-08 1.31956e-06 2.06068e-05 0.000222833 0.00166856 0.00865196 0.0310722 0.0773403 0.133775 0.162482 0.144086 0.10543 0.0798135 0.068547 0.0586972 0.0465708 0.0338984 0.0220621 0.012831 0.00697566 0.00358961 0.0016435 0.00062154
 3.65151e-11 1.7175e-09 5.59377e-08 1.26154e-06 1.97007e-05 0.000213036 0.00159521 0.00827182 0.02971 0.0739794 0.128164 0.156616 0.141916 0.11008 0.0902228 0.0788121 0.0626763 0.043853 0.0293406 0.0196228 0.0124433 0.0070252 0.00344524 0.00146239 0.000529701
 3.73112e-11 1.75494e-09 5.71572e-08 1.28904e-06 2.01302e-05 0.00021768 0.00162998 0.00845205 0.0303562 0.0755778 0.130859 0.159565 0.143492 0.109095 0.0871077 0.075634 0.0614257 0.0444504 0.0300137 0.0192595 0.0115257 0.0063463 0.00314524 0.00134707 0.000479625
 3.70966e-11 1.74484e-09 5.68285e-08 1.28163e-06 2.00144e-05 0.000216428 0.00162061 0.00840348 0.0301822 0.0751485 0.130143 0.158821 0.143233 0.10973 0.0884994 0.0770109 0.0619987 0.0441953 0.029552 0.019008 0.0113906 0.00617299 0.00297276 0.00124322 0.00043728
 3.40454e-11 1.60133e-09 5.21543e-08 1.17621e-06 1.83682e-05 0.000198627 0.00148732 0.00771253 0.0277031 0.069001 0.119668 0.146847 0.135038 0.108934 0.0945216 0.0862087 0.0707402 0.050861 0.0340934 0.0218303 0.0129769 0.00697911 0.00333134 0.00137376 0.000474334
 2.96319e-11 1.39374e-09 4.53933e-08 1.02373e-06 1.59871e-05 0.000172879 0.00129453 0.006713 0.0241158 0.060096 0.104428 0.129108 0.121818 0.104747 0.0987316 0.0954182 0.0820021 0.062424 0.0444459 0.0296689 0.0179674 0.00969663 0.00460758 0.00188401 0.000643432
 3.64047e-11 1.7123e-09 5.57685e-08 1.25772e-06 1.96411e-05 0.000212391 0.00159037 0.00824661 0.0296174 0.0737285 0.12759 0.155267 0.138645 0.103476 0.0808307 0.0707789 0.0609229 0.0491159 0.0377846 0.0271433 0.0175141 0.00993534 0.00487091 0.00201834 0.000689998
 3.41285e-11 1.60524e-09 5.22816e-08 1.17908e-06 1.84131e-05 0.000199112 0.00149095 0.00773133 0.0277704 0.0691665 0.11994 0.147107 0.135034 0.108387 0.0932518 0.0841881 0.0682039 0.0486057 0.0333128 0.0230509 0.015418 0.00934631 0.00489079 0.00213227 0.000753867
 3.09259e-11 1.45461e-09 4.73756e-08 1.06844e-06 1.66852e-05 0.000180428 0.00135105 0.00700603 0.0251672 0.0627033 0.108872 0.134192 0.125313 0.105122 0.0962131 0.0914703 0.0780279 0.0590025 0.0417063 0.027863 0.0173239 0.00998696 0.00523212 0.00236991 0.000880116
 3.47967e-11 1.63667e-09 5.33053e-08 1.20217e-06 1.87736e-05 0.00020301 0.00152013 0.0078825 0.0283112 0.0704919 0.122091 0.149056 0.134647 0.103762 0.0850197 0.0764621 0.0656167 0.0518919 0.0390786 0.0276746 0.0177773 0.010194 0.00517499 0.00228095 0.000844252
 3.35062e-11 1.57597e-09 5.13284e-08 1.15758e-06 1.80774e-05 0.000195481 0.00146377 0.00759037 0.0272641 0.0679059 0.117757 0.144442 0.132641 0.106628 0.0921472 0.0840376 0.0695017 0.0512192 0.0362793 0.0254038 0.016869 0.0101248 0.00529943 0.00235026 0.000861366
 3.55356e-11 1.67142e-09 5.44371e-08 1.22769e-06 1.91722e-05 0.000207321 0.00155241 0.00804989 0.0289125 0.0719905 0.124696 0.152279 0.137687 0.106306 0.0870654 0.0774659 0.0646504 0.0487757 0.0348383 0.0237849 0.0151744 0.00891067 0.00469999 0.00213381 0.000798447
 3.26356e-11 1.53502e-09 4.99946e-08 1.12751e-06 1.76076e-05 0.000190402 0.00142574 0.00739323 0.026557 0.0661549 0.114789 0.141129 0.130642 0.107177 0.0951059 0.0880511 0.0730491 0.0534713 0.0370714 0.0249953 0.0158745 0.00920566 0.00476317 0.00213525 0.000799587
 3.57581e-11 1.68189e-09 5.47781e-08 1.23538e-06 1.92923e-05 0.000208619 0.00156213 0.00810026 0.029093 0.0724356 0.125438 0.153047 0.137941 0.105611 0.0855552 0.0759562 0.0640459 0.0492607 0.0358166 0.0245432 0.0154178 0.00877534 0.00446676 0.00197446 0.000730677
 3.23582e-11 1.52198e-09 4.95697e-08 1.11792e-06 1.7458e-05 0.000188784 0.00141362 0.00733043 0.0263317 0.0655965 0.11384 0.140052 0.129934 0.107176 0.095717 0.0888267 0.0735745 0.0537197 0.0373175 0.0254031 0.0163177 0.00948866 0.00485201 0.00212518 0.000775643
 3.4536e-11 1.62441e-09 5.29059e-08 1.19316e-06 1.86329e-05 0.000201489 0.00150875 0.0078235 0.0280999 0.0699713 0.121228 0.148184 0.134441 0.104805 0.0872403 0.078961 0.0672685 0.0521419 0.0381355 0.0262236 0.016532 0.0094609 0.00483742 0.00213466 0.000781969
 3.1615e-11 1.48702e-09 4.84312e-08 1.09225e-06 1.7057e-05 0.000184448 0.00138115 0.00716208 0.0257273 0.0640935 0.11125 0.136956 0.127353 0.105678 0.0952275 0.0892201 0.0749262 0.055935 0.0398904 0.027718 0.0180271 0.010562 0.00542971 0.00238709 0.000872062
 3.25378e-11 1.53042e-09 4.98448e-08 1.12413e-06 1.75549e-05 0.000189831 0.00142146 0.00737097 0.0264759 0.0659412 0.11434 0.140209 0.128639 0.103299 0.0896482 0.0833666 0.0719512 0.056406 0.0418957 0.0294055 0.0189878 0.0111182 0.00578381 0.00258026 0.000951168
 3.32823e-11 1.56544e-09 5.09854e-08 1.14985e-06 1.79566e-05 0.000194175 0.00145399 0.00753961 0.0270813 0.0674462 0.116929 0.143285 0.131134 0.104564 0.0896395 0.0820954 0.0693923 0.0531225 0.0390958 0.0278979 0.0185498 0.0111134 0.00584659 0.0026253 0.000975158
#spawning biomass
 22277.6 22239.4 17700.2 12086.8 13005 23091.8 32332.8 39963.3 53294.5 73528.2 88387.2 104021 122589 141775 144101 143962 142183 139313 136772 139473 143299 135962 148151 167483 183312 197092 185775 182721 173457 163112 194227 136972 89717.2 59850.9 43049.3 34223 29781.1 27607.1 26562.8 26067.3 25834.2 25725.3 25674.5 25650.9 25640 25634.9 25632.6 25631.5 25631 25630.8 25630.7 25630.7 25630.6 25630.6 25630.6 25630.6 25630.6 25630.6 25630.6 25630.6 25630.6 25630.6 25630.6 25630.6 25630.6 25630.6 25630.6 25630.6 25630.6 25630.6 25630.6 25630.6 25630.6 25630.6 25630.6 25630.6 25630.6 25630.6 25630.6 25630.6 25630.6 25630.6 25630.6 25630.6 25630.6 25630.6 25630.6 25630.6 25630.6 25630.6 25630.6 25630.6 25630.6 25630.6 25630.6 25630.6 25630.6 25630.6 25630.6 25630.6 25630.6 25630.6 25630.6 25630.6 25630.6 25630.6 25630.6 25630.6 25630.6 25630.6 25630.6 25630.6 25630.6 25630.6 25630.6 25630.6 25630.6 25630.6 25630.6 25630.6 25630.6 25630.6 25630.6 25630.6 25630.6 25630.6 25630.6 25630.6 25630.6 0 0 0 0 0 0 0 0 0 0 0 0 0 0 0 0 0 0 0 0 0 0 0 0 0
