SBPRF35
0.827133
Curr Bio
135004
B35
611006
F35
0.257968
FOFL
0.115234
OFL
17136.3
Bzero
236324
#pred survey bio
 10305.7 9522.2 12926.4 18343.6 23089.4 29115.4 35395.2 40725.4 44188.1 53679.2 69990.6 85816.7 112605 133375 137396 120026 107812 104106 109516 99360.7 105243 109701 107636 116008 136270 128757 121394 106929 105044 8.5481e+06 7.30321e+06 7.9316e+06 7.3359e+06 6.29708e+06 5.24095e+06 4.33739e+06 3.62849e+06 3.09983e+06 2.71771e+06 2.44669e+06 2.25642e+06 2.12329e+06 2.02954e+06 1.96251e+06 1.91422e+06 1.88013e+06 1.85566e+06 1.8378e+06 1.82455e+06 1.81456e+06 1.80693e+06 1.80103e+06 1.79642e+06 1.79278e+06 1.78988e+06 1.78757e+06 1.78571e+06 1.78421e+06 1.78299e+06 1.782e+06 1.7812e+06 1.78055e+06 1.78002e+06 1.77958e+06 1.77923e+06 1.77894e+06 1.7787e+06 1.77851e+06 1.77835e+06 1.77822e+06 1.77811e+06 1.77802e+06 1.77795e+06 1.7779e+06 1.77785e+06 1.77781e+06 1.77778e+06 1.77775e+06 1.77773e+06 1.77771e+06 1.7777e+06 1.77769e+06 1.77768e+06 1.77767e+06 1.77766e+06 1.77766e+06 1.77765e+06 1.77765e+06 1.77765e+06 1.77764e+06 1.77764e+06 1.77764e+06 1.77764e+06 1.77764e+06 1.77764e+06 1.77764e+06 1.77763e+06 1.77763e+06 1.77763e+06 1.77763e+06 1.77763e+06 1.77763e+06 1.77763e+06 1.77763e+06 1.77763e+06 1.77763e+06 1.77763e+06 1.77763e+06 1.77763e+06 1.77763e+06 1.77763e+06 1.77763e+06 1.77763e+06 1.77763e+06 1.77763e+06 1.77763e+06 1.77763e+06 1.77763e+06 1.77763e+06 1.77763e+06 1.77763e+06 1.77763e+06 1.77763e+06 1.77763e+06 1.77763e+06 1.77763e+06 1.77763e+06 1.77763e+06 1.77763e+06 0 0 0 0 0 0 0 0 0 0 0 0 0 0 0 0 0 0 0 0 0 0 0 0 0
#obs survey bio
 9247.09 7373.34 20058.5 24899.2 22277.4 34315.4 31651.2 41355 36669.4 37577.3 53540.7 85939.6 106646 140850 108548 51858.9 64332.4 89617.2 92457.6 80570.4 73166.9 103753 124335 127888 148951 102420 90144.2 82729.1 70699.6
#pred catch bio
 6520.82 5216.46 6598.79 10248.3 13326.8 17837.3 22988.7 28743.5 32075.7 36686.8 48936.2 60281.5 83112.2 98242.1 108575 97319.5 86886.3 81021.3 92340.7 81308.1 88807.2 94780.5 91486.2 94419.4 120664 111556 106813 95746.6 5006.9 17136.3 64585.2 75878 69545.5 58291.4 47264.3 38062.8 30995.6 25845.4 22225.1 19744.9 18077.4 16971.9 16244.8 15768.2 15458.5 15262.6 15138.6 15060.2 15010.6 14979.3 14959.4 14946.9 14938.9 14933.9 14930.7 14928.7 14927.5 14926.7 14926.2 14925.8 14925.6 14925.5 14925.4 14925.4 14925.3 14925.3 14925.3 14925.3 14925.3 14925.3 14925.3 14925.3 14925.3 14925.3 14925.3 14925.3 14925.3 14925.3 14925.3 14925.3 14925.3 14925.3 14925.3 14925.3 14925.3 14925.3 14925.3 14925.3 14925.3 14925.3 14925.3 14925.3 14925.3 14925.3 14925.3 14925.3 14925.3 14925.3 14925.3 14925.3 14925.3 14925.3 14925.3 14925.3 14925.3 14925.3 14925.3 14925.3 14925.3 14925.3 14925.3 14925.3 14925.3 14925.3 14925.3 14925.3 14925.3 14925.3 14925.3 14925.3 14925.3 14925.3 14925.3 14925.3 14925.3 14925.3 14925.3 14925.3 14925.3 0 0 0 0 0 0 0 0 0 0 0 0 0 0 0 0 0 0 0 0 0 0 0 0 0
#obs catch bio
 5660.9 5267.72 6568.52 9842.46 13070.2 17504.4 22793.2 28642.1 32331.1 36626.1 48270 58402.1 80332.6 95708.4 108066 99995.3 86126.9 79069.1 89595.7 80617.5 88663.6 92130.6 89028.9 89613.7 115699 108895 105149 94400.1 4860.9
#pred cpue bio
 7593.94 6502.92 7995.65 11793.6 15183.5 18554.2 22286.6 25498.3 26646.5 29823.8 40319.3 49887.1 62428.5 75939.5 84703.9 73212.3 62664.6 59626.1 62599.3 55907.1 56761 58359.6 57638.7 60133.4 71862.9 68245.1 66300.4 58567.4 52681.5 5.975e+06 6.47604e+06 7.77353e+06 7.24565e+06 6.18074e+06 5.11174e+06 4.2042e+06 3.49422e+06 2.96528e+06 2.5831e+06 2.31206e+06 2.12179e+06 1.98866e+06 1.89491e+06 1.82788e+06 1.77959e+06 1.7455e+06 1.72103e+06 1.70317e+06 1.68992e+06 1.67993e+06 1.6723e+06 1.6664e+06 1.66179e+06 1.65815e+06 1.65525e+06 1.65294e+06 1.65108e+06 1.64957e+06 1.64836e+06 1.64737e+06 1.64657e+06 1.64592e+06 1.64539e+06 1.64495e+06 1.6446e+06 1.64431e+06 1.64407e+06 1.64387e+06 1.64372e+06 1.64359e+06 1.64348e+06 1.64339e+06 1.64332e+06 1.64326e+06 1.64322e+06 1.64318e+06 1.64314e+06 1.64312e+06 1.6431e+06 1.64308e+06 1.64307e+06 1.64305e+06 1.64304e+06 1.64304e+06 1.64303e+06 1.64302e+06 1.64302e+06 1.64302e+06 1.64301e+06 1.64301e+06 1.64301e+06 1.64301e+06 1.64301e+06 1.64301e+06 1.643e+06 1.643e+06 1.643e+06 1.643e+06 1.643e+06 1.643e+06 1.643e+06 1.643e+06 1.643e+06 1.643e+06 1.643e+06 1.643e+06 1.643e+06 1.643e+06 1.643e+06 1.643e+06 1.643e+06 1.643e+06 1.643e+06 1.643e+06 1.643e+06 1.643e+06 1.643e+06 1.643e+06 1.643e+06 1.643e+06 1.643e+06 1.643e+06 1.643e+06 1.643e+06 1.643e+06 1.643e+06 1.643e+06 1.643e+06 1.643e+06 0 0 0 0 0 0 0 0 0 0 0 0 0 0 0 0 0 0 0 0 0 0 0 0 0
#obs cpue bio
 6965.61 6014.89 6434.19 21946.8 17962.7 19217.1 27915 25560.9 29493 40190.5 65797.5 116752 92099.9 96096 99875.8 112658 120611 125580 106110 75264.9 86447 100274 85423.5 130592 115881 104575 118084 134039 114344
#pred surv len freq
 2.56159e-27 2.58418e-27 2.95549e-26 5.69496e-20 1.39605e-14 4.13675e-10 1.48171e-06 0.000641526 0.0335752 0.212406 0.162826 0.0400329 0.190316 0.175973 0.0437036 0.055821 0.0237947 0.0180285 0.0109688 0.00825554 0.00641335 0.00549461 0.00546346 0.00481696 0.00146742
 2.56407e-27 2.59105e-27 3.56637e-26 6.98367e-20 1.71196e-14 5.07285e-10 1.81701e-06 0.000786696 0.0411728 0.260471 0.199494 0.0379507 0.148712 0.138192 0.0483812 0.0757354 0.0257345 0.0107374 0.00473812 0.00265558 0.00167271 0.00122408 0.00107652 0.000947871 0.000316233
 2.56655e-27 2.59751e-27 4.10942e-26 8.12916e-20 1.99277e-14 5.90492e-10 2.11504e-06 0.000915734 0.0479262 0.303194 0.232133 0.0389389 0.133301 0.123353 0.0345758 0.048101 0.0191445 0.0121022 0.00389576 0.00121287 0.000501636 0.000277448 0.000201242 0.000166128 5.73457e-05
 2.56417e-27 2.59094e-27 3.51791e-26 6.88129e-20 1.68686e-14 4.99848e-10 1.79037e-06 0.000775163 0.0405692 0.256652 0.196635 0.0415238 0.177911 0.164401 0.0397247 0.0493993 0.0178289 0.00906312 0.00364582 0.00136869 0.000310369 9.52696e-05 4.83327e-05 3.4198e-05 1.16734e-05
 2.56424e-27 2.59136e-27 3.57594e-26 7.00377e-20 1.71689e-14 5.08745e-10 1.82224e-06 0.00078896 0.0412913 0.261221 0.200091 0.0395135 0.160186 0.148517 0.0455091 0.0665593 0.0225449 0.00915469 0.00314015 0.00108539 0.000312311 6.01612e-05 1.4369e-05 7.19389e-06 2.29699e-06
 2.56521e-27 2.59388e-27 3.78965e-26 7.45459e-20 1.8274e-14 5.41492e-10 1.93953e-06 0.000839744 0.0439492 0.278035 0.212934 0.039736 0.152855 0.141496 0.0395787 0.0548845 0.0202853 0.0107909 0.0033991 0.000928501 0.000228456 4.876e-05 6.95217e-06 1.5607e-06 4.12398e-07
 2.56489e-27 2.59287e-27 3.68686e-26 7.2377e-20 1.77423e-14 5.25737e-10 1.8831e-06 0.000815311 0.0426705 0.269945 0.206779 0.0411202 0.167713 0.155009 0.0384165 0.0487436 0.0170636 0.00783036 0.00277548 0.000897471 0.000181982 3.18906e-05 4.33377e-06 4.46841e-07 6.78178e-08
 2.56498e-27 2.5931e-27 3.70568e-26 7.27739e-20 1.78396e-14 5.2862e-10 1.89343e-06 0.000819783 0.0429045 0.271426 0.207909 0.0411116 0.166854 0.154253 0.0389781 0.0501586 0.0166278 0.0062054 0.00198818 0.000593914 0.000142483 2.30778e-05 2.52723e-06 1.93684e-07 1.25918e-08
 2.56576e-27 2.59511e-27 3.87209e-26 7.6284e-20 1.87001e-14 5.54117e-10 1.98476e-06 0.000859323 0.0449739 0.284517 0.217913 0.0415424 0.163104 0.150598 0.0348112 0.0415468 0.0135788 0.00475629 0.00137998 0.000333009 7.07011e-05 1.23726e-05 1.31237e-06 7.91589e-08 2.90264e-09
 2.56772e-27 2.60031e-27 4.32047e-26 8.57424e-20 2.10187e-14 6.22822e-10 2.23085e-06 0.000965871 0.0505502 0.319794 0.244844 0.0411529 0.141219 0.130206 0.0276515 0.0303102 0.00954445 0.00278473 0.000771077 0.000169389 2.96027e-05 4.36306e-06 4.70616e-07 2.70298e-08 7.22845e-10
 2.56624e-27 2.59622e-27 3.9516e-26 7.79606e-20 1.91111e-14 5.66296e-10 2.02838e-06 0.000878211 0.0459624 0.290771 0.222708 0.0428351 0.169572 0.156243 0.0299723 0.0290355 0.00895816 0.00232953 0.000600297 0.000112261 1.78839e-05 2.19952e-06 1.95288e-07 1.09467e-08 2.67101e-10
 2.56647e-27 2.59693e-27 4.02463e-26 7.95016e-20 1.94889e-14 5.7749e-10 2.06847e-06 0.000895569 0.0468708 0.296518 0.22708 0.0417705 0.1584 0.146145 0.0320253 0.0362469 0.0109424 0.00240578 0.000585605 9.75982e-05 1.35406e-05 1.43797e-06 1.0591e-07 4.89444e-09 1.12835e-10
 2.56768e-27 2.60018e-27 4.3079e-26 8.54774e-20 2.09537e-14 6.20897e-10 2.22395e-06 0.000962885 0.0503939 0.318806 0.244091 0.0413166 0.142993 0.13182 0.0275336 0.0296278 0.00922869 0.0025161 0.000608515 8.67959e-05 1.08191e-05 9.88832e-07 6.10157e-08 2.29893e-09 4.40912e-11
 2.56628e-27 2.59627e-27 3.95078e-26 7.79431e-20 1.91068e-14 5.66169e-10 2.02792e-06 0.000878013 0.0459521 0.290706 0.222666 0.043317 0.173269 0.159549 0.0286431 0.0251603 0.00760832 0.00173943 0.000429222 7.16895e-05 8.39115e-06 6.56337e-07 3.44361e-08 1.06594e-09 1.64689e-11
 2.56421e-27 2.59078e-27 3.47761e-26 6.79617e-20 1.666e-14 4.93665e-10 1.76823e-06 0.000765574 0.0400674 0.253478 0.194244 0.0435812 0.195249 0.180123 0.0375682 0.0403163 0.01189 0.00214844 0.000486494 7.10545e-05 8.93946e-06 7.37823e-07 3.34726e-08 8.63348e-10 1.08171e-11
 2.56506e-27 2.59317e-27 3.69713e-26 7.25929e-20 1.77953e-14 5.27305e-10 1.88872e-06 0.000817743 0.0427977 0.270751 0.207413 0.0422982 0.176233 0.162709 0.0369191 0.0432413 0.0131091 0.00295625 0.000666214 7.76924e-05 8.47105e-06 6.72345e-07 3.26217e-08 7.57992e-10 7.83004e-12
 2.56607e-27 2.59577e-27 3.91435e-26 7.71749e-20 1.89185e-14 5.60589e-10 2.00794e-06 0.000869359 0.0454991 0.28784 0.220469 0.0427444 0.170456 0.157112 0.0310992 0.0313814 0.00958336 0.00231214 0.000548339 7.58425e-05 7.66081e-06 4.89273e-07 2.16769e-08 5.20303e-10 4.99224e-12
 2.56623e-27 2.59615e-27 3.9425e-26 7.77685e-20 1.9064e-14 5.64901e-10 2.02338e-06 0.000876046 0.0458491 0.290054 0.222165 0.0431092 0.17204 0.158479 0.0296244 0.0276558 0.00818129 0.00154871 0.000356376 5.25677e-05 5.90627e-06 4.02386e-07 1.4797e-08 3.10547e-10 2.96832e-12
 2.56645e-27 2.59679e-27 4.00175e-26 7.90185e-20 1.93704e-14 5.73981e-10 2.0559e-06 0.000890127 0.046586 0.294716 0.225718 0.0426698 0.1662 0.153155 0.0298653 0.0295423 0.00870157 0.00156674 0.000340386 4.1136e-05 4.56496e-06 3.41515e-07 1.37459e-08 2.56649e-10 2.10732e-12
 2.56637e-27 2.59646e-27 3.96238e-26 7.81876e-20 1.91667e-14 5.67945e-10 2.03428e-06 0.000880767 0.0460962 0.291617 0.223368 0.0436716 0.175474 0.161503 0.0275275 0.0221079 0.00643668 0.00106423 0.000223517 2.4815e-05 2.40136e-06 1.57529e-07 6.72293e-09 1.37044e-10 1.0546e-12
 2.56779e-27 2.60037e-27 4.31359e-26 8.55969e-20 2.09831e-14 6.21765e-10 2.22706e-06 0.000964232 0.0504644 0.319252 0.244446 0.0422214 0.14963 0.137752 0.0251193 0.0225881 0.00648139 0.000884993 0.00017427 1.80805e-05 1.64569e-06 9.51875e-08 3.48862e-09 7.1324e-11 5.92153e-13
 2.56761e-27 2.59978e-27 4.25087e-26 8.42734e-20 2.06586e-14 6.12152e-10 2.19262e-06 0.000949323 0.0496841 0.314316 0.240694 0.0432841 0.160353 0.147435 0.0229613 0.0152355 0.00435438 0.000604733 0.000116264 9.97332e-06 8.16594e-07 4.35362e-08 1.42329e-09 2.49966e-11 1.99835e-13
 2.5674e-27 2.5992e-27 4.19843e-26 8.31672e-20 2.03874e-14 6.04116e-10 2.16384e-06 0.000936861 0.0490319 0.31019 0.237547 0.0434965 0.16418 0.150958 0.0234371 0.0154267 0.00430457 0.000414847 6.9057e-05 5.90354e-06 4.46212e-07 1.97743e-08 5.81042e-10 9.09563e-12 6.29047e-14
 2.56837e-27 2.60187e-27 4.43796e-26 8.82203e-20 2.16261e-14 6.40821e-10 2.29531e-06 0.000993784 0.052011 0.329036 0.251922 0.0425076 0.146555 0.134758 0.021727 0.0156054 0.0043702 0.000435576 7.10916e-05 4.47745e-06 2.85259e-07 1.2094e-08 3.04391e-10 4.0989e-12 2.51293e-14
 2.56788e-27 2.60051e-27 4.31672e-26 8.56627e-20 2.09992e-14 6.22243e-10 2.22877e-06 0.000964972 0.0505032 0.319497 0.244646 0.0430006 0.155419 0.142905 0.0225839 0.015511 0.0043751 0.000499306 8.68243e-05 5.64746e-06 3.31253e-07 1.03897e-08 2.32159e-10 2.76525e-12 1.43748e-14
 2.5675e-27 2.59944e-27 4.21725e-26 8.3564e-20 2.04847e-14 6.06998e-10 2.17417e-06 0.000941331 0.0492659 0.31167 0.23868 0.0437039 0.164962 0.151614 0.0223722 0.0128355 0.00356424 0.000331769 5.29994e-05 3.75502e-06 2.34682e-07 7.29193e-09 1.31822e-10 1.25598e-12 5.75804e-15
 2.56687e-27 2.59776e-27 4.07094e-26 8.04777e-20 1.97281e-14 5.8458e-10 2.09387e-06 0.000906564 0.0474463 0.300159 0.229893 0.0438778 0.172459 0.158601 0.0248476 0.0167157 0.00463683 0.000393192 5.85149e-05 3.53005e-06 2.04148e-07 6.92524e-09 1.29287e-10 1.08395e-12 3.90564e-15
 2.56686e-27 2.59772e-27 4.06918e-26 8.04406e-20 1.9719e-14 5.84311e-10 2.0929e-06 0.000906147 0.0474244 0.30002 0.229786 0.0437852 0.17183 0.158043 0.0251639 0.0175782 0.00491021 0.000471543 7.47289e-05 4.15829e-06 2.13956e-07 6.19047e-09 1.15488e-10 1.02895e-12 3.47234e-15
 2.56903e-27 2.60365e-27 4.59384e-26 9.15087e-20 2.24323e-14 6.64708e-10 2.38087e-06 0.00103083 0.0539498 0.341301 0.261282 0.0421832 0.13751 0.126374 0.0195773 0.0128161 0.00357399 0.000340928 5.43325e-05 3.32649e-06 1.80674e-07 4.7053e-09 7.55698e-11 6.17846e-13 2.17009e-15
#obs surv len freq
 1.08764e-41 1.50957e-33 2.53262e-26 5.1361e-20 1.25905e-14 3.73081e-10 1.33632e-06 0.000578578 0.0302805 0.191564 0.146987 0.0402503 0.173625 0.146867 0.103582 0.101335 0.0436572 0.0169788 0.00379534 0.000473452 2.42227e-05 3.68194e-07 1.24876e-09 7.69625e-13 7.54875e-17
 1.60318e-41 2.22511e-33 3.73308e-26 7.57061e-20 1.85585e-14 5.49921e-10 1.96973e-06 0.000852824 0.0446334 0.282364 0.216336 0.0406805 0.126718 0.102285 0.076097 0.0687885 0.0287636 0.0102128 0.0020396 0.000217072 9.03308e-06 1.06007e-07 2.66736e-10 1.19032e-13 8.33836e-18
 1.53788e-41 2.13448e-33 3.58103e-26 7.26226e-20 1.78026e-14 5.27523e-10 1.8895e-06 0.000818089 0.0428155 0.270864 0.207785 0.0500375 0.176765 0.128823 0.0563354 0.0424099 0.016896 0.00540859 0.00095284 8.50194e-05 2.82532e-06 2.53865e-08 4.73216e-11 1.52973e-14 7.6589e-19
 1.07575e-41 1.49307e-33 2.50494e-26 5.07997e-20 1.24529e-14 3.69003e-10 1.32171e-06 0.000572255 0.0299495 0.189472 0.145865 0.0564672 0.230161 0.163056 0.0981114 0.0659131 0.0159446 0.00385502 0.00058753 4.33715e-05 1.13322e-06 7.69437e-09 1.05616e-11 2.47133e-15 8.85349e-20
 1.50303e-41 2.08611e-33 3.49988e-26 7.09769e-20 1.73992e-14 5.15569e-10 1.84668e-06 0.00079955 0.0418453 0.264727 0.203131 0.0472305 0.142244 0.10418 0.103964 0.0690455 0.0189604 0.00352611 0.000326074 1.81613e-05 3.66967e-07 1.8608e-09 1.86353e-12 3.14002e-16 8.03664e-21
 1.19941e-41 1.6647e-33 2.79289e-26 5.66392e-20 1.38844e-14 4.11421e-10 1.47364e-06 0.000638037 0.0333923 0.211253 0.162855 0.0649439 0.23109 0.143975 0.0786066 0.0499501 0.0192202 0.00376654 0.000296727 1.01169e-05 1.35875e-07 4.99429e-10 3.61568e-13 4.35784e-17 7.92984e-22
 1.38022e-41 1.91566e-33 3.21391e-26 6.51774e-20 1.59775e-14 4.73442e-10 1.69579e-06 0.00073422 0.0384261 0.243098 0.187053 0.0580229 0.175295 0.116541 0.109114 0.0564519 0.0126005 0.00243761 0.000217834 6.24324e-06 5.29965e-08 1.2143e-10 5.9924e-14 5.08735e-18 6.54101e-23
 1.19053e-41 1.65237e-33 2.7722e-26 5.62196e-20 1.37816e-14 4.08373e-10 1.46273e-06 0.00063331 0.0331449 0.209691 0.162105 0.0721445 0.226997 0.133422 0.0944835 0.0500419 0.0150785 0.00211431 0.000138594 3.89145e-06 2.78136e-08 4.2423e-11 1.29037e-14 7.06433e-19 6.16309e-24
 1.51728e-41 2.10589e-33 3.53307e-26 7.16499e-20 1.75641e-14 5.20457e-10 1.86419e-06 0.000807132 0.0422421 0.267241 0.205874 0.0644803 0.167027 0.103867 0.0957692 0.0418386 0.00941687 0.00135431 7.89932e-05 1.56675e-06 9.24453e-09 1.15951e-11 2.52412e-15 8.92056e-20 4.91803e-25
 1.51763e-41 2.10637e-33 3.53388e-26 7.16663e-20 1.75681e-14 5.20576e-10 1.86462e-06 0.000807316 0.0422517 0.267305 0.206541 0.0779322 0.198398 0.103746 0.0664251 0.0286264 0.00712643 0.000799622 3.86105e-05 6.54437e-07 2.80757e-09 2.60956e-12 4.42751e-16 1.17914e-20 4.56579e-26
 1.09712e-41 1.52273e-33 2.55469e-26 5.18086e-20 1.27003e-14 3.76332e-10 1.34796e-06 0.00058362 0.0305444 0.193248 0.15106 0.0971006 0.25786 0.136071 0.0954268 0.0319584 0.00554453 0.000577726 2.37924e-05 3.08529e-07 1.03909e-09 7.13114e-13 8.59659e-17 1.66623e-21 4.80042e-27
 1.66442e-41 2.31011e-33 3.87569e-26 7.85982e-20 1.92674e-14 5.70929e-10 2.04498e-06 0.000885403 0.0463385 0.293161 0.226352 0.0712196 0.144673 0.0940886 0.0896833 0.0286342 0.00461208 0.000339154 1.04133e-05 1.09149e-07 2.76128e-10 1.40229e-13 1.24147e-17 1.71881e-22 3.48835e-28
 1.33694e-41 1.85558e-33 3.11312e-26 6.31334e-20 1.54764e-14 4.58594e-10 1.64261e-06 0.000711194 0.0372211 0.235496 0.184504 0.11062 0.243097 0.106662 0.0572727 0.0202074 0.00393887 0.000262228 6.01603e-06 4.34016e-08 8.07764e-11 3.03069e-14 1.93841e-18 1.93032e-23 2.81045e-29
 1.11682e-41 1.55008e-33 2.60058e-26 5.27391e-20 1.29284e-14 3.83091e-10 1.37217e-06 0.000594103 0.031093 0.196734 0.155489 0.111815 0.235083 0.137938 0.104049 0.0240365 0.002957 0.00020506 4.58757e-06 2.54934e-08 3.24e-11 8.35499e-15 3.80072e-19 2.71043e-24 2.80933e-30
 8.76735e-42 1.21685e-33 2.04152e-26 4.14016e-20 1.01491e-14 3.00737e-10 1.07719e-06 0.000466386 0.0244088 0.154461 0.124494 0.123676 0.2497 0.159646 0.124025 0.034319 0.00459755 0.000202083 3.42622e-06 1.72332e-08 1.76542e-11 3.22985e-15 9.93243e-20 4.82438e-25 3.47825e-31
 1.40928e-41 1.95598e-33 3.28157e-26 6.65496e-20 1.63139e-14 4.83409e-10 1.73149e-06 0.000749677 0.0392351 0.248248 0.194612 0.0944027 0.159676 0.127098 0.102505 0.0291169 0.00415684 0.000195107 2.60895e-06 8.93404e-09 7.12368e-12 1.04878e-15 2.43288e-20 8.3481e-26 4.11089e-32
 9.72267e-42 1.34944e-33 2.26397e-26 4.59129e-20 1.1255e-14 3.33506e-10 1.19456e-06 0.000517205 0.0270685 0.171329 0.141267 0.16178 0.272304 0.126587 0.0729474 0.0227405 0.00330184 0.000154858 2.0346e-06 5.89414e-09 3.32827e-12 3.423e-16 5.9008e-21 1.54082e-26 5.66287e-33
 1.43421e-41 1.99058e-33 3.33962e-26 6.77267e-20 1.66024e-14 4.9196e-10 1.76212e-06 0.000762937 0.0399292 0.252665 0.199996 0.107936 0.161419 0.136051 0.0841288 0.015347 0.00168434 7.73399e-05 9.58715e-07 2.53048e-09 1.21544e-12 9.54292e-17 1.15745e-21 2.09517e-27 5.47417e-34
 1.00417e-41 1.39372e-33 2.33826e-26 4.74194e-20 1.16243e-14 3.44449e-10 1.23376e-06 0.000534176 0.0279568 0.177007 0.149578 0.183265 0.260764 0.121208 0.0623223 0.0158436 0.00147577 4.33911e-05 4.35897e-07 1.01059e-09 4.16535e-13 2.71798e-17 2.6208e-22 3.57111e-28 6.6922e-35
 1.28715e-41 1.78648e-33 2.99718e-26 6.07823e-20 1.49001e-14 4.41516e-10 1.58144e-06 0.000684708 0.0358351 0.226822 0.184099 0.132377 0.181389 0.152332 0.0741084 0.0113667 0.000956821 2.74023e-05 1.93873e-07 3.17183e-10 1.02969e-13 5.45348e-18 4.22895e-23 4.55821e-29 6.62382e-36
 1.41083e-41 1.95813e-33 3.28517e-26 6.66226e-20 1.63318e-14 4.8394e-10 1.73339e-06 0.0007505 0.0392784 0.248665 0.20453 0.159284 0.187433 0.101711 0.0479149 0.00976261 0.000654557 1.33169e-05 7.96607e-08 9.98051e-11 2.23728e-14 8.40197e-19 4.87521e-24 4.03674e-30 4.52517e-37
 1.12915e-41 1.56719e-33 2.62928e-26 5.33213e-20 1.30711e-14 3.8732e-10 1.38732e-06 0.000600661 0.0314367 0.199159 0.172757 0.196732 0.225371 0.122624 0.044508 0.00638097 0.000420909 8.00206e-06 3.4914e-08 3.23965e-11 5.54418e-15 1.50968e-19 6.08357e-25 3.50541e-31 2.80447e-38
 1.37634e-41 1.91026e-33 3.20486e-26 6.4994e-20 1.59325e-14 4.72109e-10 1.69102e-06 0.000732153 0.0383185 0.242682 0.203213 0.160384 0.179087 0.126251 0.0438046 0.00527538 0.000246938 3.68701e-06 1.39283e-08 1.00575e-11 1.23391e-15 2.42493e-20 7.15046e-26 2.97627e-32 1.68048e-39
 1.35742e-41 1.88402e-33 3.16083e-26 6.41009e-20 1.57136e-14 4.65622e-10 1.66778e-06 0.000722093 0.0377923 0.239494 0.207313 0.193668 0.187791 0.0968041 0.0320841 0.00416059 0.000167412 1.81167e-06 4.89257e-09 2.73089e-12 2.6213e-16 3.83581e-21 8.08472e-27 2.38426e-33 9.60824e-41
 1.18265e-41 1.64144e-33 2.75386e-26 5.58478e-20 1.36904e-14 4.05672e-10 1.45305e-06 0.000629122 0.032927 0.208869 0.189734 0.214119 0.207176 0.113506 0.0299566 0.00297028 0.00010975 1.05369e-06 2.14563e-09 8.3592e-13 5.69783e-17 6.15671e-22 9.71643e-28 2.11818e-34 6.17176e-42
 1.06108e-41 1.47271e-33 2.47077e-26 5.01068e-20 1.22831e-14 3.63971e-10 1.30368e-06 0.00056445 0.0295429 0.18761 0.177683 0.220548 0.217501 0.130713 0.0328881 0.00286785 7.9458e-05 5.98342e-07 1.00972e-09 3.07507e-13 1.51237e-17 1.13614e-22 1.25064e-28 1.93938e-35 4.09064e-43
 1.04696e-41 1.45311e-33 2.4379e-26 4.944e-20 1.21196e-14 3.59127e-10 1.28634e-06 0.000556939 0.0291504 0.185286 0.179381 0.221463 0.216966 0.132233 0.0322113 0.00268788 6.36337e-05 3.65555e-07 4.51896e-10 1.04356e-13 3.95241e-18 2.22983e-23 1.77457e-29 1.93451e-36 2.8353e-44
 1.27173e-41 1.76508e-33 2.96129e-26 6.00543e-20 1.47216e-14 4.36228e-10 1.5625e-06 0.000676508 0.0354079 0.224767 0.20504 0.199792 0.192187 0.112836 0.0270213 0.00222006 5.07744e-05 2.67113e-07 2.78738e-10 5.14822e-14 1.54988e-18 7.09056e-24 4.65226e-30 4.18717e-37 5.01257e-45
 1.27176e-41 1.76511e-33 2.96134e-26 6.00555e-20 1.47219e-14 4.36237e-10 1.56253e-06 0.000676521 0.0354086 0.224771 0.205044 0.199801 0.192352 0.113182 0.0266471 0.00207126 4.38499e-05 2.09287e-07 1.95207e-10 3.18483e-14 8.39711e-19 3.34673e-24 1.90773e-30 1.48975e-37 1.54588e-45
#pred catch len freq
 2.55653e-27 2.57076e-27 1.80535e-26 3.26878e-20 8.01302e-15 2.3744e-10 8.50471e-07 0.000368221 0.0192714 0.121917 0.0937336 0.040294 0.240845 0.223026 0.05958 0.0803769 0.0341954 0.0257822 0.0155933 0.0116801 0.00904821 0.00774223 0.00769494 0.00678375 0.00206655
 2.55809e-27 2.57531e-27 2.22481e-26 4.15372e-20 1.01823e-14 3.01721e-10 1.08071e-06 0.000467908 0.0244886 0.154922 0.118894 0.0376324 0.202918 0.189106 0.0735129 0.120342 0.0408826 0.0170135 0.00747207 0.00416552 0.00261593 0.00191171 0.00168044 0.00147947 0.000493582
 2.56052e-27 2.58156e-27 2.73959e-26 5.23954e-20 1.28441e-14 3.80593e-10 1.36322e-06 0.000590223 0.0308901 0.19542 0.14985 0.0397236 0.197082 0.182831 0.056273 0.0828264 0.0329518 0.0207866 0.00667141 0.00206376 0.000850603 0.000469688 0.000340489 0.000281044 9.70122e-05
 2.55862e-27 2.57616e-27 2.23868e-26 4.18275e-20 1.02535e-14 3.0383e-10 1.08827e-06 0.000471178 0.0246598 0.156005 0.119806 0.0430279 0.243336 0.225237 0.0588343 0.0777733 0.0280532 0.014206 0.00568962 0.00212554 0.000480565 0.000147178 7.46102e-05 5.27826e-05 1.80169e-05
 2.55859e-27 2.57641e-27 2.29207e-26 4.2955e-20 1.05299e-14 3.1202e-10 1.1176e-06 0.000483879 0.0253245 0.16021 0.122971 0.0401006 0.218838 0.203347 0.067988 0.10411 0.0352374 0.0142425 0.00486621 0.00167197 0.000479675 9.2252e-05 2.20095e-05 1.10163e-05 3.51738e-06
 2.5598e-27 2.57954e-27 2.55344e-26 4.84682e-20 1.18814e-14 3.52067e-10 1.26105e-06 0.000545984 0.0285749 0.180773 0.138683 0.0407722 0.212909 0.197451 0.0592037 0.0856861 0.0316029 0.0166971 0.0052412 0.00142235 0.000348807 7.43113e-05 1.05866e-05 2.37558e-06 6.27689e-07
 2.55984e-27 2.57941e-27 2.51854e-26 4.7731e-20 1.17007e-14 3.46712e-10 1.24186e-06 0.00053768 0.0281402 0.178023 0.136615 0.0427534 0.229438 0.212355 0.0555612 0.0734807 0.0256638 0.0116686 0.00411678 0.00132332 0.000267536 4.67841e-05 6.35199e-06 6.5469e-07 9.93514e-08
 2.56034e-27 2.58069e-27 2.62656e-26 5.00096e-20 1.22592e-14 3.63263e-10 1.30115e-06 0.000563348 0.0294836 0.186522 0.143105 0.0427838 0.225111 0.208355 0.054765 0.0725814 0.0239968 0.00884151 0.002819 0.0008363 0.000199992 3.23361e-05 3.53759e-06 2.7101e-07 1.76165e-08
 2.56139e-27 2.58337e-27 2.84626e-26 5.46438e-20 1.33953e-14 3.96926e-10 1.42172e-06 0.000615551 0.0322157 0.203806 0.156315 0.0435494 0.221655 0.204865 0.0487123 0.0596139 0.0194269 0.00670557 0.00193663 0.000463862 9.81397e-05 1.71403e-05 1.81656e-06 1.09526e-07 4.01552e-09
 2.56337e-27 2.58858e-27 3.29172e-26 6.40405e-20 1.56988e-14 4.65182e-10 1.66621e-06 0.000721403 0.0377556 0.238853 0.183075 0.0434811 0.202334 0.186776 0.0408114 0.046093 0.0144833 0.00416574 0.00114812 0.000250366 4.36072e-05 6.41276e-06 6.91039e-07 3.96752e-08 1.06085e-09
 2.56184e-27 2.58431e-27 2.90333e-26 5.58468e-20 1.36902e-14 4.05664e-10 1.45302e-06 0.000629102 0.032925 0.208293 0.159772 0.045514 0.234177 0.215969 0.0425277 0.0426385 0.0131327 0.00336748 0.000863952 0.000160352 2.54565e-05 3.12389e-06 2.7706e-07 1.55238e-08 3.78726e-10
 2.56204e-27 2.58502e-27 2.98046e-26 5.74743e-20 1.40891e-14 4.17486e-10 1.49537e-06 0.000647436 0.0338845 0.214363 0.164384 0.0440534 0.219822 0.20303 0.0458253 0.0533973 0.016096 0.00348893 0.000845346 0.000139824 1.93315e-05 2.04803e-06 1.50675e-07 6.95981e-09 1.60421e-10
 2.56377e-27 2.58962e-27 3.37903e-26 6.58822e-20 1.61502e-14 4.7856e-10 1.71412e-06 0.000742149 0.0388414 0.245722 0.188321 0.0435684 0.199312 0.183916 0.0390243 0.0427248 0.0132737 0.00355726 0.000856698 0.000121232 1.50553e-05 1.37258e-06 8.45955e-08 3.18569e-09 6.10861e-11
 2.5622e-27 2.58519e-27 2.97178e-26 5.72905e-20 1.40441e-14 4.16151e-10 1.49058e-06 0.000645365 0.0337761 0.213677 0.163892 0.0460791 0.235582 0.217094 0.0396234 0.0357149 0.010781 0.0024253 0.000595507 9.87049e-05 1.15169e-05 8.98489e-07 4.70832e-08 1.4566e-09 2.24996e-11
 2.56033e-27 2.58031e-27 2.55666e-26 4.85338e-20 1.18975e-14 3.52543e-10 1.26275e-06 0.000546723 0.0286135 0.181018 0.13895 0.0458289 0.251203 0.231886 0.0490908 0.0535564 0.0157703 0.00280139 0.000630738 9.13905e-05 1.14558e-05 9.43312e-07 4.27452e-08 1.10184e-09 1.38017e-11
 2.56137e-27 2.58321e-27 2.82265e-26 5.41453e-20 1.32731e-14 3.93305e-10 1.40875e-06 0.000609935 0.0319218 0.201947 0.154907 0.0442825 0.228224 0.210841 0.048261 0.0569895 0.0172354 0.00381401 0.000855464 9.89682e-05 1.07466e-05 8.50714e-07 4.12282e-08 9.57449e-10 9.88779e-12
 2.56248e-27 2.58606e-27 3.05845e-26 5.9119e-20 1.44923e-14 4.29433e-10 1.53816e-06 0.000665963 0.0348541 0.220497 0.169083 0.045027 0.223929 0.206526 0.0411058 0.0417633 0.0127197 0.00300972 0.000710233 9.74494e-05 9.81027e-06 6.24802e-07 2.76445e-08 6.63154e-10 6.36137e-12
 2.56245e-27 2.58591e-27 3.03789e-26 5.86851e-20 1.4386e-14 4.26282e-10 1.52687e-06 0.000661076 0.0345983 0.218879 0.167857 0.0456338 0.229408 0.211468 0.0399186 0.0377883 0.0111592 0.00207479 0.000474683 6.9463e-05 7.778e-06 5.28595e-07 1.94142e-08 4.07171e-10 3.89084e-12
 2.56327e-27 2.58816e-27 3.23956e-26 6.29396e-20 1.54289e-14 4.57185e-10 1.63756e-06 0.000709001 0.0371066 0.234747 0.179961 0.0448197 0.214709 0.197956 0.0384848 0.0379162 0.0111434 0.00196474 0.000424167 5.08361e-05 5.61829e-06 4.19255e-07 1.68554e-08 3.14518e-10 2.58169e-12
 2.56298e-27 2.58724e-27 3.14481e-26 6.09402e-20 1.49388e-14 4.42662e-10 1.58554e-06 0.000686479 0.0359278 0.22729 0.174289 0.0462102 0.229275 0.211135 0.0360403 0.0290224 0.00843468 0.00136745 0.000285391 3.14299e-05 3.02931e-06 1.98166e-07 8.44642e-09 1.72079e-10 1.32386e-12
 2.56488e-27 2.59245e-27 3.61188e-26 7.07938e-20 1.73542e-14 5.14237e-10 1.84191e-06 0.000797477 0.0417371 0.264041 0.202322 0.0443469 0.195401 0.179991 0.0326228 0.0290604 0.00832421 0.00111333 0.0002175 2.23812e-05 2.02866e-06 1.17009e-07 4.28255e-09 8.74975e-11 7.26243e-13
 2.56487e-27 2.59228e-27 3.58357e-26 7.01961e-20 1.72077e-14 5.09896e-10 1.82636e-06 0.000790745 0.0413847 0.261812 0.200639 0.0455546 0.205773 0.189288 0.0292867 0.0191205 0.00545381 0.000741377 0.00014144 1.20377e-05 9.80926e-07 5.21471e-08 1.70246e-09 2.98785e-11 2.3879e-13
 2.56448e-27 2.59123e-27 3.49002e-26 6.82226e-20 1.67239e-14 4.9556e-10 1.77501e-06 0.000768513 0.0402212 0.254451 0.195024 0.0459009 0.212354 0.195351 0.0301917 0.0196491 0.00547615 0.00051816 8.53503e-05 7.23912e-06 5.44717e-07 2.40681e-08 7.06147e-10 1.1046e-11 7.63687e-14
 2.56534e-27 2.59359e-27 3.70261e-26 7.27074e-20 1.78234e-14 5.28138e-10 1.8917e-06 0.000819034 0.0428653 0.271178 0.207781 0.0449219 0.195941 0.180287 0.029005 0.0207346 0.0058004 0.000567871 9.18142e-05 5.74355e-06 3.63823e-07 1.5379e-08 3.86504e-10 5.20042e-12 3.18714e-14
 2.56539e-27 2.59371e-27 3.71137e-26 7.28921e-20 1.78686e-14 5.29479e-10 1.89651e-06 0.000821115 0.0429742 0.271867 0.208309 0.0450659 0.196666 0.180912 0.0283151 0.0190087 0.00535213 0.000598132 0.000103058 6.65625e-06 3.88339e-07 1.21432e-08 2.70853e-10 3.22353e-12 1.67508e-14
 2.56476e-27 2.59195e-27 3.5494e-26 6.94751e-20 1.7031e-14 5.04658e-10 1.8076e-06 0.000782622 0.0409596 0.259122 0.198593 0.046054 0.211011 0.19403 0.0284667 0.0160518 0.00445131 0.000406713 6.42652e-05 4.51973e-06 2.81087e-07 8.70871e-09 1.57175e-10 1.49611e-12 6.85602e-15
 2.56414e-27 2.5903e-27 3.40726e-26 6.64766e-20 1.62959e-14 4.82878e-10 1.72959e-06 0.000748845 0.0391919 0.247939 0.190055 0.0461414 0.217675 0.200266 0.0311456 0.0205838 0.00570307 0.000475084 6.98703e-05 4.18649e-06 2.40707e-07 8.14113e-09 1.51756e-10 1.27123e-12 4.57838e-15
 2.56427e-27 2.59067e-27 3.44168e-26 6.72027e-20 1.64739e-14 4.88152e-10 1.74848e-06 0.000757025 0.03962 0.250647 0.192119 0.0459195 0.214536 0.197397 0.0311339 0.0212809 0.00593588 0.000559065 8.76619e-05 4.84693e-06 2.47873e-07 7.15002e-09 1.33152e-10 1.18533e-12 3.99846e-15
 2.56198e-27 2.58451e-27 2.90249e-26 5.58282e-20 1.36856e-14 4.05529e-10 1.45254e-06 0.000628894 0.032914 0.208224 0.159743 0.0470212 0.245667 0.226257 0.0386577 0.0311622 0.00873214 0.000847486 0.000136221 8.31994e-06 4.50791e-07 1.17145e-08 1.8785e-10 1.53447e-12 5.38737e-15
#obs catch len freq
 5.05193e-42 7.01174e-34 1.17637e-26 2.38565e-20 5.84813e-15 1.73291e-10 6.20699e-07 0.000268741 0.0140649 0.0889795 0.0686706 0.0400205 0.21917 0.186985 0.143369 0.142703 0.0635339 0.0254959 0.00593067 0.000766676 4.09339e-05 6.51014e-07 2.30369e-09 1.47373e-12 1.49201e-16
 5.74291e-42 7.97078e-34 1.33726e-26 2.71194e-20 6.64801e-15 1.96993e-10 7.05596e-07 0.000305499 0.0159886 0.10115 0.0780753 0.0437997 0.223833 0.182028 0.142881 0.130636 0.0560427 0.0204781 0.00428312 0.000477496 2.07185e-05 2.53174e-07 6.62115e-10 3.05932e-13 2.20942e-17
 1.08518e-41 1.50616e-33 2.5269e-26 5.1245e-20 1.25621e-14 3.72238e-10 1.3333e-06 0.000577271 0.0302121 0.191132 0.146829 0.0451681 0.181239 0.140527 0.113645 0.0954023 0.0395073 0.0130959 0.00242784 0.000228888 7.99886e-06 7.4857e-08 1.44501e-10 4.82043e-14 2.4824e-18
 1.11629e-41 1.54934e-33 2.59934e-26 5.27141e-20 1.29222e-14 3.82909e-10 1.37152e-06 0.000593821 0.0310782 0.196612 0.151359 0.0584817 0.238138 0.164399 0.0766395 0.0540709 0.0212163 0.00630501 0.00102256 8.00758e-05 2.21491e-06 1.57586e-08 2.24287e-11 5.40503e-15 1.98642e-19
 7.85618e-42 1.09039e-33 1.82935e-26 3.70988e-20 9.09434e-15 2.69482e-10 9.6524e-07 0.000417916 0.021872 0.138373 0.107151 0.0647935 0.273714 0.184518 0.116592 0.0713547 0.0168133 0.00383104 0.000533579 3.42444e-05 7.38325e-07 3.94469e-09 4.11719e-12 7.16352e-16 1.88104e-20
 1.25737e-41 1.74515e-33 2.92785e-26 5.93762e-20 1.45554e-14 4.31302e-10 1.54485e-06 0.000668869 0.0350059 0.22146 0.170328 0.0529406 0.172747 0.122372 0.125262 0.0755332 0.0200078 0.00337128 0.000287452 1.39515e-05 2.30863e-07 9.1588e-10 6.94918e-13 8.68704e-17 1.6274e-21
 1.04037e-41 1.44397e-33 2.42256e-26 4.9129e-20 1.20434e-14 3.56868e-10 1.27824e-06 0.000553434 0.0289646 0.183244 0.141841 0.07361 0.259606 0.153231 0.0859323 0.0508542 0.018663 0.00326291 0.000228721 6.74274e-06 7.46749e-08 2.14171e-10 1.1711e-13 1.04512e-17 1.39027e-22
 1.27646e-41 1.77165e-33 2.97231e-26 6.02778e-20 1.47764e-14 4.37852e-10 1.56831e-06 0.000679025 0.0355375 0.224825 0.173413 0.0645191 0.192988 0.124044 0.115996 0.0540823 0.01168 0.00207027 0.000160745 3.86377e-06 2.67372e-08 4.80297e-11 1.79174e-14 1.12491e-18 1.05623e-23
 1.14898e-41 1.59471e-33 2.67546e-26 5.42578e-20 1.33006e-14 3.94123e-10 1.41168e-06 0.00061121 0.0319883 0.202375 0.156925 0.0795988 0.238467 0.134034 0.0948501 0.0463383 0.0130806 0.00163149 9.55349e-05 2.23055e-06 1.26998e-08 1.50394e-11 3.46369e-15 1.40457e-19 8.94511e-25
 1.51662e-41 2.10497e-33 3.53152e-26 7.16185e-20 1.75564e-14 5.20229e-10 1.86338e-06 0.000806777 0.0422235 0.267126 0.206108 0.0697171 0.171542 0.103607 0.0930527 0.0368719 0.00787935 0.00101265 5.08811e-05 8.43429e-07 3.96725e-09 3.8196e-12 6.25645e-16 1.63863e-20 6.60696e-26
 1.54993e-41 2.1512e-33 3.60908e-26 7.31914e-20 1.7942e-14 5.31654e-10 1.9043e-06 0.000824496 0.0431508 0.272996 0.211275 0.0831707 0.197181 0.0986069 0.0619513 0.024599 0.00565768 0.000561191 2.35149e-05 3.27083e-07 1.11125e-09 7.93354e-13 1.00878e-16 1.9846e-21 5.6238e-27
 1.15353e-41 1.60102e-33 2.68604e-26 5.44724e-20 1.33533e-14 3.95682e-10 1.41727e-06 0.000613628 0.0321149 0.203188 0.159224 0.103863 0.253748 0.129113 0.0870792 0.0263621 0.00428385 0.000394848 1.3828e-05 1.46904e-07 3.89274e-10 2.03923e-13 1.83959e-17 2.62904e-22 5.52984e-28
 1.72578e-41 2.39527e-33 4.01856e-26 8.14957e-20 1.99777e-14 5.91976e-10 2.12036e-06 0.000918043 0.0480468 0.303971 0.234954 0.074791 0.140255 0.0901687 0.0800943 0.02316 0.0034126 0.000219683 5.78122e-06 4.91692e-08 9.72938e-11 3.76112e-14 2.4841e-18 2.53197e-23 3.74828e-29
 1.39874e-41 1.94135e-33 3.25703e-26 6.60518e-20 1.61918e-14 4.79793e-10 1.71854e-06 0.000744069 0.0389416 0.246388 0.193528 0.116621 0.234597 0.0985707 0.0509323 0.0166233 0.00288475 0.000165305 3.19574e-06 1.87197e-08 2.72122e-11 7.74095e-15 3.68565e-19 2.69789e-24 2.86202e-30
 1.18713e-41 1.64766e-33 2.76429e-26 5.60592e-20 1.37423e-14 4.07208e-10 1.45855e-06 0.000631503 0.0330504 0.209126 0.165791 0.118568 0.228376 0.131947 0.0912683 0.0189565 0.00215179 0.000128891 2.37234e-06 1.05431e-08 1.04277e-11 2.03888e-15 6.89509e-20 3.60925e-25 2.72335e-31
 9.44911e-42 1.31147e-33 2.20027e-26 4.46211e-20 1.09383e-14 3.24123e-10 1.16095e-06 0.000502653 0.0263069 0.166481 0.134788 0.132067 0.244463 0.154704 0.109631 0.0276803 0.00324939 0.000122658 1.74183e-06 6.93704e-09 5.46434e-12 7.54618e-16 1.72433e-20 6.14552e-26 3.22226e-32
 1.49553e-41 2.0757e-33 3.48241e-26 7.06226e-20 1.73123e-14 5.12995e-10 1.83746e-06 0.000795559 0.0416364 0.263449 0.20693 0.0986107 0.153278 0.121285 0.0881008 0.022936 0.00286147 0.000113233 1.23591e-06 3.36699e-09 2.065e-12 2.28126e-16 3.9183e-21 9.86194e-27 3.53427e-33
 1.04875e-41 1.45559e-33 2.44206e-26 4.95244e-20 1.21403e-14 3.5974e-10 1.28853e-06 0.000557889 0.0291978 0.184822 0.153168 0.169819 0.260631 0.118144 0.0632398 0.0180592 0.00226885 8.94127e-05 9.46691e-07 2.14445e-09 9.26465e-13 7.15227e-17 9.10855e-22 1.7396e-27 4.64848e-34
 1.52744e-41 2.11999e-33 3.55672e-26 7.21296e-20 1.76817e-14 5.23942e-10 1.87668e-06 0.000812536 0.042525 0.269103 0.213458 0.111471 0.153641 0.127034 0.0692797 0.011508 0.0011227 4.30505e-05 4.26496e-07 8.72585e-10 3.17665e-13 1.86203e-17 1.66674e-22 2.2052e-28 4.17961e-35
 1.08731e-41 1.50912e-33 2.53186e-26 5.13455e-20 1.25867e-14 3.72968e-10 1.33591e-06 0.000578404 0.0302716 0.191689 0.162831 0.190232 0.246986 0.111704 0.0527351 0.0119985 0.000949374 2.3579e-05 1.90415e-07 3.39991e-10 1.05537e-13 5.11334e-18 3.6254e-23 3.6068e-29 4.90711e-36
 1.38493e-41 1.92219e-33 3.22487e-26 6.53997e-20 1.6032e-14 4.75056e-10 1.70157e-06 0.000736723 0.0385574 0.244074 0.198652 0.136182 0.172976 0.140085 0.0598115 0.0083034 0.0006056 1.42025e-05 7.99569e-08 1.01207e-10 2.46959e-14 9.66932e-19 5.49226e-24 4.30952e-30 4.53843e-37
 1.5064e-41 2.09079e-33 3.50773e-26 7.11361e-20 1.74382e-14 5.16725e-10 1.85083e-06 0.000801344 0.0419395 0.265541 0.219042 0.161348 0.173852 0.0912492 0.0388616 0.00696327 0.000392856 6.62547e-06 3.13125e-08 3.00178e-11 5.05257e-15 1.40202e-19 5.94189e-25 3.56983e-31 2.89223e-38
 1.22258e-41 1.69686e-33 2.84684e-26 5.77334e-20 1.41527e-14 4.19369e-10 1.50211e-06 0.000650363 0.034038 0.215684 0.187863 0.200476 0.211323 0.10981 0.0353628 0.00453422 0.000252732 3.8794e-06 1.32998e-08 9.44075e-12 1.20749e-15 2.42398e-20 7.13416e-26 2.9797e-32 1.71841e-39
 1.47731e-41 2.05041e-33 3.43999e-26 6.97623e-20 1.71014e-14 5.06746e-10 1.81508e-06 0.000785868 0.0411299 0.260529 0.218709 0.161797 0.167904 0.111422 0.0339839 0.00359443 0.000141728 1.72004e-06 5.05661e-09 2.7702e-12 2.53589e-16 3.66785e-21 7.88327e-27 2.37748e-33 9.68534e-41
 1.45532e-41 2.01988e-33 3.38877e-26 6.87236e-20 1.68468e-14 4.99201e-10 1.78806e-06 0.000774167 0.0405179 0.256826 0.222934 0.193743 0.173104 0.0843544 0.0248666 0.00278337 9.27053e-05 8.08951e-07 1.70224e-09 7.19126e-13 5.12643e-17 5.51001e-22 8.4624e-28 1.80669e-34 5.24503e-42
 1.28004e-41 1.77661e-33 2.98063e-26 6.04466e-20 1.48178e-14 4.39078e-10 1.5727e-06 0.000680927 0.0356388 0.226151 0.206037 0.215136 0.193174 0.0983463 0.0228068 0.00196797 6.00454e-05 4.57915e-07 7.20551e-10 2.12147e-13 1.07274e-17 8.49068e-23 9.74012e-29 1.53609e-35 3.22644e-43
 1.15776e-41 1.60689e-33 2.69589e-26 5.46721e-20 1.34022e-14 3.97133e-10 1.42246e-06 0.000615879 0.0322351 0.204804 0.194473 0.222593 0.205222 0.113226 0.0249275 0.00185923 4.23675e-05 2.53549e-07 3.28424e-10 7.51465e-14 2.73723e-18 1.50596e-23 1.20363e-29 1.34712e-36 2.04308e-44
 1.14427e-41 1.58817e-33 2.66449e-26 5.40353e-20 1.32461e-14 3.92507e-10 1.40589e-06 0.000608705 0.0318595 0.202396 0.191245 0.216371 0.209007 0.119454 0.026989 0.00202628 4.20751e-05 2.06892e-07 2.14343e-10 4.08525e-14 1.26548e-18 5.80771e-24 3.74317e-30 3.29125e-37 3.87705e-45
 1.35729e-41 1.88383e-33 3.16051e-26 6.40945e-20 1.5712e-14 4.65576e-10 1.66762e-06 0.000722021 0.0377898 0.239809 0.21541 0.194198 0.181946 0.104063 0.0241639 0.00185672 3.90218e-05 1.85279e-07 1.72193e-10 2.80194e-14 7.37314e-19 2.93441e-24 1.67096e-30 1.30387e-37 1.35223e-45
#spawning biomass
 11960.2 11371.2 15860.4 22258.2 27881.8 35447.6 43205.6 49796.4 54538.4 67560.4 87285.7 106867 141785 166741 168505 147693 134184 129995 136849 124532 133256 139212 136387 148084 173277 163481 153138 134814 135004 289840 377977 388083 347898 292370 238975 194506 160359 135475 117983 106000 97943.4 92601.8 89088.6 86786 85289.6 84343 83744.2 83365.4 83125.8 82974.2 82878.4 82817.7 82779.4 82755.1 82739.7 82730 82723.9 82720 82717.6 82716 82715 82714.4 82714 82713.7 82713.6 82713.5 82713.4 82713.4 82713.4 82713.3 82713.3 82713.3 82713.3 82713.3 82713.3 82713.3 82713.3 82713.3 82713.3 82713.3 82713.3 82713.3 82713.3 82713.3 82713.3 82713.3 82713.3 82713.3 82713.3 82713.3 82713.3 82713.3 82713.3 82713.3 82713.3 82713.3 82713.3 82713.3 82713.3 82713.3 82713.3 82713.3 82713.3 82713.3 82713.3 82713.3 82713.3 82713.3 82713.3 82713.3 82713.3 82713.3 82713.3 82713.3 82713.3 82713.3 82713.3 82713.3 82713.3 82713.3 82713.3 82713.3 82713.3 82713.3 82713.3 82713.3 82713.3 82713.3 82713.3 0 0 0 0 0 0 0 0 0 0 0 0 0 0 0 0 0 0 0 0 0 0 0 0 0
