SBPRF35
0.0288678
Curr Bio
179432
B35
72953.2
F35
6.90369
FOFL
6.90369
OFL
169446
Bzero
8247.95
#pred survey bio
 6099.89 6015.51 9116.51 12601.8 16666.1 20463.1 23032.8 29229.3 39991.5 55607.3 76143.3 107718 143210 156766 143067 131202 138528 137364 137450 147456 153858 167241 180835 189467 190680 182041 173506 143447 2.8254e+06 872340 220418 112489 85357 78323.7 76560.9 76125.6 76018.7 75992.4 75986 75984.4 75984 75983.9 75983.9 75983.9 75983.9 75983.9 75983.9 75983.9 75983.9 75983.9 75983.9 75983.9 75983.9 75983.9 75983.9 75983.9 75983.9 75983.9 75983.9 75983.9 75983.9 75983.9 75983.9 75983.9 75983.9 75983.9 75983.9 75983.9 75983.9 75983.9 75983.9 75983.9 75983.9 75983.9 75983.9 75983.9 75983.9 75983.9 75983.9 75983.9 75983.9 75983.9 75983.9 75983.9 75983.9 75983.9 75983.9 75983.9 75983.9 75983.9 75983.9 75983.9 75983.9 75983.9 75983.9 75983.9 75983.9 75983.9 75983.9 75983.9 75983.9 75983.9 75983.9 75983.9 75983.9 75983.9 75983.9 75983.9 75983.9 75983.9 75983.9 75983.9 75983.9 75983.9 75983.9 75983.9 75983.9 75983.9 75983.9 75983.9 75983.9 75983.9 75983.9 75983.9 75983.9 75983.9 75983.9 75983.9 0 0 0 0 0 0 0 0 0 0 0 0 0 0 0 0 0 0 0 0 0 0 0 0 0
#obs survey bio
 4728.06 7649.7 9144.49 13095.5 18744.5 15934.9 18224.7 38181.3 33647.4 60865.1 98176.4 96461.9 149442 144917 182582 116359 171743 137808 122437 185342 113609 169410 161898 149750 261437 171754 150327 142414
#pred catch bio
 2418.05 2406.6 3863.49 5983.58 7752.2 12272.5 13588.1 15543.9 21147.7 29262.4 38573.3 57773.7 82697.7 105177 100300 85290.7 87358.4 75663.9 71337.5 89625.7 87474.2 85413.3 94412.3 106561 113977 98879.8 113759 110314 169446 40719.6 5013.39 4335.21 4334.39 4334.39 4334.39 4334.39 4334.39 4334.39 4334.39 4334.39 4334.39 4334.39 4334.39 4334.39 4334.39 4334.39 4334.39 4334.39 4334.39 4334.39 4334.39 4334.39 4334.39 4334.39 4334.39 4334.39 4334.39 4334.39 4334.39 4334.39 4334.39 4334.39 4334.39 4334.39 4334.39 4334.39 4334.39 4334.39 4334.39 4334.39 4334.39 4334.39 4334.39 4334.39 4334.39 4334.39 4334.39 4334.39 4334.39 4334.39 4334.39 4334.39 4334.39 4334.39 4334.39 4334.39 4334.39 4334.39 4334.39 4334.39 4334.39 4334.39 4334.39 4334.39 4334.39 4334.39 4334.39 4334.39 4334.39 4334.39 4334.39 4334.39 4334.39 4334.39 4334.39 4334.39 4334.39 4334.39 4334.39 4334.39 4334.39 4334.39 4334.39 4334.39 4334.39 4334.39 4334.39 4334.39 4334.39 4334.39 4334.39 4334.39 4334.39 4334.39 4334.39 4334.39 4334.39 4334.39 0 0 0 0 0 0 0 0 0 0 0 0 0 0 0 0 0 0 0 0 0 0 0 0 0
#obs catch bio
 3177.05 2388.07 3793.1 5833.11 7340.08 12012 13887.8 15298.2 20510.5 28805.1 37535.9 58343.6 80052.3 104861 103771 91605.2 90404.8 74258.5 71337.3 91104.4 88476.4 85943.7 93198.8 107890 113641 99549.3 120412 113230
#pred cpue bio
 5425.39 4300.3 6456.4 9193.73 12083 15208.2 16841 20826.8 28506.2 39499.8 54380.3 76520.6 102839 117500 108875 98171 101542 103850 105091 110798 114229 124625 137003 143714 144616 138927 134480 111580 2.09144e+06 830726 218591 93526.3 63184.1 55757.6 53953.7 53514.4 53407.1 53380.8 53374.3 53372.7 53372.3 53372.2 53372.2 53372.2 53372.2 53372.2 53372.2 53372.2 53372.2 53372.2 53372.2 53372.2 53372.2 53372.2 53372.2 53372.2 53372.2 53372.2 53372.2 53372.2 53372.2 53372.2 53372.2 53372.2 53372.2 53372.2 53372.2 53372.2 53372.2 53372.2 53372.2 53372.2 53372.2 53372.2 53372.2 53372.2 53372.2 53372.2 53372.2 53372.2 53372.2 53372.2 53372.2 53372.2 53372.2 53372.2 53372.2 53372.2 53372.2 53372.2 53372.2 53372.2 53372.2 53372.2 53372.2 53372.2 53372.2 53372.2 53372.2 53372.2 53372.2 53372.2 53372.2 53372.2 53372.2 53372.2 53372.2 53372.2 53372.2 53372.2 53372.2 53372.2 53372.2 53372.2 53372.2 53372.2 53372.2 53372.2 53372.2 53372.2 53372.2 53372.2 53372.2 53372.2 53372.2 53372.2 53372.2 53372.2 0 0 0 0 0 0 0 0 0 0 0 0 0 0 0 0 0 0 0 0 0 0 0 0 0
#obs cpue bio
 2122.36 5444.19 5709.65 12859.4 13658.4 17640.6 14386.5 23497.2 39810 33280.4 52191.6 61803.9 158753 103942 64645 67290.5 95473.9 133169 94385 96720.8 129008 121054 191710 144372 130574 109707 114630 131034
#pred surv len freq
 3.35373e-11 1.57743e-09 5.1376e-08 1.15866e-06 1.80941e-05 0.000195662 0.00146511 0.00759714 0.0272854 0.0679305 0.117603 0.143334 0.12869 0.0974857 0.0777344 0.0684471 0.0581193 0.0462749 0.0367735 0.0300063 0.0252194 0.0219376 0.0190276 0.0150337 0.0098198
 4.68483e-11 2.20352e-09 7.17672e-08 1.61853e-06 2.52757e-05 0.00027332 0.00204659 0.0106118 0.0381055 0.0947975 0.163633 0.197148 0.169619 0.112729 0.0700046 0.048502 0.0347297 0.0228936 0.0141167 0.00848712 0.00504441 0.00308362 0.00201525 0.00133601 0.000795749
 4.52433e-11 2.12803e-09 6.93085e-08 1.56308e-06 2.44097e-05 0.000263956 0.00197648 0.0102485 0.0368033 0.0915826 0.158251 0.191455 0.167277 0.116686 0.0796647 0.0592831 0.0414933 0.0240871 0.0118119 0.00530581 0.00227092 0.000923018 0.000368424 0.000154453 6.76609e-05
 4.35708e-11 2.04936e-09 6.67463e-08 1.5053e-06 2.35074e-05 0.000254199 0.00190342 0.00986971 0.0354444 0.0882129 0.15251 0.184893 0.162793 0.116282 0.0830689 0.0645802 0.0467311 0.0282376 0.0145539 0.00669125 0.00269882 0.000913039 0.000257963 6.40474e-05 1.52028e-05
 4.41976e-11 2.07884e-09 6.77066e-08 1.52695e-06 2.38456e-05 0.000257856 0.0019308 0.0100116 0.0359534 0.0894733 0.154644 0.187269 0.164203 0.115841 0.0809491 0.0619264 0.04476 0.0273604 0.014423 0.0068218 0.00282701 0.000975061 0.000273526 6.25684e-05 1.17459e-05
 4.23227e-11 1.99066e-09 6.48344e-08 1.46218e-06 2.2834e-05 0.000246917 0.0018489 0.00958709 0.0344305 0.0856998 0.148235 0.180044 0.159598 0.116303 0.0860347 0.0687704 0.0503962 0.0306927 0.0160006 0.00749826 0.00310816 0.00108434 0.000310343 7.25773e-05 1.37692e-05
 4.3501e-11 2.04608e-09 6.66395e-08 1.50289e-06 2.34697e-05 0.000253792 0.00190037 0.00985391 0.0353876 0.0880718 0.152266 0.184601 0.162546 0.116133 0.0830181 0.064635 0.0469148 0.0285266 0.0148555 0.00691294 0.00281434 0.000952158 0.000261697 5.87091e-05 1.07843e-05
 4.50698e-11 2.11987e-09 6.90428e-08 1.55709e-06 2.43161e-05 0.000262944 0.0019689 0.0102092 0.0366622 0.0912313 0.157643 0.190716 0.166625 0.11624 0.0794667 0.0594712 0.0422219 0.0252031 0.0128255 0.00583272 0.00233879 0.000785086 0.000214435 4.75981e-05 8.58131e-06
 4.49227e-11 2.11295e-09 6.88174e-08 1.552e-06 2.42367e-05 0.000262086 0.00196248 0.0101759 0.0365427 0.0909361 0.157147 0.190179 0.16636 0.116489 0.0801729 0.0602624 0.0426953 0.0252558 0.0126503 0.00565052 0.00223459 0.00074358 0.000201935 4.46456e-05 8.02825e-06
 4.51875e-11 2.1254e-09 6.92231e-08 1.56115e-06 2.43796e-05 0.000263631 0.00197404 0.0102358 0.0367578 0.0914689 0.15805 0.191192 0.166986 0.116372 0.0793804 0.059238 0.0419007 0.0248462 0.0125042 0.00560709 0.00221626 0.000733003 0.000196936 4.29752e-05 7.6332e-06
 4.47903e-11 2.10672e-09 6.86146e-08 1.54743e-06 2.41654e-05 0.000261314 0.00195669 0.0101459 0.0364353 0.0906698 0.156694 0.189669 0.166034 0.116519 0.0805298 0.0607477 0.0431029 0.0255046 0.0127695 0.00569528 0.00224514 0.000742924 0.00020003 4.37179e-05 7.75576e-06
 4.52561e-11 2.12863e-09 6.93281e-08 1.56352e-06 2.44166e-05 0.000264031 0.00197704 0.0102513 0.0368135 0.0916063 0.158281 0.191438 0.167097 0.116227 0.0790096 0.0588339 0.0416739 0.0248477 0.0126256 0.00572512 0.00228409 0.000760802 0.000205624 4.50856e-05 8.02704e-06
 4.4384e-11 2.08761e-09 6.79922e-08 1.53339e-06 2.39461e-05 0.000258943 0.00193895 0.0100539 0.0361052 0.0898522 0.155307 0.188109 0.165057 0.116665 0.0816982 0.0622861 0.0443318 0.0261827 0.0130474 0.0057909 0.00227798 0.000754894 0.000204133 4.48807e-05 8.01138e-06
 4.13228e-11 1.94363e-09 6.33027e-08 1.42763e-06 2.22946e-05 0.000241084 0.00180523 0.00936071 0.0336186 0.0836899 0.144834 0.176265 0.157383 0.117083 0.0895303 0.0731115 0.0535878 0.0320647 0.0161371 0.00720677 0.00282738 0.000924391 0.000244393 5.23178e-05 9.11697e-06
 4.04653e-11 1.9033e-09 6.19891e-08 1.39801e-06 2.18319e-05 0.000236082 0.00176777 0.00916652 0.0329217 0.0819609 0.141881 0.172857 0.154941 0.116555 0.0908014 0.0753968 0.0561274 0.0343875 0.0179228 0.0082909 0.00332013 0.00108879 0.000284822 5.97339e-05 1.01305e-05
 4.18488e-11 1.96837e-09 6.41085e-08 1.44581e-06 2.25783e-05 0.000244153 0.0018282 0.00947979 0.0340455 0.0847455 0.146611 0.178197 0.158368 0.116278 0.0871327 0.0703926 0.0519192 0.0318029 0.0166465 0.0077567 0.00313729 0.00104272 0.000277429 5.92069e-05 1.01646e-05
 4.32616e-11 2.03482e-09 6.62728e-08 1.49462e-06 2.33406e-05 0.000252395 0.00188992 0.00979972 0.0351933 0.0875905 0.151451 0.183691 0.161999 0.116281 0.0837968 0.0656208 0.04766 0.0288801 0.0149403 0.00689676 0.00278469 0.000932283 0.000251845 5.48825e-05 9.64565e-06
 4.06933e-11 1.91402e-09 6.23384e-08 1.40589e-06 2.19549e-05 0.000237412 0.00177773 0.00921817 0.0331072 0.0824224 0.142678 0.173819 0.15577 0.117089 0.0910236 0.0752311 0.055456 0.0333265 0.0168749 0.00760015 0.00301242 0.000997308 0.000267672 5.81821e-05 1.02504e-05
 4.06829e-11 1.91353e-09 6.23224e-08 1.40553e-06 2.19493e-05 0.000237351 0.00177727 0.00921575 0.033098 0.0823941 0.142592 0.173545 0.154987 0.115427 0.08866 0.0733121 0.0552987 0.0350337 0.0192399 0.00940909 0.00394361 0.00134502 0.000366874 8.06277e-05 1.43351e-05
 4.21e-11 1.98018e-09 6.44933e-08 1.45449e-06 2.27139e-05 0.000245619 0.00183918 0.00953665 0.0342491 0.0852468 0.14744 0.179026 0.158531 0.115212 0.084984 0.0682047 0.0508747 0.0321862 0.017789 0.00886046 0.00384617 0.00138511 0.000405414 9.59814e-05 1.81809e-05
 4.23823e-11 1.99346e-09 6.49257e-08 1.46424e-06 2.28662e-05 0.000247265 0.00185151 0.0096006 0.0344789 0.08582 0.14844 0.180279 0.159762 0.116326 0.0859273 0.0685975 0.0502218 0.0305483 0.0158954 0.00743366 0.00307728 0.0010739 0.00030837 7.26832e-05 1.39627e-05
 4.22071e-11 1.98522e-09 6.46574e-08 1.45818e-06 2.27717e-05 0.000246243 0.00184385 0.00956092 0.0343365 0.0854665 0.147835 0.179573 0.159231 0.116149 0.0860953 0.0690099 0.0507841 0.0311481 0.0163779 0.00769945 0.00316203 0.00107811 0.000298748 6.76227e-05 1.25366e-05
 4.1167e-11 1.9363e-09 6.3064e-08 1.42225e-06 2.22105e-05 0.000240175 0.00179842 0.00932539 0.0334914 0.0833708 0.144263 0.175487 0.156425 0.115852 0.088118 0.072142 0.0538206 0.0335292 0.0180281 0.00869365 0.00365625 0.00127509 0.000361106 8.31015e-05 1.54852e-05
 4.12688e-11 1.94109e-09 6.322e-08 1.42577e-06 2.22654e-05 0.000240769 0.00180287 0.00934843 0.033574 0.0835742 0.144601 0.175831 0.156518 0.11548 0.0873383 0.0713436 0.0534382 0.0336596 0.0184175 0.0090537 0.00387366 0.00137385 0.000396642 9.32892e-05 1.77723e-05
 4.10973e-11 1.93302e-09 6.29573e-08 1.41984e-06 2.21729e-05 0.000239769 0.00179538 0.00930961 0.0334348 0.0832305 0.144024 0.175215 0.156241 0.11584 0.0882596 0.0723434 0.0539909 0.0336436 0.0181125 0.00876998 0.0037206 0.001317 0.000381209 9.01829e-05 1.7328e-05
 4.05186e-11 1.9058e-09 6.20707e-08 1.39985e-06 2.18607e-05 0.000236392 0.0017701 0.00917857 0.0329648 0.082066 0.142048 0.172993 0.154847 0.116045 0.0899271 0.0745585 0.0557941 0.0346695 0.0185329 0.00887735 0.00371276 0.00129 0.000365116 8.4458e-05 1.59446e-05
 3.96079e-11 1.86297e-09 6.06756e-08 1.36839e-06 2.13693e-05 0.000231079 0.00173031 0.00897232 0.0322246 0.0802295 0.138911 0.169368 0.152235 0.115445 0.0912112 0.0769066 0.0584243 0.0371096 0.0204619 0.0101097 0.00432459 0.00152541 0.00043637 0.00010157 1.91797e-05
 3.90316e-11 1.83586e-09 5.97928e-08 1.34848e-06 2.10584e-05 0.000227717 0.00170514 0.00884185 0.0317568 0.0790716 0.136954 0.167206 0.151009 0.116003 0.0933761 0.0795137 0.0602317 0.037742 0.020369 0.00984991 0.00414885 0.00144814 0.000410749 9.48657e-05 1.77886e-05
#obs surv len freq
 4.09558e-11 1.92637e-09 6.27405e-08 1.41496e-06 2.20966e-05 0.000238943 0.0017892 0.00927757 0.0333201 0.0829465 0.143546 0.174695 0.155973 0.116038 0.0888343 0.0728843 0.0540999 0.0333489 0.0178243 0.00879544 0.00399292 0.00160488 0.000559081 0.000166701 4.16851e-05
 4.93174e-11 2.31965e-09 7.55496e-08 1.70383e-06 2.66078e-05 0.000287725 0.00215444 0.011171 0.0401125 0.0997795 0.172159 0.207077 0.177033 0.115132 0.0678178 0.0437463 0.0291545 0.017391 0.00919985 0.00451534 0.00204005 0.000815136 0.000281655 8.30804e-05 2.05068e-05
 4.15474e-11 1.95419e-09 6.36466e-08 1.43539e-06 2.24157e-05 0.000242394 0.00181504 0.0094116 0.0338019 0.08415 0.145657 0.177394 0.158786 0.118891 0.0915668 0.0743646 0.052892 0.0295181 0.0132029 0.00522482 0.00199427 0.000731384 0.000244471 7.11499e-05 1.74049e-05
 4.7312e-11 2.22533e-09 7.24774e-08 1.63455e-06 2.55258e-05 0.000276025 0.00206684 0.0107169 0.0384835 0.0957432 0.165303 0.199339 0.172076 0.115564 0.0732018 0.0511191 0.0354215 0.0212874 0.0110812 0.00517072 0.002118 0.000730008 0.000211065 5.2739e-05 1.1569e-05
 4.45172e-11 2.09387e-09 6.81961e-08 1.53799e-06 2.4018e-05 0.00025972 0.00194476 0.0100841 0.0362139 0.0901243 0.155789 0.188753 0.165805 0.117553 0.0826351 0.0627928 0.0438624 0.024825 0.0115639 0.00484635 0.0019267 0.000702838 0.000221982 5.83453e-05 1.24778e-05
 4.34438e-11 2.04339e-09 6.65518e-08 1.50091e-06 2.34389e-05 0.000253458 0.00189788 0.00984099 0.0353417 0.0879606 0.152097 0.184504 0.162806 0.117024 0.0844255 0.0658448 0.0471254 0.0276679 0.0136263 0.00600632 0.00239521 0.000832855 0.000247683 6.31642e-05 1.36764e-05
 4.31723e-11 2.03062e-09 6.61359e-08 1.49153e-06 2.32924e-05 0.000251874 0.00188602 0.0097795 0.035121 0.0874126 0.151158 0.183408 0.161975 0.116726 0.0846258 0.0663621 0.0478137 0.0284302 0.0143446 0.0065582 0.00273142 0.000991879 0.000304627 7.82648e-05 1.66372e-05
 4.59016e-11 2.15899e-09 7.03169e-08 1.58582e-06 2.47649e-05 0.000267797 0.00200524 0.0103975 0.037338 0.0929061 0.160492 0.193948 0.168752 0.116216 0.0774473 0.0565606 0.0395705 0.0233514 0.0117913 0.00542707 0.00229252 0.000852372 0.000270583 7.22171e-05 1.58974e-05
 4.70464e-11 2.21284e-09 7.20706e-08 1.62538e-06 2.53826e-05 0.000274476 0.00205524 0.0106568 0.0382682 0.0952133 0.164426 0.198463 0.171899 0.116671 0.0754035 0.0532582 0.0362326 0.0205912 0.00979357 0.00420378 0.00168839 0.000614683 0.000195203 5.28261e-05 1.18985e-05
 4.41983e-11 2.07888e-09 6.77076e-08 1.52698e-06 2.3846e-05 0.00025786 0.00193084 0.0100119 0.0359549 0.0894823 0.154698 0.187517 0.164998 0.117583 0.0834443 0.0639522 0.044917 0.0255476 0.0119333 0.00494629 0.0018932 0.000651338 0.000195184 5.03824e-05 1.10466e-05
 4.53595e-11 2.13349e-09 6.94864e-08 1.56709e-06 2.44724e-05 0.000264634 0.00198156 0.0102748 0.0368978 0.0918161 0.158646 0.191894 0.167536 0.116607 0.0793031 0.0588995 0.0413415 0.0241768 0.0119316 0.00528141 0.00211193 0.000731696 0.000214079 5.28767e-05 1.09991e-05
 4.55501e-11 2.14246e-09 6.97784e-08 1.57368e-06 2.45753e-05 0.000265746 0.00198988 0.0103179 0.0370527 0.092201 0.159306 0.192668 0.16813 0.116834 0.0791722 0.0584954 0.0407393 0.0234949 0.0113604 0.00495227 0.00199424 0.000713434 0.000218134 5.58677e-05 1.17781e-05
 4.34389e-11 2.04315e-09 6.65442e-08 1.50074e-06 2.34362e-05 0.000253429 0.00189766 0.00983987 0.0353378 0.0879519 0.15209 0.184531 0.162942 0.11735 0.0848989 0.0662222 0.0471351 0.0273044 0.0131596 0.00568584 0.00225989 0.000797766 0.000242274 6.24682e-05 1.34473e-05
 4.03765e-11 1.89911e-09 6.18529e-08 1.39494e-06 2.1784e-05 0.000235563 0.00176389 0.00914641 0.0328499 0.081785 0.141597 0.172609 0.155027 0.11724 0.0919669 0.0763963 0.0562651 0.0336476 0.016968 0.00771381 0.00317704 0.00113707 0.000344879 8.82151e-05 1.88435e-05
 3.77656e-11 1.77631e-09 5.78533e-08 1.30474e-06 2.03754e-05 0.000220331 0.00164984 0.00855517 0.0307285 0.0765236 0.132626 0.162326 0.147895 0.116298 0.0967547 0.0839977 0.0638036 0.039752 0.0213513 0.010446 0.00458947 0.00173278 0.000550169 0.000145742 3.17695e-05
 4.19711e-11 1.97412e-09 6.42957e-08 1.45003e-06 2.26443e-05 0.000244866 0.00183354 0.00950742 0.0341443 0.0849855 0.146988 0.178473 0.158034 0.114835 0.0847021 0.0680222 0.0508712 0.0324426 0.0183066 0.0095202 0.00445114 0.00179297 0.000609274 0.000172215 3.96833e-05
 4.09163e-11 1.92451e-09 6.26799e-08 1.41359e-06 2.20753e-05 0.000238713 0.00178747 0.00926864 0.0332882 0.0828689 0.143424 0.174605 0.156078 0.11649 0.0895621 0.0734959 0.0541679 0.0328627 0.0171943 0.008393 0.00386091 0.00160052 0.000574291 0.00017304 4.25403e-05
 4.00325e-11 1.88294e-09 6.1326e-08 1.38306e-06 2.15984e-05 0.000233557 0.00174886 0.00906849 0.0325701 0.0810876 0.140385 0.171115 0.153634 0.116113 0.0911284 0.0761089 0.0569228 0.0352113 0.0188345 0.00924758 0.0041472 0.00164219 0.000566598 0.000168914 4.24133e-05
 4.014e-11 1.88799e-09 6.14907e-08 1.38677e-06 2.16564e-05 0.000234183 0.00175356 0.00909282 0.0326572 0.0813024 0.140743 0.171481 0.153743 0.115742 0.0903292 0.0752648 0.0564718 0.0352797 0.0192109 0.00964899 0.00441907 0.00177213 0.000609821 0.000178323 4.36159e-05
 4.30137e-11 2.02316e-09 6.58929e-08 1.48605e-06 2.32068e-05 0.000250949 0.00187909 0.00974355 0.0349916 0.087088 0.150579 0.182623 0.161023 0.115522 0.0832321 0.0653374 0.0478673 0.0296541 0.0160929 0.00809553 0.00374009 0.00152328 0.000533974 0.000158528 3.9013e-05
 4.17137e-11 1.96201e-09 6.39014e-08 1.44114e-06 2.25054e-05 0.000243365 0.0018223 0.0094492 0.033936 0.0844751 0.14616 0.177726 0.158194 0.116644 0.0879207 0.0710628 0.0519383 0.0312293 0.016081 0.00765299 0.00341069 0.00136965 0.000480245 0.000143835 3.58594e-05
 4.06106e-11 1.91013e-09 6.22116e-08 1.40303e-06 2.19103e-05 0.000236929 0.00177411 0.0091994 0.0330397 0.082252 0.142368 0.173375 0.155162 0.116209 0.0899092 0.0743028 0.0552605 0.0340001 0.0180435 0.00876607 0.003879 0.00150772 0.000507302 0.000147047 3.605e-05
 4.15337e-11 1.95355e-09 6.36257e-08 1.43492e-06 2.24083e-05 0.000242314 0.00181444 0.00940841 0.0337894 0.0841085 0.145515 0.176892 0.157298 0.11569 0.0869714 0.0705369 0.0523505 0.0325487 0.0176476 0.00881805 0.00401317 0.00159587 0.00054269 0.000156155 3.74301e-05
 4.09941e-11 1.92817e-09 6.27991e-08 1.41628e-06 2.21172e-05 0.000239167 0.00179087 0.00928624 0.0333512 0.0830239 0.143679 0.174855 0.156108 0.116118 0.0888554 0.072837 0.0539711 0.0331668 0.0176618 0.00870527 0.00396491 0.00160097 0.000557353 0.000164178 3.9997e-05
 4.02089e-11 1.89123e-09 6.15962e-08 1.38915e-06 2.16936e-05 0.000234586 0.00175657 0.00910843 0.0327133 0.081442 0.140985 0.171778 0.154014 0.11595 0.090469 0.0752918 0.0563171 0.0349554 0.0188383 0.00935771 0.00425455 0.00170438 0.000589986 0.000174308 4.29809e-05
 3.9513e-11 1.8585e-09 6.05302e-08 1.36511e-06 2.13181e-05 0.000230526 0.00172617 0.00895084 0.0321478 0.0800392 0.13859 0.16902 0.152058 0.115576 0.0915631 0.0771522 0.0582705 0.0366614 0.0201633 0.0102429 0.004743 0.00192418 0.000670589 0.000198379 4.88549e-05
 3.72234e-11 1.75081e-09 5.70227e-08 1.28601e-06 2.00828e-05 0.000217168 0.00162615 0.00843235 0.0302876 0.0754275 0.13074 0.160082 0.146062 0.115318 0.0965744 0.0844743 0.0649221 0.0414083 0.0231824 0.0120246 0.0056871 0.00235732 0.000838964 0.000252597 6.29683e-05
 4.03407e-11 1.89743e-09 6.17981e-08 1.3937e-06 2.17647e-05 0.000235354 0.00176232 0.0091382 0.0328195 0.0816994 0.141382 0.172036 0.153527 0.114125 0.0874934 0.0725393 0.0553913 0.0361729 0.0211041 0.0114139 0.00557273 0.00236837 0.000862691 0.00026567 6.7633e-05
#pred catch len freq
 2.68232e-11 1.26164e-09 4.10907e-08 9.26697e-07 1.44717e-05 0.000156492 0.00117182 0.00607665 0.0218292 0.0543932 0.0944858 0.116661 0.109597 0.0933402 0.0872897 0.0848816 0.0750279 0.0607725 0.0483024 0.0385835 0.0312295 0.0260973 0.0219696 0.0170651 0.0110538
 4.21011e-11 1.98023e-09 6.44949e-08 1.45452e-06 2.27144e-05 0.000245624 0.00183922 0.00953678 0.0342486 0.0852358 0.147354 0.178607 0.157154 0.112118 0.0802788 0.0635652 0.0484383 0.0326782 0.0203068 0.0121102 0.00699769 0.00409158 0.00255746 0.00164612 0.000966089
 4.01771e-11 1.88974e-09 6.15476e-08 1.38805e-06 2.16764e-05 0.0002344 0.00175518 0.00910129 0.0326881 0.0813852 0.140925 0.171885 0.154679 0.117595 0.092926 0.0774021 0.0567307 0.0334814 0.0165625 0.00745972 0.0031619 0.0012519 0.000479396 0.00019191 8.12407e-05
 3.83611e-11 1.80432e-09 5.87656e-08 1.32531e-06 2.06966e-05 0.000223805 0.00167585 0.00869003 0.0312124 0.0777254 0.134685 0.164732 0.149719 0.116957 0.0963449 0.0829511 0.0624571 0.0382587 0.0198516 0.00915085 0.00367649 0.00122818 0.000338999 8.12851e-05 1.84861e-05
 3.90706e-11 1.8377e-09 5.98526e-08 1.34982e-06 2.10795e-05 0.000227945 0.00170685 0.00885069 0.0317886 0.0791517 0.137098 0.167408 0.151273 0.116365 0.0938109 0.0798347 0.0602092 0.0373537 0.0198331 0.00940348 0.00387989 0.00132241 0.000364192 8.14592e-05 1.49355e-05
 3.75968e-11 1.76838e-09 5.75949e-08 1.29891e-06 2.02843e-05 0.000219347 0.00164247 0.00851698 0.0305916 0.0761872 0.132071 0.161778 0.147814 0.117082 0.0983166 0.0856281 0.0646745 0.0396082 0.0205697 0.009554 0.00390866 0.00133915 0.000374514 8.5378e-05 1.5812e-05
 3.89384e-11 1.83148e-09 5.96501e-08 1.34526e-06 2.10081e-05 0.000227174 0.00170107 0.00882077 0.0316814 0.0788877 0.13666 0.166964 0.15116 0.116865 0.0948471 0.0808905 0.0607063 0.0371644 0.0192991 0.00891453 0.00358937 0.00119528 0.000321468 7.02723e-05 1.25763e-05
 4.05215e-11 1.90594e-09 6.20751e-08 1.39995e-06 2.18622e-05 0.000236409 0.00177022 0.00917925 0.0329675 0.0820759 0.142086 0.173137 0.155284 0.116992 0.091291 0.0756995 0.0559661 0.0337832 0.0172202 0.00780751 0.00310601 0.00102845 0.00027544 5.9717e-05 1.05145e-05
 4.03241e-11 1.89665e-09 6.17728e-08 1.39313e-06 2.17557e-05 0.000235258 0.0017616 0.00913457 0.0328073 0.0816799 0.14142 0.172416 0.154927 0.117321 0.0922298 0.0767529 0.0565983 0.0338574 0.0169924 0.00757051 0.00297158 0.000975652 0.00025984 5.61097e-05 9.85289e-06
 4.06368e-11 1.91136e-09 6.22518e-08 1.40393e-06 2.19244e-05 0.000237082 0.00177526 0.00920537 0.0330613 0.0823089 0.142486 0.17361 0.15566 0.117167 0.0912724 0.075526 0.055659 0.0333897 0.0168414 0.00753517 0.00295771 0.000965831 0.000254621 5.42787e-05 9.41199e-06
 4.00393e-11 1.88326e-09 6.13364e-08 1.38329e-06 2.16021e-05 0.000233596 0.00174916 0.00907006 0.0325759 0.0811065 0.140445 0.171312 0.154207 0.117346 0.09294 0.0777475 0.0574643 0.0344254 0.0173019 0.00771364 0.00302372 0.000988657 0.000261369 5.585e-05 9.68245e-06
 4.07762e-11 1.91792e-09 6.24654e-08 1.40875e-06 2.19997e-05 0.000237896 0.00178135 0.00923694 0.0331745 0.0825888 0.142958 0.174126 0.155933 0.11698 0.0906739 0.0748337 0.0552149 0.0332885 0.0169373 0.00765513 0.00303021 0.000995885 0.000263999 5.65401e-05 9.82917e-06
 3.99318e-11 1.8782e-09 6.11718e-08 1.37958e-06 2.15441e-05 0.000232969 0.00174447 0.00904573 0.0324887 0.080891 0.140083 0.170924 0.154029 0.117562 0.0935019 0.0783593 0.0578043 0.0344204 0.0171237 0.00755055 0.00293916 0.000959279 0.000254096 5.45158e-05 9.49598e-06
 3.68499e-11 1.73324e-09 5.64506e-08 1.2731e-06 1.98813e-05 0.000214989 0.00160984 0.00834787 0.0299853 0.0746874 0.129542 0.159014 0.146349 0.118082 0.101532 0.0893807 0.0671436 0.0402505 0.0200959 0.00886161 0.00342645 0.00110129 0.000284894 5.94137e-05 1.00778e-05
 3.60627e-11 1.69622e-09 5.52447e-08 1.2459e-06 1.94566e-05 0.000210396 0.00157545 0.00816959 0.0293455 0.0730995 0.126827 0.155865 0.144042 0.117456 0.102496 0.0913169 0.0694694 0.0425383 0.0219404 0.0100047 0.00394713 0.00127306 0.000326105 6.66678e-05 1.10075e-05
 3.73422e-11 1.7564e-09 5.72048e-08 1.29011e-06 2.01469e-05 0.000217861 0.00163135 0.00845932 0.0303848 0.0756744 0.131199 0.160787 0.147158 0.117081 0.0989321 0.0865465 0.0655588 0.0402629 0.0209263 0.00964269 0.00384977 0.00125934 0.000328258 6.83686e-05 1.14513e-05
 3.88889e-11 1.82915e-09 5.95741e-08 1.34355e-06 2.09814e-05 0.000226885 0.00169891 0.00880956 0.0316413 0.0787888 0.136497 0.166801 0.151131 0.117081 0.0952768 0.081318 0.0608912 0.0370601 0.0190594 0.00870614 0.00346968 0.00114262 0.000302176 6.42404e-05 1.10163e-05
 3.5392e-11 1.66467e-09 5.42172e-08 1.22273e-06 1.90948e-05 0.000206484 0.00154616 0.00801774 0.0288009 0.0717514 0.124546 0.153334 0.142569 0.118003 0.104858 0.0941919 0.0714859 0.043297 0.0219482 0.00985869 0.00387972 0.00126812 0.000334025 7.09543e-05 1.22109e-05
 3.51754e-11 1.65448e-09 5.38854e-08 1.21525e-06 1.89779e-05 0.00020522 0.00153669 0.00796862 0.0286239 0.0713055 0.123738 0.152179 0.141 0.115778 0.102176 0.0923138 0.071896 0.0460106 0.0253607 0.0123965 0.00516603 0.00174112 0.000466416 0.00010025 1.74246e-05
 3.73925e-11 1.75876e-09 5.72818e-08 1.29185e-06 2.01741e-05 0.000218154 0.00163354 0.00847066 0.030425 0.0757697 0.13133 0.160791 0.146665 0.115708 0.0968163 0.0846685 0.0650669 0.0413521 0.0227373 0.0112119 0.00479925 0.00169641 0.000485293 0.00011215 2.07808e-05
 3.74806e-11 1.76291e-09 5.74168e-08 1.29489e-06 2.02216e-05 0.000218669 0.00163739 0.00849067 0.0304972 0.0759532 0.131673 0.161327 0.147516 0.117082 0.0985914 0.0860202 0.0650227 0.0398449 0.0207065 0.00962354 0.00393941 0.00135149 0.000379357 8.71622e-05 1.63446e-05
 3.69254e-11 1.73679e-09 5.65662e-08 1.27571e-06 1.9922e-05 0.000215429 0.00161314 0.00836492 0.030046 0.0748337 0.129762 0.159124 0.145948 0.116773 0.0994668 0.0875624 0.0667198 0.0413697 0.0218369 0.0102618 0.00418888 0.00141 0.000383166 8.46851e-05 1.53247e-05
 3.57656e-11 1.68224e-09 5.47896e-08 1.23564e-06 1.92963e-05 0.000208663 0.00156248 0.00810229 0.0291037 0.0724966 0.125777 0.154558 0.142786 0.116368 0.101617 0.0909697 0.0700986 0.0441002 0.0237808 0.011449 0.00477939 0.00164362 0.0004563 0.000102617 1.8698e-05
 3.61332e-11 1.69953e-09 5.53527e-08 1.24834e-06 1.94947e-05 0.000210808 0.00157853 0.00818552 0.0294021 0.0732351 0.127024 0.15593 0.143544 0.115957 0.100154 0.0892288 0.0689142 0.0437252 0.0239071 0.0116881 0.00494859 0.0017266 0.000487711 0.00011194 2.08378e-05
 3.61533e-11 1.70048e-09 5.53835e-08 1.24904e-06 1.95055e-05 0.000210925 0.00157941 0.00819008 0.0294187 0.0732778 0.127108 0.15608 0.143831 0.116474 0.100849 0.0897683 0.0689112 0.0431576 0.0231499 0.0111151 0.00465586 0.00161871 0.000457796 0.000105561 1.97989e-05
 3.51414e-11 1.65288e-09 5.38334e-08 1.21408e-06 1.89596e-05 0.000205022 0.00153521 0.00796095 0.0285967 0.0712409 0.123647 0.152168 0.141305 0.116637 0.103479 0.0933957 0.0720118 0.0451176 0.0241503 0.0115328 0.00478305 0.00163754 0.000453885 0.000102453 1.88836e-05
 3.48176e-11 1.63766e-09 5.33374e-08 1.20289e-06 1.87849e-05 0.000203133 0.00152107 0.00788762 0.0283334 0.0705864 0.122521 0.150829 0.140212 0.116061 0.103414 0.0937993 0.0728956 0.046342 0.0253458 0.0123709 0.00521384 0.00180462 0.000504097 0.00011427 2.10413e-05
 3.49131e-11 1.64214e-09 5.34836e-08 1.20619e-06 1.88364e-05 0.00020369 0.00152524 0.00790925 0.0284113 0.0707823 0.122873 0.151318 0.140839 0.116903 0.1044 0.0944776 0.0727264 0.0453166 0.0240494 0.0113871 0.00469585 0.00160216 0.000442503 9.92824e-05 1.81145e-05
#obs catch len freq
 3.58472e-11 1.68608e-09 5.49145e-08 1.23846e-06 1.93404e-05 0.000209139 0.00156604 0.00812076 0.0291701 0.072661 0.126057 0.154877 0.143 0.116359 0.101332 0.0903835 0.0692562 0.0432689 0.0233922 0.0116887 0.00537547 0.00219105 0.00077542 0.000235124 5.97854e-05
 3.59815e-11 1.6924e-09 5.51202e-08 1.2431e-06 1.94128e-05 0.000209923 0.00157191 0.00815117 0.0292792 0.0729318 0.12652 0.155412 0.143387 0.116452 0.101156 0.090067 0.0689178 0.0429611 0.0231295 0.0114826 0.00523336 0.00210779 0.00073507 0.00021931 5.48606e-05
 4.60337e-11 2.1652e-09 7.05192e-08 1.59039e-06 2.48361e-05 0.000268567 0.002011 0.0104274 0.0374449 0.0931686 0.160921 0.194352 0.168738 0.115434 0.0759946 0.0551264 0.0389446 0.0237121 0.0126631 0.00625535 0.0028375 0.00113613 0.000392991 0.000115993 2.86411e-05
 3.67659e-11 1.72929e-09 5.63218e-08 1.2702e-06 1.9836e-05 0.000214499 0.00160618 0.00832891 0.0299181 0.0745275 0.129318 0.158986 0.147099 0.120193 0.10472 0.0919804 0.0673095 0.037921 0.0170588 0.00679332 0.00260797 0.000959842 0.000321374 9.36042e-05 2.29069e-05
 4.3561e-11 2.0489e-09 6.67313e-08 1.50496e-06 2.35021e-05 0.000254142 0.00190299 0.00986748 0.0354364 0.0881919 0.152467 0.184813 0.162631 0.11598 0.0826558 0.064249 0.0467072 0.0285411 0.0149802 0.00703145 0.00289104 0.000998481 0.000289027 7.22784e-05 1.58643e-05
 4.02204e-11 1.89178e-09 6.16139e-08 1.38955e-06 2.16998e-05 0.000234653 0.00175707 0.00911112 0.0327238 0.0814766 0.141102 0.172189 0.15523 0.118563 0.0942243 0.0784329 0.0567968 0.0325363 0.0152583 0.00643593 0.00257202 0.000941032 0.000297632 7.82839e-05 1.67485e-05
 3.89263e-11 1.8309e-09 5.96313e-08 1.34484e-06 2.10016e-05 0.000227103 0.00170054 0.00881804 0.0316721 0.0788674 0.136647 0.167052 0.151567 0.117823 0.0962369 0.0819992 0.0607341 0.0360838 0.0178951 0.00793598 0.00317867 0.00110802 0.000329954 8.42129e-05 1.82432e-05
 3.86509e-11 1.81795e-09 5.92094e-08 1.33532e-06 2.0853e-05 0.000225496 0.00168851 0.00875566 0.0314482 0.078311 0.135691 0.165924 0.150674 0.117412 0.0962806 0.082382 0.0613918 0.0369374 0.0187682 0.00863237 0.00361037 0.00131404 0.000404045 0.000103879 2.20916e-05
 4.19393e-11 1.97262e-09 6.4247e-08 1.44893e-06 2.26272e-05 0.000244681 0.00183215 0.00950029 0.0341194 0.08493 0.146937 0.178626 0.158847 0.116811 0.0876509 0.0705868 0.0514574 0.0307994 0.0156698 0.00725598 0.00307782 0.00114691 0.000364502 9.7347e-05 2.14378e-05
 4.32791e-11 2.03564e-09 6.62995e-08 1.49522e-06 2.335e-05 0.000252497 0.00189068 0.0098037 0.0352081 0.0876308 0.151546 0.183928 0.162588 0.117472 0.0854437 0.0668753 0.0475711 0.0274453 0.013153 0.00568229 0.0022934 0.000837257 0.000266252 7.21063e-05 1.6248e-05
 3.99009e-11 1.87675e-09 6.11244e-08 1.37851e-06 2.15274e-05 0.000232789 0.00174312 0.00903876 0.0324642 0.0808332 0.140008 0.170947 0.154413 0.118577 0.0950169 0.0795932 0.0578849 0.0333112 0.0156614 0.00653122 0.00251207 0.000866748 0.000260123 6.72001e-05 1.47412e-05
 4.12294e-11 1.93923e-09 6.31596e-08 1.42441e-06 2.22442e-05 0.000240539 0.00180115 0.00933956 0.0335429 0.0835029 0.144521 0.175937 0.157257 0.117328 0.090088 0.0736568 0.0537809 0.03188 0.0158488 0.00705812 0.00283461 0.000984438 0.000288394 7.1287e-05 1.48362e-05
 4.14678e-11 1.95045e-09 6.35248e-08 1.43264e-06 2.23728e-05 0.00024193 0.00181156 0.00939356 0.0337367 0.0839843 0.145347 0.176908 0.158012 0.117639 0.0899607 0.0731789 0.053025 0.0309949 0.0150958 0.00662194 0.002679 0.000960891 0.000294179 7.53983e-05 1.59025e-05
 3.89501e-11 1.83202e-09 5.96678e-08 1.34566e-06 2.10144e-05 0.000227242 0.00170158 0.00882344 0.0316916 0.0789171 0.136741 0.167204 0.151823 0.118249 0.0967853 0.082391 0.0606553 0.035545 0.0172474 0.00749809 0.00299413 0.00105976 0.00032228 8.31606e-05 1.791e-05
 3.54097e-11 1.6655e-09 5.42443e-08 1.22335e-06 1.91043e-05 0.000206587 0.00154693 0.00802174 0.0288153 0.071787 0.124606 0.153403 0.142613 0.117993 0.10477 0.0939994 0.0711929 0.0430066 0.0218323 0.00998466 0.00412972 0.00148146 0.000449886 0.000115159 2.46103e-05
 3.25112e-11 1.52917e-09 4.98041e-08 1.12321e-06 1.75405e-05 0.000189677 0.00142032 0.00736536 0.0264601 0.065945 0.11464 0.141953 0.134583 0.116697 0.109722 0.102129 0.079505 0.0500064 0.0270409 0.0133053 0.00586736 0.00221959 0.000705471 0.000187002 4.078e-05
 3.71133e-11 1.74563e-09 5.68541e-08 1.2822e-06 2.00235e-05 0.000216526 0.00162134 0.00840742 0.030198 0.0752041 0.13035 0.159595 0.145587 0.114896 0.0962379 0.0843857 0.0652789 0.0421536 0.0239684 0.0125359 0.00588126 0.00237322 0.000807215 0.000228294 5.26239e-05
 3.58773e-11 1.6875e-09 5.49606e-08 1.2395e-06 1.93566e-05 0.000209315 0.00156736 0.0081276 0.0291948 0.0727246 0.126181 0.155092 0.143392 0.117047 0.102237 0.0910471 0.0691617 0.0424254 0.0223615 0.0109858 0.00507554 0.00210872 0.000757457 0.00022836 5.61584e-05
 3.48865e-11 1.64089e-09 5.34428e-08 1.20527e-06 1.8822e-05 0.000203534 0.00152407 0.00790322 0.0283897 0.0707272 0.122771 0.151165 0.140608 0.116528 0.103859 0.0938801 0.0722721 0.045191 0.0243481 0.0120273 0.00541516 0.00214879 0.000742226 0.000221418 5.56182e-05
 3.5005e-11 1.64647e-09 5.36244e-08 1.20937e-06 1.8886e-05 0.000204226 0.00152925 0.00793004 0.0284857 0.0709638 0.123163 0.151559 0.140695 0.116047 0.102872 0.0928551 0.071748 0.0453204 0.0248604 0.0125617 0.00577495 0.00232046 0.000799349 0.000233888 5.7228e-05
 3.82229e-11 1.79782e-09 5.85539e-08 1.32054e-06 2.06221e-05 0.000222999 0.00166982 0.00865872 0.0310999 0.0774425 0.134179 0.16404 0.14886 0.115829 0.0949645 0.0817683 0.0621086 0.0389834 0.0213243 0.0107945 0.00500672 0.00204333 0.000717034 0.000213005 5.24384e-05
 3.6653e-11 1.72398e-09 5.61489e-08 1.2663e-06 1.97751e-05 0.00021384 0.00160124 0.00830325 0.0298251 0.0742876 0.128845 0.158141 0.145492 0.117291 0.100781 0.0888127 0.0670463 0.0407878 0.021163 0.0101393 0.00453957 0.00182742 0.000641535 0.000192268 4.79524e-05
 3.5408e-11 1.66542e-09 5.42417e-08 1.22329e-06 1.91034e-05 0.000206577 0.00154685 0.00802131 0.0288134 0.0717779 0.124562 0.153213 0.142015 0.116679 0.102854 0.092336 0.0707996 0.0440568 0.0235566 0.0115169 0.00511745 0.00199351 0.000671551 0.000194794 4.7776e-05
 3.64567e-11 1.71475e-09 5.58481e-08 1.25952e-06 1.96692e-05 0.000212695 0.00159266 0.00825876 0.029665 0.0738867 0.128134 0.157199 0.144409 0.116018 0.0994122 0.0879647 0.0674661 0.0424589 0.0232004 0.0116654 0.00533016 0.00212397 0.000723069 0.000208192 4.9923e-05
 3.5818e-11 1.68471e-09 5.48698e-08 1.23745e-06 1.93246e-05 0.000208969 0.00156477 0.00811416 0.0291465 0.0726032 0.125963 0.154794 0.143022 0.116572 0.101708 0.0907386 0.0693842 0.0431375 0.0231487 0.0114839 0.00525266 0.00212563 0.000740843 0.000218366 5.32184e-05
 3.48547e-11 1.6394e-09 5.33941e-08 1.20417e-06 1.88049e-05 0.000203349 0.00152269 0.00789601 0.0283638 0.0706623 0.122657 0.151014 0.140437 0.116331 0.103639 0.0937116 0.0722609 0.0453686 0.0246405 0.0123192 0.00562439 0.00225808 0.000782559 0.000231358 5.7071e-05
 3.40168e-11 1.59999e-09 5.21106e-08 1.17523e-06 1.83528e-05 0.000198461 0.00148609 0.00770627 0.0276829 0.068973 0.119772 0.147686 0.138056 0.115822 0.10487 0.0958775 0.0745967 0.0474721 0.0263152 0.0134542 0.00625522 0.00254301 0.000887245 0.000262643 6.47068e-05
 3.15308e-11 1.48306e-09 4.83022e-08 1.08934e-06 1.70116e-05 0.000183957 0.00137749 0.00714331 0.0256631 0.0639654 0.111245 0.137966 0.131497 0.115432 0.110151 0.103686 0.0817798 0.052707 0.0297346 0.0155201 0.00736882 0.00306052 0.00109039 0.000328498 8.19195e-05
#spawning biomass
 7230.17 5977.79 9799.04 14192.6 18406 23797.6 25969 31546.9 43406.7 59850.7 82981.7 115612 158019 187571 174118 154408 157309 166739 165508 171447 178685 194944 215743 225058 227807 220627 213838 179432 141604 54049.3 3734.04 2887.77 2886.78 2886.78 2886.78 2886.78 2886.78 2886.78 2886.78 2886.78 2886.78 2886.78 2886.78 2886.78 2886.78 2886.78 2886.78 2886.78 2886.78 2886.78 2886.78 2886.78 2886.78 2886.78 2886.78 2886.78 2886.78 2886.78 2886.78 2886.78 2886.78 2886.78 2886.78 2886.78 2886.78 2886.78 2886.78 2886.78 2886.78 2886.78 2886.78 2886.78 2886.78 2886.78 2886.78 2886.78 2886.78 2886.78 2886.78 2886.78 2886.78 2886.78 2886.78 2886.78 2886.78 2886.78 2886.78 2886.78 2886.78 2886.78 2886.78 2886.78 2886.78 2886.78 2886.78 2886.78 2886.78 2886.78 2886.78 2886.78 2886.78 2886.78 2886.78 2886.78 2886.78 2886.78 2886.78 2886.78 2886.78 2886.78 2886.78 2886.78 2886.78 2886.78 2886.78 2886.78 2886.78 2886.78 2886.78 2886.78 2886.78 2886.78 2886.78 2886.78 2886.78 2886.78 2886.78 2886.78 0 0 0 0 0 0 0 0 0 0 0 0 0 0 0 0 0 0 0 0 0 0 0 0 0
