SBPRF35
26.5657
Curr Bio
159384
B35
4.14953e+07
F35
0.025299
FOFL
0
OFL
0
Bzero
7.5902e+06
#pred survey bio
 24527.8 22111.4 19491.2 22571.9 42472.8 61398.1 71922.6 97882.2 125230 141467 162144 190052 227545 260889 245228 223683 226856 240790 246606 269202 259754 256490 252180 262057 233295 251887 254931 191850 3.4148e+06 7.13686e+06 1.16056e+07 1.61239e+07 2.03759e+07 2.41948e+07 2.75261e+07 3.03816e+07 3.28066e+07 3.48593e+07 3.65992e+07 3.80814e+07 3.93541e+07 4.04575e+07 4.13901e+07 4.189e+07 4.23782e+07 4.28546e+07 4.33191e+07 4.37719e+07 4.42131e+07 4.4643e+07 4.50616e+07 4.54694e+07 4.58665e+07 4.62532e+07 4.66299e+07 4.69968e+07 4.73541e+07 4.77022e+07 4.80413e+07 4.83717e+07 4.86935e+07 4.90072e+07 4.93128e+07 4.96107e+07 4.99011e+07 5.01841e+07 5.046e+07 5.07291e+07 5.09914e+07 5.12473e+07 5.14968e+07 5.17403e+07 5.19778e+07 5.22095e+07 5.24356e+07 5.26563e+07 5.28717e+07 5.30819e+07 5.32872e+07 5.34876e+07 5.36834e+07 5.38745e+07 5.40613e+07 5.42437e+07 5.44219e+07 5.45961e+07 5.47663e+07 5.49327e+07 5.50953e+07 5.52544e+07 5.54099e+07 5.5562e+07 5.57107e+07 5.58563e+07 5.59986e+07 5.6138e+07 5.62743e+07 5.64078e+07 5.65385e+07 5.66664e+07 5.67917e+07 5.69144e+07 5.70345e+07 5.71523e+07 5.72677e+07 5.73807e+07 5.74915e+07 5.76001e+07 5.77066e+07 5.7811e+07 5.79135e+07 5.80139e+07 5.81124e+07 5.82091e+07 5.8304e+07 5.83971e+07 5.84884e+07 5.85782e+07 5.86663e+07 5.87528e+07 5.88377e+07 5.89212e+07 5.90032e+07 5.90837e+07 5.91629e+07 5.92407e+07 5.93172e+07 5.93924e+07 0 0 0 0 0 0 0 0 0 0 0 0 0 0 0 0 0 0 0 0 0 0 0 0 0
#obs survey bio
 23767.4 10779.2 18306.6 30000.2 47035 51755.7 61729.4 117831 91500.3 113778 139129 200412 249964 221119 180522 182362 160460 239751 215965 230927 213241 231041 174568 262597 186776 204194 184066 114778
#pred catch bio
 15331 14845.7 12151.1 11106.5 28980.7 47932.8 53579.8 74064.3 98168.6 110686 127993 150631 175445 213538 207389 185719 186328 200951 203655 227276 224603 225044 219101 235582 207508 226399 238295 192039 0 8273.5 13758.9 19293.1 24528.2 29238.1 33343.1 36850.6 39813.9 42304.7 44398.1 46164 47663.5 48948.4 50018.9 50560.8 51085.5 51593.7 52085.9 52562.6 53024.2 53471.3 53904.3 54323.6 54729.7 55123 55503.9 55872.8 56230.1 56576.1 56911.2 57235.7 57550 57854.4 58149.2 58434.7 58711.2 58979 59238.3 59489.5 59732.7 59968.3 60196.4 60417.4 60631.4 60838.6 61039.3 61233.7 61421.9 61604.2 61780.8 61951.8 62117.4 62277.8 62433.1 62583.5 62729.2 62870.3 63006.9 63139.3 63267.4 63391.6 63511.8 63628.2 63740.9 63850.1 63955.9 64058.3 64157.5 64253.5 64346.6 64436.7 64523.9 64608.4 64690.3 64769.5 64846.3 64920.6 64992.6 65062.4 65129.9 65195.3 65258.6 65320 65379.4 65436.9 65492.6 65546.6 65598.9 65649.5 65698.5 65746 65791.9 65836.5 65879.6 65921.3 65961.8 66001 66038.9 66075.6 0 0 0 0 0 0 0 0 0 0 0 0 0 0 0 0 0 0 0 0 0 0 0 0 0
#obs catch bio
 15591.8 16080.4 14139.8 8763.63 21555 48668.5 47888.9 65414.4 99347.2 104472 126370 133525 142130 194667 216603 176879 177822 181243 168680 206302 191905 205717 194917 206315 177383 206338 224292 187758
#pred cpue bio
 19982.3 18391 14903.1 15962.1 24873.1 36037.3 38458.5 52027.5 68143.3 78763.1 89052.9 100030 117151 151328 140503 117701 118226 124940 125528 134369 135492 117816 113193 117102 103388 98399.9 103937 82116.1 791319 6.96547e+06 1.14841e+07 1.60008e+07 2.02528e+07 2.40716e+07 2.74029e+07 3.02585e+07 3.26835e+07 3.47361e+07 3.6476e+07 3.79583e+07 3.92309e+07 4.03343e+07 4.12669e+07 4.17668e+07 4.22551e+07 4.27314e+07 4.3196e+07 4.36488e+07 4.409e+07 4.45198e+07 4.49384e+07 4.53462e+07 4.57433e+07 4.61301e+07 4.65068e+07 4.68736e+07 4.7231e+07 4.75791e+07 4.79181e+07 4.82485e+07 4.85704e+07 4.8884e+07 4.91897e+07 4.94875e+07 4.97779e+07 5.00609e+07 5.03369e+07 5.06059e+07 5.08683e+07 5.11241e+07 5.13737e+07 5.16171e+07 5.18546e+07 5.20863e+07 5.23124e+07 5.25331e+07 5.27485e+07 5.29588e+07 5.3164e+07 5.33645e+07 5.35602e+07 5.37514e+07 5.39381e+07 5.41205e+07 5.42988e+07 5.44729e+07 5.46431e+07 5.48095e+07 5.49722e+07 5.51312e+07 5.52867e+07 5.54388e+07 5.55876e+07 5.57331e+07 5.58755e+07 5.60148e+07 5.61512e+07 5.62846e+07 5.64153e+07 5.65432e+07 5.66685e+07 5.67912e+07 5.69114e+07 5.70291e+07 5.71445e+07 5.72575e+07 5.73684e+07 5.7477e+07 5.75835e+07 5.76879e+07 5.77903e+07 5.78907e+07 5.79893e+07 5.80859e+07 5.81808e+07 5.82739e+07 5.83653e+07 5.8455e+07 5.85431e+07 5.86296e+07 5.87146e+07 5.8798e+07 5.888e+07 5.89606e+07 5.90397e+07 5.91175e+07 5.9194e+07 5.92692e+07 0 0 0 0 0 0 0 0 0 0 0 0 0 0 0 0 0 0 0 0 0 0 0 0 0
#obs cpue bio
 17087.6 18748.3 24822.2 21421.7 42816.5 47143.3 59744.2 78340.6 80102.7 121498 118763 175259 213037 249902 180767 170942 188206 218619 289833 226904 319300 193839 240770 216202 230401 174159 183518 152380
#pred surv len freq
 1.02525e-11 1.11281e-09 7.12197e-08 2.68762e-06 5.98032e-05 0.000784668 0.00607191 0.0277343 0.0751042 0.123226 0.134918 0.130186 0.137131 0.126854 0.0891217 0.0540426 0.0328026 0.0200335 0.0125702 0.00844606 0.00621798 0.00507586 0.00434181 0.0033329 0.00194304
 8.9426e-12 9.70634e-10 6.21204e-08 2.34424e-06 5.21627e-05 0.00068443 0.00529671 0.024204 0.0656897 0.108949 0.124695 0.133393 0.153073 0.145249 0.101535 0.0598939 0.0343422 0.0188968 0.0100334 0.0054239 0.00315416 0.00208939 0.00155837 0.0011301 0.000654477
 1.1393e-11 1.23661e-09 7.91426e-08 2.9866e-06 6.64559e-05 0.000871951 0.00674709 0.0308127 0.0833642 0.136164 0.146246 0.134268 0.13491 0.12309 0.0869016 0.0529012 0.0309441 0.016743 0.00831665 0.00391648 0.0018138 0.000898402 0.000518343 0.000325239 0.000178285
 1.28569e-11 1.39549e-09 8.93112e-08 3.37033e-06 7.49943e-05 0.000983976 0.00761369 0.0347647 0.0939801 0.152887 0.161333 0.140894 0.133404 0.116196 0.0758833 0.040305 0.0209698 0.0109752 0.00547002 0.00250955 0.00104708 0.000413643 0.000171548 8.09561e-05 3.8288e-05
 1.61319e-11 1.75096e-09 1.12061e-07 4.22884e-06 9.40971e-05 0.0012346 0.00955206 0.0435958 0.117583 0.189109 0.189416 0.140059 0.105936 0.0839269 0.0557325 0.0317808 0.0171508 0.00843659 0.00377462 0.00161457 0.000649749 0.000236299 7.8761e-05 2.63642e-05 9.32253e-06
 1.51646e-11 1.64597e-09 1.05342e-07 3.97529e-06 8.84552e-05 0.00116058 0.00897991 0.0409956 0.110722 0.179302 0.185354 0.151996 0.132092 0.106263 0.0587383 0.0198226 0.00397425 0.000471762 3.3713e-05 1.73013e-06 1.72581e-07 4.71449e-08 1.4042e-08 3.79497e-09 9.6758e-10
 1.63756e-11 1.77741e-09 1.13754e-07 4.29272e-06 9.55185e-05 0.00125325 0.0096966 0.0442604 0.119443 0.192639 0.195473 0.150948 0.120748 0.0933158 0.0510535 0.0171899 0.00344268 0.000407239 2.84142e-05 1.16905e-06 2.83621e-08 4.05715e-10 3.42218e-12 1.70302e-14 5.165e-17
 1.64461e-11 1.78507e-09 1.14244e-07 4.31121e-06 9.59299e-05 0.00125865 0.00973835 0.0444506 0.119951 0.193416 0.196062 0.150887 0.120087 0.0925613 0.0506058 0.0170367 0.00341191 0.000403597 2.816e-05 1.1586e-06 2.81084e-08 4.02089e-10 3.39163e-12 1.68713e-14 4.9505e-17
 1.61649e-11 1.75454e-09 1.1229e-07 4.23749e-06 9.42895e-05 0.00123713 0.0095719 0.0436923 0.117925 0.190318 0.193712 0.151131 0.122723 0.0955691 0.0523905 0.0176474 0.0035346 0.000418119 2.91733e-05 1.20029e-06 2.91199e-08 4.16553e-10 3.5135e-12 1.74752e-14 5.12522e-17
 1.58775e-11 1.72335e-09 1.10294e-07 4.16217e-06 9.26136e-05 0.00121514 0.00940185 0.0429177 0.115856 0.187154 0.191312 0.15138 0.125415 0.0986419 0.0542137 0.0182713 0.00365994 0.000432955 3.02086e-05 1.24289e-06 3.01533e-08 4.31334e-10 3.63815e-12 1.80946e-14 5.30631e-17
 1.605e-11 1.74207e-09 1.11492e-07 4.20738e-06 9.36195e-05 0.00122834 0.00950391 0.0433826 0.117098 0.189053 0.192752 0.151231 0.123799 0.0967977 0.0531194 0.0178968 0.00358471 0.000424051 2.95873e-05 1.21732e-06 2.9533e-08 4.22462e-10 3.56332e-12 1.77225e-14 5.19728e-17
 1.65604e-11 1.79747e-09 1.15038e-07 4.34118e-06 9.65968e-05 0.0012674 0.00980601 0.0447588 0.120774 0.194675 0.197017 0.150788 0.119016 0.0913387 0.0498804 0.0167885 0.00336204 0.000397694 2.77481e-05 1.14165e-06 2.76971e-08 3.962e-10 3.3418e-12 1.66207e-14 4.87407e-17
 1.68091e-11 1.82447e-09 1.16766e-07 4.40638e-06 9.80475e-05 0.00128643 0.00995321 0.0454293 0.122565 0.197414 0.199095 0.150573 0.116685 0.0886788 0.0483022 0.0162484 0.00325354 0.000384851 2.68519e-05 1.10477e-06 2.68026e-08 3.83404e-10 3.23387e-12 1.60839e-14 4.71661e-17
 1.53306e-11 1.66399e-09 1.06495e-07 4.0188e-06 8.94235e-05 0.00117329 0.00907816 0.0414431 0.111918 0.18113 0.186742 0.151854 0.13054 0.104491 0.0576842 0.0194588 0.00389853 0.000461196 3.21793e-05 1.32397e-06 3.21204e-08 4.59473e-10 3.87549e-12 1.9275e-14 5.65246e-17
 1.54997e-11 1.68234e-09 1.0767e-07 4.06312e-06 9.04097e-05 0.00118623 0.00917822 0.041899 0.113135 0.182992 0.188154 0.151708 0.128956 0.102683 0.0566113 0.0190917 0.00382477 0.000452465 3.15701e-05 1.2989e-06 3.15123e-08 4.50774e-10 3.80211e-12 1.89101e-14 5.5454e-17
 1.65634e-11 1.79779e-09 1.15059e-07 4.34195e-06 9.66139e-05 0.00126762 0.00980775 0.0447667 0.120795 0.194707 0.197042 0.150786 0.118989 0.0913073 0.0498618 0.0167821 0.00336076 0.000397542 2.77375e-05 1.14121e-06 2.76866e-08 3.96049e-10 3.34052e-12 1.66143e-14 4.87217e-17
 1.66732e-11 1.80972e-09 1.15822e-07 4.37075e-06 9.72548e-05 0.00127603 0.00987278 0.0450629 0.121586 0.195918 0.19796 0.15069 0.117959 0.0901322 0.0491645 0.0165435 0.00331282 0.000391868 2.73415e-05 1.12492e-06 2.72914e-08 3.90396e-10 3.29284e-12 1.63772e-14 4.80262e-17
 1.67224e-11 1.81505e-09 1.16163e-07 4.38364e-06 9.75415e-05 0.00127979 0.00990187 0.0451955 0.12194 0.196459 0.198371 0.150648 0.117498 0.0896065 0.0488526 0.0164368 0.00329138 0.00038933 2.71644e-05 1.11763e-06 2.71146e-08 3.87867e-10 3.27151e-12 1.62711e-14 4.77151e-17
 1.69336e-11 1.83798e-09 1.1763e-07 4.43901e-06 9.87735e-05 0.00129595 0.0100269 0.0457649 0.123461 0.198785 0.200135 0.150465 0.115519 0.0873475 0.0475123 0.0159782 0.00319923 0.000378424 2.64034e-05 1.08632e-06 2.63549e-08 3.76999e-10 3.17985e-12 1.58152e-14 4.63782e-17
 1.7142e-11 1.8606e-09 1.19078e-07 4.49363e-06 9.9989e-05 0.0013119 0.0101502 0.0463268 0.124962 0.20108 0.201877 0.150284 0.113566 0.085119 0.04619 0.0155257 0.00310833 0.000367664 2.56525e-05 1.05543e-06 2.56054e-08 3.66278e-10 3.08942e-12 1.53654e-14 4.50593e-17
 1.66631e-11 1.80862e-09 1.15751e-07 4.36809e-06 9.71956e-05 0.00127525 0.00986677 0.0450356 0.121513 0.195806 0.197875 0.150699 0.118054 0.0902407 0.0492289 0.0165656 0.00331725 0.000392392 2.73781e-05 1.12643e-06 2.73279e-08 3.90918e-10 3.29725e-12 1.63991e-14 4.80904e-17
 1.79486e-11 1.94814e-09 1.24681e-07 4.70507e-06 0.000104694 0.00137362 0.0106276 0.0485014 0.130771 0.209964 0.208616 0.149585 0.106008 0.0764928 0.0410718 0.0137743 0.00275646 0.000326015 2.27462e-05 9.35851e-07 2.27044e-08 3.2478e-10 2.73939e-12 1.36246e-14 3.99542e-17
 1.81527e-11 1.9703e-09 1.26099e-07 4.75857e-06 0.000105884 0.00138924 0.0107484 0.0490516 0.13224 0.212212 0.210321 0.149408 0.104095 0.0743102 0.0397768 0.0133312 0.00266743 0.000315477 2.20109e-05 9.05594e-07 2.19703e-08 3.14279e-10 2.65083e-12 1.31841e-14 3.86624e-17
 1.81912e-11 1.97448e-09 1.26367e-07 4.76869e-06 0.000106109 0.00139219 0.0107712 0.0491556 0.132518 0.212637 0.210643 0.149374 0.103734 0.0738975 0.0395319 0.0132474 0.0026506 0.000313485 2.18718e-05 8.99874e-07 2.18315e-08 3.12294e-10 2.63408e-12 1.31008e-14 3.84182e-17
 1.82621e-11 1.98218e-09 1.26859e-07 4.78727e-06 0.000106523 0.00139762 0.0108132 0.0493467 0.133029 0.213417 0.211236 0.149313 0.10307 0.0731394 0.0390821 0.0130935 0.00261968 0.000309824 2.16164e-05 8.89365e-07 2.15766e-08 3.08647e-10 2.60332e-12 1.29478e-14 3.79695e-17
 1.9228e-11 2.08702e-09 1.33569e-07 5.04047e-06 0.000112157 0.00147153 0.0113848 0.0519509 0.139984 0.224056 0.219306 0.148475 0.0940182 0.0628095 0.032953 0.0109962 0.00219831 0.000259949 1.81361e-05 7.4617e-07 1.81025e-08 2.58952e-10 2.18416e-12 1.08631e-14 3.18561e-17
 1.89227e-11 2.05388e-09 1.31448e-07 4.96044e-06 0.000110376 0.00144817 0.0112041 0.0511277 0.137786 0.220693 0.216755 0.14874 0.0968792 0.0660746 0.0348903 0.0116591 0.0023315 0.000275714 1.92362e-05 7.91432e-07 1.92006e-08 2.7466e-10 2.31665e-12 1.1522e-14 3.37884e-17
 1.85486e-11 2.01327e-09 1.28849e-07 4.86236e-06 0.000108194 0.00141954 0.0109827 0.0501191 0.135092 0.216573 0.213629 0.149064 0.100385 0.0700757 0.0372643 0.0124715 0.0024947 0.000295032 2.05842e-05 8.46895e-07 2.05462e-08 2.93908e-10 2.479e-12 1.23295e-14 3.61563e-17
#obs surv len freq
 4.15455e-11 3.85029e-09 2.10402e-07 6.77944e-06 0.000128804 0.001443 0.00953406 0.0371833 0.0860038 0.120901 0.115748 0.10489 0.113563 0.120103 0.11182 0.0882976 0.0538395 0.0245516 0.00876034 0.00253213 0.000579955 0.000100533 1.26602e-05 1.1188e-06 6.72596e-08
 1.90181e-11 1.69995e-09 8.95964e-08 2.78442e-06 5.10251e-05 0.000551452 0.00351797 0.01331 0.0306019 0.0478112 0.0694703 0.113794 0.162279 0.175913 0.15622 0.116676 0.067565 0.0291956 0.00976712 0.00261815 0.000554362 8.896e-05 1.03556e-05 8.40908e-07 4.61354e-08
 1.43737e-10 1.23705e-08 6.27756e-07 1.87838e-05 0.000331407 0.00344771 0.0211495 0.0765111 0.163347 0.206595 0.158155 0.0828968 0.0498736 0.0559066 0.067844 0.0596625 0.0348939 0.0139856 0.00416976 0.000991437 0.000188569 2.74532e-05 2.91232e-06 2.15992e-07 1.08295e-08
 1.36848e-10 1.13214e-08 5.52272e-07 1.58852e-05 0.000269416 0.00269448 0.0158959 0.0554102 0.11515 0.149188 0.144245 0.145749 0.150227 0.115796 0.061452 0.0260481 0.0110652 0.00466448 0.00162426 0.00041792 7.70882e-05 1.02069e-05 9.6694e-07 6.42055e-08 2.90043e-09
 1.89105e-10 1.50157e-08 7.03038e-07 1.94088e-05 0.000315943 0.0030327 0.0171697 0.0574033 0.114068 0.139254 0.120854 0.107105 0.113648 0.115912 0.101297 0.0680877 0.0309658 0.00894262 0.0016686 0.000226448 2.71438e-05 3.00127e-06 2.6232e-07 1.60346e-08 6.54496e-10
 2.99545e-10 2.27962e-08 1.02294e-06 2.70659e-05 0.000422269 0.00388481 0.0210805 0.0675686 0.128886 0.151944 0.129949 0.115086 0.115478 0.104184 0.0797218 0.0497763 0.0228425 0.00726208 0.00160483 0.000250234 2.74713e-05 2.13041e-06 1.21323e-07 5.31796e-09 1.77041e-10
 4.25081e-10 3.09625e-08 1.3298e-06 3.36765e-05 0.000502876 0.00442808 0.0230006 0.0706005 0.12926 0.147866 0.127383 0.118054 0.120009 0.106611 0.0792078 0.0467432 0.0195876 0.00549413 0.00105249 0.000146809 1.55726e-05 1.23006e-06 6.85466e-08 2.58988e-09 6.55262e-11
 6.09626e-10 4.24462e-08 1.74262e-06 4.21846e-05 0.000602143 0.00506845 0.0251685 0.073889 0.129682 0.143725 0.124086 0.118565 0.12153 0.107943 0.0798688 0.0458941 0.0182605 0.0047496 0.000817094 9.82087e-05 8.73636e-06 5.86046e-07 2.89918e-08 1.0192e-09 2.45285e-11
 8.26156e-10 5.49198e-08 2.1527e-06 4.97539e-05 0.000678061 0.00544948 0.0258423 0.0725222 0.122273 0.133117 0.12021 0.123776 0.129304 0.114085 0.0831828 0.0464339 0.0177855 0.00445482 0.000741046 8.58249e-05 7.18776e-06 4.36114e-07 1.8787e-08 5.64229e-10 1.16564e-11
 1.14016e-09 7.22829e-08 2.70206e-06 5.95584e-05 0.000774092 0.0059334 0.0268404 0.071924 0.116369 0.124237 0.116044 0.125644 0.134024 0.120557 0.0883727 0.0477393 0.0170444 0.00383243 0.000545612 5.14428e-05 3.44124e-06 1.7223e-07 6.4417e-09 1.72901e-10 3.19317e-12
 1.88337e-09 1.13751e-07 4.051e-06 8.50667e-05 0.00105331 0.00769156 0.0331463 0.0846037 0.130276 0.131878 0.115944 0.119222 0.124222 0.111272 0.0805855 0.0421208 0.0143668 0.00307414 0.000415936 3.69871e-05 2.27421e-06 9.99316e-08 3.13465e-09 6.89575e-11 1.04905e-12
 3.10847e-09 1.78686e-07 6.05649e-06 0.000121043 0.00142647 0.00991408 0.0406666 0.0988371 0.145172 0.141145 0.120708 0.119671 0.116997 0.0967297 0.0646853 0.0315137 0.0100907 0.002034 0.000259662 2.17998e-05 1.26452e-06 5.22217e-08 1.52525e-09 3.07063e-11 4.16917e-13
 3.39664e-09 1.85661e-07 5.98381e-06 0.000113718 0.00127439 0.00842425 0.0329026 0.0765614 0.11054 0.116672 0.126072 0.14712 0.145665 0.115619 0.0732105 0.0335874 0.0100897 0.00189863 0.000224416 1.72415e-05 9.0567e-07 3.38138e-08 8.99666e-10 1.66499e-11 2.08784e-13
 4.73972e-09 2.4614e-07 7.53703e-06 0.000136086 0.00144893 0.00910018 0.0337731 0.0747149 0.10282 0.104522 0.111712 0.134713 0.147124 0.133005 0.0908984 0.0417304 0.0119669 0.00209039 0.000223208 1.49361e-05 6.55399e-07 1.99348e-08 4.36081e-10 6.84134e-12 7.48485e-14
 8.73062e-09 4.30428e-07 1.25125e-05 0.000214478 0.00216791 0.0129258 0.0455342 0.0955487 0.124281 0.117859 0.115622 0.129129 0.13199 0.111874 0.0717974 0.0310531 0.00843049 0.00140547 0.000145183 9.57981e-06 4.21357e-07 1.2779e-08 2.68334e-10 3.82362e-12 3.62287e-14
 1.19922e-08 5.60898e-07 1.54688e-05 0.000251551 0.00241233 0.0136491 0.0456804 0.0915788 0.116704 0.117074 0.128062 0.144887 0.137989 0.106454 0.0626497 0.0251358 0.00636415 0.000989539 9.49903e-05 5.79109e-06 2.34423e-07 6.57334e-09 1.29529e-10 1.76287e-12 1.61237e-14
 1.76147e-08 7.81134e-07 2.04251e-05 0.000314922 0.00286345 0.0153628 0.0487736 0.0929363 0.113524 0.111907 0.123208 0.141602 0.139999 0.111782 0.0654832 0.0252435 0.00602467 0.000872926 7.7148e-05 4.25565e-06 1.52493e-07 3.72111e-09 6.37465e-11 7.64341e-13 6.26337e-15
 2.88678e-08 1.21314e-06 3.00604e-05 0.000439217 0.00378459 0.0192435 0.0579191 0.104783 0.12226 0.116827 0.12522 0.138287 0.130657 0.0993941 0.0553501 0.020361 0.00469954 0.000676542 6.21181e-05 3.77018e-06 1.55499e-07 4.35844e-09 8.11211e-11 9.78338e-13 7.55436e-15
 4.0177e-08 1.59933e-06 3.75395e-05 0.000519572 0.00424119 0.0204364 0.0583886 0.101077 0.116579 0.118336 0.135227 0.147475 0.132483 0.0947452 0.0493668 0.0169337 0.00362763 0.000481171 4.03463e-05 2.22842e-06 8.48031e-08 2.27257e-09 4.23344e-11 5.31885e-13 4.38373e-15
 5.27853e-08 1.98974e-06 4.42255e-05 0.000579647 0.00448103 0.0204576 0.0554934 0.0920928 0.105662 0.114167 0.1385 0.154516 0.141336 0.101109 0.0510971 0.0166523 0.00335877 0.00041791 3.27801e-05 1.68557e-06 5.92329e-08 1.45216e-09 2.4611e-11 2.81918e-13 2.14225e-15
 8.95344e-08 3.19519e-06 6.72349e-05 0.00083427 0.00610571 0.0263873 0.0677313 0.106145 0.114125 0.114489 0.131644 0.144488 0.132194 0.0931871 0.0453918 0.0141217 0.00272806 0.000329616 2.56588e-05 1.33737e-06 4.78814e-08 1.17457e-09 1.93293e-11 2.09192e-13 1.47315e-15
 1.39069e-07 4.69783e-06 9.35744e-05 0.0010991 0.00761506 0.0311684 0.0759153 0.113864 0.120688 0.123944 0.140619 0.143404 0.118993 0.0763876 0.0342984 0.00990875 0.00178137 0.000200155 1.44756e-05 7.02831e-07 2.36732e-08 5.55063e-10 8.87041e-12 9.41933e-14 6.51991e-16
 1.82948e-07 5.84958e-06 0.000110286 0.00122617 0.00804284 0.0311913 0.0722633 0.104871 0.113635 0.126583 0.149315 0.151226 0.122931 0.0760129 0.0322778 0.00870572 0.00144512 0.000147786 9.53285e-06 4.03874e-07 1.1737e-08 2.39323e-10 3.39487e-12 3.26865e-14 2.08716e-16
 2.50469e-07 7.58021e-06 0.000135272 0.0014236 0.00884018 0.0324794 0.0715214 0.100033 0.108775 0.125835 0.151175 0.15488 0.12687 0.0771292 0.0314373 0.00805476 0.00127089 0.000124518 7.78913e-06 3.22937e-07 9.13251e-09 1.76787e-10 2.30297e-12 1.98049e-14 1.11204e-16
 4.26088e-07 1.22062e-05 0.000206187 0.00205396 0.0120727 0.0419792 0.0874229 0.11524 0.116936 0.125876 0.143796 0.142843 0.113398 0.0658336 0.0252918 0.00606256 0.00089043 8.07857e-05 4.65178e-06 1.76832e-07 4.59795e-09 8.27074e-11 1.01396e-12 8.27182e-15 4.40443e-17
 4.97002e-07 1.34783e-05 0.000215538 0.00203291 0.0113202 0.0373961 0.07494 0.0999903 0.115241 0.143682 0.165837 0.152938 0.110604 0.0590676 0.0211797 0.00480148 0.000677321 6.02808e-05 3.49105e-06 1.35819e-07 3.59733e-09 6.4167e-11 7.5493e-13 5.76726e-15 2.84014e-17
 6.3076e-07 1.61953e-05 0.000245205 0.00218978 0.0115488 0.0361785 0.0691338 0.0898106 0.105216 0.136229 0.165174 0.163803 0.125097 0.0668635 0.02296 0.0048552 0.000626437 4.99244e-05 2.53175e-06 8.51923e-08 1.97507e-09 3.1921e-11 3.53655e-13 2.61264e-15 1.25654e-17
 8.61382e-07 2.09423e-05 0.000300246 0.00253927 0.0126886 0.0377438 0.0691352 0.0889163 0.108172 0.142985 0.169995 0.163011 0.11931 0.0607086 0.0198684 0.0040473 0.000513919 4.16126e-05 2.21739e-06 7.9546e-08 1.92159e-09 3.07209e-11 3.19112e-13 2.13342e-15 9.16536e-18
#pred catch len freq
 9.21046e-13 9.99708e-11 6.39816e-09 2.41455e-07 5.37366e-06 7.05702e-05 0.000548586 0.00256396 0.00774194 0.0191311 0.0506757 0.120864 0.197195 0.205318 0.147813 0.0900401 0.0546988 0.033411 0.0209638 0.0140854 0.0103696 0.0084649 0.00724074 0.00555821 0.00324037
 7.8799e-13 8.55289e-11 5.47388e-09 2.06577e-07 4.59763e-06 6.0393e-05 0.000470028 0.00220969 0.00684502 0.0181619 0.0519345 0.127663 0.209581 0.217762 0.155051 0.0917699 0.0526505 0.0289733 0.0153833 0.00831569 0.00483576 0.00320331 0.00238919 0.00173259 0.0010034
 1.18629e-12 1.28761e-10 8.24072e-09 3.10988e-07 6.92087e-06 9.08722e-05 0.000705736 0.00328291 0.00970458 0.0224781 0.0549308 0.126439 0.204722 0.213575 0.155031 0.0948354 0.0555129 0.0300389 0.0149206 0.00702621 0.00325394 0.00161171 0.000929895 0.000583471 0.000319839
 1.26374e-12 1.37167e-10 8.77871e-09 3.31291e-07 7.37273e-06 9.68071e-05 0.000751902 0.00349939 0.0103678 0.0241841 0.0596302 0.137568 0.221302 0.225126 0.152003 0.0812746 0.0423513 0.0221748 0.0110524 0.00507056 0.00211562 0.000835756 0.000346608 0.00016357 7.736e-05
 7.95475e-12 8.63412e-10 5.52583e-08 2.08528e-06 4.64007e-05 0.000608836 0.0047121 0.0215419 0.0585921 0.0982011 0.117076 0.136061 0.165486 0.159399 0.110751 0.0635824 0.0343041 0.0168657 0.00754442 0.00322686 0.00129856 0.000472254 0.000157407 5.26898e-05 1.86314e-05
 1.06628e-11 1.15734e-09 7.40699e-08 2.79517e-06 6.21966e-05 0.000816085 0.00631551 0.0288583 0.078303 0.129719 0.147739 0.155898 0.174276 0.154408 0.0873052 0.0295993 0.00593976 0.000705192 5.03908e-05 2.58377e-06 2.57033e-07 7.01565e-08 2.0895e-08 5.64704e-09 1.43979e-09
 1.17999e-11 1.28077e-09 8.1969e-08 3.09326e-06 6.88294e-05 0.000903102 0.00698852 0.0319241 0.0864919 0.142244 0.157241 0.154916 0.163626 0.142251 0.0800885 0.0271252 0.00543878 0.000643507 4.49012e-05 1.8474e-06 4.48194e-08 6.41134e-10 5.40792e-12 2.69119e-14 8.16076e-17
 1.22433e-11 1.32889e-09 8.50487e-08 3.20948e-06 7.14153e-05 0.000937028 0.0072509 0.0331193 0.0896845 0.147126 0.160946 0.154531 0.159472 0.13751 0.0772753 0.0261626 0.00524538 0.000620615 4.33038e-05 1.78168e-06 4.3225e-08 6.18329e-10 5.21562e-12 2.59446e-14 7.61281e-17
 1.24488e-11 1.3512e-09 8.64766e-08 3.26336e-06 7.26143e-05 0.000952759 0.00737256 0.0336735 0.0911648 0.14939 0.162663 0.154353 0.157546 0.135311 0.0759709 0.0257162 0.0051557 0.000610001 4.25631e-05 1.7512e-06 4.24854e-08 6.07744e-10 5.12614e-12 2.54961e-14 7.47762e-17
 1.19306e-11 1.29495e-09 8.28764e-08 3.1275e-06 6.95913e-05 0.000913099 0.00706583 0.0322762 0.0874326 0.143682 0.158333 0.154802 0.162402 0.140854 0.0792596 0.0268415 0.00538179 0.000636762 4.44305e-05 1.82803e-06 4.43495e-08 6.34407e-10 5.35099e-12 2.66136e-14 7.80453e-17
 1.23935e-11 1.3452e-09 8.60925e-08 3.24887e-06 7.22917e-05 0.000948527 0.00733984 0.0335244 0.0907666 0.148781 0.162201 0.154401 0.158064 0.135903 0.0763218 0.0258363 0.00517983 0.000612856 4.27623e-05 1.7594e-06 4.26843e-08 6.10588e-10 5.15009e-12 2.56145e-14 7.51167e-17
 1.3295e-11 1.44304e-09 9.23546e-08 3.48518e-06 7.75499e-05 0.00101751 0.00787337 0.0359549 0.0972584 0.15871 0.169733 0.153619 0.149616 0.126262 0.0706014 0.0238789 0.00478656 0.000566307 3.95141e-05 1.62575e-06 3.94419e-08 5.64207e-10 4.75887e-12 2.36686e-14 6.94089e-17
 1.32219e-11 1.43511e-09 9.18469e-08 3.46602e-06 7.71236e-05 0.00101192 0.00783012 0.0357579 0.0967321 0.157905 0.169123 0.153683 0.150301 0.127043 0.0710652 0.0240376 0.00481845 0.000570081 3.97775e-05 1.63659e-06 3.97048e-08 5.67967e-10 4.79059e-12 2.38263e-14 6.9871e-17
 1.19684e-11 1.29906e-09 8.31395e-08 3.13743e-06 6.98122e-05 0.000915997 0.00708824 0.0323783 0.0877053 0.144099 0.158649 0.154769 0.162047 0.140449 0.0790192 0.0267593 0.00536527 0.000634806 4.4294e-05 1.82242e-06 4.42132e-08 6.32459e-10 5.33456e-12 2.65318e-14 7.78053e-17
 1.28514e-11 1.3949e-09 8.92733e-08 3.3689e-06 7.49626e-05 0.000983567 0.00761084 0.034759 0.0940641 0.153825 0.166027 0.154004 0.153773 0.131005 0.0734161 0.024842 0.00498007 0.000589212 4.11124e-05 1.69151e-06 4.10374e-08 5.87028e-10 4.95137e-12 2.4626e-14 7.22159e-17
 1.40681e-11 1.52696e-09 9.7725e-08 3.68784e-06 8.20593e-05 0.00107667 0.00833093 0.0380393 0.102826 0.167225 0.176193 0.152949 0.142371 0.117993 0.0656956 0.0222002 0.0044493 0.000526387 3.67284e-05 1.51114e-06 3.66613e-08 5.2443e-10 4.42337e-12 2.2e-14 6.4515e-17
 1.40587e-11 1.52593e-09 9.76595e-08 3.68537e-06 8.20043e-05 0.00107595 0.00832535 0.0380138 0.102758 0.167121 0.176114 0.152957 0.14246 0.118094 0.0657555 0.0222207 0.00445342 0.000526874 3.67624e-05 1.51254e-06 3.66952e-08 5.24915e-10 4.42747e-12 2.20203e-14 6.45747e-17
 1.43761e-11 1.56038e-09 9.98643e-08 3.76857e-06 8.38557e-05 0.00110024 0.0085132 0.0388696 0.105044 0.170617 0.178766 0.152682 0.139486 0.1147 0.0637414 0.0215315 0.00431495 0.000510485 3.56188e-05 1.46548e-06 3.55536e-08 5.08585e-10 4.28973e-12 2.13353e-14 6.25658e-17
 1.45232e-11 1.57635e-09 1.00886e-07 3.80714e-06 8.47139e-05 0.0011115 0.00860028 0.0392663 0.106103 0.172237 0.179995 0.152554 0.138107 0.113126 0.0628077 0.021212 0.00425077 0.000502888 3.50886e-05 1.44367e-06 3.50244e-08 5.01015e-10 4.22588e-12 2.10177e-14 6.16346e-17
 1.51313e-11 1.64236e-09 1.05111e-07 3.96656e-06 8.8261e-05 0.00115804 0.0089602 0.0409058 0.110482 0.178935 0.185077 0.152027 0.132408 0.106623 0.0589489 0.0198916 0.00398547 0.000471487 3.28974e-05 1.35351e-06 3.28372e-08 4.69727e-10 3.96197e-12 1.97052e-14 5.77855e-17
 1.48139e-11 1.60791e-09 1.02906e-07 3.88335e-06 8.64096e-05 0.00113375 0.00877234 0.04005 0.108197 0.175439 0.182424 0.152302 0.135382 0.110017 0.060963 0.0205808 0.00412394 0.000487877 3.40411e-05 1.40057e-06 3.39788e-08 4.86058e-10 4.09972e-12 2.03902e-14 5.97945e-17
 1.66625e-11 1.80856e-09 1.15748e-07 4.36795e-06 9.71925e-05 0.00127521 0.00986646 0.0450341 0.121509 0.1958 0.197871 0.1507 0.118059 0.0902465 0.0492324 0.0165667 0.00331749 0.00039242 2.73801e-05 1.12651e-06 2.73298e-08 3.90946e-10 3.29748e-12 1.64002e-14 4.80939e-17
 1.68192e-11 1.82557e-09 1.16836e-07 4.40903e-06 9.81064e-05 0.0012872 0.00995919 0.0454566 0.122638 0.197526 0.19918 0.150564 0.116591 0.0885708 0.0482381 0.0162265 0.00324913 0.00038433 2.68155e-05 1.10328e-06 2.67663e-08 3.82884e-10 3.22948e-12 1.60621e-14 4.71021e-17
 1.721e-11 1.86798e-09 1.1955e-07 4.51145e-06 0.000100385 0.0013171 0.0101904 0.04651 0.125452 0.201829 0.202445 0.150225 0.112929 0.084392 0.0457587 0.0153781 0.00307868 0.000364154 2.54076e-05 1.04535e-06 2.53609e-08 3.62781e-10 3.05992e-12 1.52187e-14 4.4629e-17
 1.7193e-11 1.86614e-09 1.19433e-07 4.50701e-06 0.000100287 0.00131581 0.0101804 0.0464643 0.12533 0.201642 0.202303 0.15024 0.113088 0.0845732 0.0458662 0.0154149 0.00308607 0.000365029 2.54686e-05 1.04786e-06 2.54218e-08 3.63652e-10 3.06727e-12 1.52553e-14 4.47363e-17
 1.84523e-11 2.00282e-09 1.2818e-07 4.83711e-06 0.000107632 0.00141217 0.0109257 0.0498594 0.134398 0.215511 0.212824 0.149148 0.101288 0.071106 0.0378756 0.0126806 0.00253673 0.000300006 2.09313e-05 8.61177e-07 2.08927e-08 2.98865e-10 2.52081e-12 1.25374e-14 3.67661e-17
 1.83993e-11 1.99707e-09 1.27812e-07 4.82323e-06 0.000107323 0.00140812 0.0108944 0.0497166 0.134017 0.214928 0.212382 0.149194 0.101784 0.0716722 0.0382115 0.0127956 0.00255983 0.00030274 2.11221e-05 8.69026e-07 2.10831e-08 3.01588e-10 2.54378e-12 1.26517e-14 3.71012e-17
 1.85221e-11 2.0104e-09 1.28665e-07 4.85542e-06 0.000108039 0.00141751 0.010967 0.0500477 0.134901 0.216281 0.213408 0.149087 0.100633 0.070359 0.0374324 0.012529 0.00250626 0.0002964 2.06796e-05 8.50822e-07 2.06415e-08 2.95271e-10 2.4905e-12 1.23867e-14 3.6324e-17
#obs catch len freq
 3.13388e-11 2.90437e-09 1.58711e-07 5.11391e-06 9.71604e-05 0.00108853 0.00719309 0.0280758 0.0652129 0.0936554 0.0978964 0.106484 0.129672 0.138928 0.126742 0.0992637 0.0616031 0.0291439 0.0108137 0.00321555 0.000754655 0.000135093 1.76956e-05 1.62561e-06 1.01033e-07
 5.07439e-11 4.53578e-09 2.3906e-07 7.42931e-06 0.000136139 0.00147104 0.00937514 0.0352836 0.0789285 0.108515 0.106217 0.105626 0.121776 0.129592 0.119516 0.0925669 0.0549993 0.0244502 0.00851609 0.00239409 0.000529524 8.79918e-05 1.05502e-05 8.82167e-07 4.99075e-08
 2.28923e-11 1.97019e-09 9.99803e-08 2.99166e-06 5.2786e-05 0.00054933 0.00337584 0.0123292 0.0276491 0.043884 0.069032 0.118813 0.168429 0.179611 0.157278 0.115097 0.0648646 0.0272735 0.0088892 0.00231445 0.000472863 7.26784e-05 8.04665e-06 6.17683e-07 3.18717e-08
 1.64413e-18 7.22732e-16 1.8733e-13 2.86305e-11 2.58022e-09 1.37128e-07 4.29894e-06 7.95703e-05 0.000872014 0.00570825 0.0229129 0.060385 0.118362 0.189238 0.2331 0.198206 0.111718 0.0433363 0.0125612 0.00290103 0.000532508 7.42333e-05 7.48646e-06 5.24611e-07 2.47261e-08
 1.48542e-10 1.17949e-08 5.52238e-07 1.52457e-05 0.00024818 0.0023825 0.0134961 0.0452542 0.0913059 0.119838 0.13247 0.162001 0.178065 0.135432 0.0701478 0.0294414 0.0124773 0.00516646 0.001741 0.000430562 7.60923e-05 9.62053e-06 8.66013e-07 5.43332e-08 2.30717e-09
 2.67723e-10 2.03744e-08 9.14263e-07 2.41905e-05 0.000377409 0.00347211 0.0188414 0.0603972 0.115264 0.136238 0.117941 0.108366 0.116749 0.117909 0.100886 0.0655049 0.028529 0.00787694 0.00141223 0.000186352 2.18565e-05 2.33307e-06 1.93879e-07 1.11806e-08 4.2865e-10
 4.34854e-10 3.16744e-08 1.36038e-06 3.44508e-05 0.000514437 0.00452986 0.0235286 0.0722102 0.132103 0.150536 0.127864 0.115778 0.116282 0.103279 0.077556 0.0470552 0.0207997 0.0063544 0.00134928 0.000201824 2.12015e-05 1.57184e-06 8.55534e-08 3.56976e-09 1.12214e-10
 6.30135e-10 4.38742e-08 1.80124e-06 4.36038e-05 0.0006224 0.00523893 0.0260144 0.0763627 0.133935 0.147967 0.126304 0.118406 0.11932 0.104001 0.0756007 0.0431781 0.0173551 0.00466235 0.000858244 0.000115362 1.17619e-05 8.87012e-07 4.69038e-08 1.67487e-09 3.99384e-11
 9.19093e-10 6.1098e-08 2.39487e-06 5.53509e-05 0.000754334 0.00606231 0.0287442 0.0806053 0.135379 0.144776 0.123577 0.11851 0.119766 0.104234 0.075277 0.0417181 0.0158701 0.00393973 0.000648553 7.4849e-05 6.39617e-06 4.10609e-07 1.93295e-08 6.43053e-10 1.45759e-11
 1.29335e-09 8.19953e-08 3.06512e-06 6.75609e-05 0.000878097 0.00673038 0.0304405 0.0814999 0.13128 0.137377 0.121058 0.122328 0.124571 0.107384 0.0762416 0.0409513 0.014975 0.00357683 0.000568766 6.31116e-05 5.05926e-06 2.92721e-07 1.19748e-08 3.40262e-10 6.62657e-12
 1.80877e-09 1.09245e-07 3.89055e-06 8.16973e-05 0.0010116 0.00738711 0.0318381 0.0813145 0.125596 0.128855 0.117333 0.124237 0.129079 0.113364 0.0805924 0.041691 0.0141487 0.00301927 0.000408783 3.68033e-05 2.3588e-06 1.12994e-07 4.02378e-09 1.02222e-10 1.77846e-12
 3.01098e-09 1.73082e-07 5.86653e-06 0.000117247 0.00138173 0.00960308 0.03939 0.0957224 0.140513 0.136306 0.116216 0.116461 0.118185 0.103278 0.0723273 0.0361053 0.011686 0.00237023 0.000304566 2.5801e-05 1.51417e-06 6.34237e-08 1.88979e-09 3.93463e-11 5.64683e-13
 4.9981e-09 2.73196e-07 8.80506e-06 0.000167332 0.00187512 0.0123923 0.0483382 0.111744 0.15627 0.145229 0.119725 0.114846 0.108901 0.0876892 0.0566977 0.0263772 0.00800979 0.00152913 0.000185225 1.48008e-05 8.18633e-07 3.21873e-08 8.91564e-10 1.69562e-11 2.16816e-13
 5.66386e-09 2.94132e-07 9.0066e-06 0.000162619 0.00173143 0.0108743 0.0403543 0.0892385 0.122544 0.123281 0.127242 0.14217 0.135892 0.104827 0.0640763 0.0280327 0.00797498 0.00141906 0.000158863 1.15962e-05 5.8018e-07 2.06197e-08 5.20384e-10 9.09705e-12 1.07383e-13
 8.04585e-09 3.96669e-07 1.15311e-05 0.000197656 0.00199789 0.0119126 0.0419727 0.0881599 0.1152 0.111206 0.113092 0.13094 0.138753 0.121514 0.079447 0.0345463 0.0093445 0.00153858 0.000155041 9.81676e-06 4.08985e-07 1.18365e-08 2.46073e-10 3.65431e-12 3.76837e-14
 1.47676e-08 6.90707e-07 1.90487e-05 0.000309764 0.00297041 0.016802 0.0561519 0.111773 0.137828 0.123616 0.114589 0.12229 0.121034 0.0992736 0.0609096 0.0249399 0.00638482 0.00100343 9.78781e-05 6.11525e-06 2.55246e-07 7.34416e-09 1.45889e-10 1.95994e-12 1.74639e-14
 2.06382e-08 9.15211e-07 2.39309e-05 0.000368974 0.00335484 0.017997 0.0571029 0.108488 0.130746 0.123236 0.126379 0.13599 0.125041 0.093293 0.0525122 0.0199439 0.00475855 0.000696779 6.30829e-05 3.63726e-06 1.39639e-07 3.71583e-09 6.93159e-11 8.8964e-13 7.64768e-15
 3.03678e-08 1.27617e-06 3.16223e-05 0.000462037 0.00398114 0.0202408 0.0608909 0.109893 0.126862 0.117447 0.121485 0.133353 0.127516 0.0981083 0.0546999 0.0198982 0.00446646 0.000608403 5.06111e-05 2.63418e-06 8.93271e-08 2.06658e-09 3.35289e-11 3.79468e-13 2.92461e-15
 5.00162e-08 1.99099e-06 4.67325e-05 0.000646798 0.00527922 0.0254263 0.0724766 0.124065 0.136393 0.121426 0.121172 0.127314 0.116153 0.0850287 0.0450332 0.0156357 0.0033988 0.000461255 4.00217e-05 2.30009e-06 8.97938e-08 2.37529e-09 4.15786e-11 4.7044e-13 3.40329e-15
 7.06398e-08 2.66276e-06 5.91844e-05 0.000775688 0.0059958 0.0273561 0.0739818 0.121017 0.130922 0.122721 0.129988 0.134738 0.116728 0.0802227 0.0397102 0.012843 0.00258804 0.000323168 2.55781e-05 1.33777e-06 4.82778e-08 1.2246e-09 2.1507e-11 2.53762e-13 1.95828e-15
 9.44312e-08 3.36994e-06 7.09121e-05 0.000879896 0.00643958 0.0278292 0.0714193 0.111824 0.119753 0.11869 0.13358 0.142078 0.125276 0.0858083 0.0410644 0.012596 0.00238755 0.000279456 2.06731e-05 1.00547e-06 3.34626e-08 7.75669e-10 1.23875e-11 1.3328e-13 9.48853e-16
 1.60275e-07 5.41415e-06 0.000107842 0.00126665 0.00877466 0.0358901 0.0871258 0.128686 0.128642 0.117245 0.124073 0.129609 0.114072 0.0767359 0.0353214 0.0103371 0.00187761 0.000213687 1.57109e-05 7.74812e-07 2.62262e-08 6.06403e-10 9.37562e-12 9.51025e-14 6.26605e-16
 2.50034e-07 7.99454e-06 0.000150724 0.00167567 0.0109883 0.0425582 0.0979766 0.138165 0.135041 0.124433 0.129141 0.124949 0.0996081 0.0610362 0.0259051 0.00703928 0.00118941 0.000125817 8.59108e-06 3.94732e-07 1.25784e-08 2.78195e-10 4.17813e-12 4.15678e-14 2.68932e-16
 3.35355e-07 1.01492e-05 0.000181115 0.00190593 0.011832 0.0434128 0.094986 0.129124 0.127652 0.126604 0.137117 0.132048 0.102991 0.060634 0.0242914 0.00615394 0.000958715 9.21274e-05 5.59826e-06 2.24071e-07 6.15964e-09 1.18615e-10 1.58353e-12 1.42992e-14 8.53909e-17
 4.70816e-07 1.34875e-05 0.00022783 0.0022695 0.0133382 0.0463546 0.0962921 0.125536 0.122849 0.125014 0.13782 0.134351 0.105327 0.0607624 0.023323 0.00561019 0.000830972 7.65551e-05 4.51381e-06 1.7671e-07 4.71688e-09 8.5968e-11 1.05117e-12 8.46504e-15 4.44307e-17
 7.84307e-07 2.12696e-05 0.00034012 0.00320732 0.0178438 0.058695 0.115316 0.141688 0.129263 0.121894 0.127389 0.120248 0.0911673 0.0501259 0.0181143 0.00407364 0.000561326 4.7853e-05 2.59543e-06 9.31328e-08 2.2864e-09 3.87438e-11 4.45968e-13 3.40589e-15 1.69385e-17
 9.56822e-07 2.4567e-05 0.000371946 0.00332116 0.0175039 0.0546611 0.102954 0.126192 0.127213 0.138354 0.147171 0.129069 0.0891272 0.0451023 0.0152237 0.00324109 0.000429546 3.59834e-05 1.96537e-06 7.21475e-08 1.79983e-09 3.01481e-11 3.322e-13 2.37242e-15 1.09057e-17
 1.2407e-06 3.0164e-05 0.000432438 0.00365645 0.0182523 0.0540355 0.0968827 0.114896 0.116704 0.132208 0.148776 0.140471 0.101969 0.0514014 0.0165689 0.00328437 0.00039742 2.97539e-05 1.42091e-06 4.51203e-08 9.87251e-10 1.50226e-11 1.56146e-13 1.07876e-15 4.83997e-18
#spawning biomass
 23230.7 21067.9 18172.6 20660.1 37291.7 54009.2 62111.9 84434.5 108511 123129 140750 163637 195116 228939 214660 192585 194965 206771 211019 229535 223275 215556 211121 219229 194902 206367 210198 159384 109616 339854 556810 779083 989343 1.17851e+06 1.34338e+06 1.48426e+06 1.60327e+06 1.70332e+06 1.7874e+06 1.85832e+06 1.91854e+06 1.97015e+06 2.01315e+06 2.03491e+06 2.05599e+06 2.0764e+06 2.09616e+06 2.11531e+06 2.13385e+06 2.15181e+06 2.1692e+06 2.18604e+06 2.20235e+06 2.21815e+06 2.23345e+06 2.24826e+06 2.26261e+06 2.27651e+06 2.28997e+06 2.303e+06 2.31562e+06 2.32785e+06 2.33969e+06 2.35116e+06 2.36226e+06 2.37302e+06 2.38343e+06 2.39352e+06 2.40329e+06 2.41275e+06 2.42191e+06 2.43079e+06 2.43938e+06 2.44771e+06 2.45577e+06 2.46357e+06 2.47113e+06 2.47846e+06 2.48555e+06 2.49241e+06 2.49907e+06 2.50551e+06 2.51175e+06 2.51779e+06 2.52364e+06 2.52931e+06 2.53479e+06 2.54011e+06 2.54526e+06 2.55024e+06 2.55507e+06 2.55975e+06 2.56427e+06 2.56866e+06 2.57291e+06 2.57702e+06 2.581e+06 2.58486e+06 2.5886e+06 2.59222e+06 2.59572e+06 2.59912e+06 2.6024e+06 2.60559e+06 2.60867e+06 2.61166e+06 2.61455e+06 2.61735e+06 2.62006e+06 2.62269e+06 2.62523e+06 2.62769e+06 2.63008e+06 2.63239e+06 2.63463e+06 2.6368e+06 2.6389e+06 2.64093e+06 2.6429e+06 2.6448e+06 2.64665e+06 2.64844e+06 2.65017e+06 2.65185e+06 2.65347e+06 2.65505e+06 2.65657e+06 2.65804e+06 0 0 0 0 0 0 0 0 0 0 0 0 0 0 0 0 0 0 0 0 0 0 0 0 0
