SBPRF35
0.758106
Curr Bio
154977
B35
564942
F35
0.276656
FOFL
0.0630875
OFL
3413.58
Bzero
216602
#pred survey bio
 11649 11304 14403.1 20437.7 25577.5 28397.4 32927.4 38512.4 43016.5 54418.9 70453.7 84548.1 107438 128727 126092 115447 111239 108167 108372 110488 103426 109632 114641 121047 132923 140265 130779 116510 123246 4.17712e+06 4.33796e+06 5.12511e+06 4.90242e+06 4.30265e+06 3.66219e+06 3.1115e+06 2.6835e+06 2.36936e+06 2.14662e+06 1.99187e+06 1.88549e+06 1.81257e+06 1.76242e+06 1.72721e+06 1.70181e+06 1.68414e+06 1.6716e+06 1.66253e+06 1.65586e+06 1.65086e+06 1.64707e+06 1.64415e+06 1.64188e+06 1.6401e+06 1.6387e+06 1.63758e+06 1.63669e+06 1.63598e+06 1.63541e+06 1.63495e+06 1.63458e+06 1.63428e+06 1.63404e+06 1.63385e+06 1.63369e+06 1.63356e+06 1.63346e+06 1.63338e+06 1.63331e+06 1.63326e+06 1.63321e+06 1.63318e+06 1.63315e+06 1.63313e+06 1.63311e+06 1.63309e+06 1.63308e+06 1.63307e+06 1.63306e+06 1.63306e+06 1.63305e+06 1.63305e+06 1.63304e+06 1.63304e+06 1.63304e+06 1.63304e+06 1.63303e+06 1.63303e+06 1.63303e+06 1.63303e+06 1.63303e+06 1.63303e+06 1.63303e+06 1.63303e+06 1.63303e+06 1.63303e+06 1.63303e+06 1.63303e+06 1.63303e+06 1.63303e+06 1.63303e+06 1.63303e+06 1.63303e+06 1.63303e+06 1.63303e+06 1.63303e+06 1.63303e+06 1.63303e+06 1.63303e+06 1.63303e+06 1.63303e+06 1.63303e+06 1.63303e+06 1.63303e+06 1.63303e+06 1.63303e+06 1.63303e+06 1.63303e+06 1.63303e+06 1.63303e+06 1.63303e+06 1.63303e+06 1.63303e+06 1.63303e+06 1.63303e+06 1.63303e+06 1.63303e+06 1.63303e+06 1.63303e+06 0 0 0 0 0 0 0 0 0 0 0 0 0 0 0 0 0 0 0 0 0 0 0 0 0
#obs survey bio
 10265.3 9286.34 13651.9 20350.4 20701.7 34097.2 25278.8 43819.6 43908.2 58839.3 54198.3 71483.5 98159.1 143598 107121 67948.5 67083.3 95463 91481 93741.1 107458 88464.2 90410.5 82939.4 92277.2 131977 120117 96134.5 127706
#pred catch bio
 6841.58 6292.34 7128.94 11038.2 16062.7 17716.8 20482.4 25738.5 28952.8 35417.5 48018 59233.5 76117.8 96108 97007 90339 88768.8 87160.7 84944.1 93252.1 84978.2 89781.5 96208.1 101729 110522 118914 115112 96450.1 106971 3413.58 37396 51155 48694.6 41655.3 34491.2 28509.7 23970.2 20722.1 18488.3 16994.8 16016.3 15385 14982.1 14725.7 14562.4 14462.2 14400.7 14362.9 14339.7 14325.5 14316.8 14311.4 14308.1 14306.1 14304.9 14304.1 14303.7 14303.4 14303.2 14303.1 14303 14303 14303 14302.9 14302.9 14302.9 14302.9 14302.9 14302.9 14302.9 14302.9 14302.9 14302.9 14302.9 14302.9 14302.9 14302.9 14302.9 14302.9 14302.9 14302.9 14302.9 14302.9 14302.9 14302.9 14302.9 14302.9 14302.9 14302.9 14302.9 14302.9 14302.9 14302.9 14302.9 14302.9 14302.9 14302.9 14302.9 14302.9 14302.9 14302.9 14302.9 14302.9 14302.9 14302.9 14302.9 14302.9 14302.9 14302.9 14302.9 14302.9 14302.9 14302.9 14302.9 14302.9 14302.9 14302.9 14302.9 14302.9 14302.9 14302.9 14302.9 14302.9 14302.9 14302.9 14302.9 14302.9 14302.9 14302.9 0 0 0 0 0 0 0 0 0 0 0 0 0 0 0 0 0 0 0 0 0 0 0 0 0
#obs catch bio
 6014.49 6320.85 7036.9 10730.6 15938.5 17243.1 20172.2 25203.5 28258.5 34315.3 46215.1 57372.4 73191.2 91775.8 96869.1 91745.7 88805.5 86590.4 82647 92508.2 82490.1 86470.4 93559.2 99258.3 107105 113972 110363 94812.9 104974
#pred cpue bio
 8479.88 7753.83 8856.51 12958.2 16744.8 17793.1 20439 23942.8 25843 30380.2 40682.3 48844.3 58352.4 72936.3 75759.7 68306 62694.4 60210.5 58765.6 62014.3 54495 57249 60766.8 61415.8 66966.6 73456.3 70634.5 60162.4 64247.5 2.13679e+06 3.49865e+06 4.93686e+06 4.7913e+06 4.17503e+06 3.52609e+06 2.97291e+06 2.54428e+06 2.22999e+06 2.00721e+06 1.85246e+06 1.74607e+06 1.67316e+06 1.62301e+06 1.5878e+06 1.5624e+06 1.54473e+06 1.53219e+06 1.52312e+06 1.51644e+06 1.51145e+06 1.50765e+06 1.50473e+06 1.50247e+06 1.50069e+06 1.49928e+06 1.49817e+06 1.49728e+06 1.49657e+06 1.496e+06 1.49554e+06 1.49517e+06 1.49487e+06 1.49463e+06 1.49443e+06 1.49428e+06 1.49415e+06 1.49405e+06 1.49397e+06 1.4939e+06 1.49384e+06 1.4938e+06 1.49376e+06 1.49374e+06 1.49371e+06 1.49369e+06 1.49368e+06 1.49367e+06 1.49366e+06 1.49365e+06 1.49364e+06 1.49364e+06 1.49363e+06 1.49363e+06 1.49363e+06 1.49362e+06 1.49362e+06 1.49362e+06 1.49362e+06 1.49362e+06 1.49362e+06 1.49362e+06 1.49362e+06 1.49362e+06 1.49362e+06 1.49361e+06 1.49361e+06 1.49361e+06 1.49361e+06 1.49361e+06 1.49361e+06 1.49361e+06 1.49361e+06 1.49361e+06 1.49361e+06 1.49361e+06 1.49361e+06 1.49361e+06 1.49361e+06 1.49361e+06 1.49361e+06 1.49361e+06 1.49361e+06 1.49361e+06 1.49361e+06 1.49361e+06 1.49361e+06 1.49361e+06 1.49361e+06 1.49361e+06 1.49361e+06 1.49361e+06 1.49361e+06 1.49361e+06 1.49361e+06 1.49361e+06 1.49361e+06 1.49361e+06 1.49361e+06 1.49361e+06 0 0 0 0 0 0 0 0 0 0 0 0 0 0 0 0 0 0 0 0 0 0 0 0 0
#obs cpue bio
 6813.39 8926.58 11585.5 21367.3 23853.1 23930.4 30413.8 31488 41605.3 45611.6 85606.6 113129 101002 132289 65469.7 100029 92913.8 97130.2 91207.5 94134.8 92891.3 112028 128993 125259 148424 158734 150917 88412.9 106393
#pred surv len freq
 2.5617e-27 2.58444e-27 2.97701e-26 5.74036e-20 1.40718e-14 4.16973e-10 1.49353e-06 0.00064664 0.0338428 0.214099 0.164119 0.0400957 0.189885 0.175562 0.0434002 0.055222 0.0234505 0.0176517 0.0107182 0.00806258 0.00627202 0.00538813 0.00537763 0.00475496 0.00145015
 2.56365e-27 2.58997e-27 3.47642e-26 6.79393e-20 1.66545e-14 4.93502e-10 1.76764e-06 0.000765322 0.0400542 0.253394 0.194087 0.0377246 0.15079 0.1402 0.0503692 0.0797855 0.0272936 0.0116729 0.00517699 0.00291012 0.00183561 0.0013468 0.00118949 0.00105142 0.000351339
 2.56632e-27 2.59689e-27 4.05606e-26 8.01661e-20 1.96517e-14 5.82316e-10 2.08576e-06 0.000903054 0.0472626 0.298996 0.228928 0.0389967 0.135992 0.12585 0.035252 0.0490259 0.0195987 0.0125102 0.00407693 0.00129985 0.000541633 0.000300547 0.000218971 0.000181663 6.28444e-05
 2.5643e-27 2.5913e-27 3.55148e-26 6.9521e-20 1.70422e-14 5.04992e-10 1.8088e-06 0.000783139 0.0409867 0.259293 0.198648 0.0412981 0.17478 0.161536 0.0396761 0.0500129 0.0180654 0.00920868 0.0037434 0.00142744 0.000331901 0.000103618 5.28905e-05 3.76494e-05 1.2889e-05
 2.56386e-27 2.59032e-27 3.48366e-26 6.80911e-20 1.66917e-14 4.94605e-10 1.77159e-06 0.000767032 0.0401437 0.25396 0.194552 0.0398179 0.166393 0.154231 0.046244 0.0668069 0.0227701 0.0094704 0.0032697 0.00114333 0.000335289 6.62577e-05 1.6207e-05 8.18846e-06 2.62478e-06
 2.56497e-27 2.59318e-27 3.72151e-26 7.31082e-20 1.79216e-14 5.31049e-10 1.90213e-06 0.000823549 0.0431016 0.272673 0.20885 0.0403853 0.160666 0.148634 0.0396153 0.0531209 0.0189805 0.00919527 0.00289778 0.0008035 0.000200153 4.35965e-05 6.40481e-06 1.47778e-06 3.93152e-07
 2.56476e-27 2.59251e-27 3.65272e-26 7.16565e-20 1.75657e-14 5.20504e-10 1.86436e-06 0.000807196 0.0422457 0.267258 0.204731 0.0413342 0.170782 0.15784 0.038928 0.0491682 0.016742 0.00696045 0.00232772 0.000701231 0.000143291 2.55521e-05 3.55605e-06 3.80685e-07 5.90873e-08
 2.56484e-27 2.59274e-27 3.67663e-26 7.21612e-20 1.76895e-14 5.2417e-10 1.87749e-06 0.000812881 0.0425433 0.269141 0.206162 0.0409786 0.16707 0.154503 0.0399397 0.0522945 0.0173617 0.0065 0.00200283 0.000546868 0.000121067 1.92129e-05 2.14655e-06 1.69576e-07 1.14844e-08
 2.56556e-27 2.5946e-27 3.83052e-26 7.54071e-20 1.84852e-14 5.47748e-10 1.96194e-06 0.000849446 0.0444569 0.281247 0.215413 0.0413705 0.163553 0.151069 0.0359355 0.0440095 0.0145902 0.00543199 0.00159691 0.000386115 7.60337e-05 1.21377e-05 1.24028e-06 7.62162e-08 2.90262e-09
 2.56736e-27 2.59939e-27 4.24436e-26 8.41371e-20 2.06252e-14 6.11162e-10 2.18908e-06 0.000947788 0.0496038 0.313807 0.240269 0.04095 0.142889 0.131836 0.0295554 0.0342589 0.0110041 0.0035573 0.00102691 0.000242269 4.30736e-05 6.02719e-06 5.89534e-07 3.24596e-08 8.83791e-10
 2.56582e-27 2.59511e-27 3.85701e-26 7.59653e-20 1.8622e-14 5.51802e-10 1.97646e-06 0.000855733 0.044786 0.283329 0.217026 0.0428405 0.173606 0.160021 0.0316479 0.0319196 0.0100427 0.00293053 0.000794802 0.000165956 2.85348e-05 3.66957e-06 3.12473e-07 1.5955e-08 3.73715e-10
 2.56627e-27 2.59641e-27 3.98124e-26 7.85865e-20 1.92645e-14 5.70842e-10 2.04466e-06 0.00088526 0.0463313 0.293105 0.224472 0.0416988 0.159686 0.147375 0.0330261 0.0382256 0.0116334 0.0027157 0.000690848 0.000129718 1.99148e-05 2.35513e-06 1.83985e-07 8.20142e-09 1.73808e-10
 2.56765e-27 2.60008e-27 4.29736e-26 8.52549e-20 2.08992e-14 6.19281e-10 2.21816e-06 0.000960379 0.0502628 0.317976 0.24346 0.041476 0.14465 0.133319 0.0272461 0.0285944 0.00890959 0.00243986 0.000598761 9.11885e-05 1.24913e-05 1.29962e-06 9.07614e-08 3.65641e-09 6.79461e-11
 2.56592e-27 2.59529e-27 3.86437e-26 7.61204e-20 1.866e-14 5.52929e-10 1.9805e-06 0.00085748 0.0448774 0.283907 0.217478 0.043528 0.17852 0.164407 0.0297358 0.0264277 0.00796468 0.00177344 0.000437632 7.449e-05 9.10067e-06 7.85067e-07 4.74076e-08 1.68009e-09 2.78398e-11
 2.56445e-27 2.59141e-27 3.53055e-26 6.90784e-20 1.69337e-14 5.01777e-10 1.79728e-06 0.000778153 0.0407257 0.257643 0.197425 0.0436757 0.193733 0.178664 0.0362385 0.0376491 0.0110525 0.00191652 0.000427478 6.10741e-05 7.74539e-06 6.63375e-07 3.30353e-08 9.85859e-10 1.42194e-11
 2.56542e-27 2.5941e-27 3.77589e-26 7.42544e-20 1.82026e-14 5.39375e-10 1.93195e-06 0.00083646 0.0437773 0.276948 0.212145 0.042349 0.173295 0.159934 0.0352639 0.0401587 0.0120791 0.00256967 0.000570103 6.45151e-05 6.8933e-06 5.43999e-07 2.72895e-08 6.92794e-10 8.27907e-12
 2.56637e-27 2.59656e-27 3.98196e-26 7.86011e-20 1.92681e-14 5.70948e-10 2.04504e-06 0.000885425 0.0463399 0.293159 0.22453 0.0427326 0.167512 0.154353 0.0298404 0.0292007 0.00885697 0.00204133 0.000475957 6.31259e-05 6.23057e-06 3.87095e-07 1.69605e-08 4.18827e-10 4.3721e-12
 2.5663e-27 2.5963e-27 3.95082e-26 7.7944e-20 1.9107e-14 5.66175e-10 2.02795e-06 0.000878023 0.0459526 0.290709 0.222671 0.043475 0.174468 0.160629 0.0283615 0.0242308 0.00708805 0.00121999 0.000272276 3.85592e-05 4.19987e-06 2.76011e-07 9.86641e-09 2.03853e-10 1.99599e-12
 2.56703e-27 2.59829e-27 4.12752e-26 8.16716e-20 2.00208e-14 5.93252e-10 2.12493e-06 0.000920013 0.0481502 0.304611 0.233278 0.0429356 0.162911 0.14997 0.0265994 0.0228888 0.00658462 0.000937179 0.000188245 2.06159e-05 2.17174e-06 1.55911e-07 6.04023e-09 1.09231e-10 8.80821e-13
 2.56595e-27 2.59532e-27 3.86253e-26 7.60812e-20 1.86504e-14 5.52645e-10 1.97948e-06 0.00085704 0.0448544 0.283761 0.217373 0.0438896 0.181346 0.166945 0.0289235 0.0239163 0.00689591 0.00101596 0.000200675 1.84388e-05 1.59552e-06 9.57044e-08 3.88176e-09 7.59748e-11 5.65017e-13
 2.56764e-27 2.59991e-27 4.26788e-26 8.46325e-20 2.07466e-14 6.1476e-10 2.20197e-06 0.000953368 0.0498958 0.315655 0.241708 0.0427426 0.15552 0.143096 0.0244002 0.019603 0.00557997 0.000699968 0.00013165 1.21449e-05 9.74593e-07 4.68615e-08 1.53276e-09 2.9243e-11 2.32349e-13
 2.56757e-27 2.59965e-27 4.23949e-26 8.40334e-20 2.05998e-14 6.10408e-10 2.18638e-06 0.000946619 0.0495426 0.31342 0.240011 0.0433096 0.161027 0.148061 0.0231509 0.0155072 0.00438786 0.000529812 9.63518e-05 7.71948e-06 5.83689e-07 2.7075e-08 7.40149e-10 1.11622e-11 8.19049e-14
 2.56722e-27 2.59873e-27 4.1583e-26 8.23207e-20 2.01799e-14 5.97967e-10 2.14182e-06 0.000927325 0.0485329 0.307032 0.235136 0.0434915 0.165836 0.152517 0.0242725 0.0169383 0.00474528 0.000481274 8.10496e-05 6.25553e-06 4.39831e-07 1.79299e-08 4.6447e-10 6.08685e-12 3.54721e-14
 2.5683e-27 2.60165e-27 4.41728e-26 8.7784e-20 2.15192e-14 6.37652e-10 2.28396e-06 0.000988868 0.0517538 0.327409 0.250682 0.0426866 0.148788 0.136789 0.0215634 0.0147222 0.00412275 0.000418077 6.91438e-05 4.55984e-06 2.88861e-07 1.10492e-08 2.55101e-10 3.03991e-12 1.57103e-14
 2.56823e-27 2.60143e-27 4.39362e-26 8.72848e-20 2.13968e-14 6.34026e-10 2.27097e-06 0.000983245 0.0514595 0.325547 0.249267 0.0431266 0.15313 0.140706 0.0206183 0.0115837 0.00321828 0.000305375 4.88293e-05 3.18295e-06 1.89909e-07 6.16209e-09 1.29522e-10 1.39261e-12 6.43446e-15
 2.56732e-27 2.59896e-27 4.17488e-26 8.26702e-20 2.02656e-14 6.00506e-10 2.15091e-06 0.000931262 0.0487389 0.308336 0.236136 0.0437722 0.16727 0.15376 0.0230444 0.0138258 0.00382068 0.00031475 4.60987e-05 2.84538e-06 1.63187e-07 5.1188e-09 9.52814e-11 8.90983e-13 3.71232e-15
 2.5666e-27 2.59701e-27 4.00405e-26 7.90664e-20 1.93822e-14 5.74329e-10 2.05715e-06 0.000890667 0.0466143 0.294895 0.225878 0.0441551 0.17739 0.163133 0.0253165 0.0166444 0.00461887 0.000398755 5.94813e-05 3.2568e-06 1.66689e-07 4.91005e-09 8.77752e-11 7.51167e-13 2.71088e-15
 2.56778e-27 2.60021e-27 4.28806e-26 8.50579e-20 2.08509e-14 6.1785e-10 2.21303e-06 0.000958159 0.0501466 0.317241 0.242927 0.0432525 0.158543 0.14575 0.0224025 0.0143785 0.00399143 0.000350754 5.30166e-05 2.98644e-06 1.51446e-07 3.88501e-09 6.28464e-11 5.07222e-13 1.70436e-15
 2.56756e-27 2.59963e-27 4.23717e-26 8.39843e-20 2.05877e-14 6.10051e-10 2.1851e-06 0.000946066 0.0495137 0.313237 0.239872 0.0433813 0.16167 0.148641 0.0230191 0.0150568 0.00419691 0.000396913 6.26551e-05 3.63974e-06 1.90751e-07 5.00778e-09 7.56195e-11 5.34749e-13 1.66013e-15
#obs surv len freq
 1.08374e-41 1.50416e-33 2.52353e-26 5.11768e-20 1.25454e-14 3.71742e-10 1.33152e-06 0.000576503 0.0301718 0.190877 0.14646 0.0401433 0.173245 0.146607 0.103876 0.101838 0.044295 0.0174257 0.00395758 0.000498885 2.57171e-05 3.93468e-07 1.34252e-09 8.31505e-13 8.18463e-17
 1.60189e-41 2.22331e-33 3.73007e-26 7.56451e-20 1.85435e-14 5.49478e-10 1.96814e-06 0.000852137 0.0445974 0.282137 0.216162 0.0406654 0.126724 0.102296 0.0761484 0.0688741 0.0288925 0.0103228 0.00209043 0.000226106 9.51877e-06 1.12537e-07 2.84795e-10 1.27718e-13 8.98427e-18
 1.53494e-41 2.1304e-33 3.57419e-26 7.24838e-20 1.77686e-14 5.26515e-10 1.88589e-06 0.000816525 0.0427337 0.270347 0.207387 0.049942 0.176429 0.128649 0.0567076 0.0429061 0.0173646 0.00561838 0.00100328 9.10201e-05 3.0747e-06 2.79399e-08 5.24488e-11 1.70402e-14 8.56663e-19
 1.07543e-41 1.49262e-33 2.50419e-26 5.07844e-20 1.24492e-14 3.68893e-10 1.32131e-06 0.000572083 0.0299405 0.189415 0.145822 0.0565142 0.230432 0.163192 0.0978979 0.065748 0.0159328 0.00388497 0.000600542 4.49853e-05 1.19455e-06 8.22814e-09 1.14104e-11 2.68795e-15 9.67477e-20
 1.50616e-41 2.09045e-33 3.50716e-26 7.11246e-20 1.74354e-14 5.16642e-10 1.85053e-06 0.000801214 0.0419323 0.265278 0.203553 0.0472935 0.142362 0.104179 0.103585 0.0686079 0.0186217 0.00344611 0.000319715 1.80384e-05 3.69826e-07 1.90185e-09 1.92792e-12 3.27897e-16 8.44889e-21
 1.20138e-41 1.66743e-33 2.79747e-26 5.6732e-20 1.39072e-14 4.12096e-10 1.47606e-06 0.000639083 0.033447 0.211599 0.163122 0.0650461 0.231447 0.144105 0.0782876 0.0495163 0.0188389 0.00365515 0.000284576 9.70131e-06 1.31676e-07 4.90196e-10 3.59046e-13 4.37173e-17 8.02272e-22
 1.3752e-41 1.90869e-33 3.20223e-26 6.49406e-20 1.59194e-14 4.71721e-10 1.68963e-06 0.000731551 0.0382865 0.242215 0.186374 0.0578625 0.174884 0.116588 0.110145 0.057214 0.0129552 0.00251289 0.00022326 6.34643e-06 5.37812e-08 1.2414e-10 6.18967e-14 5.3058e-18 6.88033e-23
 1.19352e-41 1.65652e-33 2.77916e-26 5.63608e-20 1.38162e-14 4.09399e-10 1.4664e-06 0.0006349 0.0332282 0.210217 0.162506 0.0721307 0.226793 0.133216 0.0941045 0.0498511 0.0150504 0.00212316 0.000139989 3.91504e-06 2.77968e-08 4.22514e-11 1.2886e-14 7.10232e-19 6.2436e-24
 1.51636e-41 2.10461e-33 3.53091e-26 7.16063e-20 1.75534e-14 5.2014e-10 1.86306e-06 0.00080664 0.0422163 0.267078 0.20575 0.0644935 0.167117 0.103917 0.095811 0.0418983 0.00946163 0.00136603 8.01785e-05 1.59986e-06 9.43435e-09 1.17798e-11 2.55414e-15 9.01604e-20 4.98132e-25
 1.51921e-41 2.10856e-33 3.53754e-26 7.17407e-20 1.75864e-14 5.21116e-10 1.86655e-06 0.000808153 0.0422955 0.267583 0.206756 0.0780194 0.198618 0.103718 0.0660894 0.0283111 0.00697981 0.000780994 3.77289e-05 6.42148e-07 2.76797e-09 2.57666e-12 4.36285e-16 1.15815e-20 4.47211e-26
 1.09748e-41 1.52323e-33 2.55554e-26 5.18258e-20 1.27045e-14 3.76457e-10 1.34841e-06 0.000583815 0.0305545 0.193312 0.15111 0.0971135 0.257885 0.136073 0.0953959 0.0318864 0.00549427 0.000567238 2.32114e-05 3.00739e-07 1.01544e-09 6.99464e-13 8.45489e-17 1.63973e-21 4.71835e-27
 1.66857e-41 2.31587e-33 3.88535e-26 7.87942e-20 1.93155e-14 5.72352e-10 2.05007e-06 0.000887611 0.046454 0.293892 0.226915 0.0713745 0.144937 0.0937774 0.0888365 0.0281318 0.00445804 0.000323726 9.78868e-06 1.01625e-07 2.56204e-10 1.30159e-13 1.1548e-17 1.60283e-22 3.25939e-28
 1.33446e-41 1.85215e-33 3.10736e-26 6.30167e-20 1.54478e-14 4.57747e-10 1.63957e-06 0.000709879 0.0371523 0.235061 0.184167 0.110507 0.242909 0.106883 0.0578038 0.0205203 0.00401314 0.000265462 6.02282e-06 4.29058e-08 7.90475e-11 2.95023e-14 1.88368e-18 1.87644e-23 2.73575e-29
 1.11673e-41 1.54995e-33 2.60035e-26 5.27347e-20 1.29273e-14 3.83059e-10 1.37206e-06 0.000594053 0.0310904 0.196718 0.15548 0.111898 0.235269 0.137874 0.103889 0.024013 0.00296216 0.000205935 4.59158e-06 2.52854e-08 3.17835e-11 8.11435e-15 3.66506e-19 2.60299e-24 2.69282e-30
 8.79883e-42 1.22122e-33 2.04885e-26 4.15502e-20 1.01856e-14 3.01816e-10 1.08106e-06 0.000468061 0.0244965 0.155015 0.124918 0.123725 0.249694 0.159374 0.123563 0.0340076 0.00453431 0.000199127 3.3777e-06 1.69601e-08 1.72782e-11 3.13584e-15 9.56154e-20 4.60903e-25 3.30323e-31
 1.41704e-41 1.96676e-33 3.29966e-26 6.69163e-20 1.64038e-14 4.86073e-10 1.74104e-06 0.000753808 0.0394513 0.249616 0.195682 0.0948786 0.160281 0.126169 0.100902 0.028132 0.00394692 0.00018287 2.42723e-06 8.28892e-09 6.59768e-12 9.68508e-16 2.23637e-20 7.62965e-26 3.73388e-32
 9.75821e-42 1.35437e-33 2.27224e-26 4.60807e-20 1.12961e-14 3.34725e-10 1.19893e-06 0.000519096 0.0271675 0.171955 0.141789 0.162449 0.273316 0.126157 0.0717028 0.021726 0.00307437 0.000140448 1.81169e-06 5.19279e-09 2.91621e-12 2.99126e-16 5.14689e-21 1.34102e-26 4.91432e-33
 1.44017e-41 1.99886e-33 3.3535e-26 6.80083e-20 1.66714e-14 4.94005e-10 1.76945e-06 0.000766109 0.0400952 0.253715 0.200797 0.107977 0.161263 0.135388 0.0833931 0.0149461 0.00158661 7.04634e-05 8.50467e-07 2.20082e-09 1.04387e-12 8.1338e-17 9.82164e-22 1.77331e-27 4.62541e-34
 1.00199e-41 1.39069e-33 2.33317e-26 4.73162e-20 1.1599e-14 3.437e-10 1.23108e-06 0.000533014 0.027896 0.176623 0.149321 0.183683 0.26138 0.121189 0.0621496 0.0157333 0.00144954 4.13823e-05 4.01682e-07 9.07508e-10 3.67005e-13 2.36209e-17 2.25605e-22 3.05428e-28 5.69867e-35
 1.2868e-41 1.786e-33 2.99638e-26 6.07659e-20 1.48961e-14 4.41397e-10 1.58101e-06 0.000684524 0.0358254 0.226761 0.18403 0.132136 0.18118 0.152705 0.074319 0.0113766 0.000953753 2.70603e-05 1.8749e-07 2.979e-10 9.43013e-14 4.90215e-18 3.74807e-23 3.996e-29 5.75829e-36
 1.4151e-41 1.96406e-33 3.29512e-26 6.68243e-20 1.63812e-14 4.85405e-10 1.73864e-06 0.000752771 0.0393973 0.249417 0.205122 0.159491 0.187424 0.100964 0.0472354 0.0095449 0.000635856 1.28219e-05 7.59294e-08 9.37877e-11 2.06051e-14 7.57002e-19 4.30969e-24 3.5153e-30 3.89405e-37
 1.1286e-41 1.56642e-33 2.628e-26 5.32952e-20 1.30647e-14 3.87131e-10 1.38664e-06 0.000600367 0.0314213 0.199062 0.172706 0.196922 0.225571 0.122594 0.0443849 0.00631657 0.000413198 7.79817e-06 3.37697e-08 3.10696e-11 5.26709e-15 1.41762e-19 5.63189e-25 3.1951e-31 2.51827e-38
 1.3799e-41 1.91521e-33 3.21317e-26 6.51624e-20 1.59738e-14 4.73333e-10 1.6954e-06 0.00073405 0.0384178 0.243311 0.203718 0.160615 0.179023 0.12553 0.0432684 0.00514033 0.000237472 3.49923e-06 1.30954e-08 9.3899e-12 1.14432e-15 2.23354e-20 6.53941e-26 2.70077e-32 1.51146e-39
 1.35666e-41 1.88295e-33 3.15904e-26 6.40647e-20 1.57047e-14 4.6536e-10 1.66684e-06 0.000721686 0.037771 0.239359 0.207245 0.193904 0.187997 0.0967626 0.0319576 0.00411555 0.000163875 1.74877e-06 4.6618e-09 2.57619e-12 2.45548e-16 3.57355e-21 7.49451e-27 2.19939e-33 8.81973e-41
 1.18492e-41 1.64459e-33 2.75914e-26 5.59549e-20 1.37167e-14 4.0645e-10 1.45584e-06 0.000630329 0.0329902 0.209268 0.189989 0.213817 0.206902 0.113432 0.0299068 0.00295448 0.000108476 1.03216e-06 2.07859e-09 8.00507e-13 5.40255e-17 5.79302e-22 9.09006e-28 1.97275e-34 5.72606e-42
 1.06344e-41 1.47599e-33 2.47627e-26 5.02183e-20 1.23104e-14 3.64781e-10 1.30658e-06 0.000565707 0.0296086 0.188027 0.178093 0.22107 0.217375 0.129858 0.0325082 0.00281536 7.74908e-05 5.79003e-07 9.69305e-10 2.92734e-13 1.42705e-17 1.06279e-22 1.16084e-28 1.7884e-35 3.75226e-43
 1.04618e-41 1.45203e-33 2.43608e-26 4.94033e-20 1.21106e-14 3.5886e-10 1.28538e-06 0.000556526 0.0291288 0.185148 0.179228 0.221227 0.217078 0.132583 0.0322955 0.00269042 6.34569e-05 3.62666e-07 4.45693e-10 1.02288e-13 3.85041e-18 2.15902e-23 1.70755e-29 1.84989e-36 2.69504e-44
 1.2687e-41 1.76087e-33 2.95423e-26 5.99112e-20 1.46865e-14 4.35188e-10 1.55877e-06 0.000674896 0.0353235 0.224233 0.204624 0.199736 0.192429 0.113363 0.0273078 0.00225571 5.16719e-05 2.71531e-07 2.82487e-10 5.19651e-14 1.55752e-18 7.09338e-24 4.6335e-30 4.15228e-37 4.94956e-45
 1.26873e-41 1.76091e-33 2.95429e-26 5.99124e-20 1.46868e-14 4.35197e-10 1.55881e-06 0.000674909 0.0353242 0.224237 0.204628 0.199745 0.192597 0.113715 0.0269275 0.00210432 4.46234e-05 2.1276e-07 1.97868e-10 3.21567e-14 8.442e-19 3.34982e-24 1.90122e-30 1.4784e-37 1.52771e-45
#pred catch len freq
 2.55614e-27 2.56972e-27 1.71684e-26 3.08208e-20 7.55534e-15 2.23878e-10 8.01894e-07 0.000347189 0.0181706 0.114953 0.088416 0.0402655 0.244364 0.226317 0.0609436 0.0826714 0.0350897 0.0263463 0.0159185 0.0119264 0.00925621 0.00794378 0.00792565 0.00700748 0.0021371
 2.55742e-27 2.57359e-27 2.08254e-26 3.85362e-20 9.44669e-15 2.79922e-10 1.00264e-06 0.000434103 0.0227194 0.14373 0.110341 0.0372287 0.205855 0.191969 0.0767751 0.127097 0.0434693 0.0185461 0.00819065 0.00458268 0.00288334 0.00211322 0.0018657 0.00164902 0.000551024
 2.55985e-27 2.57978e-27 2.587e-26 4.91767e-20 1.20551e-14 3.57213e-10 1.27948e-06 0.000553965 0.0289925 0.183415 0.140685 0.0397716 0.203887 0.189177 0.0585879 0.0865424 0.0346011 0.0220641 0.00717173 0.00227404 0.000944838 0.000523592 0.000381312 0.000316316 0.000109425
 2.55833e-27 2.57543e-27 2.17855e-26 4.05591e-20 9.94257e-15 2.94616e-10 1.05527e-06 0.00045689 0.023912 0.151274 0.11619 0.0428008 0.244149 0.226068 0.0604419 0.0812461 0.029343 0.0149183 0.00604134 0.002294 0.000532057 0.000165802 8.45822e-05 6.0202e-05 2.06094e-05
 2.55827e-27 2.57553e-27 2.21076e-26 4.12396e-20 1.01094e-14 2.99559e-10 1.07297e-06 0.000464555 0.0243131 0.153812 0.118094 0.0406284 0.22628 0.21014 0.0678336 0.102055 0.0347353 0.0143497 0.00493518 0.00171626 0.000502019 9.90743e-05 2.42135e-05 1.22313e-05 3.92064e-06
 2.55942e-27 2.57841e-27 2.44431e-26 4.61656e-20 1.13169e-14 3.35341e-10 1.20114e-06 0.000520046 0.0272173 0.172185 0.132141 0.0417728 0.225119 0.208616 0.0593363 0.0831009 0.0296364 0.0142555 0.0044777 0.00123439 0.00030662 6.66865e-05 9.79072e-06 2.25829e-06 6.0078e-07
 2.55929e-27 2.5779e-27 2.38481e-26 4.49098e-20 1.10091e-14 3.2622e-10 1.16846e-06 0.0005059 0.026477 0.167501 0.128586 0.0431124 0.237811 0.220126 0.0577508 0.0764815 0.0260047 0.0107321 0.00357552 0.00107139 0.000218371 3.88734e-05 5.40614e-06 5.78581e-07 8.97959e-08
 2.55966e-27 2.57891e-27 2.47598e-26 4.68332e-20 1.14806e-14 3.4019e-10 1.2185e-06 0.000527566 0.0276109 0.174675 0.134056 0.0426484 0.230438 0.213402 0.0580475 0.0788121 0.026114 0.00967975 0.00297117 0.000806408 0.00017804 2.82113e-05 3.14941e-06 2.48728e-07 1.68431e-08
 2.56051e-27 2.58107e-27 2.65123e-26 5.05296e-20 1.23867e-14 3.67041e-10 1.31468e-06 0.000569206 0.0297902 0.188462 0.144596 0.043417 0.228881 0.211681 0.0525735 0.0667364 0.0220769 0.00813043 0.00238141 0.000572233 0.000112367 1.79076e-05 1.82856e-06 1.12331e-07 4.27754e-09
 2.56242e-27 2.5861e-27 3.08182e-26 5.96129e-20 1.46134e-14 4.33021e-10 1.55101e-06 0.000671527 0.0351453 0.222339 0.170462 0.0432932 0.209766 0.193806 0.0451771 0.0543086 0.0174119 0.00556468 0.0016001 0.000375164 6.6519e-05 9.29128e-06 9.08086e-07 4.99838e-08 1.36077e-09
 2.561e-27 2.5821e-27 2.71293e-26 5.18303e-20 1.27056e-14 3.76489e-10 1.34852e-06 0.000583858 0.030557 0.193313 0.148335 0.0456032 0.242891 0.224109 0.0457557 0.0479722 0.0150689 0.00434455 0.00117378 0.00024351 4.17497e-05 5.3596e-06 4.56008e-07 2.32761e-08 5.45135e-10
 2.56157e-27 2.58377e-27 2.87311e-26 5.521e-20 1.35341e-14 4.01038e-10 1.43645e-06 0.000621929 0.0325495 0.205918 0.157935 0.0440424 0.224269 0.207206 0.0478744 0.057028 0.0173299 0.00399196 0.00101114 0.000188602 2.88705e-05 3.40775e-06 2.65996e-07 1.1853e-08 2.51162e-10
 2.5633e-27 2.58833e-27 3.26358e-26 6.34467e-20 1.55532e-14 4.60869e-10 1.65075e-06 0.000714714 0.0374055 0.236638 0.181392 0.0440086 0.207531 0.191477 0.0399416 0.0429144 0.0133427 0.0035997 0.000880074 0.000133109 1.81757e-05 1.88728e-06 1.31684e-07 5.30306e-09 9.85317e-11
 2.56167e-27 2.58377e-27 2.84662e-26 5.46501e-20 1.33968e-14 3.96972e-10 1.42189e-06 0.000615622 0.0322194 0.20383 0.156378 0.0463988 0.243295 0.224227 0.0411612 0.037424 0.0112598 0.00246836 0.000606238 0.000102488 1.24866e-05 1.07482e-06 6.48426e-08 2.29705e-09 3.80572e-11
 2.56024e-27 2.58003e-27 2.52868e-26 4.79433e-20 1.17527e-14 3.48254e-10 1.24739e-06 0.000540071 0.0282654 0.178815 0.137274 0.0461852 0.255092 0.235412 0.0485779 0.0514959 0.0150987 0.00257852 0.000572156 8.11754e-05 1.02617e-05 8.77177e-07 4.36411e-08 1.30176e-09 1.87726e-11
 2.56134e-27 2.5831e-27 2.81003e-26 5.38789e-20 1.32078e-14 3.9137e-10 1.40182e-06 0.000606935 0.0317648 0.200953 0.154153 0.0445895 0.23109 0.213428 0.0476564 0.0549515 0.0164966 0.00345104 0.000762341 8.56729e-05 9.1214e-06 7.18235e-07 3.59958e-08 9.13427e-10 1.09136e-11
 2.56261e-27 2.58637e-27 3.08261e-26 5.96287e-20 1.46172e-14 4.33135e-10 1.55142e-06 0.000671704 0.0351546 0.222398 0.170538 0.045201 0.224231 0.20675 0.0401497 0.0395209 0.0119586 0.00270622 0.000628058 8.27105e-05 8.13944e-06 5.045e-07 2.20803e-08 5.45e-10 5.68817e-12
 2.56263e-27 2.58633e-27 3.06852e-26 5.9331e-20 1.45443e-14 4.30973e-10 1.54367e-06 0.000668352 0.0349791 0.221288 0.169705 0.0461291 0.231879 0.213611 0.0378126 0.0324414 0.00947364 0.00160121 0.000355212 4.99434e-05 5.42345e-06 3.55671e-07 1.27011e-08 2.62277e-10 2.5675e-12
 2.56329e-27 2.58811e-27 3.22621e-26 6.26577e-20 1.53598e-14 4.55138e-10 1.63023e-06 0.000705826 0.0369404 0.233696 0.179171 0.04563 0.22143 0.203981 0.0363417 0.0315018 0.00905108 0.00126639 0.00025276 2.74858e-05 2.88483e-06 2.06663e-07 7.99886e-09 1.44582e-10 1.16561e-12
 2.56261e-27 2.58623e-27 3.05628e-26 5.90728e-20 1.4481e-14 4.29097e-10 1.53695e-06 0.000665442 0.0348269 0.220325 0.168974 0.0464036 0.234482 0.215961 0.0373016 0.0306773 0.00883066 0.00127654 0.000250522 2.28593e-05 1.97025e-06 1.17893e-07 4.77657e-09 9.34453e-11 6.94801e-13
 2.56438e-27 2.59105e-27 3.48204e-26 6.80544e-20 1.66827e-14 4.94339e-10 1.77064e-06 0.000766619 0.0401221 0.253824 0.194534 0.0452255 0.207558 0.191093 0.0324769 0.0259324 0.00737144 0.000907911 0.00016948 1.5526e-05 1.2413e-06 5.95394e-08 1.94507e-09 3.70886e-11 2.94625e-13
 2.56428e-27 2.5907e-27 3.4436e-26 6.72432e-20 1.64839e-14 4.88446e-10 1.74953e-06 0.000757481 0.0396438 0.250798 0.192236 0.0459757 0.214881 0.197696 0.0308401 0.0205414 0.00580465 0.000688388 0.000124249 9.88825e-06 7.44557e-07 3.44538e-08 9.40774e-10 1.4179e-11 1.04014e-13
 2.56406e-27 2.59011e-27 3.39259e-26 6.61672e-20 1.62201e-14 4.8063e-10 1.72154e-06 0.000745359 0.0390094 0.246785 0.189172 0.0460447 0.217559 0.200192 0.0317206 0.0219157 0.00613255 0.000611286 0.000102013 7.82114e-06 5.4762e-07 2.22685e-08 5.76141e-10 7.54575e-12 4.3962e-14
 2.56539e-27 2.59372e-27 3.71213e-26 7.29082e-20 1.78726e-14 5.29596e-10 1.89692e-06 0.000821295 0.0429836 0.271927 0.208355 0.0450653 0.196629 0.180879 0.0283322 0.0190537 0.0053288 0.000530828 8.69909e-05 5.70112e-06 3.59437e-07 1.37143e-08 3.16234e-10 3.76594e-12 1.94569e-14
 2.56523e-27 2.59323e-27 3.66316e-26 7.18748e-20 1.76192e-14 5.2209e-10 1.87004e-06 0.000809655 0.0423744 0.268073 0.205422 0.0456933 0.203468 0.187073 0.0272952 0.015133 0.00419929 0.000391731 6.20382e-05 4.01907e-06 2.38685e-07 7.72536e-09 1.62154e-10 1.74231e-12 8.04781e-15
 2.56428e-27 2.59064e-27 3.43398e-26 6.70402e-20 1.64341e-14 4.86972e-10 1.74425e-06 0.000755194 0.0395241 0.250041 0.191663 0.0463467 0.218107 0.200593 0.0299179 0.0177049 0.00488766 0.000396332 5.7412e-05 3.52228e-06 2.01029e-07 6.29016e-09 1.16926e-10 1.0926e-12 4.55088e-15
 2.56375e-27 2.58922e-27 3.311e-26 6.44458e-20 1.57981e-14 4.68126e-10 1.67675e-06 0.000725968 0.0379946 0.240364 0.184278 0.0465364 0.22474 0.20676 0.0318343 0.0205199 0.00568743 0.000482808 7.12481e-05 3.87936e-06 1.97481e-07 5.80223e-09 1.03579e-10 8.8578e-13 3.19561e-15
 2.56463e-27 2.59162e-27 3.52372e-26 6.89333e-20 1.68982e-14 5.00723e-10 1.79351e-06 0.000776519 0.0406402 0.257102 0.197047 0.0458557 0.210588 0.193709 0.0296648 0.0188604 0.00523052 0.000452319 6.76863e-05 3.79153e-06 1.913e-07 4.89538e-09 7.90684e-11 6.37673e-13 2.14197e-15
 2.56477e-27 2.592e-27 3.55765e-26 6.96492e-20 1.70737e-14 5.05923e-10 1.81213e-06 0.000784584 0.0410623 0.259772 0.199084 0.0457155 0.208091 0.191412 0.0294076 0.0188534 0.00524811 0.000487619 7.62144e-05 4.40184e-06 2.29531e-07 6.01121e-09 9.06399e-11 6.40469e-13 1.9876e-15
#obs catch len freq
 5.00335e-42 6.94431e-34 1.16505e-26 2.3627e-20 5.79189e-15 1.71624e-10 6.1473e-07 0.000266157 0.0139296 0.0881239 0.0680139 0.0398301 0.218327 0.186371 0.14371 0.143475 0.0647533 0.0262113 0.00614504 0.000799406 4.29671e-05 6.88113e-07 2.44864e-09 1.572e-12 1.5946e-16
 5.71952e-42 7.93832e-34 1.33182e-26 2.7009e-20 6.62094e-15 1.9619e-10 7.02722e-07 0.000304254 0.0159235 0.100738 0.0777578 0.043645 0.223068 0.1815 0.143106 0.131137 0.0568192 0.0210115 0.00446408 0.000502761 2.19761e-05 2.70265e-07 7.10941e-10 3.30059e-13 2.39186e-17
 1.07711e-41 1.49495e-33 2.50809e-26 5.08636e-20 1.24686e-14 3.69468e-10 1.32337e-06 0.000572975 0.0299872 0.189709 0.145743 0.0451536 0.181731 0.14095 0.114226 0.0959738 0.0398876 0.0133133 0.00250404 0.000239874 8.47636e-06 7.98942e-08 1.55082e-10 5.19808e-14 2.68773e-18
 1.11603e-41 1.54897e-33 2.59872e-26 5.27015e-20 1.29192e-14 3.82818e-10 1.37119e-06 0.000593679 0.0310708 0.196565 0.15132 0.0583068 0.237224 0.163873 0.0769788 0.054599 0.0217658 0.0065383 0.00107519 8.56256e-05 2.4064e-06 1.73057e-08 2.47972e-11 6.00488e-15 2.21566e-19
 7.88507e-42 1.0944e-33 1.83608e-26 3.72352e-20 9.12778e-15 2.70473e-10 9.6879e-07 0.000419453 0.0219525 0.138881 0.10754 0.0648199 0.273665 0.184392 0.116095 0.0710271 0.0167698 0.00385635 0.000544808 3.54865e-05 7.77446e-07 4.21173e-09 4.43922e-12 7.77407e-16 2.05066e-20
 1.26324e-41 1.7533e-33 2.94152e-26 5.96535e-20 1.46234e-14 4.33317e-10 1.55207e-06 0.000671993 0.0351694 0.222495 0.171118 0.0529998 0.17268 0.122192 0.124591 0.0748918 0.0196057 0.00328895 0.000281603 1.38495e-05 2.325e-07 9.35124e-10 7.17906e-13 9.05575e-17 1.7076e-21
 1.03638e-41 1.43842e-33 2.41325e-26 4.89403e-20 1.19971e-14 3.55497e-10 1.27333e-06 0.000551309 0.0288533 0.18254 0.141311 0.0738429 0.260811 0.153844 0.0859044 0.050581 0.0183564 0.0031763 0.00022018 6.49665e-06 7.27337e-08 2.1122e-10 1.16812e-13 1.05281e-17 1.41206e-22
 1.27361e-41 1.76769e-33 2.96567e-26 6.01432e-20 1.47434e-14 4.36874e-10 1.56481e-06 0.000677509 0.0354581 0.224323 0.173023 0.0643004 0.192275 0.123969 0.116919 0.0547587 0.0119958 0.00212997 0.000164365 3.91957e-06 2.70967e-08 4.90446e-11 1.84812e-14 1.17123e-18 1.10888e-23
 1.15083e-41 1.59728e-33 2.67976e-26 5.43451e-20 1.33221e-14 3.94757e-10 1.41395e-06 0.000612194 0.0320398 0.202701 0.157173 0.0796064 0.238407 0.133906 0.0945412 0.0462017 0.0130703 0.00164071 9.65616e-05 2.24473e-06 1.2698e-08 1.49909e-11 3.4622e-15 1.41321e-19 9.06689e-25
 1.51776e-41 2.10654e-33 3.53417e-26 7.16722e-20 1.75696e-14 5.20619e-10 1.86477e-06 0.000807382 0.0422552 0.267326 0.206259 0.0696841 0.171382 0.103497 0.09294 0.0368689 0.00790527 0.00102011 5.15854e-05 8.59902e-07 4.04078e-09 3.87305e-12 6.31973e-16 1.65332e-20 6.67965e-26
 1.55151e-41 2.1534e-33 3.61277e-26 7.32663e-20 1.79604e-14 5.32199e-10 1.90625e-06 0.00082534 0.043195 0.273276 0.211491 0.0832553 0.197372 0.0985485 0.0616184 0.024306 0.00553891 0.000548002 2.29806e-05 3.21015e-07 1.09562e-09 7.83203e-13 9.93849e-17 1.94904e-21 5.50802e-27
 1.15561e-41 1.6039e-33 2.69088e-26 5.45706e-20 1.33773e-14 3.96395e-10 1.41982e-06 0.000614734 0.0321727 0.203554 0.159501 0.103809 0.253521 0.128978 0.0869476 0.0262637 0.00423742 0.000386968 1.34722e-05 1.43044e-07 3.80046e-10 1.9981e-13 1.80718e-17 2.5842e-22 5.42928e-28
 1.72811e-41 2.39851e-33 4.02399e-26 8.16058e-20 2.00047e-14 5.92776e-10 2.12323e-06 0.000919283 0.0481116 0.304382 0.235276 0.0749928 0.140671 0.0899436 0.079426 0.0227594 0.00330048 0.000209731 5.43705e-06 4.58266e-08 9.03954e-11 3.49608e-14 2.31394e-18 2.36431e-23 3.50689e-29
 1.39686e-41 1.93876e-33 3.25267e-26 6.59634e-20 1.61702e-14 4.79151e-10 1.71624e-06 0.000743074 0.0388895 0.246058 0.19327 0.116489 0.234367 0.0987858 0.0514039 0.0168841 0.0029375 0.000167169 3.19565e-06 1.84867e-08 2.66131e-11 7.5327e-15 3.58059e-19 2.62181e-24 2.78496e-30
 1.18752e-41 1.64819e-33 2.76519e-26 5.60774e-20 1.37467e-14 4.07341e-10 1.45903e-06 0.000631709 0.0330611 0.209194 0.165846 0.118632 0.228485 0.13183 0.0910978 0.0189337 0.00215536 0.000129386 2.37229e-06 1.04465e-08 1.02206e-11 1.97901e-15 6.6465e-20 3.46515e-25 2.60961e-31
 9.49598e-42 1.31798e-33 2.21118e-26 4.48424e-20 1.09926e-14 3.2573e-10 1.16671e-06 0.000505146 0.0264374 0.167307 0.135414 0.13203 0.244234 0.154273 0.109087 0.0273882 0.00320102 0.000120742 1.71532e-06 6.81815e-09 5.3406e-12 7.31734e-16 1.65817e-20 5.86594e-26 3.05766e-32
 1.50438e-41 2.08798e-33 3.50302e-26 7.10406e-20 1.74148e-14 5.16031e-10 1.84834e-06 0.000800268 0.0418829 0.265008 0.208142 0.0989988 0.153597 0.120147 0.0865137 0.0220919 0.00270995 0.000105891 1.14775e-06 3.11865e-09 1.90932e-12 2.10313e-16 3.59612e-21 9.00033e-27 3.20607e-33
 1.05278e-41 1.46118e-33 2.45144e-26 4.97147e-20 1.2187e-14 3.61122e-10 1.29348e-06 0.000560032 0.02931 0.185532 0.153753 0.170426 0.26141 0.117593 0.0620202 0.0172061 0.00210679 8.09079e-05 8.41708e-07 1.88734e-09 8.11127e-13 6.24572e-17 7.93946e-22 1.5131e-27 4.03198e-34
 1.53323e-41 2.12803e-33 3.57021e-26 7.24031e-20 1.77488e-14 5.25929e-10 1.88379e-06 0.000815616 0.0426862 0.270123 0.214232 0.111479 0.153426 0.126353 0.0686099 0.0111797 0.00105435 3.91256e-05 3.77674e-07 7.58116e-10 2.72663e-13 1.58651e-17 1.41395e-22 1.86599e-28 3.53079e-35
 1.08496e-41 1.50586e-33 2.52639e-26 5.12347e-20 1.25596e-14 3.72164e-10 1.33303e-06 0.000577156 0.0302063 0.191276 0.162559 0.190677 0.247578 0.11168 0.052582 0.0119099 0.000931047 2.24308e-05 1.75163e-07 3.05026e-10 9.29546e-14 4.44387e-18 3.12152e-23 3.08575e-29 4.17996e-36
 1.3852e-41 1.92256e-33 3.2255e-26 6.54125e-20 1.60351e-14 4.7515e-10 1.70191e-06 0.000736868 0.0385649 0.244121 0.19866 0.135906 0.172746 0.140386 0.0599545 0.00830553 0.000603126 1.40039e-05 7.71643e-08 9.49e-11 2.25964e-14 8.68797e-19 4.86706e-24 3.77815e-30 3.94592e-37
 1.5105e-41 2.09648e-33 3.51728e-26 7.13297e-20 1.74856e-14 5.18131e-10 1.85586e-06 0.000803524 0.0420536 0.266263 0.219608 0.161514 0.173764 0.0905224 0.0382778 0.00680328 0.000381323 6.37353e-06 2.98175e-08 2.81792e-11 4.64992e-15 1.2629e-19 5.25352e-25 3.10998e-31 2.49024e-38
 1.22242e-41 1.69664e-33 2.84647e-26 5.77258e-20 1.41508e-14 4.19314e-10 1.50192e-06 0.000650278 0.0340336 0.215656 0.187861 0.200627 0.21145 0.109742 0.0352419 0.00448442 0.000247897 3.77778e-06 1.28547e-08 9.04851e-12 1.14659e-15 2.27563e-20 6.60549e-26 2.71748e-32 1.54439e-39
 1.48079e-41 2.05523e-33 3.44808e-26 6.99263e-20 1.71416e-14 5.07937e-10 1.81935e-06 0.000787715 0.0412266 0.261141 0.219199 0.161986 0.167762 0.110726 0.0335334 0.00349855 0.000136138 1.63099e-06 4.75141e-09 2.58515e-12 2.35101e-16 3.37778e-21 7.20967e-27 2.15795e-33 8.71621e-41
 1.45454e-41 2.0188e-33 3.38696e-26 6.86869e-20 1.68378e-14 4.98935e-10 1.7871e-06 0.000773754 0.0404963 0.25669 0.222868 0.193977 0.173286 0.084306 0.0247585 0.00275161 9.06714e-05 7.80298e-07 1.62122e-09 6.7827e-13 4.80211e-17 5.13382e-22 7.84634e-28 1.66718e-34 4.81692e-42
 1.28253e-41 1.78007e-33 2.98643e-26 6.05642e-20 1.48466e-14 4.39932e-10 1.57577e-06 0.000682253 0.0357081 0.226588 0.206308 0.214795 0.192884 0.0982566 0.0227597 0.00195634 5.93045e-05 4.48212e-07 6.97584e-10 2.03079e-13 1.01697e-17 7.98885e-23 9.1126e-29 1.43076e-35 2.9939e-43
 1.15999e-41 1.60999e-33 2.70109e-26 5.47776e-20 1.34281e-14 3.97899e-10 1.42521e-06 0.000617067 0.0322973 0.2052 0.194869 0.223071 0.20501 0.112443 0.0246258 0.00182428 4.12953e-05 2.4523e-07 3.15155e-10 7.15193e-14 2.58273e-18 1.40897e-23 1.11755e-29 1.24274e-36 1.87487e-44
 1.14342e-41 1.58699e-33 2.66251e-26 5.39952e-20 1.32363e-14 3.92216e-10 1.40485e-06 0.000608254 0.0318359 0.202246 0.191088 0.216167 0.209138 0.119783 0.0270622 0.00202834 4.19627e-05 2.05293e-07 2.11458e-10 4.00586e-14 1.23347e-18 5.62707e-24 3.60485e-30 3.15044e-37 3.68938e-45
 1.37666e-41 1.91072e-33 3.20563e-26 6.50095e-20 1.59363e-14 4.72222e-10 1.69142e-06 0.000732328 0.0383292 0.243211 0.217551 0.191902 0.179464 0.10289 0.0240233 0.00185574 3.90651e-05 1.85294e-07 1.71705e-10 2.78311e-14 7.29209e-19 2.88938e-24 1.63819e-30 1.2729e-37 1.31461e-45
#spawning biomass
 13437.3 13334.5 17489.1 24597.4 30560 34306.8 39855 46611.8 52491.2 67558.1 86698.4 104119 134133 159021 153672 141331 137654 134154 135217 136748 129834 137816 143659 153106 168300 176164 163171 146797 154977 150633 230421 253365 233909 200857 168047 140714 119975 105136 94931.4 88108.1 83638.2 80754 78913.5 77742.1 76996 76538.1 76257.1 76084.6 75978.8 75913.8 75873.9 75849.5 75834.4 75825.2 75819.6 75816.1 75814 75812.7 75811.9 75811.4 75811.1 75810.9 75810.8 75810.7 75810.6 75810.6 75810.6 75810.6 75810.6 75810.6 75810.6 75810.6 75810.6 75810.6 75810.6 75810.6 75810.6 75810.6 75810.6 75810.6 75810.6 75810.6 75810.6 75810.6 75810.6 75810.6 75810.6 75810.6 75810.6 75810.6 75810.6 75810.6 75810.6 75810.6 75810.6 75810.6 75810.6 75810.6 75810.6 75810.6 75810.6 75810.6 75810.6 75810.6 75810.6 75810.6 75810.6 75810.6 75810.6 75810.6 75810.6 75810.6 75810.6 75810.6 75810.6 75810.6 75810.6 75810.6 75810.6 75810.6 75810.6 75810.6 75810.6 75810.6 75810.6 75810.6 75810.6 75810.6 75810.6 0 0 0 0 0 0 0 0 0 0 0 0 0 0 0 0 0 0 0 0 0 0 0 0 0
