SBPRF35
0.224663
Curr Bio
44811.5
B35
180324
F35
0.340337
FOFL
0
OFL
0
Bzero
64189.3
#pred survey bio
 7189.7 6967.53 7460.22 7471.22 9417.26 13033.3 14210.6 16677.9 29674.6 50165.5 69774.5 79755.4 110590 139057 140998 127029 112407 106968 107938 108683 116468 125646 129798 138608 148689 162178 155843 145565 3.27249e+06 3.5492e+06 2.9416e+06 2.18168e+06 1.61273e+06 1.25226e+06 1.04142e+06 923005 857676 821728 801786 790546 784076 780264 777961 776533 775638 775067 774697 774454 774294 774188 774117 774069 774037 774015 774001 773991 773984 773980 773977 773975 773973 773972 773972 773971 773971 773971 773971 773971 773971 773970 773970 773970 773970 773970 773970 773970 773970 773970 773970 773970 773970 773970 773970 773970 773970 773970 773970 773970 773970 773970 773970 773970 773970 773970 773970 773970 773970 773970 773970 773970 773970 773970 773970 773970 773970 773970 773970 773970 773970 773970 773970 773970 773970 773970 773970 773970 773970 773970 773970 773970 773970 773970 773970 773970 773970 773970 773970 773970 0 0 0 0 0 0 0 0 0 0 0 0 0 0 0 0 0 0 0 0 0 0 0 0 0
#obs survey bio
 6656.49 9526.53 7544.77 8514.34 17231.3 17577.6 13144.1 26990.8 49614.9 64300.8 82150.8 103156 105969 166889 103913 182426 99702 96947.6 109010 132570 150931 103889 140771 111310 154629 188943 202462 132651
#pred catch bio
 4757.95 4919.24 5504.5 5544.32 6569.03 9616.3 10824.8 11477.2 19658.3 34527.2 53120.5 56201.9 80174.3 102113 105849 98214.9 86683.5 81537.4 81304.9 79241.6 84615.6 93997.8 96095.8 102746 105823 116682 112632 108908 0 40682.3 32577.2 23463.7 16915.3 12909 10660.9 9463.24 8846.03 8534.76 8380.06 8303.92 8266.7 8248.59 8239.8 8235.54 8233.49 8232.5 8232.02 8231.8 8231.69 8231.63 8231.61 8231.59 8231.59 8231.59 8231.58 8231.58 8231.58 8231.58 8231.58 8231.58 8231.58 8231.58 8231.58 8231.58 8231.58 8231.58 8231.58 8231.58 8231.58 8231.58 8231.58 8231.58 8231.58 8231.58 8231.58 8231.58 8231.58 8231.58 8231.58 8231.58 8231.58 8231.58 8231.58 8231.58 8231.58 8231.58 8231.58 8231.58 8231.58 8231.58 8231.58 8231.58 8231.58 8231.58 8231.58 8231.58 8231.58 8231.58 8231.58 8231.58 8231.58 8231.58 8231.58 8231.58 8231.58 8231.58 8231.58 8231.58 8231.58 8231.58 8231.58 8231.58 8231.58 8231.58 8231.58 8231.58 8231.58 8231.58 8231.58 8231.58 8231.58 8231.58 8231.58 8231.58 8231.58 8231.58 8231.58 8231.58 0 0 0 0 0 0 0 0 0 0 0 0 0 0 0 0 0 0 0 0 0 0 0 0 0
#obs catch bio
 5118.77 4848.01 5490.92 5475.38 6333.44 9427.01 10754 11200.4 18865.9 33066.4 52196.5 54092.6 79761.8 99691.1 106044 98422.5 88112.7 82917.5 81587.8 78810.6 83187.1 94804.3 96596.8 103655 106134 116699 112630 109154
#pred cpue bio
 6797.33 6334.92 6819.79 6808.57 8431.48 11775 12927.1 14953.1 26377.2 45058.8 63090.8 71820.1 99572.1 125588 129213 116318 102383 97142.7 97938.6 98921.6 105995 114351 117883 125915 134981 148192 143333 133661 2.98366e+06 3.57587e+06 2.93363e+06 2.16478e+06 1.59482e+06 1.23426e+06 1.02341e+06 904992 839663 803716 783773 772533 766064 762251 759948 758521 757626 757054 756684 756442 756282 756175 756104 756056 756024 756003 755988 755978 755972 755967 755964 755962 755961 755960 755959 755959 755958 755958 755958 755958 755958 755958 755958 755958 755958 755958 755958 755958 755958 755958 755958 755958 755958 755958 755958 755958 755958 755958 755958 755958 755958 755958 755958 755958 755958 755958 755958 755958 755958 755958 755958 755958 755958 755958 755958 755958 755958 755958 755958 755958 755958 755958 755958 755958 755958 755958 755958 755958 755958 755958 755958 755958 755958 755958 755958 755958 755958 755958 755958 755958 0 0 0 0 0 0 0 0 0 0 0 0 0 0 0 0 0 0 0 0 0 0 0 0 0
#obs cpue bio
 4258.4 7097.56 6135.81 7972.91 9600.08 10367.7 14432.5 15117.3 35685.1 67475 58948.5 115813 88766.5 180779 140725 82335.7 79700 82669.6 98975.1 91986.3 115151 102828 102327 134200 126894 131950 110281 140525
#pred surv len freq
 2.14597e-27 2.17334e-27 6.59776e-27 1.51392e-21 9.00387e-17 1.23112e-12 3.87004e-09 2.79689e-06 0.000464699 0.0177512 0.155892 0.314749 0.146501 0.0263335 0.0659899 0.0926336 0.0378613 0.030933 0.0276434 0.0188876 0.0160571 0.014054 0.0146871 0.0137589 0.0057999
 2.14867e-27 2.18134e-27 7.51307e-27 1.82453e-21 1.08512e-16 1.48371e-12 4.66406e-09 3.37073e-06 0.000560041 0.0213932 0.187876 0.379325 0.176413 0.0278463 0.0557685 0.0778731 0.0285337 0.0140742 0.0111703 0.00603336 0.00423304 0.00303918 0.00264996 0.00226352 0.000944126
 2.14767e-27 2.1791e-27 7.28146e-27 1.74596e-21 1.03839e-16 1.41981e-12 4.4632e-09 3.22557e-06 0.000535924 0.0204719 0.179785 0.362991 0.168932 0.0297402 0.0722543 0.101014 0.0355233 0.0128587 0.0089907 0.00332371 0.0016139 0.000852505 0.000555535 0.000396943 0.000157146
 2.14793e-27 2.17978e-27 7.35983e-27 1.77257e-21 1.05421e-16 1.44145e-12 4.53121e-09 3.27472e-06 0.00054409 0.0207839 0.182525 0.368522 0.171471 0.0292601 0.0676569 0.0945918 0.0340807 0.0149371 0.0106582 0.00325485 0.00111098 0.000361135 0.000141634 7.20508e-05 2.51996e-05
 2.14951e-27 2.18368e-27 7.77196e-27 1.91237e-21 1.13736e-16 1.55514e-12 4.88859e-09 3.533e-06 0.000587002 0.0224231 0.196921 0.397585 0.184861 0.0279941 0.0511683 0.0713216 0.0254721 0.0104703 0.00746771 0.00252143 0.000914868 0.000225946 4.76056e-05 1.24648e-05 3.23811e-06
 2.1487e-27 2.18165e-27 7.5527e-27 1.83797e-21 1.09311e-16 1.49464e-12 4.69841e-09 3.39555e-06 0.000564166 0.0215508 0.18926 0.382119 0.17775 0.0290588 0.0623299 0.0870027 0.0303084 0.0100395 0.00675964 0.00220694 0.000793979 0.000209443 3.80502e-05 4.95857e-06 6.46105e-07
 2.14807e-27 2.1801e-27 7.39096e-27 1.78311e-21 1.06049e-16 1.45003e-12 4.55818e-09 3.29421e-06 0.000547327 0.0209075 0.183611 0.370714 0.172492 0.0294568 0.0681966 0.0953049 0.0336922 0.0127423 0.00876049 0.00254895 0.000783161 0.000198151 3.61471e-05 4.0472e-06 2.71059e-07
 2.14938e-27 2.18336e-27 7.73728e-27 1.9006e-21 1.13036e-16 1.54557e-12 4.85851e-09 3.51126e-06 0.00058339 0.0222851 0.195709 0.395139 0.183736 0.0281662 0.0529562 0.0738369 0.0263008 0.0105842 0.00743757 0.00230952 0.000751737 0.000170404 2.72802e-05 2.9044e-06 1.63219e-07
 2.15008e-27 2.18505e-27 7.91427e-27 1.96063e-21 1.16606e-16 1.59438e-12 5.01196e-09 3.62216e-06 0.000601816 0.022989 0.20189 0.407619 0.18949 0.0277395 0.04659 0.0648307 0.0226746 0.00780294 0.00530157 0.00170828 0.000591496 0.000142355 2.2682e-05 2.1566e-06 1.09186e-07
 2.1492e-27 2.18288e-27 7.68239e-27 1.88196e-21 1.11928e-16 1.53041e-12 4.81086e-09 3.47682e-06 0.000577669 0.0220666 0.19379 0.391265 0.181964 0.0286873 0.0573055 0.0799116 0.0276875 0.00867808 0.00568634 0.00168792 0.000532564 0.000132122 2.24706e-05 2.19343e-06 1.04654e-07
 2.14862e-27 2.18147e-27 7.5354e-27 1.83211e-21 1.08963e-16 1.48987e-12 4.68342e-09 3.38472e-06 0.000562367 0.021482 0.188656 0.3809 0.177185 0.0290143 0.0624252 0.0871615 0.030706 0.0112693 0.00767058 0.00217199 0.000625033 0.000141777 2.28496e-05 2.31263e-06 1.14652e-07
 2.149e-27 2.18239e-27 7.63334e-27 1.86533e-21 1.10939e-16 1.51689e-12 4.76836e-09 3.4461e-06 0.000572565 0.0218716 0.192077 0.387808 0.180364 0.0286452 0.0580902 0.0810534 0.0285776 0.0105685 0.0072686 0.00221953 0.000702765 0.000152818 2.22337e-05 2.08242e-06 1.02192e-07
 2.14901e-27 2.18242e-27 7.63665e-27 1.86646e-21 1.11005e-16 1.5178e-12 4.77123e-09 3.44818e-06 0.00057291 0.0218848 0.192193 0.388041 0.180472 0.0286391 0.0579824 0.0809001 0.0285029 0.0104755 0.00719881 0.002215 0.000721574 0.000168942 2.5856e-05 2.28048e-06 1.02689e-07
 2.14873e-27 2.18174e-27 7.56391e-27 1.84178e-21 1.09538e-16 1.49773e-12 4.70814e-09 3.40259e-06 0.000565335 0.0215954 0.189652 0.38291 0.178111 0.0289239 0.0612676 0.0855249 0.0300572 0.0108055 0.00738127 0.00226205 0.000734836 0.000174623 2.80602e-05 2.6243e-06 1.17725e-07
 2.14734e-27 2.17831e-27 7.20043e-27 1.71848e-21 1.02205e-16 1.39747e-12 4.39295e-09 3.1748e-06 0.000527488 0.0201497 0.176955 0.357277 0.166305 0.0301199 0.0762949 0.106717 0.0376799 0.0141052 0.00971882 0.00294382 0.000940554 0.000222389 3.59519e-05 3.47246e-06 1.63576e-07
 2.14744e-27 2.17861e-27 7.2369e-27 1.73087e-21 1.02942e-16 1.40754e-12 4.42463e-09 3.1977e-06 0.000531292 0.020295 0.178232 0.359854 0.167476 0.02959 0.0722835 0.101131 0.036636 0.0166825 0.0120164 0.00371811 0.00121588 0.000284969 4.54515e-05 4.39256e-06 2.11118e-07
 2.14797e-27 2.17989e-27 7.37174e-27 1.77661e-21 1.05662e-16 1.44474e-12 4.54155e-09 3.28219e-06 0.000545331 0.0208313 0.182941 0.369362 0.17186 0.0292564 0.0673809 0.0941912 0.0337738 0.014307 0.0102973 0.00355187 0.00132052 0.00032069 5.1862e-05 4.97314e-06 2.37856e-07
 2.14824e-27 2.18055e-27 7.43951e-27 1.79959e-21 1.07029e-16 1.46343e-12 4.6003e-09 3.32465e-06 0.000552385 0.0211007 0.185308 0.37414 0.174065 0.02917 0.0654131 0.0913947 0.0324818 0.0128449 0.00905937 0.00300411 0.00110489 0.000298073 5.36553e-05 5.3355e-06 2.56438e-07
 2.14832e-27 2.18073e-27 7.45804e-27 1.80587e-21 1.07402e-16 1.46853e-12 4.61635e-09 3.33625e-06 0.000554313 0.0211744 0.185954 0.375446 0.174668 0.0291574 0.0649427 0.0907254 0.0321631 0.0124585 0.00870453 0.00277578 0.000966228 0.000253067 4.72941e-05 5.20247e-06 2.67993e-07
 2.14802e-27 2.18e-27 7.38077e-27 1.77966e-21 1.05843e-16 1.44722e-12 4.54935e-09 3.28783e-06 0.000546268 0.0208671 0.183256 0.369997 0.172159 0.0294208 0.0681929 0.0953079 0.0337984 0.0131251 0.00916357 0.00288814 0.000980639 0.000245406 4.37038e-05 4.8394e-06 2.66484e-07
 2.14804e-27 2.18006e-27 7.3888e-27 1.78239e-21 1.06006e-16 1.44944e-12 4.55633e-09 3.29287e-06 0.000547106 0.0208991 0.183537 0.370564 0.172416 0.0292593 0.0670361 0.0937001 0.0335412 0.0140211 0.0099522 0.00314456 0.00106696 0.000262617 4.50012e-05 4.75588e-06 2.5819e-07
 2.14804e-27 2.18006e-27 7.38859e-27 1.78232e-21 1.06001e-16 1.44938e-12 4.55615e-09 3.29274e-06 0.000547084 0.0208982 0.183529 0.370549 0.172409 0.0292651 0.067076 0.0937529 0.0335105 0.0138561 0.00986175 0.00324591 0.00115539 0.000286318 4.86248e-05 4.98763e-06 2.59883e-07
 2.14824e-27 2.18054e-27 7.43878e-27 1.79935e-21 1.07014e-16 1.46323e-12 4.59967e-09 3.32419e-06 0.00055231 0.0210979 0.185282 0.374089 0.174041 0.0291413 0.0652537 0.0911763 0.0324919 0.013126 0.00928694 0.00303774 0.00108596 0.000280141 4.93614e-05 5.07171e-06 2.58846e-07
 2.14821e-27 2.18047e-27 7.43118e-27 1.79676e-21 1.0686e-16 1.46113e-12 4.59307e-09 3.31942e-06 0.000551517 0.0210676 0.185017 0.373552 0.173795 0.0292047 0.0658024 0.0919442 0.0326882 0.0129593 0.00911655 0.00294379 0.00103555 0.000266407 4.7899e-05 5.10664e-06 2.65192e-07
 2.14827e-27 2.18063e-27 7.44794e-27 1.80245e-21 1.07199e-16 1.46575e-12 4.6076e-09 3.32993e-06 0.000553262 0.0211342 0.185602 0.374734 0.174339 0.0291416 0.0650609 0.0909006 0.0323427 0.0129023 0.00907752 0.0029001 0.00100398 0.000254437 4.5232e-05 4.8682e-06 2.59775e-07
 2.14764e-27 2.17908e-27 7.28459e-27 1.74704e-21 1.03903e-16 1.42069e-12 4.46596e-09 3.22756e-06 0.000536255 0.0204846 0.179896 0.363215 0.169032 0.0296499 0.071636 0.100177 0.0357365 0.0145518 0.0102902 0.00330224 0.00114571 0.000286988 5.01102e-05 5.32188e-06 2.84265e-07
 2.14699e-27 2.17749e-27 7.11789e-27 1.6905e-21 1.00541e-16 1.37472e-12 4.32144e-09 3.12311e-06 0.000518901 0.0198217 0.174075 0.351461 0.163612 0.0300058 0.077351 0.108269 0.0390807 0.0173621 0.0125172 0.00406379 0.00142988 0.000359846 6.259e-05 6.54907e-06 3.44746e-07
 2.14718e-27 2.17796e-27 7.17116e-27 1.70859e-21 1.01616e-16 1.38942e-12 4.36766e-09 3.15652e-06 0.000524451 0.0200337 0.175937 0.35522 0.165335 0.0296216 0.0738727 0.103396 0.0377593 0.0181505 0.0133638 0.00456189 0.00169952 0.000435702 7.66954e-05 8.03059e-06 4.18706e-07
#obs surv len freq
 1.23872e-39 6.06266e-33 6.82181e-27 1.76474e-21 1.04956e-16 1.43508e-12 4.51118e-09 3.26024e-06 0.000541693 0.020692 0.181717 0.366892 0.170718 0.0292549 0.0681167 0.095246 0.034381 0.0152877 0.0111355 0.00391965 0.00154693 0.00044331 9.23603e-05 1.18945e-05 7.85398e-07
 1.31835e-39 6.45242e-33 7.26036e-27 1.87819e-21 1.11703e-16 1.52733e-12 4.80119e-09 3.46983e-06 0.000576517 0.0220222 0.193399 0.390477 0.181583 0.0282092 0.0546247 0.0762139 0.0274715 0.0120903 0.00876111 0.00301064 0.00115624 0.000325907 6.63531e-05 8.2906e-06 5.2953e-07
 1.15894e-39 5.67221e-33 6.38246e-27 1.65108e-21 9.81961e-17 1.34265e-12 4.22064e-09 3.05027e-06 0.000506806 0.0193594 0.170014 0.343264 0.159854 0.0308547 0.085004 0.118976 0.0417648 0.0148686 0.0102621 0.00349857 0.00132492 0.000363775 7.2001e-05 8.77857e-06 5.44901e-07
 1.34717e-39 6.59346e-33 7.41907e-27 1.91924e-21 1.14145e-16 1.56072e-12 4.90614e-09 3.54568e-06 0.000589119 0.0225036 0.197627 0.399012 0.185503 0.0275194 0.0478413 0.0667064 0.0248614 0.013488 0.00998708 0.00303412 0.000999442 0.000266741 5.15797e-05 6.10435e-06 3.68588e-07
 1.39288e-39 6.81719e-33 7.67081e-27 1.98437e-21 1.18018e-16 1.61368e-12 5.07261e-09 3.66599e-06 0.000609109 0.0232672 0.204332 0.412551 0.191763 0.0275391 0.043881 0.0609999 0.0211468 0.00668067 0.00454211 0.00175416 0.00071979 0.000175901 3.03631e-05 3.44968e-06 2.02424e-07
 1.26581e-39 6.19525e-33 6.97099e-27 1.80333e-21 1.07251e-16 1.46646e-12 4.60983e-09 3.33154e-06 0.000553539 0.0211445 0.185691 0.374915 0.174442 0.0296377 0.0680355 0.0950108 0.0326745 0.0094428 0.00600237 0.00171567 0.000540007 0.000157824 3.06703e-05 3.21894e-06 1.75321e-07
 1.27452e-39 6.23787e-33 7.01896e-27 1.81574e-21 1.07989e-16 1.47655e-12 4.64155e-09 3.35446e-06 0.000557348 0.02129 0.186968 0.377494 0.175608 0.0289498 0.0630586 0.0880968 0.0316172 0.0134621 0.00943998 0.00257902 0.00069287 0.000152632 2.6324e-05 3.0812e-06 1.70097e-07
 1.42106e-39 6.95508e-33 7.82597e-27 2.0245e-21 1.20405e-16 1.64632e-12 5.17522e-09 3.74014e-06 0.00062143 0.0237378 0.208465 0.420895 0.195598 0.0269329 0.0376657 0.0522779 0.0186029 0.00743268 0.00526014 0.00175037 0.000607738 0.000128495 1.7652e-05 1.68234e-06 9.1762e-08
 1.41988e-39 6.94935e-33 7.81952e-27 2.02284e-21 1.20306e-16 1.64496e-12 5.17095e-09 3.73706e-06 0.000620918 0.0237183 0.208294 0.420549 0.195452 0.0273241 0.0401582 0.0557281 0.0189641 0.00482695 0.00296949 0.000954013 0.000336249 8.5886e-05 1.38834e-05 1.19092e-06 5.28677e-08
 1.34819e-39 6.59846e-33 7.4247e-27 1.9207e-21 1.14231e-16 1.5619e-12 4.90986e-09 3.54837e-06 0.000589566 0.0225207 0.197776 0.399315 0.185678 0.028451 0.0534373 0.074435 0.025429 0.00679114 0.0041563 0.00107227 0.000268116 6.43378e-05 1.1297e-05 1.13571e-06 5.18091e-08
 1.32199e-39 6.47024e-33 7.28042e-27 1.88338e-21 1.12011e-16 1.53155e-12 4.81446e-09 3.47942e-06 0.00057811 0.0220831 0.193933 0.391556 0.182097 0.0286102 0.0567475 0.0791404 0.0276299 0.00933626 0.0061743 0.00162401 0.000399006 7.61397e-05 1.02008e-05 1.00241e-06 5.07504e-08
 1.35602e-39 6.63677e-33 7.46781e-27 1.93185e-21 1.14894e-16 1.57097e-12 4.93837e-09 3.56897e-06 0.000592989 0.0226514 0.198925 0.401634 0.186733 0.0280088 0.0500388 0.0696994 0.0244992 0.00881829 0.00599845 0.00176177 0.000520105 0.000102543 1.24094e-05 9.55623e-07 4.18642e-08
 1.33563e-39 6.53697e-33 7.3555e-27 1.9028e-21 1.13167e-16 1.54735e-12 4.8641e-09 3.5153e-06 0.000584072 0.0223108 0.195933 0.395594 0.183957 0.0284346 0.0544587 0.0759056 0.0263624 0.00846957 0.00560604 0.00170212 0.000540103 0.000120268 1.67655e-05 1.27838e-06 4.75821e-08
 1.28542e-39 6.29123e-33 7.07899e-27 1.83127e-21 1.08912e-16 1.48918e-12 4.68125e-09 3.38315e-06 0.000562115 0.0214721 0.188568 0.380723 0.177106 0.0290965 0.0629814 0.0879321 0.0307933 0.0107134 0.00720406 0.00206866 0.000611635 0.000140764 2.16542e-05 1.87544e-06 7.46496e-08
 1.16373e-39 5.69566e-33 6.40885e-27 1.65791e-21 9.8602e-17 1.3482e-12 4.23809e-09 3.06288e-06 0.000508902 0.0194394 0.170717 0.344683 0.160501 0.0306139 0.0831068 0.116341 0.0413819 0.0164602 0.0114854 0.00343067 0.0010576 0.000232581 3.45421e-05 3.16718e-06 1.39997e-07
 1.26714e-39 6.20177e-33 6.97833e-27 1.80523e-21 1.07364e-16 1.468e-12 4.61468e-09 3.33504e-06 0.000554122 0.0211667 0.185886 0.375309 0.174584 0.0285724 0.0614137 0.0858522 0.0318172 0.0167238 0.0124078 0.00398644 0.00135819 0.000313142 4.71662e-05 4.19763e-06 1.87758e-07
 1.2272e-39 6.00628e-33 6.75837e-27 1.74833e-21 1.03979e-16 1.42173e-12 4.46922e-09 3.22992e-06 0.000536655 0.0204995 0.180027 0.36348 0.169154 0.0296118 0.0713237 0.0997302 0.0354656 0.0141087 0.0101524 0.00385375 0.00158007 0.000401097 6.61875e-05 6.12797e-06 2.73448e-07
 1.27738e-39 6.25191e-33 7.03475e-27 1.81982e-21 1.08232e-16 1.47987e-12 4.65199e-09 3.36201e-06 0.000558602 0.0213379 0.187389 0.378344 0.175993 0.028727 0.0614423 0.0858392 0.0310841 0.0141212 0.010213 0.00329964 0.00121178 0.000358225 7.03272e-05 7.24981e-06 3.45275e-07
 1.24888e-39 6.11241e-33 6.87778e-27 1.77922e-21 1.05817e-16 1.44685e-12 4.54819e-09 3.28699e-06 0.000546138 0.0208618 0.183208 0.369902 0.172114 0.0293595 0.0678481 0.0948273 0.0336924 0.013299 0.00943293 0.00327234 0.00123909 0.000323645 6.29503e-05 7.54012e-06 4.10637e-07
 1.25661e-39 6.15021e-33 6.92032e-27 1.79022e-21 1.06471e-16 1.4558e-12 4.57632e-09 3.30732e-06 0.000549515 0.0209908 0.184341 0.372189 0.173161 0.0290938 0.0655369 0.0916002 0.0329767 0.0143771 0.0103099 0.00330916 0.00117422 0.000319068 6.04977e-05 6.92075e-06 4.0544e-07
 1.27423e-39 6.23648e-33 7.01739e-27 1.81533e-21 1.07965e-16 1.47622e-12 4.64051e-09 3.35371e-06 0.000557223 0.0212852 0.186927 0.37741 0.175567 0.0288859 0.0626941 0.0875824 0.0314079 0.0133153 0.00956177 0.00324015 0.00119494 0.000305352 5.59184e-05 6.37361e-06 3.64182e-07
 1.25799e-39 6.15699e-33 6.92794e-27 1.79219e-21 1.06588e-16 1.4574e-12 4.58136e-09 3.31096e-06 0.000550121 0.0210139 0.184544 0.3726 0.173354 0.0291848 0.0659683 0.0921872 0.0328937 0.0134224 0.00954128 0.00318588 0.00117423 0.000313045 5.7492e-05 6.27966e-06 3.51254e-07
 1.26109e-39 6.17218e-33 6.94503e-27 1.79661e-21 1.06851e-16 1.461e-12 4.59266e-09 3.31913e-06 0.000551478 0.0210657 0.184999 0.373519 0.173774 0.029059 0.0649235 0.0907296 0.0325866 0.0139686 0.0100058 0.00326917 0.00117149 0.000308996 5.76107e-05 6.40627e-06 3.51528e-07
 1.26255e-39 6.17931e-33 6.95305e-27 1.79869e-21 1.06975e-16 1.46269e-12 4.59797e-09 3.32296e-06 0.000552115 0.0210901 0.185213 0.37395 0.173974 0.0290533 0.064759 0.0904935 0.032444 0.0137289 0.00984288 0.00330539 0.00121321 0.000313764 5.71636e-05 6.36248e-06 3.53606e-07
 1.26238e-39 6.17845e-33 6.95209e-27 1.79844e-21 1.0696e-16 1.46248e-12 4.59733e-09 3.3225e-06 0.000552039 0.0210872 0.185187 0.373898 0.173949 0.0290455 0.064727 0.0904505 0.0324562 0.0138204 0.00991234 0.00330766 0.00121498 0.000321698 5.91095e-05 6.46171e-06 3.55859e-07
 1.19601e-39 5.85363e-33 6.5866e-27 1.70389e-21 1.01337e-16 1.3856e-12 4.35564e-09 3.14783e-06 0.000523016 0.0199785 0.175452 0.354242 0.164896 0.0299546 0.0762008 0.106631 0.0382687 0.0163155 0.0117103 0.00392126 0.00144333 0.000381278 7.0749e-05 7.84155e-06 4.2984e-07
 1.18746e-39 5.81177e-33 6.5395e-27 1.69171e-21 1.00612e-16 1.37569e-12 4.32449e-09 3.12532e-06 0.000519276 0.0198357 0.174197 0.351709 0.163713 0.0296375 0.0750285 0.105052 0.0387154 0.0196929 0.0146073 0.00490165 0.00180854 0.000479198 8.90537e-05 9.91916e-06 5.49344e-07
 1.2261e-39 6.0009e-33 6.75231e-27 1.74676e-21 1.03886e-16 1.42046e-12 4.46522e-09 3.22703e-06 0.000536175 0.0204812 0.179866 0.363154 0.168984 0.0291068 0.0683392 0.0956097 0.0351794 0.0177392 0.0133306 0.00497516 0.00203448 0.00054657 0.000101921 1.13843e-05 6.33019e-07
#pred catch len freq
 2.14589e-27 2.17315e-27 6.57806e-27 1.50724e-21 8.96413e-17 1.22568e-12 3.85296e-09 2.78454e-06 0.000462648 0.0176728 0.155204 0.31336 0.145865 0.0264797 0.0673014 0.0944747 0.0384187 0.0308424 0.0274924 0.018727 0.015899 0.0139093 0.0145342 0.0136155 0.0057394
 2.14866e-27 2.18131e-27 7.50994e-27 1.82347e-21 1.08449e-16 1.48284e-12 4.66134e-09 3.36876e-06 0.000559715 0.0213807 0.187767 0.379104 0.176313 0.027908 0.0562114 0.0784915 0.0286746 0.0138777 0.0109711 0.00590819 0.00413831 0.00296967 0.00258895 0.00221137 0.000922369
 2.14771e-27 2.17917e-27 7.2894e-27 1.74865e-21 1.03999e-16 1.422e-12 4.47009e-09 3.23054e-06 0.00053675 0.0205035 0.180063 0.36355 0.169191 0.0297505 0.0721487 0.100859 0.0353941 0.0125709 0.00874424 0.00322455 0.0015621 0.000824617 0.000537253 0.000383867 0.000151969
 2.14797e-27 2.17988e-27 7.37005e-27 1.77603e-21 1.05628e-16 1.44427e-12 4.54008e-09 3.28113e-06 0.000545154 0.0208245 0.182882 0.369242 0.171805 0.029266 0.0674756 0.0943293 0.0338949 0.0145696 0.0103532 0.00315535 0.00107417 0.000348906 0.000136794 6.95846e-05 2.4337e-05
 2.14948e-27 2.1836e-27 7.76308e-27 1.90935e-21 1.13557e-16 1.55268e-12 4.88088e-09 3.52743e-06 0.000586077 0.0223877 0.19661 0.396959 0.184573 0.0280508 0.0517032 0.0720712 0.0256783 0.0103604 0.00735746 0.00247866 0.000897258 0.000221461 4.6643e-05 1.22113e-05 3.1722e-06
 2.14872e-27 2.1817e-27 7.55872e-27 1.84001e-21 1.09433e-16 1.4963e-12 4.70363e-09 3.39933e-06 0.000564793 0.0215747 0.18947 0.382544 0.177947 0.0290633 0.0622291 0.0868565 0.0302003 0.00981844 0.00657399 0.00214157 0.000768576 0.000202613 3.67974e-05 4.79474e-06 6.24735e-07
 2.14814e-27 2.18028e-27 7.40956e-27 1.78942e-21 1.06424e-16 1.45515e-12 4.5743e-09 3.30586e-06 0.000549263 0.0209815 0.18426 0.372025 0.173097 0.0294255 0.0676106 0.0944732 0.0333219 0.0123591 0.00845554 0.00245554 0.000752411 0.000190229 3.46903e-05 3.88367e-06 2.60097e-07
 2.14934e-27 2.18324e-27 7.72449e-27 1.89626e-21 1.12778e-16 1.54204e-12 4.84741e-09 3.50324e-06 0.000582058 0.0222342 0.195262 0.394237 0.183321 0.0282358 0.0536533 0.0748151 0.0265877 0.0105043 0.00734952 0.00227755 0.000739479 0.000167517 2.6808e-05 2.85376e-06 1.60367e-07
 2.15e-27 2.18486e-27 7.89422e-27 1.95383e-21 1.16202e-16 1.58885e-12 4.99457e-09 3.60959e-06 0.000599729 0.0229092 0.20119 0.406205 0.188839 0.0278293 0.0475647 0.066201 0.0231108 0.00781392 0.0052824 0.00169846 0.000586677 0.000141107 2.24755e-05 2.1367e-06 1.08174e-07
 2.14915e-27 2.18275e-27 7.66818e-27 1.87714e-21 1.11641e-16 1.52649e-12 4.79854e-09 3.46792e-06 0.000576189 0.02201 0.193293 0.390262 0.181503 0.0287597 0.0580497 0.0809565 0.0280022 0.00862267 0.00561839 0.00166448 0.00052379 0.000129854 2.20774e-05 2.1548e-06 1.02807e-07
 2.14869e-27 2.18163e-27 7.55224e-27 1.83782e-21 1.09302e-16 1.49451e-12 4.69802e-09 3.39527e-06 0.000564119 0.021549 0.189244 0.382087 0.177732 0.0289843 0.0618844 0.0863943 0.0303688 0.0109315 0.00740329 0.00209247 0.000600496 0.000136109 2.1928e-05 2.21908e-06 1.1001e-07
 2.14897e-27 2.18232e-27 7.6259e-27 1.86281e-21 1.10788e-16 1.51483e-12 4.7619e-09 3.44144e-06 0.00057179 0.021842 0.191818 0.387283 0.180124 0.0286974 0.0585671 0.0817211 0.0287521 0.0104382 0.00714462 0.0021773 0.000687646 0.000149433 2.1733e-05 2.03525e-06 9.98724e-08
 2.14901e-27 2.18243e-27 7.63745e-27 1.86673e-21 1.11021e-16 1.51802e-12 4.77192e-09 3.44868e-06 0.000572993 0.0218879 0.192221 0.388097 0.180499 0.0286629 0.0581112 0.0810772 0.0285044 0.0102809 0.00703041 0.00215877 0.000701466 0.000164126 2.51101e-05 2.21441e-06 9.97092e-08
 2.14875e-27 2.18179e-27 7.56866e-27 1.84339e-21 1.09633e-16 1.49904e-12 4.71226e-09 3.40556e-06 0.000565829 0.0216143 0.189818 0.383245 0.178266 0.0289348 0.0612335 0.0854722 0.0299758 0.0105746 0.00718696 0.00219802 0.000712203 0.000169131 2.71681e-05 2.54057e-06 1.13965e-07
 2.14739e-27 2.17845e-27 7.2149e-27 1.72338e-21 1.02496e-16 1.40145e-12 4.40549e-09 3.18386e-06 0.000528994 0.0202072 0.177461 0.358297 0.166776 0.0301064 0.0759048 0.106161 0.0373999 0.0137329 0.00941588 0.00284633 0.000907044 0.000214319 3.46351e-05 3.34487e-06 1.57559e-07
 2.14755e-27 2.17887e-27 7.26419e-27 1.74013e-21 1.03492e-16 1.41507e-12 4.4483e-09 3.2148e-06 0.000534134 0.0204035 0.179185 0.361778 0.168364 0.0295464 0.0714374 0.0999299 0.0360963 0.0161109 0.0115574 0.00356876 0.00116406 0.000272641 4.34698e-05 4.20052e-06 2.01879e-07
 2.14807e-27 2.18013e-27 7.39608e-27 1.78486e-21 1.06153e-16 1.45145e-12 4.56265e-09 3.29744e-06 0.000547864 0.020928 0.183791 0.371078 0.172651 0.0292156 0.0666148 0.0931043 0.0332959 0.0138267 0.00990729 0.00340942 0.00126463 0.000306935 4.96204e-05 4.75762e-06 2.27539e-07
 2.14832e-27 2.18073e-27 7.45832e-27 1.80597e-21 1.07408e-16 1.46861e-12 4.6166e-09 3.33643e-06 0.000554343 0.0211755 0.185964 0.375466 0.174677 0.0291411 0.0648374 0.0905773 0.0321137 0.0124528 0.00874125 0.00289215 0.00106112 0.000286084 5.14812e-05 5.11878e-06 2.46012e-07
 2.14837e-27 2.18087e-27 7.47226e-27 1.8107e-21 1.07689e-16 1.47246e-12 4.62868e-09 3.34516e-06 0.000555794 0.021231 0.186451 0.376449 0.175132 0.0291418 0.0645452 0.0901595 0.0318879 0.0121146 0.0084238 0.00268051 0.000930729 0.000243607 4.55113e-05 5.00583e-06 2.57855e-07
 2.14804e-27 2.18003e-27 7.38399e-27 1.78075e-21 1.05908e-16 1.44811e-12 4.55214e-09 3.28984e-06 0.000546603 0.0208799 0.183368 0.370224 0.172265 0.0294437 0.0682647 0.0954033 0.0337547 0.0128613 0.00893757 0.00281101 0.000952056 0.000238095 4.23874e-05 4.69309e-06 2.58418e-07
 2.14805e-27 2.18009e-27 7.39119e-27 1.7832e-21 1.06054e-16 1.4501e-12 4.5584e-09 3.29437e-06 0.000547354 0.0209085 0.18362 0.370732 0.172494 0.0292877 0.0671588 0.093867 0.0335168 0.0137457 0.00971479 0.00306314 0.00103673 0.000255011 4.36827e-05 4.616e-06 2.50587e-07
 2.14809e-27 2.18018e-27 7.40126e-27 1.78662e-21 1.06257e-16 1.45288e-12 4.56713e-09 3.30068e-06 0.000548403 0.0209486 0.183972 0.371443 0.172822 0.0292598 0.0667743 0.0933214 0.0332723 0.0134925 0.00956022 0.00313974 0.00111489 0.000276111 4.68753e-05 4.80763e-06 2.50494e-07
 2.14827e-27 2.18062e-27 7.44737e-27 1.80226e-21 1.07187e-16 1.46559e-12 4.60711e-09 3.32957e-06 0.000553203 0.021132 0.185582 0.374694 0.174321 0.0291472 0.065107 0.0909637 0.0323374 0.0128141 0.0090252 0.00294567 0.00105048 0.000270816 4.77026e-05 4.90073e-06 2.50111e-07
 2.14825e-27 2.18056e-27 7.44011e-27 1.79979e-21 1.0704e-16 1.46359e-12 4.60081e-09 3.32502e-06 0.000552447 0.0211031 0.185328 0.374181 0.174086 0.0292086 0.0656365 0.0917045 0.0325256 0.0126489 0.00885708 0.00285383 0.00100143 0.000257462 4.62753e-05 4.933e-06 2.56166e-07
 2.14826e-27 2.18059e-27 7.4433e-27 1.80087e-21 1.07105e-16 1.46447e-12 4.60357e-09 3.32701e-06 0.000552779 0.0211158 0.18544 0.374406 0.174189 0.0291904 0.0654575 0.0914542 0.0324637 0.0127096 0.00890201 0.00283801 0.000980053 0.000248212 4.41106e-05 4.74698e-06 2.53298e-07
 2.14764e-27 2.17907e-27 7.28351e-27 1.74667e-21 1.03881e-16 1.42039e-12 4.46502e-09 3.22688e-06 0.000536141 0.0204802 0.179858 0.363138 0.168998 0.0296912 0.0719112 0.100559 0.0357863 0.0142985 0.0100665 0.00322361 0.00111567 0.000279284 4.87484e-05 5.17667e-06 2.76498e-07
 2.147e-27 2.1775e-27 7.11906e-27 1.6909e-21 1.00564e-16 1.37503e-12 4.32244e-09 3.12384e-06 0.000519021 0.0198262 0.174115 0.351543 0.163651 0.0300473 0.0775802 0.108584 0.0390894 0.0170368 0.0122332 0.00396306 0.00139103 0.000349847 6.08303e-05 6.36422e-06 3.35003e-07
 2.14724e-27 2.17811e-27 7.18633e-27 1.71373e-21 1.01922e-16 1.3936e-12 4.3808e-09 3.16602e-06 0.000526029 0.020094 0.176466 0.356289 0.165829 0.0296232 0.0735601 0.102947 0.037482 0.0176667 0.0129579 0.00441332 0.00164031 0.000420268 7.39541e-05 7.74269e-06 4.0368e-07
#obs catch len freq
 1.22535e-39 5.99725e-33 6.7482e-27 1.7457e-21 1.03823e-16 1.41959e-12 4.4625e-09 3.22506e-06 0.000535848 0.0204687 0.179756 0.362933 0.168892 0.029376 0.0700493 0.0979809 0.0354921 0.0161703 0.0118459 0.00420382 0.00168035 0.000491471 0.000105453 1.40298e-05 9.56305e-07
 1.22951e-39 6.01759e-33 6.77109e-27 1.75162e-21 1.04175e-16 1.42441e-12 4.47764e-09 3.236e-06 0.000537666 0.0205381 0.180366 0.364164 0.169463 0.0294126 0.0699015 0.0977577 0.0352131 0.0154241 0.0111972 0.0039293 0.0015457 0.000442289 9.20369e-05 1.18445e-05 7.8174e-07
 1.31071e-39 6.41502e-33 7.21829e-27 1.8673e-21 1.11055e-16 1.51848e-12 4.77336e-09 3.44972e-06 0.000573176 0.0218946 0.192278 0.388214 0.180541 0.0283392 0.0561005 0.0782909 0.0281612 0.0122087 0.00881697 0.00302078 0.00115629 0.000325426 6.61757e-05 8.26254e-06 5.27499e-07
 1.14902e-39 5.62365e-33 6.32782e-27 1.63695e-21 9.73554e-17 1.33116e-12 4.18451e-09 3.02415e-06 0.000502468 0.0191936 0.168558 0.340325 0.158502 0.0310313 0.0869678 0.121739 0.0426655 0.0149666 0.0102865 0.00349638 0.00131969 0.000361795 7.15217e-05 8.71389e-06 5.40639e-07
 1.34098e-39 6.56317e-33 7.38499e-27 1.91043e-21 1.1362e-16 1.55355e-12 4.8836e-09 3.52939e-06 0.000586413 0.0224002 0.196719 0.397179 0.184659 0.0276252 0.0490394 0.0683925 0.025421 0.013583 0.0100306 0.0030395 0.000997539 0.000265803 5.13356e-05 6.07109e-06 3.66411e-07
 1.3873e-39 6.78987e-33 7.64007e-27 1.97641e-21 1.17545e-16 1.60721e-12 5.05228e-09 3.6513e-06 0.000606668 0.0231739 0.203513 0.410898 0.191002 0.0276375 0.0449801 0.0625462 0.0216526 0.0067416 0.00456121 0.00175565 0.000718334 0.000175315 3.02216e-05 3.43096e-06 2.01231e-07
 1.25811e-39 6.15759e-33 6.92862e-27 1.79237e-21 1.06599e-16 1.45755e-12 4.58181e-09 3.31128e-06 0.000550175 0.021016 0.184562 0.372636 0.173393 0.0297757 0.0695648 0.0971619 0.0333726 0.00950799 0.00601316 0.00171453 0.000537518 0.000156827 3.04449e-05 3.19311e-06 1.73825e-07
 1.26757e-39 6.20386e-33 6.98068e-27 1.80584e-21 1.074e-16 1.4685e-12 4.61624e-09 3.33616e-06 0.000554308 0.0211739 0.185949 0.375436 0.174661 0.0290744 0.0644397 0.0900395 0.0322483 0.0135232 0.00945081 0.00257631 0.000689477 0.000151632 2.61136e-05 3.05431e-06 1.68542e-07
 1.4167e-39 6.93375e-33 7.80196e-27 2.01829e-21 1.20035e-16 1.64127e-12 5.15934e-09 3.72867e-06 0.000619523 0.023665 0.207826 0.419604 0.195004 0.0270105 0.0385284 0.0534916 0.0189987 0.0074762 0.00527099 0.00174889 0.000605259 0.000127809 1.75338e-05 1.66959e-06 9.10173e-08
 1.41494e-39 6.92515e-33 7.7923e-27 2.01579e-21 1.19887e-16 1.63924e-12 5.15295e-09 3.72405e-06 0.000618756 0.0236357 0.207569 0.419085 0.194779 0.0274121 0.0411366 0.0571045 0.0194122 0.00487346 0.00298049 0.000954783 0.000335354 8.55317e-05 1.38109e-05 1.18388e-06 5.25257e-08
 1.3423e-39 6.56965e-33 7.39227e-27 1.91231e-21 1.13732e-16 1.55508e-12 4.88842e-09 3.53287e-06 0.000586992 0.0224223 0.196913 0.397571 0.184876 0.028557 0.0546097 0.0760841 0.0259632 0.00683718 0.00416161 0.00107145 0.000266813 6.39075e-05 1.12074e-05 1.12596e-06 5.13423e-08
 1.31544e-39 6.43817e-33 7.24433e-27 1.87404e-21 1.11456e-16 1.52396e-12 4.79059e-09 3.46217e-06 0.000575244 0.0219736 0.192972 0.389615 0.181204 0.028727 0.0580455 0.0809663 0.0282241 0.00939711 0.00618798 0.00162425 0.00039752 7.57382e-05 1.0132e-05 9.94763e-07 5.03401e-08
 1.3504e-39 6.60929e-33 7.43688e-27 1.92385e-21 1.14419e-16 1.56447e-12 4.91792e-09 3.55419e-06 0.000590534 0.0225576 0.198101 0.39997 0.185968 0.0281094 0.0511541 0.0712682 0.0250089 0.00886779 0.00600745 0.00176001 0.000517726 0.000101937 1.232e-05 9.47912e-07 4.15012e-08
 1.32895e-39 6.50429e-33 7.31873e-27 1.89329e-21 1.12601e-16 1.53961e-12 4.83979e-09 3.49773e-06 0.000581152 0.0221993 0.194954 0.393617 0.183047 0.0285528 0.0557759 0.0777585 0.0269674 0.00853843 0.0056257 0.00170358 0.000538653 0.000119775 1.66767e-05 1.27071e-06 4.72712e-08
 1.27812e-39 6.25552e-33 7.03881e-27 1.82087e-21 1.08294e-16 1.48073e-12 4.65468e-09 3.36395e-06 0.000558924 0.0213502 0.187497 0.378562 0.176112 0.0292265 0.0644261 0.0899644 0.031455 0.0107825 0.00722016 0.00206827 0.00060923 0.000139993 2.15091e-05 1.86158e-06 7.40642e-08
 1.15536e-39 5.65471e-33 6.36277e-27 1.64599e-21 9.78931e-17 1.33851e-12 4.20762e-09 3.04086e-06 0.000505243 0.0192996 0.169489 0.342205 0.159361 0.0307672 0.0847894 0.118707 0.0421442 0.0165115 0.0114786 0.00341992 0.0010505 0.000230684 3.42154e-05 3.13484e-06 1.38504e-07
 1.25934e-39 6.16361e-33 6.9354e-27 1.79412e-21 1.06703e-16 1.45897e-12 4.58629e-09 3.31452e-06 0.000550713 0.0210365 0.184743 0.373 0.173521 0.0287066 0.0629286 0.0879841 0.0325227 0.0168367 0.0124567 0.00399112 0.00135517 0.00031201 4.69374e-05 4.17415e-06 1.86613e-07
 1.21871e-39 5.96476e-33 6.71164e-27 1.73624e-21 1.03261e-16 1.4119e-12 4.43833e-09 3.20759e-06 0.000532945 0.0203578 0.178782 0.360967 0.167998 0.0297621 0.0729986 0.102087 0.036236 0.0142 0.0101787 0.00385111 0.00157432 0.000399105 6.57812e-05 6.08613e-06 2.71451e-07
 1.26974e-39 6.2145e-33 6.99265e-27 1.80893e-21 1.07584e-16 1.47102e-12 4.62416e-09 3.34189e-06 0.000555259 0.0212102 0.186268 0.37608 0.174951 0.0288602 0.0629383 0.0879441 0.0317767 0.0142183 0.0102499 0.00330225 0.00120842 0.000356669 6.99476e-05 7.20614e-06 3.43045e-07
 1.23969e-39 6.06743e-33 6.82717e-27 1.76613e-21 1.05038e-16 1.43621e-12 4.51473e-09 3.2628e-06 0.000542119 0.0207083 0.18186 0.36718 0.170861 0.029518 0.0696357 0.0973427 0.034523 0.0134256 0.00948678 0.00328108 0.00123841 0.000322991 6.27419e-05 7.51005e-06 4.08841e-07
 1.2474e-39 6.10517e-33 6.86964e-27 1.77711e-21 1.05691e-16 1.44514e-12 4.54281e-09 3.2831e-06 0.000545491 0.0208371 0.182991 0.369464 0.171907 0.0292503 0.0673137 0.0941009 0.0338072 0.0145201 0.0103776 0.00332167 0.00117454 0.000318663 6.03496e-05 6.89876e-06 4.03966e-07
 1.26477e-39 6.19019e-33 6.9653e-27 1.80186e-21 1.07163e-16 1.46526e-12 4.60607e-09 3.32881e-06 0.000553087 0.0211272 0.185539 0.374609 0.174278 0.0290448 0.0645086 0.0901363 0.0322598 0.0134747 0.00964268 0.00325798 0.00119759 0.000305582 5.58896e-05 6.36571e-06 3.63564e-07
 1.24799e-39 6.10803e-33 6.87285e-27 1.77794e-21 1.05741e-16 1.44581e-12 4.54493e-09 3.28463e-06 0.000545746 0.0208468 0.183077 0.369637 0.171991 0.0293532 0.0678897 0.0948916 0.0337948 0.0135877 0.0096242 0.00320426 0.00117705 0.00031333 5.74762e-05 6.27341e-06 3.50737e-07
 1.25112e-39 6.12338e-33 6.89012e-27 1.78241e-21 1.06007e-16 1.44945e-12 4.55636e-09 3.29289e-06 0.000547118 0.0208992 0.183537 0.370566 0.172415 0.0292258 0.0668317 0.0934155 0.0334841 0.014142 0.0100957 0.00328923 0.00117467 0.000309365 5.76095e-05 6.40164e-06 3.51114e-07
 1.25163e-39 6.12587e-33 6.89292e-27 1.78313e-21 1.0605e-16 1.45004e-12 4.55821e-09 3.29423e-06 0.00054734 0.0209077 0.183611 0.370716 0.172485 0.0292331 0.0668311 0.0934106 0.0334245 0.0139378 0.00995838 0.00333449 0.00121986 0.000315021 5.73218e-05 6.37548e-06 3.54167e-07
 1.2513e-39 6.12424e-33 6.8911e-27 1.78266e-21 1.06022e-16 1.44965e-12 4.557e-09 3.29335e-06 0.000547195 0.0209022 0.183563 0.370618 0.17244 0.0292273 0.0668253 0.0934044 0.0334505 0.0140365 0.0100331 0.00333833 0.00122215 0.000323119 5.92998e-05 6.47789e-06 3.56583e-07
 1.18197e-39 5.78493e-33 6.50929e-27 1.68389e-21 1.00147e-16 1.36933e-12 4.30451e-09 3.11088e-06 0.000516877 0.019744 0.173392 0.350085 0.162982 0.0301819 0.0788414 0.110349 0.0395264 0.0166102 0.0118819 0.0039673 0.00145545 0.000383912 7.11518e-05 7.88066e-06 4.31787e-07
 1.17387e-39 5.74529e-33 6.46469e-27 1.67236e-21 9.94612e-17 1.35995e-12 4.27502e-09 3.08957e-06 0.000513336 0.0196088 0.172204 0.347686 0.161861 0.0298525 0.0775532 0.108608 0.0399299 0.0200164 0.0148056 0.00495395 0.00182179 0.000481997 8.94659e-05 9.958e-06 5.51245e-07
#spawning biomass
 3779.45 2207.07 2163.46 2128.98 2295.57 3329.31 3886.58 4086.36 6598.66 12074.9 18077.3 20042.7 27750.3 35694.1 40813.2 37708.5 31832 29234.8 29146.8 30071.8 32556.6 35142.4 35573.3 37929.8 40481.1 46637.8 47773.1 44811.5 39388.5 92871.6 113340 84846.1 58390.8 41836.7 32527.5 27567.5 25011.1 23722 23081.2 22765.9 22611.7 22536.7 22500.3 22482.6 22474.2 22470.1 22468.1 22467.1 22466.7 22466.5 22466.4 22466.3 22466.3 22466.3 22466.3 22466.3 22466.3 22466.3 22466.3 22466.3 22466.3 22466.3 22466.3 22466.3 22466.3 22466.3 22466.3 22466.3 22466.3 22466.3 22466.3 22466.3 22466.3 22466.3 22466.3 22466.3 22466.3 22466.3 22466.3 22466.3 22466.3 22466.3 22466.3 22466.3 22466.3 22466.3 22466.3 22466.3 22466.3 22466.3 22466.3 22466.3 22466.3 22466.3 22466.3 22466.3 22466.3 22466.3 22466.3 22466.3 22466.3 22466.3 22466.3 22466.3 22466.3 22466.3 22466.3 22466.3 22466.3 22466.3 22466.3 22466.3 22466.3 22466.3 22466.3 22466.3 22466.3 22466.3 22466.3 22466.3 22466.3 22466.3 22466.3 22466.3 22466.3 22466.3 22466.3 22466.3 0 0 0 0 0 0 0 0 0 0 0 0 0 0 0 0 0 0 0 0 0 0 0 0 0
