SBPRF35
0.756594
Curr Bio
318664
B35
1.77242e+06
F35
0.245381
FOFL
0.0597483
OFL
14547.8
Bzero
216170
#pred survey bio
 34496.3 27794.5 18511.8 13310.6 25216.5 39244.6 69103.2 110012 163664 188797 182572 185375 198619 233007 250640 279391 264879 275089 257812 267270 278172 301813 263806 288161 279693 298345 323164 409128 2.05886e+07 2.01633e+07 2.11429e+07 1.9243e+07 1.61425e+07 1.29148e+07 1.0086e+07 7.82434e+06 6.11313e+06 4.8624e+06 3.96761e+06 3.33526e+06 2.89078e+06 2.57842e+06 2.35599e+06 2.1937e+06 2.07953e+06 1.99797e+06 1.93882e+06 1.89527e+06 1.86275e+06 1.83815e+06 1.81933e+06 1.80478e+06 1.79344e+06 1.78453e+06 1.77748e+06 1.77189e+06 1.76743e+06 1.76386e+06 1.761e+06 1.7587e+06 1.75684e+06 1.75535e+06 1.75414e+06 1.75317e+06 1.75238e+06 1.75175e+06 1.75123e+06 1.75081e+06 1.75048e+06 1.7502e+06 1.74998e+06 1.7498e+06 1.74966e+06 1.74954e+06 1.74944e+06 1.74937e+06 1.74931e+06 1.74925e+06 1.74921e+06 1.74918e+06 1.74915e+06 1.74913e+06 1.74911e+06 1.7491e+06 1.74909e+06 1.74908e+06 1.74907e+06 1.74907e+06 1.74906e+06 1.74906e+06 1.74905e+06 1.74905e+06 1.74905e+06 1.74905e+06 1.74904e+06 1.74904e+06 1.74904e+06 1.74904e+06 1.74904e+06 1.74904e+06 1.74904e+06 1.74904e+06 1.74904e+06 1.74904e+06 1.74904e+06 1.74904e+06 1.74904e+06 1.74904e+06 1.74904e+06 1.74904e+06 1.74904e+06 1.74904e+06 1.74904e+06 1.74904e+06 1.74904e+06 1.74904e+06 1.74904e+06 1.74904e+06 1.74904e+06 1.74904e+06 1.74904e+06 1.74904e+06 1.74904e+06 1.74904e+06 1.74904e+06 1.74904e+06 1.74904e+06 1.74904e+06 0 0 0 0 0 0 0 0 0 0 0 0 0 0 0 0 0 0 0 0 0 0 0 0 0
#obs survey bio
 32357.1 18465.5 9766.12 16212.6 24811.2 65583.2 60127.7 119452 159155 193663 129509 176412 158371 172147 224740 188151 195748 230951 276209 249952 223250 245962 212088 314912 167272 271152 210756 367906
#pred catch bio
 19337.1 16488.2 12451.5 7968.24 16840.4 26358.1 47437.7 78020.3 123514 149352 146742 148667 156331 189550 203659 234974 219657 236507 216415 228997 237190 270159 228051 254446 242851 261791 287719 285283 14547.8 187692 194698 174648 143742 112269 85173.8 63921.9 48205.1 37036.1 29319.7 24097 20615.7 18321.6 16814.9 15821.9 15192.4 14793.4 14540.5 14380.2 14278.6 14214.1 14173.3 14147.4 14131 14120.6 14114 14109.8 14107.2 14105.5 14104.4 14103.8 14103.3 14103.1 14102.9 14102.8 14102.7 14102.7 14102.7 14102.6 14102.6 14102.6 14102.6 14102.6 14102.6 14102.6 14102.6 14102.6 14102.6 14102.6 14102.6 14102.6 14102.6 14102.6 14102.6 14102.6 14102.6 14102.6 14102.6 14102.6 14102.6 14102.6 14102.6 14102.6 14102.6 14102.6 14102.6 14102.6 14102.6 14102.6 14102.6 14102.6 14102.6 14102.6 14102.6 14102.6 14102.6 14102.6 14102.6 14102.6 14102.6 14102.6 14102.6 14102.6 14102.6 14102.6 14102.6 14102.6 14102.6 14102.6 14102.6 14102.6 14102.6 14102.6 14102.6 14102.6 14102.6 14102.6 14102.6 14102.6 0 0 0 0 0 0 0 0 0 0 0 0 0 0 0 0 0 0 0 0 0 0 0 0 0
#obs catch bio
 16305.3 16741.7 14795.8 8275.65 11051.2 19299 37644.1 58481.9 107178 140311 143245 123835 130237 175679 182327 223672 186944 209847 176560 189128 204735 235609 193210 204069 215129 213896 256177 235397
#pred cpue bio
 27173.3 22935.7 16780.2 8029.57 10762.1 18226.2 28108.1 47614 70479.1 89387.1 88482.2 81127.4 83982.6 96313.3 100972 109497 106324 106936 95021.9 99916.8 94741.5 101899 85584.4 91283.1 89321.2 94792.1 96170.9 98373.1 9.7178e+06 2.00563e+07 2.10256e+07 1.91227e+07 1.6022e+07 1.27943e+07 9.96554e+06 7.70387e+06 5.99266e+06 4.74193e+06 3.84714e+06 3.21478e+06 2.77031e+06 2.45795e+06 2.23551e+06 2.07323e+06 1.95906e+06 1.8775e+06 1.81835e+06 1.77479e+06 1.74227e+06 1.71768e+06 1.69886e+06 1.68431e+06 1.67296e+06 1.66405e+06 1.65701e+06 1.65142e+06 1.64696e+06 1.64339e+06 1.64053e+06 1.63822e+06 1.63637e+06 1.63488e+06 1.63367e+06 1.6327e+06 1.63191e+06 1.63127e+06 1.63076e+06 1.63034e+06 1.63e+06 1.62973e+06 1.62951e+06 1.62933e+06 1.62918e+06 1.62907e+06 1.62897e+06 1.62889e+06 1.62883e+06 1.62878e+06 1.62874e+06 1.62871e+06 1.62868e+06 1.62866e+06 1.62864e+06 1.62863e+06 1.62861e+06 1.62861e+06 1.6286e+06 1.62859e+06 1.62859e+06 1.62858e+06 1.62858e+06 1.62858e+06 1.62857e+06 1.62857e+06 1.62857e+06 1.62857e+06 1.62857e+06 1.62857e+06 1.62857e+06 1.62857e+06 1.62857e+06 1.62857e+06 1.62857e+06 1.62857e+06 1.62857e+06 1.62857e+06 1.62857e+06 1.62857e+06 1.62857e+06 1.62857e+06 1.62857e+06 1.62857e+06 1.62857e+06 1.62857e+06 1.62857e+06 1.62857e+06 1.62857e+06 1.62857e+06 1.62857e+06 1.62857e+06 1.62857e+06 1.62857e+06 1.62857e+06 1.62857e+06 1.62857e+06 1.62857e+06 1.62857e+06 1.62857e+06 0 0 0 0 0 0 0 0 0 0 0 0 0 0 0 0 0 0 0 0 0 0 0 0 0
#obs cpue bio
 47167.8 31240.9 11395.8 15990.5 28104.6 51216.1 58943 152104 117803 108979 146479 188270 197538 175699 179146 200341 265427 219662 200394 226024 202230 224500 197268 214668 214668 248189 226880 232182
#pred surv len freq
 1.16178e-11 1.261e-09 8.0704e-08 3.04552e-06 6.77669e-05 0.000889147 0.00687995 0.0314147 0.0849277 0.138193 0.14599 0.128065 0.122827 0.110948 0.0801063 0.051598 0.0330943 0.0208584 0.0132948 0.00896591 0.00657167 0.00532298 0.00452067 0.00345406 0.00200851
 9.17282e-12 9.95622e-10 6.37197e-08 2.40459e-06 5.35056e-05 0.000702051 0.00543311 0.0248281 0.0673937 0.111857 0.128388 0.13807 0.158381 0.147855 0.0982921 0.0528452 0.0282861 0.0157628 0.00883795 0.00499142 0.0029583 0.00196058 0.00145157 0.00104561 0.000603156
 5.60815e-12 6.08711e-10 3.89574e-08 1.47014e-06 3.27131e-05 0.000429257 0.00332298 0.0152087 0.0416041 0.0716337 0.0940369 0.128608 0.172778 0.173853 0.127457 0.0796272 0.0462215 0.0236908 0.0110697 0.00517237 0.0024953 0.00128444 0.000749627 0.000468439 0.00025543
 1.64884e-11 1.78966e-09 1.14538e-07 4.32231e-06 9.61767e-05 0.00126187 0.00976283 0.0445512 0.12007 0.192378 0.189266 0.131072 0.08899 0.0696929 0.0538305 0.040132 0.027743 0.016479 0.00841165 0.00373709 0.00149761 0.000591417 0.00025349 0.000122194 5.78863e-05
 1.85669e-11 2.01526e-09 1.28976e-07 4.86716e-06 0.0001083 0.00142094 0.0109935 0.0501683 0.135222 0.216761 0.213721 0.148879 0.0999467 0.069674 0.0371505 0.0126032 0.00269085 0.000451808 0.000118974 5.17695e-05 2.16961e-05 7.78196e-06 2.55042e-06 8.64508e-07 3.11875e-07
 1.78356e-11 1.93588e-09 1.23896e-07 4.67546e-06 0.000104035 0.00136498 0.0105607 0.0481968 0.129957 0.20872 0.207672 0.149683 0.107066 0.077701 0.0417886 0.0140196 0.00280574 0.000331848 2.31533e-05 9.52598e-07 2.31107e-08 3.30592e-10 2.78842e-12 1.38685e-14 4.0687e-17
 1.89087e-11 2.05236e-09 1.31351e-07 4.95677e-06 0.000110294 0.0014471 0.0111959 0.05109 0.137685 0.220539 0.216638 0.148752 0.0970103 0.0662243 0.0349791 0.0116895 0.0023376 0.000276437 1.92866e-05 7.93506e-07 1.9251e-08 2.7538e-10 2.32272e-12 1.15522e-14 3.3877e-17
 1.84355e-11 2.001e-09 1.28064e-07 4.83272e-06 0.000107534 0.00141089 0.0109158 0.0498142 0.134277 0.215327 0.212685 0.149162 0.101445 0.071285 0.0379818 0.012717 0.00254403 0.000300871 2.09916e-05 8.63659e-07 2.09529e-08 2.99726e-10 2.52808e-12 1.25736e-14 3.68721e-17
 1.84757e-11 2.00536e-09 1.28343e-07 4.84327e-06 0.000107769 0.00141397 0.0109396 0.0499227 0.134567 0.21577 0.213021 0.149128 0.101068 0.0708548 0.0377265 0.0126296 0.00252648 0.000298793 2.08467e-05 8.57695e-07 2.08082e-08 2.97656e-10 2.51062e-12 1.24867e-14 3.66174e-17
 1.76588e-11 1.9167e-09 1.22668e-07 4.62912e-06 0.000103004 0.00135145 0.0104561 0.0477202 0.128684 0.206773 0.206195 0.149836 0.108723 0.0795915 0.0429104 0.0144035 0.00288286 0.000340976 2.37902e-05 9.78805e-07 2.37465e-08 3.39687e-10 2.86513e-12 1.42499e-14 4.1788e-17
 1.74364e-11 1.89255e-09 1.21123e-07 4.57081e-06 0.000101706 0.00133443 0.0103245 0.0471205 0.127082 0.204323 0.204336 0.150029 0.110807 0.0819704 0.0443219 0.0148864 0.0029799 0.000352462 2.45917e-05 1.01178e-06 2.45465e-08 3.51131e-10 2.96166e-12 1.473e-14 4.31959e-17
 1.83457e-11 1.99125e-09 1.2744e-07 4.80918e-06 0.00010701 0.00140401 0.0108626 0.0495721 0.13363 0.214338 0.211934 0.14924 0.102286 0.0722456 0.0385518 0.012912 0.00258322 0.000305509 2.13153e-05 8.76975e-07 2.1276e-08 3.04347e-10 2.56705e-12 1.27674e-14 3.74406e-17
 1.86189e-11 2.0209e-09 1.29337e-07 4.88079e-06 0.000108604 0.00142492 0.0110243 0.0503086 0.135598 0.217347 0.214217 0.149003 0.0997264 0.069324 0.0368183 0.0123188 0.00246404 0.000291403 2.03309e-05 8.36475e-07 2.02934e-08 2.90292e-10 2.4485e-12 1.21778e-14 3.57115e-17
 1.87907e-11 2.03955e-09 1.30531e-07 4.92583e-06 0.000109606 0.00143807 0.011126 0.0507718 0.136835 0.219239 0.215652 0.148854 0.0981164 0.0674866 0.0357281 0.0119458 0.00238909 0.000282531 1.97119e-05 8.11005e-07 1.96755e-08 2.81452e-10 2.37395e-12 1.1807e-14 3.46241e-17
 1.89779e-11 2.05987e-09 1.31832e-07 4.97491e-06 0.000110698 0.0014524 0.0112368 0.0512766 0.138183 0.221301 0.217217 0.148692 0.0963617 0.065484 0.0345399 0.0115392 0.00230741 0.000272862 1.90372e-05 7.83244e-07 1.9002e-08 2.71818e-10 2.29269e-12 1.14028e-14 3.34389e-17
 1.91702e-11 2.08075e-09 1.33167e-07 5.02532e-06 0.00011182 0.00146711 0.0113506 0.0517951 0.139568 0.223419 0.218824 0.148525 0.0945596 0.0634273 0.0333196 0.0111217 0.00222351 0.000262933 1.83443e-05 7.54735e-07 1.83103e-08 2.61924e-10 2.20923e-12 1.09878e-14 3.22217e-17
 1.90036e-11 2.06266e-09 1.3201e-07 4.98165e-06 0.000110848 0.00145436 0.011252 0.0513459 0.138369 0.221584 0.217432 0.14867 0.0961208 0.0652091 0.0343768 0.0114834 0.00229619 0.000271535 1.89446e-05 7.79433e-07 1.89095e-08 2.70496e-10 2.28153e-12 1.13474e-14 3.32762e-17
 1.92255e-11 2.08674e-09 1.33551e-07 5.0398e-06 0.000112142 0.00147134 0.0113833 0.051944 0.139966 0.224028 0.219285 0.148477 0.0940419 0.0628365 0.032969 0.0110017 0.00219941 0.00026008 1.81452e-05 7.46545e-07 1.81116e-08 2.59082e-10 2.18526e-12 1.08685e-14 3.18721e-17
 1.95702e-11 2.12415e-09 1.35945e-07 5.13016e-06 0.000114152 0.00149771 0.0115873 0.0528733 0.142448 0.227824 0.222165 0.148179 0.0908121 0.0591504 0.0307819 0.0102533 0.00204905 0.000242283 1.69033e-05 6.95447e-07 1.6872e-08 2.41349e-10 2.03569e-12 1.01246e-14 2.96906e-17
 1.9481e-11 2.11448e-09 1.35326e-07 5.10679e-06 0.000113632 0.00149089 0.0115346 0.0526329 0.141806 0.226842 0.22142 0.148256 0.0916475 0.0601039 0.0313477 0.0104469 0.00208795 0.000246886 1.72245e-05 7.08664e-07 1.71926e-08 2.45936e-10 2.07438e-12 1.03171e-14 3.02548e-17
 2.00322e-11 2.17431e-09 1.39155e-07 5.25129e-06 0.000116847 0.00153308 0.0118608 0.0541191 0.145776 0.232913 0.226026 0.147778 0.0864819 0.0542085 0.0278497 0.00924996 0.00184747 0.000218423 1.52383e-05 6.26942e-07 1.521e-08 2.17575e-10 1.83516e-12 9.1273e-15 2.67659e-17
 2.00801e-11 2.1795e-09 1.39488e-07 5.26383e-06 0.000117127 0.00153674 0.0118891 0.0542481 0.14612 0.23344 0.226426 0.147737 0.0860335 0.0536967 0.0275461 0.00914605 0.0018266 0.000215952 1.50659e-05 6.19848e-07 1.50379e-08 2.15112e-10 1.81439e-12 9.02401e-15 2.6463e-17
 2.02909e-11 2.20238e-09 1.40952e-07 5.3191e-06 0.000118356 0.00155287 0.0120139 0.0548166 0.147639 0.235762 0.228187 0.147554 0.0840579 0.051442 0.0262083 0.00868828 0.00173462 0.000205065 1.43062e-05 5.88592e-07 1.42796e-08 2.04265e-10 1.7229e-12 8.56897e-15 2.51286e-17
 2.04112e-11 2.21544e-09 1.41788e-07 5.35064e-06 0.000119058 0.00156208 0.0120851 0.0551409 0.148505 0.237087 0.229192 0.147449 0.0829305 0.0501554 0.0254448 0.00842704 0.00168214 0.000198853 1.38727e-05 5.70756e-07 1.38469e-08 1.98075e-10 1.67069e-12 8.30931e-15 2.43671e-17
 2.03708e-11 2.21106e-09 1.41507e-07 5.34004e-06 0.000118822 0.00155898 0.0120612 0.055032 0.148214 0.236642 0.228855 0.147484 0.0833092 0.0505876 0.0257013 0.0085148 0.00169977 0.00020094 1.40183e-05 5.76748e-07 1.39922e-08 2.00155e-10 1.68823e-12 8.39653e-15 2.46229e-17
 2.03964e-11 2.21383e-09 1.41685e-07 5.34674e-06 0.000118971 0.00156094 0.0120763 0.0551008 0.148398 0.236924 0.229068 0.147462 0.0830698 0.0503143 0.0255392 0.00845932 0.00168862 0.000199621 1.39263e-05 5.7296e-07 1.39003e-08 1.9884e-10 1.67714e-12 8.34139e-15 2.44612e-17
 2.07076e-11 2.24761e-09 1.43847e-07 5.42834e-06 0.000120787 0.00158476 0.0122605 0.05594 0.15064 0.240352 0.231669 0.147192 0.0801529 0.0469854 0.023564 0.00778345 0.00155284 0.000183548 1.28047e-05 5.26814e-07 1.27808e-08 1.82825e-10 1.54206e-12 7.66956e-15 2.24911e-17
 2.1546e-11 2.33861e-09 1.49671e-07 5.64811e-06 0.000125677 0.00164892 0.0127567 0.0582004 0.156677 0.249586 0.238674 0.146466 0.0722965 0.0380192 0.018244 0.00596304 0.0011871 0.000140257 9.78386e-06 4.02522e-07 9.76538e-09 1.39691e-10 1.17824e-12 5.86006e-15 1.71847e-17
#obs surv len freq
 4.30085e-11 3.98588e-09 2.17811e-07 7.01819e-06 0.00013334 0.00149382 0.00987017 0.0385003 0.0891248 0.125822 0.122585 0.114925 0.124016 0.121572 0.100217 0.0726821 0.0443116 0.0218293 0.00890084 0.00301329 0.000808084 0.000162138 2.32297e-05 2.29011e-06 1.50807e-07
 3.03039e-11 2.70873e-09 1.42765e-07 4.43674e-06 8.13026e-05 0.000878587 0.00560193 0.0211348 0.0478899 0.0700767 0.0852467 0.117006 0.15461 0.159796 0.135295 0.0992891 0.0596193 0.0282335 0.0108181 0.00339282 0.000843976 0.000158356 2.13022e-05 1.96745e-06 1.20713e-07
 1.55788e-11 1.34076e-09 6.8039e-08 2.03589e-06 3.59222e-05 0.000373838 0.00229753 0.00839407 0.0188598 0.0301873 0.0486197 0.0874114 0.135766 0.171668 0.183132 0.153874 0.0946357 0.0432917 0.0156369 0.00456418 0.00104641 0.000180064 2.22451e-05 1.89511e-06 1.07615e-07
 2.65196e-10 2.19397e-08 1.07024e-06 3.07836e-05 0.000522089 0.00522103 0.0307863 0.107044 0.219503 0.265687 0.190773 0.0838522 0.0279751 0.0158165 0.0167672 0.0158449 0.0111199 0.00585279 0.00233023 0.0006933 0.000152063 2.42202e-05 2.73402e-06 2.12121e-07 1.09822e-08
 1.83871e-10 1.46002e-08 6.83583e-07 1.88717e-05 0.000307205 0.00294901 0.0167016 0.0559388 0.112201 0.143283 0.145533 0.160327 0.166544 0.1197 0.0537188 0.015907 0.00426706 0.00162171 0.000689005 0.000228588 5.33682e-05 8.53614e-06 9.22166e-07 6.64186e-08 3.14424e-09
 4.38661e-10 3.33833e-08 1.49801e-06 3.96359e-05 0.000618373 0.00568865 0.0308607 0.0987767 0.187024 0.212373 0.15479 0.0934065 0.0686203 0.0582912 0.0455711 0.0281526 0.0119317 0.00321365 0.000557165 7.27466e-05 9.60824e-06 1.29942e-06 1.37053e-07 9.68782e-09 4.39283e-10
 5.36308e-10 3.90642e-08 1.67776e-06 4.24884e-05 0.000634456 0.00558662 0.0290158 0.0890233 0.162598 0.18378 0.150898 0.12591 0.110855 0.0770652 0.0393135 0.016576 0.00622987 0.00193667 0.000450916 7.37289e-05 8.19858e-06 6.34437e-07 3.74823e-08 1.82977e-09 6.99e-11
 8.27618e-10 5.76243e-08 2.36575e-06 5.7269e-05 0.000817452 0.00688047 0.0341585 0.10016 0.174687 0.187744 0.144472 0.111951 0.0959375 0.0707834 0.0421241 0.020492 0.00748773 0.00187833 0.000322249 4.07473e-05 4.09254e-06 3.19605e-07 1.78392e-08 6.72622e-10 1.70387e-11
 1.01284e-09 6.73301e-08 2.63915e-06 6.09968e-05 0.000831279 0.00668076 0.0316786 0.0888616 0.14948 0.160953 0.139737 0.133242 0.123001 0.086951 0.04751 0.021335 0.00745471 0.00185578 0.000321631 3.96829e-05 3.54918e-06 2.29758e-07 1.06984e-08 3.55013e-10 8.19132e-12
 1.22486e-09 7.76527e-08 2.90279e-06 6.3983e-05 0.000831605 0.00637444 0.0288403 0.0773493 0.12568 0.136582 0.132702 0.144215 0.140187 0.104052 0.061505 0.0290405 0.00992059 0.0022682 0.000345627 3.68208e-05 2.89286e-06 1.69412e-07 7.16009e-09 2.10063e-10 4.16749e-12
 2.50126e-09 1.5107e-07 5.38006e-06 0.000112975 0.00139886 0.0102142 0.0440036 0.112131 0.171226 0.166765 0.129834 0.112358 0.100034 0.0747472 0.045911 0.0219938 0.00737256 0.00162856 0.000238466 2.41365e-05 1.75317e-06 9.18184e-08 3.40284e-09 8.74975e-11 1.53575e-12
 3.7231e-09 2.14016e-07 7.254e-06 0.000144977 0.00170851 0.011874 0.0487007 0.118295 0.173237 0.16609 0.13549 0.122684 0.102892 0.0661034 0.033551 0.0138411 0.00429413 0.00093104 0.000139918 1.4882e-05 1.12449e-06 5.91169e-08 2.11189e-09 5.05502e-11 8.03889e-13
 5.16811e-09 2.82489e-07 9.10455e-06 0.000173024 0.00193893 0.0128147 0.0500001 0.115754 0.163033 0.155945 0.136572 0.131769 0.110225 0.069329 0.0343309 0.0134759 0.00381416 0.000718453 8.91356e-05 7.61628e-06 4.76419e-07 2.23393e-08 7.6107e-10 1.79099e-11 2.79738e-13
 7.45498e-09 3.87147e-07 1.18548e-05 0.000214044 0.0022789 0.0143109 0.0530736 0.116987 0.158158 0.149713 0.136176 0.134331 0.111406 0.0701174 0.0351025 0.0136548 0.00372131 0.000661876 7.61847e-05 5.86961e-06 3.17017e-07 1.23141e-08 3.42032e-10 6.66672e-12 8.95701e-14
 1.12351e-08 5.53904e-07 1.6102e-05 0.000276004 0.00278979 0.016633 0.0585821 0.122805 0.158919 0.1473 0.1351 0.132432 0.107634 0.0671793 0.033524 0.012791 0.00336901 0.000578729 6.49835e-05 4.93855e-06 2.62526e-07 9.80187e-09 2.51951e-10 4.36575e-12 5.04034e-14
 1.8037e-08 8.43621e-07 2.32658e-05 0.000378342 0.00362803 0.0205219 0.0685856 0.136538 0.168389 0.150406 0.134253 0.126192 0.0967236 0.0563653 0.0261081 0.00923814 0.00225366 0.000356304 3.64075e-05 2.49165e-06 1.19443e-07 4.09128e-09 9.86023e-11 1.62283e-12 1.77802e-14
 2.29072e-08 1.01583e-06 2.6562e-05 0.000409543 0.00372379 0.0199785 0.0634257 0.12083 0.14734 0.14332 0.148809 0.146971 0.108908 0.0597193 0.0258018 0.00849844 0.00192719 0.000281741 2.6317e-05 1.61809e-06 6.84875e-08 2.05457e-09 4.35032e-11 6.34925e-13 6.24335e-15
 4.15708e-08 1.74696e-06 4.32879e-05 0.00063248 0.00544953 0.0277004 0.0832423 0.149436 0.168306 0.142916 0.126475 0.116376 0.0887638 0.0538532 0.0257069 0.00880432 0.00198167 0.000284097 2.62948e-05 1.62838e-06 6.95754e-08 2.05808e-09 4.13391e-11 5.52306e-13 4.8545e-15
 5.34642e-08 2.12825e-06 4.99543e-05 0.000691395 0.00564354 0.0271883 0.0776034 0.133696 0.150959 0.143632 0.14751 0.137438 0.0955775 0.0504718 0.0211796 0.00667539 0.00145023 0.000210191 2.05941e-05 1.39203e-06 6.48006e-08 2.03212e-09 4.19617e-11 5.63083e-13 4.87908e-15
 8.82675e-08 3.32724e-06 7.39534e-05 0.000969247 0.00749166 0.0341747 0.0923361 0.150358 0.159428 0.140402 0.13414 0.120737 0.0850571 0.0470332 0.0202211 0.00616902 0.00123351 0.00015814 1.33193e-05 7.73414e-07 3.21703e-08 9.57652e-10 1.97452e-11 2.71645e-13 2.42371e-15
 1.30107e-07 4.64309e-06 9.77022e-05 0.0012123 0.00887169 0.0383269 0.0981986 0.152543 0.15794 0.142388 0.138627 0.120256 0.079143 0.040475 0.0162022 0.00468172 0.000906134 0.000115366 9.86466e-06 5.81063e-07 2.36725e-08 6.56347e-10 1.21688e-11 1.4947e-13 1.20995e-15
 1.79116e-07 6.05061e-06 0.00012052 0.00141558 0.00980726 0.0401313 0.0976276 0.145586 0.150639 0.144959 0.147477 0.125378 0.0791018 0.0385463 0.0145358 0.00389533 0.000687395 7.82761e-05 5.89186e-06 3.05963e-07 1.12782e-08 2.93187e-10 5.21902e-12 6.17291e-14 4.74453e-16
 2.90172e-07 9.27794e-06 0.00017492 0.00194467 0.0127521 0.0493872 0.11367 0.160082 0.155334 0.138845 0.133072 0.110419 0.0707835 0.0356806 0.0135954 0.00356938 0.000609563 6.73812e-05 4.95337e-06 2.49818e-07 8.73376e-09 2.08891e-10 3.35223e-12 3.56093e-14 2.48166e-16
 3.92415e-07 1.18761e-05 0.000211931 0.00223024 0.0138457 0.0508088 0.111242 0.151612 0.150639 0.147134 0.145746 0.11499 0.0672618 0.0305642 0.0106319 0.00260035 0.000421089 4.48737e-05 3.2282e-06 1.60625e-07 5.52845e-09 1.29007e-10 1.99602e-12 2.01586e-14 1.3146e-16
 5.21533e-07 1.49404e-05 0.000252374 0.00251407 0.0147777 0.0513935 0.107106 0.14153 0.143759 0.149649 0.151549 0.119449 0.0709192 0.032784 0.0112457 0.00261969 0.000394935 3.86117e-05 2.52839e-06 1.14832e-07 3.65728e-09 8.03393e-11 1.1856e-12 1.14942e-14 7.19889e-17
 7.99273e-07 2.16755e-05 0.000346614 0.00326873 0.0181899 0.0599031 0.118324 0.148704 0.144877 0.145509 0.142382 0.110076 0.0654009 0.0302038 0.0101426 0.00228309 0.000333161 3.18536e-05 2.05512e-06 9.13241e-08 2.78507e-09 5.72013e-11 7.77238e-13 6.90725e-15 3.97991e-17
 1.17876e-06 3.02654e-05 0.000458218 0.00409139 0.0215607 0.0672913 0.126403 0.15311 0.148378 0.149326 0.140543 0.101283 0.05521 0.0233413 0.00723212 0.00151422 0.00020663 1.85594e-05 1.13146e-06 4.78548e-08 1.3984e-09 2.76213e-11 3.60466e-13 3.05594e-15 1.66184e-17
 1.57438e-06 3.82767e-05 0.000548744 0.00463994 0.0231634 0.0685969 0.123149 0.146499 0.147636 0.155574 0.14522 0.101525 0.0536774 0.0218608 0.00643127 0.00126384 0.000160685 1.33715e-05 7.5201e-07 2.9304e-08 7.90933e-10 1.4499e-11 1.76546e-13 1.40336e-15 7.18382e-18
#pred catch len freq
 7.93284e-13 8.61035e-11 5.51066e-09 2.07963e-07 4.62837e-06 6.07885e-05 0.000472779 0.00221505 0.00676073 0.0172292 0.0472538 0.11443 0.188035 0.198375 0.147828 0.0956268 0.0613212 0.0386374 0.024624 0.0166057 0.0121713 0.00985856 0.00837261 0.00639719 0.00371991
 5.36757e-13 5.82599e-11 3.72868e-09 1.40719e-07 3.13229e-06 4.11726e-05 0.000321537 0.00153703 0.00510016 0.0159153 0.0523061 0.134687 0.222333 0.227431 0.153966 0.0829773 0.0443906 0.0247256 0.013861 0.0078279 0.00463935 0.00307467 0.00227641 0.00163978 0.000945897
 2.79598e-13 3.03479e-11 1.94231e-09 7.33059e-08 1.6322e-06 2.14857e-05 0.000169021 0.000836321 0.00314685 0.0122633 0.0462727 0.124274 0.208898 0.221056 0.163555 0.102238 0.05931 0.0303887 0.0141974 0.00663336 0.00320006 0.0016472 0.000961342 0.000600739 0.00032757
 3.71368e-12 4.03085e-10 2.57974e-08 9.7352e-07 2.16627e-05 0.000284269 0.00220115 0.0100871 0.0277695 0.0492167 0.0708293 0.109791 0.158477 0.169646 0.140611 0.105806 0.0731509 0.0434389 0.0221707 0.00984949 0.00394704 0.00155871 0.000668083 0.000322048 0.000152562
 1.42233e-11 1.5438e-09 9.8803e-08 3.72852e-06 8.29645e-05 0.00108855 0.00842277 0.0384574 0.103941 0.168911 0.177382 0.152516 0.140449 0.115973 0.0647151 0.0221641 0.00473967 0.000795014 0.00020885 9.08039e-05 3.80518e-05 1.36483e-05 4.47301e-06 1.5162e-06 5.46977e-07
 1.28053e-11 1.38989e-09 8.89529e-08 3.35681e-06 7.46936e-05 0.000980038 0.00758355 0.0346346 0.093732 0.153317 0.165642 0.154044 0.154205 0.131499 0.0737088 0.0249422 0.00500019 0.000591593 4.12786e-05 1.69835e-06 4.12032e-08 5.89401e-10 4.97138e-12 2.47256e-14 7.25395e-17
 1.53009e-11 1.66077e-09 1.06289e-07 4.01101e-06 8.92501e-05 0.00117101 0.00906056 0.041363 0.111704 0.180803 0.186493 0.15188 0.130819 0.104809 0.0578728 0.0195233 0.0039115 0.00046273 3.22864e-05 1.32837e-06 3.22273e-08 4.61003e-10 3.88838e-12 1.93392e-14 5.67122e-17
 1.48501e-11 1.61184e-09 1.03158e-07 3.89285e-06 8.66209e-05 0.00113652 0.00879378 0.0401477 0.108458 0.175838 0.182727 0.152271 0.135043 0.10963 0.0607331 0.0205021 0.00410814 0.000486006 3.39106e-05 1.3952e-06 3.38485e-08 4.84194e-10 4.084e-12 2.03121e-14 5.95652e-17
 1.57301e-11 1.70735e-09 1.0927e-07 4.12351e-06 9.17534e-05 0.00120385 0.00931456 0.0425201 0.114794 0.18553 0.190079 0.151508 0.126797 0.100219 0.0551495 0.0185915 0.00372428 0.00044057 3.074e-05 1.26475e-06 3.06837e-08 4.38922e-10 3.70214e-12 1.84129e-14 5.39959e-17
 1.50431e-11 1.63278e-09 1.04498e-07 3.94342e-06 8.77463e-05 0.00115128 0.00890797 0.0406679 0.109847 0.177963 0.184339 0.152104 0.133235 0.107566 0.0595088 0.0200832 0.00402397 0.000476043 3.32154e-05 1.3666e-06 3.31546e-08 4.74267e-10 4.00027e-12 1.98956e-14 5.8344e-17
 1.49229e-11 1.61974e-09 1.03663e-07 3.91193e-06 8.70455e-05 0.00114209 0.00883687 0.040344 0.108982 0.17664 0.183335 0.152208 0.134361 0.108851 0.0602712 0.020344 0.00407638 0.000482247 3.36483e-05 1.38441e-06 3.35867e-08 4.80448e-10 4.0524e-12 2.01549e-14 5.91044e-17
 1.62437e-11 1.7631e-09 1.12838e-07 4.25816e-06 9.47495e-05 0.00124316 0.00961857 0.0439049 0.118493 0.191187 0.194371 0.151063 0.121984 0.0947257 0.0518901 0.0174762 0.0035002 0.000414047 2.88892e-05 1.1886e-06 2.88362e-08 4.12494e-10 3.47923e-12 1.73042e-14 5.07448e-17
 1.64413e-11 1.78455e-09 1.14211e-07 4.30997e-06 9.59022e-05 0.00125828 0.00973554 0.0444378 0.119916 0.193364 0.196022 0.150891 0.120132 0.0926122 0.050636 0.017047 0.00341398 0.000403842 2.81771e-05 1.1593e-06 2.81254e-08 4.02326e-10 3.39347e-12 1.68777e-14 4.94939e-17
 1.70356e-11 1.84905e-09 1.18339e-07 4.46575e-06 9.93686e-05 0.00130376 0.0100873 0.04604 0.124196 0.199909 0.200988 0.150376 0.114563 0.0862564 0.0468649 0.0157566 0.00315473 0.000373156 2.60358e-05 1.0712e-06 2.59879e-08 3.7175e-10 3.13557e-12 1.5595e-14 4.57325e-17
 1.72889e-11 1.87655e-09 1.20099e-07 4.53215e-06 0.000100846 0.00132314 0.0102372 0.0467229 0.12602 0.202699 0.203104 0.150157 0.112189 0.0835476 0.0452577 0.0152067 0.00304423 0.000360077 2.51231e-05 1.03365e-06 2.50769e-08 3.58719e-10 3.02566e-12 1.50483e-14 4.41293e-17
 1.78607e-11 1.93861e-09 1.24071e-07 4.68205e-06 0.000104181 0.0013669 0.0105756 0.0482646 0.130138 0.208997 0.207882 0.149661 0.106831 0.0774321 0.0416291 0.013965 0.00279478 0.00033055 2.30627e-05 9.48871e-07 2.30202e-08 3.29298e-10 2.77751e-12 1.38141e-14 4.051e-17
 1.75133e-11 1.9009e-09 1.21657e-07 4.59097e-06 0.000102155 0.00134032 0.01037 0.0473279 0.127636 0.20517 0.204979 0.149962 0.110087 0.0811478 0.0438338 0.0147194 0.00294634 0.00034849 2.43146e-05 1.00038e-06 2.42698e-08 3.47173e-10 2.92828e-12 1.4564e-14 4.2709e-17
 1.81152e-11 1.96623e-09 1.25838e-07 4.74875e-06 0.000105666 0.00138637 0.0107262 0.0489506 0.13197 0.211799 0.210008 0.14944 0.104446 0.0747109 0.0400145 0.0134125 0.00268378 0.000317412 2.21459e-05 9.11149e-07 2.21051e-08 3.16207e-10 2.66709e-12 1.3265e-14 3.88996e-17
 1.83738e-11 1.9943e-09 1.27635e-07 4.81655e-06 0.000107174 0.00140617 0.0108793 0.0496479 0.133833 0.214648 0.212169 0.149216 0.102023 0.0719448 0.0383733 0.012851 0.00257095 0.000304056 2.12139e-05 8.72805e-07 2.11748e-08 3.029e-10 2.55485e-12 1.27067e-14 3.72626e-17
 1.84145e-11 1.99872e-09 1.27918e-07 4.82722e-06 0.000107412 0.00140928 0.0109034 0.0497576 0.134126 0.215096 0.212509 0.149181 0.101641 0.0715096 0.0381151 0.0127626 0.00255319 0.000301955 2.10673e-05 8.66772e-07 2.10285e-08 3.00806e-10 2.53719e-12 1.26189e-14 3.7005e-17
 1.90837e-11 2.07135e-09 1.32566e-07 5.00263e-06 0.000111315 0.00146049 0.0112994 0.0515617 0.138945 0.222466 0.2181 0.1486 0.0953709 0.0643533 0.033869 0.0113096 0.00226128 0.000267403 1.86562e-05 7.6757e-07 1.86217e-08 2.66379e-10 2.2468e-12 1.11746e-14 3.27697e-17
 1.94471e-11 2.1108e-09 1.35091e-07 5.09791e-06 0.000113435 0.0014883 0.0115145 0.0525416 0.141562 0.226469 0.221137 0.148285 0.0919649 0.0604661 0.0315626 0.0105204 0.00210272 0.000248635 1.73466e-05 7.13686e-07 1.73145e-08 2.47678e-10 2.08907e-12 1.03902e-14 3.04692e-17
 1.94947e-11 2.11596e-09 1.35421e-07 5.11038e-06 0.000113712 0.00149194 0.0115427 0.0526699 0.141905 0.226993 0.221535 0.148244 0.0915191 0.0599573 0.0312607 0.0104171 0.00208197 0.000246179 1.71752e-05 7.06633e-07 1.71433e-08 2.45231e-10 2.06843e-12 1.02875e-14 3.01681e-17
 1.97632e-11 2.1451e-09 1.37286e-07 5.18076e-06 0.000115278 0.00151249 0.0117016 0.0533937 0.143838 0.22995 0.223778 0.148011 0.0890032 0.0570859 0.029557 0.00983416 0.00196484 0.000232315 1.62077e-05 6.66829e-07 1.61777e-08 2.31417e-10 1.95192e-12 9.70799e-15 2.84688e-17
 1.96192e-11 2.12948e-09 1.36286e-07 5.14302e-06 0.000114438 0.00150147 0.0116164 0.0530056 0.142802 0.228364 0.222575 0.148136 0.0903522 0.0586256 0.0304705 0.0101468 0.00202765 0.000239749 1.67265e-05 6.88172e-07 1.66955e-08 2.38824e-10 2.01439e-12 1.00187e-14 2.938e-17
 1.97103e-11 2.13936e-09 1.36919e-07 5.1669e-06 0.00011497 0.00150844 0.0116703 0.0532512 0.143457 0.229367 0.223336 0.148057 0.0894987 0.0576515 0.0298926 0.00994899 0.00198791 0.000235046 1.63983e-05 6.74669e-07 1.63679e-08 2.34138e-10 1.97487e-12 9.82214e-15 2.88035e-17
 2.01597e-11 2.18814e-09 1.40041e-07 5.2847e-06 0.000117591 0.00154283 0.0119363 0.0544628 0.146694 0.234317 0.227091 0.147667 0.0852874 0.0528452 0.0270409 0.00897317 0.00179186 0.00021184 1.4779e-05 6.08044e-07 1.47515e-08 2.11016e-10 1.77984e-12 8.85216e-15 2.5959e-17
 2.01005e-11 2.18171e-09 1.39629e-07 5.26917e-06 0.000117245 0.0015383 0.0119012 0.054303 0.146267 0.233664 0.226596 0.147719 0.0858427 0.053479 0.0274169 0.00910184 0.00181771 0.0002149 1.49925e-05 6.16829e-07 1.49646e-08 2.14065e-10 1.80556e-12 8.98006e-15 2.63341e-17
#obs catch len freq
 4.62191e-11 4.28342e-09 2.34071e-07 7.54209e-06 0.000143293 0.00160533 0.0106066 0.0413667 0.0956843 0.134533 0.128784 0.115746 0.120226 0.114939 0.092543 0.0667562 0.041881 0.0216945 0.00923388 0.00318779 0.000859838 0.000173426 2.50738e-05 2.50401e-06 1.67592e-07
 5.91646e-11 5.28846e-09 2.7873e-07 8.66216e-06 0.00015873 0.00171514 0.0109305 0.0411317 0.0919429 0.12593 0.121246 0.11561 0.125459 0.121471 0.0990144 0.0708586 0.0423704 0.0204524 0.00816296 0.00268805 0.00069511 0.000133395 1.81494e-05 1.68887e-06 1.04442e-07
 4.28731e-11 3.68981e-09 1.87245e-07 5.60278e-06 9.88545e-05 0.00102858 0.00631522 0.0229534 0.050223 0.0716993 0.0872892 0.120472 0.156632 0.158824 0.132737 0.0958471 0.0562718 0.0260354 0.00974138 0.00296845 0.000711809 0.000127668 1.62927e-05 1.41873e-06 8.16672e-08
 2.26269e-11 1.87193e-09 9.1315e-08 2.62655e-06 4.45496e-05 0.000445687 0.00263365 0.00926093 0.0201234 0.031701 0.0513475 0.0916345 0.139728 0.174091 0.182364 0.149088 0.0889854 0.0396233 0.0139455 0.00394816 0.000871393 0.000143226 1.67785e-05 1.34698e-06 7.17177e-08
 3.81907e-10 3.03251e-08 1.41982e-06 3.9197e-05 0.000638056 0.00612423 0.0346605 0.115671 0.227664 0.264528 0.182463 0.0774202 0.0257629 0.0154006 0.0163663 0.0150462 0.0102488 0.00523301 0.00201467 0.000577169 0.000121338 1.84221e-05 1.97006e-06 1.43968e-07 6.98649e-09
 2.73188e-10 2.07903e-08 9.32927e-07 2.46844e-05 0.000385119 0.00354328 0.0192342 0.0617673 0.118978 0.146948 0.147087 0.160558 0.161828 0.111623 0.0480907 0.0138592 0.00376725 0.00145831 0.000604554 0.000192183 4.27225e-05 6.47827e-06 6.60756e-07 4.47491e-08 1.98416e-09
 6.50428e-10 4.73766e-08 2.03477e-06 5.15293e-05 0.000769453 0.00677496 0.0351783 0.107777 0.195394 0.212802 0.149885 0.089325 0.065702 0.055288 0.0423612 0.0252929 0.0102568 0.0026367 0.000439089 5.61472e-05 7.33794e-06 9.57359e-07 9.54217e-08 6.32655e-09 2.68141e-10
 8.10056e-10 5.64016e-08 2.31555e-06 5.60538e-05 0.000800108 0.00673459 0.033437 0.0980845 0.171431 0.186153 0.148779 0.122359 0.104867 0.0704226 0.0349837 0.0145119 0.00534546 0.00161043 0.000360287 5.62861e-05 5.96798e-06 4.41439e-07 2.49963e-08 1.16229e-09 4.17805e-11
 1.25906e-09 8.36979e-08 3.28072e-06 7.58247e-05 0.00103335 0.00830417 0.0393627 0.110218 0.183703 0.189333 0.141406 0.10787 0.090302 0.0648185 0.0376945 0.0178264 0.00626354 0.00150419 0.000247826 3.02587e-05 2.93042e-06 2.18646e-07 1.15635e-08 4.11371e-10 9.80984e-12
 1.57488e-09 9.98431e-08 3.7323e-06 8.22668e-05 0.00106923 0.00819519 0.037062 0.099178 0.159341 0.164677 0.138937 0.129204 0.115189 0.0787759 0.0419874 0.0183611 0.00618435 0.0014757 0.000245095 2.89869e-05 2.4803e-06 1.53128e-07 6.77669e-09 2.12801e-10 4.62322e-12
 1.94683e-09 1.17584e-07 4.18751e-06 8.79333e-05 0.00108882 0.00795128 0.0342753 0.087613 0.135887 0.141795 0.133693 0.140762 0.131908 0.094986 0.0547298 0.0249851 0.00816654 0.00178004 0.00025908 2.64526e-05 1.99225e-06 1.11352e-07 4.46564e-09 1.23724e-10 2.30959e-12
 3.92347e-09 2.25535e-07 7.6444e-06 0.000152779 0.00180044 0.0125123 0.0513058 0.124464 0.181111 0.168784 0.127122 0.107062 0.0924064 0.0672103 0.040176 0.0185261 0.00592344 0.00124531 0.000173893 1.68239e-05 1.16745e-06 5.82099e-08 2.04545e-09 4.96848e-11 8.20899e-13
 5.90246e-09 3.22628e-07 1.03982e-05 0.000197609 0.0022144 0.0146341 0.0570762 0.131864 0.183845 0.168405 0.132199 0.115209 0.0927432 0.0575891 0.0284544 0.0113662 0.00338089 0.000700081 0.000100517 1.02097e-05 7.34335e-07 3.65964e-08 1.23518e-09 2.78586e-11 4.16394e-13
 8.30244e-09 4.31157e-07 1.32024e-05 0.000238375 0.00253792 0.0159364 0.05908 0.129985 0.174159 0.158995 0.133514 0.123325 0.0988176 0.0600471 0.0288803 0.0109259 0.00294906 0.000527587 6.22723e-05 5.08286e-06 3.0424e-07 1.36004e-08 4.38888e-10 9.72826e-12 1.42564e-13
 1.20708e-08 5.95105e-07 1.72996e-05 0.000296533 0.00299726 0.017869 0.0629171 0.131702 0.16926 0.152776 0.132928 0.125262 0.0995606 0.0606143 0.0294257 0.0109902 0.00284745 0.000479847 5.23966e-05 3.84085e-06 1.97662e-07 7.30304e-09 1.92233e-10 3.53752e-12 4.47115e-14
 1.8393e-08 8.60274e-07 2.37251e-05 0.00038581 0.00369962 0.0209261 0.0699239 0.139078 0.170802 0.150248 0.13066 0.121662 0.0947047 0.0571931 0.0276208 0.0100902 0.00252282 0.000410504 4.37371e-05 3.16096e-06 1.59756e-07 5.65363e-09 1.37228e-10 2.23877e-12 2.42781e-14
 2.95313e-08 1.30958e-06 3.42429e-05 0.000527961 0.00480015 0.0257437 0.0815744 0.153966 0.179948 0.151978 0.12781 0.113604 0.0832024 0.0468324 0.0209685 0.00709726 0.00164152 0.000245416 2.37524e-05 1.54438e-06 7.04234e-08 2.28929e-09 5.21378e-11 8.07634e-13 8.30187e-15
 3.79661e-08 1.59548e-06 3.95344e-05 0.000577643 0.00497728 0.0253059 0.0761349 0.137456 0.1588 0.146055 0.143047 0.13375 0.0946646 0.0500858 0.0208982 0.00657925 0.00141306 0.00019505 1.7222e-05 1.00382e-06 4.0356e-08 1.14856e-09 2.29894e-11 3.1597e-13 2.91666e-15
 6.77813e-08 2.69817e-06 6.33312e-05 0.00087652 0.00715384 0.0344456 0.0980529 0.166732 0.177784 0.142585 0.118933 0.103867 0.0761094 0.0446496 0.0204653 0.00665608 0.00141474 0.00019145 1.67628e-05 9.84166e-07 3.9858e-08 1.11438e-09 2.1083e-11 2.64605e-13 2.18054e-15
 8.92991e-08 3.36613e-06 7.48177e-05 0.000980577 0.0075793 0.034576 0.0934413 0.152318 0.162198 0.144286 0.138224 0.121517 0.0807903 0.0411816 0.0166429 0.00500174 0.00103 0.000141437 1.31449e-05 8.42243e-07 3.70498e-08 1.09392e-09 2.12095e-11 2.66727e-13 2.16241e-15
 1.45652e-07 5.19784e-06 0.000109375 0.00135712 0.00993075 0.0428865 0.109685 0.168949 0.168877 0.138934 0.123746 0.105301 0.0711573 0.0379559 0.0156239 0.0045176 0.000852277 0.000103149 8.22798e-06 4.53845e-07 1.79236e-08 5.04491e-10 9.78566e-12 1.26138e-13 1.05141e-15
 2.16935e-07 7.32816e-06 0.000145966 0.00171441 0.0118758 0.048561 0.117725 0.172739 0.167695 0.139485 0.125298 0.102328 0.0644508 0.0317642 0.0121799 0.00333999 0.000611009 7.35675e-05 5.9589e-06 3.32433e-07 1.27935e-08 3.33984e-10 5.8155e-12 6.69556e-14 5.07019e-16
 2.99961e-07 9.59091e-06 0.000180821 0.00201026 0.0131822 0.0510511 0.117481 0.165326 0.15991 0.141588 0.133282 0.106914 0.0645736 0.0302864 0.0109176 0.0027707 0.000461135 4.95571e-05 3.5304e-06 1.73871e-07 6.07097e-09 1.48901e-10 2.48997e-12 2.75709e-14 1.97873e-16
 4.82418e-07 1.45999e-05 0.000260536 0.00274158 0.017016 0.0623667 0.135761 0.180274 0.162984 0.133012 0.117237 0.0917931 0.0564164 0.027315 0.00990939 0.00245818 0.000395757 4.12954e-05 2.87166e-06 1.37052e-07 4.52409e-09 1.01834e-10 1.53362e-12 1.52543e-14 9.93359e-17
 6.60431e-07 1.89194e-05 0.000319583 0.00318338 0.0187061 0.0649591 0.134436 0.17229 0.158142 0.139824 0.127375 0.0947795 0.0530597 0.0231521 0.00767675 0.00177627 0.000271482 2.73378e-05 1.86129e-06 8.75937e-08 2.843e-09 6.234e-11 9.03764e-13 8.53332e-15 5.19252e-17
 8.89364e-07 2.41187e-05 0.00038568 0.00363703 0.0202364 0.0665943 0.131098 0.162386 0.151143 0.141801 0.132523 0.0988614 0.0562434 0.0248972 0.00810793 0.00178185 0.000253086 2.33532e-05 1.44668e-06 6.21797e-08 1.86944e-09 3.86181e-11 5.34071e-13 4.83886e-15 2.82588e-17
 1.36553e-06 3.50606e-05 0.000530809 0.00473921 0.0249661 0.077795 0.14506 0.170362 0.150676 0.134755 0.121081 0.0885798 0.0503953 0.0222262 0.00706989 0.0015005 0.000206397 1.86339e-05 1.13656e-06 4.76938e-08 1.36945e-09 2.63998e-11 3.35865e-13 2.789e-15 1.49865e-17
 2.0041e-06 4.87237e-05 0.000698496 0.0059054 0.0294626 0.0870004 0.154154 0.173905 0.151846 0.135563 0.117168 0.079815 0.0416035 0.0167898 0.00492831 0.000973043 0.000125173 1.06178e-05 6.12078e-07 2.44497e-08 6.72626e-10 1.24643e-11 1.52172e-13 1.20414e-15 6.10016e-18
#spawning biomass
 32411.6 26440.9 18050.4 11782.6 21035.3 33176.5 57235.2 91968.8 136716 160111 155438 155238 165455 193446 207305 230177 218968 226373 210612 218757 224934 243785 212051 230975 224401 239222 257191 318664 498612 958655 992105 890361 733525 573811 436316 328472 248716 192037 152880 126377 108711 97068.9 89423.4 84384.1 81189.9 79165.1 77881.6 77068 76552.3 76225.4 76018.2 75886.8 75803.6 75750.8 75717.4 75696.1 75682.7 75674.2 75668.8 75665.4 75663.2 75661.8 75660.9 75660.4 75660 75659.8 75659.7 75659.6 75659.5 75659.5 75659.5 75659.5 75659.4 75659.4 75659.4 75659.4 75659.4 75659.4 75659.4 75659.4 75659.4 75659.4 75659.4 75659.4 75659.4 75659.4 75659.4 75659.4 75659.4 75659.4 75659.4 75659.4 75659.4 75659.4 75659.4 75659.4 75659.4 75659.4 75659.4 75659.4 75659.4 75659.4 75659.4 75659.4 75659.4 75659.4 75659.4 75659.4 75659.4 75659.4 75659.4 75659.4 75659.4 75659.4 75659.4 75659.4 75659.4 75659.4 75659.4 75659.4 75659.4 75659.4 75659.4 75659.4 75659.4 75659.4 75659.4 75659.4 0 0 0 0 0 0 0 0 0 0 0 0 0 0 0 0 0 0 0 0 0 0 0 0 0
