SBPRF35
0.249235
Curr Bio
218924
B35
414722
F35
0.502986
FOFL
0.145628
OFL
9832.84
Bzero
71209.9
#pred survey bio
 10439.3 8261.82 6066.58 7146.1 9885.04 14771.8 23030.8 34651.4 49952.8 64833 86848.3 130174 190817 209592 191617 178887 196013 191197 199671 220552 241907 225530 246404 292219 321750 322912 263251 300179 262120 6.2434e+06 5.15588e+06 3.9185e+06 2.64959e+06 1.7781e+06 1.2609e+06 974427 819741 735871 689291 662503 646513 636648 630401 626365 623661 621916 620782 620039 619552 619231 619020 618880 618788 618727 618687 618660 618643 618631 618623 618618 618615 618613 618611 618610 618610 618609 618609 618609 618609 618608 618608 618608 618608 618608 618608 618608 618608 618608 618608 618608 618608 618608 618608 618608 618608 618608 618608 618608 618608 618608 618608 618608 618608 618608 618608 618608 618608 618608 618608 618608 618608 618608 618608 618608 618608 618608 618608 618608 618608 618608 618608 618608 618608 618608 618608 618608 618608 618608 618608 618608 618608 618608 618608 618608 618608 618608 618608 618608 618608 0 0 0 0 0 0 0 0 0 0 0 0 0 0 0 0 0 0 0 0 0 0 0 0 0
#obs survey bio
 9134.1 5894.22 3102.26 7742.25 9933.7 12819 19100.2 40124.3 57026.4 53729.4 82921.1 147474 154652 126724 145781 156004 146529 189730 134920 144720 298340 158629 289903 315234 237822 195517 198480 214452 146049
#pred catch bio
 5266.28 4723.43 3298.87 3616.77 4877.99 7078.94 12066.3 18531.9 28386.2 37147.8 47989.2 70203.9 119694 142279 131973 116439 135263 125653 132884 150603 174890 159195 165206 204657 222686 248912 191333 219797 239374 9832.84 76966 56434.1 35548.2 22028.8 14569.4 10822.8 9053.02 8251.7 7899.71 7748.48 7684.58 7657.91 7646.89 7642.36 7640.5 7639.76 7639.46 7639.34 7639.29 7639.27 7639.26 7639.26 7639.26 7639.26 7639.26 7639.26 7639.26 7639.26 7639.26 7639.26 7639.26 7639.26 7639.26 7639.26 7639.26 7639.26 7639.26 7639.26 7639.26 7639.26 7639.26 7639.26 7639.26 7639.26 7639.26 7639.26 7639.26 7639.26 7639.26 7639.26 7639.26 7639.26 7639.26 7639.26 7639.26 7639.26 7639.26 7639.26 7639.26 7639.26 7639.26 7639.26 7639.26 7639.26 7639.26 7639.26 7639.26 7639.26 7639.26 7639.26 7639.26 7639.26 7639.26 7639.26 7639.26 7639.26 7639.26 7639.26 7639.26 7639.26 7639.26 7639.26 7639.26 7639.26 7639.26 7639.26 7639.26 7639.26 7639.26 7639.26 7639.26 7639.26 7639.26 7639.26 7639.26 7639.26 7639.26 7639.26 7639.26 0 0 0 0 0 0 0 0 0 0 0 0 0 0 0 0 0 0 0 0 0 0 0 0 0
#obs catch bio
 4555.73 5159.35 3907.56 3354.37 4453.16 6408.79 11453.1 17593.7 25858.3 34622.2 44353.6 61765 111177 148279 139305 107474 133186 117140 134050 154867 173444 159260 145223 182168 215134 246983 191334 220906 258178
#pred cpue bio
 8081.19 6815.23 4669.88 4748.71 6670.71 9749.31 15201.2 22312.8 32557.3 42538.1 55932.4 82224.5 123533 137948 126500 115422 125596 121907 129665 138182 149761 140544 148433 179879 195132 205370 158619 174455 166999 2.99001e+06 4.95534e+06 3.83771e+06 2.57e+06 1.69852e+06 1.18132e+06 894846 740160 656291 609711 582922 566932 557067 550820 546784 544080 542336 541201 540459 539971 539651 539439 539299 539207 539146 539106 539080 539062 539050 539043 539038 539034 539032 539031 539030 539029 539028 539028 539028 539028 539028 539028 539028 539028 539028 539028 539028 539028 539028 539028 539028 539028 539028 539028 539028 539028 539028 539028 539028 539028 539028 539028 539028 539028 539028 539028 539028 539028 539028 539028 539028 539028 539028 539028 539028 539028 539028 539028 539028 539028 539028 539028 539028 539028 539028 539028 539028 539028 539028 539028 539028 539028 539028 539028 539028 539028 539028 539028 539028 539028 0 0 0 0 0 0 0 0 0 0 0 0 0 0 0 0 0 0 0 0 0 0 0 0 0
#obs cpue bio
 5474.13 4899.35 4840.82 9764.15 10165.9 15350.9 20531.4 23088.5 47743.4 58455.3 88656.3 127074 181529 155988 146476 206264 170652 164617 164887 190344 140841 190760 249300 256818 263134 359985 205107 229961 246425
#pred surv len freq
 1.59073e-11 1.72734e-09 1.10586e-07 4.17406e-06 9.28876e-05 0.00121872 0.00942797 0.0430171 0.115949 0.186122 0.185037 0.133388 0.0968598 0.0758401 0.0522891 0.0330193 0.0212776 0.0138723 0.00927134 0.00652749 0.00494216 0.0040869 0.0035062 0.00268778 0.00156324
 1.21638e-11 1.32084e-09 8.45614e-08 3.19177e-06 7.10286e-05 0.000931941 0.00721037 0.0329194 0.0890135 0.145166 0.155075 0.14028 0.137909 0.121574 0.0789788 0.0412938 0.0213033 0.0115157 0.00641996 0.00373738 0.00233154 0.00161829 0.00123156 0.000897097 0.000519057
 1.50181e-11 1.63079e-09 1.04405e-07 3.94075e-06 8.76957e-05 0.0011506 0.00890127 0.040619 0.109555 0.176429 0.178095 0.135608 0.108115 0.0900425 0.0642675 0.0408446 0.0239063 0.0120117 0.00537618 0.00241826 0.00116729 0.000627451 0.000386316 0.000249199 0.000137473
 1.84311e-11 2.00139e-09 1.28131e-07 4.8363e-06 0.000107625 0.00141207 0.0109234 0.0498338 0.13423 0.214725 0.209956 0.141908 0.0903379 0.0631979 0.0392512 0.0211351 0.0114373 0.00621637 0.00310271 0.00134582 0.000519486 0.000200722 8.8322e-05 4.47594e-05 2.18875e-05
 1.77086e-11 1.92294e-09 1.23109e-07 4.64673e-06 0.000103406 0.00135672 0.0104955 0.0478864 0.129052 0.206979 0.204923 0.145307 0.101453 0.0742813 0.0437998 0.0198512 0.00827165 0.00356924 0.0015718 0.000684069 0.000272661 9.44651e-05 3.01979e-05 1.03467e-05 3.88008e-06
 1.82293e-11 1.97949e-09 1.26728e-07 4.78337e-06 0.000106447 0.00139661 0.010804 0.049291 0.132798 0.212675 0.20909 0.144366 0.095885 0.0684473 0.0411566 0.0198484 0.00871958 0.00352102 0.00125505 0.000424298 0.000144619 4.75719e-05 1.39906e-05 3.66437e-06 9.36178e-07
 1.81958e-11 1.97585e-09 1.26496e-07 4.77458e-06 0.000106251 0.00139405 0.0107842 0.0492009 0.132561 0.212334 0.208941 0.144753 0.096732 0.0691159 0.0411215 0.0193527 0.00834213 0.00342862 0.00126169 0.000408967 0.000117024 3.0565e-05 7.56721e-06 1.72367e-06 3.46666e-07
 1.86453e-11 2.02466e-09 1.2962e-07 4.89252e-06 0.000108876 0.00142848 0.0110504 0.0504141 0.135806 0.217343 0.212975 0.145138 0.0937188 0.0651505 0.0380424 0.017369 0.0071614 0.00282691 0.00101288 0.000326772 9.34691e-05 2.29219e-05 4.79723e-06 8.79084e-07 1.43301e-07
 1.83491e-11 1.99249e-09 1.27561e-07 4.81479e-06 0.000107146 0.00140579 0.010875 0.0496151 0.133675 0.214107 0.210626 0.145739 0.0970219 0.068695 0.039846 0.017599 0.0068678 0.0025708 0.000877392 0.000270055 7.46382e-05 1.79591e-05 3.64593e-06 6.0877e-07 8.31599e-08
 1.81975e-11 1.97603e-09 1.26507e-07 4.77502e-06 0.000106261 0.00139418 0.0107852 0.0492062 0.132583 0.21244 0.209368 0.145893 0.0984817 0.0703661 0.040858 0.017954 0.00690832 0.00251501 0.000819201 0.000237347 6.17914e-05 1.41204e-05 2.75465e-06 4.44228e-07 5.7239e-08
 1.85792e-11 2.01748e-09 1.29161e-07 4.87518e-06 0.00010849 0.00142342 0.0110113 0.0502361 0.135334 0.216654 0.212606 0.145701 0.0951234 0.0664386 0.0383937 0.0169409 0.00656698 0.00239615 0.000773503 0.000218585 5.44561e-05 1.17295e-05 2.14928e-06 3.27976e-07 4.0341e-08
 1.89421e-11 2.05689e-09 1.31684e-07 4.9704e-06 0.000110609 0.00145122 0.0112263 0.0512155 0.137952 0.220673 0.215745 0.145685 0.0921821 0.0628648 0.0359645 0.0157287 0.00603298 0.00219089 0.000709346 0.000201143 4.98006e-05 1.048e-05 1.83989e-06 2.65097e-07 3.06653e-08
 1.84492e-11 2.00337e-09 1.28257e-07 4.84108e-06 0.000107731 0.00141346 0.0109343 0.0498856 0.1344 0.215238 0.211595 0.146017 0.0966499 0.0680343 0.0391373 0.0169442 0.00637199 0.00227229 0.000726406 0.000204334 5.04854e-05 1.06218e-05 1.85038e-06 2.60438e-07 2.89111e-08
 1.80577e-11 1.96085e-09 1.25535e-07 4.73833e-06 0.000105445 0.00138347 0.0107024 0.0488294 0.131583 0.210952 0.208448 0.146697 0.100835 0.072571 0.0415016 0.0173442 0.00612289 0.00206055 0.000633998 0.000173274 4.19241e-05 8.71268e-06 1.50908e-06 2.11494e-07 2.32304e-08
 1.79588e-11 1.95011e-09 1.24848e-07 4.71239e-06 0.000104867 0.00137589 0.0106438 0.0485629 0.130873 0.209885 0.207729 0.147075 0.10221 0.0739436 0.0420492 0.0171898 0.00580096 0.00184456 0.000533235 0.000136082 3.10544e-05 6.19913e-06 1.04599e-06 1.44295e-07 1.57075e-08
 1.84262e-11 2.00086e-09 1.28097e-07 4.83502e-06 0.000107596 0.0014117 0.0109207 0.049824 0.134242 0.21505 0.211715 0.146901 0.098192 0.0691982 0.0390081 0.0158635 0.00530229 0.00165521 0.000462766 0.000111918 2.3858e-05 4.43261e-06 7.01198e-07 9.21869e-08 9.72662e-09
 1.85755e-11 2.01708e-09 1.29135e-07 4.87421e-06 0.000108468 0.00142314 0.0110092 0.0502269 0.135317 0.21669 0.212939 0.146707 0.0966973 0.0675407 0.0380918 0.0156311 0.0053157 0.00168389 0.000471978 0.000112894 2.34028e-05 4.14305e-06 6.13656e-07 7.50484e-08 7.41281e-09
 1.86273e-11 2.0227e-09 1.29495e-07 4.88779e-06 0.000108771 0.0014271 0.0110398 0.0503669 0.135695 0.217297 0.213549 0.147151 0.0969557 0.0674752 0.0375439 0.0148207 0.0046844 0.00138752 0.000379506 9.09938e-05 1.89509e-05 3.33135e-06 4.81377e-07 5.62994e-08 5.22994e-09
 1.82866e-11 1.9857e-09 1.27127e-07 4.79839e-06 0.000106781 0.001401 0.010838 0.0494474 0.133237 0.213514 0.210558 0.147044 0.0995355 0.0707247 0.0399108 0.0161607 0.0053352 0.00162507 0.000435056 9.85907e-05 1.95348e-05 3.36472e-06 4.84462e-07 5.62679e-08 5.11431e-09
 1.89978e-11 2.06293e-09 1.32071e-07 4.98501e-06 0.000110934 0.00145548 0.0112593 0.0513663 0.138362 0.221357 0.216546 0.146566 0.0930884 0.0632602 0.0353207 0.0143959 0.00484672 0.00151813 0.000420199 9.8364e-05 1.96221e-05 3.27754e-06 4.50871e-07 5.06782e-08 4.53593e-09
 1.91672e-11 2.08133e-09 1.33249e-07 5.02947e-06 0.000111923 0.00146847 0.0113597 0.0518239 0.139588 0.223267 0.218167 0.146983 0.0923614 0.062014 0.0339918 0.013219 0.00406656 0.00116855 0.00031318 7.39991e-05 1.51776e-05 2.61068e-06 3.64062e-07 4.03531e-08 3.49298e-09
 1.90082e-11 2.06406e-09 1.32143e-07 4.98773e-06 0.000110995 0.00145628 0.0112655 0.0513949 0.138445 0.221541 0.21696 0.147455 0.094361 0.064058 0.0348748 0.0131103 0.00371901 0.000953905 0.000229461 4.90159e-05 9.33535e-06 1.56606e-06 2.20931e-07 2.50634e-08 2.20173e-09
 1.96254e-11 2.13109e-09 1.36434e-07 5.1497e-06 0.000114599 0.00150357 0.0116312 0.0530603 0.142891 0.228336 0.2221 0.146882 0.0885294 0.0574376 0.0309921 0.0118297 0.00348742 0.000927044 0.000219816 4.35124e-05 7.38677e-06 1.1036e-06 1.42334e-07 1.53934e-08 1.34109e-09
 1.92487e-11 2.09018e-09 1.33815e-07 5.05086e-06 0.000112399 0.00147471 0.011408 0.0520439 0.140177 0.224181 0.218924 0.147125 0.091925 0.0613718 0.0334124 0.0127674 0.00376338 0.00100654 0.000243593 4.97568e-05 8.5703e-06 1.23397e-06 1.45395e-07 1.40427e-08 1.10858e-09
 1.95057e-11 2.11808e-09 1.35601e-07 5.11828e-06 0.0001139 0.00149439 0.0115602 0.0527372 0.142029 0.227019 0.221108 0.147009 0.0896832 0.0587348 0.0317342 0.012053 0.00351451 0.0009277 0.000222678 4.54428e-05 7.90393e-06 1.16108e-06 1.38813e-07 1.31693e-08 9.74895e-10
 1.86282e-11 2.0228e-09 1.29501e-07 4.88803e-06 0.000108776 0.00142717 0.0110404 0.0503696 0.135706 0.217343 0.213726 0.147617 0.097663 0.0679535 0.0373714 0.0141899 0.00409838 0.00106685 0.00025288 5.09834e-05 8.76917e-06 1.28137e-06 1.5382e-07 1.47742e-08 1.10515e-09
 1.95895e-11 2.12718e-09 1.36184e-07 5.14027e-06 0.000114389 0.00150081 0.0116099 0.0529636 0.142635 0.227964 0.221914 0.147227 0.0893416 0.0581302 0.0310715 0.011454 0.00311398 0.000747718 0.000167358 3.26436e-05 5.48041e-06 7.85872e-07 9.30416e-08 8.86467e-09 6.62858e-10
 2.01784e-11 2.19114e-09 1.40279e-07 5.29482e-06 0.000117828 0.00154593 0.0119588 0.0545527 0.146879 0.234458 0.226869 0.146819 0.0839868 0.0519465 0.0272947 0.0100255 0.00272094 0.00064753 0.000140856 2.59971e-05 4.0726e-06 5.51872e-07 6.2978e-08 5.85523e-09 4.30469e-10
 1.85439e-11 2.01365e-09 1.28916e-07 4.86592e-06 0.000108284 0.00142072 0.0109905 0.0501426 0.135103 0.216453 0.213202 0.148185 0.0992031 0.0693468 0.0376854 0.0136697 0.00352043 0.000772816 0.000158455 2.844e-05 4.34773e-06 5.65205e-07 6.07753e-08 5.31019e-09 3.71725e-10
#obs surv len freq
 1.24642e-11 1.35346e-09 8.66497e-08 3.2706e-06 7.27827e-05 0.00095495 0.00738815 0.0337255 0.0911163 0.147983 0.155301 0.133995 0.126807 0.114858 0.0826992 0.0506271 0.0289011 0.0150306 0.00684597 0.00263937 0.000818656 0.000193786 3.34114e-05 4.02629e-06 3.27148e-07
 5.92426e-12 6.43305e-10 4.1185e-08 1.55454e-06 3.45948e-05 0.000453951 0.00351395 0.0160832 0.0440268 0.0760534 0.100653 0.138302 0.184252 0.181164 0.12486 0.0686997 0.0349327 0.0165822 0.00698441 0.00249787 0.000718922 0.000157236 2.48242e-05 2.71189e-06 1.98282e-07
 1.78727e-11 1.94077e-09 1.2425e-07 4.6898e-06 0.000104365 0.00136929 0.0105925 0.0483232 0.130141 0.20797 0.202182 0.133389 0.081888 0.0615991 0.0493691 0.035979 0.0215432 0.0101041 0.0038349 0.00121824 0.000315495 6.27142e-05 9.02721e-06 8.98002e-07 5.95821e-08
 1.48042e-11 1.60757e-09 1.02918e-07 3.88464e-06 8.64475e-05 0.00113425 0.00877557 0.0400626 0.108264 0.175848 0.183641 0.153193 0.132728 0.104421 0.0580236 0.0222383 0.00732249 0.00275429 0.00106781 0.000338303 8.08717e-05 1.43342e-05 1.83783e-06 1.64103e-07 9.82889e-09
 1.75326e-11 1.90384e-09 1.21885e-07 4.60056e-06 0.000102379 0.00134326 0.0103919 0.0474225 0.1279 0.205738 0.205719 0.149129 0.105331 0.075486 0.0434255 0.0188548 0.00662803 0.00192997 0.000467608 0.000102453 2.06694e-05 3.37433e-06 3.96611e-07 3.18413e-08 1.70201e-09
 1.57146e-11 1.70642e-09 1.09247e-07 4.12352e-06 9.17637e-05 0.001204 0.00931537 0.0425277 0.114915 0.18642 0.192998 0.15527 0.126076 0.0942816 0.0509202 0.0189038 0.00537636 0.00133943 0.000294053 5.29949e-05 7.61153e-06 8.80376e-07 8.1159e-08 5.5973e-09 2.67367e-10
 1.6828e-11 1.82733e-09 1.16987e-07 4.41569e-06 9.82654e-05 0.00128931 0.00997511 0.0455337 0.122954 0.19876 0.202456 0.154343 0.115346 0.0821129 0.0440247 0.0167453 0.00490656 0.00118289 0.00022845 3.42806e-05 4.02705e-06 3.68809e-07 2.55543e-08 1.30199e-09 4.76978e-11
 1.55527e-11 1.68884e-09 1.08121e-07 4.08103e-06 9.08185e-05 0.00119162 0.00922016 0.0421036 0.113878 0.185362 0.193817 0.1585 0.128637 0.0938786 0.049285 0.0178272 0.00486474 0.00110126 0.000204929 2.95717e-05 3.19524e-06 2.53294e-07 1.44785e-08 5.88568e-10 1.67712e-11
 1.69179e-11 1.83708e-09 1.17612e-07 4.43926e-06 9.87903e-05 0.00129621 0.010029 0.0457884 0.123724 0.200442 0.20531 0.157442 0.116079 0.0795958 0.0406754 0.0145502 0.00392786 0.000862299 0.000151363 2.02718e-05 2.03075e-06 1.49621e-07 7.86745e-09 2.86238e-10 7.04522e-12
 1.49194e-11 1.62007e-09 1.03719e-07 3.91488e-06 8.71217e-05 0.00114315 0.00884632 0.0404178 0.109543 0.179665 0.192465 0.165198 0.137971 0.0979457 0.04777 0.0150669 0.00324833 0.000541834 7.6743e-05 9.04289e-06 8.29114e-07 5.6175e-08 2.70756e-09 9.01527e-11 2.02682e-12
 1.73761e-11 1.88684e-09 1.20797e-07 4.55951e-06 0.000101467 0.00133134 0.0103014 0.0470397 0.12717 0.206282 0.211535 0.160808 0.114095 0.0734333 0.0344442 0.0107254 0.00230233 0.000372872 4.7576e-05 4.6304e-06 3.34059e-07 1.7986e-08 7.23188e-10 2.1056e-11 4.24919e-13
 1.60769e-11 1.74576e-09 1.11765e-07 4.2186e-06 9.3881e-05 0.00123186 0.00953294 0.0435553 0.118012 0.19306 0.203842 0.166349 0.127761 0.08419 0.0385609 0.0113021 0.00217139 0.000298975 3.23843e-05 2.79373e-06 1.8263e-07 8.68933e-09 2.94306e-10 6.97163e-12 1.13862e-13
 1.6508e-11 1.79257e-09 1.14762e-07 4.33173e-06 9.63987e-05 0.0012649 0.00978888 0.0447268 0.121189 0.198145 0.208267 0.16687 0.123753 0.0787757 0.0350469 0.00996982 0.00183948 0.000237277 2.32471e-05 1.75728e-06 9.82911e-08 3.95202e-09 1.13724e-10 2.32231e-12 3.28782e-14
 1.29592e-11 1.40722e-09 9.00919e-08 3.40057e-06 7.56792e-05 0.000993159 0.00768983 0.0352062 0.0961305 0.161709 0.186009 0.179511 0.158897 0.108481 0.0486642 0.0137464 0.00252479 0.000325714 3.16747e-05 2.32267e-06 1.22481e-07 4.50468e-09 1.15023e-10 2.03376e-12 2.45913e-14
 1.51024e-11 1.63994e-09 1.04991e-07 3.96292e-06 8.81933e-05 0.00115733 0.00895911 0.0409804 0.111472 0.184678 0.201755 0.174164 0.137202 0.0878341 0.0384385 0.0108859 0.00206659 0.000283026 2.91448e-05 2.19528e-06 1.15436e-07 4.15248e-09 1.02039e-10 1.7047e-12 1.90836e-14
 1.52964e-11 1.66101e-09 1.0634e-07 4.01386e-06 8.93275e-05 0.00117224 0.00907528 0.0415215 0.113014 0.187463 0.204901 0.175573 0.135344 0.0842312 0.0357834 0.00979342 0.00177958 0.000231403 2.27969e-05 1.68337e-06 8.90617e-08 3.2707e-09 8.18741e-11 1.37208e-12 1.51065e-14
 1.59758e-11 1.73479e-09 1.11063e-07 4.19214e-06 9.32956e-05 0.00122433 0.00947861 0.0433654 0.117984 0.19522 0.211023 0.175127 0.128624 0.0766474 0.0313739 0.00823729 0.00141223 0.000169074 1.51041e-05 1.01579e-06 4.95796e-08 1.70159e-09 4.03864e-11 6.52126e-13 7.01456e-15
 1.38891e-11 1.5082e-09 9.65568e-08 3.64464e-06 8.11147e-05 0.00106464 0.00824685 0.0378018 0.103519 0.17495 0.200466 0.184819 0.148654 0.0914132 0.0373617 0.00973553 0.00166466 0.000199303 1.75838e-05 1.13707e-06 5.19164e-08 1.63346e-09 3.51826e-11 5.15597e-13 5.06951e-15
 1.45651e-11 1.5816e-09 1.01256e-07 3.82203e-06 8.50632e-05 0.00111648 0.00864861 0.0396415 0.108491 0.182714 0.206447 0.183867 0.141395 0.0838865 0.0334615 0.00859054 0.00146029 0.000174786 1.53668e-05 9.80856e-07 4.3794e-08 1.33477e-09 2.74925e-11 3.79115e-13 3.45256e-15
 1.54445e-11 1.6771e-09 1.0737e-07 4.05283e-06 9.02e-05 0.00118391 0.00917052 0.0420229 0.114859 0.192358 0.213148 0.18151 0.132014 0.0752324 0.0294008 0.00753047 0.00130105 0.000160125 1.4397e-05 9.2488e-07 4.10227e-08 1.23246e-09 2.48566e-11 3.32968e-13 2.91971e-15
 1.42501e-11 1.5474e-09 9.90675e-08 3.7395e-06 8.32311e-05 0.00109263 0.00846836 0.0388752 0.106846 0.181808 0.209266 0.188913 0.143042 0.0815665 0.03105 0.00760168 0.00123087 0.000139982 1.17021e-05 7.16027e-07 3.09847e-08 9.19816e-10 1.83477e-11 2.41596e-13 2.06575e-15
 1.62224e-11 1.76157e-09 1.12778e-07 4.25701e-06 9.47471e-05 0.00124369 0.00963541 0.0441705 0.120785 0.202039 0.221438 0.181516 0.123376 0.0653153 0.0237703 0.0056272 0.000879883 9.55457e-05 7.49757e-06 4.2419e-07 1.68314e-08 4.5807e-10 8.44559e-12 1.04197e-13 8.46141e-16
 1.60108e-11 1.7386e-09 1.11308e-07 4.20158e-06 9.35168e-05 0.00122767 0.00951426 0.0436523 0.119638 0.201201 0.222763 0.184399 0.124721 0.0644333 0.0225306 0.00502844 0.000719545 6.90285e-05 4.69646e-06 2.32985e-07 8.30116e-09 2.05941e-10 3.47186e-12 3.90768e-14 2.8902e-16
 1.59823e-11 1.7355e-09 1.11111e-07 4.19417e-06 9.33554e-05 0.00122568 0.00950137 0.0436231 0.119751 0.202044 0.224624 0.185762 0.123955 0.062623 0.0213954 0.00467671 0.000656441 6.14916e-05 4.01618e-06 1.85842e-07 5.99097e-09 1.31407e-10 1.93685e-12 1.90864e-14 1.24812e-16
 1.53865e-11 1.67081e-09 1.0697e-07 4.03796e-06 8.98853e-05 0.00118036 0.00915537 0.0421007 0.11605 0.197767 0.22426 0.190122 0.12832 0.0642242 0.0214763 0.00456896 0.000621123 5.59686e-05 3.49072e-06 1.53568e-07 4.69732e-09 9.73438e-11 1.34188e-12 1.21771e-14 7.20974e-17
 1.29935e-11 1.41097e-09 9.03371e-08 3.41038e-06 7.59328e-05 0.000997803 0.00775409 0.0358484 0.100273 0.177284 0.216763 0.203625 0.148543 0.0766874 0.0257991 0.0055106 0.000759903 7.02418e-05 4.48939e-06 1.98818e-07 5.97422e-09 1.19204e-10 1.56146e-12 1.33572e-14 7.41631e-17
 1.6769e-11 1.82094e-09 1.16583e-07 4.40091e-06 9.79669e-05 0.00128653 0.00997833 0.0458592 0.126056 0.212487 0.233039 0.183977 0.11323 0.0527123 0.0170385 0.00365499 0.000523352 5.12808e-05 3.47434e-06 1.60435e-07 4.93278e-09 9.93144e-11 1.29815e-12 1.09478e-14 5.91095e-17
 1.43356e-11 1.55672e-09 9.96704e-08 3.76288e-06 8.37882e-05 0.0011012 0.00855929 0.0395652 0.110406 0.193023 0.227935 0.199699 0.133204 0.0629037 0.0193287 0.00370749 0.000443189 3.3967e-05 1.7562e-06 6.45378e-08 1.71836e-09 3.2367e-11 4.13879e-13 3.46916e-15 1.86149e-17
 1.26187e-11 1.3703e-09 8.77391e-08 3.31287e-06 7.37936e-05 0.000970726 0.00756297 0.0351697 0.0995804 0.179747 0.224402 0.209677 0.146036 0.0701758 0.0217677 0.00425725 0.000530169 4.31872e-05 2.35908e-06 8.69343e-08 2.13444e-09 3.43876e-11 3.61546e-13 2.49109e-15 1.13068e-17
#pred catch len freq
 1.2391e-11 1.34551e-09 8.6141e-08 3.25139e-06 7.23553e-05 0.00094934 0.00734465 0.0335247 0.0905446 0.146812 0.152895 0.128716 0.117573 0.103686 0.0738279 0.0470553 0.0304386 0.01987 0.0132833 0.00935251 0.00708108 0.00585568 0.00502366 0.00385103 0.0022398
 8.83941e-12 9.59854e-10 6.14508e-08 2.31946e-06 5.16168e-05 0.000677268 0.00524083 0.0239472 0.0650259 0.108245 0.125847 0.139098 0.162673 0.152302 0.100403 0.0527893 0.0273395 0.0148052 0.0082576 0.00480749 0.00299914 0.00208167 0.0015842 0.00115397 0.000667681
 1.1651e-11 1.26516e-09 8.09968e-08 3.05723e-06 6.80344e-05 0.000892654 0.00690635 0.0315301 0.0852401 0.138877 0.147751 0.132379 0.130156 0.119354 0.0873399 0.0559155 0.0328271 0.0165119 0.00739254 0.00332545 0.00160521 0.000862844 0.000531245 0.000342688 0.000189047
 1.56545e-11 1.6999e-09 1.08829e-07 4.10775e-06 9.14121e-05 0.00119936 0.00927847 0.0423401 0.114195 0.183881 0.185511 0.140831 0.11091 0.0888842 0.0574507 0.0312618 0.0169895 0.00924883 0.00461804 0.00200322 0.000773251 0.000298774 0.000131467 6.6624e-05 3.25793e-05
 1.46753e-11 1.59357e-09 1.02022e-07 3.8508e-06 8.56942e-05 0.00112435 0.00869849 0.039701 0.10718 0.173414 0.17884 0.145855 0.126628 0.104407 0.0635986 0.0290806 0.0121756 0.0052678 0.00232175 0.00101061 0.000402824 0.000139561 4.46139e-05 1.52861e-05 5.73238e-06
 1.52768e-11 1.65888e-09 1.06203e-07 4.00863e-06 8.92065e-05 0.00117043 0.0090548 0.0413233 0.111505 0.179971 0.183548 0.144481 0.119775 0.097446 0.0608067 0.0296189 0.0130731 0.00529099 0.00188736 0.000638177 0.000217525 7.15546e-05 2.10437e-05 5.51172e-06 1.40814e-06
 1.54704e-11 1.67991e-09 1.07549e-07 4.05944e-06 9.03371e-05 0.00118526 0.00916953 0.0418462 0.112907 0.18216 0.185431 0.145043 0.119058 0.0960467 0.0591392 0.0280844 0.012157 0.00500697 0.00184373 0.000597718 0.000171039 4.4673e-05 1.106e-05 2.51927e-06 5.06677e-07
 1.61288e-11 1.7514e-09 1.12126e-07 4.23219e-06 9.41814e-05 0.0012357 0.00955959 0.0436233 0.11766 0.189498 0.191342 0.145613 0.114652 0.0902434 0.0546267 0.0251713 0.010421 0.00412223 0.00147803 0.000476908 0.000136417 3.34543e-05 7.00152e-06 1.28302e-06 2.09147e-07
 1.59246e-11 1.72922e-09 1.10707e-07 4.17862e-06 9.29892e-05 0.00122006 0.00943865 0.0430728 0.116195 0.187298 0.189867 0.146425 0.117543 0.0931185 0.0557614 0.0248268 0.00972366 0.00364709 0.0012456 0.000383448 0.000105981 2.55006e-05 5.17694e-06 8.64408e-07 1.18081e-07
 1.57548e-11 1.71078e-09 1.09526e-07 4.13406e-06 9.19976e-05 0.00120705 0.00933805 0.0426147 0.114973 0.185432 0.188469 0.146629 0.119228 0.0950319 0.0569007 0.0251977 0.00973003 0.00354932 0.00115693 0.000335255 8.72836e-05 1.99459e-05 3.89109e-06 6.27497e-07 8.08533e-08
 1.6142e-11 1.75283e-09 1.12218e-07 4.23565e-06 9.42583e-05 0.00123671 0.00956741 0.0436594 0.117763 0.189704 0.191742 0.146403 0.115775 0.0910186 0.0544184 0.0242183 0.00942409 0.00344588 0.00111321 0.000314641 7.83891e-05 1.68845e-05 3.09389e-06 4.72121e-07 5.80708e-08
 1.65577e-11 1.79797e-09 1.15108e-07 4.34474e-06 9.66859e-05 0.00126856 0.00981371 0.0447813 0.120761 0.194311 0.195348 0.146414 0.112451 0.0869539 0.0516211 0.0227861 0.00877539 0.00319389 0.00103492 0.000293521 7.26748e-05 1.52938e-05 2.685e-06 3.86861e-07 4.47505e-08
 1.63967e-11 1.78049e-09 1.13989e-07 4.3025e-06 9.5746e-05 0.00125623 0.00971836 0.0443471 0.119603 0.192551 0.194063 0.146714 0.114204 0.0888431 0.0525901 0.0229259 0.00864539 0.00308763 0.000987589 0.000277838 6.86471e-05 1.44428e-05 2.51603e-06 3.54127e-07 3.93115e-08
 1.62192e-11 1.76121e-09 1.12754e-07 4.25591e-06 9.47092e-05 0.00124262 0.00961319 0.0438685 0.11833 0.190642 0.192805 0.147489 0.116814 0.0913835 0.0534899 0.0224755 0.00795056 0.00267868 0.000824546 0.000225373 5.45299e-05 1.13324e-05 1.96282e-06 2.75084e-07 3.02152e-08
 1.61622e-11 1.75502e-09 1.12358e-07 4.24096e-06 9.43765e-05 0.00123826 0.00957945 0.043715 0.117923 0.190046 0.192477 0.147946 0.117975 0.0924323 0.0537361 0.0220793 0.00746498 0.00237629 0.00068726 0.000175407 4.0029e-05 7.99061e-06 1.34826e-06 1.85994e-07 2.02467e-08
 1.65152e-11 1.79336e-09 1.14812e-07 4.33359e-06 9.64379e-05 0.0012653 0.00978859 0.0446676 0.120468 0.193949 0.195499 0.147844 0.114986 0.0888834 0.051439 0.0210477 0.00705191 0.0022046 0.000616745 0.000149181 3.18021e-05 5.90854e-06 9.34676e-07 1.22882e-07 1.29653e-08
 1.69403e-11 1.83952e-09 1.17768e-07 4.44514e-06 9.89202e-05 0.00129787 0.0100404 0.0458146 0.123531 0.198632 0.199051 0.147482 0.11102 0.0843539 0.0487436 0.0201131 0.00685262 0.00217291 0.000609287 0.000145752 3.02141e-05 5.34884e-06 7.92251e-07 9.68898e-08 9.57017e-09
 1.68122e-11 1.82561e-09 1.16877e-07 4.41153e-06 9.81722e-05 0.00128806 0.00996456 0.0454694 0.122614 0.197265 0.198188 0.148162 0.113082 0.0862876 0.0492993 0.0195805 0.00620282 0.00183995 0.000503583 0.000120765 2.51518e-05 4.42137e-06 6.38883e-07 7.47204e-08 6.94115e-09
 1.64275e-11 1.78383e-09 1.14203e-07 4.31058e-06 9.59258e-05 0.00125858 0.00973663 0.0444311 0.119837 0.192989 0.19479 0.147986 0.115911 0.0899039 0.0520022 0.0211778 0.00700668 0.00213702 0.000572439 0.000129744 2.5708e-05 4.42798e-06 6.37552e-07 7.40485e-08 6.73041e-09
 1.74317e-11 1.89287e-09 1.21183e-07 4.57407e-06 0.000101789 0.00133551 0.0103315 0.0471405 0.127073 0.204064 0.203252 0.147326 0.106834 0.079382 0.0455158 0.0186639 0.00629599 0.00197412 0.000546637 0.000127974 2.55291e-05 4.26416e-06 5.86594e-07 6.59334e-08 5.90133e-09
 1.78789e-11 1.94143e-09 1.24292e-07 4.69141e-06 0.000104401 0.00136977 0.0105965 0.0483476 0.130303 0.20905 0.207277 0.147739 0.103867 0.0754062 0.0423201 0.0165441 0.00509664 0.00146553 0.000392884 9.28374e-05 1.90413e-05 3.27523e-06 4.56733e-07 5.06247e-08 4.3821e-09
 1.75846e-11 1.90948e-09 1.22247e-07 4.61421e-06 0.000102682 0.00134723 0.0104222 0.047554 0.128187 0.20584 0.204965 0.148393 0.10723 0.0789609 0.0440375 0.0166439 0.00472874 0.00121402 0.00029217 6.242e-05 1.18884e-05 1.99433e-06 2.81347e-07 3.19171e-08 2.80381e-09
 1.81737e-11 1.97345e-09 1.26342e-07 4.76878e-06 0.000106122 0.00139236 0.0107712 0.0491433 0.13243 0.212321 0.209849 0.147786 0.101573 0.072585 0.040365 0.0155135 0.00458292 0.00121974 0.000289392 5.72955e-05 9.72685e-06 1.45321e-06 1.87422e-07 2.02697e-08 1.76591e-09
 1.78545e-11 1.93878e-09 1.24123e-07 4.68501e-06 0.000104258 0.0013679 0.010582 0.0482819 0.130129 0.208799 0.207158 0.147995 0.104456 0.0759215 0.042411 0.0162995 0.00481258 0.00128835 0.000311934 6.37242e-05 1.09762e-05 1.58037e-06 1.86209e-07 1.79845e-08 1.41976e-09
 1.81352e-11 1.96927e-09 1.26074e-07 4.75867e-06 0.000105897 0.00138941 0.0107483 0.0490394 0.132153 0.211901 0.209548 0.147877 0.10202 0.073049 0.0405733 0.0155063 0.00452954 0.00119682 0.000287418 5.86628e-05 1.02034e-05 1.49886e-06 1.79195e-07 1.70003e-08 1.2585e-09
 1.7511e-11 1.90149e-09 1.21735e-07 4.59489e-06 0.000102253 0.00134159 0.0103786 0.0473553 0.127655 0.205021 0.204307 0.148338 0.107739 0.0796343 0.0445714 0.0169873 0.00491025 0.00127849 0.00030307 6.11023e-05 1.05094e-05 1.53562e-06 1.8434e-07 1.77055e-08 1.32442e-09
 1.84283e-11 2.0011e-09 1.28112e-07 4.83559e-06 0.000107609 0.00141186 0.010922 0.0498306 0.134268 0.215161 0.212145 0.148032 0.0998997 0.0703272 0.0385295 0.0142811 0.0038878 0.000934114 0.000209146 4.07982e-05 6.84945e-06 9.82174e-07 1.16281e-07 1.10788e-08 8.28421e-10
 1.9188e-11 2.08359e-09 1.33393e-07 5.03493e-06 0.000112045 0.00147006 0.0113721 0.0518803 0.139742 0.223537 0.218536 0.147506 0.0929936 0.0623516 0.0336575 0.0124375 0.00338019 0.000804831 0.000175115 3.23222e-05 5.06342e-06 6.86122e-07 7.82974e-08 7.27949e-09 5.35177e-10
 1.82967e-11 1.9868e-09 1.27197e-07 4.80105e-06 0.00010684 0.00140178 0.010844 0.0494756 0.133322 0.213728 0.211126 0.148369 0.101471 0.0719565 0.0392676 0.0142535 0.00366926 0.000804752 0.000164881 2.95839e-05 4.52207e-06 5.87839e-07 6.32079e-08 5.52269e-09 3.86599e-10
#obs catch len freq
 1.16872e-11 1.26909e-09 8.12483e-08 3.06672e-06 6.82458e-05 0.000895426 0.00692776 0.031627 0.0854889 0.139184 0.147663 0.131501 0.129182 0.119534 0.0879327 0.0557008 0.0331432 0.0179433 0.00845636 0.00335488 0.00107445 0.000265251 4.80485e-05 6.0829e-06 5.16149e-07
 1.2185e-11 1.32314e-09 8.47088e-08 3.19734e-06 7.11526e-05 0.000933566 0.0072229 0.0329752 0.0891374 0.145103 0.153582 0.135127 0.129685 0.117255 0.0839882 0.0511388 0.028912 0.0148214 0.00661918 0.0024832 0.000743011 0.000168199 2.7505e-05 3.12078e-06 2.37316e-07
 5.77333e-12 6.26916e-10 4.01357e-08 1.51493e-06 3.37137e-05 0.000442399 0.00342486 0.0156822 0.0430073 0.0748053 0.100755 0.14065 0.186928 0.18201 0.124385 0.0679732 0.0342194 0.0159977 0.00659907 0.00229365 0.000635906 0.000132802 1.98623e-05 2.04179e-06 1.39706e-07
 1.78291e-11 1.93603e-09 1.23946e-07 4.67835e-06 0.00010411 0.00136595 0.0105668 0.0482072 0.129845 0.207603 0.202184 0.134047 0.0828113 0.0622809 0.049619 0.0357047 0.020988 0.00964711 0.00358013 0.00110484 0.00027545 5.22377e-05 7.11708e-06 6.65775e-07 4.13257e-08
 1.47629e-11 1.60307e-09 1.0263e-07 3.87378e-06 8.62061e-05 0.00113109 0.00875133 0.0399561 0.10802 0.175708 0.184301 0.154783 0.133805 0.103906 0.0569057 0.0215774 0.00706528 0.00262405 0.00099017 0.000302971 6.95494e-05 1.17551e-05 1.42632e-06 1.19728e-07 6.70652e-09
 1.75962e-11 1.91074e-09 1.22327e-07 4.61725e-06 0.00010275 0.00134814 0.0104297 0.0475978 0.128397 0.206663 0.20696 0.150187 0.105331 0.0743284 0.0421137 0.0180203 0.00621833 0.00176993 0.000419153 8.94331e-05 1.73562e-05 2.69579e-06 2.99413e-07 2.25924e-08 1.12952e-09
 1.5834e-11 1.71939e-09 1.10077e-07 4.15486e-06 9.24612e-05 0.00121316 0.00938642 0.0428554 0.115832 0.188054 0.194971 0.156616 0.125568 0.0921328 0.0488861 0.0178643 0.00499562 0.00121644 0.000259271 4.51575e-05 6.2411e-06 6.90019e-07 6.02463e-08 3.90338e-09 1.74253e-10
 1.69628e-11 1.84196e-09 1.17924e-07 4.45105e-06 9.90523e-05 0.00129964 0.0100552 0.0459025 0.123976 0.200535 0.204451 0.155494 0.114619 0.0799463 0.0420743 0.015733 0.00451853 0.00106085 0.000198569 2.87749e-05 3.24647e-06 2.83646e-07 1.86329e-08 8.94462e-10 3.06759e-11
 1.57428e-11 1.70949e-09 1.09443e-07 4.13093e-06 9.19291e-05 0.0012062 0.0093332 0.0426235 0.115315 0.187818 0.196455 0.159804 0.127386 0.0909113 0.0467971 0.0166261 0.00444569 0.000979618 0.000176347 2.45046e-05 2.53721e-06 1.91739e-07 1.03943e-08 3.98596e-10 1.06578e-11
 1.71536e-11 1.86268e-09 1.1925e-07 4.50112e-06 0.000100167 0.00131428 0.010169 0.0464305 0.12548 0.203341 0.208134 0.158398 0.114269 0.0763463 0.0381792 0.0133956 0.00353709 0.000754444 0.000127945 1.6487e-05 1.58108e-06 1.1089e-07 5.52307e-09 1.89539e-10 4.38331e-12
 1.52062e-11 1.65122e-09 1.05712e-07 3.99014e-06 8.87967e-05 0.00116514 0.00901677 0.0412005 0.111692 0.183245 0.195999 0.166371 0.135551 0.0937203 0.0446836 0.0138048 0.00291249 0.000472827 6.46683e-05 7.31489e-06 6.40773e-07 4.1278e-08 1.88304e-09 5.9097e-11 1.24762e-12
 1.76325e-11 1.91468e-09 1.2258e-07 4.62679e-06 0.000102964 0.001351 0.0104537 0.0477386 0.12908 0.209415 0.214481 0.161537 0.11182 0.0698899 0.0319785 0.00974007 0.00204211 0.000321053 3.94887e-05 3.68973e-06 2.54652e-07 1.30433e-08 4.95803e-10 1.35812e-11 2.56993e-13
 1.63774e-11 1.77839e-09 1.13854e-07 4.29746e-06 9.56362e-05 0.0012549 0.00971158 0.0443756 0.120259 0.196762 0.207329 0.167161 0.124956 0.0799476 0.0357071 0.0102298 0.00191959 0.000256837 2.68117e-05 2.21518e-06 1.38179e-07 6.24958e-09 2.00345e-10 4.47304e-12 6.8569e-14
 1.67995e-11 1.82423e-09 1.16789e-07 4.40823e-06 9.81015e-05 0.00128726 0.00996225 0.0455234 0.123374 0.201744 0.21163 0.167566 0.120935 0.074676 0.0323653 0.00899172 0.00161905 0.000202804 1.91384e-05 1.38478e-06 7.39058e-08 2.82533e-09 7.69148e-11 1.47878e-12 1.96424e-14
 1.33063e-11 1.44491e-09 9.25048e-08 3.49166e-06 7.77069e-05 0.00101979 0.00789663 0.03616 0.0987743 0.16618 0.19042 0.180705 0.155449 0.103176 0.0451451 0.0124546 0.00223064 0.000279037 2.6099e-05 1.83029e-06 9.20573e-08 3.21964e-09 7.78316e-11 1.29695e-12 1.47253e-14
 1.54271e-11 1.6752e-09 1.07248e-07 4.04815e-06 9.00904e-05 0.00118225 0.00915254 0.0418716 0.113931 0.188775 0.205624 0.174933 0.133915 0.0831857 0.0354609 0.00979848 0.00181085 0.000239858 2.37095e-05 1.70686e-06 8.55768e-08 2.92555e-09 6.80234e-11 1.07094e-12 1.12638e-14
 1.56245e-11 1.69664e-09 1.08621e-07 4.09996e-06 9.12444e-05 0.00119743 0.00927083 0.0424231 0.115504 0.191605 0.208754 0.176198 0.131906 0.0795888 0.0329087 0.00878181 0.0015528 0.000195219 1.84437e-05 1.29912e-06 6.53633e-08 2.27534e-09 5.37958e-11 8.48908e-13 8.78012e-15
 1.62885e-11 1.76874e-09 1.13237e-07 4.27421e-06 9.51228e-05 0.00124834 0.00966512 0.0442259 0.120362 0.199168 0.214637 0.17557 0.125235 0.0722811 0.0287666 0.00735855 0.0012272 0.000142067 1.2168e-05 7.79698e-07 3.61386e-08 1.17392e-09 2.62668e-11 3.98434e-13 4.0158e-15
 1.42368e-11 1.54595e-09 9.89737e-08 3.73589e-06 8.31466e-05 0.00109135 0.00845468 0.0387644 0.106203 0.179482 0.204732 0.185446 0.144742 0.0863235 0.0343291 0.00871376 0.00144789 0.000167357 1.41394e-05 8.70899e-07 3.77675e-08 1.12502e-09 2.28427e-11 3.14257e-13 2.89156e-15
 1.48997e-11 1.61794e-09 1.03583e-07 3.90989e-06 8.70198e-05 0.00114221 0.00884889 0.0405699 0.111082 0.187075 0.210481 0.184308 0.137551 0.0790889 0.0306731 0.00766477 0.00126468 0.000145924 1.22698e-05 7.45259e-07 3.15756e-08 9.10387e-10 1.76701e-11 2.28793e-13 1.95101e-15
 1.57689e-11 1.71232e-09 1.09626e-07 4.13798e-06 9.20966e-05 0.00120885 0.00936472 0.0429232 0.117367 0.196543 0.216908 0.181734 0.128267 0.0707701 0.0268634 0.00668982 0.00111996 0.0001326 1.13859e-05 6.9553e-07 2.92522e-08 8.30515e-10 1.57682e-11 1.98182e-13 1.62648e-15
 1.45937e-11 1.58472e-09 1.01457e-07 3.82971e-06 8.52409e-05 0.00111908 0.00867466 0.0398352 0.109538 0.18635 0.213377 0.189118 0.138877 0.0767118 0.0283703 0.00675334 0.00105993 0.000115996 9.25266e-06 5.37138e-07 2.19801e-08 6.15177e-10 1.15329e-11 1.42344e-13 1.13838e-15
 1.65357e-11 1.79559e-09 1.14957e-07 4.33928e-06 9.658e-05 0.00126781 0.00982346 0.0450438 0.123218 0.206064 0.224889 0.181386 0.119597 0.061207 0.0216001 0.0049657 0.000751942 7.85268e-05 5.87798e-06 3.15455e-07 1.18336e-08 3.03444e-10 5.25088e-12 6.05912e-14 4.59078e-16
 1.63264e-11 1.77287e-09 1.13503e-07 4.28446e-06 9.53638e-05 0.00125199 0.00970413 0.0445362 0.122108 0.205294 0.226227 0.184132 0.120779 0.0603138 0.0204464 0.00443187 0.000614834 5.68376e-05 3.69233e-06 1.735e-07 5.82944e-09 1.36004e-10 2.15005e-12 2.26266e-14 1.56092e-16
 1.62978e-11 1.76976e-09 1.13305e-07 4.27703e-06 9.52026e-05 0.00125002 0.00969161 0.0445105 0.122236 0.206155 0.228047 0.185374 0.119951 0.0585671 0.0193909 0.00411391 0.000559333 5.04439e-05 3.14518e-06 1.37979e-07 4.20127e-09 8.68044e-11 1.2009e-12 1.10614e-14 6.73738e-17
 1.57087e-11 1.7058e-09 1.09211e-07 4.12263e-06 9.17734e-05 0.00120527 0.00935043 0.0430141 0.118623 0.202045 0.227807 0.189643 0.124104 0.0600534 0.019463 0.00401821 0.000528978 4.58783e-05 2.73051e-06 1.13795e-07 3.28435e-09 6.40727e-11 8.2923e-13 7.04248e-15 3.89108e-17
 1.33387e-11 1.44846e-09 9.27383e-08 3.50113e-06 7.79587e-05 0.00102459 0.00796493 0.0368456 0.103132 0.182165 0.220965 0.203218 0.143721 0.0718587 0.0234543 0.00486022 0.000647978 5.7512e-05 3.50153e-06 1.46882e-07 4.16816e-09 7.83575e-11 9.64051e-13 7.71822e-15 3.99838e-17
 1.70664e-11 1.85325e-09 1.18652e-07 4.47908e-06 9.97113e-05 0.00130956 0.0101589 0.0467046 0.128425 0.216348 0.236043 0.183271 0.10943 0.0491719 0.0153637 0.00318677 0.000439559 4.12068e-05 2.65361e-06 1.15995e-07 3.36754e-09 6.38511e-11 7.83524e-13 6.18432e-15 3.11745e-17
 1.46674e-11 1.59276e-09 1.01979e-07 3.85017e-06 8.57387e-05 0.00112703 0.00876303 0.0405301 0.113159 0.197615 0.231573 0.19879 0.128521 0.0586966 0.0174778 0.00325278 0.000376757 2.78339e-05 1.37377e-06 4.76255e-08 1.18613e-09 2.08358e-11 2.48422e-13 1.94168e-15 9.71144e-18
#spawning biomass
 9377.07 7649.88 5445.56 6050.96 8431.72 12487.7 19472.8 29024.7 42045.6 54714 72766.5 108266 160215 177145 162165 150056 163975 159673 167913 182936 199787 186753 201452 240842 263716 269462 215274 242248 218924 134806 240676 173143 109662 68613.2 45964.9 34589.4 29216 26783 25714.2 25255.1 25061.1 24980.1 24946.6 24932.9 24927.2 24925 24924.1 24923.7 24923.5 24923.5 24923.5 24923.5 24923.5 24923.5 24923.5 24923.5 24923.5 24923.5 24923.5 24923.5 24923.5 24923.5 24923.5 24923.5 24923.5 24923.5 24923.5 24923.5 24923.5 24923.5 24923.5 24923.5 24923.5 24923.5 24923.5 24923.5 24923.5 24923.5 24923.5 24923.5 24923.5 24923.5 24923.5 24923.5 24923.5 24923.5 24923.5 24923.5 24923.5 24923.5 24923.5 24923.5 24923.5 24923.5 24923.5 24923.5 24923.5 24923.5 24923.5 24923.5 24923.5 24923.5 24923.5 24923.5 24923.5 24923.5 24923.5 24923.5 24923.5 24923.5 24923.5 24923.5 24923.5 24923.5 24923.5 24923.5 24923.5 24923.5 24923.5 24923.5 24923.5 24923.5 24923.5 24923.5 24923.5 24923.5 24923.5 24923.5 24923.5 0 0 0 0 0 0 0 0 0 0 0 0 0 0 0 0 0 0 0 0 0 0 0 0 0
