SBPRF35
0.856484
Curr Bio
119440
B35
650693
F35
0.226926
FOFL
0
OFL
0
Bzero
244710
#pred survey bio
 16077.3 19703.1 25118.7 26086.7 30886.6 41500.3 44707.4 53152.6 63948 72466.7 78174.4 87851.9 94445.9 115610 117642 117760 137949 145621 135523 139497 149465 151467 185843 169332 157945 147726 159594 137403 3.2267e+06 4.4637e+06 5.10326e+06 5.02148e+06 4.60919e+06 4.09908e+06 3.61249e+06 3.20062e+06 2.87503e+06 2.62839e+06 2.44661e+06 2.31494e+06 2.22055e+06 2.15312e+06 2.10441e+06 2.06851e+06 2.04324e+06 2.02524e+06 2.01226e+06 2.00278e+06 1.99576e+06 1.99049e+06 1.98649e+06 1.98342e+06 1.98104e+06 1.97917e+06 1.97769e+06 1.97652e+06 1.97558e+06 1.97482e+06 1.97421e+06 1.97371e+06 1.97331e+06 1.97298e+06 1.97271e+06 1.97249e+06 1.97231e+06 1.97216e+06 1.97204e+06 1.97194e+06 1.97186e+06 1.97179e+06 1.97174e+06 1.97169e+06 1.97165e+06 1.97162e+06 1.9716e+06 1.97158e+06 1.97156e+06 1.97154e+06 1.97153e+06 1.97152e+06 1.97152e+06 1.97151e+06 1.9715e+06 1.9715e+06 1.9715e+06 1.97149e+06 1.97149e+06 1.97149e+06 1.97149e+06 1.97149e+06 1.97148e+06 1.97148e+06 1.97148e+06 1.97148e+06 1.97148e+06 1.97148e+06 1.97148e+06 1.97148e+06 1.97148e+06 1.97148e+06 1.97148e+06 1.97148e+06 1.97148e+06 1.97148e+06 1.97148e+06 1.97148e+06 1.97148e+06 1.97148e+06 1.97148e+06 1.97148e+06 1.97148e+06 1.97148e+06 1.97148e+06 1.97148e+06 1.97148e+06 1.97148e+06 1.97148e+06 1.97148e+06 1.97148e+06 1.97148e+06 1.97148e+06 1.97148e+06 1.97148e+06 1.97148e+06 1.97148e+06 1.97148e+06 1.97148e+06 1.97148e+06 0 0 0 0 0 0 0 0 0 0 0 0 0 0 0 0 0 0 0 0 0 0 0 0 0
#obs survey bio
 13728.2 22456.4 24978.7 24481.3 23428.4 35940.4 40816.1 41175.9 49065.2 73910.4 53235.4 87581.8 91087.7 101891 80369 92716.6 147924 128101 99421 114494 137444 99973.2 245977 162189 165324 137550 124825 102418
#pred catch bio
 8335.55 9971.62 15096.9 14990.3 16028.8 25475.9 26242.3 31438.7 39139.6 45367.5 47976.4 56850.1 55964.6 75806.3 79150.9 72026.6 89292.4 101712 89922.4 90620.9 103345 92365.6 131330 119946 114539 99670.2 117971 97005.8 0 32379.5 42176.8 41914.4 37988.2 33179.8 28664.9 24899.5 21970.2 19792.5 18223.9 17119.2 16354.2 15830.4 15472.7 15227.8 15067.1 14961.6 14892.4 14847 14817.2 14797.7 14784.9 14776.4 14770.9 14767.3 14764.9 14763.4 14762.3 14761.7 14761.2 14760.9 14760.7 14760.6 14760.5 14760.5 14760.5 14760.4 14760.4 14760.4 14760.4 14760.4 14760.4 14760.4 14760.4 14760.4 14760.4 14760.4 14760.4 14760.4 14760.4 14760.4 14760.4 14760.4 14760.4 14760.4 14760.4 14760.4 14760.4 14760.4 14760.4 14760.4 14760.4 14760.4 14760.4 14760.4 14760.4 14760.4 14760.4 14760.4 14760.4 14760.4 14760.4 14760.4 14760.4 14760.4 14760.4 14760.4 14760.4 14760.4 14760.4 14760.4 14760.4 14760.4 14760.4 14760.4 14760.4 14760.4 14760.4 14760.4 14760.4 14760.4 14760.4 14760.4 14760.4 14760.4 14760.4 14760.4 14760.4 14760.4 0 0 0 0 0 0 0 0 0 0 0 0 0 0 0 0 0 0 0 0 0 0 0 0 0
#obs catch bio
 9608.15 9617.83 14849.4 14526.7 15493.4 24810.3 25283 32137.9 39205.3 44751.3 48557.2 55608 51996.4 73322.8 76637.5 69499.8 81232.2 95770.7 83884.9 80155.3 94916.1 90522.2 111729 99966.6 106375 89465 111189 92465.6
#pred cpue bio
 11000.4 12000.8 15555.2 15951.1 18293.2 24726.5 26443.5 31010 36919.7 41994.8 45520.5 50950.6 53382.1 66264.7 67589 66316 78826.4 83197.5 75908.3 78873.3 84518.4 82425.6 104352 94737.5 87030.9 79104.7 87027.4 74750.1 1.75006e+06 3.62011e+06 4.8079e+06 4.83602e+06 4.43721e+06 3.92852e+06 3.44207e+06 3.03021e+06 2.70462e+06 2.45798e+06 2.2762e+06 2.14454e+06 2.05014e+06 1.98271e+06 1.93401e+06 1.8981e+06 1.87283e+06 1.85483e+06 1.84185e+06 1.83237e+06 1.82535e+06 1.82008e+06 1.81609e+06 1.81301e+06 1.81063e+06 1.80876e+06 1.80729e+06 1.80611e+06 1.80517e+06 1.80441e+06 1.8038e+06 1.80331e+06 1.8029e+06 1.80257e+06 1.8023e+06 1.80208e+06 1.8019e+06 1.80176e+06 1.80163e+06 1.80153e+06 1.80145e+06 1.80139e+06 1.80133e+06 1.80128e+06 1.80125e+06 1.80122e+06 1.80119e+06 1.80117e+06 1.80115e+06 1.80114e+06 1.80113e+06 1.80112e+06 1.80111e+06 1.8011e+06 1.8011e+06 1.80109e+06 1.80109e+06 1.80109e+06 1.80108e+06 1.80108e+06 1.80108e+06 1.80108e+06 1.80108e+06 1.80108e+06 1.80108e+06 1.80108e+06 1.80108e+06 1.80108e+06 1.80107e+06 1.80107e+06 1.80107e+06 1.80107e+06 1.80107e+06 1.80107e+06 1.80107e+06 1.80107e+06 1.80107e+06 1.80107e+06 1.80107e+06 1.80107e+06 1.80107e+06 1.80107e+06 1.80107e+06 1.80107e+06 1.80107e+06 1.80107e+06 1.80107e+06 1.80107e+06 1.80107e+06 1.80107e+06 1.80107e+06 1.80107e+06 1.80107e+06 1.80107e+06 1.80107e+06 1.80107e+06 1.80107e+06 1.80107e+06 1.80107e+06 1.80107e+06 0 0 0 0 0 0 0 0 0 0 0 0 0 0 0 0 0 0 0 0 0 0 0 0 0
#obs cpue bio
 10681.7 13296.5 17462.3 18613.8 25667.5 34167.8 32392.3 32230.3 51026 45744.6 56879.4 65472.3 73832.8 83665.2 110628 90514.2 126374 117198 130508 165582 126046 106552 222963 184912 102838 127408 140892 126521
#pred surv len freq
 1.52908e-11 1.66039e-09 1.063e-07 4.01229e-06 8.92877e-05 0.00117149 0.00906266 0.0413518 0.11148 0.179114 0.178846 0.131007 0.097911 0.0782444 0.054778 0.0353802 0.0234948 0.0159054 0.0111044 0.00817125 0.00645191 0.00553426 0.00487569 0.00379621 0.00222598
 1.55058e-11 1.68375e-09 1.07795e-07 4.06872e-06 9.05436e-05 0.00118797 0.00919033 0.0419381 0.113113 0.18216 0.183874 0.139863 0.110566 0.0890574 0.0580978 0.0319049 0.0170583 0.0090086 0.00480034 0.00276535 0.0017786 0.00129467 0.00102753 0.000768288 0.000450566
 1.44153e-11 1.56533e-09 1.00214e-07 3.78258e-06 8.41761e-05 0.00110443 0.00854429 0.0389953 0.105249 0.170079 0.174432 0.139917 0.119614 0.100708 0.067338 0.0377512 0.019767 0.00928425 0.00389387 0.00161008 0.000726136 0.000388116 0.000249257 0.000167564 9.4627e-05
 1.4604e-11 1.58582e-09 1.01526e-07 3.83209e-06 8.52778e-05 0.00111888 0.00865608 0.0395048 0.106614 0.172204 0.176233 0.140381 0.118846 0.0995112 0.06628 0.0369553 0.0192248 0.00890548 0.0035461 0.00126115 0.000418498 0.000143489 5.99412e-05 3.10209e-05 1.56831e-05
 1.55429e-11 1.68777e-09 1.08053e-07 4.07845e-06 9.076e-05 0.00119081 0.00921231 0.0420385 0.113385 0.18261 0.184383 0.140422 0.111374 0.0903976 0.0600619 0.0338108 0.0177802 0.00828969 0.00330519 0.00115659 0.000355218 9.66487e-05 2.54703e-05 7.81941e-06 2.893e-06
 1.53042e-11 1.66186e-09 1.06394e-07 4.01583e-06 8.93665e-05 0.00117253 0.00907094 0.0413947 0.111668 0.179994 0.182449 0.140788 0.113835 0.0930407 0.0613754 0.0339883 0.0176951 0.00832375 0.00339573 0.00121469 0.000375244 9.82998e-05 2.19443e-05 4.42941e-06 9.41905e-07
 1.50644e-11 1.63582e-09 1.04727e-07 3.95291e-06 8.79663e-05 0.00115416 0.00892892 0.0407488 0.109955 0.177476 0.181032 0.142613 0.118589 0.0974364 0.0626154 0.0326057 0.0157694 0.00697276 0.00269625 0.000932413 0.000286501 7.54939e-05 1.6548e-05 2.97164e-06 4.49809e-07
 1.5638e-11 1.6981e-09 1.08714e-07 4.10341e-06 9.13156e-05 0.0011981 0.00926871 0.0422961 0.114083 0.183756 0.185644 0.141632 0.112508 0.0909243 0.0593866 0.032226 0.0161277 0.00707912 0.00260916 0.00084367 0.000243951 6.1812e-05 1.33301e-05 2.35476e-06 3.29936e-07
 1.56862e-11 1.70333e-09 1.09049e-07 4.11606e-06 9.15969e-05 0.00120179 0.00929728 0.0424269 0.114441 0.184375 0.186466 0.142744 0.113806 0.0915377 0.0585204 0.0304469 0.0146972 0.0064418 0.00242471 0.000790361 0.000221708 5.29141e-05 1.07321e-05 1.81528e-06 2.46674e-07
 1.54409e-11 1.6767e-09 1.07344e-07 4.05169e-06 9.01647e-05 0.001183 0.00915199 0.0417653 0.112677 0.181699 0.184538 0.14329 0.116632 0.0945961 0.0601409 0.0306954 0.0143709 0.00605767 0.00217725 0.000686014 0.000190835 4.53491e-05 8.94557e-06 1.43652e-06 1.84552e-07
 1.53112e-11 1.66261e-09 1.06442e-07 4.01766e-06 8.94072e-05 0.00117306 0.00907513 0.0414152 0.111741 0.180256 0.18339 0.143227 0.117588 0.0958458 0.0611236 0.0313082 0.0146576 0.00610944 0.00213516 0.000643612 0.000170337 3.8886e-05 7.49711e-06 1.18284e-06 1.47388e-07
 1.55352e-11 1.68694e-09 1.08e-07 4.07644e-06 9.07154e-05 0.00119022 0.00920784 0.0420194 0.113352 0.1827 0.185148 0.142722 0.115013 0.0931203 0.0597958 0.0312237 0.0149537 0.00633132 0.00223331 0.000672749 0.000174706 3.8389e-05 7.06188e-06 1.0694e-06 1.29381e-07
 1.59375e-11 1.73063e-09 1.10796e-07 4.18201e-06 9.30645e-05 0.00122104 0.00944622 0.0431059 0.116265 0.18725 0.189073 0.143931 0.113629 0.0904239 0.0566338 0.0282013 0.0128274 0.00529121 0.00185736 0.000561475 0.000146292 3.1999e-05 5.77147e-06 8.4331e-07 9.7703e-08
 1.57146e-11 1.70641e-09 1.09246e-07 4.1235e-06 9.17625e-05 0.00120396 0.0093141 0.0425037 0.114651 0.184729 0.186904 0.14328 0.114434 0.0919765 0.0584561 0.0299181 0.0139744 0.00578379 0.0019939 0.000589448 0.000151963 3.32756e-05 6.01924e-06 8.75091e-07 9.94963e-08
 1.5398e-11 1.67204e-09 1.07045e-07 4.04043e-06 8.99141e-05 0.00117971 0.00912659 0.0416503 0.112378 0.18131 0.184579 0.144431 0.118734 0.0962541 0.0601178 0.0294044 0.0130298 0.00523795 0.0017852 0.000521511 0.000131624 2.80994e-05 4.99176e-06 7.20666e-07 8.17205e-08
 1.59051e-11 1.7271e-09 1.10571e-07 4.1735e-06 9.28752e-05 0.00121856 0.00942702 0.0430187 0.116035 0.186924 0.188951 0.144373 0.114587 0.0912969 0.0568833 0.0278888 0.0123158 0.00484084 0.00157549 0.000435604 0.000105587 2.19756e-05 3.81523e-06 5.38066e-07 5.99057e-08
 1.56972e-11 1.70453e-09 1.09125e-07 4.11894e-06 9.1661e-05 0.00120263 0.00930381 0.0424571 0.114529 0.184566 0.186894 0.143668 0.115175 0.0925829 0.0584981 0.0295193 0.0135271 0.00548377 0.0018318 0.000513612 0.000122754 2.45918e-05 4.09591e-06 5.59216e-07 6.06962e-08
 1.55924e-11 1.69315e-09 1.08397e-07 4.09144e-06 9.10491e-05 0.0011946 0.00924174 0.0421746 0.113778 0.183445 0.186176 0.14419 0.116809 0.0941205 0.0589461 0.0291107 0.0130357 0.0052491 0.00177251 0.000507805 0.000124141 2.51857e-05 4.16045e-06 5.5154e-07 5.76334e-08
 1.58351e-11 1.71951e-09 1.10084e-07 4.15514e-06 9.24667e-05 0.0012132 0.0093856 0.0428306 0.115539 0.18622 0.188681 0.145297 0.11656 0.0929263 0.0569814 0.0268477 0.0112716 0.0042896 0.0013745 0.000375426 8.95518e-05 1.8195e-05 3.04591e-06 4.07409e-07 4.22996e-08
 1.57028e-11 1.70513e-09 1.09164e-07 4.1204e-06 9.16936e-05 0.00120306 0.00930716 0.0424729 0.11458 0.184714 0.187349 0.144789 0.116857 0.0937431 0.0581507 0.0280722 0.0121075 0.00463005 0.00144788 0.000377301 8.51713e-05 1.64744e-05 2.67263e-06 3.54364e-07 3.69907e-08
 1.58241e-11 1.7183e-09 1.10007e-07 4.15223e-06 9.24019e-05 0.00121235 0.009379 0.0427999 0.11545 0.186017 0.188206 0.144255 0.115061 0.0919802 0.057493 0.028349 0.0125976 0.00495827 0.00159857 0.000427852 9.6836e-05 1.81898e-05 2.80991e-06 3.54719e-07 3.57763e-08
 1.65057e-11 1.79232e-09 1.14746e-07 4.33109e-06 9.63822e-05 0.00126457 0.00978287 0.0446402 0.120376 0.193651 0.194498 0.145316 0.111201 0.0863775 0.0524826 0.0245499 0.0102266 0.00387288 0.00123504 0.000332293 7.64151e-05 1.46118e-05 2.26642e-06 2.80255e-07 2.71431e-08
 1.59335e-11 1.73019e-09 1.10768e-07 4.18095e-06 9.30411e-05 0.00122074 0.00944386 0.0430955 0.116242 0.187251 0.189256 0.144535 0.114613 0.0912121 0.0566838 0.0276204 0.0120727 0.00467408 0.00148128 0.000391772 8.92321e-05 1.71503e-05 2.70251e-06 3.39784e-07 3.30855e-08
 1.57108e-11 1.70601e-09 1.0922e-07 4.12252e-06 9.17408e-05 0.00120368 0.00931197 0.0424956 0.114649 0.184894 0.187848 0.145969 0.118588 0.0948464 0.0575762 0.0263697 0.0106271 0.00390845 0.0012134 0.000316821 7.08364e-05 1.32951e-05 2.05591e-06 2.57185e-07 2.5231e-08
 1.61323e-11 1.75177e-09 1.1215e-07 4.2331e-06 9.42016e-05 0.00123596 0.00956164 0.0436326 0.117686 0.189538 0.19138 0.145642 0.114715 0.0904365 0.0549884 0.0254846 0.0103802 0.00376662 0.00111418 0.000271059 5.70876e-05 1.03449e-05 1.56237e-06 1.91193e-07 1.84249e-08
 1.66175e-11 1.80446e-09 1.15523e-07 4.36042e-06 9.70349e-05 0.00127314 0.00984912 0.0449426 0.121192 0.19497 0.195849 0.146371 0.111924 0.0864084 0.0514073 0.0227972 0.00873337 0.00303847 0.000881931 0.000210525 4.26224e-05 7.25615e-06 1.02461e-06 1.19033e-07 1.10851e-08
 1.63018e-11 1.77018e-09 1.13329e-07 4.27759e-06 9.51917e-05 0.00124895 0.0096621 0.0440904 0.118911 0.19144 0.192961 0.145951 0.113825 0.0890982 0.0537445 0.0244978 0.00973716 0.0034525 0.000994541 0.000231899 4.58265e-05 7.63424e-06 1.04404e-06 1.15282e-07 1.01034e-08
 1.61288e-11 1.75139e-09 1.12126e-07 4.23218e-06 9.41811e-05 0.00123569 0.0095596 0.0436241 0.117673 0.189604 0.191847 0.147012 0.116831 0.0918584 0.0544394 0.023581 0.00868012 0.0029087 0.000816772 0.000187548 3.63318e-05 5.88371e-06 7.78744e-07 8.32077e-08 7.02985e-09
#obs surv len freq
 1.42351e-11 1.54576e-09 9.89608e-08 3.73528e-06 8.31235e-05 0.00109062 0.00843739 0.0385058 0.103899 0.167637 0.17057 0.133237 0.110965 0.0970681 0.0735462 0.0483184 0.0274575 0.012719 0.00470775 0.00138342 0.000312134 5.18564e-05 6.13967e-06 5.04859e-07 2.81498e-08
 1.28468e-11 1.39501e-09 8.93095e-08 3.37099e-06 7.50171e-05 0.000984273 0.00761526 0.0347669 0.0939799 0.152918 0.161258 0.139608 0.130187 0.114566 0.0794752 0.0457588 0.0234848 0.0103277 0.00368984 0.0010393 0.00022332 3.53245e-05 3.97379e-06 3.07792e-07 1.59707e-08
 1.30555e-11 1.41768e-09 9.07608e-08 3.42577e-06 7.62362e-05 0.00100027 0.00773905 0.0353319 0.095497 0.155246 0.162819 0.138229 0.125839 0.111238 0.0803904 0.0483993 0.024422 0.0097708 0.00305991 0.000764399 0.000150117 2.21092e-05 2.32847e-06 1.68912e-07 8.19722e-09
 1.28453e-11 1.39485e-09 8.92992e-08 3.37061e-06 7.50086e-05 0.00098417 0.00761473 0.034769 0.0940274 0.153187 0.161824 0.139414 0.127883 0.112323 0.0805255 0.0484459 0.0247457 0.0101012 0.00316903 0.000754568 0.000134409 1.76044e-05 1.6601e-06 1.0946e-07 4.88313e-09
 1.42193e-11 1.54405e-09 9.88514e-08 3.73115e-06 8.3032e-05 0.00108944 0.008429 0.0384813 0.103985 0.168722 0.174913 0.141997 0.119917 0.100219 0.0699115 0.0409186 0.0202205 0.0079891 0.00244149 0.000568721 9.8214e-05 1.21622e-05 1.05202e-06 6.23048e-08 2.48112e-09
 1.26605e-11 1.37478e-09 8.80144e-08 3.32212e-06 7.39299e-05 0.000970039 0.00750611 0.0342866 0.0928731 0.152259 0.164211 0.147291 0.137315 0.116216 0.0769857 0.0414815 0.0189369 0.00702589 0.00203256 0.000449427 7.3891e-05 8.72311e-06 7.16067e-07 3.97816e-08 1.46293e-09
 1.30517e-11 1.41726e-09 9.07342e-08 3.42478e-06 7.62145e-05 0.00100001 0.00773796 0.0353427 0.0956848 0.156425 0.166514 0.143896 0.129179 0.110372 0.0776779 0.0449939 0.0210478 0.00753407 0.00202973 0.000413944 6.30512e-05 6.94198e-06 5.33714e-07 2.78117e-08 9.58144e-10
 1.32302e-11 1.43664e-09 9.19749e-08 3.47161e-06 7.72569e-05 0.0010137 0.00784426 0.0358346 0.097079 0.15905 0.170292 0.148152 0.131688 0.108788 0.0727923 0.0401572 0.0183903 0.00662392 0.0017975 0.000359133 5.16888e-05 5.24905e-06 3.69185e-07 1.7628e-08 5.59063e-10
 1.31176e-11 1.42442e-09 9.11925e-08 3.44208e-06 7.66e-05 0.0010051 0.00777812 0.0355401 0.0963564 0.158282 0.170715 0.150223 0.133862 0.109696 0.0725018 0.039064 0.0171637 0.00587263 0.00152051 0.000293521 4.11073e-05 4.03427e-06 2.69465e-07 1.19898e-08 3.49595e-10
 1.24561e-11 1.35258e-09 8.65935e-08 3.2685e-06 7.27376e-05 0.000954445 0.0073869 0.0337664 0.0916918 0.151486 0.166339 0.151632 0.138953 0.114816 0.0761968 0.0410786 0.0178543 0.00596509 0.00148884 0.000273875 3.63413e-05 3.38166e-06 2.14705e-07 9.07588e-09 2.50082e-10
 1.26397e-11 1.37253e-09 8.78705e-08 3.3167e-06 7.38105e-05 0.000968534 0.00749619 0.034269 0.093071 0.153735 0.16822 0.15123 0.136024 0.112038 0.0754926 0.0414451 0.018128 0.00602311 0.00148046 0.000264955 3.37423e-05 2.97851e-06 1.78019e-07 7.0581e-09 1.82254e-10
 1.29035e-11 1.40116e-09 8.97039e-08 3.38591e-06 7.53511e-05 0.000988769 0.00765331 0.034995 0.0951071 0.157375 0.172683 0.154837 0.136699 0.10911 0.0707099 0.0373032 0.0158205 0.00514916 0.00124352 0.000217596 2.6855e-05 2.27502e-06 1.29269e-07 4.83206e-09 1.16867e-10
 1.30977e-11 1.42226e-09 9.10546e-08 3.4369e-06 7.64863e-05 0.00100368 0.00776922 0.0355315 0.0966125 0.16002 0.175609 0.156386 0.135843 0.106834 0.0684362 0.0354523 0.0145866 0.00457135 0.00106189 0.0001791 2.13301e-05 1.7403e-06 9.47714e-08 3.37344e-09 7.71835e-11
 1.25098e-11 1.35842e-09 8.69677e-08 3.28265e-06 7.30547e-05 0.000958705 0.00742254 0.0339703 0.092599 0.154651 0.173691 0.160901 0.143008 0.111175 0.0689087 0.0341733 0.0134167 0.00400632 0.000883513 0.000140904 1.5841e-05 1.22079e-06 6.2873e-08 2.1176e-09 4.58047e-11
 1.23994e-11 1.34643e-09 8.61999e-08 3.25368e-06 7.24107e-05 0.000950287 0.00735819 0.0336874 0.0919186 0.153893 0.173578 0.161181 0.143017 0.111618 0.0699345 0.0347215 0.0133294 0.00381058 0.000794297 0.000118952 1.25166e-05 9.01091e-07 4.33061e-08 1.3608e-09 2.74747e-11
 1.20737e-11 1.31106e-09 8.39356e-08 3.16822e-06 7.05102e-05 0.000925403 0.00716698 0.032834 0.0897806 0.15125 0.17311 0.1639 0.146301 0.113145 0.0699109 0.034196 0.012927 0.003627 0.000734556 0.000105246 1.044e-05 7.01357e-07 3.12809e-08 9.09946e-10 1.69932e-11
 1.22735e-11 1.33276e-09 8.53248e-08 3.22067e-06 7.16785e-05 0.000940773 0.00728685 0.0333935 0.0913764 0.15411 0.176259 0.165374 0.145106 0.110543 0.0674021 0.032324 0.0118696 0.00321685 0.000627621 8.63717e-05 8.18477e-06 5.21162e-07 2.18377e-08 5.92079e-10 1.02443e-11
 1.27079e-11 1.37993e-09 8.83451e-08 3.33469e-06 7.42169e-05 0.00097412 0.00754579 0.0345864 0.0946613 0.159543 0.181388 0.166896 0.142209 0.105591 0.0630112 0.029548 0.0105808 0.00278659 0.000525374 6.93819e-05 6.26992e-06 3.78864e-07 1.50017e-08 3.82709e-10 6.20209e-12
 1.21421e-11 1.31849e-09 8.44121e-08 3.18627e-06 7.09163e-05 0.000930913 0.00721385 0.0331047 0.090937 0.154856 0.180292 0.171403 0.148173 0.108626 0.0630101 0.0285218 0.00984301 0.00249855 0.000453373 5.74184e-05 4.95229e-06 2.84163e-07 1.06342e-08 2.55356e-10 3.88217e-12
 1.19452e-11 1.29711e-09 8.30435e-08 3.13464e-06 6.97691e-05 0.000915923 0.00709924 0.0325975 0.0896708 0.153151 0.17907 0.170772 0.148273 0.110233 0.0652048 0.0297724 0.0101609 0.00251005 0.000438859 5.32164e-05 4.37427e-06 2.38256e-07 8.43213e-09 1.90803e-10 2.72453e-12
 1.20719e-11 1.31087e-09 8.39247e-08 3.16795e-06 7.05128e-05 0.000925783 0.00717773 0.0329836 0.0909098 0.155907 0.183271 0.174393 0.148458 0.106804 0.0608594 0.0268245 0.00887826 0.00212871 0.000359343 4.17135e-05 3.25619e-06 1.67461e-07 5.57497e-09 1.18368e-10 1.58289e-12
 1.1435e-11 1.24172e-09 7.94981e-08 3.00092e-06 6.68e-05 0.000877223 0.00680551 0.0313299 0.0867908 0.150794 0.182058 0.179028 0.154663 0.110213 0.0611451 0.0258852 0.0081545 0.00185462 0.00029702 3.27333e-05 2.42361e-06 1.17884e-07 3.69684e-09 7.36423e-11 9.20873e-13
 1.23843e-11 1.3448e-09 8.60976e-08 3.25005e-06 7.23455e-05 0.000950025 0.00736923 0.0339018 0.0936539 0.16112 0.189247 0.177269 0.146466 0.102077 0.0559134 0.0231622 0.00702493 0.00151636 0.000228264 2.35255e-05 1.62641e-06 7.38843e-08 2.16525e-09 4.03096e-11 4.70753e-13
 1.11365e-11 1.20932e-09 7.7425e-08 2.92283e-06 6.50714e-05 0.000854879 0.00663959 0.0306553 0.0855312 0.150898 0.186491 0.185901 0.157877 0.107895 0.0566222 0.0224384 0.00654944 0.00136258 0.000196457 1.91904e-05 1.2449e-06 5.26891e-08 1.43286e-09 2.47113e-11 2.67253e-13
 1.20478e-11 1.30827e-09 8.37606e-08 3.16199e-06 7.03946e-05 0.000924728 0.00717944 0.0331023 0.0919214 0.159839 0.190865 0.181092 0.149238 0.10238 0.0544504 0.021471 0.00607675 0.00120496 0.000164459 1.5179e-05 9.2874e-07 3.69457e-08 9.39843e-10 1.50882e-11 1.51283e-13
 1.14609e-11 1.24454e-09 7.96822e-08 3.00821e-06 6.6982e-05 0.000880285 0.00684241 0.0316454 0.0885572 0.156706 0.192887 0.18813 0.154288 0.101929 0.0517508 0.0196759 0.00543308 0.00105265 0.00013909 1.22634e-05 7.08742e-07 2.6442e-08 6.28459e-10 9.40619e-12 8.77728e-14
 1.15644e-11 1.25579e-09 8.04033e-08 3.03553e-06 6.75957e-05 0.000888513 0.00690904 0.0319773 0.0895869 0.158643 0.194829 0.188647 0.153439 0.100566 0.0501857 0.0184172 0.00483438 0.000885656 0.000110862 9.28727e-06 5.09988e-07 1.80164e-08 4.03289e-10 5.65366e-12 4.9191e-14
 1.15524e-11 1.25451e-09 8.03231e-08 3.03268e-06 6.75416e-05 0.000888099 0.00691123 0.0320435 0.0900956 0.160521 0.19836 0.191596 0.153119 0.097562 0.0471134 0.0166835 0.00420682 0.00073486 8.69536e-05 6.83897e-06 3.51382e-07 1.16074e-08 2.4308e-10 3.18887e-12 2.59475e-14
#pred catch len freq
 1.07643e-11 1.16887e-09 7.48323e-08 2.82455e-06 6.28564e-05 0.000824715 0.00638069 0.0291297 0.0787418 0.12822 0.136088 0.121138 0.118386 0.108793 0.0811334 0.0554375 0.0383379 0.0264471 0.0186122 0.0137392 0.0108596 0.00931765 0.00820938 0.00639188 0.003748
 1.12709e-11 1.22388e-09 7.83542e-08 2.95748e-06 6.58148e-05 0.000863537 0.00668126 0.0305067 0.0825309 0.134927 0.145692 0.135734 0.13805 0.125252 0.0858601 0.049508 0.0276624 0.0149563 0.00805567 0.00466313 0.00300435 0.00218792 0.00173664 0.00129851 0.000761521
 1.06379e-11 1.15515e-09 7.39537e-08 2.79139e-06 6.21187e-05 0.000815045 0.00630627 0.028799 0.0779734 0.127978 0.140521 0.136658 0.144914 0.134036 0.0932331 0.0543341 0.0294069 0.0140501 0.0059421 0.00246878 0.00111595 0.000596925 0.000383429 0.00025777 0.000145568
 1.07026e-11 1.16217e-09 7.44035e-08 2.80836e-06 6.24965e-05 0.000820002 0.00634461 0.028974 0.0784448 0.128733 0.141264 0.137171 0.145233 0.134183 0.093165 0.0541232 0.0291675 0.0137593 0.00552642 0.00197509 0.000657108 0.000225565 9.42689e-05 4.87912e-05 2.46676e-05
 1.14392e-11 1.24217e-09 7.95246e-08 3.00166e-06 6.67979e-05 0.000876435 0.00678103 0.0309617 0.0837548 0.136871 0.147531 0.13685 0.138831 0.126664 0.0884149 0.0521438 0.028506 0.0135559 0.00545637 0.00191968 0.000591242 0.000161074 4.24731e-05 1.30423e-05 4.82563e-06
 1.17494e-11 1.27584e-09 8.16805e-08 3.08303e-06 6.86088e-05 0.000900193 0.00696479 0.0317995 0.0860037 0.140405 0.150687 0.138139 0.138294 0.124892 0.0857189 0.0492198 0.0264365 0.0126381 0.00519432 0.00186545 0.000577416 0.000151396 3.3811e-05 6.82587e-06 1.45161e-06
 1.13499e-11 1.23246e-09 7.89033e-08 2.97821e-06 6.62761e-05 0.000869591 0.00672819 0.0307232 0.0831467 0.136176 0.148159 0.140721 0.145508 0.131717 0.0879086 0.0474961 0.0238015 0.0107341 0.00418868 0.00145558 0.000448346 0.000118265 2.59345e-05 4.65809e-06 7.05135e-07
 1.20201e-11 1.30524e-09 8.35628e-08 3.15408e-06 7.01898e-05 0.000920936 0.00712523 0.032531 0.0879673 0.143493 0.153451 0.139308 0.138003 0.123874 0.0843245 0.0474997 0.0245587 0.0109654 0.00407431 0.00132373 0.000383769 9.73536e-05 2.1005e-05 3.71125e-06 5.20039e-07
 1.22389e-11 1.329e-09 8.50836e-08 3.21148e-06 7.14672e-05 0.000937696 0.00725489 0.0331226 0.0895625 0.146057 0.156012 0.141135 0.139018 0.123527 0.0819897 0.0441228 0.0219909 0.00981047 0.00372247 0.00121857 0.000342592 8.18505e-05 1.66089e-05 2.80989e-06 3.8186e-07
 1.20582e-11 1.30938e-09 8.38275e-08 3.16407e-06 7.04122e-05 0.000923855 0.00714787 0.0326356 0.0882675 0.144121 0.154758 0.142001 0.141827 0.126338 0.0831642 0.0438101 0.0211547 0.00907457 0.00328791 0.00104056 0.000290153 6.90243e-05 1.36219e-05 2.18789e-06 2.81105e-07
 1.18237e-11 1.28391e-09 8.2197e-08 3.10253e-06 6.90426e-05 0.000905887 0.00700891 0.0320025 0.0865742 0.141509 0.152664 0.141832 0.143469 0.128528 0.0849342 0.0449662 0.0217387 0.00922577 0.00325114 0.000984628 0.000261282 5.97221e-05 1.15205e-05 1.81803e-06 2.26557e-07
 1.2302e-11 1.33585e-09 8.55221e-08 3.22803e-06 7.18355e-05 0.000942528 0.00729226 0.0332929 0.0900186 0.146766 0.156608 0.141278 0.138776 0.123258 0.0819161 0.0440826 0.0217109 0.00933377 0.00331552 0.00100271 0.000260976 5.7407e-05 1.05655e-05 1.6003e-06 1.9363e-07
 1.2446e-11 1.35148e-09 8.65233e-08 3.26582e-06 7.26765e-05 0.000953563 0.00737764 0.0336827 0.0910727 0.148486 0.158444 0.1429 0.140094 0.123509 0.0803124 0.04136 0.0194661 0.00819142 0.00290171 0.000881498 0.000230289 5.04358e-05 9.10199e-06 1.3303e-06 1.54141e-07
 1.2591e-11 1.36724e-09 8.75317e-08 3.30389e-06 7.35235e-05 0.000964674 0.00746355 0.0340736 0.0921119 0.150036 0.159433 0.142162 0.137817 0.121394 0.0797554 0.0419935 0.0201529 0.00846836 0.00293966 0.000872447 0.000225423 4.94134e-05 8.94255e-06 1.30035e-06 1.4786e-07
 1.23665e-11 1.34285e-09 8.59706e-08 3.24496e-06 7.22122e-05 0.000947472 0.00733056 0.0334688 0.0905083 0.147678 0.158102 0.143856 0.142207 0.125329 0.0805911 0.0404252 0.0183935 0.00751272 0.00257896 0.000756257 0.000191271 4.08741e-05 7.26443e-06 1.04898e-06 1.18961e-07
 1.25447e-11 1.36221e-09 8.72097e-08 3.29173e-06 7.32531e-05 0.000961127 0.00743615 0.0339497 0.0917918 0.149636 0.159568 0.143643 0.140473 0.123466 0.0796836 0.0402941 0.0183711 0.00735915 0.00241594 0.000671262 0.000163187 3.40121e-05 5.9086e-06 8.3352e-07 9.28108e-08
 1.25205e-11 1.35957e-09 8.70411e-08 3.28537e-06 7.31114e-05 0.000959268 0.00742176 0.0338835 0.0916079 0.149295 0.159013 0.142693 0.139208 0.122687 0.0801355 0.0416153 0.0196137 0.00807952 0.00271855 0.000765364 0.000183362 3.6778e-05 6.12904e-06 8.37017e-07 9.08585e-08
 1.27871e-11 1.38852e-09 8.88945e-08 3.35533e-06 7.46682e-05 0.000979693 0.00757973 0.0346037 0.0935396 0.15232 0.161661 0.143623 0.138478 0.120997 0.0779194 0.0393704 0.0180434 0.00736569 0.00250258 0.000719317 0.000176172 3.57735e-05 5.9119e-06 7.83877e-07 8.19187e-08
 1.28425e-11 1.39454e-09 8.92799e-08 3.36987e-06 7.4992e-05 0.000983942 0.00761262 0.0347543 0.0939538 0.15305 0.162692 0.14514 0.140365 0.122079 0.0770908 0.0372158 0.0160504 0.00621395 0.00200673 0.000550385 0.000131599 2.67691e-05 4.48354e-06 5.99834e-07 6.22843e-08
 1.25724e-11 1.36521e-09 8.7402e-08 3.29899e-06 7.34146e-05 0.000963247 0.00745256 0.0340248 0.091998 0.149996 0.160063 0.144349 0.141342 0.123975 0.0793335 0.0393324 0.0174489 0.00678796 0.00213922 0.000559879 0.000126728 2.45465e-05 3.98466e-06 5.28471e-07 5.51716e-08
 1.30133e-11 1.41309e-09 9.04676e-08 3.4147e-06 7.59895e-05 0.000997028 0.00771379 0.0352144 0.0951725 0.154834 0.163656 0.143721 0.136829 0.118969 0.0765425 0.038631 0.0175731 0.0070123 0.00227479 0.000610909 0.000138549 2.60523e-05 4.02649e-06 5.08419e-07 5.12837e-08
 1.3294e-11 1.44357e-09 9.2419e-08 3.48836e-06 7.76286e-05 0.00101853 0.00788014 0.0359729 0.0972108 0.158055 0.166616 0.145171 0.136784 0.117688 0.0740546 0.0356456 0.0153286 0.00592513 0.00190723 0.000515682 0.000118925 2.27726e-05 3.53455e-06 4.372e-07 4.23495e-08
 1.32712e-11 1.44109e-09 9.22599e-08 3.48235e-06 7.7495e-05 0.00101678 0.00786655 0.0359105 0.0970363 0.157725 0.166054 0.144171 0.135451 0.116929 0.0746861 0.0371756 0.0166048 0.00651248 0.00207591 0.000550802 0.000125698 2.41828e-05 3.81238e-06 4.79422e-07 4.66866e-08
 1.3047e-11 1.41675e-09 9.07018e-08 3.42354e-06 7.61863e-05 0.000999611 0.00773383 0.035307 0.0954384 0.155393 0.164826 0.146138 0.14025 0.121118 0.0753659 0.0351847 0.0144974 0.00541218 0.00169173 0.000443238 9.92972e-05 1.86553e-05 2.88615e-06 3.6112e-07 3.54309e-08
 1.36858e-11 1.48611e-09 9.51424e-08 3.59115e-06 7.99161e-05 0.00104854 0.00811224 0.0370305 0.100042 0.16244 0.17022 0.145752 0.134546 0.114538 0.0713842 0.0336774 0.0139871 0.00514025 0.00152922 0.000373163 7.87438e-05 1.42839e-05 2.15827e-06 2.64168e-07 2.54596e-08
 1.39131e-11 1.5108e-09 9.67228e-08 3.6508e-06 8.12436e-05 0.00106596 0.00824696 0.0376447 0.101691 0.16504 0.172575 0.14681 0.134329 0.11337 0.0693923 0.0314038 0.0123258 0.0043634 0.00127671 0.000305995 6.21031e-05 1.05866e-05 1.49583e-06 1.73829e-07 1.61902e-08
 1.40141e-11 1.52176e-09 9.74245e-08 3.67729e-06 8.1833e-05 0.00107369 0.00830674 0.0379167 0.102413 0.166111 0.173225 0.146195 0.132585 0.111784 0.0690264 0.0319699 0.0129345 0.00464112 0.00134414 0.000314287 6.22184e-05 1.03752e-05 1.41955e-06 1.5678e-07 1.37416e-08
 1.35593e-11 1.47238e-09 9.42629e-08 3.55795e-06 7.91774e-05 0.00103885 0.00803735 0.0366904 0.099147 0.161182 0.169808 0.147635 0.138432 0.117687 0.0714492 0.0314775 0.0118364 0.00403122 0.00114067 0.0002629 5.10439e-05 8.27649e-06 1.09609e-06 1.17149e-07 9.89875e-09
#obs catch len freq
 9.48317e-12 1.02976e-09 6.59261e-08 2.48839e-06 5.5376e-05 0.000726582 0.00562201 0.0256786 0.0695779 0.114572 0.127329 0.127358 0.140001 0.13737 0.107203 0.0717654 0.0420321 0.0201944 0.00765747 0.00225339 0.000504795 8.42952e-05 1.02038e-05 8.6362e-07 4.93389e-08
 1.26467e-11 1.37328e-09 8.79186e-08 3.31849e-06 7.38487e-05 0.000968939 0.00749649 0.0342215 0.092464 0.150127 0.156882 0.132619 0.121806 0.110927 0.0846865 0.0554675 0.0311379 0.0141624 0.00512112 0.00146024 0.000317387 5.04639e-05 5.68356e-06 4.42048e-07 2.31944e-08
 1.15298e-11 1.252e-09 8.01538e-08 3.02541e-06 6.73269e-05 0.000883388 0.00683527 0.0312176 0.0845312 0.13861 0.150673 0.140614 0.140663 0.126313 0.0876601 0.0502692 0.0255134 0.0110108 0.00383662 0.0010469 0.000216431 3.27177e-05 3.49553e-06 2.55746e-07 1.24776e-08
 1.17967e-11 1.28099e-09 8.20098e-08 3.09547e-06 6.88859e-05 0.000903845 0.00699357 0.0319401 0.0864711 0.14159 0.152714 0.139086 0.135641 0.12249 0.0885517 0.0529145 0.0262758 0.0102882 0.00314146 0.000760604 0.00014365 2.01971e-05 2.01777e-06 1.38106e-07 6.29538e-09
 1.18409e-11 1.28578e-09 8.23168e-08 3.10706e-06 6.91439e-05 0.000907238 0.00702003 0.0320647 0.0868464 0.142407 0.154114 0.140632 0.13601 0.12117 0.0867008 0.0517164 0.0259676 0.0103502 0.00315424 0.000725476 0.000124095 1.55125e-05 1.38729e-06 8.62432e-08 3.61045e-09
 1.34001e-11 1.45509e-09 9.31563e-08 3.5162e-06 7.82487e-05 0.00102669 0.00794403 0.0362772 0.0981429 0.160011 0.168866 0.143366 0.126797 0.107389 0.0746902 0.0432778 0.0209969 0.00809328 0.00240015 0.000539105 8.91894e-05 1.05195e-05 8.62073e-07 4.81288e-08 1.79845e-09
 1.18947e-11 1.29163e-09 8.2691e-08 3.12119e-06 6.94588e-05 0.000911393 0.00705297 0.0322295 0.0874435 0.144292 0.159098 0.149424 0.144288 0.122686 0.0807541 0.0430389 0.019287 0.00697601 0.00195643 0.0004167 6.5556e-05 7.36059e-06 5.71597e-07 2.99024e-08 1.0314e-09
 1.24644e-11 1.35348e-09 8.66513e-08 3.27067e-06 7.27853e-05 0.000955039 0.00739053 0.0337668 0.0915369 0.150392 0.162777 0.145727 0.134607 0.115417 0.0806264 0.0460186 0.0210404 0.00732269 0.00191 0.000374934 5.46015e-05 5.71191e-06 4.14981e-07 2.03404e-08 6.5663e-10
 1.27415e-11 1.38358e-09 8.85781e-08 3.3434e-06 7.44041e-05 0.000976293 0.0075554 0.0345265 0.0936563 0.154177 0.167594 0.150249 0.136462 0.112705 0.074761 0.0406553 0.0182024 0.006366 0.00166792 0.000319878 4.39431e-05 4.23656e-06 2.81427e-07 1.26316e-08 3.75083e-10
 1.26883e-11 1.3778e-09 8.82083e-08 3.32944e-06 7.4094e-05 0.000972239 0.00752453 0.0343937 0.0933736 0.154119 0.168652 0.152463 0.138237 0.113 0.0739212 0.0391875 0.0168081 0.00558007 0.0013943 0.000258104 3.44413e-05 3.20298e-06 2.01795e-07 8.43496e-09 2.30219e-10
 1.20918e-11 1.31303e-09 8.40613e-08 3.17293e-06 7.06113e-05 0.000926571 0.00717196 0.0327973 0.0891927 0.148106 0.16498 0.15403 0.142889 0.117472 0.0770577 0.0408083 0.0172854 0.005594 0.00134529 0.000237003 2.99345e-05 2.63677e-06 1.57712e-07 6.25513e-09 1.61187e-10
 1.23958e-11 1.34603e-09 8.61744e-08 3.25269e-06 7.23866e-05 0.000949876 0.00735255 0.0336249 0.0914405 0.151679 0.167848 0.153541 0.139037 0.113692 0.0756107 0.0406978 0.017317 0.00556424 0.00131544 0.000225064 2.72411e-05 2.27357e-06 1.27893e-07 4.75353e-09 1.14689e-10
 1.26962e-11 1.37866e-09 8.82631e-08 3.33153e-06 7.41417e-05 0.000972929 0.00753156 0.0344519 0.0937551 0.155779 0.172729 0.157213 0.13935 0.110233 0.0704435 0.0364211 0.015019 0.00472236 0.00109522 0.000182912 2.14217e-05 1.71349e-06 9.15326e-08 3.20474e-09 7.23741e-11
 1.29895e-11 1.4105e-09 9.0302e-08 3.4085e-06 7.5855e-05 0.000995431 0.00770621 0.0352565 0.0959791 0.159526 0.176487 0.158696 0.137689 0.107031 0.067481 0.0341959 0.01366 0.0041311 0.000920627 0.00014802 1.67053e-05 1.2851e-06 6.57087e-08 2.18849e-09 4.67173e-11
 1.24516e-11 1.35209e-09 8.65626e-08 3.26737e-06 7.27155e-05 0.000954293 0.00738939 0.0338334 0.0923494 0.1548 0.175174 0.163342 0.144398 0.110683 0.0674237 0.0326726 0.0124402 0.00358019 0.00075651 0.000114889 1.22277e-05 8.87589e-07 4.28751e-08 1.34973e-09 2.72126e-11
 1.23944e-11 1.34589e-09 8.61655e-08 3.25239e-06 7.23831e-05 0.000949967 0.00735678 0.0336959 0.0920616 0.154649 0.175522 0.163604 0.144038 0.11069 0.0680428 0.0329334 0.0122369 0.00336675 0.000671654 9.56828e-05 9.52209e-06 6.45117e-07 2.90559e-08 8.5271e-10 1.60344e-11
 1.21244e-11 1.31658e-09 8.42888e-08 3.18158e-06 7.08085e-05 0.000929367 0.00719884 0.0329958 0.0903425 0.152675 0.1756 0.166326 0.146825 0.111614 0.067586 0.0321936 0.011764 0.00317125 0.000613556 8.34983e-05 7.82518e-06 4.94345e-07 2.06498e-08 5.60687e-10 9.74649e-12
 1.23524e-11 1.34133e-09 8.58737e-08 3.24141e-06 7.21413e-05 0.000946902 0.00733558 0.0336333 0.0921515 0.155867 0.178984 0.16773 0.145341 0.108709 0.0648684 0.0302506 0.0107247 0.00278951 0.000519294 6.77867e-05 6.06087e-06 3.62517e-07 1.4216e-08 3.59593e-10 5.78957e-12
 1.28165e-11 1.39173e-09 8.91004e-08 3.36323e-06 7.48535e-05 0.000982536 0.0076123 0.034908 0.0956573 0.16163 0.184309 0.169103 0.142077 0.103444 0.0603408 0.0274831 0.00949009 0.00239541 0.000430317 5.38364e-05 4.58525e-06 2.59998e-07 9.62606e-09 2.28936e-10 3.45046e-12
 1.22614e-11 1.33145e-09 8.52418e-08 3.21762e-06 7.1616e-05 0.00094017 0.00728718 0.0334606 0.0920437 0.15717 0.183473 0.173675 0.147821 0.106162 0.0601412 0.0264183 0.00878329 0.00213439 0.000368556 4.41633e-05 3.5858e-06 1.92885e-07 6.74355e-09 1.50853e-10 2.13162e-12
 1.21221e-11 1.31632e-09 8.42738e-08 3.18111e-06 7.08055e-05 0.000929607 0.0072069 0.0331105 0.0911977 0.156096 0.182698 0.173024 0.147598 0.10733 0.0618785 0.0273584 0.00898002 0.00212086 0.000352443 4.03895e-05 3.12192e-06 1.59249e-07 5.26068e-09 1.10814e-10 1.46981e-12
 1.22751e-11 1.33295e-09 8.53382e-08 3.22134e-06 7.17038e-05 0.000941508 0.00730142 0.0335717 0.0926455 0.159179 0.187104 0.176464 0.147324 0.10354 0.0574566 0.0245036 0.00779116 0.00178334 0.000285712 3.13062e-05 2.29585e-06 1.10488e-07 3.43078e-09 6.77623e-11 8.41191e-13
 1.16645e-11 1.26664e-09 8.10939e-08 3.06121e-06 6.81451e-05 0.000894992 0.0069454 0.0319955 0.0887521 0.154457 0.186241 0.181108 0.153171 0.106492 0.0574568 0.023506 0.00710689 0.0015417 0.000234105 2.43261e-05 1.69025e-06 7.6859e-08 2.24647e-09 4.16057e-11 4.82736e-13
 1.2628e-11 1.37127e-09 8.77928e-08 3.3141e-06 7.37745e-05 0.000968898 0.00751765 0.0346053 0.0957052 0.164863 0.193344 0.179118 0.14481 0.0983174 0.0522699 0.0208865 0.00607124 0.00124867 0.000178075 1.72922e-05 1.12106e-06 4.75738e-08 1.29841e-09 2.2457e-11 2.43192e-13
 1.13922e-11 1.23708e-09 7.92035e-08 2.99004e-06 6.65722e-05 0.000874737 0.00679638 0.0314043 0.0877422 0.154986 0.190969 0.187768 0.155797 0.103689 0.0528077 0.0201758 0.0056375 0.0011158 0.000152199 1.39943e-05 8.50789e-07 3.36232e-08 8.51214e-10 1.36326e-11 1.3665e-13
 1.23207e-11 1.33791e-09 8.56586e-08 3.23372e-06 7.19961e-05 0.000945905 0.00734628 0.0338945 0.0942281 0.163999 0.195282 0.182892 0.147205 0.0981482 0.0505184 0.0191635 0.00518587 0.0009776 0.000126134 1.09476e-05 6.27156e-07 2.32779e-08 5.50987e-10 8.21221e-12 7.63048e-14
 1.17457e-11 1.27549e-09 8.16644e-08 3.08315e-06 6.86564e-05 0.000902465 0.00701774 0.0324827 0.0910121 0.161143 0.197498 0.189717 0.15177 0.0974325 0.0478771 0.0175002 0.00461315 0.000848118 0.000105781 8.76286e-06 4.73911e-07 1.64896e-08 3.64492e-10 5.06232e-12 4.37576e-14
 1.18623e-11 1.28816e-09 8.24771e-08 3.11395e-06 6.93484e-05 0.000911741 0.00709275 0.0328543 0.0921503 0.163239 0.199534 0.190192 0.150755 0.0958468 0.0462002 0.0162775 0.00407611 0.000708145 8.35912e-05 6.5713e-06 3.3728e-07 1.11027e-08 2.31025e-10 3.00463e-12 2.42128e-14
#spawning biomass
 14562.4 17491.2 22546.9 23336.9 27280.5 36768.6 39670.1 46816.7 56232.1 63908.7 69068.8 77406.8 82627.8 101540 103693 103013 121138 128016 118570 122343 130920 131119 162465 148328 137486 127481 138497 119440 116469 210553 239022 232915 211147 185123 160736 140401 124582 112823 104352 98386.6 94255 91426.7 89495.2 88172.5 87304.6 86735.1 86361.4 86116.2 85955.4 85849.8 85780.5 85735.1 85705.3 85685.7 85672.9 85664.5 85658.9 85655.3 85652.9 85651.4 85650.3 85649.7 85649.2 85648.9 85648.7 85648.6 85648.5 85648.5 85648.4 85648.4 85648.4 85648.4 85648.4 85648.4 85648.4 85648.4 85648.4 85648.4 85648.4 85648.4 85648.4 85648.4 85648.4 85648.4 85648.4 85648.4 85648.4 85648.4 85648.4 85648.4 85648.4 85648.4 85648.4 85648.4 85648.4 85648.4 85648.4 85648.4 85648.4 85648.4 85648.4 85648.4 85648.4 85648.4 85648.4 85648.4 85648.4 85648.4 85648.4 85648.4 85648.4 85648.4 85648.4 85648.4 85648.4 85648.4 85648.4 85648.4 85648.4 85648.4 85648.4 85648.4 85648.4 85648.4 85648.4 85648.4 85648.4 85648.4 0 0 0 0 0 0 0 0 0 0 0 0 0 0 0 0 0 0 0 0 0 0 0 0 0
