SBPRF35
0.19105
Curr Bio
252272
B35
439227
F35
0.912909
FOFL
0.482196
OFL
23347.5
Bzero
54585.3
#pred survey bio
 28070.1 23606.4 16929.1 15803.1 26503.2 39607.9 77355.2 122315 141314 178868 180321 165906 205661 225775 249927 274594 259565 279984 297345 307265 270791 222550 277829 260170 313388 296181 315342 322766 1.09516e+07 8.87584e+06 4.62238e+06 2.37036e+06 1.3718e+06 939133 740064 639066 582951 549792 529530 516955 509104 504196 501124 499171 497977 497245 496795 496519 496349 496244 496180 496140 496116 496101 496091 496086 496082 496080 496079 496078 496077 496077 496077 496077 496077 496077 496077 496077 496077 496077 496077 496077 496077 496077 496077 496077 496077 496077 496077 496077 496077 496077 496077 496077 496077 496077 496077 496077 496077 496077 496077 496077 496077 496077 496077 496077 496077 496077 496077 496077 496077 496077 496077 496077 496077 496077 496077 496077 496077 496077 496077 496077 496077 496077 496077 496077 496077 496077 496077 496077 496077 496077 496077 496077 496077 496077 496077 496077 0 0 0 0 0 0 0 0 0 0 0 0 0 0 0 0 0 0 0 0 0 0 0 0 0
#obs survey bio
 26379.5 17107.9 9784.01 15588.6 29014.2 38415.1 63522 115023 118900 179188 114968 126718 199898 218300 250016 173755 211511 230228 263984 226091 198205 124740 208962 177056 210829 205883 251922 216339
#pred catch bio
 17613.6 15544.6 10874.5 8901.81 17802.5 23952.9 52593.7 96521.9 105955 143168 154053 130605 161061 175121 188504 218608 203988 221335 240772 261848 232068 173443 223297 183587 228844 207875 206260 223977 23347.5 202306 89259 36286 16640.2 10195.6 8240.42 7677.89 7521.98 7479.93 7468.82 7465.92 7465.18 7464.99 7464.94 7464.93 7464.92 7464.92 7464.92 7464.92 7464.92 7464.92 7464.92 7464.92 7464.92 7464.92 7464.92 7464.92 7464.92 7464.92 7464.92 7464.92 7464.92 7464.92 7464.92 7464.92 7464.92 7464.92 7464.92 7464.92 7464.92 7464.92 7464.92 7464.92 7464.92 7464.92 7464.92 7464.92 7464.92 7464.92 7464.92 7464.92 7464.92 7464.92 7464.92 7464.92 7464.92 7464.92 7464.92 7464.92 7464.92 7464.92 7464.92 7464.92 7464.92 7464.92 7464.92 7464.92 7464.92 7464.92 7464.92 7464.92 7464.92 7464.92 7464.92 7464.92 7464.92 7464.92 7464.92 7464.92 7464.92 7464.92 7464.92 7464.92 7464.92 7464.92 7464.92 7464.92 7464.92 7464.92 7464.92 7464.92 7464.92 7464.92 7464.92 7464.92 7464.92 7464.92 7464.92 7464.92 0 0 0 0 0 0 0 0 0 0 0 0 0 0 0 0 0 0 0 0 0 0 0 0 0
#obs catch bio
 15951.9 17585.8 12366.2 10179.2 12231.1 18946.3 42704.7 85368.6 89422.1 125341 159269 122919 134473 139501 161294 190955 162543 201277 206686 250997 217840 150095 196131 155930 192408 182571 183502 195793
#pred cpue bio
 22670.3 19048.7 15193.8 9527.9 11321.4 17328.4 30934.3 56105.3 63792 88631.5 92312.9 71025 86678.9 97008.4 102265 115416 105293 96382.9 108650 107139 94246.5 76470.9 88034.9 76409.4 98827.2 78615.5 69907.3 83279.5 2.57028e+06 8.73948e+06 4.50403e+06 2.25113e+06 1.25255e+06 819887 620819 519821 463705 430547 410285 397709 389859 384951 381879 379926 378731 377999 377550 377274 377104 376999 376935 376895 376871 376856 376846 376841 376837 376835 376833 376833 376832 376832 376832 376831 376831 376831 376831 376831 376831 376831 376831 376831 376831 376831 376831 376831 376831 376831 376831 376831 376831 376831 376831 376831 376831 376831 376831 376831 376831 376831 376831 376831 376831 376831 376831 376831 376831 376831 376831 376831 376831 376831 376831 376831 376831 376831 376831 376831 376831 376831 376831 376831 376831 376831 376831 376831 376831 376831 376831 376831 376831 376831 376831 376831 376831 376831 376831 376831 0 0 0 0 0 0 0 0 0 0 0 0 0 0 0 0 0 0 0 0 0 0 0 0 0
#obs cpue bio
 18756.5 16236.3 9740.72 14356.4 28802.5 47122.7 74842.5 113638 129936 153580 135488 111895 206135 233022 193211 302452 328785 164885 227627 169783 171969 215945 220977 193218 313410 185521 138909 211954
#pred surv len freq
 1.10728e-11 1.20185e-09 7.6918e-08 2.90265e-06 6.45878e-05 0.000847438 0.0065573 0.0299434 0.0809771 0.131982 0.140445 0.125779 0.12355 0.113186 0.0830294 0.0547596 0.0358973 0.0230018 0.0148608 0.0101229 0.00747078 0.00607896 0.00517691 0.00396112 0.00230495
 9.94407e-12 1.07933e-09 6.90772e-08 2.60676e-06 5.80042e-05 0.000761071 0.0058896 0.0269082 0.0729582 0.120436 0.135233 0.138505 0.152834 0.140712 0.0929008 0.0495688 0.0265135 0.0149911 0.00859573 0.00495613 0.00298544 0.00200084 0.00149088 0.0010772 0.000622201
 5.81278e-12 6.30921e-10 4.03789e-08 1.52378e-06 3.39068e-05 0.000444922 0.00344435 0.0157664 0.0431591 0.0745458 0.0988741 0.137069 0.184196 0.18114 0.124017 0.0685549 0.0356643 0.0173431 0.00798792 0.00376907 0.00186033 0.000980263 0.000581677 0.000366509 0.000200499
 1.66775e-11 1.81019e-09 1.15852e-07 4.37188e-06 9.72796e-05 0.00127634 0.00987468 0.0450597 0.121413 0.194315 0.190158 0.129043 0.0845363 0.06649 0.0548493 0.0436745 0.0300244 0.0164694 0.00754918 0.00310516 0.00121046 0.000482602 0.000212212 0.000104484 4.99934e-05
 1.87378e-11 2.03381e-09 1.30164e-07 4.91197e-06 0.000109297 0.00143402 0.0110947 0.050629 0.13645 0.218618 0.215026 0.148388 0.0978035 0.0674163 0.0360438 0.0125594 0.00304244 0.000795899 0.000338738 0.000156069 6.04347e-05 2.01959e-05 6.45764e-06 2.2206e-06 8.18486e-07
 1.84818e-11 2.00602e-09 1.28385e-07 4.84485e-06 0.000107804 0.00141443 0.0109432 0.049939 0.134611 0.215837 0.213071 0.149122 0.101011 0.07079 0.0376881 0.0126165 0.00252384 0.000298481 2.08249e-05 8.56799e-07 2.07869e-08 2.97485e-10 2.54855e-12 2.28975e-14 2.67556e-15
 1.91684e-11 2.08055e-09 1.33155e-07 5.02485e-06 0.000111809 0.00146697 0.0113496 0.0517903 0.139555 0.223399 0.218808 0.148527 0.0945765 0.0634466 0.033331 0.0111256 0.00222433 0.00026304 1.83543e-05 7.5553e-07 1.8363e-08 2.64399e-10 2.28241e-12 1.22891e-14 4.59479e-17
 1.8077e-11 1.96208e-09 1.25573e-07 4.73873e-06 0.000105443 0.00138345 0.0107036 0.0488476 0.131695 0.211378 0.209689 0.149473 0.104805 0.0751196 0.040257 0.0134955 0.00270045 0.000319385 2.22836e-05 9.16815e-07 2.22426e-08 3.18175e-10 2.68374e-12 1.33486e-14 3.91541e-17
 1.82174e-11 1.97733e-09 1.26549e-07 4.77555e-06 0.000106262 0.0013942 0.0107867 0.0492262 0.132707 0.212925 0.210862 0.149351 0.103488 0.0736175 0.0393658 0.0131906 0.00263918 0.000312132 2.17775e-05 8.95992e-07 2.17373e-08 3.10947e-10 2.62272e-12 1.30443e-14 3.82525e-17
 1.73409e-11 1.88219e-09 1.2046e-07 4.54578e-06 0.000101149 0.00132712 0.0102679 0.046863 0.126394 0.203271 0.203539 0.150111 0.111702 0.0829917 0.0449279 0.0150938 0.00302156 0.000357393 2.49358e-05 1.02594e-06 2.489e-08 3.56045e-10 3.0031e-12 1.49362e-14 4.38009e-17
 1.69984e-11 1.84501e-09 1.1808e-07 4.45599e-06 9.91514e-05 0.00130091 0.0100652 0.0459396 0.123928 0.199499 0.200677 0.150408 0.114912 0.0866548 0.0471013 0.0158375 0.00317098 0.000375079 2.617e-05 1.07672e-06 2.61219e-08 3.73666e-10 3.15174e-12 1.56754e-14 4.59682e-17
 1.86571e-11 2.02504e-09 1.29603e-07 4.89079e-06 0.000108826 0.00142784 0.0110469 0.0504115 0.135873 0.217767 0.214536 0.14897 0.0993687 0.0689158 0.0365761 0.012236 0.00244739 0.000289432 2.01934e-05 8.30816e-07 2.01561e-08 2.88328e-10 2.43194e-12 1.20954e-14 3.54699e-17
 1.87794e-11 2.03833e-09 1.30453e-07 4.92287e-06 0.00010954 0.0014372 0.0111193 0.0507414 0.136754 0.219115 0.215558 0.148864 0.098222 0.0676071 0.0357996 0.0119703 0.00239401 0.000283113 1.97525e-05 8.12675e-07 1.9716e-08 2.82032e-10 2.37883e-12 1.18313e-14 3.46954e-17
 1.86281e-11 2.0219e-09 1.29401e-07 4.8832e-06 0.000108657 0.00142562 0.0110297 0.0503334 0.135664 0.217448 0.214293 0.148995 0.0996403 0.0692258 0.03676 0.0122989 0.00246004 0.000290928 2.02978e-05 8.35113e-07 2.02604e-08 2.89819e-10 2.44452e-12 1.2158e-14 3.56534e-17
 1.90026e-11 2.06255e-09 1.32003e-07 4.98138e-06 0.000110842 0.00145428 0.0112514 0.0513431 0.138361 0.221573 0.217423 0.148671 0.0961306 0.0652202 0.0343834 0.0114857 0.00229665 0.000271589 1.89483e-05 7.79588e-07 1.89133e-08 2.70549e-10 2.28198e-12 1.13496e-14 3.32828e-17
 1.88005e-11 2.04061e-09 1.30599e-07 4.92839e-06 0.000109663 0.00143881 0.0111318 0.0507981 0.136905 0.219347 0.215734 0.148846 0.0980248 0.0673821 0.0356661 0.0119246 0.00238483 0.000282027 1.96767e-05 8.09556e-07 1.96403e-08 2.8095e-10 2.3697e-12 1.17859e-14 3.45622e-17
 1.90659e-11 2.06942e-09 1.32443e-07 4.99797e-06 0.000111211 0.00145913 0.0112889 0.0515138 0.138817 0.22227 0.217952 0.148616 0.0955373 0.0645431 0.0339816 0.0113482 0.00226903 0.00026832 1.87202e-05 7.70202e-07 1.86856e-08 2.67292e-10 2.25451e-12 1.1213e-14 3.28821e-17
 2.01169e-11 2.18349e-09 1.39743e-07 5.27347e-06 0.000117341 0.00153955 0.0119109 0.0543473 0.146385 0.233845 0.226733 0.147705 0.0856889 0.0533035 0.0273127 0.0090662 0.00181055 0.000214053 1.49334e-05 6.14396e-07 1.49056e-08 2.1322e-10 1.79843e-12 8.94464e-15 2.62302e-17
 1.97654e-11 2.14535e-09 1.37302e-07 5.18134e-06 0.000115291 0.00151266 0.0117029 0.0533997 0.143854 0.229974 0.223796 0.148009 0.0889823 0.0570622 0.0295429 0.00982934 0.00196387 0.0002322 1.61997e-05 6.665e-07 1.61697e-08 2.31303e-10 1.95095e-12 9.7032e-15 2.84547e-17
 2.0044e-11 2.17558e-09 1.39237e-07 5.25436e-06 0.000116916 0.00153397 0.0118678 0.0541508 0.14586 0.233042 0.226124 0.147768 0.0863719 0.054083 0.0277752 0.00922447 0.00184235 0.000217816 1.5196e-05 6.25201e-07 1.51678e-08 2.1697e-10 1.83006e-12 9.10195e-15 2.66915e-17
 2.00546e-11 2.17673e-09 1.3931e-07 5.25714e-06 0.000116978 0.00153478 0.011874 0.0541793 0.145937 0.233159 0.226212 0.147759 0.0862726 0.0539697 0.027708 0.00920147 0.00183773 0.000217269 1.51578e-05 6.23631e-07 1.51297e-08 2.16425e-10 1.82547e-12 9.07909e-15 2.66245e-17
 2.01272e-11 2.18462e-09 1.39815e-07 5.27618e-06 0.000117401 0.00154034 0.011917 0.0543752 0.14646 0.233959 0.226819 0.147696 0.0855919 0.0531928 0.0272471 0.00904374 0.00180604 0.000213518 1.48961e-05 6.12862e-07 1.48684e-08 2.12688e-10 1.79394e-12 8.92231e-15 2.61647e-17
 2.05562e-11 2.23118e-09 1.42795e-07 5.38863e-06 0.000119904 0.00157317 0.0121709 0.0555317 0.149549 0.238684 0.230404 0.147324 0.0815722 0.0486052 0.0245251 0.00811231 0.00161891 0.000191368 1.33504e-05 5.49267e-07 1.33255e-08 1.90618e-10 1.60779e-12 7.99646e-15 2.34497e-17
 2.09151e-11 2.27013e-09 1.45288e-07 5.48272e-06 0.000121997 0.00160064 0.0123833 0.0564994 0.152134 0.242637 0.233402 0.147013 0.0782088 0.0447667 0.0222476 0.00733299 0.00146233 0.000172836 1.20572e-05 4.96058e-07 1.20346e-08 1.72152e-10 1.45204e-12 7.22181e-15 2.1178e-17
 2.058e-11 2.23376e-09 1.4296e-07 5.39488e-06 0.000120043 0.00157499 0.012185 0.055596 0.149721 0.238946 0.230603 0.147303 0.0813488 0.0483502 0.0243738 0.00806055 0.00160851 0.000190137 1.32645e-05 5.45733e-07 1.32398e-08 1.89391e-10 1.59744e-12 7.945e-15 2.32988e-17
 2.13374e-11 2.31597e-09 1.48222e-07 5.59343e-06 0.000124461 0.00163295 0.0126333 0.0576381 0.155175 0.247288 0.236931 0.146646 0.074251 0.0402498 0.0195675 0.00641593 0.00127809 0.000151027 1.05354e-05 4.33444e-07 1.05156e-08 1.50422e-10 1.26875e-12 6.31023e-15 1.85048e-17
 2.19602e-11 2.38356e-09 1.52548e-07 5.75667e-06 0.000128093 0.00168061 0.0130018 0.059317 0.159659 0.254147 0.242134 0.146106 0.0684155 0.0335899 0.015616 0.00506377 0.00100642 0.000118872 8.29157e-06 3.41123e-07 8.27579e-09 1.18383e-10 9.98513e-13 4.96617e-15 1.45633e-17
 2.14455e-11 2.32771e-09 1.48973e-07 5.62177e-06 0.000125091 0.00164123 0.0126973 0.0579295 0.155954 0.248479 0.237835 0.146553 0.073238 0.0390936 0.0188815 0.00618118 0.00123092 0.000145445 1.01459e-05 4.17416e-07 1.01267e-08 1.4486e-10 1.22184e-12 6.0769e-15 1.78205e-17
#obs surv len freq
 4.97527e-11 4.61091e-09 2.51967e-07 8.11871e-06 0.000154248 0.00172804 0.0114168 0.0445149 0.102822 0.143528 0.133121 0.11075 0.10901 0.106197 0.0907209 0.0683641 0.0427728 0.0215839 0.00907156 0.00316607 0.000867609 0.000176146 2.54105e-05 2.52268e-06 1.67712e-07
 2.85005e-11 2.54753e-09 1.34269e-07 4.17271e-06 7.64648e-05 0.000826336 0.0052697 0.0199 0.0453107 0.0677922 0.087889 0.128438 0.170258 0.167273 0.129259 0.0877117 0.0513637 0.0246933 0.00976849 0.00317129 0.000814326 0.000156837 2.14972e-05 2.00985e-06 1.24332e-07
 1.44321e-11 1.24207e-09 6.30308e-08 1.88604e-06 3.3278e-05 0.000346315 0.00212823 0.00777261 0.0174311 0.0277051 0.0441482 0.0799012 0.128684 0.172668 0.193107 0.163883 0.098478 0.0431477 0.0150054 0.00434154 0.00101324 0.000179304 2.27602e-05 1.98266e-06 1.145e-07
 2.6803e-10 2.21742e-08 1.08168e-06 3.11126e-05 0.000527668 0.00527682 0.0311153 0.108187 0.221839 0.268462 0.192552 0.0840665 0.0269417 0.0138833 0.0144387 0.014004 0.010186 0.00549687 0.00218929 0.000638978 0.000137279 2.17147e-05 2.47381e-06 1.95517e-07 1.03337e-08
 1.7608e-10 1.39815e-08 6.54617e-07 1.80721e-05 0.000294188 0.00282409 0.015995 0.0535887 0.107658 0.13851 0.144071 0.163578 0.172105 0.123896 0.0553002 0.0159653 0.00395997 0.00139569 0.00058917 0.000197032 4.59472e-05 7.27816e-06 7.77677e-07 5.57021e-08 2.64364e-09
 4.52608e-10 3.44447e-08 1.54564e-06 4.08961e-05 0.000638033 0.00586949 0.031841 0.101904 0.192836 0.218332 0.156942 0.0905754 0.0632581 0.0535353 0.0425943 0.0266509 0.011343 0.00304552 0.00051914 6.44918e-05 7.9108e-06 1.02768e-06 1.07089e-07 7.51886e-09 3.38733e-10
 5.22033e-10 3.80244e-08 1.6331e-06 4.13574e-05 0.00061757 0.00543797 0.0282449 0.0866757 0.158479 0.180056 0.150729 0.129985 0.116188 0.0800911 0.0395978 0.0158841 0.00573524 0.0017546 0.000406952 6.62983e-05 7.28845e-06 5.48254e-07 3.08115e-08 1.42618e-09 5.27196e-11
 7.88129e-10 5.48748e-08 2.25287e-06 5.45365e-05 0.000778449 0.00655224 0.0325305 0.0954078 0.166596 0.180098 0.141783 0.114842 0.101844 0.0771459 0.047366 0.0236486 0.00873886 0.00218927 0.000371277 4.60212e-05 4.52698e-06 3.48291e-07 1.92082e-08 7.12548e-10 1.75824e-11
 1.0418e-09 6.92549e-08 2.7146e-06 6.27405e-05 0.000855042 0.00687167 0.0325819 0.0913686 0.153465 0.164095 0.139366 0.129356 0.118541 0.0846028 0.0471982 0.0216569 0.00767144 0.00192459 0.000335299 4.14698e-05 3.69814e-06 2.37067e-07 1.0873e-08 3.54882e-10 8.06785e-12
 1.25073e-09 7.92932e-08 2.96411e-06 6.53347e-05 0.000849172 0.00650907 0.0294487 0.0789709 0.128232 0.138963 0.133994 0.144322 0.139007 0.101612 0.0588465 0.0273679 0.0093051 0.00213585 0.000329228 3.57095e-05 2.86096e-06 1.70003e-07 7.23408e-09 2.12183e-10 4.18532e-12
 2.33675e-09 1.41134e-07 5.0262e-06 0.000105545 0.00130686 0.00954269 0.0411152 0.104833 0.160562 0.158551 0.128898 0.117919 0.108085 0.082195 0.0513151 0.024906 0.00844749 0.00189601 0.000284585 2.97885e-05 2.24332e-06 1.21273e-07 4.60972e-09 1.20904e-10 2.15344e-12
 3.53231e-09 2.03049e-07 6.88227e-06 0.000137547 0.00162097 0.0112659 0.0462119 0.112319 0.164993 0.160339 0.135734 0.127832 0.109425 0.071542 0.0370662 0.0155005 0.00480769 0.00102948 0.000151628 1.58212e-05 1.18589e-06 6.27952e-08 2.28697e-09 5.61515e-11 9.16683e-13
 5.68661e-09 3.1083e-07 1.0018e-05 0.000190383 0.00213342 0.0140992 0.0549949 0.127112 0.177614 0.164285 0.132454 0.118934 0.0977374 0.0621354 0.0314169 0.0125405 0.00357737 0.000674922 8.34746e-05 7.06846e-06 4.35108e-07 2.00001e-08 6.69743e-10 1.56101e-11 2.43723e-13
 6.75728e-09 3.50915e-07 1.07453e-05 0.000194013 0.00206567 0.0129731 0.0481356 0.106362 0.145492 0.143998 0.142478 0.147728 0.122316 0.0745612 0.0357538 0.0135187 0.00366544 0.000661665 7.87642e-05 6.38132e-06 3.64278e-07 1.47722e-08 4.19275e-10 8.19605e-12 1.09205e-13
 1.18046e-08 5.81981e-07 1.69182e-05 0.000289994 0.00293116 0.017475 0.0615307 0.128809 0.165602 0.149731 0.131029 0.125086 0.102177 0.0652265 0.0333177 0.0128185 0.00333991 0.000555633 5.88456e-05 4.11089e-06 1.99731e-07 7.00016e-09 1.76289e-10 3.09491e-12 3.67356e-14
 1.74208e-08 8.14799e-07 2.2471e-05 0.000365417 0.00350412 0.0198219 0.0662605 0.132053 0.163689 0.148919 0.137172 0.131113 0.100416 0.0579639 0.0265825 0.00938825 0.00231226 0.000374009 3.96879e-05 2.84759e-06 1.41813e-07 4.89634e-09 1.14825e-10 1.79682e-12 1.8633e-14
 2.69131e-08 1.19348e-06 3.1207e-05 0.000481156 0.0043747 0.0234646 0.0743954 0.140816 0.166768 0.147636 0.134514 0.125576 0.0937342 0.0534794 0.0242355 0.00826173 0.00191545 0.000286218 2.76282e-05 1.78831e-06 8.10713e-08 2.61801e-09 5.91536e-11 9.06503e-13 9.17818e-15
 3.87355e-08 1.62781e-06 4.03356e-05 0.000589348 0.00507807 0.0258167 0.077647 0.139969 0.160601 0.144708 0.13841 0.129275 0.0937111 0.0519237 0.0228185 0.00748132 0.00166413 0.000240434 2.27672e-05 1.46158e-06 6.52953e-08 2.02587e-09 4.2755e-11 6.0218e-13 5.59896e-15
 5.54994e-08 2.20926e-06 5.18558e-05 0.00071771 0.00585816 0.0282183 0.0804866 0.138195 0.15382 0.140846 0.139546 0.130523 0.0946686 0.0535338 0.0238624 0.00773064 0.00167719 0.000237996 2.25516e-05 1.47297e-06 6.70736e-08 2.09609e-09 4.38678e-11 6.03864e-13 5.40685e-15
 7.58755e-08 2.86013e-06 6.35712e-05 0.00083319 0.00644056 0.029392 0.0795753 0.130839 0.144423 0.141006 0.148915 0.138291 0.096798 0.0525984 0.0223687 0.00685026 0.00139785 0.00018647 1.667e-05 1.03569e-06 4.53965e-08 1.38256e-09 2.84684e-11 3.87273e-13 3.4218e-15
 1.25744e-07 4.48738e-06 9.44257e-05 0.00117164 0.00857419 0.0370419 0.0949099 0.147463 0.152843 0.138455 0.136711 0.122468 0.0856377 0.0473049 0.0200596 0.00594593 0.00115525 0.000146034 1.2367e-05 7.27029e-07 3.00511e-08 8.60421e-10 1.66579e-11 2.13832e-13 1.79322e-15
 1.9449e-07 6.56995e-06 0.000130864 0.00153705 0.0106481 0.0435559 0.105772 0.15645 0.156876 0.141153 0.136629 0.115507 0.0744518 0.0375977 0.0147178 0.0041003 0.000762929 9.41528e-05 7.90643e-06 4.62015e-07 1.87348e-08 5.16303e-10 9.4725e-12 1.14113e-13 8.93329e-16
 2.72747e-07 8.72078e-06 0.000164417 0.00182792 0.0119875 0.0464438 0.107092 0.152087 0.152226 0.144544 0.143541 0.117604 0.0719421 0.034204 0.0124965 0.0032172 0.000546667 6.07755e-05 4.55697e-06 2.39291e-07 8.91545e-09 2.31457e-10 4.0641e-12 4.70461e-14 3.52326e-16
 3.73606e-07 1.13068e-05 0.000201774 0.00212336 0.0131828 0.0483854 0.106034 0.145117 0.146283 0.146634 0.148587 0.120134 0.0729229 0.0345167 0.0123091 0.0030217 0.000482576 4.99435e-05 3.44915e-06 1.64609e-07 5.50545e-09 1.27487e-10 1.99994e-12 2.08663e-14 1.4269e-16
 5.76379e-07 1.65116e-05 0.000278912 0.00277834 0.0163284 0.0567419 0.117818 0.153219 0.147935 0.14305 0.1398 0.110208 0.0665069 0.031362 0.0109335 0.0025835 0.000396359 3.9689e-05 2.67194e-06 1.2403e-07 3.97407e-09 8.63068e-11 1.2454e-12 1.17816e-14 7.23958e-17
 8.30519e-07 2.25229e-05 0.000360164 0.00339649 0.0189005 0.0622358 0.122865 0.15404 0.148865 0.147247 0.141054 0.105181 0.0592178 0.0259729 0.00845809 0.00188085 0.000274026 2.6334e-05 1.71787e-06 7.76068e-08 2.41538e-09 5.06899e-11 7.02298e-13 6.328e-15 3.66647e-17
 1.08971e-06 2.79791e-05 0.000423607 0.0037825 0.0199366 0.0622771 0.117454 0.144618 0.146516 0.155103 0.149157 0.1079 0.0586894 0.0247014 0.0076054 0.0015769 0.000211792 1.85767e-05 1.09987e-06 4.5273e-08 1.30025e-09 2.55457e-11 3.34801e-13 2.86813e-15 1.58133e-17
 1.51275e-06 3.67782e-05 0.000527265 0.0044584 0.022259 0.0659443 0.118596 0.142069 0.145696 0.156569 0.148377 0.105725 0.0572934 0.0238105 0.00706366 0.00138411 0.000173705 1.41144e-05 7.6705e-07 2.87145e-08 7.45095e-10 1.31942e-11 1.56115e-13 1.2136e-15 6.11763e-18
#pred catch len freq
 1.28608e-12 1.39592e-10 8.93389e-09 3.37145e-07 7.50277e-06 9.84981e-05 0.000764389 0.00354249 0.0102933 0.022525 0.0507432 0.112246 0.180577 0.190603 0.143898 0.0952873 0.0624636 0.0400163 0.0258509 0.0176085 0.0129951 0.0105741 0.009005 0.00689019 0.00400936
 1.14693e-12 1.24488e-10 7.96729e-09 3.0067e-07 6.69137e-06 8.78665e-05 0.000682697 0.00318278 0.00950339 0.0227096 0.0577547 0.135117 0.218043 0.221722 0.149359 0.0799287 0.0427397 0.0241564 0.013849 0.00798468 0.00480969 0.00322344 0.00240188 0.00173542 0.00100239
 4.62659e-13 5.02173e-11 3.21395e-09 1.21295e-07 2.70009e-06 3.55025e-05 0.000277688 0.00133738 0.0045683 0.0151139 0.051766 0.135064 0.224085 0.231108 0.159679 0.0883711 0.0459611 0.0223448 0.0102903 0.00485515 0.00239634 0.0012627 0.000749268 0.000472107 0.000258267
 4.68664e-12 5.0869e-10 3.25561e-08 1.22857e-06 2.73378e-05 0.000358721 0.00277688 0.0127077 0.0347411 0.0596497 0.0776223 0.105342 0.144311 0.157557 0.13994 0.11247 0.0773401 0.0424157 0.0194403 0.00799582 0.00311687 0.00124266 0.00054643 0.000269038 0.000128729
 1.4743e-11 1.60022e-09 1.02414e-07 3.86477e-06 8.59962e-05 0.00112832 0.00873037 0.0398584 0.107678 0.174592 0.181516 0.151485 0.134661 0.109686 0.0613792 0.0215901 0.00523552 0.00136699 0.000580893 0.000267558 0.000103603 3.46216e-05 1.10703e-05 3.80675e-06 1.40312e-06
 1.26038e-11 1.36802e-09 8.75533e-08 3.30399e-06 7.35184e-05 0.00096462 0.0074643 0.0340914 0.092281 0.151098 0.163958 0.154219 0.156093 0.133654 0.0749873 0.0253797 0.00508809 0.000601997 4.20046e-05 1.72823e-06 4.19288e-08 6.0005e-10 5.1402e-12 4.60761e-14 5.36899e-15
 1.57197e-11 1.70623e-09 1.09198e-07 4.1208e-06 9.16931e-05 0.00120306 0.00930845 0.0424922 0.11472 0.185416 0.189993 0.151517 0.126894 0.10033 0.0552151 0.018614 0.00372884 0.000441127 3.07832e-05 1.26716e-06 3.07979e-08 4.43428e-10 3.82742e-12 2.06001e-14 7.69465e-17
 1.56669e-11 1.7005e-09 1.08831e-07 4.10696e-06 9.13852e-05 0.00119902 0.00927721 0.0423499 0.11434 0.184834 0.189552 0.151563 0.127389 0.100894 0.0555501 0.0187285 0.00375181 0.00044383 3.09675e-05 1.27411e-06 3.09108e-08 4.42173e-10 3.72963e-12 1.85508e-14 5.44129e-17
 1.52281e-11 1.65287e-09 1.05783e-07 3.99193e-06 8.88257e-05 0.00116544 0.0090175 0.0411668 0.11118 0.180001 0.185886 0.151943 0.131501 0.105587 0.0583345 0.0196813 0.00394324 0.000466488 3.25486e-05 1.33916e-06 3.2489e-08 4.64746e-10 3.91996e-12 1.94962e-14 5.71728e-17
 1.47243e-11 1.59819e-09 1.02284e-07 3.85987e-06 8.58872e-05 0.00112689 0.00871934 0.0398086 0.107552 0.174453 0.181676 0.15238 0.136222 0.110975 0.0615313 0.0207752 0.00416301 0.000492501 3.43638e-05 1.41385e-06 3.43009e-08 4.90666e-10 4.13859e-12 2.05836e-14 6.03622e-17
 1.51376e-11 1.64304e-09 1.05154e-07 3.96821e-06 8.82977e-05 0.00115852 0.00896393 0.0409228 0.110528 0.179004 0.185129 0.152022 0.132349 0.106555 0.0589089 0.0198779 0.00398273 0.000471162 3.28747e-05 1.35258e-06 3.28146e-08 4.69403e-10 3.95924e-12 1.96916e-14 5.77457e-17
 1.65182e-11 1.79289e-09 1.14745e-07 4.33011e-06 9.63503e-05 0.00126416 0.00978101 0.0446449 0.12047 0.19421 0.196664 0.150825 0.119412 0.0917906 0.0501485 0.0168802 0.00338047 0.000399875 2.79003e-05 1.14791e-06 2.78491e-08 3.98374e-10 3.36013e-12 1.67119e-14 4.90077e-17
 1.66672e-11 1.80907e-09 1.1578e-07 4.36918e-06 9.72197e-05 0.00127557 0.00986922 0.0450467 0.121543 0.195851 0.19791 0.150696 0.118015 0.0901966 0.0492028 0.0165566 0.00331545 0.000392179 2.73633e-05 1.12581e-06 2.7313e-08 3.90705e-10 3.29545e-12 1.63902e-14 4.80643e-17
 1.63483e-11 1.77445e-09 1.13565e-07 4.28558e-06 9.53595e-05 0.00125116 0.00968047 0.0441869 0.119246 0.192339 0.195245 0.150972 0.121004 0.0936072 0.0512264 0.0172491 0.00345457 0.000408647 2.85124e-05 1.17309e-06 2.84601e-08 4.07113e-10 3.43385e-12 1.70785e-14 5.00828e-17
 1.6644e-11 1.80655e-09 1.15619e-07 4.3631e-06 9.70845e-05 0.0012738 0.0098555 0.0449842 0.121376 0.195596 0.197716 0.150716 0.118233 0.0904445 0.0493498 0.0166069 0.00332556 0.000393376 2.74468e-05 1.12925e-06 2.73964e-08 3.91898e-10 3.30551e-12 1.64402e-14 4.8211e-17
 1.68873e-11 1.83296e-09 1.17309e-07 4.42688e-06 9.85036e-05 0.00129241 0.0099995 0.0456402 0.123128 0.198276 0.199749 0.150505 0.115953 0.0878425 0.047806 0.0160786 0.00321942 0.000380813 2.65701e-05 1.09318e-06 2.65213e-08 3.7938e-10 3.19993e-12 1.59151e-14 4.66711e-17
 1.71603e-11 1.86259e-09 1.19205e-07 4.49844e-06 0.000100096 0.0013133 0.0101611 0.0463762 0.125094 0.201282 0.20203 0.150268 0.113394 0.0849229 0.0460737 0.0154859 0.00310033 0.000366717 2.55865e-05 1.05271e-06 2.55394e-08 3.65335e-10 3.08146e-12 1.53259e-14 4.49432e-17
 1.87166e-11 2.03151e-09 1.30016e-07 4.90641e-06 0.000109174 0.0014324 0.0110822 0.0505721 0.136302 0.218423 0.215033 0.148919 0.0988104 0.0682786 0.036198 0.0121066 0.0024214 0.000286355 1.99787e-05 8.21984e-07 1.99419e-08 2.85263e-10 2.40608e-12 1.19668e-14 3.50928e-17
 1.83989e-11 1.99702e-09 1.27809e-07 4.82311e-06 0.00010732 0.00140808 0.0108941 0.0497154 0.134013 0.214923 0.212378 0.149194 0.101788 0.0716771 0.0382145 0.0127966 0.00256003 0.000302764 2.11238e-05 8.69095e-07 2.10848e-08 3.01612e-10 2.54399e-12 1.26527e-14 3.71041e-17
 1.91171e-11 2.07498e-09 1.32799e-07 5.0114e-06 0.00011151 0.00146305 0.0113192 0.051652 0.139186 0.222834 0.21838 0.148571 0.0950572 0.0639952 0.0336565 0.0112369 0.00224668 0.000265674 1.85356e-05 7.62606e-07 1.85013e-08 2.64656e-10 2.23227e-12 1.11024e-14 3.25578e-17
 1.91688e-11 2.08059e-09 1.33157e-07 5.02495e-06 0.000111811 0.001467 0.0113498 0.0517913 0.139558 0.223404 0.218812 0.148527 0.094573 0.0634426 0.0333287 0.0111248 0.00222414 0.000263006 1.83494e-05 7.54947e-07 1.83155e-08 2.61998e-10 2.20985e-12 1.09909e-14 3.22308e-17
 1.86346e-11 2.02261e-09 1.29447e-07 4.88492e-06 0.000108695 0.00142613 0.0110336 0.0503511 0.135711 0.21752 0.214348 0.14899 0.0995787 0.0691555 0.0367183 0.0122846 0.00245717 0.000290589 2.02742e-05 8.34139e-07 2.02367e-08 2.89481e-10 2.44166e-12 1.21438e-14 3.56118e-17
 1.94481e-11 2.1109e-09 1.35097e-07 5.09815e-06 0.00011344 0.00148837 0.0115151 0.0525441 0.141569 0.226479 0.221145 0.148285 0.0919563 0.0604562 0.0315567 0.0105184 0.00210232 0.000248588 1.73433e-05 7.13549e-07 1.73111e-08 2.47631e-10 2.08867e-12 1.03882e-14 3.04634e-17
 1.92064e-11 2.08467e-09 1.33419e-07 5.03481e-06 0.000112031 0.00146988 0.0113721 0.0518927 0.139829 0.223818 0.219126 0.148494 0.0942205 0.0630404 0.03309 0.0110431 0.00220773 0.000261064 1.82139e-05 7.4937e-07 1.81802e-08 2.60063e-10 2.19353e-12 1.09097e-14 3.19927e-17
 1.89113e-11 2.05264e-09 1.31369e-07 4.95745e-06 0.000110309 0.0014473 0.0111974 0.0510971 0.137704 0.220568 0.21666 0.14875 0.0969858 0.0661963 0.0349625 0.0116838 0.00233646 0.000276301 1.92772e-05 7.93118e-07 1.92415e-08 2.75245e-10 2.32159e-12 1.15466e-14 3.38604e-17
 1.98781e-11 2.15758e-09 1.38085e-07 5.21088e-06 0.000115948 0.00152128 0.0117696 0.0537036 0.144666 0.231216 0.224738 0.147912 0.0879263 0.0558569 0.0288278 0.00958464 0.00191471 0.000226381 1.57937e-05 6.49793e-07 1.57644e-08 2.25505e-10 1.90205e-12 9.45997e-15 2.77414e-17
 2.05753e-11 2.23325e-09 1.42927e-07 5.39364e-06 0.000120015 0.00157463 0.0121822 0.0555832 0.149686 0.238894 0.230563 0.147307 0.0813933 0.0484011 0.024404 0.00807087 0.00161058 0.000190383 1.32817e-05 5.46438e-07 1.32569e-08 1.89636e-10 1.59951e-12 7.95527e-15 2.33289e-17
 1.99955e-11 2.17032e-09 1.389e-07 5.24167e-06 0.000116633 0.00153027 0.0118391 0.0540202 0.145511 0.232509 0.225719 0.14781 0.0868259 0.0546011 0.0280826 0.00932965 0.00186348 0.000220318 1.53706e-05 6.32383e-07 1.5342e-08 2.19463e-10 1.85109e-12 9.20651e-15 2.69982e-17
#obs catch len freq
 4.20139e-11 3.8937e-09 2.12774e-07 6.85588e-06 0.000130256 0.00145928 0.00964202 0.0376124 0.0870952 0.12314 0.120716 0.114633 0.124378 0.120984 0.0988299 0.0729033 0.0471539 0.025231 0.0109836 0.00382342 0.00103378 0.0002097 3.06802e-05 3.11495e-06 2.12406e-07
 6.85911e-11 6.13106e-09 3.23139e-07 1.00423e-05 0.000184019 0.00198837 0.0126707 0.0476569 0.106259 0.143669 0.130956 0.110371 0.109952 0.106287 0.0898952 0.066788 0.0409648 0.0202644 0.00833901 0.00282921 0.000746926 0.00014496 1.98556e-05 1.86051e-06 1.16141e-07
 4.01636e-11 3.45661e-09 1.75411e-07 5.2487e-06 9.26078e-05 0.000963618 0.00591759 0.0215315 0.0473759 0.0693551 0.0903655 0.132522 0.172191 0.165369 0.126018 0.0844543 0.0485455 0.0228461 0.0088295 0.00278453 0.000688879 0.000126734 1.64692e-05 1.45112e-06 8.42012e-08
 2.09693e-11 1.73479e-09 8.46251e-08 2.43413e-06 4.12857e-05 0.000413028 0.00244046 0.00857799 0.0186011 0.0290837 0.0466329 0.083956 0.133071 0.176 0.192726 0.158642 0.0923197 0.0393594 0.0133651 0.00376028 0.000845752 0.000142937 1.71952e-05 1.4107e-06 7.63532e-08
 3.8595e-10 3.06461e-08 1.43485e-06 3.96119e-05 0.00064481 0.00618905 0.0350273 0.116894 0.230062 0.267255 0.184112 0.0775174 0.0246515 0.0134251 0.0140677 0.0132931 0.00938028 0.00490049 0.00188337 0.00052899 0.000109035 1.64608e-05 1.77767e-06 1.32327e-07 6.55307e-09
 2.61906e-10 1.99317e-08 8.944e-07 2.3665e-05 0.000369216 0.003397 0.0184413 0.0592411 0.11431 0.142324 0.146012 0.164125 0.167378 0.115583 0.0494846 0.0138606 0.00346992 0.00125319 0.000517688 0.000165783 3.67802e-05 5.5222e-06 5.57272e-07 3.75481e-08 1.66945e-09
 6.7068e-10 4.88517e-08 2.09812e-06 5.31337e-05 0.000793409 0.00698587 0.0362726 0.111116 0.20132 0.218543 0.151602 0.0861918 0.0603437 0.0506961 0.0395263 0.0238825 0.00971964 0.00248882 0.00040672 4.93338e-05 5.9955e-06 7.53759e-07 7.42896e-08 4.89296e-09 2.06062e-10
 7.8841e-10 5.48944e-08 2.25367e-06 5.45559e-05 0.00077873 0.0065547 0.0325453 0.095491 0.167099 0.182503 0.14896 0.126727 0.110169 0.0732543 0.0352017 0.0138888 0.00492527 0.00146256 0.000326049 5.07321e-05 5.31292e-06 3.81486e-07 2.05367e-08 9.06592e-10 3.1579e-11
 1.20311e-09 7.99783e-08 3.13492e-06 7.24551e-05 0.000987426 0.00793522 0.0376156 0.105352 0.175812 0.182311 0.139374 0.111049 0.0961059 0.0708612 0.0425191 0.0206116 0.00731474 0.00175269 0.000285229 3.4128e-05 3.23843e-06 2.38159e-07 1.24454e-08 4.35485e-10 1.0114e-11
 1.61768e-09 1.02557e-07 3.83375e-06 8.45028e-05 0.00109829 0.00841782 0.0380665 0.101834 0.163344 0.167574 0.138225 0.125202 0.110923 0.0766663 0.0417423 0.0186409 0.00636069 0.0015291 0.000255242 3.02491e-05 2.5794e-06 1.57629e-07 6.87045e-09 2.12244e-10 4.54457e-12
 1.97879e-09 1.19515e-07 4.25626e-06 8.93771e-05 0.0011067 0.0080818 0.0348373 0.0890415 0.13804 0.143755 0.134811 0.14095 0.1309 0.0927809 0.0523866 0.0235801 0.00767793 0.00168129 0.000247687 2.57551e-05 1.97744e-06 1.12076e-07 4.52282e-09 1.25233e-10 2.32389e-12
 3.69074e-09 2.12156e-07 7.19096e-06 0.000143716 0.00169365 0.0117704 0.0482695 0.117168 0.171012 0.16159 0.126977 0.11275 0.100063 0.0740679 0.0449913 0.0210127 0.00679906 0.0014533 0.000208185 2.08371e-05 1.4986e-06 7.70767e-08 2.77626e-09 6.87543e-11 1.15226e-12
 5.62733e-09 3.0759e-07 9.91355e-06 0.000188398 0.00211119 0.0139524 0.0544241 0.125816 0.175964 0.163397 0.133058 0.120485 0.0989908 0.0625907 0.031562 0.0127638 0.00379076 0.000774552 0.000108971 1.08664e-05 7.76315e-07 3.90091e-08 1.3429e-09 3.10676e-11 4.76542e-13
 9.0458e-09 4.69761e-07 1.43845e-05 0.000259717 0.00276511 0.0173619 0.064344 0.141336 0.187858 0.165861 0.128455 0.110784 0.0873814 0.0537317 0.026389 0.010144 0.00275768 0.00049392 5.80913e-05 4.69627e-06 2.76503e-07 1.21182e-08 3.84594e-10 8.44894e-12 1.23832e-13
 1.10765e-08 5.46083e-07 1.58746e-05 0.000272108 0.00275042 0.0163989 0.0577687 0.121215 0.157569 0.148453 0.139893 0.138005 0.109227 0.0642892 0.0299091 0.0108819 0.00281058 0.000481509 5.44595e-05 4.20125e-06 2.28352e-07 8.7921e-09 2.36088e-10 4.35282e-12 5.45412e-14
 1.91851e-08 8.97322e-07 2.47468e-05 0.000402424 0.00385889 0.0218259 0.0729113 0.14483 0.17676 0.151879 0.12639 0.114899 0.0900411 0.0556571 0.0274853 0.0101061 0.00249489 0.000392292 3.93293e-05 2.60981e-06 1.20748e-07 4.02561e-09 9.60317e-11 1.58963e-12 1.77248e-14
 2.85119e-08 1.26437e-06 3.30608e-05 0.000509737 0.00463451 0.0248565 0.0787823 0.148876 0.174977 0.150795 0.131291 0.118898 0.0870288 0.0485216 0.0215247 0.00728017 0.00170208 0.000260698 2.62318e-05 1.78777e-06 8.45082e-08 2.76084e-09 6.10545e-11 8.98728e-13 8.7504e-15
 4.39787e-08 1.84815e-06 4.57953e-05 0.000669114 0.00576514 0.0293038 0.0880463 0.157934 0.177211 0.148385 0.127559 0.112793 0.0805496 0.0444024 0.0194158 0.00631671 0.0013864 0.000195732 1.7885e-05 1.09918e-06 4.73622e-08 1.45005e-09 3.09279e-11 4.45616e-13 4.22901e-15
 6.33875e-08 2.52327e-06 5.9226e-05 0.000819709 0.00669041 0.0322199 0.0917975 0.156762 0.170368 0.14517 0.131063 0.116045 0.0805407 0.0431158 0.0182588 0.00570623 0.0012013 0.000164074 1.47155e-05 8.96392e-07 3.79676e-08 1.1133e-09 2.21289e-11 2.92766e-13 2.55147e-15
 9.21084e-08 3.47202e-06 7.71713e-05 0.00101142 0.00781747 0.0356578 0.0963017 0.15649 0.16445 0.141169 0.130822 0.115747 0.0804974 0.0439713 0.0188236 0.00579656 0.0011895 0.000159699 1.4348e-05 8.89124e-07 3.8323e-08 1.12933e-09 2.22148e-11 2.86722e-13 2.40218e-15
 1.27368e-07 4.54535e-06 9.56455e-05 0.00118678 0.00868501 0.0375218 0.0961527 0.14949 0.155319 0.141319 0.139174 0.122241 0.0820385 0.0430161 0.0175387 0.00509865 0.000983354 0.000124069 1.05172e-05 6.20192e-07 2.5743e-08 7.39449e-10 1.43069e-11 1.82339e-13 1.50574e-15
 2.08971e-07 7.05913e-06 0.000140607 0.00165147 0.0114399 0.0467802 0.113426 0.16656 0.162259 0.136478 0.125256 0.106177 0.0713013 0.0379476 0.0153691 0.00431295 0.000791051 9.45237e-05 7.58616e-06 4.22949e-07 1.65408e-08 4.46394e-10 8.11783e-12 9.76121e-14 7.64941e-16
 3.23411e-07 1.03407e-05 0.000194956 0.00216738 0.0142114 0.0550174 0.126392 0.17646 0.165499 0.136854 0.122135 0.0973329 0.0601065 0.0292244 0.010935 0.00288765 0.000507884 5.93167e-05 4.7211e-06 2.61246e-07 9.99959e-09 2.59202e-10 4.46046e-12 5.02859e-14 3.67623e-16
 4.57324e-07 1.38404e-05 0.000246984 0.00259902 0.0161323 0.0591489 0.128974 0.172581 0.160591 0.138993 0.127054 0.0981394 0.0574732 0.026267 0.0091572 0.00223102 0.00035774 3.75839e-05 2.67011e-06 1.32943e-07 4.68421e-09 1.14516e-10 1.88611e-12 2.04174e-14 1.42642e-16
 6.32519e-07 1.81198e-05 0.000306077 0.00304887 0.0179164 0.0622283 0.128897 0.165843 0.154378 0.140227 0.130989 0.100092 0.0582203 0.02644 0.00897012 0.00207965 0.000313024 3.05769e-05 1.99778e-06 9.02583e-08 2.85169e-09 6.21634e-11 9.15014e-13 8.93336e-15 5.70247e-17
 9.7091e-07 2.63301e-05 0.00042104 0.00397034 0.0220876 0.0726342 0.14251 0.173963 0.154326 0.134273 0.120626 0.0899172 0.0519981 0.0234727 0.00776642 0.00173158 0.000250424 2.36778e-05 1.50759e-06 6.61467e-08 1.99761e-09 4.07545e-11 5.50967e-13 4.8728e-15 2.79378e-17
 1.40722e-06 3.61311e-05 0.000547017 0.00488389 0.0257278 0.0801616 0.149412 0.17515 0.15388 0.135639 0.119171 0.0839284 0.0452164 0.0189678 0.00586156 0.0012303 0.000169064 1.53495e-05 9.47072e-07 4.04168e-08 1.18448e-09 2.33278e-11 3.02487e-13 2.54528e-15 1.37456e-17
 1.88565e-06 4.5844e-05 0.000657217 0.00555658 0.0277265 0.0819304 0.145632 0.166465 0.150993 0.14152 0.125131 0.0855892 0.0445061 0.0178749 0.00521178 0.00101845 0.00012886 1.06679e-05 5.97224e-07 2.32344e-08 6.28853e-10 1.16005e-11 1.42296e-13 1.13801e-15 5.84504e-18
#spawning biomass
 26528 22327.2 16473.9 13967.2 22066.1 33102.9 63773 103009 118699 152624 154758 138188 170889 188162 206744 228072 214441 226120 242040 248565 219006 179693 222084 206149 250365 232156 243011 252272 242360 416793 185364 77688.3 37755.2 24655.5 20681.3 19537.9 19221 19135.5 19112.9 19107 19105.5 19105.1 19105 19105 19105 19105 19105 19105 19105 19105 19105 19105 19105 19105 19105 19105 19105 19105 19105 19105 19105 19105 19105 19105 19105 19105 19105 19105 19105 19105 19105 19105 19105 19105 19105 19105 19105 19105 19105 19105 19105 19105 19105 19105 19105 19105 19105 19105 19105 19105 19105 19105 19105 19105 19105 19105 19105 19105 19105 19105 19105 19105 19105 19105 19105 19105 19105 19105 19105 19105 19105 19105 19105 19105 19105 19105 19105 19105 19105 19105 19105 19105 19105 19105 19105 19105 19105 19105 0 0 0 0 0 0 0 0 0 0 0 0 0 0 0 0 0 0 0 0 0 0 0 0 0
