SBPRF35
0.16059
Curr Bio
181986
B35
176175
F35
1.09608
FOFL
1.09608
OFL
114962
Bzero
45882.4
#pred survey bio
 13920.3 13957.6 14843 16317 19127.4 23254.2 25586.3 31410.3 39887.4 52102.4 60246.4 73774.1 107863 131716 119583 99079.8 95697.9 96903.5 91785.7 87962.9 86847.2 90220.5 93033.7 98014.9 101018 107733 113546 99939 105142 4.72415e+06 3.94137e+06 1.91841e+06 976853 612131 460134 387710 349179 327365 314673 307219 302833 300257 298746 297857 297335 297037 296865 296767 296710 296677 296659 296648 296642 296638 296636 296635 296634 296634 296634 296633 296633 296633 296633 296633 296633 296633 296633 296633 296633 296633 296633 296633 296633 296633 296633 296633 296633 296633 296633 296633 296633 296633 296633 296633 296633 296633 296633 296633 296633 296633 296633 296633 296633 296633 296633 296633 296633 296633 296633 296633 296633 296633 296633 296633 296633 296633 296633 296633 296633 296633 296633 296633 296633 296633 296633 296633 296633 296633 296633 296633 296633 296633 296633 296633 296633 296633 296633 296633 296633 0 0 0 0 0 0 0 0 0 0 0 0 0 0 0 0 0 0 0 0 0 0 0 0 0
#obs survey bio
 12661.2 11439.3 15065.6 15085.8 19991.4 19295.6 23600.3 39402.6 44340.2 51248.9 60540.2 82857.1 112378 206888 122639 70044.1 92043.4 131148 99361.3 112654 92327.9 90829.9 85371.1 99118.6 81447.7 94251.6 111219 75348.4 101446
#pred catch bio
 6215.27 6899.32 7867.72 8947.79 10888.3 14760.8 15880.1 21650 27352.5 38116.4 45253.4 53477.9 83108.4 105871 99008.5 84246.7 83211.6 86415.5 83689.4 81471.8 81917.5 89407 91353.7 99314.9 103862 105814 117069 102660 38973.6 114962 99800.2 35965.8 14329.9 8344.37 6853.68 6507.22 6430.45 6414.02 6410.59 6409.88 6409.74 6409.71 6409.71 6409.71 6409.71 6409.71 6409.71 6409.71 6409.71 6409.71 6409.71 6409.71 6409.71 6409.71 6409.71 6409.71 6409.71 6409.71 6409.71 6409.71 6409.71 6409.71 6409.71 6409.71 6409.71 6409.71 6409.71 6409.71 6409.71 6409.71 6409.71 6409.71 6409.71 6409.71 6409.71 6409.71 6409.71 6409.71 6409.71 6409.71 6409.71 6409.71 6409.71 6409.71 6409.71 6409.71 6409.71 6409.71 6409.71 6409.71 6409.71 6409.71 6409.71 6409.71 6409.71 6409.71 6409.71 6409.71 6409.71 6409.71 6409.71 6409.71 6409.71 6409.71 6409.71 6409.71 6409.71 6409.71 6409.71 6409.71 6409.71 6409.71 6409.71 6409.71 6409.71 6409.71 6409.71 6409.71 6409.71 6409.71 6409.71 6409.71 6409.71 6409.71 6409.71 6409.71 6409.71 6409.71 6409.71 0 0 0 0 0 0 0 0 0 0 0 0 0 0 0 0 0 0 0 0 0 0 0 0 0
#obs catch bio
 6894.59 7104.35 8052.5 9184.04 11023.5 15192.2 16061.4 21530.6 26849.1 37355 45256.3 52813.6 81063.1 102534 99244.6 86811.8 83052 84836.4 83004.5 79701.5 79713 90152.2 90167 96305.1 103642 103736 115140 103283 38261
#pred cpue bio
 13804 13499.5 14300.2 15688.8 18027.6 22187.4 24307 29140.9 36614.9 48591.5 56299 66696.9 97013.1 124676 115655 93163.5 88003.4 90301.5 84985.9 80858.8 79283.9 80980.1 83225.8 88198.8 88972.7 95701.7 103271 90199.9 90874.7 4.61862e+06 4.25157e+06 1.93027e+06 972101 606673 454643 382217 343686 321872 309180 301726 297341 294764 293253 292364 291843 291544 291372 291274 291217 291185 291166 291155 291149 291145 291143 291142 291141 291141 291141 291141 291141 291141 291140 291140 291140 291140 291140 291140 291140 291140 291140 291140 291140 291140 291140 291140 291140 291140 291140 291140 291140 291140 291140 291140 291140 291140 291140 291140 291140 291140 291140 291140 291140 291140 291140 291140 291140 291140 291140 291140 291140 291140 291140 291140 291140 291140 291140 291140 291140 291140 291140 291140 291140 291140 291140 291140 291140 291140 291140 291140 291140 291140 291140 291140 291140 291140 291140 291140 291140 0 0 0 0 0 0 0 0 0 0 0 0 0 0 0 0 0 0 0 0 0 0 0 0 0
#obs cpue bio
 6669.79 7926.38 9742.97 12690.8 15716.9 14908.9 27602.8 32764.7 43300.2 68063.8 45134.3 88179.8 130418 138941 83859 77128.8 102813 103335 80886.6 100573 108583 60683.7 122967 157327 95469 150494 148067 110407 122542
#pred surv len freq
 2.56107e-27 2.58252e-27 2.78369e-26 5.33243e-20 1.30718e-14 3.87341e-10 1.38739e-06 0.000600688 0.0314378 0.198885 0.152543 0.0426538 0.217486 0.200739 0.0426302 0.0470297 0.0194542 0.0140049 0.00840447 0.00626972 0.00484895 0.0041467 0.0041219 0.00363519 0.00110762
 2.56248e-27 2.58671e-27 3.18014e-26 6.16888e-20 1.51223e-14 4.481e-10 1.60502e-06 0.000694912 0.0363692 0.230082 0.176311 0.039286 0.175162 0.162498 0.0508214 0.0752314 0.0263464 0.0122557 0.00555036 0.00315961 0.00199251 0.00145606 0.00127968 0.00112701 0.000376086
 2.5632e-27 2.5884e-27 3.30303e-26 6.42802e-20 1.57575e-14 4.66923e-10 1.67244e-06 0.000724103 0.037897 0.239747 0.183725 0.0414439 0.186373 0.172205 0.0409377 0.0504176 0.0214645 0.0155037 0.00547548 0.0019962 0.000865361 0.000483422 0.00035068 0.000289502 9.99564e-05
 2.56349e-27 2.58908e-27 3.35244e-26 6.5322e-20 1.60129e-14 4.74491e-10 1.69955e-06 0.000735839 0.0385112 0.243633 0.186703 0.0421106 0.189355 0.1749 0.040463 0.04846 0.0178535 0.00973606 0.00456708 0.00203981 0.000552729 0.000188441 9.72423e-05 6.88554e-05 2.3508e-05
 2.56483e-27 2.59264e-27 3.66016e-26 7.18133e-20 1.76042e-14 5.21643e-10 1.86844e-06 0.000808962 0.0423382 0.267843 0.205184 0.0417823 0.173872 0.160528 0.0364008 0.0427754 0.0155415 0.00802303 0.00303518 0.00125597 0.000453284 0.000106719 2.9402e-05 1.49973e-05 4.79118e-06
 2.56427e-27 2.591e-27 3.5026e-26 6.8489e-20 1.67893e-14 4.97496e-10 1.78195e-06 0.000771515 0.0403783 0.255445 0.19574 0.0432119 0.191387 0.176495 0.035704 0.0371344 0.0133378 0.00668188 0.00245517 0.000893056 0.000270813 7.4532e-05 1.35525e-05 3.52024e-06 9.40855e-07
 2.56457e-27 2.59177e-27 3.56838e-26 6.98766e-20 1.71294e-14 5.07575e-10 1.81805e-06 0.000787146 0.0411964 0.26062 0.199692 0.0432254 0.188713 0.174018 0.0351026 0.0363394 0.0123695 0.00520104 0.00185427 0.000651513 0.00017768 4.17165e-05 7.59377e-06 1.04025e-06 1.7555e-07
 2.56591e-27 2.59542e-27 3.88881e-26 7.66364e-20 1.87865e-14 5.56677e-10 1.99392e-06 0.000863293 0.0451817 0.285832 0.21893 0.0424219 0.169082 0.155878 0.0314511 0.0325679 0.011073 0.0046097 0.00150111 0.000457687 0.000119012 2.51373e-05 3.95818e-06 4.27105e-07 3.67401e-08
 2.56663e-27 2.59722e-27 4.03415e-26 7.97019e-20 1.95379e-14 5.78944e-10 2.07368e-06 0.000897825 0.0469889 0.297265 0.227672 0.0431705 0.168637 0.155207 0.0266429 0.0217427 0.00735999 0.00305373 0.00099081 0.000289871 6.50417e-05 1.24905e-05 1.74318e-06 1.57285e-07 8.44837e-09
 2.56586e-27 2.59508e-27 3.84235e-26 7.56555e-20 1.8546e-14 5.49552e-10 1.9684e-06 0.000852244 0.0446034 0.282173 0.216161 0.0439367 0.182556 0.16803 0.0285342 0.022797 0.00720122 0.00220628 0.000693103 0.000201857 4.3975e-05 7.44022e-06 9.08577e-07 7.06669e-08 2.89184e-09
 2.56575e-27 2.5948e-27 3.81684e-26 7.51175e-20 1.84142e-14 5.45644e-10 1.95441e-06 0.000846183 0.0442862 0.280167 0.21463 0.0440212 0.184274 0.169617 0.0288506 0.023117 0.00726735 0.00215442 0.000597229 0.000135842 2.86374e-05 4.70065e-06 5.07762e-07 3.38099e-08 1.14891e-09
 2.56739e-27 2.59923e-27 4.20828e-26 8.33751e-20 2.04384e-14 6.05626e-10 2.16925e-06 0.000939203 0.0491545 0.310965 0.238129 0.0429092 0.159302 0.146561 0.0245435 0.0190951 0.00600258 0.00178295 0.000489431 0.000103989 1.74877e-05 2.51854e-06 2.59812e-07 1.52119e-08 4.36156e-10
 2.56766e-27 2.59994e-27 4.26686e-26 8.46109e-20 2.07413e-14 6.14603e-10 2.2014e-06 0.000953124 0.0498831 0.315574 0.241651 0.0430642 0.158007 0.145291 0.0229584 0.0157945 0.00492395 0.00141424 0.000386859 8.20418e-05 1.31909e-05 1.57713e-06 1.35503e-07 7.33632e-09 1.83496e-10
 2.56522e-27 2.59323e-27 3.66688e-26 7.19536e-20 1.76385e-14 5.22662e-10 1.87209e-06 0.000810542 0.0424208 0.268366 0.205641 0.0453757 0.200897 0.184754 0.0278494 0.0170068 0.00516738 0.00128517 0.000340812 7.02611e-05 1.12392e-05 1.29525e-06 9.38471e-08 4.18258e-09 9.39097e-11
 2.56385e-27 2.58959e-27 3.35151e-26 6.53008e-20 1.60077e-14 4.74337e-10 1.699e-06 0.0007356 0.0384987 0.243554 0.186701 0.0457682 0.217191 0.199927 0.0330259 0.0249869 0.00748816 0.00163046 0.000405279 7.36433e-05 1.12992e-05 1.27829e-06 8.88833e-08 3.35905e-09 6.2201e-11
 2.56543e-27 2.59391e-27 3.7375e-26 7.34437e-20 1.80038e-14 5.33486e-10 1.91086e-06 0.000827328 0.0432994 0.273924 0.209868 0.044307 0.189795 0.174707 0.0296505 0.0236546 0.00734651 0.00202296 0.000503696 8.05584e-05 1.10221e-05 1.13918e-06 7.67525e-08 2.7508e-09 4.33596e-11
 2.56667e-27 2.59722e-27 4.02263e-26 7.94585e-20 1.94783e-14 5.77177e-10 2.06735e-06 0.000895084 0.0468455 0.296357 0.226994 0.0440918 0.176124 0.161939 0.0246337 0.0154246 0.0048179 0.00141266 0.000378375 7.32861e-05 9.54742e-06 8.58689e-07 5.16441e-08 1.76072e-09 2.59974e-11
 2.56608e-27 2.59556e-27 3.87028e-26 7.62444e-20 1.86904e-14 5.5383e-10 1.98372e-06 0.000858877 0.0449505 0.28437 0.217855 0.0449967 0.189432 0.174122 0.0250342 0.0132575 0.00395329 0.000881269 0.000231202 4.81165e-05 7.23822e-06 6.98451e-07 3.69742e-08 1.11021e-09 1.5342e-11
 2.5664e-27 2.59641e-27 3.94679e-26 7.78583e-20 1.9086e-14 5.65553e-10 2.02572e-06 0.000877058 0.045902 0.290389 0.222447 0.0447175 0.184081 0.1692 0.0244531 0.0131663 0.00384682 0.000717373 0.000168121 2.78273e-05 4.23562e-06 4.60992e-07 2.71133e-08 7.45047e-10 9.03615e-12
 2.56677e-27 2.59741e-27 4.03356e-26 7.96887e-20 1.95347e-14 5.78849e-10 2.07334e-06 0.000897677 0.0469812 0.297216 0.227658 0.0445911 0.179458 0.164902 0.0230993 0.0111618 0.00325711 0.00061571 0.000138963 1.92093e-05 2.39185e-06 2.33571e-07 1.51258e-08 4.60883e-10 5.28977e-12
 2.56711e-27 2.59832e-27 4.11278e-26 8.13599e-20 1.99444e-14 5.90988e-10 2.11682e-06 0.000916503 0.0479664 0.303449 0.232415 0.0444363 0.174938 0.160712 0.0220168 0.00974624 0.00280505 0.000475921 0.000105178 1.45449e-05 1.62831e-06 1.27288e-07 7.0459e-09 2.268e-10 2.85361e-12
 2.56787e-27 2.60038e-27 4.29493e-26 8.52025e-20 2.08864e-14 6.189e-10 2.2168e-06 0.000959788 0.0502319 0.317781 0.243349 0.0438935 0.163124 0.149809 0.0200686 0.00804762 0.00229056 0.000356742 7.55012e-05 9.48725e-06 1.03887e-06 7.6232e-08 3.41866e-09 9.22051e-11 1.18094e-12
 2.56804e-27 2.60082e-27 4.33118e-26 8.59672e-20 2.10738e-14 6.24455e-10 2.23669e-06 0.000968402 0.0506827 0.320633 0.245529 0.0440082 0.162466 0.149147 0.0189733 0.00571702 0.00159584 0.000225899 4.58226e-05 5.29914e-06 5.37679e-07 3.67184e-08 1.55254e-09 3.47087e-11 3.70983e-13
 2.56779e-27 2.60014e-27 4.27069e-26 8.46912e-20 2.0761e-14 6.15186e-10 2.20349e-06 0.000954029 0.0499304 0.315874 0.241898 0.0442141 0.166583 0.152943 0.0195709 0.00612199 0.0016827 0.000186728 3.42098e-05 3.60853e-06 3.41231e-07 2.1222e-08 8.23355e-10 1.70638e-11 1.54162e-13
 2.56867e-27 2.60254e-27 4.48423e-26 8.9196e-20 2.18653e-14 6.47909e-10 2.3207e-06 0.00100477 0.0525863 0.332675 0.254716 0.043485 0.152029 0.139533 0.0175514 0.00489394 0.00134018 0.000152711 2.73229e-05 2.29913e-06 1.90627e-07 1.07388e-08 3.78303e-10 7.11908e-12 5.87781e-14
 2.56834e-27 2.60163e-27 4.40212e-26 8.74638e-20 2.14407e-14 6.35326e-10 2.27563e-06 0.000985261 0.051565 0.326215 0.249789 0.0438907 0.158579 0.145538 0.0179233 0.0042306 0.00114152 0.000118557 2.04594e-05 1.74907e-06 1.32609e-07 5.99211e-09 1.85569e-10 3.13791e-12 2.33876e-14
 2.56733e-27 2.59888e-27 4.15791e-26 8.23119e-20 2.01778e-14 5.97903e-10 2.14159e-06 0.000927226 0.0485277 0.307 0.235129 0.0446628 0.174754 0.160458 0.0204448 0.00622194 0.00169021 0.000155339 2.49304e-05 1.95598e-06 1.4356e-07 6.2837e-09 1.61868e-10 2.28872e-12 1.51349e-14
 2.56768e-27 2.59981e-27 4.24054e-26 8.40549e-20 2.0605e-14 6.10564e-10 2.18694e-06 0.000946861 0.0495553 0.313501 0.24009 0.0444332 0.169522 0.155623 0.0194768 0.00523373 0.00142834 0.000158751 2.75188e-05 1.92835e-06 1.28646e-07 5.20253e-09 1.2927e-10 1.59289e-12 8.66202e-15
 2.56938e-27 2.60448e-27 4.65776e-26 9.28568e-20 2.27627e-14 6.74501e-10 2.41595e-06 0.00104601 0.0547445 0.346329 0.265132 0.0428545 0.139913 0.128377 0.0160433 0.00426325 0.00115612 0.000116626 1.97924e-05 1.64571e-06 1.15326e-07 4.12493e-09 9.30419e-11 1.07791e-12 5.25756e-15
#obs surv len freq
 1.2455e-41 1.72868e-33 2.90022e-26 5.88158e-20 1.4418e-14 4.27232e-10 1.53027e-06 0.000662556 0.0346755 0.219368 0.168239 0.0416953 0.170246 0.142565 0.0895559 0.0848411 0.0334221 0.012031 0.00241697 0.000267446 1.20519e-05 1.62575e-07 4.96361e-10 2.79654e-13 2.54323e-17
 1.55914e-41 2.16398e-33 3.63053e-26 7.36263e-20 1.80486e-14 5.34814e-10 1.91562e-06 0.000829396 0.0434073 0.274607 0.210454 0.0426195 0.141873 0.113083 0.0742267 0.0648009 0.0245163 0.00800921 0.0014315 0.00013514 4.95528e-06 5.1672e-08 1.17271e-10 4.79281e-14 3.11565e-18
 1.29173e-41 1.79284e-33 3.00786e-26 6.09988e-20 1.49531e-14 4.43089e-10 1.58707e-06 0.000687147 0.0359625 0.227511 0.174731 0.0516738 0.20362 0.149727 0.0733945 0.0556211 0.0201322 0.0059295 0.000931834 7.36446e-05 2.16048e-06 1.72894e-08 2.91247e-11 8.63637e-15 4.01757e-19
 1.55782e-41 2.16215e-33 3.62746e-26 7.35641e-20 1.80334e-14 5.34362e-10 1.914e-06 0.000828694 0.0433706 0.274376 0.210451 0.0474194 0.14994 0.109683 0.0846544 0.059476 0.0155703 0.00369375 0.000501572 3.26876e-05 7.53824e-07 4.56826e-09 5.67961e-12 1.22106e-15 4.06891e-20
 1.53943e-41 2.13663e-33 3.58465e-26 7.26959e-20 1.78206e-14 5.28055e-10 1.89141e-06 0.000818914 0.0428587 0.271139 0.20822 0.0553247 0.17999 0.118723 0.0639343 0.041681 0.0141206 0.00289907 0.000275546 1.39363e-05 2.48703e-07 1.12652e-09 1.02356e-12 1.58724e-16 3.78327e-21
 1.34827e-41 1.87131e-33 3.13951e-26 6.36687e-20 1.56076e-14 4.62483e-10 1.65654e-06 0.000717224 0.0375366 0.237471 0.182758 0.0611998 0.205353 0.131097 0.0835966 0.0467761 0.0111295 0.00215766 0.000199926 7.1609e-06 8.99126e-08 2.97256e-10 1.95405e-13 2.16907e-17 3.67872e-22
 1.56729e-41 2.1753e-33 3.64951e-26 7.40114e-20 1.8143e-14 5.37611e-10 1.92563e-06 0.000833733 0.0436343 0.276046 0.212185 0.0581011 0.165509 0.104882 0.0829332 0.0437298 0.0104683 0.00156246 0.000110138 3.4193e-06 3.11642e-08 6.93752e-11 3.17028e-14 2.48584e-18 2.97963e-23
 1.73183e-41 2.40367e-33 4.03265e-26 8.17814e-20 2.00477e-14 5.94051e-10 2.12779e-06 0.000921261 0.0482152 0.305027 0.234521 0.0628927 0.163675 0.0928328 0.0563007 0.0274424 0.00712163 0.000990631 5.63908e-05 1.26076e-06 8.80608e-09 1.42479e-11 4.38929e-15 2.31565e-19 1.90864e-24
 1.65899e-41 2.30257e-33 3.86304e-26 7.83416e-20 1.92045e-14 5.69065e-10 2.0383e-06 0.000882513 0.0461872 0.2922 0.225127 0.0712776 0.184747 0.0978882 0.0548038 0.022054 0.00426691 0.000534622 2.84395e-05 5.04964e-07 2.49299e-09 2.86999e-12 6.33285e-16 2.30976e-20 1.2821e-25
 1.53567e-41 2.13141e-33 3.57588e-26 7.2518e-20 1.77769e-14 5.26764e-10 1.88678e-06 0.000816911 0.0427539 0.270482 0.208986 0.0785899 0.199862 0.104638 0.0661583 0.0235668 0.00377933 0.000349938 1.41912e-05 2.1313e-07 8.25638e-10 6.73786e-13 1.02387e-16 2.60215e-21 1.01006e-26
 1.46858e-41 2.03829e-33 3.41965e-26 6.93499e-20 1.70003e-14 5.0375e-10 1.80435e-06 0.000781221 0.040886 0.258669 0.200403 0.0843014 0.204077 0.107264 0.0746148 0.0247796 0.00391607 0.000297362 8.60858e-06 9.08156e-08 2.66953e-10 1.665e-13 1.83011e-17 3.22249e-22 8.56788e-28
 1.88401e-41 2.61488e-33 4.38701e-26 8.89676e-20 2.18094e-14 6.46251e-10 2.31477e-06 0.00100221 0.0524519 0.331836 0.255887 0.0730176 0.140822 0.0735924 0.0523454 0.0162997 0.00256298 0.000176137 4.2513e-06 3.19036e-08 6.28855e-11 2.74288e-14 2.19833e-18 2.82252e-23 5.34486e-29
 1.57101e-41 2.18046e-33 3.65818e-26 7.41871e-20 1.81861e-14 5.38887e-10 1.93021e-06 0.000835713 0.0437379 0.27672 0.215505 0.102406 0.214078 0.0901208 0.042663 0.012007 0.00180766 0.000113536 2.44271e-06 1.48802e-08 2.12589e-11 6.21564e-15 3.32323e-19 2.93857e-24 3.94021e-30
 1.27136e-41 1.76457e-33 2.96043e-26 6.00369e-20 1.47173e-14 4.36102e-10 1.56205e-06 0.000676312 0.0353955 0.223953 0.176304 0.113738 0.233481 0.119495 0.0781141 0.0170202 0.00172867 9.17025e-05 1.73901e-06 8.96778e-09 1.02272e-11 2.21651e-15 8.22801e-20 4.87248e-25 4.35935e-31
 1.14957e-41 1.59553e-33 2.67684e-26 5.42857e-20 1.33075e-14 3.94326e-10 1.41241e-06 0.000611525 0.0320048 0.202511 0.160699 0.11752 0.22747 0.13503 0.0976204 0.0236812 0.0027442 0.000104948 1.38298e-06 5.67039e-09 5.21707e-12 8.84918e-16 2.47298e-20 1.0588e-25 6.61296e-32
 1.56047e-41 2.16583e-33 3.63363e-26 7.36892e-20 1.8064e-14 5.35271e-10 1.91725e-06 0.000830104 0.0434444 0.274879 0.215254 0.100686 0.165206 0.104144 0.0739054 0.019129 0.0024206 9.75856e-05 1.11689e-06 3.14633e-09 2.04231e-12 2.61076e-16 5.56292e-21 1.79295e-26 8.27488e-33
 1.40801e-41 1.95422e-33 3.27862e-26 6.64897e-20 1.62992e-14 4.82974e-10 1.72993e-06 0.000749002 0.0391999 0.248057 0.197822 0.136245 0.215625 0.0968852 0.0510802 0.0127003 0.0015691 6.45501e-05 7.37128e-07 1.85325e-09 9.01887e-13 7.87622e-17 1.16559e-21 2.71167e-27 9.20549e-34
 1.46046e-41 2.02703e-33 3.40076e-26 6.89667e-20 1.69064e-14 5.00967e-10 1.79438e-06 0.000776905 0.0406602 0.257305 0.20519 0.129904 0.189989 0.108061 0.0573346 0.00983337 0.000908783 3.39432e-05 3.63357e-07 8.48374e-10 3.63003e-13 2.54698e-17 2.75455e-22 4.42656e-28 1.02927e-34
 1.44251e-41 2.00212e-33 3.35896e-26 6.81191e-20 1.66986e-14 4.9481e-10 1.77233e-06 0.000767357 0.0401606 0.254174 0.204894 0.144429 0.195649 0.101207 0.0489485 0.00904037 0.000710074 1.80022e-05 1.48745e-07 2.95878e-10 1.09047e-13 6.4767e-18 5.72783e-23 7.18561e-29 1.24111e-35
 1.56049e-41 2.16586e-33 3.63367e-26 7.36902e-20 1.80643e-14 5.35278e-10 1.91728e-06 0.000830115 0.0434451 0.274971 0.221471 0.141356 0.174896 0.0946279 0.0414003 0.0065276 0.000462947 1.03733e-05 6.18153e-08 8.57886e-11 2.4029e-14 1.13843e-18 8.10487e-24 8.132e-30 1.10786e-36
 1.50389e-41 2.0873e-33 3.50188e-26 7.10173e-20 1.74091e-14 5.15862e-10 1.84774e-06 0.000800006 0.0418694 0.265056 0.217104 0.160724 0.184994 0.089602 0.0344829 0.00505565 0.000303846 5.61213e-06 2.76289e-08 2.89436e-11 5.62006e-15 1.85651e-19 9.64012e-25 7.29805e-31 7.61574e-38
 1.55427e-41 2.15723e-33 3.6192e-26 7.33967e-20 1.79923e-14 5.33146e-10 1.90964e-06 0.000826809 0.0432722 0.27397 0.225321 0.16048 0.17254 0.0891803 0.0305656 0.00365852 0.000181682 2.7572e-06 1.066e-08 8.66744e-12 1.27644e-15 3.04186e-20 1.09578e-25 5.7217e-32 4.19083e-39
 1.5596e-41 2.16463e-33 3.63161e-26 7.36484e-20 1.8054e-14 5.34974e-10 1.91619e-06 0.000829644 0.0434208 0.274979 0.229045 0.170909 0.170043 0.082252 0.0255374 0.00286471 0.000117233 1.37184e-06 4.08978e-09 2.52881e-12 2.7863e-16 4.9331e-21 1.30563e-26 4.90823e-33 2.53177e-40
 1.59255e-41 2.21035e-33 3.70832e-26 7.5204e-20 1.84354e-14 5.46274e-10 1.95666e-06 0.000847168 0.0443381 0.280853 0.235865 0.174005 0.16209 0.0782056 0.0215947 0.00212369 7.51818e-05 7.26779e-07 1.64688e-09 7.50082e-13 6.07651e-17 7.88137e-22 1.52006e-27 4.15132e-34 1.55157e-41
 1.58821e-41 2.20433e-33 3.69821e-26 7.4999e-20 1.83851e-14 5.44785e-10 1.95133e-06 0.000844859 0.0442176 0.280201 0.239164 0.184358 0.159913 0.072145 0.0175957 0.00151536 4.43139e-05 3.46345e-07 6.2073e-10 2.14114e-13 1.26368e-17 1.17638e-22 1.62716e-28 3.19144e-35 8.56583e-43
 1.37155e-41 1.90362e-33 3.19371e-26 6.47679e-20 1.58771e-14 4.70467e-10 1.68514e-06 0.000729606 0.0381864 0.242273 0.218591 0.216744 0.183263 0.0813367 0.0175422 0.00130088 3.15073e-05 1.97003e-07 2.73302e-10 7.17644e-14 3.17297e-18 2.16676e-23 2.15675e-29 3.00998e-36 5.72718e-44
 1.40018e-41 1.94336e-33 3.26038e-26 6.61199e-20 1.62085e-14 4.80288e-10 1.72031e-06 0.000744837 0.038984 0.247418 0.223501 0.205198 0.176759 0.0886503 0.0175819 0.00113758 2.25379e-05 1.11175e-07 1.18507e-10 2.34032e-14 7.67076e-19 3.85305e-24 2.80346e-30 2.83801e-37 3.88277e-45
 1.46677e-41 2.03578e-33 3.41545e-26 6.92646e-20 1.69794e-14 5.03131e-10 1.80213e-06 0.000780262 0.040838 0.259134 0.231928 0.202967 0.169101 0.0782774 0.0158943 0.00105894 1.92851e-05 8.20127e-08 7.29628e-11 1.18438e-14 3.16594e-19 1.28997e-24 7.58454e-31 6.19217e-38 6.82562e-46
 1.46679e-41 2.0358e-33 3.41548e-26 6.92653e-20 1.69796e-14 5.03136e-10 1.80215e-06 0.00078027 0.0408384 0.259137 0.23193 0.202972 0.169187 0.0784497 0.0156961 0.000991208 1.6756e-05 6.47564e-08 5.15036e-11 7.39327e-15 1.73439e-19 6.17114e-25 3.15738e-31 2.23743e-38 2.13679e-46
#pred catch len freq
 2.55885e-27 2.57646e-27 2.24404e-26 4.19398e-20 1.0281e-14 3.04646e-10 1.09119e-06 0.000472444 0.024726 0.156424 0.12015 0.0444955 0.254261 0.234603 0.0473367 0.0492476 0.0202648 0.0144664 0.00867086 0.00646518 0.00499965 0.00427551 0.00424993 0.00374811 0.00114203
 2.5604e-27 2.58104e-27 2.67939e-26 5.1125e-20 1.25327e-14 3.71365e-10 1.33017e-06 0.000575912 0.0301412 0.190682 0.146249 0.0407452 0.207387 0.192234 0.0560584 0.0796974 0.0278184 0.0128158 0.00579569 0.00329715 0.00207901 0.00151925 0.00133521 0.00117592 0.000392407
 2.56122e-27 2.58302e-27 2.82503e-26 5.41962e-20 1.32855e-14 3.93674e-10 1.41007e-06 0.000610509 0.0319518 0.202137 0.155032 0.0430409 0.218686 0.201974 0.0453115 0.0529109 0.0224058 0.0160527 0.0056643 0.00206338 0.000894349 0.000499602 0.000362416 0.000299191 0.000103302
 2.56158e-27 2.58388e-27 2.88963e-26 5.55587e-20 1.36195e-14 4.03571e-10 1.44552e-06 0.000625857 0.0327551 0.207218 0.158923 0.0437147 0.22108 0.204121 0.0446219 0.0505933 0.0185634 0.0100296 0.00469864 0.00209734 0.000568248 0.000193724 9.9968e-05 7.07854e-05 2.41669e-05
 2.56303e-27 2.58773e-27 3.223e-26 6.2591e-20 1.53434e-14 4.54653e-10 1.62849e-06 0.000705075 0.0369011 0.233447 0.178944 0.0432968 0.203834 0.188124 0.0403442 0.0448258 0.0162218 0.00829613 0.0031347 0.00129618 0.000467736 0.000110119 3.03384e-05 1.54749e-05 4.94377e-06
 2.56279e-27 2.58693e-27 3.13917e-26 6.0822e-20 1.49098e-14 4.41803e-10 1.58247e-06 0.000685147 0.0358581 0.226849 0.173927 0.044622 0.217443 0.200465 0.03859 0.0376808 0.013479 0.0066892 0.00245487 0.000892278 0.000270538 7.44537e-05 1.35382e-05 3.51652e-06 9.39861e-07
 2.563e-27 2.58749e-27 3.18532e-26 6.17956e-20 1.51485e-14 4.48876e-10 1.6078e-06 0.000696115 0.0364322 0.23048 0.176701 0.0446821 0.215952 0.19908 0.0382247 0.0371496 0.0126008 0.00524644 0.00186789 0.000655798 0.000178823 4.19832e-05 7.64227e-06 1.04689e-06 1.76671e-07
 2.56479e-27 2.59232e-27 3.6107e-26 7.07691e-20 1.73482e-14 5.14058e-10 1.84127e-06 0.0007972 0.0417226 0.263949 0.202239 0.0435547 0.18943 0.174585 0.0335122 0.0325567 0.0110302 0.00454696 0.00147873 0.000450493 0.000117122 2.47373e-05 3.89517e-06 4.20305e-07 3.61551e-08
 2.56546e-27 2.594e-27 3.74589e-26 7.36206e-20 1.80472e-14 5.34771e-10 1.91546e-06 0.000829321 0.0434037 0.274584 0.210372 0.0443303 0.189618 0.1745 0.0288094 0.0218252 0.00735886 0.00302336 0.000979671 0.000286377 6.42474e-05 1.23374e-05 1.7218e-06 1.55356e-07 8.34475e-09
 2.56492e-27 2.5925e-27 3.60953e-26 7.07439e-20 1.7342e-14 5.13875e-10 1.84061e-06 0.000796915 0.0417077 0.263855 0.202189 0.0449414 0.200018 0.184072 0.0300804 0.0222829 0.00701609 0.00212768 0.00066728 0.000194176 4.22949e-05 7.15564e-06 8.73817e-07 6.79633e-08 2.7812e-09
 2.56493e-27 2.59253e-27 3.61243e-26 7.08052e-20 1.7357e-14 5.1432e-10 1.84221e-06 0.000797605 0.0417438 0.264083 0.202363 0.0449385 0.199873 0.183941 0.0301013 0.0223614 0.00700749 0.00205624 0.000569085 0.000129322 2.72576e-05 4.47397e-06 4.83272e-07 3.21792e-08 1.0935e-09
 2.56647e-27 2.5967e-27 3.98088e-26 7.85779e-20 1.92624e-14 5.7078e-10 2.04444e-06 0.000885164 0.0463263 0.293073 0.224482 0.0438609 0.176132 0.162029 0.0261384 0.0188372 0.00590234 0.00173534 0.000475594 0.000100958 1.69745e-05 2.44448e-06 2.5217e-07 1.47645e-08 4.23326e-10
 2.567e-27 2.59812e-27 4.10291e-26 8.11521e-20 1.98935e-14 5.89479e-10 2.11141e-06 0.000914162 0.0478439 0.302674 0.231813 0.0437979 0.170503 0.156765 0.0239647 0.0151997 0.00472212 0.00134244 0.000366607 7.76766e-05 1.24866e-05 1.49283e-06 1.28259e-07 6.9441e-09 1.73685e-10
 2.56468e-27 2.59173e-27 3.53148e-26 6.90971e-20 1.69383e-14 5.01913e-10 1.79777e-06 0.000778364 0.0407368 0.257712 0.197516 0.0460425 0.21168 0.194643 0.0284904 0.015978 0.00483782 0.0011909 0.000315213 6.49241e-05 1.03834e-05 1.19655e-06 8.66949e-08 3.86381e-09 8.67525e-11
 2.5635e-27 2.5886e-27 3.25978e-26 6.33655e-20 1.55333e-14 4.60279e-10 1.64864e-06 0.000713799 0.0373577 0.236335 0.181198 0.0463535 0.225511 0.207531 0.0330432 0.023111 0.00690684 0.00148857 0.00036923 6.70295e-05 1.02821e-05 1.16316e-06 8.08767e-08 3.05646e-09 5.65978e-11
 2.56526e-27 2.59341e-27 3.69033e-26 7.24485e-20 1.77599e-14 5.26257e-10 1.88496e-06 0.000816117 0.0427126 0.270212 0.20704 0.0447329 0.195022 0.179464 0.0292934 0.0216403 0.00670029 0.00182619 0.000453957 7.25348e-05 9.92181e-06 1.02539e-06 6.90852e-08 2.476e-09 3.9028e-11
 2.5666e-27 2.59699e-27 4.00019e-26 7.89849e-20 1.93622e-14 5.73736e-10 2.05503e-06 0.000889748 0.0465662 0.294591 0.225649 0.044354 0.179065 0.164608 0.0242897 0.0139663 0.00434597 0.00126129 0.000337289 6.52688e-05 8.50124e-06 7.64543e-07 4.59812e-08 1.56765e-09 2.31467e-11
 2.56614e-27 2.59568e-27 3.87922e-26 7.64327e-20 1.87366e-14 5.55198e-10 1.98863e-06 0.000860999 0.0450616 0.285072 0.218393 0.0451221 0.190008 0.174618 0.0244696 0.0118447 0.00351872 0.000776384 0.000203255 4.22617e-05 6.35624e-06 6.13307e-07 3.24665e-08 9.74856e-10 1.34715e-11
 2.56659e-27 2.59691e-27 3.98908e-26 7.87504e-20 1.93047e-14 5.72033e-10 2.04893e-06 0.000887107 0.046428 0.293716 0.224987 0.0447216 0.182327 0.167551 0.0235892 0.0116116 0.00338083 0.000624122 0.000145914 2.41283e-05 3.67169e-06 3.99591e-07 2.35017e-08 6.45803e-10 7.83248e-12
 2.56704e-27 2.59813e-27 4.09608e-26 8.10076e-20 1.9858e-14 5.88429e-10 2.10765e-06 0.000912534 0.0477587 0.302135 0.231412 0.0444969 0.176103 0.161783 0.0221377 0.00975409 0.00283539 0.000530584 0.000119471 1.64989e-05 2.05379e-06 2.00544e-07 1.29868e-08 3.95708e-10 4.54172e-12
 2.56747e-27 2.59931e-27 4.19949e-26 8.31892e-20 2.03928e-14 6.04276e-10 2.16441e-06 0.000937109 0.0490449 0.310272 0.237621 0.0442339 0.169739 0.1559 0.0209048 0.0084221 0.00241417 0.000405524 8.93867e-05 1.23492e-05 1.38212e-06 1.08035e-07 5.98007e-09 1.92492e-10 2.42194e-12
 2.5685e-27 2.6021e-27 4.44762e-26 8.84236e-20 2.1676e-14 6.42298e-10 2.3006e-06 0.000996074 0.0521309 0.329795 0.252516 0.0434233 0.153106 0.140567 0.0184682 0.00672531 0.00190587 0.000293912 6.2029e-05 7.78681e-06 8.52418e-07 6.2545e-08 2.80481e-09 7.56486e-11 9.6889e-13
 2.56859e-27 2.60231e-27 4.46432e-26 8.87759e-20 2.17623e-14 6.44857e-10 2.30977e-06 0.00100004 0.0523386 0.331108 0.253521 0.0435696 0.153513 0.140895 0.0176675 0.00481727 0.0013371 0.000187449 3.79062e-05 4.3794e-06 4.44214e-07 3.03331e-08 1.28253e-09 2.86723e-11 3.06462e-13
 2.56855e-27 2.60221e-27 4.45553e-26 8.85904e-20 2.17169e-14 6.4351e-10 2.30494e-06 0.000997953 0.0522292 0.330417 0.252993 0.0435852 0.154002 0.14135 0.0178178 0.00504376 0.00137908 0.00015166 2.76766e-05 2.91651e-06 2.75697e-07 1.71448e-08 6.65157e-10 1.37851e-11 1.24541e-13
 2.56945e-27 2.60466e-27 4.67348e-26 9.31884e-20 2.2844e-14 6.76909e-10 2.42457e-06 0.00104975 0.05494 0.347566 0.266076 0.0428193 0.138983 0.127515 0.0158276 0.00398914 0.00108594 0.000122618 2.18562e-05 1.8374e-06 1.52278e-07 8.57764e-09 3.02164e-10 5.68624e-12 4.69479e-14
 2.56887e-27 2.60306e-27 4.52966e-26 9.01542e-20 2.21002e-14 6.54869e-10 2.34563e-06 0.00101557 0.0531512 0.336249 0.257444 0.0434475 0.149827 0.137476 0.0167434 0.00357011 0.000956647 9.84848e-05 1.69252e-05 1.44556e-06 1.09553e-07 4.9498e-09 1.53286e-10 2.59199e-12 1.93187e-14
 2.56824e-27 2.60136e-27 4.37883e-26 8.69723e-20 2.13202e-14 6.31756e-10 2.26284e-06 0.000979725 0.0512753 0.324382 0.24839 0.043896 0.159602 0.146499 0.0183954 0.00506362 0.00136831 0.000124713 1.99219e-05 1.56154e-06 1.14558e-07 5.01378e-09 1.29152e-10 1.82612e-12 1.20758e-14
 2.56853e-27 2.60214e-27 4.44761e-26 8.84233e-20 2.16759e-14 6.42296e-10 2.3006e-06 0.00099607 0.0521307 0.329793 0.252519 0.0437014 0.15522 0.142451 0.0176014 0.00427377 0.00115921 0.00012768 2.2048e-05 1.54364e-06 1.02929e-07 4.16207e-09 1.03414e-10 1.27428e-12 6.92944e-15
 2.56688e-27 2.59761e-27 4.04282e-26 7.98837e-20 1.95825e-14 5.80265e-10 2.07841e-06 0.000899874 0.0470961 0.297943 0.228223 0.0452537 0.184102 0.169025 0.0208772 0.00505317 0.00136259 0.000136268 2.30278e-05 1.91293e-06 1.33996e-07 4.79222e-09 1.0809e-10 1.25223e-12 6.10783e-15
#obs catch len freq
 5.98537e-42 8.3073e-34 1.39372e-26 2.82644e-20 6.92869e-15 2.0531e-10 7.35386e-07 0.000318397 0.0166636 0.10542 0.0812662 0.0424428 0.227339 0.191932 0.13172 0.127264 0.0518935 0.0192471 0.00401164 0.000460377 2.16812e-05 3.06316e-07 9.76725e-10 5.72551e-13 5.39628e-17
 6.81038e-42 9.45236e-34 1.58583e-26 3.21603e-20 7.88372e-15 2.33609e-10 8.3675e-07 0.000362284 0.0189605 0.119951 0.0924728 0.0461422 0.229998 0.184727 0.12945 0.114732 0.0448973 0.0151704 0.00284543 0.000280999 1.07501e-05 1.16887e-07 2.76071e-10 1.16964e-13 7.85185e-18
 1.02891e-41 1.42806e-33 2.39587e-26 4.85877e-20 1.19107e-14 3.52936e-10 1.26416e-06 0.000547337 0.0286455 0.181221 0.139327 0.0481213 0.202087 0.154295 0.11055 0.0896394 0.0335189 0.0102107 0.00169132 0.000141268 4.35534e-06 3.6318e-08 6.34355e-11 1.9437e-14 9.31157e-19
 8.83357e-42 1.22604e-33 2.05694e-26 4.17143e-20 1.02258e-14 3.03008e-10 1.08533e-06 0.000469909 0.0245931 0.155586 0.120086 0.0599893 0.261674 0.182658 0.0957569 0.0675684 0.0240422 0.0065602 0.000947629 6.5676e-05 1.60593e-06 1.02042e-08 1.31656e-11 2.91854e-15 9.98943e-20
 1.21476e-41 1.686e-33 2.82862e-26 5.73639e-20 1.40621e-14 4.16685e-10 1.4925e-06 0.0006462 0.0338196 0.213955 0.164558 0.0540453 0.193874 0.135987 0.110214 0.0704359 0.0179689 0.00397418 0.000492225 2.78753e-05 5.31388e-07 2.54109e-09 2.40945e-12 3.86214e-16 9.45437e-21
 1.28216e-41 1.77956e-33 2.98558e-26 6.05469e-20 1.48424e-14 4.39806e-10 1.57532e-06 0.000682057 0.0356962 0.225828 0.17394 0.0636446 0.220361 0.137834 0.0772085 0.0465272 0.0152085 0.00281469 0.000244296 1.0713e-05 1.56834e-07 5.57395e-10 3.84826e-13 4.43868e-17 7.7605e-22
 1.17204e-41 1.62672e-33 2.72915e-26 5.53467e-20 1.35676e-14 4.02032e-10 1.44001e-06 0.000623477 0.0326303 0.206433 0.159411 0.0694663 0.235019 0.142839 0.0932465 0.0473403 0.0108919 0.00193426 0.000158509 4.86029e-06 5.00906e-08 1.29472e-10 6.44665e-14 5.3118e-18 6.59932e-23
 1.45883e-41 2.02477e-33 3.39696e-26 6.88898e-20 1.68875e-14 5.00408e-10 1.79238e-06 0.000776039 0.0406148 0.256945 0.197909 0.0646267 0.184206 0.112037 0.0891329 0.0426282 0.00973166 0.00130593 8.24095e-05 2.15872e-06 1.59137e-08 2.76769e-11 9.57319e-15 5.56387e-19 4.88005e-24
 1.6793e-41 2.33076e-33 3.91033e-26 7.93008e-20 1.94397e-14 5.76032e-10 2.06325e-06 0.000893318 0.0467527 0.295777 0.227775 0.0688807 0.175163 0.0945112 0.0574841 0.0256542 0.00628991 0.000777369 3.88452e-05 7.32435e-07 4.11968e-09 5.1633e-12 1.20179e-15 4.69982e-20 2.83299e-25
 1.64799e-41 2.2873e-33 3.83741e-26 7.78219e-20 1.90771e-14 5.65291e-10 2.02478e-06 0.000876659 0.0458809 0.290264 0.224008 0.0770712 0.189899 0.0955862 0.053113 0.0193398 0.00354379 0.000397185 1.8265e-05 2.69073e-07 1.06428e-09 9.47835e-13 1.57541e-16 4.25445e-21 1.72794e-26
 1.56147e-41 2.16722e-33 3.63595e-26 7.37364e-20 1.80756e-14 5.35613e-10 1.91848e-06 0.000830636 0.0434722 0.275029 0.212857 0.0840071 0.199329 0.0998246 0.0616745 0.0197581 0.00296368 0.000243327 8.5852e-06 1.06247e-07 3.25837e-10 2.04637e-13 2.3398e-17 4.39899e-22 1.24875e-27
 1.52246e-41 2.11308e-33 3.54512e-26 7.18943e-20 1.76241e-14 5.22233e-10 1.87055e-06 0.000809885 0.0423862 0.268162 0.208085 0.0892377 0.199322 0.100991 0.0675992 0.0202491 0.00295474 0.000195833 4.88173e-06 4.24867e-08 9.87515e-11 4.71249e-14 3.88321e-18 5.05356e-23 9.82408e-29
 1.93137e-41 2.68061e-33 4.49728e-26 9.1204e-20 2.23576e-14 6.62496e-10 2.37295e-06 0.00102741 0.0537704 0.34018 0.26259 0.0761862 0.135771 0.068803 0.0465387 0.0131295 0.00188695 0.000112369 2.29752e-06 1.4067e-08 2.18986e-11 7.30987e-15 4.38321e-19 4.15079e-24 5.74385e-30
 1.62502e-41 2.25542e-33 3.78394e-26 7.67375e-20 1.88113e-14 5.57413e-10 1.99656e-06 0.000864442 0.0452415 0.286238 0.22338 0.10738 0.205793 0.0825654 0.0375297 0.00962035 0.00131226 7.11374e-05 1.28265e-06 6.30109e-09 7.04792e-12 1.5733e-15 6.2939e-20 4.10169e-25 4.0129e-31
 1.33601e-41 1.85429e-33 3.11096e-26 6.30897e-20 1.54657e-14 4.58277e-10 1.64147e-06 0.000710701 0.0371953 0.235348 0.185821 0.120016 0.225568 0.112625 0.0681647 0.0132624 0.00123046 5.652e-05 8.91493e-07 3.67789e-09 3.25778e-12 5.36158e-16 1.48627e-20 6.48787e-26 4.2363e-32
 1.2203e-41 1.69369e-33 2.84152e-26 5.76254e-20 1.41262e-14 4.18585e-10 1.4993e-06 0.000649146 0.0339738 0.214979 0.171176 0.124235 0.220298 0.128963 0.0850597 0.0186941 0.00190808 6.21099e-05 6.8537e-07 2.24464e-09 1.59498e-12 2.04429e-16 4.25213e-21 1.34028e-26 6.11189e-33
 1.63826e-41 2.2738e-33 3.81477e-26 7.73628e-20 1.89646e-14 5.61955e-10 2.01283e-06 0.000871486 0.0456102 0.28859 0.226439 0.104452 0.156889 0.0976856 0.0629065 0.0148569 0.00164017 5.57138e-05 5.20398e-07 1.16551e-09 5.85061e-13 5.63766e-17 8.9125e-22 2.10979e-27 7.10068e-34
 1.48573e-41 2.06209e-33 3.45958e-26 7.01597e-20 1.71988e-14 5.09632e-10 1.82542e-06 0.000790344 0.0413636 0.261762 0.209412 0.140894 0.203083 0.0887334 0.0430859 0.00978544 0.00105204 3.63367e-05 3.34765e-07 6.59279e-10 2.45891e-13 1.61682e-17 1.77377e-22 3.02419e-28 7.46981e-35
 1.54435e-41 2.14346e-33 3.59609e-26 7.2928e-20 1.78774e-14 5.29742e-10 1.89745e-06 0.000821529 0.0429957 0.272099 0.217593 0.133618 0.178614 0.0992967 0.0470509 0.00729527 0.000594873 1.86429e-05 1.60124e-07 2.90437e-10 9.44044e-14 4.95639e-18 3.96594e-23 4.67167e-29 7.90001e-36
 1.5288e-41 2.12187e-33 3.55988e-26 7.21936e-20 1.76974e-14 5.24407e-10 1.87834e-06 0.000813256 0.0425628 0.269397 0.217835 0.147735 0.182694 0.0919201 0.0399594 0.00662671 0.000445672 9.4907e-06 6.3235e-08 9.7355e-11 2.71018e-14 1.19776e-18 7.80408e-24 7.16204e-30 8.99953e-37
 1.64827e-41 2.28769e-33 3.83808e-26 7.78355e-20 1.90804e-14 5.65389e-10 2.02513e-06 0.000876811 0.0458891 0.290462 0.234571 0.143285 0.162047 0.084852 0.0330553 0.00467159 0.000283527 5.23942e-06 2.49157e-08 2.68133e-11 5.66726e-15 1.9905e-19 1.03988e-24 7.60643e-31 7.52015e-38
 1.59411e-41 2.21252e-33 3.71196e-26 7.52779e-20 1.84535e-14 5.4681e-10 1.95859e-06 0.000848 0.0443813 0.280988 0.230834 0.162128 0.170437 0.0794041 0.0272422 0.00355148 0.000181024 2.7491e-06 1.07087e-08 8.62448e-12 1.26126e-15 3.08715e-20 1.17358e-25 6.45595e-32 4.87356e-39
 1.64584e-41 2.28432e-33 3.83243e-26 7.77208e-20 1.90523e-14 5.64556e-10 2.02215e-06 0.00087552 0.0458217 0.290146 0.239267 0.160912 0.15852 0.0781925 0.0236515 0.00250504 0.000105164 1.30182e-06 3.96216e-09 2.46621e-12 2.72339e-16 4.79904e-21 1.26547e-26 4.79905e-33 2.53785e-40
 1.65134e-41 2.29195e-33 3.84522e-26 7.79804e-20 1.9116e-14 5.66441e-10 2.0289e-06 0.000878444 0.045975 0.291198 0.243207 0.170449 0.155437 0.0713135 0.0195529 0.00192034 6.57114e-05 6.24505e-07 1.45916e-09 6.87818e-13 5.66626e-17 7.40012e-22 1.43134e-27 3.90694e-34 1.45623e-41
 1.68527e-41 2.33905e-33 3.92424e-26 7.95828e-20 1.95088e-14 5.78081e-10 2.07059e-06 0.000896496 0.04692 0.297259 0.250229 0.172499 0.147565 0.066942 0.0162536 0.00139218 4.09618e-05 3.18452e-07 5.62298e-10 1.94679e-13 1.17617e-17 1.12297e-22 1.58028e-28 3.12938e-35 8.44284e-43
 1.68089e-41 2.33296e-33 3.91403e-26 7.93756e-20 1.9458e-14 5.76577e-10 2.0652e-06 0.000894162 0.0467983 0.29662 0.253735 0.181904 0.144967 0.0610322 0.0130536 0.000970963 2.3454e-05 1.46637e-07 2.03593e-10 5.31501e-14 2.33431e-18 1.59735e-23 1.60981e-29 2.28652e-36 4.42541e-44
 1.46709e-41 2.03622e-33 3.41619e-26 6.92796e-20 1.69831e-14 5.0324e-10 1.80252e-06 0.000780431 0.040847 0.259248 0.234463 0.214706 0.167468 0.068708 0.0129378 0.000822759 1.63565e-05 8.12929e-08 8.69734e-11 1.72224e-14 5.65082e-19 2.83217e-24 2.05279e-30 2.07389e-37 2.84385e-45
 1.49812e-41 2.07929e-33 3.48845e-26 7.0745e-20 1.73423e-14 5.13884e-10 1.84065e-06 0.000796938 0.0417107 0.264627 0.234909 0.197124 0.167068 0.0784898 0.0144166 0.000841348 1.46243e-05 6.18282e-08 5.53504e-11 9.05048e-15 2.43115e-19 9.93818e-25 5.85576e-31 4.78398e-38 5.2686e-46
 1.55329e-41 2.15587e-33 3.61692e-26 7.33504e-20 1.7981e-14 5.3281e-10 1.90844e-06 0.000826288 0.0432467 0.274335 0.241937 0.19495 0.158481 0.0712705 0.0140592 0.000877626 1.4726e-05 5.65838e-08 4.4818e-11 6.41513e-15 1.50185e-19 5.33583e-25 2.72697e-31 1.93076e-38 1.84267e-46
#spawning biomass
 18302.3 19052.1 20847.9 23227.1 28251.5 34050.7 37823.8 48152.2 62802.3 80425.2 92749.5 118989 175756 200838 175488 151264 151766 151540 144799 140372 140039 148826 154493 161560 171021 180715 184715 164293 181986 293435 191190 71063.9 30798 19659.3 16885.2 16240.5 16097.6 16067 16060.6 16059.3 16059.1 16059 16059 16059 16059 16059 16059 16059 16059 16059 16059 16059 16059 16059 16059 16059 16059 16059 16059 16059 16059 16059 16059 16059 16059 16059 16059 16059 16059 16059 16059 16059 16059 16059 16059 16059 16059 16059 16059 16059 16059 16059 16059 16059 16059 16059 16059 16059 16059 16059 16059 16059 16059 16059 16059 16059 16059 16059 16059 16059 16059 16059 16059 16059 16059 16059 16059 16059 16059 16059 16059 16059 16059 16059 16059 16059 16059 16059 16059 16059 16059 16059 16059 16059 16059 16059 16059 16059 16059 0 0 0 0 0 0 0 0 0 0 0 0 0 0 0 0 0 0 0 0 0 0 0 0 0
