SBPRF35
0.638952
Curr Bio
131816
B35
507593
F35
0.281776
FOFL
0
OFL
0
Bzero
182558
#pred survey bio
 18380 14341.8 14062.7 19670.6 22789.8 23481.7 25383.9 39404.9 55554.3 72538.1 96432.9 112644 140460 170813 164955 149460 124720 125243 121972 134831 137052 141180 154756 164461 166698 164448 175327 150258 3.27002e+06 4.36782e+06 4.68076e+06 4.28767e+06 3.69105e+06 3.11627e+06 2.64577e+06 2.2925e+06 2.04056e+06 1.86643e+06 1.74821e+06 1.66863e+06 1.6151e+06 1.5789e+06 1.55391e+06 1.53614e+06 1.52392e+06 1.51536e+06 1.50923e+06 1.50478e+06 1.50149e+06 1.49902e+06 1.49715e+06 1.49572e+06 1.49462e+06 1.49377e+06 1.4931e+06 1.49258e+06 1.49218e+06 1.49186e+06 1.4916e+06 1.49141e+06 1.49125e+06 1.49113e+06 1.49103e+06 1.49095e+06 1.49089e+06 1.49084e+06 1.4908e+06 1.49077e+06 1.49075e+06 1.49073e+06 1.49072e+06 1.4907e+06 1.49069e+06 1.49069e+06 1.49068e+06 1.49068e+06 1.49067e+06 1.49067e+06 1.49067e+06 1.49067e+06 1.49066e+06 1.49066e+06 1.49066e+06 1.49066e+06 1.49066e+06 1.49066e+06 1.49066e+06 1.49066e+06 1.49066e+06 1.49066e+06 1.49066e+06 1.49066e+06 1.49066e+06 1.49066e+06 1.49066e+06 1.49066e+06 1.49066e+06 1.49066e+06 1.49066e+06 1.49066e+06 1.49066e+06 1.49066e+06 1.49066e+06 1.49066e+06 1.49066e+06 1.49066e+06 1.49066e+06 1.49066e+06 1.49066e+06 1.49066e+06 1.49066e+06 1.49066e+06 1.49066e+06 1.49066e+06 1.49066e+06 1.49066e+06 1.49066e+06 1.49066e+06 1.49066e+06 1.49066e+06 1.49066e+06 1.49066e+06 1.49066e+06 1.49066e+06 1.49066e+06 1.49066e+06 1.49066e+06 1.49066e+06 0 0 0 0 0 0 0 0 0 0 0 0 0 0 0 0 0 0 0 0 0 0 0 0 0
#obs survey bio
 16104.7 6974.62 13286.4 17667.1 15022.8 19963.4 18557.4 40578.8 46021.6 63051 87607.9 74332 132744 175987 139527 125862 94979.1 107571 117347 101897 95890 120254 181248 105472 120352 137114 137906 133047
#pred catch bio
 11097.6 8753.41 7136.61 10376.6 13207.5 14499.8 12815.7 20754.2 31964.4 40810.7 59260.6 67965 81597.2 107536 104675 103706 81195.6 84440.7 76175 90235.6 93076.1 92374.6 101274 111972 116066 107849 126123 109090 0 37246.8 45605.4 41773.5 35125.3 28811.5 23749.8 20037.7 17464.5 15747.8 14633.5 13924.3 13479.7 13204 13033.5 12928 12865 12827.4 12805 12791.6 12783.6 12778.8 12776 12774.3 12773.3 12772.7 12772.3 12772.1 12772 12771.9 12771.8 12771.8 12771.8 12771.8 12771.8 12771.8 12771.8 12771.8 12771.8 12771.8 12771.8 12771.8 12771.8 12771.8 12771.8 12771.8 12771.8 12771.8 12771.8 12771.8 12771.8 12771.8 12771.8 12771.8 12771.8 12771.8 12771.8 12771.8 12771.8 12771.8 12771.8 12771.8 12771.8 12771.8 12771.8 12771.8 12771.8 12771.8 12771.8 12771.8 12771.8 12771.8 12771.8 12771.8 12771.8 12771.8 12771.8 12771.8 12771.8 12771.8 12771.8 12771.8 12771.8 12771.8 12771.8 12771.8 12771.8 12771.8 12771.8 12771.8 12771.8 12771.8 12771.8 12771.8 12771.8 12771.8 12771.8 12771.8 12771.8 12771.8 0 0 0 0 0 0 0 0 0 0 0 0 0 0 0 0 0 0 0 0 0 0 0 0 0
#obs catch bio
 7765.28 9875.52 7669.65 9665.55 13787.1 13937.2 12092.9 18478.6 29964.1 37616.5 57362.1 67433 74391.3 94072.5 101270 104158 79222.1 80813.5 68769.1 86321.6 91194.4 84509.1 85802 95204.1 108865 94094.8 118834 105158
#pred cpue bio
 12879.2 9531.15 8182.39 11048.6 13956.5 14142 14077.3 21083.6 30618.4 39001.4 52388.3 60937.1 74599 95141.3 96505.1 89263.9 69782.4 69144.1 65908.8 74023.2 73070.1 73809.8 81784.3 88212.7 87511.5 85525 93830.2 80296.3 1.67325e+06 3.49356e+06 4.4003e+06 4.10767e+06 3.52118e+06 2.94728e+06 2.47685e+06 2.12359e+06 1.87165e+06 1.69752e+06 1.5793e+06 1.49972e+06 1.44619e+06 1.40999e+06 1.385e+06 1.36723e+06 1.35501e+06 1.34645e+06 1.34032e+06 1.33587e+06 1.33258e+06 1.33011e+06 1.32824e+06 1.32681e+06 1.32571e+06 1.32486e+06 1.32419e+06 1.32367e+06 1.32327e+06 1.32295e+06 1.32269e+06 1.3225e+06 1.32234e+06 1.32222e+06 1.32212e+06 1.32204e+06 1.32198e+06 1.32193e+06 1.32189e+06 1.32186e+06 1.32184e+06 1.32182e+06 1.32181e+06 1.32179e+06 1.32178e+06 1.32178e+06 1.32177e+06 1.32177e+06 1.32176e+06 1.32176e+06 1.32176e+06 1.32176e+06 1.32175e+06 1.32175e+06 1.32175e+06 1.32175e+06 1.32175e+06 1.32175e+06 1.32175e+06 1.32175e+06 1.32175e+06 1.32175e+06 1.32175e+06 1.32175e+06 1.32175e+06 1.32175e+06 1.32175e+06 1.32175e+06 1.32175e+06 1.32175e+06 1.32175e+06 1.32175e+06 1.32175e+06 1.32175e+06 1.32175e+06 1.32175e+06 1.32175e+06 1.32175e+06 1.32175e+06 1.32175e+06 1.32175e+06 1.32175e+06 1.32175e+06 1.32175e+06 1.32175e+06 1.32175e+06 1.32175e+06 1.32175e+06 1.32175e+06 1.32175e+06 1.32175e+06 1.32175e+06 1.32175e+06 1.32175e+06 1.32175e+06 1.32175e+06 1.32175e+06 1.32175e+06 1.32175e+06 1.32175e+06 0 0 0 0 0 0 0 0 0 0 0 0 0 0 0 0 0 0 0 0 0 0 0 0 0
#obs cpue bio
 16405.6 8700.59 8296.32 18035.3 17169.3 22844.5 24391.3 35994.1 42528.4 61416.4 60686.5 90676.1 133569 160773 100651 117850 94767.1 105464 103550 109665 112600 132720 159149 233010 142539 180986 143351 113889
#pred surv len freq
 1.37425e-11 1.49162e-09 9.54635e-08 3.6025e-06 8.01602e-05 0.00105174 0.00813756 0.0371455 0.100261 0.161856 0.164989 0.129651 0.108128 0.0916227 0.0649821 0.0418121 0.0274094 0.018163 0.0123481 0.00884397 0.00680637 0.00570916 0.00494939 0.00381896 0.00223013
 1.20223e-11 1.30491e-09 8.3514e-08 3.15156e-06 7.01264e-05 0.00092011 0.00711966 0.0325124 0.0879388 0.143442 0.153156 0.138285 0.136047 0.121306 0.0815619 0.0453619 0.0241774 0.0123872 0.00626313 0.00341702 0.00209955 0.00147206 0.00113677 0.000836661 0.00048703
 1.61234e-11 1.75004e-09 1.12002e-07 4.22662e-06 9.40476e-05 0.00123395 0.00954697 0.0435713 0.117499 0.188825 0.188444 0.137589 0.102263 0.0816184 0.0570515 0.0354764 0.0202127 0.00970539 0.0039641 0.0015448 0.00064481 0.000319722 0.000194366 0.000126685 7.05237e-05
 1.59092e-11 1.72679e-09 1.10514e-07 4.17047e-06 9.27981e-05 0.00121756 0.00942032 0.042997 0.116001 0.18683 0.188381 0.142529 0.111508 0.0886836 0.0563555 0.029327 0.014655 0.00709574 0.00310949 0.00118765 0.000395588 0.000127425 4.83199e-05 2.32197e-05 1.13405e-05
 1.3428e-11 1.45748e-09 9.32782e-08 3.52003e-06 7.83254e-05 0.00102768 0.00795173 0.0363056 0.0981091 0.159311 0.166743 0.142198 0.131056 0.11306 0.0738497 0.0388102 0.0187493 0.00812659 0.00306548 0.00107015 0.000348467 0.000100554 2.63081e-05 7.40825e-06 2.51131e-06
 1.47042e-11 1.596e-09 1.02144e-07 3.85458e-06 8.57694e-05 0.00112534 0.00870699 0.0397448 0.107278 0.173194 0.176587 0.138836 0.11565 0.097092 0.066644 0.0391964 0.0211081 0.00959941 0.00356843 0.00114364 0.000326672 8.3957e-05 1.93409e-05 3.99615e-06 8.11427e-07
 1.60635e-11 1.74354e-09 1.11586e-07 4.21093e-06 9.36984e-05 0.00122937 0.00951169 0.0434134 0.117117 0.188563 0.189831 0.142848 0.110818 0.0877773 0.0557638 0.0289022 0.0140592 0.0063624 0.0025223 0.000861711 0.000247243 5.9101e-05 1.19976e-05 2.09873e-06 3.19684e-07
 1.68847e-11 1.83267e-09 1.17291e-07 4.42619e-06 9.84882e-05 0.00129221 0.00999771 0.0456277 0.123035 0.197645 0.196869 0.142628 0.103914 0.0796688 0.0506935 0.0267271 0.0130358 0.00567683 0.00211441 0.000701144 0.000207449 5.20954e-05 1.06347e-05 1.73545e-06 2.27827e-07
 1.5863e-11 1.72178e-09 1.10194e-07 4.15837e-06 9.2529e-05 0.00121402 0.00939306 0.0428737 0.115684 0.186446 0.18859 0.144224 0.114574 0.0913317 0.056915 0.0279946 0.0126222 0.00527348 0.00192395 0.000616383 0.000173405 4.21732e-05 8.68022e-06 1.44837e-06 1.8759e-07
 1.65056e-11 1.79152e-09 1.14657e-07 4.32681e-06 9.6277e-05 0.0012632 0.00977336 0.0446061 0.120312 0.193526 0.193971 0.143707 0.108642 0.0846254 0.0530721 0.0267694 0.0122792 0.00499308 0.0016921 0.000497539 0.000131349 3.0421e-05 5.98699e-06 9.71792e-07 1.25468e-07
 1.6134e-11 1.75119e-09 1.12076e-07 4.22939e-06 9.41093e-05 0.00123476 0.00955342 0.0436044 0.117639 0.18946 0.190994 0.144381 0.112655 0.0889291 0.0552298 0.0270431 0.0120235 0.00485365 0.00166077 0.000485514 0.000122221 2.62064e-05 4.7839e-06 7.31958e-07 9.05083e-08
 1.60866e-11 1.74605e-09 1.11747e-07 4.21698e-06 9.38331e-05 0.00123114 0.00952541 0.0434771 0.117303 0.18898 0.190794 0.144963 0.113938 0.0900494 0.0554352 0.0265036 0.0113564 0.00439534 0.00143034 0.00039847 9.74496e-05 2.04133e-05 3.56171e-06 5.08371e-07 5.8408e-08
 1.6554e-11 1.79678e-09 1.14993e-07 4.33949e-06 9.65592e-05 0.0012669 0.00980202 0.0447372 0.120669 0.194132 0.194723 0.144624 0.109666 0.0851408 0.0524859 0.0254372 0.0110721 0.00429384 0.00137318 0.000368858 8.58883e-05 1.71123e-05 2.86532e-06 3.942e-07 4.31783e-08
 1.54199e-11 1.67368e-09 1.07116e-07 4.04221e-06 8.99443e-05 0.00118012 0.00913081 0.0416792 0.112496 0.181588 0.18499 0.144898 0.119205 0.096525 0.0599295 0.0288515 0.0124599 0.00484644 0.00157346 0.000429527 9.99619e-05 1.94245e-05 3.11363e-06 4.07667e-07 4.26459e-08
 1.42461e-11 1.54627e-09 9.89613e-08 3.73449e-06 8.30973e-05 0.00109029 0.00843602 0.0385133 0.104028 0.168539 0.174615 0.144354 0.127829 0.107518 0.0680792 0.0336311 0.0149163 0.0058441 0.00187369 0.000502612 0.000116235 2.26713e-05 3.62646e-06 4.65218e-07 4.68479e-08
 1.41164e-11 1.5322e-09 9.80607e-08 3.70051e-06 8.23411e-05 0.00108036 0.00835922 0.0381622 0.103073 0.166944 0.172739 0.142281 0.125698 0.106632 0.0697053 0.0368807 0.0177172 0.00733127 0.00244221 0.000674466 0.000157663 3.05861e-05 4.8565e-06 6.21172e-07 6.21981e-08
 1.54863e-11 1.68089e-09 1.07576e-07 4.0596e-06 9.03313e-05 0.00118519 0.00917006 0.0418576 0.112967 0.182267 0.1853 0.144164 0.117536 0.0950628 0.0596599 0.0295384 0.0132845 0.00538724 0.00183654 0.000529634 0.000129021 2.57814e-05 4.15435e-06 5.31863e-07 5.29696e-08
 1.56166e-11 1.69503e-09 1.08482e-07 4.09377e-06 9.10917e-05 0.00119517 0.00924723 0.0422097 0.113915 0.183773 0.186722 0.144971 0.117734 0.0946727 0.0585887 0.028088 0.0120608 0.00466799 0.00151471 0.000419476 0.000101561 2.08726e-05 3.50195e-06 4.63696e-07 4.70937e-08
 1.59384e-11 1.72996e-09 1.10717e-07 4.17813e-06 9.29686e-05 0.00121979 0.00943771 0.0430779 0.116241 0.187394 0.189777 0.145702 0.11627 0.0923032 0.0562194 0.0260605 0.0106577 0.00393409 0.00120968 0.000312544 7.04746e-05 1.37282e-05 2.2536e-06 3.01899e-07 3.16018e-08
 1.57316e-11 1.70752e-09 1.09281e-07 4.12392e-06 9.17624e-05 0.00120397 0.0093153 0.0425198 0.114744 0.185046 0.187717 0.144968 0.116818 0.0936036 0.0579454 0.0278202 0.0118909 0.00449421 0.00137869 0.000348071 7.52299e-05 1.3801e-05 2.11778e-06 2.68468e-07 2.73392e-08
 1.62381e-11 1.76249e-09 1.12799e-07 4.25668e-06 9.47165e-05 0.00124272 0.00961507 0.043886 0.118402 0.190712 0.192365 0.145673 0.113813 0.0893307 0.0542177 0.0250851 0.0102441 0.003781 0.00116095 0.000295954 6.39935e-05 1.15122e-05 1.69502e-06 2.02667e-07 1.93569e-08
 1.64793e-11 1.78867e-09 1.14475e-07 4.31993e-06 9.61238e-05 0.00126119 0.00975789 0.0445371 0.120148 0.193443 0.194729 0.146424 0.113023 0.0877507 0.0523374 0.0232604 0.00893247 0.00311444 0.000907386 0.000219255 4.56801e-05 8.10851e-06 1.18667e-06 1.39441e-07 1.28413e-08
 1.62916e-11 1.7683e-09 1.13171e-07 4.27072e-06 9.5029e-05 0.00124682 0.00964679 0.0440308 0.118793 0.191348 0.193033 0.146235 0.114251 0.0894244 0.0537218 0.0242028 0.00945172 0.00330452 0.000942577 0.000217792 4.28288e-05 7.18154e-06 1.00448e-06 1.14877e-07 1.04166e-08
 1.60072e-11 1.73743e-09 1.11195e-07 4.19616e-06 9.33699e-05 0.00122506 0.00947844 0.0432637 0.116741 0.188185 0.190512 0.146085 0.11631 0.0920597 0.0556844 0.0253703 0.0100745 0.00357831 0.00103587 0.00024238 4.7554e-05 7.75321e-06 1.03152e-06 1.11397e-07 9.61242e-09
 1.64348e-11 1.78384e-09 1.14165e-07 4.30824e-06 9.58638e-05 0.00125778 0.0097315 0.0444168 0.119825 0.192933 0.194269 0.146222 0.113077 0.0879964 0.0527465 0.0237182 0.00925305 0.00324683 0.000935924 0.000219228 4.32503e-05 7.09894e-06 9.43108e-07 9.98099e-08 8.26931e-09
 1.6459e-11 1.78647e-09 1.14334e-07 4.3146e-06 9.60054e-05 0.00125964 0.00974589 0.0444828 0.120007 0.193261 0.194759 0.146991 0.114055 0.0885412 0.0522671 0.0225616 0.00825331 0.00274228 0.000761002 0.000172156 3.29996e-05 5.33487e-06 7.06231e-07 7.48317e-08 6.18199e-09
 1.59979e-11 1.73641e-09 1.1113e-07 4.19371e-06 9.33154e-05 0.00122434 0.00947292 0.0432387 0.116676 0.1881 0.190518 0.146325 0.116757 0.0924208 0.0556989 0.0251113 0.00978332 0.00338415 0.000940311 0.000207319 3.83071e-05 5.97743e-06 7.68291e-07 7.98003e-08 6.53182e-09
 1.58268e-11 1.71785e-09 1.09942e-07 4.14886e-06 9.23175e-05 0.00121125 0.00937169 0.042778 0.115452 0.186278 0.189384 0.147285 0.119594 0.0950533 0.0564023 0.0243066 0.00884714 0.00292089 0.000802864 0.000178177 3.2967e-05 5.05119e-06 6.26475e-07 6.24499e-08 4.93261e-09
#obs surv len freq
 1.15862e-11 1.25758e-09 8.04848e-08 3.03725e-06 6.7583e-05 0.000886742 0.00686159 0.0313357 0.0847674 0.138271 0.147271 0.131442 0.128548 0.120042 0.0919346 0.0603626 0.0342858 0.0158912 0.00586536 0.001709 0.000382464 6.34672e-05 7.55327e-06 6.24772e-07 3.49171e-08
 8.38512e-12 9.10127e-10 5.8248e-08 2.19811e-06 4.89113e-05 0.000641783 0.00496716 0.0227075 0.0617299 0.103002 0.119885 0.131062 0.152082 0.149235 0.113951 0.0733071 0.0404856 0.0181714 0.00646426 0.00180487 0.000384682 6.03955e-05 6.75564e-06 5.22131e-07 2.71339e-08
 1.8515e-11 2.00962e-09 1.28616e-07 4.85356e-06 0.000107998 0.00141697 0.0109626 0.0500225 0.13475 0.215291 0.20857 0.13498 0.0784758 0.0562549 0.0447734 0.0325973 0.0191982 0.00863171 0.00297914 0.000795485 0.000160918 2.38425e-05 2.50389e-06 1.80832e-07 8.74467e-09
 8.43487e-12 9.15526e-10 5.85936e-08 2.21115e-06 4.92023e-05 0.000645636 0.00499821 0.0228746 0.0624836 0.106327 0.131639 0.157459 0.184418 0.16251 0.0967324 0.0425914 0.0171259 0.00688838 0.00243684 0.000665397 0.00013232 1.87137e-05 1.8476e-06 1.24536e-07 5.59797e-09
 1.4176e-11 1.53867e-09 9.84748e-08 3.71614e-06 8.2689e-05 0.00108494 0.00839474 0.0383248 0.10348 0.167088 0.169477 0.129245 0.104047 0.0956968 0.0825525 0.0578087 0.0293158 0.0102209 0.00256253 0.000515154 8.73554e-05 1.16337e-05 1.1062e-06 7.1042e-08 2.99939e-09
 1.19357e-11 1.29551e-09 8.29128e-08 3.12888e-06 6.96227e-05 0.000913544 0.00707027 0.0323129 0.08767 0.144573 0.15906 0.148921 0.143352 0.120655 0.0782254 0.042739 0.0215312 0.00921041 0.00293535 0.000648943 9.82268e-05 1.04426e-05 8.03837e-07 4.46325e-08 1.71694e-09
 1.64677e-11 1.78741e-09 1.14394e-07 4.31689e-06 9.60567e-05 0.00126033 0.00975199 0.0445218 0.120205 0.19391 0.195258 0.143272 0.102962 0.0789802 0.0549674 0.0322119 0.0151467 0.00549106 0.00155281 0.000344242 5.6666e-05 6.45346e-06 4.87659e-07 2.41644e-08 7.87756e-10
 1.34921e-11 1.46444e-09 9.37243e-08 3.53688e-06 7.87014e-05 0.00103268 0.00799238 0.0365267 0.0990651 0.162871 0.176222 0.156208 0.138688 0.10857 0.0644895 0.0303056 0.0122911 0.00423041 0.00115031 0.000235442 3.53284e-05 3.79705e-06 2.8325e-07 1.41294e-08 4.56432e-10
 1.42233e-11 1.5438e-09 9.88033e-08 3.72854e-06 8.29661e-05 0.00108862 0.00842494 0.0384932 0.104262 0.170376 0.179884 0.149695 0.125243 0.100229 0.0662813 0.0353195 0.0147461 0.00459329 0.00106239 0.000187213 2.50933e-05 2.45887e-06 1.68337e-07 7.78435e-09 2.37152e-10
 1.42491e-11 1.54661e-09 9.89828e-08 3.73532e-06 8.31173e-05 0.00109063 0.008441 0.0385761 0.104581 0.17142 0.182572 0.154036 0.128432 0.0990997 0.0618378 0.0313736 0.0130385 0.00421212 0.0010065 0.000173233 2.11334e-05 1.80974e-06 1.07883e-07 4.40887e-09 1.20678e-10
 1.28339e-11 1.393e-09 8.91523e-08 3.36436e-06 7.48636e-05 0.000982372 0.00760457 0.034779 0.0945563 0.156658 0.172792 0.157168 0.140675 0.11134 0.069486 0.0346286 0.0138357 0.00425393 0.000976669 0.000164648 1.9845e-05 1.65449e-06 9.28908e-08 3.45183e-09 8.39412e-11
 1.41293e-11 1.5336e-09 9.81503e-08 3.70392e-06 8.24191e-05 0.0010815 0.00837116 0.0382692 0.10385 0.170652 0.182547 0.154052 0.127373 0.0987978 0.0635087 0.0329301 0.0133669 0.00405381 0.000898215 0.000144194 1.64907e-05 1.30982e-06 7.0404e-08 2.50225e-09 5.76574e-11
 1.35357e-11 1.46917e-09 9.4027e-08 3.54832e-06 7.89579e-05 0.00103613 0.00802141 0.0366944 0.0998145 0.16539 0.181353 0.16034 0.136288 0.102869 0.061954 0.0300062 0.0117113 0.00352106 0.000780891 0.000124051 1.37594e-05 1.04169e-06 5.28266e-08 1.76478e-09 3.82267e-11
 1.13588e-11 1.2329e-09 7.89055e-08 2.9777e-06 6.62624e-05 0.000869626 0.00673519 0.030858 0.0844148 0.142669 0.165885 0.163796 0.153518 0.121481 0.0748896 0.0362973 0.0136934 0.00387919 0.00080786 0.000122008 1.30385e-05 9.55132e-07 4.66261e-08 1.4848e-09 3.03615e-11
 9.24172e-12 1.0031e-09 6.4199e-08 2.42274e-06 5.39151e-05 0.000707687 0.00548396 0.0251745 0.0693439 0.119909 0.148251 0.161753 0.165073 0.139516 0.0922664 0.0475325 0.018481 0.00522605 0.00105758 0.000151783 1.5207e-05 1.04152e-06 4.77324e-08 1.43457e-09 2.77606e-11
 1.22306e-11 1.32752e-09 8.49615e-08 3.20625e-06 7.1348e-05 0.000936359 0.00725131 0.0332041 0.0905819 0.151257 0.168699 0.153254 0.136179 0.112983 0.0785236 0.0430104 0.0176076 0.00518796 0.00107822 0.000155363 1.52268e-05 9.97274e-07 4.30056e-08 1.20501e-09 2.16642e-11
 1.17517e-11 1.27554e-09 8.1635e-08 3.08075e-06 6.85581e-05 0.000899869 0.00697207 0.0319778 0.0877148 0.148994 0.173516 0.167377 0.148994 0.112734 0.0684522 0.0338551 0.013414 0.00402137 0.00086437 0.00012812 1.27317e-05 8.30974e-07 3.5077e-08 9.45924e-10 1.61319e-11
 1.2456e-11 1.35199e-09 8.65278e-08 3.2654e-06 7.26675e-05 0.000953806 0.00738969 0.0338844 0.0928206 0.15676 0.17908 0.166279 0.143449 0.108069 0.0654069 0.0309543 0.0111779 0.00301017 0.000595166 8.42543e-05 8.22321e-06 5.33153e-07 2.23312e-08 5.93022e-10 9.85935e-12
 1.16702e-11 1.2667e-09 8.10695e-08 3.05946e-06 6.80877e-05 0.000893832 0.00692846 0.0318195 0.0875894 0.150018 0.177114 0.17217 0.151631 0.112313 0.0656875 0.0300257 0.0104782 0.00269269 0.000496225 6.43095e-05 5.74152e-06 3.45064e-07 1.36318e-08 3.46218e-10 5.54857e-12
 1.20936e-11 1.31266e-09 8.40111e-08 3.17048e-06 7.05595e-05 0.000926309 0.00718057 0.0329778 0.0907339 0.154924 0.180768 0.171428 0.14762 0.108718 0.0635736 0.0286314 0.0096329 0.00235053 0.0004078 4.93781e-05 4.08087e-06 2.25072e-07 8.12417e-09 1.88817e-10 2.78609e-12
 1.28336e-11 1.39297e-09 8.91516e-08 3.3645e-06 7.48786e-05 0.000983043 0.00762085 0.0350012 0.0962601 0.16386 0.188775 0.17331 0.142499 0.100361 0.0564103 0.0245602 0.00802576 0.00189863 0.000316266 3.62866e-05 2.80851e-06 1.4381e-07 4.78879e-09 1.02171e-10 1.37901e-12
 1.20962e-11 1.31294e-09 8.40305e-08 3.17131e-06 7.05843e-05 0.000926877 0.00719026 0.0330886 0.0915106 0.158084 0.187918 0.179624 0.150156 0.103677 0.0557795 0.0229932 0.00710333 0.00159306 0.000252201 2.7496e-05 2.01514e-06 9.71186e-08 3.02266e-09 5.9885e-11 7.46597e-13
 1.28488e-11 1.39463e-09 8.92587e-08 3.36864e-06 7.49768e-05 0.000984552 0.00763708 0.0351288 0.0969567 0.166236 0.193363 0.177693 0.143358 0.097578 0.0521573 0.0210655 0.0062331 0.00131515 0.00019413 1.96962e-05 1.34533e-06 6.05364e-08 1.76005e-09 3.25414e-11 3.77769e-13
 1.20526e-11 1.30821e-09 8.37287e-08 3.16006e-06 7.03423e-05 0.00092399 0.00717377 0.0330805 0.0919212 0.160257 0.192686 0.184179 0.150585 0.100322 0.051625 0.0200734 0.00574571 0.00117151 0.000165522 1.58595e-05 1.01117e-06 4.21731e-08 1.13327e-09 1.93603e-11 2.07825e-13
 1.21426e-11 1.31799e-09 8.43552e-08 3.18377e-06 7.08736e-05 0.000931081 0.00723074 0.0333605 0.0927694 0.161765 0.193892 0.183815 0.149314 0.0995503 0.0511571 0.019547 0.00539339 0.0010472 0.000140231 1.27106e-05 7.64431e-07 2.99249e-08 7.50198e-10 1.18886e-11 1.17876e-13
 1.07931e-11 1.17152e-09 7.49831e-08 2.83027e-06 6.30184e-05 0.000828387 0.00644383 0.0298615 0.083994 0.150473 0.189767 0.191053 0.160369 0.106714 0.0537996 0.020075 0.00539801 0.00101573 0.000130552 1.12384e-05 6.3659e-07 2.33493e-08 5.46779e-10 8.07597e-12 7.44649e-14
 1.08745e-11 1.18037e-09 7.55501e-08 2.85175e-06 6.35005e-05 0.000834825 0.00649523 0.0301057 0.0846487 0.151216 0.189189 0.188712 0.158842 0.107563 0.0551658 0.0206024 0.00543651 0.00099005 0.000122171 1.00409e-05 5.4008e-07 1.87022e-08 4.11168e-10 5.67443e-12 4.87108e-14
 1.12344e-11 1.21944e-09 7.80525e-08 2.94634e-06 6.56133e-05 0.000862797 0.00671605 0.0311564 0.0877065 0.156673 0.194721 0.19026 0.155041 0.101584 0.0507597 0.0186226 0.00484723 0.000867999 0.000104369 8.26556e-06 4.24208e-07 1.39142e-08 2.88256e-10 3.73399e-12 2.99878e-14
#pred catch len freq
 9.21964e-12 1.0007e-09 6.40449e-08 2.41686e-06 5.37785e-05 0.000705621 0.0054603 0.0249423 0.0675662 0.11104 0.122432 0.12032 0.129532 0.123124 0.0919242 0.0620406 0.0421105 0.0283506 0.0193987 0.0139283 0.0107277 0.00900019 0.00780279 0.00602068 0.00351586
 7.85767e-12 8.52875e-10 5.45839e-08 2.05983e-06 4.58344e-05 0.000601406 0.00465458 0.0212787 0.0578734 0.0969729 0.115505 0.134003 0.162822 0.156888 0.109285 0.0633006 0.0350096 0.0182879 0.00932756 0.00510916 0.00314368 0.00220494 0.00170284 0.0012533 0.000729564
 1.15725e-11 1.25609e-09 8.03895e-08 3.03365e-06 6.75028e-05 0.000885684 0.00685325 0.0312949 0.0846327 0.137946 0.146827 0.131626 0.129688 0.119755 0.0890779 0.0582448 0.0343495 0.0167601 0.00690233 0.00270405 0.00113174 0.000561687 0.000341539 0.000222617 0.000123929
 1.15955e-11 1.25858e-09 8.0549e-08 3.03967e-06 6.76368e-05 0.000887448 0.00686709 0.0313627 0.084879 0.138854 0.150126 0.140159 0.142504 0.128136 0.0853064 0.0463551 0.0241588 0.0119693 0.00529524 0.00203092 0.000677765 0.000218518 8.28944e-05 3.98383e-05 1.94573e-05
 9.16668e-12 9.94955e-10 6.3677e-08 2.40298e-06 5.34697e-05 0.000701582 0.00542951 0.0248126 0.0673638 0.111906 0.1289 0.139722 0.161536 0.152189 0.103091 0.0563395 0.0282592 0.0125025 0.00476112 0.00167079 0.000545452 0.000157551 4.12351e-05 1.16132e-05 3.93691e-06
 1.07173e-11 1.16326e-09 7.44483e-08 2.80945e-06 6.25142e-05 0.000820238 0.00634713 0.0289908 0.078498 0.128724 0.140619 0.134971 0.1418 0.132104 0.0946037 0.0577473 0.031992 0.0147481 0.00551764 0.00177526 0.000508214 0.000130747 3.0132e-05 6.22671e-06 1.26441e-06
 1.16555e-11 1.26509e-09 8.09659e-08 3.0554e-06 6.79869e-05 0.000892041 0.00690262 0.0315248 0.0853156 0.139551 0.150799 0.140597 0.142796 0.128463 0.0856809 0.0464477 0.0235875 0.0109301 0.00437802 0.00150318 0.000432341 0.000103462 2.10139e-05 3.6768e-06 5.60111e-07
 1.28159e-11 1.39105e-09 8.90269e-08 3.3596e-06 7.47556e-05 0.000980843 0.00758945 0.034654 0.0936805 0.152398 0.160812 0.140476 0.133342 0.117258 0.0785575 0.043212 0.0218871 0.00972565 0.00365593 0.00121845 0.00036144 9.08647e-05 1.85568e-05 3.02879e-06 3.97644e-07
 1.19193e-11 1.29373e-09 8.27983e-08 3.12456e-06 6.95256e-05 0.00091223 0.00705883 0.032238 0.087242 0.142672 0.154029 0.143208 0.144737 0.128881 0.0835366 0.0425384 0.0198852 0.00848791 0.00312608 0.00100619 0.000283729 6.90764e-05 1.42236e-05 2.37374e-06 3.07463e-07
 1.26144e-11 1.36917e-09 8.76265e-08 3.30675e-06 7.35797e-05 0.000965418 0.00747019 0.0341117 0.0922454 0.150312 0.159768 0.142424 0.137993 0.121465 0.0796077 0.0416485 0.0197874 0.00820723 0.00280625 0.000829251 0.000219537 5.09102e-05 1.00244e-05 1.62746e-06 2.10137e-07
 1.25429e-11 1.36142e-09 8.71304e-08 3.28804e-06 7.31632e-05 0.000959954 0.00742796 0.03392 0.0917423 0.149616 0.159597 0.143656 0.140438 0.12338 0.0795026 0.0401145 0.0183918 0.00756115 0.00260809 0.00076558 0.000193148 4.14577e-05 7.57146e-06 1.1587e-06 1.43286e-07
 1.2419e-11 1.34796e-09 8.62692e-08 3.25554e-06 7.244e-05 0.000950467 0.0073546 0.0335863 0.0908566 0.148308 0.158835 0.144522 0.142781 0.125579 0.0801784 0.0395017 0.0174782 0.00690004 0.00226535 0.000633997 0.00015545 3.26025e-05 5.69136e-06 8.12516e-07 9.33601e-08
 1.28344e-11 1.39305e-09 8.91553e-08 3.36445e-06 7.48634e-05 0.00098226 0.00760049 0.0347063 0.093847 0.152871 0.162246 0.143997 0.138644 0.121003 0.0776802 0.0388964 0.0175077 0.00692715 0.00223514 0.000603274 0.000140869 2.81056e-05 4.70892e-06 6.48003e-07 7.09858e-08
 1.18001e-11 1.28079e-09 8.19704e-08 3.09331e-06 6.88304e-05 0.00090311 0.00698833 0.0319174 0.0863938 0.141441 0.153422 0.144392 0.147562 0.131518 0.0843796 0.0417826 0.0185969 0.00736816 0.00241177 0.000661142 0.00015423 3.00046e-05 4.81207e-06 6.30192e-07 6.5931e-08
 1.04669e-11 1.13608e-09 7.27088e-08 2.74381e-06 6.10536e-05 0.000801081 0.00619917 0.0283213 0.0767722 0.126593 0.141506 0.143411 0.156806 0.143645 0.0938054 0.0477349 0.0218374 0.00871266 0.00281598 0.000758703 0.000175919 3.43567e-05 5.49872e-06 7.05573e-07 7.10595e-08
 1.07403e-11 1.16576e-09 7.46082e-08 2.81549e-06 6.26485e-05 0.000822003 0.00636093 0.0290568 0.078718 0.129416 0.142897 0.140711 0.150469 0.138143 0.0929441 0.0504587 0.0248152 0.0103971 0.00348263 0.000964807 0.000225954 4.38748e-05 6.96946e-06 8.91603e-07 8.92839e-08
 1.20267e-11 1.30538e-09 8.3544e-08 3.1527e-06 7.01518e-05 0.000920445 0.00712237 0.0325275 0.0880174 0.143873 0.155017 0.143372 0.14416 0.128161 0.0830897 0.0422691 0.0195391 0.00805192 0.00276434 0.000800074 0.00019528 3.90576e-05 6.29631e-06 8.06247e-07 8.03034e-08
 1.23961e-11 1.34547e-09 8.61101e-08 3.24953e-06 7.23065e-05 0.000948714 0.00734105 0.0335246 0.0906928 0.148065 0.158687 0.144661 0.143179 0.125953 0.0802892 0.0393983 0.0173395 0.00681364 0.00222583 0.000618535 0.000150044 3.08645e-05 5.18032e-06 6.86041e-07 6.96801e-08
 1.24154e-11 1.34757e-09 8.62446e-08 3.25461e-06 7.24194e-05 0.000950197 0.00735254 0.0335775 0.0908421 0.148358 0.159228 0.145693 0.144613 0.126881 0.0798706 0.0380173 0.0160196 0.00602989 0.00187039 0.000485415 0.000109742 2.14051e-05 3.51582e-06 4.71098e-07 4.93175e-08
 1.24967e-11 1.3564e-09 8.68096e-08 3.27593e-06 7.28938e-05 0.000956419 0.00740065 0.0337961 0.0914186 0.14918 0.159558 0.144661 0.142389 0.125057 0.079802 0.0392321 0.0171887 0.00659525 0.00203667 0.000515991 0.000111763 2.05259e-05 3.1513e-06 3.99574e-07 4.0694e-08
 1.32262e-11 1.43558e-09 9.1877e-08 3.46715e-06 7.71488e-05 0.00101224 0.00783245 0.0357641 0.0966885 0.157348 0.16629 0.14578 0.138219 0.119006 0.0743891 0.0351478 0.0146882 0.00550358 0.0017012 0.000435114 9.42626e-05 1.69739e-05 2.50027e-06 2.9901e-07 2.85612e-08
 1.33479e-11 1.44879e-09 9.27224e-08 3.49906e-06 7.78587e-05 0.00102156 0.00790451 0.036093 0.0975766 0.158783 0.167753 0.146904 0.138964 0.118994 0.0731832 0.0332291 0.0130879 0.00464613 0.00136479 0.000331101 6.91451e-05 1.22886e-05 1.79938e-06 2.11487e-07 1.94782e-08
 1.31061e-11 1.42254e-09 9.10425e-08 3.43566e-06 7.64481e-05 0.00100305 0.00776136 0.0354407 0.0958301 0.156079 0.165543 0.146594 0.140445 0.121087 0.0750048 0.034546 0.0138401 0.00492446 0.00141577 0.000328419 6.47437e-05 1.0871e-05 1.52146e-06 1.74049e-07 1.5784e-08
 1.29632e-11 1.40703e-09 9.00495e-08 3.39819e-06 7.56143e-05 0.000992112 0.00767675 0.035055 0.0947972 0.154477 0.164215 0.146349 0.141219 0.122232 0.0760485 0.0353596 0.0143685 0.00518315 0.00151084 0.000354732 6.97443e-05 1.13843e-05 1.51544e-06 1.63699e-07 1.41272e-08
 1.36355e-11 1.48001e-09 9.47203e-08 3.57445e-06 7.95362e-05 0.00104357 0.00807473 0.0368684 0.0996473 0.161947 0.170139 0.146608 0.136201 0.115886 0.0714097 0.0327002 0.0130224 0.00463477 0.00134454 0.000315922 6.24435e-05 1.02596e-05 1.36364e-06 1.44347e-07 1.19604e-08
 1.33499e-11 1.449e-09 9.27361e-08 3.49957e-06 7.78702e-05 0.00102171 0.0079057 0.0360989 0.0975987 0.158869 0.168075 0.147746 0.140237 0.119852 0.0728649 0.0320851 0.0120319 0.00407409 0.00114062 0.000259115 4.97923e-05 8.0606e-06 1.06773e-06 1.13168e-07 9.35022e-09
 1.32946e-11 1.443e-09 9.2352e-08 3.48508e-06 7.75477e-05 0.00101748 0.00787295 0.0359491 0.0971902 0.158176 0.167217 0.146703 0.139099 0.119372 0.0737431 0.0337981 0.0134143 0.00469947 0.00131319 0.000290337 5.37437e-05 8.3949e-06 1.07955e-06 1.12155e-07 9.181e-09
 1.31646e-11 1.42889e-09 9.14488e-08 3.45099e-06 7.67892e-05 0.00100753 0.00779602 0.0355994 0.0962651 0.156835 0.166563 0.148006 0.142125 0.121939 0.07401 0.032359 0.0119903 0.00401342 0.00111026 0.00024713 4.58048e-05 7.025e-06 8.71682e-07 8.69124e-08 6.8655e-09
#obs catch len freq
 9.73593e-12 1.05674e-09 6.76315e-08 2.55221e-06 5.67903e-05 0.000745145 0.00576639 0.0263448 0.0714106 0.117618 0.130442 0.129126 0.139783 0.135795 0.105332 0.0696903 0.0398275 0.0185716 0.00690746 0.00203258 0.000460271 7.73928e-05 9.34026e-06 7.83694e-07 4.44271e-08
 9.99855e-12 1.08525e-09 6.94558e-08 2.62105e-06 5.83222e-05 0.000765249 0.00592205 0.0270574 0.0733524 0.120831 0.133775 0.131109 0.13954 0.133832 0.10294 0.0673705 0.037818 0.0172153 0.00620832 0.0017561 0.000378901 6.02124e-05 6.81852e-06 5.33569e-07 2.8072e-08
 7.14516e-12 7.7554e-10 4.96345e-08 1.87306e-06 4.16789e-05 0.000546904 0.00423356 0.0193692 0.0528454 0.0895607 0.109918 0.131746 0.161351 0.160025 0.122149 0.0781687 0.0426001 0.0187519 0.00650804 0.00176129 0.000361356 5.42487e-05 5.76627e-06 4.2115e-07 2.05845e-08
 1.75558e-11 1.90552e-09 1.21953e-07 4.60212e-06 0.000102403 0.00134357 0.010395 0.0474374 0.127847 0.204694 0.200134 0.134072 0.0842724 0.0644091 0.052088 0.0376279 0.0217671 0.0095712 0.0032169 0.0008313 0.000161633 2.28676e-05 2.27916e-06 1.55377e-07 7.06038e-09
 7.4989e-12 8.13935e-10 5.20919e-08 1.9658e-06 4.37432e-05 0.000574031 0.00444486 0.0203619 0.0558537 0.0966418 0.125673 0.160777 0.193599 0.170108 0.10035 0.0439237 0.0175531 0.00694138 0.00238614 0.000628319 0.000119795 1.61518e-05 1.51161e-06 9.60818e-08 4.05483e-09
 1.3237e-11 1.43675e-09 9.19517e-08 3.46998e-06 7.72119e-05 0.00101308 0.0078392 0.0357967 0.0967482 0.156858 0.161654 0.1291 0.110569 0.10447 0.0899108 0.0618603 0.0305913 0.0103855 0.0025364 0.000494823 8.06268e-05 1.02199e-05 9.19228e-07 5.55933e-08 2.20186e-09
 1.11492e-11 1.21014e-09 7.74489e-08 2.9227e-06 6.50351e-05 0.000853371 0.00660531 0.030202 0.0821014 0.13642 0.153882 0.151177 0.150415 0.127032 0.0819676 0.0445031 0.0220724 0.00918207 0.00282319 0.000599607 8.69427e-05 8.8185e-06 6.43461e-07 3.36293e-08 1.21143e-09
 1.5887e-11 1.72438e-09 1.1036e-07 4.16467e-06 9.26699e-05 0.00121591 0.00940869 0.0429626 0.116083 0.187815 0.191161 0.144448 0.107924 0.0840813 0.0582927 0.0336727 0.0154889 0.00547177 0.00150095 0.000320086 5.02694e-05 5.43296e-06 3.88219e-07 1.81274e-08 5.54531e-10
 1.29401e-11 1.40452e-09 8.98893e-08 3.39217e-06 7.54817e-05 0.000990454 0.00766637 0.0350504 0.0952048 0.157397 0.173286 0.158778 0.144142 0.112665 0.0662796 0.0307781 0.0122543 0.00410489 0.00107876 0.000212116 3.03935e-05 3.09998e-06 2.18212e-07 1.0228e-08 3.09554e-10
 1.37962e-11 1.49745e-09 9.58368e-08 3.6166e-06 8.04757e-05 0.00105597 0.00817285 0.0373527 0.101287 0.166183 0.177677 0.151706 0.129518 0.103646 0.0678342 0.0355041 0.0144477 0.00436672 0.000976681 0.000165485 2.11689e-05 1.96652e-06 1.26958e-07 5.51203e-09 1.57084e-10
 1.39038e-11 1.50913e-09 9.65841e-08 3.64481e-06 8.11038e-05 0.00106423 0.00823742 0.0376578 0.102209 0.168199 0.181233 0.156222 0.132045 0.101484 0.0626172 0.0312414 0.0126634 0.00396172 0.000911636 0.000150307 1.74778e-05 1.41939e-06 7.98159e-08 3.06142e-09 7.83257e-11
 1.25615e-11 1.36343e-09 8.72598e-08 3.29295e-06 7.32752e-05 0.000961559 0.00744431 0.0340601 0.0927338 0.154347 0.172325 0.159632 0.143815 0.112902 0.0695171 0.033995 0.0132275 0.00393657 0.000870121 0.000140347 1.60874e-05 1.26916e-06 6.71482e-08 2.34252e-09 5.32874e-11
 1.39366e-11 1.51269e-09 9.6812e-08 3.65342e-06 8.1296e-05 0.00106679 0.00825806 0.0377642 0.102589 0.169143 0.182515 0.156166 0.129815 0.0998908 0.0632868 0.0321197 0.0126652 0.00371066 0.000790344 0.000121262 1.3177e-05 9.89276e-07 5.00377e-08 1.66732e-09 3.59113e-11
 1.34038e-11 1.45486e-09 9.31111e-08 3.51377e-06 7.81898e-05 0.00102608 0.00794457 0.0363569 0.0990178 0.16466 0.182073 0.162636 0.138132 0.103034 0.0610905 0.0289774 0.0109893 0.00318822 0.000678243 0.000102756 1.08122e-05 7.72895e-07 3.68524e-08 1.15325e-09 2.33275e-11
 1.1294e-11 1.22586e-09 7.8455e-08 2.96072e-06 6.58854e-05 0.000864723 0.00669835 0.0307058 0.0841362 0.142827 0.167504 0.166459 0.155018 0.120899 0.0732188 0.0346581 0.0126777 0.00346274 0.000691523 9.95296e-05 1.00759e-05 6.9578e-07 3.18914e-08 9.50447e-10 1.81382e-11
 9.23249e-12 1.0021e-09 6.41351e-08 2.42035e-06 5.3863e-05 0.000707056 0.00548035 0.0251762 0.0694929 0.120784 0.150581 0.16478 0.166595 0.138662 0.0899442 0.0451264 0.0169687 0.00461656 0.000894241 0.000122154 1.15849e-05 7.47406e-07 3.21304e-08 9.02659e-10 1.62831e-11
 1.22616e-11 1.33088e-09 8.5177e-08 3.21439e-06 7.15303e-05 0.000938793 0.00727117 0.0333088 0.090973 0.152348 0.170806 0.155673 0.1374 0.112334 0.0764748 0.0407155 0.0160913 0.00455178 0.000903221 0.000123593 1.14476e-05 7.05561e-07 2.85235e-08 7.46741e-10 1.25082e-11
 1.18277e-11 1.28378e-09 8.2163e-08 3.10069e-06 6.90034e-05 0.000905772 0.00701915 0.0322112 0.0884814 0.150768 0.176302 0.169761 0.149163 0.110895 0.0660499 0.0318466 0.0121931 0.00350453 0.000717494 0.000100744 9.44068e-06 5.78835e-07 2.28776e-08 5.76024e-10 9.14982e-12
 1.25609e-11 1.36337e-09 8.72566e-08 3.29292e-06 7.32816e-05 0.000961927 0.00745395 0.034196 0.0937907 0.158811 0.181992 0.16855 0.143444 0.105994 0.0626986 0.028825 0.0100478 0.00259671 0.000489439 6.55933e-05 6.02599e-06 3.66231e-07 1.43355e-08 3.54923e-10 5.49061e-12
 1.1816e-11 1.28252e-09 8.20824e-08 3.09771e-06 6.8941e-05 0.000905107 0.00701744 0.0322472 0.0888905 0.152637 0.180543 0.174466 0.151107 0.109622 0.0626189 0.0277786 0.00933982 0.00229816 0.000403164 4.94482e-05 4.15521e-06 2.33937e-07 8.62478e-09 2.03862e-10 3.03462e-12
 1.22679e-11 1.33158e-09 8.52224e-08 3.21623e-06 7.15797e-05 0.00093978 0.00728662 0.0334835 0.0922406 0.157832 0.184345 0.17362 0.146896 0.10581 0.0603022 0.0263011 0.00851316 0.00198686 0.000327762 3.75166e-05 2.91592e-06 1.50594e-07 5.07183e-09 1.09656e-10 1.50161e-12
 1.30302e-11 1.41431e-09 9.05179e-08 3.4161e-06 7.60293e-05 0.000998236 0.00774032 0.0355687 0.0979309 0.16699 0.192399 0.1752 0.141332 0.0972245 0.0532107 0.0224163 0.00703795 0.00158981 0.00025142 2.72383e-05 1.98112e-06 9.49407e-08 2.94869e-09 5.85123e-11 7.32859e-13
 1.23187e-11 1.33709e-09 8.55763e-08 3.2297e-06 7.1887e-05 0.000944087 0.00732579 0.0337337 0.0934115 0.161625 0.19191 0.181476 0.148519 0.100033 0.0523516 0.0208636 0.00618768 0.00132381 0.000198741 2.04348e-05 1.40583e-06 6.33575e-08 1.83824e-09 3.38639e-11 3.91733e-13
 1.30857e-11 1.42035e-09 9.09052e-08 3.43083e-06 7.63643e-05 0.00100288 0.00778127 0.0358127 0.0989514 0.16987 0.197309 0.179384 0.141615 0.0938809 0.048703 0.0189775 0.00538327 0.00108264 0.000151454 1.44822e-05 9.27796e-07 3.90059e-08 1.05635e-09 1.81484e-11 1.95397e-13
 1.23074e-11 1.33588e-09 8.55004e-08 3.227e-06 7.18366e-05 0.000943753 0.00732963 0.0338229 0.0940991 0.164232 0.196935 0.185799 0.148416 0.0962469 0.0480522 0.0180135 0.00493646 0.000957782 0.00012807 1.15549e-05 6.90667e-07 2.69044e-08 6.73152e-10 1.06806e-11 1.06273e-13
 1.24136e-11 1.34741e-09 8.6239e-08 3.25496e-06 7.24629e-05 0.000952105 0.00739655 0.0341493 0.0950717 0.165919 0.198252 0.185425 0.147052 0.0952921 0.0474121 0.0174351 0.00460081 0.000849397 0.000107551 9.17006e-06 5.1653e-07 1.88727e-08 4.40363e-10 6.48047e-12 5.95546e-14
 1.1073e-11 1.20192e-09 7.69297e-08 2.90387e-06 6.46631e-05 0.000850193 0.00661657 0.03069 0.0864425 0.154956 0.194517 0.19278 0.157838 0.102066 0.0497967 0.0178649 0.00458766 0.000819592 9.9487e-05 8.0495e-06 4.26793e-07 1.46029e-08 3.18109e-10 4.36102e-12 3.72566e-14
 1.1169e-11 1.21234e-09 7.75981e-08 2.92918e-06 6.52312e-05 0.000857772 0.00667693 0.0309752 0.087204 0.155851 0.194076 0.190581 0.156382 0.102737 0.0508759 0.0182337 0.00458944 0.000792742 9.22911e-05 7.12197e-06 3.58254e-07 1.15652e-08 2.36425e-10 3.02766e-12 2.40756e-14
#spawning biomass
 16967 13303.8 12410.9 17332.6 20728.4 21077.4 22298.3 34180 48869.4 63209.7 84459.8 98664.2 122174 151095 148291 134776 110298 110466 106990 118711 119670 122706 134929 144046 145015 142887 153543 131816 117749 205810 217666 196092 165481 136764 113766 96903.1 85213.3 77415 72352.6 69131.2 67111.4 65858.6 65084.3 64605 64318.9 64148.1 64046.2 63985.3 63949 63927.3 63914.4 63906.6 63902 63899.3 63897.6 63896.7 63896.1 63895.7 63895.5 63895.4 63895.3 63895.3 63895.2 63895.2 63895.2 63895.2 63895.2 63895.2 63895.2 63895.2 63895.2 63895.2 63895.2 63895.2 63895.2 63895.2 63895.2 63895.2 63895.2 63895.2 63895.2 63895.2 63895.2 63895.2 63895.2 63895.2 63895.2 63895.2 63895.2 63895.2 63895.2 63895.2 63895.2 63895.2 63895.2 63895.2 63895.2 63895.2 63895.2 63895.2 63895.2 63895.2 63895.2 63895.2 63895.2 63895.2 63895.2 63895.2 63895.2 63895.2 63895.2 63895.2 63895.2 63895.2 63895.2 63895.2 63895.2 63895.2 63895.2 63895.2 63895.2 63895.2 63895.2 63895.2 63895.2 63895.2 63895.2 63895.2 0 0 0 0 0 0 0 0 0 0 0 0 0 0 0 0 0 0 0 0 0 0 0 0 0
