SBPRF35
0.240959
Curr Bio
140322
B35
185404
F35
0.403091
FOFL
0.205931
OFL
23364.9
Bzero
68845.4
#pred survey bio
 24081.3 22005.2 17106.3 15261.2 25361 41877.9 58015.7 72602.2 104810 141113 156392 186335 223320 249954 240421 204985 195511 191016 183793 186150 218985 236989 260739 251786 243321 240513 229769 225231 207180 5.79711e+06 3.30041e+06 2.46132e+06 1.7496e+06 1.28659e+06 1.01934e+06 873949 796820 756034 734197 722234 715486 711558 709203 707753 706838 706256 705881 705636 705476 705371 705301 705254 705224 705203 705190 705181 705175 705171 705168 705166 705165 705164 705164 705163 705163 705163 705163 705163 705163 705163 705163 705163 705163 705163 705163 705163 705163 705163 705163 705163 705163 705163 705163 705163 705163 705163 705163 705163 705163 705163 705163 705163 705163 705163 705163 705163 705163 705163 705163 705163 705163 705163 705163 705163 705163 705163 705163 705163 705163 705163 705163 705163 705163 705163 705163 705163 705163 705163 705163 705163 705163 705163 705163 705163 705163 705163 705163 705163 705163 0 0 0 0 0 0 0 0 0 0 0 0 0 0 0 0 0 0 0 0 0 0 0 0 0
#obs survey bio
 18152.5 15048.9 9172.07 19452.5 45134.8 46218.2 65078.7 62903.5 106246 118781 167359 227501 291746 304073 243017 160895 189397 162848 150617 204485 285964 217791 280998 236760 174557 232155 229772 172020 133180
#pred catch bio
 2813.73 3571.35 3179.42 2726.23 4583.21 7957.38 13729.9 14591.3 24503 52595 55259.6 66910.8 80766 97120.5 109061 91369 81544.4 80345.4 76819.9 64163.7 81999.4 82490.1 107857 105215 96854.4 97310.2 91179.7 99137.6 116327 23364.9 42152.1 30276 20705.2 14729.1 11444.7 9767.8 8949.87 8562.51 8382.62 8300.17 8262.72 8245.81 8238.21 8234.8 8233.28 8232.6 8232.3 8232.16 8232.1 8232.07 8232.06 8232.06 8232.06 8232.05 8232.05 8232.05 8232.05 8232.05 8232.05 8232.05 8232.05 8232.05 8232.05 8232.05 8232.05 8232.05 8232.05 8232.05 8232.05 8232.05 8232.05 8232.05 8232.05 8232.05 8232.05 8232.05 8232.05 8232.05 8232.05 8232.05 8232.05 8232.05 8232.05 8232.05 8232.05 8232.05 8232.05 8232.05 8232.05 8232.05 8232.05 8232.05 8232.05 8232.05 8232.05 8232.05 8232.05 8232.05 8232.05 8232.05 8232.05 8232.05 8232.05 8232.05 8232.05 8232.05 8232.05 8232.05 8232.05 8232.05 8232.05 8232.05 8232.05 8232.05 8232.05 8232.05 8232.05 8232.05 8232.05 8232.05 8232.05 8232.05 8232.05 8232.05 8232.05 8232.05 8232.05 8232.05 8232.05 0 0 0 0 0 0 0 0 0 0 0 0 0 0 0 0 0 0 0 0 0 0 0 0 0
#obs catch bio
 3317.39 3674.15 3448.65 2802.54 4528.14 7757.06 13238.4 13998.5 23583.8 51909.9 53601.3 63020.9 73801.2 93470.5 110066 97069.6 84432.7 86663.8 78895.4 66258 81939 80105.5 104920 100002 100037 99827.4 90296 98779.1 118436
#pred cpue bio
 23206.9 21699.8 16945.8 14492.2 22632.5 38500.2 54347.2 67758.8 96543.6 130996 144008 171239 205013 231635 225293 190536 179775 177424 170372 171479 202051 219440 242264 233592 225525 223626 214020 209283 191884 5.25873e+06 3.27517e+06 2.42865e+06 1.71657e+06 1.25354e+06 986296 840901 763772 722985 701149 689186 682437 678510 676155 674704 673790 673208 672832 672588 672428 672322 672252 672206 672175 672155 672141 672132 672126 672122 672120 672118 672117 672116 672115 672115 672115 672115 672114 672114 672114 672114 672114 672114 672114 672114 672114 672114 672114 672114 672114 672114 672114 672114 672114 672114 672114 672114 672114 672114 672114 672114 672114 672114 672114 672114 672114 672114 672114 672114 672114 672114 672114 672114 672114 672114 672114 672114 672114 672114 672114 672114 672114 672114 672114 672114 672114 672114 672114 672114 672114 672114 672114 672114 672114 672114 672114 672114 672114 672114 672114 0 0 0 0 0 0 0 0 0 0 0 0 0 0 0 0 0 0 0 0 0 0 0 0 0
#obs cpue bio
 23885.6 25724.2 10182 20857.1 25131.7 42085.6 68424 82727.3 95489.6 162829 142775 217169 259121 161607 181900 155668 171506 130745 242740 109261 219111 279435 266769 329890 181335 229084 248350 270155 282527
#pred surv len freq
 2.61675e-11 1.2308e-09 4.00862e-08 9.04044e-07 1.4118e-05 0.000152666 0.00114317 0.00592797 0.0212936 0.0530432 0.0920368 0.113151 0.104769 0.0862408 0.0778439 0.0756624 0.0697082 0.0609349 0.0529358 0.0458326 0.0395214 0.0342357 0.029009 0.0223014 0.0142412
 1.27377e-11 5.99121e-10 1.9513e-08 4.40067e-07 6.87232e-06 7.43159e-05 0.000556518 0.00288662 0.0103799 0.0259657 0.0457973 0.0598061 0.066591 0.0779473 0.096826 0.108064 0.102672 0.0892308 0.0763918 0.0648106 0.0538561 0.043871 0.0344702 0.0247502 0.0150452
 9.8926e-12 4.653e-10 1.51545e-08 3.41773e-07 5.33729e-06 5.7716e-05 0.000432195 0.0022415 0.00805623 0.0201145 0.0352171 0.044801 0.0464428 0.0493077 0.0606644 0.0773007 0.0941591 0.107059 0.109469 0.099383 0.0824967 0.0646507 0.0477757 0.032034 0.0183319
 3.44919e-11 1.62233e-09 5.28383e-08 1.19164e-06 1.86091e-05 0.00020123 0.00150678 0.00781275 0.028053 0.0697752 0.120344 0.144541 0.12293 0.0788417 0.0462256 0.0338702 0.0339265 0.0402271 0.0489371 0.054965 0.0540354 0.0459733 0.0340669 0.0218955 0.0118517
 4.6075e-11 2.16715e-09 7.05826e-08 1.59181e-06 2.48584e-05 0.000268808 0.0020128 0.0104366 0.0374755 0.0932233 0.160867 0.193586 0.165796 0.108465 0.0647504 0.0423715 0.0286403 0.018329 0.0130549 0.0123792 0.0133057 0.0130885 0.0107877 0.00724111 0.00389356
 3.72123e-11 1.75029e-09 5.70058e-08 1.28562e-06 2.00769e-05 0.000217103 0.00162567 0.00842983 0.030278 0.0754004 0.130668 0.159877 0.145495 0.114054 0.0944451 0.0816815 0.061853 0.038503 0.0211316 0.0117171 0.00763968 0.00613032 0.00510638 0.00366029 0.00206543
 3.26022e-11 1.53345e-09 4.99436e-08 1.12635e-06 1.75896e-05 0.000190207 0.00142428 0.00738563 0.0265291 0.0660809 0.114629 0.140783 0.12987 0.105751 0.0934747 0.0877614 0.0754955 0.0577279 0.0400939 0.0247921 0.0134629 0.00694912 0.00390898 0.00236756 0.00130333
 3.44084e-11 1.61841e-09 5.27104e-08 1.18875e-06 1.85641e-05 0.000200744 0.00150317 0.00779453 0.027995 0.0697034 0.120716 0.147334 0.132961 0.10223 0.0836669 0.0757291 0.0662055 0.0539964 0.0420047 0.0302493 0.0191536 0.0104275 0.00497442 0.00220057 0.000934685
 3.79308e-11 1.78408e-09 5.81065e-08 1.31045e-06 2.04645e-05 0.000221295 0.00165704 0.00859225 0.0308578 0.076809 0.132869 0.161442 0.14334 0.105156 0.0795361 0.0672101 0.0557081 0.0432452 0.0329137 0.0245297 0.0169731 0.0103578 0.00537446 0.00233293 0.000853338
 3.54404e-11 1.66695e-09 5.42914e-08 1.22441e-06 1.91209e-05 0.000206765 0.00154826 0.00802837 0.0288356 0.0718036 0.124403 0.152061 0.137928 0.107346 0.0886735 0.0785839 0.064177 0.0468361 0.0328105 0.0228825 0.0154507 0.00966676 0.00533531 0.00247327 0.000929635
 3.75862e-11 1.76788e-09 5.75786e-08 1.29854e-06 2.02786e-05 0.000219284 0.00164199 0.00851426 0.0305786 0.076122 0.131736 0.160325 0.14319 0.106837 0.0830363 0.0713696 0.0589495 0.0444805 0.031831 0.0217338 0.0138721 0.00821363 0.004432 0.00208452 0.00081097
 3.78485e-11 1.78021e-09 5.79804e-08 1.3076e-06 2.04201e-05 0.000220815 0.00165345 0.00857371 0.0307924 0.0766571 0.132682 0.161569 0.144589 0.108435 0.0847263 0.0724282 0.0585164 0.0426385 0.0296489 0.0201063 0.0128522 0.0075031 0.00391826 0.00178409 0.000683873
 3.80027e-11 1.78747e-09 5.82166e-08 1.31293e-06 2.05033e-05 0.000221714 0.00166019 0.00860864 0.0309178 0.0769688 0.133218 0.162207 0.145112 0.108732 0.0848664 0.0725491 0.0586637 0.042668 0.0293425 0.0194574 0.0121174 0.00692644 0.00355682 0.00158905 0.00059582
 3.55657e-11 1.67284e-09 5.44833e-08 1.22873e-06 1.91885e-05 0.000207496 0.00155373 0.00805677 0.0289377 0.0720594 0.124856 0.152664 0.138633 0.108239 0.0898699 0.0800243 0.0656048 0.0478366 0.0328609 0.0216968 0.0133689 0.00750124 0.00376338 0.00164282 0.000603131
 3.26852e-11 1.53736e-09 5.00708e-08 1.12922e-06 1.76344e-05 0.000190692 0.0014279 0.00740443 0.0265965 0.0662471 0.114906 0.141069 0.12995 0.105382 0.0924331 0.085865 0.0728887 0.0554384 0.0397419 0.0269539 0.0167565 0.00937187 0.00464806 0.00199378 0.000717024
 3.53795e-11 1.66408e-09 5.4198e-08 1.2223e-06 1.9088e-05 0.00020641 0.00154559 0.00801448 0.0287847 0.0716675 0.124102 0.151393 0.136374 0.10427 0.0843776 0.0751121 0.0639585 0.0502137 0.0376856 0.0268042 0.0173947 0.01005 0.00506957 0.00217891 0.000776973
 3.79572e-11 1.78533e-09 5.8147e-08 1.31136e-06 2.04788e-05 0.000221449 0.0016582 0.0085983 0.0308802 0.0768715 0.133023 0.161844 0.144384 0.107342 0.0827851 0.0703369 0.0571694 0.0424549 0.0304829 0.0215414 0.0143804 0.00867855 0.00456585 0.00202496 0.000735057
 3.49936e-11 1.64593e-09 5.36069e-08 1.20897e-06 1.88798e-05 0.000204159 0.00152874 0.00792723 0.0284731 0.0709083 0.122902 0.150465 0.137244 0.108398 0.0913804 0.0818688 0.0667544 0.048062 0.0327095 0.0218005 0.0139205 0.00826371 0.00440335 0.00201213 0.000754625
 3.57958e-11 1.68366e-09 5.48358e-08 1.23668e-06 1.93126e-05 0.000208839 0.00156378 0.00810881 0.0291238 0.0725139 0.125584 0.153273 0.138297 0.10619 0.0863381 0.0766613 0.0643025 0.0489457 0.0351145 0.0237397 0.0147429 0.00834928 0.00427696 0.00192148 0.000724105
 3.73962e-11 1.75894e-09 5.72875e-08 1.29198e-06 2.01761e-05 0.000218176 0.00163369 0.00847125 0.0304244 0.0757415 0.1311 0.159656 0.142926 0.107319 0.0841383 0.0724436 0.0593622 0.0442898 0.0316459 0.0218713 0.0140481 0.00810934 0.00411838 0.00180142 0.000661248
 3.68593e-11 1.73368e-09 5.6465e-08 1.27343e-06 1.98864e-05 0.000215043 0.00161024 0.00834969 0.0299885 0.0746632 0.12928 0.157658 0.141838 0.107969 0.0863813 0.0751676 0.0613208 0.044982 0.0313727 0.0212393 0.0135415 0.00788246 0.00406719 0.0017965 0.000657113
 3.59417e-11 1.69052e-09 5.50593e-08 1.24172e-06 1.93913e-05 0.00020969 0.00157015 0.00814189 0.0292428 0.0728132 0.126121 0.154018 0.13925 0.107462 0.0878229 0.0776784 0.0640455 0.0474195 0.0332185 0.0223387 0.0140143 0.0080233 0.0041054 0.00181595 0.000668154
 3.51586e-11 1.65369e-09 5.38597e-08 1.21467e-06 1.89688e-05 0.000205121 0.00153595 0.00796453 0.0286062 0.0712313 0.123404 0.150808 0.136698 0.106258 0.0878754 0.0786498 0.0657557 0.049684 0.0356155 0.0243688 0.0154032 0.0087961 0.00445763 0.00195066 0.000712838
 3.56426e-11 1.67646e-09 5.46012e-08 1.23139e-06 1.923e-05 0.000207945 0.00155709 0.00807413 0.0289994 0.0722056 0.12506 0.152681 0.137913 0.106186 0.0865894 0.0767815 0.0639885 0.048403 0.0349463 0.0242603 0.0156283 0.00907866 0.00464496 0.00203431 0.000739756
 3.58514e-11 1.68628e-09 5.4921e-08 1.2386e-06 1.93426e-05 0.000209163 0.00156621 0.00812142 0.0291692 0.0726282 0.12579 0.153563 0.138677 0.10669 0.086833 0.0767143 0.0634965 0.047522 0.0339513 0.0234717 0.01519 0.00893038 0.00463975 0.00205996 0.000755453
 3.49809e-11 1.64534e-09 5.35875e-08 1.20853e-06 1.8873e-05 0.000204085 0.00152819 0.0079243 0.0284619 0.0708744 0.122801 0.150145 0.136332 0.106448 0.0885358 0.0793461 0.0660387 0.0494894 0.0352715 0.0242297 0.0155642 0.00911666 0.00475136 0.00212854 0.000789504
 3.45801e-11 1.62648e-09 5.29735e-08 1.19468e-06 1.86567e-05 0.000201746 0.00151067 0.00783351 0.0281359 0.0700635 0.121403 0.148468 0.134918 0.105593 0.0882177 0.0795518 0.0668627 0.0508583 0.0368103 0.025519 0.016418 0.00958568 0.00497539 0.0022258 0.000827913
 3.53431e-11 1.66237e-09 5.41423e-08 1.22104e-06 1.90683e-05 0.000206198 0.001544 0.00800627 0.0287557 0.0715993 0.124013 0.151416 0.136815 0.105451 0.0861847 0.0767111 0.0643563 0.0492073 0.0359868 0.0252913 0.0165017 0.00973741 0.005079 0.00227305 0.000844635
 3.60984e-11 1.6979e-09 5.52994e-08 1.24714e-06 1.94759e-05 0.000210604 0.001577 0.00817736 0.0293699 0.0731256 0.126636 0.154523 0.139308 0.106675 0.086203 0.0757683 0.0625561 0.0467818 0.0335072 0.0233414 0.0152897 0.00912262 0.00481721 0.00217673 0.000813418
#obs surv len freq
 2.47027e-11 1.16189e-09 3.78421e-08 8.53436e-07 1.33276e-05 0.00014412 0.00107918 0.00559622 0.0201031 0.0500883 0.0869835 0.107287 0.10045 0.0849589 0.0792188 0.0781883 0.0722175 0.0635171 0.0564976 0.0507753 0.0448754 0.0379759 0.0294658 0.0197592 0.0108046
 1.02367e-15 4.82233e-14 1.58029e-12 3.65077e-11 6.23964e-10 9.05997e-09 1.36624e-07 2.12504e-06 2.7835e-05 0.000268809 0.00182919 0.00866993 0.028603 0.0660619 0.108598 0.132258 0.129497 0.114524 0.0994074 0.0856489 0.0726002 0.0596519 0.0455158 0.0302946 0.0165412
 1.30788e-11 6.15163e-10 2.00355e-08 4.5185e-07 7.05628e-06 7.63033e-05 0.000571343 0.00296235 0.0106356 0.0264411 0.0455213 0.0543105 0.0452413 0.0283276 0.0215292 0.0362128 0.0704053 0.106888 0.125114 0.120373 0.102824 0.0818489 0.0603312 0.0392239 0.0211551
 5.11483e-11 2.40577e-09 7.83543e-08 1.76709e-06 2.75956e-05 0.000298406 0.0022344 0.0115852 0.0415954 0.103422 0.178131 0.212774 0.177065 0.104474 0.0465512 0.0187604 0.00944743 0.00820356 0.0112815 0.0156048 0.0176849 0.016231 0.0124142 0.007987 0.00422463
 3.63657e-11 1.71047e-09 5.57088e-08 1.25637e-06 1.96201e-05 0.000212164 0.00158869 0.00823823 0.0295922 0.0737139 0.127893 0.157176 0.145229 0.118223 0.102326 0.0890038 0.0639013 0.0346469 0.0151062 0.00752197 0.00642157 0.00669571 0.00598287 0.00420908 0.00229738
 3.95519e-11 1.86033e-09 6.05897e-08 1.36645e-06 2.13391e-05 0.000230752 0.00172785 0.0089594 0.0321759 0.080084 0.138496 0.168099 0.148683 0.107934 0.0804656 0.0679014 0.0568796 0.0434616 0.0296008 0.0171837 0.00847581 0.00420159 0.00261519 0.00177892 0.00102361
 2.54195e-11 1.19561e-09 3.89402e-08 8.78201e-07 1.37144e-05 0.000148303 0.00111052 0.00575919 0.0206947 0.0516236 0.0900672 0.113047 0.112024 0.106964 0.111723 0.111722 0.0940094 0.0681409 0.0466295 0.0308691 0.0185753 0.0096418 0.00441023 0.00195261 0.000873071
 4.41905e-11 2.07851e-09 6.76956e-08 1.52671e-06 2.38417e-05 0.000257814 0.00193047 0.0100097 0.0359424 0.0894056 0.154255 0.185524 0.158602 0.103443 0.0626335 0.0453796 0.0393274 0.0351657 0.0294009 0.0216217 0.0137508 0.00761794 0.00366003 0.00150857 0.000538402
 3.24506e-11 1.52632e-09 4.97113e-08 1.12112e-06 1.75079e-05 0.000189323 0.00141767 0.00735153 0.0264093 0.0658073 0.114325 0.141208 0.132748 0.112826 0.103561 0.0949597 0.0735728 0.0474556 0.0291965 0.0195974 0.013611 0.00856347 0.00452889 0.00196214 0.000691047
 3.92875e-11 1.84789e-09 6.01846e-08 1.35732e-06 2.11964e-05 0.000229209 0.0017163 0.00889945 0.0319601 0.0795416 0.137522 0.166746 0.146943 0.105538 0.0773887 0.0649916 0.055436 0.0442264 0.0324399 0.0212746 0.0124829 0.00685381 0.00355131 0.00162642 0.000610719
 3.66541e-11 1.72403e-09 5.61506e-08 1.26634e-06 1.97757e-05 0.000213846 0.00160128 0.00830327 0.0298227 0.0742574 0.128627 0.157098 0.14208 0.10965 0.0892425 0.0777084 0.0619499 0.043699 0.0296197 0.0200858 0.0128916 0.00735673 0.00364404 0.0015598 0.000567611
 4.01109e-11 1.88663e-09 6.14462e-08 1.38577e-06 2.16407e-05 0.000234014 0.00175228 0.00908603 0.0326306 0.0812146 0.140443 0.170424 0.150597 0.108909 0.0802433 0.0660276 0.0531086 0.0390119 0.0269684 0.0176845 0.0107795 0.00603601 0.00303635 0.00131655 0.000473345
 3.84579e-11 1.80888e-09 5.89139e-08 1.32866e-06 2.07489e-05 0.00022437 0.00168007 0.00871178 0.0312886 0.0778945 0.134839 0.16427 0.147234 0.110844 0.0869053 0.0738089 0.0581977 0.0404483 0.0264173 0.0168817 0.0102446 0.00567524 0.00279551 0.00119205 0.000425906
 3.40935e-11 1.60359e-09 5.22279e-08 1.17787e-06 1.83942e-05 0.000198907 0.00148942 0.0077234 0.027742 0.069097 0.119828 0.147008 0.13508 0.108764 0.0941975 0.0859725 0.0708179 0.0511833 0.0343398 0.021805 0.0127885 0.00682268 0.00327122 0.00136938 0.000481908
 3.01837e-11 1.41969e-09 4.62385e-08 1.0428e-06 1.62848e-05 0.000176097 0.00131863 0.0068379 0.0245635 0.0612018 0.106283 0.131085 0.122689 0.103536 0.0956482 0.0919802 0.0799109 0.0622047 0.0453936 0.0308227 0.0187963 0.0101296 0.00478689 0.00195073 0.000668335
 3.87161e-11 1.82102e-09 5.93094e-08 1.33758e-06 2.08882e-05 0.000225876 0.00169134 0.00877003 0.0314953 0.0783843 0.135518 0.164305 0.144745 0.103833 0.0758798 0.0633853 0.0539906 0.0439699 0.0344908 0.0253609 0.0167547 0.00969012 0.0048054 0.001999 0.000683314
 3.45563e-11 1.62536e-09 5.2937e-08 1.19386e-06 1.86439e-05 0.000201608 0.00150964 0.00782824 0.0281183 0.0700316 0.12143 0.148887 0.136511 0.109222 0.0934518 0.0837657 0.0670795 0.0469186 0.0315632 0.0217564 0.0147457 0.00913283 0.00488405 0.00216701 0.000775183
 3.26082e-11 1.53373e-09 4.99527e-08 1.12656e-06 1.75929e-05 0.000190242 0.00142454 0.00738697 0.0265338 0.0660893 0.114624 0.140683 0.129475 0.104785 0.0918062 0.0855901 0.0733128 0.056298 0.0403166 0.0269689 0.0166579 0.00957665 0.00505735 0.00232685 0.000878966
 3.66493e-11 1.72381e-09 5.61433e-08 1.26617e-06 1.97731e-05 0.000213818 0.00160106 0.00830204 0.0298166 0.0742256 0.128459 0.156363 0.139743 0.104507 0.0817318 0.0711612 0.0602971 0.0475458 0.0359654 0.025741 0.0167296 0.00966572 0.00492231 0.00217704 0.000811842
 3.59452e-11 1.69069e-09 5.50646e-08 1.24185e-06 1.93932e-05 0.00020971 0.00157031 0.00814268 0.0292458 0.0728207 0.126137 0.154048 0.139306 0.107529 0.0877655 0.0771881 0.0629133 0.0460132 0.0324109 0.0226566 0.0151021 0.00913815 0.00482791 0.00215836 0.000796058
 3.56225e-11 1.67551e-09 5.45703e-08 1.2307e-06 1.92191e-05 0.000207828 0.00155621 0.00806959 0.0289834 0.0721678 0.125009 0.152689 0.138143 0.106823 0.0876278 0.0778767 0.0646427 0.0482992 0.0341152 0.0230898 0.0146592 0.00860189 0.00455308 0.00208057 0.000784395
 3.61782e-11 1.70165e-09 5.54216e-08 1.2499e-06 1.9519e-05 0.00021107 0.00158049 0.00819543 0.0294349 0.073287 0.126914 0.154856 0.13959 0.106862 0.0863559 0.0759981 0.0629169 0.0471512 0.0336071 0.0229873 0.0146014 0.00842028 0.0043373 0.00194285 0.000729523
 3.43255e-11 1.61451e-09 5.25834e-08 1.18589e-06 1.85194e-05 0.000200261 0.00149956 0.00777589 0.0279297 0.0695555 0.120562 0.147626 0.134744 0.106659 0.0903937 0.0818302 0.0680903 0.0507212 0.0358734 0.0244725 0.0155908 0.00901962 0.00463 0.00204892 0.000757285
 3.7602e-11 1.76862e-09 5.76027e-08 1.29909e-06 2.02871e-05 0.000219376 0.00164268 0.00851782 0.0305914 0.0761524 0.13178 0.160342 0.143085 0.106512 0.082512 0.0708661 0.0587611 0.0447523 0.0324626 0.0224307 0.0143062 0.00825717 0.00423194 0.00186877 0.000687049
 3.37464e-11 1.58727e-09 5.16963e-08 1.16588e-06 1.82069e-05 0.000196883 0.00147426 0.00764479 0.0274597 0.0683944 0.118612 0.145534 0.133773 0.107792 0.093381 0.0850885 0.0699097 0.0507189 0.034967 0.0236494 0.015168 0.00886722 0.00458025 0.00202624 0.000743807
 3.41996e-11 1.60858e-09 5.23905e-08 1.18154e-06 1.84514e-05 0.000199526 0.00149405 0.0077473 0.0278264 0.0692922 0.120065 0.146823 0.133407 0.10443 0.0874875 0.0796237 0.0681742 0.0531411 0.0390286 0.0268452 0.0168718 0.00962276 0.00491884 0.00217926 0.000803605
 3.39819e-11 1.59834e-09 5.2057e-08 1.17402e-06 1.8334e-05 0.000198256 0.00148454 0.00769801 0.0276496 0.0688548 0.119326 0.146008 0.132942 0.104595 0.0880671 0.079908 0.0675879 0.0520531 0.0385354 0.0274984 0.0181233 0.0106695 0.00548807 0.00241174 0.000881878
 3.65724e-11 1.72019e-09 5.60255e-08 1.26352e-06 1.97316e-05 0.00021337 0.0015977 0.00828466 0.0297546 0.0740759 0.128231 0.156233 0.140095 0.10572 0.0836722 0.0728942 0.0607053 0.0463744 0.0340293 0.0241421 0.0160196 0.00965296 0.00512171 0.00230771 0.000854083
 3.56999e-11 1.67915e-09 5.46889e-08 1.23337e-06 1.92609e-05 0.00020828 0.00155959 0.00808715 0.0290467 0.0723272 0.125298 0.153102 0.138701 0.107597 0.0884963 0.0782999 0.0640591 0.0468812 0.0327496 0.0224456 0.0146461 0.00879519 0.00470613 0.00215857 0.00081599
#pred catch len freq
 2.31264e-11 1.08776e-09 3.54275e-08 7.98979e-07 1.24772e-05 0.000134924 0.00101033 0.00523925 0.018822 0.0469089 0.0815474 0.100982 0.0958305 0.0836931 0.0810725 0.0817847 0.0761525 0.0666593 0.0578752 0.0500845 0.0431785 0.0374009 0.0316901 0.0243624 0.0155573
 1.07968e-11 5.07832e-10 1.65398e-08 3.73013e-07 5.82518e-06 6.29927e-05 0.000471734 0.00244708 0.00880259 0.0220515 0.0391086 0.0520675 0.0609775 0.0765275 0.0992091 0.112317 0.107033 0.0929912 0.0795424 0.0674472 0.0560344 0.0456418 0.0358605 0.0257482 0.0156518
 8.34109e-12 3.92325e-10 1.27778e-08 2.88171e-07 4.50022e-06 4.86644e-05 0.000364419 0.00189011 0.00679497 0.0169819 0.0298455 0.0384978 0.0415741 0.0473231 0.0613007 0.0795171 0.0971687 0.110458 0.112896 0.10247 0.0850488 0.0666468 0.0492496 0.0330219 0.0188972
 3.16041e-11 1.48651e-09 4.84146e-08 1.09187e-06 1.70511e-05 0.000184383 0.00138064 0.00715871 0.0257053 0.0639428 0.110333 0.132743 0.113646 0.0746079 0.0464213 0.0365456 0.0377986 0.0450721 0.0548406 0.0615853 0.0605391 0.0515052 0.0381657 0.0245298 0.0132775
 4.40133e-11 2.07017e-09 6.74243e-08 1.52058e-06 2.37461e-05 0.00025678 0.00192274 0.00996967 0.0358002 0.0890681 0.15378 0.18545 0.160106 0.107552 0.0681114 0.0474892 0.0331122 0.0213756 0.0152346 0.0144338 0.0155087 0.0152544 0.0125726 0.00843923 0.00453779
 3.44294e-11 1.6194e-09 5.27427e-08 1.18948e-06 1.85754e-05 0.000200868 0.00150411 0.00779965 0.0280172 0.0697968 0.121138 0.149064 0.138368 0.114085 0.101006 0.0908802 0.0697274 0.0435289 0.0238835 0.0132299 0.00861971 0.00691478 0.00575942 0.00412834 0.00232954
 2.98043e-11 1.40185e-09 4.56574e-08 1.02969e-06 1.60801e-05 0.000173884 0.00130206 0.00675204 0.0242558 0.0604434 0.105021 0.129787 0.122303 0.104904 0.0988262 0.096048 0.0834785 0.0639316 0.0443792 0.0274258 0.0148882 0.00768342 0.00432162 0.00261738 0.00144084
 3.15572e-11 1.4843e-09 4.83427e-08 1.09025e-06 1.70258e-05 0.000184111 0.00137862 0.00714885 0.0256782 0.0639564 0.110911 0.136063 0.125033 0.100878 0.088358 0.0833761 0.0738549 0.0603632 0.0469363 0.0337829 0.0213855 0.0116413 0.00555318 0.00245654 0.00104339
 3.53081e-11 1.66073e-09 5.40888e-08 1.21984e-06 1.90495e-05 0.000205994 0.00154248 0.00799833 0.0287267 0.0715233 0.123854 0.151095 0.136117 0.104059 0.0840444 0.0743464 0.0626081 0.0487461 0.0370866 0.0276233 0.0191081 0.0116594 0.00604956 0.00262594 0.000960505
 3.31076e-11 1.55722e-09 5.07178e-08 1.14381e-06 1.78623e-05 0.000193156 0.00144636 0.00750012 0.0269402 0.0671036 0.116394 0.142905 0.131656 0.106712 0.0931958 0.0854154 0.0705145 0.0515552 0.0360947 0.0251546 0.0169785 0.0106211 0.00586177 0.00271727 0.00102134
 3.52804e-11 1.65942e-09 5.40462e-08 1.21888e-06 1.90345e-05 0.000205832 0.00154127 0.0079921 0.028705 0.0714757 0.123816 0.151256 0.136931 0.10608 0.0873297 0.0780062 0.0652736 0.0493664 0.0353114 0.0240949 0.0153739 0.00910157 0.00491084 0.00230968 0.00089856
 3.55709e-11 1.67308e-09 5.44913e-08 1.22891e-06 1.91913e-05 0.000207527 0.00155396 0.00805794 0.0289418 0.0720684 0.124863 0.152634 0.138482 0.107853 0.0892054 0.0791821 0.0647946 0.0473241 0.0328911 0.0222894 0.0142424 0.00831345 0.0043412 0.00197662 0.000757666
 3.57402e-11 1.68105e-09 5.47506e-08 1.23476e-06 1.92826e-05 0.000208515 0.00156135 0.00809628 0.0290795 0.0724106 0.125452 0.153335 0.139056 0.108181 0.0893636 0.0793206 0.0649621 0.0473601 0.0325541 0.021572 0.0134293 0.00767511 0.00394103 0.00176066 0.000660159
 3.32865e-11 1.56564e-09 5.09918e-08 1.14999e-06 1.79588e-05 0.0001942 0.00145417 0.00754065 0.0270859 0.0674677 0.117034 0.143729 0.132542 0.107704 0.0944301 0.0868762 0.0719688 0.0525677 0.0360898 0.0238117 0.0146665 0.00822804 0.00412776 0.00180183 0.000661503
 3.05518e-11 1.43701e-09 4.68025e-08 1.05551e-06 1.64834e-05 0.000178245 0.00133471 0.00692129 0.024863 0.0619482 0.107579 0.132683 0.124174 0.104717 0.0964616 0.0920676 0.0787896 0.05999 0.0429754 0.0291277 0.0181018 0.0101229 0.00502024 0.00215337 0.000774409
 3.32826e-11 1.56545e-09 5.09858e-08 1.14986e-06 1.79567e-05 0.000194177 0.00145399 0.00753963 0.0270809 0.0674416 0.116896 0.143125 0.130614 0.103429 0.0880523 0.0809303 0.0696217 0.0547438 0.0410615 0.0291879 0.018936 0.0109392 0.00551781 0.00237151 0.000845645
 3.5863e-11 1.68683e-09 5.49388e-08 1.23901e-06 1.93489e-05 0.000209231 0.00156672 0.00812406 0.0291787 0.0726519 0.125831 0.153613 0.138719 0.106697 0.0867334 0.0763725 0.0628384 0.0467664 0.033561 0.0237004 0.0158163 0.00954386 0.00502085 0.00222671 0.000808285
 3.27991e-11 1.54271e-09 5.02452e-08 1.13315e-06 1.76958e-05 0.000191356 0.00143288 0.00743029 0.0266901 0.0664874 0.115371 0.141867 0.131393 0.107914 0.0958113 0.0884835 0.0728431 0.0525268 0.0357252 0.0237926 0.0151865 0.00901383 0.00480278 0.0021946 0.000823052
 3.36197e-11 1.58131e-09 5.15022e-08 1.1615e-06 1.81386e-05 0.000196143 0.00146872 0.00761603 0.0273556 0.068129 0.118109 0.144714 0.132391 0.105481 0.0904017 0.0829508 0.0703162 0.0536129 0.0384413 0.0259724 0.0161241 0.00913018 0.0046767 0.00210101 0.000791755
 3.50556e-11 1.64885e-09 5.37019e-08 1.21111e-06 1.89133e-05 0.000204521 0.00153145 0.00794122 0.0285227 0.0710255 0.123062 0.150459 0.1366 0.106611 0.0885796 0.0792391 0.0657702 0.0491839 0.0351258 0.0242602 0.0155773 0.00899082 0.00456579 0.00199708 0.000733061
 3.45844e-11 1.62669e-09 5.29801e-08 1.19483e-06 1.86591e-05 0.000201772 0.00151087 0.00783455 0.0281402 0.0700799 0.12147 0.148731 0.135729 0.107369 0.0908309 0.0818987 0.0676012 0.0496912 0.0346387 0.023434 0.0149353 0.00869254 0.00448492 0.00198096 0.000724579
 3.35515e-11 1.5781e-09 5.13977e-08 1.15915e-06 1.81018e-05 0.000195745 0.00146574 0.00760062 0.0273008 0.0679975 0.117915 0.144635 0.132819 0.106806 0.0924634 0.0847313 0.0706646 0.0524224 0.0367033 0.0246654 0.0154684 0.00885448 0.00453043 0.00200391 0.000737304
 3.2948e-11 1.54972e-09 5.04733e-08 1.1383e-06 1.77762e-05 0.000192225 0.00143938 0.00746394 0.02681 0.066777 0.115812 0.142118 0.130712 0.105565 0.0920395 0.0850561 0.0718374 0.0543653 0.038948 0.0266314 0.0168277 0.00960824 0.00486893 0.0021306 0.000778584
 3.34609e-11 1.57384e-09 5.1259e-08 1.15602e-06 1.80529e-05 0.000195217 0.00146179 0.00758007 0.0272267 0.0678095 0.117567 0.144102 0.131995 0.105479 0.0906616 0.0830584 0.0699496 0.0530006 0.0382431 0.0265316 0.0170858 0.00992399 0.00507718 0.00222356 0.000808566
 3.36127e-11 1.58098e-09 5.14915e-08 1.16126e-06 1.81348e-05 0.000196103 0.00146842 0.00761447 0.0273502 0.0681175 0.118102 0.144766 0.132623 0.106006 0.0910704 0.0832044 0.06962 0.0521979 0.0372705 0.025749 0.0166581 0.00979211 0.00508718 0.00225857 0.00082828
 3.27355e-11 1.53972e-09 5.01477e-08 1.13096e-06 1.76615e-05 0.000190985 0.0014301 0.00741582 0.0266375 0.06635 0.11509 0.141322 0.130262 0.105767 0.0927967 0.085871 0.0721973 0.054191 0.0385989 0.0264976 0.0170151 0.00996513 0.00519327 0.00232646 0.000862907
 3.2299e-11 1.51919e-09 4.94791e-08 1.11588e-06 1.7426e-05 0.000188439 0.00141103 0.00731696 0.0262825 0.0654671 0.113568 0.139495 0.128721 0.104834 0.0924454 0.0860907 0.0730934 0.055684 0.0402787 0.0279053 0.0179474 0.0104772 0.00543782 0.00243262 0.000904834
 3.32255e-11 1.56277e-09 5.08984e-08 1.14788e-06 1.79259e-05 0.000193844 0.0014515 0.00752674 0.0270351 0.0673322 0.116738 0.143081 0.131047 0.10471 0.0900539 0.0827227 0.0701027 0.0536841 0.039237 0.0275577 0.0179747 0.0106052 0.00553135 0.00247545 0.000919835
 3.44367e-11 1.61974e-09 5.27539e-08 1.18973e-06 1.85794e-05 0.00020091 0.00150441 0.00780107 0.0280197 0.0697775 0.12093 0.147994 0.134817 0.106172 0.0893537 0.0805847 0.0670875 0.0502294 0.0359514 0.0250268 0.016388 0.0097766 0.00516227 0.00233261 0.000871659
#obs catch len freq
 2.15347e-11 1.01289e-09 3.29891e-08 7.43988e-07 1.16185e-05 0.000125638 0.000940786 0.00487864 0.0175264 0.0436789 0.0759255 0.0939916 0.0891226 0.0777987 0.0757916 0.0780152 0.0756916 0.0703058 0.0649696 0.0595036 0.0533804 0.0457851 0.0357042 0.0238682 0.0129837
 2.24143e-11 1.05426e-09 3.43366e-08 7.74378e-07 1.2093e-05 0.00013077 0.000979218 0.00507798 0.0182432 0.0454716 0.0790848 0.0981029 0.0936352 0.0828403 0.0813354 0.0824706 0.0768714 0.0678435 0.060452 0.0543744 0.0480719 0.0406856 0.0315697 0.0211703 0.0115762
 8.71032e-16 4.10438e-14 1.34643e-12 3.12304e-11 5.41368e-10 8.1589e-09 1.29641e-07 2.08398e-06 2.76184e-05 0.000267588 0.00182242 0.00863982 0.0285063 0.0658464 0.108272 0.131942 0.129339 0.114572 0.0995907 0.0858749 0.0728162 0.059837 0.0456592 0.0303905 0.0165937
 1.15339e-11 5.42502e-10 1.76689e-08 3.98479e-07 6.22281e-06 6.72905e-05 0.000503857 0.00261245 0.00937938 0.0233179 0.0401451 0.0479035 0.0399669 0.0253968 0.0207193 0.0370197 0.0727164 0.110513 0.129376 0.124486 0.106348 0.08466 0.0624058 0.0405733 0.021883
 5.01328e-11 2.358e-09 7.67986e-08 1.732e-06 2.70477e-05 0.000292481 0.00219004 0.0113552 0.0407698 0.101372 0.174613 0.208642 0.173851 0.103086 0.0467153 0.0196309 0.0104308 0.00931925 0.012893 0.0178474 0.0202286 0.018566 0.0142002 0.00913615 0.00483247
 3.43301e-11 1.61472e-09 5.25905e-08 1.18605e-06 1.85219e-05 0.000200289 0.00149977 0.0077773 0.0279387 0.0696166 0.120932 0.149313 0.140167 0.118577 0.107586 0.0960693 0.0695853 0.0378289 0.0165183 0.00824418 0.00705096 0.00735513 0.00657246 0.00462391 0.0025238
 3.76458e-11 1.77068e-09 5.76698e-08 1.3006e-06 2.03107e-05 0.000219632 0.00164459 0.00852776 0.0306272 0.076243 0.131947 0.160592 0.143478 0.107251 0.0839754 0.0734802 0.0624146 0.0479007 0.032681 0.0189878 0.00936968 0.00464598 0.00289229 0.00196754 0.00113216
 2.337e-11 1.09921e-09 3.58007e-08 8.07396e-07 1.26087e-05 0.000136347 0.001021 0.00529509 0.0190296 0.0474946 0.0830319 0.105006 0.106524 0.106432 0.115743 0.117799 0.0996872 0.0724294 0.0496465 0.0329014 0.019808 0.0102836 0.00470421 0.00208286 0.00093133
 4.26017e-11 2.00378e-09 6.52618e-08 1.47182e-06 2.29845e-05 0.000248545 0.00186107 0.00964984 0.0346511 0.0862011 0.148777 0.179174 0.153961 0.102197 0.0645333 0.049036 0.0434749 0.039125 0.0327683 0.0241127 0.0153389 0.00849882 0.00408351 0.00168318 0.000600728
 3.06391e-11 1.44112e-09 4.69362e-08 1.05853e-06 1.65305e-05 0.000178755 0.00133854 0.00694132 0.0249376 0.0621591 0.108117 0.134148 0.12804 0.112691 0.107585 0.100683 0.0785367 0.0507803 0.0312929 0.02103 0.0146139 0.00919603 0.00486366 0.00210721 0.000742143
 3.76238e-11 1.76964e-09 5.7636e-08 1.29984e-06 2.02988e-05 0.000219503 0.00164363 0.0085227 0.0306082 0.0761881 0.131799 0.160167 0.14231 0.104741 0.0801391 0.0695354 0.0600681 0.0481084 0.0353384 0.0231906 0.0136113 0.00747446 0.00387318 0.00177388 0.000666096
 3.50388e-11 1.64806e-09 5.36762e-08 1.21053e-06 1.89042e-05 0.000204423 0.00153072 0.0079375 0.0285103 0.0710033 0.123084 0.150767 0.137768 0.109277 0.0924717 0.0825287 0.066379 0.0469628 0.0318791 0.021636 0.0138916 0.00792842 0.00392739 0.00168111 0.00061176
 3.85956e-11 1.81535e-09 5.91249e-08 1.33342e-06 2.08232e-05 0.000225173 0.00168609 0.00874289 0.0313994 0.0781613 0.135239 0.164468 0.146495 0.10844 0.0831116 0.0704492 0.0573246 0.0422642 0.0292607 0.0192021 0.0117085 0.00655711 0.00329866 0.00143031 0.000514251
 3.68917e-11 1.73521e-09 5.65146e-08 1.27455e-06 1.99039e-05 0.000215233 0.00161166 0.00835711 0.0300161 0.0747396 0.129466 0.15814 0.143081 0.110551 0.0901478 0.0786111 0.0625926 0.0436426 0.0285465 0.0182581 0.0110843 0.00614132 0.00302525 0.00129005 0.000460921
 3.24598e-11 1.52676e-09 4.97254e-08 1.12143e-06 1.75128e-05 0.000189377 0.00141806 0.00735347 0.0264148 0.0658058 0.11422 0.140601 0.130704 0.10836 0.0974427 0.090883 0.0754244 0.0546505 0.0367125 0.0233285 0.0136867 0.00730287 0.00350164 0.00146587 0.000515867
 2.85323e-11 1.34202e-09 4.37088e-08 9.85743e-07 1.53938e-05 0.000166463 0.00124649 0.00646393 0.0232217 0.0578736 0.100606 0.124571 0.118145 0.102859 0.0985314 0.096583 0.0844465 0.0658813 0.04813 0.0327 0.0199463 0.0107505 0.00508053 0.00207043 0.000709349
 3.72573e-11 1.7524e-09 5.70747e-08 1.28718e-06 2.01011e-05 0.000217365 0.00162762 0.00843967 0.0303098 0.0754434 0.130498 0.158522 0.140638 0.103028 0.0781091 0.0671318 0.0578206 0.0472488 0.0371083 0.0272996 0.0180392 0.0104338 0.00517434 0.0021525 0.000735787
 3.28884e-11 1.54691e-09 5.03819e-08 1.13624e-06 1.7744e-05 0.000191877 0.00143678 0.00745053 0.0267632 0.0666714 0.115706 0.14235 0.132057 0.108834 0.0967775 0.0887192 0.0716042 0.0502183 0.0338319 0.0233404 0.0158253 0.00980271 0.0052425 0.00232607 0.000832089
 3.08584e-11 1.45143e-09 4.72721e-08 1.06611e-06 1.66488e-05 0.000180034 0.0013481 0.0069907 0.0251119 0.0625628 0.10861 0.133784 0.124671 0.104093 0.0948995 0.0905027 0.0781256 0.0601525 0.043132 0.0288718 0.017839 0.010257 0.00541693 0.00249234 0.000941486
 3.49744e-11 1.64503e-09 5.35775e-08 1.20831e-06 1.88695e-05 0.000204047 0.0015279 0.00792274 0.0284556 0.0708495 0.122699 0.149742 0.135087 0.103713 0.0844862 0.0756413 0.0647586 0.0512337 0.038809 0.0277945 0.0180692 0.0104408 0.00531726 0.00235176 0.000877003
 3.42211e-11 1.6096e-09 5.24235e-08 1.18228e-06 1.84631e-05 0.000199652 0.001495 0.00775227 0.0278451 0.0693469 0.120215 0.147269 0.134631 0.106973 0.0909776 0.0821193 0.067561 0.0495681 0.0349685 0.0244648 0.0163133 0.00987232 0.00521603 0.00233191 0.000860074
 3.39525e-11 1.59696e-09 5.2012e-08 1.173e-06 1.83181e-05 0.000198085 0.00148326 0.00769142 0.0276265 0.0688026 0.119272 0.146116 0.133593 0.106239 0.0906846 0.0826371 0.0692111 0.0518661 0.036685 0.0248471 0.0157801 0.00926077 0.00490207 0.00224008 0.000844537
 3.44849e-11 1.622e-09 5.28276e-08 1.1914e-06 1.86054e-05 0.000201191 0.00150652 0.00781197 0.028059 0.0698747 0.121096 0.14819 0.134972 0.106259 0.0894373 0.0808035 0.0675334 0.0507701 0.0362387 0.0248058 0.0157618 0.00909063 0.00468282 0.00209766 0.00078766
 3.27135e-11 1.53868e-09 5.01139e-08 1.1302e-06 1.76496e-05 0.000190856 0.00142914 0.00741083 0.0266198 0.0663071 0.115025 0.141283 0.13036 0.106113 0.0933674 0.0864395 0.0724922 0.0541421 0.0383411 0.0261736 0.0166794 0.0096505 0.00495405 0.00219235 0.000810301
 3.59701e-11 1.69186e-09 5.51027e-08 1.24271e-06 1.94066e-05 0.000209856 0.00157139 0.00814827 0.0292653 0.0728636 0.126172 0.153908 0.138606 0.105867 0.0853893 0.0754171 0.0631907 0.048288 0.0350776 0.0242547 0.0154743 0.00893244 0.00457824 0.00202173 0.000743289
 3.19858e-11 1.50446e-09 4.89992e-08 1.10506e-06 1.72571e-05 0.000186611 0.00139735 0.0072461 0.0260292 0.0648471 0.112568 0.13862 0.129027 0.107287 0.0967613 0.0902325 0.0747317 0.0543676 0.0375369 0.0254086 0.0163025 0.00953175 0.00492376 0.00217825 0.000799611
 3.23997e-11 1.52392e-09 4.96332e-08 1.11935e-06 1.74803e-05 0.000189026 0.00141543 0.0073397 0.0263638 0.0656645 0.113877 0.139718 0.128434 0.103649 0.0905622 0.084569 0.0730679 0.0571282 0.0420151 0.0289199 0.0181815 0.0103711 0.00530167 0.00234892 0.000866176
 3.23116e-11 1.51978e-09 4.94983e-08 1.11631e-06 1.74328e-05 0.000188512 0.00141158 0.00731976 0.0262924 0.0654885 0.113584 0.139417 0.128338 0.10389 0.0909373 0.0844767 0.0720458 0.0556402 0.0412443 0.0294508 0.0194155 0.0114314 0.00588019 0.0025841 0.000944906
 3.49814e-11 1.64536e-09 5.35881e-08 1.20855e-06 1.88732e-05 0.000204087 0.0015282 0.00792436 0.0284618 0.0708694 0.122763 0.149957 0.135715 0.105061 0.0864254 0.0772652 0.0649587 0.0497764 0.0365744 0.0259647 0.0172338 0.0103857 0.00551069 0.00248301 0.000918963
#spawning biomass
 20196.9 20453.8 16334.8 12006.8 13773.2 27034 41758.9 51417.4 68991.9 96734.3 102553 120633 143656 169539 173441 141854 127147 131194 125098 122284 145057 160155 179727 172171 165461 166389 160607 155428 140322 99253.3 144408 103854 69230.5 47605.8 35721 29653.1 26693.3 25291.7 24640.7 24342.4 24206.9 24145.7 24118.2 24105.9 24100.3 24097.9 24096.8 24096.3 24096.1 24096 24095.9 24095.9 24095.9 24095.9 24095.9 24095.9 24095.9 24095.9 24095.9 24095.9 24095.9 24095.9 24095.9 24095.9 24095.9 24095.9 24095.9 24095.9 24095.9 24095.9 24095.9 24095.9 24095.9 24095.9 24095.9 24095.9 24095.9 24095.9 24095.9 24095.9 24095.9 24095.9 24095.9 24095.9 24095.9 24095.9 24095.9 24095.9 24095.9 24095.9 24095.9 24095.9 24095.9 24095.9 24095.9 24095.9 24095.9 24095.9 24095.9 24095.9 24095.9 24095.9 24095.9 24095.9 24095.9 24095.9 24095.9 24095.9 24095.9 24095.9 24095.9 24095.9 24095.9 24095.9 24095.9 24095.9 24095.9 24095.9 24095.9 24095.9 24095.9 24095.9 24095.9 24095.9 24095.9 24095.9 24095.9 24095.9 24095.9 0 0 0 0 0 0 0 0 0 0 0 0 0 0 0 0 0 0 0 0 0 0 0 0 0
