SBPRF35
0.0428784
Curr Bio
253842
B35
97458.5
F35
18.0886
FOFL
18.0886
OFL
306740
Bzero
12017.3
#pred survey bio
 3132.3 3249.51 5225.15 8428.51 13286.3 20913.4 32550.1 50944.7 71337.2 91321.1 117180 136635 151263 165884 166477 146243 124560 111000 104260 114763 123430 139790 139496 151598 152117 152083 159989 163795 4.42432e+06 1.05995e+06 296358 142456 94370.3 79214.7 74504.5 73062.6 72626.7 72496.3 72457.7 72446.3 72442.9 72441.9 72441.7 72441.6 72441.5 72441.5 72441.5 72441.5 72441.5 72441.5 72441.5 72441.5 72441.5 72441.5 72441.5 72441.5 72441.5 72441.5 72441.5 72441.5 72441.5 72441.5 72441.5 72441.5 72441.5 72441.5 72441.5 72441.5 72441.5 72441.5 72441.5 72441.5 72441.5 72441.5 72441.5 72441.5 72441.5 72441.5 72441.5 72441.5 72441.5 72441.5 72441.5 72441.5 72441.5 72441.5 72441.5 72441.5 72441.5 72441.5 72441.5 72441.5 72441.5 72441.5 72441.5 72441.5 72441.5 72441.5 72441.5 72441.5 72441.5 72441.5 72441.5 72441.5 72441.5 72441.5 72441.5 72441.5 72441.5 72441.5 72441.5 72441.5 72441.5 72441.5 72441.5 72441.5 72441.5 72441.5 72441.5 72441.5 72441.5 72441.5 72441.5 72441.5 72441.5 72441.5 72441.5 72441.5 0 0 0 0 0 0 0 0 0 0 0 0 0 0 0 0 0 0 0 0 0 0 0 0 0
#obs survey bio
 2485.88 3526.1 7060.8 7255.17 12471.8 27018 32061.8 54125.3 67266.8 95920.6 99457.9 168817 148649 188251 170192 114512 101411 112837 122796 130002 94735.9 124495 160616 140540 169694 169833 127847 151408
#pred catch bio
 1000.49 1263.41 2118.52 4076.01 6504.91 9859.57 12955.9 21741.8 35556.4 46457.9 64392.2 78116.4 86381.1 97797.5 110221 102678 84574.7 75208.9 65699.6 78610.5 79083.1 102523 94346.1 107505 105821 105142 125586 100860 306740 8571.96 5029.06 5029.06 5029.06 5029.06 5029.06 5029.06 5029.06 5029.06 5029.06 5029.06 5029.06 5029.06 5029.06 5029.06 5029.06 5029.06 5029.06 5029.06 5029.06 5029.06 5029.06 5029.06 5029.06 5029.06 5029.06 5029.06 5029.06 5029.06 5029.06 5029.06 5029.06 5029.06 5029.06 5029.06 5029.06 5029.06 5029.06 5029.06 5029.06 5029.06 5029.06 5029.06 5029.06 5029.06 5029.06 5029.06 5029.06 5029.06 5029.06 5029.06 5029.06 5029.06 5029.06 5029.06 5029.06 5029.06 5029.06 5029.06 5029.06 5029.06 5029.06 5029.06 5029.06 5029.06 5029.06 5029.06 5029.06 5029.06 5029.06 5029.06 5029.06 5029.06 5029.06 5029.06 5029.06 5029.06 5029.06 5029.06 5029.06 5029.06 5029.06 5029.06 5029.06 5029.06 5029.06 5029.06 5029.06 5029.06 5029.06 5029.06 5029.06 5029.06 5029.06 5029.06 5029.06 5029.06 5029.06 5029.06 0 0 0 0 0 0 0 0 0 0 0 0 0 0 0 0 0 0 0 0 0 0 0 0 0
#obs catch bio
 1061.94 1288.46 2165.43 4229.41 6821.56 10015.3 12891.5 21254.5 35023.8 45375.7 65301.3 78860.2 89132.6 98171.7 115896 110285 86337.5 75777.7 63871.7 77629.2 77568.6 100155 86755.5 99731.9 96730.6 95197.9 126363 98307.3
#pred cpue bio
 3001.08 2853.93 4687.3 7465.96 11753.6 18531.3 28995.8 45836.4 64797 82455.5 106212 124968 137890 152192 154162 135167 114897 102429 94905.2 103755 111260 126649 125859 137223 138354 138279 143894 145842 4.05981e+06 1.12131e+06 285427 130931 82838.3 67682.6 62972.5 61530.5 61094.7 60964.3 60925.6 60914.2 60910.9 60909.9 60909.6 60909.5 60909.5 60909.5 60909.5 60909.5 60909.5 60909.5 60909.5 60909.5 60909.5 60909.5 60909.5 60909.5 60909.5 60909.5 60909.5 60909.5 60909.5 60909.5 60909.5 60909.5 60909.5 60909.5 60909.5 60909.5 60909.5 60909.5 60909.5 60909.5 60909.5 60909.5 60909.5 60909.5 60909.5 60909.5 60909.5 60909.5 60909.5 60909.5 60909.5 60909.5 60909.5 60909.5 60909.5 60909.5 60909.5 60909.5 60909.5 60909.5 60909.5 60909.5 60909.5 60909.5 60909.5 60909.5 60909.5 60909.5 60909.5 60909.5 60909.5 60909.5 60909.5 60909.5 60909.5 60909.5 60909.5 60909.5 60909.5 60909.5 60909.5 60909.5 60909.5 60909.5 60909.5 60909.5 60909.5 60909.5 60909.5 60909.5 60909.5 60909.5 60909.5 60909.5 60909.5 60909.5 0 0 0 0 0 0 0 0 0 0 0 0 0 0 0 0 0 0 0 0 0 0 0 0 0
#obs cpue bio
 1777.76 2637.62 3205.38 6968.76 10161.2 16197.7 28801 55506.3 75599.7 82037.9 99438.5 107145 108424 148347 112335 130254 140737 104259 95765.8 92963.9 142147 185654 170699 188840 187164 179326 143688 173777
#pred surv len freq
 1.23328e-11 1.33919e-09 8.57362e-08 3.23611e-06 7.20152e-05 0.000944876 0.00731007 0.0333658 0.0901011 0.145977 0.151483 0.126165 0.113818 0.100179 0.0720532 0.0470179 0.031489 0.0215277 0.0152035 0.0113132 0.00900648 0.00775049 0.00682116 0.00529784 0.00309985
 1.75554e-11 1.90631e-09 1.22044e-07 4.60654e-06 0.000102512 0.00134499 0.0104047 0.0474713 0.127923 0.205085 0.202659 0.142694 0.0984906 0.072196 0.0439188 0.0217941 0.0107219 0.0057427 0.00329823 0.00202996 0.00135674 0.00100622 0.000803433 0.000600604 0.000351614
 1.63508e-11 1.7755e-09 1.13669e-07 4.29044e-06 9.54777e-05 0.00125271 0.00969116 0.0442239 0.119282 0.192127 0.194071 0.147828 0.11624 0.0902852 0.0521423 0.0212024 0.00718869 0.00250659 0.000956505 0.000412212 0.000205694 0.000119402 7.96303e-05 5.40854e-05 3.05733e-05
 1.69359e-11 1.83903e-09 1.17737e-07 4.44397e-06 9.88941e-05 0.00129753 0.0100378 0.0458022 0.123494 0.198539 0.198807 0.146917 0.110194 0.0838256 0.0490085 0.0209087 0.007541 0.0025089 0.000729477 0.000193637 5.55952e-05 1.98697e-05 9.25789e-06 5.09912e-06 2.62331e-06
 1.69946e-11 1.84541e-09 1.18145e-07 4.45937e-06 9.92368e-05 0.00130202 0.0100726 0.0459612 0.123925 0.199259 0.199645 0.147822 0.111095 0.0841394 0.0481835 0.0194052 0.00635043 0.00197562 0.000572094 0.000146164 3.27155e-05 6.71935e-06 1.54016e-06 4.94951e-07 1.96838e-07
 1.69164e-11 1.83691e-09 1.17601e-07 4.43885e-06 9.87801e-05 0.00129603 0.0100262 0.0457502 0.123362 0.1984 0.199005 0.147929 0.111893 0.0850427 0.0487204 0.019571 0.00632978 0.001902 0.000515338 0.00012153 2.55627e-05 4.73045e-06 7.58197e-07 1.16146e-07 2.21676e-08
 1.66669e-11 1.80982e-09 1.15867e-07 4.37339e-06 9.73234e-05 0.00127692 0.00987843 0.0450769 0.121563 0.195633 0.19683 0.14789 0.11384 0.0874535 0.0504204 0.0204836 0.00676161 0.00206875 0.000561365 0.000129469 2.58471e-05 4.4364e-06 6.44336e-07 7.88227e-08 8.38574e-09
 1.61774e-11 1.75667e-09 1.12464e-07 4.24495e-06 9.44652e-05 0.00123942 0.00958843 0.0437556 0.118027 0.19017 0.1924 0.147373 0.116986 0.0917303 0.0539288 0.0228806 0.00815735 0.00268209 0.000759052 0.000179513 3.62196e-05 6.13687e-06 8.53612e-07 9.65573e-08 8.7991e-09
 1.56888e-11 1.70362e-09 1.09067e-07 4.11674e-06 9.16123e-05 0.00120199 0.00929897 0.0424372 0.114505 0.184767 0.188215 0.147504 0.121105 0.0966195 0.0570874 0.0243018 0.00874779 0.00295223 0.000879765 0.000223446 4.80654e-05 8.47882e-06 1.20007e-06 1.34761e-07 1.18054e-08
 1.60013e-11 1.73755e-09 1.1124e-07 4.19874e-06 9.34369e-05 0.00122593 0.00948411 0.0432806 0.116761 0.188248 0.191013 0.147753 0.118972 0.0938054 0.0548796 0.0228828 0.00795594 0.0026119 0.000774176 0.000200052 4.48466e-05 8.40589e-06 1.26813e-06 1.49482e-07 1.34211e-08
 1.58032e-11 1.71604e-09 1.09863e-07 4.14677e-06 9.22804e-05 0.00121076 0.00936678 0.0427464 0.115336 0.186083 0.189433 0.148129 0.12114 0.0961403 0.0560761 0.0230517 0.0077871 0.00247037 0.000708021 0.000177193 3.90344e-05 7.37313e-06 1.14993e-06 1.42769e-07 1.35767e-08
 1.53259e-11 1.6642e-09 1.06544e-07 4.0215e-06 8.94928e-05 0.00117419 0.00908397 0.0414585 0.111898 0.180833 0.185484 0.148646 0.125765 0.10135 0.0590788 0.0239673 0.00787363 0.0024181 0.000672243 0.000162492 3.44656e-05 6.29388e-06 9.61641e-07 1.19585e-07 1.16645e-08
 1.55032e-11 1.68346e-09 1.07777e-07 4.06803e-06 9.05282e-05 0.00118777 0.00918901 0.0419369 0.113175 0.182787 0.186971 0.14851 0.124136 0.0994842 0.0579646 0.0235705 0.00777015 0.00238038 0.000651402 0.000152922 3.12953e-05 5.50383e-06 8.09189e-07 9.72517e-08 9.28486e-09
 1.51556e-11 1.64572e-09 1.0536e-07 3.97683e-06 8.84988e-05 0.00116115 0.00898312 0.0409991 0.110671 0.178957 0.184058 0.148782 0.127343 0.103164 0.060179 0.0243696 0.00796469 0.00242207 0.000661457 0.000155007 3.1396e-05 5.3933e-06 7.66414e-07 8.86181e-08 8.14237e-09
 1.46304e-11 1.58869e-09 1.01709e-07 3.83902e-06 8.54319e-05 0.00112091 0.00867197 0.039582 0.106886 0.17316 0.179608 0.149062 0.131991 0.108598 0.0635933 0.0257709 0.00841886 0.00255397 0.000693675 0.000161339 3.2478e-05 5.55186e-06 7.8134e-07 8.85491e-08 7.89228e-09
 1.47477e-11 1.60143e-09 1.02525e-07 3.8698e-06 8.61169e-05 0.0011299 0.00874148 0.0398989 0.107736 0.174495 0.180796 0.149532 0.131763 0.107918 0.0625959 0.0247015 0.00765356 0.00219987 0.000581566 0.000134001 2.68256e-05 4.55589e-06 6.36737e-07 7.16475e-08 6.31944e-09
 1.48664e-11 1.61431e-09 1.0335e-07 3.90094e-06 8.681e-05 0.00113899 0.00881181 0.0402194 0.108596 0.175839 0.181962 0.149912 0.131391 0.107146 0.0616523 0.0237755 0.00699563 0.00187784 0.000466513 0.000101372 1.93484e-05 3.20047e-06 4.4201e-07 4.93674e-08 4.32347e-09
 1.48412e-11 1.61158e-09 1.03175e-07 3.89433e-06 8.66629e-05 0.00113706 0.00879688 0.0401513 0.108413 0.175547 0.181682 0.149741 0.131335 0.107234 0.0619213 0.0241262 0.00724578 0.00197501 0.000483191 9.98429e-05 1.77776e-05 2.74772e-06 3.58936e-07 3.86054e-08 3.31163e-09
 1.55854e-11 1.69239e-09 1.08348e-07 4.08961e-06 9.10084e-05 0.00119407 0.00923776 0.0421593 0.113776 0.183756 0.187958 0.149265 0.124629 0.0994524 0.0571152 0.0222502 0.0067015 0.00183961 0.000455773 9.55723e-05 1.70307e-05 2.55513e-06 3.15025e-07 3.16517e-08 2.55533e-09
 1.59382e-11 1.7307e-09 1.10801e-07 4.18219e-06 9.30687e-05 0.0012211 0.00944679 0.0431113 0.116317 0.187639 0.190891 0.148924 0.121273 0.0956498 0.0548927 0.0215293 0.00658644 0.00184062 0.000461122 9.74463e-05 1.75393e-05 2.66175e-06 3.2925e-07 3.24808e-08 2.50902e-09
 1.60914e-11 1.74733e-09 1.11866e-07 4.22237e-06 9.39628e-05 0.00123283 0.00953751 0.0435248 0.117426 0.18937 0.192381 0.149373 0.120724 0.0945903 0.0536502 0.0203555 0.00579372 0.00149078 0.000359018 7.58387e-05 1.38273e-05 2.12393e-06 2.65473e-07 2.64372e-08 2.04876e-09
 1.58314e-11 1.7191e-09 1.10058e-07 4.15415e-06 9.24448e-05 0.00121292 0.00938349 0.0428231 0.11555 0.186482 0.190089 0.149266 0.122654 0.0970476 0.0554756 0.021422 0.00632209 0.00168071 0.000399741 7.96745e-05 1.36141e-05 2.0225e-06 2.52165e-07 2.53609e-08 1.98722e-09
 1.6046e-11 1.74241e-09 1.11551e-07 4.21048e-06 9.36982e-05 0.00122936 0.00951068 0.0434027 0.117102 0.188893 0.192106 0.149696 0.12158 0.0953606 0.0538173 0.020056 0.00546029 0.00131622 0.000299216 6.00065e-05 1.03395e-05 1.49716e-06 1.77273e-07 1.70399e-08 1.30866e-09
 1.58792e-11 1.72429e-09 1.10391e-07 4.1667e-06 9.2724e-05 0.00121658 0.00941182 0.0429523 0.115897 0.187028 0.190581 0.149479 0.122594 0.0967944 0.0550655 0.0209612 0.0059832 0.0015181 0.000344842 6.51235e-05 1.04181e-05 1.44955e-06 1.69962e-07 1.61011e-08 1.19464e-09
 1.56336e-11 1.69762e-09 1.08683e-07 4.10225e-06 9.12897e-05 0.00119776 0.00926631 0.0422897 0.114128 0.184333 0.188579 0.149827 0.125096 0.0995437 0.0565471 0.0212914 0.00592784 0.00146628 0.000334128 6.51519e-05 1.07094e-05 1.46724e-06 1.63149e-07 1.46499e-08 1.0528e-09
 1.56485e-11 1.69924e-09 1.08787e-07 4.10616e-06 9.13769e-05 0.00119891 0.00927515 0.0423299 0.114234 0.184484 0.188642 0.149643 0.124697 0.0992189 0.0565395 0.0215118 0.0061327 0.00155842 0.000357484 6.8768e-05 1.11669e-05 1.54226e-06 1.74834e-07 1.574e-08 1.09964e-09
 1.62015e-11 1.75929e-09 1.12631e-07 4.25127e-06 9.4606e-05 0.00124127 0.00960277 0.043822 0.118219 0.190582 0.193293 0.149254 0.11966 0.0934014 0.0529829 0.0201667 0.00577144 0.00147925 0.000344417 6.76999e-05 1.12038e-05 1.55355e-06 1.75014e-07 1.57361e-08 1.10823e-09
 1.66884e-11 1.81217e-09 1.16016e-07 4.37904e-06 9.74493e-05 0.00127857 0.00989126 0.0451363 0.121734 0.196003 0.197636 0.149594 0.116261 0.0889555 0.0495387 0.0180036 0.00460458 0.00100507 0.000209953 3.98678e-05 6.61266e-06 9.31607e-07 1.06884e-07 9.72252e-09 6.86212e-10
#obs surv len freq
 1.88432e-11 2.04615e-09 1.30996e-07 4.94445e-06 0.000110032 0.00144364 0.0111676 0.0509451 0.137184 0.219109 0.212551 0.139038 0.0828022 0.0575348 0.0400893 0.0252201 0.0138109 0.00612571 0.00213584 0.000583753 0.000122452 1.90615e-05 2.12993e-06 1.65518e-07 8.69261e-09
 1.48677e-11 1.61445e-09 1.03359e-07 3.90128e-06 8.68177e-05 0.0011391 0.00881279 0.0402265 0.108636 0.175964 0.181885 0.148117 0.126524 0.102302 0.0616882 0.0278319 0.0109546 0.00406603 0.00132869 0.000351045 7.07748e-05 1.04643e-05 1.10087e-06 8.01586e-08 3.93529e-09
 1.74137e-11 1.89092e-09 1.21058e-07 4.56935e-06 0.000101684 0.00133414 0.010321 0.0470938 0.126948 0.203759 0.201976 0.142791 0.0984938 0.0736946 0.0488877 0.0269542 0.0121642 0.00417207 0.00105596 0.000208556 3.40181e-05 4.45667e-06 4.34282e-07 2.95745e-08 1.35485e-09
 1.60339e-11 1.74109e-09 1.11466e-07 4.20729e-06 9.36276e-05 0.00122845 0.00950399 0.043379 0.1171 0.18917 0.192721 0.148647 0.116072 0.0889432 0.0535756 0.0250659 0.00999137 0.0033877 0.000906259 0.000181358 2.64333e-05 2.78744e-06 2.14611e-07 1.20646e-08 4.81677e-10
 1.6837e-11 1.8283e-09 1.17049e-07 4.41803e-06 9.83173e-05 0.00128997 0.00997983 0.0455466 0.122888 0.197982 0.199101 0.146749 0.106617 0.0795482 0.0498985 0.0252999 0.0105513 0.00343419 0.000835268 0.000153055 2.12563e-05 2.17078e-06 1.56239e-07 7.70049e-09 2.56561e-10
 1.61735e-11 1.75626e-09 1.12437e-07 4.24394e-06 9.44434e-05 0.00123916 0.00958717 0.0437634 0.118181 0.191101 0.194934 0.149572 0.114185 0.0857361 0.0520214 0.0251163 0.0101456 0.00331708 0.000826557 0.000152397 2.03937e-05 1.94102e-06 1.29222e-07 5.92156e-09 1.83031e-10
 1.64086e-11 1.78178e-09 1.14071e-07 4.30562e-06 9.5816e-05 0.00125717 0.00972662 0.0444012 0.119908 0.193861 0.197316 0.149706 0.111665 0.0826687 0.0505122 0.0247979 0.0100005 0.00316988 0.000755485 0.000134108 1.75226e-05 1.6353e-06 1.05496e-07 4.58915e-09 1.32254e-10
 1.55371e-11 1.68715e-09 1.08013e-07 4.07695e-06 9.07276e-05 0.00119043 0.00921089 0.0420594 0.113723 0.184774 0.191509 0.152404 0.120198 0.0903136 0.054319 0.0259518 0.0101931 0.00317005 0.000742998 0.000128543 1.61396e-05 1.43515e-06 8.81871e-08 3.66395e-09 1.00831e-10
 1.61969e-11 1.75879e-09 1.12599e-07 4.25008e-06 9.45804e-05 0.00124098 0.009602 0.0438434 0.118511 0.192212 0.197481 0.152484 0.114506 0.083445 0.0499306 0.023898 0.0092501 0.0027688 0.000615525 0.000100672 1.19877e-05 1.0132e-06 5.905e-08 2.31648e-09 5.99786e-11
 1.58144e-11 1.71726e-09 1.0994e-07 4.14972e-06 9.23475e-05 0.0012117 0.00937603 0.0428216 0.115851 0.188499 0.195675 0.154614 0.118511 0.0861629 0.0507761 0.0238745 0.00911325 0.00270962 0.000599444 9.65552e-05 1.11154e-05 8.936e-07 4.90956e-08 1.80948e-09 4.39609e-11
 1.44758e-11 1.5719e-09 1.00635e-07 3.79848e-06 8.45319e-05 0.0011092 0.00858412 0.0392281 0.106378 0.174633 0.186847 0.158519 0.131023 0.097646 0.0569798 0.0260649 0.00954228 0.00269607 0.000565366 8.66218e-05 9.53887e-06 7.35045e-07 3.85533e-08 1.34581e-09 3.07174e-11
 1.43334e-11 1.55644e-09 9.96447e-08 3.76112e-06 8.37008e-05 0.0010983 0.00850022 0.0388503 0.105395 0.173168 0.185408 0.156849 0.129187 0.0977913 0.059782 0.0290188 0.0110115 0.00311283 0.000636603 9.35325e-05 9.76827e-06 7.10005e-07 3.50896e-08 1.15493e-09 2.48548e-11
 1.4308e-11 1.55368e-09 9.94681e-08 3.75446e-06 8.3553e-05 0.00109639 0.00848608 0.0387959 0.105337 0.17351 0.186849 0.159024 0.130195 0.0967688 0.0579446 0.0276972 0.0104838 0.00299875 0.000623435 9.20955e-05 9.46513e-06 6.62588e-07 3.10405e-08 9.59048e-10 1.92774e-11
 1.35205e-11 1.46817e-09 9.39935e-08 3.54784e-06 7.89558e-05 0.00103612 0.00802102 0.0366937 0.0998583 0.16576 0.182543 0.162082 0.137339 0.102733 0.0610026 0.0286524 0.0105669 0.00293784 0.00059642 8.66692e-05 8.80226e-06 6.07816e-07 2.78549e-08 8.3157e-10 1.59423e-11
 1.29215e-11 1.40312e-09 8.98295e-08 3.39068e-06 7.54594e-05 0.000990284 0.00766751 0.0350969 0.0956968 0.159804 0.178757 0.16295 0.141087 0.107116 0.0647722 0.0308496 0.0113414 0.00309052 0.000608361 8.52138e-05 8.32599e-06 5.53696e-07 2.44859e-08 7.05928e-10 1.30489e-11
 1.35548e-11 1.4719e-09 9.42326e-08 3.55688e-06 7.91585e-05 0.00103884 0.0080436 0.0368175 0.100346 0.167131 0.18482 0.163362 0.135922 0.100537 0.0599984 0.0282782 0.0102616 0.00275117 0.000529866 7.1959e-05 6.74973e-06 4.27685e-07 1.79442e-08 4.90047e-10 8.58108e-12
 1.32677e-11 1.44071e-09 9.22364e-08 3.48155e-06 7.74837e-05 0.00101693 0.00787578 0.0360763 0.0985585 0.165295 0.185862 0.16812 0.140488 0.101276 0.0577659 0.025845 0.00894453 0.00230537 0.000428735 5.62119e-05 5.07333e-06 3.07722e-07 1.22865e-08 3.17513e-10 5.23721e-12
 1.35809e-11 1.47473e-09 9.44142e-08 3.56377e-06 7.93143e-05 0.00104099 0.00806266 0.0369378 0.100927 0.16914 0.189127 0.168173 0.137457 0.0979942 0.0557287 0.0246385 0.00825871 0.00202744 0.000356352 4.4127e-05 3.77013e-06 2.16878e-07 8.21241e-09 2.00927e-10 3.12903e-12
 1.5059e-11 1.63523e-09 1.0469e-07 3.95162e-06 8.79457e-05 0.00115423 0.00893846 0.0409249 0.111543 0.185176 0.200775 0.166501 0.125064 0.0843554 0.0466174 0.0202464 0.00668696 0.00161397 0.000276417 3.28939e-05 2.66562e-06 1.44217e-07 5.11705e-09 1.17213e-10 1.70935e-12
 1.41566e-11 1.53724e-09 9.84166e-08 3.71489e-06 8.2681e-05 0.0010853 0.00840857 0.038556 0.10557 0.177633 0.199152 0.174344 0.135178 0.0887683 0.0457499 0.018303 0.00563551 0.00129082 0.000212133 2.42917e-05 1.88838e-06 9.73662e-08 3.26686e-09 7.02569e-11 9.56728e-13
 1.42176e-11 1.54387e-09 9.88412e-08 3.73094e-06 8.30399e-05 0.00109007 0.00844671 0.0387435 0.106151 0.178731 0.200129 0.174012 0.133892 0.0881673 0.0457836 0.0181169 0.00532781 0.00113217 0.000170648 1.79865e-05 1.29973e-06 6.28302e-08 1.985e-09 4.02131e-11 5.14765e-13
 1.44746e-11 1.57178e-09 1.00628e-07 3.79844e-06 8.45446e-05 0.00110991 0.00860221 0.039477 0.108285 0.182683 0.204722 0.176485 0.132251 0.0836825 0.0415019 0.0156719 0.00440673 0.00089305 0.000126911 1.24089e-05 8.20937e-07 3.61326e-08 1.0409e-09 1.9329e-11 2.28144e-13
 1.54294e-11 1.67546e-09 1.07267e-07 4.04902e-06 9.01219e-05 0.00118311 0.00916861 0.0420566 0.115139 0.192884 0.211538 0.174136 0.123492 0.0754041 0.0367204 0.0136193 0.00372662 0.00072825 9.91162e-05 9.21916e-06 5.75364e-07 2.36549e-08 6.30305e-10 1.07404e-11 1.1576e-13
 1.41115e-11 1.53236e-09 9.81061e-08 3.70338e-06 8.24376e-05 0.00108257 0.00839721 0.0386198 0.106514 0.181948 0.208426 0.183144 0.135557 0.0815991 0.0375786 0.0130047 0.0033382 0.000617615 7.98889e-05 7.05001e-06 4.15694e-07 1.60726e-08 4.00943e-10 6.36659e-12 6.36389e-14
 1.42531e-11 1.54774e-09 9.90911e-08 3.74061e-06 8.32687e-05 0.00109355 0.00848335 0.039021 0.107601 0.183452 0.208677 0.181006 0.133202 0.0813958 0.0384671 0.0134585 0.00338194 0.00059491 7.20129e-05 5.92133e-06 3.25719e-07 1.17716e-08 2.74615e-10 4.0737e-12 3.79664e-14
 1.40191e-11 1.52234e-09 9.7466e-08 3.67937e-06 8.19124e-05 0.00107597 0.00835149 0.0384661 0.106406 0.182629 0.209998 0.183728 0.134483 0.0806758 0.0373626 0.0128902 0.00321508 0.000561083 6.66747e-05 5.28879e-06 2.75675e-07 9.31675e-09 2.01776e-10 2.77114e-12 2.39035e-14
 1.39988e-11 1.52013e-09 9.73262e-08 3.67421e-06 8.1804e-05 0.00107475 0.00834584 0.0384796 0.10667 0.183759 0.212152 0.185418 0.134192 0.0789371 0.0356138 0.0118828 0.00285155 0.000478463 5.47797e-05 4.19232e-06 2.10449e-07 6.81166e-09 1.40137e-10 1.81201e-12 1.45979e-14
 1.29705e-11 1.40849e-09 9.01806e-08 3.40473e-06 7.58195e-05 0.000996649 0.00774967 0.0358508 0.100195 0.175788 0.209955 0.191443 0.142253 0.0835873 0.0369365 0.0119269 0.00274763 0.000440043 4.78891e-05 3.47487e-06 1.65224e-07 5.06536e-09 9.87038e-11 1.20786e-12 9.19151e-15
#pred catch len freq
 1.10183e-11 1.19646e-09 7.65984e-08 2.89121e-06 6.43399e-05 0.000844181 0.00653134 0.0298184 0.0806178 0.131388 0.139971 0.125813 0.123755 0.112307 0.0801693 0.0510244 0.0334767 0.0227007 0.0159967 0.0118974 0.00947054 0.0081497 0.00717248 0.0055707 0.00325951
 1.67034e-11 1.81379e-09 1.1612e-07 4.38296e-06 9.75365e-05 0.00127971 0.00989992 0.0451721 0.121781 0.195673 0.195409 0.143059 0.105879 0.0808504 0.0493443 0.0240316 0.0115121 0.00607207 0.00347141 0.00213441 0.00142627 0.00105775 0.000844577 0.000631361 0.00036962
 1.54305e-11 1.67557e-09 1.07271e-07 4.04895e-06 9.01037e-05 0.0011822 0.00914595 0.0417407 0.112651 0.181984 0.186349 0.148526 0.124697 0.100003 0.0580096 0.0233408 0.0077237 0.00262831 0.0009918 0.000426153 0.000212524 0.000123355 8.22654e-05 5.58752e-05 3.1585e-05
 1.64058e-11 1.78147e-09 1.14051e-07 4.30487e-06 9.57986e-05 0.00125692 0.00972372 0.0443719 0.119675 0.192702 0.194387 0.147396 0.115183 0.0895045 0.0523627 0.0220402 0.00775611 0.00252802 0.00072826 0.000192677 5.52527e-05 1.97402e-05 9.19693e-06 5.06551e-06 2.60602e-06
 1.64839e-11 1.78996e-09 1.14595e-07 4.32538e-06 9.62552e-05 0.00126291 0.00977006 0.0445835 0.120247 0.193637 0.19539 0.148289 0.11591 0.0896155 0.051412 0.0204868 0.00655012 0.0019901 0.00056956 0.000144958 3.24069e-05 6.6533e-06 1.52482e-06 4.90007e-07 1.94871e-07
 1.63212e-11 1.77228e-09 1.13463e-07 4.28267e-06 9.53046e-05 0.00125044 0.00967363 0.0441443 0.119074 0.191845 0.194035 0.148445 0.117462 0.0913973 0.0524954 0.0208712 0.00659774 0.00193666 0.0005185 0.000121768 2.55769e-05 4.73076e-06 7.5813e-07 1.1613e-07 2.21643e-08
 1.57337e-11 1.7085e-09 1.0938e-07 4.12853e-06 9.18746e-05 0.00120544 0.00932563 0.0425592 0.114839 0.185348 0.189 0.148594 0.122412 0.0973111 0.0563852 0.0226711 0.00731231 0.00218671 0.000586686 0.000134777 2.68699e-05 4.6096e-06 6.69375e-07 8.18814e-08 8.711e-09
 1.5348e-11 1.66661e-09 1.06698e-07 4.02731e-06 8.96221e-05 0.00117588 0.00909707 0.0415178 0.112052 0.18103 0.185445 0.148012 0.124624 0.100505 0.0592247 0.0248064 0.00863069 0.00277919 0.000779145 0.000183666 3.70129e-05 6.26834e-06 8.71754e-07 9.86042e-08 8.98548e-09
 1.51749e-11 1.64781e-09 1.05494e-07 3.98188e-06 8.86111e-05 0.00116262 0.0089945 0.0410505 0.110803 0.179112 0.183947 0.148017 0.126017 0.102175 0.060319 0.0253302 0.00889498 0.00293964 0.000867879 0.000219745 4.72192e-05 8.32633e-06 1.17833e-06 1.32314e-07 1.15909e-08
 1.55437e-11 1.68786e-09 1.08058e-07 4.07865e-06 9.07647e-05 0.00119087 0.009213 0.042046 0.113465 0.183214 0.187219 0.148225 0.123369 0.0987677 0.0577507 0.0237771 0.00806794 0.00259106 0.000760236 0.000195792 4.38434e-05 8.21477e-06 1.23915e-06 1.4606e-07 1.31137e-08
 1.55342e-11 1.68683e-09 1.07992e-07 4.07617e-06 9.07093e-05 0.00119015 0.00920739 0.0420206 0.113399 0.18313 0.187238 0.148505 0.123874 0.0991562 0.0577218 0.0234393 0.00773095 0.00239774 0.000679787 0.000169507 3.72963e-05 7.0419e-06 1.09812e-06 1.36332e-07 1.29644e-08
 1.51572e-11 1.64589e-09 1.05372e-07 3.97725e-06 8.85081e-05 0.00116127 0.00898407 0.0410036 0.110685 0.178989 0.18414 0.148968 0.127612 0.103327 0.0600719 0.0240864 0.00772984 0.00231947 0.000637411 0.000153466 3.25086e-05 5.93381e-06 9.06493e-07 1.12722e-07 1.09949e-08
 1.53337e-11 1.66506e-09 1.06598e-07 4.02356e-06 8.95386e-05 0.00117479 0.00908862 0.0414797 0.111956 0.180934 0.185619 0.148831 0.125986 0.101468 0.0589631 0.0236944 0.00763018 0.00228438 0.000618036 0.000144518 2.95355e-05 5.1918e-06 7.63189e-07 9.17188e-08 8.75649e-09
 1.50765e-11 1.63713e-09 1.0481e-07 3.95607e-06 8.80368e-05 0.00115509 0.00893625 0.0407858 0.110103 0.178102 0.183472 0.149057 0.128397 0.104215 0.0605902 0.0242498 0.00774311 0.0023006 0.000621001 0.000144943 2.93179e-05 5.03384e-06 7.15214e-07 8.26938e-08 7.59791e-09
 1.4941e-11 1.62242e-09 1.03869e-07 3.92053e-06 8.72458e-05 0.00114471 0.00885601 0.0404203 0.109127 0.176607 0.182327 0.149134 0.129604 0.105624 0.0614723 0.0246068 0.00785299 0.00232764 0.000624867 0.000144749 2.90986e-05 4.97169e-06 6.99571e-07 7.92781e-08 7.06585e-09
 1.52679e-11 1.65792e-09 1.06141e-07 4.00631e-06 8.91547e-05 0.00116975 0.00904969 0.0413027 0.111488 0.180251 0.185264 0.149422 0.127414 0.102705 0.0591459 0.0230808 0.0069944 0.00196181 0.000511796 0.00011738 2.34632e-05 3.98278e-06 5.56543e-07 6.26205e-08 5.52315e-09
 1.52518e-11 1.65616e-09 1.06029e-07 4.00207e-06 8.90603e-05 0.00116851 0.00904012 0.0412594 0.111375 0.180103 0.185273 0.149833 0.128171 0.103285 0.0590932 0.02257 0.00650528 0.00170279 0.000416754 9.00673e-05 1.71604e-05 2.83681e-06 3.91707e-07 4.37465e-08 3.83114e-09
 1.52217e-11 1.6529e-09 1.0582e-07 3.99418e-06 8.88849e-05 0.00116621 0.00902232 0.0411782 0.111157 0.179759 0.184959 0.149685 0.128191 0.103443 0.0593818 0.0229012 0.0067335 0.00179078 0.000431992 8.88021e-05 1.57832e-05 2.4378e-06 3.18374e-07 3.42402e-08 2.93711e-09
 1.57049e-11 1.70537e-09 1.09179e-07 4.12097e-06 9.17063e-05 0.00120323 0.00930857 0.0424819 0.114639 0.185088 0.189028 0.149361 0.123814 0.0983746 0.056266 0.0217029 0.00639916 0.00171388 0.00041871 8.73538e-05 1.55392e-05 2.32984e-06 2.8718e-07 2.88517e-08 2.32922e-09
 1.63257e-11 1.77277e-09 1.13495e-07 4.28385e-06 9.5331e-05 0.00125078 0.00967632 0.0441568 0.119111 0.191927 0.194225 0.148859 0.11806 0.0917825 0.0523119 0.0202948 0.00607491 0.00165682 0.000409511 8.61183e-05 1.54743e-05 2.34687e-06 2.90234e-07 2.86296e-08 2.21148e-09
 1.62522e-11 1.76479e-09 1.12984e-07 4.26457e-06 9.4902e-05 0.00124515 0.0096328 0.0439589 0.118586 0.191154 0.193783 0.149396 0.119466 0.093035 0.0525564 0.0197715 0.00551889 0.00138419 0.000328007 6.88725e-05 1.25332e-05 1.9239e-06 2.40417e-07 2.39403e-08 1.85521e-09
 1.646e-11 1.78736e-09 1.14429e-07 4.3191e-06 9.61155e-05 0.00126107 0.00975591 0.0445194 0.120081 0.193428 0.195446 0.149016 0.11722 0.0906279 0.0513512 0.0196234 0.00567209 0.00147102 0.000344793 6.83473e-05 1.16561e-05 1.73032e-06 2.15677e-07 2.16894e-08 1.69949e-09
 1.63774e-11 1.77839e-09 1.13854e-07 4.29742e-06 9.5633e-05 0.00125474 0.00970697 0.0442968 0.119491 0.192555 0.194932 0.149573 0.118729 0.0919857 0.0516406 0.0190968 0.00510707 0.00119975 0.000267899 5.33511e-05 9.17237e-06 1.32716e-06 1.57103e-07 1.50997e-08 1.15962e-09
 1.63819e-11 1.77888e-09 1.13885e-07 4.2986e-06 9.56593e-05 0.00125509 0.00970963 0.0443088 0.11952 0.192582 0.194864 0.149278 0.118248 0.0916597 0.0517661 0.0195221 0.00546405 0.00135208 0.000302338 5.67505e-05 9.05905e-06 1.25937e-06 1.47615e-07 1.39826e-08 1.03742e-09
 1.60766e-11 1.74572e-09 1.11763e-07 4.21848e-06 9.38763e-05 0.0012317 0.00952875 0.043485 0.117322 0.189227 0.192353 0.149648 0.121263 0.0950179 0.0536419 0.0200272 0.00547236 0.00131953 0.000295663 5.72764e-05 9.39448e-06 1.28607e-06 1.42962e-07 1.28359e-08 9.22407e-10
 1.60713e-11 1.74515e-09 1.11726e-07 4.2171e-06 9.38455e-05 0.00123129 0.00952561 0.0434707 0.117282 0.189157 0.192253 0.149498 0.121079 0.0949248 0.053754 0.0202672 0.0056659 0.00140403 0.000317009 6.06121e-05 9.8217e-06 1.35537e-06 1.536e-07 1.38269e-08 9.65958e-10
 1.70511e-11 1.85155e-09 1.18538e-07 4.47421e-06 9.9567e-05 0.00130636 0.0101061 0.0461144 0.124343 0.199961 0.200496 0.148818 0.112167 0.0846278 0.047455 0.0178784 0.00501561 0.00125348 0.000287292 5.61342e-05 9.27087e-06 1.28453e-06 1.44667e-07 1.30062e-08 9.15939e-10
 1.67192e-11 1.8155e-09 1.1623e-07 4.38711e-06 9.76289e-05 0.00128093 0.00990948 0.0452193 0.121957 0.196348 0.197922 0.149649 0.116097 0.0887078 0.0493058 0.017819 0.0044893 0.000955372 0.00019548 3.67923e-05 6.08558e-06 8.56597e-07 9.82493e-08 8.93619e-09 6.30693e-10
#obs catch len freq
 1.04443e-11 1.13413e-09 7.26077e-08 2.74059e-06 6.09882e-05 0.000800214 0.00619156 0.0282756 0.0765544 0.125581 0.137368 0.132071 0.139539 0.133252 0.100135 0.063184 0.0344365 0.0152986 0.00538235 0.00149255 0.000317961 5.00789e-05 5.63263e-06 4.39444e-07 2.32078e-08
 1.76349e-11 1.91495e-09 1.22596e-07 4.62741e-06 0.000102976 0.00135108 0.0104518 0.0476857 0.128481 0.20577 0.202099 0.138581 0.0912161 0.0682601 0.0485413 0.0305143 0.0165086 0.00718466 0.00244609 0.00064888 0.000131225 1.95651e-05 2.08099e-06 1.53078e-07 7.57404e-09
 1.35326e-11 1.46948e-09 9.40774e-08 3.55096e-06 7.9022e-05 0.00103683 0.00802212 0.0366292 0.0990683 0.161546 0.171561 0.150204 0.138577 0.114767 0.069079 0.0310128 0.0121231 0.004433 0.00141438 0.00036206 7.02458e-05 9.9325e-06 9.93372e-07 6.83914e-08 3.15996e-09
 1.64679e-11 1.78822e-09 1.14483e-07 4.32117e-06 9.61618e-05 0.00126169 0.00976088 0.0445452 0.120167 0.193504 0.19444 0.143653 0.106237 0.0823771 0.0548575 0.0299971 0.013298 0.00445381 0.00109872 0.000210873 3.31783e-05 4.15569e-06 3.84441e-07 2.47223e-08 1.06484e-09
 1.50555e-11 1.63485e-09 1.04664e-07 3.95056e-06 8.79147e-05 0.0011535 0.0089247 0.0407452 0.110112 0.178727 0.185499 0.150604 0.124968 0.0977659 0.0587365 0.0272673 0.0107208 0.00355466 0.000923519 0.000178493 2.50063e-05 2.52298e-06 1.8478e-07 9.81427e-09 3.68023e-10
 1.60034e-11 1.73778e-09 1.11254e-07 4.1993e-06 9.345e-05 0.00122613 0.00948633 0.0433032 0.116939 0.189105 0.192962 0.148317 0.113972 0.0869979 0.0544913 0.0273478 0.0111934 0.00355122 0.000838652 0.000148512 1.98021e-05 1.92941e-06 1.31834e-07 6.14199e-09 1.9258e-10
 1.5436e-11 1.67617e-09 1.0731e-07 4.05043e-06 9.01373e-05 0.00118268 0.00915069 0.041781 0.11294 0.183372 0.189876 0.151522 0.120988 0.0920849 0.0555978 0.0265529 0.0105304 0.0033538 0.000809492 0.000143796 1.84394e-05 1.67325e-06 1.05682e-07 4.57251e-09 1.32887e-10
 1.57957e-11 1.71523e-09 1.09811e-07 4.14482e-06 9.22379e-05 0.00121024 0.00936404 0.0427557 0.11557 0.187518 0.19332 0.151574 0.117382 0.0878202 0.0533279 0.0258433 0.0102056 0.003146 0.000725752 0.000124035 1.55074e-05 1.3771e-06 8.41415e-08 3.4527e-09 9.35185e-11
 1.50688e-11 1.63629e-09 1.04757e-07 3.95406e-06 8.79932e-05 0.00115457 0.008934 0.0408053 0.11044 0.180096 0.188929 0.154479 0.124833 0.093932 0.0559544 0.0263478 0.0101227 0.00305764 0.000692448 0.000115129 1.38128e-05 1.16747e-06 6.78656e-08 2.65611e-09 6.8609e-11
 1.57476e-11 1.71e-09 1.09476e-07 4.13218e-06 9.19572e-05 0.00120658 0.00933642 0.0426411 0.115368 0.187752 0.195054 0.154491 0.118916 0.0868933 0.051492 0.0242545 0.00916541 0.00266075 0.000570979 8.96702e-05 1.01918e-05 8.17716e-07 4.503e-08 1.66236e-09 4.03633e-11
 1.55167e-11 1.68493e-09 1.07871e-07 4.0716e-06 9.06095e-05 0.00118892 0.00920033 0.0420294 0.113809 0.185744 0.194599 0.156625 0.121669 0.0880862 0.0512698 0.0236911 0.00881899 0.00253963 0.000541316 8.35535e-05 9.16638e-06 6.98769e-07 3.62409e-08 1.25578e-09 2.85832e-11
 1.41912e-11 1.541e-09 9.86564e-08 3.72382e-06 8.28709e-05 0.00108743 0.00841644 0.0384748 0.104458 0.172151 0.186192 0.160875 0.134143 0.0992008 0.0570749 0.0256204 0.00913491 0.0024972 0.000504123 7.39484e-05 7.75091e-06 5.6555e-07 2.7966e-08 9.1695e-10 1.95947e-11
 1.41326e-11 1.53464e-09 9.8249e-08 3.70845e-06 8.25291e-05 0.00108296 0.00838224 0.0383236 0.10408 0.171601 0.185399 0.159068 0.131643 0.0987413 0.0594504 0.0282454 0.0104091 0.00284135 0.000558528 7.84614e-05 7.79099e-06 5.35697e-07 2.49354e-08 7.70061e-10 1.54999e-11
 1.41665e-11 1.53832e-09 9.84845e-08 3.71734e-06 8.27278e-05 0.00108559 0.00840337 0.0384309 0.104462 0.172635 0.187399 0.161229 0.132098 0.0970707 0.0571924 0.0267461 0.00982683 0.00271074 0.000540563 7.618e-05 7.43113e-06 4.91529e-07 2.16702e-08 6.27802e-10 1.17951e-11
 1.34296e-11 1.45829e-09 9.33616e-08 3.52399e-06 7.84261e-05 0.00102921 0.0079685 0.0364682 0.0993687 0.165526 0.183685 0.164412 0.138831 0.102429 0.0597579 0.0274213 0.00980522 0.00262681 0.000511048 7.07554e-05 6.80909e-06 4.43485e-07 1.9098e-08 5.34048e-10 9.56415e-12
 1.29059e-11 1.40143e-09 8.97213e-08 3.3866e-06 7.53697e-05 0.000989151 0.0076598 0.0350768 0.0957627 0.160439 0.180588 0.165295 0.142038 0.106153 0.0629651 0.029237 0.0104021 0.00272736 0.000513844 6.84952e-05 6.33421e-06 3.96828e-07 1.64675e-08 4.44079e-10 7.65833e-12
 1.35918e-11 1.47591e-09 9.44899e-08 3.5666e-06 7.93761e-05 0.00104174 0.00806712 0.0369397 0.100791 0.168321 0.186986 0.165505 0.136351 0.0991288 0.0579549 0.0265959 0.00932828 0.00240295 0.000442249 5.70722e-05 5.06062e-06 3.01768e-07 1.18698e-08 3.02917e-10 4.94357e-12
 1.33346e-11 1.44799e-09 9.27021e-08 3.49915e-06 7.78768e-05 0.00102214 0.0079174 0.0362833 0.0992432 0.166895 0.188393 0.170249 0.140478 0.0993577 0.0554617 0.0241465 0.00807192 0.00199697 0.000354445 4.41003e-05 3.75764e-06 2.14241e-07 8.01153e-09 1.93316e-10 2.96978e-12
 1.36641e-11 1.48376e-09 9.49925e-08 3.58562e-06 7.98021e-05 0.00104745 0.00811402 0.0371899 0.101734 0.170921 0.191753 0.170217 0.1373 0.0959556 0.0533187 0.0228934 0.00740072 0.00174212 0.000292005 3.4284e-05 2.76251e-06 1.4921e-07 5.28606e-09 1.20645e-10 1.74847e-12
 1.51728e-11 1.64759e-09 1.05481e-07 3.98152e-06 8.86125e-05 0.00116304 0.00900791 0.0412579 0.112551 0.187186 0.20336 0.16814 0.124492 0.0821927 0.0443213 0.0186724 0.00593988 0.00137248 0.000223781 2.52159e-05 1.92543e-06 9.7741e-08 3.24231e-09 6.92287e-11 9.38789e-13
 1.4306e-11 1.55347e-09 9.94559e-08 3.75415e-06 8.35568e-05 0.00109687 0.00849978 0.0389923 0.106879 0.180173 0.20222 0.175938 0.133974 0.0859425 0.0431894 0.0167606 0.00496893 0.00108856 0.000170089 1.84168e-05 1.34727e-06 6.51111e-08 2.04096e-09 4.08939e-11 5.17638e-13
 1.44107e-11 1.56485e-09 1.00185e-07 3.78169e-06 8.41715e-05 0.001105 0.00856401 0.039299 0.107775 0.181728 0.203473 0.175498 0.132374 0.0849964 0.0429291 0.0164332 0.00464514 0.000943518 0.000135188 1.34672e-05 9.14944e-07 4.14086e-08 1.22082e-09 2.30209e-11 2.73741e-13
 1.46666e-11 1.59263e-09 1.01964e-07 3.84889e-06 8.567e-05 0.00112477 0.00871921 0.0400331 0.109917 0.185697 0.208026 0.177794 0.13052 0.0804655 0.0387856 0.0141577 0.00382201 0.000739241 9.9735e-05 9.21058e-06 5.72792e-07 2.36e-08 6.34188e-10 1.09538e-11 1.19987e-13
 1.56403e-11 1.69837e-09 1.08733e-07 4.10444e-06 9.1358e-05 0.00119942 0.00929677 0.0426619 0.116888 0.196002 0.214744 0.175162 0.121572 0.0721918 0.0340995 0.0122042 0.00320187 0.00059652 7.69915e-05 6.75657e-06 3.96041e-07 1.52348e-08 3.78636e-10 6.00192e-12 6.00413e-14
 1.43433e-11 1.55754e-09 9.97187e-08 3.76432e-06 8.3798e-05 0.00110056 0.00853901 0.0392941 0.108483 0.185495 0.212047 0.184124 0.133104 0.0778875 0.034793 0.011618 0.00285754 0.000503432 6.16756e-05 5.12961e-06 2.83827e-07 1.02609e-08 2.38618e-10 3.52357e-12 3.26868e-14
 1.44985e-11 1.57439e-09 1.00798e-07 3.80513e-06 8.47091e-05 0.0011126 0.00863341 0.0397331 0.109666 0.187125 0.21237 0.182033 0.130799 0.0775936 0.0354826 0.011949 0.0028731 0.000481037 5.51346e-05 4.27041e-06 2.20253e-07 7.4359e-09 1.61582e-10 2.22762e-12 1.92589e-14
 1.42827e-11 1.55097e-09 9.93001e-08 3.7487e-06 8.34608e-05 0.00109646 0.00851311 0.0392338 0.108631 0.186549 0.213829 0.184605 0.131791 0.0767007 0.0343493 0.0113948 0.00271509 0.000450118 5.05645e-05 3.77482e-06 1.84445e-07 5.82319e-09 1.17462e-10 1.49875e-12 1.19866e-14
 1.42743e-11 1.55006e-09 9.92433e-08 3.7467e-06 8.34237e-05 0.0010962 0.00851523 0.0392849 0.109 0.187835 0.216044 0.186157 0.13128 0.0748303 0.0326038 0.0104484 0.00239312 0.000381071 4.11925e-05 2.96274e-06 1.39237e-07 4.2062e-09 8.05645e-11 9.67841e-13 7.23122e-15
#spawning biomass
 3947.87 5006.38 7956.39 13053.8 20674.9 32476.7 50142.1 77169.6 106500 137722 175862 202458 225239 244666 242016 213583 182736 162655 155975 173369 187587 210703 211911 228980 228271 228207 243908 253842 284499 8077.96 4287.84 4287.84 4287.84 4287.84 4287.84 4287.84 4287.84 4287.84 4287.84 4287.84 4287.84 4287.84 4287.84 4287.84 4287.84 4287.84 4287.84 4287.84 4287.84 4287.84 4287.84 4287.84 4287.84 4287.84 4287.84 4287.84 4287.84 4287.84 4287.84 4287.84 4287.84 4287.84 4287.84 4287.84 4287.84 4287.84 4287.84 4287.84 4287.84 4287.84 4287.84 4287.84 4287.84 4287.84 4287.84 4287.84 4287.84 4287.84 4287.84 4287.84 4287.84 4287.84 4287.84 4287.84 4287.84 4287.84 4287.84 4287.84 4287.84 4287.84 4287.84 4287.84 4287.84 4287.84 4287.84 4287.84 4287.84 4287.84 4287.84 4287.84 4287.84 4287.84 4287.84 4287.84 4287.84 4287.84 4287.84 4287.84 4287.84 4287.84 4287.84 4287.84 4287.84 4287.84 4287.84 4287.84 4287.84 4287.84 4287.84 4287.84 4287.84 4287.84 4287.84 4287.84 4287.84 4287.84 4287.84 4287.84 0 0 0 0 0 0 0 0 0 0 0 0 0 0 0 0 0 0 0 0 0 0 0 0 0
