SBPRF35
0.0419064
Curr Bio
331089
B35
143316
F35
38.4775
FOFL
38.4775
OFL
375547
Bzero
11156.9
#pred survey bio
 12309.7 9370.86 6255.16 6692.32 10096.2 15272.9 23076.6 34348.4 50736.5 66553.1 77003.7 107576 150864 180161 186271 163008 153290 158993 152562 168818 181328 186890 203615 240437 240704 243056 233815 241955 207627 4.25011e+06 1.05368e+06 298034 134730 86476.1 72227 68086.2 66901.8 66567.6 66474.2 66448.4 66441.3 66439.3 66438.8 66438.7 66438.6 66438.6 66438.6 66438.6 66438.6 66438.6 66438.6 66438.6 66438.6 66438.6 66438.6 66438.6 66438.6 66438.6 66438.6 66438.6 66438.6 66438.6 66438.6 66438.6 66438.6 66438.6 66438.6 66438.6 66438.6 66438.6 66438.6 66438.6 66438.6 66438.6 66438.6 66438.6 66438.6 66438.6 66438.6 66438.6 66438.6 66438.6 66438.6 66438.6 66438.6 66438.6 66438.6 66438.6 66438.6 66438.6 66438.6 66438.6 66438.6 66438.6 66438.6 66438.6 66438.6 66438.6 66438.6 66438.6 66438.6 66438.6 66438.6 66438.6 66438.6 66438.6 66438.6 66438.6 66438.6 66438.6 66438.6 66438.6 66438.6 66438.6 66438.6 66438.6 66438.6 66438.6 66438.6 66438.6 66438.6 66438.6 66438.6 66438.6 66438.6 66438.6 66438.6 66438.6 66438.6 0 0 0 0 0 0 0 0 0 0 0 0 0 0 0 0 0 0 0 0 0 0 0 0 0
#obs survey bio
 8744.17 5560.26 6123.22 5771.76 9412.33 14540.4 27193.5 41346.9 48413 63129.7 73363.4 111286 134434 180124 194297 163862 181527 135160 166360 294850 145581 177826 224746 299942 314931 189027 254461 252081 166566
#pred catch bio
 3402.9 4349.7 3211.55 3257.93 4915.85 6842.8 10992 17644.8 30165.3 48636.7 53781.8 73858.8 104370 130301 157125 137573 122637 141043 125112 143584 167395 169582 168207 214090 199835 217962 204598 228007 198355 375547 5734.43 5593.83 5593.83 5593.83 5593.83 5593.83 5593.83 5593.83 5593.83 5593.83 5593.83 5593.83 5593.83 5593.83 5593.83 5593.83 5593.83 5593.83 5593.83 5593.83 5593.83 5593.83 5593.83 5593.83 5593.83 5593.83 5593.83 5593.83 5593.83 5593.83 5593.83 5593.83 5593.83 5593.83 5593.83 5593.83 5593.83 5593.83 5593.83 5593.83 5593.83 5593.83 5593.83 5593.83 5593.83 5593.83 5593.83 5593.83 5593.83 5593.83 5593.83 5593.83 5593.83 5593.83 5593.83 5593.83 5593.83 5593.83 5593.83 5593.83 5593.83 5593.83 5593.83 5593.83 5593.83 5593.83 5593.83 5593.83 5593.83 5593.83 5593.83 5593.83 5593.83 5593.83 5593.83 5593.83 5593.83 5593.83 5593.83 5593.83 5593.83 5593.83 5593.83 5593.83 5593.83 5593.83 5593.83 5593.83 5593.83 5593.83 5593.83 5593.83 5593.83 5593.83 5593.83 5593.83 5593.83 5593.83 5593.83 0 0 0 0 0 0 0 0 0 0 0 0 0 0 0 0 0 0 0 0 0 0 0 0 0
#obs catch bio
 4740.69 4892.95 3656.56 3269.03 5010.75 6578.3 10692.1 17035.2 29580.7 48312.2 54746.8 73969.7 99866.6 126470 163114 136318 121057 146763 129097 134449 169930 171418 160314 203099 174140 212803 187035 202543 193817
#pred cpue bio
 11836.4 9318.51 5982.77 5925.37 9000.47 13592.5 20766.3 30517.6 45215.6 59824.3 68262.1 93140.6 133344 163151 169674 147820 137253 142777 135067 149714 160057 163252 178219 211514 215035 218174 206298 214939 187612 3.71619e+06 1.16864e+06 287906 122812 74525.5 60275.7 56134.9 54950.6 54616.3 54523 54497.1 54490 54488.1 54487.6 54487.4 54487.4 54487.4 54487.4 54487.4 54487.4 54487.4 54487.4 54487.4 54487.4 54487.4 54487.4 54487.4 54487.4 54487.4 54487.4 54487.4 54487.4 54487.4 54487.4 54487.4 54487.4 54487.4 54487.4 54487.4 54487.4 54487.4 54487.4 54487.4 54487.4 54487.4 54487.4 54487.4 54487.4 54487.4 54487.4 54487.4 54487.4 54487.4 54487.4 54487.4 54487.4 54487.4 54487.4 54487.4 54487.4 54487.4 54487.4 54487.4 54487.4 54487.4 54487.4 54487.4 54487.4 54487.4 54487.4 54487.4 54487.4 54487.4 54487.4 54487.4 54487.4 54487.4 54487.4 54487.4 54487.4 54487.4 54487.4 54487.4 54487.4 54487.4 54487.4 54487.4 54487.4 54487.4 54487.4 54487.4 54487.4 54487.4 54487.4 54487.4 54487.4 54487.4 54487.4 54487.4 54487.4 0 0 0 0 0 0 0 0 0 0 0 0 0 0 0 0 0 0 0 0 0 0 0 0 0
#obs cpue bio
 9677.28 7837.28 5408.02 6403.86 10750.6 17744.1 21391.1 26615.8 50095.5 65070.5 58871.6 96490.1 201536 161811 144245 161248 115984 136104 104294 155224 142944 172811 214345 228957 321239 230677 346269 321921 205276
#pred surv len freq
 1.31563e-11 1.42862e-09 9.14613e-08 3.45221e-06 7.6824e-05 0.00100797 0.00779811 0.0355916 0.0960865 0.155472 0.160386 0.131119 0.115318 0.0996583 0.0699164 0.0436325 0.027582 0.0176091 0.0115094 0.00792615 0.00586461 0.0047337 0.00397516 0.00300293 0.00173159
 1.12733e-11 1.22414e-09 7.83707e-08 2.9581e-06 6.58287e-05 0.000863722 0.00668282 0.0305169 0.0826001 0.135375 0.147718 0.141283 0.146664 0.131634 0.0852065 0.0436613 0.0217395 0.0112344 0.00596632 0.00332871 0.00200388 0.00134565 0.000994241 0.000709058 0.000405148
 1.38251e-11 1.50125e-09 9.61112e-08 3.62772e-06 8.07298e-05 0.00105922 0.00819472 0.0374047 0.101021 0.163779 0.170455 0.143052 0.129175 0.109842 0.0703445 0.0357264 0.0168335 0.00746212 0.00307657 0.00128216 0.000577466 0.000292884 0.000172061 0.000107388 5.8111e-05
 1.74514e-11 1.89501e-09 1.2132e-07 4.57923e-06 0.000101904 0.00133702 0.0103431 0.0471927 0.127204 0.204186 0.202968 0.146068 0.104715 0.0777269 0.0455286 0.0199981 0.00781286 0.00305016 0.00114504 0.000403007 0.000135368 4.6952e-05 1.88717e-05 8.9723e-06 4.2351e-06
 1.7218e-11 1.86967e-09 1.19698e-07 4.51799e-06 0.000100541 0.00131914 0.0102049 0.0465641 0.125537 0.201738 0.201601 0.147876 0.10938 0.0819898 0.0466297 0.018534 0.00592766 0.00182393 0.000549072 0.00015904 4.46565e-05 1.19637e-05 3.17454e-06 9.45992e-07 3.25491e-07
 1.72757e-11 1.87593e-09 1.20099e-07 4.53313e-06 0.000100878 0.00132356 0.0102391 0.0467198 0.125952 0.202365 0.202043 0.147718 0.108686 0.0813153 0.0464126 0.0186563 0.00603966 0.0018038 0.000479514 0.000110665 2.36919e-05 4.88956e-06 9.69287e-07 1.87757e-07 3.86397e-08
 1.68443e-11 1.82909e-09 1.171e-07 4.41994e-06 9.83594e-05 0.00129051 0.00998354 0.0455556 0.12284 0.197584 0.198295 0.147693 0.112116 0.085519 0.0493197 0.0201624 0.00673555 0.00207992 0.000563636 0.000128361 2.50861e-05 4.23033e-06 6.27172e-07 8.54369e-08 1.11103e-08
 1.73342e-11 1.88228e-09 1.20505e-07 4.54848e-06 0.00010122 0.00132804 0.0102737 0.0468774 0.126371 0.202991 0.202444 0.147429 0.107773 0.0804409 0.0461259 0.0188508 0.00631727 0.00196921 0.000544288 0.000127681 2.55825e-05 4.2806e-06 5.849e-07 6.54774e-08 6.14444e-09
 1.72299e-11 1.87097e-09 1.19781e-07 4.52113e-06 0.000100611 0.00132006 0.010212 0.0465965 0.125625 0.201879 0.201741 0.14798 0.10945 0.0820146 0.0465823 0.0184224 0.0057892 0.00169517 0.000455643 0.000106721 2.16821e-05 3.71338e-06 5.17756e-07 5.73888e-08 4.96026e-09
 1.69104e-11 1.83627e-09 1.1756e-07 4.43729e-06 9.87454e-05 0.00129558 0.0100227 0.0457346 0.123326 0.198389 0.199211 0.148636 0.113019 0.085817 0.0484637 0.018601 0.00545794 0.00146205 0.000363432 7.93145e-05 1.5267e-05 2.55565e-06 3.57447e-07 4.02641e-08 3.52605e-09
 1.74466e-11 1.8945e-09 1.21287e-07 4.57799e-06 0.000101877 0.00133666 0.0103404 0.0471819 0.127196 0.20435 0.203955 0.148905 0.109118 0.0808286 0.0447427 0.016391 0.0043023 0.000980867 0.000213182 4.18831e-05 7.30554e-06 1.12188e-06 1.46989e-07 1.59505e-08 1.38305e-09
 1.8267e-11 1.98358e-09 1.2699e-07 4.79325e-06 0.000106667 0.0013995 0.0108264 0.0493953 0.133107 0.213392 0.210837 0.14828 0.101575 0.0721635 0.0395151 0.0144883 0.00382411 0.000868057 0.000180082 3.17012e-05 4.73986e-06 6.27734e-07 7.283e-08 7.15579e-09 5.75453e-10
 1.75547e-11 1.90623e-09 1.22039e-07 4.60635e-06 0.000102508 0.00134494 0.0104045 0.0474736 0.127976 0.205549 0.204897 0.148919 0.108272 0.0797884 0.0440211 0.016012 0.00411836 0.00089841 0.000181233 3.14947e-05 4.58765e-06 5.64945e-07 5.77481e-08 4.87084e-09 3.39933e-10
 1.66342e-11 1.80628e-09 1.1564e-07 4.36481e-06 9.71327e-05 0.00127442 0.00985913 0.0449898 0.121342 0.19539 0.197111 0.149445 0.116472 0.0893502 0.0499936 0.0184222 0.00487101 0.00110506 0.000227367 3.90279e-05 5.51378e-06 6.59019e-07 6.53532e-08 5.21562e-09 3.29479e-10
 1.63972e-11 1.78054e-09 1.13992e-07 4.30262e-06 9.57488e-05 0.00125626 0.00971872 0.0443503 0.119633 0.192773 0.195096 0.14955 0.118537 0.0917797 0.0515405 0.019082 0.00510308 0.00118072 0.000248764 4.39539e-05 6.40135e-06 7.75738e-07 7.60586e-08 5.90739e-09 3.60511e-10
 1.65927e-11 1.80177e-09 1.15351e-07 4.35392e-06 9.68902e-05 0.00127124 0.00983454 0.0448781 0.121047 0.194969 0.196934 0.149946 0.117567 0.0902487 0.0500287 0.0178312 0.00431134 0.000844789 0.000156133 2.63848e-05 3.86554e-06 4.79958e-07 4.84031e-08 3.84133e-09 2.35477e-10
 1.70844e-11 1.85516e-09 1.18769e-07 4.48294e-06 9.97613e-05 0.00130891 0.0101258 0.0462048 0.12459 0.200389 0.201063 0.149584 0.113064 0.0850658 0.0468886 0.0166726 0.00401006 0.000771367 0.000135533 2.06965e-05 2.63033e-06 2.89578e-07 2.77059e-08 2.19713e-09 1.37468e-10
 1.69708e-11 1.84283e-09 1.1798e-07 4.45314e-06 9.90982e-05 0.00130021 0.0100586 0.0458983 0.123771 0.19913 0.200074 0.14957 0.113957 0.0861691 0.0476638 0.0170843 0.0041999 0.000840782 0.000153002 2.35701e-05 2.92796e-06 3.01857e-07 2.58713e-08 1.80976e-09 1.03005e-10
 1.75043e-11 1.90076e-09 1.21689e-07 4.59313e-06 0.000102214 0.00134108 0.0103746 0.047338 0.127617 0.20503 0.204644 0.149423 0.109443 0.0807809 0.0441245 0.0154564 0.00356813 0.000632676 0.000102587 1.51718e-05 1.91135e-06 2.01992e-07 1.73579e-08 1.172e-09 6.16957e-11
 1.74398e-11 1.89376e-09 1.2124e-07 4.57621e-06 0.000101837 0.00133614 0.0103364 0.0471639 0.127151 0.204308 0.204051 0.14933 0.109821 0.0813258 0.0446106 0.0158191 0.00378196 0.0007169 0.000122466 1.77384e-05 2.04764e-06 1.9631e-07 1.60492e-08 1.08045e-09 5.73368e-11
 1.761e-11 1.91223e-09 1.22423e-07 4.62085e-06 0.00010283 0.00134917 0.0104372 0.0476229 0.128378 0.206189 0.205506 0.149278 0.108374 0.079602 0.0434823 0.0153051 0.00358667 0.000655184 0.000108875 1.59524e-05 1.92215e-06 1.9048e-07 1.52573e-08 9.58342e-10 4.72223e-11
 1.79776e-11 1.95216e-09 1.24979e-07 4.71733e-06 0.000104977 0.00137734 0.010655 0.0486151 0.131028 0.210253 0.20865 0.149161 0.105238 0.0758732 0.0410526 0.0142085 0.00317153 0.000519677 7.54308e-05 1.00791e-05 1.15286e-06 1.11477e-07 8.99461e-09 5.79838e-10 2.89119e-11
 1.79086e-11 1.94466e-09 1.24499e-07 4.69921e-06 0.000104574 0.00137205 0.0106141 0.0484288 0.130531 0.209492 0.208068 0.149207 0.105865 0.0765987 0.0414987 0.0143799 0.00321846 0.000529341 7.62719e-05 9.77335e-06 1.02102e-06 8.74882e-08 6.37291e-09 3.86888e-10 1.88563e-11
 1.77294e-11 1.9252e-09 1.23253e-07 4.65219e-06 0.000103528 0.00135832 0.010508 0.0479452 0.129238 0.207503 0.206499 0.149163 0.10724 0.0783175 0.0427341 0.0150641 0.00354655 0.000651078 0.000106741 1.4749e-05 1.57936e-06 1.34103e-07 9.31333e-09 5.17919e-10 2.26849e-11
 1.71747e-11 1.86497e-09 1.19397e-07 4.50664e-06 0.000100289 0.00131582 0.0101793 0.0464486 0.125243 0.201403 0.201908 0.149756 0.112599 0.0843472 0.0461944 0.0161097 0.00365798 0.000623359 9.52576e-05 1.31605e-05 1.51773e-06 1.4347e-07 1.08233e-08 6.22888e-10 2.70022e-11
 1.69898e-11 1.84489e-09 1.18111e-07 4.45811e-06 9.92089e-05 0.00130166 0.0100698 0.0459495 0.123909 0.199348 0.200276 0.149675 0.113964 0.0860876 0.0474883 0.0168689 0.00404006 0.000767214 0.000130647 1.86263e-05 2.07282e-06 1.86955e-07 1.4099e-08 8.60033e-10 4.05758e-11
 1.76268e-11 1.91406e-09 1.2254e-07 4.62527e-06 0.000102929 0.00135046 0.0104472 0.0476685 0.1285 0.206381 0.205679 0.149351 0.108348 0.0795067 0.0433328 0.0151413 0.00347138 0.000605361 9.55541e-05 1.36261e-05 1.62674e-06 1.59796e-07 1.25343e-08 7.55553e-10 3.48963e-11
 1.73813e-11 1.8874e-09 1.20833e-07 4.56085e-06 0.000101495 0.00133165 0.0103017 0.0470061 0.126731 0.203676 0.203621 0.149542 0.110613 0.0821078 0.0449025 0.0157108 0.00360821 0.000629676 9.82953e-05 1.34942e-05 1.50938e-06 1.39979e-07 1.09397e-08 6.92879e-10 3.39931e-11
 1.67427e-11 1.81806e-09 1.16394e-07 4.39329e-06 9.77663e-05 0.00128273 0.00992343 0.0452832 0.122132 0.196651 0.198329 0.150207 0.116757 0.0890345 0.0488974 0.0169418 0.00375711 0.00060451 8.51254e-05 1.09718e-05 1.19643e-06 1.08503e-07 8.14337e-09 4.89159e-10 2.31137e-11
#obs surv len freq
 1.26336e-11 1.37186e-09 8.78278e-08 3.31507e-06 7.37723e-05 0.000967933 0.0074886 0.0341841 0.0923566 0.150006 0.157458 0.135874 0.128255 0.114982 0.0807828 0.0476811 0.0265399 0.0137336 0.00625662 0.0024027 0.000742102 0.000175859 3.05013e-05 3.69858e-06 3.01399e-07
 6.13695e-12 6.664e-10 4.26635e-08 1.61034e-06 3.58367e-05 0.000470245 0.00363997 0.0166576 0.0455668 0.0784592 0.102734 0.138978 0.183661 0.180115 0.123782 0.0674786 0.033577 0.0154599 0.00634246 0.0022369 0.000640224 0.000139617 2.20195e-05 2.40909e-06 1.76742e-07
 1.85303e-11 2.01217e-09 1.28821e-07 4.86235e-06 0.000108204 0.00141967 0.0109822 0.0500995 0.134908 0.215458 0.208842 0.136023 0.0805053 0.0575125 0.0437038 0.0304149 0.0176849 0.00811657 0.00300239 0.000926261 0.000234164 4.58725e-05 6.55584e-06 6.50152e-07 4.31009e-08
 1.4165e-11 1.53815e-09 9.84738e-08 3.7169e-06 8.27149e-05 0.00108528 0.00839691 0.0383386 0.103667 0.168851 0.178434 0.153916 0.138706 0.111056 0.0619816 0.023684 0.00762946 0.00274353 0.00102153 0.000314042 7.3069e-05 1.2629e-05 1.58658e-06 1.39732e-07 8.30203e-09
 1.79561e-11 1.94982e-09 1.24829e-07 4.71167e-06 0.000104852 0.0013757 0.0106427 0.0485648 0.130949 0.210403 0.209321 0.149081 0.102018 0.071467 0.0405609 0.0173274 0.00597032 0.00170399 0.000401583 8.41671e-05 1.62005e-05 2.55252e-06 2.92153e-07 2.2954e-08 1.20568e-09
 1.4993e-11 1.62806e-09 1.0423e-07 3.93416e-06 8.75498e-05 0.00114872 0.00888791 0.0405817 0.109727 0.178521 0.187056 0.155776 0.132192 0.101257 0.0554859 0.0210587 0.00620123 0.00159204 0.000352016 6.26587e-05 8.76397e-06 9.75303e-07 8.61709e-08 5.73229e-09 2.66489e-10
 1.70663e-11 1.8532e-09 1.18643e-07 4.4782e-06 9.96563e-05 0.00130755 0.0101162 0.0461759 0.124664 0.201355 0.204374 0.154093 0.113249 0.0797911 0.0425623 0.0161082 0.00470031 0.00113703 0.000222893 3.41747e-05 4.08043e-06 3.74047e-07 2.55178e-08 1.26452e-09 4.47824e-11
 1.58557e-11 1.72174e-09 1.10227e-07 4.16054e-06 9.25878e-05 0.00121483 0.00939964 0.0429208 0.116058 0.188696 0.196407 0.158569 0.126481 0.0911313 0.0471198 0.0165273 0.00427605 0.000913185 0.000163625 2.3259e-05 2.51424e-06 2.01304e-07 1.16547e-08 4.77712e-10 1.35955e-11
 1.67428e-11 1.81807e-09 1.16395e-07 4.39333e-06 9.77681e-05 0.0012828 0.00992539 0.0453175 0.122479 0.198612 0.204198 0.158271 0.11832 0.0814311 0.0411852 0.0143118 0.00366706 0.000755029 0.00012466 1.57597e-05 1.49852e-06 1.06313e-07 5.48289e-09 1.98554e-10 4.90632e-12
 1.53839e-11 1.67051e-09 1.06948e-07 4.03676e-06 8.98338e-05 0.00117873 0.00912133 0.0416682 0.11286 0.184613 0.195825 0.164013 0.1333 0.0935095 0.0455763 0.0144656 0.00315823 0.00053263 7.47381e-05 8.48386e-06 7.36193e-07 4.70183e-08 2.14633e-09 6.82901e-11 1.48371e-12
 1.64324e-11 1.78437e-09 1.14237e-07 4.31189e-06 9.59564e-05 0.00125906 0.00974268 0.0444999 0.120434 0.196234 0.204665 0.162983 0.123175 0.0822436 0.039141 0.0123211 0.00268992 0.000446181 5.83014e-05 5.77747e-06 4.20621e-07 2.25111e-08 8.82632e-10 2.46919e-11 4.75908e-13
 1.69564e-11 1.84127e-09 1.17879e-07 4.44939e-06 9.90164e-05 0.00129922 0.0100536 0.0459208 0.124274 0.202336 0.209969 0.163863 0.118981 0.0761099 0.0346109 0.0101824 0.00198255 0.000279794 3.12586e-05 2.77409e-06 1.85773e-07 9.02935e-09 3.11123e-10 7.44409e-12 1.21571e-13
 1.608e-11 1.7461e-09 1.11787e-07 4.21944e-06 9.39e-05 0.00123213 0.00953559 0.0435763 0.118147 0.193652 0.205333 0.16811 0.127976 0.0826251 0.0369446 0.0105376 0.00195178 0.000253649 2.51558e-05 1.93386e-06 1.10599e-07 4.57243e-09 1.35641e-10 2.84928e-12 4.1297e-14
 1.38107e-11 1.49968e-09 9.60111e-08 3.62399e-06 8.06507e-05 0.00105837 0.00819369 0.037494 0.102174 0.170604 0.191754 0.176988 0.150593 0.100971 0.0449249 0.0125757 0.00227121 0.000284995 2.68596e-05 1.92645e-06 1.00676e-07 3.70667e-09 9.54404e-11 1.71173e-12 2.10945e-14
 1.49456e-11 1.62292e-09 1.03901e-07 3.92179e-06 8.72779e-05 0.00114533 0.00886642 0.0405606 0.110374 0.183129 0.200998 0.175178 0.13917 0.0890951 0.0385821 0.0106336 0.00191084 0.000240506 2.26353e-05 1.59168e-06 7.98761e-08 2.77334e-09 6.6202e-11 1.08265e-12 1.19747e-14
 1.48035e-11 1.60749e-09 1.02913e-07 3.88452e-06 8.64497e-05 0.0011345 0.00878378 0.0401999 0.109539 0.182434 0.201908 0.177502 0.140366 0.0883246 0.0375022 0.0101627 0.00180452 0.000225296 2.10042e-05 1.45632e-06 7.18663e-08 2.44852e-09 5.69876e-11 8.97659e-13 9.42059e-15
 1.51158e-11 1.6414e-09 1.05084e-07 3.96647e-06 8.82743e-05 0.00115848 0.0089701 0.041061 0.111935 0.186499 0.205896 0.178508 0.137224 0.0836218 0.0343717 0.00896393 0.00150905 0.0001749 1.49694e-05 9.6275e-07 4.49193e-08 1.46661e-09 3.28956e-11 4.99751e-13 5.05128e-15
 1.42268e-11 1.54487e-09 9.89046e-08 3.73326e-06 8.30863e-05 0.00109049 0.00844636 0.0387041 0.105871 0.178254 0.202125 0.182944 0.144969 0.0889371 0.0367286 0.00982893 0.00176522 0.00022598 2.11855e-05 1.41521e-06 6.47856e-08 2.00056e-09 4.17519e-11 5.89093e-13 5.56075e-15
 1.45861e-11 1.58389e-09 1.01403e-07 3.82756e-06 8.51862e-05 0.00111809 0.00866099 0.0396967 0.108628 0.182866 0.206385 0.18348 0.140997 0.0838454 0.0336886 0.00879028 0.00154137 0.000193561 1.8033e-05 1.22178e-06 5.78615e-08 1.86424e-09 4.01782e-11 5.70058e-13 5.24339e-15
 1.63192e-11 1.77207e-09 1.13451e-07 4.28232e-06 9.5306e-05 0.00125085 0.00968723 0.0443613 0.120978 0.201126 0.218293 0.178378 0.123899 0.0683715 0.025999 0.00639607 0.00103428 0.00011669 9.71055e-06 5.9956e-07 2.65903e-08 8.20578e-10 1.72427e-11 2.41912e-13 2.22109e-15
 1.5198e-11 1.65033e-09 1.05657e-07 3.98819e-06 8.87642e-05 0.00116517 0.00902801 0.0414052 0.113444 0.191172 0.214526 0.185175 0.134201 0.0744219 0.0277004 0.00655746 0.000999549 0.00010335 7.68299e-06 4.19186e-07 1.64238e-08 4.4911e-10 8.42625e-12 1.07054e-13 9.05753e-16
 1.51304e-11 1.64299e-09 1.05187e-07 3.97051e-06 8.83735e-05 0.00116015 0.00899132 0.0412649 0.113254 0.19157 0.216178 0.186824 0.13387 0.0728366 0.0266474 0.00624901 0.000953926 9.94564e-05 7.3842e-06 3.91087e-07 1.43691e-08 3.57652e-10 5.97993e-12 6.6955e-14 4.98234e-16
 1.5543e-11 1.68779e-09 1.08056e-07 4.07883e-06 9.07862e-05 0.00119188 0.0092384 0.0424084 0.116415 0.196719 0.220463 0.186527 0.129076 0.0676869 0.0239092 0.00540019 0.000787411 7.75623e-05 5.41533e-06 2.71703e-07 9.5753e-09 2.30155e-10 3.70124e-12 3.93134e-14 2.72393e-16
 1.59658e-11 1.73371e-09 1.10996e-07 4.18983e-06 9.3259e-05 0.00122441 0.00949159 0.0435785 0.119631 0.201855 0.224462 0.185729 0.124071 0.0628145 0.0215502 0.00474927 0.000676746 6.49283e-05 4.37295e-06 2.08915e-07 6.9336e-09 1.55915e-10 2.34138e-12 2.32775e-14 1.5163e-16
 1.53358e-11 1.66531e-09 1.06618e-07 4.02468e-06 8.95897e-05 0.00117649 0.00912556 0.0419666 0.115705 0.197294 0.224031 0.190363 0.128778 0.0645561 0.0216148 0.00460673 0.000628365 5.69708e-05 3.5889e-06 1.60137e-07 4.98823e-09 1.05682e-10 1.49391e-12 1.39182e-14 8.45115e-17
 1.3402e-11 1.45533e-09 9.31764e-08 3.51753e-06 7.83158e-05 0.00102901 0.00799424 0.0369264 0.103033 0.181008 0.218423 0.20152 0.144866 0.0741864 0.0248478 0.00528719 0.000725537 6.6655e-05 4.23522e-06 1.86914e-07 5.61716e-09 1.12512e-10 1.48479e-12 1.28388e-14 7.22686e-17
 1.70707e-11 1.8537e-09 1.1868e-07 4.48005e-06 9.97272e-05 0.00130959 0.0101559 0.0466589 0.128125 0.215382 0.234639 0.182886 0.110608 0.0504781 0.0158944 0.00327407 0.000441284 4.00873e-05 2.52153e-06 1.09934e-07 3.25521e-09 6.40443e-11 8.25334e-13 6.9009e-15 3.7097e-17
 1.47436e-11 1.60102e-09 1.02506e-07 3.86987e-06 8.61668e-05 0.00113232 0.00879816 0.0406306 0.113089 0.19647 0.229062 0.197157 0.129654 0.0609412 0.0188207 0.0036662 0.000451096 3.61341e-05 1.96735e-06 7.51123e-08 2.01198e-09 3.69712e-11 4.54136e-13 3.65301e-15 1.89359e-17
 1.11267e-11 1.2083e-09 7.73687e-08 2.9216e-06 6.50959e-05 0.000856952 0.00669015 0.03128 0.0897913 0.167139 0.220061 0.218463 0.158714 0.0776162 0.0240673 0.0046433 0.000563397 4.42617e-05 2.32772e-06 8.3504e-08 2.035e-09 3.31505e-11 3.5625e-13 2.50936e-15 1.15328e-17
#pred catch len freq
 1.11566e-11 1.21148e-09 7.756e-08 2.9275e-06 6.51476e-05 0.000854781 0.00661344 0.0301953 0.0816644 0.133317 0.14306 0.13111 0.131289 0.118871 0.0825372 0.0495604 0.0302573 0.0190195 0.0123686 0.00850498 0.00629045 0.00507703 0.00426342 0.00322068 0.00185715
 1.00585e-11 1.09223e-09 6.99257e-08 2.63935e-06 5.87354e-05 0.000770662 0.00596318 0.0272395 0.0738511 0.122016 0.137667 0.142592 0.158432 0.144911 0.0929035 0.046061 0.0220015 0.0110999 0.00584599 0.00325357 0.00195736 0.00131423 0.000971001 0.000692482 0.000395677
 1.28838e-11 1.39903e-09 8.95671e-08 3.38071e-06 7.52331e-05 0.000987105 0.00763707 0.0348651 0.094242 0.153429 0.162676 0.144093 0.13833 0.120137 0.076256 0.0375029 0.0169846 0.00735448 0.00300425 0.00124759 0.000561206 0.000284547 0.000167153 0.000104325 5.64532e-05
 1.65427e-11 1.79634e-09 1.15003e-07 4.34079e-06 9.65981e-05 0.0012674 0.00980482 0.044741 0.120657 0.194176 0.195369 0.146826 0.113172 0.0873986 0.0513048 0.0220251 0.0082588 0.0031212 0.00115586 0.000404995 0.00013583 4.7089e-05 1.89243e-05 8.99708e-06 4.24679e-06
 1.62586e-11 1.76549e-09 1.13029e-07 4.26626e-06 9.49396e-05 0.00124565 0.0096366 0.0439758 0.118626 0.191172 0.193587 0.148699 0.118342 0.0922234 0.0527183 0.0206423 0.00637038 0.00188484 0.000555643 0.000159738 4.47399e-05 1.19765e-05 3.17725e-06 9.46748e-07 3.25748e-07
 1.61485e-11 1.75354e-09 1.12263e-07 4.23737e-06 9.42966e-05 0.00123721 0.00957136 0.0436786 0.117831 0.189947 0.192607 0.148632 0.119137 0.0932868 0.0535902 0.0212085 0.00662523 0.00190684 0.000497084 0.000113838 2.42904e-05 5.00618e-06 9.91961e-07 1.92126e-07 3.95378e-08
 1.58084e-11 1.7166e-09 1.09898e-07 4.14811e-06 9.23104e-05 0.00121115 0.00936984 0.0427606 0.115377 0.186173 0.189636 0.148567 0.121771 0.0965548 0.0559015 0.0224607 0.0072323 0.00215448 0.000573317 0.00012965 2.5261e-05 4.25403e-06 6.30342e-07 8.58518e-08 1.11636e-08
 1.65131e-11 1.79313e-09 1.14798e-07 4.33304e-06 9.64257e-05 0.00126514 0.00978736 0.0446622 0.120457 0.193951 0.195597 0.148165 0.115493 0.0892316 0.0513229 0.0206097 0.0066559 0.00200129 0.000543195 0.000126541 2.52807e-05 4.22483e-06 5.76996e-07 6.45803e-08 6.05982e-09
 1.67617e-11 1.82012e-09 1.16526e-07 4.39826e-06 9.7877e-05 0.00128418 0.00993462 0.0453332 0.122252 0.196731 0.197875 0.148507 0.114016 0.0871357 0.0494993 0.0192735 0.00584867 0.00164783 0.000433651 0.000100757 2.04066e-05 3.49052e-06 4.86451e-07 5.39095e-08 4.65922e-09
 1.706e-11 1.85251e-09 1.186e-07 4.47654e-06 9.9619e-05 0.00130704 0.0101114 0.0461384 0.124406 0.200054 0.200546 0.148742 0.111977 0.0844544 0.047409 0.0179383 0.00509761 0.00131192 0.000318201 6.87725e-05 1.31884e-05 2.20436e-06 3.08141e-07 3.47035e-08 3.03888e-09
 1.74327e-11 1.89299e-09 1.21191e-07 4.57435e-06 0.000101795 0.00133559 0.0103322 0.0471445 0.127097 0.204207 0.203883 0.149038 0.109431 0.0810964 0.0447751 0.0162479 0.00415847 0.000910478 0.000191743 3.71584e-05 6.44906e-06 9.88431e-07 1.29411e-07 1.40395e-08 1.21725e-09
 1.82078e-11 1.97715e-09 1.26579e-07 4.77773e-06 0.000106321 0.00139497 0.0107914 0.0492358 0.132682 0.212748 0.21038 0.148435 0.102286 0.0728965 0.0398408 0.0144672 0.00372223 0.000812026 0.000163435 2.83885e-05 4.22178e-06 5.57726e-07 6.46389e-08 6.34858e-09 5.10475e-10
 1.75104e-11 1.90142e-09 1.2173e-07 4.59471e-06 0.000102249 0.00134154 0.0103782 0.047354 0.127657 0.205069 0.204565 0.149063 0.108847 0.0803652 0.0442524 0.0159565 0.00400787 0.000840512 0.000164179 2.81163e-05 4.07242e-06 5.00247e-07 5.10786e-08 4.30639e-09 3.00489e-10
 1.67398e-11 1.81774e-09 1.16373e-07 4.39251e-06 9.77491e-05 0.00128251 0.00992167 0.0452748 0.122104 0.196565 0.198049 0.149509 0.115721 0.0883763 0.0492491 0.0179646 0.00462959 0.00100949 0.000201556 3.41422e-05 4.79788e-06 5.71988e-07 5.66556e-08 4.51935e-09 2.85443e-10
 1.7093e-11 1.85609e-09 1.18829e-07 4.48519e-06 9.98114e-05 0.00130956 0.0101309 0.0462277 0.124648 0.200454 0.200997 0.149197 0.112408 0.0845982 0.0470082 0.0171982 0.00447813 0.000995599 0.000203673 3.55302e-05 5.1483e-06 6.22412e-07 6.09596e-08 4.73256e-09 2.88762e-10
 1.72645e-11 1.87472e-09 1.20022e-07 4.53021e-06 0.000100813 0.00132271 0.0102326 0.0466909 0.125889 0.202379 0.202596 0.149506 0.111496 0.0832154 0.0457001 0.0161578 0.00383237 0.000723502 0.000128846 2.13671e-05 3.10872e-06 3.8496e-07 3.87811e-08 3.07643e-09 1.88557e-10
 1.75235e-11 1.90284e-09 1.21821e-07 4.59815e-06 0.000102325 0.00134254 0.010386 0.0473895 0.127754 0.205233 0.204771 0.149318 0.109129 0.0804903 0.0440478 0.0155457 0.00366981 0.000680777 0.000115331 1.72792e-05 2.17954e-06 2.39142e-07 2.28447e-08 1.81055e-09 1.13257e-10
 1.78055e-11 1.93346e-09 1.23782e-07 4.67215e-06 0.000103972 0.00136414 0.010553 0.0481503 0.129785 0.208334 0.207104 0.149015 0.106402 0.0774224 0.0422884 0.015016 0.0036159 0.000697265 0.000122542 1.85547e-05 2.28929e-06 2.35263e-07 2.01317e-08 1.40728e-09 8.00755e-11
 1.80019e-11 1.95479e-09 1.25147e-07 4.72369e-06 0.000105119 0.00137919 0.0106694 0.0486805 0.131203 0.210516 0.208829 0.149076 0.104916 0.0755517 0.0409279 0.0142463 0.0032392 0.000555651 8.66148e-05 1.25161e-05 1.56259e-06 1.64551e-07 1.41189e-08 9.52699e-10 5.01382e-11
 1.80723e-11 1.96243e-09 1.25637e-07 4.74216e-06 0.00010553 0.00138458 0.0107111 0.0488703 0.131709 0.211282 0.209376 0.148902 0.104086 0.0746913 0.04054 0.0142607 0.0033475 0.000612314 0.000100856 1.43291e-05 1.64141e-06 1.56794e-07 1.27941e-08 8.60586e-10 4.56549e-11
 1.8515e-11 2.01051e-09 1.28715e-07 4.85834e-06 0.000108115 0.0014185 0.0109734 0.050065 0.134899 0.216166 0.213107 0.148613 0.100086 0.0700555 0.0376836 0.0131536 0.00303105 0.000534967 8.55696e-05 1.22726e-05 1.4664e-06 1.44802e-07 1.15792e-08 7.26772e-10 3.58004e-11
 1.87737e-11 2.0386e-09 1.30513e-07 4.92622e-06 0.000109626 0.00143832 0.0111267 0.0507631 0.136764 0.219027 0.215323 0.14854 0.0978948 0.0674415 0.0359693 0.0123678 0.00272682 0.000434093 6.05199e-05 7.86747e-06 8.89699e-07 8.56489e-08 6.8973e-09 4.44277e-10 2.21455e-11
 1.84008e-11 1.99811e-09 1.27921e-07 4.82836e-06 0.000107448 0.00140975 0.0109057 0.0497568 0.134077 0.214917 0.2122 0.148841 0.101352 0.0714027 0.0383468 0.0132156 0.00292162 0.000466796 6.46489e-05 8.06616e-06 8.33297e-07 7.10671e-08 5.1644e-09 3.13175e-10 1.5257e-11
 1.84935e-11 2.00817e-09 1.28565e-07 4.85268e-06 0.000107989 0.00141685 0.0109606 0.0500068 0.134744 0.215927 0.212921 0.148615 0.100263 0.0702707 0.0378315 0.0132279 0.00306133 0.000542989 8.57732e-05 1.16112e-05 1.23326e-06 1.04318e-07 7.22902e-09 4.0157e-10 1.75805e-11
 1.77365e-11 1.92598e-09 1.23303e-07 4.65406e-06 0.000103569 0.00135887 0.0105122 0.0479646 0.129291 0.207596 0.206628 0.149347 0.10746 0.0784253 0.0425926 0.0147678 0.00330784 0.000546465 8.02509e-05 1.0813e-05 1.23448e-06 1.16225e-07 8.75198e-09 5.03273e-10 2.18091e-11
 1.78617e-11 1.93957e-09 1.24173e-07 4.68691e-06 0.0001043 0.00136846 0.0105863 0.0483022 0.130191 0.208962 0.20761 0.149064 0.106024 0.0769192 0.0418866 0.0147522 0.00346822 0.000635528 0.000104378 1.46002e-05 1.61252e-06 1.44908e-07 1.09059e-08 6.64613e-10 3.1344e-11
 1.83387e-11 1.99137e-09 1.27489e-07 4.81207e-06 0.000107086 0.001405 0.0108689 0.0495893 0.13363 0.214228 0.211656 0.148823 0.101822 0.0719936 0.0387739 0.0134554 0.00303982 0.000513265 7.78795e-05 1.08438e-05 1.28239e-06 1.25496e-07 9.82708e-09 5.91928e-10 2.73302e-11
 1.83903e-11 1.99697e-09 1.27848e-07 4.82561e-06 0.000107387 0.00140895 0.0108995 0.0497284 0.134001 0.214796 0.212085 0.148775 0.101335 0.071441 0.0384499 0.0133484 0.00301996 0.000510295 7.66195e-05 1.02749e-05 1.13844e-06 1.05147e-07 8.20074e-09 5.18936e-10 2.54504e-11
 1.78911e-11 1.94276e-09 1.24377e-07 4.69461e-06 0.000104472 0.0013707 0.0106037 0.0483815 0.130405 0.209304 0.207948 0.149295 0.106138 0.0768555 0.0415733 0.0143116 0.00313708 0.000490946 6.64139e-05 8.32006e-06 8.96409e-07 8.09101e-08 6.05952e-09 3.63644e-10 1.71762e-11
#obs catch len freq
 1.19679e-11 1.29958e-09 8.32001e-08 3.14039e-06 6.98852e-05 0.000916934 0.00709408 0.0323843 0.0875093 0.142258 0.149925 0.131033 0.126242 0.116423 0.0864431 0.0555479 0.0332554 0.0178783 0.00833185 0.00329725 0.00106589 0.000266281 4.84845e-05 6.12072e-06 5.15608e-07
 1.23564e-11 1.34176e-09 8.59004e-08 3.24232e-06 7.21535e-05 0.000946699 0.00732451 0.0334391 0.0903927 0.147155 0.155784 0.137061 0.131156 0.117315 0.0819592 0.0481291 0.0265523 0.0135458 0.00604899 0.00226034 0.000673702 0.000152711 2.51188e-05 2.86728e-06 2.1867e-07
 6.00946e-12 6.52557e-10 4.17773e-08 1.57689e-06 3.50925e-05 0.000460489 0.00356477 0.0163198 0.0447161 0.0774691 0.103035 0.141326 0.186164 0.180744 0.123128 0.066626 0.0328022 0.0148747 0.00597978 0.00205052 0.000565392 0.000117744 1.75936e-05 1.81126e-06 1.24342e-07
 1.84695e-11 2.00558e-09 1.28399e-07 4.84641e-06 0.00010785 0.00141502 0.0109463 0.0499373 0.134489 0.214895 0.208674 0.136623 0.0814597 0.0582325 0.0440043 0.0302612 0.0172796 0.0077699 0.00280954 0.000842249 0.000205098 3.8348e-05 5.18831e-06 4.83881e-07 3.00096e-08
 1.41617e-11 1.53779e-09 9.84508e-08 3.71604e-06 8.26957e-05 0.00108503 0.00839524 0.038335 0.103699 0.169149 0.179471 0.155571 0.139486 0.110098 0.0605392 0.0228731 0.00731856 0.00259769 0.000941743 0.000279649 6.24957e-05 1.03044e-05 1.22566e-06 1.01506e-07 5.64066e-09
 1.79855e-11 1.95301e-09 1.25033e-07 4.71939e-06 0.000105024 0.00137796 0.0106603 0.0486477 0.131198 0.210942 0.210241 0.150103 0.102273 0.0706589 0.0395072 0.0166339 0.00562691 0.00156942 0.000361236 7.37104e-05 1.3656e-05 2.04818e-06 2.21615e-07 1.63712e-08 8.04536e-10
 1.51371e-11 1.64371e-09 1.05232e-07 3.97198e-06 8.83915e-05 0.00115977 0.00897362 0.0409764 0.110825 0.18045 0.189307 0.157215 0.131525 0.0988161 0.05321 0.0198822 0.00575468 0.001443 0.000309647 5.3253e-05 7.16561e-06 7.62369e-07 6.38327e-08 3.99133e-09 1.73472e-10
 1.72153e-11 1.86938e-09 1.1968e-07 4.51732e-06 0.000100527 0.00131898 0.0102048 0.0465831 0.125788 0.203275 0.206451 0.155178 0.112367 0.0775065 0.0405685 0.0150933 0.00431765 0.0010174 0.000193299 2.86105e-05 3.27925e-06 2.86725e-07 1.85485e-08 8.66481e-10 2.87463e-11
 1.6055e-11 1.74338e-09 1.11613e-07 4.21285e-06 9.37519e-05 0.00123012 0.0095181 0.0434651 0.117558 0.191238 0.199076 0.159791 0.125091 0.088072 0.0446245 0.0153681 0.00389708 0.000810616 0.000140548 1.924e-05 1.99292e-06 1.5208e-07 8.348e-09 3.22759e-10 8.6221e-12
 1.69788e-11 1.84369e-09 1.18035e-07 4.45524e-06 9.91462e-05 0.00130089 0.0100656 0.0459604 0.124238 0.201524 0.20705 0.159249 0.116483 0.0781159 0.038655 0.0131721 0.00330169 0.000660657 0.000105387 1.28222e-05 1.16779e-06 7.88935e-08 3.85377e-09 1.31596e-10 3.05425e-12
 1.56569e-11 1.70016e-09 1.08845e-07 4.1084e-06 9.14282e-05 0.00119966 0.00928357 0.0424132 0.114905 0.188019 0.199186 0.16513 0.131006 0.0894995 0.04264 0.013256 0.00283139 0.000464488 6.29194e-05 6.85805e-06 5.6892e-07 3.45693e-08 1.49436e-09 4.48308e-11 9.14683e-13
 1.67117e-11 1.8147e-09 1.16179e-07 4.38518e-06 9.75878e-05 0.00128048 0.00990866 0.0452616 0.122519 0.199667 0.207928 0.163849 0.120718 0.0783363 0.0363932 0.011209 0.00239004 0.000384748 4.84554e-05 4.60949e-06 3.20998e-07 1.63461e-08 6.06325e-10 1.59736e-11 2.88933e-13
 1.72338e-11 1.87139e-09 1.19808e-07 4.52219e-06 0.000100637 0.00132049 0.0102185 0.0466778 0.126346 0.205738 0.213145 0.164564 0.116393 0.072246 0.0320214 0.00920678 0.0017506 0.000239999 2.58345e-05 2.19583e-06 1.40318e-07 6.48229e-09 2.11391e-10 4.76789e-12 7.31242e-14
 1.63851e-11 1.77923e-09 1.13908e-07 4.29951e-06 9.56822e-05 0.00125553 0.00971706 0.0444102 0.120434 0.197424 0.208865 0.168853 0.125029 0.0783226 0.034125 0.00950678 0.00171845 0.000216851 2.07125e-05 1.52396e-06 8.3141e-08 3.26674e-09 9.16424e-11 1.81215e-12 2.46424e-14
 1.41567e-11 1.53725e-09 9.84162e-08 3.71478e-06 8.26717e-05 0.00108491 0.00839971 0.0384431 0.104796 0.174997 0.195995 0.178004 0.147145 0.0958413 0.0415743 0.0113643 0.00200171 0.000243687 2.20984e-05 1.51555e-06 7.55115e-08 2.64267e-09 6.43927e-11 1.08789e-12 1.25818e-14
 1.52759e-11 1.65879e-09 1.06197e-07 4.00849e-06 8.9208e-05 0.00117068 0.00906322 0.0414674 0.112877 0.1873 0.204932 0.17594 0.135784 0.0843383 0.0355706 0.00956539 0.00167461 0.000204168 1.84622e-05 1.24035e-06 5.93148e-08 1.95692e-09 4.42012e-11 6.81039e-13 7.07332e-15
 1.51426e-11 1.64431e-09 1.05271e-07 3.97352e-06 8.84309e-05 0.00116053 0.00898593 0.0411322 0.112117 0.186733 0.20593 0.17818 0.136791 0.0834741 0.0345026 0.00911712 0.00157573 0.000190325 1.70263e-05 1.12656e-06 5.29081e-08 1.7105e-09 3.76282e-11 5.58131e-13 5.50018e-15
 1.54395e-11 1.67655e-09 1.07335e-07 4.05145e-06 9.01662e-05 0.00118334 0.00916333 0.0419536 0.11441 0.190641 0.209759 0.179075 0.13368 0.078965 0.031575 0.00802492 0.00131465 0.000147434 1.21057e-05 7.4194e-07 3.2879e-08 1.01671e-09 2.152e-11 3.07438e-13 2.91446e-15
 1.45674e-11 1.58185e-09 1.01272e-07 3.82265e-06 8.5077e-05 0.00111666 0.00864993 0.0396466 0.108497 0.182679 0.206279 0.183559 0.141189 0.084003 0.0337538 0.00879671 0.00153371 0.000189278 1.69838e-05 1.08158e-06 4.70941e-08 1.37873e-09 2.71565e-11 3.60017e-13 3.18269e-15
 1.49275e-11 1.62096e-09 1.03776e-07 3.91717e-06 8.71819e-05 0.00114434 0.00886521 0.0406429 0.111264 0.18729 0.210452 0.183904 0.137116 0.079014 0.0308672 0.00783851 0.00133344 0.000161278 1.43601e-05 9.25442e-07 4.15665e-08 1.26621e-09 2.57177e-11 3.42943e-13 2.95822e-15
 1.66303e-11 1.80586e-09 1.15614e-07 4.36399e-06 9.7125e-05 0.00127477 0.00987338 0.045223 0.123369 0.205083 0.221772 0.178462 0.120289 0.0641976 0.0236928 0.00566774 0.00088929 9.67075e-05 7.68981e-06 4.50835e-07 1.89186e-08 5.50666e-10 1.08769e-11 1.43033e-13 1.22835e-15
 1.55286e-11 1.68623e-09 1.07955e-07 4.07499e-06 9.06977e-05 0.00119061 0.00922632 0.0423264 0.116018 0.195474 0.218339 0.185239 0.130199 0.0698774 0.0252516 0.00581263 0.000859876 8.57557e-05 6.0947e-06 3.15639e-07 1.16932e-08 3.01403e-10 5.31058e-12 6.31297e-14 4.98397e-16
 1.54634e-11 1.67915e-09 1.07503e-07 4.05794e-06 9.03215e-05 0.00118579 0.00919141 0.042196 0.115861 0.195925 0.219987 0.186773 0.129775 0.0683213 0.024258 0.00552735 0.000817715 8.20778e-05 5.81907e-06 2.92617e-07 1.01779e-08 2.39161e-10 3.76036e-12 3.94251e-14 2.73759e-16
 1.58668e-11 1.72296e-09 1.10308e-07 4.16388e-06 9.26817e-05 0.00121685 0.00943336 0.0433168 0.11896 0.200952 0.224083 0.186304 0.125015 0.0633974 0.0217183 0.00476401 0.000673124 6.38389e-05 4.2542e-06 2.02343e-07 6.73622e-09 1.52576e-10 2.30544e-12 2.29398e-14 1.48527e-16
 1.62815e-11 1.76799e-09 1.13191e-07 4.27276e-06 9.51075e-05 0.00124877 0.00968195 0.0444664 0.122118 0.205971 0.227893 0.185351 0.120074 0.0587533 0.0195335 0.00417761 0.000576356 5.31958e-05 3.41768e-06 1.54746e-07 4.85072e-09 1.02756e-10 1.44891e-12 1.34784e-14 8.19213e-17
 1.56593e-11 1.70044e-09 1.08868e-07 4.10968e-06 9.14854e-05 0.00120149 0.00932141 0.0428837 0.118289 0.201591 0.227597 0.189885 0.124545 0.0603647 0.0195895 0.00405158 0.000535116 4.66871e-05 2.80558e-06 1.18538e-07 3.48229e-09 6.94064e-11 9.20496e-13 8.02188e-15 4.54444e-17
 1.3748e-11 1.49291e-09 9.55837e-08 3.6085e-06 8.03464e-05 0.00105585 0.0082053 0.0379227 0.105879 0.185832 0.222521 0.20105 0.140095 0.0694562 0.0225649 0.00465787 0.000618033 5.45279e-05 3.30062e-06 1.37952e-07 3.91388e-09 7.38284e-11 9.14611e-13 7.39709e-15 3.88232e-17
 1.73577e-11 1.88487e-09 1.20676e-07 4.55548e-06 0.00010141 0.00133181 0.0103301 0.0474746 0.13041 0.2191 0.23751 0.18215 0.106905 0.0470856 0.0143322 0.00285717 0.000371668 3.2371e-05 1.93695e-06 7.98738e-08 2.23003e-09 4.12701e-11 4.989e-13 3.90188e-15 1.95724e-17
 1.50722e-11 1.63672e-09 1.04793e-07 3.95632e-06 8.80983e-05 0.00115788 0.00899964 0.0415829 0.115797 0.200962 0.232591 0.19625 0.125094 0.0568441 0.0170041 0.00321148 0.000382343 2.946e-05 1.52876e-06 5.5122e-08 1.38629e-09 2.38511e-11 2.73831e-13 2.05523e-15 9.925e-18
#spawning biomass
 16424.3 12524.1 8967.44 10735.1 16198.3 24540.3 36585.6 55231.4 81480.4 106082 124946 178862 245660 285577 293249 258504 246513 254767 248487 274307 296189 308817 335752 394095 388428 389846 382231 392712 331089 305065 4336.33 4190.64 4190.64 4190.64 4190.64 4190.64 4190.64 4190.64 4190.64 4190.64 4190.64 4190.64 4190.64 4190.64 4190.64 4190.64 4190.64 4190.64 4190.64 4190.64 4190.64 4190.64 4190.64 4190.64 4190.64 4190.64 4190.64 4190.64 4190.64 4190.64 4190.64 4190.64 4190.64 4190.64 4190.64 4190.64 4190.64 4190.64 4190.64 4190.64 4190.64 4190.64 4190.64 4190.64 4190.64 4190.64 4190.64 4190.64 4190.64 4190.64 4190.64 4190.64 4190.64 4190.64 4190.64 4190.64 4190.64 4190.64 4190.64 4190.64 4190.64 4190.64 4190.64 4190.64 4190.64 4190.64 4190.64 4190.64 4190.64 4190.64 4190.64 4190.64 4190.64 4190.64 4190.64 4190.64 4190.64 4190.64 4190.64 4190.64 4190.64 4190.64 4190.64 4190.64 4190.64 4190.64 4190.64 4190.64 4190.64 4190.64 4190.64 4190.64 4190.64 4190.64 4190.64 4190.64 4190.64 4190.64 4190.64 0 0 0 0 0 0 0 0 0 0 0 0 0 0 0 0 0 0 0 0 0 0 0 0 0
