SBPRF35
0.042901
Curr Bio
229121
B35
96969.5
F35
17.7454
FOFL
17.7454
OFL
265955
Bzero
12028.2
#pred survey bio
 3238.92 3367.76 5520.53 8986.03 14274.3 22386.2 36226.8 52698.2 73899.5 91672.1 112471 127910 134617 137236 138787 142865 150185 135774 133345 138848 131746 137038 163026 177569 149485 139409 141286 150163 3.82122e+06 939258 268653 134188 92143.3 78876.9 74749.5 73484.6 73102 72987.4 72953.4 72943.3 72940.4 72939.5 72939.3 72939.2 72939.2 72939.2 72939.2 72939.2 72939.2 72939.2 72939.2 72939.2 72939.2 72939.2 72939.2 72939.2 72939.2 72939.2 72939.2 72939.2 72939.2 72939.2 72939.2 72939.2 72939.2 72939.2 72939.2 72939.2 72939.2 72939.2 72939.2 72939.2 72939.2 72939.2 72939.2 72939.2 72939.2 72939.2 72939.2 72939.2 72939.2 72939.2 72939.2 72939.2 72939.2 72939.2 72939.2 72939.2 72939.2 72939.2 72939.2 72939.2 72939.2 72939.2 72939.2 72939.2 72939.2 72939.2 72939.2 72939.2 72939.2 72939.2 72939.2 72939.2 72939.2 72939.2 72939.2 72939.2 72939.2 72939.2 72939.2 72939.2 72939.2 72939.2 72939.2 72939.2 72939.2 72939.2 72939.2 72939.2 72939.2 72939.2 72939.2 72939.2 72939.2 72939.2 72939.2 72939.2 0 0 0 0 0 0 0 0 0 0 0 0 0 0 0 0 0 0 0 0 0 0 0 0 0
#obs survey bio
 2574.01 2444.68 6803.41 9321.32 12849.4 17993.5 45669.3 43881.2 75624.5 105621 144097 133128 119301 121417 148779 109784 233476 103514 181982 121395 142612 159852 177507 172550 103223 213618 127259 122901
#pred catch bio
 1125.8 1451.55 2373.81 3633.42 6267.64 9438.56 16203.4 24857.4 40493.6 43962.9 58914.5 73475.8 80043.3 85829.5 84281.7 80343.9 101830 90931 80536 93032.4 95195.1 90546.9 105568 143846 116279 97401 99700.1 98665.1 265955 8214.66 5024.12 5024.12 5024.12 5024.12 5024.12 5024.12 5024.12 5024.12 5024.12 5024.12 5024.12 5024.12 5024.12 5024.12 5024.12 5024.12 5024.12 5024.12 5024.12 5024.12 5024.12 5024.12 5024.12 5024.12 5024.12 5024.12 5024.12 5024.12 5024.12 5024.12 5024.12 5024.12 5024.12 5024.12 5024.12 5024.12 5024.12 5024.12 5024.12 5024.12 5024.12 5024.12 5024.12 5024.12 5024.12 5024.12 5024.12 5024.12 5024.12 5024.12 5024.12 5024.12 5024.12 5024.12 5024.12 5024.12 5024.12 5024.12 5024.12 5024.12 5024.12 5024.12 5024.12 5024.12 5024.12 5024.12 5024.12 5024.12 5024.12 5024.12 5024.12 5024.12 5024.12 5024.12 5024.12 5024.12 5024.12 5024.12 5024.12 5024.12 5024.12 5024.12 5024.12 5024.12 5024.12 5024.12 5024.12 5024.12 5024.12 5024.12 5024.12 5024.12 5024.12 5024.12 5024.12 5024.12 5024.12 5024.12 0 0 0 0 0 0 0 0 0 0 0 0 0 0 0 0 0 0 0 0 0 0 0 0 0
#obs catch bio
 1037.9 1545.22 2459.86 3646.27 6241.81 9850.35 15730.8 24815.3 41745.1 42533.3 58791 74909 81393.4 91348.9 86905.8 79764.2 100702 95153.1 78975.4 88695.8 93299.4 86393.6 95853 133302 120200 88737.4 91781.9 96527.8
#pred cpue bio
 3097.92 2936.65 4907.7 7945.35 12812 19735.1 32328.3 47435.3 66140.7 83335.4 102797 116729 123720 125400 126810 130821 138229 124145 121130 127918 119386 122134 146305 162092 134702 126365 127873 134200 3.48181e+06 989147 257498 122548 80497.6 67231.1 63103.7 61838.9 61456.2 61341.6 61307.6 61297.5 61294.6 61293.7 61293.5 61293.4 61293.4 61293.4 61293.4 61293.4 61293.4 61293.4 61293.4 61293.4 61293.4 61293.4 61293.4 61293.4 61293.4 61293.4 61293.4 61293.4 61293.4 61293.4 61293.4 61293.4 61293.4 61293.4 61293.4 61293.4 61293.4 61293.4 61293.4 61293.4 61293.4 61293.4 61293.4 61293.4 61293.4 61293.4 61293.4 61293.4 61293.4 61293.4 61293.4 61293.4 61293.4 61293.4 61293.4 61293.4 61293.4 61293.4 61293.4 61293.4 61293.4 61293.4 61293.4 61293.4 61293.4 61293.4 61293.4 61293.4 61293.4 61293.4 61293.4 61293.4 61293.4 61293.4 61293.4 61293.4 61293.4 61293.4 61293.4 61293.4 61293.4 61293.4 61293.4 61293.4 61293.4 61293.4 61293.4 61293.4 61293.4 61293.4 61293.4 61293.4 61293.4 61293.4 61293.4 61293.4 0 0 0 0 0 0 0 0 0 0 0 0 0 0 0 0 0 0 0 0 0 0 0 0 0
#obs cpue bio
 1230.63 2644.55 4568.77 7656 16960.7 13086.6 54744.2 41133.6 60274.1 93806.2 75606.4 95560.7 131254 97606.6 115258 182934 109440 105145 112576 204872 111093 128574 223426 219104 120781 183756 181817 145848
#pred surv len freq
 1.24144e-11 1.34806e-09 8.63039e-08 3.25754e-06 7.2492e-05 0.000951132 0.00735846 0.0335865 0.0906936 0.14691 0.152327 0.126546 0.113787 0.0999595 0.0717651 0.0466988 0.0311745 0.0212385 0.0149392 0.0110671 0.00876726 0.0075062 0.0065777 0.00509421 0.00297585
 1.78476e-11 1.93803e-09 1.24075e-07 4.6832e-06 0.000104218 0.00136737 0.0105778 0.04826 0.130034 0.208358 0.205362 0.143173 0.0969032 0.0699565 0.0420536 0.020455 0.00981664 0.00518072 0.00295677 0.00181116 0.00120375 0.000887062 0.000704096 0.000524164 0.000306127
 1.67449e-11 1.81829e-09 1.16409e-07 4.39385e-06 9.77787e-05 0.00128289 0.00992463 0.0452875 0.122127 0.196511 0.197572 0.148068 0.113449 0.0867127 0.049496 0.0196291 0.00631895 0.00207339 0.000757289 0.000318008 0.000156658 9.0174e-05 5.96625e-05 4.02766e-05 2.2685e-05
 1.69855e-11 1.84442e-09 1.18081e-07 4.45698e-06 9.91836e-05 0.00130133 0.0100672 0.0459363 0.123855 0.199119 0.19938 0.147313 0.110401 0.0837522 0.0485349 0.0202109 0.0069765 0.00221473 0.0006142 0.00015331 4.12926e-05 1.41595e-05 6.46693e-06 3.52471e-06 1.8027e-06
 1.6255e-11 1.7651e-09 1.13003e-07 4.26531e-06 9.49183e-05 0.00124537 0.00963441 0.0439652 0.118589 0.191047 0.193152 0.147592 0.116691 0.0911703 0.0532748 0.0222736 0.00776962 0.00253593 0.000732671 0.000180165 3.81999e-05 7.32969e-06 1.55508e-06 4.74259e-07 1.84986e-07
 1.71256e-11 1.85963e-09 1.19055e-07 4.49374e-06 0.000100002 0.00131206 0.0101501 0.0463141 0.124863 0.20065 0.200496 0.147043 0.108858 0.0820813 0.0476611 0.0200774 0.00711921 0.00236009 0.000690694 0.000173254 3.75117e-05 6.82973e-06 1.03941e-06 1.46702e-07 2.55959e-08
 1.65433e-11 1.79641e-09 1.15008e-07 4.34097e-06 9.6602e-05 0.00126746 0.00980524 0.0447434 0.12067 0.194249 0.195684 0.147683 0.114511 0.0884279 0.0512826 0.0211462 0.00721269 0.00232128 0.000676873 0.000171911 3.78515e-05 7.00748e-06 1.06074e-06 1.29424e-07 1.30846e-08
 1.61089e-11 1.74923e-09 1.11987e-07 4.22696e-06 9.40649e-05 0.00123417 0.00954783 0.0435709 0.117537 0.189439 0.191939 0.147738 0.11809 0.0927569 0.0542061 0.0225751 0.00780654 0.00251854 0.000720208 0.000177405 3.83173e-05 7.10074e-06 1.08833e-06 1.33653e-07 1.27902e-08
 1.63977e-11 1.78059e-09 1.13995e-07 4.30274e-06 9.57514e-05 0.0012563 0.00971893 0.0443502 0.119618 0.192625 0.194375 0.147555 0.115489 0.089736 0.0523339 0.0218393 0.00759456 0.00247126 0.000714051 0.000177053 3.7949e-05 6.88368e-06 1.03394e-06 1.26106e-07 1.20975e-08
 1.55948e-11 1.69341e-09 1.08414e-07 4.09207e-06 9.10633e-05 0.00119479 0.00924331 0.0421844 0.113839 0.183824 0.187867 0.14879 0.123821 0.0988476 0.0571898 0.0228293 0.00728447 0.00218862 0.000611592 0.000151207 3.26506e-05 5.95838e-06 8.91833e-07 1.07227e-07 1.01149e-08
 1.52906e-11 1.66037e-09 1.06298e-07 4.01224e-06 8.92867e-05 0.00117148 0.00906303 0.0413626 0.111635 0.180375 0.184863 0.147779 0.124736 0.10085 0.0597411 0.0253556 0.00900262 0.00292664 0.000811301 0.000187939 3.81426e-05 6.77166e-06 1.01048e-06 1.21859e-07 1.14716e-08
 1.53798e-11 1.67006e-09 1.06919e-07 4.03565e-06 8.98077e-05 0.00117832 0.0091159 0.0416036 0.112281 0.181384 0.185728 0.148032 0.124392 0.100182 0.058939 0.0246144 0.00856446 0.00280767 0.000824657 0.000207215 4.39028e-05 7.62675e-06 1.08061e-06 1.25262e-07 1.16064e-08
 1.49894e-11 1.62767e-09 1.04205e-07 3.93321e-06 8.75281e-05 0.00114841 0.00888463 0.0405505 0.109473 0.177119 0.182632 0.148822 0.128736 0.104816 0.0612415 0.0248456 0.00816942 0.00252748 0.000716552 0.000178629 3.90105e-05 7.18833e-06 1.06905e-06 1.24589e-07 1.11962e-08
 1.53118e-11 1.66267e-09 1.06446e-07 4.0178e-06 8.94105e-05 0.00117311 0.00907562 0.0414204 0.111796 0.180677 0.185363 0.148651 0.125889 0.101503 0.0591888 0.0240229 0.00788647 0.00240666 0.000658213 0.000155359 3.22906e-05 5.82636e-06 8.79379e-07 1.06762e-07 9.99559e-09
 1.53189e-11 1.66345e-09 1.06495e-07 4.01967e-06 8.9452e-05 0.00117365 0.00907984 0.0414399 0.111852 0.180792 0.185595 0.149119 0.126543 0.101901 0.0589343 0.023335 0.00729481 0.00211956 0.000565166 0.000131252 2.65247e-05 4.57514e-06 6.58593e-07 7.77843e-08 7.30362e-09
 1.51958e-11 1.65008e-09 1.0564e-07 3.98737e-06 8.87332e-05 0.00116422 0.00900691 0.0411076 0.110963 0.179419 0.184488 0.149009 0.127369 0.103012 0.0598385 0.0239359 0.007617 0.00223247 0.000583794 0.000129936 2.51611e-05 4.20818e-06 5.87844e-07 6.67653e-08 6.01372e-09
 1.4902e-11 1.61818e-09 1.03597e-07 3.91028e-06 8.70177e-05 0.00114172 0.00883285 0.0403145 0.10884 0.176135 0.181801 0.14862 0.129137 0.105501 0.06198 0.0254877 0.00855388 0.00264853 0.000716698 0.000162323 3.13351e-05 5.09899e-06 6.84245e-07 7.47776e-08 6.50341e-09
 1.52829e-11 1.65954e-09 1.06245e-07 4.01022e-06 8.92418e-05 0.00117089 0.00905853 0.041343 0.111596 0.18042 0.185413 0.149475 0.127374 0.102605 0.0590075 0.0229418 0.0069076 0.00193499 0.000511592 0.00011991 2.42285e-05 4.06047e-06 5.48473e-07 5.89643e-08 4.96375e-09
 1.56349e-11 1.69776e-09 1.08692e-07 4.10259e-06 9.12974e-05 0.00119786 0.00926708 0.0422929 0.114133 0.184308 0.188405 0.149316 0.124307 0.0990163 0.0567583 0.0220074 0.00656158 0.00178047 0.000439533 9.36247e-05 1.76145e-05 2.92048e-06 4.0602e-07 4.50493e-08 3.84658e-09
 1.48532e-11 1.61288e-09 1.03258e-07 3.89748e-06 8.6733e-05 0.00113798 0.00880398 0.0401834 0.108495 0.175648 0.181633 0.149322 0.130601 0.106697 0.062027 0.0246822 0.00775034 0.00222245 0.000561912 0.000118287 2.11926e-05 3.24924e-06 4.18967e-07 4.47968e-08 3.8425e-09
 1.57635e-11 1.71172e-09 1.09586e-07 4.13633e-06 9.20482e-05 0.00120771 0.00934325 0.0426397 0.115058 0.185715 0.189435 0.149084 0.122919 0.0975148 0.0559794 0.0218837 0.00665719 0.001863 0.000476292 0.00010449 1.95033e-05 3.02146e-06 3.78165e-07 3.80175e-08 3.04545e-09
 1.66011e-11 1.80268e-09 1.15409e-07 4.35611e-06 9.6939e-05 0.00127188 0.00983948 0.0449002 0.121101 0.195006 0.196743 0.149221 0.116396 0.0894376 0.0502873 0.0188283 0.00520293 0.00128639 0.000301644 6.32024e-05 1.16335e-05 1.83494e-06 2.37267e-07 2.43091e-08 1.92186e-09
 1.62607e-11 1.76571e-09 1.13043e-07 4.26679e-06 9.49514e-05 0.0012458 0.00963781 0.0439816 0.118646 0.191239 0.193817 0.149287 0.119235 0.0928568 0.0525768 0.0199235 0.00563911 0.00141875 0.000322755 6.19193e-05 1.02077e-05 1.48375e-06 1.8482e-07 1.89142e-08 1.52395e-09
 1.5373e-11 1.66932e-09 1.06871e-07 4.03386e-06 8.97679e-05 0.0011778 0.00911191 0.0415863 0.112247 0.181432 0.186259 0.149658 0.126935 0.101937 0.0583866 0.0224323 0.00653594 0.00171042 0.000402071 7.88691e-05 1.29615e-05 1.79033e-06 2.03708e-07 1.90306e-08 1.44613e-09
 1.60571e-11 1.74361e-09 1.11628e-07 4.21339e-06 9.3763e-05 0.00123021 0.00951726 0.0434329 0.117186 0.189043 0.192332 0.150054 0.122035 0.0956076 0.0535796 0.019505 0.00499749 0.00109629 0.000231624 4.47796e-05 7.55881e-06 1.07365e-06 1.23072e-07 1.11706e-08 7.94201e-10
 1.57532e-11 1.71061e-09 1.09515e-07 4.13364e-06 9.19883e-05 0.00120693 0.0093372 0.0426128 0.114995 0.185687 0.189754 0.150207 0.124714 0.0987545 0.0555813 0.0203479 0.00526907 0.0011576 0.000233023 4.00287e-05 5.84356e-06 7.56709e-07 8.50777e-08 7.84155e-09 5.63933e-10
 1.58288e-11 1.71882e-09 1.1004e-07 4.15347e-06 9.24296e-05 0.00121272 0.00938196 0.0428164 0.115534 0.186476 0.190177 0.149568 0.123136 0.0973832 0.0553754 0.021016 0.00594871 0.00148419 0.000327044 5.82001e-05 8.39816e-06 1.01371e-06 1.0133e-07 8.33667e-09 5.62542e-10
 1.64671e-11 1.78813e-09 1.14478e-07 4.32096e-06 9.61568e-05 0.00126162 0.00976011 0.0445387 0.120134 0.193521 0.19558 0.149216 0.117467 0.0907566 0.0512103 0.0193108 0.00541308 0.00135017 0.00030823 5.9579e-05 9.56979e-06 1.25262e-06 1.28544e-07 1.02326e-08 6.3488e-10
#obs surv len freq
 1.83573e-11 1.99339e-09 1.27618e-07 4.81696e-06 0.000107194 0.00140642 0.0108798 0.0496345 0.133688 0.213791 0.208635 0.139795 0.0877614 0.0628602 0.0428848 0.0258587 0.0137793 0.00607834 0.00212039 0.000575425 0.000118776 1.81676e-05 2.00718e-06 1.55563e-07 8.19992e-09
 1.52951e-11 1.66087e-09 1.0633e-07 4.01345e-06 8.93139e-05 0.00117184 0.009066 0.0413792 0.111707 0.180609 0.185196 0.147147 0.121816 0.0975496 0.0595343 0.02766 0.0111886 0.00414078 0.00132041 0.000341282 6.7945e-05 9.95275e-06 1.03557e-06 7.44845e-08 3.61869e-09
 1.71908e-11 1.86672e-09 1.19509e-07 4.51086e-06 0.000100383 0.00131706 0.010189 0.046493 0.12535 0.201358 0.200334 0.143486 0.10116 0.0762151 0.0498404 0.0268315 0.0119254 0.00409636 0.00105003 0.000209573 3.40477e-05 4.39326e-06 4.21345e-07 2.83331e-08 1.2845e-09
 1.64606e-11 1.78743e-09 1.14433e-07 4.31927e-06 9.61195e-05 0.00126114 0.00975678 0.0445299 0.120169 0.193836 0.196197 0.148213 0.112244 0.084746 0.051071 0.0240374 0.00958797 0.00321335 0.000843739 0.000166292 2.40906e-05 2.54124e-06 1.95521e-07 1.09203e-08 4.31208e-10
 1.64947e-11 1.79113e-09 1.14669e-07 4.32821e-06 9.63185e-05 0.00126375 0.00977711 0.0446241 0.120434 0.19429 0.196523 0.147579 0.110274 0.0831438 0.0515886 0.0255777 0.0104606 0.00337367 0.000817642 0.000148995 2.04703e-05 2.06332e-06 1.46904e-07 7.1924e-09 2.38742e-10
 1.64401e-11 1.78521e-09 1.1429e-07 4.3139e-06 9.60002e-05 0.00125958 0.00974504 0.0444814 0.120087 0.193942 0.196815 0.148657 0.111064 0.0829198 0.0509711 0.0251919 0.0103588 0.00339409 0.000838366 0.000152865 2.02815e-05 1.91816e-06 1.26867e-07 5.76734e-09 1.76721e-10
 1.62511e-11 1.76468e-09 1.12977e-07 4.26431e-06 9.48968e-05 0.00124512 0.00963344 0.0439779 0.11879 0.192232 0.196396 0.150667 0.113975 0.0844297 0.0507695 0.0242911 0.00960049 0.00302491 0.00072282 0.000128572 1.67388e-05 1.54893e-06 9.89168e-08 4.2629e-09 1.21871e-10
 1.60511e-11 1.74296e-09 1.11586e-07 4.21182e-06 9.37288e-05 0.0012298 0.00951529 0.0434444 0.117409 0.190347 0.195593 0.151862 0.115858 0.0856067 0.0513193 0.0244787 0.00953311 0.00291123 0.00066604 0.000112688 1.39451e-05 1.23093e-06 7.52925e-08 3.112e-09 8.50676e-11
 1.58308e-11 1.71904e-09 1.10054e-07 4.15402e-06 9.24429e-05 0.00121294 0.00938526 0.042858 0.115898 0.188319 0.194863 0.153484 0.118256 0.0869433 0.051591 0.0243047 0.00929229 0.0027683 0.000614191 9.98905e-05 1.17557e-05 9.78274e-07 5.61614e-08 2.1773e-09 5.59194e-11
 1.46413e-11 1.58987e-09 1.01785e-07 3.8419e-06 8.54977e-05 0.00112185 0.00868135 0.0396613 0.107444 0.175786 0.186273 0.155448 0.127804 0.0968437 0.0583229 0.0278502 0.0106962 0.00316302 0.000691207 0.000109923 1.25293e-05 9.99291e-07 5.44416e-08 1.98614e-09 4.77004e-11
 1.50543e-11 1.63472e-09 1.04656e-07 3.95028e-06 8.79096e-05 0.0011535 0.00892632 0.0407796 0.110447 0.180408 0.189634 0.154234 0.122456 0.0919022 0.0566553 0.0280958 0.0110724 0.00329899 0.000718305 0.000112845 1.25832e-05 9.72292e-07 5.08684e-08 1.76782e-09 4.01453e-11
 1.42609e-11 1.54857e-09 9.91408e-08 3.7421e-06 8.32776e-05 0.00109276 0.00845744 0.0386577 0.104905 0.17257 0.185504 0.158224 0.130861 0.0980416 0.0586766 0.0280789 0.0108117 0.00320601 0.000701835 0.000110533 1.22196e-05 9.24769e-07 4.6902e-08 1.56671e-09 3.39487e-11
 1.38729e-11 1.50644e-09 9.64436e-08 3.6403e-06 8.10127e-05 0.00106307 0.00822846 0.0376238 0.102215 0.168751 0.183143 0.158789 0.133045 0.100715 0.0613023 0.0296919 0.0113048 0.00324388 0.000682553 0.000103851 1.11821e-05 8.27577e-07 4.09709e-08 1.32799e-09 2.77155e-11
 1.38869e-11 1.50795e-09 9.65407e-08 3.64398e-06 8.10951e-05 0.00106417 0.00823771 0.037676 0.102438 0.169469 0.184626 0.160284 0.133139 0.0995075 0.0599871 0.0288152 0.0108606 0.0030744 0.000633307 9.31935e-05 9.59881e-06 6.76154e-07 3.18746e-08 9.86283e-10 1.96859e-11
 1.34303e-11 1.45837e-09 9.33664e-08 3.52418e-06 7.84301e-05 0.00102926 0.00796886 0.0364691 0.0993643 0.165477 0.183495 0.16403 0.138452 0.102368 0.0600449 0.027797 0.0100589 0.00273579 0.000542194 7.67362e-05 7.57986e-06 5.09434e-07 2.27754e-08 6.64945e-10 1.24854e-11
 1.41216e-11 1.53344e-09 9.81725e-08 3.70559e-06 8.24676e-05 0.00108224 0.00837901 0.0383415 0.104388 0.173202 0.189283 0.163126 0.131931 0.0957218 0.0562214 0.0260227 0.00925478 0.00243192 0.000460703 6.19821e-05 5.80626e-06 3.69655e-07 1.56336e-08 4.30851e-10 7.61475e-12
 1.36342e-11 1.48052e-09 9.47846e-08 3.57773e-06 7.96238e-05 0.001045 0.00809261 0.0370603 0.101157 0.169139 0.18849 0.16751 0.137492 0.0981188 0.0556841 0.0248522 0.00859431 0.00221285 0.000410109 5.34263e-05 4.78473e-06 2.88306e-07 1.14695e-08 2.96381e-10 4.90356e-12
 1.37173e-11 1.48954e-09 9.53625e-08 3.59956e-06 8.01108e-05 0.00105144 0.00814346 0.0373058 0.101912 0.170673 0.190433 0.168508 0.136735 0.0966322 0.054404 0.0238357 0.00794689 0.00194776 0.000342501 4.24387e-05 3.62383e-06 2.07977e-07 7.8453e-09 1.91084e-10 2.96329e-12
 1.34809e-11 1.46387e-09 9.37189e-08 3.53755e-06 7.87328e-05 0.00103343 0.008006 0.0367034 0.100482 0.169243 0.191147 0.171599 0.139369 0.0969684 0.0532935 0.0226875 0.00732588 0.0017314 0.000291293 3.42065e-05 2.74818e-06 1.47919e-07 5.23118e-09 1.19509e-10 1.73806e-12
 1.42945e-11 1.55222e-09 9.93753e-08 3.75107e-06 8.34852e-05 0.00109581 0.00848891 0.0389073 0.106379 0.178211 0.197613 0.170269 0.131966 0.0894849 0.0487269 0.0205264 0.00648798 0.00148584 0.000240455 2.69847e-05 2.05799e-06 1.04449e-07 3.46251e-09 7.382e-11 9.99187e-13
 1.50783e-11 1.63733e-09 1.04824e-07 3.95677e-06 8.80645e-05 0.00115596 0.00895546 0.0410498 0.112228 0.187693 0.206279 0.172709 0.126877 0.0804366 0.0406699 0.0159227 0.00472711 0.00102763 0.000158433 1.69016e-05 1.22004e-06 5.83552e-08 1.81611e-09 3.62228e-11 4.57212e-13
 1.51443e-11 1.6445e-09 1.05284e-07 3.97415e-06 8.8454e-05 0.00116117 0.00899789 0.0412693 0.112997 0.189594 0.209387 0.175419 0.126982 0.0779685 0.0376099 0.0138299 0.00380901 0.000763792 0.000108656 1.07421e-05 7.22399e-07 3.23013e-08 9.4059e-10 1.75362e-11 2.0653e-13
 1.50803e-11 1.63756e-09 1.0484e-07 3.95744e-06 8.80851e-05 0.00115643 0.00896346 0.0411378 0.112809 0.189884 0.210714 0.176915 0.127237 0.0771402 0.036606 0.013121 0.00347014 0.000657639 8.71975e-05 7.95323e-06 4.90823e-07 2.01244e-08 5.38436e-10 9.25117e-12 1.00681e-13
 1.40097e-11 1.5213e-09 9.73981e-08 3.67666e-06 8.18433e-05 0.00107478 0.0083372 0.0383493 0.105814 0.180976 0.207938 0.18368 0.136684 0.082462 0.0378229 0.0129012 0.00322282 0.000574245 7.11775e-05 6.02456e-06 3.42496e-07 1.28596e-08 3.13855e-10 4.91042e-12 4.86657e-14
 1.27994e-11 1.38989e-09 8.89859e-08 3.35925e-06 7.47865e-05 0.000982432 0.00762763 0.0351705 0.0976664 0.169706 0.201555 0.18704 0.145982 0.0914931 0.0432766 0.0149913 0.00370997 0.000639237 7.52876e-05 5.98545e-06 3.17092e-07 1.10286e-08 2.48093e-10 3.56241e-12 3.22912e-14
 1.43968e-11 1.56335e-09 1.00091e-07 3.77842e-06 8.41135e-05 0.00110474 0.0085715 0.0394367 0.108764 0.185247 0.209617 0.179673 0.130876 0.0802831 0.0385303 0.0136803 0.0034518 0.000599902 7.02858e-05 5.46638e-06 2.78417e-07 9.17011e-09 1.93139e-10 2.57607e-12 2.15732e-14
 1.46304e-11 1.58872e-09 1.01717e-07 3.8399e-06 8.54893e-05 0.00112304 0.00871792 0.0401576 0.111034 0.189969 0.215859 0.183473 0.128595 0.0738083 0.0329214 0.0110336 0.00269647 0.000463331 5.41314e-05 4.18986e-06 2.10646e-07 6.77419e-09 1.37711e-10 1.75335e-12 1.38783e-14
 1.29702e-11 1.40846e-09 9.01791e-08 3.4047e-06 7.58209e-05 0.000996741 0.00775189 0.0358796 0.100405 0.176662 0.211937 0.19359 0.142493 0.081694 0.0348354 0.0108317 0.00241964 0.000380222 4.11016e-05 2.99123e-06 1.43418e-07 4.43781e-09 8.70825e-11 1.069e-12 8.12672e-15
#pred catch len freq
 1.12624e-11 1.22297e-09 7.82955e-08 2.95527e-06 6.57654e-05 0.000862883 0.00667598 0.0304776 0.0823835 0.134133 0.142281 0.126359 0.122689 0.110747 0.0789053 0.0501291 0.0328105 0.0221787 0.015568 0.0115274 0.00913098 0.00781748 0.00685046 0.00530546 0.00309925
 1.72145e-11 1.86929e-09 1.19674e-07 4.51709e-06 0.000100521 0.00131887 0.0102028 0.0465519 0.125472 0.201372 0.200011 0.143541 0.102545 0.0765024 0.0460808 0.0220216 0.0102989 0.00535234 0.00304064 0.00186071 0.00123645 0.000911137 0.000723203 0.000538388 0.000314434
 1.59875e-11 1.73605e-09 1.11144e-07 4.19512e-06 9.33564e-05 0.00122488 0.00947597 0.0432441 0.11667 0.188167 0.191229 0.148673 0.120457 0.0947437 0.0543152 0.0213494 0.00672179 0.00215219 0.000776628 0.000325069 0.000160036 9.21093e-05 6.09423e-05 4.11405e-05 2.31716e-05
 1.61392e-11 1.75252e-09 1.12198e-07 4.23492e-06 9.42421e-05 0.0012365 0.00956581 0.0436529 0.117757 0.18979 0.192273 0.147934 0.118149 0.0926755 0.0539519 0.0222182 0.00749602 0.00233107 0.00064019 0.00015924 4.28344e-05 1.46823e-05 6.70524e-06 3.65457e-06 1.86912e-06
 1.55162e-11 1.68487e-09 1.07867e-07 4.07145e-06 9.06043e-05 0.00118877 0.00919673 0.0419718 0.113266 0.182906 0.186964 0.148181 0.123526 0.0990068 0.0579826 0.0239594 0.00816574 0.00261044 0.00074702 0.000183108 3.87816e-05 7.43828e-06 1.57789e-06 4.81201e-07 1.87692e-07
 1.63654e-11 1.77708e-09 1.13771e-07 4.29427e-06 9.55628e-05 0.00125382 0.0096998 0.0442631 0.119385 0.192271 0.194116 0.147611 0.115833 0.0901064 0.0525213 0.0218653 0.00757401 0.00246033 0.000713434 0.000178408 3.85871e-05 7.02288e-06 1.06867e-06 1.50826e-07 2.63151e-08
 1.58553e-11 1.7217e-09 1.10225e-07 4.16043e-06 9.25845e-05 0.00121475 0.00939764 0.042887 0.115713 0.186669 0.189926 0.148244 0.120895 0.0957377 0.0556615 0.022699 0.00756666 0.00238346 0.000687992 0.000174152 3.83037e-05 7.0886e-06 1.07289e-06 1.30901e-07 1.32338e-08
 1.55122e-11 1.68444e-09 1.07839e-07 4.0704e-06 9.0581e-05 0.00118846 0.00919437 0.0419611 0.113238 0.182869 0.18696 0.148263 0.123685 0.0991355 0.0579866 0.0238664 0.00806437 0.00254786 0.000721512 0.000177141 3.82171e-05 7.07936e-06 1.08492e-06 1.33228e-07 1.27494e-08
 1.61661e-11 1.75545e-09 1.12386e-07 4.24199e-06 9.43995e-05 0.00123856 0.00958178 0.0437256 0.117951 0.190086 0.192493 0.147896 0.117869 0.0923488 0.0537424 0.0221479 0.0075242 0.00239783 0.000686184 0.000169595 3.63109e-05 6.58396e-06 9.88794e-07 1.20595e-07 1.15687e-08
 1.50069e-11 1.62958e-09 1.04327e-07 3.93782e-06 8.76307e-05 0.00114976 0.00889506 0.0405983 0.109604 0.177352 0.182967 0.149324 0.12936 0.105149 0.0609074 0.0240779 0.0075176 0.00220719 0.000609487 0.000150088 3.23694e-05 5.90472e-06 8.83689e-07 1.06244e-07 1.00221e-08
 1.49211e-11 1.62025e-09 1.0373e-07 3.91529e-06 8.71292e-05 0.00114318 0.00884415 0.0403658 0.108974 0.176316 0.181823 0.148226 0.128385 0.104921 0.0620283 0.0259831 0.00901188 0.00287185 0.000788928 0.000182177 3.6929e-05 6.55314e-06 9.77724e-07 1.17903e-07 1.10991e-08
 1.5263e-11 1.65738e-09 1.06107e-07 4.00502e-06 8.9126e-05 0.00116938 0.00904675 0.0412887 0.111442 0.180114 0.184831 0.148346 0.125809 0.101643 0.0595898 0.0245707 0.00835119 0.00268084 0.000779836 0.000195332 4.13422e-05 7.17927e-06 1.01708e-06 1.17892e-07 1.09234e-08
 1.49682e-11 1.62537e-09 1.04058e-07 3.92766e-06 8.74046e-05 0.00114679 0.00887212 0.0404937 0.109323 0.176903 0.182537 0.149063 0.129273 0.105266 0.0612805 0.0245788 0.00790179 0.00239066 0.000670298 0.000166482 3.63152e-05 6.68909e-06 9.94679e-07 1.15918e-07 1.04168e-08
 1.54488e-11 1.67756e-09 1.07399e-07 4.05376e-06 9.02108e-05 0.00118361 0.00915682 0.0417904 0.112786 0.182207 0.186604 0.148797 0.12501 0.100305 0.0582029 0.0233473 0.00749449 0.00223701 0.000605105 0.000142283 2.95352e-05 5.32679e-06 8.03861e-07 9.75895e-08 9.13671e-09
 1.53578e-11 1.66767e-09 1.06766e-07 4.02987e-06 8.96791e-05 0.00117663 0.00910289 0.041545 0.112134 0.181235 0.185993 0.149285 0.126484 0.101686 0.0585994 0.0229655 0.00702738 0.00199493 0.000525373 0.000121489 2.45179e-05 4.22699e-06 6.08384e-07 7.18509e-08 6.7464e-09
 1.5007e-11 1.62959e-09 1.04328e-07 3.93785e-06 8.76312e-05 0.00114976 0.00889511 0.0405986 0.109605 0.177352 0.182967 0.149322 0.129363 0.105176 0.0609681 0.0241343 0.00751542 0.00215343 0.000556518 0.000123351 2.38519e-05 3.98714e-06 5.56868e-07 6.32438e-08 5.69644e-09
 1.53265e-11 1.66428e-09 1.06549e-07 4.02168e-06 8.94968e-05 0.00117424 0.00908437 0.0414603 0.111903 0.18084 0.185489 0.148645 0.125764 0.101361 0.0591116 0.0239994 0.00787219 0.00238573 0.00063891 0.000144184 2.7798e-05 4.52121e-06 6.06605e-07 6.6289e-08 5.76505e-09
 1.56405e-11 1.69837e-09 1.08731e-07 4.10407e-06 9.13302e-05 0.00119829 0.00927041 0.0423081 0.114175 0.184378 0.188491 0.149418 0.124412 0.0990404 0.0566292 0.0218028 0.00643126 0.0017586 0.000458655 0.000106998 2.15889e-05 3.61644e-06 4.88421e-07 5.25057e-08 4.41998e-09
 1.56522e-11 1.69964e-09 1.08813e-07 4.10713e-06 9.13984e-05 0.00119919 0.00927733 0.0423397 0.114259 0.184511 0.188608 0.149462 0.124391 0.0989923 0.0565746 0.0217375 0.00635239 0.00168324 0.000409852 8.68642e-05 1.6315e-05 2.70342e-06 3.75771e-07 4.16907e-08 3.55974e-09
 1.52284e-11 1.65362e-09 1.05866e-07 3.99593e-06 8.89237e-05 0.00116672 0.00902625 0.0411959 0.111201 0.179803 0.184878 0.149305 0.127559 0.102997 0.0595064 0.0234204 0.00719779 0.00201758 0.000503981 0.000105633 1.88965e-05 2.89546e-06 3.73268e-07 3.99078e-08 3.42307e-09
 1.63722e-11 1.77783e-09 1.13818e-07 4.29607e-06 9.56029e-05 0.00125435 0.0097039 0.0442824 0.119447 0.192444 0.194633 0.148872 0.117704 0.0913308 0.0519766 0.0201028 0.00598917 0.00163691 0.000413015 9.01863e-05 1.6808e-05 2.60249e-06 3.25666e-07 3.27376e-08 2.62244e-09
 1.68716e-11 1.83206e-09 1.1729e-07 4.42711e-06 9.85189e-05 0.00129261 0.00999976 0.0456303 0.123051 0.197997 0.199057 0.149138 0.114095 0.0867 0.0485024 0.01802 0.00489214 0.00117999 0.000272139 5.6661e-05 1.04091e-05 1.64078e-06 2.12117e-07 2.1731e-08 1.718e-09
 1.64796e-11 1.78949e-09 1.14565e-07 4.32424e-06 9.62298e-05 0.00126257 0.00976751 0.0445724 0.120225 0.193663 0.195704 0.14926 0.117435 0.0906806 0.0511114 0.019209 0.00533737 0.00131082 0.000293646 5.60006e-05 9.21304e-06 1.33812e-06 1.66633e-07 1.70516e-08 1.37384e-09
 1.64499e-11 1.78626e-09 1.14358e-07 4.31646e-06 9.60565e-05 0.0012603 0.00974993 0.0444923 0.120009 0.193322 0.19539 0.149102 0.117433 0.090813 0.0513798 0.0195343 0.00558058 0.00142588 0.00033039 6.44592e-05 1.05736e-05 1.45946e-06 1.66016e-07 1.55078e-08 1.1784e-09
 1.69016e-11 1.83531e-09 1.17498e-07 4.43497e-06 9.86939e-05 0.0012949 0.0100175 0.0457114 0.123271 0.198357 0.199449 0.149502 0.114408 0.0867709 0.0481408 0.0174012 0.00439283 0.000940372 0.000194781 3.73432e-05 6.2874e-06 8.92359e-07 1.02264e-07 9.2812e-09 6.5985e-10
 1.62297e-11 1.76235e-09 1.12828e-07 4.25868e-06 9.47708e-05 0.00124343 0.00961951 0.0438986 0.118429 0.190947 0.193787 0.149943 0.120481 0.0938133 0.0524874 0.0190902 0.00486937 0.00104442 0.000206317 3.51533e-05 5.11734e-06 6.61969e-07 7.43968e-08 6.85625e-09 4.93057e-10
 1.63438e-11 1.77474e-09 1.1362e-07 4.2886e-06 9.54367e-05 0.00125217 0.00968705 0.0442059 0.119246 0.192165 0.194559 0.149348 0.118661 0.0921077 0.0520009 0.0195619 0.0054354 0.00132408 0.000287361 5.08354e-05 7.31984e-06 8.82753e-07 8.82054e-08 7.2558e-09 4.89584e-10
 1.67252e-11 1.81616e-09 1.16272e-07 4.38869e-06 9.7664e-05 0.00128139 0.00991302 0.0452352 0.121995 0.196376 0.197794 0.149154 0.115297 0.0881603 0.0494982 0.0185146 0.0050964 0.00124062 0.000278777 5.35593e-05 8.58556e-06 1.12296e-06 1.15205e-07 9.16984e-09 5.68918e-10
#obs catch len freq
 1.12703e-11 1.22382e-09 7.83499e-08 2.95732e-06 6.58114e-05 0.000863491 0.00668089 0.0305042 0.0825061 0.134692 0.144358 0.131688 0.132475 0.125159 0.095212 0.0610902 0.0333871 0.0146037 0.00501112 0.0013609 0.00028761 4.54987e-05 5.17232e-06 4.07451e-07 2.15909e-08
 1.70837e-11 1.85508e-09 1.18764e-07 4.48275e-06 9.97573e-05 0.00130885 0.0101253 0.046199 0.124519 0.199762 0.197749 0.139626 0.0970146 0.0743011 0.0515546 0.031072 0.0163768 0.00709085 0.00241446 0.000635718 0.00012652 1.85429e-05 1.95062e-06 1.43108e-07 7.10559e-09
 1.3993e-11 1.51948e-09 9.72783e-08 3.67178e-06 8.17107e-05 0.0010721 0.00829485 0.0378705 0.102373 0.166528 0.17505 0.149019 0.133405 0.109698 0.0669024 0.0309321 0.0124104 0.00452004 0.00140756 0.000352664 6.7575e-05 9.46607e-06 9.36453e-07 6.37013e-08 2.91311e-09
 1.62557e-11 1.76518e-09 1.13008e-07 4.26551e-06 9.4923e-05 0.00124544 0.00963524 0.0439737 0.118649 0.191241 0.192963 0.144497 0.108965 0.0847955 0.0555932 0.0296871 0.01297 0.00435206 0.00108708 0.000210711 3.30109e-05 4.07322e-06 3.70963e-07 2.35596e-08 1.00437e-09
 1.55132e-11 1.68455e-09 1.07847e-07 4.07068e-06 9.05877e-05 0.00118857 0.00919584 0.0419794 0.1134 0.183716 0.189174 0.150056 0.120823 0.0933109 0.0561229 0.0262064 0.010305 0.00337636 0.000861212 0.000164002 2.28405e-05 2.3049e-06 1.68672e-07 8.90203e-09 3.30246e-10
 1.56185e-11 1.69599e-09 1.08579e-07 4.09831e-06 9.12027e-05 0.00119664 0.0092584 0.0422663 0.114183 0.184971 0.190112 0.149316 0.118088 0.0909642 0.0563211 0.0276461 0.011103 0.00349143 0.000821536 0.000144652 1.90817e-05 1.83546e-06 1.24085e-07 5.74282e-09 1.79392e-10
 1.57595e-11 1.7113e-09 1.09559e-07 4.1353e-06 9.2026e-05 0.00120745 0.00934222 0.0426519 0.115251 0.186812 0.192147 0.15044 0.117313 0.088783 0.0543141 0.0265411 0.010705 0.00341507 0.000817081 0.000143564 1.82539e-05 1.64597e-06 1.03286e-07 4.4338e-09 1.2776e-10
 1.5662e-11 1.70071e-09 1.08881e-07 4.10971e-06 9.14567e-05 0.00119999 0.00928486 0.0423963 0.114624 0.186165 0.192652 0.152623 0.119564 0.089311 0.0533256 0.0251887 0.00975396 0.00298955 0.000691352 0.000118367 1.47442e-05 1.2984e-06 7.85473e-08 3.19353e-09 8.58154e-11
 1.55722e-11 1.69096e-09 1.08257e-07 4.08617e-06 9.09332e-05 0.00119314 0.00923216 0.0421616 0.114047 0.185532 0.192862 0.153854 0.120543 0.0893734 0.0530919 0.0249552 0.00950324 0.0028184 0.000623203 0.000101377 1.19907e-05 1.00605e-06 5.82141e-08 2.26675e-09 5.81687e-11
 1.53835e-11 1.67046e-09 1.06944e-07 4.03664e-06 8.98312e-05 0.00117869 0.00912088 0.0416616 0.112774 0.183907 0.192528 0.155599 0.122695 0.0903053 0.0530386 0.0245938 0.00918282 0.00265333 0.000568138 8.87076e-05 9.96509e-06 7.8741e-07 4.27227e-08 1.55885e-09 3.75444e-11
 1.42557e-11 1.548e-09 9.91042e-08 3.74071e-06 8.32463e-05 0.00109233 0.00845367 0.0386336 0.104784 0.17214 0.184663 0.157761 0.131787 0.0995002 0.0592033 0.0277802 0.0104018 0.00297901 0.000627349 9.56291e-05 1.03888e-05 7.85711e-07 4.04117e-08 1.38636e-09 3.12017e-11
 1.47593e-11 1.60269e-09 1.02606e-07 3.87288e-06 8.61876e-05 0.00113093 0.00875237 0.0399967 0.108438 0.177738 0.188692 0.156344 0.125638 0.0938366 0.0571034 0.0277735 0.0106488 0.00306788 0.000642725 9.66241e-05 1.02531e-05 7.50213e-07 3.70092e-08 1.20821e-09 2.56907e-11
 1.40338e-11 1.5239e-09 9.75617e-08 3.68251e-06 8.1952e-05 0.00107539 0.00832389 0.0380606 0.103407 0.170742 0.185347 0.160524 0.133491 0.0991169 0.0584633 0.0274273 0.0102717 0.0029424 0.000618724 9.30671e-05 9.77391e-06 6.99395e-07 3.34035e-08 1.047e-09 2.12234e-11
 1.37238e-11 1.49024e-09 9.54068e-08 3.60118e-06 8.01427e-05 0.00105168 0.00814124 0.0372386 0.101289 0.167811 0.183681 0.161075 0.135076 0.101105 0.0605464 0.0286806 0.0105988 0.00293449 0.000592659 8.60432e-05 8.78888e-06 6.14031e-07 2.85816e-08 8.68141e-10 1.69316e-11
 1.38228e-11 1.501e-09 9.60956e-08 3.62719e-06 8.07222e-05 0.00105932 0.00820103 0.0375218 0.102131 0.169482 0.185874 0.16248 0.134429 0.09909 0.0586865 0.0275339 0.010059 0.00274318 0.000541442 7.59112e-05 7.40897e-06 4.92187e-07 2.17911e-08 6.31064e-10 1.17555e-11
 1.34043e-11 1.45555e-09 9.31859e-08 3.51737e-06 7.82798e-05 0.00102733 0.00795497 0.0364207 0.0993535 0.165988 0.185204 0.166294 0.139352 0.101416 0.0583642 0.0263612 0.00923761 0.00241795 0.000458627 6.17625e-05 5.7734e-06 3.65496e-07 1.53315e-08 4.18588e-10 7.32953e-12
 1.4129e-11 1.53424e-09 9.8224e-08 3.70755e-06 8.25123e-05 0.00108287 0.00838496 0.0383834 0.104615 0.174048 0.191153 0.165208 0.132528 0.0945674 0.0544165 0.0245251 0.00843165 0.00212951 0.000385664 4.93194e-05 4.36754e-06 2.61638e-07 1.03715e-08 2.67048e-10 4.398e-12
 1.36942e-11 1.48704e-09 9.5202e-08 3.5935e-06 7.99762e-05 0.00104968 0.00813005 0.0372479 0.101786 0.170639 0.190908 0.169575 0.137508 0.0962944 0.0534855 0.0232306 0.00775951 0.0019175 0.000339141 4.193e-05 3.54579e-06 2.00859e-07 7.48393e-09 1.80549e-10 2.78148e-12
 1.38172e-11 1.50039e-09 9.60569e-08 3.62579e-06 8.06961e-05 0.00105918 0.00820469 0.0376026 0.102836 0.17262 0.193153 0.170475 0.136386 0.094437 0.0519437 0.0221043 0.00710818 0.00167058 0.000280121 3.2907e-05 2.64998e-06 1.42807e-07 5.04046e-09 1.14536e-10 1.65309e-12
 1.36029e-11 1.47712e-09 9.45679e-08 3.56962e-06 7.94484e-05 0.00104289 0.00808076 0.037064 0.101588 0.171496 0.19412 0.173526 0.138713 0.0944513 0.0506631 0.0209263 0.00650958 0.00147318 0.000236026 2.62498e-05 1.98727e-06 1.0036e-07 3.31818e-09 7.06614e-11 9.55655e-13
 1.44595e-11 1.57014e-09 1.00523e-07 3.79442e-06 8.44518e-05 0.00110857 0.00858914 0.039383 0.107782 0.180858 0.200726 0.171913 0.130907 0.086713 0.0459964 0.0187662 0.00570603 0.00124976 0.000192367 2.04214e-05 1.46607e-06 6.97556e-08 2.1605e-09 4.29134e-11 5.39893e-13
 1.52565e-11 1.65669e-09 1.06064e-07 4.00359e-06 8.91088e-05 0.00116974 0.00906373 0.0415628 0.113728 0.190461 0.209345 0.173998 0.125369 0.0775023 0.0381332 0.0144533 0.00412489 0.000856618 0.000125455 1.26458e-05 8.58448e-07 3.84613e-08 1.11755e-09 2.07544e-11 2.43382e-13
 1.53345e-11 1.66516e-09 1.06607e-07 4.02414e-06 8.95689e-05 0.00117589 0.00911365 0.0418183 0.114601 0.192523 0.212529 0.176548 0.125177 0.0748427 0.0350804 0.0124729 0.00329947 0.000631641 8.53073e-05 7.96308e-06 5.03138e-07 2.1053e-08 5.71877e-10 9.92072e-12 1.08492e-13
 1.53052e-11 1.66198e-09 1.06404e-07 4.01654e-06 8.94034e-05 0.00117384 0.00910012 0.0417831 0.114672 0.193193 0.214073 0.177883 0.125061 0.073708 0.0339297 0.0117393 0.00297772 0.000538156 6.76908e-05 5.82655e-06 3.3771e-07 1.29517e-08 3.23064e-10 5.16121e-12 5.21183e-14
 1.42508e-11 1.54749e-09 9.90756e-08 3.74005e-06 8.32582e-05 0.00109349 0.00848455 0.0390491 0.107851 0.184626 0.211636 0.184646 0.134135 0.0786353 0.0349702 0.0115056 0.00275416 0.000467519 5.49233e-05 4.38423e-06 2.3399e-07 8.21599e-09 1.86921e-10 2.71884e-12 2.49962e-14
 1.30576e-11 1.41793e-09 9.07825e-08 3.42716e-06 7.6303e-05 0.0010025 0.0077861 0.0359261 0.099879 0.173702 0.205667 0.188268 0.143372 0.0872814 0.0399693 0.0133295 0.00315652 0.000517715 5.77571e-05 4.32816e-06 2.15161e-07 6.99574e-09 1.46669e-10 1.95788e-12 1.64641e-14
 1.46581e-11 1.59172e-09 1.01909e-07 3.84712e-06 8.56475e-05 0.00112502 0.00873125 0.0401931 0.110945 0.189073 0.213384 0.180681 0.128437 0.0763959 0.0354159 0.0120804 0.00291139 0.000480817 5.32798e-05 3.90184e-06 1.86394e-07 5.73866e-09 1.12655e-10 1.39702e-12 1.08547e-14
 1.4905e-11 1.61854e-09 1.03628e-07 3.91215e-06 8.71033e-05 0.0011444 0.0088864 0.0409565 0.113332 0.193945 0.219562 0.184034 0.125682 0.0698916 0.0301108 0.00969268 0.0022597 0.000368215 4.05974e-05 2.95329e-06 1.39066e-07 4.1768e-09 7.9107e-11 9.36412e-13 6.87859e-15
#spawning biomass
 4075.86 5212.18 8457.28 13854.5 21530.4 34638 55142.5 79169.1 111942 136013 164950 188179 196239 201858 204443 209641 218293 199982 198396 201913 196641 209971 247209 262401 225753 208691 211607 229121 246295 7707.37 4290.1 4290.1 4290.1 4290.1 4290.1 4290.1 4290.1 4290.1 4290.1 4290.1 4290.1 4290.1 4290.1 4290.1 4290.1 4290.1 4290.1 4290.1 4290.1 4290.1 4290.1 4290.1 4290.1 4290.1 4290.1 4290.1 4290.1 4290.1 4290.1 4290.1 4290.1 4290.1 4290.1 4290.1 4290.1 4290.1 4290.1 4290.1 4290.1 4290.1 4290.1 4290.1 4290.1 4290.1 4290.1 4290.1 4290.1 4290.1 4290.1 4290.1 4290.1 4290.1 4290.1 4290.1 4290.1 4290.1 4290.1 4290.1 4290.1 4290.1 4290.1 4290.1 4290.1 4290.1 4290.1 4290.1 4290.1 4290.1 4290.1 4290.1 4290.1 4290.1 4290.1 4290.1 4290.1 4290.1 4290.1 4290.1 4290.1 4290.1 4290.1 4290.1 4290.1 4290.1 4290.1 4290.1 4290.1 4290.1 4290.1 4290.1 4290.1 4290.1 4290.1 4290.1 4290.1 4290.1 4290.1 4290.1 0 0 0 0 0 0 0 0 0 0 0 0 0 0 0 0 0 0 0 0 0 0 0 0 0
