SBPRF35
0.819782
Curr Bio
129713
B35
993696
F35
0.199004
FOFL
0
OFL
0
Bzero
234224
#pred survey bio
 34671 31405.2 23987.4 14753.8 16467.6 21682.2 31544.7 43265.3 50314.2 63665.9 63685.8 78190.3 83873.6 94297.3 97875.1 102969 98045.8 106523 119220 127148 125075 127761 140704 153803 136589 128300 117039 143620 4.65384e+06 7.88597e+06 8.92533e+06 8.76759e+06 7.93648e+06 6.85912e+06 5.79453e+06 4.86586e+06 4.11135e+06 3.52502e+06 3.0824e+06 2.75451e+06 2.51448e+06 2.33995e+06 2.21263e+06 2.11707e+06 2.04905e+06 2.00021e+06 1.96479e+06 1.93885e+06 1.91966e+06 1.90533e+06 1.89451e+06 1.88627e+06 1.87993e+06 1.87502e+06 1.87118e+06 1.86817e+06 1.86578e+06 1.86388e+06 1.86236e+06 1.86114e+06 1.86016e+06 1.85937e+06 1.85873e+06 1.85821e+06 1.85779e+06 1.85745e+06 1.85717e+06 1.85694e+06 1.85676e+06 1.8566e+06 1.85648e+06 1.85638e+06 1.8563e+06 1.85623e+06 1.85617e+06 1.85613e+06 1.85609e+06 1.85606e+06 1.85604e+06 1.85602e+06 1.856e+06 1.85599e+06 1.85597e+06 1.85597e+06 1.85596e+06 1.85595e+06 1.85595e+06 1.85594e+06 1.85594e+06 1.85594e+06 1.85593e+06 1.85593e+06 1.85593e+06 1.85593e+06 1.85593e+06 1.85593e+06 1.85593e+06 1.85593e+06 1.85593e+06 1.85593e+06 1.85593e+06 1.85593e+06 1.85593e+06 1.85593e+06 1.85593e+06 1.85593e+06 1.85592e+06 1.85592e+06 1.85592e+06 1.85592e+06 1.85592e+06 1.85592e+06 1.85592e+06 1.85592e+06 1.85592e+06 1.85592e+06 1.85592e+06 1.85592e+06 1.85592e+06 1.85592e+06 1.85592e+06 1.85592e+06 1.85592e+06 1.85592e+06 1.85592e+06 1.85592e+06 1.85592e+06 1.85592e+06 0 0 0 0 0 0 0 0 0 0 0 0 0 0 0 0 0 0 0 0 0 0 0 0 0
#obs survey bio
 33537.9 30781.5 14765.6 12315.8 22143.6 17830.7 41018.4 49095.2 41066.1 57871.8 63532.4 64380.9 79903.6 99397.9 150158 109747 108363 107820 122701 141511 124859 152787 140215 215981 158148 119770 96614.3 149100
#pred catch bio
 19932.7 17001.8 15211.5 9618.72 10853.5 13320.6 20812 31631.8 35805.4 51981 50387.7 68615.3 73348.9 83099 85909 96208.9 90198.7 97738.2 116541 133217 132508 133676 147690 167782 151880 149086 136931 144203 0 61300.9 68949.1 67121.8 60051.7 51171.9 42545.4 35131.4 29203.4 24681.4 21342.3 18933.4 17225 16028.8 15195.5 14608 14213.9 13949.4 13771.9 13652.8 13572.9 13519.3 13483.3 13459.2 13443 13432.1 13424.8 13419.9 13416.7 13414.5 13413 13412 13411.3 13410.9 13410.6 13410.4 13410.2 13410.1 13410.1 13410 13410 13410 13410 13410 13410 13410 13410 13410 13410 13410 13410 13410 13410 13410 13410 13410 13410 13410 13410 13410 13410 13410 13410 13410 13410 13410 13410 13410 13410 13410 13410 13410 13410 13410 13410 13410 13410 13410 13410 13410 13410 13410 13410 13410 13410 13410 13410 13410 13410 13410 13410 13410 13410 13410 13410 13410 13410 13410 13410 13410 0 0 0 0 0 0 0 0 0 0 0 0 0 0 0 0 0 0 0 0 0 0 0 0 0
#obs catch bio
 16636.5 17123.1 17948.1 10945.6 10545.5 13423.9 19617.9 31124.8 34010.9 53796.3 49166.4 71738.6 76017.9 79772.6 75286.9 90386.8 78767.6 88490.3 104001 129210 127894 125095 127697 139360 129169 142416 130011 138416
#pred cpue bio
 32708.3 30294.1 23569.9 14029.4 14863.4 19983.8 28709.4 39501.9 45821.5 57843 57541.5 69951.5 74392.6 83851.4 87386.3 91653.6 86365.7 93925.7 104857 109981 107024 109338 120420 131524 116408 108224 97406.1 118812 4.05843e+06 7.86598e+06 8.90535e+06 8.74761e+06 7.91649e+06 6.83913e+06 5.77455e+06 4.84588e+06 4.09137e+06 3.50504e+06 3.06242e+06 2.73452e+06 2.4945e+06 2.31997e+06 2.19265e+06 2.09709e+06 2.02907e+06 1.98022e+06 1.9448e+06 1.91887e+06 1.89968e+06 1.88535e+06 1.87453e+06 1.86629e+06 1.85995e+06 1.85504e+06 1.8512e+06 1.84818e+06 1.8458e+06 1.8439e+06 1.84238e+06 1.84116e+06 1.84018e+06 1.83939e+06 1.83875e+06 1.83823e+06 1.83781e+06 1.83747e+06 1.83719e+06 1.83696e+06 1.83677e+06 1.83662e+06 1.8365e+06 1.8364e+06 1.83631e+06 1.83625e+06 1.83619e+06 1.83615e+06 1.83611e+06 1.83608e+06 1.83605e+06 1.83603e+06 1.83602e+06 1.836e+06 1.83599e+06 1.83598e+06 1.83598e+06 1.83597e+06 1.83597e+06 1.83596e+06 1.83596e+06 1.83596e+06 1.83595e+06 1.83595e+06 1.83595e+06 1.83595e+06 1.83595e+06 1.83595e+06 1.83595e+06 1.83595e+06 1.83594e+06 1.83594e+06 1.83594e+06 1.83594e+06 1.83594e+06 1.83594e+06 1.83594e+06 1.83594e+06 1.83594e+06 1.83594e+06 1.83594e+06 1.83594e+06 1.83594e+06 1.83594e+06 1.83594e+06 1.83594e+06 1.83594e+06 1.83594e+06 1.83594e+06 1.83594e+06 1.83594e+06 1.83594e+06 1.83594e+06 1.83594e+06 1.83594e+06 1.83594e+06 1.83594e+06 1.83594e+06 1.83594e+06 1.83594e+06 0 0 0 0 0 0 0 0 0 0 0 0 0 0 0 0 0 0 0 0 0 0 0 0 0
#obs cpue bio
 33128.1 25490 14791.7 12820.7 15622.9 21246.7 34119.8 33800.6 70122.4 51606.6 65065 69690.2 66659.9 104239 103796 104307 141299 129299 161126 107133 122922 119671 224524 200532 183332 134028 143148 133214
#pred surv len freq
 1.32287e-11 1.43585e-09 9.18942e-08 3.4678e-06 7.71631e-05 0.00101243 0.0078336 0.0357634 0.0966051 0.156555 0.162404 0.134879 0.120722 0.104135 0.070897 0.0415738 0.0244908 0.0146696 0.00902691 0.00590228 0.00419385 0.00329367 0.00272764 0.0020512 0.00118247
 9.367e-12 1.0167e-09 6.50686e-08 2.45549e-06 5.46381e-05 0.000716904 0.00554778 0.0253458 0.0687117 0.113346 0.126926 0.129398 0.143531 0.136882 0.100058 0.063772 0.0386796 0.0214353 0.0111597 0.00587915 0.00331013 0.00209885 0.0014963 0.0010509 0.000597855
 5.73884e-12 6.22896e-10 3.98653e-08 1.5044e-06 3.34752e-05 0.000439242 0.0033997 0.0155462 0.0423405 0.0714162 0.0872466 0.106608 0.137086 0.145476 0.126059 0.100746 0.0726645 0.0446999 0.0240571 0.0116609 0.00532546 0.0025358 0.00138649 0.000829441 0.00044166
 1.33601e-11 1.45011e-09 9.28069e-08 3.50224e-06 7.79293e-05 0.00102246 0.00791067 0.0361015 0.0973304 0.156216 0.154998 0.111114 0.0820066 0.0725603 0.0675457 0.0632487 0.0548323 0.0416895 0.0271974 0.0148077 0.00677228 0.00274589 0.00110524 0.00049232 0.000222213
 1.8031e-11 1.95709e-09 1.25254e-07 4.72669e-06 0.000105175 0.00137993 0.0106761 0.0487164 0.131265 0.210066 0.205468 0.138816 0.0881223 0.061227 0.0376512 0.0209308 0.0139681 0.0113276 0.00892064 0.00597479 0.00323902 0.00140581 0.000507973 0.000169865 5.72983e-05
 1.51104e-11 1.64008e-09 1.04965e-07 3.96106e-06 8.81387e-05 0.00115643 0.00894757 0.0408441 0.11026 0.178123 0.182139 0.144405 0.12074 0.0981489 0.0602441 0.0283295 0.0124252 0.00588932 0.00335632 0.00226951 0.00145535 0.000754048 0.000301028 9.46286e-05 2.52248e-05
 1.66102e-11 1.80288e-09 1.15384e-07 4.35424e-06 9.68873e-05 0.0012712 0.00983519 0.0448858 0.121032 0.194408 0.193561 0.140066 0.102172 0.0795706 0.0531915 0.0307715 0.0163979 0.00749519 0.00295093 0.00119191 0.000582883 0.000310202 0.000141808 4.92685e-05 1.28047e-05
 1.61446e-11 1.75235e-09 1.1215e-07 4.23219e-06 9.41715e-05 0.00123557 0.00955968 0.0436319 0.117698 0.189437 0.190412 0.142495 0.109535 0.0862185 0.0545496 0.0283626 0.0143555 0.0071866 0.00327005 0.00127696 0.000437138 0.000153185 5.97168e-05 2.16539e-05 6.05777e-06
 1.63571e-11 1.7754e-09 1.13626e-07 4.28788e-06 9.54107e-05 0.00125183 0.00968543 0.0442049 0.119232 0.191804 0.192321 0.142691 0.108192 0.084626 0.0536173 0.0278381 0.0136538 0.00636268 0.00274404 0.00110761 0.000399504 0.00012299 3.40464e-05 9.39475e-06 2.44844e-06
 1.65772e-11 1.7993e-09 1.15155e-07 4.34558e-06 9.66946e-05 0.00126868 0.00981571 0.0447986 0.120819 0.19425 0.194263 0.142786 0.106571 0.0825945 0.0521774 0.0270619 0.0132723 0.0061569 0.00258681 0.000991161 0.000343993 0.000105613 2.77013e-05 6.17184e-06 1.22512e-06
 1.69855e-11 1.84361e-09 1.17991e-07 4.45262e-06 9.90762e-05 0.00129992 0.0100574 0.0459006 0.123777 0.198884 0.198322 0.144217 0.105493 0.0801466 0.0490583 0.0238809 0.010883 0.00484908 0.00201003 0.000761389 0.000257041 7.56967e-05 1.91167e-05 4.03083e-06 6.95446e-07
 1.78289e-11 1.93516e-09 1.2385e-07 4.6737e-06 0.000103996 0.00136446 0.0105566 0.048175 0.129858 0.208237 0.205673 0.14433 0.0989092 0.0721271 0.0436459 0.0211386 0.00946706 0.00403361 0.00156466 0.000559801 0.000183106 5.27175e-05 1.2904e-05 2.60859e-06 4.24137e-07
 1.84144e-11 1.99871e-09 1.27917e-07 4.8272e-06 0.000107411 0.00140927 0.0109032 0.049755 0.134092 0.214824 0.211221 0.14563 0.0961975 0.0677768 0.0393334 0.0174901 0.00697904 0.00275309 0.00102598 0.000351041 0.000108069 2.93597e-05 6.89459e-06 1.34884e-06 2.11145e-07
 1.81699e-11 1.97217e-09 1.26218e-07 4.76309e-06 0.000105985 0.00139056 0.0107585 0.0490958 0.132333 0.212147 0.209255 0.146058 0.0988359 0.0706911 0.0409572 0.0178674 0.00681423 0.00249201 0.000837312 0.000258738 7.40891e-05 1.89886e-05 4.19763e-06 7.76239e-07 1.16133e-07
 1.78405e-11 1.93642e-09 1.2393e-07 4.67674e-06 0.000104063 0.00136535 0.0105635 0.0482075 0.129958 0.208496 0.206395 0.146048 0.101475 0.0739304 0.0432056 0.0190329 0.00733654 0.00267344 0.000869614 0.000250629 6.49137e-05 1.49639e-05 3.02783e-06 5.21614e-07 7.33366e-08
 1.81143e-11 1.96613e-09 1.25832e-07 4.74851e-06 0.00010566 0.0013863 0.0107255 0.0489455 0.131929 0.211504 0.208648 0.145717 0.0987656 0.0709004 0.0414934 0.0185585 0.00733842 0.00273424 0.000901485 0.000259813 6.54582e-05 1.41275e-05 2.59231e-06 4.01631e-07 5.14384e-08
 1.88858e-11 2.04987e-09 1.31192e-07 4.95076e-06 0.000110161 0.00144534 0.0111822 0.0510264 0.137495 0.220081 0.215473 0.146088 0.0931225 0.0637057 0.0361649 0.015427 0.00570239 0.00203782 0.000671958 0.000197449 5.05631e-05 1.09103e-05 1.94501e-06 2.82366e-07 3.29316e-08
 1.87835e-11 2.03876e-09 1.30481e-07 4.92393e-06 0.000109563 0.00143751 0.0111216 0.0507506 0.13676 0.218972 0.214702 0.146411 0.0944455 0.0650667 0.0367738 0.0153717 0.00544947 0.0018431 0.000571366 0.00015896 3.97655e-05 8.62623e-06 1.55521e-06 2.25011e-07 2.54385e-08
 1.89779e-11 2.05986e-09 1.31831e-07 4.97489e-06 0.000110697 0.00145239 0.0112367 0.0512748 0.13816 0.221115 0.216334 0.146264 0.0926591 0.0630215 0.0355562 0.0149432 0.00533929 0.00179934 0.000543034 0.000143637 3.37546e-05 6.92326e-06 1.20836e-06 1.73593e-07 1.96651e-08
 2.01204e-11 2.18388e-09 1.39768e-07 5.2744e-06 0.000117362 0.00153982 0.0119129 0.0543558 0.146396 0.233767 0.226204 0.146164 0.0833111 0.0517046 0.0279298 0.0112105 0.00372946 0.0011842 0.000349585 9.17489e-05 2.11202e-05 4.14729e-06 6.82821e-07 9.28862e-08 1.01547e-08
 2.07654e-11 2.25389e-09 1.44248e-07 5.44348e-06 0.000121124 0.00158918 0.0122947 0.0560953 0.151048 0.240929 0.231869 0.146363 0.0784238 0.0455823 0.023535 0.00876119 0.00250048 0.000660514 0.000170723 4.10681e-05 8.97886e-06 1.7181e-06 2.75969e-07 3.60757e-08 3.74373e-09
 2.07411e-11 2.25125e-09 1.4408e-07 5.43712e-06 0.000120982 0.00158732 0.0122803 0.0560299 0.150875 0.240672 0.231717 0.146525 0.0788684 0.0459932 0.0236462 0.00863046 0.00233367 0.000558338 0.000125975 2.54654e-05 4.66898e-06 7.85675e-07 1.16868e-07 1.4623e-08 1.46799e-09
 2.07411e-11 2.25125e-09 1.44079e-07 5.43711e-06 0.000120982 0.00158732 0.0122803 0.0560298 0.150874 0.240668 0.231702 0.146484 0.0788075 0.045956 0.0236708 0.00869436 0.00238442 0.000577646 0.000128245 2.42881e-05 3.94089e-06 5.60838e-07 6.95624e-08 7.46873e-09 6.77221e-10
 2.07917e-11 2.25674e-09 1.44431e-07 5.45038e-06 0.000121278 0.0015912 0.0123103 0.0561664 0.151239 0.241228 0.232132 0.146459 0.0783613 0.0454322 0.0233391 0.00855582 0.0023391 0.000565504 0.000126086 2.40872e-05 3.89563e-06 5.31853e-07 5.97846e-08 5.50889e-09 4.18165e-10
 2.099e-11 2.27826e-09 1.45808e-07 5.50234e-06 0.000122434 0.00160636 0.0124276 0.0567009 0.152668 0.243422 0.233844 0.14644 0.076736 0.0434637 0.0220101 0.00790469 0.00206218 0.00046564 9.88849e-05 1.85288e-05 2.98543e-06 4.08676e-07 4.57947e-08 4.09489e-09 2.87564e-10
 2.1592e-11 2.34361e-09 1.49991e-07 5.66017e-06 0.000125946 0.00165244 0.012784 0.0583242 0.157005 0.250066 0.238931 0.146075 0.0713326 0.037181 0.0181185 0.0063726 0.00160384 0.000340663 6.77403e-05 1.19046e-05 1.80078e-06 2.35796e-07 2.59067e-08 2.30373e-09 1.60806e-10
 2.23205e-11 2.42267e-09 1.55051e-07 5.85113e-06 0.000130194 0.00170818 0.0132151 0.0602883 0.162253 0.258104 0.245089 0.145639 0.0648033 0.0295837 0.013404 0.00450758 0.00104255 0.000189378 3.20978e-05 5.07884e-06 7.09541e-07 8.62824e-08 8.8577e-09 7.45176e-10 5.02058e-11
 2.26289e-11 2.45615e-09 1.57193e-07 5.93198e-06 0.000131993 0.00173178 0.0133976 0.0611199 0.164474 0.261505 0.247687 0.145429 0.0620013 0.0263428 0.0114201 0.00375429 0.000835712 0.000139273 2.07753e-05 2.856e-06 3.39865e-07 3.53157e-08 3.21464e-09 2.47029e-10 1.54341e-11
#obs surv len freq
 4.05711e-11 3.75999e-09 2.05468e-07 6.62046e-06 0.000125783 0.00140917 0.00931084 0.0363191 0.0840822 0.118753 0.115921 0.109303 0.119218 0.119504 0.103024 0.0799605 0.0533463 0.029389 0.0134297 0.0050289 0.00148289 0.000327305 5.14241e-05 5.51559e-06 3.91444e-07
 2.56239e-11 2.29041e-09 1.20717e-07 3.75156e-06 6.87472e-05 0.000742929 0.00473766 0.017888 0.0406963 0.0606699 0.0779651 0.113691 0.154122 0.161366 0.139145 0.105308 0.0667214 0.0345988 0.0150172 0.00538184 0.00151084 0.00031449 4.63365e-05 4.64817e-06 3.07634e-07
 1.21063e-11 1.04191e-09 5.28733e-08 1.5821e-06 2.79156e-05 0.00029053 0.00178604 0.00653506 0.0147931 0.0243938 0.0416838 0.0785643 0.127005 0.169204 0.189466 0.164375 0.104081 0.049899 0.0195123 0.00635923 0.00165242 0.000321275 4.42246e-05 4.13161e-06 2.5392e-07
 2.40585e-10 1.99037e-08 9.70921e-07 2.79268e-05 0.000473638 0.00473652 0.0279296 0.0971151 0.199186 0.241379 0.174473 0.0798396 0.0330859 0.0276225 0.0336398 0.0335128 0.0248252 0.0138684 0.00587235 0.00187411 0.000448562 7.91825e-05 9.95422e-06 8.55334e-07 4.8509e-08
 1.56511e-10 1.24277e-08 5.81864e-07 1.60636e-05 0.000261494 0.00251031 0.0142198 0.0476766 0.0961472 0.125909 0.138197 0.167177 0.180905 0.132166 0.0611133 0.0202376 0.00729578 0.00364067 0.00173077 0.000613552 0.000152555 2.61382e-05 3.04959e-06 2.38718e-07 1.23027e-08
 3.41406e-10 2.59819e-08 1.16589e-06 3.08483e-05 0.000481276 0.00442755 0.0240222 0.0769379 0.146168 0.168893 0.133273 0.100876 0.0950652 0.092245 0.0779612 0.0503197 0.021848 0.00606817 0.00115122 0.000190568 3.40987e-05 5.48272e-06 6.28662e-07 4.72666e-08 2.27634e-09
 4.66012e-10 3.39439e-08 1.45785e-06 3.69193e-05 0.000551299 0.00485449 0.0252162 0.077413 0.141841 0.162813 0.141581 0.130692 0.124084 0.0930031 0.0541954 0.027172 0.0115963 0.00384201 0.000927926 0.000158009 1.89963e-05 1.72451e-06 1.29451e-07 7.87497e-09 3.44693e-10
 6.30104e-10 4.38721e-08 1.80116e-06 4.36017e-05 0.000622372 0.00523877 0.0260155 0.0763952 0.134255 0.149684 0.131555 0.127191 0.125651 0.101495 0.0668544 0.0358214 0.0142436 0.00398018 0.000808122 0.000126854 1.54146e-05 1.36437e-06 8.35417e-08 3.50848e-09 1.03269e-10
 9.88968e-10 6.5743e-08 2.57694e-06 5.95589e-05 0.000811682 0.00652319 0.0309294 0.0867315 0.145652 0.155644 0.132163 0.123936 0.118209 0.0925299 0.0594761 0.0311419 0.0121199 0.00331843 0.000648216 9.34065e-05 1.00241e-05 7.89258e-07 4.44494e-08 1.73391e-09 4.53214e-11
 1.29969e-09 8.23969e-08 3.08013e-06 6.78919e-05 0.000882406 0.00676367 0.0305973 0.0820055 0.132789 0.142172 0.132875 0.139198 0.133509 0.0988238 0.0587261 0.028328 0.0101708 0.00256134 0.000458846 6.08611e-05 6.03502e-06 4.35519e-07 2.21109e-08 7.6958e-10 1.79983e-11
 2.10446e-09 1.27104e-07 4.52656e-06 9.50529e-05 0.00117697 0.00859459 0.0370395 0.0945626 0.14577 0.148153 0.130679 0.130037 0.121524 0.0905204 0.0547691 0.0260182 0.00875098 0.00196878 0.000301094 3.31546e-05 2.75282e-06 1.71767e-07 7.75588e-09 2.43408e-10 5.14299e-12
 3.27047e-09 1.87998e-07 6.37211e-06 0.000127352 0.00150082 0.0104311 0.0427943 0.104093 0.153499 0.151684 0.134216 0.132559 0.117541 0.0805344 0.0442405 0.0192681 0.00603247 0.00127137 0.000180993 1.81334e-05 1.32153e-06 7.0048e-08 2.64789e-09 6.99664e-11 1.26769e-12
 4.49702e-09 2.45807e-07 7.92232e-06 0.000150557 0.00168719 0.0111517 0.0435289 0.100975 0.143617 0.142957 0.136892 0.142528 0.12479 0.0829226 0.0439832 0.0182574 0.0053608 0.00104307 0.000134734 1.20577e-05 7.79722e-07 3.66798e-08 1.22546e-09 2.82616e-11 4.403e-13
 6.71355e-09 3.48644e-07 1.06758e-05 0.000192757 0.00205229 0.0128887 0.047814 0.105561 0.143813 0.14028 0.135689 0.140936 0.121893 0.0814017 0.0436044 0.0178186 0.00500876 0.000917135 0.000110068 9.02272e-06 5.26411e-07 2.20761e-08 6.52836e-10 1.32825e-11 1.82392e-13
 9.17438e-09 4.52306e-07 1.31485e-05 0.000225381 0.00227819 0.0135856 0.0478972 0.100916 0.133734 0.13493 0.14273 0.152345 0.127696 0.0813333 0.0413322 0.015948 0.00422046 0.000726365 8.17635e-05 6.25923e-06 3.38545e-07 1.30394e-08 3.50615e-10 6.42354e-12 7.87765e-14
 1.61186e-08 7.53896e-07 2.07914e-05 0.000338103 0.00324221 0.0183406 0.0613138 0.122244 0.151834 0.139312 0.131295 0.131153 0.109656 0.0729897 0.038689 0.0149771 0.00386923 0.000647307 7.14803e-05 5.41656e-06 2.88746e-07 1.0759e-08 2.73767e-10 4.66394e-12 5.25443e-14
 2.1915e-08 9.71834e-07 2.54116e-05 0.000391805 0.00356253 0.0191141 0.0606926 0.115729 0.141701 0.139638 0.147794 0.148715 0.11355 0.0655727 0.0301224 0.010457 0.00249618 0.00039253 4.12026e-05 2.99503e-06 1.54193e-07 5.569e-09 1.37431e-10 2.26329e-12 2.44591e-14
 3.22492e-08 1.35523e-06 3.35814e-05 0.000490665 0.00422796 0.0214993 0.06473 0.117288 0.137704 0.133198 0.140641 0.142234 0.113837 0.07219 0.0358127 0.0126577 0.00295612 0.000449399 4.56996e-05 3.22768e-06 1.60861e-07 5.57898e-09 1.31362e-10 2.05873e-12 2.11694e-14
 5.05435e-08 2.01198e-06 4.72253e-05 0.000653625 0.00533522 0.0257026 0.0733578 0.126344 0.142521 0.135612 0.141081 0.137323 0.104952 0.0636532 0.03028 0.0103461 0.00238069 0.000367008 3.88723e-05 2.87642e-06 1.47269e-07 5.09762e-09 1.1707e-10 1.76374e-12 1.72759e-14
 7.93141e-08 2.98974e-06 6.6452e-05 0.000870943 0.0067322 0.0307186 0.0831088 0.136197 0.148323 0.140152 0.143862 0.132946 0.0940042 0.0519645 0.0224461 0.00695334 0.00143652 0.000195703 1.81868e-05 1.20322e-06 5.74188e-08 1.9296e-09 4.40177e-11 6.61116e-13 6.39893e-15
 1.03107e-07 3.67956e-06 7.74276e-05 0.000960759 0.00703195 0.0304012 0.0781699 0.123472 0.136488 0.142458 0.157166 0.144012 0.0983689 0.0522767 0.0214925 0.00625624 0.0012007 0.000149894 1.25212e-05 7.28903e-07 3.02075e-08 8.83213e-10 1.77989e-11 2.4176e-13 2.17039e-15
 1.58833e-07 5.36545e-06 0.000106872 0.0012553 0.00869721 0.035597 0.0866928 0.129947 0.137179 0.138151 0.148265 0.135196 0.0955827 0.0533297 0.0222954 0.00636443 0.00118023 0.000142537 1.15697e-05 6.50823e-07 2.55251e-08 6.86477e-10 1.24068e-11 1.48633e-13 1.16911e-15
 2.23325e-07 7.14059e-06 0.000134625 0.00149677 0.00981749 0.0380676 0.0881236 0.127396 0.135836 0.144789 0.156894 0.136482 0.0900412 0.0466922 0.0182768 0.00494707 0.000883997 0.000104861 8.49716e-06 4.79027e-07 1.86401e-08 4.89533e-10 8.50434e-12 9.64307e-14 7.06444e-16
 3.09251e-07 9.35919e-06 0.000167019 0.0017577 0.0109148 0.0401009 0.088293 0.123356 0.133002 0.148048 0.161024 0.137215 0.0890142 0.04514 0.0168959 0.00427759 0.000703223 7.58043e-05 5.56011e-06 2.86773e-07 1.04346e-08 2.61745e-10 4.39815e-12 4.83769e-14 3.42381e-16
 4.27278e-07 1.22403e-05 0.000206766 0.00205986 0.0121111 0.0421741 0.088424 0.119878 0.13143 0.151656 0.164126 0.136932 0.0874812 0.0434411 0.015648 0.0037674 0.000587 5.99622e-05 4.15316e-06 2.00104e-07 6.70406e-09 1.53277e-10 2.3441e-12 2.36194e-14 1.54789e-16
 6.56395e-07 1.78009e-05 0.000284658 0.00268464 0.0149442 0.0492875 0.098028 0.126806 0.134329 0.150375 0.157319 0.128206 0.0809348 0.0394156 0.0136923 0.00315373 0.00047142 4.65896e-05 3.14147e-06 1.46938e-07 4.72507e-09 1.02239e-10 1.46068e-12 1.36003e-14 8.16697e-17
 8.76839e-07 2.25135e-05 0.000340865 0.003044 0.0160521 0.0502595 0.0957954 0.122983 0.138226 0.162978 0.166151 0.126121 0.072795 0.0323694 0.0103354 0.00219607 0.000302389 2.74322e-05 1.69761e-06 7.33856e-08 2.20664e-09 4.51e-11 6.11473e-13 5.39759e-15 3.05765e-17
 1.23435e-06 3.001e-05 0.000430243 0.00363842 0.0181748 0.0539773 0.0981525 0.122632 0.138455 0.163161 0.163495 0.123288 0.0714421 0.0313551 0.00959364 0.0019102 0.000242577 1.99993e-05 1.1101e-06 4.27601e-08 1.14822e-09 2.11146e-11 2.59849e-13 2.10012e-15 1.09797e-17
#pred catch len freq
 1.29579e-11 1.40645e-09 9.00128e-08 3.3968e-06 7.55833e-05 0.0009917 0.00767328 0.0350329 0.0946503 0.153537 0.159974 0.134652 0.122536 0.106471 0.0726126 0.0425927 0.025092 0.0150298 0.00924853 0.00604719 0.00429681 0.00337454 0.00279461 0.00210156 0.0012115
 9.02456e-12 9.7953e-10 6.26898e-08 2.36572e-06 5.26407e-05 0.000690698 0.00534509 0.0244221 0.0662397 0.109526 0.123835 0.129059 0.145754 0.139823 0.102335 0.0652367 0.0395689 0.0219281 0.0114163 0.00601432 0.00338624 0.00214711 0.00153071 0.00107506 0.000611602
 5.65026e-12 6.13281e-10 3.92499e-08 1.48118e-06 3.29585e-05 0.000432463 0.00334726 0.0153072 0.0417001 0.0704211 0.0864138 0.106429 0.137518 0.146129 0.126657 0.101227 0.073012 0.0449137 0.0241722 0.0117166 0.00535093 0.00254793 0.00139313 0.000833409 0.000443772
 1.32931e-11 1.44283e-09 9.23412e-08 3.48467e-06 7.75382e-05 0.00101733 0.00787098 0.0359206 0.0968452 0.155458 0.154344 0.110911 0.0822228 0.0729513 0.0679549 0.0636373 0.0551695 0.0419459 0.0273647 0.0148988 0.00681394 0.00276278 0.00111204 0.000495349 0.00022358
 1.79974e-11 1.95345e-09 1.2502e-07 4.71787e-06 0.000104978 0.00137735 0.0106562 0.0486258 0.131022 0.209692 0.205166 0.138787 0.088345 0.061509 0.0378489 0.0210434 0.0140435 0.0113888 0.00896879 0.00600704 0.0032565 0.0014134 0.000510715 0.000170782 5.76076e-05
 1.49546e-11 1.62318e-09 1.03883e-07 3.92023e-06 8.723e-05 0.00114451 0.00885537 0.040424 0.109137 0.176397 0.180791 0.14441 0.121998 0.0996668 0.0612524 0.0288106 0.0126366 0.00598959 0.00341346 0.00230814 0.00148013 0.000766886 0.000306153 9.62397e-05 2.56542e-05
 1.65734e-11 1.79888e-09 1.15128e-07 4.34458e-06 9.66724e-05 0.00126838 0.00981338 0.0447864 0.120766 0.193999 0.193235 0.140047 0.102439 0.0799105 0.0534428 0.0309194 0.0164769 0.00753129 0.00296515 0.00119765 0.00058569 0.000311696 0.000142491 4.95058e-05 1.28664e-05
 1.62877e-11 1.76787e-09 1.13143e-07 4.26968e-06 9.50057e-05 0.00124652 0.00964433 0.0440176 0.11873 0.191023 0.191662 0.142524 0.10843 0.0848577 0.0536064 0.0278641 0.0141026 0.00705999 0.00321243 0.00125447 0.000429436 0.000150486 5.86647e-05 2.12724e-05 5.95104e-06
 1.64475e-11 1.78522e-09 1.14254e-07 4.31159e-06 9.59383e-05 0.00125875 0.00973897 0.0444489 0.119884 0.192808 0.193111 0.142708 0.10749 0.0837603 0.0530153 0.0275203 0.0134975 0.00628986 0.00271264 0.00109493 0.000394932 0.000121582 3.36568e-05 9.28724e-06 2.42042e-06
 1.6944e-11 1.83911e-09 1.17703e-07 4.44174e-06 9.88343e-05 0.00129675 0.0100328 0.0457879 0.123465 0.19832 0.197466 0.142849 0.10372 0.0790801 0.0497348 0.0257731 0.0126388 0.00586297 0.00246332 0.000943842 0.00032757 0.000100571 2.63788e-05 5.87719e-06 1.16663e-06
 1.72699e-11 1.87449e-09 1.19967e-07 4.52717e-06 0.000100735 0.00132169 0.0102258 0.0466676 0.125827 0.202035 0.200786 0.144213 0.103201 0.0773646 0.0471801 0.02295 0.0104576 0.00465952 0.00193146 0.000731624 0.000246993 7.27376e-05 1.83693e-05 3.87325e-06 6.6826e-07
 1.83019e-11 1.98649e-09 1.27135e-07 4.79769e-06 0.000106754 0.00140066 0.0108365 0.0494505 0.133268 0.213476 0.209768 0.144314 0.0950814 0.0674838 0.0405111 0.0195892 0.00877111 0.00373701 0.00144961 0.000518637 0.000169642 4.8841e-05 1.19552e-05 2.41677e-06 3.92949e-07
 1.88422e-11 2.04513e-09 1.30888e-07 4.93932e-06 0.000109906 0.001442 0.0111564 0.0509083 0.137174 0.219554 0.214889 0.145519 0.0925878 0.0634757 0.0365303 0.0162156 0.00646869 0.0025517 0.00095093 0.000325361 0.000100164 2.72119e-05 6.39022e-06 1.25017e-06 1.95699e-07
 1.86289e-11 2.02199e-09 1.29407e-07 4.88342e-06 0.000108662 0.00142569 0.0110302 0.0503336 0.135641 0.217222 0.213181 0.145911 0.0949185 0.0660407 0.0379472 0.016526 0.00630092 0.00230422 0.000774213 0.00023924 6.85058e-05 1.75576e-05 3.8813e-06 7.17742e-07 1.07382e-07
 1.83114e-11 1.98752e-09 1.27201e-07 4.80018e-06 0.00010681 0.00140138 0.0108422 0.0494772 0.133351 0.213702 0.210426 0.145906 0.0974697 0.0691674 0.0401115 0.0176421 0.0067987 0.00247738 0.00080584 0.000232249 6.01532e-05 1.38665e-05 2.80578e-06 4.83361e-07 6.79584e-08
 1.87138e-11 2.0312e-09 1.29997e-07 4.90567e-06 0.000109157 0.00143218 0.0110804 0.0505621 0.136249 0.218135 0.21379 0.14556 0.0937024 0.0648613 0.0375454 0.016755 0.00662294 0.00246757 0.00081356 0.000234472 5.90738e-05 1.27496e-05 2.33947e-06 3.62459e-07 4.64214e-08
 1.93838e-11 2.10393e-09 1.34651e-07 5.08132e-06 0.000113065 0.00148346 0.011477 0.0523693 0.141083 0.225586 0.219724 0.145905 0.0888356 0.0586355 0.0329082 0.014004 0.00517431 0.00184902 0.000609701 0.000179155 4.58784e-05 9.89944e-06 1.7648e-06 2.56204e-07 2.98805e-08
 1.9284e-11 2.09309e-09 1.33957e-07 5.05513e-06 0.000112483 0.00147581 0.0114179 0.0521001 0.140366 0.224501 0.218965 0.146201 0.090097 0.0599422 0.0335065 0.0139733 0.00495179 0.0016747 0.00051916 0.000144436 3.61321e-05 7.83805e-06 1.4131e-06 2.04451e-07 2.31142e-08
 1.96004e-11 2.12743e-09 1.36155e-07 5.13808e-06 0.000114328 0.00150003 0.0116051 0.0529533 0.142646 0.227993 0.22164 0.14601 0.0872619 0.0566542 0.0314864 0.0131905 0.00471049 0.00158733 0.00047905 0.000126712 2.97773e-05 6.10751e-06 1.06598e-06 1.53139e-07 1.7348e-08
 2.0746e-11 2.25178e-09 1.44114e-07 5.43841e-06 0.000121011 0.0015877 0.0122832 0.0560427 0.150904 0.240675 0.231516 0.145854 0.0778025 0.0452493 0.0238631 0.00952683 0.00316636 0.00100528 0.000296764 7.78859e-05 1.7929e-05 3.52064e-06 5.79649e-07 7.88514e-08 8.62038e-09
 2.13121e-11 2.31322e-09 1.48046e-07 5.58679e-06 0.000124313 0.00163102 0.0126183 0.0575693 0.154986 0.246959 0.236481 0.146011 0.0734864 0.0398583 0.0200131 0.00740158 0.00210984 0.000557224 0.000144023 3.46453e-05 7.57462e-06 1.4494e-06 2.32809e-07 3.04337e-08 3.15824e-09
 2.12701e-11 2.30866e-09 1.47754e-07 5.57577e-06 0.000124068 0.0016278 0.0125934 0.057456 0.154685 0.246505 0.236171 0.146162 0.0740577 0.0404317 0.0202455 0.00734377 0.0019834 0.000474448 0.000107045 2.16388e-05 3.96739e-06 6.67615e-07 9.93065e-08 1.24256e-08 1.2474e-09
 2.12755e-11 2.30925e-09 1.47792e-07 5.5772e-06 0.000124099 0.00162821 0.0125966 0.0574707 0.154723 0.246562 0.236204 0.146124 0.0739562 0.0403426 0.0202312 0.00738465 0.00202282 0.000489956 0.000108775 2.06006e-05 3.34258e-06 4.75691e-07 5.90014e-08 6.33482e-09 5.74405e-10
 2.13849e-11 2.32113e-09 1.48552e-07 5.60588e-06 0.000124737 0.00163659 0.0126614 0.0577657 0.155512 0.247769 0.237129 0.146058 0.0729743 0.0392001 0.0195222 0.00710454 0.00193962 0.000468826 0.000104528 1.99689e-05 3.22957e-06 4.40918e-07 4.95628e-08 4.56699e-09 3.46668e-10
 2.15811e-11 2.34242e-09 1.49915e-07 5.65732e-06 0.000125882 0.0016516 0.0127775 0.0582948 0.156926 0.249941 0.238816 0.146019 0.0713355 0.037232 0.0182158 0.00648833 0.00168997 0.000381498 8.10139e-05 1.51802e-05 2.44588e-06 3.34817e-07 3.75184e-08 3.35483e-09 2.35593e-10
 2.21353e-11 2.40257e-09 1.53764e-07 5.80258e-06 0.000129114 0.00169401 0.0131055 0.0597889 0.160918 0.256054 0.243496 0.145675 0.0663502 0.0314415 0.0146374 0.00508932 0.00127794 0.000271338 5.39529e-05 9.48157e-06 1.43426e-06 1.87803e-07 2.06337e-08 1.83484e-09 1.28076e-10
 2.27195e-11 2.46598e-09 1.57823e-07 5.95573e-06 0.000132522 0.00173872 0.0134513 0.0613642 0.165127 0.262501 0.248434 0.145325 0.0611125 0.0253475 0.0108566 0.00359463 0.000828723 0.00015045 2.54979e-05 4.03451e-06 5.63643e-07 6.85407e-08 7.03635e-09 5.91951e-10 3.98823e-11
 2.28442e-11 2.47952e-09 1.58689e-07 5.98843e-06 0.000133249 0.00174826 0.0135251 0.0617005 0.166025 0.263878 0.249491 0.145255 0.0600028 0.0240523 0.0100474 0.0032679 0.000725805 0.000120907 1.80345e-05 2.4792e-06 2.95026e-07 3.06564e-08 2.79052e-09 2.14438e-10 1.33978e-11
#obs catch len freq
 3.96016e-11 3.67014e-09 2.00558e-07 6.46225e-06 0.000122777 0.00137549 0.00908827 0.0354496 0.0820542 0.115782 0.11261 0.105569 0.115853 0.119445 0.107419 0.0855462 0.0569077 0.0310276 0.0142509 0.00543767 0.00162928 0.000362156 5.70931e-05 6.15953e-06 4.41703e-07
 5.57162e-11 4.98022e-09 2.62484e-07 8.15728e-06 0.000149478 0.00161518 0.0102935 0.0387353 0.0865962 0.118677 0.114562 0.110014 0.120816 0.119807 0.102338 0.078524 0.0514865 0.0278186 0.0124322 0.0045241 0.0012857 0.000271146 4.03912e-05 4.08183e-06 2.71585e-07
 3.62952e-11 3.12369e-09 1.58516e-07 4.74317e-06 8.36882e-05 0.000870799 0.00534738 0.0194526 0.0427552 0.0622974 0.0802868 0.117435 0.156344 0.160607 0.136825 0.102049 0.0633975 0.0322256 0.0136788 0.00475853 0.00128514 0.000255208 3.56099e-05 3.36222e-06 2.08428e-07
 1.76207e-11 1.45776e-09 7.11113e-08 2.04542e-06 3.46933e-05 0.000347103 0.00205174 0.00722665 0.0158325 0.0257449 0.0442437 0.0826577 0.1313 0.172457 0.189368 0.159719 0.0982419 0.045963 0.0175643 0.00556075 0.00139026 0.000257683 3.35563e-05 2.94786e-06 1.69558e-07
 3.4787e-10 2.76224e-08 1.29328e-06 3.57036e-05 0.000581189 0.00557842 0.0315717 0.105367 0.207434 0.241334 0.167692 0.0744167 0.0313157 0.0273406 0.0329417 0.0319044 0.0229529 0.0124409 0.00509573 0.00156757 0.000359941 6.05469e-05 7.20009e-06 5.81548e-07 3.08513e-08
 2.34006e-10 1.78085e-08 7.99122e-07 2.11441e-05 0.000329887 0.00303524 0.0164799 0.0529824 0.102652 0.130209 0.141027 0.168351 0.176211 0.123548 0.0550326 0.0179636 0.0066383 0.00332359 0.00153034 0.000519177 0.000122896 1.99598e-05 2.1975e-06 1.61568e-07 7.78698e-09
 5.13041e-10 3.73694e-08 1.60497e-06 4.0645e-05 0.000606927 0.00534408 0.0277522 0.0850843 0.154817 0.171783 0.13158 0.0987298 0.0924361 0.0884059 0.0730045 0.0454302 0.0188646 0.00501431 0.000922344 0.000151325 2.65896e-05 4.08016e-06 4.40512e-07 3.10254e-08 1.39517e-09
 7.05813e-10 4.91434e-08 2.01757e-06 4.88404e-05 0.000697149 0.00586812 0.0291388 0.085535 0.150029 0.165731 0.140927 0.12859 0.118959 0.0865179 0.0493829 0.0243328 0.0101152 0.0032361 0.000750557 0.000122328 1.40887e-05 1.2298e-06 8.84771e-08 5.09307e-09 2.08653e-10
 9.70607e-10 6.45225e-08 2.5291e-06 5.84532e-05 0.000796614 0.00640212 0.0303561 0.0851352 0.143068 0.153365 0.131576 0.125152 0.120376 0.0947519 0.0610482 0.0317521 0.0121477 0.00326342 0.000639545 9.6917e-05 1.12896e-05 9.50293e-07 5.50766e-08 2.18393e-09 6.05099e-11
 1.53892e-09 9.75636e-08 3.64709e-06 8.03885e-05 0.00104481 0.00800795 0.0362128 0.0968718 0.155363 0.159313 0.131498 0.12063 0.111713 0.0851614 0.0535121 0.027173 0.0101665 0.00267117 0.000501435 6.94107e-05 7.1313e-06 5.34968e-07 2.85534e-08 1.05011e-09 2.5765e-11
 2.06296e-09 1.24598e-07 4.43731e-06 9.31787e-05 0.00115376 0.00842531 0.0363134 0.0927537 0.143327 0.147192 0.13329 0.135247 0.125074 0.0898479 0.0521041 0.0243546 0.0083966 0.00202647 0.000348624 4.44111e-05 4.21223e-06 2.89113e-07 1.38911e-08 4.55657e-10 1.00058e-11
 3.3614e-09 1.93225e-07 6.54929e-06 0.000130892 0.00154254 0.0107208 0.0439761 0.106885 0.157019 0.152679 0.129858 0.124731 0.112428 0.08137 0.0479182 0.0219327 0.00704455 0.00151107 0.000221036 2.33558e-05 1.85873e-06 1.10566e-07 4.73014e-09 1.39917e-10 2.77486e-12
 5.25051e-09 2.86993e-07 9.24972e-06 0.000175783 0.00196983 0.0130186 0.0507893 0.117505 0.164971 0.155742 0.132418 0.1256 0.107004 0.0710366 0.0379572 0.0159385 0.00476525 0.000956506 0.00012994 1.24486e-05 8.66548e-07 4.37051e-08 1.56534e-09 3.90322e-11 6.64739e-13
 7.3265e-09 3.80475e-07 1.16505e-05 0.000210355 0.00223963 0.0140644 0.0521609 0.114992 0.155575 0.147708 0.135292 0.134591 0.113004 0.0727019 0.0374433 0.0149476 0.00418108 0.000772942 9.50545e-05 8.12181e-06 5.01382e-07 2.2433e-08 7.09466e-10 1.54247e-11 2.25767e-13
 1.10544e-08 5.44994e-07 1.58429e-05 0.000271564 0.00274491 0.0163655 0.0576397 0.120829 0.156363 0.144973 0.133284 0.13178 0.109337 0.0707445 0.0367021 0.0143663 0.00383588 0.000665927 7.59365e-05 5.9312e-06 3.29789e-07 1.31396e-08 3.67596e-10 7.04897e-12 9.09325e-14
 1.52339e-08 7.12517e-07 1.96502e-05 0.000319548 0.00306434 0.0173364 0.0579893 0.11594 0.145876 0.139836 0.140461 0.142584 0.114573 0.0706452 0.0347289 0.0128206 0.00321944 0.000524818 5.60712e-05 4.08486e-06 2.10275e-07 7.68426e-09 1.9524e-10 3.36816e-12 3.8782e-14
 2.67369e-08 1.18566e-06 3.10027e-05 0.000478004 0.004346 0.0233094 0.0738822 0.139649 0.164338 0.142467 0.126495 0.119863 0.0962953 0.0620904 0.0317009 0.0116889 0.00285974 0.000453032 4.74906e-05 3.42227e-06 1.73263e-07 6.10929e-09 1.46571e-10 2.34768e-12 2.48076e-14
 3.64271e-08 1.5308e-06 3.79318e-05 0.000554228 0.00477556 0.0242812 0.0730665 0.132044 0.153207 0.142844 0.142786 0.136239 0.0995879 0.0555927 0.024653 0.00817453 0.0018504 0.000275668 2.74746e-05 1.89925e-06 9.2836e-08 3.17097e-09 7.37142e-11 1.14e-12 1.15395e-14
 5.39736e-08 2.14853e-06 5.04302e-05 0.000697978 0.00569708 0.0274417 0.0782629 0.134307 0.149178 0.136013 0.135255 0.130013 0.100126 0.0614092 0.0292263 0.00980941 0.00216669 0.00031182 3.00989e-05 2.02e-06 9.54514e-08 3.12651e-09 6.92777e-11 1.01884e-12 9.80667e-15
 8.56451e-08 3.22839e-06 7.17562e-05 0.000940451 0.0072691 0.0331599 0.0896004 0.145953 0.154999 0.13726 0.132708 0.122121 0.0896609 0.0525371 0.0239642 0.00778104 0.00169654 0.00024812 2.49597e-05 1.7513e-06 8.47138e-08 2.76073e-09 5.95358e-11 8.40432e-13 7.69718e-15
 1.34092e-07 4.78528e-06 0.000100694 0.00124942 0.00914307 0.039494 0.101122 0.156594 0.160084 0.139905 0.132812 0.115729 0.0784247 0.0418133 0.0173022 0.00508646 0.000993678 0.000128207 1.13204e-05 7.12289e-07 3.22264e-08 1.02155e-09 2.18812e-11 3.07532e-13 2.77839e-15
 1.76688e-07 5.9686e-06 0.000118886 0.00139639 0.00967429 0.0395862 0.0962913 0.143524 0.148268 0.142426 0.145609 0.126094 0.0825842 0.0422812 0.0166203 0.00458339 0.000830418 9.79772e-05 7.75717e-06 4.28621e-07 1.68308e-08 4.64534e-10 8.8034e-12 1.12074e-13 9.40224e-16
 2.72972e-07 8.72798e-06 0.000164552 0.00182941 0.0119967 0.0464677 0.107021 0.151185 0.148492 0.136543 0.135279 0.116788 0.0793247 0.0425213 0.0169171 0.00456296 0.000798287 9.11182e-05 7.00562e-06 3.73285e-07 1.38306e-08 3.50173e-10 5.94066e-12 6.66496e-14 4.89882e-16
 3.89272e-07 1.17809e-05 0.000210233 0.00221235 0.0137342 0.050391 0.110238 0.149718 0.147066 0.141489 0.141082 0.116048 0.0734511 0.0365721 0.0136277 0.00348853 0.000588865 6.60993e-05 5.07447e-06 2.7063e-07 9.9283e-09 2.44977e-10 3.98784e-12 4.22786e-14 2.8902e-16
 5.45813e-07 1.5636e-05 0.000264122 0.00263104 0.0154636 0.0537513 0.111752 0.146154 0.143793 0.143445 0.143681 0.115946 0.0721394 0.0350322 0.0124459 0.00297364 0.000461052 4.69805e-05 3.26518e-06 1.59532e-07 5.48095e-09 1.29274e-10 2.03513e-12 2.09136e-14 1.37972e-16
 7.60825e-07 2.06329e-05 0.000329942 0.00311154 0.0173163 0.0570423 0.112824 0.142606 0.141409 0.145771 0.145679 0.115305 0.0706236 0.0335089 0.011435 0.00259598 0.000381352 3.68057e-05 2.41265e-06 1.09927e-07 3.47235e-09 7.45969e-11 1.06889e-12 1.00664e-14 6.15183e-17
 1.17874e-06 3.02648e-05 0.000458207 0.0040912 0.0215574 0.0672473 0.126031 0.151252 0.143039 0.141101 0.135641 0.104779 0.0633138 0.0293827 0.00965326 0.00209578 0.00029547 2.75972e-05 1.76022e-06 7.77487e-08 2.3532e-09 4.77706e-11 6.38676e-13 5.55295e-15 3.10763e-17
 1.60093e-06 3.8922e-05 0.000557994 0.00471805 0.0235509 0.0697106 0.124876 0.147302 0.145507 0.150956 0.141841 0.102 0.0562722 0.0238296 0.00719376 0.00144013 0.000186908 1.60167e-05 9.37599e-07 3.82947e-08 1.08434e-09 2.07936e-11 2.63718e-13 2.17227e-15 1.14594e-17
#spawning biomass
 33564.2 30775 23748.9 14346.5 15566.5 20725.4 29950.3 41147.6 47786.5 60390.4 60230.1 73559.6 78546.2 88426.6 91978.9 96609.4 91484.6 99445.9 111152 117511 114946 117423 129322 141302 125266 117040 106032 129713 179977 373677 420435 409299 366214 312100 259530 214349 178224 150667 130318 115638 105227 97937.2 92859.3 89279.3 86877.2 85265.4 84183.9 83458.2 82971.3 82644.5 82425.3 82278.2 82179.5 82113.3 82068.9 82039 82019 82005.6 81996.6 81990.6 81986.5 81983.8 81982 81980.7 81979.9 81979.4 81979 81978.7 81978.6 81978.5 81978.4 81978.3 81978.3 81978.3 81978.3 81978.3 81978.3 81978.3 81978.2 81978.2 81978.2 81978.2 81978.2 81978.2 81978.2 81978.2 81978.2 81978.2 81978.2 81978.2 81978.2 81978.2 81978.2 81978.2 81978.2 81978.2 81978.2 81978.2 81978.2 81978.2 81978.2 81978.2 81978.2 81978.2 81978.2 81978.2 81978.2 81978.2 81978.2 81978.2 81978.2 81978.2 81978.2 81978.2 81978.2 81978.2 81978.2 81978.2 81978.2 81978.2 81978.2 81978.2 81978.2 81978.2 81978.2 81978.2 81978.2 81978.2 0 0 0 0 0 0 0 0 0 0 0 0 0 0 0 0 0 0 0 0 0 0 0 0 0
