SBPRF35
0.17814
Curr Bio
230387
B35
441755
F35
1.03973
FOFL
0.685826
OFL
57485.6
Bzero
50895.7
#pred survey bio
 35781.3 33763.4 20303.7 16697.7 35556.3 53793.2 98551.6 141270 200235 228935 207530 201209 243194 268967 309304 276791 271984 280778 296084 283559 287166 297397 297851 269511 318776 306921 282096 296174 1.27539e+07 8.68745e+06 4.10809e+06 2.02653e+06 1.18785e+06 838757 676544 591562 543095 514166 496547 485739 479101 475027 472521 470967 470036 469476 469140 468937 468815 468741 468696 468669 468653 468643 468638 468634 468632 468630 468630 468629 468629 468629 468629 468629 468629 468629 468629 468628 468628 468628 468628 468628 468628 468628 468628 468628 468628 468628 468628 468628 468628 468628 468628 468628 468628 468628 468628 468628 468628 468628 468628 468628 468628 468628 468628 468628 468628 468628 468628 468628 468628 468628 468628 468628 468628 468628 468628 468628 468628 468628 468628 468628 468628 468628 468628 468628 468628 468628 468628 468628 468628 468628 468628 468628 468628 468628 468628 468628 0 0 0 0 0 0 0 0 0 0 0 0 0 0 0 0 0 0 0 0 0 0 0 0 0
#obs survey bio
 28721.8 23613.5 13177.2 20153.8 40442.6 55125.1 101116 155268 152552 147636 126014 191328 237333 208963 221215 205490 160483 185415 220592 184932 231708 216249 208383 178466 164131 190105 168530 245257
#pred catch bio
 12493.9 16383.9 10746.4 7571.44 21091 29851.8 59908.6 87901.3 131935 161638 153258 139921 168791 188052 233436 204252 205191 207774 227194 213929 216694 227029 240654 197400 254428 243513 227695 195873 57485.6 209942 79837.6 29248.1 13317.6 8849.16 7686.01 7398.31 7329.68 7313.74 7310.1 7309.29 7309.11 7309.07 7309.06 7309.06 7309.06 7309.06 7309.06 7309.06 7309.06 7309.06 7309.06 7309.06 7309.06 7309.06 7309.06 7309.06 7309.06 7309.06 7309.06 7309.06 7309.06 7309.06 7309.06 7309.06 7309.06 7309.06 7309.06 7309.06 7309.06 7309.06 7309.06 7309.06 7309.06 7309.06 7309.06 7309.06 7309.06 7309.06 7309.06 7309.06 7309.06 7309.06 7309.06 7309.06 7309.06 7309.06 7309.06 7309.06 7309.06 7309.06 7309.06 7309.06 7309.06 7309.06 7309.06 7309.06 7309.06 7309.06 7309.06 7309.06 7309.06 7309.06 7309.06 7309.06 7309.06 7309.06 7309.06 7309.06 7309.06 7309.06 7309.06 7309.06 7309.06 7309.06 7309.06 7309.06 7309.06 7309.06 7309.06 7309.06 7309.06 7309.06 7309.06 7309.06 7309.06 7309.06 7309.06 7309.06 0 0 0 0 0 0 0 0 0 0 0 0 0 0 0 0 0 0 0 0 0 0 0 0 0
#obs catch bio
 16048.1 17528.2 12234.4 7898.25 15831.7 24219.7 46968.6 67642 122299 165705 158656 123533 146750 157714 234468 186039 183779 194752 208731 191905 180944 193864 212346 172728 231012 220917 198576 160946
#pred cpue bio
 24252.2 26145 18019.1 8566.46 12866.1 21361.6 36080 56786.4 78592.3 98499.3 95354 76852.6 87670.1 105475 115505 104411 101067 92729.4 101122 94142 95757.4 97084.9 96290.7 76407 99989.2 86513.1 84554.2 73262.7 4.9491e+06 8.55778e+06 3.98742e+06 1.90524e+06 1.06655e+06 717454 555241 470259 421793 392863 375244 364437 357798 353724 351219 349665 348734 348174 347837 347634 347512 347438 347394 347367 347351 347341 347335 347331 347329 347328 347327 347327 347326 347326 347326 347326 347326 347326 347326 347326 347326 347326 347326 347326 347326 347326 347326 347326 347326 347326 347326 347326 347326 347326 347326 347326 347326 347326 347326 347326 347326 347326 347326 347326 347326 347326 347326 347326 347326 347326 347326 347326 347326 347326 347326 347326 347326 347326 347326 347326 347326 347326 347326 347326 347326 347326 347326 347326 347326 347326 347326 347326 347326 347326 347326 347326 347326 347326 347326 347326 0 0 0 0 0 0 0 0 0 0 0 0 0 0 0 0 0 0 0 0 0 0 0 0 0
#obs cpue bio
 26202.1 28342.4 11307.5 15003.8 23729 49804.6 87017.3 148994 122294 128624 159326 145641 154025 252562 164114 208961 259591 175050 206652 214581 254921 243118 234611 178018 291450 210652 248650 190701
#pred surv len freq
 1.49026e-11 1.61754e-09 1.03522e-07 3.9066e-06 8.69268e-05 0.00114052 0.0088243 0.0402765 0.108661 0.175006 0.176457 0.133603 0.10524 0.0861286 0.059588 0.0369612 0.0230933 0.0144383 0.00920813 0.00622015 0.00455603 0.00367546 0.00310366 0.00235995 0.00136794
 1.09354e-11 1.18693e-09 7.59636e-08 2.86663e-06 6.37866e-05 0.000836934 0.00647639 0.0295825 0.0801182 0.131524 0.144326 0.139903 0.147163 0.133177 0.0872904 0.0459577 0.0238106 0.0127836 0.00694829 0.00386653 0.00228505 0.00151223 0.00111463 0.000798648 0.000458872
 6.35672e-12 6.89961e-10 4.41575e-08 1.66637e-06 3.70795e-05 0.000486545 0.00376619 0.0172307 0.047046 0.0802919 0.102256 0.133393 0.174197 0.172005 0.121784 0.0718048 0.0395553 0.0195577 0.0088063 0.00394642 0.00184187 0.000932736 0.00054092 0.00033633 0.000182584
 1.83977e-11 1.9969e-09 1.27801e-07 4.82282e-06 0.000107313 0.00140798 0.0108929 0.0497011 0.13385 0.213656 0.206406 0.132715 0.0763019 0.0533782 0.0418799 0.0328404 0.0229338 0.0131629 0.00637339 0.00269461 0.00103041 0.000388827 0.000161342 7.66058e-05 3.6055e-05
 1.97397e-11 2.14255e-09 1.37123e-07 5.17459e-06 0.000115141 0.00151069 0.0116876 0.0533301 0.143666 0.229664 0.223455 0.14768 0.0886701 0.0569031 0.0296942 0.010226 0.00240167 0.000578056 0.000234851 0.00011114 4.48615e-05 1.52401e-05 4.72507e-06 1.52878e-06 5.37746e-07
 1.90881e-11 2.07183e-09 1.32597e-07 5.0038e-06 0.000111341 0.00146083 0.011302 0.0515737 0.138977 0.222515 0.218137 0.148597 0.0953291 0.0643056 0.0338407 0.0113 0.00225934 0.000267173 1.86402e-05 7.66909e-07 1.86057e-08 2.66149e-10 2.24488e-12 1.11668e-14 3.31667e-17
 1.96223e-11 2.12981e-09 1.36308e-07 5.14382e-06 0.000114456 0.0015017 0.0116182 0.0530138 0.142824 0.228398 0.2226 0.148133 0.0903236 0.0585929 0.0304512 0.0101401 0.00202631 0.000239591 1.67155e-05 6.8772e-07 1.66845e-08 2.3867e-10 2.01316e-12 1.00139e-14 2.93793e-17
 1.90021e-11 2.06249e-09 1.31999e-07 4.98124e-06 0.000110839 0.00145424 0.0112511 0.0513417 0.138357 0.221567 0.217418 0.148671 0.0961355 0.0652258 0.0343867 0.0114868 0.00229687 0.000271616 1.89502e-05 7.79665e-07 1.89152e-08 2.70576e-10 2.28221e-12 1.13507e-14 3.32861e-17
 1.9169e-11 2.08061e-09 1.33159e-07 5.025e-06 0.000111812 0.00146702 0.0113499 0.0517918 0.139559 0.223406 0.218813 0.148526 0.0945711 0.0634404 0.0333274 0.0111243 0.00222405 0.000262996 1.83487e-05 7.54916e-07 1.83147e-08 2.61987e-10 2.20976e-12 1.09904e-14 3.22295e-17
 1.84893e-11 2.00684e-09 1.28438e-07 4.84683e-06 0.000107848 0.00141501 0.0109476 0.0499594 0.134665 0.21592 0.213134 0.149116 0.10094 0.0707093 0.0376403 0.0126001 0.00252055 0.000298091 2.07977e-05 8.55679e-07 2.07593e-08 2.96956e-10 2.50472e-12 1.24574e-14 3.65314e-17
 1.79359e-11 1.94677e-09 1.24593e-07 4.70176e-06 0.00010462 0.00137266 0.0106201 0.0484673 0.13068 0.209825 0.20851 0.149596 0.106126 0.0766278 0.0411519 0.0138017 0.00276197 0.000326667 2.27917e-05 9.37722e-07 2.27497e-08 3.25429e-10 2.74487e-12 1.36518e-14 4.0034e-17
 1.93522e-11 2.10049e-09 1.34431e-07 5.07302e-06 0.000112881 0.00148104 0.0114583 0.0522857 0.140879 0.225423 0.220344 0.148368 0.0928546 0.0614814 0.032165 0.0107266 0.00214414 0.000253537 1.76887e-05 7.2776e-07 1.76559e-08 2.52563e-10 2.13027e-12 1.05951e-14 3.10701e-17
 1.97164e-11 2.14002e-09 1.36961e-07 5.16848e-06 0.000115005 0.0015089 0.0116739 0.0532675 0.143501 0.229434 0.223387 0.148052 0.089442 0.0575868 0.0298542 0.00993584 0.00198527 0.000234733 1.63765e-05 6.73772e-07 1.63461e-08 2.33826e-10 1.97224e-12 9.80907e-15 2.87652e-17
 1.91751e-11 2.08128e-09 1.33202e-07 5.02661e-06 0.000111848 0.00146749 0.0113535 0.0518083 0.139604 0.223473 0.218865 0.148521 0.0945136 0.0633748 0.0332884 0.011111 0.00222137 0.000262679 1.83266e-05 7.54007e-07 1.82927e-08 2.61672e-10 2.2071e-12 1.09772e-14 3.21907e-17
 1.94981e-11 2.11633e-09 1.35445e-07 5.11127e-06 0.000113732 0.0014922 0.0115447 0.0526791 0.141929 0.22703 0.221563 0.148241 0.0914872 0.0599209 0.0312391 0.0104097 0.00208048 0.000246003 1.71629e-05 7.06128e-07 1.71311e-08 2.45056e-10 2.06695e-12 1.02801e-14 3.01466e-17
 1.94335e-11 2.10932e-09 1.34996e-07 5.09434e-06 0.000113355 0.00148726 0.0115065 0.0525049 0.141464 0.226319 0.221023 0.148297 0.0920925 0.0606117 0.0316489 0.01055 0.00210866 0.000249338 1.73956e-05 7.15703e-07 1.73634e-08 2.48379e-10 2.09498e-12 1.04195e-14 3.05554e-17
 1.95295e-11 2.11974e-09 1.35663e-07 5.11949e-06 0.000113915 0.0014946 0.0115632 0.0527636 0.142155 0.227376 0.221825 0.148214 0.0911932 0.0595854 0.03104 0.0103416 0.0020668 0.000244383 1.70499e-05 7.01477e-07 1.70183e-08 2.43441e-10 2.05334e-12 1.02124e-14 2.9948e-17
 2.02108e-11 2.19368e-09 1.40395e-07 5.29809e-06 0.000117889 0.00154674 0.0119665 0.0546005 0.147061 0.234879 0.227518 0.147623 0.0848089 0.0522992 0.0267169 0.00886231 0.00176959 0.000209204 1.4595e-05 6.00475e-07 1.45679e-08 2.08389e-10 1.75768e-12 8.74197e-15 2.56359e-17
 2.00289e-11 2.17394e-09 1.39132e-07 5.25041e-06 0.000116828 0.00153282 0.0118588 0.0541101 0.145752 0.232876 0.225998 0.147781 0.0865132 0.0542442 0.0278709 0.00925721 0.00184893 0.000218595 1.52503e-05 6.27437e-07 1.5222e-08 2.17746e-10 1.83661e-12 9.1345e-15 2.6787e-17
 2.01828e-11 2.19065e-09 1.40202e-07 5.29077e-06 0.000117726 0.0015446 0.0119499 0.0545252 0.14686 0.234572 0.227284 0.147647 0.0850706 0.0525978 0.0268941 0.00892294 0.00178177 0.000210646 1.46956e-05 6.04614e-07 1.46683e-08 2.09826e-10 1.7698e-12 8.80223e-15 2.58126e-17
 2.01595e-11 2.18812e-09 1.40039e-07 5.28464e-06 0.00011759 0.00154281 0.0119361 0.0544621 0.146692 0.234314 0.227089 0.147668 0.0852897 0.0528479 0.0270424 0.00897371 0.00179197 0.000211853 1.47799e-05 6.0808e-07 1.47524e-08 2.11029e-10 1.77995e-12 8.85269e-15 2.59606e-17
 2.02716e-11 2.20028e-09 1.40818e-07 5.31403e-06 0.000118244 0.00155139 0.0120025 0.0547644 0.147499 0.235549 0.228026 0.14757 0.0842391 0.0516488 0.026331 0.00873027 0.00174306 0.000206064 1.43759e-05 5.91459e-07 1.43491e-08 2.0526e-10 1.73129e-12 8.61071e-15 2.5251e-17
 2.03218e-11 2.20574e-09 1.41167e-07 5.3272e-06 0.000118537 0.00155524 0.0120322 0.0548999 0.147861 0.236103 0.228446 0.147527 0.0837682 0.0511114 0.0260121 0.00862115 0.00172114 0.000203469 1.41948e-05 5.84009e-07 1.41684e-08 2.02675e-10 1.70949e-12 8.50225e-15 2.49329e-17
 2.09352e-11 2.27232e-09 1.45428e-07 5.48799e-06 0.000122114 0.00160217 0.0123952 0.0565536 0.152278 0.242858 0.233571 0.146995 0.0780203 0.0445515 0.0221199 0.0072893 0.00145356 0.000171797 1.19847e-05 4.93074e-07 1.19622e-08 1.71117e-10 1.4433e-12 7.17837e-15 2.10506e-17
 2.04732e-11 2.22217e-09 1.42219e-07 5.36689e-06 0.00011942 0.00156682 0.0121218 0.0553081 0.148952 0.23777 0.229711 0.147396 0.0823492 0.049492 0.0250513 0.00829237 0.00165508 0.00019565 1.36492e-05 5.61561e-07 1.36238e-08 1.94884e-10 1.64378e-12 8.17544e-15 2.39745e-17
 2.09596e-11 2.27496e-09 1.45597e-07 5.49439e-06 0.000122257 0.00160404 0.0124097 0.0566194 0.152454 0.243127 0.233774 0.146974 0.0777917 0.0442907 0.0219651 0.00723634 0.00144292 0.000170537 1.18968e-05 4.89459e-07 1.18745e-08 1.69862e-10 1.43272e-12 7.12574e-15 2.08963e-17
 2.0689e-11 2.24559e-09 1.43717e-07 5.42345e-06 0.000120678 0.00158333 0.0122495 0.0558898 0.150505 0.240146 0.231513 0.147209 0.0803276 0.0471848 0.0236823 0.00782394 0.00156097 0.000184511 1.28719e-05 5.29578e-07 1.28479e-08 1.83785e-10 1.55016e-12 7.70981e-15 2.26091e-17
 2.14643e-11 2.32974e-09 1.49103e-07 5.62668e-06 0.0001252 0.00164266 0.0127083 0.05798 0.156088 0.248685 0.237991 0.146536 0.0730626 0.0388935 0.0187628 0.00614055 0.00122276 0.000144479 1.00784e-05 4.14642e-07 1.00594e-08 1.43897e-10 1.21372e-12 6.0365e-15 1.77021e-17
#obs surv len freq
 4.87542e-11 4.51837e-09 2.4691e-07 7.95577e-06 0.000151153 0.00169336 0.0111879 0.0436264 0.100819 0.141093 0.132344 0.113244 0.113559 0.109255 0.0905791 0.0668678 0.0418224 0.0211266 0.00870738 0.00293885 0.000789716 0.000161498 2.39066e-05 2.44861e-06 1.67527e-07
 2.89684e-11 2.58936e-09 1.36473e-07 4.24122e-06 7.77202e-05 0.000839898 0.00535603 0.0202228 0.0460086 0.0685843 0.0880211 0.127436 0.168905 0.167231 0.130762 0.0888996 0.0510785 0.0237435 0.00908358 0.00287072 0.000719268 0.00013566 1.84111e-05 1.72893e-06 1.08633e-07
 1.44352e-11 1.24234e-09 6.30444e-08 1.88644e-06 3.32852e-05 0.000346392 0.00212874 0.0077754 0.0174475 0.0277947 0.0444776 0.0805877 0.129313 0.172447 0.192136 0.163274 0.098594 0.0433303 0.0149437 0.0042247 0.000957414 0.000164904 2.048e-05 1.75638e-06 1.00605e-07
 2.6871e-10 2.22305e-08 1.08442e-06 3.11916e-05 0.000529007 0.00529022 0.0311943 0.108461 0.222398 0.269121 0.192951 0.08406 0.0266424 0.0134339 0.0139452 0.0136003 0.00996209 0.00541737 0.00216997 0.000633246 0.000134759 2.0921e-05 2.32876e-06 1.79975e-07 9.3353e-09
 1.76531e-10 1.40173e-08 6.56292e-07 1.81183e-05 0.000294941 0.00283132 0.0160359 0.0537249 0.107924 0.138805 0.144225 0.163532 0.171939 0.123706 0.0551279 0.0158234 0.00386056 0.00134115 0.000567066 0.000190578 4.45472e-05 7.0398e-06 7.46135e-07 5.27341e-08 2.46165e-09
 4.53706e-10 3.45282e-08 1.54939e-06 4.09952e-05 0.00063958 0.00588372 0.0319182 0.102151 0.193301 0.218849 0.157273 0.0906575 0.0631096 0.0531457 0.0420755 0.0262426 0.0111488 0.00298666 0.000505984 6.176e-05 7.3671e-06 9.4225e-07 9.77925e-08 6.84651e-09 3.0684e-10
 5.0414e-10 3.67211e-08 1.57713e-06 3.99399e-05 0.000596404 0.00525164 0.0272782 0.083728 0.153266 0.175112 0.149626 0.133494 0.121541 0.0840676 0.0414277 0.0164655 0.00586218 0.00176587 0.000403783 6.5023e-05 7.07471e-06 5.25189e-07 2.89441e-08 1.31226e-09 4.7878e-11
 7.93887e-10 5.52757e-08 2.26933e-06 5.49349e-05 0.000784136 0.00660008 0.0327673 0.0960929 0.167705 0.180838 0.141029 0.112498 0.0995713 0.0767064 0.0484625 0.0248038 0.00928953 0.0023419 0.000398471 4.94076e-05 4.83803e-06 3.69116e-07 2.01626e-08 7.40228e-10 1.80383e-11
 1.03813e-09 6.90113e-08 2.70505e-06 6.25198e-05 0.000852035 0.0068475 0.0324676 0.0910516 0.152963 0.163708 0.139442 0.129875 0.119061 0.0847616 0.0471251 0.0216416 0.00774473 0.00198601 0.000357605 4.59058e-05 4.22229e-06 2.75835e-07 1.27479e-08 4.15894e-10 9.40717e-12
 1.21054e-09 7.67454e-08 2.86887e-06 6.32354e-05 0.00082189 0.00630004 0.0285053 0.0764732 0.124437 0.136068 0.134182 0.147379 0.142639 0.103944 0.0597882 0.0276024 0.00931649 0.00211824 0.000322298 3.45213e-05 2.75872e-06 1.66031e-07 7.22521e-09 2.16848e-10 4.35428e-12
 2.40301e-09 1.45136e-07 5.16872e-06 0.000108537 0.00134392 0.00981312 0.0422776 0.107759 0.164752 0.161387 0.128057 0.114009 0.104052 0.0800866 0.0507872 0.0248876 0.00846385 0.00189555 0.000282689 2.92737e-05 2.17446e-06 1.15938e-07 4.36194e-09 1.14024e-10 2.04139e-12
 3.79115e-09 2.17929e-07 7.3866e-06 0.000147627 0.00173974 0.012091 0.0495884 0.120425 0.176171 0.168113 0.13534 0.120787 0.100595 0.0642944 0.0323947 0.0132389 0.00405854 0.000865233 0.000127201 1.32449e-05 9.88954e-07 5.20373e-08 1.87882e-09 4.56594e-11 7.3763e-13
 5.14875e-09 2.81431e-07 9.07046e-06 0.000172376 0.00193167 0.0127668 0.0498147 0.115342 0.162571 0.155968 0.137487 0.133138 0.110936 0.0689493 0.0335473 0.0129668 0.00363186 0.000677376 8.27685e-05 6.89534e-06 4.1659e-07 1.88504e-08 6.24821e-10 1.44667e-11 2.24593e-13
 7.45343e-09 3.87067e-07 1.18523e-05 0.000214 0.00227843 0.014308 0.053063 0.116966 0.158152 0.149785 0.136372 0.134564 0.111486 0.0699902 0.0349061 0.0135185 0.0036623 0.000644782 7.28846e-05 5.45489e-06 2.83543e-07 1.0571e-08 2.82535e-10 5.31628e-12 6.9164e-14
 1.03376e-08 5.09656e-07 1.48157e-05 0.000253957 0.00256698 0.015306 0.0539324 0.113312 0.148196 0.14279 0.140182 0.142818 0.116451 0.0717347 0.0351537 0.0132094 0.00343179 0.000578698 6.30863e-05 4.59233e-06 2.31947e-07 8.24186e-09 2.02918e-10 3.3841e-12 3.76877e-14
 1.79796e-08 8.40939e-07 2.31919e-05 0.000377139 0.00361648 0.0204562 0.0683598 0.136027 0.167401 0.148418 0.131079 0.123683 0.0974709 0.0598408 0.0293322 0.0107678 0.00267354 0.000426474 4.38532e-05 3.0137e-06 1.44154e-07 4.87114e-09 1.14387e-10 1.81794e-12 1.91581e-14
 2.66792e-08 1.1831e-06 3.09358e-05 0.000476974 0.00433671 0.0232615 0.0737625 0.139721 0.16603 0.148634 0.13751 0.128454 0.0940733 0.0517081 0.022504 0.00748676 0.00172382 0.000258793 2.52962e-05 1.66373e-06 7.62312e-08 2.45335e-09 5.44351e-11 8.12967e-13 8.03494e-15
 3.58947e-08 1.50843e-06 3.73775e-05 0.000546129 0.00470579 0.0239271 0.0720102 0.130216 0.151502 0.142421 0.14383 0.137944 0.101086 0.0565011 0.0249858 0.00819329 0.00180951 0.000257339 2.37447e-05 1.47429e-06 6.38249e-08 1.9416e-09 4.07142e-11 5.74077e-13 5.34465e-15
 6.08399e-08 2.42186e-06 5.68457e-05 0.000786765 0.00642154 0.0309256 0.0881178 0.150545 0.163953 0.140805 0.129392 0.118244 0.0871016 0.050825 0.023266 0.00763643 0.00166175 0.000235025 2.20759e-05 1.4214e-06 6.34871e-08 1.93861e-09 3.95531e-11 5.30836e-13 4.649e-15
 8.4081e-08 3.16943e-06 7.04459e-05 0.000923284 0.00713667 0.0325615 0.0880603 0.14404 0.155612 0.14385 0.143525 0.128554 0.086361 0.0444817 0.0181051 0.00543968 0.00111161 0.000150654 1.38188e-05 8.82902e-07 3.95092e-08 1.21375e-09 2.49388e-11 3.35999e-13 2.92666e-15
 1.28973e-07 4.6026e-06 9.68502e-05 0.00120173 0.00879429 0.0379918 0.0973308 0.151129 0.156219 0.140411 0.136959 0.120495 0.0817188 0.043449 0.0178738 0.00519683 0.000993981 0.000123325 1.02083e-05 5.876e-07 2.4036e-08 6.90611e-10 1.35466e-11 1.7665e-13 1.50058e-15
 1.82633e-07 6.16944e-06 0.000122886 0.00144337 0.00999955 0.040913 0.0994697 0.147924 0.151473 0.142743 0.143437 0.122701 0.0791573 0.0398698 0.0155413 0.00430205 0.000791954 9.60549e-05 7.87077e-06 4.469e-07 1.76144e-08 4.73367e-10 8.50811e-12 1.01015e-13 7.85064e-16
 2.70604e-07 8.65228e-06 0.000163125 0.00181356 0.0118933 0.0460768 0.106227 0.150741 0.150482 0.142384 0.141898 0.118235 0.0747619 0.0370165 0.0139443 0.00365183 0.000627045 7.03543e-05 5.32107e-06 2.80734e-07 1.04243e-08 2.67348e-10 4.60883e-12 5.22381e-14 3.83062e-16
 3.93327e-07 1.19036e-05 0.000212424 0.00223541 0.0138776 0.0509217 0.111447 0.15164 0.149841 0.145199 0.143844 0.114921 0.0689237 0.0322273 0.011406 0.00279455 0.000447392 4.66011e-05 3.25198e-06 1.57254e-07 5.32982e-09 1.24779e-10 1.97147e-12 2.06187e-14 1.4061e-16
 5.25913e-07 1.50659e-05 0.000254494 0.00253519 0.0149019 0.0518255 0.108009 0.142733 0.144976 0.15072 0.151904 0.118411 0.0690112 0.0312736 0.0105813 0.00244514 0.000366174 3.54732e-05 2.28921e-06 1.01799e-07 3.15913e-09 6.75127e-11 9.71248e-13 9.23069e-15 5.71601e-17
 8.07575e-07 2.19007e-05 0.000350215 0.00330269 0.0183791 0.0605291 0.119587 0.150426 0.146878 0.147565 0.143214 0.108412 0.0622715 0.027746 0.0090405 0.00197326 0.000275761 2.47061e-05 1.46208e-06 5.9226e-08 1.66974e-09 3.24313e-11 4.24369e-13 3.66794e-15 2.06415e-17
 1.13017e-06 2.90179e-05 0.000439332 0.00392282 0.020674 0.064547 0.121448 0.148119 0.146334 0.150889 0.144279 0.105537 0.05866 0.0252679 0.00792774 0.00167276 0.000229515 2.06647e-05 1.25261e-06 5.18932e-08 1.45828e-09 2.72571e-11 3.33344e-13 2.644e-15 1.35309e-17
 1.47358e-06 3.5826e-05 0.000513616 0.00434309 0.0216857 0.0642783 0.115863 0.140006 0.146478 0.16003 0.151693 0.106761 0.0567507 0.0232026 0.00683333 0.0013405 0.000169681 1.4023e-05 7.82103e-07 3.02373e-08 8.10641e-10 1.47478e-11 1.77436e-13 1.38338e-15 6.88587e-18
#pred catch len freq
 1.22351e-12 1.328e-10 8.49925e-09 3.20744e-07 7.13788e-06 9.37145e-05 0.000727532 0.00337786 0.00989843 0.0222871 0.0523677 0.118273 0.190631 0.198931 0.145207 0.0908638 0.0568144 0.0355184 0.0226506 0.0153001 0.0112067 0.0090407 0.00763421 0.00580488 0.0033648
 7.42285e-13 8.0568e-11 5.15639e-09 1.94596e-07 4.33114e-06 5.69022e-05 0.000443243 0.00209265 0.00660082 0.0183456 0.0548166 0.136721 0.223949 0.22822 0.153282 0.0810219 0.0419802 0.0225329 0.0122459 0.00681423 0.00402703 0.00266505 0.00196435 0.00140748 0.000808685
 3.1415e-13 3.40981e-11 2.18232e-09 8.23637e-08 1.8338e-06 2.41339e-05 0.000189634 0.000933288 0.00344802 0.0130674 0.0485743 0.129814 0.217233 0.227066 0.162533 0.0959687 0.0528577 0.0261301 0.0117645 0.0052718 0.0024604 0.00124596 0.000722565 0.000449272 0.000243897
 4.13912e-12 4.49262e-10 2.87527e-08 1.08504e-06 2.41442e-05 0.000316822 0.00245281 0.0112311 0.0307922 0.0535702 0.0728095 0.105114 0.148089 0.161468 0.141233 0.112403 0.078559 0.0450828 0.0218269 0.00922781 0.00352862 0.00133153 0.000552509 0.000262334 0.000123469
 1.52614e-11 1.65648e-09 1.06014e-07 4.00065e-06 8.90196e-05 0.00116799 0.00903715 0.041256 0.111413 0.180315 0.185913 0.151219 0.130093 0.104371 0.0580997 0.0202844 0.0047739 0.00114734 0.000465418 0.000220183 8.88734e-05 3.01915e-05 9.36061e-06 3.0286e-06 1.0653e-06
 1.26725e-11 1.37548e-09 8.80306e-08 3.322e-06 7.39191e-05 0.000969877 0.00750496 0.0342767 0.0927758 0.151854 0.164532 0.154159 0.155449 0.132919 0.0745514 0.0252305 0.00505812 0.00059845 4.1757e-05 1.71804e-06 4.16808e-08 5.96233e-10 5.02902e-12 2.5016e-14 7.42963e-17
 1.53363e-11 1.66461e-09 1.06535e-07 4.0203e-06 8.94569e-05 0.00117373 0.00908155 0.0414586 0.111959 0.181193 0.18679 0.151849 0.130487 0.10443 0.0576478 0.0194464 0.00389603 0.0004609 3.21587e-05 1.32312e-06 3.20999e-08 4.59185e-10 3.87319e-12 1.9266e-14 5.65235e-17
 1.42651e-11 1.54834e-09 9.90934e-08 3.73948e-06 8.32083e-05 0.00109175 0.00844752 0.0385704 0.104244 0.169395 0.177839 0.152778 0.140525 0.115887 0.0644456 0.0217725 0.00436337 0.000516216 3.60187e-05 1.48194e-06 3.59528e-08 5.14295e-10 4.33789e-12 2.15748e-14 6.32683e-17
 1.53877e-11 1.67018e-09 1.06892e-07 4.03376e-06 8.97563e-05 0.00117765 0.00911193 0.041597 0.112329 0.181759 0.187219 0.151805 0.130006 0.103881 0.0573221 0.0193349 0.00387364 0.000458249 3.19737e-05 1.31551e-06 3.19151e-08 4.56537e-10 3.85072e-12 1.91518e-14 5.61629e-17
 1.49866e-11 1.62665e-09 1.04106e-07 3.92862e-06 8.74169e-05 0.00114696 0.00887456 0.0405157 0.10944 0.177341 0.183868 0.152153 0.133764 0.10817 0.0598671 0.0202058 0.0040486 0.000478959 3.34188e-05 1.37497e-06 3.33577e-08 4.77172e-10 4.02477e-12 2.00175e-14 5.87014e-17
 1.4626e-11 1.58752e-09 1.01601e-07 3.8341e-06 8.53137e-05 0.00111937 0.00866115 0.0395435 0.106844 0.17337 0.180855 0.152465 0.137143 0.112026 0.0621552 0.0209887 0.0042059 0.000497578 3.47181e-05 1.42842e-06 3.46546e-08 4.95724e-10 4.18125e-12 2.07957e-14 6.09837e-17
 1.6362e-11 1.77594e-09 1.1366e-07 4.28918e-06 9.54396e-05 0.00125222 0.0096886 0.0442239 0.119345 0.19249 0.19536 0.15096 0.120875 0.0934604 0.0511393 0.0172193 0.00344858 0.000407937 2.84629e-05 1.17106e-06 2.84107e-08 4.06407e-10 3.42789e-12 1.70489e-14 4.99959e-17
 1.69922e-11 1.84434e-09 1.18037e-07 4.45437e-06 9.91152e-05 0.00130044 0.0100616 0.0459229 0.123883 0.199431 0.200625 0.150414 0.11497 0.086721 0.0471406 0.015851 0.00317368 0.000375399 2.61923e-05 1.07764e-06 2.61442e-08 3.73985e-10 3.15442e-12 1.56888e-14 4.60074e-17
 1.61039e-11 1.74792e-09 1.11867e-07 4.2215e-06 9.39337e-05 0.00123246 0.00953579 0.0435278 0.117486 0.189646 0.193203 0.151184 0.123294 0.0962215 0.0527776 0.0177798 0.00356121 0.000421269 2.93932e-05 1.20933e-06 2.93393e-08 4.1969e-10 3.53993e-12 1.76061e-14 5.163e-17
 1.74184e-11 1.8906e-09 1.20998e-07 4.5661e-06 0.000101602 0.00133306 0.0103138 0.0470721 0.126953 0.204125 0.204186 0.150044 0.110976 0.0821624 0.0444358 0.0149254 0.00298773 0.000353389 2.46564e-05 1.01444e-06 2.46111e-08 3.52055e-10 2.96945e-12 1.47688e-14 4.33095e-17
 1.7106e-11 1.85669e-09 1.18828e-07 4.48421e-06 9.97792e-05 0.00130915 0.0101289 0.0462298 0.124703 0.200684 0.201576 0.150315 0.113903 0.0855037 0.0464183 0.0156038 0.00312402 0.000369521 2.57821e-05 1.06076e-06 2.57348e-08 3.68129e-10 3.10503e-12 1.54431e-14 4.52869e-17
 1.74638e-11 1.89553e-09 1.21313e-07 4.57799e-06 0.000101866 0.00133653 0.0103407 0.0471943 0.127279 0.204625 0.204565 0.150005 0.110551 0.0816775 0.0441481 0.014827 0.00296795 0.000351048 2.4493e-05 1.00772e-06 2.4448e-08 3.49722e-10 2.94977e-12 1.46709e-14 4.30225e-17
 1.83677e-11 1.99364e-09 1.27592e-07 4.81494e-06 0.000107138 0.0014057 0.0108756 0.0496313 0.133789 0.21458 0.212118 0.149221 0.10208 0.0720105 0.0384123 0.0128643 0.00257363 0.000304374 2.12361e-05 8.73716e-07 2.11969e-08 3.03216e-10 2.55751e-12 1.272e-14 3.73014e-17
 1.8364e-11 1.99324e-09 1.27567e-07 4.81398e-06 0.000107117 0.00140542 0.0108735 0.0496215 0.133762 0.21454 0.212087 0.149224 0.102114 0.0720495 0.0384354 0.0128722 0.00257522 0.000304562 2.12492e-05 8.74256e-07 2.121e-08 3.03404e-10 2.5591e-12 1.27278e-14 3.73245e-17
 1.84691e-11 2.00464e-09 1.28297e-07 4.84152e-06 0.00010773 0.00141346 0.0109357 0.0499047 0.134519 0.215697 0.212965 0.149133 0.10113 0.0709261 0.0377689 0.0126441 0.00252939 0.000299138 2.08707e-05 8.58684e-07 2.08322e-08 2.97999e-10 2.51351e-12 1.25011e-14 3.66597e-17
 1.8435e-11 2.00094e-09 1.2806e-07 4.83259e-06 0.000107531 0.00141085 0.0109155 0.0498129 0.134274 0.215322 0.21268 0.149163 0.101449 0.0712904 0.037985 0.0127181 0.00254425 0.000300897 2.09935e-05 8.63734e-07 2.09547e-08 2.99752e-10 2.52829e-12 1.25746e-14 3.68752e-17
 1.86878e-11 2.02838e-09 1.29816e-07 4.89886e-06 0.000109006 0.0014302 0.0110651 0.0504945 0.136094 0.218106 0.214793 0.148944 0.0990802 0.0685865 0.0363807 0.0121691 0.00243396 0.000287842 2.00825e-05 8.26252e-07 2.00454e-08 2.86744e-10 2.41858e-12 1.2029e-14 3.52751e-17
 1.91405e-11 2.07751e-09 1.32961e-07 5.01752e-06 0.000111646 0.00146483 0.011333 0.0517148 0.139354 0.223091 0.218575 0.148551 0.0948386 0.0637458 0.0335085 0.0111863 0.0022365 0.00026447 1.84516e-05 7.59149e-07 1.84174e-08 2.63456e-10 2.22215e-12 1.1052e-14 3.24102e-17
 1.9427e-11 2.10861e-09 1.34951e-07 5.09262e-06 0.000113317 0.00148676 0.0115026 0.0524873 0.141417 0.226247 0.220969 0.148303 0.0921538 0.0606817 0.0316905 0.0105642 0.00211152 0.000249676 1.74192e-05 7.16674e-07 1.7387e-08 2.48715e-10 2.09782e-12 1.04337e-14 3.05968e-17
 1.92717e-11 2.09176e-09 1.33872e-07 5.05192e-06 0.000112411 0.00147488 0.0114107 0.0520687 0.140299 0.224537 0.219671 0.148437 0.0936087 0.0623421 0.0326757 0.0109013 0.00217925 0.000257693 1.79786e-05 7.39691e-07 1.79454e-08 2.56704e-10 2.1652e-12 1.07688e-14 3.15795e-17
 1.99096e-11 2.16099e-09 1.38303e-07 5.21913e-06 0.000116132 0.00152369 0.0117882 0.0537884 0.144892 0.231562 0.225001 0.147884 0.0876314 0.0555204 0.0286281 0.0095163 0.00190098 0.000224756 1.56803e-05 6.45127e-07 1.56512e-08 2.23885e-10 1.88839e-12 9.39204e-15 2.75422e-17
 1.96335e-11 2.13103e-09 1.36386e-07 5.14677e-06 0.000114522 0.00150257 0.0116248 0.0530442 0.142905 0.228522 0.222695 0.148124 0.0902181 0.0584725 0.0303797 0.0101157 0.0020214 0.00023901 1.66749e-05 6.8605e-07 1.6644e-08 2.38088e-10 2.00818e-12 9.98783e-15 2.92894e-17
 1.97131e-11 2.13967e-09 1.36938e-07 5.16763e-06 0.000114986 0.00150865 0.0116719 0.0532587 0.143478 0.229398 0.223359 0.148055 0.0894725 0.0576216 0.0298749 0.00994292 0.00198669 0.000234902 1.63882e-05 6.74255e-07 1.63578e-08 2.33994e-10 1.97365e-12 9.8161e-15 2.87858e-17
#obs catch len freq
 4.48348e-11 4.15514e-09 2.27061e-07 7.31621e-06 0.000139002 0.00155725 0.010289 0.0401284 0.092826 0.13056 0.125196 0.113193 0.119107 0.116814 0.0976281 0.0719266 0.0444657 0.0223215 0.00937856 0.003305 0.000928624 0.000196194 2.97076e-05 3.09828e-06 2.15312e-07
 6.73399e-11 6.01922e-09 3.17245e-07 9.85909e-06 0.000180663 0.00195211 0.0124398 0.0467935 0.10439 0.141532 0.130548 0.113086 0.114378 0.108938 0.0894007 0.0651702 0.0399883 0.0197766 0.00796779 0.00261571 0.000678551 0.000132834 1.86733e-05 1.80424e-06 1.15833e-07
 4.07931e-11 3.51079e-09 1.7816e-07 5.33097e-06 9.40593e-05 0.000978715 0.00601011 0.0218644 0.0480657 0.070089 0.0903979 0.131457 0.170912 0.165499 0.127581 0.0855313 0.0481645 0.0219082 0.00819268 0.00251607 0.000607549 0.000109543 1.41074e-05 1.24907e-06 7.3607e-08
 2.09304e-11 1.73158e-09 8.44684e-08 2.42962e-06 4.12093e-05 0.000412266 0.00243603 0.00856373 0.0185844 0.0291425 0.0469629 0.0846583 0.133671 0.175722 0.191782 0.158134 0.0924802 0.0395204 0.0132909 0.00365106 0.000797547 0.000131268 1.54594e-05 1.24929e-06 6.70871e-08
 3.86908e-10 3.07222e-08 1.43842e-06 3.97103e-05 0.00064641 0.00620442 0.0351143 0.117184 0.230629 0.267892 0.184473 0.0774827 0.0243416 0.0129762 0.0135855 0.0129106 0.00917546 0.00482983 0.00186604 0.000523664 0.000106837 1.58254e-05 1.67025e-06 1.21631e-07 5.91393e-09
 2.62817e-10 2.0001e-08 8.9751e-07 2.37473e-05 0.0003705 0.00340881 0.0185054 0.0594455 0.114691 0.14272 0.146178 0.163992 0.167088 0.115306 0.0492782 0.013714 0.00337451 0.00120297 0.000498075 0.000160263 3.56266e-05 5.33439e-06 5.3384e-07 3.5492e-08 1.55243e-09
 6.7252e-10 4.89857e-08 2.10388e-06 5.32795e-05 0.000795586 0.00700503 0.0363721 0.11142 0.201869 0.219119 0.151933 0.0862187 0.0601112 0.0502308 0.038972 0.0234762 0.00953702 0.00243617 0.000395427 4.70726e-05 5.5651e-06 6.89712e-07 6.77255e-08 4.44777e-09 1.8634e-10
 7.6169e-10 5.30339e-08 2.17729e-06 5.2707e-05 0.000752339 0.00633262 0.0314441 0.0922833 0.161695 0.177703 0.148278 0.130594 0.115569 0.0770777 0.0369024 0.0144189 0.0050407 0.00147392 0.000324027 4.98475e-05 5.16648e-06 3.65986e-07 1.93176e-08 8.35678e-10 2.87465e-11
 1.21036e-09 8.046e-08 3.1538e-06 7.28915e-05 0.000993372 0.00798297 0.0378412 0.105973 0.176754 0.18282 0.138478 0.108814 0.0941709 0.0707191 0.0436768 0.0216833 0.00779248 0.00187828 0.000306611 3.66851e-05 3.46405e-06 2.52601e-07 1.30749e-08 4.528e-10 1.03856e-11
 1.61441e-09 1.0235e-07 3.826e-06 8.43321e-05 0.00109607 0.00840082 0.0379899 0.101632 0.163044 0.16738 0.138351 0.125593 0.111234 0.0766665 0.0416055 0.0186088 0.00642133 0.00157947 0.000272646 3.35248e-05 2.94551e-06 1.83254e-07 8.04292e-09 2.48272e-10 5.28868e-12
 1.91821e-09 1.15855e-07 4.12595e-06 8.66408e-05 0.00107282 0.00783452 0.0337743 0.0863632 0.134185 0.141057 0.135314 0.144174 0.13447 0.0949815 0.0532572 0.0237974 0.00769142 0.00166783 0.0002425 2.49148e-05 1.91036e-06 1.09764e-07 4.53042e-09 1.28307e-10 2.42255e-12
 3.79147e-09 2.17947e-07 7.38722e-06 0.000147639 0.00173987 0.0120915 0.0495824 0.120309 0.175265 0.164199 0.125812 0.10873 0.0961613 0.0720816 0.0444571 0.0209478 0.00679264 0.00144822 0.000206048 2.03969e-05 1.44684e-06 7.34114e-08 2.61845e-09 6.46642e-11 1.08972e-12
 6.00679e-09 3.28331e-07 1.0582e-05 0.000201102 0.00225353 0.0148926 0.0580818 0.134156 0.186824 0.170267 0.131793 0.113136 0.0904116 0.0558335 0.0273774 0.0108311 0.00318223 0.000647589 9.09447e-05 9.04903e-06 6.43871e-07 3.21452e-08 1.09697e-09 2.51197e-11 3.81341e-13
 8.28251e-09 4.30122e-07 1.31707e-05 0.000237803 0.00253183 0.0158982 0.0589401 0.129695 0.173883 0.159159 0.134394 0.124457 0.0992527 0.0595513 0.0281386 0.0104875 0.00280196 0.00049619 5.76379e-05 4.58289e-06 2.64865e-07 1.14327e-08 3.59295e-10 7.84232e-12 1.14296e-13
 1.21024e-08 5.96661e-07 1.73449e-05 0.000297309 0.00300509 0.0179157 0.0630811 0.132041 0.169667 0.153043 0.132969 0.125119 0.0992821 0.0602733 0.0291443 0.0108355 0.00278984 0.0004651 4.98314e-05 3.54542e-06 1.75542e-07 6.22674e-09 1.57791e-10 2.80437e-12 3.43387e-14
 1.70141e-08 7.95779e-07 2.19465e-05 0.000356887 0.00342233 0.0193595 0.0647192 0.129024 0.160187 0.146595 0.136606 0.132253 0.103236 0.0615001 0.029172 0.0104988 0.00258868 0.000413158 4.26882e-05 2.95263e-06 1.41792e-07 4.7789e-09 1.11183e-10 1.74659e-12 1.82775e-14
 2.93938e-08 1.30348e-06 3.40834e-05 0.000525502 0.00477778 0.0256233 0.0811864 0.153173 0.178695 0.149978 0.125093 0.111898 0.084485 0.0501811 0.0237458 0.00832031 0.00195636 0.000295 2.87277e-05 1.87491e-06 8.5239e-08 2.7309e-09 6.05602e-11 9.05698e-13 8.9568e-15
 4.36579e-08 1.83467e-06 4.54613e-05 0.000664234 0.00572313 0.0290911 0.08742 0.156923 0.176645 0.149492 0.130358 0.115195 0.0805737 0.0427423 0.0179684 0.00571577 0.00124748 0.00017709 1.63935e-05 1.02353e-06 4.45287e-08 1.35691e-09 2.83984e-11 3.98766e-13 3.69624e-15
 5.92404e-08 2.35818e-06 5.53512e-05 0.000766085 0.00625289 0.0301167 0.0858597 0.147074 0.16202 0.143875 0.136991 0.124527 0.0873892 0.0471908 0.0200989 0.00627773 0.00131116 0.000176112 1.53788e-05 9.05953e-07 3.72183e-08 1.07138e-09 2.1177e-11 2.80546e-13 2.44764e-15
 9.99297e-08 3.76684e-06 8.3724e-05 0.00109729 0.00848085 0.0386757 0.104347 0.168743 0.173618 0.140002 0.120411 0.104141 0.0736413 0.041511 0.0182262 0.00567969 0.00116822 0.000156245 1.39085e-05 8.49264e-07 3.58938e-08 1.03341e-09 1.98187e-11 2.49465e-13 2.0453e-15
 1.3943e-07 4.9758e-06 0.000104703 0.00129916 0.00950699 0.0410642 0.105121 0.162624 0.165528 0.142801 0.132775 0.112252 0.0721492 0.0358544 0.0140232 0.0040087 0.000775449 9.95061e-05 8.65859e-06 5.24825e-07 2.22163e-08 6.43044e-10 1.24066e-11 1.56549e-13 1.2743e-15
 2.13456e-07 7.21062e-06 0.000143625 0.00168691 0.0116854 0.0477827 0.115844 0.170019 0.165238 0.137991 0.125094 0.104018 0.0676611 0.0346696 0.0136382 0.00375642 0.000678157 7.95029e-05 6.23635e-06 3.40704e-07 1.3203e-08 3.57919e-10 6.59695e-12 8.05671e-14 6.39278e-16
 3.05546e-07 9.76949e-06 0.000184187 0.00204768 0.0134272 0.0519937 0.11958 0.167826 0.160668 0.139248 0.129356 0.104448 0.064573 0.031314 0.0116661 0.00306004 0.000532183 6.10456e-05 4.73882e-06 2.54796e-07 9.48286e-09 2.39814e-10 4.04505e-12 4.49703e-14 3.26555e-16
 4.556e-07 1.37883e-05 0.000246053 0.00258921 0.0160713 0.0589224 0.128451 0.171708 0.159215 0.137042 0.125567 0.0987092 0.0598129 0.0284533 0.0102132 0.00252904 0.0004097 4.34387e-05 3.11213e-06 1.55581e-07 5.45904e-09 1.31769e-10 2.13031e-12 2.25813e-14 1.5451e-16
 6.64929e-07 1.90483e-05 0.000321759 0.00320504 0.018833 0.0653932 0.13527 0.172997 0.157659 0.137799 0.125241 0.0943653 0.0541872 0.024309 0.00818802 0.00189531 0.000286068 2.81332e-05 1.85781e-06 8.50486e-08 2.72247e-09 5.99798e-11 8.88852e-13 8.69562e-15 5.53387e-17
 9.0709e-07 2.45994e-05 0.000393367 0.00370949 0.0206392 0.0679134 0.133636 0.165206 0.152767 0.141724 0.131033 0.0964349 0.0537918 0.0233396 0.00749902 0.00163493 0.000230627 2.10769e-05 1.28597e-06 5.40919e-08 1.58432e-09 3.18445e-11 4.29503e-13 3.81712e-15 2.20545e-17
 1.36775e-06 3.51176e-05 0.000531673 0.00474694 0.0250074 0.0779316 0.145383 0.171074 0.152166 0.136852 0.122253 0.0875564 0.0481467 0.0204993 0.00632851 0.00130135 0.000171135 1.44504e-05 8.07785e-07 3.09316e-08 8.22795e-10 1.50281e-11 1.84325e-13 1.48947e-15 7.81936e-18
 1.94396e-06 4.72616e-05 0.000677538 0.00572828 0.0285805 0.0844175 0.149756 0.169792 0.150511 0.137305 0.120573 0.0834121 0.0443362 0.0182199 0.00541254 0.00107667 0.000139233 1.18324e-05 6.77432e-07 2.64671e-08 6.9934e-10 1.22555e-11 1.40225e-13 1.03883e-15 4.95727e-18
#spawning biomass
 32419.2 31589.4 19682.3 14303.2 28884.1 44272.5 80188.3 116474 164518 190704 174701 164679 197468 220961 252355 226143 221755 225427 238721 227808 230832 238428 238508 212583 254339 241939 223889 230387 298909 401440 154740 59232.3 29157.4 20721.6 18525.7 17982.5 17853 17822.9 17816 17814.5 17814.1 17814 17814 17814 17814 17814 17814 17814 17814 17814 17814 17814 17814 17814 17814 17814 17814 17814 17814 17814 17814 17814 17814 17814 17814 17814 17814 17814 17814 17814 17814 17814 17814 17814 17814 17814 17814 17814 17814 17814 17814 17814 17814 17814 17814 17814 17814 17814 17814 17814 17814 17814 17814 17814 17814 17814 17814 17814 17814 17814 17814 17814 17814 17814 17814 17814 17814 17814 17814 17814 17814 17814 17814 17814 17814 17814 17814 17814 17814 17814 17814 17814 17814 17814 17814 17814 17814 17814 0 0 0 0 0 0 0 0 0 0 0 0 0 0 0 0 0 0 0 0 0 0 0 0 0
