SBPRF35
0.363187
Curr Bio
135016
B35
352067
F35
0.370333
FOFL
0.216386
OFL
28794.2
Bzero
103768
#pred survey bio
 9248.99 10442.8 8457.65 8631.82 11595.8 15852.9 21428.4 28680.4 39783.3 53309.9 62679.1 82096.8 101638 123670 148671 121727 102737 91289.8 105513 111024 107102 100575 111016 117825 116246 120700 108919 111303 130296 7.21152e+06 6.5634e+06 5.70375e+06 4.34973e+06 3.16804e+06 2.31137e+06 1.74656e+06 1.39317e+06 1.17784e+06 1.04775e+06 968793 920185 889648 870008 856976 848043 842050 837956 835121 833137 831738 830747 830041 829538 829177 828919 828735 828602 828507 828438 828389 828354 828329 828311 828297 828288 828281 828276 828273 828270 828269 828267 828266 828266 828265 828265 828265 828265 828264 828264 828264 828264 828264 828264 828264 828264 828264 828264 828264 828264 828264 828264 828264 828264 828264 828264 828264 828264 828264 828264 828264 828264 828264 828264 828264 828264 828264 828264 828264 828264 828264 828264 828264 828264 828264 828264 828264 828264 828264 828264 828264 828264 828264 828264 828264 828264 828264 828264 828264 828264 0 0 0 0 0 0 0 0 0 0 0 0 0 0 0 0 0 0 0 0 0 0 0 0 0
#obs survey bio
 7227.96 7629.62 10362.8 8951.83 11414.1 17587.4 24865.7 42446.9 37506.5 43206.2 68610.4 91297.6 96236.9 136974 106916 99474.7 87507.6 81860.7 96862.3 112840 106432 100224 124316 142434 133064 122028 91725.8 108483 129080
#pred catch bio
 2314.29 4279.94 3345.57 2904.25 4536.68 7260.13 10682.8 14113 20784.8 34064 39655.8 57089.7 73564.7 82780 118791 100303 86074.2 69581.6 87516.8 98133 98204.1 89449.6 99091.5 109830 110832 122566 110648 115956 98287.8 28794.2 83438.6 69068.8 50727.2 35398.9 24710.3 17983.2 14017.3 11781 10559.2 9906.84 9564.42 9386.98 9295.92 9249.4 9225.67 9213.89 9208.05 9205.15 9203.72 9203 9202.65 9202.47 9202.39 9202.34 9202.32 9202.31 9202.31 9202.3 9202.3 9202.3 9202.3 9202.3 9202.3 9202.3 9202.3 9202.3 9202.3 9202.3 9202.3 9202.3 9202.3 9202.3 9202.3 9202.3 9202.3 9202.3 9202.3 9202.3 9202.3 9202.3 9202.3 9202.3 9202.3 9202.3 9202.3 9202.3 9202.3 9202.3 9202.3 9202.3 9202.3 9202.3 9202.3 9202.3 9202.3 9202.3 9202.3 9202.3 9202.3 9202.3 9202.3 9202.3 9202.3 9202.3 9202.3 9202.3 9202.3 9202.3 9202.3 9202.3 9202.3 9202.3 9202.3 9202.3 9202.3 9202.3 9202.3 9202.3 9202.3 9202.3 9202.3 9202.3 9202.3 9202.3 9202.3 9202.3 9202.3 9202.3 9202.3 0 0 0 0 0 0 0 0 0 0 0 0 0 0 0 0 0 0 0 0 0 0 0 0 0
#obs catch bio
 4463.83 4718.32 3927.17 3135.5 4741.27 7390.15 10148.8 13291.9 19211 31952.3 36891.8 54352.1 71726.7 79396.1 124644 110483 82619.8 63716.9 86139.1 95009 96744 80803.1 84481.7 89144.6 102887 115749 106256 105153 92397.9
#pred cpue bio
 8631.85 10175.7 7933.81 7765.41 10349.1 13931.9 18602 24819.1 34291.3 45919.1 52639.2 68450.6 83502 101633 127733 102940 85510.4 75085.1 85873.9 88957.9 85343.8 78725.1 86297.6 92997.7 89129.9 91668.5 81423.8 81599.3 91458.6 5.93291e+06 6.66796e+06 5.67766e+06 4.31766e+06 3.13575e+06 2.27907e+06 1.71426e+06 1.36087e+06 1.14554e+06 1.01545e+06 936495 887888 857350 837711 824678 815746 809752 805658 802823 800839 799441 798449 797744 797240 796880 796622 796437 796304 796209 796141 796092 796056 796031 796013 796000 795990 795984 795979 795975 795973 795971 795970 795969 795968 795968 795967 795967 795967 795967 795967 795967 795967 795967 795967 795967 795967 795967 795967 795967 795967 795967 795967 795967 795967 795967 795967 795967 795967 795967 795967 795967 795967 795967 795967 795967 795967 795967 795967 795967 795967 795967 795967 795967 795967 795967 795967 795967 795967 795967 795967 795967 795967 795967 795967 795967 795967 795967 795967 795967 795967 0 0 0 0 0 0 0 0 0 0 0 0 0 0 0 0 0 0 0 0 0 0 0 0 0
#obs cpue bio
 7009.67 6094.41 3949.24 4471.5 12845.4 16262 25573.3 21351 47486.1 72987 59634.5 72106.9 93305.2 96142.7 145205 85459 141756 112359 96060.3 102433 90768.6 129028 151663 180721 90017.1 115764 109360 134933 106973
#pred surv len freq
 9.67197e-12 1.05026e-09 6.72387e-08 2.53793e-06 5.64783e-05 0.00074104 0.00573372 0.0261855 0.0709128 0.116516 0.128528 0.126538 0.13634 0.129209 0.0954347 0.0626269 0.0400658 0.0242533 0.0142194 0.00845057 0.00526174 0.00356235 0.0025914 0.00178878 0.000982926
 5.57342e-12 6.05207e-10 3.87459e-08 1.46247e-06 3.25456e-05 0.000427044 0.00330497 0.0151113 0.0411662 0.0695995 0.0858588 0.106732 0.138393 0.146266 0.125051 0.0985635 0.0709828 0.0445046 0.025232 0.0134651 0.00702795 0.00383391 0.00229462 0.00140931 0.000741815
 9.79081e-12 1.06316e-09 6.80648e-08 2.56911e-06 5.71719e-05 0.000750124 0.00580336 0.0264885 0.071527 0.115867 0.120204 0.100505 0.0939639 0.0940353 0.0900156 0.0840432 0.0716834 0.0534825 0.0347297 0.0193953 0.0095195 0.00437203 0.00205218 0.00102254 0.000479712
 1.26994e-11 1.37901e-09 8.82853e-08 3.33233e-06 7.41563e-05 0.000972966 0.00752727 0.0343545 0.0927328 0.149934 0.154155 0.124702 0.108214 0.0932786 0.0668017 0.0458121 0.036203 0.0305938 0.0238327 0.0157738 0.00863629 0.00394655 0.00159263 0.000621178 0.000237063
 1.26688e-11 1.37568e-09 8.80724e-08 3.32429e-06 7.39775e-05 0.000970625 0.00750933 0.0342766 0.0925774 0.150125 0.156424 0.131871 0.12055 0.105947 0.0744425 0.0459533 0.0283625 0.0180851 0.0126719 0.00922052 0.00595027 0.0031063 0.00129311 0.000447782 0.000137412
 1.32987e-11 1.44408e-09 9.24515e-08 3.48958e-06 7.76558e-05 0.00101888 0.00788257 0.0359777 0.097137 0.157238 0.162522 0.133691 0.118633 0.103287 0.0731358 0.0457582 0.027807 0.0158795 0.00874875 0.00506461 0.00311348 0.00179245 0.000841233 0.000304472 8.59868e-05
 1.37389e-11 1.49188e-09 9.55118e-08 3.60509e-06 8.02263e-05 0.00105261 0.00814347 0.037168 0.100343 0.162368 0.167538 0.137021 0.120323 0.103029 0.0702676 0.0413394 0.0239927 0.0134671 0.00709594 0.00353584 0.00173429 0.000871563 0.000415257 0.000162474 4.77944e-05
 1.37648e-11 1.49469e-09 9.56915e-08 3.61188e-06 8.03772e-05 0.00105459 0.00815884 0.037239 0.100547 0.162795 0.16843 0.138884 0.123094 0.105278 0.0705844 0.0399174 0.0219113 0.0115582 0.00574873 0.00271388 0.00119883 0.000501164 0.000203274 7.59423e-05 2.30374e-05
 1.39277e-11 1.51238e-09 9.6824e-08 3.65462e-06 8.13285e-05 0.00106707 0.00825535 0.0376786 0.101722 0.1646 0.169842 0.138893 0.121857 0.103944 0.0700196 0.0399193 0.0218456 0.0111963 0.00526901 0.00232126 0.000951341 0.000358792 0.000124447 3.97264e-05 1.11195e-05
 1.39148e-11 1.51098e-09 9.67345e-08 3.65125e-06 8.12534e-05 0.00106608 0.00824775 0.0376445 0.101638 0.164531 0.170083 0.139866 0.123459 0.105129 0.0698607 0.0387947 0.0207635 0.0105683 0.00493586 0.00211037 0.000815334 0.000283144 8.79893e-05 2.42766e-05 5.85476e-06
 1.49252e-11 1.62069e-09 1.03758e-07 3.91636e-06 8.71531e-05 0.00114349 0.00884641 0.040373 0.108951 0.175937 0.179842 0.142646 0.119668 0.0984426 0.0627322 0.032243 0.0158187 0.00759913 0.00343164 0.00143928 0.000544936 0.000181443 5.23281e-05 1.29426e-05 2.71582e-06
 1.51408e-11 1.64411e-09 1.05258e-07 3.97295e-06 8.84123e-05 0.00116001 0.00897421 0.0409559 0.110519 0.178426 0.182187 0.143968 0.120021 0.0979767 0.0613616 0.0302624 0.0138974 0.00615928 0.00254099 0.000986928 0.000356058 0.000114884 3.19332e-05 7.41711e-06 1.41047e-06
 1.56461e-11 1.69898e-09 1.0877e-07 4.10553e-06 9.13628e-05 0.00119872 0.0092736 0.0423204 0.114176 0.184127 0.187052 0.145314 0.118053 0.0945669 0.057775 0.0270219 0.0115053 0.00475409 0.00182257 0.000647227 0.000212168 6.30861e-05 1.65574e-05 3.67439e-06 6.60353e-07
 1.5577e-11 1.69148e-09 1.0829e-07 4.0874e-06 9.09593e-05 0.00119343 0.00923269 0.0421346 0.113687 0.183438 0.186817 0.146319 0.120166 0.0963765 0.058051 0.0260719 0.0103757 0.00398458 0.00141176 0.000459647 0.000137505 3.70153e-05 8.79948e-06 1.79815e-06 3.03278e-07
 1.37362e-11 1.49159e-09 9.54931e-08 3.60439e-06 8.02107e-05 0.00105241 0.00814213 0.0371666 0.100405 0.162993 0.170629 0.145669 0.133972 0.11378 0.0707193 0.033289 0.0140117 0.00546498 0.00186015 0.000561224 0.000153287 3.73739e-05 7.99664e-06 1.46844e-06 2.2451e-07
 1.44257e-11 1.56646e-09 1.00286e-07 3.78529e-06 8.42364e-05 0.00110522 0.00855059 0.0390275 0.105382 0.170673 0.1768 0.146207 0.12924 0.10752 0.0657732 0.0301122 0.0123072 0.00481247 0.00169559 0.000525542 0.000140769 3.20662e-05 6.22836e-06 1.02556e-06 1.40135e-07
 1.50368e-11 1.63282e-09 1.04535e-07 3.94566e-06 8.78051e-05 0.00115204 0.0089127 0.0406775 0.1098 0.177524 0.182471 0.147243 0.125925 0.102648 0.0613751 0.0267013 0.0100639 0.00366728 0.0012376 0.000378102 0.000102692 2.37627e-05 4.53365e-06 7.00423e-07 8.68753e-08
 1.54687e-11 1.67972e-09 1.07537e-07 4.05898e-06 9.03269e-05 0.00118513 0.00916857 0.0418434 0.11292 0.18235 0.186411 0.14779 0.123302 0.0990337 0.0583779 0.0245852 0.00871928 0.00295333 0.000920949 0.000259389 6.63468e-05 1.49549e-05 2.85237e-06 4.4133e-07 5.34182e-08
 1.59071e-11 1.72733e-09 1.10585e-07 4.17403e-06 9.28871e-05 0.00121872 0.00942829 0.0430258 0.116072 0.187123 0.189807 0.14668 0.118094 0.0936442 0.0559659 0.0247086 0.00943392 0.00333471 0.00101992 0.000269104 6.32069e-05 1.30914e-05 2.33902e-06 3.4951e-07 4.17976e-08
 1.64083e-11 1.78174e-09 1.14069e-07 4.30553e-06 9.58133e-05 0.00125711 0.00972522 0.044379 0.119696 0.192759 0.194547 0.147772 0.115724 0.0898052 0.0520785 0.021416 0.00731388 0.00241241 0.000747464 0.000205923 4.8806e-05 9.6652e-06 1.59549e-06 2.19255e-07 2.45484e-08
 1.65481e-11 1.79692e-09 1.15041e-07 4.34221e-06 9.66297e-05 0.00126782 0.00980807 0.0447568 0.120713 0.194372 0.19606 0.148603 0.115877 0.0893174 0.0508732 0.0198468 0.00605323 0.00172962 0.000470949 0.000117487 2.67802e-05 5.36002e-06 8.91042e-07 1.18566e-07 1.24156e-08
 1.71168e-11 1.85868e-09 1.18994e-07 4.49143e-06 9.99503e-05 0.00131138 0.010145 0.0462915 0.124814 0.200675 0.200998 0.148633 0.111355 0.0837895 0.0470773 0.0179007 0.00514594 0.00134293 0.000328146 7.13565e-05 1.40027e-05 2.486e-06 3.87157e-07 5.0589e-08 5.25973e-09
 1.73395e-11 1.88286e-09 1.20542e-07 4.54987e-06 0.000101251 0.00132845 0.0102769 0.0468924 0.126419 0.203125 0.202848 0.148413 0.109232 0.0813932 0.0456932 0.0174673 0.0050785 0.00133169 0.000317331 6.44794e-05 1.13495e-05 1.75439e-06 2.34906e-07 2.69415e-08 2.57841e-09
 1.68441e-11 1.82906e-09 1.17098e-07 4.41988e-06 9.8358e-05 0.00129049 0.00998343 0.0455557 0.12285 0.197669 0.198707 0.148833 0.113853 0.0866713 0.0488362 0.0185602 0.00531413 0.00136983 0.000324629 6.60607e-05 1.14847e-05 1.69069e-06 2.05897e-07 2.06685e-08 1.70538e-09
 1.77443e-11 1.92681e-09 1.23356e-07 4.65609e-06 0.000103614 0.00135946 0.0105167 0.0479848 0.129338 0.207611 0.206358 0.148421 0.10599 0.0774272 0.0429606 0.0160675 0.00445022 0.00109645 0.000250988 4.99172e-05 8.54862e-06 1.24841e-06 1.50036e-07 1.44787e-08 1.10244e-09
 1.80055e-11 1.95518e-09 1.25173e-07 4.72464e-06 0.00010514 0.00137947 0.0106715 0.0486899 0.131224 0.210516 0.208672 0.148558 0.104099 0.0750005 0.0411393 0.0149765 0.00387912 0.000862726 0.000181359 3.40204e-05 5.55725e-06 7.8345e-07 9.20303e-08 8.74695e-09 6.54598e-10
 1.84312e-11 2.00141e-09 1.28132e-07 4.83634e-06 0.000107626 0.00141208 0.0109237 0.0498387 0.134294 0.215234 0.212367 0.148574 0.100701 0.0708384 0.0382641 0.013495 0.00320828 0.000608611 0.000108542 1.79305e-05 2.62382e-06 3.38383e-07 3.72902e-08 3.38681e-09 2.45654e-10
 1.89484e-11 2.05757e-09 1.31728e-07 4.97206e-06 0.000110646 0.0014517 0.0112301 0.0512343 0.138021 0.220936 0.216713 0.1482 0.0959744 0.0653919 0.0349529 0.0122613 0.0028824 0.000531102 8.932e-05 1.33127e-05 1.67028e-06 1.82114e-07 1.74088e-08 1.41439e-09 9.44148e-11
 1.9993e-11 2.171e-09 1.3899e-07 5.24616e-06 0.000116746 0.00153173 0.011849 0.0540528 0.145548 0.232453 0.225497 0.147462 0.0864551 0.0544037 0.0282458 0.00973411 0.00220348 0.000374913 5.74012e-05 8.02795e-06 9.55739e-07 9.63156e-08 8.14207e-09 5.64756e-10 3.20916e-11
#obs surv len freq
 2.34304e-11 2.26367e-09 1.2894e-07 4.3301e-06 8.57335e-05 0.00100082 0.00688944 0.0279897 0.0674169 0.0986092 0.0980584 0.0921948 0.103119 0.111117 0.106721 0.0946443 0.0750379 0.0530885 0.0338317 0.0185488 0.00817492 0.00271569 0.000640237 0.000101739 1.04837e-05
 4.44674e-12 4.14372e-10 2.27655e-08 7.37412e-07 1.40836e-05 0.000158649 0.00105601 0.00419412 0.0104442 0.0198765 0.0408526 0.0855654 0.136167 0.159387 0.15662 0.138077 0.105009 0.0691807 0.0407061 0.020809 0.00857991 0.00264099 0.000570386 8.25382e-05 7.73559e-06
 8.93445e-11 8.01635e-09 4.24057e-07 1.32254e-05 0.000243184 0.00263632 0.0168502 0.0635005 0.141135 0.185291 0.145108 0.0728963 0.0383648 0.0477451 0.0712822 0.0778342 0.0617083 0.0391072 0.0213134 0.00993888 0.00373925 0.00105428 0.000208561 2.75597e-05 2.35158e-06
 1.1353e-10 9.79198e-09 4.9793e-07 1.49281e-05 0.000263866 0.00274989 0.0168995 0.0612976 0.13185 0.172394 0.15351 0.127545 0.117601 0.0900261 0.0496493 0.02633 0.0195599 0.0151073 0.00913611 0.00417506 0.00144578 0.000368851 6.60415e-05 7.92232e-06 6.14703e-07
 1.18319e-10 9.79472e-09 4.78046e-07 1.37558e-05 0.000233371 0.00233439 0.0137715 0.0479851 0.0995216 0.127847 0.120427 0.119228 0.13122 0.124977 0.098535 0.0638162 0.0313028 0.0119256 0.00440795 0.00172082 0.000570843 0.000136882 2.24057e-05 2.43081e-06 1.70437e-07
 2.12088e-10 1.68269e-08 7.87099e-07 2.17067e-05 0.00035294 0.00338347 0.0191275 0.0638257 0.126347 0.152329 0.126337 0.101798 0.100421 0.0993676 0.0878088 0.0641302 0.035099 0.0140152 0.00426034 0.00107535 0.000244334 4.78588e-05 7.0332e-06 6.98615e-07 4.46588e-08
 2.88106e-10 2.18772e-08 9.79427e-07 2.58518e-05 0.000402303 0.00369134 0.0199763 0.0638607 0.12162 0.14401 0.126562 0.117968 0.120343 0.105619 0.078864 0.0518379 0.0281478 0.0119793 0.00392035 0.000966275 0.000178058 2.50145e-05 2.70847e-06 2.17407e-07 1.20573e-08
 4.56393e-10 3.31264e-08 1.41758e-06 3.57652e-05 0.000532008 0.00466596 0.0241351 0.0737357 0.134084 0.150947 0.124341 0.10813 0.108242 0.0996256 0.0794506 0.0521598 0.0260847 0.00993658 0.00301545 0.000727028 0.000131688 1.70076e-05 1.52812e-06 9.49624e-08 4.06239e-09
 5.87597e-10 4.07178e-08 1.66352e-06 4.00694e-05 0.000569042 0.00476498 0.0235379 0.0687598 0.12033 0.134393 0.120867 0.122319 0.126825 0.110082 0.0810914 0.050167 0.0241806 0.00887557 0.0025297 0.000560335 9.37047e-05 1.1349e-05 9.54231e-07 5.38077e-08 1.98972e-09
 9.78228e-10 6.46433e-08 2.51852e-06 5.78505e-05 0.000783457 0.00625609 0.0294677 0.0820488 0.136561 0.143596 0.118235 0.109686 0.11221 0.10288 0.0799651 0.0484521 0.0211271 0.00667511 0.00162672 0.000316405 4.76191e-05 5.24319e-06 4.02997e-07 2.08781e-08 7.09497e-10
 1.37834e-09 8.67678e-08 3.22032e-06 7.04659e-05 0.000909096 0.0069158 0.0310415 0.0824722 0.131873 0.137353 0.121497 0.123254 0.123526 0.103331 0.0727359 0.0411235 0.0172112 0.00524659 0.00119823 0.000208139 2.71524e-05 2.59299e-06 1.75577e-07 8.13628e-09 2.49823e-10
 2.09907e-09 1.25752e-07 4.44165e-06 9.24939e-05 0.00113562 0.00822169 0.0351225 0.0888421 0.135468 0.135501 0.117293 0.11835 0.119859 0.103865 0.0746382 0.0407529 0.0156347 0.00422387 0.00084755 0.000130995 1.53357e-05 1.30295e-06 7.7387e-08 3.12616e-09 8.4004e-11
 3.18889e-09 1.81642e-07 6.10004e-06 0.000120778 0.00140994 0.00970592 0.0394324 0.0949527 0.138499 0.135222 0.119217 0.121984 0.119987 0.0992859 0.0678967 0.0353076 0.01293 0.00332289 0.00062252 8.71301e-05 9.02324e-06 6.73658e-07 3.5265e-08 1.25898e-09 2.98653e-11
 3.49531e-09 1.89138e-07 6.0341e-06 0.000113499 0.00125875 0.00823385 0.0318204 0.0732803 0.104924 0.110851 0.121777 0.144615 0.145931 0.119702 0.0798474 0.0397849 0.0138187 0.00335693 0.000593396 7.79202e-05 7.47464e-06 5.07697e-07 2.37672e-08 7.50497e-10 1.56873e-11
 5.02642e-09 2.58185e-07 7.81886e-06 0.000139605 0.00146971 0.00912605 0.0334816 0.0732249 0.099728 0.100936 0.108604 0.131989 0.145373 0.133943 0.0951483 0.0470611 0.0155753 0.00353602 0.000578978 7.02674e-05 6.23402e-06 3.91249e-07 1.68471e-08 4.85562e-10 9.17989e-12
 9.04181e-09 4.40559e-07 1.26559e-05 0.000214352 0.0021406 0.0126085 0.0438791 0.0910184 0.117474 0.112223 0.113131 0.128585 0.132541 0.114848 0.0778343 0.037558 0.0124718 0.0029077 0.000488026 5.88416e-05 4.9901e-06 2.91604e-07 1.15507e-08 3.05024e-10 5.2759e-12
 1.35558e-08 6.2616e-07 1.70524e-05 0.000273802 0.00259222 0.0144774 0.0478076 0.0944415 0.11801 0.11478 0.121837 0.136845 0.132234 0.106074 0.0671822 0.0307995 0.00990625 0.00228508 0.000385934 4.71059e-05 4.01967e-06 2.32559e-07 8.91964e-09 2.23061e-10 3.59099e-12
 1.86918e-08 8.18088e-07 2.11101e-05 0.000321168 0.00288123 0.0152508 0.0477775 0.0899719 0.109461 0.109859 0.124067 0.142178 0.138169 0.110593 0.0681855 0.0298216 0.00908661 0.00199102 0.000322231 3.8101e-05 3.17899e-06 1.80756e-07 6.81212e-09 1.66512e-10 2.59628e-12
 3.21438e-08 1.33245e-06 3.25647e-05 0.000469237 0.00398693 0.0199866 0.0592885 0.105607 0.120944 0.112918 0.119193 0.132179 0.127854 0.10167 0.0609823 0.0255952 0.00746039 0.00156183 0.000240404 2.68975e-05 2.12141e-06 1.14398e-07 4.10966e-09 9.61903e-11 1.44005e-12
 4.12428e-08 1.61869e-06 3.74561e-05 0.000511023 0.00411157 0.0195283 0.0550327 0.0943322 0.109544 0.115831 0.137327 0.14996 0.133608 0.097092 0.0541283 0.0215129 0.00602121 0.00121812 0.000180516 1.92569e-05 1.43451e-06 7.25991e-08 2.43994e-09 5.34033e-11 7.48692e-13
 6.86189e-08 2.54928e-06 5.58384e-05 0.000721119 0.00549184 0.0246866 0.0657961 0.106301 0.11481 0.110708 0.123723 0.137239 0.130114 0.0986377 0.0544261 0.0206539 0.00544005 0.00103382 0.000144505 1.45955e-05 1.02947e-06 4.91548e-08 1.55055e-09 3.16966e-11 4.13521e-13
 1.06481e-07 3.74404e-06 7.76158e-05 0.00094869 0.00683862 0.0291072 0.0735843 0.113669 0.12092 0.120373 0.134417 0.138195 0.117691 0.0812991 0.042292 0.0156135 0.00408363 0.000770999 0.000105035 1.01057e-05 6.69516e-07 2.98743e-08 8.79837e-10 1.67866e-11 2.04172e-13
 1.40736e-07 4.68312e-06 9.18777e-05 0.00106282 0.00725172 0.0292343 0.0702192 0.104536 0.112628 0.121448 0.142435 0.146634 0.123442 0.0825837 0.040521 0.0138747 0.00335581 0.000592649 7.68662e-05 7.11569e-06 4.52843e-07 1.92241e-08 5.32729e-10 9.4834e-12 1.07101e-13
 2.03408e-07 6.40556e-06 0.000118931 0.00130202 0.00840811 0.0320928 0.0731063 0.103971 0.109572 0.118911 0.140015 0.145574 0.124822 0.0838202 0.0406361 0.013726 0.00327751 0.000564746 6.99578e-05 6.08957e-06 3.63033e-07 1.44799e-08 3.78162e-10 6.34443e-12 6.7325e-14
 2.80161e-07 8.34989e-06 0.000146726 0.00152031 0.00929407 0.0336133 0.0728705 0.100486 0.108342 0.12479 0.147954 0.148939 0.122363 0.0783595 0.0362628 0.011788 0.0027388 0.000462064 5.58805e-05 4.70016e-06 2.67138e-07 1.0033e-08 2.44657e-10 3.81779e-12 3.76626e-14
 3.67478e-07 1.03664e-05 0.000172418 0.00169107 0.00978816 0.0335597 0.069372 0.0934038 0.10437 0.127922 0.154536 0.155656 0.126277 0.0774881 0.0333823 0.0099152 0.00209267 0.000323764 3.65562e-05 2.91318e-06 1.57864e-07 5.64821e-09 1.30559e-10 1.91856e-12 1.77088e-14
 6.12652e-07 1.636e-05 0.000257578 0.00239142 0.0131021 0.0425086 0.083029 0.104977 0.108633 0.124027 0.144885 0.145426 0.117918 0.0714628 0.0303036 0.00890182 0.0018515 0.000276267 2.92583e-05 2.15034e-06 1.07212e-07 3.5496e-09 7.64571e-11 1.05193e-12 9.10713e-15
 8.0812e-07 2.04304e-05 0.000304538 0.00267719 0.0138958 0.042817 0.0803193 0.101759 0.114677 0.140826 0.158929 0.145464 0.106812 0.0596038 0.0237085 0.00663735 0.00133312 0.000193384 1.98488e-05 1.39741e-06 6.57074e-08 2.02266e-09 4.01346e-11 5.06859e-13 4.03036e-15
 9.93281e-07 2.37771e-05 0.000335602 0.00279389 0.0137403 0.0402147 0.0724377 0.0915762 0.109618 0.142393 0.165558 0.155988 0.114934 0.061312 0.022358 0.00558221 0.000991325 0.000128902 1.21565e-05 8.02127e-07 3.56741e-08 1.03913e-09 1.94187e-11 2.29358e-13 1.69354e-15
#pred catch len freq
 6.80993e-12 7.39477e-10 4.7342e-08 1.78693e-06 3.97661e-05 0.000521783 0.00403804 0.01846 0.0502459 0.0846054 0.102777 0.123889 0.155105 0.153703 0.113915 0.0741224 0.0470677 0.0284018 0.0166342 0.00988238 0.00615268 0.00416545 0.00303012 0.00209161 0.00114933
 3.88991e-12 4.22397e-10 2.70423e-08 1.02072e-06 2.27152e-05 0.000298072 0.00230751 0.0105665 0.0290024 0.050771 0.0704343 0.104409 0.148252 0.159843 0.136139 0.106345 0.0761725 0.0476597 0.0269999 0.0144042 0.00751734 0.00410078 0.00245433 0.0015074 0.000793445
 7.35007e-12 7.9813e-10 5.1097e-08 1.92866e-06 4.29198e-05 0.00056314 0.00435717 0.0198973 0.053863 0.0883362 0.0967318 0.0940392 0.103281 0.109462 0.105094 0.0974244 0.0827687 0.0616664 0.0400237 0.0223476 0.0109678 0.00503709 0.00236433 0.00117807 0.00055268
 9.83638e-12 1.06811e-09 6.83816e-08 2.58107e-06 5.74382e-05 0.000753631 0.00583095 0.0266253 0.0720459 0.11791 0.127901 0.120647 0.124562 0.115108 0.0832825 0.0566482 0.0444085 0.0374243 0.0291358 0.0192809 0.010556 0.00482376 0.00194661 0.000759244 0.000289754
 9.9862e-12 1.08438e-09 6.94232e-08 2.62038e-06 5.83132e-05 0.000765115 0.00591997 0.0270356 0.073209 0.120238 0.132393 0.129676 0.138561 0.129113 0.0914384 0.056016 0.0342936 0.0217866 0.0152479 0.0110918 0.00715741 0.00373644 0.00155543 0.000538617 0.000165287
 1.08747e-11 1.18086e-09 7.55997e-08 2.85351e-06 6.35011e-05 0.000833179 0.0064464 0.0294348 0.0796376 0.13025 0.140896 0.131963 0.135358 0.12476 0.0890104 0.055265 0.0333236 0.0189639 0.0104358 0.00603884 0.00371199 0.00213697 0.00100292 0.000362992 0.000102513
 1.14936e-11 1.24806e-09 7.99023e-08 3.01591e-06 6.71151e-05 0.000880596 0.00681319 0.0311078 0.0841393 0.137414 0.147716 0.136002 0.136727 0.123619 0.0849694 0.0496184 0.028553 0.015963 0.00840019 0.00418406 0.00205198 0.00103118 0.000491304 0.000192228 5.6547e-05
 1.14906e-11 1.24775e-09 7.98819e-08 3.01514e-06 6.7098e-05 0.000880372 0.00681151 0.0311014 0.0841387 0.137547 0.148481 0.138205 0.140273 0.126604 0.0855626 0.0480443 0.0261415 0.0137296 0.00681874 0.00321752 0.0014211 0.00059406 0.000240951 9.0018e-05 2.73073e-05
 1.17942e-11 1.28071e-09 8.19924e-08 3.0948e-06 6.88707e-05 0.00090363 0.00699137 0.0319207 0.0863286 0.140914 0.151127 0.138259 0.137987 0.123996 0.0841588 0.0476349 0.0258444 0.0131896 0.00619795 0.00272914 0.00111832 0.000421748 0.000146282 4.66964e-05 1.30704e-05
 1.2341e-11 1.34008e-09 8.57935e-08 3.23828e-06 7.20634e-05 0.000945518 0.00731534 0.0333971 0.0902849 0.147075 0.156356 0.139617 0.135695 0.120161 0.0802376 0.0442219 0.0234567 0.0118853 0.00554236 0.00236849 0.000914904 0.000317706 9.87285e-05 2.72395e-05 6.56931e-06
 1.33793e-11 1.45283e-09 9.30116e-08 3.51072e-06 7.81263e-05 0.00102506 0.00793057 0.0362013 0.0978027 0.158815 0.166472 0.142713 0.13217 0.11356 0.0728704 0.0372101 0.0180818 0.00863939 0.00389409 0.00163229 0.000617898 0.000205725 5.93303e-05 1.46745e-05 3.07922e-06
 1.39415e-11 1.51388e-09 9.69199e-08 3.65824e-06 8.14091e-05 0.00106813 0.00826368 0.0377195 0.101871 0.165157 0.171882 0.144206 0.130012 0.109928 0.0692175 0.0339204 0.0154266 0.00679672 0.00279787 0.00108593 0.000391685 0.000126371 3.51255e-05 8.15854e-06 1.55147e-06
 1.46377e-11 1.58948e-09 1.0176e-07 3.84092e-06 8.54743e-05 0.00112146 0.00867617 0.0395992 0.106906 0.172981 0.178439 0.145659 0.126677 0.104777 0.0643501 0.0299253 0.0126161 0.00517846 0.00198018 0.00070261 0.000230259 6.84597e-05 1.79673e-05 3.98725e-06 7.16579e-07
 1.42677e-11 1.5493e-09 9.91879e-08 3.74385e-06 8.33142e-05 0.00109313 0.00845704 0.0386017 0.104249 0.168972 0.175661 0.14684 0.131477 0.109717 0.0665809 0.0297624 0.0117292 0.00447169 0.00157964 0.000513801 0.000153654 4.1358e-05 9.83155e-06 2.00904e-06 3.38845e-07
 1.3084e-11 1.42077e-09 9.09589e-08 3.43324e-06 7.64022e-05 0.00100244 0.00775573 0.0354067 0.0957037 0.155791 0.165095 0.145991 0.139703 0.120494 0.0749517 0.0350488 0.0146086 0.005661 0.00192191 0.000579314 0.00015817 3.85594e-05 8.24997e-06 1.51494e-06 2.31619e-07
 1.39591e-11 1.51579e-09 9.70425e-08 3.66287e-06 8.15122e-05 0.00106948 0.0082742 0.0377686 0.10202 0.165526 0.172862 0.146496 0.13343 0.112382 0.0687753 0.0312875 0.0126606 0.00491615 0.00172732 0.000534877 0.000143222 3.26211e-05 6.33589e-06 1.04325e-06 1.42552e-07
 1.46739e-11 1.59341e-09 1.02012e-07 3.85043e-06 8.56859e-05 0.00112424 0.00869769 0.0396983 0.107185 0.173523 0.179424 0.147512 0.129251 0.106476 0.0636947 0.0275567 0.0102841 0.00371815 0.00125057 0.000381643 0.000103615 2.39733e-05 4.57365e-06 7.06593e-07 8.76403e-08
 1.46585e-11 1.59173e-09 1.01904e-07 3.84638e-06 8.55958e-05 0.00112306 0.00868857 0.0396571 0.107081 0.173409 0.179562 0.148262 0.130532 0.107449 0.0636103 0.0266749 0.00937107 0.00314764 0.000977802 0.000275041 7.03182e-05 1.58475e-05 3.02249e-06 4.67645e-07 5.66032e-08
 1.55209e-11 1.68538e-09 1.079e-07 4.07267e-06 9.06315e-05 0.00118913 0.00919945 0.0419835 0.113288 0.182863 0.186554 0.146939 0.121593 0.0976923 0.0584479 0.0256582 0.00970158 0.00340403 0.00103783 0.000273512 6.42118e-05 1.32971e-05 2.37563e-06 3.54974e-07 4.24508e-08
 1.63531e-11 1.77575e-09 1.13685e-07 4.29105e-06 9.54911e-05 0.00125288 0.00969253 0.0442301 0.1193 0.192157 0.194111 0.147888 0.116344 0.090464 0.0524015 0.0214426 0.00725368 0.00237142 0.00073171 0.000201305 4.76896e-05 9.4426e-06 1.55866e-06 2.14189e-07 2.3981e-08
 1.66828e-11 1.81156e-09 1.15977e-07 4.37757e-06 9.74165e-05 0.00127814 0.0098879 0.0451204 0.121684 0.195863 0.19722 0.148584 0.114765 0.0879772 0.0499768 0.0194151 0.00587112 0.00166138 0.000449936 0.000112029 2.55198e-05 5.10667e-06 8.48869e-07 1.12952e-07 1.18277e-08
 1.7089e-11 1.85566e-09 1.18801e-07 4.48414e-06 9.9788e-05 0.00130926 0.0101285 0.0462165 0.124615 0.200372 0.200781 0.148699 0.111679 0.0841279 0.0472347 0.0179017 0.00510647 0.00131953 0.000320468 6.95246e-05 1.3632e-05 2.41946e-06 3.76756e-07 4.92286e-08 5.11825e-09
 1.73298e-11 1.88181e-09 1.20475e-07 4.54735e-06 0.000101195 0.00132771 0.0102712 0.0468664 0.12635 0.203023 0.202784 0.148467 0.109392 0.0815417 0.0457331 0.0174221 0.00502552 0.00130507 0.00030917 6.26791e-05 1.10232e-05 1.70336e-06 2.28044e-07 2.61533e-08 2.50295e-09
 1.70582e-11 1.85231e-09 1.18587e-07 4.47606e-06 9.96082e-05 0.0013069 0.0101103 0.0461335 0.124393 0.200034 0.200529 0.14874 0.111991 0.0844776 0.0474355 0.017959 0.00510206 0.0013023 0.000306748 6.22749e-05 1.08173e-05 1.59189e-06 1.93839e-07 1.94572e-08 1.60541e-09
 1.8039e-11 1.95882e-09 1.25405e-07 4.73342e-06 0.000105335 0.00138203 0.0106913 0.04878 0.131462 0.210864 0.208852 0.148256 0.10337 0.0743709 0.0410494 0.015293 0.0042044 0.00102562 0.000233232 4.62647e-05 7.91571e-06 1.15556e-06 1.38858e-07 1.33993e-08 1.02024e-09
 1.85829e-11 2.01788e-09 1.29187e-07 4.87615e-06 0.000108511 0.0014237 0.0110136 0.0502478 0.135384 0.216883 0.213531 0.148161 0.0988527 0.0689381 0.0374292 0.0135666 0.00349099 0.000768716 0.000160354 2.99809e-05 4.89178e-06 6.89341e-07 8.09627e-08 7.69462e-09 5.75834e-10
 1.8967e-11 2.05959e-09 1.31857e-07 4.97692e-06 0.000110754 0.00145312 0.0112411 0.0512843 0.138154 0.221139 0.216861 0.148167 0.0957741 0.0651746 0.0348389 0.0122419 0.00289613 0.000544434 9.62023e-05 1.58167e-05 2.31062e-06 2.97817e-07 3.28128e-08 2.97994e-09 2.16138e-10
 1.95362e-11 2.1214e-09 1.35814e-07 5.1263e-06 0.000114078 0.00149673 0.0115784 0.0528202 0.142256 0.227414 0.221641 0.147746 0.0905582 0.0591703 0.031198 0.0108968 0.00254935 0.000465631 7.75887e-05 1.1507e-05 1.44103e-06 1.57003e-07 1.50037e-08 1.21885e-09 8.13587e-11
 1.95221e-11 2.11987e-09 1.35716e-07 5.1226e-06 0.000113996 0.00149565 0.01157 0.0527822 0.142156 0.227266 0.221559 0.147855 0.090838 0.0594163 0.03124 0.0107852 0.00243451 0.000411051 6.2323e-05 8.66426e-06 1.02911e-06 1.03622e-07 8.75668e-09 6.07303e-10 3.45075e-11
#obs catch len freq
 1.67157e-11 1.61495e-09 9.19882e-08 3.08918e-06 6.11643e-05 0.000714027 0.00491581 0.0199848 0.0483093 0.0719809 0.0773712 0.0859834 0.107856 0.119501 0.116187 0.107069 0.0901548 0.0667475 0.0432428 0.0240851 0.0109618 0.00378348 0.000921837 0.000150201 1.57679e-05
 1.60269e-11 1.49348e-09 8.20512e-08 2.65774e-06 5.07557e-05 0.000571532 0.00379641 0.0149118 0.0350839 0.0527294 0.064256 0.088647 0.122773 0.137956 0.132618 0.116685 0.0914977 0.0640445 0.040173 0.0214615 0.00911261 0.00288351 0.000641071 9.53326e-05 9.14349e-06
 1.30322e-12 1.16931e-10 6.18564e-09 1.92936e-07 3.54954e-06 3.85919e-05 0.000250524 0.00102274 0.00321785 0.0109334 0.0368418 0.0896017 0.143901 0.166367 0.16199 0.14107 0.105705 0.0687372 0.0398026 0.0198204 0.00786037 0.0023005 0.000468052 6.33565e-05 5.52599e-06
 1.87168e-11 1.61432e-09 8.20897e-08 2.46108e-06 4.35014e-05 0.000453355 0.00278617 0.0101074 0.0217598 0.0286341 0.0269137 0.0305758 0.0588816 0.11929 0.181964 0.193138 0.149391 0.0929714 0.0497198 0.0225595 0.00816033 0.00218641 0.000407182 5.03078e-05 3.99405e-06
 5.6356e-11 4.6653e-09 2.27697e-07 6.55205e-06 0.000111162 0.00111218 0.00656868 0.0230277 0.0492971 0.0731826 0.104271 0.161777 0.198689 0.159031 0.0872023 0.0473191 0.035728 0.0269743 0.0157769 0.00695298 0.00230753 0.000559052 9.4223e-05 1.05674e-05 7.62858e-07
 1.35808e-10 1.07749e-08 5.04008e-07 1.38996e-05 0.000226004 0.00216677 0.0122545 0.0409852 0.0821183 0.105092 0.108742 0.126782 0.148816 0.141371 0.109732 0.0693081 0.0329944 0.0123675 0.00457329 0.00175229 0.000556491 0.000126277 1.9427e-05 1.96991e-06 1.28514e-07
 2.76129e-10 2.09678e-08 9.3871e-07 2.47771e-05 0.000385578 0.00353784 0.0191444 0.0611821 0.116326 0.136636 0.116675 0.104939 0.110852 0.110293 0.0961136 0.0683365 0.0361643 0.0139699 0.00412707 0.00101827 0.000225276 4.22302e-05 5.84784e-06 5.42756e-07 3.22706e-08
 3.44869e-10 2.50317e-08 1.07118e-06 2.70258e-05 0.000402013 0.00352608 0.0182454 0.0558461 0.102548 0.120995 0.117123 0.127887 0.138136 0.120726 0.0890634 0.0574651 0.0303809 0.0125369 0.00396184 0.000939 0.00016601 2.23153e-05 2.29548e-06 1.73287e-07 8.96364e-09
 6.09981e-10 4.2269e-08 1.72689e-06 4.15958e-05 0.000590717 0.00494638 0.0244314 0.0713308 0.124473 0.137158 0.118097 0.113631 0.118333 0.10829 0.0848889 0.0541981 0.026239 0.0096996 0.00285563 0.000663108 0.00011468 1.40538e-05 1.19295e-06 6.97419e-08 2.79272e-09
 8.34732e-10 5.51608e-08 2.14908e-06 4.93646e-05 0.000668541 0.00533877 0.0251546 0.0701524 0.117733 0.12867 0.119365 0.126553 0.131086 0.111858 0.0809474 0.0487833 0.0227637 0.00808636 0.00222816 0.000474839 7.58757e-05 8.71883e-06 6.91215e-07 3.65726e-08 1.26422e-09
 1.44317e-09 9.08486e-08 3.37177e-06 7.378e-05 0.000951846 0.00724076 0.0324944 0.0862538 0.137279 0.139981 0.116424 0.111617 0.114151 0.103011 0.0781501 0.0456961 0.0191553 0.00583994 0.0013777 0.000258407 3.71914e-05 3.88534e-06 2.8157e-07 1.36854e-08 4.34576e-10
 2.07704e-09 1.24433e-07 4.39504e-06 9.15234e-05 0.00112371 0.00813562 0.0347583 0.087968 0.134496 0.136113 0.121351 0.124544 0.122805 0.100628 0.0692296 0.0378644 0.0152439 0.00447269 0.000983644 0.000164049 2.04435e-05 1.85417e-06 1.18519e-07 5.15617e-09 1.47979e-10
 3.23142e-09 1.84065e-07 6.18138e-06 0.000122389 0.00142874 0.00983518 0.0399545 0.0961722 0.140004 0.135548 0.117097 0.118318 0.11769 0.0998314 0.0697164 0.0365761 0.0134314 0.00348376 0.000673274 9.99904e-05 1.11748e-05 9.00366e-07 5.04405e-08 1.9133e-09 4.8087e-11
 4.96516e-09 2.68674e-07 8.57153e-06 0.000161225 0.00178799 0.0116932 0.0451382 0.10335 0.143842 0.135896 0.119092 0.12091 0.116275 0.0940434 0.0624498 0.0311859 0.0109221 0.00268931 0.000483564 6.48224e-05 6.39888e-06 4.53003e-07 2.23734e-08 7.50076e-10 1.66426e-11
 5.58047e-09 2.86644e-07 8.68072e-06 0.000154994 0.00163173 0.0101325 0.0371818 0.0814019 0.111392 0.114399 0.124078 0.143733 0.140898 0.112709 0.0727997 0.0347534 0.0115283 0.00268073 0.000454331 5.70467e-05 5.20526e-06 3.3459e-07 1.47588e-08 4.3744e-10 8.55321e-12
 8.15482e-09 3.97341e-07 1.14144e-05 0.000193325 0.00193064 0.0113724 0.0395881 0.0822325 0.106852 0.104694 0.110715 0.131528 0.141362 0.126556 0.0862745 0.0406248 0.0127973 0.00277571 0.000435289 5.04875e-05 4.25832e-06 2.52723e-07 1.0244e-08 2.76877e-10 4.89313e-12
 1.46077e-08 6.74752e-07 1.83758e-05 0.000295048 0.0027933 0.0155984 0.051475 0.101347 0.124689 0.115133 0.113842 0.126309 0.126969 0.106962 0.0696685 0.0320715 0.0101577 0.00226285 0.000362605 4.15848e-05 3.34035e-06 1.84214e-07 6.86267e-09 1.69867e-10 2.7455e-12
 2.19727e-08 9.61684e-07 2.48155e-05 0.000377538 0.00338681 0.0179237 0.0560997 0.105164 0.125328 0.117902 0.122193 0.133193 0.125182 0.0976125 0.0594765 0.0260462 0.00800267 0.00176628 0.000284892 3.30396e-05 2.66465e-06 1.45088e-07 5.21958e-09 1.22095e-10 1.83423e-12
 3.07596e-08 1.27507e-06 3.11623e-05 0.000449032 0.00381534 0.0191286 0.0567754 0.101414 0.117577 0.113711 0.124385 0.137861 0.130214 0.101011 0.0597074 0.0248967 0.00724194 0.00151853 0.000234819 2.63901e-05 2.08081e-06 1.11271e-07 3.92875e-09 8.96961e-11 1.30314e-12
 5.30022e-08 2.08022e-06 4.81355e-05 0.000656709 0.00528306 0.0250766 0.0704464 0.118925 0.129466 0.115777 0.117765 0.126276 0.118688 0.0912081 0.052309 0.0209054 0.00581311 0.00116347 0.000170906 1.81588e-05 1.3529e-06 6.8602e-08 2.30838e-09 5.04435e-11 7.03229e-13
 6.86045e-08 2.54874e-06 5.58268e-05 0.000720976 0.00549102 0.0246889 0.0658811 0.107045 0.118253 0.119632 0.13587 0.142751 0.123347 0.0866994 0.0462896 0.0175388 0.00468533 0.00090564 0.000127886 1.29344e-05 9.09018e-07 4.322e-08 1.35974e-09 2.77744e-11 3.62479e-13
 1.14702e-07 4.0331e-06 8.36078e-05 0.00102191 0.00736583 0.0313381 0.0790609 0.120946 0.123795 0.113357 0.120974 0.129462 0.118948 0.0866728 0.0455505 0.0164337 0.00412702 0.000749206 9.9783e-05 9.55153e-06 6.35091e-07 2.84611e-08 8.39644e-10 1.60064e-11 1.94283e-13
 1.77706e-07 5.9133e-06 0.000116012 0.00134196 0.00915479 0.0368768 0.0882319 0.128991 0.12978 0.122028 0.129327 0.127749 0.105388 0.0701719 0.0348786 0.0122696 0.0030608 0.000550866 7.12803e-05 6.48423e-06 4.04469e-07 1.69289e-08 4.66091e-10 8.2891e-12 9.37534e-14
 2.35998e-07 7.43187e-06 0.000137986 0.00151059 0.0097542 0.0372147 0.0845967 0.119164 0.121308 0.123407 0.137476 0.136137 0.11087 0.0712573 0.0333179 0.0108575 0.00250572 0.00042245 5.2097e-05 4.55845e-06 2.72778e-07 1.08453e-08 2.80601e-10 4.65216e-12 4.88313e-14
 3.46465e-07 1.0326e-05 0.000181449 0.00188 0.01149 0.0415031 0.0894388 0.120106 0.118733 0.120223 0.133883 0.133928 0.110908 0.0713505 0.0329265 0.0105831 0.00240827 0.000395063 4.64115e-05 3.81379e-06 2.13728e-07 7.98308e-09 1.94593e-10 3.03876e-12 2.99502e-14
 4.88207e-07 1.37721e-05 0.000229058 0.00224642 0.0129977 0.0444819 0.091153 0.118228 0.118165 0.12523 0.139652 0.134993 0.10693 0.0655353 0.0288717 0.00893716 0.00197969 0.000317797 3.63952e-05 2.88443e-06 1.53834e-07 5.40329e-09 1.22877e-10 1.78397e-12 1.63414e-14
 6.42654e-07 1.71612e-05 0.000270192 0.00250853 0.0137437 0.0445901 0.087092 0.11008 0.113632 0.128412 0.146559 0.141904 0.110689 0.0647705 0.0264942 0.00748315 0.00150606 0.000222026 2.37721e-05 1.78585e-06 9.07767e-08 3.03497e-09 6.5362e-11 8.92846e-13 7.64688e-15
 1.07127e-06 2.70829e-05 0.000403689 0.00354825 0.0184029 0.0564991 0.104228 0.123437 0.117156 0.122141 0.134344 0.129489 0.100737 0.0581409 0.0234107 0.00653773 0.00129378 0.000183299 1.83585e-05 1.27067e-06 5.9432e-08 1.83931e-09 3.6917e-11 4.7208e-13 3.79104e-15
 1.44106e-06 3.44958e-05 0.000486871 0.00405245 0.0199123 0.0580383 0.102602 0.120723 0.122856 0.136946 0.145299 0.127488 0.0898269 0.0477886 0.0180704 0.00481423 0.000920452 0.000126711 1.22812e-05 8.1268e-07 3.57828e-08 1.02833e-09 1.90012e-11 2.22983e-13 1.6446e-15
#spawning biomass
 9439.01 10602.5 8569.19 8800.38 11861.8 16240.8 21990.9 29462.7 40875.8 54797.7 64541.8 84606.6 104848 127640 153246 125546 106051 94286.5 108947 114737 110745 104041 114848 121875 120295 124941 112786 115279 135016 213030 315059 261190 192295 134719 94570.1 69301.7 54404.9 46004.9 41415.5 38965.1 37678.9 37012.4 36670.3 36495.6 36406.4 36362.2 36340.3 36329.4 36324 36321.3 36320 36319.3 36319 36318.8 36318.7 36318.7 36318.7 36318.7 36318.7 36318.7 36318.7 36318.7 36318.7 36318.7 36318.7 36318.7 36318.7 36318.7 36318.7 36318.7 36318.7 36318.7 36318.7 36318.7 36318.7 36318.7 36318.7 36318.7 36318.7 36318.7 36318.7 36318.7 36318.7 36318.7 36318.7 36318.7 36318.7 36318.7 36318.7 36318.7 36318.7 36318.7 36318.7 36318.7 36318.7 36318.7 36318.7 36318.7 36318.7 36318.7 36318.7 36318.7 36318.7 36318.7 36318.7 36318.7 36318.7 36318.7 36318.7 36318.7 36318.7 36318.7 36318.7 36318.7 36318.7 36318.7 36318.7 36318.7 36318.7 36318.7 36318.7 36318.7 36318.7 36318.7 36318.7 36318.7 36318.7 36318.7 36318.7 0 0 0 0 0 0 0 0 0 0 0 0 0 0 0 0 0 0 0 0 0 0 0 0 0
