SBPRF35
0.375368
Curr Bio
211664
B35
824443
F35
0.364748
FOFL
0
OFL
0
Bzero
107248
#pred survey bio
 18463.9 23948.2 22774.2 24839.7 36545.8 51437 65499.6 90613.3 115111 135377 155997 201413 259244 274654 277880 218956 197155 211849 216816 223188 222632 213723 223928 253352 244119 228776 255442 198227 4.07196e+06 7.66944e+06 6.79863e+06 5.27584e+06 3.85695e+06 2.78944e+06 2.06811e+06 1.60871e+06 1.32512e+06 1.15217e+06 1.04652e+06 981233 940127 913670 896198 884094 875965 870403 866540 863828 861907 860539 859561 858858 858353 857989 857726 857537 857400 857301 857230 857178 857141 857113 857094 857080 857070 857062 857057 857053 857050 857048 857047 857046 857045 857044 857044 857044 857044 857043 857043 857043 857043 857043 857043 857043 857043 857043 857043 857043 857043 857043 857043 857043 857043 857043 857043 857043 857043 857043 857043 857043 857043 857043 857043 857043 857043 857043 857043 857043 857043 857043 857043 857043 857043 857043 857043 857043 857043 857043 857043 857043 857043 857043 857043 857043 857043 857043 857043 857043 0 0 0 0 0 0 0 0 0 0 0 0 0 0 0 0 0 0 0 0 0 0 0 0 0
#obs survey bio
 14827.2 24581.5 15488.4 27968.8 47655.1 47526.2 63266.6 95572.4 151981 140437 129380 240312 305217 214383 295565 198791 190954 192723 214008 187892 212152 280743 191941 320603 204821 300293 369665 149644
#pred catch bio
 6046.65 12078.8 11202.3 8976 19047.6 34176.8 43102.3 61148.3 81754.4 101609 116023 150806 205798 214345 248180 198798 175682 198127 200758 208474 225012 220859 227188 271507 269502 240850 290132 238860 0 95006.6 81937.3 61389.8 43023.3 29715.8 21109.1 15923.3 12944.1 11288.9 10391.4 9913.39 9662.21 9531.58 9464.09 9429.04 9411.43 9402.59 9398.16 9395.93 9394.81 9394.25 9393.96 9393.82 9393.75 9393.71 9393.7 9393.69 9393.68 9393.68 9393.68 9393.68 9393.68 9393.68 9393.68 9393.68 9393.68 9393.68 9393.68 9393.68 9393.68 9393.68 9393.68 9393.68 9393.68 9393.68 9393.68 9393.68 9393.68 9393.68 9393.68 9393.68 9393.68 9393.68 9393.68 9393.68 9393.68 9393.68 9393.68 9393.68 9393.68 9393.68 9393.68 9393.68 9393.68 9393.68 9393.68 9393.68 9393.68 9393.68 9393.68 9393.68 9393.68 9393.68 9393.68 9393.68 9393.68 9393.68 9393.68 9393.68 9393.68 9393.68 9393.68 9393.68 9393.68 9393.68 9393.68 9393.68 9393.68 9393.68 9393.68 9393.68 9393.68 9393.68 9393.68 9393.68 9393.68 9393.68 9393.68 9393.68 0 0 0 0 0 0 0 0 0 0 0 0 0 0 0 0 0 0 0 0 0 0 0 0 0
#obs catch bio
 13102.9 12328.5 12792.5 9085.3 19301.7 33949 44662.5 59839.3 76723.7 97224.5 118843 146493 195416 210846 256567 205411 178491 194748 192154 189758 207574 210741 218089 248960 243016 209430 245860 241884
#pred cpue bio
 16417.5 22161.6 20262.4 22374.4 31242.8 43436.3 53411 74884.5 95695.7 112070 126841 161606 210307 227471 230694 176968 156089 165342 167710 175601 172126 158047 166254 186737 178980 164147 188719 142065 2.72408e+06 7.63278e+06 6.76214e+06 5.23936e+06 3.82046e+06 2.75296e+06 2.03162e+06 1.57223e+06 1.28863e+06 1.11568e+06 1.01004e+06 944747 903640 877183 859711 847607 839478 833916 830053 827341 825421 824053 823074 822371 821866 821502 821239 821050 820913 820814 820743 820691 820654 820627 820607 820593 820583 820575 820570 820566 820563 820561 820560 820559 820558 820558 820557 820557 820557 820556 820556 820556 820556 820556 820556 820556 820556 820556 820556 820556 820556 820556 820556 820556 820556 820556 820556 820556 820556 820556 820556 820556 820556 820556 820556 820556 820556 820556 820556 820556 820556 820556 820556 820556 820556 820556 820556 820556 820556 820556 820556 820556 820556 820556 820556 820556 820556 820556 820556 820556 0 0 0 0 0 0 0 0 0 0 0 0 0 0 0 0 0 0 0 0 0 0 0 0 0
#obs cpue bio
 23479.5 19272.2 18189.5 15198.2 31841.1 58165.8 37397.6 94344.7 100903 121566 115821 174496 223196 267140 216330 160162 149663 211726 198351 315183 256594 138593 216102 229922 320190 216632 259160 161548
#pred surv len freq
 1.17696e-11 1.27748e-09 8.17584e-08 3.08531e-06 6.86523e-05 0.000900769 0.00697003 0.0318296 0.0860991 0.140498 0.150275 0.136321 0.134686 0.120012 0.0802708 0.0446691 0.0249036 0.0144552 0.00878537 0.00575324 0.00413367 0.00329505 0.00276351 0.00209428 0.00121211
 8.83146e-12 9.5857e-10 6.13484e-08 2.3151e-06 5.15143e-05 0.00067592 0.00523075 0.0239001 0.0648308 0.107252 0.121522 0.127314 0.144734 0.140333 0.105156 0.0691346 0.0422041 0.0226426 0.0111714 0.00564424 0.00313236 0.00200063 0.00144854 0.00102983 0.000589818
 1.19336e-11 1.29528e-09 8.28979e-08 3.12831e-06 6.9609e-05 0.000913315 0.00706683 0.0322653 0.0871901 0.141575 0.148179 0.126614 0.118456 0.108141 0.0826861 0.0582969 0.0396387 0.0243368 0.0131275 0.00619849 0.00269904 0.00123973 0.000675063 0.000408812 0.000219945
 1.06747e-11 1.15864e-09 7.41527e-08 2.7983e-06 6.2266e-05 0.000816981 0.00632194 0.0288758 0.078188 0.128226 0.140112 0.13447 0.140641 0.128765 0.0883894 0.0518676 0.0313681 0.0195609 0.0116361 0.0061511 0.00277014 0.00108737 0.000420328 0.000184082 8.35083e-05
 1.40612e-11 1.52621e-09 9.76772e-08 3.68603e-06 8.20189e-05 0.00107613 0.00832621 0.0380057 0.10257 0.165479 0.1682 0.131013 0.108429 0.0934092 0.0699266 0.0478366 0.0305348 0.0173017 0.00919762 0.00481855 0.00233732 0.000969141 0.000339087 0.000109329 3.60279e-05
 1.40134e-11 1.52102e-09 9.73452e-08 3.67351e-06 8.17403e-05 0.00107248 0.00829824 0.0378841 0.102325 0.165758 0.171625 0.141606 0.125088 0.105159 0.0669961 0.0345958 0.0182434 0.010434 0.0057935 0.00290122 0.00131822 0.000546213 0.000195666 5.8241e-05 1.49316e-05
 1.527e-11 1.65741e-09 1.06074e-07 4.00291e-06 8.90699e-05 0.00116864 0.00904207 0.0412747 0.111412 0.179905 0.183589 0.144601 0.119859 0.0972564 0.0601403 0.0288055 0.0127599 0.00562844 0.00249538 0.00114927 0.000515267 0.000206591 7.16964e-05 2.09167e-05 4.9519e-06
 1.45623e-11 1.5806e-09 1.01158e-07 3.8174e-06 8.49421e-05 0.00111449 0.00862325 0.0393673 0.106324 0.172174 0.177976 0.146052 0.127822 0.105917 0.0647985 0.0297424 0.0122538 0.00490083 0.0018326 0.000655897 0.000235119 8.41006e-05 2.78712e-05 7.86441e-06 1.78993e-06
 1.43131e-11 1.55355e-09 9.94272e-08 3.75208e-06 8.34886e-05 0.00109542 0.00847575 0.038695 0.104523 0.169379 0.175653 0.145605 0.129164 0.107987 0.066817 0.0313752 0.0132304 0.00524038 0.00184722 0.000587861 0.000173211 4.81533e-05 1.2939e-05 3.25322e-06 6.99513e-07
 1.4479e-11 1.57156e-09 1.0058e-07 3.79557e-06 8.44563e-05 0.00110812 0.00857396 0.0391427 0.105723 0.171247 0.177232 0.145991 0.128413 0.10673 0.0655043 0.0302461 0.0125189 0.00495199 0.00176702 0.00055963 0.000155633 3.76903e-05 8.11085e-06 1.59403e-06 2.84818e-07
 1.51897e-11 1.6487e-09 1.05517e-07 3.98187e-06 8.86017e-05 0.0011625 0.00899462 0.0410597 0.110854 0.17918 0.183671 0.146757 0.123873 0.100588 0.0605305 0.0268679 0.0104761 0.00394498 0.00136753 0.000427875 0.000118791 2.82487e-05 5.63262e-06 9.39386e-07 1.33129e-07
 1.56894e-11 1.70293e-09 1.08988e-07 4.11285e-06 9.15162e-05 0.00120074 0.00929037 0.0424074 0.114459 0.18474 0.188117 0.147074 0.120349 0.0960649 0.0571653 0.0248404 0.00931947 0.00334469 0.0010964 0.000323892 8.62623e-05 2.007e-05 3.93913e-06 6.31112e-07 8.07024e-08
 1.52109e-11 1.65099e-09 1.05663e-07 3.98741e-06 8.8725e-05 0.00116412 0.00900716 0.0411174 0.111015 0.179487 0.1842 0.147713 0.125181 0.101435 0.0601591 0.0256141 0.00925229 0.00318856 0.00100361 0.000281957 7.08e-05 1.55342e-05 2.91026e-06 4.51828e-07 5.59616e-08
 1.42903e-11 1.55107e-09 9.92685e-08 3.74609e-06 8.33553e-05 0.00109367 0.00846231 0.0386353 0.104385 0.169343 0.176487 0.148454 0.133725 0.111243 0.0660675 0.0277324 0.00972491 0.00323557 0.000980905 0.000263671 6.30653e-05 1.31071e-05 2.31192e-06 3.38454e-07 3.99286e-08
 1.42423e-11 1.54587e-09 9.89354e-08 3.73352e-06 8.30756e-05 0.00109 0.0084339 0.0385054 0.10403 0.168737 0.175718 0.14748 0.13263 0.110744 0.0668312 0.0292917 0.0110137 0.00384714 0.00116906 0.000305527 7.01507e-05 1.39095e-05 2.32731e-06 3.21574e-07 3.57161e-08
 1.52646e-11 1.65683e-09 1.06037e-07 4.0015e-06 8.90386e-05 0.00116824 0.00903902 0.0412633 0.111416 0.18019 0.185177 0.149119 0.126895 0.102342 0.0592267 0.0234781 0.00742016 0.00226294 0.000673874 0.00018294 4.30404e-05 8.43539e-06 1.36076e-06 1.79134e-07 1.88401e-08
 1.60302e-11 1.73993e-09 1.11355e-07 4.20219e-06 9.35041e-05 0.00122682 0.00949215 0.0433279 0.116937 0.188682 0.191858 0.149241 0.120931 0.0950001 0.0541371 0.0207991 0.00609393 0.00163798 0.000416353 9.64129e-05 2.06951e-05 4.01427e-06 6.57651e-07 8.63056e-08 8.81946e-09
 1.65499e-11 1.79634e-09 1.14965e-07 4.33844e-06 9.65357e-05 0.00126659 0.00979976 0.0447293 0.120681 0.194419 0.196263 0.148962 0.116323 0.0896249 0.050787 0.0194491 0.0056546 0.0014878 0.00035958 7.52943e-05 1.38905e-05 2.29183e-06 3.33999e-07 4.17614e-08 4.23736e-09
 1.68269e-11 1.8264e-09 1.16889e-07 4.41103e-06 9.81509e-05 0.00128779 0.00996367 0.0454763 0.122681 0.197513 0.198786 0.149297 0.114604 0.0872365 0.0487678 0.0180223 0.00481681 0.00113096 0.000253173 5.09231e-05 8.96713e-06 1.3576e-06 1.72875e-07 1.85032e-08 1.65477e-09
 1.62185e-11 1.76036e-09 1.12663e-07 4.25155e-06 9.46024e-05 0.00124123 0.00960361 0.043836 0.118299 0.190804 0.193659 0.149705 0.120124 0.0936328 0.0527014 0.0195315 0.00522957 0.00121637 0.000261015 4.82656e-05 7.68991e-06 1.07669e-06 1.28754e-07 1.26895e-08 1.00614e-09
 1.6848e-11 1.82869e-09 1.17036e-07 4.41658e-06 9.82744e-05 0.00128941 0.0099762 0.0455333 0.122833 0.197741 0.198936 0.149206 0.114296 0.0869462 0.048684 0.0180961 0.00489685 0.00115732 0.000251137 4.63997e-05 7.21785e-06 9.52389e-07 1.04331e-07 9.38485e-09 6.85544e-10
 1.82281e-11 1.97848e-09 1.26623e-07 4.77835e-06 0.000106324 0.00139501 0.010793 0.0492546 0.132778 0.212998 0.210742 0.148766 0.102513 0.0729339 0.039569 0.0140019 0.00335237 0.000647248 0.000119555 2.08476e-05 3.22938e-06 4.27205e-07 4.61534e-08 3.97857e-09 2.70551e-10
 1.80952e-11 1.96406e-09 1.257e-07 4.74352e-06 0.000105549 0.00138485 0.0107144 0.0488965 0.131823 0.211547 0.20969 0.149041 0.104001 0.0745159 0.0403439 0.0140653 0.00321081 0.000554813 8.70897e-05 1.2646e-05 1.61536e-06 1.84671e-07 1.86967e-08 1.58422e-09 1.06438e-10
 1.83166e-11 1.98809e-09 1.27237e-07 4.80154e-06 0.00010684 0.00140178 0.0108454 0.0494932 0.133416 0.213981 0.211519 0.148795 0.101845 0.072097 0.0389682 0.013666 0.0031813 0.000571721 9.24826e-05 1.30535e-05 1.49984e-06 1.44406e-07 1.19997e-08 8.50972e-10 5.06851e-11
 1.84565e-11 2.00328e-09 1.2821e-07 4.83823e-06 0.000107657 0.0014125 0.0109282 0.0498707 0.134426 0.215537 0.212757 0.14886 0.100816 0.0707816 0.0379878 0.0130884 0.00288888 0.000460444 6.44243e-05 8.45304e-06 9.68392e-07 9.36501e-08 7.43141e-09 4.6776e-10 2.33705e-11
 1.90519e-11 2.0679e-09 1.32345e-07 4.99429e-06 0.000111129 0.00145805 0.0112806 0.0514759 0.138714 0.222101 0.217766 0.14844 0.095384 0.0645099 0.0341637 0.0116548 0.00250862 0.000374023 4.65418e-05 5.3629e-06 5.37625e-07 4.56922e-08 3.34497e-09 2.04521e-10 9.95946e-12
 1.82346e-11 1.97919e-09 1.26668e-07 4.78005e-06 0.000106362 0.00139551 0.0107969 0.0492723 0.132827 0.21309 0.210891 0.149023 0.102852 0.0731279 0.0394132 0.0136157 0.00302192 0.000486013 6.74628e-05 8.25477e-06 8.04929e-07 6.19748e-08 3.96369e-09 2.11133e-10 9.14256e-12
 1.90783e-11 2.07076e-09 1.32528e-07 5.00121e-06 0.000111283 0.00146007 0.0112962 0.051547 0.138905 0.222396 0.218006 0.148471 0.0952179 0.0642799 0.0339697 0.0115188 0.00243063 0.000342843 3.86027e-05 4.075e-06 3.92646e-07 3.22352e-08 2.16761e-09 1.13329e-10 4.49898e-12
#obs surv len freq
 4.09735e-11 3.79728e-09 2.07505e-07 6.6861e-06 0.00012703 0.00142313 0.00940274 0.0366702 0.0848049 0.119129 0.113705 0.102368 0.110673 0.11817 0.112044 0.0906175 0.057323 0.0278977 0.0109842 0.00355427 0.000903102 0.000170631 2.30649e-05 2.16577e-06 1.37393e-07
 2.32424e-11 2.07754e-09 1.09497e-07 3.40289e-06 6.23579e-05 0.000673895 0.00429785 0.0162359 0.0370382 0.0559041 0.0743914 0.112671 0.156375 0.168172 0.149127 0.11242 0.0669038 0.0304727 0.0110475 0.00327411 0.000772979 0.000137928 1.76436e-05 1.55056e-06 9.08088e-08
 1.38515e-10 1.19211e-08 6.04952e-07 1.81015e-05 0.000319369 0.00332248 0.0203815 0.0737383 0.157486 0.199578 0.154354 0.084559 0.0551193 0.0612671 0.0715535 0.0618201 0.0360361 0.0145724 0.00447253 0.00112651 0.000232775 3.73105e-05 4.36559e-06 3.54963e-07 1.93129e-08
 1.37551e-10 1.13796e-08 5.5511e-07 1.59668e-05 0.0002708 0.00270831 0.0159772 0.0556886 0.115674 0.149518 0.143354 0.143005 0.147035 0.114884 0.0633677 0.0285869 0.0125158 0.00513632 0.00172748 0.000439596 8.2663e-05 1.14811e-05 1.16546e-06 8.38034e-08 4.10525e-09
 1.89212e-10 1.50243e-08 7.03437e-07 1.94198e-05 0.000316122 0.00303443 0.0171795 0.0574378 0.114152 0.139456 0.121357 0.108013 0.114455 0.115778 0.100271 0.0671141 0.0305659 0.00889432 0.00168785 0.000235454 2.89659e-05 3.25202e-06 2.89613e-07 1.83e-08 7.83477e-10
 3.2361e-10 2.46276e-08 1.10512e-06 2.92403e-05 0.000456192 0.00419685 0.0227724 0.0729685 0.138956 0.162471 0.134501 0.111855 0.107983 0.09659 0.0736764 0.0454983 0.0203553 0.00619133 0.00128778 0.000188908 1.98933e-05 1.52095e-06 8.73074e-08 3.89795e-09 1.32464e-10
 4.12412e-10 3.00397e-08 1.29017e-06 3.26729e-05 0.00048789 0.00429617 0.0223168 0.0685243 0.125673 0.144943 0.128463 0.123876 0.126589 0.109071 0.0774638 0.0441465 0.018098 0.00496641 0.00091795 0.000120796 1.18966e-05 8.74409e-07 4.60474e-08 1.67674e-09 4.16812e-11
 6.1061e-10 4.25148e-08 1.74543e-06 4.22527e-05 0.000603115 0.0050766 0.0252082 0.0739945 0.129767 0.143301 0.122276 0.115357 0.119128 0.108686 0.082856 0.0484245 0.0193322 0.00499379 0.000843915 9.82794e-05 8.35409e-06 5.2995e-07 2.46324e-08 8.12295e-10 1.84266e-11
 8.64634e-10 5.74777e-08 2.25296e-06 5.20712e-05 0.00070964 0.00570322 0.0270441 0.0758735 0.127739 0.138146 0.122181 0.122481 0.125853 0.109536 0.0789402 0.0438475 0.0168306 0.00425138 0.000717229 8.43769e-05 7.12718e-06 4.29874e-07 1.81164e-08 5.25173e-10 1.03745e-11
 1.29277e-09 8.19583e-08 3.06374e-06 6.75305e-05 0.0008777 0.0067273 0.0304258 0.0814496 0.13111 0.136793 0.119598 0.120317 0.123773 0.108925 0.0786208 0.0422137 0.015109 0.00343573 0.000501032 4.92559e-05 3.48794e-06 1.84659e-07 7.18569e-09 1.96686e-10 3.64343e-12
 1.83268e-09 1.10689e-07 3.94197e-06 8.27772e-05 0.00102497 0.0074848 0.03226 0.0824039 0.127368 0.131052 0.120057 0.126963 0.129546 0.11033 0.0762895 0.0388603 0.0130906 0.00277665 0.000371755 3.26108e-05 1.98117e-06 8.70297e-08 2.78116e-09 6.33759e-11 1.00612e-12
 2.98089e-09 1.71352e-07 5.8079e-06 0.000116075 0.00136793 0.00950724 0.0389992 0.0948025 0.13938 0.136113 0.117999 0.119527 0.12018 0.102907 0.0707187 0.0348043 0.0110902 0.00219136 0.000268421 2.09856e-05 1.10175e-06 4.09122e-08 1.0981e-09 2.09919e-11 2.78331e-13
 3.50008e-09 1.91315e-07 6.16603e-06 0.000117181 0.00131319 0.0086805 0.0338987 0.0788233 0.113421 0.118226 0.125005 0.144293 0.143158 0.114468 0.0729274 0.0335149 0.0100395 0.00187333 0.000217529 1.61686e-05 8.05222e-07 2.79785e-08 6.85036e-10 1.16062e-11 1.33141e-13
 4.72736e-09 2.45498e-07 7.51739e-06 0.000135731 0.00144516 0.00907664 0.0336886 0.0745591 0.102806 0.10522 0.113522 0.136713 0.147463 0.131412 0.0890648 0.040821 0.0117494 0.00207307 0.000225867 1.56606e-05 7.2383e-07 2.32901e-08 5.28971e-10 8.33099e-12 8.86415e-14
 8.35065e-09 4.11696e-07 1.1968e-05 0.000205144 0.00207358 0.0123637 0.0435607 0.091477 0.119416 0.114789 0.115454 0.1313 0.135702 0.116003 0.0748108 0.0324113 0.00879701 0.00146406 0.000150743 9.90264e-06 4.34175e-07 1.32109e-08 2.81529e-10 4.12278e-12 4.05067e-14
 1.1308e-08 5.28896e-07 1.45862e-05 0.0002372 0.00227473 0.0128713 0.0430887 0.0864997 0.110911 0.113494 0.127721 0.147316 0.142625 0.111783 0.0664519 0.02677 0.00678103 0.00105223 0.000100515 6.07302e-06 2.42463e-07 6.68544e-09 1.29694e-10 1.74573e-12 1.58858e-14
 1.96848e-08 8.72931e-07 2.28254e-05 0.000351928 0.00319982 0.0171646 0.0544485 0.103323 0.123889 0.115164 0.117596 0.13188 0.131701 0.106798 0.0631796 0.0244801 0.00586508 0.000854371 7.62313e-05 4.27554e-06 1.57107e-07 3.94997e-09 6.94027e-11 8.43374e-13 6.91951e-15
 2.92092e-08 1.22748e-06 3.04159e-05 0.000444413 0.00382941 0.0194727 0.0586289 0.106241 0.124825 0.121457 0.131562 0.141855 0.127297 0.0919483 0.0496278 0.0180017 0.00412893 0.000591914 5.41086e-05 3.26855e-06 1.34376e-07 3.76935e-09 7.0599e-11 8.61688e-13 6.76673e-15
 3.90326e-08 1.55377e-06 3.64702e-05 0.000504773 0.00412041 0.0198549 0.0567338 0.0982674 0.11362 0.116164 0.134188 0.148379 0.135706 0.0985671 0.0517557 0.0177704 0.0037906 0.000497547 4.09141e-05 2.19151e-06 8.02327e-08 2.07173e-09 3.75572e-11 4.64368e-13 3.79828e-15
 5.66166e-08 2.13416e-06 4.74355e-05 0.000621714 0.00480603 0.0219368 0.0594459 0.0981833 0.110553 0.114624 0.13477 0.149347 0.137026 0.0984712 0.0499834 0.0163848 0.00333843 0.000423001 3.41889e-05 1.83229e-06 6.72443e-08 1.69996e-09 2.90909e-11 3.30145e-13 2.45644e-15
 1.01591e-07 3.62545e-06 7.62886e-05 0.000946601 0.00692746 0.029931 0.0767308 0.119534 0.125445 0.118677 0.128658 0.135744 0.120129 0.0826652 0.0396932 0.0122151 0.00232701 0.000274876 2.06659e-05 1.03079e-06 3.54434e-08 8.50325e-10 1.39998e-11 1.54147e-13 1.11209e-15
 1.223e-07 4.13135e-06 8.22913e-05 0.000966601 0.00669798 0.0274338 0.0670418 0.102087 0.114179 0.128748 0.153149 0.154208 0.123348 0.0766783 0.0337962 0.00965802 0.001718 0.000189932 1.33716e-05 6.23712e-07 1.99855e-08 4.44866e-10 6.77572e-12 6.90269e-14 4.62374e-16
 1.87376e-07 5.99116e-06 0.000112954 0.00125581 0.00823648 0.0319271 0.0737998 0.106029 0.111147 0.118262 0.139648 0.148878 0.129147 0.0835663 0.0362775 0.00987813 0.00164807 0.000169311 1.09819e-05 4.67883e-07 1.36206e-08 2.75683e-10 3.83655e-12 3.58652e-14 2.2085e-16
 2.71728e-07 8.22361e-06 0.000146754 0.00154441 0.00958994 0.0352258 0.0774835 0.107838 0.115322 0.129548 0.150776 0.148721 0.117316 0.0696975 0.0282184 0.00727055 0.00116739 0.000118194 7.78221e-06 3.44487e-07 1.04058e-08 2.12242e-10 2.86069e-12 2.50714e-14 1.4189e-16
 3.98441e-07 1.14142e-05 0.00019281 0.00192074 0.0112911 0.0392831 0.0820235 0.109348 0.114831 0.129197 0.149697 0.147463 0.1156 0.0665686 0.0254851 0.00610378 0.000897304 8.16689e-05 4.73819e-06 1.82923e-07 4.88588e-09 9.13694e-11 1.17501e-12 1.00956e-14 5.65368e-17
 4.69887e-07 1.2743e-05 0.000203779 0.00192202 0.0107032 0.0353652 0.0709394 0.0950385 0.110797 0.140563 0.165956 0.157884 0.117666 0.0639396 0.0230285 0.00519337 0.00072188 6.25497e-05 3.47943e-06 1.28893e-07 3.261e-09 5.63598e-11 6.53921e-13 5.00403e-15 2.49918e-17
 6.02931e-07 1.54808e-05 0.000234388 0.00209322 0.0110405 0.0346014 0.0662497 0.0867172 0.103367 0.136065 0.16664 0.166612 0.12808 0.0687844 0.0237298 0.00505285 0.000659821 5.36654e-05 2.80545e-06 9.78907e-08 2.33874e-09 3.82357e-11 4.19554e-13 3.02564e-15 1.41323e-17
 8.88824e-07 2.16094e-05 0.000309809 0.00262006 0.0130903 0.0389112 0.0710521 0.0903716 0.107669 0.140711 0.167985 0.162609 0.119697 0.0608062 0.0197002 0.00392668 0.000479194 3.63682e-05 1.7705e-06 5.73963e-08 1.2719e-09 1.92843e-11 1.96451e-13 1.31735e-15 5.73042e-18
#pred catch len freq
 9.08872e-12 9.86493e-10 6.31354e-08 2.38254e-06 5.3015e-05 0.000695612 0.00538323 0.024599 0.0667556 0.110668 0.126434 0.134648 0.153536 0.143841 0.0972805 0.0542417 0.0302481 0.0175578 0.010671 0.0069881 0.0050209 0.00400228 0.00335666 0.00254379 0.00147227
 6.99713e-12 7.59472e-10 4.86061e-08 1.83425e-06 4.08149e-05 0.000535546 0.00414499 0.0189521 0.0515874 0.0867755 0.104897 0.125317 0.156369 0.155948 0.117537 0.0773459 0.0472216 0.0253347 0.0124996 0.00631533 0.00350478 0.0022385 0.00162077 0.00115227 0.000659945
 9.86483e-12 1.07073e-09 6.85268e-08 2.58599e-06 5.75418e-05 0.000754996 0.00584227 0.0266844 0.0722474 0.11843 0.129185 0.123677 0.130472 0.124781 0.0963923 0.0680695 0.046291 0.0284214 0.0153307 0.00723881 0.00315203 0.0014478 0.000788362 0.000477425 0.00025686
 8.18069e-12 8.87935e-10 5.68277e-08 2.14451e-06 4.77185e-05 0.000626124 0.00484573 0.022149 0.0601907 0.100458 0.117855 0.1327 0.157856 0.150753 0.104429 0.0613768 0.0371263 0.023152 0.0137724 0.00728036 0.0032787 0.00128699 0.000497494 0.000217876 9.88393e-05
 1.21678e-11 1.3207e-09 8.45247e-08 3.1897e-06 7.0975e-05 0.000931237 0.0072055 0.0328981 0.0888965 0.144316 0.150906 0.128581 0.119859 0.109081 0.0827185 0.0567042 0.0362027 0.0205136 0.0109051 0.00571306 0.00277122 0.00114905 0.000402035 0.000129625 4.27161e-05
 1.28726e-11 1.39719e-09 8.94203e-08 3.37445e-06 7.50859e-05 0.000985177 0.007623 0.0348074 0.0940977 0.153097 0.161635 0.141327 0.133798 0.115866 0.0743416 0.0384398 0.0202742 0.0115957 0.00643854 0.00322423 0.00146499 0.000607027 0.000217451 6.47255e-05 1.6594e-05
 1.41755e-11 1.53861e-09 9.84709e-08 3.71599e-06 8.26855e-05 0.00108488 0.00839424 0.0383231 0.103522 0.167782 0.174121 0.14466 0.128747 0.108003 0.0673381 0.032304 0.014313 0.00631369 0.00279919 0.0012892 0.000578 0.000231743 8.04254e-05 2.34633e-05 5.55479e-06
 1.35204e-11 1.4675e-09 9.39201e-08 3.54426e-06 7.88644e-05 0.00103475 0.00800654 0.0365576 0.0988137 0.160645 0.169018 0.14626 0.136521 0.116331 0.071651 0.0329306 0.0135701 0.00542738 0.00202951 0.00072637 0.000260382 9.31368e-05 3.08658e-05 8.7094e-06 1.98224e-06
 1.34638e-11 1.46137e-09 9.35273e-08 3.52943e-06 7.85346e-05 0.00103043 0.00797306 0.0364047 0.098401 0.159978 0.168335 0.145732 0.136191 0.11644 0.0724349 0.0340483 0.0143598 0.00568783 0.00200495 0.000638057 0.000188001 5.2265e-05 1.40438e-05 3.531e-06 7.59241e-07
 1.38831e-11 1.50688e-09 9.64402e-08 3.63935e-06 8.09804e-05 0.00106251 0.00822126 0.0375358 0.101428 0.164653 0.172107 0.146106 0.133382 0.112685 0.0694329 0.0320846 0.0132814 0.0052537 0.00187468 0.000593727 0.000165115 3.99867e-05 8.60503e-06 1.69115e-06 3.02171e-07
 1.45819e-11 1.58273e-09 1.01294e-07 3.82253e-06 8.50563e-05 0.00111599 0.00863487 0.0394207 0.106473 0.172458 0.178465 0.146934 0.129034 0.106726 0.0645183 0.0286637 0.0111779 0.00420934 0.00145918 0.000456549 0.000126752 3.01418e-05 6.01009e-06 1.00234e-06 1.4205e-07
 1.5134e-11 1.64266e-09 1.0513e-07 3.96727e-06 8.82769e-05 0.00115824 0.00896167 0.0409099 0.110457 0.178601 0.183372 0.147266 0.125111 0.101707 0.0608033 0.0264454 0.00992315 0.00356141 0.00116744 0.00034488 9.1852e-05 2.13705e-05 4.19438e-06 6.72007e-07 8.59317e-08
 1.49103e-11 1.61836e-09 1.03575e-07 3.9086e-06 8.69715e-05 0.00114112 0.00882923 0.0403068 0.108849 0.176165 0.181637 0.147832 0.127782 0.104505 0.0621236 0.0264627 0.00955957 0.00329449 0.00103696 0.000291324 7.31523e-05 1.60503e-05 3.00695e-06 4.66839e-07 5.78209e-08
 1.38816e-11 1.50671e-09 9.64292e-08 3.63894e-06 8.09712e-05 0.00106239 0.0082204 0.0375332 0.10144 0.164828 0.173008 0.148632 0.137286 0.115435 0.0687342 0.0288665 0.0101235 0.00336822 0.00102112 0.000274481 6.5651e-05 1.36445e-05 2.40671e-06 3.52331e-07 4.15657e-08
 1.46209e-11 1.58695e-09 1.01565e-07 3.83274e-06 8.52835e-05 0.00111897 0.00865793 0.039526 0.106758 0.172921 0.178953 0.147353 0.129389 0.106899 0.0643446 0.0281876 0.0105977 0.00370181 0.0011249 0.000293985 6.75007e-05 1.33841e-05 2.23939e-06 3.09427e-07 3.43669e-08
 1.57094e-11 1.7051e-09 1.09126e-07 4.11809e-06 9.16328e-05 0.00120227 0.00930226 0.0424625 0.11462 0.185099 0.188943 0.148872 0.122938 0.0977262 0.0563489 0.0223208 0.00705348 0.00215108 0.000640562 0.000173897 4.09128e-05 8.01841e-06 1.29349e-06 1.70279e-07 1.79088e-08
 1.63359e-11 1.7731e-09 1.13478e-07 4.28232e-06 9.5287e-05 0.00125021 0.00967306 0.0441521 0.119139 0.192054 0.194439 0.149051 0.11818 0.0918058 0.0521644 0.0200293 0.00586774 0.00157716 0.000400893 9.2833e-05 1.99267e-05 3.86522e-06 6.33233e-07 8.3101e-08 8.49199e-09
 1.70956e-11 1.85556e-09 1.18756e-07 4.48147e-06 9.97184e-05 0.00130835 0.0101227 0.0462005 0.124612 0.200439 0.200869 0.148619 0.111408 0.0839186 0.0472651 0.0180777 0.00525467 0.00138253 0.000334137 6.99667e-05 1.29076e-05 2.12966e-06 3.10366e-07 3.88065e-08 3.93754e-09
 1.73004e-11 1.87779e-09 1.20178e-07 4.53516e-06 0.000100913 0.00132402 0.0102439 0.046753 0.126092 0.202735 0.202771 0.148967 0.110288 0.0822521 0.0457263 0.0168787 0.00451018 0.00105893 0.000237049 4.76798e-05 8.39601e-06 1.27113e-06 1.61865e-07 1.73248e-08 1.54938e-09
 1.67782e-11 1.82112e-09 1.16551e-07 4.39828e-06 9.78673e-05 0.00128407 0.0099349 0.0453452 0.12233 0.196976 0.198371 0.149316 0.115025 0.0877413 0.0491042 0.0181769 0.0048658 0.00113172 0.00024285 4.49066e-05 7.15473e-06 1.00176e-06 1.19794e-07 1.18063e-08 9.36122e-10
 1.77954e-11 1.93152e-09 1.23617e-07 4.66492e-06 0.0001038 0.0013619 0.0105369 0.0480876 0.129657 0.208188 0.206914 0.148555 0.105677 0.0769826 0.0425921 0.0157922 0.00427139 0.00100943 0.000219044 4.04701e-05 6.29545e-06 8.3068e-07 9.09983e-08 8.18552e-09 5.97935e-10
 1.9091e-11 2.07214e-09 1.32617e-07 5.00454e-06 0.000111357 0.00146105 0.0113037 0.0515811 0.138993 0.222508 0.217982 0.1481 0.0945523 0.063787 0.0340547 0.0120089 0.00287326 0.000554682 0.000102456 1.78658e-05 2.76749e-06 3.66104e-07 3.95522e-08 3.40953e-09 2.31855e-10
 1.88932e-11 2.05068e-09 1.31243e-07 4.95271e-06 0.000110204 0.00144591 0.0111867 0.0510481 0.13757 0.220341 0.216377 0.148403 0.0966049 0.0660341 0.0352537 0.0122536 0.00279559 0.000483014 7.58183e-05 1.10093e-05 1.4063e-06 1.60771e-07 1.62769e-08 1.37919e-09 9.26621e-11
 1.93271e-11 2.09777e-09 1.34257e-07 5.06643e-06 0.000112734 0.00147911 0.0114434 0.0522176 0.140694 0.225116 0.219992 0.147999 0.0924975 0.0613682 0.0325167 0.0113545 0.00264097 0.000474546 7.6762e-05 1.08346e-05 1.24489e-06 1.19859e-07 9.9599e-09 7.06319e-10 4.20694e-11
 1.95698e-11 2.12412e-09 1.35943e-07 5.13007e-06 0.00011415 0.00149769 0.0115871 0.0528722 0.142444 0.227802 0.222078 0.147949 0.0904663 0.0589289 0.0308967 0.0105911 0.00233532 0.000372145 5.20683e-05 6.83181e-06 7.82662e-07 7.56888e-08 6.00613e-09 3.78047e-10 1.88882e-11
 1.98607e-11 2.15569e-09 1.37964e-07 5.20632e-06 0.000115847 0.00151995 0.0117593 0.0536566 0.144539 0.231012 0.224535 0.147768 0.0878487 0.0558881 0.0290167 0.00985569 0.00211952 0.000315958 3.93154e-05 4.53021e-06 4.54149e-07 3.85976e-08 2.82561e-09 1.72765e-10 8.41307e-12
 1.95225e-11 2.11898e-09 1.35615e-07 5.11767e-06 0.000113874 0.00149407 0.0115591 0.0527447 0.142103 0.22728 0.221677 0.147973 0.0908841 0.0594191 0.0312071 0.0107203 0.00237666 0.000382159 5.30453e-05 6.49063e-06 6.32906e-07 4.87301e-08 3.1166e-09 1.66012e-10 7.18869e-12
 2.0394e-11 2.21358e-09 1.41669e-07 5.34613e-06 0.000118958 0.00156076 0.0120749 0.0550945 0.14838 0.23689 0.229012 0.147364 0.0829396 0.0502413 0.0256035 0.00861169 0.00181424 0.00025582 2.88028e-05 3.04047e-06 2.92964e-07 2.40516e-08 1.61732e-09 8.45579e-11 3.35682e-12
#obs catch len freq
 2.91041e-11 2.69727e-09 1.47395e-07 4.74926e-06 9.02324e-05 0.00101091 0.00668043 0.0260788 0.0606243 0.0874235 0.0928399 0.103883 0.128582 0.138561 0.127817 0.103189 0.0679063 0.0350102 0.0142775 0.00460794 0.00115787 0.000220846 3.07597e-05 2.98775e-06 1.94296e-07
 4.94823e-11 4.423e-09 2.33116e-07 7.24459e-06 0.000132754 0.00143447 0.00914202 0.0344059 0.0769619 0.105789 0.103474 0.10286 0.119069 0.128192 0.120487 0.0956506 0.0590671 0.0280998 0.0108185 0.003403 0.000833549 0.000150703 1.93674e-05 1.71863e-06 1.02485e-07
 2.8072e-11 2.41597e-09 1.22602e-07 3.66854e-06 6.47282e-05 0.000673561 0.00413767 0.0150805 0.0334694 0.0508836 0.0729338 0.117326 0.162834 0.17251 0.150958 0.11165 0.0647851 0.0287771 0.0101829 0.00293344 0.000667919 0.000113979 1.38406e-05 1.14777e-06 6.31269e-08
 1.97295e-18 8.67274e-16 2.24794e-13 3.43562e-11 3.09619e-09 1.64543e-07 5.15773e-06 9.5427e-05 0.00104444 0.0068096 0.0270099 0.0690065 0.12749 0.190756 0.225445 0.188567 0.106033 0.0415535 0.0124255 0.00304638 0.000608085 9.32887e-05 1.03633e-05 7.94791e-07 4.05808e-08
 1.49307e-10 1.18557e-08 5.55083e-07 1.53243e-05 0.000249458 0.00239476 0.0135651 0.0454783 0.0916822 0.11988 0.131098 0.158661 0.174586 0.134893 0.0727891 0.0325026 0.0141236 0.00568106 0.00185204 0.000454117 8.19924e-05 1.08884e-05 1.05038e-06 7.13006e-08 3.27858e-09
 2.7081e-10 2.06093e-08 9.24805e-07 2.44695e-05 0.00038176 0.00351215 0.0190586 0.0610928 0.116584 0.137755 0.119085 0.108986 0.116626 0.11665 0.098923 0.0639895 0.0279208 0.00777229 0.00141835 0.000192449 2.31458e-05 2.50798e-06 2.12467e-07 1.26695e-08 5.09296e-10
 4.71816e-10 3.43667e-08 1.47601e-06 3.73791e-05 0.000558162 0.0049148 0.0255261 0.0783098 0.142969 0.161294 0.131911 0.111771 0.108206 0.0953652 0.0713521 0.0427686 0.0184029 0.00537102 0.00107298 0.000151184 1.5267e-05 1.1179e-06 6.13847e-08 2.60886e-09 8.36875e-11
 6.10525e-10 4.25088e-08 1.74519e-06 4.22468e-05 0.000603033 0.00507598 0.0252072 0.0740221 0.130091 0.145089 0.127775 0.124573 0.125797 0.106127 0.0737646 0.0407425 0.0160287 0.00420976 0.000746476 9.45201e-05 8.947e-06 6.28654e-07 3.1465e-08 1.08436e-09 2.54292e-11
 9.20867e-10 6.12159e-08 2.39949e-06 5.54577e-05 0.000755788 0.00607396 0.0287985 0.0807436 0.135492 0.14431 0.121653 0.115294 0.117612 0.105244 0.0782433 0.0440415 0.0167937 0.00413684 0.00066829 7.46508e-05 6.09125e-06 3.6969e-07 1.6355e-08 5.10741e-10 1.09228e-11
 1.34549e-09 8.53008e-08 3.18869e-06 7.02845e-05 0.000913494 0.00700162 0.0316656 0.0847572 0.13634 0.141783 0.122587 0.120964 0.121306 0.10317 0.0724414 0.0387459 0.0142072 0.00342396 0.000552331 6.22332e-05 5.02661e-06 2.88778e-07 1.15478e-08 3.16617e-10 5.89683e-12
 2.0412e-09 1.23283e-07 4.39048e-06 9.21953e-05 0.00114158 0.00833594 0.0359199 0.0916394 0.140768 0.140936 0.11987 0.117981 0.118264 0.101628 0.0711978 0.0366395 0.0124746 0.00269465 0.00037419 3.51737e-05 2.38715e-06 1.20824e-07 4.46918e-09 1.15639e-10 2.01646e-12
 2.94462e-09 1.69267e-07 5.73723e-06 0.000114663 0.00135129 0.00939176 0.0385289 0.0937005 0.138061 0.136078 0.120606 0.1237 0.122468 0.101663 0.0681008 0.0331858 0.0106148 0.00213417 0.000271296 2.26703e-05 1.31538e-06 5.51517e-08 1.67613e-09 3.61668e-11 5.41489e-13
 4.82346e-09 2.63651e-07 8.4974e-06 0.000161485 0.00180961 0.0119594 0.0466509 0.10786 0.150956 0.1408 0.117429 0.114939 0.112149 0.0935113 0.0620308 0.0291051 0.00878353 0.00164113 0.00019032 1.41285e-05 7.06554e-07 2.50143e-08 6.38446e-10 1.15567e-11 1.44521e-13
 5.80625e-09 3.01526e-07 9.233e-06 0.000166707 0.00177495 0.0111473 0.0413621 0.0914073 0.125134 0.124466 0.126002 0.1395 0.133718 0.103927 0.0638947 0.0279892 0.00793659 0.00139945 0.000153746 1.08415e-05 5.13524e-07 1.69721e-08 3.94151e-10 6.3106e-12 6.82021e-14
 8.02525e-09 3.95653e-07 1.15016e-05 0.000197151 0.00199279 0.0118823 0.0418697 0.0879804 0.115191 0.111947 0.114885 0.132747 0.138866 0.119932 0.0778193 0.0338015 0.00918162 0.00152812 0.000157299 1.03336e-05 4.53799e-07 1.38801e-08 2.98888e-10 4.44572e-12 4.45248e-14
 1.41874e-08 6.63568e-07 1.83003e-05 0.000297593 0.00285372 0.0161425 0.0539555 0.10748 0.132997 0.120855 0.114813 0.12479 0.124901 0.103293 0.0636616 0.0261048 0.00668039 0.00104795 0.000101875 6.33682e-06 2.63749e-07 7.61949e-09 1.53742e-10 2.12389e-12 1.96256e-14
 1.95321e-08 8.6616e-07 2.26484e-05 0.0003492 0.00317508 0.0170337 0.0540609 0.102847 0.124713 0.119934 0.126676 0.139138 0.130137 0.0986112 0.056031 0.0213579 0.00509699 0.000744658 6.70682e-05 3.83096e-06 1.45016e-07 3.79467e-09 6.97117e-11 8.85293e-13 7.5748e-15
 3.36788e-08 1.41531e-06 3.507e-05 0.000512408 0.00441502 0.022443 0.0674598 0.121255 0.137439 0.120029 0.115036 0.123164 0.11897 0.0929056 0.0522759 0.019109 0.00430613 0.000589881 4.95654e-05 2.62472e-06 9.13182e-08 2.17635e-09 3.61841e-11 4.14631e-13 3.19751e-15
 5.05112e-08 2.0107e-06 4.7195e-05 0.000653201 0.00533155 0.02568 0.0732238 0.125541 0.138935 0.125867 0.126819 0.129826 0.112374 0.0782397 0.0402461 0.0137935 0.00298055 0.000402815 3.47956e-05 1.99044e-06 7.74773e-08 2.05194e-09 3.61596e-11 4.14176e-13 3.04762e-15
 6.86279e-08 2.58693e-06 5.74987e-05 0.000753596 0.00582507 0.0265779 0.0718875 0.117672 0.127686 0.120749 0.129589 0.136405 0.120361 0.0839616 0.041852 0.0135418 0.00271579 0.00033535 2.6006e-05 1.318e-06 4.57558e-08 1.1192e-09 1.91483e-11 2.22515e-13 1.70496e-15
 1.01109e-07 3.60826e-06 7.59269e-05 0.000942114 0.00689464 0.0297896 0.0763742 0.119021 0.125085 0.118729 0.129035 0.136134 0.120365 0.0828059 0.0398032 0.0122844 0.00235361 0.000280803 2.14271e-05 1.08666e-06 3.7738e-08 9.00485e-10 1.44968e-11 1.54374e-13 1.07579e-15
 1.79242e-07 6.05488e-06 0.000120604 0.00141653 0.00981249 0.0401255 0.0972959 0.142928 0.139694 0.120144 0.11939 0.119538 0.101744 0.0668753 0.0303606 0.00878797 0.00157308 0.00017485 1.24042e-05 5.85392e-07 1.90549e-08 4.31734e-10 6.68823e-12 6.90677e-14 4.66173e-16
 2.22423e-07 7.11175e-06 0.000134081 0.00149068 0.0097765 0.0378885 0.0874881 0.125073 0.128519 0.130117 0.142333 0.136123 0.104657 0.06219 0.0259358 0.00697294 0.00116538 0.000121196 8.04727e-06 3.54891e-07 1.07558e-08 2.25928e-10 3.23612e-12 3.09119e-14 1.93702e-16
 3.42268e-07 1.03584e-05 0.000184847 0.00194518 0.0120746 0.044285 0.0967075 0.130342 0.125143 0.118786 0.128799 0.130729 0.108686 0.0668005 0.0273189 0.00698322 0.00109332 0.00010555 6.44986e-06 2.59559e-07 7.14316e-09 1.36424e-10 1.78547e-12 1.56478e-14 9.01123e-17
 5.03703e-07 1.44296e-05 0.000243744 0.002428 0.0142692 0.0495812 0.102907 0.133637 0.128942 0.127514 0.135897 0.127375 0.0962413 0.0543451 0.0207462 0.00502356 0.000758138 7.22841e-05 4.49196e-06 1.8781e-07 5.34922e-09 1.02558e-10 1.29574e-12 1.06243e-14 5.61724e-17
 7.43416e-07 2.01607e-05 0.000322388 0.00304017 0.0169155 0.0556656 0.109588 0.135854 0.127579 0.125517 0.133235 0.124752 0.0934275 0.0509737 0.018361 0.00412628 0.000569187 4.86915e-05 2.66226e-06 9.70965e-08 2.45077e-09 4.32012e-11 5.21718e-13 4.19518e-15 2.19304e-17
 9.09446e-07 2.33506e-05 0.000353531 0.00315676 0.0166381 0.0519675 0.0979697 0.120554 0.123008 0.136511 0.148933 0.134881 0.09592 0.0493336 0.0167114 0.00353654 0.000461419 3.75926e-05 1.97062e-06 6.88857e-08 1.64326e-09 2.67078e-11 2.90574e-13 2.08033e-15 9.70308e-18
 1.21067e-06 2.94339e-05 0.000421972 0.00356798 0.0178114 0.0527396 0.0946362 0.112605 0.115396 0.132156 0.149987 0.142695 0.104219 0.0527763 0.017093 0.00341295 0.000418215 3.19776e-05 1.57506e-06 5.18488e-08 1.16758e-09 1.79428e-11 1.84505e-13 1.24387e-15 5.42097e-18
#spawning biomass
 18950.4 24370.9 23372.4 25424.9 37811.4 53343.9 68383.8 94362.5 119737 140932 162952 210912 270915 285894 289121 228969 206955 222954 228543 234546 234694 227035 237716 269281 259696 244239 271396 211664 183117 362146 312727 234781 165109 114628 81978.5 62306.5 51005 44726.2 41321.6 39508.3 38555.5 38059.9 37803.9 37670.9 37604.1 37570.6 37553.8 37545.3 37541.1 37538.9 37537.9 37537.3 37537.1 37536.9 37536.9 37536.8 37536.8 37536.8 37536.8 37536.8 37536.8 37536.8 37536.8 37536.8 37536.8 37536.8 37536.8 37536.8 37536.8 37536.8 37536.8 37536.8 37536.8 37536.8 37536.8 37536.8 37536.8 37536.8 37536.8 37536.8 37536.8 37536.8 37536.8 37536.8 37536.8 37536.8 37536.8 37536.8 37536.8 37536.8 37536.8 37536.8 37536.8 37536.8 37536.8 37536.8 37536.8 37536.8 37536.8 37536.8 37536.8 37536.8 37536.8 37536.8 37536.8 37536.8 37536.8 37536.8 37536.8 37536.8 37536.8 37536.8 37536.8 37536.8 37536.8 37536.8 37536.8 37536.8 37536.8 37536.8 37536.8 37536.8 37536.8 37536.8 37536.8 37536.8 37536.8 37536.8 0 0 0 0 0 0 0 0 0 0 0 0 0 0 0 0 0 0 0 0 0 0 0 0 0
