SBPRF35
0.246486
Curr Bio
196574
B35
194330
F35
0.403078
FOFL
0.403078
OFL
73049.8
Bzero
70424.6
#pred survey bio
 25229.2 22247.5 16854 14780.1 24530.2 39500.3 53601.7 64879 86539.7 112380 142106 156820 189366 233005 236525 216717 212781 210284 212947 197599 197426 206700 217343 224028 252294 268978 263972 256280 281732 6.43543e+06 5.21595e+06 3.68592e+06 2.46343e+06 1.68512e+06 1.23931e+06 997057 868236 799794 762923 742577 731013 724229 720130 717587 715973 714940 714268 713828 713538 713346 713218 713132 713075 713037 713012 712995 712983 712975 712970 712967 712965 712963 712962 712961 712961 712961 712960 712960 712960 712960 712960 712960 712960 712960 712960 712960 712960 712960 712960 712960 712960 712960 712960 712960 712960 712960 712960 712960 712960 712960 712960 712960 712960 712960 712960 712960 712960 712960 712960 712960 712960 712960 712960 712960 712960 712960 712960 712960 712960 712960 712960 712960 712960 712960 712960 712960 712960 712960 712960 712960 712960 712960 712960 712960 712960 712960 712960 712960 712960 0 0 0 0 0 0 0 0 0 0 0 0 0 0 0 0 0 0 0 0 0 0 0 0 0
#obs survey bio
 20646.6 17595.9 10552 19008.2 29624.4 36847.5 70128.6 73089.4 92504.1 131506 158198 171434 137506 199970 251632 288154 187404 235904 154022 163578 246938 175265 288200 239373 258273 289549 311718 274568 249145
#pred catch bio
 3441.66 3952.03 3552.89 3017.66 5175.73 8518.33 13849.1 16658.6 24124.7 33656.2 54653.4 58848.6 71822.4 98706.6 104675 92395.5 89541.2 79261 89919 80965.9 78201.7 83919.2 91336.6 84677.2 95996.9 105462 105496 88373.7 113655 73049.8 66602 45489.2 29137 19130.7 13675.4 10896.4 9539.95 8895.91 8595.72 8457.53 8394.46 8365.84 8352.91 8347.08 8344.46 8343.28 8342.76 8342.52 8342.42 8342.37 8342.35 8342.34 8342.33 8342.33 8342.33 8342.33 8342.33 8342.33 8342.33 8342.33 8342.33 8342.33 8342.33 8342.33 8342.33 8342.33 8342.33 8342.33 8342.33 8342.33 8342.33 8342.33 8342.33 8342.33 8342.33 8342.33 8342.33 8342.33 8342.33 8342.33 8342.33 8342.33 8342.33 8342.33 8342.33 8342.33 8342.33 8342.33 8342.33 8342.33 8342.33 8342.33 8342.33 8342.33 8342.33 8342.33 8342.33 8342.33 8342.33 8342.33 8342.33 8342.33 8342.33 8342.33 8342.33 8342.33 8342.33 8342.33 8342.33 8342.33 8342.33 8342.33 8342.33 8342.33 8342.33 8342.33 8342.33 8342.33 8342.33 8342.33 8342.33 8342.33 8342.33 8342.33 8342.33 8342.33 8342.33 8342.33 8342.33 0 0 0 0 0 0 0 0 0 0 0 0 0 0 0 0 0 0 0 0 0 0 0 0 0
#obs catch bio
 3910.82 4185.17 3950.38 3141.8 5169.98 8262.59 13630.3 16234.2 23230.9 31430.4 51053.7 54859.9 71784 100755 106762 90879.9 91448.3 79869.7 91946.8 84514.8 75974.6 86647.1 88711.8 82502.1 93738.1 103095 102080 86205.9 114539
#pred cpue bio
 24366.2 21918 16676.2 14000.9 21890.6 36297.2 50107 60614.6 79702.5 103929 131212 144553 173076 212908 219241 201518 196505 194803 198843 183756 182602 191131 200415 206571 232538 249635 246399 238381 261583 5.97166e+06 5.16532e+06 3.65203e+06 2.42987e+06 1.65156e+06 1.20576e+06 963503 834682 766239 729368 709023 697458 690675 686576 684032 682419 681385 680714 680274 679984 679791 679663 679578 679521 679483 679457 679440 679429 679421 679416 679412 679410 679409 679408 679407 679406 679406 679406 679406 679406 679406 679406 679406 679406 679405 679405 679405 679405 679405 679405 679405 679405 679405 679405 679405 679405 679405 679405 679405 679405 679405 679405 679405 679405 679405 679405 679405 679405 679405 679405 679405 679405 679405 679405 679405 679405 679405 679405 679405 679405 679405 679405 679405 679405 679405 679405 679405 679405 679405 679405 679405 679405 679405 679405 679405 679405 679405 679405 679405 679405 0 0 0 0 0 0 0 0 0 0 0 0 0 0 0 0 0 0 0 0 0 0 0 0 0
#obs cpue bio
 17193.3 11770.4 10770.5 19605.8 32351.9 58093.6 34872.2 63580.6 94212 135689 147832 163551 161325 228765 192426 183656 179731 161893 263531 163277 226856 147223 238399 196473 257564 251804 259519 209706 275149
#pred surv len freq
 2.42501e-11 1.14061e-09 3.71489e-08 8.37801e-07 1.30835e-05 0.00014148 0.00105941 0.00549371 0.0197349 0.0491724 0.0854018 0.105377 0.0988041 0.0839048 0.0788059 0.078573 0.0735266 0.0651684 0.0572008 0.0496997 0.0426935 0.0366121 0.0306218 0.0232659 0.0147284
 1.14385e-11 5.38012e-10 1.75227e-08 3.95181e-07 6.17135e-06 6.6736e-05 0.000499759 0.00259232 0.00932298 0.0233349 0.0412474 0.0542832 0.0617134 0.0744761 0.0945524 0.106996 0.103345 0.091885 0.0805337 0.069573 0.0584225 0.0476521 0.0371833 0.0264165 0.0158976
 9.9137e-12 4.66293e-10 1.51869e-08 3.42502e-07 5.34867e-06 5.7839e-05 0.000433114 0.00224622 0.0080726 0.0201493 0.0352372 0.0446354 0.0456789 0.0474158 0.0575029 0.0734792 0.090677 0.104813 0.109165 0.101274 0.0859932 0.0685661 0.0510341 0.0341509 0.0194124
 3.55363e-11 1.67146e-09 5.44383e-08 1.22772e-06 1.91726e-05 0.000207324 0.00155241 0.0080493 0.0289023 0.0718866 0.123978 0.148869 0.126484 0.0807912 0.0466971 0.0331503 0.0319845 0.0370773 0.0450943 0.0513627 0.0515121 0.0447656 0.0337708 0.0219368 0.0119075
 4.58708e-11 2.15754e-09 7.02698e-08 1.58476e-06 2.47483e-05 0.000267617 0.00200388 0.0103903 0.0373099 0.0928153 0.160189 0.192896 0.16561 0.10923 0.0664141 0.0442776 0.0299957 0.0187758 0.0127024 0.011523 0.0122908 0.0122352 0.0102561 0.00699076 0.00379973
 3.63672e-11 1.71054e-09 5.57112e-08 1.25642e-06 1.96209e-05 0.000212173 0.00158875 0.00823846 0.0295915 0.0736996 0.127781 0.156626 0.143438 0.114312 0.0968468 0.0849692 0.0647041 0.0403556 0.0220748 0.0120005 0.00749829 0.00580368 0.00479716 0.00346504 0.00197637
 3.22775e-11 1.51818e-09 4.94461e-08 1.11513e-06 1.74144e-05 0.000188313 0.00141009 0.00731209 0.0262652 0.0654259 0.113509 0.139484 0.128918 0.105494 0.0938808 0.0885885 0.0765229 0.0587912 0.0410074 0.025387 0.0136961 0.00691229 0.00375332 0.00221934 0.00121519
 3.33389e-11 1.5681e-09 5.1072e-08 1.1518e-06 1.7987e-05 0.000194505 0.00145645 0.00755233 0.027126 0.0675491 0.117049 0.143156 0.13015 0.102082 0.0859511 0.0790509 0.0691823 0.0561147 0.0434362 0.0312365 0.0197841 0.0107429 0.00506767 0.0021915 0.000907333
 3.7522e-11 1.76485e-09 5.74801e-08 1.29632e-06 2.02439e-05 0.000218909 0.00163918 0.00849966 0.0305255 0.0759845 0.13146 0.159812 0.142161 0.10487 0.0800876 0.068237 0.0568673 0.0443275 0.0337778 0.0251014 0.0172886 0.0105076 0.00542946 0.00233937 0.000844156
 3.56953e-11 1.67893e-09 5.46818e-08 1.23321e-06 1.92584e-05 0.000208252 0.00155939 0.0080861 0.0290428 0.0723186 0.125288 0.153111 0.138775 0.107774 0.0887072 0.0783099 0.063635 0.0461033 0.032056 0.0222568 0.0149932 0.00935436 0.00514235 0.00237204 0.000885872
 3.62358e-11 1.70436e-09 5.55098e-08 1.25188e-06 1.955e-05 0.000211406 0.001583 0.00820846 0.0294814 0.0734017 0.127103 0.155042 0.139617 0.106605 0.0858794 0.0756018 0.062874 0.0473608 0.0337002 0.0228347 0.0144551 0.00849684 0.00455984 0.00213525 0.000827036
 3.65283e-11 1.71812e-09 5.59579e-08 1.26199e-06 1.97078e-05 0.000213112 0.00159578 0.00827473 0.0297195 0.0739953 0.128137 0.156327 0.140847 0.107652 0.0866782 0.0758033 0.0620764 0.0457833 0.0321672 0.0218941 0.0139451 0.00807873 0.00418233 0.0018896 0.00071983
 3.86642e-11 1.81858e-09 5.92299e-08 1.33578e-06 2.08602e-05 0.000225573 0.00168908 0.00875841 0.031455 0.0782995 0.135475 0.16474 0.146686 0.108453 0.0828897 0.06994 0.0565491 0.0414887 0.0289086 0.0194172 0.0122085 0.00700932 0.00359429 0.00159679 0.000594421
 3.83829e-11 1.80535e-09 5.8799e-08 1.32606e-06 2.07084e-05 0.000223932 0.0016768 0.00869477 0.0312271 0.0777396 0.134556 0.163853 0.146634 0.109941 0.0857478 0.0728538 0.0580079 0.0411061 0.0274808 0.0178945 0.0110391 0.00624739 0.0031608 0.00138576 0.000508607
 3.44146e-11 1.6187e-09 5.272e-08 1.18897e-06 1.85675e-05 0.000200781 0.00150345 0.00779616 0.0280031 0.0697458 0.120942 0.148322 0.136113 0.109213 0.094058 0.0853165 0.0697012 0.0498274 0.0331818 0.021166 0.0126257 0.00689495 0.00338916 0.00145517 0.000525574
 3.40672e-11 1.60236e-09 5.21877e-08 1.17696e-06 1.838e-05 0.000198754 0.00148827 0.00771737 0.0277193 0.0690315 0.119652 0.146499 0.133687 0.105819 0.0898991 0.082106 0.0695839 0.0531219 0.0380407 0.0254558 0.01541 0.00832448 0.00398536 0.00165843 0.000582259
 3.62657e-11 1.70577e-09 5.55557e-08 1.25292e-06 1.95662e-05 0.000211581 0.00158431 0.00821523 0.0295055 0.07346 0.127192 0.155093 0.139478 0.106109 0.085017 0.0746316 0.0622226 0.047416 0.0345867 0.0241697 0.0155005 0.00881378 0.00433869 0.00180856 0.000624821
 3.50997e-11 1.65092e-09 5.37694e-08 1.21263e-06 1.8937e-05 0.000204778 0.00153337 0.00795122 0.0285589 0.0711181 0.123239 0.150755 0.137119 0.107511 0.089797 0.0802494 0.0659183 0.0483281 0.0337735 0.0230839 0.0149179 0.00876123 0.00450777 0.00195696 0.000693831
 3.29022e-11 1.54756e-09 5.04031e-08 1.13672e-06 1.77515e-05 0.000191957 0.00143738 0.00745356 0.0267728 0.0666844 0.115652 0.141927 0.130554 0.105479 0.0920384 0.0851572 0.0720379 0.0545684 0.0390146 0.0265616 0.0167765 0.00967084 0.00498424 0.00221093 0.000808628
 3.45039e-11 1.6229e-09 5.28567e-08 1.19205e-06 1.86156e-05 0.000201302 0.00150734 0.00781622 0.0280735 0.069905 0.121107 0.148007 0.134186 0.104402 0.0866295 0.0781969 0.0665449 0.0517807 0.0384302 0.0271026 0.0175341 0.010185 0.00522249 0.00230328 0.00084526
 3.59142e-11 1.68923e-09 5.50172e-08 1.24078e-06 1.93765e-05 0.00020953 0.00156895 0.00813563 0.02922 0.0727527 0.125991 0.153741 0.138621 0.106193 0.0858927 0.0756244 0.0626619 0.0472107 0.0342247 0.0241827 0.0160254 0.00960001 0.00504265 0.00225178 0.000829594
 3.57358e-11 1.68084e-09 5.47439e-08 1.23461e-06 1.92802e-05 0.000208489 0.00156116 0.00809526 0.0290755 0.0723978 0.12541 0.153188 0.138622 0.107226 0.0878939 0.0777977 0.0640136 0.0472921 0.0332677 0.0227706 0.0147533 0.00879492 0.00467757 0.00213217 0.00080062
 3.64561e-11 1.71472e-09 5.58474e-08 1.2595e-06 1.96689e-05 0.000212691 0.00159263 0.00825838 0.0296608 0.0738489 0.127881 0.156009 0.140539 0.107389 0.0864934 0.0758189 0.0624077 0.0463159 0.0325924 0.0220508 0.013954 0.00809535 0.00422229 0.00191364 0.000723144
 3.632e-11 1.70832e-09 5.56388e-08 1.25479e-06 1.95954e-05 0.000211897 0.00158668 0.00822757 0.0295504 0.0735774 0.127434 0.155568 0.140477 0.108025 0.0877478 0.0771016 0.0630554 0.0461855 0.0320612 0.0215097 0.0135222 0.0077517 0.00396772 0.00176257 0.000656535
 3.6478e-11 1.71575e-09 5.58809e-08 1.26025e-06 1.96807e-05 0.000212819 0.00159358 0.00826335 0.0296787 0.0738941 0.127965 0.156134 0.140725 0.107683 0.0869031 0.0762398 0.0626879 0.0463768 0.0324462 0.0217454 0.0135507 0.0076773 0.00388021 0.0016992 0.000623067
 3.45053e-11 1.62296e-09 5.28589e-08 1.1921e-06 1.86164e-05 0.00020131 0.00150741 0.00781663 0.0280759 0.0699201 0.121195 0.148406 0.13547 0.107253 0.0908797 0.0821432 0.0680751 0.050315 0.0351743 0.023648 0.0148018 0.00839109 0.00421716 0.00182758 0.000661621
 3.30769e-11 1.55578e-09 5.06708e-08 1.14275e-06 1.78457e-05 0.000192977 0.00144501 0.00749312 0.0269146 0.0670346 0.11624 0.142554 0.130832 0.105101 0.0910681 0.0840734 0.071391 0.0545606 0.0394446 0.0270691 0.0170833 0.00971573 0.0048896 0.00211614 0.000762178
 3.4458e-11 1.62074e-09 5.27864e-08 1.19046e-06 1.85908e-05 0.000201034 0.00150534 0.00780582 0.0280362 0.0698124 0.120949 0.147822 0.134046 0.104348 0.086636 0.078196 0.0664916 0.0517178 0.0384667 0.0272913 0.0177964 0.0103906 0.00531467 0.0023174 0.000836299
 3.49182e-11 1.64239e-09 5.34915e-08 1.20637e-06 1.88391e-05 0.000203719 0.00152544 0.00791007 0.0284105 0.0707434 0.122554 0.149749 0.135673 0.105322 0.0869355 0.0777328 0.0650859 0.0495703 0.0363126 0.0258448 0.0172169 0.0103693 0.00547303 0.00244792 0.000898642
#obs surv len freq
 2.23259e-11 1.0501e-09 3.42012e-08 7.71323e-07 1.20453e-05 0.000130254 0.000975355 0.00505796 0.0181714 0.045294 0.0787846 0.097771 0.093441 0.0828775 0.0814522 0.082262 0.0760486 0.0667795 0.0600803 0.0552098 0.0495591 0.0418155 0.031908 0.0210141 0.0113549
 1.05842e-15 4.98508e-14 1.63239e-12 3.7601e-11 6.35977e-10 8.97253e-09 1.29505e-07 1.95502e-06 2.53266e-05 0.000243839 0.00165823 0.00786184 0.0259685 0.0601716 0.0997139 0.123672 0.125242 0.115635 0.103831 0.0912482 0.0785326 0.065318 0.0499877 0.0330444 0.0178441
 1.32271e-11 6.22139e-10 2.02627e-08 4.56974e-07 7.1363e-06 7.71686e-05 0.000577822 0.00299595 0.0107562 0.0267409 0.0460371 0.0549207 0.0457059 0.0283619 0.0206036 0.0333512 0.0649876 0.100285 0.120546 0.120094 0.106301 0.0869723 0.0651444 0.0425981 0.0229359
 5.20404e-11 2.44773e-09 7.97209e-08 1.79791e-06 2.80769e-05 0.00030361 0.00227337 0.0117873 0.0423206 0.105224 0.181221 0.216408 0.1799 0.10572 0.0464426 0.0180079 0.00849395 0.00692869 0.0093535 0.0131165 0.015255 0.0144319 0.0113517 0.00745 0.00398121
 3.37101e-11 1.58556e-09 5.16407e-08 1.16463e-06 1.81874e-05 0.000196672 0.00147269 0.00763694 0.0274354 0.0683722 0.118836 0.147032 0.138998 0.119523 0.110479 0.0995451 0.0721402 0.0389308 0.0165337 0.00766581 0.0061885 0.0064757 0.0059092 0.00424861 0.00236013
 4.01257e-11 1.88732e-09 6.14687e-08 1.38628e-06 2.16487e-05 0.0002341 0.00175292 0.00908928 0.0326414 0.0812323 0.140412 0.170097 0.149404 0.106284 0.0767638 0.0641132 0.0551443 0.044164 0.0313651 0.0185748 0.00908098 0.00430944 0.00256809 0.00173573 0.00100993
 2.37557e-11 1.11736e-09 3.63915e-08 8.20722e-07 1.28168e-05 0.000138597 0.00103785 0.00538246 0.0193434 0.0482757 0.0843835 0.106649 0.107974 0.107421 0.116165 0.117338 0.0980259 0.0700037 0.0476294 0.0320601 0.0198497 0.010519 0.00480508 0.00207755 0.000907603
 4.25374e-11 2.00076e-09 6.51633e-08 1.4696e-06 2.29498e-05 0.00024817 0.00185826 0.00963525 0.0345984 0.086067 0.148525 0.178778 0.15332 0.101151 0.0631772 0.0479951 0.0434646 0.040147 0.034106 0.0251515 0.0160038 0.00893441 0.00435346 0.00181417 0.000647061
 3.43369e-11 1.61504e-09 5.26008e-08 1.18628e-06 1.85255e-05 0.000200328 0.00150006 0.00777862 0.0279411 0.0696004 0.120751 0.148376 0.137051 0.111619 0.0972976 0.0869023 0.0672277 0.0441933 0.0283586 0.0199777 0.0143127 0.00913866 0.00487254 0.00212717 0.000755099
 3.95138e-11 1.85854e-09 6.05314e-08 1.36514e-06 2.13186e-05 0.00023053 0.00172619 0.00895075 0.0321446 0.0800028 0.138334 0.167802 0.148092 0.10678 0.0786155 0.065598 0.0547057 0.0422516 0.03023 0.0197886 0.0118999 0.0068043 0.00365625 0.00171285 0.000651473
 3.66232e-11 1.72258e-09 5.61032e-08 1.26527e-06 1.9759e-05 0.000213666 0.00159993 0.00829628 0.0297977 0.0741961 0.128528 0.157011 0.14211 0.109905 0.0897413 0.0783362 0.0625034 0.0439521 0.0294165 0.0195118 0.012273 0.00696651 0.00350157 0.00154182 0.000577843
 3.90801e-11 1.83814e-09 5.9867e-08 1.35015e-06 2.10846e-05 0.000228 0.00170725 0.0088526 0.031793 0.0791368 0.136898 0.166347 0.147724 0.108409 0.0819389 0.0688423 0.0560059 0.0414922 0.0288736 0.0189485 0.0114596 0.00632597 0.00314281 0.00135971 0.000493956
 3.98191e-11 1.8729e-09 6.09991e-08 1.37568e-06 2.14833e-05 0.000232311 0.00173953 0.00901999 0.0323942 0.0806338 0.13949 0.169511 0.150563 0.110478 0.0831675 0.068796 0.054088 0.0380534 0.0253345 0.0164651 0.0100895 0.00560102 0.00274591 0.0011613 0.00041228
 3.62863e-11 1.70673e-09 5.55872e-08 1.25363e-06 1.95773e-05 0.000211701 0.00158521 0.00822001 0.0295242 0.0735195 0.127386 0.155756 0.14143 0.110352 0.0913473 0.0806242 0.0647814 0.0455025 0.0296953 0.0186221 0.0109774 0.00593376 0.00287654 0.00120948 0.000425065
 3.15419e-11 1.48358e-09 4.83192e-08 1.08972e-06 1.70176e-05 0.000184022 0.00137796 0.00714556 0.0256682 0.063949 0.111018 0.136758 0.127454 0.10638 0.0966937 0.0913772 0.0774203 0.0579681 0.0404102 0.026352 0.0155838 0.00824019 0.00387177 0.00158404 0.000546324
 3.60509e-11 1.69566e-09 5.52265e-08 1.2455e-06 1.94502e-05 0.000210327 0.00157492 0.00816649 0.0293299 0.0730157 0.126376 0.153881 0.137705 0.103416 0.0816154 0.0720392 0.0622665 0.0502695 0.0385422 0.0274022 0.0173781 0.0096457 0.00462544 0.00188251 0.000636842
 3.67356e-11 1.72787e-09 5.62755e-08 1.26915e-06 1.98197e-05 0.000214322 0.00160484 0.00832167 0.029888 0.0744123 0.128843 0.157115 0.141312 0.107471 0.0857941 0.0743791 0.0604081 0.0443713 0.0316456 0.0224945 0.0151558 0.00912723 0.00470696 0.00201496 0.000699582
 3.22227e-11 1.5156e-09 4.93622e-08 1.11324e-06 1.73849e-05 0.000187993 0.0014077 0.00729972 0.0262214 0.0653208 0.113356 0.139434 0.129292 0.106542 0.0951723 0.0887 0.0741703 0.0547704 0.0381109 0.0256336 0.0163517 0.00968357 0.00514355 0.00232788 0.000856022
 3.30953e-11 1.55664e-09 5.06989e-08 1.14339e-06 1.78556e-05 0.000193084 0.00144581 0.00749719 0.0269285 0.0670603 0.116226 0.142263 0.129703 0.102492 0.0871849 0.0805907 0.0703156 0.0562865 0.0425638 0.0299741 0.0191208 0.0109916 0.00565829 0.00253678 0.000949281
 3.51738e-11 1.65441e-09 5.38829e-08 1.2152e-06 1.8977e-05 0.00020521 0.00153661 0.0079679 0.0286177 0.071253 0.123396 0.150582 0.135804 0.104142 0.0845329 0.0750957 0.0634278 0.0494221 0.0373663 0.0273846 0.0185662 0.0112116 0.00587976 0.00262007 0.000968926
 3.59791e-11 1.69228e-09 5.51166e-08 1.24302e-06 1.94115e-05 0.000209908 0.00157179 0.00815033 0.0292729 0.0728839 0.126217 0.154009 0.138838 0.106299 0.0858761 0.075459 0.0622967 0.0466532 0.0336306 0.0238117 0.0160421 0.00991386 0.0054063 0.00249606 0.000941969
 3.55959e-11 1.67426e-09 5.45296e-08 1.22978e-06 1.92048e-05 0.000207673 0.00155505 0.00806358 0.0289619 0.0721154 0.124926 0.152621 0.138186 0.107056 0.0879766 0.0780574 0.0643825 0.0476885 0.0335792 0.0229386 0.014838 0.00889399 0.00481113 0.00225155 0.000870713
 3.69539e-11 1.73813e-09 5.66099e-08 1.2767e-06 1.99374e-05 0.000215595 0.00161437 0.00837108 0.0300651 0.0748494 0.129574 0.157889 0.141637 0.106989 0.0847339 0.0736338 0.0607958 0.0456166 0.0325171 0.0221944 0.0140961 0.00818833 0.00428513 0.00196038 0.000753015
 3.66028e-11 1.72162e-09 5.6072e-08 1.26457e-06 1.9748e-05 0.000213547 0.00159903 0.00829162 0.0297803 0.0741472 0.128404 0.156676 0.14123 0.10808 0.0871442 0.0761554 0.0620973 0.0454141 0.031573 0.0213153 0.0135267 0.00782431 0.00403111 0.00180013 0.00067506
 3.69135e-11 1.73623e-09 5.6548e-08 1.2753e-06 1.99156e-05 0.00021536 0.00161261 0.00836196 0.0300327 0.0747722 0.129464 0.157865 0.141967 0.107959 0.0862885 0.0751633 0.0615449 0.0453456 0.0315822 0.0210962 0.013141 0.00747108 0.00380077 0.00167699 0.000619313
 3.25041e-11 1.52884e-09 4.97933e-08 1.12296e-06 1.75367e-05 0.000189635 0.00141999 0.00736346 0.0264502 0.0658896 0.114335 0.140599 0.130246 0.107062 0.0953029 0.0885586 0.0738392 0.0543564 0.0377037 0.0251494 0.015638 0.00882501 0.0044293 0.0019237 0.000699772
 3.42396e-11 1.61046e-09 5.24518e-08 1.18292e-06 1.8473e-05 0.00019976 0.0014958 0.00775633 0.0278585 0.0693686 0.120173 0.146844 0.133072 0.103456 0.0859428 0.0781536 0.0675838 0.0536924 0.040306 0.0281931 0.0178255 0.0100754 0.0050346 0.00216844 0.000779743
 3.51662e-11 1.65405e-09 5.38712e-08 1.21493e-06 1.89729e-05 0.000205166 0.00153627 0.00796621 0.028612 0.0712422 0.1234 0.150698 0.136261 0.105206 0.0861493 0.076639 0.0641154 0.0490152 0.03626 0.0261265 0.0174987 0.0104473 0.0053987 0.00235502 0.000846758
 3.48045e-11 1.63703e-09 5.33171e-08 1.20244e-06 1.87778e-05 0.000203055 0.00152048 0.00788433 0.0283185 0.0705174 0.122185 0.149406 0.135703 0.106045 0.0883026 0.0791866 0.0659274 0.0494927 0.0355203 0.0248135 0.0163918 0.00992826 0.00532008 0.00241683 0.000896181
#pred catch len freq
 2.14976e-11 1.01115e-09 3.29324e-08 7.42707e-07 1.15985e-05 0.000125422 0.000939172 0.00487035 0.0174977 0.0436191 0.0759 0.0943267 0.0905944 0.0813314 0.0813257 0.0837295 0.0791834 0.0704397 0.0619316 0.0538497 0.0462702 0.0396821 0.0331902 0.0252174 0.0159638
 9.78155e-12 4.60078e-10 1.49844e-08 3.37937e-07 5.27741e-06 5.70693e-05 0.000427379 0.00221707 0.00797625 0.0199919 0.0355269 0.0476277 0.0567613 0.072906 0.0960436 0.110095 0.106796 0.0951662 0.0835285 0.0722101 0.0606517 0.0494739 0.0386055 0.0274269 0.0165057
 8.47123e-12 3.98446e-10 1.29771e-08 2.92667e-07 4.57043e-06 4.94235e-05 0.000370101 0.00191952 0.00689987 0.0172359 0.0302357 0.0387399 0.0410371 0.045311 0.0576945 0.0751304 0.0932281 0.10796 0.112524 0.104419 0.0886729 0.0707054 0.052627 0.035217 0.0200184
 3.29012e-11 1.54752e-09 5.04016e-08 1.13668e-06 1.77509e-05 0.00019195 0.0014373 0.0074525 0.02676 0.0665643 0.114841 0.138098 0.117992 0.0768805 0.0467909 0.035469 0.0353639 0.0413333 0.050352 0.0573712 0.0575427 0.0500074 0.0377254 0.0245056 0.0133019
 4.40141e-11 2.07021e-09 6.74254e-08 1.52061e-06 2.37465e-05 0.000256785 0.00192277 0.00996987 0.0358013 0.0890734 0.153808 0.185576 0.160509 0.10846 0.0695238 0.0489757 0.0340839 0.0215292 0.0146197 0.0132864 0.0141792 0.0141164 0.0118331 0.00806573 0.00438402
 3.38593e-11 1.59258e-09 5.18692e-08 1.16978e-06 1.82678e-05 0.000197541 0.0014792 0.00767055 0.0275541 0.0686496 0.11919 0.146874 0.136992 0.11429 0.102688 0.0932078 0.0718131 0.0449605 0.0246439 0.0134181 0.00839194 0.0064975 0.00537101 0.00387958 0.00221282
 2.97719e-11 1.40033e-09 4.56078e-08 1.02857e-06 1.60626e-05 0.000173695 0.00130064 0.0067447 0.0242294 0.0603768 0.1049 0.129617 0.122075 0.104589 0.0984605 0.0958315 0.0836461 0.0644881 0.0450544 0.0279161 0.0150664 0.0076051 0.00412979 0.002442 0.00133711
 3.08393e-11 1.45053e-09 4.72429e-08 1.06545e-06 1.66385e-05 0.000179922 0.00134726 0.00698628 0.0250949 0.0625105 0.10845 0.133261 0.123156 0.100798 0.0899171 0.0856213 0.0758431 0.0617597 0.0478867 0.0344639 0.0218349 0.0118578 0.00559375 0.00241903 0.00100154
 3.52232e-11 1.65673e-09 5.39587e-08 1.2169e-06 1.90037e-05 0.000205498 0.00153877 0.00797909 0.0286576 0.0713511 0.123555 0.150726 0.135774 0.103785 0.0838565 0.0743299 0.0628686 0.0492363 0.03759 0.0279584 0.0192626 0.0117085 0.00605018 0.00260684 0.000940676
 3.33933e-11 1.57066e-09 5.11554e-08 1.15368e-06 1.80164e-05 0.000194822 0.00145883 0.00756481 0.0271724 0.0676803 0.117383 0.144065 0.13255 0.107069 0.0930517 0.0849424 0.0698483 0.0508041 0.0353908 0.0245969 0.0165766 0.0103436 0.00568634 0.002623 0.000979597
 3.42162e-11 1.60937e-09 5.2416e-08 1.18211e-06 1.84604e-05 0.000199623 0.00149478 0.00775111 0.0278404 0.0693319 0.120164 0.147089 0.1341 0.105866 0.0895287 0.0813198 0.0683941 0.0517051 0.0368488 0.0249875 0.0158229 0.00930194 0.00499207 0.00233767 0.000905443
 3.44903e-11 1.62226e-09 5.2836e-08 1.19158e-06 1.86083e-05 0.000201223 0.00150676 0.00781322 0.0280636 0.0698889 0.121137 0.148314 0.135321 0.106996 0.0904883 0.0816722 0.0676466 0.0500756 0.0352408 0.0240062 0.0152957 0.00886219 0.00458809 0.00207295 0.000789677
 3.67275e-11 1.72748e-09 5.6263e-08 1.26887e-06 1.98153e-05 0.000214274 0.00160448 0.00831984 0.0298814 0.0743972 0.128824 0.157127 0.141443 0.10785 0.0865438 0.0755577 0.0618778 0.0455832 0.0318156 0.0213878 0.0134521 0.00772428 0.00396105 0.00175974 0.000655086
 3.65787e-11 1.72049e-09 5.60352e-08 1.26373e-06 1.9735e-05 0.000213407 0.00159798 0.00828621 0.0297613 0.0741049 0.128364 0.156781 0.141815 0.109524 0.0893666 0.0782809 0.0630353 0.0448303 0.0300182 0.0195632 0.0120729 0.00683332 0.00345738 0.0015158 0.000556337
 3.25454e-11 1.53078e-09 4.98566e-08 1.12439e-06 1.7559e-05 0.000189876 0.0014218 0.00737287 0.0264844 0.0659801 0.114527 0.140996 0.131121 0.108786 0.0978185 0.0909665 0.0749568 0.053737 0.0358351 0.0228763 0.0136506 0.00745563 0.0036649 0.00157358 0.000568343
 3.21284e-11 1.51117e-09 4.92177e-08 1.10998e-06 1.7334e-05 0.000187443 0.00140358 0.00727832 0.026144 0.0651245 0.11299 0.138862 0.128387 0.105103 0.0934004 0.0876162 0.0749453 0.057388 0.0411514 0.0275561 0.0166862 0.00901484 0.00431602 0.00179605 0.000630578
 3.43664e-11 1.61643e-09 5.26461e-08 1.1873e-06 1.85414e-05 0.0002005 0.00150134 0.00778512 0.0279622 0.0696323 0.120665 0.147607 0.13427 0.105371 0.0883792 0.0799322 0.0673638 0.0515112 0.037629 0.0263143 0.0168806 0.00959944 0.00472558 0.00196985 0.000680546
 3.30221e-11 1.5532e-09 5.05868e-08 1.14086e-06 1.78162e-05 0.000192657 0.00144262 0.00748075 0.0268708 0.0669319 0.116105 0.14259 0.131497 0.106867 0.0937138 0.0862551 0.0715883 0.0526646 0.0368633 0.0252172 0.0163024 0.00957542 0.00492685 0.00213891 0.000758345
 3.0927e-11 1.45466e-09 4.73773e-08 1.06848e-06 1.66858e-05 0.000180434 0.0013511 0.00700627 0.0251679 0.062704 0.108866 0.134148 0.125156 0.104752 0.095601 0.0907434 0.0774361 0.0588279 0.0421175 0.0286944 0.018129 0.0104516 0.0053868 0.00238953 0.000873948
 3.25152e-11 1.52936e-09 4.98102e-08 1.12334e-06 1.75426e-05 0.000189699 0.00142047 0.00736586 0.0264575 0.0658968 0.11427 0.140156 0.128691 0.103534 0.0900117 0.0836229 0.0718872 0.056121 0.0417106 0.0294361 0.019049 0.011066 0.00567439 0.0025026 0.00091841
 3.3921e-11 1.59548e-09 5.19639e-08 1.17191e-06 1.83011e-05 0.000197901 0.00148189 0.00768427 0.0276005 0.068736 0.119142 0.145888 0.133165 0.105435 0.0894409 0.0811848 0.0680089 0.0514209 0.037335 0.0264008 0.0175006 0.0104848 0.00550756 0.0024594 0.000906089
 3.3772e-11 1.58847e-09 5.17355e-08 1.16676e-06 1.82207e-05 0.000197032 0.00147538 0.00765055 0.0274799 0.0684406 0.118664 0.145464 0.13329 0.106577 0.0915385 0.0834245 0.0693597 0.0514151 0.0362235 0.0248133 0.016082 0.00958807 0.00509956 0.00232456 0.000872861
 3.45632e-11 1.62569e-09 5.29477e-08 1.1941e-06 1.86476e-05 0.000201648 0.00150994 0.00782973 0.0281227 0.0700346 0.121379 0.148563 0.135397 0.106759 0.0900052 0.0812542 0.067594 0.0503361 0.0354743 0.0240187 0.015204 0.00882151 0.00460119 0.00208539 0.000788046
 3.42843e-11 1.61257e-09 5.25204e-08 1.18447e-06 1.84971e-05 0.000200021 0.00149776 0.00776659 0.0278964 0.0694758 0.120443 0.147569 0.134975 0.107411 0.0916168 0.083029 0.068658 0.0504703 0.0350926 0.0235634 0.0148186 0.00849589 0.0043488 0.00193187 0.000719602
 3.44554e-11 1.62062e-09 5.27825e-08 1.19038e-06 1.85894e-05 0.000201019 0.00150523 0.00780532 0.0280353 0.0698186 0.121018 0.148181 0.135242 0.107037 0.090697 0.0820924 0.0682616 0.0506836 0.0355163 0.0238224 0.0148501 0.0084145 0.00425295 0.00186245 0.000682931
 3.24621e-11 1.52686e-09 4.9729e-08 1.12151e-06 1.7514e-05 0.00018939 0.00141816 0.00735395 0.0264158 0.0658032 0.114178 0.140374 0.129936 0.106611 0.0947256 0.0880627 0.0736982 0.0546474 0.0382612 0.025744 0.0161192 0.009139 0.0045932 0.00199056 0.000720627
 3.10267e-11 1.45935e-09 4.753e-08 1.07192e-06 1.67396e-05 0.000181016 0.00135545 0.00702883 0.0252487 0.0629028 0.109194 0.134474 0.125213 0.10431 0.0947122 0.0898233 0.0769805 0.0590126 0.0427239 0.0293407 0.0185226 0.0105354 0.00530226 0.00229476 0.000826514
 3.2255e-11 1.51712e-09 4.94117e-08 1.11436e-06 1.74023e-05 0.000188182 0.00140911 0.00730695 0.0262462 0.0653724 0.113375 0.139125 0.127957 0.103382 0.090373 0.084192 0.0723915 0.0565112 0.0420989 0.0298912 0.0194979 0.0113852 0.00582356 0.00253932 0.000916388
 3.29196e-11 1.54838e-09 5.04297e-08 1.13732e-06 1.77608e-05 0.000192059 0.00143814 0.00745747 0.0267865 0.0667155 0.115685 0.141868 0.130181 0.104516 0.0904244 0.0832452 0.0704242 0.0538165 0.0394822 0.0281215 0.018739 0.0112871 0.00595762 0.00266469 0.000978219
#obs catch len freq
 2.15922e-11 1.01559e-09 3.30773e-08 7.45976e-07 1.16495e-05 0.000125973 0.000943297 0.00489161 0.0175723 0.0437867 0.0760671 0.0939534 0.0884191 0.0759113 0.0728816 0.0753914 0.0750052 0.0721119 0.0683181 0.0627214 0.0551514 0.0459211 0.0350087 0.0231903 0.0126157
 2.00896e-11 9.44918e-10 3.07753e-08 6.94063e-07 1.08388e-05 0.000117207 0.000877666 0.00455149 0.0163538 0.0407821 0.071065 0.088794 0.0867745 0.0807901 0.0834854 0.0863855 0.0805119 0.0709311 0.0639306 0.0587986 0.0527978 0.0445532 0.0339984 0.0223911 0.0120991
 9.02199e-16 4.25027e-14 1.39303e-12 3.22001e-11 5.51457e-10 8.05096e-09 1.22378e-07 1.9134e-06 2.51107e-05 0.000242646 0.0016517 0.00783288 0.0258757 0.0599646 0.0994009 0.123367 0.125089 0.115678 0.104004 0.0914637 0.0787414 0.0654993 0.0501287 0.0331381 0.0178948
 1.16748e-11 5.49127e-10 1.78847e-08 4.03346e-07 6.29881e-06 6.81124e-05 0.000510011 0.00264435 0.00949393 0.0236027 0.0406349 0.0484827 0.0404046 0.0254085 0.0197554 0.0340664 0.0671314 0.103712 0.124686 0.124231 0.109972 0.0899822 0.0674012 0.0440745 0.023731
 5.11487e-11 2.40579e-09 7.83549e-08 1.7671e-06 2.75958e-05 0.000298408 0.00223442 0.0115853 0.0415958 0.103423 0.178133 0.21278 0.177081 0.104507 0.0465966 0.0187792 0.00934802 0.00786664 0.0106928 0.0150072 0.017456 0.0165145 0.0129899 0.00852519 0.00455579
 3.15833e-11 1.48553e-09 4.83827e-08 1.09115e-06 1.70399e-05 0.000184264 0.00137979 0.00715535 0.0257078 0.0640917 0.111565 0.138827 0.133741 0.119963 0.116084 0.107038 0.0781481 0.0422664 0.0179737 0.00835225 0.00675637 0.00707356 0.00645519 0.00464121 0.00257822
 3.82906e-11 1.80101e-09 5.86576e-08 1.32288e-06 2.06586e-05 0.000223394 0.00167276 0.00867372 0.0311502 0.0775335 0.134101 0.162844 0.144308 0.10544 0.0798763 0.0692723 0.0604672 0.0486446 0.034603 0.0205069 0.010029 0.00476045 0.00283733 0.00191783 0.0011159
 2.17529e-11 1.02315e-09 3.33233e-08 7.51526e-07 1.17362e-05 0.000126912 0.000950358 0.00492891 0.0177161 0.0442407 0.0775095 0.0987971 0.10262 0.106944 0.120149 0.123303 0.103533 0.0741024 0.0505033 0.0340326 0.0210817 0.011174 0.00510468 0.00220717 0.000964252
 4.09055e-11 1.924e-09 6.26633e-08 1.41322e-06 2.20694e-05 0.000238648 0.00178697 0.00926566 0.0332721 0.0827749 0.142895 0.17224 0.148504 0.0997622 0.0649726 0.0516211 0.0477048 0.0443071 0.0376957 0.0278129 0.0177012 0.00988311 0.00481602 0.00200699 0.000715844
 3.24559e-11 1.52657e-09 4.97194e-08 1.1213e-06 1.75107e-05 0.000189354 0.00141789 0.00735268 0.026413 0.0658118 0.114302 0.141031 0.132116 0.111374 0.101315 0.0926804 0.0722887 0.047659 0.0306391 0.0216115 0.0154916 0.00989298 0.00527497 0.00230289 0.000817483
 3.78952e-11 1.78241e-09 5.80519e-08 1.30922e-06 2.04453e-05 0.000221087 0.00165549 0.00858421 0.0308294 0.0767407 0.13277 0.161415 0.143631 0.106105 0.081433 0.070127 0.0592031 0.0459 0.0328889 0.0215442 0.0129598 0.00741146 0.00398277 0.00186585 0.000709674
 3.49045e-11 1.64174e-09 5.34703e-08 1.20589e-06 1.88317e-05 0.000203639 0.00152485 0.00790708 0.0284013 0.0707338 0.12263 0.150277 0.137529 0.109527 0.09321 0.0835063 0.0672538 0.047442 0.031803 0.0211142 0.0132865 0.00754298 0.00379153 0.00166953 0.000625712
 3.75761e-11 1.7674e-09 5.75631e-08 1.29819e-06 2.02732e-05 0.000219226 0.00164155 0.00851201 0.030571 0.0761062 0.131732 0.160433 0.143645 0.107926 0.0847624 0.0732129 0.0601922 0.0447432 0.0311791 0.0204757 0.0123871 0.00683879 0.00339775 0.00147004 0.000534038
 3.83272e-11 1.80273e-09 5.87136e-08 1.32414e-06 2.06784e-05 0.000223607 0.00167436 0.00868215 0.0311821 0.0776283 0.134371 0.163666 0.146587 0.110152 0.0861863 0.0733065 0.0582521 0.0411248 0.0274209 0.0178357 0.0109334 0.00607032 0.00297614 0.00125868 0.000446857
 3.47605e-11 1.63497e-09 5.32498e-08 1.20092e-06 1.87541e-05 0.000202799 0.00151856 0.00787449 0.0282845 0.0704458 0.122151 0.149783 0.13738 0.110057 0.0944969 0.0853091 0.069097 0.0486621 0.0317978 0.0199552 0.0117673 0.00636161 0.0030841 0.00129677 0.000455745
 2.98053e-11 1.4019e-09 4.5659e-08 1.02973e-06 1.60807e-05 0.00017389 0.0013021 0.0067523 0.0242572 0.0604498 0.105054 0.129929 0.122744 0.105824 0.0999574 0.0964333 0.0822741 0.0617524 0.0431027 0.0281277 0.0166394 0.00879958 0.00413484 0.00169171 0.000583464
 3.44523e-11 1.62047e-09 5.27776e-08 1.19027e-06 1.85877e-05 0.000201001 0.00150509 0.00780447 0.0280309 0.0697932 0.120877 0.147553 0.133234 0.1026 0.0841644 0.0762633 0.0665532 0.0538931 0.0413707 0.0294295 0.0186681 0.0103627 0.00496946 0.00202255 0.000684222
 3.50555e-11 1.64884e-09 5.37017e-08 1.21111e-06 1.89132e-05 0.00020452 0.00153144 0.0079412 0.0285228 0.0710267 0.123072 0.150505 0.136747 0.106907 0.0888896 0.0791456 0.064909 0.0478327 0.0341666 0.0243062 0.0163821 0.00986692 0.00508863 0.00217838 0.000756326
 3.04292e-11 1.43124e-09 4.66146e-08 1.05128e-06 1.64172e-05 0.00017753 0.00132936 0.00689357 0.0247641 0.0617069 0.107196 0.132382 0.124428 0.105964 0.0985272 0.0938733 0.0790866 0.0585545 0.0408007 0.0274646 0.0175261 0.0103806 0.00551408 0.00249562 0.000917712
 3.13057e-11 1.47247e-09 4.79574e-08 1.08156e-06 1.68901e-05 0.000182643 0.00136764 0.00709192 0.0254742 0.063453 0.11007 0.135183 0.12471 0.101606 0.0900782 0.0853531 0.075117 0.0603033 0.0456607 0.0321757 0.0205311 0.0118037 0.00607666 0.0027244 0.0010195
 3.34486e-11 1.57326e-09 5.12401e-08 1.15559e-06 1.80463e-05 0.000195145 0.00146125 0.00757722 0.0272159 0.0677758 0.117463 0.143765 0.131018 0.103344 0.0873889 0.0797002 0.0679583 0.0531187 0.0402179 0.029495 0.0200027 0.0120804 0.00633563 0.00282325 0.00104407
 3.43598e-11 1.61612e-09 5.2636e-08 1.18708e-06 1.85379e-05 0.000200461 0.00150105 0.00778363 0.0279572 0.0696206 0.120653 0.14763 0.134407 0.105687 0.0887615 0.0799731 0.0666244 0.0500434 0.0361237 0.025595 0.0172487 0.0106607 0.00581378 0.00268423 0.00101298
 3.38726e-11 1.5932e-09 5.18896e-08 1.17024e-06 1.8275e-05 0.000197619 0.00147977 0.00767333 0.0275617 0.0686427 0.119006 0.14584 0.133499 0.10647 0.0911522 0.0829759 0.0690699 0.0513177 0.0361875 0.0247399 0.0160088 0.00959708 0.00519173 0.00242971 0.000939615
 3.53306e-11 1.66178e-09 5.41231e-08 1.22061e-06 1.90616e-05 0.000206125 0.00154346 0.00800347 0.028746 0.0715781 0.123997 0.151497 0.137206 0.106403 0.0876772 0.078233 0.0652227 0.049093 0.0350441 0.0239363 0.0152071 0.00883483 0.00462367 0.0021153 0.000812524
 3.49948e-11 1.64599e-09 5.36088e-08 1.20901e-06 1.88805e-05 0.000204166 0.00152879 0.00792748 0.0284738 0.0709073 0.122882 0.150357 0.136883 0.107591 0.0901926 0.0808255 0.0665079 0.0487859 0.0339644 0.0229468 0.0145669 0.00842705 0.00434184 0.00193892 0.00072711
 3.53459e-11 1.6625e-09 5.41466e-08 1.22114e-06 1.90699e-05 0.000206214 0.00154413 0.00800698 0.028759 0.0716136 0.124081 0.151703 0.137722 0.107467 0.0892428 0.0797117 0.0658682 0.0486757 0.0339469 0.0226917 0.0141393 0.00803961 0.00409017 0.00180471 0.000666483
 3.07858e-11 1.44802e-09 4.71609e-08 1.0636e-06 1.66096e-05 0.00017961 0.00134493 0.00697434 0.025054 0.0624274 0.108434 0.133847 0.1256 0.106541 0.098566 0.0935645 0.078581 0.0579931 0.0402793 0.0268875 0.0167244 0.00943939 0.00473789 0.00205777 0.000748545
 3.24963e-11 1.52847e-09 4.97813e-08 1.12269e-06 1.75325e-05 0.000189589 0.00141965 0.00736155 0.0264419 0.0658547 0.114178 0.139952 0.128224 0.102628 0.0888141 0.082845 0.0722884 0.0576001 0.0432959 0.0303039 0.0191655 0.0108341 0.00541395 0.00233188 0.000838518
 3.35058e-11 1.57595e-09 5.13277e-08 1.15757e-06 1.80771e-05 0.000195479 0.00146374 0.0075902 0.0272628 0.0678959 0.117693 0.144149 0.13169 0.104518 0.0890171 0.0811836 0.0685254 0.0525418 0.0389216 0.0280635 0.0188014 0.0112262 0.00580142 0.00253073 0.00090994
#spawning biomass
 21588.3 20870.7 16109.1 11479 13348.1 25964.6 38844.6 46860 57621.2 76659.6 96050.2 104958 120463 148016 163508 152499 143967 144859 153371 139097 134758 140888 145777 150232 168772 187247 189742 180635 196574 194583 232533 158739 99708.9 63590.2 43898.6 33867.9 28971.5 26646.8 25563.3 25064.5 24836.8 24733.5 24686.8 24665.8 24656.3 24652.1 24650.2 24649.3 24648.9 24648.8 24648.7 24648.7 24648.6 24648.6 24648.6 24648.6 24648.6 24648.6 24648.6 24648.6 24648.6 24648.6 24648.6 24648.6 24648.6 24648.6 24648.6 24648.6 24648.6 24648.6 24648.6 24648.6 24648.6 24648.6 24648.6 24648.6 24648.6 24648.6 24648.6 24648.6 24648.6 24648.6 24648.6 24648.6 24648.6 24648.6 24648.6 24648.6 24648.6 24648.6 24648.6 24648.6 24648.6 24648.6 24648.6 24648.6 24648.6 24648.6 24648.6 24648.6 24648.6 24648.6 24648.6 24648.6 24648.6 24648.6 24648.6 24648.6 24648.6 24648.6 24648.6 24648.6 24648.6 24648.6 24648.6 24648.6 24648.6 24648.6 24648.6 24648.6 24648.6 24648.6 24648.6 24648.6 24648.6 24648.6 24648.6 24648.6 24648.6 0 0 0 0 0 0 0 0 0 0 0 0 0 0 0 0 0 0 0 0 0 0 0 0 0
