SBPRF35
1.60769
Curr Bio
132720
B35
1.09874e+06
F35
0.160464
FOFL
0
OFL
0
Bzero
459339
#pred survey bio
 9092.54 10002.3 13385.7 19318.6 23668.5 27880.9 32959.6 38583.4 44474 62475 75502.4 84467.4 103198 120957 122075 106581 100594 101028 98078.1 101414 99407.2 99836.5 105691 117123 135334 124645 122522 112123 106490 1.90673e+06 3.41737e+06 4.81582e+06 5.52425e+06 5.74123e+06 5.66938e+06 5.44969e+06 5.17238e+06 4.89029e+06 4.63092e+06 4.40597e+06 4.218e+06 4.06482e+06 3.9421e+06 3.84296e+06 3.76062e+06 3.69818e+06 3.65073e+06 3.61456e+06 3.5869e+06 3.56567e+06 3.54933e+06 3.53668e+06 3.52685e+06 3.51918e+06 3.51315e+06 3.50839e+06 3.50461e+06 3.50159e+06 3.49916e+06 3.49719e+06 3.49558e+06 3.49426e+06 3.49317e+06 3.49227e+06 3.49151e+06 3.49088e+06 3.49034e+06 3.48989e+06 3.4895e+06 3.48917e+06 3.48888e+06 3.48863e+06 3.48842e+06 3.48824e+06 3.48808e+06 3.48794e+06 3.48782e+06 3.48771e+06 3.48762e+06 3.48754e+06 3.48747e+06 3.48741e+06 3.48735e+06 3.48731e+06 3.48727e+06 3.48723e+06 3.4872e+06 3.48717e+06 3.48714e+06 3.48712e+06 3.4871e+06 3.48709e+06 3.48707e+06 3.48706e+06 3.48705e+06 3.48704e+06 3.48703e+06 3.48702e+06 3.48701e+06 3.48701e+06 3.487e+06 3.487e+06 3.48699e+06 3.48699e+06 3.48699e+06 3.48698e+06 3.48698e+06 3.48698e+06 3.48698e+06 3.48698e+06 3.48697e+06 3.48697e+06 3.48697e+06 3.48697e+06 3.48697e+06 3.48697e+06 3.48697e+06 3.48697e+06 3.48697e+06 3.48697e+06 3.48697e+06 3.48697e+06 3.48697e+06 3.48697e+06 3.48697e+06 3.48697e+06 3.48697e+06 3.48696e+06 3.48696e+06 0 0 0 0 0 0 0 0 0 0 0 0 0 0 0 0 0 0 0 0 0 0 0 0 0
#obs survey bio
 7903.74 7122.47 13248 18906.2 20941 30560.2 23886.5 26311.3 43781.4 58173.6 82209.2 58742.2 77821.3 116369 76653.1 75395.2 119558 75676.5 73443.9 108272 117535 67944 94227.6 78969 145245 109692 135152 84052.8 67844.3
#pred catch bio
 5445.92 5928.58 6448.02 10483.4 14345 17840.7 22180.1 27517.4 27627.8 38384.6 51191.4 61254.9 78323.5 95072 103379 90861.2 84286.4 88542.1 83980.8 89593.4 88249.7 86507.5 90267.1 96085.6 121867 110429 113450 102458 109958 0 18298.2 30798.4 35869.7 37043.7 36296.1 34598 32543.8 30486.7 28611.9 26997.2 25657.1 24573.1 23712.1 23027.3 22474 22059.4 21748.5 21515.6 21341 21210.1 21112 21038.5 20983.4 20942.1 20911.2 20888 20870.6 20857.6 20847.8 20840.5 20835 20830.9 20827.8 20825.5 20823.7 20822.4 20821.5 20820.7 20820.2 20819.8 20819.5 20819.3 20819.1 20819 20818.9 20818.8 20818.7 20818.7 20818.7 20818.6 20818.6 20818.6 20818.6 20818.6 20818.6 20818.6 20818.6 20818.6 20818.6 20818.6 20818.6 20818.6 20818.6 20818.6 20818.6 20818.6 20818.6 20818.6 20818.6 20818.6 20818.6 20818.6 20818.6 20818.6 20818.6 20818.6 20818.6 20818.6 20818.6 20818.6 20818.6 20818.6 20818.6 20818.6 20818.6 20818.6 20818.6 20818.6 20818.6 20818.6 20818.6 20818.6 20818.6 20818.6 20818.6 20818.6 20818.6 20818.6 20818.6 0 0 0 0 0 0 0 0 0 0 0 0 0 0 0 0 0 0 0 0 0 0 0 0 0
#obs catch bio
 5863.52 6046.47 6302.5 10198.8 14224.2 17514 22174.7 27588.7 27386.2 37321.1 49704.7 61032.6 76160.2 92520.3 102256 91760.6 80655.9 86647.3 82944.9 87621.5 85674.4 83814.9 88216.1 91958.6 115542 106459 109719 101429 108544
#pred cpue bio
 6578.23 6881.68 8252.06 12373.1 15481.2 17597.7 20592.2 23974.2 26227.5 35061 43541.9 48604 56273 68838.5 75333.1 64679.8 58337.4 58622.3 54289.6 57470.1 53720 52850.5 56408 60506.9 71337.7 65641 66523 59464 58128.8 905764 2.70402e+06 4.61979e+06 5.41031e+06 5.61299e+06 5.53094e+06 5.30757e+06 5.02914e+06 4.74674e+06 4.48728e+06 4.2623e+06 4.07432e+06 3.92115e+06 3.79842e+06 3.69929e+06 3.61694e+06 3.55451e+06 3.50705e+06 3.47088e+06 3.44322e+06 3.422e+06 3.40565e+06 3.393e+06 3.38318e+06 3.3755e+06 3.36948e+06 3.36472e+06 3.36093e+06 3.35791e+06 3.35548e+06 3.35351e+06 3.3519e+06 3.35058e+06 3.3495e+06 3.34859e+06 3.34784e+06 3.3472e+06 3.34666e+06 3.34621e+06 3.34582e+06 3.34549e+06 3.3452e+06 3.34496e+06 3.34475e+06 3.34456e+06 3.3444e+06 3.34426e+06 3.34414e+06 3.34404e+06 3.34394e+06 3.34386e+06 3.34379e+06 3.34373e+06 3.34368e+06 3.34363e+06 3.34359e+06 3.34355e+06 3.34352e+06 3.34349e+06 3.34347e+06 3.34345e+06 3.34343e+06 3.34341e+06 3.34339e+06 3.34338e+06 3.34337e+06 3.34336e+06 3.34335e+06 3.34334e+06 3.34334e+06 3.34333e+06 3.34333e+06 3.34332e+06 3.34332e+06 3.34331e+06 3.34331e+06 3.34331e+06 3.3433e+06 3.3433e+06 3.3433e+06 3.3433e+06 3.3433e+06 3.3433e+06 3.3433e+06 3.34329e+06 3.34329e+06 3.34329e+06 3.34329e+06 3.34329e+06 3.34329e+06 3.34329e+06 3.34329e+06 3.34329e+06 3.34329e+06 3.34329e+06 3.34329e+06 3.34329e+06 3.34329e+06 3.34329e+06 3.34329e+06 0 0 0 0 0 0 0 0 0 0 0 0 0 0 0 0 0 0 0 0 0 0 0 0 0
#obs cpue bio
 7077.35 6404.17 15776.6 17536.3 19869.4 21195.9 25873.6 32518.5 34736 66737.6 56871.9 75316 112226 106136 124238 88245.3 103177 112126 67252.2 97499.3 77768.6 103251 103295 179251 160612 109716 108611 89033.3 140074
#pred surv len freq
 2.56203e-27 2.58531e-27 3.04959e-26 5.89345e-20 1.44471e-14 4.28093e-10 1.53336e-06 0.000663885 0.0347454 0.219809 0.168482 0.0402399 0.187918 0.173702 0.0422925 0.0531434 0.0225061 0.0168593 0.0102016 0.00764533 0.00592181 0.00506332 0.00502734 0.00442891 0.00134883
 2.56364e-27 2.58992e-27 3.47071e-26 6.78186e-20 1.66249e-14 4.92626e-10 1.7645e-06 0.000763963 0.0399831 0.252944 0.193746 0.0378727 0.152157 0.141439 0.050175 0.0790255 0.0269813 0.0114575 0.00506509 0.00283542 0.00177964 0.00129846 0.00113943 0.00100203 0.000334165
 2.56635e-27 2.59696e-27 4.06063e-26 8.02624e-20 1.96754e-14 5.83016e-10 2.08826e-06 0.000904139 0.0473194 0.299355 0.229204 0.0391219 0.13675 0.126532 0.0350507 0.0483778 0.0191337 0.0119451 0.0038708 0.00122228 0.000506195 0.000279025 0.00020169 0.000166169 5.73239e-05
 2.56426e-27 2.59124e-27 3.54787e-26 6.94449e-20 1.70236e-14 5.04439e-10 1.80682e-06 0.000782283 0.0409419 0.25901 0.198429 0.0411323 0.173672 0.160551 0.0401716 0.0513988 0.018603 0.00952225 0.00381931 0.00143315 0.000329917 0.000102004 5.15613e-05 3.63623e-05 1.23997e-05
 2.56413e-27 2.59103e-27 3.5455e-26 6.93956e-20 1.70115e-14 5.04081e-10 1.80553e-06 0.000781728 0.0409128 0.258826 0.198267 0.039746 0.163237 0.151286 0.0451376 0.0650316 0.0223336 0.00954929 0.0033124 0.00115526 0.000332477 6.48154e-05 1.56284e-05 7.79396e-06 2.48418e-06
 2.56504e-27 2.59339e-27 3.74178e-26 7.35358e-20 1.80264e-14 5.34155e-10 1.91325e-06 0.000828366 0.0433537 0.274267 0.210065 0.0402137 0.158506 0.146656 0.0395315 0.0534408 0.0192816 0.00961783 0.0030816 0.000878711 0.000219493 4.70747e-05 6.79015e-06 1.53506e-06 4.04609e-07
 2.56472e-27 2.59239e-27 3.64101e-26 7.14095e-20 1.75052e-14 5.18709e-10 1.85793e-06 0.000804413 0.0421001 0.266337 0.204029 0.0414677 0.17229 0.159206 0.0386923 0.048289 0.0165115 0.00697924 0.00237115 0.000734128 0.000154234 2.78424e-05 3.82127e-06 3.99091e-07 6.07809e-08
 2.56488e-27 2.59281e-27 3.67827e-26 7.21957e-20 1.76979e-14 5.2442e-10 1.87839e-06 0.000813269 0.0425636 0.269269 0.206266 0.0413231 0.169619 0.156785 0.0390961 0.049777 0.0163093 0.00577688 0.00177671 0.000491019 0.000111561 1.8238e-05 2.07151e-06 1.61232e-07 1.06124e-08
 2.56617e-27 2.5962e-27 3.96681e-26 7.82821e-20 1.91899e-14 5.68632e-10 2.03674e-06 0.000881832 0.0461519 0.29197 0.223601 0.0413864 0.157921 0.14579 0.0335189 0.0398024 0.0129394 0.00442055 0.00125845 0.00028876 5.69741e-05 9.31453e-06 9.82951e-07 6.13484e-08 2.29423e-09
 2.56755e-27 2.59992e-27 4.29302e-26 8.51636e-20 2.08768e-14 6.18618e-10 2.21579e-06 0.00095935 0.0502089 0.317636 0.243187 0.0406677 0.13869 0.127992 0.0294184 0.0349189 0.0112717 0.00372294 0.00104907 0.000230998 3.90098e-05 5.34453e-06 5.3461e-07 3.03968e-08 8.37517e-10
 2.56615e-27 2.596e-27 3.93585e-26 7.76285e-20 1.90297e-14 5.63884e-10 2.01974e-06 0.000874469 0.0457666 0.289532 0.221759 0.0425997 0.168448 0.155257 0.0307199 0.0310098 0.00988051 0.00308671 0.000851469 0.000180211 2.94169e-05 3.54219e-06 2.91926e-07 1.51842e-08 3.66425e-10
 2.56645e-27 2.59686e-27 4.01692e-26 7.93389e-20 1.9449e-14 5.76308e-10 2.06424e-06 0.000893736 0.0467749 0.295911 0.226619 0.0419225 0.15988 0.147476 0.0316316 0.035018 0.0106334 0.00245397 0.000635201 0.000126307 1.97967e-05 2.27534e-06 1.65579e-07 7.11002e-09 1.52882e-10
 2.56762e-27 2.59997e-27 4.28468e-26 8.49872e-20 2.08336e-14 6.17337e-10 2.2112e-06 0.000957364 0.050105 0.316978 0.242702 0.0417639 0.147373 0.135779 0.0267323 0.0267932 0.00821029 0.00202999 0.00048872 7.35453e-05 1.04583e-05 1.13275e-06 7.77298e-08 2.93063e-09 5.24204e-11
 2.56588e-27 2.59514e-27 3.84781e-26 7.57707e-20 1.85743e-14 5.50389e-10 1.9714e-06 0.000853542 0.0446713 0.282603 0.216488 0.0438395 0.181587 0.16718 0.0291938 0.0244863 0.00726615 0.00143528 0.000336598 5.18036e-05 6.15128e-06 5.38279e-07 3.39524e-08 1.19071e-09 1.86016e-11
 2.56371e-27 2.58939e-27 3.35189e-26 6.53094e-20 1.60098e-14 4.74399e-10 1.69922e-06 0.000735697 0.0385037 0.243586 0.1867 0.0442008 0.205264 0.189313 0.0382676 0.0395893 0.0115363 0.00185051 0.000395145 5.02571e-05 5.81022e-06 4.62584e-07 2.30208e-08 7.12612e-10 1.02146e-11
 2.5648e-27 2.59242e-27 3.62743e-26 7.11224e-20 1.74348e-14 5.16624e-10 1.85046e-06 0.000801179 0.0419308 0.265266 0.203232 0.0427455 0.182575 0.168514 0.0370841 0.0421438 0.0125825 0.00251704 0.000544227 5.65227e-05 5.51017e-06 3.83692e-07 1.75608e-08 4.37462e-10 5.37217e-12
 2.56575e-27 2.59489e-27 3.83413e-26 7.54825e-20 1.85036e-14 5.48295e-10 1.9639e-06 0.000850295 0.0445014 0.281528 0.215656 0.0431468 0.1769 0.163026 0.0315544 0.030923 0.00932455 0.00205552 0.000469105 5.82401e-05 5.4277e-06 3.02892e-07 1.1636e-08 2.58044e-10 2.60415e-12
 2.56551e-27 2.5942e-27 3.76956e-26 7.41201e-20 1.81697e-14 5.38399e-10 1.92846e-06 0.000834948 0.0436982 0.276447 0.211784 0.0436539 0.183479 0.169032 0.0314442 0.0291453 0.0085653 0.00152426 0.000339862 4.62932e-05 4.82456e-06 2.95373e-07 9.56119e-09 1.72033e-10 1.49845e-12
 2.56673e-27 2.59748e-27 4.05563e-26 8.01549e-20 1.9649e-14 5.82235e-10 2.08547e-06 0.000902928 0.047256 0.298955 0.228962 0.0431357 0.167467 0.154177 0.0273941 0.0236435 0.00683546 0.00103195 0.000211602 2.3611e-05 2.44593e-06 1.67315e-07 6.05033e-09 9.92569e-11 6.9769e-13
 2.56581e-27 2.59492e-27 3.82453e-26 7.52797e-20 1.84539e-14 5.46822e-10 1.95862e-06 0.00084801 0.0443818 0.280772 0.215095 0.0441923 0.18525 0.170503 0.0287466 0.022616 0.00648855 0.000908721 0.000177964 1.70407e-05 1.51083e-06 9.07961e-08 3.52998e-09 6.46038e-11 4.37004e-13
 2.56726e-27 2.59888e-27 4.17678e-26 8.27107e-20 2.02755e-14 6.00801e-10 2.15197e-06 0.000931719 0.0487628 0.308487 0.236239 0.0429811 0.161177 0.148327 0.0255127 0.0208208 0.00590906 0.000707053 0.000129854 1.14626e-05 9.19062e-07 4.59643e-08 1.52219e-09 2.8126e-11 2.09636e-13
 2.56737e-27 2.59909e-27 4.18763e-26 8.29393e-20 2.03316e-14 6.02461e-10 2.15791e-06 0.000934294 0.0488976 0.30934 0.2369 0.043648 0.165788 0.15241 0.0231278 0.0143596 0.00404232 0.000462505 8.18307e-05 6.19581e-06 4.46891e-07 2.00243e-08 5.60105e-10 8.64233e-12 6.202e-14
 2.56726e-27 2.59883e-27 4.16657e-26 8.2495e-20 2.02227e-14 5.99234e-10 2.14635e-06 0.00092929 0.0486357 0.307683 0.235633 0.0435297 0.165777 0.152448 0.0239966 0.0163257 0.00454828 0.000419654 6.69279e-05 4.88608e-06 3.26927e-07 1.24902e-08 3.08997e-10 4.04957e-12 2.41706e-14
 2.56816e-27 2.60127e-27 4.38444e-26 8.70913e-20 2.13494e-14 6.3262e-10 2.26594e-06 0.000981065 0.0513454 0.324825 0.24871 0.0427334 0.15053 0.138409 0.0220873 0.0155083 0.00434689 0.000443602 7.3008e-05 4.45032e-06 2.61778e-07 9.3834e-09 2.03324e-10 2.28409e-12 1.16102e-14
 2.56758e-27 2.59967e-27 4.24117e-26 8.40687e-20 2.06084e-14 6.10664e-10 2.1873e-06 0.000947016 0.0495634 0.313552 0.240111 0.0433194 0.161031 0.148062 0.0231099 0.0154116 0.00433211 0.000472361 8.08256e-05 5.38497e-06 3.18084e-07 9.44565e-09 1.83808e-10 1.84178e-12 7.98395e-15
 2.56732e-27 2.59894e-27 4.1707e-26 8.2582e-20 2.0244e-14 5.99865e-10 2.14862e-06 0.000930269 0.0486869 0.308007 0.235888 0.0439803 0.169028 0.155333 0.0224361 0.0120453 0.00332754 0.000288356 4.40487e-05 3.00745e-06 1.85473e-07 5.89322e-09 1.04215e-10 8.88139e-13 3.42594e-15
 2.5667e-27 2.59727e-27 4.02625e-26 7.95347e-20 1.9497e-14 5.7773e-10 2.06933e-06 0.000895942 0.0468904 0.296642 0.227212 0.0441283 0.17625 0.162071 0.0249607 0.0160999 0.00444693 0.000349403 4.91815e-05 2.80106e-06 1.5319e-07 5.0261e-09 9.42649e-11 7.89467e-13 2.62535e-15
 2.56728e-27 2.59883e-27 4.16367e-26 8.24337e-20 2.02076e-14 5.98788e-10 2.14476e-06 0.000928599 0.0485995 0.307454 0.235462 0.0437865 0.167851 0.154301 0.0232253 0.0141019 0.00390367 0.000331678 4.87796e-05 2.53105e-06 1.20284e-07 3.24677e-09 5.76368e-11 5.05926e-13 1.71067e-15
 2.56643e-27 2.59652e-27 3.95816e-26 7.80983e-20 1.91449e-14 5.67296e-10 2.03196e-06 0.000879761 0.0460435 0.291284 0.223127 0.0445286 0.182165 0.167482 0.0250422 0.0149259 0.00412522 0.000341815 4.97678e-05 2.76021e-06 1.36305e-07 3.25756e-09 4.82842e-11 3.69321e-13 1.25849e-15
#obs surv len freq
 1.08403e-41 1.50456e-33 2.52422e-26 5.11906e-20 1.25488e-14 3.71843e-10 1.33188e-06 0.000576658 0.03018 0.190928 0.1465 0.0401616 0.173341 0.14668 0.103865 0.101789 0.0441871 0.0173422 0.00392624 0.000495302 2.56527e-05 3.93739e-07 1.34453e-09 8.32727e-13 8.19728e-17
 1.60704e-41 2.23046e-33 3.74206e-26 7.58882e-20 1.86031e-14 5.51244e-10 1.97447e-06 0.000854876 0.0447408 0.283044 0.216856 0.0407292 0.126722 0.102242 0.0757543 0.0683501 0.0283822 0.0100707 0.0020252 0.000218105 9.18457e-06 1.08954e-07 2.76475e-10 1.24127e-13 8.73374e-18
 1.53994e-41 2.13734e-33 3.58583e-26 7.27198e-20 1.78264e-14 5.28229e-10 1.89203e-06 0.000819184 0.0428728 0.271227 0.208062 0.0500871 0.176901 0.128883 0.0561104 0.04212 0.0166248 0.0052798 0.000925177 8.30113e-05 2.78924e-06 2.53351e-08 4.76595e-11 1.55191e-14 7.81312e-19
 1.07545e-41 1.49266e-33 2.50425e-26 5.07856e-20 1.24495e-14 3.68901e-10 1.32134e-06 0.000572097 0.0299413 0.189419 0.145825 0.0564592 0.230138 0.163059 0.0982114 0.0659814 0.0159377 0.00383225 0.000578668 4.25172e-05 1.11591e-06 7.64687e-09 1.05922e-11 2.49765e-15 9.00473e-20
 1.50404e-41 2.08751e-33 3.50222e-26 7.10244e-20 1.74108e-14 5.15914e-10 1.84792e-06 0.000800085 0.0418733 0.264904 0.203267 0.0472466 0.142261 0.104164 0.103825 0.0689209 0.0188905 0.00350599 0.000322117 1.77725e-05 3.57497e-07 1.81773e-09 1.83244e-12 3.10984e-16 8.01098e-21
 1.20057e-41 1.66631e-33 2.79558e-26 5.66937e-20 1.38978e-14 4.11817e-10 1.47506e-06 0.000638651 0.0334245 0.211456 0.163012 0.0650148 0.23135 0.144072 0.0783855 0.0496591 0.0189792 0.00370546 0.000290471 9.83249e-06 1.30864e-07 4.78723e-10 3.46737e-13 4.19483e-17 7.6718e-22
 1.37819e-41 1.91283e-33 3.20918e-26 6.50814e-20 1.59539e-14 4.72745e-10 1.69329e-06 0.000733138 0.0383695 0.24274 0.186778 0.0579677 0.175171 0.116582 0.109532 0.0567355 0.0127091 0.00245534 0.000218664 6.24091e-06 5.26421e-08 1.19707e-10 5.87641e-14 4.98012e-18 6.40915e-23
 1.19152e-41 1.65375e-33 2.77451e-26 5.62665e-20 1.37931e-14 4.08714e-10 1.46395e-06 0.000633838 0.0331726 0.209865 0.162236 0.072079 0.226691 0.133273 0.0944789 0.0501287 0.0151643 0.00213217 0.000139927 3.91835e-06 2.79015e-08 4.23465e-11 1.28039e-14 6.9722e-19 6.06136e-24
 1.50879e-41 2.0941e-33 3.51328e-26 7.12486e-20 1.74658e-14 5.17543e-10 1.85375e-06 0.000802611 0.0420055 0.265744 0.204728 0.0643214 0.16685 0.104198 0.0970604 0.0428337 0.00991592 0.00145097 8.56079e-05 1.70668e-06 1.00715e-08 1.2603e-11 2.73462e-15 9.62591e-20 5.28386e-25
 1.5195e-41 2.10897e-33 3.53823e-26 7.17545e-20 1.75898e-14 5.21217e-10 1.86692e-06 0.00080831 0.0423037 0.267634 0.206791 0.077893 0.198187 0.103594 0.0662471 0.0285517 0.00713387 0.000813438 4.01526e-05 6.89379e-07 2.97586e-09 2.77073e-12 4.69689e-16 1.24847e-20 4.8225e-26
 1.09427e-41 1.51877e-33 2.54806e-26 5.1674e-20 1.26673e-14 3.75355e-10 1.34446e-06 0.000582105 0.0304651 0.192746 0.150674 0.0969918 0.257649 0.136236 0.0960126 0.0323319 0.00568618 0.000598768 2.5072e-05 3.32159e-07 1.13611e-09 7.85986e-13 9.51025e-17 1.84532e-21 5.31423e-27
 1.66409e-41 2.30964e-33 3.8749e-26 7.85823e-20 1.92635e-14 5.70813e-10 2.04456e-06 0.000885224 0.0463291 0.293102 0.226307 0.0712296 0.144713 0.0941012 0.0896883 0.0286577 0.00463056 0.000343498 1.069e-05 1.13732e-07 2.92783e-10 1.50984e-13 1.35023e-17 1.8803e-22 3.82823e-28
 1.33887e-41 1.85826e-33 3.11763e-26 6.32248e-20 1.54988e-14 4.59258e-10 1.64499e-06 0.000712223 0.0372749 0.235837 0.184758 0.110499 0.242726 0.10653 0.0572428 0.0202073 0.00394231 0.000263137 6.08069e-06 4.43992e-08 8.37489e-11 3.18526e-14 2.06432e-18 2.07863e-23 3.05111e-29
 1.12145e-41 1.5565e-33 2.61135e-26 5.29576e-20 1.29819e-14 3.84678e-10 1.37785e-06 0.000596563 0.0312218 0.197549 0.156134 0.112301 0.235994 0.137215 0.102547 0.0234271 0.00281576 0.000193097 4.306e-06 2.3996e-08 3.07304e-11 8.00502e-15 3.67972e-19 2.65092e-24 2.77435e-30
 8.76765e-42 1.21689e-33 2.04159e-26 4.1403e-20 1.01495e-14 3.00747e-10 1.07723e-06 0.000466402 0.0244097 0.154466 0.124502 0.12375 0.24987 0.159806 0.123999 0.0340252 0.00450665 0.000194677 3.23971e-06 1.61849e-08 1.65771e-11 3.04404e-15 9.41994e-20 4.60987e-25 3.34927e-31
 1.41381e-41 1.96227e-33 3.29211e-26 6.67634e-20 1.63663e-14 4.84962e-10 1.73706e-06 0.000752085 0.0393612 0.249046 0.195227 0.0945357 0.159767 0.126643 0.101783 0.0286505 0.00404357 0.000187019 2.45822e-06 8.26291e-09 6.51e-12 9.54478e-16 2.21408e-20 7.61496e-26 3.76447e-32
 9.75973e-42 1.35459e-33 2.2726e-26 4.60879e-20 1.12979e-14 3.34777e-10 1.19912e-06 0.000519177 0.0271717 0.171982 0.141788 0.162141 0.27278 0.126126 0.0720528 0.0221225 0.00316812 0.00014624 1.89166e-06 5.39603e-09 2.99957e-12 3.04269e-16 5.19858e-21 1.35176e-26 4.96173e-33
 1.4313e-41 1.98655e-33 3.33286e-26 6.75897e-20 1.65688e-14 4.90964e-10 1.75855e-06 0.000761393 0.0398483 0.252154 0.199594 0.107752 0.161285 0.136621 0.0846915 0.0155143 0.00169786 7.71113e-05 9.43799e-07 2.45891e-09 1.16661e-12 9.05064e-17 1.08505e-21 1.94367e-27 5.0369e-34
 1.00182e-41 1.39046e-33 2.33279e-26 4.73084e-20 1.15971e-14 3.43643e-10 1.23087e-06 0.000532926 0.0278914 0.176593 0.149282 0.183482 0.261119 0.121288 0.0623887 0.0158948 0.00148345 4.35591e-05 4.3395e-07 9.95536e-10 4.06083e-13 2.62386e-17 2.50688e-22 3.38603e-28 6.29169e-35
 1.28963e-41 1.78991e-33 3.00295e-26 6.08993e-20 1.49287e-14 4.42366e-10 1.58448e-06 0.000686026 0.0359041 0.227259 0.184437 0.132461 0.181382 0.151982 0.0737235 0.0112004 0.0009365 2.67788e-05 1.89104e-07 3.07645e-10 9.90811e-14 5.20529e-18 4.00562e-23 4.28642e-29 6.18669e-36
 1.41101e-41 1.95839e-33 3.28561e-26 6.66314e-20 1.63339e-14 4.84004e-10 1.73362e-06 0.000750598 0.0392836 0.248698 0.204556 0.159293 0.187435 0.101688 0.0478892 0.00974238 0.000649862 1.31185e-05 7.81752e-08 9.77797e-11 2.18573e-14 8.16988e-19 4.71356e-24 3.88025e-30 4.3255e-37
 1.12712e-41 1.56436e-33 2.62454e-26 5.32252e-20 1.30475e-14 3.86622e-10 1.38482e-06 0.000599578 0.03138 0.1988 0.17246 0.196505 0.225312 0.123124 0.0448894 0.00649098 0.000430073 8.1677e-06 3.54704e-08 3.27675e-11 5.59481e-15 1.52117e-19 6.11768e-25 3.5149e-31 2.80193e-38
 1.37939e-41 1.9145e-33 3.21198e-26 6.51383e-20 1.59679e-14 4.73158e-10 1.69477e-06 0.000733779 0.0384035 0.243221 0.203623 0.1604 0.178877 0.125722 0.0435366 0.00523312 0.000245551 3.67967e-06 1.39048e-08 1.00147e-11 1.22408e-15 2.39788e-20 7.05591e-26 2.93292e-32 1.65398e-39
 1.35602e-41 1.88206e-33 3.15755e-26 6.40344e-20 1.56973e-14 4.65139e-10 1.66605e-06 0.000721344 0.0377531 0.239247 0.207201 0.1942 0.18818 0.0965849 0.0318429 0.00410226 0.000164398 1.77689e-06 4.80709e-09 2.6869e-12 2.57783e-16 3.76511e-21 7.91566e-27 2.32852e-33 9.36402e-41
 1.18594e-41 1.64601e-33 2.76152e-26 5.60031e-20 1.37285e-14 4.068e-10 1.45709e-06 0.000630871 0.0330186 0.209447 0.190126 0.213825 0.20686 0.113295 0.0297654 0.00292158 0.000106963 1.02036e-06 2.07119e-09 8.06551e-13 5.50288e-17 5.95078e-22 9.391e-28 2.04551e-34 5.95169e-42
 1.06692e-41 1.48081e-33 2.48436e-26 5.03824e-20 1.23507e-14 3.65972e-10 1.31085e-06 0.000567555 0.0297054 0.188641 0.178633 0.221495 0.217172 0.128936 0.0320314 0.00274228 7.46897e-05 5.53674e-07 9.25182e-10 2.80243e-13 1.37457e-17 1.0317e-22 1.13587e-28 1.7623e-35 3.71852e-43
 1.04932e-41 1.45638e-33 2.44339e-26 4.95514e-20 1.21469e-14 3.59936e-10 1.28923e-06 0.000558194 0.0292161 0.185702 0.179713 0.221558 0.216907 0.13183 0.0318341 0.00261996 6.10286e-05 3.4447e-07 4.19343e-10 9.57319e-14 3.59902e-18 2.02133e-23 1.60431e-29 1.7463e-36 2.55783e-44
 1.2666e-41 1.75796e-33 2.94935e-26 5.98122e-20 1.46623e-14 4.34469e-10 1.5562e-06 0.000673781 0.0352652 0.223864 0.204337 0.199714 0.192661 0.113736 0.0274345 0.00226102 5.13983e-05 2.67374e-07 2.75313e-10 5.01826e-14 1.49357e-18 6.7715e-24 4.41355e-30 3.95382e-37 4.71788e-45
 1.26663e-41 1.758e-33 2.94941e-26 5.98134e-20 1.46625e-14 4.34478e-10 1.55623e-06 0.000673794 0.0352659 0.223868 0.204342 0.199723 0.19283 0.114091 0.0270512 0.00210927 4.43953e-05 2.09581e-07 1.92947e-10 3.10729e-14 8.10005e-19 3.19916e-24 1.81133e-30 1.40768e-37 1.45579e-45
#pred catch len freq
 2.55652e-27 2.57072e-27 1.79907e-26 3.25554e-20 7.98055e-15 2.36478e-10 8.47025e-07 0.000366729 0.0191933 0.121423 0.0933607 0.0405631 0.243155 0.225132 0.0595124 0.079676 0.0337272 0.0252031 0.0151762 0.0113282 0.00875413 0.00747754 0.00742191 0.006538 0.00199114
 2.5577e-27 2.5743e-27 2.1397e-26 3.97419e-20 9.74225e-15 2.8868e-10 1.034e-06 0.000447685 0.0234302 0.148226 0.11378 0.0375625 0.205979 0.191987 0.075028 0.123091 0.0420039 0.0177736 0.00782311 0.00435868 0.00272881 0.00198881 0.00174459 0.0015341 0.000511597
 2.55998e-27 2.5801e-27 2.61169e-26 4.96974e-20 1.21827e-14 3.60996e-10 1.29303e-06 0.000559831 0.0292995 0.185357 0.14217 0.0399476 0.204182 0.189416 0.0580437 0.0852099 0.0337189 0.0210455 0.00680296 0.0021367 0.000882371 0.000485743 0.000350963 0.000289126 9.97402e-05
 2.55844e-27 2.57575e-27 2.21001e-26 4.12229e-20 1.01053e-14 2.99438e-10 1.07254e-06 0.000464367 0.0243033 0.15375 0.118076 0.0425168 0.240662 0.222892 0.0606146 0.0824479 0.0298354 0.0152328 0.00608711 0.00227451 0.0005223 0.00016119 8.1431e-05 5.74205e-05 1.95804e-05
 2.55851e-27 2.57616e-27 2.2665e-26 4.24154e-20 1.03976e-14 3.081e-10 1.10356e-06 0.000477801 0.0250064 0.158198 0.121441 0.0405243 0.223136 0.207213 0.0668384 0.100536 0.0344901 0.0146676 0.00506932 0.00175868 0.000504868 9.82917e-05 2.36801e-05 1.18071e-05 3.76322e-06
 2.55968e-27 2.57912e-27 2.50859e-26 4.75217e-20 1.16494e-14 3.45191e-10 1.23642e-06 0.000535322 0.0280168 0.177243 0.135999 0.0415245 0.220519 0.20437 0.0585632 0.0824223 0.0296755 0.0146929 0.00469184 0.00133021 0.000331347 7.09581e-05 1.02285e-05 2.31165e-06 6.09278e-07
 2.55966e-27 2.57885e-27 2.46393e-26 4.65789e-20 1.14183e-14 3.38344e-10 1.21189e-06 0.000524702 0.027461 0.173727 0.133342 0.04328 0.235745 0.218125 0.0556876 0.0722752 0.0246614 0.0103276 0.00349439 0.00107602 0.00022548 4.06347e-05 5.57305e-06 5.81882e-07 8.86121e-08
 2.56012e-27 2.58007e-27 2.56893e-26 4.87937e-20 1.19612e-14 3.54431e-10 1.26951e-06 0.000549651 0.0287668 0.181987 0.139647 0.0431214 0.230109 0.212944 0.0551776 0.0723491 0.0236505 0.00827837 0.00253541 0.000696395 0.000157787 2.57563e-05 2.92318e-06 2.27453e-07 1.49696e-08
 2.56097e-27 2.58225e-27 2.74985e-26 5.261e-20 1.28967e-14 3.82152e-10 1.36881e-06 0.000592641 0.0310167 0.196221 0.150523 0.043581 0.225965 0.208905 0.0505627 0.062817 0.0203949 0.00690888 0.00196041 0.000447134 8.79737e-05 1.43586e-05 1.51418e-06 9.44748e-08 3.53266e-09
 2.5626e-27 2.58663e-27 3.1319e-26 6.06694e-20 1.48724e-14 4.40695e-10 1.5785e-06 0.000683428 0.0357682 0.22628 0.173464 0.0428697 0.204434 0.188947 0.0454091 0.0560692 0.0180706 0.00590983 0.00165953 0.000363202 6.1169e-05 8.36507e-06 8.36089e-07 4.75241e-08 1.30927e-09
 2.56153e-27 2.58353e-27 2.83929e-26 5.4496e-20 1.3359e-14 3.95852e-10 1.41788e-06 0.000613887 0.0321286 0.203255 0.155921 0.0452578 0.234933 0.21675 0.0441602 0.0461966 0.0146923 0.00453449 0.0012461 0.000262061 4.26594e-05 5.12751e-06 4.22217e-07 2.19535e-08 5.29721e-10
 2.56211e-27 2.58517e-27 2.99024e-26 5.76806e-20 1.41397e-14 4.18985e-10 1.50073e-06 0.00064976 0.0340061 0.215132 0.164975 0.0442874 0.221187 0.204221 0.0447936 0.0507504 0.0153851 0.00349959 0.000901607 0.000178089 2.78328e-05 3.19307e-06 2.32168e-07 9.96565e-09 2.14256e-10
 2.56374e-27 2.58948e-27 3.35962e-26 6.54726e-20 1.60498e-14 4.75585e-10 1.70346e-06 0.000737535 0.0385999 0.244194 0.187165 0.0442055 0.204973 0.189012 0.0376057 0.038192 0.0116766 0.0028389 0.000680524 0.000101683 1.44116e-05 1.55793e-06 1.06813e-07 4.02566e-09 7.19966e-11
 2.56193e-27 2.58441e-27 2.89857e-26 5.57458e-20 1.36654e-14 4.0493e-10 1.45039e-06 0.000627964 0.0328654 0.207916 0.159502 0.0466504 0.243014 0.223878 0.0394687 0.0336424 0.00996702 0.00193655 0.000451834 6.90558e-05 8.17567e-06 7.13841e-07 4.49834e-08 1.57695e-09 2.46319e-11
 2.56004e-27 2.57946e-27 2.47673e-26 4.68474e-20 1.14841e-14 3.40294e-10 1.21888e-06 0.000527726 0.0276193 0.174728 0.134158 0.0464997 0.259675 0.239608 0.048731 0.0507818 0.014776 0.00232952 0.000494489 6.24436e-05 7.19459e-06 5.7161e-07 2.84183e-08 8.79285e-10 1.26016e-11
 2.56119e-27 2.58269e-27 2.77168e-26 5.30698e-20 1.30094e-14 3.85493e-10 1.38077e-06 0.000597821 0.0312878 0.197936 0.151853 0.0448314 0.234547 0.216593 0.0477757 0.0544187 0.0162127 0.00318335 0.00068498 7.06445e-05 6.86134e-06 4.76673e-07 2.17941e-08 5.42668e-10 6.66283e-12
 2.56216e-27 2.58516e-27 2.97492e-26 5.73569e-20 1.40604e-14 4.16634e-10 1.49231e-06 0.000646114 0.0338153 0.213925 0.164073 0.0455266 0.231251 0.213231 0.041353 0.040629 0.0122222 0.00264417 0.00060057 7.40349e-05 6.87892e-06 3.82966e-07 1.46954e-08 3.25723e-10 3.2865e-12
 2.56228e-27 2.58541e-27 2.99168e-26 5.77101e-20 1.41469e-14 4.19199e-10 1.5015e-06 0.000650092 0.0340235 0.215243 0.165086 0.0459572 0.233816 0.215495 0.0398932 0.0367122 0.0107662 0.00187803 0.000416147 5.62692e-05 5.8463e-06 3.57155e-07 1.15493e-08 2.07684e-10 1.80856e-12
 2.56348e-27 2.58863e-27 3.27183e-26 6.362e-20 1.55957e-14 4.62128e-10 1.65526e-06 0.000716666 0.0375077 0.237285 0.18191 0.0455375 0.218802 0.201543 0.0356713 0.0305902 0.00882843 0.00130738 0.000266296 2.94981e-05 3.04467e-06 2.07823e-07 7.50796e-09 1.23109e-10 8.65138e-13
 2.56273e-27 2.58652e-27 3.07958e-26 5.95641e-20 1.46014e-14 4.32666e-10 1.54974e-06 0.000670977 0.0351165 0.222157 0.170376 0.0465919 0.234929 0.216313 0.0362459 0.0281808 0.00807102 0.00110843 0.000215542 2.04925e-05 1.80986e-06 1.08505e-07 4.21398e-09 7.70863e-11 5.21331e-13
 2.5645e-27 2.59137e-27 3.51053e-26 6.86555e-20 1.68301e-14 4.98705e-10 1.78628e-06 0.00077339 0.0404765 0.256066 0.196244 0.045129 0.205622 0.18931 0.0322265 0.025809 0.00731291 0.000858074 0.000156273 1.36974e-05 1.0939e-06 5.45739e-08 1.80518e-09 3.33366e-11 2.48421e-13
 2.56444e-27 2.59109e-27 3.47596e-26 6.79257e-20 1.66512e-14 4.93404e-10 1.76729e-06 0.000765169 0.0400462 0.253344 0.194181 0.0461057 0.214504 0.197293 0.0297665 0.0181957 0.00511439 0.000574337 0.000100777 7.57988e-06 5.44332e-07 2.43301e-08 6.79728e-10 1.04817e-11 7.52011e-14
 2.56423e-27 2.59057e-27 3.43176e-26 6.69935e-20 1.64227e-14 4.86633e-10 1.74304e-06 0.000754668 0.0394966 0.249867 0.191525 0.0460042 0.215598 0.198364 0.0310692 0.0208895 0.00581346 0.000527512 8.32975e-05 6.04147e-06 4.02495e-07 1.53389e-08 3.7898e-10 4.96361e-12 2.9618e-14
 2.56504e-27 2.59277e-27 3.62863e-26 7.11466e-20 1.74407e-14 5.168e-10 1.85109e-06 0.000801452 0.0419451 0.265357 0.203341 0.0452367 0.201456 0.185354 0.0294939 0.0205747 0.00576078 0.000578047 9.43267e-05 5.71646e-06 3.34585e-07 1.19629e-08 2.58887e-10 2.90629e-12 1.47685e-14
 2.5651e-27 2.59291e-27 3.63894e-26 7.13642e-20 1.74941e-14 5.1838e-10 1.85675e-06 0.000803902 0.0420734 0.266168 0.203963 0.0454001 0.202262 0.186048 0.0287276 0.0186558 0.00523504 0.000559831 9.49322e-05 6.28492e-06 3.69558e-07 1.0947e-08 2.1271e-10 2.1299e-12 9.23006e-15
 2.56457e-27 2.59141e-27 3.49998e-26 6.84324e-20 1.67754e-14 4.97084e-10 1.78047e-06 0.000770877 0.0403449 0.255233 0.195629 0.0463781 0.215559 0.198185 0.0284353 0.0149347 0.0041201 0.000351026 5.30349e-05 3.59768e-06 2.20878e-07 7.00114e-09 1.23647e-10 1.05295e-12 4.06029e-15
 2.5642e-27 2.59045e-27 3.41922e-26 6.67287e-20 1.63577e-14 4.84709e-10 1.73615e-06 0.000751685 0.0393405 0.248879 0.190775 0.0462535 0.218022 0.20055 0.0305422 0.0191371 0.00527876 0.000407904 5.67067e-05 3.2106e-06 1.74645e-07 5.71537e-09 1.07054e-10 8.95964e-13 2.97851e-15
 2.56473e-27 2.59186e-27 3.54286e-26 6.93371e-20 1.69971e-14 5.03656e-10 1.80401e-06 0.000781068 0.0408783 0.258608 0.198199 0.0459761 0.210695 0.193763 0.0288774 0.017053 0.00471381 0.000393601 5.72332e-05 2.95371e-06 1.39578e-07 3.75785e-09 6.66071e-11 5.84257e-13 1.97491e-15
 2.56513e-27 2.59295e-27 3.63862e-26 7.13573e-20 1.74924e-14 5.1833e-10 1.85657e-06 0.000803825 0.0420693 0.266142 0.203949 0.0457467 0.20491 0.188409 0.0276522 0.0156083 0.0043046 0.000349978 5.03018e-05 2.77334e-06 1.36219e-07 3.2475e-09 4.8057e-11 3.6729e-13 1.25112e-15
#obs catch len freq
 5.01129e-42 6.95533e-34 1.1669e-26 2.36645e-20 5.80108e-15 1.71897e-10 6.15706e-07 0.000266579 0.0139517 0.0882637 0.0681213 0.0398676 0.218506 0.186503 0.143654 0.143334 0.0645111 0.0260594 0.00611684 0.000800464 4.31629e-05 6.91533e-07 2.46029e-09 1.58008e-12 1.60476e-16
 5.7532e-42 7.98507e-34 1.33966e-26 2.7168e-20 6.65993e-15 1.97346e-10 7.06861e-07 0.000306046 0.0160172 0.101331 0.0782115 0.043686 0.223062 0.181456 0.142809 0.130785 0.0565422 0.0208561 0.00441764 0.000498116 2.18753e-05 2.69818e-07 7.10273e-10 3.29739e-13 2.3897e-17
 1.09137e-41 1.51475e-33 2.54131e-26 5.15372e-20 1.26337e-14 3.74361e-10 1.3409e-06 0.000580563 0.0303843 0.192222 0.147662 0.0452445 0.181234 0.140434 0.113044 0.0946967 0.0389407 0.0129069 0.00241078 0.000230015 8.13312e-06 7.6916e-08 1.49685e-10 5.02254e-14 2.59757e-18
 1.11704e-41 1.55038e-33 2.60108e-26 5.27494e-20 1.29309e-14 3.83166e-10 1.37244e-06 0.000594218 0.031099 0.196744 0.151462 0.0585736 0.238578 0.164644 0.0764219 0.0537553 0.0208932 0.00615975 0.000994459 7.83644e-05 2.19166e-06 1.57585e-08 2.26278e-11 5.49147e-15 2.02906e-19
 7.86254e-42 1.09127e-33 1.83083e-26 3.71289e-20 9.1017e-15 2.697e-10 9.66022e-07 0.000418254 0.0218897 0.138484 0.107236 0.0647732 0.273575 0.184445 0.116643 0.0713815 0.0167912 0.00380323 0.000524856 3.35518e-05 7.27034e-07 3.91989e-09 4.12751e-12 7.2352e-16 1.91159e-20
 1.26053e-41 1.74954e-33 2.93521e-26 5.95254e-20 1.4592e-14 4.32386e-10 1.54874e-06 0.00067055 0.0350939 0.222017 0.170753 0.0529437 0.172579 0.122203 0.124913 0.0752811 0.019902 0.003346 0.000283314 1.36242e-05 2.24572e-07 8.93616e-10 6.82445e-13 8.59065e-17 1.61945e-21
 1.03929e-41 1.44247e-33 2.42003e-26 4.90778e-20 1.20308e-14 3.56496e-10 1.27691e-06 0.000552858 0.0289344 0.183053 0.141699 0.073736 0.260201 0.153507 0.0858069 0.0506123 0.0184521 0.00321386 0.000224146 6.55853e-06 7.19983e-08 2.05597e-10 1.1249e-13 1.00758e-17 1.34689e-22
 1.27426e-41 1.76859e-33 2.96717e-26 6.01737e-20 1.47509e-14 4.37095e-10 1.5656e-06 0.000677852 0.0354761 0.224437 0.173115 0.0644587 0.192862 0.124116 0.116455 0.0543679 0.0117823 0.00208493 0.000161325 3.8611e-06 2.65475e-08 4.73371e-11 1.75706e-14 1.10128e-18 1.03495e-23
 1.14428e-41 1.58818e-33 2.66451e-26 5.40357e-20 1.32462e-14 3.9251e-10 1.40591e-06 0.000608709 0.0318574 0.201547 0.156296 0.0796603 0.238907 0.134338 0.0952122 0.0466113 0.0132092 0.0016521 9.68198e-05 2.25428e-06 1.27869e-08 1.50678e-11 3.45007e-15 1.39177e-19 8.83296e-25
 1.51007e-41 2.09588e-33 3.51627e-26 7.13093e-20 1.74806e-14 5.17983e-10 1.85533e-06 0.000803294 0.0420412 0.265972 0.205222 0.0695177 0.171167 0.10387 0.0942075 0.0377591 0.00829768 0.00108464 5.50963e-05 9.17611e-07 4.31574e-09 4.14544e-12 6.76845e-16 1.76582e-20 7.08976e-26
 1.54975e-41 2.15095e-33 3.60867e-26 7.31831e-20 1.794e-14 5.31595e-10 1.90409e-06 0.000824403 0.043146 0.272966 0.211253 0.0831959 0.197263 0.098609 0.0618877 0.0245783 0.00567762 0.000572919 2.45263e-05 3.45334e-07 1.18008e-09 8.4378e-13 1.07195e-16 2.10491e-21 5.95072e-27
 1.15103e-41 1.59755e-33 2.68022e-26 5.43543e-20 1.33243e-14 3.94824e-10 1.41419e-06 0.000612297 0.0320452 0.202747 0.158884 0.103749 0.253534 0.129296 0.0876208 0.02669 0.00439618 0.000409642 1.45944e-05 1.58348e-07 4.25824e-10 2.24785e-13 2.035e-17 2.91137e-22 6.12144e-28
 1.72537e-41 2.3947e-33 4.01761e-26 8.14762e-20 1.99729e-14 5.91835e-10 2.11986e-06 0.000917824 0.0480353 0.303899 0.2349 0.0748052 0.140305 0.0901875 0.0801075 0.0231842 0.00342807 0.000222735 5.94159e-06 5.12977e-08 1.03266e-10 4.05163e-14 2.70219e-18 2.76997e-23 4.11351e-29
 1.40295e-41 1.9472e-33 3.26684e-26 6.62509e-20 1.62406e-14 4.81239e-10 1.72372e-06 0.000746311 0.039059 0.24713 0.194079 0.116364 0.233868 0.0982899 0.0508163 0.0165941 0.00288237 0.000165642 3.2267e-06 1.91316e-08 2.81816e-11 8.1245e-15 3.91836e-19 2.89944e-24 3.10057e-30
 1.19161e-41 1.65388e-33 2.77472e-26 5.62708e-20 1.37941e-14 4.08745e-10 1.46406e-06 0.000633887 0.0331751 0.209916 0.166418 0.119048 0.22917 0.131126 0.0898976 0.0184432 0.00204628 0.000121288 2.22629e-06 9.92492e-09 9.8922e-12 1.95354e-15 6.67422e-20 3.52841e-25 2.68759e-31
 9.45675e-42 1.31253e-33 2.20205e-26 4.46571e-20 1.09472e-14 3.24385e-10 1.16189e-06 0.000503059 0.0263282 0.166616 0.134893 0.132108 0.244533 0.154789 0.109521 0.0274075 0.00318062 0.000117922 1.64508e-06 6.51124e-09 5.12909e-12 7.10962e-16 1.6346e-20 5.86844e-26 3.10013e-32
 1.5008e-41 2.08301e-33 3.49468e-26 7.08714e-20 1.73733e-14 5.14802e-10 1.84394e-06 0.000798361 0.0417831 0.264377 0.207641 0.0986868 0.153219 0.120715 0.0873628 0.0225284 0.00277811 0.000108309 1.16198e-06 3.10853e-09 1.88489e-12 2.07415e-16 3.56257e-21 8.98665e-27 3.23264e-33
 1.05162e-41 1.45958e-33 2.44875e-26 4.96603e-20 1.21736e-14 3.60727e-10 1.29207e-06 0.00055942 0.0292779 0.185329 0.153583 0.170211 0.261111 0.117687 0.0624261 0.0175537 0.002175 8.43589e-05 8.79535e-07 1.96214e-09 8.34747e-13 6.35828e-17 8.02716e-22 1.52667e-27 4.07408e-34
 1.52478e-41 2.1163e-33 3.55053e-26 7.20041e-20 1.7651e-14 5.2303e-10 1.87341e-06 0.000811121 0.042451 0.268634 0.213087 0.111295 0.153551 0.127597 0.0697622 0.0116353 0.00113091 4.28859e-05 4.19524e-07 8.47419e-10 3.04803e-13 1.76583e-17 1.56276e-22 2.04655e-28 3.84757e-35
 1.08537e-41 1.50642e-33 2.52734e-26 5.12539e-20 1.25643e-14 3.72303e-10 1.33353e-06 0.000577372 0.0302176 0.191348 0.162591 0.190433 0.247277 0.111754 0.0527872 0.0120366 0.000954166 2.36538e-05 1.89395e-07 3.34679e-10 1.02835e-13 4.93479e-18 3.4675e-23 3.42028e-29 4.61491e-36
 1.38729e-41 1.92547e-33 3.23038e-26 6.55114e-20 1.60594e-14 4.75868e-10 1.70448e-06 0.000737982 0.0386233 0.244491 0.198976 0.136251 0.172936 0.139733 0.0594683 0.00817573 0.000592582 1.38769e-05 7.79616e-08 9.81186e-11 2.37556e-14 9.22795e-19 5.20241e-24 4.05338e-30 4.24044e-37
 1.50622e-41 2.09054e-33 3.50731e-26 7.11275e-20 1.74361e-14 5.16663e-10 1.8506e-06 0.000801247 0.0419344 0.265509 0.219022 0.161387 0.173896 0.0912524 0.0388494 0.00694902 0.000389933 6.52642e-06 3.07346e-08 2.94144e-11 4.93708e-15 1.36367e-19 5.7473e-25 3.43339e-31 2.76654e-38
 1.22082e-41 1.69442e-33 2.84274e-26 5.76502e-20 1.41323e-14 4.18765e-10 1.49995e-06 0.000649425 0.033989 0.215373 0.187599 0.200252 0.211297 0.110278 0.0356828 0.00461436 0.000258236 3.9586e-06 1.3508e-08 9.54781e-12 1.21847e-15 2.44239e-20 7.17449e-26 2.98824e-32 1.71735e-39
 1.48046e-41 2.05478e-33 3.44731e-26 6.99108e-20 1.71378e-14 5.07824e-10 1.81894e-06 0.000787541 0.0412174 0.261082 0.219125 0.161771 0.167636 0.110911 0.0337607 0.00356484 0.000140929 1.71624e-06 5.04606e-09 2.75728e-12 2.51488e-16 3.62602e-21 7.77724e-27 2.34233e-33 9.53086e-41
 1.45397e-41 2.01801e-33 3.38563e-26 6.86599e-20 1.68312e-14 4.98738e-10 1.7864e-06 0.00077345 0.0404804 0.25659 0.222836 0.194257 0.173424 0.0841358 0.0246662 0.00274329 9.10161e-05 7.93419e-07 1.67249e-09 7.07471e-13 5.04088e-17 5.40821e-22 8.2857e-28 1.7646e-34 5.11221e-42
 1.28379e-41 1.78181e-33 2.98935e-26 6.06235e-20 1.48611e-14 4.40363e-10 1.57731e-06 0.00068292 0.0357431 0.226809 0.20647 0.214764 0.192797 0.0981024 0.0226378 0.00193358 5.84676e-05 4.43137e-07 6.95207e-10 2.04602e-13 1.03554e-17 8.20264e-23 9.40962e-29 1.48281e-35 3.11043e-43
 1.16358e-41 1.61497e-33 2.70944e-26 5.4947e-20 1.34696e-14 3.99129e-10 1.42961e-06 0.000618975 0.0323971 0.205833 0.195419 0.223417 0.204689 0.111569 0.0242396 0.0017752 3.97685e-05 2.34389e-07 3.00732e-10 6.84499e-14 2.48672e-18 1.36689e-23 1.09261e-29 1.22347e-36 1.85627e-44
 1.14647e-41 1.59123e-33 2.66962e-26 5.41393e-20 1.32716e-14 3.93262e-10 1.4086e-06 0.000609877 0.0319209 0.202784 0.191552 0.216447 0.208933 0.119069 0.0266668 0.00197468 4.03492e-05 1.94987e-07 1.98968e-10 3.74913e-14 1.15274e-18 5.26613e-24 3.38468e-30 2.97136e-37 3.49767e-45
 1.37603e-41 1.90985e-33 3.20416e-26 6.49798e-20 1.5929e-14 4.72006e-10 1.69065e-06 0.000731993 0.0383117 0.2431 0.217437 0.191755 0.179521 0.103134 0.0241111 0.00185846 3.88325e-05 1.82371e-07 1.67291e-10 2.68695e-14 6.99046e-19 2.75691e-24 1.55929e-30 1.21087e-37 1.25153e-45
#spawning biomass
 10519.7 11799.7 16261.1 23218.4 28316.9 33660.2 39871.8 46750.4 54578.5 77581.3 93071 104229 128874 149446 147956 129820 123813 124294 121982 125395 124285 125299 132436 147816 170036 156566 152915 140654 132720 101876 183482 241664 269974 277299 271811 259617 244880 230123 216674 205091 195478 187702 181525 176613 172644 169670 167440 165769 164516 163578 162874 162347 161951 161655 161433 161267 161142 161048 160978 160926 160887 160857 160835 160818 160806 160797 160790 160784 160780 160778 160775 160774 160772 160772 160771 160770 160770 160770 160769 160769 160769 160769 160769 160769 160769 160769 160769 160769 160769 160769 160769 160769 160769 160769 160769 160769 160769 160769 160769 160769 160769 160769 160769 160769 160769 160769 160769 160769 160769 160769 160769 160769 160769 160769 160769 160769 160769 160769 160769 160769 160769 160769 160769 160769 160769 160769 160769 160769 160769 0 0 0 0 0 0 0 0 0 0 0 0 0 0 0 0 0 0 0 0 0 0 0 0 0
