SBPRF35
0.178141
Curr Bio
212663
B35
428318
F35
1.05478
FOFL
0.412835
OFL
12822.3
Bzero
50895.7
#pred survey bio
 35350.5 32433.2 21736.5 16857.8 35587.6 54226.1 90353.4 122734 172405 194834 182829 207995 255699 271781 267447 266625 281230 297028 251138 260557 275935 286992 320746 327125 309323 305246 302207 267829 8.25931e+06 6.70982e+06 3.22006e+06 1.63223e+06 999511 739746 620422 558332 523022 501963 489137 481268 476432 473464 471642 470506 469825 469417 469171 469022 468933 468879 468847 468827 468815 468808 468804 468801 468800 468799 468798 468798 468798 468797 468797 468797 468797 468797 468797 468797 468797 468797 468797 468797 468797 468797 468797 468797 468797 468797 468797 468797 468797 468797 468797 468797 468797 468797 468797 468797 468797 468797 468797 468797 468797 468797 468797 468797 468797 468797 468797 468797 468797 468797 468797 468797 468797 468797 468797 468797 468797 468797 468797 468797 468797 468797 468797 468797 468797 468797 468797 468797 468797 468797 468797 468797 468797 468797 468797 468797 0 0 0 0 0 0 0 0 0 0 0 0 0 0 0 0 0 0 0 0 0 0 0 0 0
#obs survey bio
 30238.9 28556.5 13590.3 16027.9 24652.9 58433.4 98072.1 113238 110983 242246 158000 161858 185082 218113 256204 247002 258930 265423 152353 138298 226098 197997 291764 256584 264955 267040 300326 158191
#pred catch bio
 12826.9 13996.1 12149.6 7679.73 21022.3 31390.7 57513.2 75062.8 115160 139549 128326 142305 180756 201943 196071 192563 206007 232781 189180 191308 210396 217600 246330 261902 247094 245192 242046 231189 12822.3 165521 63918.5 24310.7 11934.1 8499.63 7616.52 7400.94 7350.22 7338.6 7335.99 7335.41 7335.28 7335.25 7335.25 7335.25 7335.25 7335.25 7335.25 7335.25 7335.25 7335.25 7335.25 7335.25 7335.25 7335.25 7335.25 7335.25 7335.25 7335.25 7335.25 7335.25 7335.25 7335.25 7335.25 7335.25 7335.25 7335.25 7335.25 7335.25 7335.25 7335.25 7335.25 7335.25 7335.25 7335.25 7335.25 7335.25 7335.25 7335.25 7335.25 7335.25 7335.25 7335.25 7335.25 7335.25 7335.25 7335.25 7335.25 7335.25 7335.25 7335.25 7335.25 7335.25 7335.25 7335.25 7335.25 7335.25 7335.25 7335.25 7335.25 7335.25 7335.25 7335.25 7335.25 7335.25 7335.25 7335.25 7335.25 7335.25 7335.25 7335.25 7335.25 7335.25 7335.25 7335.25 7335.25 7335.25 7335.25 7335.25 7335.25 7335.25 7335.25 7335.25 7335.25 7335.25 7335.25 7335.25 7335.25 7335.25 0 0 0 0 0 0 0 0 0 0 0 0 0 0 0 0 0 0 0 0 0 0 0 0 0
#obs catch bio
 14958.1 14958.4 14354.6 7802.83 15909 25886.7 44788 59895 107252 123735 119065 127596 164308 177172 182909 164163 164017 204604 171372 180794 168401 183740 206463 225855 212361 206986 200708 205550
#pred cpue bio
 24641 24844.8 19302.7 8367.22 13097.5 21461.1 33996.9 47712.2 69950.2 82347.6 77997 77912.6 93690.3 105252 96849.6 98874.5 103480 104611 86189.1 84883 95351.1 89493.1 94550.8 100148 86343.6 82165.6 78981.8 78618.6 1.63907e+06 6.57651e+06 3.09835e+06 1.51e+06 877273 617508 498184 436094 400784 379725 366899 359029 354194 351225 349403 348268 347587 347178 346932 346784 346695 346641 346608 346589 346577 346570 346566 346563 346561 346560 346560 346559 346559 346559 346559 346559 346559 346559 346559 346559 346559 346559 346559 346559 346559 346559 346559 346559 346559 346559 346559 346559 346559 346559 346559 346559 346559 346559 346559 346559 346559 346559 346559 346559 346559 346559 346559 346559 346559 346559 346559 346559 346559 346559 346559 346559 346559 346559 346559 346559 346559 346559 346559 346559 346559 346559 346559 346559 346559 346559 346559 346559 346559 346559 346559 346559 346559 346559 346559 346559 0 0 0 0 0 0 0 0 0 0 0 0 0 0 0 0 0 0 0 0 0 0 0 0 0
#obs cpue bio
 21859.1 16579.5 13334.1 18426 35778.8 54195.6 81547.9 108134 142357 124950 118555 148579 191501 227809 135752 209112 274509 203027 185315 191010 330536 236556 218880 227280 185856 184263 169178 201195
#pred surv len freq
 1.42095e-11 1.5423e-09 9.87072e-08 3.7249e-06 8.28838e-05 0.00108748 0.00841405 0.0384072 0.103663 0.167315 0.170397 0.133465 0.110609 0.0927962 0.0643125 0.0395468 0.0243979 0.0150277 0.00942573 0.00626772 0.00452802 0.00361177 0.00302598 0.00229071 0.00132486
 1.12058e-11 1.21628e-09 7.78419e-08 2.93751e-06 6.53637e-05 0.000857625 0.00663639 0.0303108 0.0820569 0.134435 0.146263 0.13878 0.143268 0.129357 0.085896 0.046587 0.0248494 0.0134295 0.00721902 0.00394362 0.0022825 0.0014815 0.00107641 0.000764958 0.000437766
 6.3995e-12 6.94605e-10 4.44546e-08 1.67758e-06 3.7329e-05 0.000489816 0.00379139 0.0173434 0.047318 0.0804714 0.101228 0.129519 0.167823 0.16712 0.122021 0.0760205 0.0441785 0.0227382 0.0105724 0.00480331 0.00221998 0.00109808 0.000621213 0.000379923 0.000204598
 1.85598e-11 2.01449e-09 1.28927e-07 4.86529e-06 0.000108259 0.00142039 0.0109889 0.0501392 0.135034 0.215582 0.20843 0.134414 0.077561 0.053388 0.0398275 0.0296554 0.0205188 0.0121729 0.00621014 0.00275551 0.0010898 0.000415202 0.000169321 7.82874e-05 3.62124e-05
 1.95232e-11 2.11905e-09 1.35619e-07 5.11785e-06 0.000113878 0.00149412 0.0115595 0.0527466 0.142109 0.227295 0.221716 0.148064 0.0910078 0.0594639 0.0310818 0.0105121 0.00225663 0.000389536 0.000107535 4.74557e-05 1.98726e-05 7.06399e-06 2.25038e-06 7.25357e-07 2.49619e-07
 1.90253e-11 2.06501e-09 1.3216e-07 4.98732e-06 0.000110974 0.00145602 0.0112648 0.0514042 0.138524 0.221822 0.217612 0.148651 0.0959183 0.0649779 0.0342396 0.0114365 0.00228676 0.000270419 1.88667e-05 7.76229e-07 1.88318e-08 2.69384e-10 2.27215e-12 1.13007e-14 3.31394e-17
 1.93635e-11 2.10172e-09 1.3451e-07 5.07599e-06 0.000112947 0.0014819 0.011465 0.0523162 0.14096 0.225548 0.220438 0.148358 0.0927484 0.0613603 0.0320931 0.010702 0.0021392 0.000252953 1.76479e-05 7.26081e-07 1.76152e-08 2.5198e-10 2.12536e-12 1.05706e-14 3.09984e-17
 1.91482e-11 2.07835e-09 1.33014e-07 5.01955e-06 0.000111691 0.00146543 0.0113376 0.0517357 0.13941 0.223177 0.218639 0.148544 0.0947661 0.063663 0.0334594 0.0111695 0.00223313 0.000264071 1.84237e-05 7.58002e-07 1.83896e-08 2.63058e-10 2.2188e-12 1.10353e-14 3.23612e-17
 1.88487e-11 2.04585e-09 1.30934e-07 4.94104e-06 0.000109944 0.00144251 0.0111603 0.0509283 0.137253 0.219878 0.216137 0.148804 0.0975725 0.0668659 0.0353598 0.0118198 0.00236377 0.000279535 1.95028e-05 8.02401e-07 1.94667e-08 2.78466e-10 2.34876e-12 1.16817e-14 3.42567e-17
 1.85428e-11 2.01264e-09 1.28809e-07 4.86083e-06 0.000108159 0.00141909 0.0109793 0.0501033 0.135049 0.216508 0.213581 0.149069 0.10044 0.0701382 0.0373014 0.0124841 0.00249725 0.000295334 2.06053e-05 8.47761e-07 2.05672e-08 2.94209e-10 2.48154e-12 1.23421e-14 3.61933e-17
 1.84701e-11 2.00475e-09 1.28304e-07 4.84179e-06 0.000107736 0.00141353 0.0109363 0.0499074 0.134526 0.215708 0.212973 0.149132 0.101121 0.0709152 0.0377624 0.0126419 0.00252895 0.000299086 2.08671e-05 8.58533e-07 2.08286e-08 2.97947e-10 2.51307e-12 1.24989e-14 3.66532e-17
 1.93922e-11 2.10483e-09 1.34709e-07 5.08349e-06 0.000113114 0.00148409 0.011482 0.0523934 0.141166 0.225863 0.220678 0.148333 0.0924801 0.0610541 0.0319114 0.0106398 0.00212671 0.000251474 1.75447e-05 7.21836e-07 1.75122e-08 2.50507e-10 2.11293e-12 1.05088e-14 3.08172e-17
 1.95309e-11 2.11989e-09 1.35672e-07 5.11986e-06 0.000113923 0.00149471 0.0115641 0.0527674 0.142165 0.227391 0.221837 0.148213 0.0911803 0.0595706 0.0310313 0.0103386 0.0020662 0.000244312 1.70449e-05 7.01272e-07 1.70133e-08 2.4337e-10 2.05274e-12 1.02094e-14 2.99393e-17
 1.91739e-11 2.08114e-09 1.33193e-07 5.02628e-06 0.000111841 0.00146739 0.0113528 0.0518049 0.139595 0.223459 0.218854 0.148522 0.0945254 0.0633883 0.0332964 0.0111137 0.00222192 0.000262744 1.83311e-05 7.54194e-07 1.82972e-08 2.61737e-10 2.20765e-12 1.09799e-14 3.21986e-17
 1.96028e-11 2.1277e-09 1.36172e-07 5.13872e-06 0.000114343 0.00150021 0.0116066 0.0529614 0.142683 0.228184 0.222438 0.14815 0.0905061 0.0588011 0.0305747 0.0101824 0.00203481 0.000240596 1.67856e-05 6.90606e-07 1.67545e-08 2.39669e-10 2.02151e-12 1.00541e-14 2.94839e-17
 1.9456e-11 2.11176e-09 1.35152e-07 5.10023e-06 0.000113486 0.00148898 0.0115197 0.0525655 0.141626 0.226566 0.221211 0.148278 0.091882 0.0603715 0.0315064 0.0105012 0.00209886 0.000248178 1.73147e-05 7.12374e-07 1.72826e-08 2.47223e-10 2.08523e-12 1.03711e-14 3.04132e-17
 1.95048e-11 2.11706e-09 1.35491e-07 5.11302e-06 0.000113771 0.00149271 0.0115486 0.0526971 0.141977 0.227104 0.221619 0.148235 0.0914247 0.0598496 0.0311968 0.0103953 0.00207757 0.000245658 1.71389e-05 7.05139e-07 1.71071e-08 2.44712e-10 2.06406e-12 1.02657e-14 3.01043e-17
 1.97681e-11 2.14563e-09 1.3732e-07 5.18204e-06 0.000115307 0.00151286 0.0117045 0.0534069 0.143873 0.230004 0.223819 0.148007 0.0889575 0.0570338 0.0295261 0.00982357 0.00196272 0.000232063 1.61902e-05 6.66106e-07 1.61601e-08 2.31166e-10 1.9498e-12 9.69747e-15 2.84379e-17
 1.99157e-11 2.16166e-09 1.38346e-07 5.22074e-06 0.000116168 0.00152416 0.0117918 0.053805 0.144937 0.23163 0.225052 0.147879 0.0875739 0.0554547 0.0285892 0.00950297 0.00189831 0.000224439 1.56582e-05 6.44217e-07 1.56291e-08 2.2357e-10 1.88573e-12 9.37879e-15 2.75034e-17
 2.01963e-11 2.19211e-09 1.40295e-07 5.29429e-06 0.000117804 0.00154563 0.0119579 0.0545614 0.146957 0.23472 0.227397 0.147636 0.0849446 0.052454 0.0268087 0.00889374 0.0017759 0.000209951 1.46472e-05 6.0262e-07 1.46199e-08 2.09134e-10 1.76396e-12 8.7732e-15 2.57275e-17
 1.98771e-11 2.15747e-09 1.38078e-07 5.21063e-06 0.000115943 0.00152121 0.011769 0.053701 0.144659 0.231205 0.22473 0.147912 0.0879353 0.0558673 0.0288339 0.00958673 0.00191513 0.000226431 1.57972e-05 6.49936e-07 1.57678e-08 2.25554e-10 1.90247e-12 9.46205e-15 2.77475e-17
 2.0416e-11 2.21596e-09 1.41821e-07 5.35189e-06 0.000119086 0.00156244 0.0120879 0.0551538 0.14854 0.23714 0.229233 0.147445 0.0828855 0.0501041 0.0254144 0.00841663 0.00168005 0.000198605 1.38554e-05 5.70045e-07 1.38296e-08 1.97829e-10 1.66861e-12 8.29896e-15 2.43368e-17
 2.06789e-11 2.2445e-09 1.43648e-07 5.42082e-06 0.00012062 0.00158256 0.0122436 0.0558627 0.150433 0.240036 0.231429 0.147217 0.0804216 0.0472921 0.023746 0.00784572 0.00156535 0.000185029 1.29081e-05 5.31065e-07 1.28839e-08 1.84301e-10 1.55451e-12 7.73147e-15 2.26726e-17
 2.05044e-11 2.22556e-09 1.42435e-07 5.37506e-06 0.000119602 0.00156921 0.0121403 0.0553921 0.149176 0.238113 0.229971 0.147369 0.0820573 0.0491589 0.0248536 0.00822473 0.00164149 0.000194042 1.3537e-05 5.56943e-07 1.35117e-08 1.93282e-10 1.63026e-12 8.10821e-15 2.37774e-17
 2.09149e-11 2.27011e-09 1.45287e-07 5.48268e-06 0.000121996 0.00160062 0.0123832 0.0564989 0.152132 0.242635 0.233401 0.147013 0.0782103 0.0447684 0.0222485 0.00733333 0.0014624 0.000172844 1.20578e-05 4.96081e-07 1.20352e-08 1.7216e-10 1.4521e-12 7.22214e-15 2.1179e-17
 2.10625e-11 2.28614e-09 1.46312e-07 5.52137e-06 0.000122857 0.00161192 0.0124706 0.0568969 0.153195 0.244261 0.234634 0.146885 0.0768271 0.0431898 0.0213119 0.00701283 0.00139801 0.000165222 1.15259e-05 4.74198e-07 1.15043e-08 1.64566e-10 1.38805e-12 6.90356e-15 2.02447e-17
 2.11772e-11 2.29858e-09 1.47109e-07 5.55143e-06 0.000123526 0.00162069 0.0125384 0.057206 0.154021 0.245524 0.235592 0.146785 0.0757527 0.0419636 0.0205844 0.00676387 0.00134799 0.000159302 1.11128e-05 4.572e-07 1.10919e-08 1.58667e-10 1.33829e-12 6.65609e-15 1.95191e-17
 2.06979e-11 2.24656e-09 1.43779e-07 5.42578e-06 0.00012073 0.00158401 0.0122548 0.0559138 0.150569 0.240244 0.231588 0.147201 0.0802442 0.0470896 0.0236258 0.00780461 0.00155709 0.000184051 1.28398e-05 5.28259e-07 1.28158e-08 1.83327e-10 1.54629e-12 7.6906e-15 2.25527e-17
#obs surv len freq
 4.21426e-11 3.90563e-09 2.13426e-07 6.87689e-06 0.000130655 0.00146375 0.00967166 0.0377295 0.0873846 0.123681 0.121785 0.116734 0.127284 0.123239 0.0990988 0.071055 0.0442037 0.0226673 0.00954446 0.00325618 0.000865868 0.000171863 2.44453e-05 2.4017e-06 1.58021e-07
 3.11276e-11 2.78236e-09 1.46645e-07 4.55734e-06 8.35124e-05 0.000902461 0.00575394 0.0217039 0.0491285 0.0715411 0.0857538 0.115805 0.152567 0.158823 0.135882 0.0999107 0.059348 0.0277278 0.0106283 0.00339178 0.000859557 0.000162512 2.18095e-05 2.00182e-06 1.22117e-07
 1.43076e-11 1.23136e-09 6.24871e-08 1.86977e-06 3.29913e-05 0.000343351 0.00211063 0.00772018 0.0174466 0.0285705 0.0480443 0.0885411 0.137658 0.172569 0.182736 0.153544 0.0950375 0.0438248 0.0158932 0.00464379 0.00107009 0.000186149 2.32563e-05 1.99434e-06 1.13379e-07
 2.65801e-10 2.19897e-08 1.07268e-06 3.08538e-05 0.000523278 0.00523293 0.0308565 0.107287 0.219996 0.266248 0.191035 0.0836569 0.0275224 0.015423 0.016536 0.0156899 0.0109978 0.00578478 0.00230901 0.000690031 0.000151984 2.43074e-05 2.75917e-06 2.15646e-07 1.12496e-08
 1.84625e-10 1.466e-08 6.86384e-07 1.8949e-05 0.000308463 0.00296109 0.0167699 0.0561668 0.112648 0.143793 0.145849 0.160371 0.166403 0.119447 0.0533914 0.0155688 0.00399158 0.00144724 0.000606785 0.000201106 4.70442e-05 7.54856e-06 8.18472e-07 5.91855e-08 2.81444e-09
 4.47541e-10 3.40591e-08 1.52834e-06 4.04382e-05 0.000630891 0.00580379 0.031485 0.10077 0.190744 0.216283 0.156553 0.0923454 0.0658668 0.0552133 0.0429702 0.0264883 0.0112067 0.00300751 0.000515398 6.50604e-05 8.16177e-06 1.07286e-06 1.12477e-07 7.95748e-09 3.61719e-10
 5.07741e-10 3.69834e-08 1.58839e-06 4.02252e-05 0.000600663 0.00528913 0.0274727 0.084321 0.154314 0.176102 0.149835 0.132785 0.120533 0.0834402 0.0412074 0.0163141 0.00567989 0.00164308 0.000359418 5.59722e-05 5.99834e-06 4.4808e-07 2.53864e-08 1.19206e-09 4.45624e-11
 7.52293e-10 5.23797e-08 2.15043e-06 5.20567e-05 0.000743055 0.00625438 0.031053 0.0910955 0.159256 0.173168 0.139366 0.117502 0.107216 0.0828828 0.0520711 0.0264971 0.00988668 0.00248148 0.000417576 5.04477e-05 4.74044e-06 3.47014e-07 1.8426e-08 6.68229e-10 1.63383e-11
 1.09598e-09 7.28565e-08 2.85576e-06 6.60032e-05 0.000899504 0.00722885 0.0342722 0.0960603 0.160931 0.170013 0.138782 0.122242 0.11024 0.0800369 0.0463823 0.0221771 0.00812405 0.00210679 0.00038173 4.91446e-05 4.50751e-06 2.90994e-07 1.3147e-08 4.15995e-10 9.12135e-12
 1.2788e-09 8.10726e-08 3.03063e-06 6.68008e-05 0.000868227 0.0066551 0.0301087 0.0807316 0.131015 0.141615 0.13558 0.144694 0.137818 0.0987455 0.0556466 0.0254062 0.00864685 0.00202919 0.0003276 3.80871e-05 3.29803e-06 2.09477e-07 9.3466e-09 2.82124e-10 5.63119e-12
 2.46051e-09 1.48609e-07 5.29239e-06 0.000111134 0.00137607 0.0100479 0.0432887 0.110332 0.168654 0.165046 0.130421 0.114877 0.102626 0.076085 0.0461715 0.0218749 0.00725302 0.00157864 0.000226512 2.24899e-05 1.6311e-06 8.80274e-08 3.45965e-09 9.55944e-11 1.7967e-12
 3.62249e-09 2.08233e-07 7.05798e-06 0.000141059 0.00166235 0.0115534 0.0473899 0.115164 0.169039 0.163697 0.137181 0.127415 0.107193 0.0678613 0.0334676 0.0133263 0.00396693 0.000811078 0.000111927 1.07316e-05 7.35733e-07 3.60364e-08 1.23613e-09 2.91869e-11 4.69012e-13
 5.5297e-09 3.02253e-07 9.74156e-06 0.00018513 0.00207457 0.0137105 0.0534829 0.12367 0.173162 0.161605 0.133345 0.12241 0.101423 0.0646402 0.0327198 0.0130577 0.00371571 0.000696441 8.48605e-05 6.97056e-06 4.07405e-07 1.74496e-08 5.3987e-10 1.16431e-11 1.69568e-13
 7.0961e-09 3.6851e-07 1.12841e-05 0.000203741 0.00216922 0.0136229 0.0505362 0.11155 0.15183 0.147485 0.14094 0.142848 0.117277 0.0710391 0.0337821 0.012647 0.00338463 0.000598112 6.87071e-05 5.28308e-06 2.83521e-07 1.0836e-08 2.91809e-10 5.42016e-12 6.8328e-14
 1.0787e-08 5.31812e-07 1.54597e-05 0.000264996 0.00267853 0.0159702 0.0562554 0.118011 0.15323 0.143852 0.135252 0.135341 0.112049 0.0717477 0.0367234 0.0141832 0.00372373 0.000628431 6.82074e-05 4.93304e-06 2.4818e-07 8.85203e-09 2.20817e-10 3.75546e-12 4.26935e-14
 1.80489e-08 8.44176e-07 2.32812e-05 0.000378591 0.00363041 0.0205353 0.0686277 0.136597 0.168319 0.149896 0.133191 0.125221 0.0967469 0.0572864 0.0270331 0.00969915 0.00238913 0.00038148 3.94903e-05 2.74243e-06 1.32603e-07 4.51298e-09 1.06231e-10 1.68815e-12 1.78042e-14
 2.54664e-08 1.12932e-06 2.95294e-05 0.000455292 0.00413963 0.0222058 0.0704374 0.133633 0.159943 0.146683 0.140724 0.134093 0.0989492 0.0546976 0.0239174 0.00796485 0.0018265 0.000271459 2.60697e-05 1.67275e-06 7.46872e-08 2.35939e-09 5.19477e-11 7.76259e-13 7.70491e-15
 3.94423e-08 1.65751e-06 4.10715e-05 0.000600099 0.00517066 0.026286 0.0790392 0.142307 0.16241 0.14393 0.134909 0.125732 0.0927007 0.0529455 0.0239335 0.00795131 0.00176614 0.00025173 2.32343e-05 1.43948e-06 6.19193e-08 1.86144e-09 3.83911e-11 5.31146e-13 4.85612e-15
 5.44819e-08 2.16876e-06 5.09052e-05 0.000704555 0.00575087 0.0277037 0.0790491 0.135979 0.152548 0.142682 0.144204 0.134416 0.0949212 0.0513903 0.0219802 0.00692465 0.00147011 0.000203262 1.85711e-05 1.15881e-06 5.0321e-08 1.5062e-09 3.03493e-11 4.03795e-13 3.50741e-15
 8.59069e-08 3.23826e-06 7.19756e-05 0.000943328 0.00729141 0.0332633 0.0899011 0.146608 0.156426 0.140142 0.136431 0.12381 0.0875324 0.0485895 0.0210117 0.00647064 0.00131481 0.000173049 1.51081e-05 9.08042e-07 3.82918e-08 1.12023e-09 2.21593e-11 2.8982e-13 2.46679e-15
 1.39173e-07 4.96662e-06 0.00010451 0.00129676 0.00948939 0.040987 0.104909 0.162194 0.164673 0.141228 0.130998 0.111843 0.0737002 0.0379331 0.0152578 0.00441176 0.000851365 0.00010783 9.17801e-06 5.41116e-07 2.22754e-08 6.29505e-10 1.19323e-11 1.49109e-13 1.21346e-15
 1.86357e-07 6.29524e-06 0.000125392 0.00147281 0.0102035 0.0417491 0.101519 0.15108 0.155087 0.146579 0.146262 0.121634 0.0739074 0.0341967 0.0123325 0.00321807 0.00055875 6.26428e-05 4.61824e-06 2.33603e-07 8.38828e-09 2.13901e-10 3.77172e-12 4.45929e-14 3.45071e-16
 2.65464e-07 8.48791e-06 0.000160026 0.00177912 0.0116676 0.0452063 0.104262 0.148225 0.148975 0.142835 0.143763 0.120339 0.0763428 0.0378559 0.0142116 0.00367959 0.000616844 6.62377e-05 4.66801e-06 2.23683e-07 7.43797e-09 1.70609e-10 2.64844e-12 2.73847e-14 1.86712e-16
 3.66037e-07 1.10778e-05 0.000197686 0.00208036 0.012916 0.0474113 0.103951 0.14258 0.144799 0.146947 0.150164 0.122087 0.0746369 0.0356396 0.0128236 0.0031806 0.000515542 5.45074e-05 3.85963e-06 1.8761e-07 6.26861e-09 1.41303e-10 2.1043e-12 2.04257e-14 1.28204e-16
 6.11503e-07 1.75178e-05 0.000295908 0.00294759 0.0173218 0.0601713 0.124719 0.160941 0.151388 0.140242 0.133455 0.104096 0.0623508 0.0291855 0.0101038 0.00236831 0.000359162 3.53777e-05 2.33678e-06 1.06858e-07 3.40728e-09 7.43785e-11 1.0833e-12 1.03097e-14 6.31362e-17
 7.9697e-07 2.16131e-05 0.000345617 0.00325937 0.0181392 0.0597566 0.118222 0.149559 0.148422 0.151787 0.146946 0.10838 0.0595292 0.0254198 0.00813257 0.0017925 0.000259847 2.48454e-05 1.60867e-06 7.18907e-08 2.2073e-09 4.56509e-11 6.24089e-13 5.56842e-15 3.21083e-17
 1.07547e-06 2.76133e-05 0.000418069 0.00373305 0.0196759 0.061462 0.115911 0.142701 0.144615 0.153565 0.149091 0.110047 0.0616923 0.0267058 0.00835662 0.0017429 0.000234074 2.04551e-05 1.20354e-06 4.91669e-08 1.40115e-09 2.73151e-11 3.55039e-13 3.01362e-15 1.64491e-17
 1.57275e-06 3.82369e-05 0.000548174 0.00463509 0.0231385 0.0685131 0.122919 0.145863 0.146194 0.15364 0.144372 0.102728 0.0557259 0.0232145 0.00691525 0.00136471 0.000173339 1.43442e-05 7.97702e-07 3.05373e-08 8.04984e-10 1.43585e-11 1.69987e-13 1.31703e-15 6.60489e-18
#pred catch len freq
 7.3999e-13 8.0319e-11 5.14045e-09 1.93993e-07 4.31756e-06 5.67137e-05 0.000441375 0.00207459 0.00642115 0.017 0.0485113 0.119216 0.196073 0.205135 0.149136 0.092436 0.0570698 0.03515 0.0220455 0.0146589 0.01059 0.00844708 0.00707707 0.00535744 0.00309854
 4.78402e-13 5.19261e-11 3.32331e-09 1.25421e-07 2.79191e-06 3.67068e-05 0.00028699 0.00137946 0.00467666 0.0152464 0.0516959 0.134421 0.222523 0.228292 0.155641 0.0847903 0.045242 0.0244475 0.0131406 0.00717821 0.00415457 0.0026966 0.00195926 0.00139236 0.000796812
 2.2135e-13 2.40256e-11 1.53768e-09 5.80367e-08 1.29245e-06 1.70284e-05 0.000134553 0.000679408 0.00272915 0.0116361 0.0458541 0.124512 0.209726 0.221862 0.163867 0.102245 0.0594109 0.0305734 0.0142141 0.00645754 0.00298448 0.00147622 0.000835134 0.000510753 0.000275053
 3.52928e-12 3.8307e-10 2.45164e-08 9.2518e-07 2.05871e-05 0.000270157 0.00209198 0.00958927 0.0264323 0.0471109 0.0689333 0.108971 0.158705 0.170596 0.14213 0.107517 0.0744557 0.0441635 0.0225282 0.00999565 0.0039532 0.00150612 0.000614201 0.000283982 0.000131358
 1.46274e-11 1.58766e-09 1.0161e-07 3.83445e-06 8.53216e-05 0.00111947 0.00866194 0.0395469 0.106851 0.173361 0.180752 0.152149 0.136636 0.11163 0.0621505 0.0213033 0.00458395 0.000790599 0.000217775 9.60373e-05 4.02137e-05 1.42944e-05 4.55378e-06 1.4678e-06 5.05119e-07
 1.30834e-11 1.42008e-09 9.08849e-08 3.42972e-06 7.63159e-05 0.00100132 0.00774815 0.0353845 0.0957348 0.15638 0.167966 0.153803 0.151599 0.128524 0.0719439 0.0243383 0.00487886 0.000577232 4.02764e-05 1.65712e-06 4.02029e-08 5.75092e-10 4.85068e-12 2.41252e-14 7.07474e-17
 1.52848e-11 1.65902e-09 1.06177e-07 4.0068e-06 8.91565e-05 0.00116978 0.00905106 0.0413197 0.111588 0.180626 0.186359 0.151894 0.130969 0.104981 0.0579747 0.0195582 0.0039185 0.00046356 3.23442e-05 1.33075e-06 3.2285e-08 4.61829e-10 3.89535e-12 1.93738e-14 5.68138e-17
 1.4255e-11 1.54724e-09 9.90234e-08 3.73684e-06 8.31496e-05 0.00109098 0.00844156 0.0385432 0.104172 0.169284 0.177755 0.152787 0.14062 0.115994 0.0645095 0.0217943 0.00436776 0.000516736 3.60549e-05 1.48343e-06 3.5989e-08 5.14813e-10 4.34226e-12 2.15965e-14 6.3332e-17
 1.48617e-11 1.61309e-09 1.03238e-07 3.89586e-06 8.66881e-05 0.0011374 0.0088006 0.0401788 0.108541 0.175965 0.182823 0.152261 0.134935 0.109507 0.0606601 0.0204771 0.00410312 0.000485411 3.38691e-05 1.39349e-06 3.38071e-08 4.83602e-10 4.079e-12 2.02872e-14 5.94923e-17
 1.52161e-11 1.65156e-09 1.05699e-07 3.98877e-06 8.87553e-05 0.00116452 0.00901036 0.0411343 0.111093 0.179868 0.185785 0.151954 0.131614 0.105716 0.0584111 0.0197076 0.00394851 0.000467111 3.25921e-05 1.34095e-06 3.25324e-08 4.65367e-10 3.9252e-12 1.95223e-14 5.72492e-17
 1.4812e-11 1.6077e-09 1.02892e-07 3.88284e-06 8.63982e-05 0.0011336 0.00877119 0.0400448 0.108183 0.175418 0.182408 0.152304 0.135401 0.110038 0.0609754 0.020585 0.0041248 0.000487977 3.40481e-05 1.40086e-06 3.39859e-08 4.86159e-10 4.10057e-12 2.03945e-14 5.98069e-17
 1.62096e-11 1.7594e-09 1.12601e-07 4.24923e-06 9.45507e-05 0.00124055 0.00959841 0.0438131 0.118248 0.190812 0.194086 0.151092 0.122303 0.0950902 0.0521063 0.0175501 0.00351506 0.000415806 2.9012e-05 1.19365e-06 2.89588e-08 4.14247e-10 3.49402e-12 1.73778e-14 5.09604e-17
 1.68099e-11 1.82455e-09 1.16771e-07 4.40657e-06 9.80518e-05 0.00128649 0.00995365 0.0454314 0.12257 0.197423 0.199102 0.150572 0.116678 0.0886708 0.0482975 0.0162468 0.00325321 0.000384813 2.68492e-05 1.10466e-06 2.67999e-08 3.83365e-10 3.23354e-12 1.60823e-14 4.71613e-17
 1.67197e-11 1.81476e-09 1.16144e-07 4.38293e-06 9.75256e-05 0.00127958 0.00990026 0.0451881 0.121921 0.196429 0.198348 0.15065 0.117524 0.0896356 0.0488699 0.0164427 0.00329257 0.000389471 2.71742e-05 1.11804e-06 2.71244e-08 3.88007e-10 3.27269e-12 1.6277e-14 4.77323e-17
 1.72878e-11 1.87642e-09 1.20091e-07 4.53185e-06 0.000100839 0.00132306 0.0102365 0.0467198 0.126012 0.202686 0.203095 0.150158 0.1122 0.0835598 0.0452649 0.0152091 0.00304473 0.000360136 2.51272e-05 1.03381e-06 2.5081e-08 3.58777e-10 3.02615e-12 1.50508e-14 4.41365e-17
 1.68979e-11 1.8341e-09 1.17382e-07 4.42965e-06 9.85652e-05 0.00129322 0.0100057 0.0456687 0.123204 0.198392 0.199837 0.150496 0.115854 0.0877295 0.0477389 0.0160557 0.00321481 0.000380268 2.6532e-05 1.09161e-06 2.64833e-08 3.78837e-10 3.19534e-12 1.58923e-14 4.66042e-17
 1.71189e-11 1.8581e-09 1.18918e-07 4.48759e-06 9.98545e-05 0.00131014 0.0101366 0.0462646 0.124796 0.200826 0.201684 0.150304 0.113782 0.0853655 0.0463363 0.0155758 0.00311839 0.000368854 2.57356e-05 1.05885e-06 2.56883e-08 3.67464e-10 3.09942e-12 1.54152e-14 4.52052e-17
 1.81225e-11 1.96702e-09 1.25889e-07 4.75066e-06 0.000105708 0.00138693 0.0107305 0.0489702 0.132023 0.211879 0.210069 0.149434 0.104378 0.0746331 0.0399683 0.0133967 0.0026806 0.000317036 2.21197e-05 9.1007e-07 2.20789e-08 3.15833e-10 2.66393e-12 1.32492e-14 3.88535e-17
 1.80241e-11 1.95635e-09 1.25206e-07 4.72488e-06 0.000105135 0.00137941 0.0106723 0.0487051 0.131315 0.210796 0.209247 0.149519 0.1053 0.0756845 0.0405922 0.0136102 0.00272349 0.000322113 2.24739e-05 9.24646e-07 2.24325e-08 3.20891e-10 2.7066e-12 1.34614e-14 3.94758e-17
 1.82609e-11 1.98204e-09 1.2685e-07 4.78694e-06 0.000106515 0.00139752 0.0108124 0.0493434 0.13302 0.213404 0.211225 0.149314 0.103081 0.0731528 0.03909 0.0130962 0.00262022 0.000309889 2.16209e-05 8.8955e-07 2.15811e-08 3.08711e-10 2.60386e-12 1.29505e-14 3.79774e-17
 1.80636e-11 1.96063e-09 1.2548e-07 4.73524e-06 0.000105365 0.00138243 0.0106957 0.0488116 0.131599 0.211231 0.209577 0.149485 0.104929 0.0752621 0.0403416 0.0135245 0.00270626 0.000320073 2.23316e-05 9.18791e-07 2.22905e-08 3.18859e-10 2.68946e-12 1.33762e-14 3.92258e-17
 1.88371e-11 2.04459e-09 1.30853e-07 4.938e-06 0.000109876 0.00144162 0.0111535 0.050897 0.137169 0.21975 0.21604 0.148814 0.0976813 0.0669901 0.0354335 0.011845 0.00236884 0.000280134 1.95446e-05 8.04122e-07 1.95085e-08 2.79064e-10 2.3538e-12 1.17068e-14 3.43302e-17
 1.93111e-11 2.09604e-09 1.34146e-07 5.06226e-06 0.000112641 0.00147789 0.011434 0.052175 0.140583 0.224971 0.220001 0.148403 0.0932393 0.0619206 0.0324256 0.0108157 0.00216205 0.000255658 1.78366e-05 7.33847e-07 1.78036e-08 2.54675e-10 2.14809e-12 1.06837e-14 3.133e-17
 1.93192e-11 2.09691e-09 1.34202e-07 5.06437e-06 0.000112688 0.00147851 0.0114388 0.0521967 0.140641 0.22506 0.220068 0.148396 0.0931638 0.0618343 0.0323744 0.0107982 0.00215853 0.000255241 1.78076e-05 7.32652e-07 1.77746e-08 2.5426e-10 2.14459e-12 1.06663e-14 3.12789e-17
 1.98718e-11 2.15689e-09 1.38041e-07 5.20923e-06 0.000115912 0.0015208 0.0117658 0.0536866 0.14462 0.231146 0.224685 0.147917 0.0879854 0.0559244 0.0288678 0.00959834 0.00191746 0.000226707 1.58164e-05 6.50728e-07 1.5787e-08 2.25829e-10 1.90479e-12 9.47358e-15 2.77814e-17
 2.01018e-11 2.18186e-09 1.39639e-07 5.26953e-06 0.000117253 0.0015384 0.011902 0.0543068 0.146277 0.23368 0.226607 0.147718 0.0858297 0.0534641 0.0274081 0.00909882 0.00181711 0.000214828 1.49875e-05 6.16623e-07 1.49596e-08 2.13993e-10 1.80495e-12 8.97706e-15 2.63253e-17
 2.02431e-11 2.19719e-09 1.4062e-07 5.30656e-06 0.000118077 0.00154921 0.0119856 0.0546876 0.147294 0.235235 0.227788 0.147595 0.0845061 0.0519536 0.0265118 0.00879214 0.00175549 0.000207535 1.44786e-05 5.95684e-07 1.44516e-08 2.06727e-10 1.74366e-12 8.67222e-15 2.54314e-17
 1.99969e-11 2.17048e-09 1.3891e-07 5.24203e-06 0.000116642 0.00153037 0.0118399 0.054024 0.145522 0.232524 0.225731 0.147809 0.0868127 0.054586 0.0280737 0.0093266 0.00186287 0.000220245 1.53655e-05 6.32175e-07 1.53369e-08 2.1939e-10 1.85048e-12 9.20347e-15 2.69893e-17
#obs catch len freq
 4.82975e-11 4.47605e-09 2.44597e-07 7.88125e-06 0.000149737 0.0016775 0.0110832 0.043218 0.0998775 0.139788 0.131183 0.112434 0.113119 0.1095 0.0916575 0.0682623 0.0429523 0.021859 0.00910759 0.00309862 0.000829594 0.00016684 2.41217e-05 2.41321e-06 1.6189e-07
 5.8035e-11 5.18749e-09 2.73408e-07 8.49677e-06 0.000155699 0.0016824 0.0107221 0.0403516 0.0902496 0.123958 0.120697 0.117591 0.128637 0.122824 0.0976722 0.0692595 0.0423493 0.0212806 0.00875491 0.00290058 0.000743481 0.000141181 1.90761e-05 1.76932e-06 1.09331e-07
 4.39908e-11 3.786e-09 1.92126e-07 5.74884e-06 0.000101431 0.00105538 0.00647952 0.0235454 0.0514598 0.0730831 0.0876492 0.119164 0.154642 0.158024 0.133413 0.0964167 0.0559646 0.0255648 0.0095839 0.00297321 0.000725761 0.000131055 1.66803e-05 1.44357e-06 8.2632e-08
 2.07751e-11 1.71873e-09 8.38418e-08 2.4116e-06 4.0904e-05 0.000409235 0.00241885 0.00851675 0.0186265 0.0300749 0.0508713 0.0928784 0.141617 0.174899 0.181959 0.148853 0.0894403 0.040137 0.0141779 0.00401873 0.000891913 0.00014821 1.75524e-05 1.41793e-06 7.55709e-08
 3.82868e-10 3.04014e-08 1.4234e-06 3.92956e-05 0.00063966 0.00613963 0.0347476 0.115961 0.228228 0.265141 0.182733 0.0772062 0.0252934 0.0149845 0.0160909 0.0148421 0.0100965 0.0051533 0.00198948 0.00057248 0.000120852 1.84246e-05 1.98141e-06 1.45854e-07 7.13082e-09
 2.74363e-10 2.08798e-08 9.36941e-07 2.47906e-05 0.000386776 0.00355852 0.0193168 0.0620314 0.119474 0.147485 0.147385 0.160552 0.161629 0.11133 0.0477498 0.0135269 0.00350596 0.0012983 0.000532085 0.000169038 3.76556e-05 5.72821e-06 5.86382e-07 3.9869e-08 1.77564e-09
 6.64697e-10 4.84159e-08 2.07941e-06 5.26597e-05 0.000786332 0.00692357 0.0359495 0.110132 0.199594 0.216985 0.15154 0.0879102 0.0625685 0.0519171 0.0395956 0.0235903 0.00954877 0.0024449 0.000401939 4.95847e-05 6.15983e-06 7.82962e-07 7.76317e-08 5.15216e-09 2.18905e-10
 7.6723e-10 5.34197e-08 2.19313e-06 5.30903e-05 0.000757811 0.00637867 0.0316724 0.0929483 0.162814 0.178693 0.148407 0.129794 0.114527 0.0764554 0.0366761 0.0142561 0.00486438 0.00136483 0.000287236 4.27966e-05 4.37609e-06 3.12419e-07 1.69658e-08 7.5966e-10 2.67497e-11
 1.14887e-09 7.63726e-08 2.99359e-06 6.91886e-05 0.000942911 0.00757756 0.035922 0.100635 0.168167 0.175531 0.137479 0.114246 0.101792 0.0766499 0.0470685 0.0232375 0.00832055 0.00199608 0.000321943 3.74799e-05 3.39486e-06 2.3775e-07 1.19775e-08 4.10146e-10 9.44454e-12
 1.69488e-09 1.07451e-07 4.0167e-06 8.85353e-05 0.00115069 0.00881931 0.039878 0.106623 0.170568 0.172819 0.136996 0.118047 0.103207 0.0727177 0.0411701 0.0191473 0.00675406 0.00167904 0.000291566 3.59412e-05 3.14707e-06 1.93348e-07 8.2917e-09 2.48249e-10 5.12879e-12
 2.02821e-09 1.22499e-07 4.36254e-06 9.16088e-05 0.00113433 0.00828354 0.0357057 0.0912459 0.141338 0.146651 0.136191 0.14075 0.129069 0.0895607 0.0492105 0.0217804 0.00711243 0.00159548 0.000246683 2.75251e-05 2.28249e-06 1.38038e-07 5.83115e-09 1.65942e-10 3.11318e-12
 3.88334e-09 2.23228e-07 7.56621e-06 0.000151216 0.00178203 0.0123844 0.0507831 0.123215 0.179442 0.167851 0.127849 0.109016 0.0941471 0.0678673 0.0400725 0.0182753 0.00577827 0.00119637 0.000163668 1.55481e-05 1.07975e-06 5.56053e-08 2.07422e-09 5.41205e-11 9.5637e-13
 5.75345e-09 3.14484e-07 1.01357e-05 0.000192621 0.0021585 0.014265 0.0556419 0.128613 0.179742 0.166362 0.134201 0.119896 0.0967221 0.0591081 0.028351 0.0109262 0.00311473 0.000606877 7.98538e-05 7.31183e-06 4.78225e-07 2.22664e-08 7.23271e-10 1.61189e-11 2.4372e-13
 8.8443e-09 4.59296e-07 1.4064e-05 0.000253932 0.00270352 0.0169754 0.0629166 0.138253 0.184107 0.163855 0.129518 0.113862 0.090448 0.0557399 0.0274001 0.0105275 0.00285394 0.000507522 5.8743e-05 4.5991e-06 2.5669e-07 1.04753e-08 3.07262e-10 6.25189e-12 8.55757e-14
 1.15455e-08 5.69205e-07 1.65467e-05 0.000283628 0.00286685 0.0170925 0.0602001 0.126194 0.163282 0.151203 0.138032 0.133375 0.104715 0.061237 0.0282497 0.0101752 0.00259259 0.000434343 4.73387e-05 3.46248e-06 1.76945e-07 6.42639e-09 1.63834e-10 2.8708e-12 3.40384e-14
 1.77183e-08 8.28714e-07 2.28547e-05 0.000371656 0.00356392 0.0201591 0.0673708 0.134097 0.165251 0.14726 0.131337 0.124939 0.0991817 0.061489 0.0304297 0.0112347 0.00279612 0.000446361 4.59035e-05 3.15472e-06 1.50983e-07 5.11168e-09 1.20559e-10 1.93157e-12 2.06276e-14
 2.94918e-08 1.30783e-06 3.4197e-05 0.000527254 0.00479372 0.025709 0.0814627 0.153737 0.17958 0.151379 0.126985 0.113072 0.083563 0.0478247 0.0218106 0.00748176 0.00174707 0.000263856 2.58778e-05 1.70691e-06 7.84246e-08 2.52952e-09 5.62121e-11 8.40557e-13 8.32029e-15
 4.18681e-08 1.75946e-06 4.35976e-05 0.000637006 0.00548859 0.0279007 0.0838696 0.150786 0.170954 0.148175 0.133969 0.120783 0.0851449 0.0454286 0.0191828 0.00610518 0.00132638 0.000186283 1.69312e-05 1.031e-06 4.37288e-08 1.30924e-09 2.72119e-11 3.8247e-13 3.56054e-15
 6.48634e-08 2.58202e-06 6.0605e-05 0.000838792 0.00684608 0.0329675 0.0938987 0.160111 0.172858 0.144302 0.126993 0.111972 0.0790791 0.0436411 0.0189824 0.00600111 0.00125997 0.000169575 1.48096e-05 8.70246e-07 3.55069e-08 1.00967e-09 1.96252e-11 2.5512e-13 2.18647e-15
 9.04573e-08 3.40978e-06 7.5788e-05 0.000993292 0.0076775 0.0350221 0.094622 0.15405 0.163181 0.143147 0.135393 0.119299 0.0806502 0.0421573 0.0173385 0.00519727 0.00104354 0.000136397 1.18051e-05 6.98663e-07 2.873e-08 8.11459e-10 1.53765e-11 1.91911e-13 1.56054e-15
 1.42439e-07 5.08316e-06 0.000106962 0.00132718 0.0097118 0.0419433 0.107302 0.165497 0.166356 0.139017 0.126024 0.108097 0.07331 0.039261 0.0162593 0.00474817 0.000911092 0.000113312 9.37211e-06 5.34341e-07 2.13365e-08 5.88823e-10 1.09473e-11 1.34189e-13 1.06794e-15
 2.30592e-07 7.7895e-06 0.000155155 0.00182232 0.0126228 0.051605 0.124982 0.182535 0.173818 0.137432 0.117223 0.0940423 0.0592877 0.0293995 0.0113221 0.00310545 0.000566267 6.78222e-05 5.47025e-06 3.05691e-07 1.18969e-08 3.16678e-10 5.63605e-12 6.59644e-14 5.0169e-16
 3.10851e-07 9.93911e-06 0.000187385 0.00208324 0.0136605 0.0528985 0.121679 0.170886 0.163968 0.142466 0.131277 0.10279 0.0596699 0.0265667 0.00917323 0.00226974 0.000371789 3.93233e-05 2.7423e-06 1.31533e-07 4.47614e-09 1.07782e-10 1.78677e-12 1.97878e-14 1.43025e-16
 4.46592e-07 1.35156e-05 0.000241188 0.00253803 0.0157539 0.0577642 0.125983 0.168755 0.157685 0.137891 0.127938 0.101146 0.0615089 0.0292979 0.010474 0.00256162 0.000404509 4.09556e-05 2.72776e-06 1.23683e-07 3.88624e-09 8.39705e-11 1.22415e-12 1.18583e-14 7.55833e-17
 6.24659e-07 1.78946e-05 0.000302273 0.00301099 0.0176941 0.0614598 0.127343 0.164059 0.153422 0.14052 0.132122 0.101487 0.0594515 0.0272337 0.00932189 0.00218422 0.000333858 3.33309e-05 2.23217e-06 1.02568e-07 3.23064e-09 6.84189e-11 9.54738e-13 8.66645e-15 5.07797e-17
 1.02035e-06 2.76708e-05 0.000442476 0.00417243 0.0232102 0.0763006 0.149471 0.181207 0.156952 0.130881 0.114264 0.0841875 0.0483063 0.0216449 0.00711134 0.00157239 0.000224689 2.08912e-05 1.30533e-06 5.64657e-08 1.6986e-09 3.485e-11 4.75498e-13 4.22841e-15 2.41448e-17
 1.35531e-06 3.47984e-05 0.000526842 0.00470386 0.0247817 0.0772465 0.144262 0.170533 0.153752 0.140472 0.125041 0.0871142 0.0457772 0.0187086 0.0056851 0.00118327 0.0001618 1.46135e-05 8.94706e-07 3.77622e-08 1.09167e-09 2.11904e-11 2.71201e-13 2.26059e-15 1.21534e-17
 1.86473e-06 4.53355e-05 0.000649928 0.00549495 0.0274189 0.0810212 0.144014 0.164616 0.149406 0.140547 0.125573 0.0877328 0.0470343 0.0194134 0.00574732 0.00112912 0.000142809 1.17763e-05 6.55094e-07 2.52933e-08 6.79307e-10 1.24344e-11 1.51267e-13 1.19866e-15 6.09524e-18
#spawning biomass
 32269.6 30288.4 21080.8 14384.3 29048.4 44712 73974.6 100942 142669 162214 152435 170187 208595 223407 217836 217861 229552 241049 203133 209396 223385 229446 254800 260977 244280 240152 237056 212663 180675 314877 123709 49583.6 26420.9 19993.3 18340.5 17937.1 17842.1 17820.4 17815.5 17814.4 17814.2 17814.1 17814.1 17814.1 17814.1 17814.1 17814.1 17814.1 17814.1 17814.1 17814.1 17814.1 17814.1 17814.1 17814.1 17814.1 17814.1 17814.1 17814.1 17814.1 17814.1 17814.1 17814.1 17814.1 17814.1 17814.1 17814.1 17814.1 17814.1 17814.1 17814.1 17814.1 17814.1 17814.1 17814.1 17814.1 17814.1 17814.1 17814.1 17814.1 17814.1 17814.1 17814.1 17814.1 17814.1 17814.1 17814.1 17814.1 17814.1 17814.1 17814.1 17814.1 17814.1 17814.1 17814.1 17814.1 17814.1 17814.1 17814.1 17814.1 17814.1 17814.1 17814.1 17814.1 17814.1 17814.1 17814.1 17814.1 17814.1 17814.1 17814.1 17814.1 17814.1 17814.1 17814.1 17814.1 17814.1 17814.1 17814.1 17814.1 17814.1 17814.1 17814.1 17814.1 17814.1 17814.1 17814.1 17814.1 0 0 0 0 0 0 0 0 0 0 0 0 0 0 0 0 0 0 0 0 0 0 0 0 0
