SBPRF35
0.175648
Curr Bio
140934
B35
197927
F35
0.957809
FOFL
0.717783
OFL
38065.8
Bzero
50185.1
#pred survey bio
 2541.06 3668.48 5904.27 9746.39 13472.7 22117.3 33851.4 46645.9 69926.4 102645 141024 168085 180671 181279 181681 177409 173208 161094 156669 164291 151497 172597 199193 182127 183609 192574 166962 166886 6.18488e+06 3.73519e+06 2.27104e+06 1.24826e+06 808220 628920 550069 511159 489959 477667 470313 465853 463135 461478 460463 459838 459465 459241 459108 459028 458980 458951 458933 458923 458917 458913 458910 458909 458908 458908 458908 458907 458907 458907 458907 458907 458907 458907 458907 458907 458907 458907 458907 458907 458907 458907 458907 458907 458907 458907 458907 458907 458907 458907 458907 458907 458907 458907 458907 458907 458907 458907 458907 458907 458907 458907 458907 458907 458907 458907 458907 458907 458907 458907 458907 458907 458907 458907 458907 458907 458907 458907 458907 458907 458907 458907 458907 458907 458907 458907 458907 458907 458907 458907 458907 458907 458907 458907 458907 458907 0 0 0 0 0 0 0 0 0 0 0 0 0 0 0 0 0 0 0 0 0 0 0 0 0
#obs survey bio
 2024.4 2647.63 5303.38 9448.12 11210.3 18864.9 34184.1 41591.5 49525.6 82699.7 114347 140591 115988 219477 134225 174453 102524 127992 106442 187971 124514 100351 132806 142662 153394 135318 121019 114866
#pred catch bio
 973.453 1353.7 2080.79 4345.54 4988.37 8882.15 15694.6 19022.4 30629.2 46459.8 68532.1 88004 100081 96744.2 97802.7 97240.6 103285 95993.2 87159.9 98977.6 84582.4 93870.9 129155 113444 106572 126546 106113 99575.4 38065.8 68793.9 42606 19253.7 10460.5 7765.26 7006.75 6804.12 6751.91 6738.8 6735.58 6734.79 6734.61 6734.56 6734.55 6734.55 6734.55 6734.55 6734.55 6734.55 6734.55 6734.55 6734.55 6734.55 6734.55 6734.55 6734.55 6734.55 6734.55 6734.55 6734.55 6734.55 6734.55 6734.55 6734.55 6734.55 6734.55 6734.55 6734.55 6734.55 6734.55 6734.55 6734.55 6734.55 6734.55 6734.55 6734.55 6734.55 6734.55 6734.55 6734.55 6734.55 6734.55 6734.55 6734.55 6734.55 6734.55 6734.55 6734.55 6734.55 6734.55 6734.55 6734.55 6734.55 6734.55 6734.55 6734.55 6734.55 6734.55 6734.55 6734.55 6734.55 6734.55 6734.55 6734.55 6734.55 6734.55 6734.55 6734.55 6734.55 6734.55 6734.55 6734.55 6734.55 6734.55 6734.55 6734.55 6734.55 6734.55 6734.55 6734.55 6734.55 6734.55 6734.55 6734.55 6734.55 6734.55 6734.55 6734.55 6734.55 0 0 0 0 0 0 0 0 0 0 0 0 0 0 0 0 0 0 0 0 0 0 0 0 0
#obs catch bio
 897.99 1316.53 2014.52 4074.54 4648.04 8236.8 14326.3 17827.5 28862.3 44186.6 62167.1 80816.2 94687.3 90564.1 93695.7 86197.9 101891 90816.5 85643.3 89100.1 77601.1 91287.9 123250 109810 93315.6 119525 98045.9 95059.4
#pred cpue bio
 1646.22 1795.76 2861.92 4754.86 6512.44 10635.5 16329.7 22140.5 33888.1 48595.6 67971.3 83551.3 89909.5 89517.9 92490 90681.2 87265 77410.9 74044.5 79391.1 72697.5 79729.7 93642 81758.7 82401.8 90306.9 75674.5 73648.9 2.82539e+06 2.76462e+06 2.03937e+06 1.09507e+06 659567 480518 401682 362772 341572 329281 321927 317467 314749 313091 312076 311451 311078 310855 310721 310641 310593 310564 310547 310536 310530 310526 310524 310523 310522 310521 310521 310521 310521 310521 310521 310521 310521 310521 310521 310521 310521 310521 310521 310521 310521 310521 310521 310521 310521 310521 310521 310521 310521 310521 310521 310521 310521 310521 310521 310521 310521 310521 310521 310521 310521 310521 310521 310521 310521 310521 310521 310521 310521 310521 310521 310521 310521 310521 310521 310521 310521 310521 310521 310521 310521 310521 310521 310521 310521 310521 310521 310521 310521 310521 310521 310521 310521 310521 310521 310521 0 0 0 0 0 0 0 0 0 0 0 0 0 0 0 0 0 0 0 0 0 0 0 0 0
#obs cpue bio
 1690.95 3274.31 3721.45 7669.75 9522.54 17329.1 25080.9 26685.5 60664.5 73490.2 135106 134770 158696 98829 141229 170638 131730 127513 104123 133304 114251 127155 198285 116797 183047 149244 147091 125274
#pred surv len freq
 1.6404e-11 1.78128e-09 1.14039e-07 4.30441e-06 9.57883e-05 0.00125677 0.00972221 0.044356 0.119508 0.191437 0.188439 0.130845 0.0886369 0.066804 0.0465574 0.0307572 0.0211533 0.0149662 0.0109793 0.00848127 0.00700465 0.0062418 0.00564855 0.00446581 0.0026393
 1.86038e-11 2.02015e-09 1.29332e-07 4.88164e-06 0.000108634 0.0014253 0.0110258 0.0503 0.135477 0.216641 0.211459 0.141918 0.0889175 0.0612889 0.0375245 0.0196195 0.0101204 0.00536635 0.0029773 0.00182126 0.00125093 0.00096756 0.000803472 0.000616755 0.000366496
 1.75789e-11 1.90885e-09 1.22207e-07 4.61269e-06 0.000102649 0.00134678 0.0104186 0.0475358 0.12811 0.205491 0.203562 0.144659 0.101528 0.0749857 0.0451174 0.0213455 0.00922486 0.00381221 0.00148275 0.000596709 0.000279073 0.000161271 0.000111752 7.88163e-05 4.55789e-05
 1.77215e-11 1.92435e-09 1.23199e-07 4.65013e-06 0.000103482 0.00135771 0.0105031 0.0479199 0.129125 0.206959 0.204261 0.143186 0.0981716 0.0722487 0.0450999 0.0232746 0.0109864 0.00454372 0.00155748 0.000471911 0.000140114 4.69222e-05 2.09618e-05 1.17879e-05 6.24947e-06
 1.75271e-11 1.90323e-09 1.21847e-07 4.5991e-06 0.000102346 0.00134281 0.010388 0.0473961 0.127737 0.204922 0.203136 0.144727 0.102077 0.0756884 0.0457094 0.0217487 0.00940326 0.00377542 0.00131472 0.000394111 0.000101726 2.32163e-05 5.4336e-06 1.68025e-06 6.66882e-07
 1.79267e-11 1.94663e-09 1.24625e-07 4.70396e-06 0.00010468 0.00137343 0.0106247 0.0484737 0.130607 0.209248 0.206117 0.143402 0.0968551 0.0704726 0.0436686 0.0223176 0.0104301 0.00428661 0.00145494 0.000422983 0.000107976 2.356e-05 4.34822e-06 7.35737e-07 1.43951e-07
 1.76616e-11 1.91783e-09 1.22781e-07 4.63439e-06 0.000103131 0.00135312 0.0104676 0.0477588 0.128703 0.206382 0.204159 0.144336 0.100396 0.0739594 0.0449428 0.0218151 0.00968963 0.00396906 0.00140079 0.000423451 0.00010849 2.31182e-05 4.08646e-06 5.96061e-07 7.36512e-08
 1.78011e-11 1.93298e-09 1.23751e-07 4.671e-06 0.000103946 0.00136381 0.0105503 0.0481357 0.129715 0.20797 0.205566 0.144883 0.100129 0.0732322 0.0439474 0.0207219 0.0087733 0.00338151 0.00110794 0.000314594 7.92191e-05 1.71068e-05 3.0393e-06 4.31916e-07 4.83887e-08
 1.75646e-11 1.90731e-09 1.22108e-07 4.60895e-06 0.000102565 0.00134569 0.0104102 0.0474971 0.128003 0.205303 0.203296 0.144275 0.101104 0.0749376 0.0457968 0.0223883 0.00990106 0.00390425 0.00127439 0.000351014 8.37815e-05 1.7123e-05 2.95214e-06 4.17635e-07 4.64974e-08
 1.79653e-11 1.95082e-09 1.24893e-07 4.71408e-06 0.000104905 0.00137639 0.0106476 0.0485785 0.130894 0.209752 0.206812 0.144395 0.0980623 0.0711123 0.0430181 0.0208223 0.00914295 0.00362686 0.00120807 0.000340344 8.166e-05 1.63134e-05 2.68575e-06 3.61305e-07 3.88555e-08
 1.74641e-11 1.89639e-09 1.21409e-07 4.58258e-06 0.000101979 0.00133799 0.0103507 0.0472265 0.127287 0.204255 0.202736 0.145129 0.103212 0.0767839 0.0461064 0.0215278 0.00898948 0.00343361 0.00111583 0.000309972 7.45079e-05 1.50606e-05 2.48947e-06 3.29063e-07 3.40768e-08
 1.68553e-11 1.83028e-09 1.17176e-07 4.42282e-06 9.84235e-05 0.00129135 0.00998997 0.0455835 0.122896 0.19751 0.197464 0.145143 0.108135 0.0828057 0.0502675 0.023653 0.00989936 0.00371642 0.00115525 0.000301743 6.87804e-05 1.3481e-05 2.20572e-06 2.92032e-07 3.02156e-08
 1.68507e-11 1.82979e-09 1.17145e-07 4.42163e-06 9.8397e-05 0.001291 0.00998728 0.0455711 0.122862 0.197453 0.197393 0.145055 0.108039 0.0827688 0.0503506 0.0238075 0.0100195 0.00376387 0.00116011 0.000296003 6.45969e-05 1.19264e-05 1.83843e-06 2.33443e-07 2.36772e-08
 1.68694e-11 1.83182e-09 1.17275e-07 4.42653e-06 9.8506e-05 0.00129243 0.00999836 0.0456219 0.123002 0.197703 0.197757 0.145613 0.108741 0.0831569 0.0500034 0.0229731 0.00929397 0.00339112 0.00102553 0.000256943 5.49119e-05 9.85044e-06 1.45349e-06 1.74319e-07 1.66849e-08
 1.62983e-11 1.76981e-09 1.13305e-07 4.27668e-06 9.51714e-05 0.00124869 0.00966002 0.0440806 0.118881 0.191356 0.192716 0.145359 0.112947 0.0885146 0.0539789 0.0253055 0.0104834 0.0038602 0.00115563 0.000283109 5.90673e-05 1.03749e-05 1.49729e-06 1.74364e-07 1.60156e-08
 1.63764e-11 1.77828e-09 1.13847e-07 4.29717e-06 9.56273e-05 0.00125467 0.00970626 0.0442909 0.119437 0.19217 0.193149 0.144688 0.111293 0.0870562 0.0537093 0.025957 0.0112061 0.00426223 0.00130899 0.000327941 6.90605e-05 1.20184e-05 1.69874e-06 1.93168e-07 1.73039e-08
 1.66231e-11 1.80506e-09 1.15562e-07 4.36188e-06 9.70674e-05 0.00127356 0.00985238 0.0449566 0.121219 0.194924 0.195388 0.144967 0.109731 0.0848968 0.051888 0.0246828 0.0104833 0.00398335 0.00124625 0.000322392 7.01885e-05 1.25379e-05 1.7978e-06 2.04177e-07 1.80208e-08
 1.72854e-11 1.87698e-09 1.20166e-07 4.53567e-06 0.000100935 0.0013243 0.0102448 0.0467447 0.126006 0.202344 0.201517 0.146041 0.106052 0.0795196 0.0470458 0.0209697 0.00812127 0.00286039 0.000844029 0.000207342 4.38519e-05 7.85076e-06 1.14942e-06 1.33612e-07 1.19749e-08
 1.74443e-11 1.89424e-09 1.21271e-07 4.57737e-06 0.000101863 0.00133647 0.0103389 0.0471739 0.127157 0.204148 0.203097 0.146602 0.105636 0.0785554 0.0457945 0.0196876 0.00717406 0.00236667 0.000648466 0.000144434 2.75628e-05 4.55373e-06 6.34747e-07 7.25561e-08 6.553e-09
 1.71225e-11 1.8593e-09 1.19034e-07 4.49294e-06 9.99838e-05 0.00131182 0.0101483 0.0463053 0.124833 0.200554 0.200176 0.146235 0.107667 0.0813569 0.0481454 0.0213305 0.00812279 0.00275658 0.00075415 0.0001631 2.93976e-05 4.47111e-06 5.65002e-07 5.9004e-08 5.00673e-09
 1.71509e-11 1.86238e-09 1.19231e-07 4.50039e-06 0.00010015 0.001314 0.0101651 0.0463822 0.125042 0.200903 0.200582 0.146676 0.108107 0.0815123 0.0477459 0.0205955 0.00753233 0.00248531 0.000675178 0.000146424 2.63135e-05 3.91081e-06 4.69549e-07 4.53202e-08 3.49717e-09
 1.80415e-11 1.95909e-09 1.25423e-07 4.73408e-06 0.00010535 0.00138222 0.0106927 0.048785 0.131456 0.210696 0.207948 0.145709 0.0994787 0.0718124 0.0421902 0.0189328 0.00737338 0.00254563 0.000702778 0.000152746 2.74847e-05 4.10555e-06 4.94446e-07 4.71706e-08 3.50655e-09
 1.75706e-11 1.90795e-09 1.22149e-07 4.61051e-06 0.0001026 0.00134615 0.0104138 0.0475147 0.128067 0.205537 0.204146 0.146474 0.104423 0.0771764 0.0449777 0.019418 0.0071452 0.00239477 0.000671671 0.000152979 2.88803e-05 4.43363e-06 5.39577e-07 5.17134e-08 3.84908e-09
 1.81493e-11 1.9708e-09 1.26172e-07 4.76237e-06 0.00010598 0.00139048 0.0107567 0.049077 0.132248 0.212007 0.209435 0.147231 0.100927 0.0722773 0.0407906 0.0163997 0.00531047 0.00155708 0.0003883 7.7946e-05 1.31964e-05 1.93362e-06 2.36653e-07 2.31576e-08 1.74887e-09
 1.81371e-11 1.96948e-09 1.26088e-07 4.75918e-06 0.000105909 0.00138955 0.0107495 0.0490443 0.132161 0.211877 0.209351 0.147288 0.101114 0.0724646 0.0408688 0.016379 0.00525586 0.0015094 0.000359987 6.61638e-05 9.78952e-06 1.23366e-06 1.32157e-07 1.18295e-08 8.6304e-10
 1.74569e-11 1.89561e-09 1.21359e-07 4.58069e-06 0.000101937 0.00133744 0.0103465 0.0472084 0.127253 0.204326 0.203386 0.147096 0.106293 0.0789556 0.0455498 0.0189945 0.00653463 0.00200532 0.000497409 9.37173e-05 1.39983e-05 1.71174e-06 1.68155e-07 1.319e-08 8.35915e-10
 1.79628e-11 1.95055e-09 1.24876e-07 4.71344e-06 0.000104891 0.0013762 0.0106462 0.0485739 0.130905 0.209952 0.207871 0.147372 0.102643 0.0742562 0.0419986 0.0168503 0.00541863 0.00156556 0.000378501 7.11653e-05 1.07209e-05 1.32475e-06 1.30527e-07 1.00344e-08 5.98084e-10
 1.8422e-11 2.0004e-09 1.28068e-07 4.83392e-06 0.000107572 0.00141137 0.0109182 0.0498128 0.134214 0.215023 0.211774 0.147164 0.0986364 0.0695461 0.039006 0.0155802 0.00497446 0.00141979 0.000336079 6.09107e-05 8.75652e-06 1.04537e-06 1.01889e-07 7.86697e-09 4.713e-10
#obs surv len freq
 1.87142e-11 2.03214e-09 1.30099e-07 4.9106e-06 0.000109278 0.00143376 0.0110912 0.0505968 0.136253 0.21767 0.211388 0.138909 0.0836327 0.0586478 0.0409782 0.0258175 0.0141853 0.00632116 0.00221029 0.00060311 0.000125875 1.94894e-05 2.16831e-06 1.67827e-07 8.77583e-09
 1.43782e-11 1.5613e-09 9.99556e-08 3.77283e-06 8.39594e-05 0.0011016 0.00852279 0.0389057 0.105108 0.170551 0.177668 0.148115 0.130365 0.106983 0.0649607 0.0295549 0.0117575 0.00440015 0.00144551 0.00038349 7.75187e-05 1.14622e-05 1.20297e-06 8.72679e-08 4.26748e-09
 1.74984e-11 1.90012e-09 1.21647e-07 4.59159e-06 0.000102179 0.00134063 0.0103712 0.0473217 0.12755 0.204624 0.202383 0.141966 0.0967023 0.0723318 0.0488668 0.0277222 0.0128206 0.00447038 0.0011481 0.000230428 3.8133e-05 5.04317e-06 4.93864e-07 3.36952e-08 1.54322e-09
 1.56674e-11 1.70129e-09 1.08918e-07 4.11113e-06 9.14876e-05 0.00120037 0.00928689 0.0423904 0.114461 0.185125 0.189574 0.148605 0.118787 0.0922361 0.0559386 0.026454 0.0107727 0.00377171 0.00104737 0.000217151 3.25975e-05 3.52239e-06 2.7684e-07 1.58128e-08 6.37946e-10
 1.6688e-11 1.81212e-09 1.16014e-07 4.37895e-06 9.74475e-05 0.00127856 0.00989155 0.0451437 0.121802 0.196237 0.197378 0.145624 0.106276 0.0802975 0.0517093 0.0272611 0.0118099 0.00396822 0.000999326 0.000191286 2.78612e-05 2.97261e-06 2.21962e-07 1.12742e-08 3.84989e-10
 1.64447e-11 1.7857e-09 1.14322e-07 4.3151e-06 9.60269e-05 0.00125993 0.00974779 0.0444944 0.120127 0.194049 0.197093 0.149224 0.111691 0.0829847 0.0503116 0.0244507 0.0100356 0.00336894 0.000869262 0.000166597 2.31866e-05 2.29713e-06 1.59401e-07 7.60811e-09 2.44028e-10
 1.62267e-11 1.76203e-09 1.12806e-07 4.25789e-06 9.4754e-05 0.00124324 0.00961894 0.0439118 0.118612 0.19195 0.196133 0.150539 0.114014 0.0846434 0.0510832 0.0245346 0.00969834 0.00304376 0.000726168 0.00013047 1.74322e-05 1.67539e-06 1.11693e-07 5.02708e-09 1.49916e-10
 1.56227e-11 1.69644e-09 1.08608e-07 4.09941e-06 9.12274e-05 0.00119699 0.00926156 0.0422896 0.114331 0.185659 0.192015 0.151918 0.119031 0.0894545 0.0542042 0.0261605 0.0103162 0.00318675 0.00073656 0.000125676 1.56685e-05 1.39693e-06 8.68634e-08 3.678e-09 1.03619e-10
 1.56735e-11 1.70196e-09 1.08961e-07 4.11274e-06 9.15243e-05 0.00120089 0.00929201 0.0424323 0.114748 0.186466 0.193016 0.152291 0.118022 0.0879866 0.053644 0.0262796 0.0104436 0.00321139 0.000732771 0.000122325 1.47199e-05 1.24656e-06 7.25584e-08 2.84744e-09 7.40653e-11
 1.62916e-11 1.76908e-09 1.13258e-07 4.27494e-06 9.51339e-05 0.00124826 0.00965858 0.0441065 0.119264 0.193627 0.199334 0.153916 0.114356 0.0817849 0.0480472 0.0226306 0.00866154 0.0025843 0.000575308 9.36411e-05 1.09283e-05 8.90894e-07 4.94931e-08 1.83632e-09 4.47317e-11
 1.48174e-11 1.60899e-09 1.03009e-07 3.88811e-06 8.65262e-05 0.00113536 0.00878634 0.0401477 0.10882 0.178304 0.189485 0.158092 0.128136 0.0944826 0.0548873 0.0250914 0.00923573 0.00264276 0.00056423 8.81398e-05 9.8805e-06 7.73548e-07 4.11771e-08 1.45765e-09 3.36928e-11
 1.46964e-11 1.59585e-09 1.02168e-07 3.85636e-06 8.58201e-05 0.00112611 0.00871521 0.0398292 0.10801 0.177199 0.188716 0.157484 0.127276 0.0946152 0.0566352 0.0268531 0.00999798 0.00279323 0.000568155 8.35571e-05 8.79057e-06 6.46616e-07 3.24071e-08 1.08173e-09 2.35879e-11
 1.45877e-11 1.58406e-09 1.01413e-07 3.82787e-06 8.51866e-05 0.00111782 0.00865172 0.0395493 0.107341 0.176545 0.189147 0.159028 0.128296 0.0943926 0.0560203 0.0264803 0.00989028 0.00278752 0.000570942 8.32811e-05 8.48895e-06 5.92424e-07 2.78034e-08 8.64045e-10 1.75188e-11
 1.27107e-11 1.38024e-09 8.83643e-08 3.33536e-06 7.42279e-05 0.000974103 0.00754181 0.0345171 0.0940994 0.157211 0.1767 0.163618 0.144315 0.109787 0.0653685 0.0306523 0.0112785 0.00312652 0.000631667 9.11203e-05 9.17059e-06 6.27399e-07 2.85251e-08 8.4687e-10 1.61922e-11
 1.39523e-11 1.51505e-09 9.69953e-08 3.66114e-06 8.14775e-05 0.00106921 0.00827711 0.0378608 0.102963 0.17032 0.185017 0.158917 0.130585 0.0985507 0.0611721 0.0300769 0.0112923 0.00310557 0.000612795 8.57625e-05 8.35631e-06 5.53273e-07 2.43275e-08 6.96809e-10 1.27956e-11
 1.27714e-11 1.38682e-09 8.87861e-08 3.35131e-06 7.45845e-05 0.000978859 0.00758052 0.0347207 0.0948595 0.159321 0.180583 0.167156 0.144118 0.106351 0.0618484 0.0285319 0.0103754 0.00284568 0.000564393 7.85487e-05 7.48349e-06 4.77926e-07 2.01087e-08 5.49047e-10 9.59459e-12
 1.51086e-11 1.64062e-09 1.05034e-07 3.96459e-06 8.82316e-05 0.00115788 0.00896408 0.0410073 0.111502 0.183992 0.197119 0.161746 0.123197 0.0866557 0.0505755 0.0232879 0.00815797 0.00209979 0.000390057 5.15583e-05 4.73377e-06 2.93099e-07 1.19243e-08 3.12588e-10 5.20496e-12
 1.3391e-11 1.4541e-09 9.30937e-08 3.51393e-06 7.8206e-05 0.00102648 0.00795123 0.0364429 0.0997217 0.167922 0.190154 0.172383 0.1414 0.097885 0.0529048 0.0224263 0.00745107 0.00186619 0.000337719 4.28325e-05 3.71818e-06 2.16456e-07 8.29712e-09 2.05862e-10 3.25453e-12
 1.44632e-11 1.57054e-09 1.00548e-07 3.7953e-06 8.44674e-05 0.00110862 0.00858613 0.0393263 0.107323 0.178926 0.196451 0.16741 0.130067 0.0898999 0.0502203 0.0216678 0.00698486 0.00163277 0.000272721 3.21799e-05 2.62665e-06 1.44324e-07 5.2071e-09 1.21025e-10 1.78644e-12
 1.27982e-11 1.38975e-09 8.8974e-08 3.3585e-06 7.47512e-05 0.000981318 0.00760582 0.034919 0.0960102 0.163671 0.190003 0.177162 0.146292 0.100018 0.0529929 0.0216743 0.00676105 0.00154903 0.000251522 2.82322e-05 2.1486e-06 1.08998e-07 3.62836e-09 7.80636e-11 1.06993e-12
 1.45436e-11 1.57927e-09 1.01107e-07 3.81646e-06 8.4942e-05 0.00111498 0.00863824 0.0395997 0.1083 0.181358 0.200272 0.170293 0.129623 0.0869634 0.0469789 0.0193857 0.00588815 0.00127821 0.000195065 2.06456e-05 1.48614e-06 7.11037e-08 2.21509e-09 4.42198e-11 5.58863e-13
 1.42219e-11 1.54434e-09 9.88718e-08 3.73215e-06 8.30696e-05 0.00109057 0.00845294 0.038801 0.106508 0.180075 0.202924 0.1767 0.133843 0.085517 0.0430818 0.0167608 0.00492992 0.00105403 0.000157882 1.6133e-05 1.1022e-06 4.95176e-08 1.44199e-09 2.68643e-11 3.16356e-13
 1.39249e-11 1.5121e-09 9.6808e-08 3.65431e-06 8.13409e-05 0.00106801 0.00828109 0.0380485 0.104698 0.178025 0.202784 0.178867 0.136356 0.0869064 0.0431588 0.016198 0.00449139 0.00089563 0.000125591 1.21353e-05 7.89634e-07 3.37977e-08 9.32743e-10 1.6348e-11 1.79928e-13
 1.51205e-11 1.64192e-09 1.0512e-07 3.96807e-06 8.83244e-05 0.00115967 0.0089903 0.041279 0.113292 0.190904 0.211768 0.176796 0.125952 0.0761146 0.0363242 0.01311 0.00347093 0.000653716 8.55446e-05 7.6431e-06 4.58405e-07 1.81283e-08 4.64575e-10 7.59619e-12 7.81962e-14
 1.35894e-11 1.47568e-09 9.44781e-08 3.56654e-06 7.93983e-05 0.0010429 0.00809451 0.0372875 0.103255 0.178022 0.207486 0.186149 0.139362 0.0838579 0.0383458 0.0130766 0.0032735 0.000584957 7.25532e-05 6.10729e-06 3.4223e-07 1.25461e-08 2.96394e-10 4.45527e-12 4.21536e-14
 1.35889e-11 1.47562e-09 9.44752e-08 3.56649e-06 7.94009e-05 0.00104304 0.00809711 0.0373114 0.103347 0.178035 0.206642 0.184164 0.138266 0.0850426 0.0400577 0.0138469 0.00340781 0.000582626 6.80588e-05 5.36117e-06 2.80566e-07 9.59182e-09 2.10795e-10 2.93748e-12 2.56714e-14
 1.46407e-11 1.58984e-09 1.01788e-07 3.84259e-06 8.55482e-05 0.00112378 0.0087229 0.0401711 0.111003 0.189648 0.214976 0.182508 0.128608 0.0747732 0.0337766 0.011346 0.00273878 0.000459834 5.23135e-05 3.95554e-06 1.95737e-07 6.25562e-09 1.2764e-10 1.64587e-12 1.32899e-14
 1.44042e-11 1.56417e-09 1.00147e-07 3.7808e-06 8.41832e-05 0.00110619 0.00859289 0.0396442 0.11 0.189534 0.217751 0.186741 0.130165 0.0728405 0.031096 0.00981103 0.00223243 0.000356138 3.87707e-05 2.81501e-06 1.33642e-07 4.07835e-09 7.88958e-11 9.56994e-13 7.21711e-15
#pred catch len freq
 1.09606e-11 1.19019e-09 7.61972e-08 2.87607e-06 6.40029e-05 0.000839754 0.00649689 0.0296566 0.0801183 0.130074 0.136259 0.116842 0.109744 0.100201 0.0765931 0.0548579 0.0399007 0.0289708 0.0214919 0.0166755 0.0137923 0.0122951 0.0111275 0.00879767 0.00519946
 1.43221e-11 1.55521e-09 9.95661e-08 3.75812e-06 8.36318e-05 0.00109729 0.00848902 0.0387427 0.104561 0.168926 0.173047 0.138269 0.117488 0.0983304 0.0651814 0.0364331 0.0199942 0.0109722 0.00618178 0.00380629 0.00262012 0.00202776 0.00168408 0.00129275 0.000768195
 1.29827e-11 1.40977e-09 9.02546e-08 3.40666e-06 7.58106e-05 0.000994681 0.00769564 0.0351316 0.0949494 0.154477 0.163307 0.143472 0.136596 0.11857 0.0759124 0.0380758 0.017561 0.00756352 0.00300136 0.0012209 0.000573812 0.000332097 0.000230197 0.000162362 9.38934e-05
 1.36855e-11 1.48608e-09 9.51403e-08 3.59107e-06 7.99143e-05 0.00104852 0.00811193 0.0370265 0.0999964 0.162089 0.168565 0.141197 0.127555 0.109707 0.0728429 0.0396238 0.0196228 0.00833104 0.00289179 0.000883195 0.000263516 8.84506e-05 3.95438e-05 2.22409e-05 1.17914e-05
 1.30258e-11 1.41445e-09 9.05544e-08 3.41798e-06 7.60624e-05 0.000997984 0.00772119 0.0352481 0.0952622 0.15497 0.16375 0.143673 0.136614 0.118614 0.0761102 0.0383209 0.0176243 0.00735304 0.00260674 0.000788894 0.000204692 4.68389e-05 1.09769e-05 3.39626e-06 1.34812e-06
 1.36955e-11 1.48717e-09 9.52097e-08 3.59369e-06 7.99726e-05 0.00104928 0.00811785 0.0370536 0.10007 0.162214 0.168722 0.141389 0.127772 0.109827 0.0727476 0.0393879 0.0194181 0.00821934 0.00282928 0.000829695 0.000212903 4.65708e-05 8.60461e-06 1.45669e-06 2.85074e-07
 1.37674e-11 1.49497e-09 9.57095e-08 3.61256e-06 8.03925e-05 0.00105479 0.0081605 0.037249 0.100607 0.16316 0.170056 0.143342 0.13015 0.111007 0.0712626 0.0362525 0.016905 0.0071303 0.00255059 0.000776539 0.000199721 4.26386e-05 7.54376e-06 1.10082e-06 1.36047e-07
 1.36276e-11 1.47979e-09 9.47376e-08 3.57587e-06 7.95761e-05 0.00104408 0.0080777 0.0368723 0.0996069 0.161676 0.169149 0.144189 0.132599 0.113387 0.0721498 0.0358072 0.0160272 0.00639642 0.00213041 0.000610552 0.000154576 3.34648e-05 5.95203e-06 8.46246e-07 9.4827e-08
 1.34708e-11 1.46277e-09 9.36476e-08 3.53473e-06 7.86605e-05 0.00103207 0.00798478 0.0364484 0.0984659 0.159856 0.167399 0.143111 0.132219 0.113841 0.0736727 0.0378737 0.0176257 0.00716222 0.0023708 0.00065838 0.000157933 3.23595e-05 5.58549e-06 7.90574e-07 8.80374e-08
 1.41146e-11 1.53268e-09 9.81235e-08 3.70367e-06 8.242e-05 0.00108139 0.00836622 0.0381862 0.103113 0.167018 0.173115 0.143486 0.127607 0.107874 0.069124 0.0350966 0.0161822 0.00660971 0.00223166 0.000633506 0.000152671 3.05667e-05 5.03761e-06 6.78031e-07 7.29333e-08
 1.36844e-11 1.48597e-09 9.51329e-08 3.59079e-06 7.99082e-05 0.00104844 0.00811141 0.0370261 0.100023 0.16235 0.169854 0.144773 0.133034 0.11343 0.0715426 0.0348191 0.0152248 0.00598952 0.0019733 0.000552252 0.000133311 2.70031e-05 4.46775e-06 5.90812e-07 6.11948e-08
 1.31466e-11 1.42756e-09 9.13936e-08 3.44965e-06 7.67673e-05 0.00100723 0.00779274 0.0355746 0.096143 0.156389 0.165187 0.144757 0.13735 0.118759 0.0753051 0.0368021 0.0160585 0.0061895 0.00194754 0.000512184 0.000117248 2.30307e-05 3.77188e-06 4.99599e-07 5.17015e-08
 1.33578e-11 1.45049e-09 9.28619e-08 3.50507e-06 7.80006e-05 0.00102341 0.00791787 0.0361445 0.0976658 0.158725 0.166995 0.144697 0.135563 0.116641 0.0739403 0.0361957 0.0158164 0.00608278 0.00189513 0.000486465 0.000106565 1.97143e-05 3.0418e-06 3.86416e-07 3.92002e-08
 1.32536e-11 1.43918e-09 9.21377e-08 3.47774e-06 7.73923e-05 0.00101543 0.00785617 0.035864 0.0969226 0.157637 0.166407 0.145563 0.137723 0.118549 0.0742977 0.0353564 0.0148945 0.00558181 0.00170899 0.000431067 9.25107e-05 1.6632e-05 2.45671e-06 2.94783e-07 2.82215e-08
 1.25537e-11 1.36318e-09 8.72722e-08 3.29409e-06 7.33055e-05 0.000961817 0.00744152 0.0339749 0.0918697 0.149841 0.160148 0.14503 0.142542 0.124899 0.0792772 0.0385372 0.0166266 0.00628221 0.00190306 0.000469338 9.83501e-05 1.73158e-05 2.50179e-06 2.91494e-07 2.67808e-08
 1.26999e-11 1.37905e-09 8.82882e-08 3.33244e-06 7.41589e-05 0.000973012 0.00752807 0.0343686 0.092914 0.151381 0.161037 0.14399 0.139776 0.12239 0.078686 0.0394579 0.0177092 0.00689499 0.00214022 0.000539496 0.000114065 1.98933e-05 2.81475e-06 3.20238e-07 2.86939e-08
 1.33864e-11 1.4536e-09 9.3061e-08 3.51259e-06 7.81679e-05 0.00102561 0.00793484 0.0362218 0.0978717 0.159037 0.167219 0.144629 0.135225 0.11627 0.0737329 0.0361558 0.015864 0.00615096 0.00194221 0.000504975 0.000110278 1.97309e-05 2.8314e-06 3.21687e-07 2.83976e-08
 1.42751e-11 1.5501e-09 9.92391e-08 3.74578e-06 8.33571e-05 0.00109369 0.00846138 0.0386212 0.104298 0.169019 0.175564 0.146404 0.130798 0.109399 0.0671105 0.0307191 0.0122768 0.00442066 0.00131793 0.000325498 6.90676e-05 1.23864e-05 1.81491e-06 2.11047e-07 1.89182e-08
 1.42082e-11 1.54284e-09 9.8774e-08 3.72823e-06 8.29665e-05 0.00108856 0.00842178 0.0384413 0.103824 0.168348 0.175316 0.14732 0.132742 0.111026 0.0672614 0.0297401 0.0112299 0.00380649 0.00105654 0.000236886 4.5402e-05 7.51963e-06 1.04939e-06 1.20015e-07 1.08417e-08
 1.41198e-11 1.53325e-09 9.81598e-08 3.70504e-06 8.24506e-05 0.0010818 0.00836941 0.0382025 0.103181 0.16732 0.174317 0.146678 0.132479 0.111267 0.0681753 0.0309875 0.0121651 0.00421829 0.00116553 0.000253378 4.58328e-05 6.98588e-06 8.83745e-07 9.23387e-08 7.83722e-09
 1.38368e-11 1.50251e-09 9.61919e-08 3.63077e-06 8.07977e-05 0.00106011 0.00820173 0.037439 0.101146 0.164237 0.172118 0.147375 0.135812 0.114732 0.0697527 0.0309483 0.0117324 0.00397771 0.00109458 0.000238929 4.31216e-05 6.42518e-06 7.72423e-07 7.4601e-08 5.7585e-09
 1.48973e-11 1.61767e-09 1.03565e-07 3.90905e-06 8.69903e-05 0.00114135 0.00882999 0.0403001 0.108782 0.175881 0.180804 0.14599 0.125182 0.10295 0.063245 0.0293046 0.0118338 0.00418728 0.001169 0.000255611 4.61888e-05 6.9172e-06 8.34133e-07 7.96269e-08 5.92113e-09
 1.50783e-11 1.63732e-09 1.04823e-07 3.95654e-06 8.80472e-05 0.00115522 0.00893725 0.0407893 0.110097 0.17797 0.182769 0.14708 0.125378 0.102231 0.0614757 0.0270752 0.0102052 0.00348313 0.000985362 0.000225379 4.26583e-05 6.55824e-06 7.9872e-07 7.65782e-08 5.7009e-09
 1.56736e-11 1.70196e-09 1.08961e-07 4.11274e-06 9.15232e-05 0.00120083 0.00928996 0.0423966 0.114403 0.18466 0.188377 0.148319 0.122485 0.0976632 0.0569863 0.0233338 0.00774079 0.00232087 0.000585549 0.000118184 2.00773e-05 2.948e-06 3.61168e-07 3.53578e-08 2.67078e-09
 1.53464e-11 1.66644e-09 1.06687e-07 4.0269e-06 8.96129e-05 0.00117576 0.00909615 0.0415139 0.112045 0.181051 0.185613 0.148514 0.125416 0.101087 0.0591391 0.0242085 0.00799487 0.00235799 0.000570198 0.000105467 1.56705e-05 1.98069e-06 2.12533e-07 1.90388e-08 1.3895e-09
 1.50177e-11 1.63075e-09 1.04402e-07 3.94065e-06 8.76936e-05 0.00115058 0.0089014 0.0406264 0.109669 0.177366 0.18256 0.147951 0.127204 0.103757 0.0616193 0.0261505 0.00919923 0.00287529 0.00071955 0.000136135 2.03922e-05 2.49859e-06 2.45726e-07 1.92858e-08 1.22261e-09
 1.55231e-11 1.68562e-09 1.07915e-07 4.07325e-06 9.06444e-05 0.0011893 0.0092008 0.0419905 0.113318 0.183004 0.187128 0.148469 0.123926 0.0993013 0.0579557 0.0236561 0.00778323 0.00229702 0.000561519 0.000106111 1.60366e-05 1.98582e-06 1.9589e-07 1.50679e-08 8.98381e-10
 1.58519e-11 1.72132e-09 1.10201e-07 4.15953e-06 9.25644e-05 0.00121449 0.0093956 0.0428778 0.115689 0.186637 0.189925 0.148328 0.121069 0.0959398 0.055817 0.0227424 0.00745442 0.00218032 0.000522719 9.52861e-05 1.37501e-05 1.64595e-06 1.60671e-07 1.24148e-08 7.44034e-10
#obs catch len freq
 1.03571e-11 1.12466e-09 7.20019e-08 2.71772e-06 6.04794e-05 0.000793538 0.00613991 0.0280399 0.075918 0.124552 0.136317 0.131281 0.139123 0.133573 0.101359 0.064622 0.0353046 0.015589 0.005443 0.00150379 0.000319851 5.01857e-05 5.60955e-06 4.35244e-07 2.29284e-08
 1.74831e-11 1.89845e-09 1.21541e-07 4.58756e-06 0.00010209 0.00133945 0.0103619 0.0472758 0.127385 0.204079 0.200739 0.138441 0.092199 0.0695644 0.0495819 0.0312157 0.0169459 0.00740884 0.00252908 0.000669704 0.00013476 1.99864e-05 2.11667e-06 1.55088e-07 7.64104e-09
 1.29936e-11 1.41095e-09 9.03303e-08 3.40953e-06 7.58747e-05 0.000995537 0.00770282 0.0351751 0.0951854 0.155599 0.166956 0.150258 0.142824 0.119884 0.0726415 0.032891 0.0129959 0.00479141 0.00153685 0.000395017 7.68324e-05 1.08639e-05 1.08396e-06 7.43566e-08 3.42233e-09
 1.64855e-11 1.79013e-09 1.14605e-07 4.32579e-06 9.62645e-05 0.00126304 0.00977127 0.0445918 0.120282 0.193609 0.194196 0.142655 0.104772 0.0816133 0.0554518 0.031208 0.0141744 0.00482635 0.00120824 0.000235642 3.76087e-05 4.75468e-06 4.41999e-07 2.84769e-08 1.2263e-09
 1.45706e-11 1.58219e-09 1.01293e-07 3.82333e-06 8.50834e-05 0.00111636 0.00863747 0.0394374 0.106622 0.173394 0.181393 0.150652 0.12865 0.102143 0.0618282 0.0290376 0.0116741 0.00399864 0.00107823 0.000215823 3.11322e-05 3.21796e-06 2.40529e-07 1.29782e-08 4.91754e-10
 1.58421e-11 1.72027e-09 1.10133e-07 4.15699e-06 9.25083e-05 0.00121377 0.00939074 0.042867 0.115762 0.18721 0.191075 0.14706 0.113586 0.0878598 0.0565258 0.0294943 0.0125349 0.0041057 0.00100416 0.000185734 2.59605e-05 2.64119e-06 1.87143e-07 8.98222e-09 2.88579e-10
 1.57503e-11 1.71029e-09 1.09494e-07 4.13288e-06 9.1972e-05 0.00120675 0.00933678 0.0426278 0.115194 0.186777 0.192345 0.151076 0.118094 0.088941 0.0536652 0.0258055 0.0104021 0.00340232 0.000850264 0.000156959 2.09273e-05 1.97602e-06 1.30018e-07 5.85573e-09 1.7651e-10
 1.56037e-11 1.69438e-09 1.08476e-07 4.09442e-06 9.11165e-05 0.00119553 0.00925035 0.0422391 0.114204 0.185514 0.192113 0.152515 0.119879 0.0898474 0.0538616 0.0255393 0.00989069 0.00302018 0.000697704 0.000120719 1.54329e-05 1.41094e-06 8.90497e-08 3.77876e-09 1.05851e-10
 1.50757e-11 1.63705e-09 1.04805e-07 3.95589e-06 8.8034e-05 0.0011551 0.00893811 0.0408235 0.110483 0.18012 0.188782 0.154026 0.124299 0.0938301 0.0563685 0.0268162 0.0103417 0.00310255 0.000693038 0.000113689 1.35484e-05 1.14824e-06 6.75322e-08 2.69257e-09 7.11642e-11
 1.5274e-11 1.65857e-09 1.06183e-07 4.00791e-06 8.91918e-05 0.0011703 0.00905594 0.0413646 0.111965 0.182559 0.191019 0.154292 0.122038 0.090976 0.0548922 0.0264576 0.0102625 0.00305985 0.000673679 0.000107931 1.23937e-05 9.96391e-07 5.48062e-08 2.02399e-09 4.9359e-11
 1.5947e-11 1.73166e-09 1.10862e-07 4.18452e-06 9.31222e-05 0.00122188 0.0094551 0.0431877 0.116882 0.190343 0.197826 0.155892 0.117872 0.0841801 0.0488918 0.0226392 0.0084518 0.00244292 0.00052407 8.17446e-05 9.09006e-06 7.02512e-07 3.68358e-08 1.28492e-09 2.93272e-11
 1.4555e-11 1.5805e-09 1.01185e-07 3.81928e-06 8.4995e-05 0.00111529 0.0086318 0.0394538 0.107055 0.176041 0.188949 0.16035 0.131038 0.0958644 0.0549082 0.0246363 0.00883378 0.00244592 0.000502658 7.51594e-05 8.01787e-06 5.94292e-07 2.98195e-08 9.91289e-10 2.14488e-11
 1.44843e-11 1.57282e-09 1.00693e-07 3.80071e-06 8.45823e-05 0.00110989 0.00859051 0.0392718 0.106613 0.175504 0.188601 0.159682 0.129774 0.0956192 0.0563749 0.0261718 0.00946725 0.00255468 0.00049958 7.02593e-05 7.02758e-06 4.88919e-07 2.30731e-08 7.22469e-10 1.47319e-11
 1.44288e-11 1.5668e-09 1.00308e-07 3.78618e-06 8.42596e-05 0.00110569 0.00855868 0.0391372 0.106339 0.175473 0.189535 0.161216 0.130315 0.0948444 0.0553889 0.0256152 0.00928671 0.00252445 0.000496073 6.90495e-05 6.68145e-06 4.40601e-07 1.9458e-08 5.66887e-10 1.07404e-11
 1.26143e-11 1.36977e-09 8.76943e-08 3.31009e-06 7.36663e-05 0.000966775 0.00748616 0.0342784 0.0935831 0.156976 0.177941 0.166122 0.145901 0.109438 0.0640195 0.0293298 0.0104635 0.00279476 0.000541071 7.43672e-05 7.09285e-06 4.57773e-07 1.95598e-08 5.43955e-10 9.71468e-12
 1.39193e-11 1.51148e-09 9.67665e-08 3.65252e-06 8.12865e-05 0.00106674 0.00825896 0.0377914 0.102884 0.170675 0.186497 0.161072 0.131718 0.0979893 0.0596634 0.0285801 0.0103791 0.00274607 0.000518605 6.90718e-05 6.36991e-06 3.97339e-07 1.63965e-08 4.39356e-10 7.52797e-12
 1.27975e-11 1.38966e-09 8.89676e-08 3.35817e-06 7.47385e-05 0.000980931 0.00759778 0.0348162 0.0952463 0.160482 0.182853 0.16946 0.144541 0.104814 0.0597622 0.0268814 0.00945584 0.0024915 0.000471912 6.23779e-05 5.61669e-06 3.37573e-07 1.33168e-08 3.39812e-10 5.53507e-12
 1.51475e-11 1.64485e-09 1.05305e-07 3.97483e-06 8.84606e-05 0.00116093 0.00898872 0.0411337 0.111946 0.185124 0.199074 0.163582 0.123479 0.085332 0.0487159 0.0218052 0.00737518 0.00182283 0.000323337 4.05628e-05 3.5148e-06 2.04471e-07 7.78861e-09 1.90626e-10 2.95655e-12
 1.34755e-11 1.46329e-09 9.3682e-08 3.53616e-06 7.87024e-05 0.00103305 0.00800361 0.0367011 0.100554 0.169774 0.192877 0.174388 0.140976 0.0956188 0.0505434 0.0208453 0.00668561 0.00160509 0.000276789 3.32698e-05 2.72359e-06 1.48873e-07 5.33796e-09 1.23506e-10 1.81647e-12
 1.45848e-11 1.58374e-09 1.01393e-07 3.82723e-06 8.51796e-05 0.00111802 0.00866028 0.0396817 0.108397 0.181065 0.199205 0.169183 0.129508 0.0875931 0.0477138 0.0199558 0.00619622 0.00138771 0.000220856 2.46822e-05 1.89763e-06 9.77807e-08 3.29707e-09 7.14194e-11 9.80223e-13
 1.29597e-11 1.40727e-09 9.00966e-08 3.40091e-06 7.56974e-05 0.000993822 0.00770444 0.0353917 0.0974341 0.166459 0.193427 0.179033 0.145092 0.0969374 0.0500889 0.019865 0.00596336 0.00130633 0.00020169 2.14157e-05 1.5345e-06 7.29829e-08 2.26936e-09 4.54684e-11 5.78968e-13
 1.47142e-11 1.5978e-09 1.02294e-07 3.86129e-06 8.59418e-05 0.00112818 0.008742 0.0400923 0.109749 0.184069 0.203398 0.171879 0.128506 0.0841347 0.0441962 0.0176314 0.00514544 0.00106744 0.000154828 1.5487e-05 1.0483e-06 4.69747e-08 1.36622e-09 2.53952e-11 2.98166e-13
 1.44181e-11 1.56564e-09 1.00236e-07 3.78369e-06 8.42195e-05 0.00110576 0.00857248 0.0393691 0.108176 0.183154 0.206303 0.178054 0.132118 0.0822832 0.0403163 0.0151685 0.00428269 0.000873269 0.000124073 1.19669e-05 7.6833e-07 3.23149e-08 8.78059e-10 1.52218e-11 1.66437e-13
 1.41546e-11 1.53704e-09 9.84055e-08 3.71466e-06 8.26874e-05 0.0010858 0.00842094 0.0387111 0.106625 0.181504 0.206445 0.180149 0.134289 0.0832856 0.0401434 0.014544 0.00386776 0.000735363 9.77576e-05 8.90585e-06 5.43817e-07 2.17638e-08 5.60012e-10 9.13006e-12 9.32875e-14
 1.5349e-11 1.66674e-09 1.06709e-07 4.02811e-06 8.96641e-05 0.00117736 0.00912941 0.0419367 0.115191 0.194266 0.215147 0.177747 0.123777 0.0726739 0.0336032 0.0116897 0.00296423 0.000531679 6.59091e-05 5.54982e-06 3.12242e-07 1.15382e-08 2.75437e-10 4.18491e-12 3.99563e-14
 1.38403e-11 1.50293e-09 9.62235e-08 3.63251e-06 8.08718e-05 0.0010624 0.00824841 0.0380206 0.105396 0.181858 0.211337 0.187099 0.136669 0.0798832 0.0353917 0.0116294 0.00278598 0.000473536 5.55707e-05 4.4044e-06 2.3139e-07 7.92433e-09 1.74359e-10 2.43492e-12 2.13595e-14
 1.3861e-11 1.50517e-09 9.63681e-08 3.63804e-06 8.09988e-05 0.00106418 0.00826383 0.038103 0.105641 0.182087 0.21065 0.185199 0.135581 0.0808762 0.0368164 0.0122334 0.00287734 0.000467665 5.16677e-05 3.82996e-06 1.87776e-07 5.99273e-09 1.22598e-10 1.5868e-12 1.28563e-14
 1.49115e-11 1.61925e-09 1.03672e-07 3.91382e-06 8.71396e-05 0.00114484 0.00888901 0.0409587 0.113271 0.193581 0.218684 0.183168 0.125801 0.0708496 0.0308944 0.00996378 0.00229486 0.000365625 3.92819e-05 2.79274e-06 1.29438e-07 3.86157e-09 7.33408e-11 8.78179e-13 6.572e-15
#spawning biomass
 2295.44 3127.51 5084.01 8381 11602.6 18945.5 29100.1 39969.7 60204 87755.5 121504 146255 157229 157618 159406 155577 151289 139052 134775 142153 130960 147078 171012 154590 155868 165522 142178 140934 150806 168953 91179.2 42574.9 24982.5 19615.8 18106.4 17703.2 17599.3 17573.3 17566.9 17565.3 17564.9 17564.8 17564.8 17564.8 17564.8 17564.8 17564.8 17564.8 17564.8 17564.8 17564.8 17564.8 17564.8 17564.8 17564.8 17564.8 17564.8 17564.8 17564.8 17564.8 17564.8 17564.8 17564.8 17564.8 17564.8 17564.8 17564.8 17564.8 17564.8 17564.8 17564.8 17564.8 17564.8 17564.8 17564.8 17564.8 17564.8 17564.8 17564.8 17564.8 17564.8 17564.8 17564.8 17564.8 17564.8 17564.8 17564.8 17564.8 17564.8 17564.8 17564.8 17564.8 17564.8 17564.8 17564.8 17564.8 17564.8 17564.8 17564.8 17564.8 17564.8 17564.8 17564.8 17564.8 17564.8 17564.8 17564.8 17564.8 17564.8 17564.8 17564.8 17564.8 17564.8 17564.8 17564.8 17564.8 17564.8 17564.8 17564.8 17564.8 17564.8 17564.8 17564.8 17564.8 17564.8 17564.8 17564.8 17564.8 0 0 0 0 0 0 0 0 0 0 0 0 0 0 0 0 0 0 0 0 0 0 0 0 0
