SBPRF35
0.819782
Curr Bio
99858.1
B35
665574
F35
0.206461
FOFL
0
OFL
0
Bzero
234224
#pred survey bio
 9137.24 6645.66 8080.24 11436.7 15357.6 17008.6 16805.1 22498.7 35374.2 51886.8 58389 73991.9 100556 131817 128705 113087 101187 106717 97216.4 99679.3 96590.6 101299 109032 110661 121862 129203 121181 104722 2.23509e+06 3.78805e+06 4.35097e+06 4.38233e+06 4.10996e+06 3.71907e+06 3.32195e+06 2.97247e+06 2.68822e+06 2.46795e+06 2.3025e+06 2.18073e+06 2.09225e+06 2.02841e+06 1.98211e+06 1.94749e+06 1.92307e+06 1.9057e+06 1.89321e+06 1.88413e+06 1.87747e+06 1.87252e+06 1.86881e+06 1.86599e+06 1.86384e+06 1.86217e+06 1.86087e+06 1.85985e+06 1.85905e+06 1.85841e+06 1.8579e+06 1.85749e+06 1.85716e+06 1.85689e+06 1.85668e+06 1.8565e+06 1.85636e+06 1.85624e+06 1.85615e+06 1.85607e+06 1.85601e+06 1.85596e+06 1.85592e+06 1.85588e+06 1.85586e+06 1.85583e+06 1.85581e+06 1.8558e+06 1.85579e+06 1.85578e+06 1.85577e+06 1.85576e+06 1.85576e+06 1.85575e+06 1.85575e+06 1.85574e+06 1.85574e+06 1.85574e+06 1.85574e+06 1.85574e+06 1.85574e+06 1.85573e+06 1.85573e+06 1.85573e+06 1.85573e+06 1.85573e+06 1.85573e+06 1.85573e+06 1.85573e+06 1.85573e+06 1.85573e+06 1.85573e+06 1.85573e+06 1.85573e+06 1.85573e+06 1.85573e+06 1.85573e+06 1.85573e+06 1.85573e+06 1.85573e+06 1.85573e+06 1.85573e+06 1.85573e+06 1.85573e+06 1.85573e+06 1.85573e+06 1.85573e+06 1.85573e+06 1.85573e+06 1.85573e+06 1.85573e+06 1.85573e+06 1.85573e+06 1.85573e+06 1.85573e+06 1.85573e+06 1.85573e+06 1.85573e+06 1.85573e+06 1.85573e+06 0 0 0 0 0 0 0 0 0 0 0 0 0 0 0 0 0 0 0 0 0 0 0 0 0
#obs survey bio
 8533.02 5879.92 11588.4 14161.8 27282.1 15208.7 18742.3 24699.6 44443.4 59970.2 60156.4 119908 99485.9 128739 157917 129290 117294 98836.4 113394 87212.4 67837.7 91729.1 161415 106092 138241 164726 124808 85168.3
#pred catch bio
 6988.08 4850.06 5750.41 8164.86 11184.9 13033.9 12496 16221.4 25165.1 41336.2 44915.7 56127.7 76222.5 107169 105342 94998.9 82213.5 92407.7 82123.3 87169.7 83652.5 86831.3 95660.7 95370.1 105766 115941 111301 98775.7 0 30233.5 34538.8 34485.9 31982.8 28571.7 25179.3 22240.9 19888.2 18096.7 16778.7 15832.4 15164.9 14700.3 14378.3 14152.5 14002.1 13902 13835.3 13790.9 13761.3 13741.6 13728.4 13719.7 13713.9 13710 13707.4 13705.7 13704.6 13703.8 13703.3 13702.9 13702.7 13702.6 13702.5 13702.4 13702.4 13702.3 13702.3 13702.3 13702.3 13702.3 13702.3 13702.3 13702.3 13702.3 13702.3 13702.3 13702.3 13702.3 13702.3 13702.3 13702.3 13702.3 13702.3 13702.3 13702.3 13702.3 13702.3 13702.3 13702.3 13702.3 13702.3 13702.3 13702.3 13702.3 13702.3 13702.3 13702.3 13702.3 13702.3 13702.3 13702.3 13702.3 13702.3 13702.3 13702.3 13702.3 13702.3 13702.3 13702.3 13702.3 13702.3 13702.3 13702.3 13702.3 13702.3 13702.3 13702.3 13702.3 13702.3 13702.3 13702.3 13702.3 13702.3 13702.3 13702.3 13702.3 13702.3 13702.3 0 0 0 0 0 0 0 0 0 0 0 0 0 0 0 0 0 0 0 0 0 0 0 0 0
#obs catch bio
 5322.14 4856.51 5599.9 7877.73 10563 12860.1 12280.9 15550.4 24072.9 40101.3 43014 52863.3 74557.2 105015 103709 93483.4 80480.7 91513.7 80877.1 86762.7 82442.5 85962.5 91217.9 92949.2 101359 112548 109927 98991.8
#pred cpue bio
 8279.55 5621.42 6621.88 9344.79 12735.2 14580.5 14048.4 18039.7 28401.3 42595 47826.7 60047.7 81261.5 107837 108412 95049.9 83159.8 87746.3 79312.1 80947.9 77859.9 81179.1 87853.4 88571.6 97386.5 103812 97356.3 84115.7 1.74055e+06 3.75019e+06 4.31311e+06 4.34446e+06 4.0721e+06 3.68121e+06 3.28408e+06 2.93461e+06 2.65035e+06 2.43008e+06 2.26464e+06 2.14287e+06 2.05439e+06 1.99055e+06 1.94425e+06 1.90962e+06 1.88521e+06 1.86784e+06 1.85535e+06 1.84627e+06 1.83961e+06 1.83466e+06 1.83094e+06 1.82813e+06 1.82597e+06 1.82431e+06 1.82301e+06 1.82199e+06 1.82118e+06 1.82054e+06 1.82003e+06 1.81962e+06 1.81929e+06 1.81903e+06 1.81881e+06 1.81864e+06 1.8185e+06 1.81838e+06 1.81829e+06 1.81821e+06 1.81815e+06 1.8181e+06 1.81805e+06 1.81802e+06 1.81799e+06 1.81797e+06 1.81795e+06 1.81794e+06 1.81792e+06 1.81791e+06 1.81791e+06 1.8179e+06 1.81789e+06 1.81789e+06 1.81788e+06 1.81788e+06 1.81788e+06 1.81788e+06 1.81788e+06 1.81787e+06 1.81787e+06 1.81787e+06 1.81787e+06 1.81787e+06 1.81787e+06 1.81787e+06 1.81787e+06 1.81787e+06 1.81787e+06 1.81787e+06 1.81787e+06 1.81787e+06 1.81787e+06 1.81787e+06 1.81787e+06 1.81787e+06 1.81787e+06 1.81787e+06 1.81787e+06 1.81787e+06 1.81787e+06 1.81787e+06 1.81787e+06 1.81787e+06 1.81787e+06 1.81787e+06 1.81787e+06 1.81787e+06 1.81787e+06 1.81787e+06 1.81787e+06 1.81787e+06 1.81787e+06 1.81787e+06 1.81787e+06 1.81787e+06 1.81787e+06 1.81787e+06 1.81787e+06 1.81787e+06 0 0 0 0 0 0 0 0 0 0 0 0 0 0 0 0 0 0 0 0 0 0 0 0 0
#obs cpue bio
 5677.27 6539.85 8284.25 14108.6 19587.4 13914.6 20091.4 34193.7 46017.3 50726.3 107373 98649.7 88660 149499 109941 115833 95062 109126 85114.9 99593.7 139849 103602 151409 121944 180903 121527 109535 103078
#pred surv len freq
 2.56464e-27 2.59236e-27 3.67866e-26 7.22056e-20 1.77003e-14 5.24493e-10 1.87864e-06 0.000813381 0.0425694 0.269306 0.206234 0.0375626 0.141018 0.130371 0.0335443 0.0441468 0.0205084 0.0179062 0.0121097 0.00998541 0.00839482 0.0076927 0.00811949 0.00742485 0.002291
 2.56791e-27 2.6008e-27 4.36669e-26 8.67178e-20 2.12578e-14 6.29907e-10 2.25622e-06 0.000976858 0.0511252 0.323432 0.247614 0.0407239 0.136006 0.12525 0.0240401 0.0234413 0.00931804 0.0061778 0.00340847 0.0023565 0.00171799 0.0013976 0.00134033 0.00124683 0.000424002
 2.56907e-27 2.60388e-27 4.62727e-26 9.22145e-20 2.26053e-14 6.69834e-10 2.39923e-06 0.00103878 0.0543658 0.343933 0.263274 0.0410316 0.127347 0.117174 0.0211409 0.0187644 0.00639178 0.00274932 0.00117178 0.000607758 0.000344895 0.000233303 0.000194053 0.0001742 6.18637e-05
 2.56911e-27 2.60395e-27 4.62989e-26 9.22695e-20 2.26187e-14 6.70234e-10 2.40067e-06 0.0010394 0.0543983 0.344138 0.263435 0.0413252 0.129468 0.119089 0.0207338 0.017339 0.00572831 0.0021598 0.000705638 0.000237663 9.2384e-05 4.53881e-05 2.9986e-05 2.43444e-05 8.68025e-06
 2.56836e-27 2.60192e-27 4.44984e-26 8.84713e-20 2.16877e-14 6.42644e-10 2.30184e-06 0.000996611 0.052159 0.329972 0.252627 0.0418801 0.141284 0.129995 0.0227063 0.0190883 0.00620303 0.00217002 0.000665631 0.000182224 4.40085e-05 1.30791e-05 5.7619e-06 3.80924e-06 1.30964e-06
 2.56653e-27 2.59697e-27 4.01523e-26 7.93029e-20 1.94401e-14 5.76046e-10 2.0633e-06 0.00089333 0.0467537 0.295777 0.226532 0.0429324 0.167626 0.154357 0.0279863 0.0250074 0.00814635 0.00286419 0.000853005 0.000215314 4.34168e-05 7.78989e-06 1.76582e-06 7.69861e-07 2.39684e-07
 2.56802e-27 2.60106e-27 4.38292e-26 8.70598e-20 2.13417e-14 6.32391e-10 2.26512e-06 0.00098071 0.0513268 0.324708 0.248599 0.0413837 0.140337 0.129272 0.0253229 0.0252584 0.0083855 0.00317664 0.000955207 0.000239601 4.50892e-05 6.63993e-06 8.01744e-07 1.58846e-07 3.87121e-08
 2.56999e-27 2.60637e-27 4.84665e-26 9.68423e-20 2.37397e-14 7.0345e-10 2.51964e-06 0.00109091 0.0570942 0.361193 0.276445 0.0405087 0.114114 0.104953 0.0188262 0.0165599 0.00569527 0.0024839 0.000779728 0.000207866 3.92744e-05 5.4554e-06 5.03835e-07 4.09564e-08 5.39873e-09
 2.56986e-27 2.60596e-27 4.80416e-26 9.59457e-20 2.35199e-14 6.96938e-10 2.49631e-06 0.00108081 0.0565656 0.35785 0.273901 0.0411171 0.120531 0.110776 0.0180681 0.0133435 0.00438692 0.00163705 0.000540543 0.000162692 3.28489e-05 4.68438e-06 4.04231e-07 2.08572e-08 1.02094e-09
 2.56883e-27 2.60316e-27 4.55697e-26 9.0731e-20 2.22416e-14 6.59059e-10 2.36064e-06 0.00102207 0.0534913 0.3384 0.259061 0.0418 0.136154 0.125215 0.0210262 0.0164458 0.00518267 0.00156691 0.000470703 0.000128154 2.86415e-05 4.4882e-06 4.01653e-07 1.84798e-08 4.4914e-10
 2.56893e-27 2.60342e-27 4.57918e-26 9.11995e-20 2.23565e-14 6.62462e-10 2.37283e-06 0.00102734 0.0537675 0.340148 0.260395 0.0418101 0.135293 0.124401 0.020527 0.0155154 0.00495043 0.00159409 0.000445817 9.96149e-05 1.96223e-05 3.17647e-06 3.16451e-07 1.50458e-08 2.96393e-10
 2.56938e-27 2.60466e-27 4.6904e-26 9.3546e-20 2.29317e-14 6.79506e-10 2.43388e-06 0.00105378 0.0551508 0.348899 0.267071 0.0413525 0.127121 0.116891 0.0197578 0.0156494 0.00495823 0.00153593 0.000437528 0.00010032 1.68749e-05 2.30326e-06 2.28055e-07 1.19295e-08 2.38227e-10
 2.56957e-27 2.60515e-27 4.73322e-26 9.44492e-20 2.31531e-14 6.86068e-10 2.45738e-06 0.00106395 0.0556834 0.352268 0.269642 0.041305 0.124953 0.114869 0.0190253 0.0144898 0.00463758 0.00151614 0.000428513 9.58615e-05 1.651e-05 2.04273e-06 1.67965e-07 8.57799e-09 1.84664e-10
 2.56899e-27 2.60357e-27 4.59188e-26 9.14675e-20 2.24221e-14 6.64408e-10 2.3798e-06 0.00103036 0.0539254 0.341147 0.261158 0.0418004 0.134684 0.123833 0.0203307 0.0152082 0.00482162 0.00150709 0.000432119 0.0001006 1.70368e-05 2.10617e-06 1.60086e-07 6.89216e-09 1.43709e-10
 2.56747e-27 2.59942e-27 4.22239e-26 8.36728e-20 2.05114e-14 6.07789e-10 2.177e-06 0.000942557 0.04933 0.312075 0.23898 0.0430819 0.160018 0.14717 0.0237188 0.0170606 0.00538382 0.00164715 0.000463437 0.000104628 1.8254e-05 2.27468e-06 1.70538e-07 6.76966e-09 1.21757e-10
 2.56763e-27 2.59992e-27 4.27306e-26 8.47418e-20 2.07734e-14 6.15554e-10 2.20481e-06 0.000954599 0.0499603 0.316062 0.242014 0.0424413 0.153011 0.14082 0.0246965 0.0208898 0.00655679 0.00191779 0.000532699 0.000117511 1.98983e-05 2.49131e-06 1.89954e-07 7.40457e-09 1.22278e-10
 2.56878e-27 2.60302e-27 4.54507e-26 9.048e-20 2.21801e-14 6.57236e-10 2.35411e-06 0.00101924 0.0533433 0.337464 0.258347 0.0418329 0.136906 0.125903 0.0210359 0.0163056 0.0053091 0.00187553 0.000524228 0.00011115 1.83965e-05 2.23638e-06 1.6935e-07 6.6888e-09 1.08116e-10
 2.56874e-27 2.60288e-27 4.53078e-26 9.01785e-20 2.21062e-14 6.55046e-10 2.34626e-06 0.00101584 0.0531655 0.33634 0.257491 0.0420341 0.139039 0.127839 0.0207994 0.0152699 0.00485863 0.00155204 0.000459675 0.000113272 1.85431e-05 2.17866e-06 1.60071e-07 6.25526e-09 1.01781e-10
 2.56908e-27 2.60378e-27 4.60729e-26 9.17925e-20 2.25018e-14 6.66769e-10 2.38826e-06 0.00103402 0.0541171 0.342359 0.262088 0.0420659 0.136051 0.125024 0.0192679 0.0124791 0.00391403 0.0011724 0.000331489 7.69533e-05 1.41634e-05 1.76964e-06 1.25862e-07 4.76495e-09 7.65909e-11
 2.5693e-27 2.60438e-27 4.66057e-26 9.29165e-20 2.27774e-14 6.74934e-10 2.4175e-06 0.00104669 0.0547797 0.346552 0.265286 0.0418515 0.132173 0.121463 0.0189551 0.0126566 0.00387925 0.00100965 0.000274084 5.95408e-05 1.02667e-05 1.34731e-06 1.04609e-07 3.89742e-09 6.0713e-11
 2.56961e-27 2.60522e-27 4.73309e-26 9.44462e-20 2.31523e-14 6.86045e-10 2.4573e-06 0.00106392 0.0556816 0.352257 0.269642 0.0418013 0.12873 0.118246 0.017666 0.0105265 0.00323583 0.000869222 0.000226778 4.34447e-05 6.99297e-06 8.55155e-07 6.75686e-08 2.72252e-09 4.23734e-11
 2.56987e-27 2.60592e-27 4.79453e-26 9.57424e-20 2.34701e-14 6.95461e-10 2.49103e-06 0.00107852 0.0564458 0.357091 0.27333 0.0416125 0.124702 0.114533 0.0170784 0.0101171 0.00305217 0.00072547 0.000187688 3.642e-05 5.35089e-06 5.87507e-07 4.30563e-08 1.74492e-09 2.88972e-11
 2.56963e-27 2.60525e-27 4.73497e-26 9.4486e-20 2.31621e-14 6.86335e-10 2.45833e-06 0.00106437 0.055705 0.352405 0.269755 0.0418283 0.128856 0.118358 0.0176018 0.0103477 0.00311861 0.000735723 0.000183566 3.21734e-05 4.7034e-06 4.89898e-07 3.18144e-08 1.18861e-09 1.96804e-11
 2.56992e-27 2.60604e-27 4.80497e-26 9.59626e-20 2.35241e-14 6.9706e-10 2.49675e-06 0.001081 0.0565756 0.357912 0.273957 0.0416266 0.124369 0.114215 0.0168355 0.00964276 0.00290111 0.00067888 0.000168856 2.90971e-05 3.9447e-06 3.87818e-07 2.40659e-08 8.01512e-10 1.22076e-11
 2.56999e-27 2.60623e-27 4.82175e-26 9.63166e-20 2.36109e-14 6.99632e-10 2.50596e-06 0.00108499 0.0567843 0.359233 0.274965 0.0415587 0.123144 0.11309 0.0167212 0.00966454 0.00289746 0.000659744 0.000163009 2.78753e-05 3.73772e-06 3.47906e-07 2.00052e-08 6.28566e-10 8.61468e-12
 2.56974e-27 2.60556e-27 4.76214e-26 9.5059e-20 2.33026e-14 6.90497e-10 2.47324e-06 0.00107082 0.0560429 0.354543 0.271387 0.0418013 0.127504 0.117098 0.0171544 0.00964363 0.002893 0.000664815 0.000163344 2.7263e-05 3.62076e-06 3.32962e-07 1.82797e-08 5.31602e-10 6.78935e-12
 2.56974e-27 2.60554e-27 4.75905e-26 9.49939e-20 2.32866e-14 6.90024e-10 2.47155e-06 0.00107009 0.0560045 0.3543 0.271203 0.0418908 0.128315 0.117828 0.0169468 0.00898576 0.00268129 0.000598691 0.000146742 2.46346e-05 3.2233e-06 2.90851e-07 1.57347e-08 4.38134e-10 5.19355e-12
 2.56974e-27 2.60552e-27 4.75639e-26 9.49377e-20 2.32728e-14 6.89616e-10 2.47009e-06 0.00106945 0.0559714 0.35409 0.271044 0.0419889 0.129172 0.118598 0.0167111 0.00825306 0.00243928 0.000512832 0.000123449 2.02242e-05 2.64517e-06 2.37294e-07 1.25762e-08 3.43561e-10 3.90463e-12
#obs surv len freq
 1.63594e-41 2.27058e-33 3.80937e-26 7.72532e-20 1.89377e-14 5.61159e-10 2.00998e-06 0.000870252 0.0455456 0.288135 0.220757 0.0442377 0.16455 0.139899 0.0436731 0.0356035 0.0117175 0.0040243 0.000866858 0.000112273 6.3493e-06 1.13117e-07 4.71991e-10 3.71228e-13 4.76876e-17
 1.91082e-41 2.6521e-33 4.44944e-26 9.02338e-20 2.21198e-14 6.55449e-10 2.34771e-06 0.00101648 0.0531984 0.336549 0.257738 0.0440253 0.131616 0.10584 0.0333409 0.0253708 0.00809648 0.00261954 0.000524577 5.97546e-05 2.81016e-06 3.93408e-08 1.23289e-10 7.07079e-14 6.51004e-18
 1.92785e-41 2.67572e-33 4.48908e-26 9.10376e-20 2.23168e-14 6.61288e-10 2.36862e-06 0.00102553 0.0536723 0.339547 0.260111 0.0470967 0.14113 0.106188 0.0269208 0.0171647 0.00524638 0.00157528 0.000289886 2.89805e-05 1.12644e-06 1.23325e-08 2.90339e-11 1.21742e-14 8.05674e-19
 1.97035e-41 2.73472e-33 4.58806e-26 9.30449e-20 2.28089e-14 6.75868e-10 2.42085e-06 0.00104814 0.0548557 0.347034 0.26589 0.0487173 0.138457 0.0981085 0.0259349 0.0152583 0.00363561 0.000897075 0.000148007 1.28005e-05 4.08963e-07 3.48999e-09 6.1625e-12 1.89169e-15 9.02536e-20
 1.76732e-41 2.45293e-33 4.11529e-26 8.34572e-20 2.04586e-14 6.06225e-10 2.1714e-06 0.000940141 0.0492032 0.311275 0.238779 0.0549017 0.175763 0.116894 0.0307844 0.0167172 0.00384831 0.000788122 9.73608e-05 6.8853e-06 1.77992e-07 1.17846e-09 1.55956e-12 3.50606e-16 1.20775e-20
 1.45355e-41 2.01744e-33 3.38467e-26 6.86404e-20 1.68264e-14 4.98597e-10 1.78589e-06 0.00077323 0.0404678 0.256013 0.196855 0.062552 0.221089 0.140157 0.0487353 0.0264503 0.005728 0.00106292 0.000107771 5.49226e-06 1.06429e-07 5.36523e-10 5.30024e-13 8.7285e-17 2.17373e-21
 2.09199e-41 2.90354e-33 4.87129e-26 9.87889e-20 2.42169e-14 7.17592e-10 2.5703e-06 0.00111285 0.0582421 0.368458 0.282396 0.0502773 0.112159 0.0688974 0.0339424 0.0187387 0.00481971 0.000873983 7.68358e-05 3.02723e-06 4.08799e-08 1.4557e-10 1.04481e-13 1.25198e-17 2.25262e-22
 1.98776e-41 2.75888e-33 4.6286e-26 9.3867e-20 2.30104e-14 6.8184e-10 2.44224e-06 0.00105741 0.0553404 0.350102 0.268727 0.0602 0.151681 0.0816518 0.0190091 0.00874382 0.00286251 0.000570437 5.06553e-05 1.66182e-06 1.6529e-08 4.01971e-11 1.96704e-14 1.64961e-18 2.11033e-23
 2.01556e-41 2.79747e-33 4.69334e-26 9.518e-20 2.33322e-14 6.91377e-10 2.4764e-06 0.0010722 0.0561145 0.355 0.272595 0.061827 0.145252 0.0745984 0.0229351 0.00876869 0.00151887 0.000287849 2.81682e-05 8.80081e-07 7.09306e-09 1.24701e-11 4.16276e-15 2.34762e-19 2.04426e-24
 1.72927e-41 2.40011e-33 4.02669e-26 8.16604e-20 2.00181e-14 5.93173e-10 2.12465e-06 0.000919899 0.0481439 0.304579 0.234728 0.0762063 0.199103 0.0952789 0.0285146 0.0103637 0.00191243 0.000230888 1.67251e-05 5.09921e-07 3.69707e-09 5.18235e-12 1.26162e-15 4.93168e-20 2.9097e-25
 2.02143e-41 2.80561e-33 4.70699e-26 9.54569e-20 2.34001e-14 6.93389e-10 2.48361e-06 0.00107532 0.0562777 0.356035 0.27376 0.06666 0.139253 0.0661639 0.0288381 0.010003 0.00172655 0.000194505 1.00007e-05 2.09809e-07 1.28729e-09 1.53593e-12 2.96988e-16 8.65686e-21 3.64353e-26
 1.84689e-41 2.56336e-33 4.30057e-26 8.72147e-20 2.13797e-14 6.33519e-10 2.26916e-06 0.000982468 0.0514185 0.325299 0.25107 0.0817575 0.180636 0.0757046 0.0232801 0.0079727 0.00169176 0.000177296 7.78733e-06 1.16291e-07 4.77325e-10 4.28898e-13 6.62309e-17 1.52071e-21 4.87071e-27
 1.92557e-41 2.67257e-33 4.48378e-26 9.09302e-20 2.22905e-14 6.60507e-10 2.36583e-06 0.00102432 0.053609 0.339158 0.261803 0.080903 0.160601 0.0670691 0.0268417 0.00759772 0.00124789 0.000136961 5.74923e-06 6.92375e-08 2.01698e-10 1.20411e-13 1.28819e-17 2.18193e-22 5.31077e-28
 1.62518e-41 2.25564e-33 3.78431e-26 7.6745e-20 1.88131e-14 5.57468e-10 1.99676e-06 0.000864527 0.0452459 0.286261 0.22286 0.104324 0.216688 0.0833838 0.0301688 0.00861267 0.00146048 0.00012454 4.63947e-06 5.02376e-08 1.1602e-10 4.97625e-14 3.60432e-18 4.0884e-23 6.84049e-29
 1.47712e-41 2.05014e-33 3.43953e-26 6.97531e-20 1.70991e-14 5.06679e-10 1.81484e-06 0.000785764 0.0411238 0.260191 0.203866 0.113393 0.224695 0.0945199 0.047195 0.0121729 0.00189622 0.000153883 4.61219e-06 4.0053e-08 7.6864e-11 2.6003e-14 1.3883e-18 1.105e-23 1.26003e-29
 1.72253e-41 2.39076e-33 4.01099e-26 8.13421e-20 1.994e-14 5.9086e-10 2.11636e-06 0.000916313 0.0479562 0.303416 0.236632 0.102867 0.176416 0.0760024 0.0412316 0.012303 0.00210348 0.000150107 3.89176e-06 2.67527e-08 3.89913e-11 1.02218e-14 4.22573e-19 2.53297e-24 2.10403e-30
 1.68092e-41 2.333e-33 3.91409e-26 7.9377e-20 1.94583e-14 5.76586e-10 2.06524e-06 0.000894177 0.0467977 0.296101 0.232527 0.11888 0.192471 0.0704657 0.030622 0.009346 0.00175857 0.00013176 2.98272e-06 1.65741e-08 1.86219e-11 3.62111e-15 1.10535e-19 4.94038e-25 3.0684e-31
 1.69743e-41 2.35592e-33 3.95255e-26 8.0157e-20 1.96495e-14 5.82252e-10 2.08553e-06 0.000902963 0.0472575 0.299023 0.235702 0.123838 0.184631 0.0697405 0.0303012 0.0072857 0.00122054 9.30765e-05 2.02936e-06 9.5884e-09 8.43036e-12 1.23777e-15 2.78464e-20 9.03351e-26 4.05831e-32
 1.65801e-41 2.3012e-33 3.86074e-26 7.82951e-20 1.91931e-14 5.68727e-10 2.03709e-06 0.000881989 0.0461599 0.2921 0.232043 0.135458 0.18816 0.06891 0.028628 0.00667525 0.000923015 5.81141e-05 1.1538e-06 4.85208e-09 3.53029e-12 4.02564e-16 6.78198e-21 1.61703e-26 5.27592e-33
 1.7583e-41 2.44041e-33 4.09429e-26 8.30315e-20 2.03542e-14 6.03132e-10 2.16032e-06 0.000935344 0.0489523 0.30978 0.246183 0.133396 0.167248 0.0622616 0.0250996 0.00543134 0.000676081 3.431e-05 5.33747e-07 1.85536e-09 1.12354e-12 1.03468e-16 1.35575e-21 2.43677e-27 5.86791e-34
 1.71131e-41 2.37518e-33 3.98486e-26 8.08123e-20 1.98102e-14 5.87012e-10 2.10258e-06 0.000910345 0.047644 0.30154 0.242274 0.148247 0.17298 0.0595889 0.0217748 0.00451457 0.000502795 2.13469e-05 2.56204e-07 6.68086e-10 3.11024e-13 2.24571e-17 2.3051e-22 3.20281e-28 5.86004e-35
 1.72762e-41 2.39782e-33 4.02284e-26 8.15824e-20 1.9999e-14 5.92606e-10 2.12262e-06 0.00091902 0.0480981 0.304448 0.24617 0.15286 0.164503 0.0587001 0.0202545 0.00367281 0.0003604 1.29105e-05 1.22035e-07 2.37823e-10 8.07643e-14 4.27392e-18 3.26448e-23 3.41406e-29 4.71987e-36
 1.7226e-41 2.39085e-33 4.01115e-26 8.13452e-20 1.99408e-14 5.90883e-10 2.11645e-06 0.000916349 0.0479584 0.303615 0.247893 0.161256 0.160335 0.0562243 0.0183824 0.0031478 0.0002617 7.659e-06 5.73471e-08 8.48312e-11 2.11677e-14 8.0756e-19 4.41942e-24 3.32253e-30 3.3277e-37
 1.74352e-41 2.41989e-33 4.05987e-26 8.23334e-20 2.01831e-14 5.98061e-10 2.14216e-06 0.00092748 0.0485411 0.307358 0.252963 0.165899 0.152124 0.0532139 0.0162157 0.00256394 0.000187307 4.4355e-06 2.56324e-08 2.87181e-11 5.32183e-15 1.48057e-19 5.83021e-25 3.12762e-31 2.22639e-38
 1.68747e-41 2.3421e-33 3.92936e-26 7.96866e-20 1.95342e-14 5.78835e-10 2.07329e-06 0.000897665 0.046981 0.297587 0.249533 0.180754 0.154726 0.0524733 0.0147707 0.00213818 0.000135253 2.6293e-06 1.17556e-08 9.82831e-12 1.34073e-15 2.72582e-20 7.78547e-26 3.00704e-32 1.53154e-39
 1.596e-41 2.21514e-33 3.71636e-26 7.5367e-20 1.84753e-14 5.47458e-10 1.96091e-06 0.000849005 0.0444347 0.281611 0.242238 0.196808 0.160297 0.0567596 0.0149537 0.00193999 0.000104934 1.65967e-06 5.77937e-09 3.63305e-12 3.63719e-16 5.36051e-21 1.10442e-26 3.06973e-33 1.12268e-40
 1.58996e-41 2.20676e-33 3.70229e-26 7.50818e-20 1.84054e-14 5.45386e-10 1.95348e-06 0.000845792 0.044267 0.280675 0.244846 0.199877 0.154554 0.0581248 0.0149283 0.00179575 8.21094e-05 1.04264e-06 2.81074e-09 1.33194e-12 9.85798e-17 1.05855e-21 1.57302e-27 3.13461e-34 8.19427e-42
 1.63264e-41 2.26599e-33 3.80167e-26 7.70971e-20 1.88995e-14 5.60025e-10 2.00592e-06 0.000868495 0.0454557 0.288336 0.253722 0.199602 0.143741 0.0533398 0.0133379 0.00153335 6.09443e-05 6.21261e-07 1.28527e-09 4.56733e-13 2.49787e-17 1.96108e-22 2.11357e-28 3.03516e-35 5.68904e-43
#pred catch len freq
 2.56397e-27 2.59058e-27 3.52451e-26 6.89539e-20 1.69032e-14 5.00872e-10 1.79404e-06 0.000776751 0.0406524 0.257178 0.196976 0.0376764 0.148389 0.137204 0.0353026 0.0464608 0.0215834 0.0188448 0.0127445 0.0105088 0.00883485 0.00809593 0.00854509 0.00781404 0.00241108
 2.56718e-27 2.59884e-27 4.19494e-26 8.30945e-20 2.03696e-14 6.03588e-10 2.16195e-06 0.000936042 0.0489891 0.309918 0.237302 0.0411304 0.146345 0.1348 0.025873 0.0252285 0.0100285 0.00664881 0.00366834 0.00253617 0.00184898 0.00150416 0.00144252 0.00134189 0.00045633
 2.56834e-27 2.60189e-27 4.45152e-26 8.85069e-20 2.16964e-14 6.42903e-10 2.30277e-06 0.000997012 0.05218 0.330105 0.252722 0.0415292 0.138546 0.127511 0.0230059 0.0204198 0.00695567 0.00299186 0.00127515 0.000661374 0.000375321 0.000253885 0.000211173 0.000189568 6.73213e-05
 2.56839e-27 2.602e-27 4.45724e-26 8.86274e-20 2.17259e-14 6.43778e-10 2.30591e-06 0.000998369 0.052251 0.330554 0.253071 0.0418401 0.140668 0.129423 0.022533 0.0188435 0.00622538 0.00234722 0.000766869 0.000258286 0.000100401 4.93266e-05 3.2588e-05 2.64569e-05 9.43347e-06
 2.56767e-27 2.60003e-27 4.28315e-26 8.49547e-20 2.08256e-14 6.171e-10 2.21035e-06 0.000956997 0.0500858 0.316857 0.24262 0.0423786 0.152109 0.139983 0.0244508 0.0205549 0.00667961 0.00233674 0.000716772 0.000196225 4.73897e-05 1.4084e-05 6.20459e-06 4.10191e-06 1.41026e-06
 2.56596e-27 2.59542e-27 3.87826e-26 7.64135e-20 1.87318e-14 5.55058e-10 1.98812e-06 0.000860782 0.0450502 0.285 0.21831 0.043329 0.176421 0.162475 0.0294582 0.0263226 0.0085748 0.00301482 0.000897867 0.000226638 4.57003e-05 8.19959e-06 1.85869e-06 8.1035e-07 2.5229e-07
 2.56738e-27 2.59933e-27 4.23028e-26 8.38397e-20 2.05523e-14 6.09001e-10 2.18134e-06 0.000944436 0.0494284 0.312698 0.239435 0.0417926 0.149887 0.138095 0.0270512 0.0269822 0.0089578 0.00339344 0.0010204 0.000255954 4.81665e-05 7.0931e-06 8.56463e-07 1.69687e-07 4.13542e-08
 2.56936e-27 2.60465e-27 4.69496e-26 9.36423e-20 2.29553e-14 6.80206e-10 2.43638e-06 0.00105486 0.0552076 0.349258 0.267338 0.0409466 0.123844 0.113934 0.0204371 0.0179769 0.00618257 0.00269643 0.000846445 0.000225651 4.26349e-05 5.92218e-06 5.46945e-07 4.44608e-08 5.86067e-09
 2.56918e-27 2.60411e-27 4.64046e-26 9.24924e-20 2.26734e-14 6.71853e-10 2.40647e-06 0.00104191 0.0545297 0.34497 0.264075 0.0416334 0.131364 0.120765 0.0196974 0.0145468 0.00478252 0.00178468 0.000589287 0.000177363 3.5811e-05 5.10679e-06 4.40683e-07 2.2738e-08 1.113e-09
 2.56849e-27 2.60223e-27 4.47476e-26 8.89968e-20 2.18165e-14 6.46461e-10 2.31552e-06 0.00100253 0.0524688 0.331932 0.254126 0.0420554 0.141565 0.130206 0.0218643 0.0171013 0.00538925 0.00162937 0.000489465 0.000133262 2.97831e-05 4.66709e-06 4.17662e-07 1.92163e-08 4.67042e-10
 2.56846e-27 2.60214e-27 4.46562e-26 8.8804e-20 2.17692e-14 6.45061e-10 2.3105e-06 0.00100036 0.0523552 0.331213 0.253579 0.0421673 0.142801 0.131325 0.0216695 0.0163789 0.00522595 0.00168281 0.000470629 0.000105159 2.07143e-05 3.35326e-06 3.34063e-07 1.58831e-08 3.12889e-10
 2.56888e-27 2.6033e-27 4.56966e-26 9.09988e-20 2.23073e-14 6.61004e-10 2.36761e-06 0.00102508 0.0536491 0.339399 0.259822 0.0417256 0.135053 0.124207 0.0209944 0.016629 0.00526857 0.00163206 0.000464913 0.000106599 1.79311e-05 2.44742e-06 2.42329e-07 1.26762e-08 2.53138e-10
 2.56907e-27 2.60381e-27 4.61398e-26 9.19337e-20 2.25364e-14 6.67795e-10 2.39193e-06 0.00103561 0.0542003 0.342886 0.262484 0.0416789 0.132827 0.122131 0.020228 0.0154058 0.00493075 0.00161199 0.000455602 0.000101922 1.75537e-05 2.17187e-06 1.78583e-07 9.12026e-09 1.96337e-10
 2.56873e-27 2.60287e-27 4.5303e-26 9.01683e-20 2.21037e-14 6.54972e-10 2.346e-06 0.00101573 0.0531595 0.336302 0.257462 0.041995 0.138762 0.127594 0.0209481 0.0156701 0.00496806 0.00155286 0.000445243 0.000103656 1.75543e-05 2.17013e-06 1.64948e-07 7.10148e-09 1.48074e-10
 2.56721e-27 2.59872e-27 4.16035e-26 8.23638e-20 2.01905e-14 5.98281e-10 2.14294e-06 0.000927812 0.0485583 0.307193 0.235255 0.043281 0.16415 0.15098 0.0243328 0.0175022 0.00552318 0.00168979 0.000475433 0.000107336 1.87265e-05 2.33356e-06 1.74952e-07 6.94489e-09 1.24908e-10
 2.5675e-27 2.59956e-27 4.24115e-26 8.40687e-20 2.06084e-14 6.10664e-10 2.1873e-06 0.000947016 0.0495634 0.313552 0.240099 0.0425371 0.155086 0.142735 0.0250323 0.0211739 0.00664595 0.00194387 0.000539943 0.000119109 2.01689e-05 2.52519e-06 1.92538e-07 7.50526e-09 1.23941e-10
 2.56852e-27 2.60231e-27 4.4817e-26 8.91432e-20 2.18524e-14 6.47525e-10 2.31933e-06 0.00100418 0.0525552 0.332478 0.254543 0.0420296 0.141076 0.129749 0.0216785 0.0168037 0.00547128 0.00193283 0.000540241 0.000114545 1.89585e-05 2.3047e-06 1.74524e-07 6.89312e-09 1.11418e-10
 2.56875e-27 2.60293e-27 4.53498e-26 9.0267e-20 2.21279e-14 6.55688e-10 2.34857e-06 0.00101684 0.0532177 0.33667 0.257743 0.0420208 0.13876 0.127582 0.0207576 0.0152393 0.00484887 0.00154892 0.000458752 0.000113045 1.85059e-05 2.17429e-06 1.59749e-07 6.24269e-09 1.01576e-10
 2.56899e-27 2.60353e-27 4.58482e-26 9.13185e-20 2.23856e-14 6.63326e-10 2.37592e-06 0.00102868 0.0538376 0.340591 0.260739 0.0421404 0.137566 0.12642 0.019483 0.0126184 0.00395774 0.00118549 0.000335191 7.78127e-05 1.43215e-05 1.78941e-06 1.27268e-07 4.81816e-09 7.74462e-11
 2.56936e-27 2.60454e-27 4.67525e-26 9.32261e-20 2.28532e-14 6.77182e-10 2.42555e-06 0.00105017 0.0549622 0.347706 0.266167 0.0418031 0.131186 0.120553 0.0188132 0.0125618 0.00385019 0.00100208 0.000272031 5.90948e-05 1.01898e-05 1.33721e-06 1.03825e-07 3.86822e-09 6.02582e-11
 2.56963e-27 2.60527e-27 4.73709e-26 9.45308e-20 2.31731e-14 6.8666e-10 2.4595e-06 0.00106487 0.0557314 0.352572 0.269882 0.0417876 0.128457 0.117995 0.0176285 0.0105041 0.00322896 0.000867376 0.000226296 4.33524e-05 6.97811e-06 8.53338e-07 6.74251e-08 2.71674e-09 4.22834e-11
 2.56984e-27 2.60584e-27 4.78813e-26 9.56074e-20 2.3437e-14 6.9448e-10 2.48751e-06 0.001077 0.0563662 0.356588 0.272946 0.0416344 0.125138 0.114935 0.0171383 0.0101526 0.00306287 0.000728015 0.000188346 3.65477e-05 5.36965e-06 5.89568e-07 4.32073e-08 1.75104e-09 2.89986e-11
 2.5697e-27 2.60545e-27 4.7526e-26 9.48579e-20 2.32533e-14 6.89036e-10 2.46801e-06 0.00106855 0.0559243 0.353792 0.270814 0.0417681 0.127655 0.117251 0.0174371 0.0102509 0.00308943 0.000728841 0.000181849 3.18725e-05 4.65941e-06 4.85315e-07 3.15168e-08 1.17749e-09 1.94963e-11
 2.56991e-27 2.60603e-27 4.80395e-26 9.59411e-20 2.35188e-14 6.96904e-10 2.49619e-06 0.00108076 0.0565629 0.357832 0.273896 0.0416301 0.124438 0.114279 0.016845 0.00964817 0.00290274 0.000679261 0.00016895 2.91134e-05 3.94691e-06 3.88035e-07 2.40794e-08 8.01961e-10 1.22144e-11
 2.57001e-27 2.60629e-27 4.82774e-26 9.64429e-20 2.36418e-14 7.00549e-10 2.50925e-06 0.00108641 0.0568588 0.359704 0.275324 0.0415381 0.122735 0.112713 0.0166655 0.00963236 0.00288781 0.000657547 0.000162466 2.77824e-05 3.72527e-06 3.46748e-07 1.99386e-08 6.26473e-10 8.58599e-12
 2.56991e-27 2.60603e-27 4.80365e-26 9.59348e-20 2.35173e-14 6.96859e-10 2.49603e-06 0.00108069 0.0565592 0.357809 0.273879 0.0416581 0.124663 0.114481 0.0167709 0.00942809 0.00282834 0.000649956 0.000159693 2.66537e-05 3.53983e-06 3.2552e-07 1.78711e-08 5.1972e-10 6.6376e-12
 2.57002e-27 2.6063e-27 4.82658e-26 9.64184e-20 2.36358e-14 7.00371e-10 2.50861e-06 0.00108613 0.0568443 0.359613 0.275256 0.0416549 0.123672 0.113551 0.0163317 0.00865961 0.00258397 0.000576961 0.000141416 2.37405e-05 3.1063e-06 2.80294e-07 1.51636e-08 4.22231e-10 5.00504e-12
 2.57014e-27 2.60663e-27 4.85506e-26 9.70192e-20 2.37831e-14 7.04736e-10 2.52424e-06 0.0010929 0.0571985 0.361853 0.276967 0.0416395 0.122352 0.112317 0.0158261 0.00781599 0.00231009 0.000485673 0.000116911 1.91532e-05 2.50508e-06 2.24727e-07 1.19102e-08 3.25366e-10 3.69784e-12
#obs catch len freq
 1.62422e-41 2.25431e-33 3.78207e-26 7.66997e-20 1.8802e-14 5.57138e-10 1.99558e-06 0.000864017 0.0452192 0.28607 0.219182 0.0443009 0.165988 0.141134 0.0441451 0.0360296 0.0118938 0.00412982 0.000912408 0.000121561 7.11725e-06 1.32073e-07 5.74703e-10 4.69973e-13 6.24876e-17
 1.64437e-41 2.28228e-33 3.829e-26 7.76513e-20 1.90353e-14 5.64051e-10 2.02034e-06 0.000874736 0.0457802 0.289619 0.221955 0.0463147 0.167974 0.135279 0.0435234 0.0334705 0.0108448 0.00355162 0.000722161 8.45269e-05 4.10317e-06 5.94042e-08 1.92762e-10 1.14356e-13 1.08619e-17
 1.92358e-41 2.66981e-33 4.47916e-26 9.08364e-20 2.22675e-14 6.59826e-10 2.36339e-06 0.00102327 0.0535536 0.338796 0.259512 0.0457709 0.133383 0.101351 0.0329331 0.0235349 0.00739621 0.00227169 0.000426544 4.35084e-05 1.73851e-06 1.96065e-08 4.75043e-11 2.04799e-14 1.39162e-18
 1.94717e-41 2.70254e-33 4.53408e-26 9.19502e-20 2.25405e-14 6.67916e-10 2.39237e-06 0.00103581 0.0542103 0.342951 0.26278 0.0489957 0.141692 0.100327 0.0260346 0.0156701 0.00471378 0.00133787 0.000229391 2.03423e-05 6.64907e-07 5.81687e-09 1.05296e-11 3.3081e-15 1.61283e-19
 1.99402e-41 2.76757e-33 4.64317e-26 9.41626e-20 2.30829e-14 6.83988e-10 2.44993e-06 0.00106074 0.0555147 0.351203 0.269151 0.0506385 0.137995 0.0918447 0.024887 0.0136587 0.00317488 0.000746072 0.00011403 8.67194e-06 2.30695e-07 1.56081e-09 2.10826e-12 4.83389e-16 1.696e-20
 1.79848e-41 2.49617e-33 4.18784e-26 8.49286e-20 2.08192e-14 6.16912e-10 2.20968e-06 0.000956715 0.0500706 0.316763 0.243084 0.0574843 0.174578 0.108846 0.0293645 0.0148228 0.00331591 0.000634487 7.27361e-05 4.50956e-06 9.62443e-08 5.01569e-10 5.05285e-13 8.45928e-17 2.13914e-21
 1.4934e-41 2.07274e-33 3.47745e-26 7.05221e-20 1.72877e-14 5.12265e-10 1.83485e-06 0.000794426 0.0415771 0.263032 0.202386 0.0661238 0.219514 0.13072 0.0467627 0.0232776 0.00488798 0.00084114 7.76616e-05 3.45393e-06 5.51868e-08 2.17837e-10 1.63106e-13 1.99459e-17 3.64002e-22
 2.12699e-41 2.95212e-33 4.9528e-26 1.00442e-19 2.46221e-14 7.29598e-10 2.6133e-06 0.00113147 0.0592166 0.374623 0.287197 0.0519704 0.109299 0.0634546 0.0321077 0.016233 0.00404214 0.000668141 5.28826e-05 1.78926e-06 1.98172e-08 5.52303e-11 2.99762e-14 2.66094e-18 3.50244e-23
 2.02702e-41 2.81337e-33 4.72002e-26 9.57211e-20 2.34649e-14 6.95307e-10 2.49048e-06 0.00107829 0.0564334 0.357018 0.274152 0.0624459 0.14707 0.0738036 0.0175009 0.00762311 0.00240346 0.000433917 3.398e-05 9.42191e-07 7.5988e-09 1.44087e-11 5.33077e-15 3.30891e-19 3.09253e-24
 2.05793e-41 2.85628e-33 4.792e-26 9.71808e-20 2.38227e-14 7.05911e-10 2.52846e-06 0.00109473 0.0572941 0.362463 0.278451 0.0639696 0.139776 0.0671891 0.0209892 0.00729698 0.00123577 0.000218601 1.85656e-05 4.81189e-07 3.09849e-09 4.21665e-12 1.0619e-15 4.43246e-20 2.81917e-25
 1.78168e-41 2.47285e-33 4.14872e-26 8.41352e-20 2.06247e-14 6.11149e-10 2.18904e-06 0.000947777 0.0496029 0.31381 0.242041 0.079467 0.191851 0.0858938 0.02602 0.00866507 0.00152029 0.000167506 1.08924e-05 2.73308e-07 1.55935e-09 1.67489e-12 3.06198e-16 8.84968e-21 3.81543e-26
 2.06919e-41 2.8719e-33 4.81822e-26 9.77124e-20 2.39531e-14 7.09773e-10 2.54229e-06 0.00110072 0.0576075 0.364449 0.280388 0.0687449 0.13246 0.0595612 0.0260046 0.0081953 0.00134377 0.000135957 6.11306e-06 1.07315e-07 5.17971e-10 4.69312e-13 6.77106e-17 1.45503e-21 4.47296e-27
 1.90164e-41 2.63936e-33 4.42807e-26 8.98004e-20 2.20135e-14 6.523e-10 2.33643e-06 0.00101159 0.0529429 0.334945 0.258752 0.0845827 0.171519 0.0673907 0.0207974 0.0066224 0.00130822 0.000121625 4.5968e-06 5.64658e-08 1.83188e-10 1.25223e-13 1.43683e-17 2.42228e-22 5.6548e-28
 1.9809e-41 2.74936e-33 4.61263e-26 9.35432e-20 2.2931e-14 6.79488e-10 2.43381e-06 0.00105376 0.0551495 0.348907 0.269568 0.0832828 0.151309 0.0599116 0.0236593 0.00610913 0.000952258 9.27542e-05 3.27811e-06 3.20097e-08 7.29745e-11 3.31295e-14 2.63589e-18 3.27139e-23 5.78599e-29
 1.68892e-41 2.34411e-33 3.93273e-26 7.97549e-20 1.9551e-14 5.79331e-10 2.07507e-06 0.000898433 0.0470204 0.297492 0.231984 0.108127 0.204998 0.0746828 0.0266014 0.00701223 0.00109448 8.27973e-05 2.60829e-06 2.25699e-08 4.03365e-11 1.30836e-14 7.03916e-19 5.85202e-24 7.10758e-30
 1.54603e-41 2.14578e-33 3.6e-26 7.30072e-20 1.78969e-14 5.30316e-10 1.89951e-06 0.000822421 0.0430423 0.272336 0.213833 0.117791 0.212889 0.086526 0.0414294 0.0098144 0.001412 0.000100078 2.50741e-06 1.74135e-08 2.56881e-11 6.52677e-15 2.5797e-19 1.50391e-24 1.24578e-30
 1.78995e-41 2.48433e-33 4.16798e-26 8.45259e-20 2.07205e-14 6.13987e-10 2.1992e-06 0.000952178 0.0498333 0.315298 0.246303 0.105731 0.165142 0.0693474 0.0358325 0.00993789 0.0015243 9.44765e-05 2.02638e-06 1.10284e-08 1.23259e-11 2.41985e-15 7.37883e-20 3.23233e-25 1.94956e-31
 1.74948e-41 2.42817e-33 4.07375e-26 8.26149e-20 2.02521e-14 6.00106e-10 2.14948e-06 0.000930651 0.0487066 0.308189 0.242529 0.121821 0.179176 0.0632921 0.0264324 0.00756451 0.00127349 8.12511e-05 1.50005e-06 6.55011e-09 5.60783e-12 8.14107e-16 1.82947e-20 5.96245e-26 2.68361e-32
 1.7671e-41 2.45262e-33 4.11479e-26 8.3447e-20 2.04561e-14 6.0615e-10 2.17113e-06 0.000940025 0.0491973 0.311308 0.245942 0.126375 0.171119 0.0627771 0.025643 0.00576305 0.000875599 5.6543e-05 9.89888e-07 3.62968e-09 2.41707e-12 2.63962e-16 4.36172e-21 1.03036e-26 3.3501e-33
 1.7296e-41 2.40057e-33 4.02745e-26 8.1676e-20 2.00219e-14 5.93286e-10 2.12505e-06 0.000920074 0.0481531 0.304729 0.24272 0.137832 0.173818 0.0618709 0.0240772 0.00519906 0.000642739 3.45094e-05 5.47667e-07 1.7689e-09 9.66716e-13 8.16123e-17 1.00735e-21 1.74633e-27 4.11992e-34
 1.82816e-41 2.53737e-33 4.25696e-26 8.63304e-20 2.11629e-14 6.27095e-10 2.24615e-06 0.000972506 0.0508972 0.322106 0.256629 0.134828 0.15347 0.0556413 0.0208166 0.00415997 0.000457411 1.95549e-05 2.43258e-07 6.47666e-10 2.92876e-13 1.98659e-17 1.90088e-22 2.4797e-28 4.31362e-35
 1.78278e-41 2.47438e-33 4.15129e-26 8.41872e-20 2.06375e-14 6.11527e-10 2.19039e-06 0.000948364 0.0496338 0.314158 0.253173 0.149355 0.158159 0.0528751 0.0179372 0.00341406 0.000332521 1.17537e-05 1.11857e-07 2.22967e-10 7.73684e-14 4.10118e-18 3.06393e-23 3.08211e-29 4.06754e-36
 1.79918e-41 2.49714e-33 4.18947e-26 8.49617e-20 2.08274e-14 6.17153e-10 2.21054e-06 0.000957088 0.0500905 0.317089 0.2572 0.153336 0.149998 0.0519177 0.0164417 0.00272799 0.000232671 6.86383e-06 5.10039e-08 7.55857e-11 1.90906e-14 7.40542e-19 4.1084e-24 3.10317e-30 3.08748e-37
 1.79462e-41 2.49081e-33 4.17886e-26 8.47463e-20 2.07746e-14 6.15588e-10 2.20494e-06 0.000954662 0.0499637 0.316348 0.259165 0.161096 0.145746 0.0494529 0.0148095 0.00229426 0.000164222 3.93206e-06 2.29753e-08 2.5708e-11 4.75627e-15 1.32801e-19 5.27317e-25 2.85972e-31 2.05796e-38
 1.81529e-41 2.5195e-33 4.22699e-26 8.57225e-20 2.10139e-14 6.22679e-10 2.23033e-06 0.000965658 0.0505394 0.320058 0.264325 0.164947 0.137823 0.0464729 0.0129159 0.001836 0.000114192 2.19064e-06 9.82749e-09 8.29417e-12 1.13617e-15 2.30914e-20 6.591e-26 2.54911e-32 1.30322e-39
 1.76056e-41 2.44354e-33 4.09954e-26 8.31379e-20 2.03803e-14 6.03904e-10 2.16309e-06 0.000936542 0.0490159 0.310538 0.261406 0.179244 0.140039 0.0455678 0.0116643 0.00150528 8.03636e-05 1.25365e-06 4.32177e-09 2.71189e-12 2.72814e-16 4.04468e-21 8.36357e-27 2.32726e-33 8.50989e-41
 1.67118e-41 2.31948e-33 3.89142e-26 7.89171e-20 1.93456e-14 5.73246e-10 2.05327e-06 0.000888997 0.0465281 0.294961 0.254834 0.194977 0.145549 0.0491541 0.0117016 0.00134273 6.07614e-05 7.64948e-07 2.0413e-09 9.5919e-13 7.06498e-17 7.58178e-22 1.1296e-27 2.25992e-34 5.92982e-42
 1.66552e-41 2.31164e-33 3.87825e-26 7.86501e-20 1.92802e-14 5.71306e-10 2.04633e-06 0.000885989 0.0463713 0.294117 0.257688 0.197447 0.140536 0.0501104 0.0115797 0.00121705 4.61182e-05 4.62706e-07 9.50784e-10 3.35563e-13 1.82288e-17 1.42319e-22 1.52802e-28 2.1903e-35 4.10566e-43
#spawning biomass
 8934.33 6403.71 7736 10942.9 14738 16433.8 16153.8 21447 33729.1 49692.4 55894.8 70700.7 96002.4 126154 123905 108822 96929.2 102236 92988.4 95257.1 92169.6 96550.9 104033 105448 116087 123211 115558 99858.1 88270.6 179355 204797 204485 189731 169624 149628 132308 118440 107881 100112 94533.8 90599.7 87860.9 85963.1 84632.1 83745.7 83155.4 82762.2 82500.4 82326 82209.8 82132.5 82081 82046.7 82023.8 82008.6 81998.5 81991.7 81987.2 81984.2 81982.2 81980.9 81980 81979.4 81979 81978.8 81978.6 81978.5 81978.4 81978.3 81978.3 81978.3 81978.3 81978.3 81978.3 81978.2 81978.2 81978.2 81978.2 81978.2 81978.2 81978.2 81978.2 81978.2 81978.2 81978.2 81978.2 81978.2 81978.2 81978.2 81978.2 81978.2 81978.2 81978.2 81978.2 81978.2 81978.2 81978.2 81978.2 81978.2 81978.2 81978.2 81978.2 81978.2 81978.2 81978.2 81978.2 81978.2 81978.2 81978.2 81978.2 81978.2 81978.2 81978.2 81978.2 81978.2 81978.2 81978.2 81978.2 81978.2 81978.2 81978.2 81978.2 81978.2 81978.2 81978.2 81978.2 81978.2 81978.2 0 0 0 0 0 0 0 0 0 0 0 0 0 0 0 0 0 0 0 0 0 0 0 0 0
