SBPRF35
0.0272055
Curr Bio
40998.4
B35
23306.4
F35
5.90408
FOFL
5.90408
OFL
71384
Bzero
7771.8
#pred survey bio
 8927.16 8045.18 9585.21 11994.9 14980.9 17136.2 16681.3 16751.9 27610.4 39505.6 39638.7 48639.2 75417.6 88017.8 74247.6 60721.3 59922.5 62090.9 61566.8 60083.1 62303.4 69263.3 76838.8 77343 80496.3 78065.6 70842.7 75945 1.92936e+06 1.09559e+06 322331 172595 141771 132540 129692 128805 128528 128441 128413 128404 128402 128401 128400 128400 128400 128400 128400 128400 128400 128400 128400 128400 128400 128400 128400 128400 128400 128400 128400 128400 128400 128400 128400 128400 128400 128400 128400 128400 128400 128400 128400 128400 128400 128400 128400 128400 128400 128400 128400 128400 128400 128400 128400 128400 128400 128400 128400 128400 128400 128400 128400 128400 128400 128400 128400 128400 128400 128400 128400 128400 128400 128400 128400 128400 128400 128400 128400 128400 128400 128400 128400 128400 128400 128400 128400 128400 128400 128400 128400 128400 128400 128400 128400 128400 128400 128400 128400 128400 0 0 0 0 0 0 0 0 0 0 0 0 0 0 0 0 0 0 0 0 0 0 0 0 0
#obs survey bio
 6474.92 7362.43 13100.4 11146.3 19627 16030.2 16723.9 24313.1 43404.7 26031.5 36611.8 56956.5 74454.5 62300.2 60735 58638.3 67536.3 43028.7 69445.5 61718.2 63877.7 63043.9 82880.9 94419.3 70744.1 61047.4 73371.8 80848.8
#pred catch bio
 3422.38 3175.46 3820.41 5089.5 6544.93 7686.67 8998.77 7415.7 8489.57 18765.4 23743.3 18321.8 31732.9 52490.2 48441.5 36753.1 32947.2 34844.4 34795.5 31544.1 34487.2 35122.3 43761 41456.3 43806.9 48947.5 42713.2 43681.7 71384 45164.6 6587.47 4387.95 4383.39 4383.39 4383.39 4383.39 4383.39 4383.39 4383.39 4383.39 4383.39 4383.39 4383.39 4383.39 4383.39 4383.39 4383.39 4383.39 4383.39 4383.39 4383.39 4383.39 4383.39 4383.39 4383.39 4383.39 4383.39 4383.39 4383.39 4383.39 4383.39 4383.39 4383.39 4383.39 4383.39 4383.39 4383.39 4383.39 4383.39 4383.39 4383.39 4383.39 4383.39 4383.39 4383.39 4383.39 4383.39 4383.39 4383.39 4383.39 4383.39 4383.39 4383.39 4383.39 4383.39 4383.39 4383.39 4383.39 4383.39 4383.39 4383.39 4383.39 4383.39 4383.39 4383.39 4383.39 4383.39 4383.39 4383.39 4383.39 4383.39 4383.39 4383.39 4383.39 4383.39 4383.39 4383.39 4383.39 4383.39 4383.39 4383.39 4383.39 4383.39 4383.39 4383.39 4383.39 4383.39 4383.39 4383.39 4383.39 4383.39 4383.39 4383.39 4383.39 4383.39 4383.39 4383.39 4383.39 0 0 0 0 0 0 0 0 0 0 0 0 0 0 0 0 0 0 0 0 0 0 0 0 0
#obs catch bio
 3441.9 3235.3 3809.71 5108.89 6519.22 7632.49 9185.26 7522.41 8270.1 18241.8 24655 17979.9 30853.4 52882.1 49542 37803.5 32378.3 35435.6 34734.4 30797.7 34624.9 34949.3 44144.3 40710.7 43276.4 49898.4 43439.7 44086
#pred cpue bio
 6104.85 4428.25 4962.69 6159.56 7583.75 9170.36 9667.93 8449.2 11657.9 20993.5 22045.9 21035.7 36172.3 47948.6 41452 32344.5 30215.7 32594.9 32311.4 31836.4 32560.7 34060.2 40260.3 39943.3 42140.8 42289.4 36712 36850.7 968631 767340 268827 112082 80207.6 70883.7 68028.5 67141.2 66863.5 66776.2 66748.7 66740 66737.2 66736.4 66736.1 66736 66736 66736 66736 66736 66736 66736 66736 66736 66736 66736 66736 66736 66736 66736 66736 66736 66736 66736 66736 66736 66736 66736 66736 66736 66736 66736 66736 66736 66736 66736 66736 66736 66736 66736 66736 66736 66736 66736 66736 66736 66736 66736 66736 66736 66736 66736 66736 66736 66736 66736 66736 66736 66736 66736 66736 66736 66736 66736 66736 66736 66736 66736 66736 66736 66736 66736 66736 66736 66736 66736 66736 66736 66736 66736 66736 66736 66736 66736 66736 66736 66736 66736 66736 66736 0 0 0 0 0 0 0 0 0 0 0 0 0 0 0 0 0 0 0 0 0 0 0 0 0
#obs cpue bio
 3986.98 3753.41 5459.67 5223.12 7332.8 8537.87 6117.37 7950.15 15411.4 26007.8 15848.7 32229.9 44967.3 45173.5 29711.1 29781.6 38765.3 24540.3 48532.6 44103 26916.4 30112.2 42345.9 59659.5 37992.5 34902.7 28410.3 34991.3
#pred surv len freq
 2.14233e-27 2.16505e-27 5.77291e-27 1.23431e-21 7.3409e-17 1.00374e-12 3.15526e-09 2.28032e-06 0.000378871 0.0144726 0.127099 0.256619 0.119685 0.0278755 0.0929243 0.130811 0.0542072 0.0462858 0.0407052 0.0254595 0.0196298 0.0149276 0.0133095 0.0111359 0.00447253
 2.14378e-27 2.16959e-27 6.29009e-27 1.40975e-21 8.38435e-17 1.14641e-12 3.60376e-09 2.60445e-06 0.000432725 0.0165298 0.145165 0.293095 0.13667 0.0311343 0.101832 0.143013 0.0544907 0.0331954 0.0254436 0.00907644 0.00431644 0.00237597 0.00161924 0.00115951 0.000448174
 2.14423e-27 2.17074e-27 6.40982e-27 1.45034e-21 8.62573e-17 1.17941e-12 3.7075e-09 2.67942e-06 0.000445182 0.0170057 0.149345 0.301532 0.140593 0.0317149 0.102834 0.144329 0.0537485 0.0290063 0.0212329 0.0058416 0.00163859 0.000451704 0.000164589 8.52585e-05 2.96155e-05
 2.14422e-27 2.17071e-27 6.405e-27 1.4487e-21 8.61595e-17 1.17808e-12 3.7033e-09 2.67639e-06 0.000444678 0.0169864 0.149175 0.301191 0.140443 0.0319413 0.104319 0.146396 0.0541293 0.028024 0.0202491 0.00520888 0.00121746 0.000228724 3.38326e-05 7.38724e-06 1.8854e-06
 2.14443e-27 2.17122e-27 6.45716e-27 1.46638e-21 8.72113e-17 1.19246e-12 3.74851e-09 2.70906e-06 0.000450106 0.0171937 0.150996 0.304867 0.142142 0.0319139 0.103044 0.144574 0.0531677 0.0266428 0.0190806 0.00472829 0.00100694 0.000170126 1.75886e-05 1.42864e-06 1.37061e-07
 2.14294e-27 2.16755e-27 6.06716e-27 1.33408e-21 7.93427e-17 1.08487e-12 3.4103e-09 2.46463e-06 0.000409495 0.0156424 0.137373 0.277362 0.129479 0.0333311 0.119985 0.168446 0.0614892 0.0294078 0.0208449 0.00504246 0.00100802 0.000161325 1.48409e-05 8.80416e-07 3.17366e-08
 2.14135e-27 2.16372e-27 5.67241e-27 1.20022e-21 7.13818e-17 9.7602e-13 3.06813e-09 2.21735e-06 0.000368409 0.014073 0.12359 0.249534 0.116627 0.0336699 0.130441 0.183373 0.0693364 0.0405567 0.0296677 0.00712987 0.00139461 0.000217257 1.88162e-05 1.01533e-06 2.80525e-08
 2.14499e-27 2.17264e-27 6.61395e-27 1.5196e-21 9.03765e-17 1.23574e-12 3.88456e-09 2.80738e-06 0.000466442 0.0178178 0.156477 0.315931 0.147215 0.0307925 0.0928632 0.13033 0.0495802 0.0298982 0.0219936 0.00536424 0.00108546 0.000168058 1.39814e-05 7.16457e-07 1.82685e-08
 2.14745e-27 2.1786e-27 7.23276e-27 1.72946e-21 1.02857e-16 1.40639e-12 4.42101e-09 3.19508e-06 0.000530857 0.0202784 0.178086 0.359559 0.167349 0.0298393 0.0738941 0.103373 0.0370587 0.0156435 0.0108781 0.00277322 0.000623531 0.000100648 8.67591e-06 4.44315e-07 1.08963e-08
 2.14247e-27 2.16631e-27 5.92644e-27 1.2863e-21 7.6501e-17 1.04601e-12 3.28816e-09 2.37636e-06 0.000394829 0.0150822 0.132453 0.267429 0.124935 0.0346203 0.130849 0.183615 0.0648703 0.0243741 0.0164361 0.00398328 0.000807494 0.000134123 1.29156e-05 7.10408e-07 1.79421e-08
 2.14268e-27 2.167e-27 6.01948e-27 1.31796e-21 7.8384e-17 1.07176e-12 3.3691e-09 2.43486e-06 0.000404548 0.0154534 0.135713 0.274011 0.127897 0.0324574 0.115662 0.162551 0.0621337 0.0383242 0.0280475 0.00622777 0.000962965 0.000139925 1.22304e-05 6.82218e-07 1.87144e-08
 2.14711e-27 2.17776e-27 7.14406e-27 1.69937e-21 1.01068e-16 1.38192e-12 4.34409e-09 3.13949e-06 0.000521621 0.0199256 0.174987 0.353304 0.164467 0.0300817 0.0772593 0.108133 0.0389811 0.0171239 0.0119005 0.0027573 0.000483156 6.66867e-05 4.52167e-06 2.04333e-07 5.18068e-09
 2.14481e-27 2.17206e-27 6.53488e-27 1.49269e-21 8.8776e-17 1.21385e-12 3.81577e-09 2.75766e-06 0.000458182 0.0175022 0.153706 0.310337 0.144699 0.0326644 0.105976 0.148528 0.0521044 0.0183962 0.0121767 0.00284839 0.00051871 7.60616e-05 5.76922e-06 2.52484e-07 5.21343e-09
 2.14246e-27 2.16636e-27 5.94053e-27 1.29112e-21 7.67879e-17 1.04994e-12 3.30049e-09 2.38527e-06 0.00039631 0.0151388 0.132949 0.268432 0.125365 0.0337267 0.125092 0.175662 0.0642842 0.0312262 0.0220202 0.00485979 0.000734505 0.00010252 8.05593e-06 3.78804e-07 8.31446e-09
 2.14169e-27 2.16446e-27 5.73928e-27 1.22285e-21 7.27275e-17 9.94419e-13 3.12597e-09 2.25915e-06 0.000375354 0.0143383 0.125919 0.254238 0.118831 0.0344526 0.133801 0.187934 0.068575 0.0326926 0.0229661 0.00503533 0.000736536 9.52588e-05 6.28162e-06 2.66341e-07 5.96436e-09
 2.14297e-27 2.16761e-27 6.07197e-27 1.3357e-21 7.94394e-17 1.08619e-12 3.41446e-09 2.46764e-06 0.000409995 0.0156615 0.13754 0.2777 0.129638 0.0334085 0.120356 0.168963 0.0616109 0.0292405 0.0204747 0.00435566 0.000565253 6.88538e-05 4.29912e-06 1.62933e-07 3.15428e-09
 2.1441e-27 2.17036e-27 6.3601e-27 1.43343e-21 8.52515e-17 1.16566e-12 3.66427e-09 2.64818e-06 0.000439991 0.0168074 0.147603 0.298017 0.139006 0.0327451 0.110183 0.154559 0.0556369 0.0241803 0.0166686 0.0035949 0.000492742 6.01079e-05 3.48223e-06 1.21077e-07 2.17176e-09
 2.143e-27 2.16764e-27 6.07029e-27 1.33511e-21 7.94041e-17 1.08571e-12 3.41294e-09 2.46654e-06 0.000409812 0.0156546 0.137479 0.277577 0.129598 0.0338592 0.123144 0.17281 0.0618295 0.0256921 0.0175516 0.00379563 0.00052728 6.55779e-05 3.96679e-06 1.39927e-07 2.37098e-09
 2.14341e-27 2.16869e-27 6.187e-27 1.37473e-21 8.17602e-17 1.11793e-12 3.51421e-09 2.53973e-06 0.000421973 0.0161191 0.141558 0.285813 0.133372 0.0329669 0.115215 0.161723 0.0591364 0.0285789 0.0200961 0.00432858 0.000590542 7.31469e-05 4.48462e-06 1.62516e-07 2.84295e-09
 2.14293e-27 2.16748e-27 6.0555e-27 1.3301e-21 7.91064e-17 1.08164e-12 3.40015e-09 2.4573e-06 0.000408276 0.0155959 0.136964 0.276536 0.129111 0.0337 0.122486 0.17192 0.0620209 0.0273777 0.0189689 0.00419243 0.000630236 8.06823e-05 4.8905e-06 1.75791e-07 3.11116e-09
 2.14373e-27 2.16951e-27 6.27684e-27 1.40522e-21 8.35736e-17 1.14272e-12 3.59216e-09 2.59606e-06 0.000431332 0.0164766 0.144698 0.292151 0.136282 0.0324031 0.109863 0.154221 0.0570679 0.0296603 0.0211764 0.00472649 0.000735809 9.78583e-05 6.43323e-06 2.46053e-07 4.37919e-09
 2.14463e-27 2.17167e-27 6.49853e-27 1.48038e-21 8.80441e-17 1.20385e-12 3.7843e-09 2.73493e-06 0.000454404 0.0173579 0.152438 0.307778 0.143504 0.0323274 0.10469 0.146802 0.0526835 0.0223982 0.0154297 0.00348536 0.000566327 7.67481e-05 5.14989e-06 2.0572e-07 3.91081e-09
 2.14307e-27 2.16781e-27 6.08847e-27 1.34128e-21 7.97709e-17 1.09072e-12 3.42871e-09 2.47794e-06 0.000411705 0.0157269 0.138114 0.278859 0.130188 0.0337774 0.122259 0.171564 0.061418 0.0256304 0.0175464 0.00385199 0.000569377 7.56833e-05 5.27563e-06 2.18571e-07 4.27995e-09
 2.14373e-27 2.16946e-27 6.26778e-27 1.40213e-21 8.33898e-17 1.14021e-12 3.58425e-09 2.59035e-06 0.000430383 0.0164403 0.14438 0.291509 0.136 0.0328036 0.112501 0.157876 0.0574814 0.0270138 0.0188938 0.00405173 0.0005442 6.78025e-05 4.36789e-06 1.7358e-07 3.47455e-09
 2.14328e-27 2.16836e-27 6.14937e-27 1.36195e-21 8.10003e-17 1.10753e-12 3.48155e-09 2.51613e-06 0.00041805 0.0159692 0.140243 0.283156 0.132158 0.0333353 0.118265 0.165975 0.0600023 0.026881 0.0186922 0.00416784 0.000645517 8.34007e-05 5.05058e-06 1.84382e-07 3.44366e-09
 2.14254e-27 2.16654e-27 5.95931e-27 1.29749e-21 7.71665e-17 1.05511e-12 3.31676e-09 2.39704e-06 0.000398264 0.0152134 0.133605 0.269755 0.125978 0.0337597 0.124894 0.175365 0.0639347 0.0303153 0.021285 0.00469311 0.000701815 9.24697e-05 6.15997e-06 2.37951e-07 4.25587e-09
 2.14348e-27 2.16885e-27 6.2008e-27 1.37939e-21 8.20377e-17 1.12172e-12 3.52614e-09 2.54835e-06 0.000423405 0.0161738 0.142039 0.286783 0.133831 0.0332239 0.116491 0.163466 0.0589906 0.0260966 0.0180406 0.00385794 0.000512764 6.34866e-05 4.05165e-06 1.57089e-07 2.99453e-09
 2.14481e-27 2.17209e-27 6.54078e-27 1.49471e-21 8.8896e-17 1.21549e-12 3.82092e-09 2.76139e-06 0.000458801 0.0175259 0.153913 0.310757 0.14488 0.0323216 0.103757 0.145464 0.0519136 0.0211558 0.0143689 0.0030441 0.000388452 4.61231e-05 2.70572e-06 9.6118e-08 1.76145e-09
#obs surv len freq
 8.68251e-40 4.24949e-33 4.78159e-27 1.23695e-21 7.35662e-17 1.00588e-12 3.16201e-09 2.28519e-06 0.000379687 0.0145036 0.12737 0.257168 0.120102 0.032222 0.1193 0.167764 0.0649927 0.0427965 0.0334484 0.0125798 0.00534409 0.00161994 0.000356115 4.77351e-05 3.26489e-06
 1.03603e-39 5.07067e-33 5.7056e-27 1.47598e-21 8.77823e-17 1.20026e-12 3.77304e-09 2.72679e-06 0.000453059 0.0173063 0.151984 0.306861 0.143014 0.0305787 0.0942911 0.132397 0.0509651 0.0325981 0.025263 0.0091768 0.0037446 0.00109679 0.000234237 3.07331e-05 2.04489e-06
 9.67134e-40 4.73345e-33 5.32615e-27 1.37783e-21 8.19444e-17 1.12044e-12 3.52212e-09 2.54544e-06 0.000422929 0.0161553 0.141876 0.286455 0.133664 0.0328081 0.114051 0.160049 0.0580118 0.0265409 0.0194495 0.00687166 0.00270592 0.000760093 0.000154825 1.95868e-05 1.26875e-06
 1.05291e-39 5.15329e-33 5.79856e-27 1.50003e-21 8.92126e-17 1.21982e-12 3.83452e-09 2.77121e-06 0.000460441 0.0175883 0.15446 0.311861 0.145356 0.0313673 0.0975986 0.136917 0.0506825 0.0264358 0.0193556 0.00562164 0.00173598 0.00045689 8.8459e-05 1.06338e-05 6.60183e-07
 9.87956e-40 4.83536e-33 5.44082e-27 1.40749e-21 8.37087e-17 1.14457e-12 3.59795e-09 2.60025e-06 0.000432034 0.0165032 0.144931 0.292622 0.136518 0.0328873 0.112676 0.158065 0.05672 0.0241401 0.0171435 0.00525961 0.00167062 0.000364651 5.69343e-05 6.26645e-06 3.68339e-07
 8.11358e-40 3.97104e-33 4.46827e-27 1.1559e-21 6.87457e-17 9.39974e-13 2.95482e-09 2.13545e-06 0.000354808 0.0135532 0.119024 0.240319 0.112408 0.0347909 0.140061 0.196792 0.0721252 0.0354135 0.0255567 0.00710952 0.00198054 0.000437811 6.45613e-05 5.82877e-06 2.93597e-07
 7.91173e-40 3.87224e-33 4.35711e-27 1.12714e-21 6.70354e-17 9.16588e-13 2.8813e-09 2.08232e-06 0.000345981 0.013216 0.116063 0.23434 0.109598 0.0335483 0.134277 0.1889 0.0728707 0.0469866 0.0355387 0.0104743 0.00311281 0.000634857 8.45909e-05 7.25987e-06 3.20866e-07
 1.32728e-39 6.49614e-33 7.30955e-27 1.89091e-21 1.1246e-16 1.53768e-12 4.83372e-09 3.49334e-06 0.000580423 0.0221714 0.194709 0.393122 0.182777 0.027449 0.0491869 0.0686576 0.0262822 0.0163721 0.0125379 0.00425173 0.00151699 0.000332349 4.51684e-05 3.58574e-06 1.45444e-07
 1.10443e-39 5.40542e-33 6.08226e-27 1.57342e-21 9.35774e-17 1.2795e-12 4.02213e-09 2.9068e-06 0.000482969 0.0184488 0.162017 0.327119 0.152458 0.0326534 0.10085 0.141144 0.0473032 0.00962299 0.00533961 0.00174723 0.000626319 0.000156727 2.50394e-05 2.12087e-06 8.42106e-08
 6.37721e-40 3.1212e-33 3.51203e-27 9.08528e-22 5.40336e-17 7.38812e-13 2.32246e-09 1.67845e-06 0.000278876 0.0106527 0.0935522 0.188892 0.0887795 0.0386991 0.179419 0.252052 0.0887136 0.0322451 0.0213381 0.00456483 0.000656474 0.000131198 2.1907e-05 2.12845e-06 9.44719e-08
 1.23332e-39 6.03622e-33 6.79206e-27 1.75704e-21 1.04498e-16 1.42882e-12 4.4915e-09 3.24602e-06 0.000539331 0.0206017 0.180924 0.365291 0.169927 0.0278961 0.0603047 0.0845168 0.0344833 0.0277026 0.0211416 0.00533418 0.00114996 0.000169355 1.33826e-05 1.00223e-06 4.73772e-08
 1.18343e-39 5.79207e-33 6.51732e-27 1.68597e-21 1.00271e-16 1.37102e-12 4.30983e-09 3.11472e-06 0.000517515 0.0197684 0.173606 0.350517 0.163222 0.0312452 0.0852017 0.119129 0.0401077 0.0087822 0.00514943 0.00189461 0.000710434 0.000132336 1.26464e-05 6.57205e-07 1.82847e-08
 8.79449e-40 4.30429e-33 4.84326e-27 1.25291e-21 7.4515e-17 1.01886e-12 3.20279e-09 2.31466e-06 0.000384584 0.0146906 0.129013 0.260486 0.121767 0.0357118 0.139605 0.195827 0.0674164 0.0196852 0.012242 0.00265078 0.000412967 9.11839e-05 1.4083e-05 9.56691e-07 2.63862e-08
 9.22057e-40 4.51283e-33 5.07791e-27 1.31361e-21 7.81251e-17 1.06822e-12 3.35796e-09 2.4268e-06 0.000403217 0.0154024 0.135264 0.273105 0.127508 0.0332412 0.12072 0.169539 0.0626747 0.0323948 0.0231988 0.00542159 0.000973728 0.000139401 1.18993e-05 9.11282e-07 3.53883e-08
 7.3816e-40 3.61278e-33 4.06516e-27 1.05162e-21 6.25437e-17 8.55172e-13 2.68824e-09 1.9428e-06 0.000322798 0.0123305 0.108286 0.218639 0.10244 0.0362354 0.155413 0.218361 0.0787788 0.0348419 0.0247839 0.00718427 0.00201619 0.000335692 2.79436e-05 1.40136e-06 4.04513e-08
 1.12377e-39 5.50006e-33 6.18875e-27 1.60097e-21 9.52158e-17 1.3019e-12 4.09255e-09 2.95769e-06 0.000491425 0.0187718 0.164854 0.332846 0.155001 0.0298814 0.0822031 0.115306 0.0442804 0.0279516 0.0208992 0.00567683 0.001494 0.000302308 3.62409e-05 2.1294e-06 5.31101e-08
 8.74003e-40 4.27764e-33 4.81327e-27 1.24515e-21 7.40536e-17 1.01255e-12 3.18296e-09 2.30033e-06 0.000382203 0.0145997 0.128214 0.258873 0.12102 0.0356874 0.139941 0.196296 0.0674748 0.0194066 0.0124883 0.00399724 0.00131897 0.000263666 3.21405e-05 2.34632e-06 7.60169e-08
 9.57812e-40 4.68782e-33 5.27481e-27 1.36454e-21 8.11546e-17 1.10964e-12 3.48817e-09 2.52091e-06 0.000418852 0.0159996 0.140509 0.283694 0.132387 0.0328024 0.114849 0.161248 0.0595213 0.0304949 0.0217942 0.00507613 0.000968864 0.000202364 2.91525e-05 2.22075e-06 7.92153e-08
 1.01162e-39 4.9512e-33 5.57117e-27 1.44121e-21 8.57141e-17 1.17199e-12 3.68415e-09 2.66254e-06 0.000442385 0.0168985 0.148403 0.299633 0.139751 0.0326748 0.109266 0.153242 0.0548115 0.0227603 0.0159762 0.00461249 0.00128705 0.000216947 2.11369e-05 1.60447e-06 6.34544e-08
 8.64508e-40 4.23117e-33 4.76098e-27 1.23162e-21 7.3249e-17 1.00155e-12 3.14838e-09 2.27534e-06 0.00037805 0.014441 0.126821 0.25606 0.119696 0.035055 0.136929 0.1922 0.0680955 0.0262113 0.0179194 0.00473471 0.00118859 0.000237649 2.85676e-05 1.79285e-06 5.7094e-08
 1.11737e-39 5.46877e-33 6.15355e-27 1.59186e-21 9.46742e-17 1.2945e-12 4.06927e-09 2.94087e-06 0.000488629 0.018665 0.163916 0.330953 0.154156 0.0306893 0.0877056 0.122941 0.0453282 0.0230764 0.016623 0.0042623 0.000988563 0.000181422 2.12037e-05 1.53116e-06 5.11344e-08
 8.9021e-40 4.35696e-33 4.90252e-27 1.26824e-21 7.54267e-17 1.03132e-12 3.24198e-09 2.34298e-06 0.00038929 0.0148704 0.130592 0.263673 0.123226 0.035343 0.136392 0.191321 0.0660971 0.0200877 0.0129981 0.00373503 0.00105649 0.000194288 2.09002e-05 1.41244e-06 4.86221e-08
 1.00297e-39 4.90882e-33 5.52349e-27 1.42887e-21 8.49805e-17 1.16195e-12 3.65261e-09 2.63975e-06 0.000438599 0.0167539 0.147133 0.297068 0.13855 0.0322689 0.107561 0.150952 0.0555479 0.0279359 0.0199361 0.00472598 0.000926796 0.00017596 2.18879e-05 1.48606e-06 4.79205e-08
 1.03292e-39 5.05542e-33 5.68844e-27 1.47155e-21 8.75183e-17 1.19666e-12 3.7617e-09 2.71859e-06 0.000451697 0.0172542 0.151527 0.305939 0.142663 0.032568 0.106713 0.149609 0.0530511 0.0205759 0.0142175 0.00408127 0.0011333 0.000193318 1.85949e-05 1.26442e-06 4.39288e-08
 8.70521e-40 4.2606e-33 4.79409e-27 1.24019e-21 7.37586e-17 1.00852e-12 3.17028e-09 2.29117e-06 0.00038068 0.0145415 0.127703 0.257842 0.120518 0.0350178 0.136165 0.191116 0.0676208 0.0257371 0.0175096 0.00452119 0.0010844 0.000214192 2.57371e-05 1.61218e-06 4.86786e-08
 9.27235e-40 4.53817e-33 5.10643e-27 1.32098e-21 7.85639e-17 1.07422e-12 3.37682e-09 2.44043e-06 0.000405481 0.0154889 0.136023 0.274638 0.128217 0.0332312 0.120196 0.16878 0.0620975 0.0312089 0.0224223 0.0057201 0.00130717 0.000233809 2.62957e-05 1.87047e-06 6.22002e-08
 9.71391e-40 4.75429e-33 5.3496e-27 1.38389e-21 8.23052e-17 1.12537e-12 3.53762e-09 2.55665e-06 0.000424791 0.0162265 0.142501 0.287716 0.134256 0.0330515 0.115157 0.161583 0.0582572 0.0256468 0.0182015 0.00521607 0.00146284 0.000267027 2.81787e-05 1.84547e-06 6.17239e-08
 1.13075e-39 5.53422e-33 6.22719e-27 1.61092e-21 9.58072e-17 1.30999e-12 4.11797e-09 2.97606e-06 0.000494477 0.0188884 0.165878 0.334913 0.156001 0.031052 0.088726 0.124276 0.0443827 0.0182085 0.0126565 0.00342272 0.000894441 0.000179882 2.22261e-05 1.489e-06 4.68837e-08
#pred catch len freq
 2.13497e-27 2.14636e-27 3.78943e-27 5.61583e-22 3.33994e-17 4.56678e-13 1.43557e-09 1.03749e-06 0.000172378 0.00658471 0.0578273 0.116761 0.0550429 0.0283303 0.137848 0.194808 0.0853326 0.0854609 0.075631 0.0458388 0.0345935 0.0259213 0.0229623 0.019182 0.00770225
 2.13617e-27 2.15094e-27 4.33391e-27 7.4628e-22 4.43841e-17 6.06873e-13 1.90771e-09 1.37871e-06 0.000229071 0.00875035 0.076846 0.155161 0.073055 0.0352373 0.168452 0.237324 0.0932411 0.0651315 0.0506173 0.0175909 0.00809429 0.00437785 0.00295904 0.00211447 0.000817029
 2.1367e-27 2.15236e-27 4.47911e-27 7.95481e-22 4.73102e-17 6.46883e-13 2.03349e-09 1.46961e-06 0.000244173 0.00932724 0.0819123 0.16539 0.0778372 0.0366528 0.174012 0.244968 0.0935183 0.0573935 0.0427205 0.0115389 0.00312311 0.000845088 0.000303686 0.00015673 5.44137e-05
 2.13687e-27 2.15274e-27 4.51413e-27 8.07333e-22 4.80151e-17 6.56521e-13 2.06378e-09 1.4915e-06 0.000247811 0.0094662 0.0831327 0.167854 0.0789917 0.0370601 0.175755 0.247352 0.0933739 0.0541727 0.0397672 0.0100618 0.00226635 0.000419137 6.10627e-05 1.32261e-05 3.37039e-06
 2.13719e-27 2.15349e-27 4.5901e-27 8.33084e-22 4.95466e-17 6.77462e-13 2.12961e-09 1.53908e-06 0.000255715 0.00976814 0.0857843 0.173208 0.0814702 0.0371521 0.174704 0.245812 0.0920643 0.0512285 0.0372529 0.00909051 0.00186332 0.000309974 3.16144e-05 2.54601e-06 2.43254e-07
 2.13577e-27 2.15e-27 4.21794e-27 7.06827e-22 4.20376e-17 5.7479e-13 1.80686e-09 1.30582e-06 0.00021696 0.00828774 0.0727834 0.14696 0.0693886 0.0385735 0.191292 0.269176 0.100071 0.0534417 0.0385395 0.00919285 0.00176959 0.000278875 2.53192e-05 1.48995e-06 5.34878e-08
 2.13471e-27 2.1475e-27 3.96753e-27 6.21954e-22 3.69899e-17 5.05771e-13 1.5899e-09 1.14902e-06 0.000190909 0.00729258 0.0640439 0.129315 0.0612124 0.0380787 0.193591 0.272665 0.104718 0.066064 0.0487589 0.0115408 0.0021661 0.000331976 2.83732e-05 1.51835e-06 4.17883e-08
 2.13775e-27 2.15497e-27 4.75944e-27 8.90589e-22 5.29667e-17 7.24225e-13 2.27661e-09 1.64531e-06 0.000273366 0.0104424 0.0917058 0.185163 0.0869339 0.0354679 0.16082 0.226443 0.0879746 0.0584629 0.0434915 0.0104495 0.00203411 0.000310284 2.54831e-05 1.29491e-06 3.28905e-08
 2.14021e-27 2.16086e-27 5.3609e-27 1.09451e-21 6.50948e-17 8.90055e-13 2.7979e-09 2.02205e-06 0.00033596 0.0128335 0.112704 0.227558 0.106533 0.0354573 0.147976 0.207957 0.0762015 0.0373435 0.0266789 0.00670587 0.00145954 0.000232685 1.9812e-05 1.00678e-06 2.45984e-08
 2.13557e-27 2.14937e-27 4.13391e-27 6.78242e-22 4.03376e-17 5.51544e-13 1.73379e-09 1.25301e-06 0.000208186 0.00795257 0.0698399 0.141018 0.0667089 0.0403751 0.204081 0.286929 0.102601 0.0424674 0.0292306 0.00698143 0.00136079 0.000222387 2.11414e-05 1.15464e-06 2.90601e-08
 2.13627e-27 2.15131e-27 4.36912e-27 7.58173e-22 4.50914e-17 6.16544e-13 1.93811e-09 1.40068e-06 0.000232721 0.00888978 0.0780706 0.157634 0.0742621 0.0369384 0.178094 0.250789 0.0965679 0.0616348 0.0452637 0.00992705 0.00146681 0.000208508 1.79692e-05 9.93858e-07 2.71644e-08
 2.14016e-27 2.16073e-27 5.34601e-27 1.08945e-21 6.4794e-17 8.85943e-13 2.78497e-09 2.01271e-06 0.000334408 0.0127742 0.112183 0.226506 0.106051 0.0355617 0.148931 0.209304 0.0767202 0.0376558 0.0266853 0.00610924 0.00103121 0.000140225 9.39229e-06 4.2004e-07 1.0602e-08
 2.13766e-27 2.15449e-27 4.67311e-27 8.61137e-22 5.12151e-17 7.00275e-13 2.20132e-09 1.5909e-06 0.000264326 0.0100971 0.0886731 0.179041 0.0842295 0.0388239 0.183151 0.257373 0.0914067 0.0358586 0.024323 0.00561911 0.00098508 0.000142224 1.0655e-05 4.62387e-07 9.50859e-09
 2.13611e-27 2.1508e-27 4.29652e-27 7.33458e-22 4.36215e-17 5.96446e-13 1.87494e-09 1.35502e-06 0.000225135 0.00859999 0.0755256 0.152496 0.0719561 0.038783 0.190903 0.268554 0.0988608 0.0498078 0.0353104 0.0077003 0.00111267 0.00015198 1.17815e-05 5.49186e-07 1.20075e-08
 2.13571e-27 2.14979e-27 4.18747e-27 6.96453e-22 4.14206e-17 5.66353e-13 1.78034e-09 1.28666e-06 0.000213776 0.0081661 0.0717151 0.144803 0.068422 0.0393861 0.196903 0.276971 0.101294 0.0489975 0.0344751 0.00746751 0.00104288 0.000131998 8.59097e-06 3.6037e-07 8.0332e-09
 2.13669e-27 2.15218e-27 4.4409e-27 7.82422e-22 4.65336e-17 6.36264e-13 2.0001e-09 1.44548e-06 0.000240164 0.00917412 0.0805676 0.162676 0.0766533 0.0385441 0.186376 0.262129 0.0959939 0.0468214 0.0329189 0.0069337 0.00086098 0.000102429 6.31435e-06 2.36782e-07 4.56199e-09
 2.13757e-27 2.15431e-27 4.66176e-27 8.57321e-22 5.09881e-17 6.97172e-13 2.19157e-09 1.58385e-06 0.000263155 0.0100523 0.0882801 0.178247 0.0838393 0.0382011 0.179589 0.252481 0.0914746 0.0415901 0.0288995 0.00616864 0.00080996 9.67473e-05 5.53903e-06 1.90452e-07 3.39899e-09
 2.13649e-27 2.15166e-27 4.37841e-27 7.6119e-22 4.52708e-17 6.18998e-13 1.94583e-09 1.40626e-06 0.000233647 0.00892517 0.0783813 0.158262 0.074643 0.0393532 0.192645 0.270855 0.097556 0.0425686 0.0293498 0.00628145 0.000836054 0.000101826 6.08567e-06 2.12437e-07 3.58285e-09
 2.13689e-27 2.15269e-27 4.4971e-27 8.01496e-22 4.7668e-17 6.51775e-13 2.04886e-09 1.48072e-06 0.000246019 0.00939777 0.0825317 0.166641 0.0784718 0.0381519 0.182787 0.257104 0.0946886 0.0478314 0.0338636 0.00721938 0.000943375 0.000114351 6.92523e-06 2.48345e-07 4.32439e-09
 2.1362e-27 2.15097e-27 4.31127e-27 7.38442e-22 4.39179e-17 6.00499e-13 1.88768e-09 1.36423e-06 0.000226665 0.00865843 0.0760388 0.153533 0.0724475 0.0391138 0.19261 0.270889 0.0987229 0.0466889 0.032743 0.00715713 0.0010323 0.000129734 7.77186e-06 2.76432e-07 4.86942e-09
 2.13713e-27 2.15333e-27 4.57046e-27 8.26408e-22 4.91496e-17 6.72033e-13 2.11255e-09 1.52674e-06 0.000253666 0.00968987 0.085097 0.17182 0.0808392 0.0374334 0.17684 0.248801 0.0928455 0.0506195 0.0363775 0.00802033 0.00119522 0.000155932 1.01247e-05 3.83483e-07 6.79565e-09
 2.1379e-27 2.15514e-27 4.75004e-27 8.8727e-22 5.27693e-17 7.21526e-13 2.26813e-09 1.63918e-06 0.000272348 0.0104035 0.091364 0.184473 0.0867066 0.0379046 0.175902 0.247276 0.0895264 0.040519 0.0282317 0.00629824 0.000980918 0.000130565 8.65315e-06 3.4231e-07 6.47953e-09
 2.13661e-27 2.15194e-27 4.4083e-27 7.71331e-22 4.58739e-17 6.27244e-13 1.97175e-09 1.42499e-06 0.00023676 0.00904407 0.0794255 0.16037 0.0756137 0.0392466 0.191359 0.269041 0.0968939 0.0422553 0.0291628 0.0063295 0.000895418 0.000116566 8.02081e-06 3.29171e-07 6.41851e-09
 2.13706e-27 2.1531e-27 4.53859e-27 8.15565e-22 4.85047e-17 6.63216e-13 2.08483e-09 1.50671e-06 0.000250338 0.00956273 0.0839804 0.169566 0.0798226 0.0381143 0.181675 0.255518 0.093864 0.0466787 0.0329499 0.00699776 0.000901318 0.000109878 6.98902e-06 2.7488e-07 5.47737e-09
 2.13666e-27 2.1521e-27 4.43045e-27 7.7887e-22 4.63223e-17 6.33375e-13 1.99102e-09 1.43892e-06 0.000239074 0.00913246 0.0802018 0.161937 0.0763181 0.0387121 0.187624 0.263858 0.0961855 0.0455677 0.0319875 0.00704758 0.00104587 0.000132667 7.93968e-06 2.86745e-07 5.32953e-09
 2.13638e-27 2.15143e-27 4.36114e-27 7.55365e-22 4.49244e-17 6.14261e-13 1.93094e-09 1.39549e-06 0.000231859 0.00885687 0.0777815 0.157051 0.0740632 0.0388229 0.189773 0.266913 0.0976175 0.0472268 0.0332446 0.00724021 0.00103401 0.000133387 8.77302e-06 3.35615e-07 5.9767e-09
 2.13723e-27 2.15347e-27 4.57291e-27 8.27181e-22 4.91956e-17 6.72662e-13 2.11452e-09 1.52817e-06 0.000253903 0.00969893 0.0851765 0.171981 0.0809544 0.0385191 0.183418 0.257879 0.093378 0.0422919 0.0293456 0.00621078 0.000789377 9.548e-05 6.01527e-06 2.30799e-07 4.37972e-09
 2.13855e-27 2.15669e-27 4.90968e-27 9.41399e-22 5.59886e-17 7.65544e-13 2.4065e-09 1.73918e-06 0.000288963 0.0110382 0.0969378 0.195727 0.091905 0.0377914 0.171819 0.241447 0.0864453 0.0360974 0.0246262 0.00516646 0.000630859 7.31533e-05 4.23877e-06 1.48903e-07 2.71517e-09
#obs catch len freq
 4.09083e-40 2.00218e-33 2.25288e-27 5.82799e-22 3.46612e-17 4.7393e-13 1.4898e-09 1.07668e-06 0.000178892 0.00683346 0.0600115 0.121173 0.0573656 0.0358664 0.182535 0.257357 0.102785 0.0766964 0.0611017 0.0237266 0.0103718 0.00318018 0.000710836 9.79922e-05 6.96349e-06
 4.2056e-40 2.05835e-33 2.31609e-27 5.9915e-22 3.56337e-17 4.87226e-13 1.5316e-09 1.10689e-06 0.000183911 0.00702518 0.0616951 0.124573 0.0589532 0.0362914 0.184106 0.259489 0.102457 0.073092 0.0576828 0.021724 0.00923294 0.00279397 0.00061295 8.20267e-05 5.60331e-06
 5.71556e-40 2.79737e-33 3.14764e-27 8.14266e-22 4.84274e-17 6.62158e-13 2.0815e-09 1.5043e-06 0.000249942 0.00954747 0.0838458 0.169294 0.0795843 0.0351073 0.163399 0.230156 0.0901736 0.0623022 0.048749 0.0177261 0.00723467 0.00211526 0.000450782 5.90456e-05 3.9238e-06
 5.20584e-40 2.5479e-33 2.86693e-27 7.41649e-22 4.41086e-17 6.03106e-13 1.89587e-09 1.37015e-06 0.000227652 0.00869601 0.0763684 0.154198 0.072725 0.0383024 0.187453 0.263664 0.096616 0.0474645 0.0352353 0.0124542 0.00490216 0.00137435 0.000279299 3.52713e-05 2.28174e-06
 6.06546e-40 2.96862e-33 3.34034e-27 8.64115e-22 5.13922e-17 7.02695e-13 2.20893e-09 1.5964e-06 0.000265244 0.010132 0.0889789 0.179658 0.0844335 0.0366455 0.169665 0.238707 0.0894499 0.0499681 0.0369779 0.0107415 0.00331487 0.000870701 0.00016818 2.01805e-05 1.25119e-06
 5.46385e-40 2.67417e-33 3.00902e-27 7.78406e-22 4.62947e-17 6.32997e-13 1.98983e-09 1.43805e-06 0.000238935 0.009127 0.0801533 0.16184 0.0762705 0.0386345 0.187178 0.26319 0.09534 0.0433945 0.0312293 0.00958239 0.00304194 0.000662863 0.00010322 1.13382e-05 6.65529e-07
 4.04574e-40 1.98011e-33 2.22805e-27 5.76376e-22 3.42792e-17 4.68707e-13 1.47338e-09 1.06482e-06 0.000176921 0.00675815 0.0593501 0.119839 0.0568931 0.0397119 0.206414 0.290495 0.107595 0.0562946 0.0410589 0.01142 0.00317789 0.000701207 0.000103156 9.29518e-06 4.67436e-07
 3.91629e-40 1.91675e-33 2.15676e-27 5.57933e-22 3.31824e-17 4.53709e-13 1.42624e-09 1.03075e-06 0.00017126 0.0065419 0.057451 0.116004 0.0550391 0.0375515 0.194381 0.273931 0.107142 0.0733776 0.0559087 0.0164702 0.00488873 0.000995363 0.00013228 1.13307e-05 5.00039e-07
 9.76128e-40 4.77747e-33 5.37569e-27 1.39064e-21 8.27065e-17 1.13086e-12 3.55487e-09 2.56912e-06 0.000426862 0.0163056 0.143196 0.289119 0.134835 0.0312003 0.103434 0.145341 0.056332 0.0371374 0.0286433 0.00970399 0.00345699 0.000755979 0.000102488 8.12098e-06 3.28888e-07
 6.91979e-40 3.38676e-33 3.81083e-27 9.85827e-22 5.86308e-17 8.01671e-13 2.52006e-09 1.82125e-06 0.000302603 0.0115591 0.101512 0.204962 0.0962332 0.0393419 0.178499 0.250467 0.0841749 0.0179052 0.0101748 0.00332726 0.00119024 0.000297176 4.73659e-05 4.00521e-06 1.58804e-07
 3.03833e-40 1.48705e-33 1.67325e-27 4.32855e-22 2.57435e-17 3.51996e-13 1.1065e-09 7.99672e-07 0.000132866 0.00507533 0.0445716 0.090003 0.0432367 0.0433784 0.237789 0.33437 0.118366 0.045193 0.0302639 0.00647259 0.000928203 0.000184915 3.0792e-05 2.98634e-06 1.32381e-07
 8.60183e-40 4.21e-33 4.73716e-27 1.22546e-21 7.28826e-17 9.96538e-13 3.13262e-09 2.26395e-06 0.000376159 0.0143688 0.126187 0.254778 0.118962 0.0312848 0.1143 0.160997 0.0665608 0.0558786 0.0428222 0.0107919 0.00232001 0.000341168 2.68742e-05 2.00607e-06 9.46789e-08
 7.94207e-40 3.88709e-33 4.37382e-27 1.13147e-21 6.72925e-17 9.20103e-13 2.89235e-09 2.09031e-06 0.000347308 0.0132667 0.116508 0.235239 0.110161 0.0374671 0.157928 0.221534 0.074796 0.0170831 0.0102196 0.00375499 0.00140528 0.000261379 2.49176e-05 1.2925e-06 3.58836e-08
 4.83588e-40 2.36683e-33 2.66319e-27 6.88942e-22 4.0974e-17 5.60245e-13 1.76114e-09 1.27278e-06 0.000211474 0.00807802 0.0709412 0.143242 0.0677878 0.0417179 0.211606 0.297282 0.102773 0.0314099 0.0198211 0.00429069 0.000666305 0.000146649 2.26016e-05 1.53336e-06 4.22355e-08
 5.20557e-40 2.54777e-33 2.86679e-27 7.41611e-22 4.41064e-17 6.03075e-13 1.89577e-09 1.37008e-06 0.000227641 0.00869557 0.0763645 0.154191 0.072717 0.0381852 0.186742 0.262772 0.0979454 0.0530741 0.0382917 0.00894191 0.00160152 0.000228887 1.94733e-05 1.48711e-06 5.76819e-08
 3.74638e-40 1.83359e-33 2.06319e-27 5.33727e-22 3.17427e-17 4.34025e-13 1.36436e-09 9.86026e-07 0.00016383 0.00625808 0.0549585 0.110973 0.0528394 0.0409201 0.216462 0.304517 0.110621 0.0512952 0.0368129 0.0106566 0.00298319 0.000495973 4.11819e-05 2.06066e-06 5.93563e-08
 7.24322e-40 3.54505e-33 3.98895e-27 1.0319e-21 6.13712e-17 8.39141e-13 2.63784e-09 1.90638e-06 0.000316747 0.0120993 0.106256 0.21454 0.10047 0.0342395 0.144465 0.203325 0.0788822 0.0521377 0.0392053 0.010635 0.00279055 0.000563415 6.73789e-05 3.95294e-06 9.84482e-08
 4.81193e-40 2.35511e-33 2.65e-27 6.85531e-22 4.07711e-17 5.57471e-13 1.75242e-09 1.26647e-06 0.000210426 0.00803802 0.0705899 0.142533 0.067455 0.0415859 0.211013 0.296437 0.102303 0.0307532 0.020075 0.00641607 0.00211183 0.000421339 5.12156e-05 3.73173e-06 1.20751e-07
 5.52516e-40 2.70418e-33 3.04279e-27 7.87141e-22 4.68142e-17 6.401e-13 2.01216e-09 1.45419e-06 0.000241616 0.00922942 0.0810527 0.163656 0.0770795 0.0378229 0.181677 0.255612 0.095131 0.0511072 0.0368023 0.00856513 0.00162958 0.000339418 4.87736e-05 3.70896e-06 1.32105e-07
 6.04314e-40 2.9577e-33 3.32805e-27 8.60935e-22 5.1203e-17 7.00109e-13 2.2008e-09 1.59052e-06 0.000264267 0.0100947 0.0886515 0.178998 0.0841848 0.0381596 0.179107 0.251764 0.0906299 0.0394576 0.0279636 0.0080627 0.00224417 0.00037769 3.66827e-05 2.77746e-06 1.0969e-07
 4.72452e-40 2.31232e-33 2.60186e-27 6.73078e-22 4.00304e-17 5.47344e-13 1.72058e-09 1.24347e-06 0.000206604 0.007892 0.0693076 0.139943 0.0662164 0.0404805 0.205047 0.288267 0.102725 0.0414264 0.0286176 0.0075531 0.00189054 0.000377161 4.52266e-05 2.83332e-06 9.00604e-08
 7.16922e-40 3.50884e-33 3.9482e-27 1.02136e-21 6.07442e-17 8.30567e-13 2.61089e-09 1.8869e-06 0.000313511 0.0119757 0.105171 0.212349 0.0995106 0.0356764 0.153897 0.216394 0.0804321 0.0429225 0.0311522 0.00797905 0.00184524 0.000337918 3.93806e-05 2.8381e-06 9.46521e-08
 4.92636e-40 2.41111e-33 2.71302e-27 7.01833e-22 4.17407e-17 5.70728e-13 1.79409e-09 1.29659e-06 0.00021543 0.00822916 0.0722686 0.145922 0.0690093 0.0412536 0.207964 0.292181 0.101387 0.0322617 0.0211669 0.00607542 0.00171416 0.000314667 3.37558e-05 2.2764e-06 7.82388e-08
 5.93059e-40 2.90261e-33 3.26607e-27 8.44901e-22 5.02494e-17 6.8707e-13 2.15981e-09 1.5609e-06 0.000259346 0.00990667 0.0870004 0.175664 0.0826149 0.037396 0.175451 0.246804 0.0915728 0.0483529 0.0347807 0.00823877 0.001611 0.000305125 3.78573e-05 2.56571e-06 8.26061e-08
 6.2218e-40 3.04514e-33 3.42644e-27 8.86387e-22 5.27168e-17 7.20807e-13 2.26586e-09 1.63754e-06 0.00027208 0.0103931 0.0912723 0.184289 0.0866343 0.0382436 0.178025 0.250179 0.0892602 0.0363569 0.025395 0.00728154 0.00201728 0.000343577 3.29522e-05 2.23543e-06 7.75513e-08
 4.77993e-40 2.33945e-33 2.63238e-27 6.80972e-22 4.05e-17 5.53764e-13 1.74076e-09 1.25805e-06 0.000209027 0.00798457 0.0701205 0.141585 0.0669753 0.0404821 0.204562 0.287572 0.102329 0.0407898 0.0280427 0.00723342 0.00172971 0.000340882 4.0858e-05 2.55493e-06 7.7012e-08
 5.24755e-40 2.56831e-33 2.88991e-27 7.47591e-22 4.44621e-17 6.07938e-13 1.91106e-09 1.38113e-06 0.000229476 0.00876569 0.0769803 0.155434 0.0732933 0.038225 0.186609 0.262551 0.0973762 0.0513201 0.0371563 0.00946899 0.00215775 0.000385155 4.31919e-05 3.06606e-06 1.0182e-07
 5.66169e-40 2.771e-33 3.11798e-27 8.06591e-22 4.7971e-17 6.55917e-13 2.06188e-09 1.49012e-06 0.000247586 0.00945748 0.0830556 0.1677 0.0789695 0.0383706 0.183801 0.25844 0.0938151 0.0432898 0.0309967 0.00887077 0.00248122 0.000452098 4.75767e-05 3.10928e-06 1.03824e-07
#spawning biomass
 6387.23 4803.68 5446.43 6772.1 8361.08 10017.2 10407.4 9308.46 13318.8 22997.4 23880.9 23911.7 40362.3 52217 44966.6 35363.3 33371.2 35758.7 35411.8 34856.4 35691.1 37790.9 44180.9 43906.6 46228.4 46105.3 40347.9 40998.4 46609.3 30568.9 5088.38 2725.94 2720.56 2720.55 2720.55 2720.55 2720.55 2720.55 2720.55 2720.55 2720.55 2720.55 2720.55 2720.55 2720.55 2720.55 2720.55 2720.55 2720.55 2720.55 2720.55 2720.55 2720.55 2720.55 2720.55 2720.55 2720.55 2720.55 2720.55 2720.55 2720.55 2720.55 2720.55 2720.55 2720.55 2720.55 2720.55 2720.55 2720.55 2720.55 2720.55 2720.55 2720.55 2720.55 2720.55 2720.55 2720.55 2720.55 2720.55 2720.55 2720.55 2720.55 2720.55 2720.55 2720.55 2720.55 2720.55 2720.55 2720.55 2720.55 2720.55 2720.55 2720.55 2720.55 2720.55 2720.55 2720.55 2720.55 2720.55 2720.55 2720.55 2720.55 2720.55 2720.55 2720.55 2720.55 2720.55 2720.55 2720.55 2720.55 2720.55 2720.55 2720.55 2720.55 2720.55 2720.55 2720.55 2720.55 2720.55 2720.55 2720.55 2720.55 2720.55 2720.55 2720.55 2720.55 2720.55 2720.55 0 0 0 0 0 0 0 0 0 0 0 0 0 0 0 0 0 0 0 0 0 0 0 0 0
