SBPRF35
0.00939849
Curr Bio
139133
B35
43361.3
F35
10.0155
FOFL
10.0155
OFL
360411
Bzero
2685.26
#pred survey bio
 11301.8 7185.8 7254.74 7211.08 10627.1 15209.7 17515.3 22688.5 39909.4 59542.9 73234.6 89727.4 112491 129728 123726 115761 115309 117176 116516 122720 128348 132467 128589 140924 160999 173183 162204 151688 3.42526e+06 688043 142360 55750 38614.2 35586.5 35095.4 35018.4 35006.4 35004.6 35004.3 35004.2 35004.2 35004.2 35004.2 35004.2 35004.2 35004.2 35004.2 35004.2 35004.2 35004.2 35004.2 35004.2 35004.2 35004.2 35004.2 35004.2 35004.2 35004.2 35004.2 35004.2 35004.2 35004.2 35004.2 35004.2 35004.2 35004.2 35004.2 35004.2 35004.2 35004.2 35004.2 35004.2 35004.2 35004.2 35004.2 35004.2 35004.2 35004.2 35004.2 35004.2 35004.2 35004.2 35004.2 35004.2 35004.2 35004.2 35004.2 35004.2 35004.2 35004.2 35004.2 35004.2 35004.2 35004.2 35004.2 35004.2 35004.2 35004.2 35004.2 35004.2 35004.2 35004.2 35004.2 35004.2 35004.2 35004.2 35004.2 35004.2 35004.2 35004.2 35004.2 35004.2 35004.2 35004.2 35004.2 35004.2 35004.2 35004.2 35004.2 35004.2 35004.2 35004.2 35004.2 35004.2 35004.2 35004.2 35004.2 35004.2 0 0 0 0 0 0 0 0 0 0 0 0 0 0 0 0 0 0 0 0 0 0 0 0 0
#obs survey bio
 8818.12 7803.85 6155.42 7438.73 14896 16741.5 17316.8 20447.4 60136.1 57150.6 48403.9 93164.7 120446 108921 93773 132655 104750 167542 80282.3 135398 145037 149594 111198 129619 129809 207715 149194 189226
#pred catch bio
 6550.39 4839.49 6318.26 5749.75 6152.68 9509.11 11265.1 11381.2 18408.7 33648.4 47996 62048 76701.1 105979 108223 101798 87251.2 81964 82325.2 88313.7 79395.8 94763.9 90825.9 100680 98656.9 119009 117565 107699 360411 39985.3 4256.16 3852.32 3852.11 3852.11 3852.11 3852.11 3852.11 3852.11 3852.11 3852.11 3852.11 3852.11 3852.11 3852.11 3852.11 3852.11 3852.11 3852.11 3852.11 3852.11 3852.11 3852.11 3852.11 3852.11 3852.11 3852.11 3852.11 3852.11 3852.11 3852.11 3852.11 3852.11 3852.11 3852.11 3852.11 3852.11 3852.11 3852.11 3852.11 3852.11 3852.11 3852.11 3852.11 3852.11 3852.11 3852.11 3852.11 3852.11 3852.11 3852.11 3852.11 3852.11 3852.11 3852.11 3852.11 3852.11 3852.11 3852.11 3852.11 3852.11 3852.11 3852.11 3852.11 3852.11 3852.11 3852.11 3852.11 3852.11 3852.11 3852.11 3852.11 3852.11 3852.11 3852.11 3852.11 3852.11 3852.11 3852.11 3852.11 3852.11 3852.11 3852.11 3852.11 3852.11 3852.11 3852.11 3852.11 3852.11 3852.11 3852.11 3852.11 3852.11 3852.11 3852.11 3852.11 3852.11 3852.11 3852.11 0 0 0 0 0 0 0 0 0 0 0 0 0 0 0 0 0 0 0 0 0 0 0 0 0
#obs catch bio
 5036.33 4837.18 6356.56 5807.47 6129.21 9473.91 11263.9 11355.3 18255.2 33350 47761.4 61875.7 76094 105690 109091 103307 87614.7 81336.9 82739.5 88696.1 78952.1 94120.6 91082 101549 98676.1 119156 118433 107791
#pred cpue bio
 11638 7053.67 7145.13 7064.54 10199 14770.8 17208.7 22040.3 38307 57875.3 71750.9 87487 109463 127080 122075 113856 112946 115339 115030 120472 126154 130891 126942 137936 157377 170830 160907 149963 3.37812e+06 743972 156688 56677.9 37370.4 34125.8 33617.8 33539.6 33527.6 33525.7 33525.5 33525.4 33525.4 33525.4 33525.4 33525.4 33525.4 33525.4 33525.4 33525.4 33525.4 33525.4 33525.4 33525.4 33525.4 33525.4 33525.4 33525.4 33525.4 33525.4 33525.4 33525.4 33525.4 33525.4 33525.4 33525.4 33525.4 33525.4 33525.4 33525.4 33525.4 33525.4 33525.4 33525.4 33525.4 33525.4 33525.4 33525.4 33525.4 33525.4 33525.4 33525.4 33525.4 33525.4 33525.4 33525.4 33525.4 33525.4 33525.4 33525.4 33525.4 33525.4 33525.4 33525.4 33525.4 33525.4 33525.4 33525.4 33525.4 33525.4 33525.4 33525.4 33525.4 33525.4 33525.4 33525.4 33525.4 33525.4 33525.4 33525.4 33525.4 33525.4 33525.4 33525.4 33525.4 33525.4 33525.4 33525.4 33525.4 33525.4 33525.4 33525.4 33525.4 33525.4 33525.4 33525.4 33525.4 33525.4 33525.4 33525.4 0 0 0 0 0 0 0 0 0 0 0 0 0 0 0 0 0 0 0 0 0 0 0 0 0
#obs cpue bio
 8500.49 8334.15 6607.48 5339.06 10135.9 15511.2 16153 24464.5 42594.2 69294.5 90649.4 85472.9 130111 137228 98967.1 77494.8 140100 140287 85164.8 128332 150640 147334 85949.8 122043 230481 150250 127835 148886
#pred surv len freq
 2.14471e-27 2.16967e-27 6.19154e-27 1.37613e-21 8.1844e-17 1.11907e-12 3.51781e-09 2.54233e-06 0.000422405 0.0161356 0.141704 0.286103 0.133192 0.0245657 0.0638274 0.0898016 0.0393042 0.0394659 0.037124 0.0285405 0.0257476 0.0228541 0.0228107 0.0201596 0.00824004
 2.14892e-27 2.18218e-27 7.61714e-27 1.85988e-21 1.10614e-16 1.51245e-12 4.75442e-09 3.43603e-06 0.000570891 0.0218077 0.191516 0.386674 0.179799 0.0275435 0.0517059 0.0721912 0.0272136 0.0157489 0.0124064 0.00555991 0.0031471 0.0017313 0.00117886 0.000863614 0.000339114
 2.14804e-27 2.18004e-27 7.38481e-27 1.78103e-21 1.05925e-16 1.44833e-12 4.55285e-09 3.29035e-06 0.000546688 0.0208831 0.183396 0.370281 0.172291 0.0294254 0.0681354 0.0952245 0.033739 0.0130038 0.00902489 0.00274703 0.000909331 0.00025899 8.1473e-05 3.6573e-05 1.24355e-05
 2.14868e-27 2.18163e-27 7.55493e-27 1.83875e-21 1.09358e-16 1.49527e-12 4.7004e-09 3.39699e-06 0.000564405 0.0215599 0.18934 0.382281 0.17781 0.0286655 0.0598804 0.0836313 0.0302452 0.0135933 0.00953082 0.00232301 0.000477963 8.24059e-05 9.99703e-06 1.43746e-06 2.85595e-07
 2.1505e-27 2.1861e-27 8.02736e-27 1.999e-21 1.18888e-16 1.62559e-12 5.11005e-09 3.69305e-06 0.000613594 0.0234389 0.205841 0.415596 0.193157 0.0272004 0.040895 0.0568361 0.0203097 0.00836945 0.00580551 0.00151888 0.000355549 5.4065e-05 3.98773e-06 2.07961e-07 1.01124e-08
 2.1493e-27 2.18313e-27 7.70892e-27 1.89096e-21 1.12463e-16 1.53773e-12 4.83387e-09 3.49345e-06 0.000580431 0.0221721 0.194716 0.393135 0.182826 0.0285918 0.0561588 0.0782998 0.027187 0.00870453 0.00567668 0.00151054 0.000370991 6.1314e-05 5.21415e-06 2.40622e-07 5.07571e-09
 2.14832e-27 2.18073e-27 7.4579e-27 1.80582e-21 1.07399e-16 1.46849e-12 4.61623e-09 3.33616e-06 0.000554298 0.0211738 0.18595 0.375436 0.174663 0.0291341 0.0648039 0.0905483 0.0323758 0.0133948 0.0092258 0.00222153 0.000439773 6.99369e-05 6.16385e-06 3.07444e-07 6.76144e-09
 2.14953e-27 2.18373e-27 7.77889e-27 1.91472e-21 1.13876e-16 1.55705e-12 4.89461e-09 3.53735e-06 0.000587725 0.0224507 0.197163 0.398075 0.185081 0.0278358 0.0500544 0.0697871 0.0254343 0.0120468 0.0085935 0.00226201 0.000535799 8.23302e-05 6.10962e-06 2.79542e-07 6.28921e-09
 2.15048e-27 2.18604e-27 8.02109e-27 1.99687e-21 1.18762e-16 1.62386e-12 5.10461e-09 3.68912e-06 0.000612942 0.0234139 0.205622 0.415154 0.192955 0.0272477 0.041317 0.0574235 0.0204103 0.0080714 0.005606 0.00162044 0.000456038 7.84417e-05 6.91478e-06 3.27041e-07 6.67426e-09
 2.14925e-27 2.18301e-27 7.69692e-27 1.88689e-21 1.12221e-16 1.53442e-12 4.82347e-09 3.48594e-06 0.000579183 0.0221244 0.194298 0.39229 0.182434 0.0285703 0.0562818 0.0784839 0.0273978 0.00924936 0.00612992 0.00165077 0.000421585 7.73785e-05 8.09044e-06 4.45693e-07 1.03726e-08
 2.14863e-27 2.1815e-27 7.54029e-27 1.83378e-21 1.09062e-16 1.49123e-12 4.68769e-09 3.38781e-06 0.000562879 0.0215016 0.188828 0.381247 0.177337 0.0288033 0.0610328 0.0852393 0.0305894 0.0130102 0.00903742 0.00224208 0.000477939 7.90164e-05 7.48804e-06 4.27564e-07 1.13517e-08
 2.14914e-27 2.18277e-27 7.67599e-27 1.87981e-21 1.118e-16 1.52866e-12 4.80537e-09 3.47285e-06 0.00057701 0.0220414 0.193568 0.390818 0.181742 0.0282639 0.0548551 0.076541 0.027642 0.0123081 0.0086853 0.00230414 0.000555966 8.75021e-05 6.87725e-06 3.34926e-07 8.21314e-09
 2.14925e-27 2.18302e-27 7.70069e-27 1.88818e-21 1.12298e-16 1.53547e-12 4.82677e-09 3.48832e-06 0.000579579 0.0221395 0.19443 0.392558 0.18255 0.0283477 0.0548423 0.0764923 0.0272069 0.0108127 0.00745786 0.00199681 0.000494187 8.14068e-05 6.891e-06 3.22911e-07 6.75509e-09
 2.1486e-27 2.18141e-27 7.52959e-27 1.83014e-21 1.08846e-16 1.48827e-12 4.6784e-09 3.38109e-06 0.000561763 0.021459 0.188454 0.380491 0.176993 0.0289402 0.0620964 0.0867193 0.0308473 0.0122647 0.00842474 0.00216237 0.000494324 8.08945e-05 7.05411e-06 3.47298e-07 7.57588e-09
 2.1479e-27 2.17969e-27 7.34891e-27 1.76885e-21 1.05201e-16 1.43843e-12 4.52172e-09 3.26786e-06 0.00054295 0.0207403 0.182143 0.36775 0.171122 0.0294611 0.0691169 0.0966358 0.0346341 0.0145889 0.0101181 0.00251971 0.000535263 8.21819e-05 6.42942e-06 2.99149e-07 6.54731e-09
 2.1483e-27 2.1807e-27 7.4569e-27 1.80549e-21 1.0738e-16 1.46823e-12 4.61539e-09 3.33555e-06 0.000554197 0.02117 0.185916 0.375367 0.174625 0.0289543 0.0637267 0.0890612 0.0322763 0.014718 0.0103768 0.0026028 0.000558805 8.36265e-05 6.01899e-06 2.53633e-07 5.02605e-09
 2.14865e-27 2.18155e-27 7.54586e-27 1.83567e-21 1.09174e-16 1.49276e-12 4.69251e-09 3.39129e-06 0.000563458 0.0215237 0.189022 0.38164 0.177518 0.0287905 0.0608365 0.08496 0.0304525 0.0128398 0.00893629 0.00230337 0.000524286 7.97324e-05 5.75741e-06 2.36316e-07 4.35464e-09
 2.14816e-27 2.18034e-27 7.41793e-27 1.79227e-21 1.06593e-16 1.45747e-12 4.58158e-09 3.31112e-06 0.000550138 0.0210149 0.184554 0.372618 0.173363 0.0292039 0.0660794 0.0923557 0.0331393 0.0140852 0.00981988 0.00253337 0.000580927 9.15243e-05 7.20514e-06 3.14618e-07 5.92562e-09
 2.14795e-27 2.17985e-27 7.36783e-27 1.77529e-21 1.05583e-16 1.44366e-12 4.53817e-09 3.27975e-06 0.000544925 0.0208158 0.182805 0.369087 0.171729 0.0291607 0.06688 0.093522 0.0340667 0.0160788 0.011459 0.00300863 0.000714356 0.000114398 9.28296e-06 4.26981e-07 8.68178e-09
 2.14855e-27 2.18132e-27 7.524e-27 1.82826e-21 1.08734e-16 1.48674e-12 4.6736e-09 3.37762e-06 0.000561187 0.0214369 0.18826 0.380101 0.176801 0.0286222 0.0602728 0.0842059 0.0307345 0.0146996 0.0105451 0.00288523 0.000739216 0.000121499 1.0142e-05 4.78378e-07 1.00421e-08
 2.14833e-27 2.18076e-27 7.46269e-27 1.80746e-21 1.07496e-16 1.46982e-12 4.6204e-09 3.33918e-06 0.000554799 0.021193 0.186118 0.375775 0.174815 0.0290157 0.0639788 0.0893976 0.0321291 0.013822 0.00971871 0.0026636 0.000688344 0.00011644 1.03241e-05 5.07358e-07 1.09396e-08
 2.14787e-27 2.17964e-27 7.34631e-27 1.76799e-21 1.05149e-16 1.43773e-12 4.51951e-09 3.26626e-06 0.000542685 0.0207302 0.182054 0.36757 0.171029 0.0292136 0.0676603 0.0946241 0.0344852 0.0163313 0.0116749 0.00314331 0.000789551 0.000135279 1.25455e-05 6.50971e-07 1.49691e-08
 2.14798e-27 2.17994e-27 7.378e-27 1.77874e-21 1.05788e-16 1.44647e-12 4.54699e-09 3.28612e-06 0.000545985 0.0208562 0.183161 0.369805 0.172057 0.0290704 0.0661123 0.0924472 0.0337845 0.0162877 0.0116998 0.00319884 0.000820962 0.00013743 1.21006e-05 6.20021e-07 1.46398e-08
 2.14883e-27 2.18201e-27 7.59694e-27 1.85301e-21 1.10205e-16 1.50686e-12 4.73684e-09 3.42333e-06 0.000568781 0.0217271 0.190808 0.385245 0.179171 0.0284049 0.0573958 0.0801439 0.0292061 0.0138284 0.00991145 0.00273732 0.000716219 0.000121689 1.08927e-05 5.49479e-07 1.25359e-08
 2.14884e-27 2.18202e-27 7.59537e-27 1.85246e-21 1.10173e-16 1.50642e-12 4.73545e-09 3.42232e-06 0.000568614 0.0217207 0.190752 0.385131 0.179127 0.0286478 0.0589127 0.0822405 0.0293816 0.0120905 0.00842002 0.00230038 0.000592337 0.000100964 9.17371e-06 4.69844e-07 1.07938e-08
 2.14797e-27 2.17988e-27 7.36948e-27 1.77584e-21 1.05616e-16 1.44411e-12 4.53958e-09 3.28077e-06 0.000545094 0.0208222 0.182862 0.369202 0.171787 0.0293011 0.0677025 0.0946547 0.0341035 0.0149344 0.0105006 0.00277861 0.000676521 0.000115081 1.06715e-05 5.59568e-07 1.32163e-08
 2.14747e-27 2.17867e-27 7.24432e-27 1.73339e-21 1.03092e-16 1.40959e-12 4.43107e-09 3.20235e-06 0.000532066 0.0203245 0.178491 0.360378 0.167714 0.029483 0.0714722 0.100013 0.0366035 0.0178106 0.0127817 0.00340763 0.000835227 0.000137508 1.19032e-05 6.05923e-07 1.43835e-08
 2.14789e-27 2.17971e-27 7.35537e-27 1.77107e-21 1.05332e-16 1.44023e-12 4.52738e-09 3.27195e-06 0.00054363 0.0207663 0.182371 0.36821 0.171318 0.0290255 0.0663188 0.0927596 0.0341839 0.0173607 0.012595 0.0034758 0.000904428 0.000150369 1.28586e-05 6.28581e-07 1.40804e-08
#obs surv len freq
 1.2339e-39 6.03907e-33 6.79526e-27 1.75787e-21 1.04547e-16 1.42949e-12 4.49362e-09 3.24755e-06 0.000539585 0.0206114 0.18101 0.365464 0.170059 0.0292874 0.0687458 0.0961391 0.0347817 0.0157109 0.0114755 0.0040307 0.00158471 0.000451199 9.32497e-05 1.1934e-05 7.85831e-07
 1.31508e-39 6.43639e-33 7.24233e-27 1.87352e-21 1.11425e-16 1.52354e-12 4.78927e-09 3.46121e-06 0.000575085 0.0219675 0.192919 0.389508 0.181135 0.0282274 0.0550279 0.0767865 0.0277307 0.0123709 0.00899952 0.00312191 0.00120955 0.000340287 6.88707e-05 8.53702e-06 5.41518e-07
 1.15861e-39 5.6706e-33 6.38065e-27 1.65061e-21 9.81682e-17 1.34227e-12 4.21945e-09 3.0494e-06 0.000506663 0.0193539 0.169966 0.343167 0.159809 0.0308412 0.0849509 0.118904 0.0417712 0.0149742 0.0103642 0.00356258 0.00136421 0.00037828 7.52585e-05 9.14038e-06 5.63338e-07
 1.3512e-39 6.61319e-33 7.44127e-27 1.92499e-21 1.14486e-16 1.56539e-12 4.92082e-09 3.55629e-06 0.000590882 0.0225709 0.198218 0.400206 0.186053 0.027478 0.0472286 0.0658396 0.024512 0.0132188 0.00978246 0.00298258 0.000989477 0.000266758 5.22182e-05 6.22769e-06 3.76005e-07
 1.39204e-39 6.81308e-33 7.66619e-27 1.98317e-21 1.17947e-16 1.61271e-12 5.06955e-09 3.66378e-06 0.000608742 0.0232531 0.204209 0.412302 0.191649 0.027563 0.0441021 0.0613097 0.0212314 0.00663289 0.00449184 0.00172803 0.000707577 0.000173689 3.02832e-05 3.48285e-06 2.06277e-07
 1.26876e-39 6.2097e-33 6.98725e-27 1.80754e-21 1.07501e-16 1.46988e-12 4.62058e-09 3.33931e-06 0.00055483 0.0211938 0.186124 0.375789 0.174844 0.0295904 0.0674834 0.0942336 0.0324136 0.00938821 0.00596866 0.0016966 0.000528813 0.000153891 2.99271e-05 3.16512e-06 1.74367e-07
 1.27534e-39 6.2419e-33 7.02349e-27 1.81691e-21 1.08058e-16 1.4775e-12 4.64455e-09 3.35663e-06 0.000557708 0.0213037 0.187089 0.377738 0.175721 0.0289522 0.063 0.0880116 0.0315519 0.0133257 0.00932961 0.0025511 0.000685542 0.000150077 2.56563e-05 2.9971e-06 1.66221e-07
 1.41642e-39 6.93238e-33 7.80042e-27 2.0179e-21 1.20012e-16 1.64094e-12 5.15832e-09 3.72793e-06 0.000619401 0.0236603 0.207785 0.419521 0.194965 0.0269924 0.0384425 0.0533743 0.0190091 0.00764557 0.00541578 0.00179449 0.000620291 0.00013113 1.79695e-05 1.69983e-06 9.22692e-08
 1.42125e-39 6.95602e-33 7.82702e-27 2.02478e-21 1.20421e-16 1.64654e-12 5.17591e-09 3.74064e-06 0.000621513 0.023741 0.208494 0.420952 0.195638 0.0272931 0.0398474 0.0552919 0.0188355 0.00486009 0.0030074 0.000969708 0.000342748 8.72332e-05 1.40528e-05 1.20298e-06 5.31353e-08
 1.35194e-39 6.61683e-33 7.44536e-27 1.92604e-21 1.14549e-16 1.56625e-12 4.92353e-09 3.55824e-06 0.000591207 0.0225834 0.198327 0.400427 0.18619 0.0283999 0.0527901 0.0735219 0.025096 0.00663289 0.00404578 0.00104962 0.000265702 6.40901e-05 1.12607e-05 1.12855e-06 5.13323e-08
 1.32056e-39 6.46323e-33 7.27253e-27 1.88134e-21 1.1189e-16 1.52989e-12 4.80924e-09 3.47565e-06 0.000577483 0.0220591 0.193723 0.391132 0.181902 0.0286437 0.0570799 0.0796069 0.0277659 0.00929533 0.0061288 0.00160492 0.000391525 7.50843e-05 1.01701e-05 1.00378e-06 5.0769e-08
 1.35899e-39 6.65131e-33 7.48416e-27 1.93608e-21 1.15146e-16 1.57441e-12 4.94919e-09 3.57679e-06 0.000594288 0.022701 0.199361 0.402513 0.187138 0.0279648 0.0495052 0.0689476 0.0242383 0.00873505 0.00594051 0.00173636 0.000508588 9.97422e-05 1.20307e-05 9.32389e-07 4.11622e-08
 1.33562e-39 6.53692e-33 7.35545e-27 1.90279e-21 1.13166e-16 1.54734e-12 4.86407e-09 3.51527e-06 0.000584068 0.0223106 0.195932 0.395591 0.183956 0.0284459 0.0545284 0.0760018 0.0263702 0.00838874 0.0055368 0.00168184 0.000533398 0.000118162 1.63476e-05 1.24056e-06 4.62156e-08
 1.2901e-39 6.31414e-33 7.10478e-27 1.83794e-21 1.09309e-16 1.4946e-12 4.6983e-09 3.39547e-06 0.000564163 0.0215503 0.189255 0.38211 0.177745 0.0290353 0.0621896 0.086815 0.0303858 0.0105188 0.00706005 0.00201718 0.000591986 0.000136075 2.08791e-05 1.79742e-06 7.11236e-08
 1.16783e-39 5.71571e-33 6.43141e-27 1.66374e-21 9.8949e-17 1.35295e-12 4.25301e-09 3.07366e-06 0.000510693 0.0195078 0.171318 0.345896 0.161061 0.0305897 0.0825936 0.115612 0.0410443 0.0160781 0.0111767 0.00332902 0.00102117 0.00022328 3.29584e-05 3.01288e-06 1.32617e-07
 1.26717e-39 6.20192e-33 6.9785e-27 1.80527e-21 1.07366e-16 1.46804e-12 4.6148e-09 3.33512e-06 0.000554135 0.0211673 0.185891 0.375318 0.174589 0.0285905 0.0615214 0.0860015 0.0318366 0.0166236 0.0123077 0.00392104 0.00132179 0.000303336 4.54167e-05 4.01629e-06 1.78772e-07
 1.23111e-39 6.02542e-33 6.7799e-27 1.7539e-21 1.04311e-16 1.42626e-12 4.48346e-09 3.24021e-06 0.000538365 0.0205649 0.1806 0.364638 0.169687 0.0295647 0.0706874 0.0988321 0.0351353 0.0139419 0.0100203 0.00378597 0.00154267 0.000388048 6.34114e-05 5.83328e-06 2.58685e-07
 1.27456e-39 6.23806e-33 7.01917e-27 1.81579e-21 1.07992e-16 1.4766e-12 4.64169e-09 3.35456e-06 0.000557365 0.0212906 0.186974 0.377506 0.175607 0.0287756 0.0619921 0.0866128 0.031341 0.0141651 0.0102331 0.00330149 0.00120873 0.000355278 6.91668e-05 7.0614e-06 3.33582e-07
 1.24224e-39 6.07992e-33 6.84122e-27 1.76976e-21 1.05254e-16 1.43916e-12 4.52402e-09 3.26951e-06 0.000543235 0.0207509 0.182234 0.367936 0.171207 0.0294269 0.0688523 0.0962476 0.0342598 0.013722 0.00976124 0.00337697 0.00127462 0.000332101 6.42602e-05 7.6381e-06 4.12365e-07
 1.25601e-39 6.14731e-33 6.91705e-27 1.78937e-21 1.06421e-16 1.45511e-12 4.57416e-09 3.30575e-06 0.000549256 0.0209809 0.184254 0.372014 0.173079 0.0290694 0.0654405 0.0914695 0.0329992 0.0146056 0.0105155 0.00340259 0.00121771 0.000330302 6.24004e-05 7.10477e-06 4.13411e-07
 1.27782e-39 6.25402e-33 7.03712e-27 1.82044e-21 1.08268e-16 1.48037e-12 4.65356e-09 3.36314e-06 0.000558791 0.0213451 0.187452 0.378471 0.176056 0.0288433 0.062114 0.0867626 0.0310895 0.0131044 0.00940958 0.00321666 0.00119974 0.000309294 5.69411e-05 6.47586e-06 3.6837e-07
 1.25941e-39 6.16395e-33 6.93577e-27 1.79422e-21 1.06709e-16 1.45905e-12 4.58654e-09 3.3147e-06 0.000550743 0.0210377 0.184753 0.373021 0.173549 0.0291834 0.0658329 0.0919932 0.0327836 0.0132479 0.00939326 0.00312655 0.00115141 0.000309811 5.75753e-05 6.33679e-06 3.54887e-07
 1.26316e-39 6.18229e-33 6.95641e-27 1.79956e-21 1.07026e-16 1.46339e-12 4.60019e-09 3.32457e-06 0.000552382 0.0211003 0.185303 0.374131 0.174057 0.0290411 0.0646299 0.0903141 0.032418 0.0138348 0.00989424 0.00321458 0.00114367 0.000300854 5.63018e-05 6.32703e-06 3.50377e-07
 1.26558e-39 6.19415e-33 6.96975e-27 1.80301e-21 1.07232e-16 1.4662e-12 4.60901e-09 3.33094e-06 0.000553441 0.0211407 0.185658 0.374848 0.174388 0.0290278 0.0643323 0.0898892 0.0321926 0.0135128 0.00966829 0.00323748 0.00118287 0.000303982 5.50511e-05 6.13181e-06 3.43268e-07
 1.26199e-39 6.17655e-33 6.94995e-27 1.79789e-21 1.06927e-16 1.46203e-12 4.59592e-09 3.32148e-06 0.000551868 0.0210807 0.18513 0.373783 0.173897 0.0290626 0.064866 0.0906448 0.0325033 0.0137686 0.00985886 0.00327454 0.00119581 0.000315304 5.7581e-05 6.25555e-06 3.43851e-07
 1.19444e-39 5.84598e-33 6.57799e-27 1.70166e-21 1.01204e-16 1.38379e-12 4.34994e-09 3.14371e-06 0.000522332 0.0199524 0.175222 0.353779 0.164682 0.0299718 0.0764452 0.106977 0.0384069 0.0164186 0.0117864 0.0039347 0.00144162 0.000378765 6.98421e-05 7.69522e-06 4.1932e-07
 1.20011e-39 5.87371e-33 6.60919e-27 1.70974e-21 1.01684e-16 1.39035e-12 4.37058e-09 3.15863e-06 0.00052481 0.0200471 0.176053 0.355457 0.165441 0.0295005 0.0730625 0.102274 0.0376308 0.0189563 0.0140399 0.00471565 0.00174015 0.000459416 8.4875e-05 9.39221e-06 5.16907e-07
 1.22719e-39 6.00625e-33 6.75832e-27 1.74831e-21 1.03979e-16 1.42172e-12 4.4692e-09 3.2299e-06 0.000536652 0.0204994 0.180026 0.363477 0.169136 0.0291635 0.0685877 0.0959486 0.0351469 0.0172392 0.0128823 0.0047782 0.00194412 0.000522247 9.72178e-05 1.08041e-05 5.96968e-07
#pred catch len freq
 2.1445e-27 2.16983e-27 6.24696e-27 1.39503e-21 8.29676e-17 1.13443e-12 3.56611e-09 2.57724e-06 0.000428204 0.0163571 0.143649 0.290031 0.135048 0.0256316 0.0691536 0.0972801 0.0418337 0.039991 0.0366062 0.0258449 0.021802 0.018075 0.0172319 0.0149509 0.00608373
 2.14878e-27 2.18185e-27 7.58152e-27 1.84779e-21 1.09895e-16 1.50262e-12 4.72352e-09 3.4137e-06 0.000567181 0.0216659 0.190271 0.384161 0.178649 0.0278683 0.0544463 0.0760357 0.0283498 0.0154542 0.0119272 0.00496571 0.00260197 0.00132975 0.000854564 0.000610629 0.000238365
 2.148e-27 2.17993e-27 7.371e-27 1.77634e-21 1.05646e-16 1.44451e-12 4.54085e-09 3.28169e-06 0.000545247 0.0208281 0.182913 0.369305 0.171848 0.0296381 0.0697282 0.0974444 0.0341845 0.0120855 0.00815919 0.00234089 0.000703741 0.000186802 5.43269e-05 2.33501e-05 7.85509e-06
 2.14858e-27 2.18137e-27 7.52643e-27 1.82907e-21 1.08782e-16 1.4874e-12 4.67566e-09 3.37912e-06 0.000561435 0.0214464 0.188344 0.380269 0.176889 0.028897 0.0618999 0.0864555 0.0309384 0.0128805 0.00886531 0.00208697 0.000391213 6.39627e-05 7.23922e-06 9.76245e-07 1.88414e-07
 2.15028e-27 2.18556e-27 7.96985e-27 1.97949e-21 1.17728e-16 1.60972e-12 5.06017e-09 3.657e-06 0.000607606 0.0232101 0.203832 0.41154 0.191291 0.0274483 0.043631 0.0606849 0.0215659 0.00850984 0.00582785 0.00147408 0.000321722 4.7478e-05 3.34138e-06 1.65862e-07 7.70822e-09
 2.14906e-27 2.18252e-27 7.64329e-27 1.86869e-21 1.11138e-16 1.51962e-12 4.77695e-09 3.45231e-06 0.000573597 0.021911 0.192424 0.388506 0.180697 0.0288915 0.0593834 0.0828334 0.028629 0.00873564 0.00559428 0.00143436 0.000327061 5.21769e-05 4.23435e-06 1.88961e-07 3.87777e-09
 2.14806e-27 2.18009e-27 7.38951e-27 1.78262e-21 1.06019e-16 1.44962e-12 4.55691e-09 3.29329e-06 0.000547176 0.0209017 0.18356 0.370612 0.172445 0.029463 0.0682656 0.0954126 0.033888 0.0133033 0.00903459 0.00211329 0.00038639 5.88987e-05 4.9407e-06 2.37925e-07 5.10932e-09
 2.14921e-27 2.18295e-27 7.69491e-27 1.88623e-21 1.12182e-16 1.53388e-12 4.82178e-09 3.48472e-06 0.000578981 0.0221167 0.19423 0.392153 0.182355 0.0281635 0.0538399 0.0751179 0.0272492 0.0125086 0.00884478 0.00225723 0.000501889 7.49951e-05 5.32986e-06 2.34579e-07 5.1476e-09
 2.15018e-27 2.18531e-27 7.94354e-27 1.97057e-21 1.17197e-16 1.60246e-12 5.03736e-09 3.64051e-06 0.000604866 0.0231055 0.202913 0.409685 0.190437 0.0275463 0.0447882 0.062312 0.0220806 0.00851637 0.00585915 0.00163489 0.00043433 7.25793e-05 6.13564e-06 2.81785e-07 5.62259e-09
 2.14896e-27 2.18228e-27 7.6191e-27 1.86049e-21 1.10651e-16 1.51295e-12 4.75598e-09 3.43716e-06 0.000571079 0.0218148 0.191579 0.386801 0.179909 0.0289045 0.0599769 0.0836821 0.0290948 0.00944033 0.00616545 0.00160228 0.000381234 6.72898e-05 6.71681e-06 3.59283e-07 8.18046e-09
 2.1484e-27 2.18092e-27 7.47802e-27 1.81265e-21 1.07805e-16 1.47404e-12 4.63367e-09 3.34877e-06 0.000556393 0.0212538 0.186652 0.376854 0.175318 0.0291112 0.0642367 0.0897403 0.031975 0.0128763 0.00881534 0.00211793 0.000416711 6.60323e-05 5.93945e-06 3.26652e-07 8.46565e-09
 2.14896e-27 2.18232e-27 7.62703e-27 1.8632e-21 1.10812e-16 1.51515e-12 4.7629e-09 3.44216e-06 0.00057191 0.0218466 0.191858 0.387364 0.180155 0.0285304 0.0575235 0.0802866 0.0287542 0.0120503 0.00836779 0.00213473 0.000476008 7.23819e-05 5.41037e-06 2.52454e-07 6.01837e-09
 2.14906e-27 2.18254e-27 7.64886e-27 1.8706e-21 1.11252e-16 1.52117e-12 4.78181e-09 3.45583e-06 0.000574181 0.0219333 0.192619 0.388902 0.180869 0.0286155 0.057579 0.0803357 0.0283725 0.0106352 0.00720844 0.00185497 0.000424407 6.74057e-05 5.43371e-06 2.45712e-07 5.00861e-09
 2.1485e-27 2.18117e-27 7.50311e-27 1.82115e-21 1.08311e-16 1.48096e-12 4.65541e-09 3.36448e-06 0.000559003 0.0213535 0.187528 0.378622 0.176137 0.0291607 0.0640057 0.0893891 0.0314992 0.0115784 0.00777846 0.00191696 0.00040005 6.26902e-05 5.18049e-06 2.45416e-07 5.21665e-09
 2.14786e-27 2.17959e-27 7.33549e-27 1.76429e-21 1.04929e-16 1.43472e-12 4.51006e-09 3.25944e-06 0.000541551 0.0206869 0.181673 0.366802 0.170692 0.0296731 0.0706964 0.0988341 0.0350294 0.013519 0.00916465 0.0021945 0.000423648 6.2284e-05 4.61421e-06 2.05428e-07 4.37096e-09
 2.14828e-27 2.18063e-27 7.44719e-27 1.80219e-21 1.07183e-16 1.46554e-12 4.60695e-09 3.32945e-06 0.000553184 0.0211312 0.185576 0.374681 0.174315 0.0291565 0.065168 0.0910643 0.0325964 0.0135998 0.00938504 0.00226167 0.00044148 6.34398e-05 4.33418e-06 1.74577e-07 3.36052e-09
 2.14851e-27 2.1812e-27 7.50701e-27 1.82248e-21 1.0839e-16 1.48204e-12 4.65881e-09 3.36693e-06 0.000559411 0.0213691 0.187665 0.378898 0.17626 0.0290441 0.063211 0.0882873 0.0313614 0.0123285 0.00841985 0.00208744 0.0004365 6.40504e-05 4.4063e-06 1.73622e-07 3.11632e-09
 2.14796e-27 2.17984e-27 7.36277e-27 1.77355e-21 1.0548e-16 1.44225e-12 4.53374e-09 3.27654e-06 0.000544393 0.0207954 0.182627 0.368727 0.171575 0.0295091 0.0691153 0.0966162 0.034392 0.0137481 0.00942689 0.00234368 0.000495643 7.52748e-05 5.64618e-06 2.37651e-07 4.36836e-09
 2.14776e-27 2.17937e-27 7.31528e-27 1.75745e-21 1.04522e-16 1.42916e-12 4.49258e-09 3.2468e-06 0.000539451 0.0206067 0.180969 0.365379 0.170026 0.0294712 0.0698926 0.0977477 0.035279 0.0156358 0.0109707 0.00277103 0.000606784 9.36659e-05 7.2333e-06 3.20408e-07 6.355e-09
 2.14838e-27 2.18091e-27 7.4789e-27 1.81296e-21 1.07824e-16 1.47429e-12 4.63447e-09 3.34934e-06 0.000556488 0.0212575 0.186684 0.376919 0.17534 0.0289019 0.0629394 0.0879449 0.0317899 0.0142456 0.0100529 0.00263531 0.000623126 9.87902e-05 7.84277e-06 3.56318e-07 7.29259e-09
 2.14806e-27 2.18008e-27 7.38991e-27 1.78276e-21 1.06028e-16 1.44974e-12 4.55728e-09 3.29356e-06 0.00054722 0.0209034 0.183575 0.370642 0.172455 0.0293579 0.0676153 0.0945094 0.0337458 0.0138226 0.0095823 0.0025262 0.0006071 9.91643e-05 8.38306e-06 3.98252e-07 8.38404e-09
 2.14768e-27 2.17918e-27 7.29583e-27 1.75086e-21 1.0413e-16 1.4238e-12 4.47572e-09 3.23461e-06 0.000537426 0.0205293 0.18029 0.364008 0.169395 0.0295237 0.0706266 0.0987837 0.0356623 0.0158371 0.0111399 0.00287795 0.000666227 0.000109688 9.66266e-06 4.83807e-07 1.08524e-08
 2.1478e-27 2.17947e-27 7.3264e-27 1.76123e-21 1.04747e-16 1.43223e-12 4.50223e-09 3.25378e-06 0.00054061 0.0206509 0.181358 0.366165 0.170386 0.0293806 0.0691031 0.0966421 0.034985 0.0158366 0.011197 0.00293489 0.000695621 0.000112207 9.38547e-06 4.62945e-07 1.06535e-08
 2.14867e-27 2.1816e-27 7.55228e-27 1.83785e-21 1.09304e-16 1.49454e-12 4.6981e-09 3.39533e-06 0.000564129 0.0215493 0.189247 0.382094 0.177724 0.0286751 0.0599952 0.0837895 0.0302472 0.0134285 0.00946705 0.00250347 0.000604677 9.89401e-05 8.4163e-06 4.09328e-07 9.0999e-09
 2.14858e-27 2.18137e-27 7.52551e-27 1.82876e-21 1.08763e-16 1.48714e-12 4.67485e-09 3.37853e-06 0.000561337 0.0214427 0.188311 0.380203 0.176861 0.0289699 0.0623649 0.087094 0.0309271 0.012129 0.00832548 0.00218882 0.000524186 8.62263e-05 7.46584e-06 3.69456e-07 8.28403e-09
 2.14775e-27 2.17934e-27 7.31076e-27 1.75591e-21 1.04431e-16 1.42791e-12 4.48864e-09 3.24395e-06 0.000538978 0.0205886 0.18081 0.365059 0.169884 0.0296216 0.0709074 0.0991534 0.0354384 0.0146211 0.0101167 0.00257522 0.000578706 9.46075e-05 8.33805e-06 4.21879e-07 9.71798e-09
 2.14729e-27 2.17822e-27 7.19468e-27 1.71655e-21 1.0209e-16 1.39589e-12 4.38801e-09 3.17123e-06 0.000526895 0.020127 0.176757 0.356875 0.166107 0.0298041 0.0744884 0.10424 0.0377722 0.0172096 0.0121545 0.00311111 0.000702468 0.00011132 9.14894e-06 4.47851e-07 1.03558e-08
 2.14771e-27 2.17925e-27 7.3054e-27 1.75411e-21 1.04324e-16 1.42644e-12 4.48403e-09 3.24062e-06 0.000538425 0.0205675 0.180624 0.364685 0.1697 0.0293383 0.0692912 0.0969272 0.0353589 0.0168493 0.012037 0.00318176 0.000764878 0.000122658 9.97274e-06 4.69475e-07 1.02436e-08
#obs catch len freq
 1.22043e-39 5.97316e-33 6.72109e-27 1.73868e-21 1.03406e-16 1.41389e-12 4.44458e-09 3.2121e-06 0.000533696 0.0203865 0.179034 0.361475 0.168221 0.029453 0.0709584 0.0992618 0.0359372 0.0163136 0.0119341 0.004212 0.00167188 0.000485834 0.0001037 1.37778e-05 9.40883e-07
 1.22423e-39 5.99173e-33 6.74199e-27 1.74409e-21 1.03728e-16 1.41829e-12 4.4584e-09 3.22209e-06 0.000535355 0.0204499 0.179591 0.362599 0.168741 0.0294514 0.0706101 0.0987629 0.0356544 0.0158655 0.0115503 0.00404463 0.00158502 0.000450607 9.30154e-05 1.18955e-05 7.82942e-07
 1.30742e-39 6.39894e-33 7.20019e-27 1.86262e-21 1.10777e-16 1.51468e-12 4.76139e-09 3.44107e-06 0.000571739 0.0218397 0.191796 0.387241 0.180092 0.0283577 0.0565063 0.0788672 0.0284216 0.0124894 0.00905538 0.00313182 0.00120941 0.000339733 6.86761e-05 8.50683e-06 5.39356e-07
 1.14938e-39 5.62543e-33 6.32983e-27 1.63747e-21 9.73863e-17 1.33158e-12 4.18584e-09 3.02511e-06 0.000502627 0.0191997 0.168612 0.340433 0.158551 0.0310078 0.0867921 0.121493 0.042611 0.0150499 0.0103729 0.00355479 0.00135673 0.000375638 7.46426e-05 9.05911e-06 5.58075e-07
 1.34505e-39 6.58311e-33 7.40742e-27 1.91623e-21 1.13965e-16 1.55827e-12 4.89843e-09 3.54011e-06 0.000588194 0.0224683 0.197316 0.398386 0.185215 0.0275829 0.0484178 0.0675132 0.0250677 0.0133141 0.00982652 0.00298825 0.000987725 0.000265854 5.19782e-05 6.19463e-06 3.73838e-07
 1.38657e-39 6.78629e-33 7.63605e-27 1.97537e-21 1.17483e-16 1.60637e-12 5.04962e-09 3.64937e-06 0.000606349 0.0231617 0.203406 0.410682 0.190903 0.0276599 0.045182 0.062829 0.0217276 0.00668986 0.00450808 0.00172849 0.000705725 0.000173005 3.01238e-05 3.46185e-06 2.04938e-07
 1.26114e-39 6.17241e-33 6.9453e-27 1.79668e-21 1.06855e-16 1.46105e-12 4.59284e-09 3.31925e-06 0.000551499 0.0210665 0.185006 0.373533 0.173806 0.0297271 0.0689978 0.0963637 0.0331049 0.00945255 0.00597917 0.00169546 0.000526361 0.000152913 2.97058e-05 3.13957e-06 1.72871e-07
 1.26762e-39 6.2041e-33 6.98095e-27 1.80591e-21 1.07404e-16 1.46856e-12 4.61642e-09 3.33629e-06 0.00055433 0.0211747 0.185956 0.37545 0.174668 0.0290875 0.0645154 0.0901438 0.0322514 0.0134168 0.00936166 0.00255425 0.000683756 0.000149439 2.55101e-05 2.97779e-06 1.65081e-07
 1.41216e-39 6.91155e-33 7.77699e-27 2.01183e-21 1.19651e-16 1.63602e-12 5.14283e-09 3.71673e-06 0.00061754 0.0235892 0.207161 0.418261 0.194385 0.0270688 0.0392891 0.0545651 0.019396 0.00768299 0.00542186 0.00179131 0.000617179 0.000130307 1.78324e-05 1.68536e-06 9.14339e-08
 1.41665e-39 6.9335e-33 7.80168e-27 2.01822e-21 1.20031e-16 1.64121e-12 5.15916e-09 3.72854e-06 0.000619501 0.0236642 0.207819 0.41959 0.195011 0.0273756 0.0407617 0.056578 0.019253 0.00489928 0.003014 0.000969016 0.000341319 8.67425e-05 1.39583e-05 1.19406e-06 5.27119e-08
 1.34598e-39 6.58765e-33 7.41252e-27 1.91755e-21 1.14044e-16 1.55934e-12 4.90181e-09 3.54255e-06 0.000588599 0.0224837 0.197452 0.398661 0.185377 0.0285069 0.0539758 0.0751897 0.0256369 0.00668188 0.00405318 0.00104936 0.000264552 6.36963e-05 1.11776e-05 1.11948e-06 5.0898e-08
 1.31432e-39 6.43271e-33 7.23818e-27 1.87245e-21 1.11362e-16 1.52267e-12 4.78652e-09 3.45923e-06 0.000574756 0.0219549 0.192808 0.389284 0.181052 0.0287559 0.0583217 0.0813535 0.028332 0.0093454 0.00613514 0.00160329 0.000389605 7.45983e-05 1.00893e-05 9.94932e-07 5.02986e-08
 1.35347e-39 6.62431e-33 7.45377e-27 1.92822e-21 1.14679e-16 1.56802e-12 4.92909e-09 3.56226e-06 0.000591875 0.0226089 0.198551 0.400879 0.186386 0.0280638 0.050602 0.0704903 0.0247393 0.0087828 0.00594859 0.00173441 0.000506194 9.91399e-05 1.19423e-05 9.24725e-07 4.07992e-08
 1.32945e-39 6.50676e-33 7.32151e-27 1.894e-21 1.12644e-16 1.5402e-12 4.84162e-09 3.49905e-06 0.000581372 0.0222077 0.195028 0.393766 0.183116 0.0285564 0.055753 0.0777245 0.0269296 0.00844215 0.00554608 0.00168021 0.00053099 0.000117462 1.62313e-05 1.23086e-06 4.58291e-08
 1.28318e-39 6.28027e-33 7.06666e-27 1.82808e-21 1.08723e-16 1.48659e-12 4.6731e-09 3.37726e-06 0.000561136 0.0214347 0.188239 0.38006 0.176802 0.0291595 0.0635654 0.0887503 0.0310141 0.0105779 0.00706974 0.00201509 0.000589148 0.000135212 2.07211e-05 1.78259e-06 7.05044e-08
 1.1594e-39 5.67448e-33 6.38502e-27 1.65174e-21 9.82354e-17 1.34319e-12 4.22233e-09 3.05149e-06 0.000507009 0.0193671 0.170082 0.343401 0.159914 0.0307435 0.0842845 0.11799 0.0418114 0.0161329 0.0111728 0.00331943 0.00101457 0.000221514 3.26547e-05 2.98284e-06 1.31234e-07
 1.25975e-39 6.1656e-33 6.93764e-27 1.7947e-21 1.06738e-16 1.45944e-12 4.58777e-09 3.31559e-06 0.000550891 0.0210433 0.184802 0.373121 0.173578 0.0287201 0.0629749 0.0880467 0.0325095 0.0167179 0.0123427 0.00392143 0.0013174 0.000301907 4.51465e-05 3.9894e-06 1.77485e-07
 1.22225e-39 5.98204e-33 6.73109e-27 1.74127e-21 1.0356e-16 1.41599e-12 4.45119e-09 3.21688e-06 0.00053449 0.0204168 0.1793 0.362013 0.16848 0.02972 0.0724261 0.101279 0.0359384 0.0140487 0.0100581 0.00378792 0.0015389 0.000386585 6.30976e-05 5.80037e-06 2.57102e-07
 1.26622e-39 6.19725e-33 6.97325e-27 1.80391e-21 1.07286e-16 1.46694e-12 4.61132e-09 3.33261e-06 0.000553718 0.0211513 0.185751 0.375036 0.174471 0.0289184 0.0636081 0.088887 0.0320944 0.0142885 0.0102888 0.00331017 0.00120759 0.000354388 6.89207e-05 7.03184e-06 3.32039e-07
 1.23295e-39 6.03444e-33 6.79005e-27 1.75652e-21 1.04467e-16 1.4284e-12 4.49018e-09 3.24506e-06 0.000539171 0.0205957 0.180871 0.365184 0.169941 0.0295871 0.0706595 0.0987907 0.0350996 0.0138504 0.009816 0.0033857 0.00127379 0.000331398 6.40414e-05 7.60694e-06 4.10523e-07
 1.24735e-39 6.10493e-33 6.86936e-27 1.77704e-21 1.05687e-16 1.44508e-12 4.54262e-09 3.28296e-06 0.000545469 0.0208362 0.182984 0.369449 0.171899 0.0292184 0.067123 0.0938371 0.033782 0.0147285 0.0105689 0.00341027 0.00121621 0.00032939 6.21547e-05 7.07163e-06 4.11294e-07
 1.26849e-39 6.2084e-33 6.98579e-27 1.80716e-21 1.07478e-16 1.46957e-12 4.61962e-09 3.33861e-06 0.000554715 0.0211894 0.186085 0.375711 0.174786 0.0290001 0.0639036 0.0892814 0.0319291 0.0132597 0.0094878 0.00323379 0.00120221 0.00030948 5.69036e-05 6.46694e-06 3.67694e-07
 1.24964e-39 6.11612e-33 6.88195e-27 1.7803e-21 1.05881e-16 1.44773e-12 4.55095e-09 3.28898e-06 0.000546469 0.0208744 0.183319 0.370126 0.172217 0.0293487 0.0677147 0.0946417 0.0336645 0.013404 0.00946951 0.00314282 0.00115351 0.000309909 5.75257e-05 6.32679e-06 3.5416e-07
 1.25359e-39 6.13545e-33 6.9037e-27 1.78592e-21 1.06216e-16 1.45231e-12 4.56533e-09 3.29938e-06 0.000548196 0.0209404 0.183898 0.371296 0.172752 0.0292024 0.066469 0.0929027 0.0332805 0.0139931 0.00997329 0.00323117 0.00114564 0.000300914 5.62441e-05 6.3161e-06 3.49613e-07
 1.25455e-39 6.14016e-33 6.909e-27 1.78729e-21 1.06297e-16 1.45342e-12 4.56884e-09 3.30191e-06 0.000548617 0.0209565 0.18404 0.371581 0.172884 0.029209 0.0664236 0.0928334 0.0331829 0.0137261 0.009787 0.00326777 0.00119 0.000305367 5.52334e-05 6.14763e-06 3.43997e-07
 1.2508e-39 6.1218e-33 6.88835e-27 1.78195e-21 1.05979e-16 1.44908e-12 4.55518e-09 3.29204e-06 0.000546977 0.0208938 0.183489 0.37047 0.172372 0.0292461 0.0669844 0.0936271 0.0335073 0.0139876 0.00998158 0.0033058 0.00120319 0.000316781 5.77815e-05 6.27284e-06 3.44639e-07
 1.18197e-39 5.78492e-33 6.50928e-27 1.68389e-21 1.00147e-16 1.36933e-12 4.30451e-09 3.11088e-06 0.000516876 0.019744 0.173392 0.350084 0.162982 0.030178 0.0788179 0.110317 0.039528 0.0166521 0.0119136 0.00396574 0.00144816 0.00037992 6.99702e-05 7.70389e-06 4.19601e-07
 1.18673e-39 5.8082e-33 6.53548e-27 1.69067e-21 1.0055e-16 1.37484e-12 4.32183e-09 3.1234e-06 0.000518957 0.0198235 0.17409 0.351493 0.163616 0.0297122 0.0755495 0.105776 0.0388274 0.0192758 0.014236 0.00476782 0.00175359 0.000462284 8.53018e-05 9.43273e-06 5.18901e-07
#spawning biomass
 12244.8 6254.84 6532.74 6285.31 8117.5 12603.1 15556.3 18735.6 30509.6 49578.9 63904.4 75911.8 94134.4 113181 112629 103285 100462 105139 106194 108092 114103 121315 117074 121937 138507 157250 151905 139133 134814 26105.4 1405.93 940.103 939.849 939.849 939.849 939.849 939.849 939.849 939.849 939.849 939.849 939.849 939.849 939.849 939.849 939.849 939.849 939.849 939.849 939.849 939.849 939.849 939.849 939.849 939.849 939.849 939.849 939.849 939.849 939.849 939.849 939.849 939.849 939.849 939.849 939.849 939.849 939.849 939.849 939.849 939.849 939.849 939.849 939.849 939.849 939.849 939.849 939.849 939.849 939.849 939.849 939.849 939.849 939.849 939.849 939.849 939.849 939.849 939.849 939.849 939.849 939.849 939.849 939.849 939.849 939.849 939.849 939.849 939.849 939.849 939.849 939.849 939.849 939.849 939.849 939.849 939.849 939.849 939.849 939.849 939.849 939.849 939.849 939.849 939.849 939.849 939.849 939.849 939.849 939.849 939.849 939.849 939.849 939.849 939.849 939.849 939.849 939.849 0 0 0 0 0 0 0 0 0 0 0 0 0 0 0 0 0 0 0 0 0 0 0 0 0
