SBPRF35
0.112871
Curr Bio
164.401
B35
377.846
F35
1.5896
FOFL
1.5896
OFL
53.6845
Bzero
32247.4
#pred survey bio
 1463.69 1163.36 896.799 724.595 623.743 552.019 512.719 491.231 475.104 472.549 473.761 476.75 478.818 485.729 496.104 499.067 489.452 489.561 481.804 472.844 470.611 470.047 468.911 464.483 462.907 460.705 458.131 455.559 455.134 451.263 456.669 453.278 456.184 457.438 455.35 455.948 454.247 450.151 447.229 440.331 429.217 418.156 396.653 374.177 353.222 330.837 308.73 290.462 278.737 271.276 261.29 252.697 244.695 233.776 236.216 236.878 234.952 234.315 228.883 222.412 219.32 210.46 207.469 200.774 199.268 194.868 196.296 189.672 183.542 190.903 195.171 189.591 193.492 198.603 205.028 210.283 207.958 216.685 215.041 212.935 214.944 217.319 216.747 218.85 219.909 221.04 227.523 228.07 228.979 222.969 218.517 217.113 221.94 230.082 207.728 185.281 144.612 24.2283 23.8996 22.8589 22.5576 22.824 24.4361 25.235 25.193 22.9833 23.196 25.0693 69.0548 4153.35 21738.1 59907.8 105557 135521 148980 155492 159260 161653 163218 164250 164931 165378 165672 165865 165991 166073 166125 166159 166181 166196 166205 166211 166215 166217 166219 166220 166221 166221 166222 166222 166222 166222 166222 166222 166222 166222 166222 166222 166222 166222 166222 166222 166222 166222 166222 166222 166222 166222 166222 166222 166222 166222 166222 166222 166222 166222 166222 166222 166222 166222 166222 166222 166222 166222 166222 166222 166222 166222 166222 166222 166222 166222 166222 166222 166222 166222 166222 166222 166222 166222 166222 166222 166222 166222 166222 166222 166222 166222 166222 166222 166222 166222 166222 166222 166222 166222 166222 166222 166222 0 0 0 0 0 0 0 0 0 0 0 0 0 0 0 0 0 0 0 0 0 0 0 0 0
#obs survey bio
 707.323 627.306 664.917 846.334 449.607 474.257 284.911 519.155 366.841 304.489 444.378 352.917 392.593 465.735 471.183 550.106 595.428 461.159 397.02 509.172 482.072 529.578 438.106 475.192 402.724 376.79 348.57 388.809 398.232 334.699 329.52 446.947 377.514 382.049 394.892 348.497 433.591 474.655 386.059 426.622 602.855 461.843 430.126 210.662 341.834 306.488 220.294 235.31 389.771 354.039 256.634 280.463 272.127 216.486 238.542 353.795 236.786 186.419 206.351 265.257 204.666 166.914 202.784 192.867 190.699 238.674 111.013 182.479 158.662 214.131 173.78 223.017 235.107 187.473 236.21 300.443 176.586 240.813 195.343 157.573 211.331 342.038 203.887 219.252 265.765 181.628 225.354 328.56 291.509 289.754 170.789 224.999 174.502 287.451 177.36 309.569 258.811 37.8833 35.9579 36.7853 37.5127 39.9035 36.2724 31.2274 36.6439 40.8048 30.2694 33.1329 30.601
#pred catch bio
 125.163 165.633 127.97 93.9128 91.5992 76.0503 68.9298 71.3236 61.6195 60.8764 61.6481 65.0653 60.731 55.7072 61.4296 73.2853 60.1863 67.2385 68.3503 61.215 59.5932 60.1837 63.7985 60.5483 61.2371 61.914 62.4751 60.8197 65.7825 56.065 66.3054 59.3288 60.752 64.2763 61.0074 62.8964 64.2322 60.537 62.1588 64.6727 63.4091 75.9451 80.0564 82.3401 88.4432 92.9137 92.9461 88.5829 85.2935 89.0189 88.0482 88.5467 94.5302 82.6291 88.9291 95.5298 96.305 103.484 105.575 101.685 108.385 101.097 105.908 100.177 104.16 97.2917 108.398 111.448 100.993 111.286 128.806 122.413 128.2 134.596 143.419 159.243 152.102 172.795 179.975 179.843 181.361 185.922 184.182 188.096 191.537 189.977 201.15 199.463 204.488 198.412 194.583 190.952 189.734 223.03 200.03 189.041 261.101 46.7286 46.0151 43.2737 43.0812 43.9452 47.5355 48.764 48.8414 43.5835 44.3404 46.163 43.8921 53.6845 251.173 964.49 2461.86 3434.01 3688.85 3734.69 3741.93 3743.01 3743.17 3743.19 3743.19 3743.19 3743.19 3743.19 3743.19 3743.19 3743.19 3743.19 3743.19 3743.19 3743.19 3743.19 3743.19 3743.19 3743.19 3743.19 3743.19 3743.19 3743.19 3743.19 3743.19 3743.19 3743.19 3743.19 3743.19 3743.19 3743.19 3743.19 3743.19 3743.19 3743.19 3743.19 3743.19 3743.19 3743.19 3743.19 3743.19 3743.19 3743.19 3743.19 3743.19 3743.19 3743.19 3743.19 3743.19 3743.19 3743.19 3743.19 3743.19 3743.19 3743.19 3743.19 3743.19 3743.19 3743.19 3743.19 3743.19 3743.19 3743.19 3743.19 3743.19 3743.19 3743.19 3743.19 3743.19 3743.19 3743.19 3743.19 3743.19 3743.19 3743.19 3743.19 3743.19 3743.19 3743.19 3743.19 3743.19 3743.19 3743.19 3743.19 3743.19 3743.19 3743.19 3743.19 3743.19 3743.19 3743.19 3743.19 3743.19 0 0 0 0 0 0 0 0 0 0 0 0 0 0 0 0 0 0 0 0 0 0 0 0 0
#obs catch bio
 0 169.612 130.997 95.4043 94.1041 78.1793 71.1185 74.0013 63.4848 62.8353 63.5743 67.3805 62.7432 57.313 63.2553 75.744 61.494 69.076 70.3156 62.7136 61.0616 61.74 65.7511 62.137 62.9219 63.6594 64.4948 62.6188 68.0424 57.5971 68.9222 61.1241 62.6756 66.4306 62.8645 64.9981 66.4223 62.4363 64.0625 66.5022 64.8712 78.0072 82.3454 84.98 91.6905 96.2409 96.3593 92.3336 87.8552 90.8353 89.617 89.6391 95.826 83.5022 90.5889 97.2391 97.8295 105.697 107.53 103.244 110.927 102.269 107.277 101.472 105.487 97.7692 110.481 112.965 101.95 110.331 129.238 119.995 125.741 132.484 139.839 154.896 146.974 165.833 174.688 173.458 176.244 177.134 174.676 183.772 182.823 183.337 196.482 192.015 194.264 187.274 185.171 180.745 181.727 212.889 189.739 176.121 228.836 40.1477 40.0248 37.1127 36.559 37.9377 41.7804 43.1553 42.3311 37.1799 38.3573 40.6639 42.7747
#pred cpue bio
 1508.3 1185.59 898.659 714.323 607.628 531.464 489.663 466.878 449.531 446.681 447.305 449.341 450.367 457.76 470.438 475.521 466.39 467.972 460.193 450.252 447.463 446.686 445.741 441.418 440.116 437.724 434.742 431.731 430.946 426.121 431.864 428.065 431.591 433.31 431.051 431.848 430.56 427.477 426.585 421.286 410.565 399.226 375.537 350.271 326.745 301.829 277.079 256.492 243.647 236.131 225.802 216.591 207.383 193.797 193.809 191.668 187.643 186.289 180.021 172.618 169.515 160.54 157.411 149.867 147.742 142.833 144.331 136.326 126.404 129.134 129.574 120.849 120.876 121.18 122.443 123.391 117.749 121.466 115.741 109.787 108.222 110.175 109.843 110.119 109.868 108.9 111.332 110.708 112.902 110.198 107.801 105.624 106.63 112.749 98.7933 90.2265 73.7127 3.83253 3.7557 3.65794 3.70346 3.59619 3.74813 3.85268 3.96799 3.67107 3.76092 3.86438 8.79149 1072.97 5032.6 19475.4 56246.5 91305.6 107859 115533 119765 122353 124004 125073 125769 126224 126521 126715 126842 126924 126976 127011 127033 127047 127056 127063 127066 127069 127071 127072 127072 127073 127073 127073 127074 127074 127074 127074 127074 127074 127074 127074 127074 127074 127074 127074 127074 127074 127074 127074 127074 127074 127074 127074 127074 127074 127074 127074 127074 127074 127074 127074 127074 127074 127074 127074 127074 127074 127074 127074 127074 127074 127074 127074 127074 127074 127074 127074 127074 127074 127074 127074 127074 127074 127074 127074 127074 127074 127074 127074 127074 127074 127074 127074 127074 127074 127074 127074 127074 127074 127074 127074 127074 0 0 0 0 0 0 0 0 0 0 0 0 0 0 0 0 0 0 0 0 0 0 0 0 0
#obs cpue bio
 840.148 587.765 606.164 552.771 300.299 237.227 299.62 253.39 355.707 345.104 336.105 306.605 292.743 285.677 441.052 487.285 287.17 342.944 345.951 279.096 278.791 240.229 257.98 338.481 310.267 331.621 248.869 353.218 317.345 265.416 298.755 335.378 316.344 351.426 300.51 299.611 302.77 248.038 400.185 439.102 269.06 330.532 230.588 325.823 214.25 250.204 222.478 132.665 185.466 212.005 177.992 191.699 159.753 148.753 122.577 120.778 148.011 156.596 168.488 122.427 121.224 191.154 137.449 120.871 135.731 122.16 143.704 141.703 121.509 187.45 126.779 185.485 130.496 152.755 185.331 155.656 232.18 231.73 187.979 262.086 171.48 202.025 235.347 129.381 244.183 186.181 157.648 181.732 228.238 226.548 255.847 252.975 227.936 230.924 260.136 198.061 204.106 28.2827 22.0985 26.5273 29.0157 19.8996 18.5197 21.2146 26.9627 26.3239 26.5547 21.7985 22.6042
#pred surv len freq
 5.89323e-027 6.04754e-021 1.29846e-015 3.80326e-011 1.51967e-007 8.28353e-005 0.00615957 0.0624823 0.0864649 0.0166805 0.0144737 0.075187 0.0555004 0.0233688 0.0694733 0.0458982 0.0563384 0.0575683 0.0617401 0.0632719 0.0665961 0.0695572 0.0770502 0.0697798 0.0223262
 6.39813e-027 6.94026e-021 1.49014e-015 4.36469e-011 1.744e-007 9.50632e-005 0.00706883 0.0717058 0.0992285 0.0191229 0.0158282 0.0821018 0.060588 0.0250441 0.074008 0.0481582 0.0557385 0.0557517 0.0572558 0.0576651 0.0601594 0.061903 0.066157 0.0611806 0.0212393
 6.90706e-027 7.84088e-021 1.68351e-015 4.93108e-011 1.97032e-007 0.000107399 0.00798613 0.0810109 0.112105 0.0216085 0.0180401 0.0936003 0.0690294 0.0273002 0.0795128 0.0512629 0.0570845 0.0554302 0.0528028 0.0505077 0.050765 0.0513475 0.0534556 0.0492852 0.0177572
 7.3363e-027 8.60099e-021 1.84672e-015 5.40911e-011 2.16132e-007 0.000117811 0.00876033 0.0888642 0.122973 0.0236954 0.0194821 0.101033 0.0745174 0.0296596 0.0865543 0.0552045 0.0586676 0.0560705 0.0511542 0.0457937 0.0427212 0.0412032 0.0417622 0.0379403 0.0138256
 7.63794e-027 9.13542e-021 1.96146e-015 5.74521e-011 2.29562e-007 0.000125131 0.00930465 0.0943859 0.130614 0.0251627 0.0204928 0.106241 0.0783473 0.0308579 0.0897386 0.057371 0.0615738 0.0581252 0.0509018 0.0438875 0.0380551 0.0335649 0.0322524 0.0286083 0.0103898
 7.89713e-027 9.59465e-021 2.06006e-015 6.03402e-011 2.41102e-007 0.000131421 0.00977239 0.0991306 0.13718 0.0264239 0.0213792 0.110813 0.0817074 0.0318666 0.0923579 0.0588108 0.0620306 0.058537 0.0511604 0.0426605 0.0350278 0.0281839 0.0245494 0.0208129 0.00746471
 8.0349e-027 9.83891e-021 2.11251e-015 6.18764e-011 2.4724e-007 0.000134767 0.0100212 0.101654 0.140672 0.0270974 0.0219517 0.113785 0.0838941 0.0325859 0.0943081 0.059951 0.0627475 0.0589237 0.0508718 0.0423254 0.0337953 0.0252502 0.0195051 0.0152009 0.00532453
 8.10711e-027 9.96705e-021 2.14002e-015 6.26822e-011 2.50459e-007 0.000136522 0.0101517 0.102978 0.142504 0.0274506 0.0222513 0.11534 0.0850424 0.0330745 0.0957636 0.06083 0.0634443 0.0594444 0.0509519 0.041973 0.0331878 0.0238535 0.0164738 0.0113446 0.00380344
 8.1851e-027 1.01053e-020 2.16971e-015 6.35518e-011 2.53934e-007 0.000138416 0.0102925 0.104407 0.144481 0.0278293 0.0224778 0.1165 0.0858966 0.0333719 0.0965892 0.061317 0.0637705 0.0595994 0.0506924 0.0414435 0.0323714 0.0228222 0.0145845 0.00870134 0.00271322
 8.23321e-027 1.01907e-020 2.18804e-015 6.40886e-011 2.56079e-007 0.000139585 0.0103795 0.105289 0.145701 0.02806 0.0224948 0.11656 0.0859394 0.0333627 0.0965382 0.0613433 0.0640766 0.0599578 0.0511058 0.0416255 0.0322448 0.0223882 0.0136485 0.00713363 0.00201188
 8.27002e-027 1.02559e-020 2.20205e-015 6.44991e-011 2.57719e-007 0.000140479 0.0104459 0.105963 0.146635 0.0282386 0.022595 0.117072 0.08631 0.0333159 0.0962132 0.061129 0.0638226 0.0597997 0.0511925 0.0417895 0.0323039 0.0221892 0.013111 0.00617893 0.00155506
 8.29814e-027 1.03058e-020 2.21275e-015 6.48124e-011 2.58971e-007 0.000141162 0.0104967 0.106478 0.147347 0.0283754 0.0226911 0.117567 0.0866733 0.0334006 0.0964002 0.0611597 0.0634406 0.0593949 0.0508206 0.0416085 0.0322685 0.0220943 0.0127872 0.0055914 0.0012638
 8.28583e-027 1.0284e-020 2.20808e-015 6.46755e-011 2.58424e-007 0.000140864 0.0104745 0.106253 0.147036 0.0283212 0.0228679 0.118521 0.0873748 0.033626 0.0970047 0.0614873 0.0635108 0.0592845 0.0503171 0.0411056 0.0319197 0.0219109 0.0125525 0.00521302 0.00107887
 8.17861e-027 1.00943e-020 2.16734e-015 6.34824e-011 2.53657e-007 0.000138265 0.0102813 0.104293 0.144324 0.0278095 0.0228657 0.11858 0.0874291 0.0339425 0.0982144 0.0622823 0.0644605 0.0601708 0.05101 0.0414611 0.0320585 0.0220321 0.0125978 0.00506701 0.000982325
 8.06075e-027 9.88583e-021 2.12258e-015 6.21714e-011 2.48419e-007 0.00013541 0.010069 0.102139 0.141343 0.0272384 0.0225207 0.116812 0.0861443 0.0339745 0.0988389 0.0628691 0.0659634 0.0617575 0.0526726 0.0428695 0.0330488 0.0226175 0.0129259 0.00511236 0.000948214
 7.99852e-027 9.77578e-021 2.09896e-015 6.14793e-011 2.45653e-007 0.000133902 0.00995688 0.101002 0.13977 0.0269358 0.0222934 0.115636 0.0852813 0.0337424 0.0982742 0.0626996 0.0666823 0.0626839 0.0539771 0.0441432 0.0341219 0.0232802 0.0132516 0.00519588 0.000938153
 7.99612e-027 9.77154e-021 2.09805e-015 6.14527e-011 2.45547e-007 0.000133844 0.00995256 0.100958 0.139709 0.0269253 0.0223302 0.115835 0.085425 0.0337252 0.0981502 0.0625536 0.0662194 0.0623173 0.0539214 0.0443298 0.0344621 0.0235619 0.0133617 0.00520307 0.000925187
 7.97852e-027 9.74048e-021 2.09138e-015 6.12573e-011 2.44766e-007 0.000133419 0.00992093 0.100637 0.139265 0.0268355 0.0220927 0.114576 0.0845024 0.0335206 0.0977129 0.0623639 0.0664369 0.0626356 0.0544582 0.0450778 0.0353558 0.0243517 0.0138261 0.00535397 0.000943113
 8.03182e-027 9.8348e-021 2.11163e-015 6.18505e-011 2.47136e-007 0.000134711 0.010017 0.101612 0.140613 0.0270906 0.0221224 0.1147 0.0845846 0.0332998 0.0968227 0.0617948 0.0658302 0.062081 0.0540323 0.0448229 0.0353745 0.0246078 0.0140684 0.0054392 0.000951952
 8.10127e-027 9.95766e-021 2.13801e-015 6.26232e-011 2.50224e-007 0.000136394 0.0101421 0.102881 0.14237 0.0274258 0.0222702 0.115445 0.0851259 0.0332811 0.0965384 0.0614798 0.0648723 0.0611025 0.0530979 0.0440507 0.0348357 0.0244105 0.0141035 0.00547553 0.000955132
 8.12231e-027 9.99487e-021 2.146e-015 6.28572e-011 2.51159e-007 0.000136903 0.01018 0.103266 0.142902 0.0275282 0.0223529 0.115873 0.0854384 0.0333104 0.0965304 0.0614341 0.0646306 0.0607724 0.0525865 0.0436087 0.0345116 0.0242684 0.0141554 0.00554559 0.000968343
 8.10243e-027 9.95966e-021 2.13844e-015 6.26357e-011 2.50274e-007 0.000136421 0.0101442 0.102902 0.142399 0.027435 0.0224225 0.116259 0.085723 0.0334324 0.0968942 0.0616385 0.0647169 0.0608095 0.0525067 0.043405 0.0342824 0.0241373 0.0141644 0.00560753 0.000984614
 8.07301e-027 9.90759e-021 2.12726e-015 6.23083e-011 2.48965e-007 0.000135708 0.0100911 0.102364 0.141654 0.0272941 0.0224029 0.116173 0.0856658 0.0335728 0.0974621 0.0619977 0.0650802 0.0611038 0.0526329 0.04342 0.0341753 0.0240064 0.0141266 0.005642 0.000999037
 8.08578e-027 9.9302e-021 2.13211e-015 6.24505e-011 2.49534e-007 0.000136018 0.0101142 0.102597 0.141977 0.0273541 0.0223626 0.115949 0.0855035 0.0335853 0.0975739 0.0620998 0.0653288 0.0612873 0.052621 0.0432754 0.0339352 0.0237403 0.0139525 0.00560436 0.0010011
 8.10683e-027 9.96745e-021 2.14011e-015 6.26847e-011 2.5047e-007 0.000136528 0.0101521 0.102982 0.14251 0.0274534 0.0223186 0.1157 0.0853167 0.0334331 0.0970561 0.0618311 0.0653361 0.0613935 0.0529015 0.0434507 0.0339585 0.0236509 0.0138457 0.00557096 0.00100217
 8.12132e-027 9.99308e-021 2.14561e-015 6.28459e-011 2.51114e-007 0.000136879 0.0101782 0.103247 0.142876 0.0275245 0.0223973 0.116111 0.0856146 0.0333959 0.0967955 0.0616214 0.0649149 0.0610513 0.0527968 0.043492 0.0340041 0.023589 0.0137386 0.00551732 0.000996464
 8.1345e-027 1.00164e-020 2.15062e-015 6.29925e-011 2.517e-007 0.000137198 0.010202 0.103488 0.14321 0.0275888 0.0224506 0.116388 0.0858191 0.0334902 0.0970812 0.0617261 0.0646601 0.0607157 0.0523438 0.0432053 0.0338979 0.0235229 0.0136357 0.00545214 0.000985191
 8.16391e-027 1.00684e-020 2.16179e-015 6.33198e-011 2.53007e-007 0.000137911 0.010255 0.104026 0.143954 0.0277297 0.0224736 0.116492 0.0858951 0.0335115 0.0971346 0.0617556 0.0646652 0.0606031 0.0519332 0.0427229 0.0335166 0.0233356 0.0135137 0.00537636 0.000969166
 8.19126e-027 1.01168e-020 2.17218e-015 6.36241e-011 2.54223e-007 0.000138574 0.0103042 0.104526 0.144646 0.0278611 0.0225067 0.116651 0.0860093 0.0334621 0.0968987 0.0616152 0.0645646 0.0605242 0.0518665 0.0424921 0.0331738 0.0230896 0.0134002 0.00531613 0.000954525
 8.21557e-027 1.01598e-020 2.18141e-015 6.38943e-011 2.55303e-007 0.000139162 0.010348 0.10497 0.14526 0.0279815 0.0226848 0.117587 0.086695 0.0335937 0.0971436 0.0616748 0.0641755 0.0600643 0.0513033 0.0419613 0.032616 0.0225758 0.0130995 0.00519675 0.000929888
 8.18363e-027 1.01033e-020 2.16928e-015 6.3539e-011 2.53883e-007 0.000138388 0.0102905 0.104386 0.144452 0.0278268 0.0225916 0.11711 0.0863496 0.0336421 0.0974659 0.0619213 0.0646266 0.0605136 0.0517205 0.0422961 0.032845 0.022637 0.013075 0.00518536 0.000926328
 8.17939e-027 1.00958e-020 2.16766e-015 6.34917e-011 2.53694e-007 0.000138285 0.0102828 0.104308 0.144345 0.0278094 0.0227086 0.117739 0.086811 0.0337656 0.0977675 0.0620875 0.0646776 0.0604628 0.0514358 0.0419605 0.0325158 0.0223559 0.0128454 0.0050776 0.00090629
 8.1535e-027 1.005e-020 2.15783e-015 6.32038e-011 2.52544e-007 0.000137658 0.0102362 0.103835 0.14369 0.0276824 0.022571 0.117019 0.0862884 0.0337776 0.0980167 0.0622933 0.0651153 0.0609527 0.0520048 0.0423621 0.0327432 0.0224599 0.0128568 0.00505665 0.000900724
 8.15333e-027 1.00497e-020 2.15777e-015 6.3202e-011 2.52536e-007 0.000137654 0.0102359 0.103832 0.143686 0.0276801 0.022508 0.116683 0.0860384 0.0336312 0.0975461 0.0620763 0.0652765 0.0611771 0.052332 0.0427262 0.0330247 0.0225855 0.0128851 0.00504295 0.000895063
 8.16063e-027 1.00626e-020 2.16054e-015 6.32831e-011 2.52861e-007 0.000137831 0.010249 0.103965 0.14387 0.0277167 0.0225796 0.117061 0.0863135 0.0336355 0.0974552 0.0619614 0.0648919 0.0608553 0.0522067 0.0426878 0.0330614 0.0226069 0.0128526 0.00500709 0.000884824
 8.1363e-027 1.00196e-020 2.1513e-015 6.30124e-011 2.51779e-007 0.000137242 0.0102052 0.103521 0.143255 0.0276003 0.0225684 0.117017 0.086284 0.0337015 0.0977228 0.0621197 0.0649999 0.0609246 0.0522163 0.0428112 0.0332653 0.0227974 0.0129476 0.00502235 0.000883471
 8.08043e-027 9.92067e-021 2.13006e-015 6.23905e-011 2.49294e-007 0.000135887 0.0101045 0.102499 0.141841 0.0273345 0.0226027 0.117238 0.0864494 0.033846 0.0982213 0.0624506 0.0654092 0.0612692 0.0523913 0.0428923 0.0333684 0.0229521 0.0130579 0.00505202 0.000884796
 7.99346e-027 9.76677e-021 2.09702e-015 6.14227e-011 2.45427e-007 0.000133779 0.00994771 0.100909 0.139641 0.0269182 0.0225578 0.117055 0.0863246 0.0340778 0.0991708 0.0630728 0.0661433 0.0619564 0.0529485 0.0432565 0.0335734 0.0231182 0.0131977 0.00510655 0.000891404
 7.92192e-027 9.64026e-021 2.06986e-015 6.0627e-011 2.42248e-007 0.000132046 0.00981885 0.0996018 0.137832 0.0265696 0.0222669 0.115545 0.0852252 0.0340295 0.0994108 0.0633859 0.0672228 0.0630939 0.0541156 0.0442479 0.0343043 0.0235748 0.0134825 0.00522869 0.000911529
 7.91905e-027 9.63524e-021 2.06878e-015 6.05955e-011 2.42122e-007 0.000131977 0.00981374 0.09955 0.13776 0.0265511 0.0220709 0.114499 0.0844526 0.0337048 0.0984501 0.0629223 0.0674361 0.0635246 0.0549651 0.0450957 0.0350252 0.0240422 0.0137352 0.00533801 0.000931272
 7.95288e-027 9.69511e-021 2.08163e-015 6.0972e-011 2.43626e-007 0.000132797 0.00987471 0.100169 0.138616 0.0267136 0.0221127 0.1147 0.0845923 0.0335127 0.0976483 0.0623637 0.0666316 0.0628954 0.0548247 0.0452806 0.0353764 0.0243307 0.0138846 0.00539741 0.000943127
 8.00703e-027 9.79091e-021 2.1022e-015 6.15745e-011 2.46033e-007 0.00013411 0.0099723 0.101158 0.139986 0.0269736 0.0221742 0.114993 0.0848045 0.0334825 0.0974464 0.0621219 0.0658448 0.0620522 0.053965 0.0447973 0.0352946 0.0244444 0.0139751 0.00542972 0.000949701
 8.16161e-027 1.00643e-020 2.16091e-015 6.32941e-011 2.52904e-007 0.000137855 0.0102508 0.103983 0.143895 0.02772 0.0225237 0.116761 0.0860961 0.0336519 0.0976013 0.0619944 0.064638 0.0604536 0.0515481 0.0424392 0.033412 0.0233306 0.0134261 0.0052227 0.000913689
 8.30535e-027 1.03186e-020 2.2155e-015 6.48928e-011 2.59293e-007 0.000141337 0.0105097 0.10661 0.14753 0.0284197 0.0230739 0.119611 0.0881823 0.0340519 0.0983455 0.062208 0.0636297 0.0589923 0.0490823 0.0395925 0.030624 0.0213338 0.0123762 0.00483889 0.00084719
 8.4172e-027 1.05163e-020 2.25796e-015 6.61366e-011 2.64262e-007 0.000144046 0.0107112 0.108653 0.150358 0.028966 0.0235809 0.122249 0.0901232 0.0346765 0.100018 0.0629832 0.063072 0.0579272 0.0469123 0.0369449 0.0277384 0.0189131 0.0109561 0.004315 0.000757796
 8.57544e-027 1.07962e-020 2.31805e-015 6.78967e-011 2.71295e-007 0.00014788 0.0109962 0.111545 0.154359 0.0297323 0.0240274 0.124534 0.091804 0.0352203 0.101478 0.063669 0.0626298 0.0568862 0.0445135 0.034081 0.0246791 0.0162239 0.00920327 0.00362948 0.000640717
 8.75761e-027 1.11184e-020 2.38723e-015 6.99231e-011 2.79392e-007 0.000152293 0.0113244 0.114874 0.158966 0.0306157 0.0245885 0.127416 0.0939144 0.0356343 0.102267 0.0639286 0.0617499 0.0555162 0.0420289 0.0311324 0.0215809 0.0135505 0.00738321 0.002869 0.000507908
 8.87339e-027 1.13231e-020 2.43119e-015 7.12105e-011 2.84536e-007 0.000155097 0.0115329 0.116989 0.161893 0.0311834 0.0251993 0.130608 0.0962554 0.036202 0.103563 0.0644417 0.0608143 0.0541585 0.0398068 0.0286126 0.0189489 0.0112659 0.00580916 0.00217829 0.000382904
 8.90223e-027 1.13741e-020 2.44212e-015 7.15308e-011 2.85816e-007 0.000155795 0.0115848 0.117515 0.162621 0.0313291 0.0255257 0.132335 0.0975326 0.0368059 0.105413 0.0654232 0.060912 0.0538248 0.038532 0.0270174 0.0171971 0.00967154 0.00466551 0.00165418 0.000284005
 8.92574e-027 1.14156e-020 2.45105e-015 7.17924e-011 2.86861e-007 0.000156364 0.0116271 0.117945 0.163216 0.031442 0.0255526 0.132464 0.0976351 0.0370553 0.106343 0.0660257 0.0615818 0.0542268 0.0382267 0.0262713 0.0161739 0.00866433 0.00389779 0.00128436 0.000211178
 9.00954e-027 1.15639e-020 2.48288e-015 7.27247e-011 2.90586e-007 0.000158395 0.0117781 0.119477 0.165335 0.0318464 0.0257323 0.13337 0.0982951 0.0370792 0.10618 0.0658552 0.0610882 0.0536344 0.037407 0.0253352 0.0151831 0.00780139 0.00329154 0.000998505 0.000154186
 9.10106e-027 1.17258e-020 2.51764e-015 7.37429e-011 2.94655e-007 0.000160613 0.011943 0.121149 0.16765 0.0322883 0.0259374 0.134407 0.0990506 0.0371256 0.106065 0.0656317 0.0601471 0.0526152 0.036299 0.0243398 0.0143187 0.00712001 0.00284298 0.000794702 0.000113564
 9.2684e-027 1.20219e-020 2.58122e-015 7.56049e-011 3.02095e-007 0.000164668 0.0122446 0.124208 0.171883 0.0330906 0.0260802 0.13506 0.0995225 0.0370264 0.105494 0.0650909 0.0587448 0.0510757 0.0345576 0.0228888 0.0132496 0.00643522 0.00245943 0.000638779 8.39837e-005
 9.53464e-027 1.24929e-020 2.68235e-015 7.85672e-011 3.13931e-007 0.00017112 0.0127244 0.129075 0.178618 0.0343729 0.0265476 0.137386 0.101207 0.0368271 0.104062 0.0638562 0.0559318 0.0480914 0.0313923 0.0203022 0.0114435 0.00543313 0.00200836 0.00049089 5.95757e-005
 9.65385e-027 1.27038e-020 2.72764e-015 7.98936e-011 3.19231e-007 0.000174009 0.0129392 0.131254 0.181633 0.0349467 0.0267399 0.138336 0.101893 0.0367011 0.103305 0.063282 0.054896 0.0470173 0.0302534 0.0191677 0.0104647 0.00481906 0.00172814 0.00040281 4.55905e-005
 9.665e-027 1.27234e-020 2.73184e-015 8.00168e-011 3.19723e-007 0.000174277 0.0129591 0.131457 0.181913 0.035015 0.0273444 0.141563 0.104254 0.0370945 0.103917 0.063365 0.053548 0.0455084 0.0285963 0.0178203 0.0094652 0.00419727 0.00144952 0.000324244 3.46683e-005
 9.64806e-027 1.26933e-020 2.72538e-015 7.98275e-011 3.18967e-007 0.000173865 0.0129285 0.131146 0.181483 0.0349423 0.0276808 0.143374 0.105599 0.0379092 0.106554 0.0646213 0.0528701 0.0443804 0.0267303 0.0162218 0.00834797 0.00357714 0.00118177 0.000252781 2.57596e-005
 9.64057e-027 1.268e-020 2.72253e-015 7.9744e-011 3.18633e-007 0.000173683 0.0129149 0.131008 0.181293 0.0349066 0.0276821 0.143386 0.10562 0.0382425 0.107842 0.0654404 0.0537073 0.0447563 0.0259787 0.0152547 0.00750528 0.00309231 0.00097808 0.00019895 1.93353e-005
 9.73979e-027 1.28556e-020 2.76022e-015 8.08479e-011 3.23044e-007 0.000176087 0.0130937 0.132822 0.183803 0.035384 0.0278382 0.144156 0.106178 0.0381929 0.107431 0.0650644 0.0527755 0.0437711 0.0249172 0.0142145 0.00664468 0.00259366 0.000780045 0.000150592 1.39062e-005
 9.76421e-027 1.28987e-020 2.76947e-015 8.11189e-011 3.24127e-007 0.000176678 0.0131376 0.133267 0.184419 0.0355127 0.0283263 0.146751 0.108074 0.0384324 0.107625 0.0649379 0.0514736 0.042375 0.0234985 0.0131472 0.00592562 0.00218335 0.000615629 0.000112009 9.79483e-006
 9.73975e-027 1.28553e-020 2.76017e-015 8.08465e-011 3.23039e-007 0.000176084 0.0130935 0.13282 0.1838 0.0353967 0.028359 0.146942 0.108229 0.0388845 0.109317 0.0658239 0.0514955 0.0421634 0.0228804 0.0125661 0.00550045 0.00194521 0.000513432 8.69193e-005 7.14916e-006
 9.86834e-027 1.30829e-020 2.80902e-015 8.22773e-011 3.28756e-007 0.000179201 0.0133252 0.13517 0.187052 0.0360132 0.0284731 0.147468 0.108607 0.0387833 0.108775 0.0653351 0.0503045 0.0408264 0.0213216 0.0114143 0.00482505 0.00164454 0.000411814 6.46772e-005 4.94763e-006
 9.932e-027 1.31955e-020 2.8332e-015 8.29858e-011 3.31587e-007 0.000180744 0.01344 0.136334 0.188663 0.036319 0.0285492 0.147833 0.108866 0.0385795 0.107884 0.0647981 0.0498845 0.0404269 0.0209211 0.010981 0.00446927 0.00146504 0.000350319 5.15864e-005 3.65236e-006
 1.00485e-026 1.34016e-020 2.87746e-015 8.42821e-011 3.36766e-007 0.000183567 0.0136499 0.138464 0.19161 0.0368832 0.028871 0.149478 0.11006 0.038513 0.107157 0.0640415 0.047719 0.0383789 0.0194034 0.0100341 0.00397637 0.00124925 0.00028452 3.95861e-005 2.61064e-006
 1.00755e-026 1.34493e-020 2.8877e-015 8.4582e-011 3.37965e-007 0.00018422 0.0136985 0.138957 0.192292 0.0370149 0.0289918 0.150106 0.11052 0.0386082 0.107347 0.0640596 0.0472523 0.0377943 0.0186313 0.00947518 0.00366956 0.00112012 0.000243334 3.1993e-005 1.98038e-006
 1.01033e-026 1.34985e-020 2.89826e-015 8.48913e-011 3.392e-007 0.000184894 0.0137486 0.139465 0.192995 0.0371554 0.0293021 0.151749 0.11172 0.0387715 0.107514 0.0639487 0.0461199 0.036619 0.017535 0.00871314 0.00326224 0.000967183 0.00020252 2.52418e-005 1.47031e-006
 1.01073e-026 1.35055e-020 2.89977e-015 8.49355e-011 3.39377e-007 0.00018499 0.0137557 0.139537 0.193096 0.0371681 0.029054 0.150419 0.110755 0.0388386 0.108148 0.0644013 0.0468155 0.0371702 0.0176927 0.00868683 0.00316437 0.000906345 0.000183025 2.18266e-005 1.20134e-006
 1.04363e-026 1.40877e-020 3.02477e-015 8.85969e-011 3.54007e-007 0.000192965 0.0143487 0.145552 0.201419 0.0387378 0.029029 0.150068 0.110468 0.0379343 0.104741 0.0621 0.0437915 0.0344653 0.0158761 0.00764658 0.00271316 0.000751748 0.000145649 1.66355e-005 8.71787e-007
 1.08428e-026 1.4807e-020 3.17922e-015 9.31207e-011 3.72083e-007 0.000202818 0.0150814 0.152984 0.211704 0.0406898 0.029495 0.152294 0.112047 0.0367993 0.0997131 0.0586052 0.0387707 0.0299847 0.0129522 0.00599408 0.00202759 0.000542066 0.000100825 1.09926e-005 5.49727e-007
 1.08609e-026 1.48389e-020 3.18606e-015 9.3321e-011 3.72883e-007 0.000203254 0.0151138 0.153314 0.212159 0.0407904 0.0300697 0.155356 0.114276 0.0368578 0.0990756 0.0579826 0.0371129 0.0284243 0.0118045 0.00527025 0.00167897 0.000426049 7.56918e-005 7.87958e-006 3.75445e-007
 1.0833e-026 1.47895e-020 3.17544e-015 9.301e-011 3.71641e-007 0.000202577 0.0150634 0.152803 0.211452 0.0406692 0.0305492 0.15794 0.116177 0.0374648 0.10069 0.0585102 0.0353273 0.0266188 0.010383 0.00444348 0.00133161 0.000315925 5.25445e-005 5.18226e-006 2.35031e-007
 1.11224e-026 1.53016e-020 3.28541e-015 9.62311e-011 3.84511e-007 0.000209592 0.0155851 0.158094 0.218775 0.0420548 0.0307108 0.158614 0.116652 0.0370413 0.0988492 0.0568731 0.0314417 0.0230241 0.00790617 0.00310958 0.000842986 0.000184464 2.82156e-005 2.58215e-006 1.10513e-007
 1.1272e-026 1.55663e-020 3.34223e-015 9.78953e-011 3.91161e-007 0.000213217 0.0158546 0.160829 0.222559 0.0427732 0.0308943 0.159497 0.117274 0.036473 0.0964012 0.0553457 0.0299909 0.0217153 0.00692291 0.00252538 0.000597323 0.000116361 1.60258e-005 1.33554e-006 5.291e-008
 1.14294e-026 1.58447e-020 3.40202e-015 9.96466e-011 3.98158e-007 0.000217031 0.0161383 0.163706 0.22654 0.0435289 0.031073 0.16035 0.117879 0.0360289 0.0944376 0.0539201 0.0276894 0.0197947 0.006052 0.00210904 0.000450309 7.64973e-005 9.07298e-006 6.69222e-007 2.40203e-008
 1.14911e-026 1.59539e-020 3.42545e-015 1.00333e-010 4.00901e-007 0.000218526 0.0162494 0.164833 0.228101 0.0438339 0.0314882 0.162531 0.119458 0.0358567 0.093155 0.0529262 0.0258312 0.0181875 0.00520084 0.00172458 0.000345203 5.31985e-005 5.40797e-006 3.37777e-007 1.06238e-008
 1.14866e-026 1.59458e-020 3.42372e-015 1.00282e-010 4.00699e-007 0.000218416 0.0162412 0.16475 0.227986 0.0438228 0.031906 0.164769 0.121093 0.0360545 0.093286 0.0527127 0.0242292 0.0167694 0.004472 0.00139433 0.000255798 3.64337e-005 3.31847e-006 1.75983e-007 4.65429e-009
 1.17445e-026 1.64022e-020 3.52172e-015 1.03153e-010 4.12168e-007 0.000224668 0.0167061 0.169466 0.234511 0.0450541 0.0319168 0.164657 0.120986 0.0353328 0.0905171 0.0507311 0.0211447 0.0142227 0.00339265 0.000958389 0.000157121 2.00804e-005 1.6408e-006 7.68967e-008 1.71885e-009
 1.18207e-026 1.65372e-020 3.55069e-015 1.04001e-010 4.15558e-007 0.000226516 0.0168435 0.17086 0.23644 0.0454198 0.0319876 0.164986 0.121211 0.034926 0.0888516 0.0497718 0.0206152 0.0137894 0.00311342 0.000823931 0.000120021 1.35371e-005 9.69362e-007 4.01308e-008 7.84053e-010
 1.19615e-026 1.67861e-020 3.60414e-015 1.05567e-010 4.21813e-007 0.000229925 0.0170971 0.173432 0.239999 0.0461075 0.032624 0.168297 0.123596 0.0342684 0.0853718 0.0473881 0.0173623 0.0112341 0.00234201 0.000568433 7.4645e-005 7.38431e-006 4.51382e-007 1.60747e-008 2.73609e-010
 1.22853e-026 1.73591e-020 3.72718e-015 1.09171e-010 4.36214e-007 0.000237775 0.0176807 0.179352 0.248192 0.0476492 0.0324704 0.167262 0.122804 0.0331496 0.0813266 0.0447449 0.0142939 0.00884458 0.00161494 0.000333846 3.86778e-005 3.32908e-006 1.74382e-007 5.22692e-009 7.53989e-011
 1.21673e-026 1.71502e-020 3.68231e-015 1.07856e-010 4.30963e-007 0.000234912 0.0174679 0.177193 0.245205 0.0471157 0.0336527 0.173665 0.127458 0.0330931 0.0793118 0.0434444 0.0128772 0.00774679 0.00128306 0.000226985 2.23184e-005 1.57865e-006 6.97824e-008 1.76263e-009 2.11987e-011
 1.20216e-026 1.68922e-020 3.62693e-015 1.06234e-010 4.24481e-007 0.000231379 0.0172052 0.174528 0.241517 0.0464223 0.0337421 0.174239 0.127912 0.034116 0.0831013 0.0453866 0.0127098 0.00748811 0.00118853 0.000193663 1.69711e-005 9.89464e-007 3.50921e-008 7.21716e-010 7.19606e-012
 1.22147e-026 1.72341e-020 3.70034e-015 1.08385e-010 4.33073e-007 0.000236062 0.0175534 0.178061 0.246405 0.0473253 0.0329887 0.170082 0.124869 0.0335723 0.0821647 0.0449251 0.0128441 0.00760746 0.00117054 0.000179315 1.48765e-005 7.76837e-007 2.30622e-008 3.75269e-010 2.96633e-012
 1.21968e-026 1.72025e-020 3.69354e-015 1.08185e-010 4.32277e-007 0.000235629 0.0175212 0.177734 0.245952 0.0472514 0.0334427 0.172522 0.126631 0.0331977 0.0800348 0.0437942 0.0127221 0.00757959 0.00118097 0.000184509 1.48568e-005 7.26015e-007 1.96809e-008 2.73e-010 1.71403e-012
 1.224e-026 1.72788e-020 3.70992e-015 1.08665e-010 4.34194e-007 0.000236674 0.0175989 0.178522 0.247043 0.0474553 0.0333686 0.172097 0.126321 0.033184 0.0800976 0.0437075 0.0120428 0.0070472 0.00109291 0.000169536 1.37379e-005 6.7114e-007 1.73034e-008 2.19971e-010 1.20062e-012
 1.24327e-026 1.76199e-020 3.78316e-015 1.10811e-010 4.42766e-007 0.000241346 0.0179463 0.182046 0.251921 0.0483667 0.0330286 0.170152 0.124879 0.0323955 0.0775936 0.0422914 0.0113928 0.00660224 0.000988711 0.000143185 1.14106e-005 5.49899e-007 1.41763e-008 1.75438e-010 8.88465e-013
 1.24159e-026 1.75901e-020 3.77677e-015 1.10623e-010 4.42017e-007 0.000240938 0.017916 0.181738 0.251494 0.0482948 0.0333603 0.171937 0.12617 0.0322056 0.0763598 0.0416033 0.011136 0.00643673 0.000958186 0.000136582 1.05027e-005 4.76461e-007 1.20122e-008 1.47442e-010 7.35964e-013
 1.22833e-026 1.73553e-020 3.72635e-015 1.09146e-010 4.36117e-007 0.000237722 0.0176768 0.179313 0.248138 0.0476789 0.0340412 0.175667 0.128896 0.0325904 0.0767999 0.0417046 0.0104211 0.00586141 0.0008506 0.000114666 8.6171e-006 3.74706e-007 8.91693e-009 1.04041e-010 5.09598e-013
 1.21306e-026 1.70851e-020 3.66834e-015 1.07447e-010 4.29327e-007 0.000234021 0.0174016 0.176521 0.244274 0.0469505 0.0340574 0.175854 0.129065 0.0335196 0.0803389 0.0436418 0.0109656 0.00617522 0.000878417 0.000112777 8.24085e-006 3.41689e-007 7.84545e-009 8.69361e-011 4.01957e-013
 1.21416e-026 1.71046e-020 3.67252e-015 1.0757e-010 4.29817e-007 0.000234288 0.0174215 0.176722 0.244553 0.0470002 0.0339432 0.175236 0.128616 0.0335275 0.0805428 0.0437763 0.0111249 0.00629101 0.000889789 0.000112379 8.00046e-006 3.1358e-007 6.8769e-009 7.26476e-011 3.20405e-013
 1.2245e-026 1.72877e-020 3.71184e-015 1.08721e-010 4.34418e-007 0.000236796 0.017608 0.178614 0.247171 0.0474856 0.0336121 0.173397 0.127266 0.0331626 0.0796476 0.043313 0.011134 0.00632623 0.000901393 0.000115824 8.22262e-006 3.16689e-007 6.67619e-009 6.6736e-011 2.79838e-013
 1.24942e-026 1.77287e-020 3.80653e-015 1.11495e-010 4.455e-007 0.000242837 0.0180571 0.183171 0.253476 0.0486618 0.0330918 0.170449 0.125085 0.0321214 0.0764484 0.0415607 0.0106272 0.00602672 0.00086077 0.000111315 7.95952e-006 3.10279e-007 6.4956e-009 6.31082e-011 2.51787e-013
 1.25441e-026 1.7817e-020 3.82549e-015 1.1205e-010 4.4772e-007 0.000244046 0.0181471 0.184083 0.254739 0.0489065 0.0333432 0.171761 0.126021 0.0315996 0.074064 0.0402395 0.010173 0.00574384 0.000820413 0.000106164 7.61819e-006 2.99726e-007 6.34294e-009 6.19402e-011 2.42983e-013
 1.21008e-026 1.70323e-020 3.65701e-015 1.07115e-010 4.28001e-007 0.000233298 0.0173479 0.175976 0.24352 0.0468194 0.0345003 0.178244 0.130793 0.0332351 0.0785713 0.0427053 0.010877 0.00616211 0.000889265 0.000117931 8.54272e-006 3.41179e-007 7.30145e-009 7.22552e-011 2.86288e-013
 1.21932e-026 1.71957e-020 3.69209e-015 1.08143e-010 4.32107e-007 0.000235536 0.0175143 0.177664 0.245856 0.0472673 0.0347809 0.179683 0.131828 0.0328827 0.0767986 0.041417 0.00880117 0.00458734 0.000613032 6.65352e-005 4.57473e-006 1.72677e-007 3.63394e-009 3.58718e-011 1.43038e-013
 1.11989e-026 1.54353e-020 3.31412e-015 9.70719e-011 3.87871e-007 0.000211423 0.0157213 0.159476 0.220687 0.0426022 0.0380344 0.197744 0.145075 0.0360898 0.084138 0.0453316 0.00939694 0.00482447 0.000609695 5.44346e-005 3.37454e-006 1.05671e-007 2.03987e-009 1.92282e-011 7.57093e-014
 1.05645e-026 1.43126e-020 3.07306e-015 9.00112e-011 3.59658e-007 0.000196045 0.0145778 0.147876 0.204636 0.0395804 0.0382866 0.199511 0.146503 0.0401536 0.0993436 0.0533913 0.0102426 0.00503217 0.000617931 4.89377e-005 2.78649e-006 7.02606e-008 1.12726e-009 8.95199e-012 3.24797e-014
 2.03555e-026 3.1646e-020 6.79471e-015 1.9902e-010 7.95226e-007 0.000433467 0.0322323 0.326963 0.452455 0.0856513 0.0115844 0.0502144 0.0366414 0.00366584 0.000119141 3.67693e-005 2.63676e-006 2.58599e-008 3.4679e-011 7.50888e-015 2.4778e-018 6.15555e-022 2.48636e-026 2.47349e-027 2.47198e-027
 2.03858e-026 3.16998e-020 6.80625e-015 1.99358e-010 7.96575e-007 0.000434203 0.032287 0.327518 0.453223 0.0857929 0.0114552 0.0495033 0.0361219 0.00359886 5.92481e-005 5.57465e-006 3.94277e-007 3.86655e-009 5.17285e-012 9.45147e-016 2.55398e-020 6.21591e-025 2.49479e-027 2.47333e-027 2.47197e-027
 2.02664e-026 3.14883e-020 6.76085e-015 1.98028e-010 7.91262e-007 0.000431307 0.0320716 0.325333 0.4502 0.0852366 0.0120036 0.0525156 0.0383203 0.00381795 6.31215e-005 6.05493e-006 4.2841e-007 4.20129e-009 5.62061e-012 1.02602e-015 2.59112e-020 1.87768e-025 2.47895e-027 2.47339e-027 2.47201e-027
 2.00907e-026 3.11771e-020 6.69403e-015 1.96071e-010 7.83443e-007 0.000427045 0.0317547 0.322118 0.445751 0.0844178 0.0128095 0.0569428 0.0415514 0.00414154 7.48737e-005 9.95397e-006 7.08131e-007 6.94456e-009 9.29068e-012 1.69647e-015 4.37969e-020 5.64874e-025 2.49068e-027 2.47347e-027 2.47206e-027
 2.03697e-026 3.16711e-020 6.80009e-015 1.99178e-010 7.95855e-007 0.00043381 0.0322578 0.327221 0.452813 0.0857174 0.0115288 0.0499076 0.0364171 0.00362944 6.42809e-005 8.01735e-006 5.69829e-007 5.58824e-009 7.47614e-012 1.36512e-015 3.51998e-020 4.43575e-025 2.48709e-027 2.47334e-027 2.47197e-027
 2.05382e-026 3.19696e-020 6.86418e-015 2.01055e-010 8.03356e-007 0.000437899 0.0325618 0.330305 0.457081 0.0865028 0.0107553 0.045659 0.0333163 0.00331941 5.49624e-005 5.30831e-006 3.75633e-007 3.68373e-009 4.92821e-012 8.99698e-016 2.28599e-020 2.0222e-025 2.47966e-027 2.47326e-027 2.47192e-027
 2.05661e-026 3.20189e-020 6.87476e-015 2.01365e-010 8.04594e-007 0.000438574 0.032612 0.330814 0.457785 0.0866325 0.010628 0.0449594 0.0328057 0.00326784 5.13879e-005 3.78707e-006 2.66363e-007 2.61209e-009 3.49453e-012 6.37863e-016 1.60102e-020 9.12622e-026 2.47643e-027 2.47325e-027 2.47191e-027
 2.03708e-026 3.1673e-020 6.80051e-015 1.9919e-010 7.95904e-007 0.000433837 0.0322598 0.327242 0.452841 0.0857226 0.0115248 0.0498853 0.0364007 0.00362623 5.81346e-005 4.7899e-006 3.37811e-007 3.31278e-009 4.43193e-012 8.08974e-016 2.03155e-020 1.17882e-025 2.47701e-027 2.47334e-027 2.47197e-027
 2.02785e-026 3.15096e-020 6.76542e-015 1.98162e-010 7.91797e-007 0.000431599 0.0320933 0.325553 0.450504 0.0852926 0.0119486 0.0522134 0.0380998 0.00379559 6.12234e-005 5.21121e-006 3.67795e-007 3.60682e-009 4.82531e-012 8.80773e-016 2.21072e-020 1.25071e-025 2.47712e-027 2.47338e-027 2.472e-027
 2.01782e-026 3.13321e-020 6.7273e-015 1.97046e-010 7.87336e-007 0.000429167 0.0319125 0.323719 0.447966 0.0848254 0.0124079 0.0547365 0.0399412 0.00398086 7.12505e-005 9.18792e-006 6.53348e-007 6.40731e-009 8.57191e-012 1.56507e-015 4.01016e-020 4.40034e-025 2.4865e-027 2.47343e-027 2.47204e-027
 2.05083e-026 3.19166e-020 6.8528e-015 2.00722e-010 8.02024e-007 0.000437173 0.0325078 0.329758 0.456323 0.0863634 0.0108923 0.0464113 0.0338654 0.0033749 5.88866e-005 6.98648e-006 4.96178e-007 4.86593e-009 6.50981e-012 1.18862e-015 3.0552e-020 3.60582e-025 2.48453e-027 2.47327e-027 2.47193e-027
 2.14901e-026 3.3655e-020 7.22607e-015 2.11655e-010 8.45709e-007 0.000460985 0.0342785 0.347719 0.481178 0.0909374 0.00638308 0.021642 0.0157884 0.00157443 3.13897e-005 5.3315e-006 3.80446e-007 3.73104e-009 4.99162e-012 9.13013e-016 2.65718e-020 1.11049e-024 2.51176e-027 2.47282e-027 2.47162e-027
#obs surv len freq
 nan nan nan nan nan nan nan nan nan nan nan nan nan nan nan nan nan nan nan nan nan nan nan nan nan
 4.90959e-027 7.72732e-021 1.65914e-015 4.85967e-011 1.94179e-007 0.000105844 0.0078705 0.0798377 0.110482 0.0213132 0.0184679 0.0959306 0.0707419 0.0278046 0.0808017 0.0516071 0.0552147 0.0534526 0.0510029 0.0494571 0.0502256 0.0512055 0.054134 0.051195 0.0191497
 5.276e-027 8.30401e-021 1.78296e-015 5.22235e-011 2.0867e-007 0.000113743 0.00845787 0.085796 0.118727 0.0229032 0.0198205 0.102953 0.0759213 0.0298704 0.0868302 0.0552841 0.0582752 0.0549736 0.0485313 0.0440081 0.042476 0.0424787 0.0446481 0.0421644 0.0157675
 5.52204e-027 8.69126e-021 1.86611e-015 5.46589e-011 2.18401e-007 0.000119048 0.0088523 0.0897971 0.124264 0.0239722 0.0207797 0.107941 0.0795984 0.0312827 0.090902 0.057882 0.0610279 0.0573129 0.0495158 0.0421439 0.0372224 0.0349498 0.0359708 0.0338254 0.0126411
 5.6886e-027 8.95342e-021 1.92239e-015 5.63076e-011 2.24989e-007 0.000122638 0.00911931 0.0925056 0.128012 0.0246946 0.0213822 0.111066 0.0819048 0.032228 0.0936865 0.0596346 0.0627793 0.0589497 0.0508458 0.0425595 0.0352648 0.0298163 0.0287951 0.0266799 0.00995265
 5.80755e-027 9.14063e-021 1.96259e-015 5.7485e-011 2.29694e-007 0.000125203 0.00931 0.0944399 0.130689 0.0252092 0.021761 0.113023 0.083347 0.0327674 0.0952274 0.060633 0.0639122 0.0599925 0.0516771 0.0431871 0.0351206 0.0273608 0.0235764 0.0208937 0.00774709
 5.86348e-027 9.22866e-021 1.98149e-015 5.80386e-011 2.31906e-007 0.000126408 0.00939965 0.0953493 0.131947 0.0254538 0.0220423 0.114496 0.08443 0.0331194 0.0961778 0.0612373 0.0645481 0.0606276 0.0523147 0.0436929 0.0354133 0.0266554 0.0204311 0.0165231 0.00601459
 5.89583e-027 9.27958e-021 1.99243e-015 5.83588e-011 2.33185e-007 0.000127106 0.00945152 0.0958755 0.132675 0.0255949 0.0221877 0.115255 0.0849927 0.0334184 0.0971223 0.0617968 0.0649399 0.0609687 0.0525849 0.0439663 0.0356328 0.026537 0.0187926 0.0134041 0.00467628
 5.90963e-027 9.3013e-021 1.99709e-015 5.84954e-011 2.33731e-007 0.000127404 0.00947364 0.0960999 0.132986 0.025655 0.0222459 0.115558 0.0852174 0.0335389 0.0975051 0.0620851 0.0654499 0.06142 0.0528662 0.0441808 0.0358299 0.026626 0.018069 0.0113721 0.00369349
