SBPRF35
0.112866
Curr Bio
64.4926
B35
352.497
F35
0.901052
FOFL
0
OFL
0
Bzero
32247.4
#pred survey bio
 2093.59 1692.35 1323.56 1073.71 917.166 803.816 736.85 697.173 668.119 658.878 656.663 658.4 660.673 670.39 684.459 688.344 675.847 674.81 663.692 651.361 647.959 647.194 645.804 640.095 637.664 634.487 631.121 627.81 627.235 622.734 630.021 626.453 630.559 632.374 630.05 631.076 629.308 624.46 620.415 611.109 596.934 583.453 557.891 532.03 508.587 483.035 457.331 436.385 423.341 414.996 402.835 391.924 381.303 367.328 371.915 375.117 374.753 374.905 367.854 359.484 355.202 342.599 337.983 328.662 326.214 319.471 319.887 309.581 302.202 314.993 323.141 316.481 323.618 332.961 344.663 354.273 352.459 367.385 367.335 366.303 371.872 375.687 374.337 378.552 380.695 382.882 394.223 396.348 397.139 386.328 377.958 375.518 385.778 399.403 363.503 323.791 250.276 51.0314 50.3439 47.9663 46.9168 47.8034 51.6088 53.4064 53.0452 48.2351 48.4022 50.7168 63.92 2097.65 40297.1 118730 192686 232127 250679 259758 264601 267410 269139 270239 270951 271415 271719 271918 272048 272131 272186 272221 272244 272259 272268 272274 272278 272281 272283 272284 272285 272285 272285 272286 272286 272286 272286 272286 272286 272286 272286 272286 272286 272286 272286 272286 272286 272286 272286 272286 272286 272286 272286 272286 272286 272286 272286 272286 272286 272286 272286 272286 272286 272286 272286 272286 272286 272286 272286 272286 272286 272286 272286 272286 272286 272286 272286 272286 272286 272286 272286 272286 272286 272286 272286 272286 272286 272286 272286 272286 272286 272286 272286 272286 272286 272286 272286 272286 272286 272286 272286 272286 272286 0 0 0 0 0 0 0 0 0 0 0 0 0 0 0 0 0 0 0 0 0 0 0 0 0
#obs survey bio
 707.323 627.306 664.917 846.334 449.607 474.257 284.911 519.155 366.841 304.489 444.378 352.917 392.593 465.735 471.183 550.106 595.428 461.159 397.02 509.172 482.072 529.578 438.106 475.192 402.724 376.79 348.57 388.809 398.232 334.699 329.52 446.947 377.514 382.049 394.892 348.497 433.591 474.655 386.059 426.622 602.855 461.843 430.126 210.662 341.834 306.488 220.294 235.31 389.771 354.039 256.634 280.463 272.127 216.486 238.542 353.795 236.786 186.419 206.351 265.257 204.666 166.914 202.784 192.867 190.699 238.674 111.013 182.479 158.662 214.131 173.78 223.017 235.107 187.473 236.21 300.443 176.586 240.813 195.343 157.573 211.331 342.038 203.887 219.252 265.765 181.628 225.354 328.56 291.509 289.754 170.789 224.999 174.502 287.451 177.36 309.569 258.811 37.8833 35.9579 36.7853 37.5127 39.9035 36.2724 31.2274 36.6439 40.8048 30.2694 33.1329 30.601
#pred catch bio
 114.216 165.364 127.424 93.0754 90.2914 74.7454 67.5573 69.5791 60.1385 59.3298 59.9917 63.2003 59.0915 54.3284 59.7801 70.9705 58.5835 65.239 66.2599 59.4944 57.9406 58.4889 61.9031 58.8188 59.4594 60.0868 60.6185 59.0471 63.7203 54.5472 64.2331 57.652 59.007 62.3341 59.2479 61.0366 62.2961 58.8108 60.3338 62.6691 61.4305 73.0837 76.8269 78.8948 84.4564 88.4696 88.4592 84.5157 81.424 84.7456 83.8454 84.2207 89.5825 78.7524 84.5526 90.6154 91.4354 98.0441 99.9171 96.4162 102.549 95.8133 100.083 94.8984 98.434 92.1902 102.341 104.964 95.6529 104.941 121.032 115.294 120.702 126.785 134.977 149.508 143.456 162.078 168.843 168.795 170.448 174.54 173.032 176.654 179.738 178.474 188.628 187.516 192.145 186.51 182.94 179.471 178.663 208.067 187.658 177.017 237.563 43.4231 42.5825 40.0775 39.8292 40.6926 44.0298 45.1795 45.1738 40.3727 40.9974 42.9938 44.242 0 107.502 992.99 2503.46 3253.34 3524.84 3613.51 3640.81 3648.89 3651.21 3651.86 3652.04 3652.09 3652.1 3652.11 3652.11 3652.11 3652.11 3652.11 3652.11 3652.11 3652.11 3652.11 3652.11 3652.11 3652.11 3652.11 3652.11 3652.11 3652.11 3652.11 3652.11 3652.11 3652.11 3652.11 3652.11 3652.11 3652.11 3652.11 3652.11 3652.11 3652.11 3652.11 3652.11 3652.11 3652.11 3652.11 3652.11 3652.11 3652.11 3652.11 3652.11 3652.11 3652.11 3652.11 3652.11 3652.11 3652.11 3652.11 3652.11 3652.11 3652.11 3652.11 3652.11 3652.11 3652.11 3652.11 3652.11 3652.11 3652.11 3652.11 3652.11 3652.11 3652.11 3652.11 3652.11 3652.11 3652.11 3652.11 3652.11 3652.11 3652.11 3652.11 3652.11 3652.11 3652.11 3652.11 3652.11 3652.11 3652.11 3652.11 3652.11 3652.11 3652.11 3652.11 3652.11 3652.11 3652.11 3652.11 3652.11 0 0 0 0 0 0 0 0 0 0 0 0 0 0 0 0 0 0 0 0 0 0 0 0 0
#obs catch bio
 0 169.612 130.997 95.4043 94.1041 78.1793 71.1185 74.0013 63.4848 62.8353 63.5743 67.3805 62.7432 57.313 63.2553 75.744 61.494 69.076 70.3156 62.7136 61.0616 61.74 65.7511 62.137 62.9219 63.6594 64.4948 62.6188 68.0424 57.5971 68.9222 61.1241 62.6756 66.4306 62.8645 64.9981 66.4223 62.4363 64.0625 66.5022 64.8712 78.0072 82.3454 84.98 91.6905 96.2409 96.3593 92.3336 87.8552 90.8353 89.617 89.6391 95.826 83.5022 90.5889 97.2391 97.8295 105.697 107.53 103.244 110.927 102.269 107.277 101.472 105.487 97.7692 110.481 112.965 101.95 110.331 129.238 119.995 125.741 132.484 139.839 154.896 146.974 165.833 174.688 173.458 176.244 177.134 174.676 183.772 182.823 183.337 196.482 192.015 194.264 187.274 185.171 180.745 181.727 212.889 189.739 176.121 228.836 40.1477 40.0248 37.1127 36.559 37.9377 41.7804 43.1553 42.3311 37.1799 38.3573 40.6639 42.7747
#pred cpue bio
 1926.5 1544.25 1185.99 940.916 786.458 673.618 605.74 565.037 535.37 524.618 520.18 519.484 519.106 526.621 540.977 547.438 538.048 539.401 530.457 519.051 515.36 514.183 513.225 508.682 507.013 504.084 500.59 497.292 496.393 491.15 497.38 493.745 497.938 500.071 497.891 499.034 497.976 494.976 494.265 488.463 476.822 465.211 441.149 415.759 392.447 367.875 343.045 321.908 309.073 302.117 291.68 282.022 272.127 257.117 256.983 255.605 253.112 252.88 246.213 237.864 234.384 223.979 219.912 210.896 208.281 202.262 203.188 192.318 179.793 183.866 186.222 176.648 177.114 178.125 180.538 182.728 176.025 181.217 174.456 167.087 165.701 169.24 168.928 168.968 168.837 167.743 170.964 170.291 173.735 169.54 165.478 161.431 162.692 172.818 153.82 141.165 115.291 6.52356 5.99636 5.96505 6.06514 5.65281 5.82409 6.09507 6.4271 5.97985 6.11871 5.95724 6.77119 371.631 3440.68 33551.8 97972.8 136902 155433 164510 169353 172162 173891 174991 175703 176167 176471 176670 176800 176884 176938 176973 176996 177011 177020 177027 177031 177033 177035 177036 177037 177037 177038 177038 177038 177038 177038 177038 177038 177038 177038 177038 177038 177038 177038 177038 177038 177038 177038 177038 177038 177038 177038 177038 177038 177038 177038 177038 177038 177038 177038 177038 177038 177038 177038 177038 177038 177038 177038 177038 177038 177038 177038 177038 177038 177038 177038 177038 177038 177038 177038 177038 177038 177038 177038 177038 177038 177038 177038 177038 177038 177038 177038 177038 177038 177038 177038 177038 177038 177038 177038 177038 177038 0 0 0 0 0 0 0 0 0 0 0 0 0 0 0 0 0 0 0 0 0 0 0 0 0
#obs cpue bio
 840.148 587.765 606.164 552.771 300.299 237.227 299.62 253.39 355.707 345.104 336.105 306.605 292.743 285.677 441.052 487.285 287.17 342.944 345.951 279.096 278.791 240.229 257.98 338.481 310.267 331.621 248.869 353.218 317.345 265.416 298.755 335.378 316.344 351.426 300.51 299.611 302.77 248.038 400.185 439.102 269.06 330.532 230.588 325.823 214.25 250.204 222.478 132.665 185.466 212.005 177.992 191.699 159.753 148.753 122.577 120.778 148.011 156.596 168.488 122.427 121.224 191.154 137.449 120.871 135.731 122.16 143.704 141.703 121.509 187.45 126.779 185.485 130.496 152.755 185.331 155.656 232.18 231.73 187.979 262.086 171.48 202.025 235.347 129.381 244.183 186.181 157.648 181.732 228.238 226.548 255.847 252.975 227.936 230.924 260.136 198.061 204.106 28.2827 22.0985 26.5273 29.0157 19.8996 18.5197 21.2146 26.9627 26.3239 26.5547 21.7985 22.6042
#pred surv len freq
 7.18681e-027 8.33741e-021 1.79012e-015 5.24335e-011 2.09509e-007 0.000114201 0.00849186 0.086141 0.119204 0.0229468 0.0180049 0.0932276 0.0687424 0.0268488 0.0778636 0.050002 0.0547982 0.0538024 0.0529507 0.0511125 0.0507439 0.0503517 0.0532276 0.0466839 0.0147414
 7.63838e-027 9.13598e-021 1.96159e-015 5.74557e-011 2.29576e-007 0.000125139 0.00930523 0.0943917 0.130622 0.0251166 0.0186258 0.0962522 0.07093 0.0265119 0.0757116 0.0486828 0.0536442 0.0523098 0.0504756 0.0482435 0.0475898 0.0465695 0.0476278 0.0426584 0.0146065
 8.28848e-027 1.02863e-020 2.20857e-015 6.46899e-011 2.58482e-007 0.000140895 0.0104768 0.106277 0.147068 0.0282583 0.0201584 0.104024 0.0765997 0.0270238 0.0754963 0.0477646 0.0490328 0.0475671 0.0457661 0.0430119 0.0417321 0.0403773 0.0403328 0.0360711 0.0128208
 8.80571e-027 1.12017e-020 2.40512e-015 7.04469e-011 2.81485e-007 0.000153434 0.0114092 0.115735 0.160157 0.0307668 0.0217051 0.111958 0.0824128 0.0282418 0.0779731 0.0486879 0.046908 0.0442705 0.0400707 0.0372899 0.0356335 0.033779 0.0330922 0.0292363 0.0105197
 9.19732e-027 1.1895e-020 2.55397e-015 7.4807e-011 2.98907e-007 0.00016293 0.0121154 0.122898 0.170069 0.032662 0.0226928 0.116985 0.0861071 0.0293439 0.0808247 0.0501942 0.0470146 0.0434636 0.0369975 0.0325373 0.0299994 0.0278722 0.0266383 0.023119 0.00830342
 9.54485e-027 1.25103e-020 2.68608e-015 7.86765e-011 3.14368e-007 0.000171358 0.012742 0.129255 0.178866 0.0343443 0.0235869 0.12154 0.0894419 0.0299894 0.0820441 0.0508043 0.0468718 0.0429137 0.0353701 0.0295479 0.0253563 0.0224409 0.0208133 0.0176288 0.00627244
 9.75612e-027 1.28844e-020 2.76641e-015 8.10295e-011 3.2377e-007 0.000176483 0.0131231 0.13312 0.184215 0.03537 0.0242371 0.124879 0.0918913 0.0305867 0.0834168 0.0514966 0.0467472 0.0425711 0.0345499 0.0281157 0.0227599 0.0185284 0.0162381 0.013309 0.00466784
 9.85615e-027 1.30617e-020 2.80447e-015 8.2144e-011 3.28223e-007 0.00017891 0.0133036 0.134951 0.186749 0.0358598 0.0246976 0.127277 0.0936537 0.0311172 0.0847964 0.0522649 0.0470348 0.042614 0.0340565 0.0273386 0.0214528 0.0162165 0.0129337 0.0100482 0.00345545
 9.95121e-027 1.32301e-020 2.84062e-015 8.32031e-011 3.32455e-007 0.000181217 0.0134752 0.136691 0.189157 0.0363209 0.0249668 0.128654 0.0946676 0.0314571 0.0857244 0.0527549 0.0470744 0.0425039 0.0336222 0.0266473 0.0205024 0.014809 0.0106678 0.00758971 0.00253248
 1.00309e-026 1.33713e-020 2.87095e-015 8.40915e-011 3.36005e-007 0.000183152 0.013619 0.138151 0.191176 0.0367017 0.0249595 0.128563 0.0946025 0.0314978 0.0859089 0.052928 0.0475122 0.0428415 0.0336531 0.0264508 0.0200416 0.0140599 0.00934328 0.0059255 0.00188123
 1.0077e-026 1.3453e-020 2.88849e-015 8.46052e-011 3.38057e-007 0.000184271 0.0137022 0.138995 0.192344 0.0369261 0.0251208 0.129396 0.0952061 0.0314432 0.0854645 0.0526712 0.0473714 0.0427883 0.033763 0.0264221 0.019813 0.0136141 0.00854302 0.00481252 0.0014192
 1.01124e-026 1.35157e-020 2.90194e-015 8.49992e-011 3.39632e-007 0.000185129 0.013766 0.139642 0.19324 0.0370975 0.0252161 0.129882 0.0955636 0.0315475 0.0857294 0.0527332 0.0469391 0.0423778 0.0335018 0.0263081 0.0196945 0.013347 0.00804535 0.00408399 0.00109918
 1.01664e-026 1.36113e-020 2.92249e-015 8.56009e-011 3.42036e-007 0.00018644 0.0138635 0.140631 0.194608 0.0373577 0.0252962 0.130275 0.0958499 0.0315601 0.0856672 0.0526564 0.0466795 0.0420045 0.0328912 0.0258247 0.0193905 0.0130996 0.00768814 0.00359177 0.000878475
 1.00832e-026 1.3464e-020 2.89085e-015 8.46742e-011 3.38333e-007 0.000184421 0.0137134 0.139108 0.192501 0.0369657 0.0255112 0.13148 0.0967359 0.0318408 0.0864164 0.0531301 0.0471621 0.04241 0.0330898 0.0257931 0.0192813 0.0130473 0.00756103 0.00332324 0.000744658
 9.89232e-027 1.31263e-020 2.81834e-015 8.25503e-011 3.29847e-007 0.000179795 0.0133694 0.135619 0.187673 0.036054 0.0254803 0.13144 0.0967264 0.0323917 0.0885617 0.0545051 0.0486456 0.0437956 0.0342425 0.0266345 0.0197732 0.0133094 0.00767801 0.00324368 0.00067694
 9.81234e-027 1.29848e-020 2.78797e-015 8.16608e-011 3.26292e-007 0.000177858 0.0132254 0.134157 0.185651 0.0356639 0.0251432 0.129689 0.0954555 0.0324577 0.0893117 0.0551273 0.0499721 0.045103 0.0354101 0.0275982 0.0204666 0.0136776 0.00783662 0.00323456 0.000641031
 9.81833e-027 1.29954e-020 2.79025e-015 8.17276e-011 3.26559e-007 0.000178003 0.0132362 0.134267 0.185802 0.0356926 0.0251443 0.129691 0.0954478 0.0322009 0.0883188 0.0545813 0.0498115 0.0451399 0.0358555 0.028071 0.0208827 0.0139318 0.00791622 0.00321479 0.000615697
 9.77178e-027 1.29131e-020 2.77257e-015 8.12099e-011 3.24491e-007 0.000176876 0.0131523 0.133417 0.184625 0.0354663 0.0249787 0.128836 0.0948253 0.0321832 0.0884907 0.054715 0.0500679 0.0454968 0.0364762 0.0288399 0.0216516 0.0144953 0.00820312 0.00328691 0.000615486
 9.82915e-027 1.30147e-020 2.79438e-015 8.18486e-011 3.27043e-007 0.000178267 0.0132558 0.134466 0.186077 0.0357381 0.0248937 0.128344 0.0944583 0.0319313 0.0876534 0.0541981 0.0496014 0.0450867 0.0362118 0.0288273 0.0218994 0.0148201 0.00840604 0.00333783 0.000615078
 9.91385e-027 1.31646e-020 2.82656e-015 8.27911e-011 3.30809e-007 0.00018032 0.0134084 0.136014 0.18822 0.0361442 0.0249688 0.12869 0.0947023 0.0317143 0.0867144 0.0535492 0.0486833 0.0442227 0.0355093 0.0283031 0.0216414 0.0148439 0.00850636 0.00336947 0.000613946
 9.95579e-027 1.32388e-020 2.84249e-015 8.32578e-011 3.32674e-007 0.000181336 0.013484 0.136781 0.189281 0.0363455 0.0250136 0.128901 0.0948549 0.0316747 0.0865006 0.0533677 0.0482784 0.0437738 0.0349868 0.0278659 0.0213366 0.0147555 0.00857882 0.00341835 0.000619212
 9.94783e-027 1.32246e-020 2.83946e-015 8.3169e-011 3.32319e-007 0.000181143 0.0134696 0.136635 0.189079 0.0363103 0.0251249 0.129502 0.0952946 0.0317553 0.0866441 0.0534358 0.04824 0.0436767 0.0347524 0.0275697 0.021055 0.0145977 0.00858492 0.00346315 0.000627854
 9.89719e-027 1.3135e-020 2.82021e-015 8.26052e-011 3.30066e-007 0.000179915 0.0133783 0.135709 0.187798 0.0360706 0.0252077 0.129979 0.0956494 0.0319875 0.0874084 0.0538768 0.0484881 0.0438638 0.0348194 0.027524 0.0209133 0.0144604 0.00855229 0.00349604 0.000638439
 9.90206e-027 1.31436e-020 2.82207e-015 8.26596e-011 3.30283e-007 0.000180033 0.0133871 0.135798 0.187921 0.036092 0.0251318 0.129569 0.095354 0.0320533 0.0877781 0.0541078 0.0487066 0.0440158 0.0348131 0.0274561 0.020777 0.0142856 0.00844371 0.00348555 0.000643421
 9.91018e-027 1.3158e-020 2.82516e-015 8.27501e-011 3.30645e-007 0.00018023 0.0134018 0.135947 0.188127 0.0361292 0.0250693 0.129229 0.0951026 0.0319339 0.0874133 0.0539688 0.0489975 0.0443213 0.0350695 0.0275891 0.0208019 0.0142312 0.00837027 0.0034693 0.000647101
 9.94829e-027 1.32255e-020 2.83964e-015 8.31742e-011 3.32339e-007 0.000181154 0.0134705 0.136644 0.189091 0.0363105 0.0250471 0.129086 0.0949932 0.0317981 0.0869273 0.0536471 0.0486066 0.0440577 0.0351153 0.0276626 0.0208198 0.0141778 0.00828929 0.00343107 0.000644438
 9.96694e-027 1.32585e-020 2.84672e-015 8.33817e-011 3.33168e-007 0.000181606 0.0135041 0.136985 0.189563 0.0364022 0.0251526 0.129638 0.095394 0.031775 0.0866819 0.0534495 0.0482065 0.0436509 0.0347467 0.0275091 0.0207924 0.0141316 0.00821478 0.00338445 0.000637148
 9.97033e-027 1.32644e-020 2.848e-015 8.34193e-011 3.33319e-007 0.000181688 0.0135102 0.137046 0.189648 0.0364201 0.025224 0.130017 0.0956741 0.0318888 0.0870144 0.0535888 0.0480116 0.0433938 0.0343913 0.0271851 0.020611 0.0140703 0.00815495 0.00333991 0.00062764
 1.00129e-026 1.33397e-020 2.86417e-015 8.38927e-011 3.3521e-007 0.000182719 0.0135868 0.137824 0.190725 0.0366206 0.0251237 0.129453 0.0952616 0.0318296 0.086944 0.0535658 0.0480847 0.0433943 0.0341892 0.0269182 0.02035 0.0139321 0.00809577 0.00330082 0.000617634
 1.006e-026 1.34231e-020 2.88206e-015 8.44169e-011 3.37305e-007 0.000183861 0.0136717 0.138685 0.191916 0.0368497 0.0252883 0.130303 0.0958756 0.0317164 0.0862669 0.0531225 0.0475665 0.0429256 0.0338217 0.026515 0.0199279 0.013604 0.007927 0.00323052 0.000601755
 1.00207e-026 1.33535e-020 2.86712e-015 8.39791e-011 3.35556e-007 0.000182907 0.0136008 0.137966 0.190921 0.0366616 0.0252779 0.130273 0.0958599 0.0318907 0.0869497 0.0535261 0.0478432 0.0431654 0.0340049 0.0266625 0.0199738 0.0135476 0.00787919 0.00321561 0.000597509
 1.00231e-026 1.33578e-020 2.86805e-015 8.40065e-011 3.35665e-007 0.000182967 0.0136053 0.138011 0.190983 0.0366761 0.0253858 0.130848 0.0962809 0.0319597 0.0870545 0.0535553 0.0476971 0.0429735 0.0337317 0.0264266 0.0197887 0.0133706 0.00773014 0.00315235 0.000585553
 9.97662e-027 1.32755e-020 2.85039e-015 8.34891e-011 3.33598e-007 0.00018184 0.0135215 0.137161 0.189807 0.0364525 0.0253187 0.13052 0.0960471 0.0320977 0.0876819 0.053985 0.0482868 0.0434984 0.0340736 0.0266206 0.0198891 0.0134206 0.00771958 0.00313452 0.000582008
 9.97657e-027 1.32755e-020 2.85037e-015 8.34887e-011 3.33596e-007 0.000181839 0.0135214 0.13716 0.189806 0.0364494 0.0252032 0.129902 0.0955946 0.0320107 0.0875199 0.053952 0.0485814 0.043836 0.0344539 0.0268916 0.0200302 0.0134772 0.00772824 0.00312101 0.000578166
 9.99513e-027 1.33083e-020 2.85743e-015 8.36952e-011 3.34421e-007 0.000182289 0.0135549 0.1375 0.190276 0.0365392 0.0252503 0.130142 0.0957652 0.0319003 0.0870249 0.053635 0.0482448 0.0435962 0.0344522 0.0269748 0.0201059 0.0134839 0.00770434 0.00309662 0.000571383
 9.96683e-027 1.32582e-020 2.84667e-015 8.33802e-011 3.33163e-007 0.000181603 0.0135038 0.136982 0.189559 0.0364049 0.025285 0.130346 0.0959169 0.0319938 0.0873291 0.0537948 0.0482535 0.0435895 0.0344545 0.0270832 0.0202847 0.013615 0.00775091 0.00310084 0.000569589
 9.94357e-027 1.32171e-020 2.83783e-015 8.31214e-011 3.32128e-007 0.000181039 0.0134619 0.136557 0.188971 0.0362939 0.0252844 0.130359 0.0959291 0.0320835 0.0876729 0.0540038 0.0484245 0.0437054 0.0344487 0.0270711 0.0203397 0.0137222 0.00781117 0.00311102 0.0005688
 9.85328e-027 1.30572e-020 2.80352e-015 8.21162e-011 3.28112e-007 0.00017885 0.0132991 0.134906 0.186686 0.0358662 0.0254163 0.131123 0.0964935 0.0323159 0.0883585 0.0544412 0.0488882 0.0441214 0.034746 0.0272459 0.0204446 0.0138403 0.00791149 0.00314472 0.000572414
 9.7403e-027 1.28573e-020 2.7606e-015 8.08591e-011 3.23089e-007 0.000176112 0.0130955 0.13284 0.183828 0.0353231 0.0252633 0.130379 0.0959627 0.0326101 0.0897075 0.0553252 0.0499312 0.0451093 0.0355925 0.0279016 0.020896 0.0141323 0.00811001 0.00322953 0.000586102
 9.76551e-027 1.2902e-020 2.77019e-015 8.11402e-011 3.24212e-007 0.000176724 0.0131411 0.133302 0.184467 0.0354349 0.0249182 0.128516 0.094598 0.0323333 0.0891617 0.0551402 0.0504957 0.0457313 0.0362339 0.02846 0.0213259 0.0143969 0.00826527 0.00330232 0.000599122
 9.80193e-027 1.29665e-020 2.78403e-015 8.15455e-011 3.25832e-007 0.000177607 0.0132067 0.133968 0.185388 0.0356113 0.0250203 0.129039 0.0949659 0.0319917 0.0876932 0.0542616 0.0498491 0.0453249 0.0363569 0.028692 0.0215721 0.0145724 0.00835617 0.00334466 0.000607847
 9.85313e-027 1.30571e-020 2.80348e-015 8.21152e-011 3.28108e-007 0.000178848 0.013299 0.134904 0.186684 0.0358563 0.0250442 0.129133 0.0950344 0.0319885 0.0876506 0.0540664 0.0488584 0.0443987 0.0357515 0.0284804 0.021616 0.0146631 0.00841217 0.00336749 0.000613171
 9.99993e-027 1.33168e-020 2.85925e-015 8.37486e-011 3.34635e-007 0.000182405 0.0135635 0.137587 0.190397 0.0365634 0.0253021 0.130416 0.095963 0.0318686 0.0868226 0.0533869 0.0474259 0.0428002 0.0338732 0.0269843 0.0206607 0.01417 0.00816587 0.00327061 0.000596182
 1.0171e-026 1.36195e-020 2.92423e-015 8.5652e-011 3.4224e-007 0.000186551 0.0138718 0.140714 0.194724 0.0373882 0.025635 0.132084 0.0971766 0.0318733 0.0863672 0.052865 0.0457883 0.041021 0.0318658 0.0249994 0.0189939 0.0131458 0.00765832 0.00307851 0.000561631
 1.02709e-026 1.3796e-020 2.96214e-015 8.67622e-011 3.46676e-007 0.000188969 0.0140516 0.142538 0.197248 0.0378771 0.0261361 0.1347 0.0990871 0.0321144 0.0865623 0.0527662 0.044635 0.039623 0.0300041 0.0231359 0.0172256 0.0118181 0.00695215 0.00281978 0.000515629
 1.03504e-026 1.39366e-020 2.99232e-015 8.76464e-011 3.50209e-007 0.000190895 0.0141948 0.143991 0.199258 0.0382678 0.026584 0.137044 0.100807 0.0325395 0.0875446 0.0531004 0.0436162 0.0383524 0.0282973 0.0213408 0.0154773 0.0103779 0.00607149 0.00248727 0.000457434
 1.05488e-026 1.42877e-020 3.06771e-015 8.98547e-011 3.59033e-007 0.000195704 0.0145524 0.147619 0.204279 0.0392183 0.0267211 0.137647 0.101245 0.0325513 0.0874167 0.0528427 0.0425097 0.0370092 0.0264732 0.0195078 0.013725 0.00891273 0.00509772 0.0020892 0.000387222
 1.0698e-026 1.45516e-020 3.12438e-015 9.15143e-011 3.65664e-007 0.000199319 0.0148212 0.150345 0.208052 0.0399419 0.0271819 0.140014 0.102963 0.0324431 0.0863314 0.0520514 0.0412109 0.0356277 0.0249079 0.0179021 0.0121763 0.00761773 0.00420211 0.00169529 0.000315409
 1.0682e-026 1.45232e-020 3.11828e-015 9.13358e-011 3.64951e-007 0.00019893 0.0147923 0.150052 0.207646 0.0398774 0.0276568 0.142565 0.104836 0.0329526 0.0875832 0.0525866 0.0405471 0.0348291 0.0239587 0.0169119 0.0111518 0.00669362 0.00352826 0.00137763 0.000254575
 1.06604e-026 1.44849e-020 3.11005e-015 9.10948e-011 3.63988e-007 0.000198405 0.0147533 0.149656 0.207098 0.0397736 0.0276391 0.142484 0.104793 0.0333821 0.0892672 0.0535718 0.0411607 0.0351346 0.0235887 0.016404 0.0105743 0.006113 0.0030612 0.00114003 0.000206228
 1.07301e-026 1.46084e-020 3.13656e-015 9.18711e-011 3.6709e-007 0.000200096 0.014879 0.150931 0.208863 0.0401069 0.027654 0.142518 0.104812 0.0332268 0.0886576 0.0532409 0.04108 0.0350336 0.023352 0.0159636 0.0100428 0.0056388 0.00268914 0.000945179 0.000164834
 1.0782e-026 1.47e-020 3.15623e-015 9.24475e-011 3.69393e-007 0.000201351 0.0149723 0.151878 0.210173 0.0403584 0.0278203 0.143374 0.105431 0.0331515 0.0881246 0.0528356 0.0403518 0.0344005 0.0229828 0.0156439 0.00967874 0.00527613 0.00241382 0.000798564 0.000132487
 1.0897e-026 1.49036e-020 3.19995e-015 9.37279e-011 3.74509e-007 0.00020414 0.0151797 0.153982 0.213084 0.0409081 0.0278421 0.143415 0.105457 0.0330159 0.0875848 0.0523747 0.039318 0.0333717 0.0220671 0.0150124 0.00926122 0.00495198 0.00218127 0.000681931 0.000106807
 1.12006e-026 1.54409e-020 3.31531e-015 9.71069e-011 3.8801e-007 0.0002115 0.0157269 0.159533 0.220766 0.0423578 0.0278625 0.143324 0.105366 0.0323098 0.0848729 0.0505511 0.036951 0.0311256 0.0201702 0.0135781 0.00832282 0.00442522 0.00189789 0.000563833 8.32848e-005
 1.13674e-026 1.5736e-020 3.37868e-015 9.89629e-011 3.95427e-007 0.000215542 0.0160275 0.162582 0.224986 0.0431558 0.027939 0.143623 0.105568 0.031885 0.0831438 0.0494614 0.0358587 0.0300357 0.019055 0.0126178 0.00759743 0.00400203 0.00169386 0.000483605 6.76049e-005
 1.13545e-026 1.57129e-020 3.37372e-015 9.88178e-011 3.94847e-007 0.000215226 0.016004 0.162344 0.224656 0.043112 0.0286623 0.147502 0.108397 0.0321024 0.0828926 0.0490722 0.0343888 0.0286264 0.0179466 0.0116993 0.00688071 0.00354961 0.00148184 0.000412268 5.50194e-005
 1.13105e-026 1.5635e-020 3.35698e-015 9.83274e-011 3.92887e-007 0.000214158 0.0159246 0.161538 0.223541 0.0429103 0.0290025 0.149351 0.109766 0.0327973 0.0850567 0.0500684 0.0336414 0.0276563 0.0167572 0.0107689 0.00621813 0.00312291 0.00127305 0.000346773 4.47162e-005
 1.12547e-026 1.55363e-020 3.3358e-015 9.7707e-011 3.90408e-007 0.000212807 0.0158241 0.160519 0.22213 0.0426462 0.0290783 0.149793 0.110101 0.0331971 0.0864806 0.0509487 0.034429 0.0280903 0.0163563 0.0102125 0.00572668 0.00281007 0.00111119 0.000294731 3.7011e-005
 1.13521e-026 1.57086e-020 3.37278e-015 9.87903e-011 3.94737e-007 0.000215166 0.0159996 0.162299 0.224593 0.0431099 0.029045 0.149551 0.109918 0.0329915 0.0857515 0.0504577 0.0337906 0.0275458 0.0160147 0.00976261 0.00524633 0.00248307 0.000951549 0.000244144 2.9846e-005
 1.14178e-026 1.58248e-020 3.39775e-015 9.95215e-011 3.97658e-007 0.000216759 0.016118 0.1635 0.226256 0.0434315 0.0293581 0.151182 0.111099 0.0328235 0.0846414 0.049676 0.0326268 0.0264744 0.0152279 0.00925106 0.00487995 0.00220507 0.000808894 0.000199877 2.36781e-005
 1.13353e-026 1.56788e-020 3.36639e-015 9.86031e-011 3.93989e-007 0.000214758 0.0159693 0.161991 0.224168 0.0430458 0.0296771 0.152944 0.112396 0.0332972 0.0859777 0.0503425 0.0324624 0.0261894 0.014804 0.00890451 0.00465313 0.00205714 0.000717478 0.000168878 1.92805e-005
 1.14406e-026 1.58651e-020 3.40639e-015 9.97747e-011 3.9867e-007 0.00021731 0.016159 0.163916 0.226831 0.0435467 0.0296165 0.15255 0.112107 0.0332135 0.0857607 0.0500744 0.0315697 0.0252868 0.0139787 0.00828131 0.00425403 0.00185497 0.000626883 0.000139636 1.52209e-005
 1.15159e-026 1.59983e-020 3.435e-015 1.00613e-010 4.02018e-007 0.000219135 0.0162947 0.165293 0.228736 0.0439041 0.0295412 0.152098 0.111769 0.032947 0.0848577 0.0495984 0.0315296 0.0251907 0.0136625 0.00795914 0.00399515 0.00170709 0.000564688 0.000120453 1.24461e-005
 1.16146e-026 1.61729e-020 3.47249e-015 1.01711e-010 4.06406e-007 0.000221527 0.0164725 0.167097 0.231233 0.0443825 0.0298341 0.1536 0.11285 0.0326309 0.0832103 0.0484626 0.0299434 0.023849 0.0129546 0.00746798 0.00366348 0.00152461 0.000491798 0.00010162 1.00028e-005
 1.16216e-026 1.61854e-020 3.47516e-015 1.01789e-010 4.06718e-007 0.000221697 0.0164852 0.167225 0.23141 0.0444186 0.0299327 0.154123 0.113236 0.0328063 0.0837395 0.0486628 0.0295106 0.0233377 0.0123818 0.00710459 0.00346183 0.00140577 0.000439725 8.8085e-005 8.33927e-006
 1.16473e-026 1.62307e-020 3.48489e-015 1.02074e-010 4.07857e-007 0.000222318 0.0165314 0.167693 0.232058 0.0445467 0.0301642 0.155344 0.114124 0.0327945 0.0833496 0.0483417 0.0288352 0.0226661 0.0117713 0.0066326 0.00317591 0.00127694 0.000388658 7.51984e-005 6.8754e-006
 1.16108e-026 1.61663e-020 3.47106e-015 1.01669e-010 4.06238e-007 0.000221435 0.0164658 0.167028 0.231137 0.0443704 0.0300625 0.154824 0.113755 0.033052 0.0844919 0.0490326 0.0293824 0.0230615 0.0118297 0.00657043 0.00307057 0.00120882 0.000361572 6.77691e-005 5.97885e-006
 1.19777e-026 1.68155e-020 3.61045e-015 1.05752e-010 4.22553e-007 0.000230328 0.017127 0.173736 0.24042 0.0461115 0.02967 0.152483 0.11201 0.0318557 0.0805165 0.0465722 0.0271377 0.0212007 0.0108192 0.00595937 0.00273555 0.00104897 0.000306025 5.59464e-005 4.77226e-006
 1.23864e-026 1.75388e-020 3.76576e-015 1.10301e-010 4.40729e-007 0.000240236 0.0178637 0.181209 0.250761 0.0480683 0.0298996 0.153442 0.112655 0.0303503 0.0744174 0.0427368 0.0233577 0.017975 0.00888179 0.00483709 0.00219886 0.000826693 0.000234171 4.16088e-005 3.44773e-006
 1.24232e-026 1.76038e-020 3.77972e-015 1.1071e-010 4.42363e-007 0.000241126 0.01793 0.18188 0.251691 0.0482551 0.0303501 0.155828 0.114391 0.0303798 0.0738581 0.0421886 0.0218901 0.016561 0.00775561 0.00409514 0.00181238 0.000672033 0.000185932 3.19886e-005 2.57265e-006
 1.23105e-026 1.74043e-020 3.73686e-015 1.09454e-010 4.37347e-007 0.000238393 0.0177267 0.179818 0.248837 0.0477367 0.0311304 0.160077 0.117499 0.0308955 0.0746578 0.0424278 0.020887 0.0155352 0.00689197 0.00348635 0.0014627 0.000524428 0.000142017 2.37512e-005 1.84925e-006
 1.25745e-026 1.78715e-020 3.83718e-015 1.12393e-010 4.49088e-007 0.000244792 0.0182026 0.184646 0.255517 0.0489943 0.031027 0.15935 0.116949 0.0302811 0.0724769 0.0408544 0.0183773 0.0133264 0.00555108 0.00268063 0.00105589 0.000356361 9.25092e-005 1.50454e-005 1.13614e-006
 1.27289e-026 1.81447e-020 3.89584e-015 1.14111e-010 4.55954e-007 0.000248535 0.0184808 0.187469 0.259424 0.049731 0.0310172 0.159196 0.116816 0.029702 0.0702797 0.0395522 0.017465 0.0124847 0.00480746 0.00219546 0.000806126 0.000253348 6.13325e-005 9.52117e-006 6.96992e-007
 1.28644e-026 1.83844e-020 3.94731e-015 1.15618e-010 4.61977e-007 0.000251818 0.018725 0.189945 0.262851 0.0503816 0.0311802 0.159979 0.117366 0.0291502 0.067923 0.0380637 0.0159713 0.0112704 0.00423735 0.00185298 0.000624097 0.000180865 4.01933e-005 5.79328e-006 4.05102e-007
 1.29614e-026 1.8556e-020 3.98416e-015 1.16698e-010 4.66289e-007 0.000254168 0.0188998 0.191718 0.265304 0.0508499 0.0313903 0.161039 0.118124 0.028781 0.066195 0.0369238 0.0145993 0.0101099 0.00361773 0.00153643 0.000495379 0.000131618 2.64633e-005 3.46706e-006 2.25769e-007
 1.29043e-026 1.84549e-020 3.96245e-015 1.16062e-010 4.63749e-007 0.000252784 0.0187968 0.190674 0.263859 0.0505943 0.0320612 0.164665 0.120764 0.028867 0.0655081 0.0363783 0.0135354 0.00918111 0.00309982 0.00125935 0.000385436 9.73708e-005 1.78195e-005 2.08544e-006 1.23384e-007
 1.31436e-026 1.88785e-020 4.05339e-015 1.18726e-010 4.74392e-007 0.000258585 0.0192282 0.19505 0.269915 0.051733 0.0319163 0.163733 0.120057 0.0280595 0.0626418 0.0345467 0.0115925 0.00760451 0.00240039 0.000924378 0.000264429 6.29101e-005 1.07625e-005 1.13404e-006 5.97877e-008
 1.32411e-026 1.9051e-020 4.09043e-015 1.19811e-010 4.78728e-007 0.000260948 0.0194039 0.196832 0.272381 0.0521961 0.0318272 0.163192 0.119651 0.0276812 0.06133 0.033786 0.0111428 0.00721333 0.00209563 0.000755033 0.000199783 4.41148e-005 7.00263e-006 6.78658e-007 3.20043e-008
 1.33177e-026 1.91863e-020 4.11949e-015 1.20662e-010 4.82128e-007 0.000262802 0.0195417 0.19823 0.274316 0.0525806 0.0325948 0.167248 0.122573 0.0268879 0.0571237 0.031263 0.00925079 0.00578192 0.00162313 0.000557243 0.000133735 2.70177e-005 3.91747e-006 3.48061e-007 1.4927e-008
 1.36085e-026 1.97011e-020 4.23002e-015 1.23899e-010 4.95065e-007 0.000269853 0.0200661 0.203549 0.281676 0.0539613 0.032288 0.165415 0.121202 0.0258042 0.0534428 0.0290237 0.00739952 0.00434986 0.00110288 0.000351766 7.99333e-005 1.47316e-005 1.91361e-006 1.53474e-007 5.98651e-009
 1.3555e-026 1.96063e-020 4.20966e-015 1.23303e-010 4.92681e-007 0.000268554 0.0199695 0.202569 0.28032 0.0537275 0.0331495 0.170059 0.124569 0.0255061 0.0509887 0.0275875 0.00650522 0.00366813 0.000822921 0.000232424 4.70131e-005 8.01973e-006 9.44531e-007 6.71389e-008 2.34795e-009
 1.33143e-026 1.918e-020 4.11814e-015 1.20622e-010 4.8197e-007 0.000262716 0.0195353 0.198165 0.274226 0.0525965 0.0338849 0.174152 0.127578 0.0264369 0.0534391 0.0288435 0.00640801 0.00350239 0.00073916 0.000191343 3.32268e-005 4.92982e-006 5.19695e-007 3.31155e-008 1.02291e-009
 1.35113e-026 1.95289e-020 4.19304e-015 1.22816e-010 4.90736e-007 0.000267494 0.0198907 0.20177 0.279214 0.0535119 0.0328818 0.168656 0.123571 0.0261617 0.0539136 0.0291158 0.00653634 0.00357894 0.000722571 0.000176445 2.80417e-005 3.61238e-006 3.20675e-007 1.78762e-008 4.89772e-010
 1.35608e-026 1.96166e-020 4.21188e-015 1.23368e-010 4.92941e-007 0.000268696 0.01998 0.202676 0.280468 0.0537521 0.0330231 0.169379 0.124079 0.0256487 0.0517295 0.0279694 0.00648155 0.0036023 0.000733118 0.000178394 2.6728e-005 3.15896e-006 2.41946e-007 1.12268e-008 2.64749e-010
 1.35063e-026 1.95201e-020 4.19115e-015 1.22761e-010 4.90515e-007 0.000267373 0.0198817 0.201679 0.279088 0.0535022 0.0334331 0.171608 0.125701 0.0256862 0.0512493 0.0276469 0.00607515 0.00329935 0.000684035 0.000169823 2.55665e-005 2.91793e-006 2.03701e-007 8.12932e-009 1.59018e-010
 1.37158e-026 1.98908e-020 4.27076e-015 1.25092e-010 4.99832e-007 0.000272452 0.0202593 0.205509 0.284389 0.0544848 0.0327497 0.167814 0.122921 0.0250935 0.0500196 0.0269464 0.00571908 0.00304485 0.000605628 0.000145064 2.22824e-005 2.57696e-006 1.75665e-007 6.41332e-009 1.07794e-010
 1.37435e-026 1.99399e-020 4.28129e-015 1.25401e-010 5.01065e-007 0.000273124 0.0203093 0.206016 0.28509 0.0546214 0.0329155 0.168683 0.123541 0.0247512 0.0484538 0.0261025 0.00555552 0.00295724 0.000574164 0.000132729 1.94304e-005 2.22267e-006 1.54047e-007 5.52317e-009 8.54689e-011
 1.362e-026 1.97211e-020 4.23432e-015 1.24025e-010 4.95567e-007 0.000270127 0.0200865 0.203756 0.281963 0.054052 0.0337273 0.173108 0.126762 0.0248432 0.0475699 0.0255553 0.00507181 0.0026009 0.00050159 0.000114509 1.61897e-005 1.76752e-006 1.1878e-007 4.28947e-009 6.54196e-011
 1.3449e-026 1.94184e-020 4.16933e-015 1.22121e-010 4.87961e-007 0.000265981 0.0197782 0.200629 0.277635 0.0532426 0.0340009 0.174684 0.127938 0.0257006 0.0504418 0.027088 0.00529433 0.00268376 0.000494149 0.000106859 1.49103e-005 1.58624e-006 1.01589e-007 3.53497e-009 5.36796e-011
 1.3447e-026 1.9415e-020 4.16858e-015 1.221e-010 4.87874e-007 0.000265934 0.0197746 0.200593 0.277585 0.0532313 0.0339262 0.174285 0.127651 0.0257651 0.0508026 0.0272986 0.00542332 0.00277236 0.000503895 0.000106099 1.39591e-005 1.42554e-006 8.89884e-008 2.96184e-009 4.32258e-011
 1.35398e-026 1.95793e-020 4.20386e-015 1.23133e-010 4.92003e-007 0.000268184 0.019942 0.20229 0.279934 0.0536651 0.0335596 0.172263 0.126172 0.0255152 0.0504032 0.0270958 0.005446 0.00280395 0.000515792 0.000109868 1.4175e-005 1.38296e-006 8.15081e-008 2.62189e-009 3.67279e-011
 1.37928e-026 2.00272e-020 4.30003e-015 1.2595e-010 5.03258e-007 0.000274319 0.0203982 0.206918 0.286338 0.0548555 0.0328676 0.168394 0.123325 0.0245876 0.0479007 0.0257428 0.00514522 0.00264208 0.000489277 0.000105341 1.37828e-005 1.34078e-006 7.59422e-008 2.30559e-009 3.09293e-011
 1.39406e-026 2.02887e-020 4.35618e-015 1.27594e-010 5.0983e-007 0.000277902 0.0206646 0.20962 0.290077 0.055556 0.0326742 0.167263 0.122477 0.0238573 0.0453951 0.0243751 0.00477843 0.00242667 0.000447483 9.60265e-005 1.26783e-005 1.24969e-006 7.11093e-008 2.0935e-009 2.65935e-011
 1.34075e-026 1.9345e-020 4.15356e-015 1.2166e-010 4.86116e-007 0.000264976 0.0197034 0.19987 0.276585 0.0530581 0.0345343 0.177564 0.130024 0.0254311 0.0485944 0.0260917 0.00510352 0.00258704 0.000472834 0.000100303 1.31824e-005 1.30307e-006 7.51023e-008 2.22543e-009 2.76379e-011
 1.34572e-026 1.94327e-020 4.1724e-015 1.22211e-010 4.88321e-007 0.000266177 0.0197928 0.200777 0.27784 0.0533024 0.034834 0.179135 0.131151 0.0249994 0.0464838 0.0248358 0.00421152 0.0019451 0.000345755 7.08099e-005 9.15037e-006 8.94071e-007 5.148e-008 1.54052e-009 1.92668e-011
 1.26772e-026 1.80518e-020 3.8759e-015 1.13527e-010 4.53619e-007 0.000247262 0.0183862 0.186509 0.258096 0.0496509 0.0377028 0.194996 0.142764 0.0272166 0.0506131 0.0270149 0.00443049 0.00198563 0.000321591 5.72689e-005 7.07941e-006 6.70783e-007 3.79851e-008 1.13171e-009 1.42494e-011
 1.16763e-026 1.62798e-020 3.49543e-015 1.02383e-010 4.09091e-007 0.00022299 0.0165814 0.168201 0.232761 0.0449451 0.0405924 0.211114 0.154615 0.0309006 0.0603375 0.0321683 0.00500929 0.00215061 0.000338024 5.62266e-005 6.11312e-006 5.17072e-007 2.7966e-008 8.14485e-010 1.01757e-011
 2.05922e-026 3.20652e-020 6.88471e-015 2.01656e-010 8.05758e-007 0.000439209 0.0326592 0.331293 0.458448 0.0867544 0.010509 0.0443056 0.0323285 0.00321852 4.37575e-005 1.04763e-007 1.72955e-009 1.67621e-011 2.24243e-014 4.10054e-018 2.05069e-022 5.42911e-024 2.44309e-025 8.94121e-027 2.55015e-027
 2.08305e-026 3.24872e-020 6.97531e-015 2.0431e-010 8.16362e-007 0.000444989 0.033089 0.335653 0.464481 0.0878647 0.00941439 0.0382928 0.0279403 0.00278164 3.77836e-005 7.24622e-008 1.94965e-010 1.73919e-012 2.32592e-015 4.24509e-019 1.05712e-023 2.51376e-027 2.47496e-027 2.47312e-027 2.47183e-027
 2.06884e-026 3.22355e-020 6.92127e-015 2.02727e-010 8.10038e-007 0.000441541 0.0328327 0.333053 0.460882 0.0872025 0.0100673 0.0418791 0.0305576 0.00304221 4.13224e-005 7.89479e-008 1.91502e-010 1.68903e-012 2.25874e-015 4.12249e-019 1.02659e-023 2.51291e-027 2.47507e-027 2.47319e-027 2.47187e-027
 2.05519e-026 3.19937e-020 6.86936e-015 2.01207e-010 8.03962e-007 0.00043823 0.0325864 0.330555 0.457426 0.0865664 0.0106944 0.0453242 0.0330719 0.00329252 4.47288e-005 8.88171e-008 4.49768e-010 4.20635e-012 5.62641e-015 1.02689e-018 2.55682e-023 2.56507e-027 2.47517e-027 2.47325e-027 2.47192e-027
 2.08534e-026 3.25276e-020 6.984e-015 2.04564e-010 8.17378e-007 0.000445543 0.0331302 0.336071 0.465059 0.0879711 0.00930947 0.0377165 0.0275197 0.00273976 3.72158e-005 7.1874e-008 2.28162e-010 2.06736e-012 2.76496e-015 5.04641e-019 1.25661e-023 2.52051e-027 2.47495e-027 2.47311e-027 2.47182e-027
 2.09951e-026 3.27785e-020 7.03787e-015 2.06142e-010 8.23684e-007 0.00044898 0.0333858 0.338663 0.468646 0.0886313 0.00865854 0.0341409 0.0249102 0.00247997 3.36844e-005 6.37604e-008 1.13196e-010 9.55999e-013 1.27824e-015 2.33294e-019 5.81062e-024 2.49737e-027 2.47484e-027 2.47305e-027 2.47177e-027
 2.0962e-026 3.27199e-020 7.02528e-015 2.05773e-010 8.2221e-007 0.000448176 0.033326 0.338057 0.467808 0.088477 0.00881071 0.0349767 0.0255202 0.0025407 3.45085e-005 6.4881e-008 8.42734e-011 6.68578e-013 8.93699e-016 1.63111e-019 4.06333e-024 2.49148e-027 2.47487e-027 2.47306e-027 2.47178e-027
 2.07754e-026 3.23895e-020 6.95434e-015 2.03696e-010 8.13907e-007 0.000443651 0.0329895 0.334644 0.463084 0.0876077 0.00966779 0.0396847 0.0289561 0.00288277 3.91559e-005 7.43064e-008 1.45233e-010 1.24517e-012 1.66497e-015 3.03878e-019 7.56791e-024 2.50363e-027 2.475e-027 2.47315e-027 2.47184e-027
 2.0699e-026 3.22542e-020 6.9253e-015 2.02845e-010 8.10508e-007 0.000441798 0.0328517 0.333246 0.46115 0.0872518 0.0100187 0.0416122 0.0303628 0.00302281 4.1058e-005 7.7927e-008 1.53063e-010 1.31325e-012 1.75602e-015 3.20495e-019 7.98161e-024 2.50514e-027 2.47506e-027 2.47318e-027 2.47187e-027
 2.06317e-026 3.21351e-020 6.89973e-015 2.02096e-010 8.07516e-007 0.000440167 0.0327305 0.332016 0.459448 0.0869385 0.0103276 0.0433089 0.0316011 0.0031461 4.27386e-005 8.43333e-008 3.91381e-010 3.64283e-012 4.87256e-015 8.89304e-019 2.21428e-023 2.55333e-027 2.47511e-027 2.47322e-027 2.47189e-027
 2.08744e-026 3.25648e-020 6.99197e-015 2.04798e-010 8.18312e-007 0.000446051 0.033168 0.336455 0.46559 0.0880688 0.00921311 0.0371871 0.0271334 0.0027013 3.66932e-005 7.07978e-008 2.20126e-010 1.99093e-012 2.66274e-015 4.85983e-019 1.21016e-023 2.5189e-027 2.47493e-027 2.4731e-027 2.47181e-027
 2.11712e-026 3.30904e-020 7.10483e-015 2.08103e-010 8.3152e-007 0.000453251 0.0337034 0.341885 0.473105 0.0894518 0.0078496 0.0296974 0.0216672 0.00215711 2.92996e-005 5.5683e-008 1.14503e-010 9.88884e-013 1.32233e-015 2.41341e-019 6.01096e-024 2.49782e-027 2.47471e-027 2.47297e-027 2.47172e-027
#obs surv len freq
 nan nan nan nan nan nan nan nan nan nan nan nan nan nan nan nan nan nan nan nan nan nan nan nan nan
 4.90959e-027 7.72732e-021 1.65914e-015 4.85967e-011 1.94179e-007 0.000105844 0.0078705 0.0798377 0.110482 0.0213132 0.0184679 0.0959306 0.0707419 0.0278046 0.0808017 0.0516071 0.0552147 0.0534526 0.0510029 0.0494571 0.0502256 0.0512055 0.054134 0.051195 0.0191497
 5.276e-027 8.30401e-021 1.78296e-015 5.22235e-011 2.0867e-007 0.000113743 0.00845787 0.085796 0.118727 0.0229032 0.0198205 0.102953 0.0759213 0.0298704 0.0868302 0.0552841 0.0582752 0.0549736 0.0485313 0.0440081 0.042476 0.0424787 0.0446481 0.0421644 0.0157675
 5.52204e-027 8.69126e-021 1.86611e-015 5.46589e-011 2.18401e-007 0.000119048 0.0088523 0.0897971 0.124264 0.0239722 0.0207797 0.107941 0.0795984 0.0312827 0.090902 0.057882 0.0610279 0.0573129 0.0495158 0.0421439 0.0372224 0.0349498 0.0359708 0.0338254 0.0126411
 5.6886e-027 8.95342e-021 1.92239e-015 5.63076e-011 2.24989e-007 0.000122638 0.00911931 0.0925056 0.128012 0.0246946 0.0213822 0.111066 0.0819048 0.032228 0.0936865 0.0596346 0.0627793 0.0589497 0.0508458 0.0425595 0.0352648 0.0298163 0.0287951 0.0266799 0.00995265
 5.80755e-027 9.14063e-021 1.96259e-015 5.7485e-011 2.29694e-007 0.000125203 0.00931 0.0944399 0.130689 0.0252092 0.021761 0.113023 0.083347 0.0327674 0.0952274 0.060633 0.0639122 0.0599925 0.0516771 0.0431871 0.0351206 0.0273608 0.0235764 0.0208937 0.00774709
 5.86348e-027 9.22866e-021 1.98149e-015 5.80386e-011 2.31906e-007 0.000126408 0.00939965 0.0953493 0.131947 0.0254538 0.0220423 0.114496 0.08443 0.0331194 0.0961778 0.0612373 0.0645481 0.0606276 0.0523147 0.0436929 0.0354133 0.0266554 0.0204311 0.0165231 0.00601459
 5.89583e-027 9.27958e-021 1.99243e-015 5.83588e-011 2.33185e-007 0.000127106 0.00945152 0.0958755 0.132675 0.0255949 0.0221877 0.115255 0.0849927 0.0334184 0.0971223 0.0617968 0.0649399 0.0609687 0.0525849 0.0439663 0.0356328 0.026537 0.0187926 0.0134041 0.00467628
 5.90963e-027 9.3013e-021 1.99709e-015 5.84954e-011 2.33731e-007 0.000127404 0.00947364 0.0960999 0.132986 0.025655 0.0222459 0.115558 0.0852174 0.0335389 0.0975051 0.0620851 0.0654499 0.06142 0.0528662 0.0441808 0.0358299 0.026626 0.018069 0.0113721 0.00369349
