SBPRF35
0.178135
Curr Bio
144205
B35
202961
F35
0.655629
FOFL
0.655629
OFL
99094.2
Bzero
50895.7
#pred survey bio
 6522.95 7909.82 10443.7 12211.2 19764.7 31164.6 31805.3 37648 50095.3 60886 75037.7 102346 134785 152719 142794 125337 113758 114561 107192 112283 119084 118628 124177 137302 152552 144083 140936 128663 157040 6.63506e+06 5.32814e+06 3.24713e+06 1.8404e+06 1.11508e+06 769333 605843 525936 484728 462265 449458 441930 437423 434695 433028 432006 431395 431028 430807 430675 430594 430546 430517 430499 430489 430482 430478 430476 430475 430474 430473 430473 430473 430473 430473 430473 430473 430473 430472 430472 430472 430472 430472 430472 430472 430472 430472 430472 430472 430472 430472 430472 430472 430472 430472 430472 430472 430472 430472 430472 430472 430472 430472 430472 430472 430472 430472 430472 430472 430472 430472 430472 430472 430472 430472 430472 430472 430472 430472 430472 430472 430472 430472 430472 430472 430472 430472 430472 430472 430472 430472 430472 430472 430472 430472 430472 430472 430472 430472 430472 0 0 0 0 0 0 0 0 0 0 0 0 0 0 0 0 0 0 0 0 0 0 0 0 0
#obs survey bio
 5604.31 7555.74 9845.66 17544 32937.8 26975.1 27241.2 40502.3 44066.8 68700.8 74984.1 96117.9 114322 142010 88992.8 102635 98945.4 102714 90159.4 131578 139118 107229 127649 184533 131001 139633 109932 89507.2 141677
#pred catch bio
 3282.1 4348.36 6192.26 6953.22 8972.03 18798 20807.9 22843.4 31347.7 38923.6 46129.2 63155.6 88304.1 105403 101354 92158.4 80512.6 83760.6 76383.6 79663.7 88381.2 88710.1 90688.2 99929.5 122024 113524 113832 94760 32230.6 99094.2 93309.6 52165.9 26226.7 14239.4 9327.76 7457.68 6780.37 6543.62 6462.97 6436.02 6427.15 6424.26 6423.32 6423.02 6422.93 6422.9 6422.89 6422.88 6422.88 6422.88 6422.88 6422.88 6422.88 6422.88 6422.88 6422.88 6422.88 6422.88 6422.88 6422.88 6422.88 6422.88 6422.88 6422.88 6422.88 6422.88 6422.88 6422.88 6422.88 6422.88 6422.88 6422.88 6422.88 6422.88 6422.88 6422.88 6422.88 6422.88 6422.88 6422.88 6422.88 6422.88 6422.88 6422.88 6422.88 6422.88 6422.88 6422.88 6422.88 6422.88 6422.88 6422.88 6422.88 6422.88 6422.88 6422.88 6422.88 6422.88 6422.88 6422.88 6422.88 6422.88 6422.88 6422.88 6422.88 6422.88 6422.88 6422.88 6422.88 6422.88 6422.88 6422.88 6422.88 6422.88 6422.88 6422.88 6422.88 6422.88 6422.88 6422.88 6422.88 6422.88 6422.88 6422.88 6422.88 6422.88 6422.88 6422.88 6422.88 0 0 0 0 0 0 0 0 0 0 0 0 0 0 0 0 0 0 0 0 0 0 0 0 0
#obs catch bio
 5243.5 4371.4 6194.31 6863.62 8685.65 18316 21085.8 22767.9 30520.8 38232.4 45194.6 61506.8 86276.3 103089 101677 92128 80733.5 83171 75690.9 78212.9 84595.8 86799.9 88486.2 95277.8 119355 111766 113117 94643.4 31719
#pred cpue bio
 5469.61 6107.13 8037.58 9495.83 14376.5 24532.5 25280.9 27788 37940.6 46272.2 56304.3 76379.3 101457 116178 110854 96590.8 85497.3 86607.7 80899.5 83709.3 89100.9 87879 90960.8 100977 112118 104089 102645 93362.3 113032 5.57563e+06 5.22871e+06 3.21089e+06 1.79494e+06 1.06819e+06 722296 558792 478883 437675 415212 402406 394877 390370 387642 385975 384954 384342 383975 383755 383622 383542 383493 383464 383447 383436 383430 383426 383423 383422 383421 383421 383420 383420 383420 383420 383420 383420 383420 383420 383420 383420 383420 383420 383420 383420 383420 383420 383420 383420 383420 383420 383420 383420 383420 383420 383420 383420 383420 383420 383420 383420 383420 383420 383420 383420 383420 383420 383420 383420 383420 383420 383420 383420 383420 383420 383420 383420 383420 383420 383420 383420 383420 383420 383420 383420 383420 383420 383420 383420 383420 383420 383420 383420 383420 383420 383420 383420 383420 383420 383420 0 0 0 0 0 0 0 0 0 0 0 0 0 0 0 0 0 0 0 0 0 0 0 0 0
#obs cpue bio
 6521.39 6173.87 8036.78 10684.1 18399.3 27551.4 23458.3 26527.7 85195.8 48786.5 80763.2 126634 165008 172663 137575 132894 86610.4 119379 109609 104344 175780 118332 132768 182943 157547 131651 142102 146505 154118
#pred surv len freq
 2.56869e-27 2.60323e-27 4.62056e-26 9.20749e-20 2.25711e-14 6.68821e-10 2.3956e-06 0.00103721 0.0542836 0.343413 0.262805 0.0365769 0.0937724 0.0866084 0.0229505 0.0308786 0.0145779 0.013007 0.00882675 0.00726634 0.00606294 0.0054899 0.00570435 0.00515418 0.00158285
 2.57073e-27 2.60845e-27 5.03939e-26 1.00909e-19 2.47366e-14 7.32989e-10 2.62544e-06 0.00113672 0.0594916 0.37636 0.288004 0.0391156 0.0953907 0.0877489 0.0170417 0.0168714 0.00656833 0.0041719 0.00233036 0.00162717 0.00118458 0.000953968 0.000899079 0.000823184 0.000278107
 2.57037e-27 2.6074e-27 4.93756e-26 9.87603e-20 2.42099e-14 7.17382e-10 2.56954e-06 0.00111251 0.058225 0.368347 0.281903 0.0402172 0.108061 0.0993673 0.017829 0.0156787 0.00522625 0.00206593 0.000841042 0.000423254 0.000243039 0.00016408 0.000134232 0.000118135 4.15889e-05
 2.5699e-27 2.60612e-27 4.8244e-26 9.6373e-20 2.36247e-14 7.00042e-10 2.50743e-06 0.00108562 0.0568175 0.359443 0.275109 0.0405355 0.115257 0.106033 0.0194711 0.0177366 0.00570636 0.001895 0.000585392 0.000179683 6.63093e-05 3.26091e-05 2.1365e-05 1.69603e-05 5.97951e-06
 2.57233e-27 2.61274e-27 5.41206e-26 1.0877e-19 2.66637e-14 7.90094e-10 2.82998e-06 0.00122527 0.0641265 0.405681 0.310386 0.0386625 0.0762183 0.0700382 0.0136421 0.013502 0.00439694 0.00153137 0.000444747 0.000107137 2.33768e-05 6.43694e-06 2.80118e-06 1.81534e-06 6.15437e-07
 2.56932e-27 2.6045e-27 4.67699e-26 9.3263e-20 2.28623e-14 6.77451e-10 2.42652e-06 0.00105059 0.054984 0.347844 0.266264 0.0413234 0.127466 0.117212 0.0198543 0.015807 0.00528729 0.00209138 0.000626833 0.000153555 2.76629e-05 4.33878e-06 8.94111e-07 3.79476e-07 1.16292e-07
 2.56902e-27 2.60378e-27 4.62265e-26 9.21171e-20 2.25814e-14 6.69127e-10 2.3967e-06 0.00103768 0.0543084 0.34357 0.262991 0.0406823 0.124888 0.115033 0.0231179 0.0237846 0.00748705 0.00220195 0.000673536 0.000183589 3.41143e-05 4.56859e-06 4.69158e-07 8.32851e-08 1.98112e-08
 2.57186e-27 2.61146e-27 5.29835e-26 1.06371e-19 2.60756e-14 7.72668e-10 2.76757e-06 0.00119825 0.0627121 0.396734 0.303559 0.0390144 0.083692 0.0769249 0.0146768 0.0141393 0.00476145 0.00190444 0.000536971 0.00011684 2.31795e-05 3.29144e-06 2.77132e-07 1.86566e-08 2.22945e-09
 2.57082e-27 2.60855e-27 5.03304e-26 1.00774e-19 2.47036e-14 7.32011e-10 2.62194e-06 0.0011352 0.0594123 0.375858 0.287642 0.0404622 0.105893 0.0972644 0.0156119 0.011139 0.00365711 0.00135692 0.00042818 0.000115353 1.93127e-05 2.59615e-06 2.30151e-07 1.07342e-08 4.28525e-10
 2.57073e-27 2.60835e-27 5.01857e-26 1.00469e-19 2.46288e-14 7.29794e-10 2.614e-06 0.00113176 0.0592324 0.37472 0.286769 0.0402188 0.104654 0.0962008 0.0168711 0.0142639 0.00437812 0.00112306 0.000327829 8.65268e-05 1.75129e-05 2.31797e-06 1.85889e-07 8.54761e-09 1.83918e-10
 2.5712e-27 2.60961e-27 5.13001e-26 1.0282e-19 2.52051e-14 7.46872e-10 2.67517e-06 0.00115825 0.0606184 0.383489 0.29346 0.0399112 0.0976127 0.0896917 0.0155104 0.0128074 0.00406571 0.00126254 0.000332753 6.38269e-05 1.19945e-05 1.77534e-06 1.49864e-07 6.32393e-09 1.20443e-10
 2.57138e-27 2.61009e-27 5.17203e-26 1.03706e-19 2.54224e-14 7.5331e-10 2.69823e-06 0.00116823 0.061141 0.386794 0.295983 0.0398409 0.0953051 0.08755 0.0149085 0.0119719 0.00378146 0.00115021 0.000321534 6.96015e-05 1.03472e-05 1.26396e-06 1.1348e-07 5.06128e-09 8.98694e-11
 2.57106e-27 2.60922e-27 5.09394e-26 1.02059e-19 2.50185e-14 7.41344e-10 2.65537e-06 0.00114967 0.0601698 0.38065 0.291296 0.040139 0.100866 0.0926676 0.0155606 0.0121694 0.00381791 0.00112162 0.000309832 6.71904e-05 1.1036e-05 1.22601e-06 8.76253e-08 3.97246e-09 7.36026e-11
 2.57066e-27 2.60814e-27 4.99765e-26 1.00028e-19 2.45205e-14 7.26588e-10 2.60251e-06 0.00112679 0.0589721 0.373073 0.285516 0.0404613 0.107381 0.0986723 0.0165015 0.0128021 0.00398704 0.00112368 0.000305152 6.40873e-05 1.04432e-05 1.22881e-06 8.40565e-08 3.11946e-09 5.68079e-11
 2.56986e-27 2.60595e-27 4.8041e-26 9.59446e-20 2.35197e-14 6.96929e-10 2.49628e-06 0.0010808 0.0565649 0.357845 0.273897 0.0410727 0.120196 0.110491 0.0184663 0.0143078 0.00444158 0.00122748 0.000328035 6.62397e-05 1.04742e-05 1.2103e-06 8.5686e-08 3.05611e-09 4.73086e-11
 2.57019e-27 2.60687e-27 4.88695e-26 9.76924e-20 2.39481e-14 7.09625e-10 2.54176e-06 0.00110048 0.0575954 0.364364 0.278868 0.0406483 0.113474 0.104329 0.0181306 0.0150939 0.00468636 0.00128666 0.000341453 6.75094e-05 1.03359e-05 1.14923e-06 7.95874e-08 2.89045e-09 4.28104e-11
 2.5711e-27 2.60932e-27 5.10205e-26 1.0223e-19 2.50605e-14 7.42586e-10 2.65982e-06 0.0011516 0.0602706 0.381288 0.291784 0.040187 0.100889 0.0926719 0.0152567 0.011475 0.00360438 0.0010682 0.000285669 5.60363e-05 8.44206e-06 9.09545e-07 6.03981e-08 2.14202e-09 3.18873e-11
 2.57086e-27 2.60865e-27 5.04063e-26 1.00934e-19 2.47428e-14 7.33174e-10 2.62611e-06 0.001137 0.0595067 0.376455 0.288099 0.0405088 0.105927 0.0972913 0.0155437 0.0109617 0.00337317 0.000893847 0.000241383 5.04739e-05 7.6358e-06 8.10776e-07 5.2165e-08 1.77398e-09 2.57631e-11
 2.57092e-27 2.6088e-27 5.05414e-26 1.01219e-19 2.48127e-14 7.35245e-10 2.63352e-06 0.00114021 0.0596747 0.377519 0.28891 0.0404791 0.105131 0.0965565 0.0154067 0.0108316 0.00329213 0.000803321 0.000206886 3.96358e-05 6.20976e-06 6.81822e-07 4.33821e-08 1.42975e-09 1.99417e-11
 2.57136e-27 2.61003e-27 5.16389e-26 1.03535e-19 2.53802e-14 7.52062e-10 2.69376e-06 0.0011663 0.0610397 0.386154 0.295497 0.0400754 0.097431 0.0894687 0.0144727 0.0104858 0.00319025 0.000779957 0.000196353 3.4688e-05 5.01462e-06 5.38792e-07 3.56302e-08 1.1701e-09 1.58352e-11
 2.57122e-27 2.60962e-27 5.12616e-26 1.02738e-19 2.51851e-14 7.46279e-10 2.67305e-06 0.00115733 0.0605703 0.383184 0.293234 0.0402978 0.100714 0.0924716 0.0145232 0.00984577 0.00300698 0.000760769 0.000192642 3.38558e-05 4.62885e-06 4.54081e-07 2.86735e-08 9.65491e-10 1.30913e-11
 2.57155e-27 2.61052e-27 5.20575e-26 1.04418e-19 2.55967e-14 7.58476e-10 2.71673e-06 0.00117624 0.0615603 0.389447 0.298012 0.0400962 0.0958219 0.0879502 0.0135932 0.00886042 0.00267048 0.000620355 0.000156462 2.82974e-05 3.87895e-06 3.66315e-07 2.11267e-08 6.72611e-10 9.21493e-12
 2.57191e-27 2.6115e-27 5.29138e-26 1.06224e-19 2.60395e-14 7.71597e-10 2.76373e-06 0.00119659 0.0626252 0.396184 0.303153 0.0398894 0.0906361 0.0831536 0.012541 0.00766715 0.00229355 0.000508499 0.000124334 2.09445e-05 2.89143e-06 2.77282e-07 1.55139e-08 4.5443e-10 5.8662e-12
 2.57178e-27 2.61112e-27 5.25725e-26 1.05504e-19 2.5863e-14 7.66367e-10 2.745e-06 0.00118848 0.0622007 0.393499 0.301105 0.0400285 0.0931335 0.0854503 0.0128067 0.00769385 0.00228234 0.000474799 0.000113455 1.82315e-05 2.37598e-06 2.20306e-07 1.24895e-08 3.56741e-10 4.27312e-12
 2.5718e-27 2.6112e-27 5.26506e-26 1.05669e-19 2.59034e-14 7.67564e-10 2.74929e-06 0.00119034 0.0622979 0.394113 0.301573 0.0399674 0.0923396 0.084727 0.0128467 0.00796679 0.00236008 0.000482281 0.000113124 1.71373e-05 2.14266e-06 1.87114e-07 1.01099e-08 2.88689e-10 3.38119e-12
 2.57232e-27 2.6126e-27 5.38718e-26 1.08245e-19 2.65349e-14 7.86278e-10 2.81631e-06 0.00121936 0.0638167 0.403722 0.308906 0.0397274 0.0853614 0.0782569 0.0111449 0.0057148 0.00168629 0.000346461 8.09848e-05 1.20055e-05 1.44052e-06 1.18679e-07 6.03087e-09 1.63393e-10 1.88979e-12
 2.57205e-27 2.61185e-27 5.32015e-26 1.06831e-19 2.61883e-14 7.76005e-10 2.77952e-06 0.00120343 0.062983 0.398447 0.304884 0.0400107 0.0903435 0.0828364 0.0116318 0.00566994 0.00163659 0.000277989 6.24956e-05 9.29284e-06 1.102e-06 8.7543e-08 4.18439e-09 1.06191e-10 1.16374e-12
 2.57217e-27 2.61217e-27 5.34872e-26 1.07434e-19 2.6336e-14 7.80384e-10 2.7952e-06 0.00121022 0.0633384 0.400696 0.306599 0.0399116 0.0883846 0.0810323 0.0113764 0.00554136 0.00159088 0.000254894 5.42797e-05 6.81563e-06 7.7791e-07 6.1413e-08 2.84188e-09 6.79243e-11 6.95843e-13
 2.57245e-27 2.61296e-27 5.42096e-26 1.08958e-19 2.67096e-14 7.91454e-10 2.83486e-06 0.00122738 0.0642369 0.40638 0.310933 0.0395227 0.08238 0.0755325 0.0111488 0.00640662 0.00185176 0.000304576 6.46183e-05 7.63415e-06 7.78269e-07 5.43593e-08 2.46384e-09 5.72033e-11 5.53447e-13
#obs surv len freq
 1.77405e-41 2.46227e-33 4.13097e-26 8.37752e-20 2.05365e-14 6.08534e-10 2.17967e-06 0.000943722 0.0493906 0.31246 0.239325 0.0440335 0.151321 0.12815 0.035751 0.0272939 0.00822011 0.00255827 0.000491967 5.63561e-05 2.82586e-06 4.52488e-08 1.71819e-10 1.24484e-13 1.49104e-17
 2.17664e-41 3.02104e-33 5.06842e-26 1.02786e-19 2.51969e-14 7.4663e-10 2.67431e-06 0.00115788 0.060599 0.383367 0.293441 0.0420256 0.0971874 0.0777862 0.0222187 0.015999 0.00461522 0.00133965 0.000236711 2.37079e-05 9.79303e-07 1.22345e-08 3.48861e-11 1.84815e-14 1.58976e-18
 1.71637e-41 2.38221e-33 3.99665e-26 8.10513e-20 1.98688e-14 5.88748e-10 2.1088e-06 0.000913038 0.0477848 0.302301 0.231764 0.0512824 0.182671 0.136474 0.0270057 0.0144858 0.00403464 0.00109118 0.000174867 1.52072e-05 5.16292e-07 5.01299e-09 1.06824e-11 4.13123e-15 2.55693e-19
 2.08889e-41 2.89924e-33 4.86407e-26 9.86424e-20 2.4181e-14 7.16528e-10 2.56649e-06 0.0011112 0.0581558 0.367911 0.281762 0.045804 0.113418 0.0813817 0.0282414 0.0179911 0.00343714 0.000679162 9.75485e-05 7.28002e-06 2.01516e-07 1.51854e-09 2.41667e-12 6.81214e-16 3.03081e-20
 2.37232e-41 3.29262e-33 5.52406e-26 1.12027e-19 2.74621e-14 8.13751e-10 2.91472e-06 0.00126197 0.0660467 0.417831 0.319852 0.0442761 0.0789664 0.0519934 0.0115943 0.00605046 0.00173806 0.000352296 3.31753e-05 1.93616e-06 4.31332e-08 2.50821e-10 2.98061e-13 6.13255e-17 1.9628e-21
 1.32525e-41 1.83936e-33 3.0859e-26 6.25814e-20 1.53411e-14 4.54585e-10 1.62825e-06 0.000704975 0.0368956 0.233416 0.179822 0.0711494 0.271577 0.165933 0.0275788 0.0105041 0.00198584 0.000387304 4.2034e-05 1.7465e-06 2.72846e-08 1.19256e-10 1.05345e-13 1.5822e-17 3.65003e-22
 2.21977e-41 3.08089e-33 5.16884e-26 1.04823e-19 2.56961e-14 7.61423e-10 2.72729e-06 0.00118082 0.0617996 0.390963 0.299473 0.0467763 0.0887179 0.0561991 0.0345402 0.0176711 0.00236657 0.000284387 2.38752e-05 9.69974e-07 1.14297e-08 3.36084e-11 2.09999e-14 2.27779e-18 3.78254e-23
 1.98816e-41 2.75944e-33 4.62953e-26 9.38859e-20 2.3015e-14 6.81977e-10 2.44273e-06 0.00105762 0.0553515 0.350172 0.268804 0.0610105 0.155091 0.0825567 0.0157812 0.00719473 0.00259353 0.000365242 1.83494e-05 5.05654e-07 4.97717e-09 1.11674e-11 4.73838e-15 3.48393e-19 4.03824e-24
 2.02433e-41 2.80963e-33 4.71374e-26 9.55937e-20 2.34337e-14 6.94382e-10 2.48716e-06 0.00107686 0.0563584 0.356543 0.273761 0.0614956 0.143521 0.0738701 0.0231792 0.00863177 0.00129898 0.000243418 1.87828e-05 3.69698e-07 2.26718e-09 3.74914e-12 1.19915e-15 6.2255e-20 4.8887e-25
 1.9799e-41 2.74797e-33 4.61029e-26 9.34958e-20 2.29194e-14 6.79144e-10 2.43258e-06 0.00105322 0.0551216 0.34872 0.268074 0.0669945 0.154287 0.0738112 0.0221569 0.00810445 0.00149764 0.000166528 1.08279e-05 2.69701e-07 1.39411e-09 1.46442e-12 3.11998e-16 1.16316e-20 6.60211e-26
 2.09784e-41 2.91167e-33 4.88493e-26 9.90654e-20 2.42847e-14 7.196e-10 2.57749e-06 0.00111596 0.0584052 0.369493 0.28399 0.0658852 0.133333 0.0602726 0.0196795 0.00655159 0.00113719 0.000127849 6.17741e-06 1.14733e-07 5.93782e-10 5.60867e-13 8.48757e-17 2.05347e-21 7.77994e-27
 2.03819e-41 2.82887e-33 4.74602e-26 9.62483e-20 2.35941e-14 6.99137e-10 2.5042e-06 0.00108423 0.0567443 0.358989 0.276412 0.0734093 0.147701 0.0614097 0.0178123 0.00541105 0.000926732 9.36421e-05 4.08432e-06 5.799e-08 2.15073e-10 1.69623e-13 2.24304e-17 4.32752e-22 1.16619e-27
 1.99898e-41 2.77445e-33 4.65472e-26 9.43968e-20 2.31403e-14 6.85688e-10 2.45602e-06 0.00106337 0.0556527 0.352087 0.271587 0.0794226 0.153657 0.0609636 0.0194851 0.00524048 0.000766692 6.95858e-05 2.65225e-06 3.12791e-08 8.79396e-11 4.90247e-14 4.79024e-18 7.32411e-23 1.59443e-28
 1.87007e-41 2.59553e-33 4.35454e-26 8.83092e-20 2.16479e-14 6.41468e-10 2.29764e-06 0.000994797 0.0520637 0.329388 0.255084 0.0913046 0.175293 0.066542 0.0226531 0.00578977 0.000821795 6.18976e-05 1.94513e-06 1.8834e-08 4.17822e-11 1.74847e-14 1.21947e-18 1.31077e-23 2.05562e-29
 1.68976e-41 2.34528e-33 3.93469e-26 7.97948e-20 1.95608e-14 5.79621e-10 2.07611e-06 0.000898883 0.047044 0.297641 0.23201 0.106437 0.201266 0.0762357 0.0300274 0.00734213 0.00102385 7.01537e-05 1.8036e-06 1.35284e-08 2.32166e-11 7.40618e-15 3.84491e-19 2.99626e-24 3.32906e-30
 1.91008e-41 2.65107e-33 4.44772e-26 9.0199e-20 2.21112e-14 6.55195e-10 2.3468e-06 0.00101609 0.0531779 0.336446 0.261344 0.0955491 0.154966 0.0611885 0.0282067 0.00702603 0.00101198 6.43294e-05 1.43106e-06 8.4908e-09 1.09033e-11 2.57595e-15 9.90048e-20 5.67796e-25 4.59639e-31
 1.86225e-41 2.58469e-33 4.33634e-26 8.79402e-20 2.15575e-14 6.38788e-10 2.28804e-06 0.00099064 0.0518462 0.328034 0.256226 0.109567 0.169187 0.0570869 0.0207877 0.00539247 0.000826409 5.13364e-05 1.01739e-06 4.96788e-09 4.92574e-12 8.59029e-16 2.3907e-20 9.90147e-26 5.79764e-32
 1.83573e-41 2.54787e-33 4.27459e-26 8.66878e-20 2.12505e-14 6.29691e-10 2.25545e-06 0.000976532 0.0511079 0.323376 0.25374 0.117003 0.168486 0.058221 0.0219299 0.00451181 0.000607574 3.75148e-05 6.86388e-07 2.8486e-09 2.25057e-12 2.99087e-16 6.14264e-21 1.83849e-26 7.69755e-33
 1.86803e-41 2.5927e-33 4.3498e-26 8.8213e-20 2.16244e-14 6.4077e-10 2.29513e-06 0.000993714 0.0520071 0.329079 0.259033 0.12101 0.159495 0.0539836 0.0199079 0.00400765 0.000457354 2.29026e-05 3.72335e-07 1.3418e-09 8.68685e-13 9.03666e-17 1.40647e-21 3.11797e-27 9.5091e-34
 1.94121e-41 2.69427e-33 4.5202e-26 9.16688e-20 2.24715e-14 6.65873e-10 2.38505e-06 0.00103264 0.0540445 0.341983 0.269629 0.121479 0.144651 0.0473024 0.0164143 0.00311964 0.000328506 1.36106e-05 1.71669e-07 5.00031e-10 2.64589e-13 2.19515e-17 2.64697e-22 4.44157e-28 1.0075e-34
 1.93852e-41 2.69053e-33 4.51393e-26 9.15416e-20 2.24403e-14 6.64948e-10 2.38174e-06 0.00103121 0.0539695 0.341536 0.270907 0.129839 0.142781 0.0436822 0.0136535 0.00236745 0.000222876 7.95008e-06 7.94051e-08 1.73487e-10 6.94155e-14 4.44137e-18 4.14198e-23 5.32347e-29 9.12693e-36
 1.98481e-41 2.75479e-33 4.62173e-26 9.37277e-20 2.29762e-14 6.80828e-10 2.43862e-06 0.00105584 0.0552585 0.349715 0.278282 0.131359 0.131474 0.0395245 0.0114558 0.00172947 0.000138891 4.1505e-06 3.34197e-08 5.59436e-11 1.64834e-14 7.6835e-19 5.26506e-24 5.02847e-30 6.44417e-37
 1.91178e-41 2.65343e-33 4.45168e-26 9.02792e-20 2.21309e-14 6.55778e-10 2.34889e-06 0.00101699 0.0532255 0.33691 0.271514 0.14711 0.138406 0.039714 0.0105546 0.00144694 9.73198e-05 2.32734e-06 1.47285e-08 1.89687e-11 4.19063e-15 1.42997e-19 7.06232e-25 4.83682e-31 4.45689e-38
 1.95848e-41 2.71825e-33 4.56042e-26 9.24844e-20 2.26715e-14 6.71797e-10 2.40627e-06 0.00104183 0.0545257 0.345175 0.279047 0.145655 0.125617 0.0379688 0.00971275 0.00118564 6.77479e-05 1.29115e-06 6.21837e-09 6.00883e-12 9.88464e-16 2.48767e-20 8.96336e-26 4.43245e-32 2.92512e-39
 1.94119e-41 2.69424e-33 4.52014e-26 9.16676e-20 2.24712e-14 6.65864e-10 2.38502e-06 0.00103263 0.0540444 0.342206 0.279766 0.155432 0.123649 0.0346669 0.00819674 0.000956219 4.68705e-05 7.14367e-07 2.62203e-09 1.86984e-12 2.24196e-16 4.10133e-21 1.07269e-26 3.84098e-33 1.82889e-40
 1.8819e-41 2.61196e-33 4.3821e-26 8.88682e-20 2.1785e-14 6.45529e-10 2.31218e-06 0.00100109 0.0523942 0.331877 0.275945 0.16884 0.126244 0.0353075 0.00757647 0.000777795 3.34388e-05 4.1844e-07 1.17912e-09 6.2326e-13 5.4277e-17 7.1339e-22 1.33541e-27 3.4213e-34 1.1664e-41
 1.79172e-41 2.48679e-33 4.1721e-26 8.46094e-20 2.0741e-14 6.14594e-10 2.20137e-06 0.00095312 0.0498839 0.316151 0.269125 0.184759 0.131808 0.0386495 0.00791315 0.000728998 2.6157e-05 2.66623e-07 5.90123e-10 2.34694e-13 1.49569e-17 1.41754e-22 1.89743e-28 3.45938e-35 8.37371e-43
 1.82669e-41 2.53533e-33 4.25354e-26 8.6261e-20 2.11459e-14 6.26591e-10 2.24435e-06 0.000971725 0.0508581 0.32243 0.276201 0.182053 0.121886 0.0374595 0.00747229 0.00064659 1.97493e-05 1.60176e-07 2.7384e-10 8.26851e-14 3.92069e-18 2.71345e-23 2.61779e-29 3.41274e-36 5.879e-44
 1.82677e-41 2.53543e-33 4.25371e-26 8.62644e-20 2.11467e-14 6.26616e-10 2.24444e-06 0.000971763 0.0508602 0.322442 0.276217 0.182324 0.122856 0.0368512 0.00691241 0.000547545 1.47721e-05 1.02637e-07 1.46884e-10 3.65641e-14 1.41556e-18 7.94699e-24 6.1905e-30 6.49465e-37 8.98193e-45
#pred catch len freq
 2.56675e-27 2.59805e-27 4.17391e-26 8.26529e-20 2.02614e-14 6.0038e-10 2.15046e-06 0.000931068 0.0487287 0.308271 0.235977 0.0368715 0.114863 0.106168 0.0281033 0.0377792 0.0177923 0.0158225 0.0107266 0.00882566 0.00736277 0.00666659 0.00692695 0.00625886 0.0019221
 2.56929e-27 2.60456e-27 4.69732e-26 9.36925e-20 2.29676e-14 6.80571e-10 2.43769e-06 0.00105543 0.0552372 0.349446 0.267466 0.0399463 0.116142 0.106914 0.0207027 0.0204154 0.00793295 0.00501784 0.00279994 0.00195385 0.00142214 0.00114523 0.00107932 0.000988214 0.000333861
 2.56905e-27 2.6038e-27 4.61916e-26 9.20432e-20 2.25633e-14 6.6859e-10 2.39478e-06 0.00103685 0.0542648 0.343294 0.262788 0.0411536 0.128617 0.118334 0.0211507 0.0184847 0.00615368 0.0024209 0.000984458 0.000495044 0.000284201 0.000191858 0.000156956 0.000138133 4.86291e-05
 2.56842e-27 2.60212e-27 4.47048e-26 8.89068e-20 2.17944e-14 6.45808e-10 2.31317e-06 0.00100152 0.0524158 0.331597 0.253862 0.0415691 0.13805 0.12707 0.0232597 0.0210848 0.00677642 0.00223967 0.000691183 0.000211958 7.81987e-05 3.84531e-05 2.51936e-05 1.99995e-05 7.05101e-06
 2.5709e-27 2.60887e-27 5.0701e-26 1.01556e-19 2.48953e-14 7.37692e-10 2.64229e-06 0.00114401 0.0598733 0.378775 0.289855 0.039592 0.0977156 0.0898948 0.0175021 0.0173121 0.00563229 0.00195309 0.000566744 0.0001364 2.97536e-05 8.19188e-06 3.56481e-06 2.31022e-06 7.8321e-07
 2.5679e-27 2.60066e-27 4.33647e-26 8.60794e-20 2.11013e-14 6.2527e-10 2.23961e-06 0.000969667 0.0507489 0.321051 0.245823 0.0423857 0.149912 0.137911 0.0232773 0.0184076 0.00614897 0.00242068 0.00072491 0.000177417 3.19533e-05 5.01109e-06 1.03262e-06 4.3826e-07 1.34306e-07
 2.56778e-27 2.60043e-27 4.32666e-26 8.5873e-20 2.10507e-14 6.23771e-10 2.23424e-06 0.000967342 0.0506272 0.320282 0.245221 0.0415066 0.143645 0.132356 0.0264318 0.0269836 0.00848545 0.00248284 0.000758604 0.000206591 3.83788e-05 5.13911e-06 5.27728e-07 9.36815e-08 2.22842e-08
 2.5708e-27 2.60858e-27 5.04427e-26 1.01011e-19 2.47617e-14 7.33734e-10 2.62811e-06 0.00113787 0.0595521 0.376743 0.288306 0.0397337 0.0998827 0.0918721 0.0174413 0.0166866 0.00561163 0.00223369 0.000629309 0.000136798 2.71309e-05 3.85213e-06 3.24331e-07 2.18338e-08 2.60912e-09
 2.56967e-27 2.60543e-27 4.75628e-26 9.49356e-20 2.32723e-14 6.896e-10 2.47003e-06 0.00106943 0.0559701 0.354082 0.271028 0.0413662 0.124445 0.114364 0.0182841 0.0129312 0.00423988 0.0015654 0.00049349 0.00013283 2.22335e-05 2.9884e-06 2.64916e-07 1.23555e-08 4.93248e-10
 2.56963e-27 2.60534e-27 4.7519e-26 9.48435e-20 2.32497e-14 6.88931e-10 2.46764e-06 0.00106839 0.0559158 0.353739 0.270761 0.0410472 0.122206 0.11239 0.0196106 0.0164366 0.0050404 0.00128635 0.000375041 9.88958e-05 2.00112e-05 2.64837e-06 2.12377e-07 9.76553e-09 2.10124e-10
 2.57007e-27 2.60653e-27 4.85718e-26 9.70644e-20 2.37942e-14 7.05064e-10 2.52542e-06 0.00109341 0.0572252 0.362022 0.277082 0.0407593 0.115574 0.106258 0.018295 0.0149897 0.00475331 0.00146873 0.000386746 7.41092e-05 1.39223e-05 2.06046e-06 1.73927e-07 7.33926e-09 1.3978e-10
 2.57028e-27 2.60711e-27 4.90713e-26 9.8118e-20 2.40524e-14 7.12717e-10 2.55283e-06 0.00110528 0.0578463 0.365952 0.280081 0.0406746 0.112822 0.103704 0.0175827 0.0140058 0.00441915 0.00133746 0.000373508 8.07756e-05 1.20051e-05 1.46628e-06 1.31641e-07 5.87119e-09 1.0425e-10
 2.57005e-27 2.60648e-27 4.85063e-26 9.69261e-20 2.37603e-14 7.04059e-10 2.52182e-06 0.00109185 0.0571436 0.361506 0.27669 0.0409194 0.117067 0.107605 0.0179762 0.013919 0.00436204 0.00127487 0.000351805 7.62186e-05 1.25154e-05 1.3902e-06 9.93559e-08 4.50421e-09 8.34549e-11
 2.56974e-27 2.60562e-27 4.7746e-26 9.53221e-20 2.33671e-14 6.92408e-10 2.48009e-06 0.00107378 0.056198 0.355524 0.272126 0.0411862 0.122304 0.11243 0.018691 0.0143329 0.00445883 0.00125001 0.000339095 7.11459e-05 1.15901e-05 1.36359e-06 9.32729e-08 3.46146e-09 6.30358e-11
 2.56894e-27 2.60344e-27 4.58095e-26 9.12369e-20 2.23656e-14 6.62734e-10 2.3738e-06 0.00102776 0.0537895 0.340287 0.260502 0.0418034 0.135168 0.124292 0.0206421 0.0157963 0.00489819 0.00134643 0.000359436 7.25083e-05 1.14621e-05 1.32428e-06 9.37521e-08 3.34376e-09 5.17613e-11
 2.5694e-27 2.60473e-27 4.69706e-26 9.36864e-20 2.29661e-14 6.80526e-10 2.43753e-06 0.00105536 0.0552336 0.349423 0.267469 0.0412614 0.126148 0.116015 0.0200097 0.0164382 0.005098 0.00139204 0.000369015 7.28856e-05 1.11558e-05 1.24022e-06 8.58857e-08 3.11916e-09 4.61977e-11
 2.57029e-27 2.60712e-27 4.90614e-26 9.80972e-20 2.40473e-14 7.12566e-10 2.55229e-06 0.00110504 0.057834 0.365874 0.280024 0.040833 0.114067 0.104819 0.017149 0.0127334 0.00399485 0.00117758 0.000314603 6.16504e-05 9.28512e-06 1.00024e-06 6.64184e-08 2.3555e-09 3.50652e-11
 2.57011e-27 2.60661e-27 4.85996e-26 9.71229e-20 2.38085e-14 7.05489e-10 2.52694e-06 0.00109407 0.0572596 0.36224 0.277254 0.0411217 0.11821 0.10861 0.0172419 0.0119856 0.00368402 0.000970887 0.000261887 5.47071e-05 8.27389e-06 8.78415e-07 5.65147e-08 1.92187e-09 2.79109e-11
 2.5701e-27 2.60659e-27 4.85752e-26 9.70714e-20 2.37959e-14 7.05115e-10 2.5256e-06 0.00109349 0.0572293 0.362048 0.277108 0.0411434 0.118479 0.108856 0.0172667 0.0119771 0.0036365 0.000882571 0.000227029 4.3451e-05 6.80542e-06 7.47131e-07 4.75357e-08 1.56662e-09 2.18507e-11
 2.57059e-27 2.60792e-27 4.97602e-26 9.95711e-20 2.44087e-14 7.23272e-10 2.59064e-06 0.00112165 0.058703 0.371371 0.28422 0.0407044 0.110141 0.101182 0.016268 0.0116314 0.00353515 0.000859624 0.000216162 3.81485e-05 5.51316e-06 5.92277e-07 3.91656e-08 1.28619e-09 1.74062e-11
 2.57055e-27 2.60779e-27 4.96349e-26 9.93069e-20 2.43439e-14 7.21353e-10 2.58377e-06 0.00111867 0.0585473 0.370386 0.28347 0.0408577 0.111834 0.102717 0.0160294 0.0107017 0.00326466 0.000821412 0.000207762 3.64759e-05 4.98553e-06 4.89002e-07 3.08773e-08 1.03969e-09 1.40973e-11
 2.57093e-27 2.60883e-27 5.0553e-26 1.01244e-19 2.48187e-14 7.35422e-10 2.63416e-06 0.00114049 0.0596891 0.377609 0.288982 0.0406202 0.106154 0.0974675 0.0149695 0.00960325 0.00289119 0.000667911 0.000168249 3.03982e-05 4.16565e-06 3.93335e-07 2.26841e-08 7.22185e-10 9.89407e-12
 2.57127e-27 2.60973e-27 5.13431e-26 1.0291e-19 2.52272e-14 7.47528e-10 2.67752e-06 0.00115926 0.0606717 0.383826 0.293726 0.0404407 0.101455 0.0931188 0.0139655 0.00840698 0.00251219 0.000553932 0.000135274 2.2764e-05 3.1416e-06 3.01232e-07 1.68533e-08 4.93655e-10 6.37253e-12
 2.57111e-27 2.60929e-27 5.09455e-26 1.02072e-19 2.50216e-14 7.41436e-10 2.6557e-06 0.00114982 0.0601772 0.380697 0.291339 0.0406014 0.104355 0.0957855 0.0142779 0.00844673 0.00250314 0.000517905 0.000123595 1.98404e-05 2.58482e-06 2.39635e-07 1.35847e-08 3.8802e-10 4.64777e-12
 2.57139e-27 2.61007e-27 5.16456e-26 1.03549e-19 2.53837e-14 7.52164e-10 2.69413e-06 0.00116645 0.061048 0.386206 0.295541 0.0403305 0.0993408 0.0911732 0.0137274 0.00835211 0.0024715 0.000502176 0.000117631 1.78014e-05 2.22493e-06 1.9427e-07 1.04961e-08 2.99711e-10 3.51027e-12
 2.57191e-27 2.61145e-27 5.28503e-26 1.0609e-19 2.60067e-14 7.70624e-10 2.76025e-06 0.00119508 0.0625462 0.395684 0.302775 0.0401037 0.0925322 0.0848577 0.0120172 0.00604211 0.00178071 0.000363792 8.49222e-05 1.2576e-05 1.50847e-06 1.24257e-07 6.31406e-09 1.71063e-10 1.97849e-12
 2.57168e-27 2.61083e-27 5.22931e-26 1.04914e-19 2.57185e-14 7.62086e-10 2.72966e-06 0.00118184 0.0618532 0.3913 0.299431 0.0403507 0.0967614 0.088743 0.0123913 0.00591505 0.00170539 0.00028805 6.46537e-05 9.60359e-06 1.13847e-06 9.04258e-08 4.32198e-09 1.09681e-10 1.20198e-12
 2.57157e-27 2.61053e-27 5.2022e-26 1.04342e-19 2.55783e-14 7.57931e-10 2.71478e-06 0.0011754 0.061516 0.389167 0.297804 0.0404469 0.0986373 0.0904711 0.0126438 0.00605514 0.0017367 0.000276782 5.88481e-05 7.38157e-06 8.42178e-07 6.64764e-08 3.07604e-09 7.352e-11 7.53166e-13
 2.57043e-27 2.60744e-27 4.92954e-26 9.85905e-20 2.41683e-14 7.16149e-10 2.56513e-06 0.0011106 0.0581249 0.367714 0.281435 0.0412021 0.115885 0.106404 0.0157677 0.00916691 0.00264947 0.000434297 9.20457e-05 1.08646e-05 1.1072e-06 7.73218e-08 3.50445e-09 8.13618e-11 7.87181e-13
#obs catch len freq
 1.74997e-41 2.42885e-33 4.0749e-26 8.2638e-20 2.02577e-14 6.00274e-10 2.15008e-06 0.000930912 0.0487202 0.308218 0.236088 0.0441112 0.153916 0.130421 0.036986 0.0285256 0.00870763 0.00275784 0.000545215 6.50678e-05 3.4157e-06 5.70569e-08 2.25703e-10 1.70199e-13 2.11524e-17
 1.77717e-41 2.46659e-33 4.13822e-26 8.39223e-20 2.05726e-14 6.09603e-10 2.1835e-06 0.00094538 0.0494774 0.313009 0.239804 0.0459656 0.154986 0.124246 0.0355753 0.0257055 0.00758165 0.00225117 0.000407575 4.2161e-05 1.81743e-06 2.37041e-08 7.01892e-11 3.84619e-14 3.41442e-18
 2.18365e-41 3.03077e-33 5.08474e-26 1.03118e-19 2.52781e-14 7.49035e-10 2.68292e-06 0.00116161 0.0607942 0.384601 0.294427 0.0433247 0.0987423 0.0746235 0.0219153 0.0148482 0.00419455 0.00115583 0.000191112 1.71254e-05 6.02014e-07 6.07709e-09 1.34374e-11 5.3653e-15 3.41388e-19
 1.73283e-41 2.40506e-33 4.03498e-26 8.18286e-20 2.00593e-14 5.94394e-10 2.12902e-06 0.000921794 0.048243 0.3052 0.23407 0.0538155 0.184421 0.129456 0.0259093 0.0132679 0.00362041 0.000923664 0.000137643 1.06152e-05 3.0363e-07 2.36317e-09 3.88471e-12 1.12869e-15 5.1576e-20
 2.10848e-41 2.92643e-33 4.90969e-26 9.95674e-20 2.44078e-14 7.23247e-10 2.59055e-06 0.00112162 0.0587012 0.371361 0.284462 0.0474235 0.113282 0.076558 0.0274381 0.01606 0.00295091 0.000560502 7.4449e-05 4.88268e-06 1.12816e-07 6.76266e-10 8.26028e-13 1.74402e-16 5.71861e-21
 2.38916e-41 3.31599e-33 5.56327e-26 1.12822e-19 2.7657e-14 8.19526e-10 2.93541e-06 0.00127093 0.0665155 0.420796 0.322165 0.0453512 0.0778481 0.0479766 0.0109013 0.00536866 0.00150104 0.000276619 2.41484e-05 1.24266e-06 2.29154e-08 1.05267e-10 9.55528e-14 1.46821e-17 3.4573e-22
 1.36076e-41 1.88864e-33 3.16859e-26 6.42584e-20 1.57522e-14 4.66766e-10 1.67188e-06 0.000723866 0.0378843 0.239671 0.184812 0.0755459 0.270395 0.153996 0.0257105 0.0092252 0.00169275 0.000311164 3.00578e-05 1.08005e-06 1.40286e-08 4.82499e-11 3.2419e-14 3.62612e-18 6.14388e-23
 2.24904e-41 3.12152e-33 5.23699e-26 1.06205e-19 2.60349e-14 7.71463e-10 2.76325e-06 0.00119639 0.0626145 0.396118 0.303484 0.0481395 0.0864962 0.0520946 0.0327516 0.0149683 0.00190155 0.000215482 1.65234e-05 5.70114e-07 5.46626e-09 1.26504e-11 6.00858e-15 4.84313e-19 5.89714e-24
 2.02462e-41 2.81004e-33 4.71442e-26 9.56075e-20 2.3437e-14 6.94483e-10 2.48752e-06 0.00107701 0.0563665 0.356594 0.273858 0.0633711 0.150801 0.0746584 0.0144737 0.00636207 0.00215775 0.000265729 1.20467e-05 2.87305e-07 2.2885e-09 3.98861e-12 1.28312e-15 7.01068e-20 5.95203e-25
 2.06367e-41 2.86423e-33 4.80534e-26 9.74514e-20 2.38891e-14 7.07877e-10 2.5355e-06 0.00109778 0.0574536 0.363472 0.279212 0.0637061 0.138567 0.0667841 0.0212878 0.00716359 0.00105732 0.00018384 1.19792e-05 1.97088e-07 9.87667e-10 1.2706e-12 3.06499e-16 1.17993e-20 6.78864e-26
 2.02377e-41 2.80886e-33 4.71245e-26 9.55675e-20 2.34273e-14 6.94192e-10 2.48648e-06 0.00107656 0.056343 0.356448 0.274174 0.0693839 0.14808 0.0662814 0.0201464 0.0067566 0.00118198 0.000119251 6.9414e-06 1.40547e-07 5.73522e-10 4.67685e-13 7.53492e-17 2.08011e-21 8.64e-27
 2.13988e-41 2.97001e-33 4.9828e-26 1.0105e-19 2.47713e-14 7.34018e-10 2.62913e-06 0.00113832 0.0595754 0.376898 0.289838 0.0678599 0.12686 0.0537995 0.0176756 0.00537332 0.000886291 8.92007e-05 3.74585e-06 5.80605e-08 2.35855e-10 1.69629e-13 1.92825e-17 3.45729e-22 9.58208e-28
 2.08491e-41 2.89372e-33 4.85481e-26 9.84546e-20 2.4135e-14 7.15164e-10 2.5616e-06 0.00110908 0.0580451 0.36722 0.282948 0.0755636 0.139738 0.054393 0.0157982 0.00440536 0.000710061 6.40199e-05 2.39691e-06 2.78811e-08 8.16466e-11 4.90527e-14 4.83423e-18 6.87863e-23 1.35698e-28
 2.04912e-41 2.84405e-33 4.77148e-26 9.67647e-20 2.37207e-14 7.02889e-10 2.51763e-06 0.00109005 0.0570488 0.360921 0.27864 0.081664 0.144704 0.053994 0.0171161 0.00419417 0.000576786 4.65645e-05 1.50933e-06 1.44393e-08 3.17185e-11 1.34476e-14 9.78942e-19 1.09969e-23 1.74543e-29
 1.92648e-41 2.67382e-33 4.48589e-26 9.09731e-20 2.2301e-14 6.60818e-10 2.36694e-06 0.0010248 0.0536342 0.339328 0.263095 0.0939965 0.164778 0.0590964 0.0197771 0.0046194 0.000606867 4.03372e-05 1.07428e-06 8.37663e-09 1.44198e-11 4.56394e-15 2.36564e-19 1.86634e-24 2.12905e-30
 1.75279e-41 2.43276e-33 4.08145e-26 8.27711e-20 2.02904e-14 6.0124e-10 2.15354e-06 0.000932411 0.0487987 0.308748 0.241085 0.109874 0.189362 0.0684238 0.0261282 0.00585084 0.00074854 4.47606e-05 9.63594e-07 5.79545e-09 7.68459e-12 1.84644e-15 7.10284e-20 4.05641e-25 3.27719e-31
 1.96982e-41 2.73399e-33 4.58683e-26 9.302e-20 2.28027e-14 6.75687e-10 2.4202e-06 0.00104786 0.054841 0.346974 0.269885 0.0976659 0.144115 0.0549682 0.024186 0.00555055 0.000723368 3.97867e-05 7.32266e-07 3.45075e-09 3.40873e-12 6.05033e-16 1.71904e-20 7.21161e-26 4.24015e-32
 1.92355e-41 2.66976e-33 4.47907e-26 9.08347e-20 2.22671e-14 6.59814e-10 2.36335e-06 0.00102325 0.0535527 0.338839 0.265129 0.111733 0.156584 0.0505282 0.0177177 0.00427309 0.000585439 3.1131e-05 5.04327e-07 1.93794e-09 1.46847e-12 1.91735e-16 3.93748e-21 1.1912e-26 5.05928e-33
 1.89973e-41 2.6367e-33 4.42362e-26 8.97101e-20 2.19914e-14 6.51644e-10 2.33408e-06 0.00101058 0.0528897 0.334661 0.263116 0.11894 0.155343 0.0517329 0.0183612 0.00349443 0.000426088 2.23303e-05 3.29889e-07 1.06685e-09 6.3991e-13 6.34012e-17 9.58555e-22 2.09306e-27 6.35183e-34
 1.93178e-41 2.68118e-33 4.49823e-26 9.12232e-20 2.23623e-14 6.62636e-10 2.37345e-06 0.00102762 0.0537818 0.340322 0.268448 0.122442 0.146253 0.0478196 0.0165212 0.00305848 0.000310594 1.32689e-05 1.73409e-07 4.82487e-10 2.35506e-13 1.81824e-17 2.07734e-22 3.35421e-28 7.40828e-35
 2.00296e-41 2.77998e-33 4.66399e-26 9.45848e-20 2.31864e-14 6.87054e-10 2.46092e-06 0.00106549 0.0557637 0.352877 0.2788 0.12217 0.131697 0.0416057 0.0134468 0.00234671 0.000217468 7.57856e-06 7.67044e-08 1.72102e-10 6.82998e-14 4.18613e-18 3.69371e-23 4.50517e-29 7.39171e-36
 2.001e-41 2.77726e-33 4.65942e-26 9.44921e-20 2.31636e-14 6.86381e-10 2.45851e-06 0.00106445 0.0557092 0.352565 0.280302 0.12999 0.129303 0.0381143 0.0110489 0.00175262 0.000144263 4.28154e-06 3.39711e-08 5.69678e-11 1.70645e-14 8.04278e-19 5.47195e-24 5.09985e-30 6.31407e-37
 2.04566e-41 2.83925e-33 4.76343e-26 9.66013e-20 2.36807e-14 7.01702e-10 2.51338e-06 0.00108821 0.0569527 0.360462 0.287503 0.130826 0.118428 0.0342682 0.00912626 0.00125337 8.75086e-05 2.15965e-06 1.37048e-08 1.74988e-11 3.84783e-15 1.31907e-19 6.58222e-25 4.5487e-31 4.20067e-38
 1.9758e-41 2.74228e-33 4.60074e-26 9.33021e-20 2.28719e-14 6.77737e-10 2.42754e-06 0.00105104 0.0550078 0.348226 0.281423 0.14614 0.124448 0.0342767 0.00833457 0.00103061 5.96714e-05 1.17123e-06 5.80963e-09 5.67953e-12 9.33071e-16 2.3366e-20 8.39398e-26 4.15572e-32 2.75599e-39
 2.02136e-41 2.80551e-33 4.70683e-26 9.54535e-20 2.33993e-14 6.93364e-10 2.48352e-06 0.00107528 0.0562763 0.356296 0.288816 0.143945 0.112551 0.0326136 0.00755718 0.000826482 4.02725e-05 6.24245e-07 2.34461e-09 1.71389e-12 2.09074e-16 3.85329e-21 1.00848e-26 3.60226e-33 1.71029e-40
 2.00472e-41 2.78241e-33 4.66807e-26 9.46676e-20 2.32066e-14 6.87655e-10 2.46307e-06 0.00106642 0.0558132 0.353457 0.289807 0.152979 0.110327 0.0295359 0.00633062 0.000654624 2.70615e-05 3.32702e-07 9.46568e-10 5.08863e-13 4.51478e-17 6.03796e-22 1.14546e-27 2.95942e-34 1.01303e-41
 1.94756e-41 2.70309e-33 4.53499e-26 9.19686e-20 2.2545e-14 6.68051e-10 2.39285e-06 0.00103602 0.0542225 0.343524 0.286565 0.165773 0.112633 0.0299213 0.00577868 0.000523797 1.88302e-05 1.88155e-07 4.08518e-10 1.62193e-13 1.04291e-17 1.00076e-22 1.35737e-28 2.50677e-35 6.13832e-43
 1.86069e-41 2.58251e-33 4.3327e-26 8.78662e-20 2.15394e-14 6.38251e-10 2.28611e-06 0.000989807 0.0518045 0.328412 0.280585 0.181153 0.117906 0.03267 0.00598154 0.000481424 1.4344e-05 1.15975e-07 1.96518e-10 5.84728e-14 2.74552e-18 1.89729e-23 1.83865e-29 2.41506e-36 4.19675e-44
 1.886e-41 2.61764e-33 4.39164e-26 8.90616e-20 2.18324e-14 6.46934e-10 2.31721e-06 0.00100327 0.0525092 0.332838 0.282597 0.174541 0.115683 0.03401 0.00630648 0.000495853 1.33197e-05 9.23037e-08 1.3189e-10 3.27996e-14 1.26901e-18 7.12102e-24 5.54523e-30 5.81617e-37 8.04198e-45
#spawning biomass
 6249.58 7422.23 9827.65 11544.3 18170.3 29643.9 30313.7 34817.5 46919.6 57063.5 69960.3 95225.2 125877 143266 135104 118163 106196 107252 100289 104502 111032 110173 114822 127179 141250 132545 130108 118598 144205 281726 249788 135984 68849.5 37954.1 25298.3 20479.8 18734.6 18124.6 17916.8 17847.3 17824.5 17817 17814.6 17813.8 17813.6 17813.5 17813.5 17813.5 17813.5 17813.5 17813.5 17813.5 17813.5 17813.5 17813.5 17813.5 17813.5 17813.5 17813.5 17813.5 17813.5 17813.5 17813.5 17813.5 17813.5 17813.5 17813.5 17813.5 17813.5 17813.5 17813.5 17813.5 17813.5 17813.5 17813.5 17813.5 17813.5 17813.5 17813.5 17813.5 17813.5 17813.5 17813.5 17813.5 17813.5 17813.5 17813.5 17813.5 17813.5 17813.5 17813.5 17813.5 17813.5 17813.5 17813.5 17813.5 17813.5 17813.5 17813.5 17813.5 17813.5 17813.5 17813.5 17813.5 17813.5 17813.5 17813.5 17813.5 17813.5 17813.5 17813.5 17813.5 17813.5 17813.5 17813.5 17813.5 17813.5 17813.5 17813.5 17813.5 17813.5 17813.5 17813.5 17813.5 17813.5 17813.5 17813.5 17813.5 17813.5 0 0 0 0 0 0 0 0 0 0 0 0 0 0 0 0 0 0 0 0 0 0 0 0 0
