SBPRF35
0.0426604
Curr Bio
128690
B35
73277.6
F35
3.51863
FOFL
3.51863
OFL
97741.1
Bzero
12188.7
#pred survey bio
 5225.76 6312.09 8849.78 12100.2 17185.1 22414.3 26141.3 30125.5 46134.7 70607.4 86727.5 112810 152928 159453 160922 137651 136617 141405 136315 140229 158257 165130 169552 195180 217954 212662 175202 131899 2.55475e+06 1.04806e+06 325116 180926 146446 135465 131906 130760 130391 130273 130235 130222 130219 130217 130217 130217 130217 130217 130217 130217 130217 130217 130217 130217 130217 130217 130217 130217 130217 130217 130217 130217 130217 130217 130217 130217 130217 130217 130217 130217 130217 130217 130217 130217 130217 130217 130217 130217 130217 130217 130217 130217 130217 130217 130217 130217 130217 130217 130217 130217 130217 130217 130217 130217 130217 130217 130217 130217 130217 130217 130217 130217 130217 130217 130217 130217 130217 130217 130217 130217 130217 130217 130217 130217 130217 130217 130217 130217 130217 130217 130217 130217 130217 130217 130217 130217 130217 130217 130217 130217 0 0 0 0 0 0 0 0 0 0 0 0 0 0 0 0 0 0 0 0 0 0 0 0 0
#obs survey bio
 3778.16 6958.11 6784.13 11359.6 22150.7 24537.5 23860.9 35339.2 42932.5 69757 80844.1 129366 171833 106798 129778 110662 119424 150174 202983 117402 182318 183902 163122 212470 258440 209188 207002 131062
#pred catch bio
 1976.74 3262.79 4462.33 5969.94 8044.63 11439.1 15696.8 14047.2 20690 39624.3 47423.7 53514.8 96924.9 89643.5 108582 89013 81239.9 84515.3 78018 79490.3 90213.1 90688.2 78193.8 88260.5 111923 127964 115428 92056.1 97741.1 38635.2 7244.07 4742.06 4691.38 4690.73 4690.73 4690.73 4690.73 4690.73 4690.73 4690.73 4690.73 4690.73 4690.73 4690.73 4690.73 4690.73 4690.73 4690.73 4690.73 4690.73 4690.73 4690.73 4690.73 4690.73 4690.73 4690.73 4690.73 4690.73 4690.73 4690.73 4690.73 4690.73 4690.73 4690.73 4690.73 4690.73 4690.73 4690.73 4690.73 4690.73 4690.73 4690.73 4690.73 4690.73 4690.73 4690.73 4690.73 4690.73 4690.73 4690.73 4690.73 4690.73 4690.73 4690.73 4690.73 4690.73 4690.73 4690.73 4690.73 4690.73 4690.73 4690.73 4690.73 4690.73 4690.73 4690.73 4690.73 4690.73 4690.73 4690.73 4690.73 4690.73 4690.73 4690.73 4690.73 4690.73 4690.73 4690.73 4690.73 4690.73 4690.73 4690.73 4690.73 4690.73 4690.73 4690.73 4690.73 4690.73 4690.73 4690.73 4690.73 4690.73 4690.73 4690.73 4690.73 4690.73 4690.73 4690.73 0 0 0 0 0 0 0 0 0 0 0 0 0 0 0 0 0 0 0 0 0 0 0 0 0
#obs catch bio
 2293.8 3311.14 4426.31 5865.28 7655.47 10838.5 15744.8 13574.9 20419.8 38880.7 46081 51577.8 96891.6 92104.2 114873 95843.5 86209.4 86292.2 76833 83185.3 91397.5 88381.2 76773.1 87065.2 111090 130333 117160 93594.3
#pred cpue bio
 4314.77 4301.43 5970.95 8319 11684 15777.3 18593.1 20721.9 30987.8 47910.7 60200.6 77033.1 106120 112301 117384 99513.7 95866.7 101031 98936 100259 110720 118934 122782 140827 159378 157954 131680 98920.7 1.81463e+06 959610 304336 145976 108679 97247 93624.1 92468.7 92099 91980.4 91942.3 91930.1 91926.1 91924.8 91924.4 91924.3 91924.2 91924.2 91924.2 91924.2 91924.2 91924.2 91924.2 91924.2 91924.2 91924.2 91924.2 91924.2 91924.2 91924.2 91924.2 91924.2 91924.2 91924.2 91924.2 91924.2 91924.2 91924.2 91924.2 91924.2 91924.2 91924.2 91924.2 91924.2 91924.2 91924.2 91924.2 91924.2 91924.2 91924.2 91924.2 91924.2 91924.2 91924.2 91924.2 91924.2 91924.2 91924.2 91924.2 91924.2 91924.2 91924.2 91924.2 91924.2 91924.2 91924.2 91924.2 91924.2 91924.2 91924.2 91924.2 91924.2 91924.2 91924.2 91924.2 91924.2 91924.2 91924.2 91924.2 91924.2 91924.2 91924.2 91924.2 91924.2 91924.2 91924.2 91924.2 91924.2 91924.2 91924.2 91924.2 91924.2 91924.2 91924.2 91924.2 91924.2 91924.2 91924.2 91924.2 91924.2 0 0 0 0 0 0 0 0 0 0 0 0 0 0 0 0 0 0 0 0 0 0 0 0 0
#obs cpue bio
 3014.89 5782.97 6400.4 11741.6 12450.2 17502 16745.7 21966.4 29164.9 63365.9 72634.8 71736.9 97282.7 105587 133124 84106.6 84063 110018 78897.6 74054.2 114009 140576 118665 135431 140365 141143 110449 92192
#pred surv len freq
 3.70806e-11 1.74409e-09 5.6804e-08 1.28107e-06 2.00058e-05 0.000216334 0.0016199 0.00839963 0.0301658 0.0750837 0.129866 0.157706 0.139739 0.101887 0.0761936 0.0636321 0.052124 0.0399564 0.0304555 0.0239527 0.0195502 0.0166516 0.0142671 0.0112081 0.00730375
 4.66686e-11 2.19507e-09 7.14919e-08 1.61232e-06 2.51787e-05 0.000272271 0.00203873 0.0105711 0.0379598 0.0944387 0.163038 0.196549 0.16948 0.113443 0.0714686 0.0500036 0.0354673 0.0226837 0.0134163 0.00781529 0.00460442 0.00283795 0.00187821 0.00125584 0.000750997
 4.52334e-11 2.12756e-09 6.92933e-08 1.56274e-06 2.44044e-05 0.000263899 0.00197605 0.0102462 0.0367954 0.0915644 0.158229 0.191473 0.167434 0.117091 0.0802806 0.059833 0.0416493 0.0237878 0.0112931 0.00483849 0.00196912 0.000767065 0.000299293 0.000126262 5.64839e-05
 4.4313e-11 2.08427e-09 6.78834e-08 1.53094e-06 2.39078e-05 0.000258529 0.00193584 0.0100378 0.0360475 0.0897089 0.155062 0.187825 0.164846 0.116605 0.0817819 0.0624663 0.0445607 0.026411 0.0132187 0.00587683 0.00230277 0.000759688 0.000208889 5.04149e-05 1.17756e-05
 4.52091e-11 2.12642e-09 6.92562e-08 1.5619e-06 2.43913e-05 0.000263757 0.00197499 0.0102407 0.0367753 0.0915113 0.158117 0.191241 0.166928 0.116119 0.0789611 0.0588479 0.0417677 0.0250157 0.0128208 0.0058915 0.00239305 0.000816371 0.000227591 5.18374e-05 9.70259e-06
 4.27886e-11 2.01257e-09 6.55481e-08 1.47827e-06 2.30854e-05 0.000249636 0.00186925 0.00969261 0.0348091 0.0866398 0.149843 0.181913 0.16098 0.11671 0.0855203 0.067681 0.04905 0.0293296 0.0148669 0.00676595 0.00275174 0.000953196 0.000273108 6.42814e-05 1.23212e-05
 4.23917e-11 1.9939e-09 6.49402e-08 1.46456e-06 2.28712e-05 0.00024732 0.00185192 0.00960272 0.0344865 0.0858378 0.148465 0.180279 0.159666 0.116063 0.0855308 0.068269 0.0501873 0.0308206 0.0162642 0.00769759 0.00319629 0.00110867 0.000314904 7.35271e-05 1.40978e-05
 4.44614e-11 2.09125e-09 6.81107e-08 1.53607e-06 2.39879e-05 0.000259395 0.00194233 0.0100714 0.0361679 0.0900062 0.155559 0.188351 0.165064 0.116243 0.0809011 0.0615009 0.0439979 0.0263937 0.01353 0.00623185 0.00255011 0.00088265 0.000251615 5.88792e-05 1.12489e-05
 4.59995e-11 2.1636e-09 7.0467e-08 1.58921e-06 2.48177e-05 0.000268368 0.00200951 0.0104197 0.0374173 0.093102 0.160818 0.194288 0.168871 0.115927 0.0768152 0.0559434 0.0393475 0.0235586 0.0121313 0.0056269 0.00232004 0.000810026 0.000233536 5.54324e-05 1.07604e-05
 4.51634e-11 2.12427e-09 6.91861e-08 1.56032e-06 2.43666e-05 0.00026349 0.00197299 0.0102304 0.0367383 0.0914208 0.157971 0.191114 0.166974 0.116479 0.0795808 0.0594061 0.0419087 0.0247035 0.0123493 0.00554883 0.00224314 0.000779088 0.000225592 5.40411e-05 1.06094e-05
 4.35158e-11 2.04677e-09 6.66621e-08 1.5034e-06 2.34777e-05 0.000253878 0.00190102 0.00985729 0.0354 0.0881056 0.152344 0.184788 0.163004 0.117055 0.0843068 0.0656662 0.0469699 0.0275555 0.0135303 0.00590637 0.00230087 0.000763633 0.000209629 4.76025e-05 8.95724e-06
 4.49229e-11 2.11296e-09 6.88177e-08 1.55201e-06 2.42369e-05 0.000262087 0.00196248 0.0101759 0.0365428 0.0909351 0.157138 0.190135 0.166216 0.116173 0.0797191 0.0598935 0.0426657 0.0255833 0.0130994 0.0059883 0.00240368 0.000804343 0.000218715 4.85004e-05 8.81203e-06
 4.38176e-11 2.06097e-09 6.71244e-08 1.51382e-06 2.36405e-05 0.000255639 0.0019142 0.00992561 0.035645 0.0887107 0.153361 0.185879 0.163512 0.116465 0.0827399 0.0639281 0.0459441 0.0274776 0.0139843 0.00639444 0.00260738 0.000902389 0.000257229 5.99266e-05 1.13076e-05
 4.24965e-11 1.99883e-09 6.51006e-08 1.46818e-06 2.29278e-05 0.000247931 0.00185649 0.00962648 0.0345721 0.0860539 0.148858 0.180851 0.160469 0.117238 0.0869771 0.0693186 0.0500489 0.0294608 0.014494 0.0063354 0.00246784 0.000817215 0.000223155 5.01916e-05 9.30229e-06
 4.03526e-11 1.89799e-09 6.18164e-08 1.39411e-06 2.17711e-05 0.000235424 0.00176284 0.00914099 0.0328301 0.0817339 0.141495 0.172419 0.154653 0.116558 0.091064 0.0757529 0.0564132 0.0345587 0.0180324 0.00838741 0.00340404 0.00114423 0.000311235 6.88643e-05 1.24598e-05
 4.10154e-11 1.92917e-09 6.28318e-08 1.41701e-06 2.21287e-05 0.000239291 0.0017918 0.00929108 0.0333686 0.0830686 0.143765 0.174996 0.156355 0.116555 0.0894905 0.0734984 0.0543927 0.0331683 0.0172303 0.00800274 0.00326419 0.00111055 0.000307184 6.90622e-05 1.25998e-05
 4.31934e-11 2.03161e-09 6.61683e-08 1.49226e-06 2.33038e-05 0.000251997 0.00188694 0.00978427 0.0351378 0.087453 0.151217 0.183424 0.161816 0.116262 0.0839273 0.0658127 0.0478298 0.0290022 0.0150332 0.00697606 0.00284723 0.000971378 0.000270232 6.13276e-05 1.13341e-05
 4.16773e-11 1.9603e-09 6.38457e-08 1.43988e-06 2.24858e-05 0.000243152 0.00182071 0.00944097 0.0339064 0.084403 0.146043 0.177622 0.158223 0.116925 0.0884567 0.0716931 0.0524323 0.0314171 0.0159054 0.00720304 0.00290013 0.00098841 0.000277053 6.36211e-05 1.19105e-05
 4.07749e-11 1.91786e-09 6.24634e-08 1.40871e-06 2.1999e-05 0.000237888 0.00178129 0.00923663 0.0331732 0.082584 0.142938 0.174047 0.155692 0.116455 0.0899165 0.0741966 0.0551111 0.0337704 0.0176604 0.00825129 0.00337417 0.00114788 0.000317772 7.19082e-05 1.33304e-05
 4.21864e-11 1.98425e-09 6.46256e-08 1.45747e-06 2.27605e-05 0.000246122 0.00184295 0.00955621 0.0343195 0.085423 0.147752 0.179436 0.158995 0.115746 0.0855569 0.0685749 0.05074 0.0315345 0.0169509 0.00818673 0.00345693 0.00121425 0.000347533 8.10587e-05 1.53353e-05
 4.3463e-11 2.04429e-09 6.65813e-08 1.50157e-06 2.34492e-05 0.00025357 0.00189871 0.00984531 0.0353568 0.0879952 0.152136 0.184453 0.162445 0.116122 0.0830793 0.0647012 0.0469311 0.0285108 0.0148778 0.00700471 0.00293232 0.00103985 0.000304566 7.32619e-05 1.43278e-05
 4.10971e-11 1.93301e-09 6.29569e-08 1.41983e-06 2.21728e-05 0.000239767 0.00179537 0.00930958 0.0334351 0.0832348 0.144057 0.175371 0.156751 0.116964 0.0898799 0.0736848 0.0541568 0.0325443 0.0165352 0.00752711 0.00305297 0.0010525 0.000300569 7.09926e-05 1.38042e-05
 4.12683e-11 1.94106e-09 6.32192e-08 1.42575e-06 2.22652e-05 0.000240766 0.00180284 0.00934833 0.0335737 0.0835744 0.144608 0.175868 0.156644 0.115763 0.0877531 0.0717056 0.053526 0.0334317 0.0180371 0.00871291 0.00365804 0.00127065 0.000359082 8.31306e-05 1.57991e-05
 4.18365e-11 1.96779e-09 6.40897e-08 1.44538e-06 2.25717e-05 0.000244081 0.00182766 0.00947698 0.034035 0.084716 0.146536 0.177994 0.157831 0.115159 0.0855214 0.0689955 0.0515881 0.0327013 0.0181472 0.00911754 0.0040195 0.00148304 0.000448968 0.00011086 2.20596e-05
 4.07227e-11 1.9154e-09 6.23834e-08 1.4069e-06 2.19708e-05 0.000237583 0.00177901 0.00922476 0.0331303 0.0824745 0.14273 0.173706 0.15511 0.115464 0.0885795 0.0730712 0.0548881 0.0345903 0.0190121 0.00950787 0.00422259 0.00159206 0.000499502 0.000129342 2.72e-05
 3.94796e-11 1.85693e-09 6.04791e-08 1.36395e-06 2.13001e-05 0.000230331 0.00172471 0.00894327 0.0321205 0.0799716 0.138474 0.168881 0.151945 0.115526 0.0916107 0.0773586 0.0586679 0.037122 0.0204279 0.0101755 0.00446934 0.00165743 0.00051157 0.000131396 2.77957e-05
 3.83521e-11 1.8039e-09 5.87518e-08 1.325e-06 2.06918e-05 0.000223753 0.00167546 0.00868797 0.0312046 0.0777026 0.134622 0.164544 0.149199 0.115857 0.0947554 0.0815744 0.0621373 0.0391541 0.0213357 0.0104861 0.00453114 0.00164527 0.000494259 0.000123109 2.52804e-05
 3.85113e-11 1.81139e-09 5.89958e-08 1.3305e-06 2.07777e-05 0.000224682 0.00168241 0.00872403 0.031334 0.0780234 0.135168 0.165166 0.149618 0.115881 0.0944224 0.0810973 0.0617245 0.0388718 0.0211386 0.0103287 0.00441068 0.00157076 0.000459249 0.000110729 2.19655e-05
#obs surv len freq
 4.11103e-11 1.93363e-09 6.2977e-08 1.42029e-06 2.21799e-05 0.000239844 0.00179594 0.00931254 0.0334456 0.0832577 0.144077 0.175303 0.156394 0.116093 0.0885483 0.0724303 0.0536488 0.0329842 0.0175657 0.00863908 0.00391575 0.00157384 0.00054852 0.000163536 4.08434e-05
 4.93235e-11 2.31994e-09 7.55589e-08 1.70404e-06 2.66111e-05 0.00028776 0.00215471 0.0111723 0.0401174 0.0997919 0.172181 0.207104 0.177059 0.115155 0.0678374 0.0437563 0.0291455 0.0173624 0.00916281 0.00448292 0.00201858 0.000803952 0.000277045 8.15826e-05 2.01216e-05
 4.1534e-11 1.95356e-09 6.36262e-08 1.43493e-06 2.24085e-05 0.000242317 0.00181446 0.00940859 0.0337911 0.0841232 0.145611 0.177343 0.158755 0.118897 0.0916078 0.0744185 0.0529355 0.0295422 0.0132115 0.00522489 0.00199129 0.000728467 0.00024272 7.04043e-05 1.71712e-05
 4.73418e-11 2.22673e-09 7.25231e-08 1.63558e-06 2.55419e-05 0.000276199 0.00206814 0.0107236 0.0385077 0.0958032 0.165405 0.199456 0.172155 0.115569 0.0731385 0.0510246 0.0353331 0.0212219 0.011039 0.00514708 0.00210699 0.000725737 0.000209603 5.22747e-05 1.14364e-05
 4.46843e-11 2.10174e-09 6.84522e-08 1.54377e-06 2.41082e-05 0.000260695 0.00195206 0.0101219 0.0363497 0.0904608 0.156362 0.189402 0.166233 0.11755 0.0822379 0.0622297 0.043367 0.0244914 0.0113693 0.0047424 0.00187727 0.000682863 0.000215296 5.65158e-05 1.20717e-05
 4.34989e-11 2.04598e-09 6.66362e-08 1.50281e-06 2.34686e-05 0.00025378 0.00190028 0.00985346 0.0353865 0.0880717 0.152287 0.184726 0.162971 0.117076 0.0843705 0.0657228 0.0469716 0.0275087 0.0134898 0.00591355 0.00234594 0.000811939 0.000240366 6.10358e-05 1.31705e-05
 4.33139e-11 2.03728e-09 6.63528e-08 1.49642e-06 2.33688e-05 0.0002527 0.0018922 0.00981157 0.0352361 0.0876979 0.151644 0.183963 0.162353 0.11676 0.084341 0.0659298 0.047404 0.0281182 0.0141324 0.00642867 0.00266358 0.000962213 0.000293891 7.50838e-05 1.58768e-05
 4.58422e-11 2.1562e-09 7.02259e-08 1.58377e-06 2.47329e-05 0.00026745 0.00200264 0.0103841 0.0372898 0.0927866 0.160289 0.193721 0.168612 0.116243 0.0776283 0.0567962 0.0397568 0.0234506 0.0118255 0.00543099 0.00228749 0.000847317 0.000267735 7.10861e-05 1.55648e-05
 4.68956e-11 2.20574e-09 7.18395e-08 1.62016e-06 2.53012e-05 0.000273596 0.00204866 0.0106226 0.0381457 0.0949095 0.163909 0.197875 0.171506 0.116659 0.0757422 0.0537513 0.0366807 0.0209093 0.0099901 0.0043114 0.00173826 0.000633509 0.000200948 5.42376e-05 1.21724e-05
 4.41042e-11 2.07445e-09 6.75634e-08 1.52372e-06 2.37952e-05 0.000257311 0.00192672 0.00999053 0.0358784 0.0892925 0.154374 0.187146 0.164741 0.117548 0.0836163 0.0642258 0.0451887 0.0257681 0.0120919 0.00504527 0.00194447 0.000673066 0.000202745 5.25313e-05 1.15368e-05
 4.51617e-11 2.12419e-09 6.91834e-08 1.56026e-06 2.43657e-05 0.00026348 0.00197291 0.01023 0.0367371 0.0914176 0.157967 0.191117 0.167002 0.116548 0.0796846 0.0594928 0.0419192 0.024632 0.0122477 0.00547162 0.00220657 0.000770107 0.000226963 5.64773e-05 1.18285e-05
 4.54458e-11 2.13755e-09 6.96187e-08 1.57008e-06 2.4519e-05 0.000265138 0.00198533 0.0102943 0.036968 0.0919908 0.158947 0.192257 0.167844 0.116794 0.079359 0.0587933 0.041035 0.0237358 0.0115369 0.00506696 0.00205749 0.000742381 0.000229011 5.91747e-05 1.25789e-05
 4.32872e-11 2.03602e-09 6.63119e-08 1.4955e-06 2.33544e-05 0.000252545 0.00189104 0.00980554 0.0352146 0.0876465 0.151569 0.183937 0.162538 0.117317 0.0852089 0.06669 0.0475756 0.0276363 0.013382 0.00581945 0.00232906 0.000828044 0.000253482 6.59396e-05 1.43244e-05
 4.04611e-11 1.9031e-09 6.19826e-08 1.39787e-06 2.18297e-05 0.000236057 0.00176759 0.00916558 0.0329187 0.0819552 0.141885 0.172931 0.15522 0.117187 0.0916895 0.0760441 0.0559966 0.0335183 0.0169374 0.00772345 0.00319309 0.00114823 0.000350367 9.02593e-05 1.94304e-05
 3.76133e-11 1.76915e-09 5.76201e-08 1.29948e-06 2.02932e-05 0.000219443 0.00164319 0.00852069 0.0306048 0.076217 0.132104 0.161733 0.147502 0.116293 0.0971054 0.0844996 0.0642489 0.0400573 0.0215358 0.0105505 0.0046438 0.00175771 0.000560006 0.000148999 3.26492e-05
 4.20405e-11 1.97738e-09 6.44021e-08 1.45243e-06 2.26818e-05 0.000245271 0.00183657 0.00952315 0.0342007 0.0851253 0.147225 0.178739 0.1582 0.114808 0.084498 0.0677544 0.0506578 0.032326 0.0182611 0.0095079 0.00445003 0.00179449 0.00061068 0.000172962 3.99623e-05
 4.08087e-11 1.91944e-09 6.2515e-08 1.40987e-06 2.20172e-05 0.000238085 0.00178277 0.00924425 0.0332007 0.082652 0.143055 0.174184 0.155795 0.116475 0.0897942 0.0738364 0.0544782 0.0330859 0.0173386 0.00848044 0.00390885 0.0016233 0.000583427 0.000176064 4.33514e-05
 4.01667e-11 1.88925e-09 6.15316e-08 1.38769e-06 2.16708e-05 0.000234339 0.00175472 0.00909888 0.032679 0.0813578 0.140845 0.171638 0.153986 0.116128 0.0908336 0.0756753 0.056524 0.0349229 0.018653 0.00914743 0.00410113 0.00162511 0.000561486 0.000167671 4.21719e-05
 4.01392e-11 1.88795e-09 6.14894e-08 1.38674e-06 2.1656e-05 0.000234179 0.00175352 0.00909263 0.0326565 0.0813009 0.140741 0.171485 0.153764 0.115793 0.0904055 0.0753316 0.0564879 0.0352382 0.0191429 0.00958972 0.00438255 0.0017548 0.000603315 0.000176396 4.31722e-05
 4.31986e-11 2.03185e-09 6.61761e-08 1.49244e-06 2.33066e-05 0.000252027 0.00188716 0.0097854 0.0351418 0.0874604 0.151214 0.183347 0.161514 0.115558 0.0828505 0.064766 0.0473343 0.0292572 0.0158278 0.00793349 0.00365287 0.00148315 0.000518426 0.000153554 3.77289e-05
 4.17555e-11 1.96398e-09 6.39655e-08 1.44258e-06 2.2528e-05 0.000243609 0.00182413 0.00945867 0.0339701 0.0845598 0.146306 0.177902 0.158345 0.11674 0.0879621 0.0710432 0.0518407 0.0310653 0.0159036 0.00751521 0.00332857 0.00133006 0.000464362 0.000138546 3.44281e-05
 4.11188e-11 1.93403e-09 6.299e-08 1.42058e-06 2.21845e-05 0.000239894 0.00179631 0.00931447 0.0334526 0.0832758 0.144113 0.175371 0.156531 0.11635 0.0889161 0.0727739 0.0537905 0.0328587 0.0172547 0.00828269 0.00362667 0.00139692 0.000466058 0.00013407 3.26655e-05
 4.16457e-11 1.95881e-09 6.37973e-08 1.43879e-06 2.24688e-05 0.000242968 0.00181933 0.00943378 0.0338805 0.084335 0.145905 0.177357 0.157679 0.115897 0.0870104 0.0704256 0.0520835 0.03216 0.0172423 0.00850182 0.00382078 0.00150121 0.000504428 0.000143511 3.40572e-05
 4.09207e-11 1.92471e-09 6.26867e-08 1.41374e-06 2.20776e-05 0.000238738 0.00178766 0.00926962 0.0332916 0.0828762 0.143428 0.174571 0.155923 0.116127 0.0890453 0.073109 0.0542205 0.0333402 0.017752 0.00872803 0.00395046 0.00157925 0.000542996 0.000157874 3.79844e-05
 3.9828e-11 1.87332e-09 6.10127e-08 1.37599e-06 2.14881e-05 0.000232363 0.00173993 0.00902216 0.0324037 0.0806743 0.139675 0.170275 0.152965 0.115793 0.09114 0.0763787 0.0574158 0.0358672 0.0195069 0.00977824 0.00447084 0.00179356 0.000619237 0.000181784 4.44069e-05
 3.92941e-11 1.84821e-09 6.01949e-08 1.35755e-06 2.12001e-05 0.000229249 0.00171661 0.00890127 0.0319699 0.0795975 0.137834 0.168139 0.151398 0.115359 0.0917599 0.0776055 0.058845 0.037267 0.0207069 0.0106435 0.00498233 0.0020409 0.000716962 0.000213137 5.25369e-05
 3.75686e-11 1.76705e-09 5.75515e-08 1.29793e-06 2.02691e-05 0.000219182 0.00164123 0.00851053 0.0305681 0.076123 0.131924 0.161433 0.146975 0.115375 0.0958382 0.0833678 0.0638745 0.0406213 0.022677 0.0117575 0.00558271 0.00233249 0.000838569 0.000255052 6.4129e-05
 4.0405e-11 1.90046e-09 6.18967e-08 1.39593e-06 2.17994e-05 0.00023573 0.00176513 0.00915279 0.0328719 0.0818297 0.141607 0.172307 0.153761 0.114277 0.0875644 0.0725163 0.0552441 0.0359165 0.0208206 0.0111901 0.00543975 0.00230762 0.00084163 0.000260394 6.6774e-05
#pred catch len freq
 3.01906e-11 1.42002e-09 4.62492e-08 1.04303e-06 1.62885e-05 0.000176138 0.00131892 0.00683931 0.0245667 0.061192 0.106144 0.130338 0.120153 0.0976336 0.0859325 0.0802317 0.0688967 0.0540262 0.0415658 0.0324339 0.0258944 0.0214923 0.0180506 0.0140166 0.00908102
 4.2633e-11 2.00525e-09 6.53098e-08 1.4729e-06 2.30014e-05 0.000248728 0.00186245 0.00965728 0.0346813 0.0863122 0.149212 0.180845 0.159071 0.113335 0.0807985 0.0633083 0.0471981 0.0306187 0.0181125 0.0104364 0.00600499 0.00358033 0.00229636 0.00150479 0.000890894
 4.07278e-11 1.91564e-09 6.23912e-08 1.40708e-06 2.19735e-05 0.000237613 0.00177924 0.009226 0.0331356 0.0824962 0.142826 0.174096 0.156322 0.118102 0.0923666 0.076191 0.0552357 0.0319507 0.0152367 0.00652759 0.00263572 0.00100717 0.000381005 0.00015537 6.78747e-05
 3.95041e-11 1.85808e-09 6.05165e-08 1.3648e-06 2.13133e-05 0.000230474 0.00172578 0.00894887 0.0321412 0.0800289 0.138613 0.169236 0.152851 0.117389 0.094267 0.0796099 0.0590885 0.0354906 0.0178782 0.00797636 0.00312223 0.00102269 0.000277125 6.53509e-05 1.48138e-05
 4.04474e-11 1.90245e-09 6.19617e-08 1.39739e-06 2.18223e-05 0.000235977 0.00176699 0.00916247 0.0329073 0.0819258 0.141825 0.172815 0.154984 0.116748 0.0911092 0.0756412 0.0561203 0.0341397 0.0176395 0.00814225 0.00330433 0.00111959 0.000308502 6.92521e-05 1.27634e-05
 3.77673e-11 1.77639e-09 5.7856e-08 1.3048e-06 2.03763e-05 0.000220341 0.00164992 0.00855559 0.0307303 0.0765322 0.132667 0.162498 0.148438 0.11749 0.0984972 0.0855233 0.0641911 0.038825 0.0197802 0.00901691 0.00365512 0.00125495 0.0003548 8.22353e-05 1.5532e-05
 3.79274e-11 1.78393e-09 5.81013e-08 1.31033e-06 2.04627e-05 0.000221276 0.00165691 0.00859183 0.03086 0.0768512 0.133192 0.163008 0.148484 0.116689 0.0969732 0.0840602 0.0636557 0.0393466 0.0207333 0.00976314 0.00402178 0.00137896 0.000385668 8.84672e-05 1.66743e-05
 3.9506e-11 1.85818e-09 6.05196e-08 1.36487e-06 2.13144e-05 0.000230485 0.00172587 0.0089493 0.0321426 0.0800308 0.138605 0.169175 0.152632 0.116893 0.0935357 0.0789683 0.0589266 0.0358856 0.0185479 0.00858289 0.00350843 0.00120546 0.000339434 7.82668e-05 1.47376e-05
 4.13197e-11 1.94348e-09 6.3298e-08 1.42753e-06 2.22929e-05 0.000241066 0.00180509 0.00935999 0.0336158 0.0836811 0.144806 0.176172 0.157112 0.116501 0.0886891 0.0723902 0.0534372 0.0325586 0.016925 0.00789296 0.00325199 0.00112711 0.00032094 7.50583e-05 1.43614e-05
 4.09958e-11 1.92825e-09 6.28017e-08 1.41633e-06 2.21181e-05 0.000239176 0.00179094 0.00928665 0.0333529 0.0830321 0.143719 0.175019 0.156626 0.11726 0.0905443 0.0743729 0.054491 0.0324484 0.0162373 0.00727146 0.00291798 0.00100168 0.000285572 6.72419e-05 1.29889e-05
 3.88941e-11 1.82939e-09 5.95822e-08 1.34373e-06 2.09842e-05 0.000226915 0.00169914 0.00881078 0.0316459 0.0788033 0.136541 0.166947 0.151551 0.117972 0.0965396 0.08233 0.0609417 0.0361066 0.0177747 0.00775338 0.00300679 0.000988819 0.000267697 5.9758e-05 1.10513e-05
 4.01297e-11 1.88751e-09 6.1475e-08 1.38641e-06 2.16509e-05 0.000234124 0.00175311 0.00909053 0.0326492 0.0812863 0.140739 0.171588 0.154196 0.116813 0.0919587 0.0768115 0.0571249 0.0347723 0.0179442 0.00823954 0.00330549 0.00109921 0.000295522 6.45769e-05 1.15542e-05
 3.98549e-11 1.87459e-09 6.10541e-08 1.37692e-06 2.15026e-05 0.000232521 0.00174111 0.00902832 0.0324261 0.0807348 0.13981 0.170579 0.153682 0.11723 0.0931967 0.0781884 0.0579178 0.034828 0.0176535 0.00800425 0.00322847 0.00110246 0.000309223 7.08016e-05 1.31457e-05
 3.77807e-11 1.77702e-09 5.78765e-08 1.30526e-06 2.03835e-05 0.000220419 0.0016505 0.00855865 0.0307415 0.0765622 0.132734 0.162647 0.148786 0.118182 0.0994698 0.0863313 0.0643077 0.0381804 0.0188152 0.0082112 0.0031823 0.00104397 0.000281151 6.21778e-05 1.13297e-05
 3.61193e-11 1.69888e-09 5.53313e-08 1.24786e-06 1.94871e-05 0.000210727 0.00157793 0.0081824 0.0293914 0.0732129 0.127017 0.156067 0.144128 0.117325 0.102165 0.0909373 0.0692168 0.0424812 0.0220299 0.0101508 0.00407686 0.00135371 0.000362574 7.87874e-05 1.39988e-05
 3.66639e-11 1.7245e-09 5.61657e-08 1.26668e-06 1.9781e-05 0.000213904 0.00160172 0.00830574 0.0298339 0.0743096 0.128882 0.158183 0.145523 0.117314 0.100859 0.0890687 0.0675435 0.0413343 0.0213784 0.00985141 0.00397941 0.00133763 0.000364415 8.05318e-05 1.44491e-05
 3.88359e-11 1.82665e-09 5.94929e-08 1.34171e-06 2.09528e-05 0.000226575 0.00169659 0.00879755 0.0315981 0.0786815 0.136311 0.166577 0.150936 0.11695 0.0952062 0.0813169 0.0609861 0.0372484 0.019288 0.00890877 0.00360888 0.0012179 0.000333915 7.45174e-05 1.3548e-05
 3.70685e-11 1.74352e-09 5.67854e-08 1.28065e-06 1.99993e-05 0.000216264 0.00161939 0.00839736 0.0301627 0.0751262 0.130282 0.15982 0.146769 0.117768 0.100551 0.0882249 0.0663561 0.0400169 0.0202404 0.00912446 0.00364569 0.00122864 0.000339305 7.66112e-05 1.41108e-05
 3.58297e-11 1.68526e-09 5.48878e-08 1.23786e-06 1.93309e-05 0.000209037 0.00156528 0.00811683 0.0291561 0.072629 0.12602 0.154914 0.143298 0.117132 0.102569 0.0916721 0.0700335 0.0432371 0.0226364 0.0105544 0.00429253 0.00144643 0.000394935 8.79014e-05 1.60277e-05
 3.74407e-11 1.76103e-09 5.73557e-08 1.29351e-06 2.02001e-05 0.000218436 0.00163565 0.0084816 0.0304644 0.0758692 0.131512 0.161054 0.147035 0.116249 0.0974864 0.0851672 0.0650325 0.0407558 0.0219294 0.0105627 0.0044319 0.00154045 0.000434658 9.97639e-05 1.85866e-05
 3.8988e-11 1.83381e-09 5.97259e-08 1.34697e-06 2.10349e-05 0.000227463 0.00170324 0.00883198 0.0317216 0.078987 0.136827 0.167143 0.151245 0.116766 0.0945714 0.0805423 0.0604184 0.0370237 0.0193281 0.00906637 0.00376672 0.00132012 0.000380773 9.00789e-05 1.73465e-05
 3.604e-11 1.69515e-09 5.52099e-08 1.24512e-06 1.94444e-05 0.000210264 0.00157446 0.00816446 0.0293272 0.0730553 0.126759 0.155824 0.144136 0.117785 0.103002 0.0917006 0.0694172 0.0420781 0.0214345 0.00975004 0.00393481 0.00134304 0.000378017 8.7792e-05 1.67946e-05
 3.55952e-11 1.67423e-09 5.45286e-08 1.22976e-06 1.92044e-05 0.000207669 0.00155503 0.0080637 0.0289651 0.0721524 0.125186 0.153858 0.142228 0.116103 0.10164 0.0912351 0.070584 0.0447212 0.0243574 0.011834 0.004967 0.00171397 0.00047869 0.000109202 2.0447e-05
 3.61981e-11 1.70259e-09 5.54521e-08 1.25058e-06 1.95297e-05 0.000211186 0.00158137 0.0082002 0.0294546 0.0733629 0.127227 0.15609 0.143411 0.115293 0.0990232 0.0881401 0.0684687 0.0440751 0.024699 0.0124713 0.00548733 0.00200777 0.000600282 0.000146201 2.87212e-05
 3.5334e-11 1.66194e-09 5.41284e-08 1.22073e-06 1.90635e-05 0.000206145 0.00154362 0.00800454 0.0287528 0.071625 0.124282 0.152799 0.141416 0.115785 0.10176 0.0915924 0.071038 0.0452586 0.0249969 0.0125052 0.00552264 0.00205875 0.000636278 0.000162187 3.36297e-05
 3.45689e-11 1.62596e-09 5.29564e-08 1.1943e-06 1.86507e-05 0.000201682 0.0015102 0.0078313 0.0281314 0.0700854 0.121667 0.149852 0.13954 0.115983 0.103861 0.0944444 0.0734334 0.0467101 0.025662 0.0127118 0.00553116 0.00202328 0.00061376 0.000154778 3.2203e-05
 3.37495e-11 1.58741e-09 5.17011e-08 1.16599e-06 1.82086e-05 0.000196901 0.00147441 0.00764575 0.0274658 0.0684373 0.118874 0.146732 0.137652 0.116461 0.106492 0.0978037 0.0760144 0.0479826 0.0260011 0.0126633 0.0054096 0.00193582 0.000571251 0.00013959 2.81627e-05
 3.42429e-11 1.61062e-09 5.24569e-08 1.18303e-06 1.84748e-05 0.00019978 0.00149596 0.00775748 0.0278667 0.0694311 0.120567 0.148661 0.138953 0.116539 0.105449 0.0962694 0.0746166 0.0469724 0.0253314 0.0122351 0.00515866 0.00180998 0.000519771 0.0001229 2.39378e-05
#obs catch len freq
 3.59136e-11 1.6892e-09 5.50163e-08 1.24076e-06 1.93762e-05 0.000209527 0.00156894 0.0081358 0.029224 0.0727945 0.126283 0.155128 0.143148 0.116309 0.101102 0.0900996 0.0690508 0.0431844 0.0233859 0.011705 0.00538727 0.0021948 0.000775185 0.000234195 5.92497e-05
 3.6145e-11 1.70009e-09 5.53707e-08 1.24875e-06 1.95011e-05 0.000210877 0.00157905 0.00818821 0.0294121 0.0732614 0.127082 0.156059 0.143841 0.116528 0.10088 0.0896083 0.0684428 0.0425566 0.0228298 0.0112967 0.00514081 0.00207054 0.000722418 0.000215516 5.3845e-05
 4.60428e-11 2.16563e-09 7.05331e-08 1.5907e-06 2.48411e-05 0.00026862 0.0020114 0.0104294 0.0374524 0.0931871 0.160953 0.194392 0.168776 0.115466 0.0760205 0.0551381 0.0389303 0.0236712 0.0126109 0.00620985 0.00280743 0.00112047 0.000386536 0.000113896 2.81018e-05
 3.67673e-11 1.72936e-09 5.63241e-08 1.27025e-06 1.98368e-05 0.000214508 0.00160624 0.00832924 0.0299193 0.0745305 0.129323 0.158992 0.147104 0.120197 0.104721 0.0919815 0.0673096 0.0379192 0.0170546 0.00678709 0.00260156 0.000955074 0.000318756 9.25315e-05 2.25769e-05
 4.36423e-11 2.05272e-09 6.68559e-08 1.50777e-06 2.3546e-05 0.000254616 0.00190654 0.0098859 0.0355025 0.0883557 0.152746 0.18513 0.162841 0.115983 0.0824683 0.0639788 0.0464644 0.0283721 0.0148789 0.00697795 0.00286708 0.000989523 0.000286118 7.14147e-05 1.56325e-05
 4.0434e-11 1.90182e-09 6.19411e-08 1.39693e-06 2.1815e-05 0.000235899 0.0017664 0.00915948 0.0328973 0.0819067 0.141833 0.173019 0.155778 0.118564 0.0937218 0.0777176 0.0561645 0.0321068 0.0150047 0.00629907 0.00250652 0.000914485 0.000288733 7.58463e-05 1.62071e-05
 3.9036e-11 1.83606e-09 5.97994e-08 1.34863e-06 2.10608e-05 0.000227743 0.00170533 0.00884288 0.0317612 0.0790886 0.137024 0.167487 0.151877 0.117886 0.0960697 0.0817076 0.0604199 0.0358034 0.0176779 0.00779609 0.0031063 0.00107776 0.000319485 8.11916e-05 1.75286e-05
 3.8792e-11 1.82459e-09 5.94257e-08 1.3402e-06 2.09291e-05 0.000226319 0.00169468 0.00878762 0.0315628 0.0785955 0.136176 0.16648 0.15106 0.117465 0.0960245 0.0819749 0.0609887 0.0366106 0.0185312 0.00848094 0.00352886 0.00127774 0.000390734 9.98952e-05 2.11326e-05
 4.18155e-11 1.9668e-09 6.40574e-08 1.44466e-06 2.25604e-05 0.000243959 0.00182675 0.00947226 0.0340188 0.0846811 0.146515 0.17815 0.158549 0.116854 0.0880055 0.0710574 0.0518394 0.0310165 0.0157607 0.00728295 0.00308052 0.00114367 0.000361803 9.61264e-05 2.10561e-05
 4.30709e-11 2.02585e-09 6.59806e-08 1.48803e-06 2.32377e-05 0.000251283 0.00188159 0.00975656 0.035039 0.0872116 0.150833 0.183116 0.162046 0.117455 0.0859103 0.0675549 0.0481892 0.0278847 0.0134248 0.00583141 0.00236259 0.000863414 0.00027425 7.40768e-05 1.66318e-05
 3.96975e-11 1.86718e-09 6.08128e-08 1.37148e-06 2.14177e-05 0.000231602 0.00173423 0.00899271 0.0322989 0.0804235 0.13931 0.170152 0.153878 0.118548 0.095453 0.0802389 0.0584817 0.0337476 0.015943 0.00669402 0.00259282 0.000900122 0.00027155 7.04178e-05 1.54727e-05
 4.09742e-11 1.92723e-09 6.27686e-08 1.41559e-06 2.21065e-05 0.000239051 0.00179 0.00928177 0.0333356 0.0829887 0.143644 0.174933 0.156564 0.117245 0.0905702 0.0744137 0.0545248 0.0324735 0.0162661 0.0073112 0.00296106 0.00103588 0.000305675 7.6122e-05 1.59507e-05
 4.13007e-11 1.94259e-09 6.32688e-08 1.42687e-06 2.22826e-05 0.000240955 0.00180426 0.00935571 0.033601 0.0836476 0.144773 0.176252 0.15756 0.117588 0.0902806 0.0736742 0.0535031 0.0313695 0.0153598 0.00678893 0.0027696 0.00100191 0.000309476 8.00237e-05 1.70181e-05
 3.87886e-11 1.82443e-09 5.94204e-08 1.34008e-06 2.09273e-05 0.000226299 0.00169453 0.00878687 0.0315604 0.0785917 0.136186 0.166569 0.151384 0.118198 0.0970904 0.0828677 0.0611202 0.0359133 0.0175075 0.00766028 0.00307994 0.00109785 0.000336527 8.76086e-05 1.90403e-05
 3.54616e-11 1.66794e-09 5.43237e-08 1.22514e-06 1.91323e-05 0.000206889 0.0015492 0.00803348 0.0288575 0.0718912 0.124782 0.153596 0.142719 0.117932 0.104559 0.0937477 0.0710186 0.0429481 0.0218496 0.0100239 0.00416185 0.0015001 0.0004583 0.000118151 2.54466e-05
 3.23747e-11 1.52275e-09 4.95949e-08 1.11849e-06 1.74669e-05 0.00018888 0.00141435 0.00733444 0.0263492 0.0656699 0.114172 0.14142 0.134226 0.116685 0.110025 0.102569 0.0799005 0.0502845 0.0272155 0.0134087 0.00592349 0.00224643 0.000716454 0.000190744 4.18133e-05
 3.71437e-11 1.74706e-09 5.69005e-08 1.28325e-06 2.00398e-05 0.000216703 0.00162267 0.00841429 0.0302226 0.075265 0.130453 0.159708 0.145648 0.11486 0.0961138 0.0842387 0.0651791 0.0421225 0.0239803 0.012558 0.00589805 0.00238266 0.000811619 0.000230006 5.31611e-05
 3.58153e-11 1.68458e-09 5.48655e-08 1.23736e-06 1.93231e-05 0.000208953 0.00156464 0.00811354 0.0291444 0.0725995 0.125967 0.154846 0.14322 0.117019 0.102342 0.091218 0.0693332 0.0425679 0.0224695 0.0110598 0.00511934 0.00213063 0.000766574 0.000231463 5.70099e-05
 3.50324e-11 1.64776e-09 5.36663e-08 1.21031e-06 1.89008e-05 0.000204386 0.00153045 0.00793626 0.0285082 0.0710211 0.123272 0.151735 0.140993 0.116552 0.103549 0.0934171 0.0718391 0.0448698 0.0241403 0.0119105 0.00536119 0.00212892 0.000736391 0.000220047 5.53664e-05
 3.50557e-11 1.64885e-09 5.37021e-08 1.21112e-06 1.89133e-05 0.000204522 0.00153147 0.00794153 0.028527 0.0710662 0.123339 0.151765 0.140854 0.116111 0.102846 0.092766 0.0716151 0.0451641 0.0247134 0.0124538 0.00571294 0.002292 0.000788826 0.000230776 5.65025e-05
 3.84744e-11 1.80965e-09 5.89391e-08 1.32923e-06 2.07578e-05 0.000224466 0.0016808 0.00871566 0.0313041 0.0779491 0.135042 0.165025 0.149529 0.11588 0.0944482 0.0809933 0.0613838 0.0384417 0.020961 0.0105719 0.00488685 0.00198822 0.000695706 0.000206187 5.06794e-05
 3.68652e-11 1.73396e-09 5.6474e-08 1.27363e-06 1.98896e-05 0.000215079 0.00161051 0.00835132 0.0299976 0.0747154 0.129575 0.158981 0.146087 0.117401 0.100442 0.0882402 0.0664494 0.0402717 0.0207666 0.00987632 0.00439379 0.00175985 0.000615136 0.000183646 4.56519e-05
 3.60042e-11 1.69346e-09 5.5155e-08 1.24389e-06 1.94251e-05 0.000210055 0.0015729 0.00815633 0.0292978 0.0729794 0.12661 0.155559 0.143636 0.116878 0.101739 0.0905852 0.0690833 0.0426876 0.0225843 0.01091 0.00479728 0.001852 0.00061864 0.00017809 4.34096e-05
 3.65496e-11 1.71912e-09 5.59905e-08 1.26273e-06 1.97193e-05 0.000213237 0.00159672 0.00827981 0.0297406 0.074075 0.128461 0.157599 0.144774 0.116297 0.0996023 0.0880099 0.0672784 0.0420511 0.0227219 0.0112754 0.00508813 0.00200348 0.000673964 0.000191872 4.55528e-05
 3.5605e-11 1.67469e-09 5.45434e-08 1.23009e-06 1.92097e-05 0.000207726 0.00155546 0.00806591 0.0289734 0.0721742 0.125234 0.153968 0.142482 0.11659 0.102242 0.0914954 0.0700591 0.0435943 0.0233964 0.0115803 0.00526442 0.00210934 0.000726116 0.000211257 5.08487e-05
 3.43816e-11 1.61715e-09 5.26694e-08 1.18783e-06 1.85496e-05 0.000200589 0.00150202 0.00778888 0.0279793 0.0697088 0.12103 0.149145 0.139125 0.116115 0.104442 0.0950362 0.0736212 0.04652 0.0254994 0.0128649 0.00590644 0.0023746 0.000820786 0.000241112 5.89236e-05
 3.38959e-11 1.5943e-09 5.19253e-08 1.17105e-06 1.82876e-05 0.000197755 0.0014808 0.00767888 0.0275845 0.0687282 0.119349 0.147175 0.137614 0.11553 0.104728 0.095907 0.0748566 0.0479385 0.0268408 0.0138815 0.00652296 0.00267727 0.000941505 0.000280061 6.90587e-05
 3.18984e-11 1.50035e-09 4.88653e-08 1.10204e-06 1.72099e-05 0.000186102 0.00139355 0.00722656 0.0259618 0.064706 0.112507 0.139407 0.132478 0.115513 0.109395 0.102528 0.0806594 0.0518401 0.0291637 0.0152167 0.00725366 0.00303676 0.00109292 0.000332617 8.36617e-05
#spawning biomass
 4987.74 4847.88 7187.45 10128.7 13955.7 19654.1 23160 25082.2 36431.7 57449.4 74470.7 92510.4 129984 141127 150598 126669 118309 127949 126194 124881 135904 151734 154783 175281 201586 202769 171514 128690 97927.3 57382.8 7800.7 4334.93 4266.91 4266.05 4266.04 4266.04 4266.04 4266.04 4266.04 4266.04 4266.04 4266.04 4266.04 4266.04 4266.04 4266.04 4266.04 4266.04 4266.04 4266.04 4266.04 4266.04 4266.04 4266.04 4266.04 4266.04 4266.04 4266.04 4266.04 4266.04 4266.04 4266.04 4266.04 4266.04 4266.04 4266.04 4266.04 4266.04 4266.04 4266.04 4266.04 4266.04 4266.04 4266.04 4266.04 4266.04 4266.04 4266.04 4266.04 4266.04 4266.04 4266.04 4266.04 4266.04 4266.04 4266.04 4266.04 4266.04 4266.04 4266.04 4266.04 4266.04 4266.04 4266.04 4266.04 4266.04 4266.04 4266.04 4266.04 4266.04 4266.04 4266.04 4266.04 4266.04 4266.04 4266.04 4266.04 4266.04 4266.04 4266.04 4266.04 4266.04 4266.04 4266.04 4266.04 4266.04 4266.04 4266.04 4266.04 4266.04 4266.04 4266.04 4266.04 4266.04 4266.04 4266.04 4266.04 4266.04 0 0 0 0 0 0 0 0 0 0 0 0 0 0 0 0 0 0 0 0 0 0 0 0 0
