SBPRF35
0.256306
Curr Bio
87722.7
B35
183893
F35
0.45525
FOFL
0.209428
OFL
18257.4
Bzero
73230.3
#pred survey bio
 5330.45 6063.9 9674.79 12370.4 17658.8 21824.5 24785.6 30804.1 46222.5 66981 82859 121783 157694 184365 171520 158418 149021 143089 144555 143267 173513 185796 168952 185026 169423 170880 170838 151798 5.3733e+06 3.19019e+06 2.37442e+06 1.70062e+06 1.27364e+06 1.03323e+06 905117 838113 802871 783912 773367 767277 763626 761366 759929 758994 758384 757980 757711 757531 757410 757328 757274 757236 757211 757194 757183 757175 757170 757166 757164 757162 757161 757161 757160 757160 757160 757159 757159 757159 757159 757159 757159 757159 757159 757159 757159 757159 757159 757159 757159 757159 757159 757159 757159 757159 757159 757159 757159 757159 757159 757159 757159 757159 757159 757159 757159 757159 757159 757159 757159 757159 757159 757159 757159 757159 757159 757159 757159 757159 757159 757159 757159 757159 757159 757159 757159 757159 757159 757159 757159 757159 757159 757159 757159 757159 757159 757159 757159 757159 0 0 0 0 0 0 0 0 0 0 0 0 0 0 0 0 0 0 0 0 0 0 0 0 0
#obs survey bio
 4862.58 6289.31 9276.68 22611.2 23629.1 22180.6 19059.3 30276.2 43558.6 68748.3 94077 125490 216932 205868 154878 123829 111890 128868 171491 137997 197049 124312 281928 175797 200997 168433 202376 175177
#pred catch bio
 2860.94 2804.98 5138.65 5962.46 8822.92 11577.1 13515.1 16020.5 23849.6 37388.4 41444.1 65845.7 82122.4 103798 97272.7 93038.9 86291.7 78175.7 80883.4 71369.9 91580.5 110603 87387.1 107216 89590.4 88111.1 95620.8 77222.6 18257.4 44289.2 31406.7 21267.9 15145.1 11896.6 10296.5 9543.83 9200.08 9046.16 8978.14 8948.35 8935.39 8929.77 8927.34 8926.29 8925.84 8925.65 8925.57 8925.53 8925.52 8925.51 8925.51 8925.51 8925.51 8925.51 8925.51 8925.51 8925.51 8925.51 8925.51 8925.51 8925.51 8925.51 8925.51 8925.51 8925.51 8925.51 8925.51 8925.51 8925.51 8925.51 8925.51 8925.51 8925.51 8925.51 8925.51 8925.51 8925.51 8925.51 8925.51 8925.51 8925.51 8925.51 8925.51 8925.51 8925.51 8925.51 8925.51 8925.51 8925.51 8925.51 8925.51 8925.51 8925.51 8925.51 8925.51 8925.51 8925.51 8925.51 8925.51 8925.51 8925.51 8925.51 8925.51 8925.51 8925.51 8925.51 8925.51 8925.51 8925.51 8925.51 8925.51 8925.51 8925.51 8925.51 8925.51 8925.51 8925.51 8925.51 8925.51 8925.51 8925.51 8925.51 8925.51 8925.51 8925.51 8925.51 8925.51 8925.51 0 0 0 0 0 0 0 0 0 0 0 0 0 0 0 0 0 0 0 0 0 0 0 0 0
#obs catch bio
 2277.66 2734.93 5004.77 5382.59 7799.73 10260.7 13238.4 16211.1 23621.3 36461.9 39428.6 65077.5 77531.2 103172 101588 100271 93127.3 81246.2 80818.6 68791.4 88460.2 120406 81292 113418 87045.7 85596.2 99001.5 77087.3
#pred cpue bio
 4271.09 4072 6452.76 8414.79 12053.5 15414.9 17445 20735.6 30127.3 44447.7 55612.4 81268.6 105914 130593 125589 115073 105195 101681 104399 102451 122686 133842 119811 133569 122011 125438 127037 112392 3.99649e+06 3.09136e+06 2.27763e+06 1.60383e+06 1.17685e+06 936443 808331 741326 706085 687126 676581 670490 666840 664580 663142 662208 661597 661194 660925 660745 660624 660542 660487 660450 660425 660408 660397 660389 660384 660380 660378 660376 660375 660374 660374 660373 660373 660373 660373 660373 660373 660373 660373 660373 660373 660373 660373 660373 660373 660373 660373 660373 660373 660373 660373 660373 660373 660373 660373 660373 660373 660373 660373 660373 660373 660373 660373 660373 660373 660373 660373 660373 660373 660373 660373 660373 660373 660373 660373 660373 660373 660373 660373 660373 660373 660373 660373 660373 660373 660373 660373 660373 660373 660373 660373 660373 660373 660373 660373 660373 0 0 0 0 0 0 0 0 0 0 0 0 0 0 0 0 0 0 0 0 0 0 0 0 0
#obs cpue bio
 3875.49 4889.57 7400.16 8875 14722 23411.5 19105.3 18710.9 35227.6 51538.4 59320.3 80297.6 106139 108824 102704 110581 101182 100216 101539 123826 125572 120735 125146 89739.5 132336 138556 87275 103020
#pred surv len freq
 3.82569e-11 1.79942e-09 5.8606e-08 1.32171e-06 2.06404e-05 0.000223197 0.00167128 0.00866601 0.0311216 0.0774548 0.133912 0.162359 0.14302 0.10247 0.0742981 0.0605213 0.0489953 0.037311 0.0283222 0.0223035 0.018402 0.0160156 0.0140875 0.0113223 0.00750035
 4.66154e-11 2.19257e-09 7.14105e-08 1.61048e-06 2.515e-05 0.000271961 0.00203641 0.0105591 0.0379167 0.0943327 0.162863 0.196375 0.169444 0.113641 0.0717847 0.0500511 0.0348808 0.0215889 0.0124333 0.00747268 0.00493062 0.0035457 0.00267875 0.00194742 0.00121937
 4.5949e-11 2.16122e-09 7.03895e-08 1.58746e-06 2.47904e-05 0.000268073 0.00200731 0.0104082 0.0373764 0.0930018 0.160656 0.194143 0.168907 0.116278 0.0773781 0.0562926 0.0390515 0.0226864 0.0112585 0.00525581 0.00248077 0.00123477 0.000675969 0.000394774 0.00021795
 4.47697e-11 2.10575e-09 6.85831e-08 1.54672e-06 2.41542e-05 0.000261194 0.0019558 0.0101412 0.0364186 0.0906296 0.156633 0.189632 0.166121 0.116822 0.0809871 0.0610725 0.0429957 0.0249996 0.0122333 0.00543611 0.00226484 0.000875646 0.000323016 0.000122232 4.85016e-05
 4.47329e-11 2.10402e-09 6.85266e-08 1.54544e-06 2.41343e-05 0.000260978 0.00195418 0.0101329 0.0363883 0.0905518 0.156483 0.189376 0.165661 0.116017 0.079918 0.0602517 0.0430206 0.0259091 0.0134495 0.00636789 0.00274094 0.00103251 0.000336691 9.7069e-05 2.57089e-05
 4.28047e-11 2.01333e-09 6.55728e-08 1.47883e-06 2.30941e-05 0.00024973 0.00186996 0.00969625 0.0348221 0.0866711 0.149891 0.181937 0.160897 0.116428 0.0850412 0.0671614 0.0487065 0.0292904 0.015124 0.00719709 0.00317783 0.00124663 0.000420248 0.000119617 2.84231e-05
 4.31059e-11 2.0275e-09 6.60343e-08 1.48924e-06 2.32566e-05 0.000251487 0.00188312 0.00976445 0.0350666 0.0872753 0.150906 0.183032 0.161422 0.11588 0.0835423 0.0654971 0.0477285 0.029209 0.0155195 0.00759929 0.00341483 0.0013538 0.000462846 0.0001345 3.2483e-05
 4.54983e-11 2.14002e-09 6.96991e-08 1.57189e-06 2.45473e-05 0.000265444 0.00198762 0.0103062 0.03701 0.0920923 0.159099 0.192327 0.167544 0.115832 0.0778254 0.0573829 0.0405658 0.0243754 0.0127326 0.00617332 0.0027893 0.00112631 0.00039385 0.00011678 2.868e-05
 4.69558e-11 2.20858e-09 7.1932e-08 1.62224e-06 2.53337e-05 0.000273947 0.00205129 0.0106362 0.0381943 0.0950288 0.164102 0.198041 0.171441 0.116172 0.0748872 0.052924 0.0363409 0.0211606 0.0105503 0.00484722 0.00209984 0.000827923 0.000287218 8.56005e-05 2.13182e-05
 4.59903e-11 2.16316e-09 7.04529e-08 1.58889e-06 2.48127e-05 0.000268314 0.00200911 0.0104176 0.0374102 0.0930872 0.160813 0.194373 0.16924 0.116787 0.0780595 0.0569369 0.0393761 0.0225947 0.0108719 0.00474077 0.00194027 0.000724238 0.00023905 6.85547e-05 1.66915e-05
 4.54062e-11 2.13569e-09 6.95581e-08 1.56871e-06 2.44976e-05 0.000264907 0.0019836 0.0102854 0.0369357 0.0919116 0.158816 0.192121 0.167801 0.116924 0.0796405 0.0590862 0.0411815 0.0236967 0.011399 0.00493545 0.00197986 0.000712811 0.000223796 6.06582e-05 1.39977e-05
 4.58218e-11 2.15524e-09 7.01948e-08 1.58307e-06 2.47219e-05 0.000267332 0.00200175 0.0103795 0.0372731 0.0927455 0.160219 0.193638 0.168549 0.116221 0.0776465 0.0568499 0.0398391 0.0235411 0.0118911 0.00545323 0.00227985 0.000834099 0.000260516 6.90341e-05 1.5356e-05
 4.54185e-11 2.13627e-09 6.95769e-08 1.56913e-06 2.45042e-05 0.000264978 0.00198413 0.0102881 0.0369456 0.0919355 0.158852 0.192141 0.167744 0.116727 0.0793182 0.0587762 0.0410511 0.0237954 0.0116371 0.00518587 0.00216277 0.00081226 0.000263839 7.22947e-05 1.6343e-05
 4.25216e-11 2.00001e-09 6.51391e-08 1.46905e-06 2.29413e-05 0.000248078 0.00185759 0.00963216 0.0345924 0.0861033 0.148937 0.180913 0.160418 0.116979 0.0865203 0.0688358 0.0497598 0.029466 0.0147413 0.0066924 0.00279703 0.00103748 0.000332819 9.12733e-05 2.09769e-05
 4.05898e-11 1.90915e-09 6.21798e-08 1.40231e-06 2.18991e-05 0.000236808 0.00177321 0.00919471 0.0330228 0.0822113 0.142305 0.173332 0.155229 0.116474 0.0903412 0.0746966 0.0553813 0.0338129 0.0177238 0.00849449 0.0037113 0.00141774 0.000462376 0.00012745 2.92292e-05
 4.12872e-11 1.94195e-09 6.32482e-08 1.4264e-06 2.22753e-05 0.000240876 0.00180367 0.00935259 0.0335889 0.0836114 0.144665 0.175909 0.156583 0.115508 0.0872852 0.0711266 0.0530146 0.0331784 0.0181772 0.00919811 0.00423837 0.00170404 0.000583589 0.000167658 3.95944e-05
 4.2955e-11 2.0204e-09 6.58031e-08 1.48402e-06 2.31752e-05 0.000250607 0.00187652 0.00973028 0.034944 0.0869716 0.15039 0.18245 0.161048 0.115907 0.0839156 0.0659591 0.0480316 0.0293232 0.0155943 0.00774461 0.00359913 0.00149762 0.000538645 0.000163092 4.04652e-05
 4.24355e-11 1.99596e-09 6.50073e-08 1.46608e-06 2.28949e-05 0.000247576 0.00185383 0.00961266 0.0345223 0.0859283 0.14863 0.180523 0.160017 0.116575 0.0861177 0.0685528 0.0497753 0.0298277 0.0153109 0.00727072 0.00324621 0.00131498 0.000469007 0.000143861 3.68112e-05
 4.15391e-11 1.9538e-09 6.36341e-08 1.43511e-06 2.24113e-05 0.000242346 0.00181467 0.00940966 0.0337938 0.0841212 0.145545 0.176969 0.157492 0.116087 0.0875367 0.0710111 0.0524267 0.0321808 0.0170859 0.00834354 0.0037366 0.00148 0.000509726 0.000151427 3.80375e-05
 4.22117e-11 1.98544e-09 6.46644e-08 1.45834e-06 2.27741e-05 0.00024627 0.00184405 0.00956194 0.0343401 0.085474 0.147839 0.179538 0.15907 0.115757 0.0854612 0.0683089 0.0502829 0.0310429 0.0167169 0.00834547 0.00383829 0.00155982 0.000545936 0.000162052 4.00415e-05
 4.29746e-11 2.02132e-09 6.58331e-08 1.4847e-06 2.31857e-05 0.000250721 0.00187738 0.00973468 0.0349596 0.0870081 0.150438 0.182436 0.160808 0.115267 0.082949 0.0651352 0.0478872 0.0299143 0.016463 0.00842544 0.00396269 0.00164554 0.00058952 0.000179064 4.50385e-05
 4.17269e-11 1.96263e-09 6.39217e-08 1.44159e-06 2.25126e-05 0.000243442 0.00182288 0.00945217 0.0339464 0.0844992 0.146188 0.177697 0.157968 0.116066 0.0870378 0.0702586 0.0516744 0.0316099 0.0168038 0.00834754 0.00389317 0.00163504 0.000598305 0.000186075 4.78849e-05
 4.26186e-11 2.00457e-09 6.52877e-08 1.4724e-06 2.29936e-05 0.000248644 0.00186183 0.0096541 0.0346708 0.0862955 0.149248 0.181188 0.160336 0.116244 0.0852069 0.0675368 0.0491697 0.0297662 0.0155484 0.00752337 0.00340096 0.00138617 0.000496838 0.000153655 3.98738e-05
 4.16234e-11 1.95777e-09 6.37632e-08 1.43802e-06 2.24567e-05 0.000242838 0.00181836 0.00942874 0.0338622 0.0842897 0.145826 0.177257 0.157581 0.115805 0.0869236 0.0703625 0.0520772 0.0322224 0.017354 0.00863079 0.00393867 0.00158892 0.00055647 0.000167515 4.25005e-05
 4.17282e-11 1.9627e-09 6.39238e-08 1.44164e-06 2.25133e-05 0.000243449 0.00182294 0.00945248 0.0339475 0.0845021 0.146194 0.177707 0.157987 0.116103 0.0870962 0.0703309 0.0517422 0.0316483 0.0167894 0.0082798 0.00380345 0.00156092 0.000555329 0.0001679 4.22173e-05
 4.06047e-11 1.90985e-09 6.22026e-08 1.40282e-06 2.19071e-05 0.000236895 0.00177386 0.00919805 0.0330345 0.0822375 0.14233 0.173268 0.154872 0.115599 0.0890202 0.0735059 0.0550119 0.0344097 0.018817 0.00952763 0.00442507 0.00181609 0.000646102 0.000196448 4.98439e-05
 3.98899e-11 1.87623e-09 6.11076e-08 1.37813e-06 2.15215e-05 0.000232725 0.00174263 0.00903617 0.0324535 0.080795 0.13986 0.170384 0.152696 0.114845 0.089597 0.074924 0.0568626 0.0364108 0.0206479 0.0108957 0.00525098 0.00222151 0.000808245 0.000249022 6.36031e-05
 4.01625e-11 1.88905e-09 6.15252e-08 1.38755e-06 2.16685e-05 0.000234315 0.00175454 0.0090979 0.032675 0.0813449 0.140801 0.171478 0.153504 0.115078 0.0892745 0.0742261 0.055965 0.0354927 0.0199311 0.0105195 0.00515733 0.0022511 0.000849857 0.000271024 7.11464e-05
#obs surv len freq
 4.08023e-11 1.91914e-09 6.25052e-08 1.40965e-06 2.20137e-05 0.000238047 0.00178249 0.00924279 0.0331953 0.0826368 0.143017 0.174085 0.155538 0.11595 0.0890664 0.0732864 0.0545283 0.0337293 0.0181238 0.00899778 0.00410629 0.0016573 0.000579082 0.000172913 4.32209e-05
 4.93515e-11 2.32126e-09 7.56018e-08 1.70501e-06 2.66262e-05 0.000287924 0.00215593 0.0111787 0.0401402 0.0998481 0.172276 0.207207 0.17711 0.115108 0.0677017 0.0435991 0.0290416 0.0173365 0.00918888 0.00452399 0.00205241 0.00082424 0.000286382 8.49067e-05 2.10399e-05
 4.16387e-11 1.95848e-09 6.37865e-08 1.43855e-06 2.2465e-05 0.000242927 0.00181903 0.00943228 0.0338761 0.0843338 0.14597 0.17775 0.159025 0.118901 0.0913657 0.0740694 0.052621 0.0293226 0.0130798 0.00515645 0.00196257 0.000719697 0.000241161 7.04718e-05 1.73213e-05
 4.71069e-11 2.21568e-09 7.21633e-08 1.62746e-06 2.54152e-05 0.000274829 0.00205788 0.0106704 0.0383169 0.0953301 0.1646 0.19854 0.171543 0.11555 0.0736663 0.051795 0.0360369 0.0217239 0.0113472 0.00531053 0.00217798 0.000750263 0.000216587 5.4054e-05 1.18625e-05
 4.45766e-11 2.09667e-09 6.82872e-08 1.54005e-06 2.40501e-05 0.000260067 0.00194736 0.0100975 0.0362622 0.0902436 0.155991 0.188975 0.165929 0.117489 0.0824027 0.0625147 0.043671 0.0247612 0.0115803 0.00488227 0.00195271 0.000715579 0.000226671 5.96656e-05 1.27634e-05
 4.34277e-11 2.04263e-09 6.6527e-08 1.50035e-06 2.34302e-05 0.000253364 0.00189717 0.00983733 0.0353286 0.0879281 0.152042 0.184444 0.162771 0.117039 0.0844848 0.0659146 0.0471704 0.0276798 0.0136217 0.00600245 0.00239646 0.00083591 0.000249798 6.40521e-05 1.39335e-05
 4.34096e-11 2.04178e-09 6.64994e-08 1.49973e-06 2.34204e-05 0.000253258 0.00189638 0.00983322 0.0353138 0.0878905 0.151972 0.184335 0.162599 0.11676 0.084115 0.0656058 0.0471138 0.027918 0.0140154 0.00637084 0.00264152 0.000956774 0.000293579 7.54826e-05 1.60843e-05
 4.56203e-11 2.14576e-09 6.98859e-08 1.5761e-06 2.46131e-05 0.000266156 0.00199295 0.0103338 0.0371095 0.0923397 0.159528 0.192856 0.168034 0.116226 0.0781269 0.0575215 0.0404153 0.0239171 0.0121133 0.00558871 0.00236127 0.000876035 0.000277149 7.37285e-05 1.61953e-05
 4.69746e-11 2.20946e-09 7.19607e-08 1.6229e-06 2.53438e-05 0.000274057 0.00205211 0.0106405 0.0382099 0.0950685 0.164179 0.198177 0.171691 0.116619 0.0754981 0.0534362 0.0364351 0.0207829 0.00994956 0.00430782 0.00174356 0.000637988 0.000203134 5.49991e-05 1.23725e-05
 4.42222e-11 2.08e-09 6.77442e-08 1.5278e-06 2.38588e-05 0.000257999 0.00193188 0.0100173 0.0359743 0.0895303 0.154779 0.187607 0.165053 0.117568 0.083366 0.0638513 0.0448371 0.0255062 0.0119223 0.00495089 0.00190186 0.000658017 0.000198589 5.16225e-05 1.13789e-05
 4.5348e-11 2.13295e-09 6.94688e-08 1.5667e-06 2.44662e-05 0.000264567 0.00198105 0.0102722 0.0368885 0.091793 0.158607 0.191849 0.167506 0.116606 0.0793285 0.0589364 0.0413748 0.0242002 0.0119461 0.00528992 0.00211668 0.000734229 0.00021532 5.33904e-05 1.11657e-05
 4.57646e-11 2.15255e-09 7.01071e-08 1.58109e-06 2.4691e-05 0.000266998 0.00199925 0.0103665 0.037227 0.092633 0.160041 0.193503 0.168685 0.116843 0.0786792 0.0577851 0.0401017 0.0230513 0.0110925 0.00480768 0.00192728 0.000687838 0.000210129 5.38276e-05 1.13613e-05
 4.35421e-11 2.04801e-09 6.67023e-08 1.50431e-06 2.34919e-05 0.000254032 0.00190217 0.00986325 0.0354217 0.0881602 0.152445 0.184943 0.16324 0.117422 0.0847598 0.0659637 0.0468432 0.0270303 0.0129382 0.00553899 0.00218223 0.000764812 0.000230866 5.92396e-05 1.27119e-05
 4.01745e-11 1.88962e-09 6.15435e-08 1.38796e-06 2.1675e-05 0.000234385 0.00175507 0.00910068 0.0326859 0.0813783 0.140904 0.171821 0.154499 0.117221 0.0924175 0.0770589 0.0568769 0.0340901 0.0172408 0.00785444 0.00323261 0.00115217 0.000347112 8.80991e-05 1.86822e-05
 3.76986e-11 1.77316e-09 5.77507e-08 1.30242e-06 2.03392e-05 0.00021994 0.00164691 0.00854 0.030674 0.0763883 0.132394 0.162051 0.147678 0.116197 0.0967659 0.0840974 0.0639786 0.0399764 0.0215696 0.0106061 0.0046791 0.00177164 0.000563207 0.000149053 3.2381e-05
 4.21641e-11 1.9832e-09 6.45914e-08 1.4567e-06 2.27485e-05 0.000245992 0.00184197 0.00955114 0.0343012 0.0853745 0.147651 0.179233 0.15856 0.114902 0.0843418 0.0674493 0.0502994 0.0319788 0.0179806 0.00932918 0.00436324 0.00176204 0.000600879 0.000170397 3.93483e-05
 4.10698e-11 1.93172e-09 6.2915e-08 1.41889e-06 2.2158e-05 0.000239608 0.00179417 0.00930339 0.0334129 0.0831783 0.143953 0.175215 0.156516 0.116587 0.0893424 0.0731062 0.053746 0.03248 0.0168852 0.00817837 0.00373755 0.00154264 0.000552357 0.000166436 4.09829e-05
 4.02618e-11 1.89372e-09 6.16773e-08 1.39098e-06 2.17221e-05 0.000234894 0.00175888 0.00912042 0.0327564 0.0815498 0.141175 0.172024 0.15428 0.116238 0.0907702 0.0754987 0.0562819 0.0346519 0.0184004 0.00895629 0.00398321 0.00156462 0.000535616 0.000158629 3.96589e-05
 4.01633e-11 1.88909e-09 6.15263e-08 1.38757e-06 2.1669e-05 0.000234319 0.00175457 0.0090981 0.0326761 0.0813497 0.140825 0.171584 0.153844 0.115834 0.0904104 0.0753093 0.0564417 0.0351716 0.0190675 0.00952099 0.00433139 0.0017237 0.000588051 0.000170436 4.13429e-05
 4.29567e-11 2.02047e-09 6.58055e-08 1.48408e-06 2.3176e-05 0.000250616 0.00187659 0.00973062 0.0349453 0.086973 0.150383 0.182398 0.160864 0.115493 0.083327 0.0654998 0.0480419 0.0298078 0.0162059 0.00815947 0.00376448 0.00152739 0.00053232 0.000156915 3.83137e-05
 4.16781e-11 1.96034e-09 6.38469e-08 1.43991e-06 2.24862e-05 0.000243157 0.00182074 0.00944113 0.0339071 0.0844033 0.146037 0.177585 0.158094 0.116625 0.0879764 0.0711568 0.0520358 0.0313142 0.0161484 0.00770044 0.00343853 0.00138258 0.000484729 0.000144881 3.59756e-05
 4.08745e-11 1.92254e-09 6.26159e-08 1.41215e-06 2.20527e-05 0.000238469 0.00178564 0.00925916 0.0332541 0.0827837 0.143274 0.174411 0.155869 0.116274 0.0893802 0.0734937 0.0544853 0.0334035 0.01764 0.00852905 0.00376374 0.00146201 0.000492199 0.000142777 3.50068e-05
 4.1465e-11 1.95031e-09 6.35204e-08 1.43255e-06 2.23713e-05 0.000241914 0.00181144 0.00939286 0.0337336 0.0839704 0.145282 0.176634 0.157152 0.115757 0.0872323 0.0708552 0.052579 0.0326375 0.0176411 0.00877916 0.00397832 0.00157528 0.000533687 0.000153176 3.66747e-05
 4.08338e-11 1.92062e-09 6.25535e-08 1.41074e-06 2.20307e-05 0.000238231 0.00178386 0.00924993 0.0332209 0.0827007 0.143128 0.174222 0.155666 0.116053 0.0891396 0.0732989 0.0544412 0.0335583 0.0179458 0.00887749 0.00404765 0.00163176 0.000566214 0.00016614 4.03252e-05
 4.01486e-11 1.8884e-09 6.15038e-08 1.38707e-06 2.1661e-05 0.000234234 0.00175393 0.00909476 0.0326642 0.0813202 0.140776 0.171533 0.153824 0.115873 0.0904986 0.075395 0.0564694 0.0351349 0.0190106 0.00948921 0.00433442 0.0017433 0.000605118 0.000178925 4.40676e-05
 3.95438e-11 1.85995e-09 6.05773e-08 1.36617e-06 2.13347e-05 0.000230705 0.00172751 0.0089578 0.0321727 0.0801009 0.138695 0.169137 0.152128 0.115556 0.0914603 0.0770185 0.0581626 0.0366031 0.0201472 0.0102515 0.00475975 0.0019383 0.000678536 0.0002016 4.98161e-05
 3.74754e-11 1.76266e-09 5.74088e-08 1.29471e-06 2.02188e-05 0.000218638 0.00163716 0.00848944 0.0304924 0.0759356 0.131607 0.161078 0.146761 0.11543 0.0961432 0.0837663 0.0641978 0.0407981 0.0227288 0.0117366 0.00553751 0.00229465 0.000817766 0.000246857 6.17481e-05
 4.04189e-11 1.90111e-09 6.19179e-08 1.39641e-06 2.18069e-05 0.000235811 0.00176574 0.00915593 0.0328831 0.0818577 0.141654 0.17236 0.153792 0.114267 0.0875173 0.0724611 0.0552101 0.0359102 0.020827 0.0111926 0.00543379 0.00229801 0.00083385 0.000256238 6.52137e-05
#pred catch len freq
 3.10985e-11 1.46273e-09 4.764e-08 1.0744e-06 1.67783e-05 0.000181434 0.00135858 0.00704492 0.0253046 0.0630232 0.109274 0.133966 0.122799 0.0983087 0.0846951 0.0777074 0.0656531 0.0505328 0.0384387 0.0302806 0.0249852 0.0217453 0.0191274 0.0153729 0.0101836
 4.09719e-11 1.92712e-09 6.27651e-08 1.41551e-06 2.21052e-05 0.000239037 0.00178989 0.00928113 0.0333319 0.082968 0.143527 0.174407 0.154864 0.11342 0.0846479 0.0682522 0.0505995 0.0318745 0.0184325 0.0110875 0.00731695 0.00526191 0.00397535 0.00289004 0.00180959
 4.07907e-11 1.9186e-09 6.24875e-08 1.40925e-06 2.20075e-05 0.00023798 0.00178198 0.00924021 0.0331863 0.082619 0.143015 0.174216 0.156077 0.11719 0.0908399 0.0746408 0.0543871 0.0320386 0.0159539 0.00745364 0.00351886 0.00175156 0.000958898 0.000560009 0.000309175
 3.8762e-11 1.82318e-09 5.93798e-08 1.33916e-06 2.0913e-05 0.000226144 0.00169337 0.00878086 0.0315386 0.0785376 0.136091 0.166444 0.151244 0.118034 0.0969016 0.0827022 0.0610516 0.0359704 0.0176588 0.00785306 0.00327251 0.00126533 0.000466775 0.000176633 7.00878e-05
 3.88798e-11 1.82872e-09 5.95603e-08 1.34323e-06 2.09765e-05 0.000226832 0.00169851 0.0088075 0.0316338 0.0787697 0.136459 0.166735 0.151006 0.116847 0.0949183 0.0809121 0.0605744 0.0369613 0.0192465 0.00911894 0.00392577 0.00147892 0.000482267 0.00013904 3.68249e-05
 3.67345e-11 1.72782e-09 5.62738e-08 1.26912e-06 1.98191e-05 0.000214316 0.0016048 0.00832172 0.0298912 0.074452 0.129126 0.158464 0.145724 0.117341 0.100669 0.0886285 0.0668736 0.0406513 0.0210445 0.0100205 0.0044252 0.00173605 0.000585243 0.000166581 3.95827e-05
 3.72674e-11 1.75288e-09 5.70902e-08 1.28753e-06 2.01066e-05 0.000217425 0.00162808 0.00844237 0.0303238 0.0755216 0.130928 0.160428 0.14674 0.116566 0.0982952 0.0859145 0.0651729 0.0403219 0.0214792 0.0105236 0.00472959 0.00187511 0.000641085 0.000186296 4.49921e-05
 4.00847e-11 1.88539e-09 6.14061e-08 1.38486e-06 2.16266e-05 0.000233861 0.00175115 0.00908034 0.0326125 0.0811947 0.140578 0.171382 0.153976 0.116566 0.0916443 0.0764216 0.0567341 0.03456 0.0181114 0.00878747 0.00397114 0.00160362 0.000560761 0.000166271 4.08346e-05
 4.19933e-11 1.97517e-09 6.43299e-08 1.4508e-06 2.26563e-05 0.000244996 0.00183452 0.00951254 0.0341633 0.0850401 0.147131 0.178875 0.159111 0.117082 0.0878983 0.0706694 0.0512185 0.0302891 0.0151586 0.00697034 0.00302022 0.00119088 0.000413139 0.00012313 3.06646e-05
 4.11324e-11 1.93467e-09 6.3011e-08 1.42105e-06 2.21918e-05 0.000239973 0.00179691 0.00931761 0.0334642 0.0833099 0.144205 0.175634 0.157247 0.117851 0.0910495 0.0745297 0.0539956 0.0313956 0.0151558 0.00661383 0.0027074 0.00101064 0.000333591 9.56675e-05 2.32929e-05
 3.97808e-11 1.8711e-09 6.09405e-08 1.37436e-06 2.14626e-05 0.000232088 0.00173787 0.00901157 0.0323664 0.0805897 0.139584 0.170422 0.153916 0.118159 0.0946908 0.0794729 0.0581314 0.0339075 0.0163653 0.00709139 0.00284533 0.00102448 0.000321657 8.71832e-05 2.01187e-05
 4.07254e-11 1.91553e-09 6.23874e-08 1.40699e-06 2.19722e-05 0.000237599 0.00177913 0.00922541 0.0331332 0.0824869 0.142788 0.173945 0.155855 0.117089 0.0909211 0.0750213 0.0551587 0.0330369 0.0167419 0.00768336 0.00321279 0.00117548 0.000367148 9.72909e-05 2.16415e-05
 3.9999e-11 1.88136e-09 6.12747e-08 1.3819e-06 2.15803e-05 0.000233361 0.0017474 0.00906096 0.0325434 0.0810276 0.140322 0.171225 0.15433 0.117835 0.0936956 0.0783048 0.0573412 0.0336834 0.0165266 0.0073704 0.00307445 0.00115473 0.000375087 0.000102778 2.32342e-05
 3.67456e-11 1.72834e-09 5.62909e-08 1.2695e-06 1.98251e-05 0.000214381 0.00160529 0.00832427 0.0299006 0.0744774 0.129184 0.158604 0.146064 0.118034 0.101665 0.0895092 0.0671218 0.0401462 0.020133 0.00914547 0.00382289 0.00141806 0.000454918 0.000124759 2.86727e-05
 3.44195e-11 1.61893e-09 5.27275e-08 1.18914e-06 1.85701e-05 0.00020081 0.00150368 0.00779751 0.0280106 0.0697903 0.121195 0.149457 0.139759 0.117301 0.106085 0.0964133 0.073864 0.0454933 0.0238959 0.0114583 0.00500688 0.00191275 0.000623824 0.000171952 3.94354e-05
 3.54877e-11 1.66917e-09 5.43639e-08 1.22604e-06 1.91464e-05 0.000207042 0.00155034 0.00803936 0.0288778 0.0719356 0.124815 0.153428 0.141908 0.115989 0.101648 0.0911575 0.0702917 0.0443907 0.0243711 0.0123381 0.00568593 0.00228611 0.000782943 0.00022493 5.31201e-05
 3.74529e-11 1.7616e-09 5.73743e-08 1.29393e-06 2.02066e-05 0.000218507 0.00163618 0.00848436 0.0304744 0.0758951 0.131563 0.161148 0.147214 0.116556 0.0978158 0.0851768 0.0644179 0.0397337 0.0211821 0.0105254 0.0048921 0.00203572 0.000732188 0.000221694 5.5005e-05
 3.64464e-11 1.71426e-09 5.58325e-08 1.25916e-06 1.96636e-05 0.000212635 0.00159222 0.00825649 0.0296573 0.0738726 0.128144 0.157368 0.145062 0.117511 0.101584 0.0897656 0.067686 0.0409788 0.0210869 0.0100194 0.00447412 0.00181248 0.000646455 0.000198292 5.0739e-05
 3.54813e-11 1.66887e-09 5.4354e-08 1.22582e-06 1.91429e-05 0.000207004 0.00155006 0.00803791 0.0288729 0.0719261 0.124817 0.153517 0.142262 0.116807 0.102856 0.0922076 0.0705323 0.0437078 0.0232581 0.0113635 0.00508976 0.00201605 0.000694356 0.000206277 5.18155e-05
 3.56431e-11 1.67648e-09 5.4602e-08 1.23141e-06 1.92303e-05 0.000207949 0.00155713 0.00807456 0.0290042 0.0722504 0.125361 0.154095 0.14251 0.116434 0.101918 0.0911495 0.0698602 0.0435996 0.0235389 0.011758 0.00540862 0.00219808 0.000769338 0.000228366 5.64271e-05
 3.69053e-11 1.73585e-09 5.65355e-08 1.27502e-06 1.99112e-05 0.000215312 0.00161226 0.00836034 0.0300293 0.0747889 0.129663 0.158904 0.145433 0.11573 0.0979177 0.0860336 0.0659283 0.0416472 0.0229796 0.0117671 0.00553514 0.0022986 0.000823492 0.000250133 6.29138e-05
 3.6124e-11 1.6991e-09 5.53386e-08 1.24802e-06 1.94897e-05 0.000210754 0.00157813 0.00818346 0.029395 0.0732201 0.127017 0.156007 0.143883 0.116732 0.101199 0.0898309 0.0683555 0.0421986 0.0224814 0.0111735 0.00521183 0.00218893 0.000800995 0.000249113 6.41073e-05
 3.6357e-11 1.71006e-09 5.56955e-08 1.25607e-06 1.96154e-05 0.000212113 0.00158831 0.00823622 0.0295844 0.0736907 0.127825 0.156963 0.144646 0.117101 0.101202 0.0895675 0.0678722 0.0415364 0.0217528 0.0105318 0.00476172 0.00194088 0.000695673 0.000215148 5.58316e-05
 3.58096e-11 1.68431e-09 5.48569e-08 1.23716e-06 1.932e-05 0.00020892 0.0015644 0.00811224 0.0291394 0.0725854 0.12593 0.154737 0.142922 0.116401 0.101486 0.0905818 0.0694195 0.0433555 0.0234011 0.011644 0.00531441 0.00214399 0.000750878 0.000226039 5.73487e-05
 3.53722e-11 1.66374e-09 5.4187e-08 1.22205e-06 1.90841e-05 0.000206368 0.00154529 0.00801323 0.0287843 0.0717069 0.124446 0.153103 0.142014 0.116872 0.103184 0.0925634 0.0706932 0.0436763 0.0232256 0.0114602 0.0052652 0.00216091 0.0007688 0.000232441 5.8446e-05
 3.38541e-11 1.59234e-09 5.18614e-08 1.1696e-06 1.82651e-05 0.000197512 0.00147898 0.00766944 0.0275507 0.0686469 0.119225 0.147102 0.137797 0.116171 0.105754 0.0968294 0.0751084 0.0474276 0.0259935 0.013168 0.00611669 0.00251045 0.000893143 0.000271563 6.89024e-05
 3.34763e-11 1.57457e-09 5.12826e-08 1.15655e-06 1.80612e-05 0.000195307 0.00146247 0.00758386 0.0272434 0.0678816 0.1179 0.145485 0.136345 0.115104 0.105078 0.0967161 0.0758592 0.0489962 0.0278401 0.0146974 0.00708395 0.00299707 0.00109043 0.000335964 8.58091e-05
 3.32416e-11 1.56352e-09 5.0923e-08 1.14844e-06 1.79346e-05 0.000193938 0.00145222 0.00753071 0.0270528 0.0674104 0.117106 0.144622 0.135902 0.115451 0.106109 0.0978291 0.0764297 0.0489273 0.0275352 0.01454 0.0071294 0.003112 0.00117489 0.000374678 9.83568e-05
#obs catch len freq
 3.56438e-11 1.67651e-09 5.4603e-08 1.23144e-06 1.92306e-05 0.000207953 0.00155716 0.0080747 0.0290048 0.0722511 0.125358 0.154077 0.142447 0.11629 0.101711 0.090982 0.0698471 0.0437441 0.0237301 0.0118962 0.00548009 0.00223321 0.000788786 0.000238331 6.03139e-05
 3.58246e-11 1.68502e-09 5.48799e-08 1.23768e-06 1.93282e-05 0.000209008 0.00156505 0.00811565 0.0291517 0.0726154 0.125979 0.154785 0.142929 0.116331 0.101348 0.0904393 0.0693467 0.0433747 0.0234761 0.011725 0.00537166 0.00217239 0.000759864 0.000227031 5.67686e-05
 4.61082e-11 2.16871e-09 7.06335e-08 1.59296e-06 2.48764e-05 0.000269003 0.00201426 0.0104443 0.0375055 0.0933187 0.161175 0.194638 0.168914 0.1154 0.0757671 0.0548289 0.0387069 0.0235832 0.0126179 0.00625192 0.0028475 0.00114587 0.000398554 0.000118235 2.9309e-05
 3.67843e-11 1.73016e-09 5.63501e-08 1.27084e-06 1.9846e-05 0.000214607 0.00160698 0.00833308 0.0299331 0.0745648 0.129382 0.159063 0.147165 0.120234 0.104734 0.0919664 0.0672597 0.0378428 0.0169792 0.00673704 0.0025795 0.000949411 0.000318689 9.32018e-05 2.29174e-05
 4.33141e-11 2.03729e-09 6.63531e-08 1.49643e-06 2.33689e-05 0.000252701 0.00189221 0.00981158 0.0352359 0.0876947 0.151621 0.18385 0.161986 0.115955 0.0832037 0.0650538 0.0474476 0.0290749 0.0153115 0.00720792 0.00296715 0.00102417 0.000296003 7.39342e-05 1.62347e-05
 4.02835e-11 1.89474e-09 6.17105e-08 1.39173e-06 2.17338e-05 0.000235021 0.00175983 0.0091254 0.032775 0.0816032 0.141316 0.172422 0.155355 0.118483 0.0939582 0.0781211 0.0565903 0.0324801 0.0152939 0.00648973 0.00260912 0.000958933 0.000304181 8.01236e-05 1.71464e-05
 3.89947e-11 1.83412e-09 5.97362e-08 1.3472e-06 2.10385e-05 0.000227502 0.00170353 0.00883354 0.0317277 0.0790052 0.136881 0.167319 0.151745 0.117828 0.0960821 0.0817715 0.0605231 0.0359311 0.0178026 0.00789129 0.00316412 0.00110635 0.000331044 8.49508e-05 1.84887e-05
 3.88006e-11 1.82499e-09 5.94388e-08 1.3405e-06 2.09338e-05 0.00022637 0.00169505 0.00878957 0.0315699 0.0786129 0.136206 0.166516 0.151091 0.117483 0.0960292 0.0819641 0.0609588 0.0365676 0.018492 0.00845866 0.00352269 0.00127901 0.000392946 0.000101104 2.15537e-05
 4.15898e-11 1.95618e-09 6.37116e-08 1.43686e-06 2.24386e-05 0.000242642 0.00181689 0.00942115 0.0338355 0.0842264 0.14574 0.177268 0.157953 0.116819 0.0884869 0.0717739 0.0525065 0.0315084 0.0160782 0.00746292 0.00316615 0.00117726 0.000372875 9.92592e-05 2.18122e-05
 4.32037e-11 2.0321e-09 6.6184e-08 1.49262e-06 2.33094e-05 0.000252058 0.00188739 0.00978663 0.0351468 0.0874787 0.151286 0.183624 0.16236 0.117397 0.0855128 0.0670366 0.0477793 0.0276657 0.0133455 0.00581532 0.00236503 0.000867722 0.000276652 7.4958e-05 1.68694e-05
 3.99165e-11 1.87748e-09 6.11483e-08 1.37905e-06 2.15358e-05 0.00023288 0.0017438 0.00904229 0.0324768 0.0808645 0.14006 0.171006 0.154446 0.118562 0.0949564 0.0795177 0.0578275 0.0332853 0.0156609 0.00654331 0.00252595 0.000876477 0.000264915 6.892e-05 1.5199e-05
 4.12966e-11 1.94239e-09 6.32625e-08 1.42673e-06 2.22804e-05 0.000240931 0.00180408 0.00935477 0.0335975 0.0836381 0.144751 0.176196 0.157423 0.117313 0.0899079 0.0734124 0.0535769 0.0317562 0.0157885 0.00703286 0.00282592 0.000982538 0.000288497 7.15888e-05 1.49789e-05
 4.17664e-11 1.96449e-09 6.39821e-08 1.44296e-06 2.25339e-05 0.000243672 0.0018246 0.00946116 0.0339793 0.0845856 0.14637 0.178071 0.158784 0.117651 0.0892742 0.0721901 0.0521376 0.0303777 0.0147233 0.00642102 0.00258596 0.000925312 0.000283046 7.2558e-05 1.53212e-05
 3.89883e-11 1.83382e-09 5.97264e-08 1.34698e-06 2.1035e-05 0.000227465 0.00170325 0.0088321 0.0317227 0.0789946 0.136875 0.167369 0.151973 0.118365 0.0968627 0.082404 0.0605656 0.0353624 0.0170431 0.0073427 0.00290694 0.00102164 0.000308834 7.93098e-05 1.70269e-05
 3.51735e-11 1.65439e-09 5.38825e-08 1.21519e-06 1.89769e-05 0.000205209 0.00153661 0.00796826 0.0286235 0.0713114 0.123797 0.15248 0.141992 0.117962 0.105285 0.0947648 0.0719086 0.0435342 0.0221641 0.0101577 0.00419812 0.00149973 0.000452377 0.0001149 2.43771e-05
 3.25187e-11 1.52952e-09 4.98156e-08 1.12347e-06 1.75446e-05 0.000189721 0.00142064 0.00736705 0.0264661 0.0659595 0.114662 0.141963 0.134541 0.116562 0.109509 0.101937 0.0794507 0.0501098 0.0272167 0.0134574 0.00595825 0.00226021 0.00071925 0.000190467 4.13941e-05
 3.73763e-11 1.758e-09 5.72569e-08 1.29129e-06 2.01653e-05 0.00021806 0.00163283 0.00846697 0.0304117 0.0757341 0.131254 0.16063 0.146304 0.114987 0.0957478 0.0836063 0.0645005 0.0415219 0.0235239 0.0122748 0.0057606 0.00233044 0.000795458 0.000225701 5.21371e-05
 3.61237e-11 1.69909e-09 5.53381e-08 1.24801e-06 1.94895e-05 0.000210753 0.00157812 0.0081834 0.0293951 0.0732213 0.127029 0.156067 0.144081 0.117172 0.10184 0.0903825 0.0684748 0.0418352 0.0219056 0.0106775 0.00490066 0.0020272 0.000726638 0.000219073 5.39616e-05
 3.5143e-11 1.65296e-09 5.38358e-08 1.21413e-06 1.89605e-05 0.000205031 0.00153528 0.00796132 0.0285982 0.0712445 0.123655 0.152186 0.141343 0.116697 0.103502 0.0932351 0.0715638 0.0445411 0.0238231 0.0116666 0.00520945 0.00205068 0.00070282 0.000208289 5.20949e-05
 3.49934e-11 1.64592e-09 5.36066e-08 1.20897e-06 1.88797e-05 0.000204158 0.00152875 0.00792743 0.0284764 0.070941 0.123127 0.151531 0.14072 0.116169 0.10308 0.0930566 0.0718338 0.0452621 0.0247201 0.0124187 0.00567159 0.00226161 0.000772394 0.000224006 5.43584e-05
 3.81522e-11 1.7945e-09 5.84456e-08 1.3181e-06 2.0584e-05 0.000222587 0.00166673 0.0086427 0.0310424 0.0773 0.133936 0.16376 0.148661 0.11579 0.0950767 0.0819654 0.0623254 0.0391788 0.0214704 0.0108777 0.00503831 0.00204839 0.000714652 0.000210791 5.14872e-05
 3.67074e-11 1.72654e-09 5.62323e-08 1.26818e-06 1.98045e-05 0.000214158 0.00160362 0.00831559 0.0298693 0.0743971 0.12903 0.158347 0.145616 0.117254 0.100599 0.0885823 0.0668723 0.040707 0.0211484 0.0101506 0.00455287 0.00183495 0.000644084 0.000192633 4.78504e-05
 3.56701e-11 1.67775e-09 5.46432e-08 1.23234e-06 1.92448e-05 0.000208106 0.00155831 0.00808067 0.0290264 0.0723062 0.125463 0.154246 0.142732 0.116775 0.102374 0.0915703 0.0700343 0.0434332 0.0231113 0.0112464 0.00498398 0.00194041 0.000654051 0.000189863 4.65716e-05
 3.63305e-11 1.70881e-09 5.56548e-08 1.25516e-06 1.96011e-05 0.000211959 0.00158715 0.00823018 0.0295625 0.073633 0.127705 0.15672 0.144126 0.116107 0.0998415 0.0885049 0.0678733 0.0426471 0.0232328 0.0116356 0.00529412 0.00210074 0.000712506 0.000204635 4.90153e-05
 3.56233e-11 1.67555e-09 5.45714e-08 1.23072e-06 1.92195e-05 0.000207833 0.00155626 0.00807005 0.0289882 0.0722106 0.125294 0.154024 0.14248 0.116481 0.102037 0.0912869 0.0699539 0.0436241 0.0235091 0.011705 0.0053593 0.00216527 0.000752187 0.000220849 5.36244e-05
 3.47933e-11 1.63651e-09 5.33001e-08 1.20205e-06 1.87718e-05 0.000202991 0.00152001 0.00788212 0.0283139 0.0705384 0.122443 0.150761 0.140233 0.116227 0.103632 0.093784 0.0724071 0.0455704 0.0248489 0.0124834 0.00572564 0.00230783 0.000801988 0.000237294 5.84661e-05
 3.41248e-11 1.60506e-09 5.22759e-08 1.17895e-06 1.84111e-05 0.000199091 0.0014908 0.00773071 0.0277705 0.0691902 0.120141 0.148102 0.138321 0.115795 0.104575 0.0954745 0.0742546 0.0472604 0.0262153 0.0134233 0.00625719 0.00255334 0.000894818 0.000266028 6.57617e-05
 3.18216e-11 1.49673e-09 4.87477e-08 1.09938e-06 1.71685e-05 0.000185654 0.00139019 0.00720916 0.0258994 0.0645516 0.112246 0.139118 0.132312 0.115583 0.109684 0.102895 0.0809484 0.0519834 0.029182 0.0151637 0.00718251 0.00298233 0.00106397 0.000321377 8.04177e-05
#spawning biomass
 3617.62 2865.65 4486.91 5986.43 8616.83 11446.2 12911.4 14585.5 20351 30689.8 38930.3 56539.7 74224.2 97218.3 96822.9 88077.5 78105.6 75988.7 79392.8 77136.7 91311.1 101522 89366.9 101558 92514.6 97029 99588.3 87722.7 89560.8 138453 98798.6 65804.8 45875.4 35301.5 30093.3 27643.2 26524.4 26023.4 25802 25705 25662.8 25644.5 25636.6 25633.2 25631.7 25631.1 25630.8 25630.7 25630.7 25630.6 25630.6 25630.6 25630.6 25630.6 25630.6 25630.6 25630.6 25630.6 25630.6 25630.6 25630.6 25630.6 25630.6 25630.6 25630.6 25630.6 25630.6 25630.6 25630.6 25630.6 25630.6 25630.6 25630.6 25630.6 25630.6 25630.6 25630.6 25630.6 25630.6 25630.6 25630.6 25630.6 25630.6 25630.6 25630.6 25630.6 25630.6 25630.6 25630.6 25630.6 25630.6 25630.6 25630.6 25630.6 25630.6 25630.6 25630.6 25630.6 25630.6 25630.6 25630.6 25630.6 25630.6 25630.6 25630.6 25630.6 25630.6 25630.6 25630.6 25630.6 25630.6 25630.6 25630.6 25630.6 25630.6 25630.6 25630.6 25630.6 25630.6 25630.6 25630.6 25630.6 25630.6 25630.6 25630.6 25630.6 25630.6 25630.6 0 0 0 0 0 0 0 0 0 0 0 0 0 0 0 0 0 0 0 0 0 0 0 0 0
