SBPRF35
0.224663
Curr Bio
48964
B35
181010
F35
0.329995
FOFL
0
OFL
0
Bzero
64189.3
#pred survey bio
 6102.87 7620.45 7828.49 7694.5 10307.7 15300.5 16436.4 18565.7 30379.7 54044.9 72958.1 86155.2 115085 154723 161538 136669 129111 124150 122332 119917 124079 132007 135935 153999 166799 183837 171309 171341 3.6762e+06 3.80725e+06 3.09362e+06 2.29826e+06 1.70064e+06 1.31789e+06 1.09174e+06 963608 892403 853001 831059 818668 811535 807338 804810 803248 802272 801651 801251 800989 800816 800702 800625 800574 800540 800517 800501 800491 800484 800479 800476 800473 800472 800471 800470 800470 800469 800469 800469 800469 800469 800469 800469 800469 800469 800469 800469 800469 800469 800469 800469 800469 800469 800469 800469 800469 800469 800469 800469 800469 800469 800469 800469 800469 800469 800469 800469 800469 800469 800469 800469 800469 800469 800469 800469 800469 800469 800469 800469 800469 800469 800469 800469 800469 800469 800469 800469 800469 800469 800469 800469 800469 800469 800469 800469 800469 800469 800469 800469 800469 0 0 0 0 0 0 0 0 0 0 0 0 0 0 0 0 0 0 0 0 0 0 0 0 0
#obs survey bio
 5522.47 7135.79 9516.25 6869.89 10560.2 20441.7 15878.6 18144.7 38633 91253.5 81099 83125.1 138973 193951 89087.2 130063 123265 125748 148384 98247.7 99971.4 149880 87493.4 167163 156469 153113 185374 190094
#pred catch bio
 3319.56 4946.39 5236.27 5079.2 6192.94 10033.5 11248.9 11788.1 17446.7 33551.9 49379.4 57116.8 73181.5 101957 114314 93217.9 87683.8 84616.3 83556.4 81548.6 82700.8 87815.1 87843.9 101484 105616 122613 109996 122898 0 41729 33122.6 23951.3 17263.5 13115.7 10759.5 9489.82 8828.18 8490.88 8321.44 8237.17 8195.53 8175.06 8165.03 8160.11 8157.72 8156.55 8155.99 8155.71 8155.58 8155.51 8155.48 8155.47 8155.46 8155.45 8155.45 8155.45 8155.45 8155.45 8155.45 8155.45 8155.45 8155.45 8155.45 8155.45 8155.45 8155.45 8155.45 8155.45 8155.45 8155.45 8155.45 8155.45 8155.45 8155.45 8155.45 8155.45 8155.45 8155.45 8155.45 8155.45 8155.45 8155.45 8155.45 8155.45 8155.45 8155.45 8155.45 8155.45 8155.45 8155.45 8155.45 8155.45 8155.45 8155.45 8155.45 8155.45 8155.45 8155.45 8155.45 8155.45 8155.45 8155.45 8155.45 8155.45 8155.45 8155.45 8155.45 8155.45 8155.45 8155.45 8155.45 8155.45 8155.45 8155.45 8155.45 8155.45 8155.45 8155.45 8155.45 8155.45 8155.45 8155.45 8155.45 8155.45 8155.45 8155.45 8155.45 8155.45 0 0 0 0 0 0 0 0 0 0 0 0 0 0 0 0 0 0 0 0 0 0 0 0 0
#obs catch bio
 4886.09 4962.84 5212.4 5077.68 6085.02 9675.75 11171.9 11455 16911.5 32122.5 48278.2 56676.7 72540.4 101004 118840 94667.2 87212 84963.6 83220.3 83131.5 83392.7 86302 89155.5 101815 105832 125250 111846 123512
#pred cpue bio
 5585.97 6711.76 6926.75 6789.93 8889.36 13346.8 14505.3 16119.8 26064.9 46776.7 63809.6 74873 99556.1 134855 142840 120725 113922 109505 107579 105548 108755 116042 119812 135218 146648 162579 152096 152111 3.21468e+06 3.7759e+06 3.06227e+06 2.26692e+06 1.6693e+06 1.28654e+06 1.06039e+06 932261 861056 821655 799713 787321 780189 775991 773463 771901 770925 770305 769904 769642 769470 769355 769279 769228 769193 769170 769155 769144 769137 769132 769129 769127 769125 769124 769124 769123 769123 769123 769122 769122 769122 769122 769122 769122 769122 769122 769122 769122 769122 769122 769122 769122 769122 769122 769122 769122 769122 769122 769122 769122 769122 769122 769122 769122 769122 769122 769122 769122 769122 769122 769122 769122 769122 769122 769122 769122 769122 769122 769122 769122 769122 769122 769122 769122 769122 769122 769122 769122 769122 769122 769122 769122 769122 769122 769122 769122 769122 769122 769122 769122 0 0 0 0 0 0 0 0 0 0 0 0 0 0 0 0 0 0 0 0 0 0 0 0 0
#obs cpue bio
 5761.81 7564.62 6134.03 7425.83 12699.7 20625.1 13436.9 30227.8 34559.7 60755.8 67278.4 78917.4 94910.8 129221 109477 112210 145258 95670 99285.7 81651.1 126953 160741 112657 135245 146905 129093 105642 147868
#pred surv len freq
 2.14708e-27 2.17645e-27 6.94724e-27 1.63251e-21 9.70917e-17 1.32756e-12 4.17319e-09 3.01597e-06 0.0005011 0.0191417 0.168103 0.339403 0.157903 0.026414 0.0590524 0.0827588 0.0332584 0.025583 0.0226161 0.015166 0.0127287 0.0110054 0.0113645 0.0105612 0.00443683
 2.14889e-27 2.18193e-27 7.5768e-27 1.84616e-21 1.09798e-16 1.50129e-12 4.71933e-09 3.41068e-06 0.000566679 0.0216467 0.190103 0.38382 0.178485 0.0276921 0.0534722 0.0746347 0.0273811 0.0136092 0.0107884 0.00575076 0.0039757 0.00280283 0.00240092 0.00202591 0.000840658
 2.148e-27 2.17989e-27 7.36758e-27 1.77518e-21 1.05577e-16 1.44358e-12 4.5379e-09 3.27955e-06 0.000544893 0.0208145 0.182794 0.369065 0.171725 0.0293272 0.0679021 0.0948961 0.0335878 0.0128559 0.00915868 0.00351177 0.00175166 0.000913402 0.000580852 0.000406896 0.000159736
 2.14818e-27 2.1804e-27 7.42663e-27 1.79524e-21 1.0677e-16 1.45988e-12 4.58917e-09 3.3166e-06 0.000551049 0.0210497 0.184859 0.373235 0.173637 0.0289119 0.0641108 0.089609 0.0325276 0.015021 0.0109008 0.00353134 0.00131215 0.000446777 0.000176176 8.72464e-05 3.00576e-05
 2.14992e-27 2.1847e-27 7.88141e-27 1.9495e-21 1.15944e-16 1.58533e-12 4.98352e-09 3.6016e-06 0.000598401 0.0228585 0.200745 0.405306 0.188412 0.0275094 0.0458827 0.0638861 0.0230453 0.0102013 0.00744959 0.00268174 0.00105371 0.000281293 6.46673e-05 1.7262e-05 4.40021e-06
 2.14902e-27 2.18245e-27 7.6385e-27 1.86708e-21 1.11043e-16 1.51831e-12 4.77283e-09 3.44934e-06 0.000573102 0.0218921 0.192258 0.388171 0.180534 0.028693 0.0582722 0.0812918 0.0284036 0.00968802 0.00663694 0.00233212 0.000923999 0.000264726 5.30345e-05 7.61994e-06 1.03269e-06
 2.1481e-27 2.18021e-27 7.40362e-27 1.78741e-21 1.06304e-16 1.45352e-12 4.56917e-09 3.30215e-06 0.000548647 0.020958 0.184054 0.371608 0.1729 0.0292973 0.0669537 0.0935704 0.0333129 0.0133486 0.0093421 0.00283573 0.000944201 0.000262598 5.35832e-05 6.67231e-06 4.96987e-07
 2.14942e-27 2.18347e-27 7.75138e-27 1.90539e-21 1.13321e-16 1.54946e-12 4.87076e-09 3.52011e-06 0.000584861 0.0223413 0.196202 0.396135 0.184188 0.0279427 0.0512917 0.0715172 0.0258395 0.0115595 0.00836514 0.00276487 0.000978987 0.000237123 4.22517e-05 5.06774e-06 3.19744e-07
 2.15024e-27 2.18545e-27 7.95833e-27 1.97558e-21 1.17496e-16 1.60654e-12 5.05018e-09 3.64978e-06 0.000606406 0.0231643 0.20343 0.410728 0.190918 0.0274974 0.0441754 0.061439 0.0216348 0.00792312 0.00553365 0.00195314 0.000757443 0.000197833 3.46635e-05 3.65009e-06 2.08463e-07
 2.14959e-27 2.18385e-27 7.78723e-27 1.91753e-21 1.14043e-16 1.55933e-12 4.90179e-09 3.54254e-06 0.000588587 0.0224836 0.197452 0.398659 0.185365 0.0282207 0.0522284 0.0727709 0.0253788 0.00849629 0.00571173 0.00179908 0.000629322 0.000174563 3.35121e-05 3.62185e-06 1.91746e-07
 2.14882e-27 2.18195e-27 7.58695e-27 1.8496e-21 1.10003e-16 1.50409e-12 4.72813e-09 3.41704e-06 0.000567735 0.0216871 0.190457 0.384536 0.178858 0.0287942 0.0599856 0.0837274 0.0295528 0.0110314 0.00758625 0.00227416 0.000722603 0.00017909 3.28514e-05 3.78557e-06 2.10101e-07
 2.14933e-27 2.18322e-27 7.72303e-27 1.89577e-21 1.12749e-16 1.54164e-12 4.84616e-09 3.50233e-06 0.000581907 0.0222285 0.195211 0.394135 0.183273 0.0282009 0.0534711 0.074564 0.0265743 0.0107416 0.00757493 0.00240475 0.000810664 0.00019012 3.1072e-05 3.30546e-06 1.85316e-07
 2.14965e-27 2.18401e-27 7.80549e-27 1.92374e-21 1.14412e-16 1.56438e-12 4.91765e-09 3.554e-06 0.000590492 0.0225564 0.198091 0.399949 0.185954 0.028029 0.0506694 0.0705937 0.0248838 0.00918931 0.00638099 0.00211971 0.000764122 0.000189981 3.15522e-05 3.09454e-06 1.58414e-07
 2.14908e-27 2.1826e-27 7.65562e-27 1.87289e-21 1.11388e-16 1.52303e-12 4.78767e-09 3.46007e-06 0.000574885 0.0219602 0.192856 0.389379 0.181089 0.0285941 0.0573045 0.0799395 0.0280942 0.0101019 0.00692486 0.00218899 0.000755209 0.000196387 3.49921e-05 3.56019e-06 1.76063e-07
 2.14793e-27 2.17979e-27 7.35872e-27 1.77218e-21 1.05399e-16 1.44114e-12 4.53023e-09 3.27401e-06 0.000543972 0.0207794 0.182486 0.368442 0.171443 0.0294755 0.068996 0.0964442 0.0342592 0.0134869 0.00943208 0.00293705 0.000980903 0.000243576 4.29334e-05 4.60298e-06 2.38661e-07
 2.14806e-27 2.18013e-27 7.3977e-27 1.78542e-21 1.06186e-16 1.4519e-12 4.56407e-09 3.29847e-06 0.000548036 0.0209346 0.183849 0.371194 0.1727 0.0290777 0.0657377 0.0918934 0.0332196 0.0149156 0.0107878 0.00353224 0.00124559 0.000305074 5.16118e-05 5.38857e-06 2.85328e-07
 2.14816e-27 2.18038e-27 7.42434e-27 1.79446e-21 1.06723e-16 1.45925e-12 4.58717e-09 3.31516e-06 0.000550809 0.0210405 0.184779 0.373073 0.173565 0.0289836 0.0645973 0.0902808 0.0325714 0.0144299 0.0105144 0.00372216 0.0014425 0.00037428 6.53997e-05 6.67784e-06 3.43362e-07
 2.14819e-27 2.18044e-27 7.43093e-27 1.79669e-21 1.06856e-16 1.46107e-12 4.59288e-09 3.31929e-06 0.000551495 0.0210667 0.185009 0.373537 0.17378 0.0289888 0.0644892 0.0901236 0.0324509 0.0141756 0.010289 0.00362049 0.00142725 0.000402077 7.69937e-05 8.26307e-06 4.26884e-07
 2.14844e-27 2.18104e-27 7.49409e-27 1.81812e-21 1.0813e-16 1.47849e-12 4.64765e-09 3.35887e-06 0.000558072 0.021318 0.187215 0.377991 0.175832 0.0287973 0.0619771 0.0865793 0.031154 0.0135436 0.00980969 0.003422 0.00133573 0.000378168 7.61365e-05 8.91373e-06 4.92073e-07
 2.14835e-27 2.18083e-27 7.47068e-27 1.81017e-21 1.07658e-16 1.47203e-12 4.62734e-09 3.34419e-06 0.000555632 0.0212248 0.186397 0.376339 0.175074 0.02895 0.0634075 0.0885836 0.031701 0.0132342 0.0095023 0.00330379 0.00128228 0.000359773 7.23764e-05 8.76275e-06 5.17663e-07
 2.14869e-27 2.18167e-27 7.56014e-27 1.84052e-21 1.09463e-16 1.49671e-12 4.70492e-09 3.40026e-06 0.000564948 0.0215806 0.189522 0.382649 0.177979 0.0286247 0.0595202 0.083109 0.0298356 0.0127492 0.00916975 0.00311296 0.00117791 0.000328086 6.54929e-05 7.91569e-06 4.77971e-07
 2.14845e-27 2.18106e-27 7.49468e-27 1.81831e-21 1.08142e-16 1.47865e-12 4.64815e-09 3.35923e-06 0.000558131 0.0213202 0.187235 0.378032 0.175855 0.0289177 0.0626999 0.0875788 0.0312469 0.0127456 0.00909386 0.00312699 0.00119085 0.00032427 6.33379e-05 7.58308e-06 4.56864e-07
 2.14824e-27 2.18055e-27 7.44209e-27 1.80047e-21 1.07081e-16 1.46414e-12 4.60255e-09 3.32628e-06 0.000552656 0.0211111 0.185399 0.374323 0.174144 0.0290112 0.0643884 0.089975 0.0323136 0.0138475 0.00994825 0.00333122 0.00123818 0.000339184 6.58607e-05 7.71729e-06 4.58183e-07
 2.14857e-27 2.18137e-27 7.5291e-27 1.82999e-21 1.08837e-16 1.48815e-12 4.67802e-09 3.38082e-06 0.000561717 0.0214572 0.188438 0.38046 0.176967 0.0286329 0.0602295 0.0841247 0.0304069 0.0136447 0.00992987 0.00342059 0.00129922 0.000348403 6.6595e-05 7.7704e-06 4.54834e-07
 2.14844e-27 2.18106e-27 7.49504e-27 1.81843e-21 1.08149e-16 1.47875e-12 4.64847e-09 3.35946e-06 0.000558169 0.0213217 0.187248 0.378057 0.175865 0.0288673 0.062385 0.0871412 0.0311749 0.0129852 0.00934298 0.00330978 0.00130311 0.000359156 6.90993e-05 7.93385e-06 4.59443e-07
 2.14797e-27 2.17989e-27 7.37228e-27 1.7768e-21 1.05673e-16 1.44489e-12 4.54203e-09 3.28254e-06 0.000545389 0.0208335 0.182961 0.369401 0.171875 0.0291797 0.0669009 0.0935272 0.0337113 0.0148312 0.0107282 0.0036396 0.0013836 0.000391548 7.81334e-05 9.13008e-06 5.26155e-07
 2.14764e-27 2.1791e-27 7.29008e-27 1.74892e-21 1.04015e-16 1.42222e-12 4.47077e-09 3.23103e-06 0.000536832 0.0205066 0.18009 0.363606 0.169202 0.0293473 0.0696706 0.0974481 0.0353213 0.0161598 0.0118285 0.0041406 0.0016041 0.000438492 8.64628e-05 1.03962e-05 6.13703e-07
 2.14767e-27 2.1792e-27 7.30236e-27 1.7531e-21 1.04263e-16 1.42562e-12 4.48144e-09 3.23875e-06 0.000538113 0.0205556 0.18052 0.364474 0.169595 0.0291417 0.068154 0.0953352 0.0349091 0.0170766 0.0126934 0.00455537 0.00182313 0.000512164 0.000100947 1.19269e-05 7.11132e-07
#obs surv len freq
 1.2375e-39 6.0567e-33 6.8151e-27 1.763e-21 1.04852e-16 1.43367e-12 4.50674e-09 3.25703e-06 0.000541161 0.0206716 0.181538 0.366531 0.170551 0.0292548 0.0682248 0.0954009 0.0344699 0.0154308 0.0112595 0.00397735 0.0015793 0.000456928 9.60162e-05 1.24218e-05 8.23575e-07
 1.31028e-39 6.41291e-33 7.21591e-27 1.86669e-21 1.11019e-16 1.51798e-12 4.77179e-09 3.44858e-06 0.000572987 0.0218874 0.192215 0.388086 0.180481 0.0282954 0.0558717 0.0779763 0.0281562 0.0125468 0.00911942 0.00314804 0.00121585 0.000344571 7.0783e-05 8.92969e-06 5.7407e-07
 1.15504e-39 5.65314e-33 6.361e-27 1.64553e-21 9.78658e-17 1.33814e-12 4.20645e-09 3.04001e-06 0.000505102 0.0192943 0.169442 0.342109 0.159321 0.0308589 0.0853781 0.119512 0.0420627 0.0153291 0.0106531 0.00365981 0.00139853 0.000386286 7.69954e-05 9.46661e-06 5.93096e-07
 1.34679e-39 6.5916e-33 7.41697e-27 1.9187e-21 1.14112e-16 1.56028e-12 4.90475e-09 3.54468e-06 0.000588953 0.0224972 0.197571 0.3989 0.18545 0.027509 0.0478118 0.0666668 0.0248727 0.0135742 0.0100742 0.00309887 0.00103976 0.000280402 5.47391e-05 6.52929e-06 3.97502e-07
 1.39025e-39 6.80429e-33 7.65629e-27 1.98061e-21 1.17794e-16 1.61062e-12 5.06301e-09 3.65905e-06 0.000607956 0.0232231 0.203946 0.41177 0.191403 0.0275742 0.0443303 0.0616335 0.0213731 0.00677416 0.00461295 0.00178929 0.000739217 0.000183225 3.22103e-05 3.70442e-06 2.19356e-07
 1.26795e-39 6.20572e-33 6.98277e-27 1.80638e-21 1.07432e-16 1.46894e-12 4.61762e-09 3.33717e-06 0.000554475 0.0211802 0.186005 0.375549 0.174733 0.0295953 0.0675856 0.0943785 0.0324771 0.00945163 0.00602304 0.00172449 0.000544908 0.000160246 3.14927e-05 3.36186e-06 1.85963e-07
 1.27657e-39 6.24792e-33 7.03026e-27 1.81866e-21 1.08163e-16 1.47893e-12 4.64902e-09 3.35986e-06 0.000558245 0.0213243 0.18727 0.378102 0.175889 0.0289347 0.0627835 0.0877063 0.0314411 0.0132749 0.00929549 0.00254745 0.000688368 0.000152154 2.64077e-05 3.12242e-06 1.74828e-07
 1.41734e-39 6.93689e-33 7.8055e-27 2.01921e-21 1.2009e-16 1.64201e-12 5.16168e-09 3.73036e-06 0.000619805 0.0236757 0.20792 0.419795 0.195091 0.0269841 0.0383098 0.0531864 0.0189311 0.0075791 0.00536305 0.00177665 0.000614338 0.000130264 1.79999e-05 1.7265e-06 9.50421e-08
 1.42094e-39 6.95452e-33 7.82534e-27 2.02434e-21 1.20395e-16 1.64619e-12 5.1748e-09 3.73984e-06 0.00062138 0.0237359 0.208449 0.420862 0.195596 0.0273001 0.0399169 0.0553896 0.0188649 0.00485473 0.00300001 0.000964818 0.000339998 8.6508e-05 1.39589e-05 1.20201e-06 5.37172e-08
 1.35037e-39 6.60913e-33 7.4367e-27 1.9238e-21 1.14416e-16 1.56443e-12 4.9178e-09 3.5541e-06 0.000590519 0.0225571 0.198096 0.399961 0.185975 0.0284224 0.0530682 0.0739141 0.0252359 0.00668953 0.00408446 0.0010585 0.000267173 6.42498e-05 1.12638e-05 1.12962e-06 5.15851e-08
 1.32253e-39 6.47286e-33 7.28336e-27 1.88414e-21 1.12057e-16 1.53217e-12 4.8164e-09 3.48082e-06 0.000578343 0.022092 0.194012 0.391714 0.18217 0.0286116 0.0567084 0.0790837 0.027589 0.00925419 0.00610569 0.00160078 0.000391301 7.49634e-05 1.01196e-05 9.95882e-07 5.03409e-08
 1.35737e-39 6.64339e-33 7.47525e-27 1.93378e-21 1.15009e-16 1.57254e-12 4.94329e-09 3.57253e-06 0.00059358 0.022674 0.199123 0.402034 0.186917 0.0279917 0.0498136 0.0693816 0.024383 0.00876201 0.00595522 0.00174253 0.000511326 0.000100421 1.21253e-05 9.38007e-07 4.12814e-08
 1.33453e-39 6.53162e-33 7.34948e-27 1.90124e-21 1.13074e-16 1.54608e-12 4.86012e-09 3.51242e-06 0.000583593 0.0222925 0.195773 0.39527 0.183808 0.0284549 0.05468 0.0762167 0.0264625 0.00847563 0.00560447 0.00170007 0.000538319 0.000119364 1.6544e-05 1.2571e-06 4.68195e-08
 1.28753e-39 6.30158e-33 7.09063e-27 1.83428e-21 1.09091e-16 1.49163e-12 4.68895e-09 3.38871e-06 0.00056304 0.0215074 0.188878 0.381349 0.177395 0.0290652 0.0626015 0.0873968 0.0306068 0.0106513 0.00716161 0.00205316 0.000605424 0.000139096 2.13271e-05 1.83802e-06 7.28355e-08
 1.16849e-39 5.71897e-33 6.43508e-27 1.66469e-21 9.90055e-17 1.35372e-12 4.25544e-09 3.07541e-06 0.000510984 0.0195189 0.171415 0.346093 0.161152 0.0305655 0.0823864 0.115322 0.0409735 0.0161523 0.0112478 0.00335954 0.00103526 0.000227257 3.36577e-05 3.07706e-06 1.3547e-07
 1.26057e-39 6.16961e-33 6.94214e-27 1.79587e-21 1.06807e-16 1.46039e-12 4.59075e-09 3.31775e-06 0.000551248 0.021057 0.184922 0.373363 0.173687 0.0286621 0.0625475 0.0874516 0.0323992 0.0169962 0.0125987 0.00402899 0.00136522 0.000314486 4.7319e-05 4.20139e-06 1.87368e-07
 1.22581e-39 5.99947e-33 6.7507e-27 1.74634e-21 1.03862e-16 1.42012e-12 4.46416e-09 3.22626e-06 0.000536047 0.0204763 0.179823 0.363068 0.168963 0.0295942 0.0713407 0.0997603 0.0355609 0.0144154 0.0104146 0.00394841 0.00161502 0.000408039 6.70396e-05 6.19681e-06 2.7603e-07
 1.27741e-39 6.25205e-33 7.0349e-27 1.81986e-21 1.08234e-16 1.4799e-12 4.6521e-09 3.36208e-06 0.000558614 0.0213383 0.187393 0.378352 0.175996 0.0287194 0.061394 0.0857716 0.0310665 0.0141355 0.0102396 0.00334311 0.00124209 0.000367042 7.17961e-05 7.36783e-06 3.4983e-07
 1.24915e-39 6.1137e-33 6.87923e-27 1.77959e-21 1.05839e-16 1.44716e-12 4.54915e-09 3.28768e-06 0.000546253 0.0208662 0.183247 0.36998 0.17215 0.029359 0.0678216 0.0947893 0.0336695 0.0132602 0.00940171 0.00326517 0.00124135 0.000327689 6.42456e-05 7.68534e-06 4.16968e-07
 1.26169e-39 6.17509e-33 6.94831e-27 1.79746e-21 1.06902e-16 1.46169e-12 4.59483e-09 3.3207e-06 0.000551738 0.0210757 0.185087 0.373695 0.173855 0.0290346 0.0647215 0.0904485 0.0325388 0.0141129 0.0101082 0.00323985 0.00114818 0.000312711 5.97369e-05 6.89644e-06 4.05143e-07
 1.275e-39 6.24025e-33 7.02163e-27 1.81643e-21 1.0803e-16 1.47711e-12 4.64332e-09 3.35573e-06 0.00055756 0.0212981 0.18704 0.377638 0.175673 0.0289002 0.0627124 0.0876041 0.0313607 0.0131219 0.00939334 0.00317312 0.00116604 0.000297494 5.45089e-05 6.24645e-06 3.5975e-07
 1.26136e-39 6.17346e-33 6.94648e-27 1.79699e-21 1.06874e-16 1.4613e-12 4.59362e-09 3.31982e-06 0.000551593 0.0210701 0.185038 0.373596 0.173814 0.0291471 0.0654378 0.0914381 0.032612 0.0132611 0.00941041 0.00311803 0.00113864 0.000302271 5.53357e-05 6.0419e-06 3.39124e-07
 1.25661e-39 6.15024e-33 6.92035e-27 1.79023e-21 1.06472e-16 1.45581e-12 4.57634e-09 3.30733e-06 0.000549518 0.0209909 0.184342 0.372191 0.173163 0.0291281 0.0657458 0.0918881 0.0329875 0.0140927 0.0100855 0.00328868 0.00117334 0.000306905 5.67332e-05 6.28098e-06 3.44149e-07
 1.26268e-39 6.17993e-33 6.95375e-27 1.79887e-21 1.06986e-16 1.46283e-12 4.59843e-09 3.3233e-06 0.00055217 0.0210922 0.185232 0.373988 0.17399 0.0290323 0.0646193 0.0903 0.0324218 0.0138679 0.00996203 0.00333876 0.0012221 0.000315027 5.69949e-05 6.28774e-06 3.47275e-07
 1.26066e-39 6.17007e-33 6.94266e-27 1.796e-21 1.06815e-16 1.4605e-12 4.59109e-09 3.31799e-06 0.000551289 0.0210585 0.184936 0.373391 0.173715 0.0290649 0.064998 0.0908328 0.0325976 0.0138943 0.00997534 0.00334949 0.00123787 0.000327273 5.99119e-05 6.51111e-06 3.55748e-07
 1.19259e-39 5.83691e-33 6.56779e-27 1.69902e-21 1.01047e-16 1.38164e-12 4.3432e-09 3.13884e-06 0.000521522 0.0199215 0.17495 0.35323 0.164429 0.0299852 0.0766927 0.107327 0.0385552 0.0165527 0.0118986 0.00398777 0.00147169 0.000391113 7.2838e-05 8.05388e-06 4.39242e-07
 1.19252e-39 5.83654e-33 6.56736e-27 1.69891e-21 1.01041e-16 1.38155e-12 4.34292e-09 3.13864e-06 0.000521489 0.0199202 0.174939 0.353208 0.164403 0.029567 0.0741464 0.103808 0.0382655 0.019491 0.0144679 0.00487352 0.00180595 0.000479538 8.9512e-05 1.00162e-05 5.54853e-07
 1.23016e-39 6.02077e-33 6.77467e-27 1.75254e-21 1.0423e-16 1.42516e-12 4.48001e-09 3.23771e-06 0.00053795 0.020549 0.180461 0.364357 0.16954 0.029091 0.06788 0.0949553 0.0348533 0.0173129 0.0129784 0.0048476 0.00198597 0.000535674 0.000100318 1.12492e-05 6.28144e-07
#pred catch len freq
 2.14658e-27 2.17513e-27 6.80266e-27 1.58346e-21 9.41743e-17 1.28767e-12 4.0478e-09 2.92535e-06 0.000486043 0.0185665 0.163052 0.329206 0.153195 0.0265882 0.063189 0.0886141 0.0356116 0.0273931 0.0242163 0.016239 0.0136293 0.0117841 0.0121685 0.0113085 0.00475075
 2.14863e-27 2.18126e-27 7.50592e-27 1.82211e-21 1.08368e-16 1.48174e-12 4.65786e-09 3.36625e-06 0.000559298 0.0213648 0.187627 0.378821 0.176181 0.0278796 0.0561236 0.0783763 0.0287539 0.0142914 0.0113293 0.00603907 0.00417502 0.00294335 0.00252129 0.00212748 0.000882804
 2.14773e-27 2.17924e-27 7.298e-27 1.75158e-21 1.04173e-16 1.42438e-12 4.47757e-09 3.23595e-06 0.000537648 0.0205378 0.180364 0.364159 0.169465 0.0295576 0.0707877 0.0989639 0.0350277 0.013407 0.00955129 0.00366231 0.00182675 0.000952557 0.000605752 0.000424339 0.000166583
 2.1479e-27 2.17972e-27 7.35513e-27 1.77098e-21 1.05327e-16 1.44016e-12 4.52717e-09 3.2718e-06 0.000543604 0.0207653 0.182362 0.368192 0.171314 0.0291387 0.0670147 0.0937053 0.0340146 0.0157076 0.0113992 0.00369277 0.00137213 0.000467202 0.00018423 9.12348e-05 3.14316e-05
 2.14964e-27 2.18401e-27 7.8081e-27 1.92463e-21 1.14465e-16 1.56511e-12 4.91995e-09 3.55566e-06 0.000590767 0.0225669 0.198184 0.400136 0.18603 0.0277445 0.0488763 0.0681082 0.0245684 0.0108756 0.00794195 0.00285898 0.00112335 0.000299884 6.89412e-05 1.84029e-05 4.69103e-06
 2.14877e-27 2.18183e-27 7.57316e-27 1.84492e-21 1.09724e-16 1.50028e-12 4.71616e-09 3.40838e-06 0.000566298 0.0216322 0.189975 0.383563 0.178412 0.0289221 0.0610599 0.0852202 0.0297762 0.0101562 0.00695769 0.00244483 0.000968654 0.000277519 5.55975e-05 7.9882e-06 1.0826e-06
 2.14787e-27 2.17963e-27 7.34228e-27 1.76661e-21 1.05067e-16 1.4366e-12 4.51598e-09 3.26371e-06 0.00054226 0.020714 0.181911 0.367282 0.170907 0.0295039 0.0695187 0.0971867 0.0346004 0.0138646 0.00970316 0.00294533 0.000980693 0.000272747 5.56541e-05 6.93018e-06 5.16195e-07
 2.14916e-27 2.18282e-27 7.68296e-27 1.88218e-21 1.11941e-16 1.53059e-12 4.81143e-09 3.47724e-06 0.000577738 0.0220692 0.193813 0.391311 0.181966 0.028163 0.0540907 0.0754651 0.0272659 0.0121976 0.00882693 0.0029175 0.00103303 0.000250214 4.45841e-05 5.3475e-06 3.37395e-07
 2.14994e-27 2.18473e-27 7.88161e-27 1.94956e-21 1.15948e-16 1.58538e-12 4.98365e-09 3.6017e-06 0.000598417 0.0228591 0.20075 0.405317 0.188426 0.0277609 0.0474147 0.0660047 0.0232426 0.00851194 0.00594489 0.00209829 0.000813733 0.000212536 3.72396e-05 3.92135e-06 2.23955e-07
 2.14932e-27 2.18318e-27 7.71565e-27 1.89325e-21 1.12599e-16 1.53959e-12 4.83972e-09 3.49768e-06 0.000581134 0.0221989 0.194952 0.393611 0.183041 0.0284746 0.0552997 0.0770988 0.0268882 0.00900161 0.00605144 0.00190608 0.000666751 0.000184945 3.55052e-05 3.83726e-06 2.0315e-07
 2.14859e-27 2.1814e-27 7.52816e-27 1.82966e-21 1.08817e-16 1.48787e-12 4.67715e-09 3.38019e-06 0.000561614 0.0214533 0.188404 0.38039 0.176948 0.028997 0.0624733 0.0872339 0.0307906 0.0114934 0.00790398 0.0023694 0.000752867 0.00018659 3.42272e-05 3.94412e-06 2.18901e-07
 2.1491e-27 2.18266e-27 7.6637e-27 1.87564e-21 1.11552e-16 1.52527e-12 4.7947e-09 3.46515e-06 0.000575729 0.0219925 0.193139 0.38995 0.181346 0.0283998 0.0559464 0.0780539 0.0278181 0.0112444 0.00792948 0.00251731 0.000848608 0.000199019 3.25263e-05 3.46018e-06 1.9399e-07
 2.1494e-27 2.18339e-27 7.73996e-27 1.9015e-21 1.1309e-16 1.5463e-12 4.86082e-09 3.51293e-06 0.000583668 0.0222957 0.195802 0.395327 0.183826 0.0282545 0.0534386 0.074497 0.0262597 0.00969743 0.00673382 0.00223692 0.000806374 0.000200486 3.32968e-05 3.26566e-06 1.67174e-07
 2.14884e-27 2.18201e-27 7.59218e-27 1.85137e-21 1.10108e-16 1.50553e-12 4.73266e-09 3.42031e-06 0.000568279 0.0217079 0.19064 0.384905 0.179029 0.0288146 0.0599993 0.0837376 0.0294291 0.0105819 0.00725389 0.002293 0.000791092 0.000205719 3.66547e-05 3.72935e-06 1.84428e-07
 2.14774e-27 2.1793e-27 7.30704e-27 1.75465e-21 1.04356e-16 1.42688e-12 4.48541e-09 3.24162e-06 0.00053859 0.0205738 0.18068 0.364797 0.169764 0.0296505 0.0711627 0.0994987 0.0353443 0.013914 0.00973082 0.00303007 0.00101197 0.00025129 4.42932e-05 4.74877e-06 2.4622e-07
 2.14782e-27 2.17954e-27 7.33508e-27 1.76418e-21 1.04923e-16 1.43463e-12 4.50977e-09 3.25923e-06 0.000541516 0.0206855 0.181661 0.366778 0.170666 0.0292791 0.0682985 0.0955054 0.0345254 0.0155019 0.0112118 0.00367109 0.00129455 0.000317066 5.36405e-05 5.60038e-06 2.96544e-07
 2.14792e-27 2.17978e-27 7.3612e-27 1.77304e-21 1.0545e-16 1.44183e-12 4.53243e-09 3.2756e-06 0.000544236 0.0207894 0.182574 0.36862 0.171514 0.0291864 0.0671774 0.0939197 0.0338843 0.0150115 0.0109382 0.00387219 0.00150065 0.000389367 6.80358e-05 6.94701e-06 3.57202e-07
 2.14795e-27 2.17986e-27 7.36909e-27 1.77571e-21 1.05609e-16 1.44401e-12 4.53926e-09 3.28054e-06 0.000545056 0.0208208 0.182849 0.369176 0.171771 0.0291885 0.0670227 0.0936966 0.0337374 0.0147376 0.0106969 0.00376403 0.00148384 0.000418018 8.00463e-05 8.59068e-06 4.43808e-07
 2.14821e-27 2.18048e-27 7.43485e-27 1.79802e-21 1.06935e-16 1.46215e-12 4.59629e-09 3.32175e-06 0.000551904 0.0210823 0.185146 0.373814 0.173908 0.028989 0.064407 0.0900061 0.0323871 0.0140797 0.010198 0.00355744 0.0013886 0.000393136 7.91501e-05 9.26654e-06 5.1155e-07
 2.14812e-27 2.18025e-27 7.40942e-27 1.78939e-21 1.06422e-16 1.45513e-12 4.57422e-09 3.3058e-06 0.000549254 0.0209811 0.184257 0.372019 0.173084 0.0291514 0.0659393 0.0921537 0.0329787 0.0137676 0.00988528 0.00343694 0.00133396 0.000374273 7.52934e-05 9.11592e-06 5.38526e-07
 2.14845e-27 2.18107e-27 7.49612e-27 1.8188e-21 1.08171e-16 1.47905e-12 4.64941e-09 3.36014e-06 0.000558282 0.021326 0.187286 0.378134 0.175899 0.0288339 0.0621576 0.0868282 0.0311709 0.0133198 0.00958013 0.00325227 0.00123063 0.000342769 6.84239e-05 8.26994e-06 4.99362e-07
 2.14819e-27 2.18043e-27 7.42783e-27 1.79563e-21 1.06793e-16 1.46021e-12 4.59017e-09 3.31733e-06 0.00055117 0.0210543 0.1849 0.373317 0.173684 0.0291396 0.0654758 0.0914927 0.0326434 0.0133152 0.00950028 0.00326674 0.00124407 0.000338762 6.61686e-05 7.92198e-06 4.77282e-07
 2.14794e-27 2.17983e-27 7.36518e-27 1.77439e-21 1.0553e-16 1.44293e-12 4.53586e-09 3.27808e-06 0.000544648 0.0208052 0.182712 0.3689 0.171646 0.0292624 0.067557 0.0944432 0.0339184 0.0145352 0.0104423 0.00349665 0.00129967 0.000356029 6.91316e-05 8.10055e-06 4.80938e-07
 2.1483e-27 2.18072e-27 7.46081e-27 1.80683e-21 1.07459e-16 1.46931e-12 4.6188e-09 3.33802e-06 0.000554608 0.0211856 0.186053 0.375645 0.174749 0.0288516 0.063016 0.0880547 0.0318274 0.0142822 0.0103938 0.0035804 0.00135991 0.00036468 6.97063e-05 8.13343e-06 4.76083e-07
 2.14814e-27 2.1803e-27 7.41478e-27 1.79121e-21 1.0653e-16 1.45661e-12 4.57887e-09 3.30916e-06 0.000549812 0.0210024 0.184445 0.372397 0.173258 0.0291311 0.0657014 0.0918175 0.0328478 0.013682 0.00984437 0.0034874 0.00137304 0.00037843 7.28075e-05 8.35962e-06 4.84099e-07
 2.1477e-27 2.17922e-27 7.30202e-27 1.75296e-21 1.04255e-16 1.42551e-12 4.4811e-09 3.2385e-06 0.000538072 0.020554 0.180506 0.364446 0.169592 0.0294067 0.0697801 0.0975878 0.035175 0.0154751 0.0111939 0.00379762 0.00144368 0.000408548 8.15257e-05 9.52649e-06 5.48999e-07
 2.14732e-27 2.1783e-27 7.20568e-27 1.72029e-21 1.02312e-16 1.39894e-12 4.39758e-09 3.17814e-06 0.000528044 0.0201709 0.177142 0.357653 0.16646 0.029615 0.0730992 0.102284 0.0370743 0.0169618 0.0124155 0.0043461 0.00168371 0.000460254 9.0754e-05 1.09122e-05 6.44161e-07
 2.14749e-27 2.17874e-27 7.25398e-27 1.73668e-21 1.03287e-16 1.41227e-12 4.43948e-09 3.20843e-06 0.000533076 0.0203631 0.17883 0.361062 0.168023 0.0292904 0.0700903 0.0980672 0.0359095 0.017566 0.0130571 0.00468592 0.00187537 0.000526842 0.00010384 1.22687e-05 7.31512e-07
#obs catch len freq
 1.22269e-39 5.98422e-33 6.73354e-27 1.7419e-21 1.03597e-16 1.41651e-12 4.4528e-09 3.21805e-06 0.000534684 0.0204242 0.179366 0.362144 0.168528 0.0293947 0.0704012 0.0984795 0.0357 0.0163516 0.0120052 0.00429845 0.00173428 0.000509255 0.000109613 1.46403e-05 1.00427e-06
 1.22713e-39 6.00596e-33 6.758e-27 1.74823e-21 1.03974e-16 1.42165e-12 4.46898e-09 3.22974e-06 0.000536626 0.0204984 0.180017 0.36346 0.169138 0.0294278 0.0702063 0.0981902 0.035403 0.0156146 0.0113559 0.00399916 0.00158282 0.000457255 9.59705e-05 1.24071e-05 8.2223e-07
 1.30229e-39 6.37379e-33 7.17189e-27 1.8553e-21 1.10342e-16 1.50872e-12 4.74268e-09 3.42755e-06 0.000569492 0.0217539 0.191042 0.385719 0.179391 0.0284307 0.0574106 0.0801422 0.028877 0.012676 0.00918264 0.00316035 0.00121658 0.000344254 7.06329e-05 8.90444e-06 5.72188e-07
 1.1451e-39 5.60446e-33 6.30623e-27 1.63136e-21 9.70232e-17 1.32662e-12 4.17023e-09 3.01383e-06 0.000500753 0.0191281 0.167983 0.339164 0.157966 0.031036 0.0873465 0.122281 0.0429657 0.0154279 0.0106778 0.00365723 0.00139294 0.000384162 7.64789e-05 9.39635e-06 5.88427e-07
 1.3403e-39 6.55984e-33 7.38123e-27 1.90946e-21 1.13562e-16 1.55276e-12 4.88112e-09 3.5276e-06 0.000586115 0.0223888 0.196619 0.396977 0.184566 0.0276184 0.0490591 0.0684223 0.0254585 0.0136845 0.0101292 0.00310763 0.00103891 0.000279723 5.45403e-05 6.5009e-06 3.95591e-07
 1.38473e-39 6.77731e-33 7.62594e-27 1.97276e-21 1.17327e-16 1.60424e-12 5.04294e-09 3.64454e-06 0.000605546 0.0231311 0.203137 0.410138 0.190652 0.0276717 0.0454175 0.0631629 0.0218728 0.0068321 0.00462976 0.00178979 0.000737302 0.000182507 3.20419e-05 3.68222e-06 2.1794e-07
 1.26051e-39 6.16933e-33 6.94183e-27 1.79579e-21 1.06802e-16 1.46033e-12 4.59055e-09 3.3176e-06 0.000551224 0.021056 0.184914 0.373347 0.17372 0.0297292 0.0690665 0.0964615 0.0331521 0.00951091 0.00603023 0.0017223 0.000542064 0.000159136 3.12419e-05 3.33282e-06 1.84264e-07
 1.269e-39 6.21086e-33 6.98856e-27 1.80788e-21 1.07521e-16 1.47016e-12 4.62145e-09 3.33993e-06 0.000554934 0.0211978 0.186159 0.37586 0.174857 0.0290678 0.0642717 0.0898001 0.032127 0.0133608 0.00932394 0.00254962 0.000686311 0.000151448 2.6247e-05 3.10111e-06 1.73563e-07
 1.41309e-39 6.91607e-33 7.78208e-27 2.01315e-21 1.1973e-16 1.63709e-12 5.14619e-09 3.71916e-06 0.000617944 0.0236047 0.207296 0.418535 0.194511 0.0270605 0.0391559 0.0543765 0.0193179 0.00761684 0.00536944 0.00177362 0.000611295 0.000129453 1.78636e-05 1.71189e-06 9.41874e-08
 1.41622e-39 6.93142e-33 7.79934e-27 2.01762e-21 1.19995e-16 1.64072e-12 5.15761e-09 3.72742e-06 0.000619315 0.023657 0.207756 0.419464 0.194953 0.0273845 0.0408535 0.056707 0.019293 0.0048966 0.00300825 0.000964671 0.000338769 8.6069e-05 1.38726e-05 1.19375e-06 5.33182e-08
 1.34461e-39 6.58093e-33 7.40497e-27 1.9156e-21 1.13928e-16 1.55776e-12 4.89682e-09 3.53894e-06 0.000588 0.0224608 0.197251 0.398254 0.18519 0.0285264 0.0542167 0.0755294 0.0257586 0.00673309 0.00408838 0.00105732 0.000265787 6.37996e-05 1.1171e-05 1.11956e-06 5.11039e-08
 1.31605e-39 6.44116e-33 7.2477e-27 1.87491e-21 1.11508e-16 1.52467e-12 4.79282e-09 3.46378e-06 0.000575512 0.0219838 0.193062 0.389796 0.181287 0.0287272 0.0579924 0.0808898 0.0281763 0.00931256 0.00611774 0.00160064 0.000389749 7.45489e-05 1.00487e-05 9.88042e-07 4.99216e-08
 1.3517e-39 6.61564e-33 7.44402e-27 1.9257e-21 1.14529e-16 1.56597e-12 4.92264e-09 3.5576e-06 0.000591101 0.0225793 0.198291 0.400355 0.186145 0.028093 0.0509381 0.0709635 0.0248976 0.00881389 0.00596597 0.00174134 0.000509146 9.98596e-05 1.20416e-05 9.30718e-07 4.09359e-08
 1.32812e-39 6.50025e-33 7.31419e-27 1.89211e-21 1.12531e-16 1.53866e-12 4.83678e-09 3.49555e-06 0.000580791 0.0221855 0.194833 0.393372 0.182935 0.0285691 0.0559491 0.078002 0.0270437 0.00853599 0.00561833 0.00169979 0.000536318 0.000118752 1.64394e-05 1.24827e-06 4.64652e-08
 1.28058e-39 6.26757e-33 7.05237e-27 1.82438e-21 1.08503e-16 1.48358e-12 4.66364e-09 3.37043e-06 0.000560001 0.0213913 0.187859 0.379291 0.176448 0.02919 0.0639833 0.0893404 0.0312376 0.0107104 0.00717104 0.00205089 0.000602488 0.000138206 2.11646e-05 1.82275e-06 7.21975e-08
 1.15928e-39 5.67386e-33 6.38432e-27 1.65156e-21 9.82246e-17 1.34304e-12 4.22187e-09 3.05116e-06 0.000506954 0.019365 0.170063 0.343364 0.159896 0.0307304 0.0842157 0.117895 0.0418105 0.0162366 0.0112647 0.00335603 0.00103048 0.000225878 3.34097e-05 3.05206e-06 1.34307e-07
 1.25253e-39 6.13025e-33 6.89786e-27 1.78441e-21 1.06126e-16 1.45108e-12 4.56147e-09 3.29658e-06 0.000547732 0.0209227 0.183743 0.370982 0.172592 0.0288 0.064107 0.0896463 0.0331265 0.0171159 0.0126521 0.00403496 0.00136259 0.000313441 4.71032e-05 4.17911e-06 1.86281e-07
 1.21727e-39 5.9577e-33 6.70369e-27 1.73418e-21 1.03138e-16 1.41023e-12 4.43307e-09 3.20379e-06 0.000532314 0.0203337 0.178571 0.36054 0.1678 0.0297452 0.0730241 0.102129 0.0363359 0.0145094 0.0104428 0.00394621 0.00160935 0.000406065 6.66364e-05 6.15526e-06 2.74048e-07
 1.26994e-39 6.21546e-33 6.99374e-27 1.80921e-21 1.07601e-16 1.47125e-12 4.62488e-09 3.34241e-06 0.000555346 0.0212135 0.186297 0.376138 0.174978 0.0288505 0.0628611 0.0878357 0.0317442 0.0142258 0.0102716 0.00334401 0.00123804 0.000365271 7.13744e-05 7.31993e-06 3.47403e-07
 1.24046e-39 6.07118e-33 6.83139e-27 1.76722e-21 1.05103e-16 1.43709e-12 4.51752e-09 3.26482e-06 0.000542454 0.0207211 0.181972 0.367407 0.170966 0.0295105 0.0695218 0.0971815 0.034456 0.0133686 0.00944258 0.00326943 0.00123897 0.000326575 6.39452e-05 7.64425e-06 4.14577e-07
 1.25265e-39 6.13084e-33 6.89852e-27 1.78458e-21 1.06136e-16 1.45121e-12 4.56191e-09 3.2969e-06 0.000547785 0.0209247 0.18376 0.371017 0.172623 0.0291886 0.0664686 0.0929073 0.0333548 0.0142518 0.0101733 0.0032517 0.00114834 0.000312271 5.95823e-05 6.87359e-06 4.03617e-07
 1.26587e-39 6.19558e-33 6.97136e-27 1.80342e-21 1.07256e-16 1.46654e-12 4.61008e-09 3.33171e-06 0.000553569 0.0211456 0.185701 0.374935 0.174429 0.0290548 0.0644711 0.0900793 0.0321837 0.0132671 0.00946388 0.00318758 0.00116751 0.000297435 5.44287e-05 6.23272e-06 3.58794e-07
 1.25091e-39 6.12236e-33 6.88898e-27 1.78211e-21 1.05989e-16 1.44921e-12 4.5556e-09 3.29234e-06 0.000547027 0.0208957 0.183506 0.370504 0.17239 0.0293214 0.067434 0.094248 0.0335514 0.013444 0.00950605 0.00314068 0.00114306 0.000302991 5.54017e-05 6.04473e-06 3.39121e-07
 1.24669e-39 6.10168e-33 6.86571e-27 1.77609e-21 1.05631e-16 1.44431e-12 4.54021e-09 3.28122e-06 0.000545179 0.0208252 0.182886 0.369253 0.171811 0.0292947 0.0676483 0.0945659 0.0338811 0.0142611 0.0101713 0.00330731 0.00117596 0.000307129 5.67053e-05 6.27345e-06 3.43579e-07
 1.25149e-39 6.12516e-33 6.89213e-27 1.78293e-21 1.06038e-16 1.44987e-12 4.55768e-09 3.29385e-06 0.000547277 0.0209053 0.18359 0.370674 0.172465 0.0292155 0.0667362 0.0932803 0.0334259 0.0140895 0.010087 0.00337089 0.00122979 0.000316547 5.71993e-05 6.30573e-06 3.48108e-07
 1.24924e-39 6.11419e-33 6.87978e-27 1.77973e-21 1.05847e-16 1.44727e-12 4.54951e-09 3.28794e-06 0.000546296 0.0208678 0.183261 0.370009 0.172159 0.0292514 0.0671556 0.0938706 0.0336218 0.0141229 0.0101051 0.00338326 0.00124621 0.000328993 6.01548e-05 6.53286e-06 3.56769e-07
 1.17918e-39 5.77128e-33 6.49394e-27 1.67992e-21 9.99112e-17 1.3661e-12 4.29436e-09 3.10354e-06 0.000515658 0.0196975 0.172983 0.349259 0.162602 0.0302041 0.0792256 0.110893 0.039758 0.0168228 0.0120523 0.00402765 0.00148149 0.000393133 7.31263e-05 8.08009e-06 4.40471e-07
 1.17939e-39 5.77231e-33 6.49509e-27 1.68022e-21 9.99289e-17 1.36635e-12 4.29513e-09 3.1041e-06 0.00051575 0.019701 0.173014 0.349321 0.162614 0.0297756 0.0765914 0.107252 0.0394396 0.0197971 0.0146537 0.00492188 0.00181786 0.000481985 8.98604e-05 1.00481e-05 5.56367e-07
#spawning biomass
 2839.51 2257.26 2138.89 2077.89 2310.58 3624.2 4316 4388.21 6331.57 11940.6 17714.3 20166.7 25683.7 36479.5 42934.3 36891 34656.7 33170.3 31928.3 31295 31448 33974.1 35906.5 39887 43190.3 50026 48333.7 48964 38595.8 94483.4 117852 88862.7 61149.8 43555.4 33538.8 28140.2 25326.8 23892.6 23172.1 22813.7 22636.7 22549.7 22507 22486.1 22475.9 22471 22468.5 22467.4 22466.8 22466.5 22466.4 22466.3 22466.3 22466.3 22466.3 22466.3 22466.3 22466.3 22466.3 22466.3 22466.3 22466.3 22466.3 22466.3 22466.3 22466.3 22466.3 22466.3 22466.3 22466.3 22466.3 22466.3 22466.3 22466.3 22466.3 22466.3 22466.3 22466.3 22466.3 22466.3 22466.3 22466.3 22466.3 22466.3 22466.3 22466.3 22466.3 22466.3 22466.3 22466.3 22466.3 22466.3 22466.3 22466.3 22466.3 22466.3 22466.3 22466.3 22466.3 22466.3 22466.3 22466.3 22466.3 22466.3 22466.3 22466.3 22466.3 22466.3 22466.3 22466.3 22466.3 22466.3 22466.3 22466.3 22466.3 22466.3 22466.3 22466.3 22466.3 22466.3 22466.3 22466.3 22466.3 22466.3 22466.3 22466.3 22466.3 22466.3 0 0 0 0 0 0 0 0 0 0 0 0 0 0 0 0 0 0 0 0 0 0 0 0 0
