SBPRF35
0.175648
Curr Bio
84446.6
B35
200345
F35
0.705147
FOFL
0.272403
OFL
9438.67
Bzero
50185.1
#pred survey bio
 7390.26 7416.31 5126.29 5318.41 8503.07 13061.9 20125.3 27696.4 40811.8 55661.9 59496.3 72922.4 100975 124937 124910 106543 105013 101125 91618.2 91666.6 111520 105001 96184.9 106955 128124 136418 123721 125461 116071 4.03099e+06 3.09686e+06 1.96332e+06 1.20297e+06 813496 630300 544855 503409 482030 470310 463582 459605 457215 455768 454889 454342 454016 453822 453705 453635 453593 453568 453553 453544 453538 453535 453533 453532 453531 453531 453530 453530 453530 453530 453530 453530 453530 453530 453530 453530 453530 453530 453530 453530 453530 453530 453530 453530 453530 453530 453530 453530 453530 453530 453530 453530 453530 453530 453530 453530 453530 453530 453530 453530 453530 453530 453530 453530 453530 453530 453530 453530 453530 453530 453530 453530 453530 453530 453530 453530 453530 453530 453530 453530 453530 453530 453530 453530 453530 453530 453530 453530 453530 453530 453530 453530 453530 453530 453530 453530 0 0 0 0 0 0 0 0 0 0 0 0 0 0 0 0 0 0 0 0 0 0 0 0 0
#obs survey bio
 5676.77 5713.61 5090.41 5784.07 7825.07 14049.2 23904.5 31262 34755.6 42381.6 77279.8 53016.5 144546 131709 85922.5 94884.6 77065.4 71113.2 70367 110269 95905.2 99928.6 90169.1 107340 124851 125578 77046.5 104065 54491.7
#pred catch bio
 2608.65 4166.37 3102.87 2598.04 4593.74 7015.31 12210.9 16883.6 25603.3 40351.5 41890.6 51080.2 68474.3 93235.8 101975 86172.1 86152.4 87639.6 81198.8 75979.4 100417 99574 88187.2 96549.1 119205 130922 120151 121641 113089 9438.67 56793.4 32796.3 17733.9 10831 8068.97 7052.89 6699.53 6581.39 6542.99 6530.77 6526.95 6525.76 6525.4 6525.29 6525.25 6525.24 6525.24 6525.24 6525.24 6525.24 6525.24 6525.24 6525.24 6525.24 6525.24 6525.24 6525.24 6525.24 6525.24 6525.24 6525.24 6525.24 6525.24 6525.24 6525.24 6525.24 6525.24 6525.24 6525.24 6525.24 6525.24 6525.24 6525.24 6525.24 6525.24 6525.24 6525.24 6525.24 6525.24 6525.24 6525.24 6525.24 6525.24 6525.24 6525.24 6525.24 6525.24 6525.24 6525.24 6525.24 6525.24 6525.24 6525.24 6525.24 6525.24 6525.24 6525.24 6525.24 6525.24 6525.24 6525.24 6525.24 6525.24 6525.24 6525.24 6525.24 6525.24 6525.24 6525.24 6525.24 6525.24 6525.24 6525.24 6525.24 6525.24 6525.24 6525.24 6525.24 6525.24 6525.24 6525.24 6525.24 6525.24 6525.24 6525.24 6525.24 6525.24 6525.24 6525.24 0 0 0 0 0 0 0 0 0 0 0 0 0 0 0 0 0 0 0 0 0 0 0 0 0
#obs catch bio
 4571.31 4547.85 3444.1 2457.74 4382.53 6433.68 11172 15296 24491.4 39579.1 37045.7 48204.8 56745.4 77840.2 103450 77125.1 82073.5 79647.4 82838.7 64156 84987.8 89207.1 82921.8 76504.2 100508 112418 109445 101073 112566
#pred cpue bio
 5499.28 6035.87 3863.21 3284.64 5263.21 7839.47 12163.6 16261.7 23434.2 32308.8 33174.2 40232.5 53998.5 71298.8 69150.7 55373.6 53587.6 51040.6 43431.9 41545.3 53218.4 46937.8 40173.2 46027 55609.8 57749.9 51032.2 50641.8 47279.9 1.62384e+06 2.9722e+06 1.88437e+06 1.12405e+06 734566 551369 465924 424479 403099 391380 384652 380674 378284 376837 375958 375411 375086 374891 374774 374704 374662 374637 374622 374613 374607 374604 374602 374601 374600 374600 374600 374599 374599 374599 374599 374599 374599 374599 374599 374599 374599 374599 374599 374599 374599 374599 374599 374599 374599 374599 374599 374599 374599 374599 374599 374599 374599 374599 374599 374599 374599 374599 374599 374599 374599 374599 374599 374599 374599 374599 374599 374599 374599 374599 374599 374599 374599 374599 374599 374599 374599 374599 374599 374599 374599 374599 374599 374599 374599 374599 374599 374599 374599 374599 374599 374599 374599 374599 374599 374599 0 0 0 0 0 0 0 0 0 0 0 0 0 0 0 0 0 0 0 0 0 0 0 0 0
#obs cpue bio
 8812.25 5152.16 3520.36 3720.84 7379.09 10387.8 15392.8 20522.1 29226.9 47136.8 47562.4 60035.8 100723 122439 86444.3 102177 84192.1 109223 49731.6 72494.2 117777 75091.6 52683.8 121200 109143 115118 115152 130400 98150.1
#pred surv len freq
 1.68487e-11 1.82957e-09 1.17131e-07 4.42109e-06 9.83849e-05 0.00129084 0.00998577 0.0455589 0.122756 0.19669 0.193848 0.135211 0.0922263 0.0691414 0.0466604 0.0288852 0.0183171 0.011836 0.00787021 0.00552263 0.00416917 0.00343645 0.00293878 0.0022475 0.00130527
 1.2844e-11 1.39471e-09 8.92906e-08 3.37028e-06 7.50009e-05 0.000984055 0.00761337 0.0347548 0.0939138 0.152653 0.160734 0.139636 0.131475 0.114323 0.0748284 0.0400381 0.021127 0.0114636 0.00633784 0.00365734 0.00226776 0.00156675 0.00118749 0.000862298 0.000497935
 1.54532e-11 1.67803e-09 1.07429e-07 4.05491e-06 9.02362e-05 0.00118393 0.0091591 0.0417949 0.112717 0.181443 0.182782 0.138135 0.108489 0.0884211 0.0604709 0.0360378 0.0202029 0.0101309 0.00462276 0.00210505 0.00101253 0.0005395 0.0003298 0.000211743 0.000116481
 1.94037e-11 2.10701e-09 1.34893e-07 5.09153e-06 0.000113304 0.00148658 0.0114998 0.0524601 0.141266 0.225664 0.219156 0.144049 0.0858907 0.0562936 0.0327571 0.0156914 0.00730181 0.00354091 0.00165777 0.000704606 0.000273831 0.000106585 4.6685e-05 2.3467e-05 1.14175e-05
 1.91422e-11 2.07862e-09 1.33075e-07 5.02292e-06 0.000111778 0.00146655 0.0113449 0.0517558 0.139398 0.222912 0.21758 0.14596 0.0909788 0.0611158 0.0343666 0.0145153 0.00533961 0.00197734 0.000739528 0.000279289 0.000102483 3.44631e-05 1.09875e-05 3.76067e-06 1.40183e-06
 1.96169e-11 2.13016e-09 1.36375e-07 5.14747e-06 0.000114549 0.00150291 0.0116261 0.0530367 0.142822 0.228175 0.221714 0.146021 0.087277 0.0566158 0.0313437 0.0130019 0.0045696 0.00152439 0.000466416 0.000132521 3.73682e-05 1.05323e-05 2.83428e-06 7.16983e-07 1.81407e-07
 1.94758e-11 2.11484e-09 1.35394e-07 5.11045e-06 0.000113725 0.00149211 0.0115425 0.0526563 0.141807 0.226638 0.220611 0.146349 0.088914 0.0583405 0.0321718 0.0130425 0.00438363 0.00139358 0.000404802 0.000103972 2.40352e-05 5.09099e-06 1.02542e-06 1.99508e-07 3.67787e-08
 1.98986e-11 2.16075e-09 1.38333e-07 5.22138e-06 0.000116194 0.00152449 0.011793 0.0537973 0.144858 0.231334 0.224333 0.146513 0.0857668 0.0543689 0.02928 0.0113877 0.0035326 0.00102642 0.000278228 6.71448e-05 1.44295e-05 2.71305e-06 4.41527e-07 6.34669e-08 8.33643e-09
 2.0215e-11 2.1951e-09 1.40533e-07 5.3044e-06 0.000118041 0.00154873 0.0119804 0.0546511 0.14714 0.234839 0.227073 0.146508 0.0832186 0.05127 0.0271724 0.0103299 0.00305331 0.000827927 0.000207825 4.58241e-05 8.97854e-06 1.55332e-06 2.30277e-07 2.86246e-08 2.9596e-09
 2.00339e-11 2.17544e-09 1.39274e-07 5.25688e-06 0.000116984 0.00153486 0.0118731 0.0541625 0.145837 0.232857 0.225618 0.146823 0.0851536 0.0533641 0.0282569 0.0105066 0.00293835 0.000737801 0.000172946 3.55768e-05 6.41139e-06 1.00905e-06 1.3545e-07 1.52341e-08 1.40287e-09
 2.05821e-11 2.23497e-09 1.43085e-07 5.40074e-06 0.000120185 0.00157686 0.012198 0.0556421 0.14979 0.238928 0.230353 0.14678 0.080681 0.0479416 0.024585 0.00869153 0.00215311 0.000446082 8.85399e-05 1.62419e-05 2.65826e-06 3.82956e-07 4.70002e-08 4.79378e-09 3.97857e-10
 2.07241e-11 2.25039e-09 1.44072e-07 5.43801e-06 0.000121015 0.00158774 0.0122821 0.0560253 0.150814 0.240495 0.231555 0.146699 0.0794176 0.0464706 0.0236705 0.00832513 0.00203549 0.000407146 7.50345e-05 1.20676e-05 1.64831e-06 1.99692e-07 2.14461e-08 1.96434e-09 1.47667e-10
 2.1132e-11 2.29469e-09 1.46908e-07 5.54504e-06 0.000123397 0.00161899 0.0125238 0.0571259 0.153753 0.244992 0.23498 0.146398 0.0756804 0.0421672 0.0210586 0.00735819 0.00178682 0.00035314 6.40893e-05 1.00751e-05 1.3096e-06 1.43676e-07 1.3246e-08 1.01459e-09 6.47384e-11
 2.02445e-11 2.19831e-09 1.40738e-07 5.31216e-06 0.000118214 0.001551 0.011998 0.0547313 0.147359 0.235212 0.227543 0.147096 0.083876 0.0515725 0.0267225 0.00940158 0.00227532 0.000445412 7.99668e-05 1.24489e-05 1.59799e-06 1.71826e-07 1.52541e-08 1.08494e-09 6.11933e-11
 2.06707e-11 2.24459e-09 1.43701e-07 5.42399e-06 0.000120703 0.00158364 0.0122505 0.0558812 0.15043 0.239912 0.231132 0.14681 0.0800153 0.0471045 0.023979 0.00834864 0.00197947 0.000372819 6.43385e-05 9.76817e-06 1.23162e-06 1.30319e-07 1.13959e-08 7.95628e-10 4.35077e-11
 2.1463e-11 2.33062e-09 1.49208e-07 5.63187e-06 0.000125329 0.00164434 0.0127198 0.0580188 0.156139 0.248653 0.237826 0.146339 0.0729296 0.0388574 0.0188495 0.00630319 0.00135495 0.000204244 2.63046e-05 3.26567e-06 3.72057e-07 3.71478e-08 3.13425e-09 2.13812e-10 1.14807e-11
 2.1676e-11 2.35376e-09 1.5069e-07 5.68777e-06 0.000126573 0.00166066 0.012846 0.0585937 0.157674 0.251002 0.239616 0.146183 0.0709809 0.036612 0.0174844 0.00579523 0.00122232 0.000174523 2.00314e-05 2.10168e-06 1.91351e-07 1.45998e-08 9.81878e-10 5.85372e-11 2.93053e-12
 2.17996e-11 2.36718e-09 1.51549e-07 5.72021e-06 0.000127295 0.00167013 0.0129192 0.0589272 0.158565 0.252365 0.240654 0.146094 0.0698509 0.0353093 0.0166917 0.0054993 0.00114478 0.000157452 1.67358e-05 1.60281e-06 1.3382e-07 9.0596e-09 5.06431e-10 2.37236e-11 9.18721e-13
 2.24624e-11 2.43915e-09 1.56156e-07 5.89412e-06 0.000131165 0.0017209 0.0133119 0.0607154 0.16334 0.259666 0.246198 0.145547 0.0636909 0.02826 0.0124746 0.00401152 0.000812694 0.00010376 9.26018e-06 6.97943e-07 4.86647e-08 2.92499e-09 1.46621e-10 6.1208e-12 2.05764e-13
 2.28902e-11 2.4856e-09 1.5913e-07 6.00637e-06 0.000133663 0.00175367 0.0135653 0.0618696 0.166422 0.264378 0.249773 0.145183 0.0596989 0.0236996 0.00975776 0.00306652 0.000611269 7.48832e-05 5.94256e-06 3.54692e-07 1.89413e-08 9.04984e-10 3.59664e-11 1.20211e-12 3.40489e-14
 2.23954e-11 2.43188e-09 1.55691e-07 5.87655e-06 0.000130774 0.00171577 0.0132722 0.0605348 0.162858 0.258929 0.245641 0.145608 0.0643231 0.0289784 0.0128973 0.00415221 0.000838124 0.000105524 9.03864e-06 6.24547e-07 3.80209e-08 1.83419e-09 6.43583e-11 1.70979e-12 3.71126e-14
 2.30142e-11 2.49907e-09 1.59993e-07 6.03893e-06 0.000134387 0.00176318 0.0136388 0.0622044 0.167316 0.265745 0.250809 0.145076 0.0585387 0.0223754 0.00897065 0.00279487 0.000554884 6.74182e-05 5.2187e-06 2.936e-07 1.44274e-08 6.39548e-10 2.33614e-11 6.83198e-13 1.56871e-14
 2.35818e-11 2.5607e-09 1.63938e-07 6.18785e-06 0.000137701 0.00180666 0.013975 0.0637357 0.171405 0.271995 0.255548 0.144581 0.0532245 0.0163135 0.00537218 0.00155871 0.000302446 3.57163e-05 2.53889e-06 1.12239e-07 3.43097e-09 8.82551e-11 2.15647e-12 4.75647e-14 9.06685e-16
 2.33406e-11 2.53452e-09 1.62262e-07 6.12457e-06 0.000136293 0.00178818 0.0138322 0.063085 0.169667 0.269339 0.253535 0.144793 0.055485 0.0188908 0.00690038 0.00208157 0.000407694 4.82925e-05 3.44871e-06 1.54509e-07 4.8691e-09 1.28318e-10 2.93174e-12 5.10849e-14 6.39614e-16
 2.32693e-11 2.52677e-09 1.61766e-07 6.10586e-06 0.000135877 0.00178272 0.0137899 0.0628926 0.169153 0.268554 0.252939 0.144855 0.0561524 0.0196523 0.00735274 0.00223735 0.000439783 5.24375e-05 3.8259e-06 1.83118e-07 6.71504e-09 2.15185e-10 5.59547e-12 1.03549e-13 1.33872e-15
 2.34748e-11 2.54908e-09 1.63194e-07 6.15977e-06 0.000137076 0.00179846 0.0139116 0.0634469 0.170633 0.270816 0.254654 0.144675 0.0542276 0.0174573 0.0060505 0.00179095 0.000349308 4.13638e-05 2.95938e-06 1.33472e-07 4.28428e-09 1.16945e-10 2.81457e-12 5.35153e-14 7.73295e-16
 2.36788e-11 2.57124e-09 1.64613e-07 6.21332e-06 0.000138268 0.00181409 0.0140325 0.0639975 0.172104 0.273064 0.256358 0.144496 0.0523152 0.0152766 0.00475716 0.00134803 0.000259849 3.0546e-05 2.14468e-06 9.09564e-08 2.45487e-09 4.82368e-11 8.24701e-13 1.25086e-14 1.52864e-16
 2.38418e-11 2.58894e-09 1.65746e-07 6.25608e-06 0.000139219 0.00182657 0.0141291 0.0644372 0.173278 0.274858 0.257718 0.144353 0.0507874 0.0135349 0.00372449 0.000994841 0.000188849 2.21022e-05 1.54366e-06 6.43978e-08 1.64735e-09 2.8056e-11 3.75762e-13 4.46436e-15 4.34948e-17
 2.3774e-11 2.58157e-09 1.65275e-07 6.23829e-06 0.000138824 0.00182138 0.0140889 0.0642543 0.172789 0.274112 0.257152 0.144413 0.0514231 0.0142595 0.00415407 0.00114169 0.000218314 2.55827e-05 1.7855e-06 7.42268e-08 1.87595e-09 3.08183e-11 3.82582e-13 4.14545e-15 3.71055e-17
#obs surv len freq
 3.52037e-11 3.40112e-09 1.93729e-07 6.50589e-06 0.000128813 0.0015037 0.0103509 0.0420453 0.101181 0.147296 0.143261 0.126136 0.127391 0.115874 0.0819545 0.0500274 0.028504 0.0145226 0.00641501 0.00242411 0.00075616 0.000184408 3.31085e-05 4.14735e-06 3.47656e-07
 2.70359e-11 2.51935e-09 1.38413e-07 4.48335e-06 8.56199e-05 0.000964112 0.00640387 0.0251483 0.0591008 0.0883196 0.105337 0.139017 0.177752 0.165781 0.110961 0.0622926 0.0329824 0.0159584 0.00669963 0.0023561 0.000665705 0.000144598 2.30623e-05 2.5792e-06 1.94194e-07
 1.03291e-10 9.26764e-09 4.90249e-07 1.52898e-05 0.000281143 0.00304787 0.019482 0.0734442 0.163545 0.216892 0.178734 0.109673 0.0735576 0.0580682 0.0437183 0.0297722 0.017237 0.008075 0.00312514 0.00100961 0.000261687 5.15203e-05 7.34691e-06 7.29411e-07 4.87539e-08
 1.25575e-10 1.08308e-08 5.50756e-07 1.65119e-05 0.000291859 0.00304162 0.0186918 0.067788 0.145691 0.189682 0.165791 0.131631 0.116837 0.0877758 0.0452867 0.017128 0.00626623 0.00261649 0.00103866 0.000330483 7.97555e-05 1.42608e-05 1.83186e-06 1.62961e-07 9.71512e-09
 2.00558e-10 1.66027e-08 8.1032e-07 2.3317e-05 0.000395576 0.00395673 0.0233371 0.0812163 0.167354 0.20795 0.170035 0.12107 0.0972566 0.0700438 0.0364601 0.014303 0.00476335 0.00137938 0.000350181 8.33719e-05 1.78507e-05 2.98549e-06 3.54482e-07 2.86255e-08 1.53412e-09
 2.67795e-10 2.12466e-08 9.93836e-07 2.74081e-05 0.000445642 0.00427218 0.024152 0.0806003 0.159639 0.192958 0.161274 0.128791 0.11269 0.0795603 0.0379777 0.0128522 0.0036049 0.000914038 0.000198803 3.54377e-05 5.21459e-06 6.38106e-07 6.22203e-08 4.44595e-09 2.16167e-10
 4.16393e-10 3.16187e-08 1.41554e-06 3.7363e-05 0.000581435 0.0053348 0.028865 0.0921897 0.1747 0.201733 0.160062 0.120074 0.0994621 0.0680302 0.032626 0.0117038 0.00351948 0.000880503 0.000171112 2.56414e-05 3.02746e-06 2.79646e-07 1.97207e-08 1.03879e-09 3.97007e-11
 5.96728e-10 4.33123e-08 1.85347e-06 4.67626e-05 0.000695592 0.00610062 0.0315544 0.0963766 0.175004 0.195544 0.155802 0.123582 0.104317 0.0683095 0.0300487 0.00945 0.00246888 0.000570647 0.000109076 1.61597e-05 1.79129e-06 1.44511e-07 8.34416e-09 3.42139e-10 9.86771e-12
 8.95131e-10 6.20286e-08 2.53417e-06 6.10406e-05 0.000866854 0.00725838 0.0358443 0.104551 0.181515 0.195014 0.15238 0.121132 0.100451 0.0633549 0.0268333 0.00817139 0.00204448 0.00043516 7.38509e-05 9.67729e-06 9.76269e-07 7.37439e-08 3.98398e-09 1.48248e-10 3.7106e-12
 1.19475e-09 7.89516e-08 3.07598e-06 7.06554e-05 0.000956873 0.00764096 0.0359934 0.100257 0.167188 0.177294 0.148968 0.135484 0.117098 0.0712226 0.0280777 0.00768456 0.00168501 0.000319285 4.95081e-05 5.92991e-06 5.37091e-07 3.59339e-08 1.72381e-09 5.77452e-11 1.31791e-12
 2.06103e-09 1.29744e-07 4.81532e-06 0.000105367 0.00135935 0.0103403 0.0463949 0.123023 0.194743 0.193386 0.145909 0.115946 0.0912633 0.052054 0.019334 0.00494599 0.000995671 0.000169649 2.31972e-05 2.41273e-06 1.89726e-07 1.11608e-08 4.75201e-10 1.41367e-11 2.85989e-13
 2.78733e-09 1.66985e-07 5.89801e-06 0.000122821 0.00150797 0.0109172 0.0466334 0.117902 0.179321 0.1771 0.146081 0.131756 0.106098 0.0577254 0.0196614 0.00435424 0.000705988 9.57776e-05 1.10054e-05 9.97394e-07 6.84601e-08 3.48629e-09 1.28008e-10 3.29292e-12 5.80266e-14
 4.65634e-09 2.65229e-07 8.9071e-06 0.000176357 0.00205872 0.0141709 0.0575478 0.138268 0.199418 0.184923 0.139528 0.114244 0.0858977 0.0446615 0.0149541 0.00343311 0.000610458 8.85357e-05 9.76126e-06 7.6668e-07 4.30748e-08 1.78288e-09 5.44542e-11 1.19175e-12 1.80591e-14
 5.28926e-09 2.86212e-07 9.13104e-06 0.00017175 0.00190475 0.0124582 0.0481204 0.110518 0.156136 0.156376 0.152728 0.156054 0.121845 0.0605599 0.0186859 0.0037837 0.000568918 7.12505e-05 7.3268e-06 5.71852e-07 3.2464e-08 1.31017e-09 3.65768e-11 6.90889e-13 8.7552e-15
 9.35909e-09 4.80735e-07 1.45585e-05 0.00025994 0.00273646 0.0169888 0.0622706 0.135543 0.180331 0.165977 0.143683 0.13247 0.0967043 0.045831 0.013813 0.00285492 0.000456829 5.92896e-05 5.81483e-06 4.04317e-07 1.99348e-08 7.1204e-10 1.83353e-11 3.29708e-13 4.00026e-15
 1.36575e-08 6.65457e-07 1.91165e-05 0.000323774 0.00323329 0.0190434 0.066251 0.137188 0.175525 0.161456 0.146665 0.136885 0.0960458 0.0428317 0.0119497 0.00222724 0.000314384 3.67188e-05 3.41086e-06 2.34085e-07 1.15213e-08 4.00935e-10 9.63056e-12 1.55896e-13 1.6792e-15
 2.15383e-08 9.94886e-07 2.70941e-05 0.000435031 0.0041185 0.0229969 0.0758613 0.149068 0.181611 0.160803 0.142019 0.127499 0.0855581 0.0370153 0.0104598 0.00213164 0.000346447 4.42289e-05 4.07176e-06 2.59665e-07 1.16203e-08 3.71311e-10 8.3835e-12 1.29867e-13 1.34265e-15
 3.09568e-08 1.35489e-06 3.49619e-05 0.000531903 0.00477151 0.0252497 0.0789971 0.147776 0.174301 0.157367 0.147536 0.132959 0.0851908 0.0344635 0.00892666 0.00162637 0.000236291 2.83013e-05 2.60506e-06 1.73918e-07 8.22282e-09 2.68916e-10 5.91541e-12 8.5853e-14 8.1609e-16
 4.44774e-08 1.84371e-06 4.50597e-05 0.000649283 0.00551674 0.0276561 0.0820461 0.146192 0.167469 0.15469 0.151765 0.135736 0.0839995 0.033272 0.00886146 0.0017755 0.000286386 3.53268e-05 3.09976e-06 1.90545e-07 8.33768e-09 2.59817e-10 5.62117e-12 8.17811e-14 7.80272e-16
 8.04183e-08 3.15624e-06 7.3034e-05 0.00099639 0.00801534 0.038037 0.106733 0.179157 0.189868 0.154235 0.129556 0.104186 0.0599778 0.0223109 0.00559841 0.00106428 0.000165863 2.03403e-05 1.82926e-06 1.17104e-07 5.25599e-09 1.61517e-10 3.31797e-12 4.49357e-14 3.98708e-16
 1.0009e-07 3.71848e-06 8.14481e-05 0.00105185 0.00801059 0.0360082 0.0959638 0.154952 0.166549 0.15544 0.15396 0.127851 0.0701064 0.0238808 0.00521902 0.000809536 0.00010106 1.0479e-05 8.46951e-07 5.06836e-08 2.18688e-09 6.60226e-11 1.34968e-12 1.82083e-14 1.59215e-16
 1.67207e-07 5.87922e-06 0.000121879 0.00148968 0.0107371 0.0456749 0.11515 0.175526 0.17654 0.15119 0.137221 0.106636 0.0558259 0.0187366 0.00428644 0.000744923 0.000102866 1.06009e-05 7.64332e-07 3.8353e-08 1.37372e-09 3.54479e-11 6.45197e-13 8.01506e-15 6.60448e-17
 2.33913e-07 7.78365e-06 0.000152706 0.00176641 0.0120503 0.0485384 0.11611 0.169549 0.169326 0.153381 0.144844 0.109464 0.0539675 0.0167583 0.00347081 0.000538303 6.80492e-05 6.79306e-06 4.98765e-07 2.59759e-08 9.40758e-10 2.31273e-11 3.77627e-13 4.05273e-15 2.85367e-17
 3.59058e-07 1.13072e-05 0.000209936 0.0022982 0.014838 0.0565736 0.128195 0.177885 0.170615 0.150503 0.137079 0.0984813 0.046164 0.0138127 0.00282973 0.000443166 5.54565e-05 5.23348e-06 3.51785e-07 1.66988e-08 5.62517e-10 1.32571e-11 2.12245e-13 2.24484e-15 1.53695e-17
 5.05856e-07 1.50765e-05 0.000264923 0.00274484 0.0167746 0.0605731 0.130336 0.173726 0.166288 0.153226 0.140902 0.0972714 0.0430589 0.0121076 0.00232555 0.000341704 4.04367e-05 3.65554e-06 2.37791e-07 1.09125e-08 3.49972e-10 7.68959e-12 1.13154e-13 1.09764e-15 6.94842e-18
 6.22718e-07 1.75666e-05 0.000292171 0.00286546 0.0165817 0.0567855 0.116726 0.1533 0.157866 0.166481 0.160478 0.107777 0.0456529 0.012416 0.0023647 0.000349849 4.09053e-05 3.53859e-06 2.16043e-07 9.25874e-09 2.78335e-10 5.7674e-12 8.02859e-14 7.35093e-16 4.36155e-18
 1.14898e-06 3.06817e-05 0.000483055 0.00448439 0.0245581 0.0795078 0.15374 0.185901 0.16582 0.145278 0.123224 0.0765961 0.0306458 0.00799551 0.00148908 0.000217798 2.50124e-05 2.10708e-06 1.24952e-07 5.17922e-09 1.48892e-10 2.90862e-12 3.77659e-14 3.20943e-16 1.76694e-18
 1.20811e-06 3.05425e-05 0.000455269 0.00400213 0.0207699 0.0639541 0.119573 0.149264 0.160153 0.176891 0.161512 0.0972189 0.0361636 0.0084754 0.00135328 0.000165204 1.63469e-05 1.25374e-06 7.02245e-08 2.79194e-09 7.71617e-11 1.4445e-12 1.78904e-14 1.44236e-16 7.48475e-19
 1.49979e-06 3.59019e-05 0.000506737 0.00421864 0.0207481 0.0607369 0.109461 0.138158 0.16105 0.188158 0.169571 0.0991549 0.0368781 0.00928996 0.00174739 0.000255095 2.72845e-05 2.00385e-06 9.96404e-08 3.42296e-09 8.2594e-11 1.38769e-12 1.58213e-14 1.19257e-16 5.82551e-19
#pred catch len freq
 1.26245e-11 1.37087e-09 8.77641e-08 3.31266e-06 7.37186e-05 0.000967227 0.00748301 0.0341557 0.092241 0.1495 0.155401 0.130061 0.117844 0.103196 0.07263 0.0454232 0.0289009 0.0186935 0.0124322 0.00872395 0.0065859 0.00542844 0.00464229 0.0035503 0.00206189
 9.33316e-12 1.01347e-09 6.48833e-08 2.44902e-06 5.45e-05 0.000715093 0.00553333 0.0252791 0.0685787 0.113648 0.129806 0.138219 0.157373 0.146602 0.0975191 0.0524078 0.0277107 0.015048 0.0083209 0.00480172 0.00297732 0.00205696 0.00155904 0.0011321 0.000653732
 1.24312e-11 1.34988e-09 8.64209e-08 3.26196e-06 7.25904e-05 0.000952429 0.00736871 0.0336383 0.0909024 0.147805 0.155856 0.136084 0.129566 0.115604 0.0808639 0.0484278 0.0271854 0.0136377 0.00622331 0.00283384 0.00136306 0.000726268 0.000443972 0.000285045 0.000156806
 1.68245e-11 1.82694e-09 1.16962e-07 4.41475e-06 9.82438e-05 0.00128899 0.00997171 0.0454997 0.122664 0.197089 0.196813 0.14406 0.106581 0.0813517 0.0495891 0.0240059 0.0112044 0.00543901 0.002547 0.00108257 0.000420717 0.000163758 7.1727e-05 3.60548e-05 1.75419e-05
 1.67623e-11 1.82019e-09 1.1653e-07 4.39843e-06 9.78806e-05 0.00128423 0.00993494 0.0453338 0.122241 0.196613 0.197288 0.146869 0.111477 0.0853108 0.049852 0.0212373 0.00783165 0.00290326 0.00108618 0.000410218 0.000150525 5.06183e-05 1.61381e-05 5.52355e-06 2.05896e-06
 1.74086e-11 1.89037e-09 1.21023e-07 4.56801e-06 0.000101654 0.00133374 0.0103178 0.047078 0.126904 0.203782 0.202927 0.146981 0.106485 0.0792236 0.045743 0.019154 0.00674897 0.00225382 0.000689853 0.000196016 5.52716e-05 1.55782e-05 4.19214e-06 1.06048e-06 2.68316e-07
 1.75995e-11 1.91109e-09 1.2235e-07 4.6181e-06 0.000102769 0.00134836 0.0104309 0.0475933 0.128283 0.205919 0.204687 0.147274 0.105401 0.0776637 0.0443691 0.0181263 0.00610323 0.00194143 0.000564043 0.000144874 3.34896e-05 7.09345e-06 1.42875e-06 2.77979e-07 5.12445e-08
 1.81917e-11 1.97541e-09 1.26467e-07 4.77351e-06 0.000106227 0.00139374 0.0107818 0.0491918 0.132557 0.212499 0.209902 0.1475 0.100989 0.0720974 0.0403187 0.0158113 0.00491389 0.00142862 0.000387329 9.34755e-05 2.00875e-05 3.7768e-06 6.14638e-07 8.83503e-08 1.16049e-08
 1.87146e-11 2.03219e-09 1.30102e-07 4.91071e-06 0.000109281 0.00143379 0.0110916 0.0506028 0.136328 0.218288 0.214412 0.147443 0.0967016 0.0669239 0.0368522 0.0141285 0.00418342 0.00113488 0.000284914 6.28216e-05 1.23085e-05 2.12936e-06 3.15671e-07 3.92394e-08 4.0571e-09
 1.89778e-11 2.06077e-09 1.31932e-07 4.97978e-06 0.000110818 0.00145396 0.0112475 0.0513132 0.138227 0.221211 0.216725 0.147533 0.0947236 0.0644354 0.0350483 0.0131071 0.00366847 0.000920884 0.000215802 4.43868e-05 7.99849e-06 1.25879e-06 1.68971e-07 1.90042e-08 1.75004e-09
 1.95719e-11 2.12527e-09 1.36062e-07 5.13565e-06 0.000114286 0.00149946 0.0115995 0.0529162 0.142511 0.227793 0.221878 0.147548 0.0899707 0.0586214 0.0310426 0.0110533 0.00274151 0.000567928 0.000112693 2.06692e-05 3.38258e-06 4.87283e-07 5.98032e-08 6.09958e-09 5.0623e-10
 1.97376e-11 2.14326e-09 1.37214e-07 5.17913e-06 0.000115254 0.00151216 0.0116976 0.0533634 0.143706 0.229622 0.223281 0.147457 0.0885011 0.0569082 0.0299747 0.010622 0.00260047 0.000520123 9.58304e-05 1.54097e-05 2.10463e-06 2.5496e-07 2.7381e-08 2.50791e-09 1.88529e-10
 2.01724e-11 2.19048e-09 1.40236e-07 5.29322e-06 0.000117793 0.00154547 0.0119552 0.0545365 0.146838 0.234415 0.226933 0.147139 0.0845218 0.052324 0.0271895 0.00958758 0.00233212 0.000460955 8.36421e-05 1.31474e-05 1.70882e-06 1.87464e-07 1.72825e-08 1.32376e-09 8.44648e-11
 1.93479e-11 2.10095e-09 1.34505e-07 5.07687e-06 0.000112978 0.0014823 0.0114668 0.0523119 0.140898 0.22533 0.220025 0.147791 0.092142 0.0610657 0.0324491 0.0114795 0.00278045 0.000544106 9.76382e-05 1.51959e-05 1.95038e-06 2.09704e-07 1.86161e-08 1.32405e-09 7.46791e-11
 2.01678e-11 2.18999e-09 1.40205e-07 5.29204e-06 0.000117766 0.00154512 0.0119525 0.0545244 0.146807 0.234371 0.226919 0.147207 0.0846613 0.0524351 0.0271874 0.00950406 0.0022543 0.000424278 7.31564e-05 1.11019e-05 1.39953e-06 1.48073e-07 1.2948e-08 9.03975e-10 4.94322e-11
 2.10526e-11 2.28606e-09 1.46356e-07 5.5242e-06 0.000122933 0.0016129 0.0124767 0.0569118 0.153183 0.244134 0.234396 0.146684 0.0767535 0.0432283 0.0214568 0.0072142 0.00155219 0.00023389 3.00949e-05 3.73334e-06 4.25192e-07 4.24477e-08 3.58124e-09 2.44301e-10 1.31177e-11
 2.13321e-11 2.31642e-09 1.48299e-07 5.59754e-06 0.000124565 0.00163431 0.0126423 0.0576659 0.155197 0.247215 0.236742 0.146476 0.0741903 0.0402781 0.019668 0.00655416 0.00138369 0.000197506 2.26492e-05 2.37424e-06 2.16071e-07 1.64829e-08 1.10843e-09 6.60795e-11 3.30808e-12
 2.15951e-11 2.34497e-09 1.50127e-07 5.66654e-06 0.0001261 0.00165446 0.0127981 0.0583753 0.157091 0.250112 0.238945 0.146269 0.0717621 0.0374915 0.0179899 0.00594878 0.0012391 0.000170368 1.8091e-05 1.73072e-06 1.44412e-07 9.77437e-09 5.46332e-10 2.55915e-11 9.91034e-13
 2.23503e-11 2.42698e-09 1.55377e-07 5.86472e-06 0.00013051 0.00171232 0.0132455 0.0604131 0.162533 0.258432 0.245263 0.145644 0.0647397 0.0294565 0.0131851 0.00425589 0.00086281 0.000110145 9.82299e-06 7.39471e-07 5.15108e-08 3.09474e-09 1.55105e-10 6.47454e-12 2.1765e-13
 2.27252e-11 2.46768e-09 1.57983e-07 5.96308e-06 0.000132699 0.00174103 0.0134676 0.0614245 0.165233 0.262561 0.248396 0.145327 0.0612446 0.0254624 0.0108036 0.00342514 0.000684018 8.38162e-05 6.6494e-06 3.96546e-07 2.11544e-08 1.01008e-09 4.01332e-11 1.34124e-12 3.79877e-14
 2.23046e-11 2.42201e-09 1.55059e-07 5.85271e-06 0.000130243 0.00170881 0.0132184 0.0602897 0.162203 0.257929 0.244882 0.145688 0.0651737 0.0299487 0.0134733 0.00435008 0.000878531 0.000110598 9.46721e-06 6.53397e-07 3.9736e-08 1.91598e-09 6.72154e-11 1.78553e-12 3.8754e-14
 2.30075e-11 2.49834e-09 1.59946e-07 6.03716e-06 0.000134348 0.00176266 0.0136348 0.0621863 0.167267 0.265671 0.250753 0.145082 0.0586017 0.0224472 0.00901322 0.00280943 0.000557812 6.77666e-05 5.24357e-06 2.94711e-07 1.44624e-08 6.40516e-10 2.33881e-11 6.83884e-13 1.57019e-14
 2.35597e-11 2.5583e-09 1.63785e-07 6.18205e-06 0.000137572 0.00180496 0.0139619 0.063676 0.171245 0.271752 0.255363 0.144601 0.0534317 0.0165498 0.00551226 0.00160662 0.000312075 3.68605e-05 2.62012e-06 1.15799e-07 3.53713e-09 9.08687e-11 2.21795e-12 4.88972e-14 9.3193e-16
 2.32987e-11 2.52996e-09 1.6197e-07 6.11356e-06 0.000136048 0.00178497 0.0138073 0.0629718 0.169365 0.268877 0.253185 0.14483 0.0558783 0.0193393 0.00716626 0.0021725 0.000425979 5.04683e-05 3.6039e-06 1.61412e-07 5.08257e-09 1.3378e-10 3.05371e-12 5.31891e-14 6.65858e-16
 2.32488e-11 2.52454e-09 1.61623e-07 6.10047e-06 0.000135757 0.00178114 0.0137778 0.0628372 0.169006 0.268328 0.252768 0.144873 0.0563448 0.0198717 0.0074828 0.00228185 0.000448741 5.35079e-05 3.90335e-06 1.86724e-07 6.83962e-09 2.18912e-10 5.68859e-12 1.05247e-13 1.36052e-15
 2.34779e-11 2.54942e-09 1.63216e-07 6.1606e-06 0.000137095 0.0017987 0.0139135 0.0634554 0.170656 0.270851 0.254681 0.144672 0.0541979 0.0174235 0.00603046 0.00178409 0.000347924 4.11977e-05 2.94714e-06 1.32871e-07 4.26107e-09 1.16153e-10 2.7928e-12 5.30793e-14 7.66872e-16
 2.36865e-11 2.57207e-09 1.64666e-07 6.21532e-06 0.000138312 0.00181467 0.0140371 0.0640181 0.172159 0.273148 0.256422 0.14449 0.0522436 0.015195 0.00470878 0.00133148 0.000256526 3.01518e-05 2.11688e-06 8.97647e-08 2.42167e-09 4.7536e-11 8.11595e-13 1.22985e-14 1.50241e-16
 2.38468e-11 2.58948e-09 1.65781e-07 6.25739e-06 0.000139249 0.00182696 0.014132 0.0644507 0.173314 0.274913 0.25776 0.144349 0.0507407 0.0134816 0.00369292 0.000984047 0.000186682 2.18455e-05 1.52567e-06 6.36425e-08 1.62766e-09 2.77028e-11 3.70566e-13 4.39717e-15 4.28129e-17
 2.37816e-11 2.5824e-09 1.65328e-07 6.24028e-06 0.000138868 0.00182196 0.0140934 0.0642748 0.172844 0.274195 0.257216 0.144406 0.0513519 0.0141784 0.00410595 0.00112523 0.000215011 2.51917e-05 1.75814e-06 7.3085e-08 1.84677e-09 3.03225e-11 3.75995e-13 4.06871e-15 3.63909e-17
#obs catch len freq
 3.28237e-11 3.17118e-09 1.80632e-07 6.06604e-06 0.000120104 0.00140205 0.00965139 0.0392097 0.0944306 0.138026 0.136692 0.125997 0.132438 0.122224 0.0870563 0.0535513 0.0308797 0.0162056 0.00760549 0.00311902 0.0010528 0.00027352 5.15578e-05 6.70976e-06 5.79538e-07
 4.72008e-11 4.39843e-09 2.41648e-07 7.82726e-06 0.000149478 0.00168305 0.0111749 0.0437929 0.101776 0.143838 0.138835 0.126505 0.130896 0.117798 0.0821697 0.0498376 0.0281416 0.0141303 0.00612946 0.00226147 0.000682817 0.000159578 2.71963e-05 3.20865e-06 2.51809e-07
 3.66643e-11 3.28967e-09 1.74021e-07 5.42735e-06 9.97985e-05 0.00108205 0.00692119 0.0261883 0.0594727 0.0870438 0.105494 0.143201 0.181351 0.164832 0.108212 0.0602802 0.031664 0.0150965 0.00621003 0.0021255 0.000579889 0.000120594 1.82577e-05 1.92352e-06 1.35604e-07
 1.45459e-10 1.25458e-08 6.37964e-07 1.91263e-05 0.000338071 0.00352313 0.0216482 0.0784574 0.168021 0.214716 0.172127 0.10615 0.0737966 0.0588747 0.0440565 0.0296357 0.0168159 0.00770743 0.00291724 0.000916554 0.000229037 4.31002e-05 5.82914e-06 5.45142e-07 3.41272e-08
 1.79559e-10 1.48644e-08 7.25477e-07 2.08756e-05 0.000354159 0.00354252 0.0208956 0.0727493 0.150234 0.188788 0.162215 0.13086 0.11671 0.0854208 0.0427074 0.0158957 0.00585217 0.00243815 0.000945074 0.000290554 6.73546e-05 1.14947e-05 1.39938e-06 1.17223e-07 6.54542e-09
 2.92462e-10 2.32037e-08 1.08538e-06 2.99328e-05 0.00048669 0.00466563 0.0263743 0.0879812 0.173887 0.207898 0.165774 0.118413 0.0951451 0.0667899 0.0337476 0.0129646 0.00424623 0.00120629 0.00030137 7.04887e-05 1.45981e-05 2.32826e-06 2.61488e-07 1.98637e-08 9.96833e-10
 3.94754e-10 2.99756e-08 1.34198e-06 3.54213e-05 0.000551221 0.00505763 0.0273668 0.0874301 0.165935 0.193103 0.158201 0.127043 0.11003 0.0751152 0.0345901 0.0114063 0.00315014 0.000784207 0.000166196 2.87739e-05 4.10299e-06 4.83441e-07 4.48999e-08 3.02502e-09 1.37745e-10
 6.22269e-10 4.51662e-08 1.9328e-06 4.87641e-05 0.000725364 0.00636166 0.0329029 0.100467 0.182165 0.202058 0.156324 0.11695 0.0954531 0.0631041 0.029268 0.0102544 0.00302032 0.000734479 0.000138091 2.00108e-05 2.27889e-06 2.01938e-07 1.35807e-08 6.77902e-10 2.43813e-11
 9.02524e-10 6.25408e-08 2.5551e-06 6.15447e-05 0.000874012 0.0073183 0.0361399 0.105407 0.182949 0.19628 0.152545 0.120079 0.0989741 0.0622943 0.0263692 0.00806865 0.00206992 0.000467634 8.66063e-05 1.23597e-05 1.31311e-06 1.01076e-07 5.54739e-09 2.15351e-10 5.8537e-12
 1.37076e-09 9.05824e-08 3.52911e-06 8.10638e-05 0.00109782 0.00876613 0.0412844 0.11486 0.190377 0.196077 0.148884 0.116433 0.0936022 0.0565903 0.0230436 0.00681977 0.00166941 0.000345681 5.67085e-05 7.16544e-06 6.94277e-07 5.00469e-08 2.56465e-09 9.01039e-11 2.1216e-12
 1.8641e-09 1.17347e-07 4.35523e-06 9.52996e-05 0.00122947 0.00935267 0.0419713 0.1114 0.177212 0.180114 0.146826 0.129954 0.107786 0.0625509 0.0236169 0.00625652 0.00134086 0.00024759 3.71132e-05 4.27801e-06 3.71385e-07 2.36954e-08 1.07868e-09 3.41363e-11 7.32951e-13
 3.21824e-09 1.928e-07 6.80982e-06 0.000141809 0.00174107 0.012604 0.0538211 0.135844 0.204826 0.194325 0.141263 0.10857 0.0818097 0.0444522 0.0157858 0.00389978 0.000765166 0.000126708 1.67085e-05 1.67044e-06 1.25952e-07 7.0702e-09 2.85654e-10 8.02526e-12 1.52718e-13
 4.41163e-09 2.5129e-07 8.439e-06 0.000167089 0.00195054 0.0134266 0.0545335 0.131128 0.189866 0.179226 0.142454 0.123611 0.0948055 0.0489711 0.015873 0.0033705 0.000530067 7.00772e-05 7.79351e-06 6.79113e-07 4.46458e-08 2.16784e-09 7.55243e-11 1.83546e-12 3.04407e-14
 7.37036e-09 3.98824e-07 1.27237e-05 0.000239324 0.00265405 0.0173552 0.0669565 0.152854 0.209592 0.185201 0.133766 0.104714 0.0748062 0.0369264 0.0117941 0.00260776 0.000449978 6.30395e-05 6.65512e-06 4.99071e-07 2.67937e-08 1.0588e-09 3.07456e-11 6.36419e-13 9.08106e-15
 8.65463e-09 4.4455e-07 1.34627e-05 0.000240375 0.00253052 0.0157113 0.057609 0.125624 0.168622 0.1607 0.149322 0.14457 0.10676 0.0502368 0.0147301 0.00285794 0.000416256 5.06066e-05 5.01158e-06 3.74251e-07 2.0253e-08 7.76053e-10 2.04891e-11 3.64949e-13 4.3519e-15
 1.52047e-08 7.40846e-07 2.12822e-05 0.000360452 0.00359949 0.0211979 0.0737059 0.152197 0.192111 0.167688 0.137307 0.119439 0.0823387 0.0369506 0.0106044 0.00210725 0.00032649 4.08315e-05 3.8262e-06 2.53464e-07 1.19115e-08 4.05026e-10 9.8873e-12 1.67739e-13 1.91257e-15
 2.23063e-08 1.03036e-06 2.80602e-05 0.000450543 0.00426531 0.0238158 0.0785483 0.154205 0.187041 0.162915 0.139616 0.12272 0.081213 0.0342392 0.00907258 0.00162052 0.00022132 2.49909e-05 2.22583e-06 1.45712e-07 6.82284e-09 2.25104e-10 5.10635e-12 7.78277e-14 7.87577e-16
 3.52727e-08 1.54379e-06 3.98362e-05 0.000606054 0.00543648 0.0287631 0.0899009 0.167353 0.192947 0.160938 0.132934 0.111807 0.0706923 0.0289634 0.00781106 0.00153411 0.00024075 2.94315e-05 2.5774e-06 1.56201e-07 6.64684e-09 2.01612e-10 4.3036e-12 6.27669e-14 6.08983e-16
 5.10263e-08 2.11519e-06 5.16943e-05 0.000744876 0.00632866 0.0317186 0.0939827 0.16645 0.185541 0.157268 0.137425 0.115909 0.0699112 0.0267383 0.00659156 0.00115491 0.000162357 1.87154e-05 1.64558e-06 1.04534e-07 4.68719e-09 1.44791e-10 2.99801e-12 4.08627e-14 3.64172e-16
 7.42089e-08 2.91254e-06 6.73949e-05 0.000919463 0.00739675 0.0351073 0.0985938 0.166167 0.17933 0.154218 0.139849 0.116764 0.0680478 0.0255499 0.00650911 0.00125771 0.000195181 2.29711e-05 1.91547e-06 1.11906e-07 4.65099e-09 1.37198e-10 2.79729e-12 3.82066e-14 3.41231e-16
 1.31466e-07 4.88412e-06 0.000106979 0.00138153 0.0105198 0.0472534 0.125484 0.199141 0.198603 0.149542 0.114927 0.0856509 0.0463164 0.0163156 0.00391398 0.000717707 0.000107769 1.26366e-05 1.08155e-06 6.57287e-08 2.7912e-09 8.08445e-11 1.56068e-12 1.98222e-14 1.64642e-16
 1.68344e-07 5.91921e-06 0.000122708 0.00149981 0.0108101 0.0459852 0.115928 0.176685 0.177583 0.151764 0.137246 0.105971 0.0545831 0.0175546 0.00364661 0.00054294 6.5418e-05 6.51699e-06 5.02936e-07 2.86308e-08 1.17052e-09 3.33298e-11 6.40057e-13 8.08714e-15 6.6071e-17
 2.77391e-07 9.23038e-06 0.000181088 0.00209466 0.0142877 0.0575124 0.137131 0.197196 0.185072 0.144173 0.118402 0.0852227 0.0419214 0.0133261 0.00291264 0.000486431 6.42952e-05 6.29603e-06 4.3024e-07 2.04824e-08 6.96174e-10 1.69981e-11 2.91426e-13 3.39596e-15 2.61631e-17
 3.92591e-07 1.23632e-05 0.000229542 0.00251279 0.0162221 0.0618253 0.139816 0.19222 0.177827 0.14484 0.123462 0.0865009 0.0400554 0.0117613 0.00232183 0.00034597 4.20046e-05 4.00073e-06 2.78982e-07 1.37612e-08 4.70463e-10 1.08796e-11 1.66677e-13 1.67554e-15 1.10347e-17
 6.00003e-07 1.78824e-05 0.000314226 0.00325553 0.0198915 0.0717583 0.153679 0.200483 0.177177 0.139166 0.113726 0.0756311 0.0333067 0.00943445 0.00184455 0.000277118 3.31503e-05 2.97273e-06 1.89471e-07 8.52498e-09 2.71642e-10 6.03206e-12 9.0633e-14 8.96831e-16 5.73097e-18
 8.5311e-07 2.40657e-05 0.000400257 0.00392511 0.0227024 0.0775604 0.15763 0.196925 0.171971 0.13956 0.115117 0.0736618 0.0306399 0.00815275 0.00149315 0.000210306 2.37896e-05 2.04419e-06 1.26049e-07 5.47441e-09 1.65692e-10 3.42388e-12 4.72461e-14 4.28804e-16 2.53467e-18
 1.09182e-06 2.91554e-05 0.000459026 0.00426141 0.0233392 0.0755956 0.146487 0.178782 0.164341 0.150743 0.131134 0.08196 0.0326746 0.00841972 0.00152997 0.000216558 2.41183e-05 1.97809e-06 1.14346e-07 4.63637e-09 1.31542e-10 2.5632e-12 3.34438e-14 2.8627e-16 1.58459e-18
 1.92178e-06 4.85847e-05 0.000724172 0.00636449 0.032993 0.101056 0.184374 0.20785 0.166288 0.125323 0.0943084 0.0542068 0.0203867 0.00504036 0.000895504 0.000125134 1.36665e-05 1.09065e-06 6.11954e-08 2.39675e-09 6.49194e-11 1.19095e-12 1.44816e-14 1.15007e-16 5.90569e-19
 2.15973e-06 5.16991e-05 0.000729667 0.00607297 0.0298314 0.0868243 0.152462 0.174307 0.162465 0.154981 0.128423 0.0720833 0.0252221 0.00558769 0.000848274 9.88751e-05 9.32576e-06 6.7899e-07 3.60127e-08 1.35253e-09 3.51939e-11 6.18194e-13 7.16449e-15 5.39349e-17 2.60851e-19
#spawning biomass
 6545.94 6825.46 4569.95 4402.14 7047.8 10709.7 16543.2 22540.1 32962.1 45125.7 47585.6 58118.5 79653.1 100714 99668.2 83280.4 81608.1 78315.7 69600.3 68717.5 84888.8 78400.2 70457.4 78999.9 94863.5 100301 90319 91055.4 84446.6 83542.4 142612 81892.8 45005.5 28106 21344.1 18856.6 17991.5 17702.2 17608.3 17578.3 17569 17566.1 17565.2 17564.9 17564.8 17564.8 17564.8 17564.8 17564.8 17564.8 17564.8 17564.8 17564.8 17564.8 17564.8 17564.8 17564.8 17564.8 17564.8 17564.8 17564.8 17564.8 17564.8 17564.8 17564.8 17564.8 17564.8 17564.8 17564.8 17564.8 17564.8 17564.8 17564.8 17564.8 17564.8 17564.8 17564.8 17564.8 17564.8 17564.8 17564.8 17564.8 17564.8 17564.8 17564.8 17564.8 17564.8 17564.8 17564.8 17564.8 17564.8 17564.8 17564.8 17564.8 17564.8 17564.8 17564.8 17564.8 17564.8 17564.8 17564.8 17564.8 17564.8 17564.8 17564.8 17564.8 17564.8 17564.8 17564.8 17564.8 17564.8 17564.8 17564.8 17564.8 17564.8 17564.8 17564.8 17564.8 17564.8 17564.8 17564.8 17564.8 17564.8 17564.8 17564.8 17564.8 17564.8 17564.8 17564.8 0 0 0 0 0 0 0 0 0 0 0 0 0 0 0 0 0 0 0 0 0 0 0 0 0
