SBPRF35
0.178135
Curr Bio
203879
B35
447659
F35
0.576166
FOFL
0.330594
OFL
57699.7
Bzero
50895.7
#pred survey bio
 35259.9 35557.9 22733.8 15276.2 26625.2 45171.8 68229 111367 142940 168090 160639 193359 186784 232018 230343 213957 216273 207902 200883 212276 204085 199669 200604 204472 211973 207294 193971 221393 9.93812e+06 7.48447e+06 4.72156e+06 2.73081e+06 1.59943e+06 1.02005e+06 734214 592509 520034 481346 459806 447401 440086 435708 433060 431426 430452 429868 429517 429306 429179 429102 429056 429028 429011 429001 428995 428991 428989 428987 428987 428986 428986 428986 428986 428985 428985 428985 428985 428985 428985 428985 428985 428985 428985 428985 428985 428985 428985 428985 428985 428985 428985 428985 428985 428985 428985 428985 428985 428985 428985 428985 428985 428985 428985 428985 428985 428985 428985 428985 428985 428985 428985 428985 428985 428985 428985 428985 428985 428985 428985 428985 428985 428985 428985 428985 428985 428985 428985 428985 428985 428985 428985 428985 428985 428985 428985 428985 428985 428985 0 0 0 0 0 0 0 0 0 0 0 0 0 0 0 0 0 0 0 0 0 0 0 0 0
#obs survey bio
 31033.5 18288 12769.6 17021.2 33640 40315 83703.8 100056 172414 144544 139741 208342 208420 286191 232409 264933 265292 174237 194020 202771 203631 171524 177217 346354 198093 299734 182630 192745
#pred catch bio
 13597.8 16866.7 11186.1 6722.08 12649.2 25030.6 34804.9 69455.6 89716.1 121479 114604 160523 140266 190994 200568 186759 195475 195121 193166 214476 210225 207465 212822 224487 237979 233692 222890 211379 57699.7 121005 70965 37372 19806.9 11783 8412.51 7073.96 6562.84 6373.12 6304.16 6279.48 6270.76 6267.7 6266.63 6266.26 6266.14 6266.09 6266.08 6266.07 6266.07 6266.07 6266.07 6266.07 6266.07 6266.07 6266.07 6266.07 6266.07 6266.07 6266.07 6266.07 6266.07 6266.07 6266.07 6266.07 6266.07 6266.07 6266.07 6266.07 6266.07 6266.07 6266.07 6266.07 6266.07 6266.07 6266.07 6266.07 6266.07 6266.07 6266.07 6266.07 6266.07 6266.07 6266.07 6266.07 6266.07 6266.07 6266.07 6266.07 6266.07 6266.07 6266.07 6266.07 6266.07 6266.07 6266.07 6266.07 6266.07 6266.07 6266.07 6266.07 6266.07 6266.07 6266.07 6266.07 6266.07 6266.07 6266.07 6266.07 6266.07 6266.07 6266.07 6266.07 6266.07 6266.07 6266.07 6266.07 6266.07 6266.07 6266.07 6266.07 6266.07 6266.07 6266.07 6266.07 6266.07 6266.07 6266.07 6266.07 0 0 0 0 0 0 0 0 0 0 0 0 0 0 0 0 0 0 0 0 0 0 0 0 0
#obs catch bio
 20003.8 20274.5 13784.8 7278.91 12224.1 24483.8 31115.4 69954.4 87989.6 126256 120575 152682 133790 190310 192545 176185 186152 193597 195326 214792 206397 195205 201092 197876 233333 200711 208930 202692
#pred cpue bio
 32926.3 34135.3 22261.1 14364.4 23622.4 41147.9 61271.1 100750 128917 153052 144745 172173 165295 206179 204079 188208 189769 181682 174120 182691 174744 170326 170822 173156 178177 174024 162940 184118 8.63344e+06 7.4666e+06 4.70381e+06 2.71307e+06 1.58169e+06 1.00231e+06 716473 574767 502292 463604 442065 429660 422345 417967 415318 413685 412710 412126 411776 411565 411437 411361 411314 411286 411270 411259 411253 411249 411247 411246 411245 411245 411244 411244 411244 411244 411244 411244 411244 411244 411244 411244 411244 411244 411244 411244 411244 411244 411244 411244 411244 411244 411244 411244 411244 411244 411244 411244 411244 411244 411244 411244 411244 411244 411244 411244 411244 411244 411244 411244 411244 411244 411244 411244 411244 411244 411244 411244 411244 411244 411244 411244 411244 411244 411244 411244 411244 411244 411244 411244 411244 411244 411244 411244 411244 411244 411244 411244 411244 411244 0 0 0 0 0 0 0 0 0 0 0 0 0 0 0 0 0 0 0 0 0 0 0 0 0
#obs cpue bio
 33171.9 17924.8 16053.7 14548.1 30790.5 54811.9 93331.8 77533 119156 144607 126436 251707 161844 166502 255589 188106 188217 214241 168254 195836 189941 256918 239140 173036 198628 230750 215374 243514
#pred surv len freq
 1.53058e-11 1.66129e-09 1.06323e-07 4.01228e-06 8.92783e-05 0.00117137 0.00906302 0.0413662 0.111603 0.179759 0.181315 0.137392 0.10801 0.0870645 0.0575289 0.0327613 0.0188663 0.0112553 0.00699489 0.00465502 0.00337926 0.00271012 0.00227995 0.00173008 0.00100184
 1.06853e-11 1.15978e-09 7.4226e-08 2.80106e-06 6.23275e-05 0.000817789 0.0063282 0.0289045 0.078268 0.128374 0.140359 0.134951 0.141613 0.130564 0.0909439 0.0536319 0.0303068 0.0160547 0.0081264 0.00424795 0.00242351 0.00157575 0.00115132 0.000821537 0.000471142
 6.856e-12 7.44153e-10 4.76257e-08 1.79725e-06 3.99915e-05 0.000524739 0.00406118 0.0185651 0.0504815 0.0844975 0.100279 0.115925 0.142916 0.146655 0.120193 0.089329 0.0601858 0.0344128 0.0171616 0.00784529 0.00347221 0.00165279 0.000925467 0.000567709 0.000306762
 1.5354e-11 1.66653e-09 1.06658e-07 4.02493e-06 8.95597e-05 0.00117505 0.00909107 0.0414844 0.111786 0.178956 0.175373 0.119751 0.0799636 0.0654227 0.058156 0.0520721 0.0426839 0.0302135 0.0182386 0.00917847 0.00389269 0.00149131 0.000588235 0.000265969 0.000122676
 1.99598e-11 2.16645e-09 1.38652e-07 5.23231e-06 0.000116425 0.00152753 0.0118178 0.0539196 0.145195 0.231635 0.223133 0.141469 0.0770067 0.0465942 0.0269844 0.0142881 0.00893347 0.00679079 0.00500123 0.00310619 0.00155352 0.000622374 0.00020973 6.74111e-05 2.27314e-05
 1.70008e-11 1.84527e-09 1.18097e-07 4.45662e-06 9.91654e-05 0.00130109 0.0100665 0.0459431 0.123904 0.19919 0.199105 0.146007 0.108081 0.0817225 0.0479742 0.0209222 0.00817043 0.00347138 0.00179531 0.00111088 0.000657569 0.000314668 0.000115956 3.38427e-05 8.56284e-06
 1.847e-11 2.00474e-09 1.28303e-07 4.84175e-06 0.000107735 0.00141352 0.010936 0.049903 0.13447 0.215258 0.210844 0.14327 0.09216 0.0648783 0.0400229 0.0206469 0.00975519 0.00404111 0.00142135 0.00049675 0.000210768 0.000100618 4.21974e-05 1.3549e-05 3.27234e-06
 1.77236e-11 1.92372e-09 1.23118e-07 4.64609e-06 0.000103381 0.0013564 0.0104943 0.0478911 0.1291 0.207079 0.204804 0.144449 0.0999207 0.0732023 0.0441487 0.021212 0.00953766 0.00419644 0.00167602 0.000577382 0.00017187 5.04587e-05 1.66919e-05 5.40959e-06 1.39279e-06
 1.79992e-11 1.95364e-09 1.25033e-07 4.71834e-06 0.000104989 0.00137749 0.0106574 0.0486343 0.131087 0.21013 0.207179 0.144413 0.0976713 0.0705672 0.0425246 0.0204991 0.00911116 0.00384134 0.00146889 0.000513771 0.000160156 4.24342e-05 9.81557e-06 2.21739e-06 4.94549e-07
 1.70626e-11 1.85199e-09 1.18527e-07 4.47283e-06 9.95261e-05 0.00130582 0.0101031 0.046109 0.124338 0.199781 0.199194 0.144783 0.105769 0.0801175 0.0486202 0.0231313 0.0100909 0.00420774 0.00158846 0.000539553 0.000163261 4.29715e-05 9.56755e-06 1.77579e-06 2.86196e-07
 1.80642e-11 1.9607e-09 1.25484e-07 4.73539e-06 0.000105368 0.00138247 0.0106959 0.0488098 0.131557 0.210865 0.207811 0.144601 0.0974422 0.0701489 0.0420695 0.020078 0.00879558 0.00364689 0.00135589 0.000452644 0.000134389 3.44853e-05 7.47289e-06 1.33245e-06 1.91193e-07
 1.90331e-11 2.06586e-09 1.32215e-07 4.98937e-06 0.000111019 0.00145661 0.0112694 0.0514229 0.138547 0.221641 0.216409 0.145146 0.0904835 0.0612306 0.0354214 0.0161087 0.00664969 0.00266408 0.00098172 0.000326053 9.56166e-05 2.40889e-05 5.10471e-06 8.85684e-07 1.22146e-07
 1.94218e-11 2.10805e-09 1.34915e-07 5.09126e-06 0.000113287 0.00148636 0.0114994 0.0524718 0.14136 0.22603 0.220167 0.146218 0.0890067 0.0585737 0.0325067 0.0134185 0.00471848 0.00163704 0.00055015 0.000172761 4.93246e-05 1.227e-05 2.56508e-06 4.36638e-07 5.87466e-08
 1.90958e-11 2.07266e-09 1.3265e-07 5.0058e-06 0.000111385 0.00146141 0.0113065 0.0515927 0.139009 0.222414 0.217321 0.146165 0.0915598 0.0617673 0.0348133 0.0146866 0.00527861 0.00178124 0.000536846 0.000144563 3.62698e-05 8.34083e-06 1.6749e-06 2.79177e-07 3.69272e-08
 1.93237e-11 2.09741e-09 1.34234e-07 5.06556e-06 0.000112715 0.00147886 0.0114414 0.0522075 0.140653 0.224946 0.219329 0.146253 0.0898569 0.0596106 0.0332318 0.0137805 0.00483053 0.00160951 0.000486842 0.000128959 2.98704e-05 5.99885e-06 1.05204e-06 1.59743e-07 2.00755e-08
 1.9854e-11 2.15496e-09 1.37917e-07 5.20457e-06 0.000115808 0.00151944 0.0117553 0.0536375 0.144477 0.230827 0.223954 0.146327 0.0857034 0.0544877 0.0296569 0.0118922 0.00393055 0.00123374 0.000358593 9.27151e-05 2.11874e-05 4.14614e-06 6.76386e-07 9.11183e-08 1.00884e-08
 2.00248e-11 2.1735e-09 1.39104e-07 5.24933e-06 0.000116804 0.0015325 0.0118564 0.0540981 0.145709 0.232727 0.22547 0.146427 0.0844833 0.0529216 0.0284869 0.0111894 0.00354534 0.00105331 0.000288957 7.01572e-05 1.51736e-05 2.86169e-06 4.54654e-07 5.89955e-08 6.07984e-09
 2.03095e-11 2.2044e-09 1.41081e-07 5.32396e-06 0.000118465 0.00155429 0.0120249 0.0548658 0.147762 0.235882 0.227939 0.146428 0.0821941 0.050131 0.0265822 0.0102288 0.00311164 0.000878099 0.00022949 5.27598e-05 1.07102e-05 1.89149e-06 2.83057e-07 3.50578e-08 3.47911e-09
 2.08697e-11 2.2652e-09 1.44973e-07 5.47082e-06 0.000121732 0.00159716 0.0123564 0.0563764 0.151799 0.242076 0.232735 0.14626 0.0774295 0.0444616 0.0228924 0.00856469 0.00246985 0.000650538 0.00016038 3.4915e-05 6.6912e-06 1.11278e-06 1.56026e-07 1.80646e-08 1.68482e-09
 2.13306e-11 2.31524e-09 1.48175e-07 5.59165e-06 0.000124421 0.00163243 0.0126292 0.0576194 0.155121 0.247172 0.236678 0.146111 0.0734919 0.0397847 0.0198594 0.00720947 0.00195567 0.000471727 0.000107438 2.17579e-05 3.87903e-06 6.03575e-07 7.94267e-08 8.61994e-09 7.52006e-10
 2.1646e-11 2.34947e-09 1.50365e-07 5.67432e-06 0.00012626 0.00165657 0.0128159 0.0584698 0.157394 0.250661 0.239384 0.146034 0.070835 0.0366083 0.0177714 0.00624555 0.00157352 0.000336452 6.83526e-05 1.25708e-05 2.03828e-06 2.90275e-07 3.52362e-08 3.54814e-09 2.88675e-10
 2.18733e-11 2.37413e-09 1.51944e-07 5.7339e-06 0.000127586 0.00167396 0.0129504 0.0590825 0.159031 0.25317 0.241314 0.145922 0.0688356 0.0342637 0.0162918 0.00563056 0.00136752 0.000272362 5.06144e-05 8.40112e-06 1.20432e-06 1.51657e-07 1.64938e-08 1.50327e-09 1.11782e-10
 2.19788e-11 2.38558e-09 1.52677e-07 5.76155e-06 0.000128201 0.00168203 0.0130128 0.059367 0.159791 0.254335 0.24221 0.145871 0.0679088 0.033176 0.0156039 0.00534319 0.00127083 0.000242689 4.27929e-05 6.70047e-06 8.87244e-07 1.00812e-07 9.72768e-09 7.79656e-10 5.12405e-11
 2.23072e-11 2.42123e-09 1.54959e-07 5.84765e-06 0.000130117 0.00170717 0.0132072 0.0602526 0.162157 0.257957 0.244976 0.145644 0.0649185 0.02972 0.0134922 0.00454619 0.00105578 0.000192522 3.21645e-05 4.81161e-06 6.06704e-07 6.49264e-08 5.82211e-09 4.24985e-10 2.49198e-11
 2.2731e-11 2.46723e-09 1.57903e-07 5.95875e-06 0.000132589 0.0017396 0.0134581 0.0613952 0.16521 0.26263 0.248543 0.145349 0.0610562 0.0252582 0.0107681 0.00352091 0.000781344 0.000129586 1.92335e-05 2.6396e-06 3.12473e-07 3.15544e-08 2.67883e-09 1.84539e-10 1.00996e-11
 2.27989e-11 2.4746e-09 1.58374e-07 5.97654e-06 0.000132985 0.00174479 0.0134982 0.0615782 0.165699 0.26338 0.249121 0.14532 0.0604661 0.0245621 0.010323 0.0033296 0.000714174 0.000108771 1.412e-05 1.70644e-06 1.79848e-07 1.61706e-08 1.24642e-09 7.97712e-11 4.10116e-12
 2.27638e-11 2.47079e-09 1.5813e-07 5.96734e-06 0.00013278 0.00174211 0.0134775 0.0614836 0.165446 0.262994 0.248829 0.145353 0.060799 0.0249401 0.0105446 0.00340206 0.000726146 0.000108904 1.36787e-05 1.56724e-06 1.51571e-07 1.20294e-08 8.0791e-10 4.54626e-11 2.08286e-12
 2.33073e-11 2.52978e-09 1.61906e-07 6.10982e-06 0.000135951 0.0017837 0.0137992 0.062949 0.16936 0.268982 0.253379 0.144907 0.0557442 0.0191521 0.00708308 0.0021846 0.000457531 6.66933e-05 7.99379e-06 8.76892e-07 8.21283e-08 6.27084e-09 3.96086e-10 2.03203e-11 8.239e-13
#obs surv len freq
 4.57468e-11 4.23965e-09 2.31679e-07 7.46503e-06 0.000141829 0.00158892 0.0104982 0.0409442 0.0947089 0.133176 0.127553 0.114848 0.119757 0.115393 0.0940818 0.0685316 0.0430026 0.0221278 0.00935045 0.00321669 0.000867925 0.000175384 2.53758e-05 2.52841e-06 1.68189e-07
 2.99749e-11 2.67932e-09 1.41215e-07 4.38857e-06 8.04201e-05 0.00086906 0.0055415 0.0209131 0.0474619 0.0699561 0.0869375 0.121947 0.161183 0.163194 0.133054 0.0939992 0.0549943 0.0257352 0.00993851 0.00319516 0.000815859 0.000155787 2.11732e-05 1.97072e-06 1.21849e-07
 1.63677e-11 1.40866e-09 7.14846e-08 2.13899e-06 3.77411e-05 0.000392755 0.00241337 0.00880934 0.0197031 0.0309663 0.0481097 0.0848353 0.13265 0.171162 0.185801 0.156655 0.095309 0.0426315 0.0150111 0.00431992 0.000994249 0.00017389 2.18911e-05 1.89394e-06 1.08738e-07
 2.65823e-10 2.19916e-08 1.07277e-06 3.08564e-05 0.000523323 0.00523338 0.0308591 0.107297 0.220019 0.266298 0.191151 0.0838389 0.0275619 0.0150266 0.0158981 0.0154395 0.011273 0.00614234 0.00248269 0.000735517 0.000159352 2.51744e-05 2.84581e-06 2.22873e-07 1.16871e-08
 1.79857e-10 1.42814e-08 6.68658e-07 1.84597e-05 0.000300498 0.00288465 0.0163375 0.0547277 0.109858 0.140808 0.144722 0.161881 0.169273 0.121798 0.0545689 0.016027 0.00421111 0.00159323 0.000691836 0.000234437 5.53071e-05 8.84788e-06 9.51047e-07 6.81809e-08 3.22506e-09
 4.36893e-10 3.32487e-08 1.49197e-06 3.94761e-05 0.000615881 0.00566572 0.0307363 0.0983799 0.186283 0.211595 0.15444 0.0936228 0.0691799 0.0589226 0.0461055 0.028484 0.0120591 0.00323519 0.000553799 6.99628e-05 8.86567e-06 1.18183e-06 1.24816e-07 8.83509e-09 4.00136e-10
 5.31019e-10 3.8679e-08 1.66122e-06 4.20694e-05 0.0006282 0.00553155 0.0287303 0.0881544 0.16108 0.182443 0.150978 0.127698 0.113146 0.0783544 0.0393305 0.0160243 0.00573286 0.00168641 0.000372458 5.83394e-05 6.27356e-06 4.70144e-07 2.68047e-08 1.27103e-09 4.79143e-11
 7.67059e-10 5.34078e-08 2.19264e-06 5.30785e-05 0.000757639 0.00637713 0.0316622 0.0928787 0.162337 0.176324 0.141279 0.117941 0.106113 0.0800943 0.0486213 0.0240449 0.00885974 0.00222457 0.00037839 4.66544e-05 4.49008e-06 3.34698e-07 1.79553e-08 6.5496e-10 1.60911e-11
 1.02578e-09 6.81904e-08 2.67287e-06 6.17761e-05 0.000841899 0.00676604 0.0320811 0.0899653 0.151116 0.16163 0.137464 0.128161 0.118746 0.086884 0.0505116 0.024176 0.0088406 0.0022825 0.000411185 5.27245e-05 4.8432e-06 3.15467e-07 1.44714e-08 4.66074e-10 1.03803e-11
 1.31853e-09 8.35913e-08 3.12478e-06 6.88761e-05 0.000895197 0.00686168 0.03104 0.0831828 0.13462 0.143776 0.133478 0.138858 0.132661 0.0977188 0.0574981 0.02723 0.00945477 0.00224188 0.000364628 4.26451e-05 3.70424e-06 2.35349e-07 1.05005e-08 3.17673e-10 6.37861e-12
 2.43616e-09 1.47138e-07 5.24001e-06 0.000110034 0.00136246 0.00994856 0.0428627 0.109272 0.167228 0.164519 0.13206 0.118127 0.104942 0.0758466 0.0445533 0.0206504 0.00679376 0.00148116 0.000214367 2.15929e-05 1.59264e-06 8.72014e-08 3.46019e-09 9.61076e-11 1.81064e-12
 3.6486e-09 2.09734e-07 7.10885e-06 0.000142076 0.00167433 0.0116366 0.0477289 0.115961 0.17002 0.163852 0.135611 0.124758 0.105556 0.0683353 0.0349226 0.0143712 0.004372 0.000909315 0.000128029 1.25877e-05 8.86133e-07 4.44327e-08 1.55421e-09 3.73088e-11 6.07831e-13
 5.53039e-09 3.02291e-07 9.74277e-06 0.000185153 0.00207483 0.0137122 0.0534898 0.123687 0.173199 0.161686 0.133496 0.122563 0.101419 0.0644526 0.0325263 0.0129813 0.00371492 0.000705996 8.83207e-05 7.56575e-06 4.66185e-07 2.10177e-08 6.77623e-10 1.50774e-11 2.24973e-13
 6.61795e-09 3.43679e-07 1.05238e-05 0.000190012 0.00202308 0.0127059 0.0471474 0.104218 0.142813 0.142287 0.14252 0.149122 0.124336 0.0765899 0.0372054 0.0141923 0.00385625 0.000693857 8.19917e-05 6.5802e-06 3.72793e-07 1.50801e-08 4.28484e-10 8.3676e-12 1.10496e-13
 1.28384e-08 6.32946e-07 1.83997e-05 0.000315388 0.00318779 0.0190035 0.0668866 0.139746 0.17797 0.154987 0.1253 0.11325 0.0920416 0.0598786 0.0313132 0.0122553 0.00323443 0.000546487 5.93126e-05 4.29747e-06 2.17946e-07 7.91794e-09 2.03482e-10 3.59764e-12 4.27376e-14
 1.55949e-08 7.29402e-07 2.01159e-05 0.000327121 0.00313698 0.0177479 0.0593751 0.118801 0.149986 0.145266 0.147241 0.146993 0.111372 0.0614781 0.0266288 0.00903836 0.00219169 0.000354646 3.80494e-05 2.78412e-06 1.42301e-07 5.06131e-09 1.22564e-10 1.9832e-12 2.12398e-14
 2.71265e-08 1.20294e-06 3.14544e-05 0.00048497 0.00440935 0.0236495 0.0749663 0.141755 0.167118 0.145704 0.130016 0.121622 0.0938794 0.056846 0.0273025 0.00960664 0.00224246 0.000331513 3.11631e-05 1.93545e-06 8.3714e-08 2.60783e-09 5.80604e-11 8.93396e-13 9.18792e-15
 3.65304e-08 1.53514e-06 3.80394e-05 0.000555799 0.00478909 0.0243498 0.0732696 0.132381 0.153449 0.142662 0.142143 0.13557 0.0993551 0.0557926 0.0249757 0.00839555 0.00194089 0.000298299 3.08454e-05 2.18761e-06 1.06175e-07 3.45077e-09 7.35769e-11 1.02175e-12 9.26868e-15
 5.85281e-08 2.32983e-06 5.46856e-05 0.000756872 0.00617768 0.0297541 0.0848208 0.145253 0.159827 0.141546 0.134874 0.124206 0.0899523 0.0509603 0.0227023 0.00731035 0.00156509 0.000217358 2.00652e-05 1.28796e-06 5.91399e-08 1.92209e-09 4.27051e-11 6.26769e-13 5.92651e-15
 8.30994e-08 3.13243e-06 6.96235e-05 0.000912507 0.00705339 0.032182 0.0870404 0.142423 0.154101 0.143066 0.14358 0.129498 0.0880241 0.0460725 0.0189672 0.00569522 0.00114746 0.00015101 1.32399e-05 8.01068e-07 3.40744e-08 1.00961e-09 2.03972e-11 2.75931e-13 2.46427e-15
 1.26563e-07 4.5166e-06 9.50406e-05 0.00117928 0.00863014 0.0372856 0.0955585 0.148647 0.154783 0.14158 0.140073 0.123132 0.0824803 0.0430575 0.0174246 0.00500156 0.000943017 0.000114418 9.13915e-06 5.00608e-07 1.93387e-08 5.24871e-10 9.76758e-12 1.21583e-13 9.93922e-16
 1.93005e-07 6.5198e-06 0.000129865 0.00152532 0.0105668 0.0432246 0.104978 0.155348 0.15606 0.141042 0.137154 0.116402 0.0753952 0.0382369 0.0149541 0.00412702 0.000752009 8.95028e-05 7.12995e-06 3.90937e-07 1.48407e-08 3.8371e-10 6.62092e-12 7.5251e-14 5.58936e-16
 2.42864e-07 7.76532e-06 0.000146404 0.0016277 0.0106758 0.041386 0.0956989 0.137651 0.144169 0.148593 0.155652 0.129474 0.079339 0.0376583 0.0137286 0.00352544 0.000596513 6.57664e-05 4.85402e-06 2.48342e-07 8.92141e-09 2.21502e-10 3.70043e-12 4.0665e-14 2.89168e-16
 4.46903e-07 1.35251e-05 0.000241356 0.00253979 0.0157644 0.0577961 0.125982 0.168335 0.155903 0.134279 0.124564 0.101234 0.0648633 0.0327016 0.0121736 0.00305767 0.000495497 5.20235e-05 3.65252e-06 1.77023e-07 5.97189e-09 1.38049e-10 2.13932e-12 2.18531e-14 1.45299e-16
 5.49228e-07 1.57338e-05 0.000265775 0.00264756 0.0155621 0.0541155 0.112723 0.148621 0.149773 0.15336 0.151256 0.113334 0.0617475 0.0259539 0.00837981 0.00191861 0.000293401 2.97669e-05 2.05045e-06 9.7752e-08 3.21108e-09 7.11989e-11 1.04437e-12 9.99775e-15 6.18424e-17
 7.38455e-07 2.00262e-05 0.000320242 0.00302013 0.0168092 0.0553979 0.109809 0.140047 0.142438 0.151033 0.151246 0.116884 0.0687204 0.0312899 0.0103376 0.0022749 0.000320328 2.90425e-05 1.75563e-06 7.35974e-08 2.17458e-09 4.46278e-11 6.18346e-13 5.63821e-15 3.31929e-17
 1.14618e-06 2.94289e-05 0.000445555 0.00397835 0.0209658 0.0654466 0.12304 0.149559 0.146422 0.14949 0.142573 0.104609 0.0584422 0.0252332 0.00788262 0.00164162 0.000219845 1.90757e-05 1.10479e-06 4.3858e-08 1.19854e-09 2.22094e-11 2.74032e-13 2.22323e-15 1.17527e-17
 1.70282e-06 4.13991e-05 0.000593503 0.00501818 0.0250465 0.0741025 0.132457 0.154884 0.149417 0.150341 0.137223 0.0946746 0.0493459 0.0198188 0.00576415 0.00111951 0.000139954 1.13433e-05 6.14423e-07 2.28696e-08 5.87676e-10 1.02484e-11 1.18597e-13 8.9506e-16 4.35131e-18
#pred catch len freq
 1.48396e-11 1.6107e-09 1.03085e-07 3.89009e-06 8.65595e-05 0.0011357 0.00878712 0.040109 0.108239 0.174568 0.177148 0.137042 0.111193 0.0911285 0.0604705 0.0344632 0.0198483 0.0118412 0.00735905 0.00489737 0.00355519 0.00285122 0.00239865 0.00182016 0.00105399
 1.03965e-11 1.12844e-09 7.22199e-08 2.72536e-06 6.0643e-05 0.000795688 0.00615726 0.0281256 0.076184 0.125159 0.137785 0.134756 0.143629 0.13315 0.092857 0.0547716 0.0309517 0.0163964 0.00829936 0.00433836 0.00247509 0.00160928 0.00117583 0.000839022 0.000481169
 6.65165e-12 7.21973e-10 4.62062e-08 1.74368e-06 3.87996e-05 0.000509101 0.00394022 0.0180138 0.0490052 0.0822081 0.0983879 0.115594 0.144043 0.148271 0.121592 0.0903774 0.0608928 0.0348171 0.0173632 0.00793746 0.00351301 0.00167221 0.00093634 0.000574379 0.000310367
 1.50061e-11 1.62877e-09 1.04241e-07 3.93372e-06 8.75301e-05 0.00114843 0.0088851 0.0405454 0.109268 0.175029 0.172013 0.1188 0.0812566 0.0676272 0.0603882 0.0541038 0.0443515 0.031394 0.0189512 0.00953708 0.00404478 0.00154957 0.000611218 0.000276361 0.000127469
 1.97996e-11 2.14906e-09 1.37539e-07 5.1903e-06 0.00011549 0.00151527 0.0117229 0.0534874 0.144039 0.229853 0.221709 0.14137 0.0781298 0.0479953 0.0279518 0.0148179 0.00926624 0.00704383 0.00518759 0.00322194 0.00161141 0.000645566 0.000217545 6.9923e-05 2.35784e-05
 1.69357e-11 1.8382e-09 1.17645e-07 4.43955e-06 9.87855e-05 0.00129611 0.010028 0.0457675 0.123434 0.19847 0.198547 0.146024 0.10863 0.0823749 0.0483954 0.0211093 0.00824375 0.00350255 0.00181143 0.00112086 0.000663475 0.000317494 0.000116997 3.41466e-05 8.63973e-06
 1.83323e-11 1.9898e-09 1.27347e-07 4.80566e-06 0.000106932 0.00140298 0.0108545 0.0495318 0.133477 0.213731 0.209644 0.143249 0.0932368 0.0662068 0.0409501 0.0211361 0.00998707 0.0041372 0.00145515 0.000508563 0.00021578 0.00010301 4.32009e-05 1.38712e-05 3.35016e-06
 1.78106e-11 1.93317e-09 1.23722e-07 4.6689e-06 0.000103889 0.00136306 0.0105458 0.0481257 0.129727 0.208043 0.205557 0.144445 0.0992146 0.0723477 0.0435748 0.0209307 0.00941085 0.00414063 0.00165374 0.000569704 0.000169585 4.97878e-05 1.64699e-05 5.33766e-06 1.37428e-06
 1.80919e-11 1.9637e-09 1.25676e-07 4.74263e-06 0.000105529 0.00138459 0.0107122 0.0488842 0.131755 0.211156 0.207981 0.144408 0.0969193 0.0696558 0.0419103 0.0201968 0.00897643 0.00378453 0.00144717 0.000506173 0.000157787 4.18066e-05 9.67041e-06 2.1846e-06 4.87235e-07
 1.73979e-11 1.88837e-09 1.20855e-07 4.56071e-06 0.000101481 0.00133148 0.0103015 0.047013 0.126755 0.203493 0.202089 0.144751 0.103026 0.0768048 0.0464033 0.0220573 0.00962114 0.00401182 0.0015145 0.00051443 0.000155659 4.09706e-05 9.12206e-06 1.6931e-06 2.7287e-07
 1.83424e-11 1.99089e-09 1.27416e-07 4.8083e-06 0.000106991 0.00140375 0.0108605 0.0495598 0.133562 0.213945 0.210215 0.144579 0.0951714 0.0674034 0.0402268 0.0191799 0.00840096 0.00348323 0.00129504 0.000432331 0.000128358 3.29377e-05 7.13752e-06 1.27265e-06 1.82613e-07
 1.951e-11 2.11762e-09 1.35527e-07 5.11437e-06 0.000113801 0.00149311 0.0115516 0.0527088 0.141985 0.226918 0.220509 0.145052 0.0865038 0.0564647 0.032283 0.0146455 0.0060434 0.00242109 0.000892177 0.000296314 8.68954e-05 2.18918e-05 4.63911e-06 8.04901e-07 1.11005e-07
 1.9716e-11 2.13999e-09 1.36959e-07 5.1684e-06 0.000115003 0.00150888 0.0116736 0.0532653 0.14348 0.229281 0.222672 0.14609 0.0864433 0.0555579 0.0305917 0.0126067 0.00443172 0.0015375 0.000516698 0.000162256 4.63255e-05 1.15239e-05 2.40912e-06 4.10088e-07 5.51745e-08
 1.9552e-11 2.12218e-09 1.35819e-07 5.12539e-06 0.000114046 0.00149632 0.0115765 0.0528228 0.142296 0.227454 0.22121 0.145983 0.0876114 0.0571053 0.0318282 0.0133955 0.00481266 0.00162394 0.000489435 0.000131796 3.30667e-05 7.60422e-06 1.52699e-06 2.54522e-07 3.3666e-08
 1.98566e-11 2.15524e-09 1.37935e-07 5.20524e-06 0.000115823 0.00151963 0.0117568 0.0536442 0.144493 0.230832 0.223865 0.146022 0.085216 0.0541468 0.029755 0.0123007 0.00430953 0.00143583 0.000434305 0.000115042 2.66469e-05 5.35149e-06 9.38511e-07 1.42505e-07 1.79091e-08
 2.03376e-11 2.20745e-09 1.41277e-07 5.33134e-06 0.000118629 0.00155644 0.0120415 0.0549415 0.147961 0.236167 0.228058 0.146084 0.0814403 0.0494942 0.0265139 0.0105946 0.00349955 0.00109837 0.000319246 8.25417e-05 1.88626e-05 3.69119e-06 6.02168e-07 8.11201e-08 8.9814e-09
 2.05447e-11 2.22993e-09 1.42715e-07 5.38562e-06 0.000119836 0.00157229 0.0121641 0.0554999 0.149455 0.238466 0.229875 0.146142 0.0798653 0.0475293 0.0251156 0.00982452 0.00311058 0.00092406 0.000253497 6.15477e-05 1.33116e-05 2.51051e-06 3.98861e-07 5.17558e-08 5.33374e-09
 2.08531e-11 2.26341e-09 1.44858e-07 5.46648e-06 0.000121636 0.00159589 0.0123466 0.0563317 0.151678 0.241881 0.232537 0.146109 0.077332 0.0444698 0.0230647 0.00883088 0.00268392 0.000757302 0.000197918 4.55013e-05 9.23678e-06 1.63127e-06 2.44116e-07 3.02347e-08 3.00047e-09
 2.13713e-11 2.31965e-09 1.48457e-07 5.60232e-06 0.000124658 0.00163555 0.0126533 0.057729 0.155413 0.24761 0.236969 0.145942 0.0729069 0.0392137 0.0196565 0.00730787 0.00210492 0.000554326 0.000136659 2.97508e-05 5.70151e-06 9.48189e-07 1.32948e-07 1.53927e-08 1.43562e-09
 2.18249e-11 2.36888e-09 1.51608e-07 5.72121e-06 0.000127304 0.00167026 0.0129218 0.0589519 0.158681 0.252623 0.240841 0.145774 0.0689993 0.0345897 0.0166813 0.00600499 0.00162629 0.00039218 8.93187e-05 1.80884e-05 3.22483e-06 5.01783e-07 6.60314e-08 7.16619e-09 6.2518e-10
 2.21087e-11 2.39968e-09 1.53579e-07 5.79561e-06 0.000128959 0.00169197 0.0130897 0.0597172 0.160726 0.255761 0.243272 0.145694 0.0665921 0.0317205 0.0148068 0.00515252 0.00129559 0.000276936 5.62596e-05 1.03467e-05 1.67766e-06 2.38919e-07 2.90021e-08 2.92039e-09 2.37601e-10
 2.23046e-11 2.42095e-09 1.54941e-07 5.84698e-06 0.000130102 0.00170697 0.0132057 0.0602456 0.162138 0.257925 0.244935 0.145595 0.0648644 0.0296964 0.013532 0.00462559 0.00112095 0.00022317 4.14708e-05 6.88343e-06 9.86754e-07 1.2426e-07 1.35142e-08 1.2317e-09 9.15882e-11
 2.24115e-11 2.43256e-09 1.55683e-07 5.875e-06 0.000130726 0.00171515 0.013269 0.0605338 0.162908 0.259105 0.245841 0.145538 0.0639163 0.0285882 0.0128375 0.00434282 0.00103035 0.000196681 3.46785e-05 5.42991e-06 7.19004e-07 8.16958e-08 7.8831e-09 6.31816e-10 4.15242e-11
 2.27068e-11 2.46461e-09 1.57734e-07 5.9524e-06 0.000132448 0.00173775 0.0134438 0.06133 0.165035 0.262361 0.248326 0.145331 0.0612239 0.0254787 0.0109404 0.00363025 0.000840401 0.00015316 2.55865e-05 3.82755e-06 4.82623e-07 5.16479e-08 4.63139e-09 3.38068e-10 1.98233e-11
 2.30585e-11 2.50278e-09 1.60177e-07 6.0446e-06 0.000134499 0.00176466 0.0136519 0.0622782 0.167568 0.266239 0.251286 0.145084 0.0580164 0.0217746 0.00868068 0.0027818 0.00061468 0.000101863 1.51171e-05 2.07464e-06 2.45594e-07 2.48007e-08 2.10548e-09 1.45042e-10 7.93796e-12
 2.31144e-11 2.50884e-09 1.60566e-07 6.05925e-06 0.000134825 0.00176894 0.013685 0.0624289 0.167971 0.266856 0.251762 0.145059 0.0575289 0.0212004 0.00831464 0.00262576 0.000560648 8.53145e-05 1.10735e-05 1.33824e-06 1.41041e-07 1.26815e-08 9.77476e-10 6.25588e-11 3.21624e-12
 2.30996e-11 2.50723e-09 1.60463e-07 6.05536e-06 0.000134739 0.0017678 0.0136762 0.0623889 0.167864 0.266693 0.251639 0.145075 0.0576718 0.0213616 0.00840764 0.00265432 0.000563903 8.44958e-05 1.06115e-05 1.21579e-06 1.17581e-07 9.3318e-09 6.26737e-10 3.52677e-11 1.61578e-12
 2.34472e-11 2.54497e-09 1.62878e-07 6.1465e-06 0.000136767 0.00179441 0.013882 0.0633263 0.170368 0.270523 0.25455 0.144791 0.0544399 0.01766 0.00619286 0.00187402 0.000390795 5.69176e-05 6.82113e-06 7.48244e-07 7.00793e-08 5.35084e-09 3.37977e-10 1.73391e-11 7.03026e-13
#obs catch len freq
 4.61107e-11 4.27338e-09 2.33522e-07 7.52441e-06 0.000142957 0.00160156 0.0105815 0.0412653 0.0954058 0.133826 0.126832 0.111508 0.114965 0.112895 0.095744 0.0719891 0.0454916 0.0232983 0.00985849 0.00342857 0.000936849 0.000191341 2.79926e-05 2.82696e-06 1.90921e-07
 6.30784e-11 5.6383e-09 2.97168e-07 9.23516e-06 0.00016923 0.00182859 0.0116531 0.0438432 0.0979145 0.133486 0.126045 0.115154 0.120841 0.115054 0.0928236 0.0668414 0.0412029 0.0207738 0.00857942 0.00286762 0.000746011 0.0001442 1.98125e-05 1.86299e-06 1.16354e-07
 4.2328e-11 3.64289e-09 1.84864e-07 5.53155e-06 9.75979e-05 0.00101551 0.00623543 0.0226714 0.0496965 0.0715374 0.0891218 0.125647 0.16318 0.161855 0.130174 0.0905568 0.0518574 0.0237442 0.00896889 0.00280291 0.00068944 0.000125749 1.6208e-05 1.42209e-06 8.24825e-08
 2.3627e-11 1.95467e-09 9.5351e-08 2.74264e-06 4.65183e-05 0.000465366 0.00274944 0.00965894 0.0208896 0.03231 0.0506102 0.088921 0.136766 0.173965 0.185255 0.151783 0.0895235 0.0389557 0.0133739 0.00373866 0.000829319 0.000138577 1.65369e-05 1.34763e-06 7.25235e-08
 3.82817e-10 3.03974e-08 1.42321e-06 3.92904e-05 0.000639575 0.00613882 0.034743 0.115946 0.228203 0.265138 0.182818 0.0773767 0.0253202 0.0145973 0.0155302 0.0146954 0.0104146 0.00549635 0.00214405 0.000610996 0.000126898 1.91226e-05 2.049e-06 1.51162e-07 7.4285e-09
 2.68051e-10 2.03994e-08 9.15386e-07 2.42203e-05 0.000377878 0.00347668 0.0188732 0.0606169 0.11685 0.144829 0.146551 0.162091 0.164257 0.113384 0.0487515 0.013922 0.00370609 0.00143246 0.000607261 0.000196978 4.42023e-05 6.70031e-06 6.79945e-07 4.58435e-08 2.03134e-09
 6.49497e-10 4.73088e-08 2.03186e-06 5.14555e-05 0.000768351 0.00676527 0.035128 0.107623 0.19512 0.212527 0.149772 0.0894105 0.0659076 0.0555263 0.0425661 0.0254124 0.0102922 0.00263419 0.000432583 5.3436e-05 6.71021e-06 8.64588e-07 8.63083e-08 5.72937e-09 2.42522e-10
 8.01293e-10 5.57914e-08 2.2905e-06 5.54474e-05 0.000791453 0.00666176 0.033076 0.0970353 0.169684 0.184712 0.14897 0.124351 0.107269 0.0717169 0.0350089 0.0140105 0.00490837 0.00139932 0.000297214 4.45289e-05 4.56839e-06 3.2723e-07 1.78863e-08 8.08719e-10 2.87095e-11
 1.16883e-09 7.76999e-08 3.04561e-06 7.0391e-05 0.000959297 0.00770923 0.036546 0.102379 0.171049 0.178365 0.139155 0.114605 0.100678 0.0739452 0.0438706 0.0210784 0.00746325 0.00179276 0.000292514 3.47725e-05 3.22486e-06 2.29811e-07 1.16914e-08 4.02609e-10 9.31522e-12
 1.59088e-09 1.00858e-07 3.77023e-06 8.31028e-05 0.00108009 0.00827836 0.0374361 0.10015 0.160669 0.164955 0.136462 0.124429 0.11166 0.0792657 0.0450163 0.0209526 0.00737588 0.00182522 0.000315142 3.87064e-05 3.39622e-06 2.10624e-07 9.17281e-09 2.79483e-10 5.863e-12
 2.09096e-09 1.26289e-07 4.49751e-06 9.4443e-05 0.00116942 0.00853958 0.0368051 0.0939986 0.145166 0.148703 0.133757 0.134796 0.124162 0.0887255 0.0509114 0.0233363 0.00776493 0.00175921 0.000273983 3.07472e-05 2.55691e-06 1.54663e-07 6.53374e-09 1.86391e-10 3.51815e-12
 3.8374e-09 2.20587e-07 7.4767e-06 0.000149427 0.00176095 0.0122381 0.0501856 0.121799 0.177622 0.167172 0.12962 0.112414 0.0964916 0.0677463 0.0387439 0.0173122 0.00543703 0.00112837 0.000155787 1.50187e-05 1.06058e-06 5.53893e-08 2.08522e-09 5.46767e-11 9.6837e-13
 5.78739e-09 3.16339e-07 1.01955e-05 0.000193757 0.00217123 0.014349 0.055967 0.129336 0.180553 0.166329 0.132607 0.117504 0.0954686 0.0597528 0.029712 0.0118221 0.00344161 0.000682167 9.16202e-05 8.60439e-06 5.77708e-07 2.75244e-08 9.11363e-10 2.0643e-11 3.16357e-13
 8.82297e-09 4.58189e-07 1.40301e-05 0.00025332 0.002697 0.0169345 0.0627658 0.13793 0.183729 0.163714 0.129781 0.114334 0.0907603 0.0557785 0.027344 0.0105123 0.00286795 0.000517623 6.15902e-05 5.03425e-06 2.96253e-07 1.27147e-08 3.8823e-10 8.14353e-12 1.14143e-13
 1.08383e-08 5.3434e-07 1.55332e-05 0.000266256 0.00269129 0.0160467 0.0565327 0.118675 0.154591 0.146785 0.140301 0.139857 0.111554 0.0663863 0.0312848 0.0114763 0.00296878 0.000506763 5.68818e-05 4.34699e-06 2.34584e-07 9.01353e-09 2.42309e-10 4.46137e-12 5.53749e-14
 2.07094e-08 9.68612e-07 2.67129e-05 0.000434394 0.00416539 0.0235576 0.0786647 0.155946 0.188509 0.155967 0.119914 0.103281 0.0806142 0.050816 0.0256789 0.00959884 0.00240028 0.000383544 3.94452e-05 2.71683e-06 1.31171e-07 4.52718e-09 1.10065e-10 1.83362e-12 2.04582e-14
 2.57892e-08 1.14363e-06 2.99037e-05 0.000461063 0.0041921 0.0224873 0.0713305 0.135329 0.161979 0.148513 0.142128 0.134273 0.0970311 0.0516341 0.0216513 0.00705544 0.00162702 0.00024957 2.54105e-05 1.76714e-06 8.57562e-08 2.88627e-09 6.59066e-11 1.00297e-12 1.00809e-14
 4.40377e-08 1.85063e-06 4.58567e-05 0.000670011 0.00577283 0.0293419 0.0881467 0.15799 0.176642 0.146191 0.123857 0.110277 0.0817281 0.0478847 0.0221485 0.00741772 0.00163617 0.000228209 2.02797e-05 1.19494e-06 4.91535e-08 1.45428e-09 3.06162e-11 4.43378e-13 4.27564e-15
 6.04933e-08 2.40806e-06 5.65218e-05 0.000782285 0.00638506 0.0307519 0.087651 0.14998 0.164442 0.143983 0.134741 0.121591 0.0853112 0.0463014 0.0199815 0.00640859 0.00140486 0.000204609 2.00713e-05 1.34947e-06 6.19004e-08 1.89475e-09 3.79592e-11 4.94633e-13 4.20558e-15
 9.67659e-08 3.64759e-06 8.10734e-05 0.00106256 0.00821254 0.0374556 0.101101 0.163848 0.170191 0.141206 0.125634 0.10933 0.0759036 0.0415264 0.0177568 0.0054312 0.00109894 0.000144308 1.26351e-05 7.70952e-07 3.36004e-08 1.03184e-09 2.15582e-11 2.96438e-13 2.61921e-15
 1.38747e-07 4.9514e-06 0.00010419 0.00129279 0.00946036 0.0408628 0.104604 0.161823 0.164711 0.142143 0.132439 0.112629 0.0732583 0.0369836 0.0146125 0.00416874 0.000793923 9.87778e-05 8.20652e-06 4.71069e-07 1.89774e-08 5.30678e-10 1.00842e-11 1.27953e-13 1.06904e-15
 2.10243e-07 7.10209e-06 0.000141463 0.00166153 0.0115097 0.0470677 0.11415 0.167804 0.164156 0.139286 0.127928 0.106202 0.0681806 0.034297 0.0132767 0.00361026 0.000642128 7.35363e-05 5.55901e-06 2.88767e-07 1.05681e-08 2.70765e-10 4.73804e-12 5.52802e-14 4.22489e-16
 3.21721e-07 1.02867e-05 0.000193937 0.00215605 0.0141372 0.0547308 0.125742 0.175608 0.16491 0.13681 0.122566 0.0980467 0.0608429 0.0296965 0.0110923 0.00289868 0.0004986 5.60739e-05 4.22891e-06 2.19516e-07 7.86904e-09 1.91469e-10 3.1005e-12 3.30005e-14 2.29096e-16
 4.11954e-07 1.24674e-05 0.000222483 0.00234125 0.014534 0.0533188 0.116574 0.157894 0.153529 0.144482 0.139952 0.109968 0.0645401 0.0294526 0.0102463 0.00248986 0.000397449 4.1386e-05 2.89182e-06 1.40159e-07 4.7586e-09 1.11226e-10 1.74302e-12 1.79177e-14 1.18916e-16
 7.40233e-07 2.12055e-05 0.000358195 0.00356787 0.0209617 0.0727294 0.149907 0.188644 0.162074 0.126368 0.107238 0.0822242 0.0505067 0.0243919 0.00861949 0.00204242 0.000311884 3.09121e-05 2.05327e-06 9.41601e-08 2.99814e-09 6.51863e-11 9.4724e-13 9.05085e-15 5.61668e-17
 9.30522e-07 2.52348e-05 0.000403528 0.00380531 0.0211723 0.0696668 0.137078 0.169409 0.156377 0.144046 0.130704 0.0923498 0.0480975 0.0193955 0.00596885 0.00129326 0.000186733 1.7906e-05 1.16705e-06 5.2582e-08 1.62733e-09 3.38814e-11 4.65428e-13 4.16374e-15 2.40219e-17
 1.28327e-06 3.29488e-05 0.00049884 0.0044539 0.0234661 0.0731655 0.136812 0.162609 0.149224 0.140516 0.12933 0.0945802 0.0532233 0.0231342 0.00723556 0.00149967 0.000198752 1.69938e-05 9.71286e-07 3.85268e-08 1.07469e-09 2.07407e-11 2.69243e-13 2.29336e-15 1.25832e-17
 1.97494e-06 4.80149e-05 0.000688335 0.00581951 0.0290345 0.0857418 0.15197 0.171666 0.150544 0.135498 0.118423 0.0821269 0.0438586 0.0180533 0.00533543 0.00104653 0.000131947 1.07968e-05 5.90606e-07 2.21353e-08 5.69677e-10 9.91111e-12 1.1452e-13 8.68241e-16 4.28053e-18
#spawning biomass
 34157.2 34880.7 22506.8 14846.4 25211.8 43271.9 64949.4 106359 136327 160992 153144 183376 176660 219842 217968 201830 203791 195557 188287 198357 190284 185869 186598 189749 196088 191657 179386 203879 266399 343331 201450 106102 56246.7 33472.3 23905.8 20106.5 18655.8 18117.3 17921.6 17851.6 17826.8 17818.1 17815.1 17814 17813.7 17813.5 17813.5 17813.5 17813.5 17813.5 17813.5 17813.5 17813.5 17813.5 17813.5 17813.5 17813.5 17813.5 17813.5 17813.5 17813.5 17813.5 17813.5 17813.5 17813.5 17813.5 17813.5 17813.5 17813.5 17813.5 17813.5 17813.5 17813.5 17813.5 17813.5 17813.5 17813.5 17813.5 17813.5 17813.5 17813.5 17813.5 17813.5 17813.5 17813.5 17813.5 17813.5 17813.5 17813.5 17813.5 17813.5 17813.5 17813.5 17813.5 17813.5 17813.5 17813.5 17813.5 17813.5 17813.5 17813.5 17813.5 17813.5 17813.5 17813.5 17813.5 17813.5 17813.5 17813.5 17813.5 17813.5 17813.5 17813.5 17813.5 17813.5 17813.5 17813.5 17813.5 17813.5 17813.5 17813.5 17813.5 17813.5 17813.5 17813.5 17813.5 17813.5 17813.5 0 0 0 0 0 0 0 0 0 0 0 0 0 0 0 0 0 0 0 0 0 0 0 0 0
