SBPRF35
0.112871
Curr Bio
186.402
B35
376.241
F35
1.6243
FOFL
1.6243
OFL
63.8916
Bzero
32247.4
#pred survey bio
 1458.66 1155.93 891.853 731.504 622.722 563.247 522.796 500.167 487.873 473.881 467.866 468.979 463.336 462.182 463.956 467.473 475.83 481.357 483.968 483.217 484.444 489.916 491.034 486.318 479.953 475.506 476.213 472.546 476.307 479.218 475.766 475.237 469.912 469.709 469.144 462.891 459.623 452.673 450.382 439.303 429.99 416.297 398.242 375.601 348.453 332.565 314.781 308.419 292.452 287.351 278.338 271.626 257.519 245.227 239.089 232.01 228.764 225.532 225.338 227.394 221.349 212.837 209.447 211.672 205.063 206.181 208.737 201.238 199.288 199.396 200.847 199.174 195.116 205.686 208.465 212.298 210.986 198.544 206.082 219.27 222.009 227.172 225.635 231.149 232.579 235.06 236.643 224.064 219.612 213.811 217.875 217.13 221.614 231.288 220.677 195.963 148.747 30.8293 23.6129 25.1215 24.1098 24.631 24.8831 24.7512 26.2739 24.5317 26.5975 81.174 4950.16 23252.4 62581.9 109549 140360 154090 160691 164501 166913 168487 169521 170202 170649 170943 171135 171260 171341 171394 171428 171450 171464 171473 171479 171483 171485 171487 171488 171489 171489 171490 171490 171490 171490 171490 171490 171490 171490 171490 171490 171490 171490 171490 171490 171490 171490 171490 171490 171490 171490 171490 171490 171490 171490 171490 171490 171490 171490 171490 171490 171490 171490 171490 171490 171490 171490 171490 171490 171490 171490 171490 171490 171490 171490 171490 171490 171490 171490 171490 171490 171490 171490 171490 171490 171490 171490 171490 171490 171490 171490 171490 171490 171490 171490 171490 171490 171490 171490 171490 171490 171490 0 0 0 0 0 0 0 0 0 0 0 0 0 0 0 0 0 0 0 0 0 0 0 0 0
#obs survey bio
 750.917 732.664 632.777 439.518 412.662 587.79 429.762 333.891 367.545 497.134 404.514 380.106 419.714 410.61 410.11 417.467 451.939 477.455 442.183 401.002 576.385 422.181 489.501 398.338 393.544 544.433 529.553 398.624 512.949 351.644 354.229 416.349 439.748 584.789 300.592 491.595 472.745 321.73 298.625 331.406 344.913 538.44 311.19 255.709 345.936 284.127 329.962 338.482 314.86 377.803 249.586 211.11 246.29 183.266 271.527 289.194 302.476 266.503 186.224 155.18 193.585 241.412 222.968 200.378 239.389 202.98 203.214 175.327 190.876 310.813 199.205 257.08 186.594 154.212 214.066 270.219 253.917 231.922 243.148 271.488 256.778 249.873 208.874 215.804 196.658 344.42 279.804 274.781 171.681 200.408 278.112 216.584 337.553 300.184 246.642 282.119 205.59 40.6493 44.2197 50.7382 38.9002 42.9597 37.4712 25.7934 54.3979 32.3542 43.4879 24.7475
#pred catch bio
 129.932 167.423 120.864 109.345 84.6805 81.1187 71.8015 65.9584 71.4921 65.7303 59.8364 69.0377 66.0842 64.628 64.308 59.806 62.6899 64.9332 67.3116 63.59 56.8558 59.5809 64.9315 66.844 65.5204 60.6071 66.3554 59.1303 60.4435 67.8281 64.6605 69.6364 63.4864 62.92 68.1786 63.504 65.7589 58.5895 66.5209 63.5137 67.8559 73.4505 81.0487 90.6282 83.4016 90.5328 81.7502 95.8027 86.0516 91.9551 90.087 99.3783 98.673 93.2641 95.851 92.622 93.8507 91.8946 91.0163 101.81 105.497 99.8879 93.8027 105.137 97.4509 97.6327 111.658 108.436 110.985 114.958 124.437 132.819 121.204 137.502 141.429 151.047 166.84 147.299 151.711 175.737 179.39 191.009 183.477 189.679 189.047 190.869 205.821 190.791 190.981 179.441 187.212 183.093 180.784 205.294 204.079 195.139 251.077 58.2879 43.0382 45.4092 44.26 46.1586 46.1357 45.7134 48.9393 45.3791 43.4011 43.1445 63.8916 274.211 984.612 2471.31 3443.21 3694.84 3738.87 3745.59 3746.56 3746.7 3746.71 3746.72 3746.72 3746.72 3746.72 3746.72 3746.72 3746.72 3746.72 3746.72 3746.72 3746.72 3746.72 3746.72 3746.72 3746.72 3746.72 3746.72 3746.72 3746.72 3746.72 3746.72 3746.72 3746.72 3746.72 3746.72 3746.72 3746.72 3746.72 3746.72 3746.72 3746.72 3746.72 3746.72 3746.72 3746.72 3746.72 3746.72 3746.72 3746.72 3746.72 3746.72 3746.72 3746.72 3746.72 3746.72 3746.72 3746.72 3746.72 3746.72 3746.72 3746.72 3746.72 3746.72 3746.72 3746.72 3746.72 3746.72 3746.72 3746.72 3746.72 3746.72 3746.72 3746.72 3746.72 3746.72 3746.72 3746.72 3746.72 3746.72 3746.72 3746.72 3746.72 3746.72 3746.72 3746.72 3746.72 3746.72 3746.72 3746.72 3746.72 3746.72 3746.72 3746.72 3746.72 3746.72 3746.72 3746.72 3746.72 3746.72 0 0 0 0 0 0 0 0 0 0 0 0 0 0 0 0 0 0 0 0 0 0 0 0 0
#obs catch bio
 0 171.172 123.856 113.003 87.4816 84.0969 74.1903 68.055 74.1803 67.889 61.5255 71.783 68.5598 66.9787 66.6561 61.84 64.98 67.2694 69.7994 65.7638 58.2363 61.1182 66.714 68.8621 67.6688 62.258 68.5189 60.8692 62.081 70.3744 66.9696 72.4805 65.5825 64.7227 70.7162 65.6327 68.0579 60.1134 68.8179 65.488 70.2688 75.666 83.7452 94.565 86.2295 94.4478 84.5058 99.6253 88.4045 94.1473 92.0815 102.049 100.469 95.8355 98.5742 94.2334 95.1617 92.3608 91.8069 103.415 107.811 101.207 94.1573 105.836 97.1672 97.7427 112.261 110.318 111.029 112.787 123.131 130.44 120.646 135.974 138.565 146.08 160.599 140.815 144.211 166.071 170.482 184.818 177.763 184.094 181.776 178.926 194.198 181.791 181.908 171.291 178.432 173.285 168.443 192.09 192.596 182.047 225.281 50.7101 36.9228 38.326 36.8422 39.9605 40.2664 39.8101 41.8914 39.0535 37.9228 41.9972
#pred cpue bio
 1472.6 1151.21 869.974 700.115 586.124 524.907 483.825 461.415 449.414 434.623 427.853 428.583 421.852 419.986 421.087 423.774 432.04 438.064 441.653 441.855 444.117 450.844 452.592 447.652 440.661 435.617 436.108 431.692 435.287 438.055 434.249 434.26 429.358 429.897 429.874 423.921 421.94 416.265 415.441 404.7 395.865 382.213 363.385 338.882 308.727 290.411 270.147 262.696 245.119 239.34 229.773 223.087 208.212 194.651 187.466 179.393 175.559 171.579 170.228 171.129 164.003 154.895 151.381 153.485 145.844 145.698 147.118 137.91 133.17 129.405 126.946 121.635 113.857 119.841 118.684 119.078 116.341 103.607 105.765 110.751 107.453 108.828 106.61 110.537 111.881 113.779 114.862 105.992 103.986 99.1633 101.139 100.189 102.439 108.472 101.459 91.2858 72.4967 5.51817 3.4758 3.90498 3.91301 3.69206 3.65991 3.78855 3.90807 3.78698 3.89943 10.5181 1260.61 5452.14 19703.3 55544.2 90154.7 106546 114151 118356 120933 122576 123640 124334 124786 125082 125275 125401 125482 125535 125569 125591 125605 125615 125621 125625 125627 125629 125630 125631 125631 125631 125632 125632 125632 125632 125632 125632 125632 125632 125632 125632 125632 125632 125632 125632 125632 125632 125632 125632 125632 125632 125632 125632 125632 125632 125632 125632 125632 125632 125632 125632 125632 125632 125632 125632 125632 125632 125632 125632 125632 125632 125632 125632 125632 125632 125632 125632 125632 125632 125632 125632 125632 125632 125632 125632 125632 125632 125632 125632 125632 125632 125632 125632 125632 125632 125632 125632 125632 125632 125632 125632 0 0 0 0 0 0 0 0 0 0 0 0 0 0 0 0 0 0 0 0 0 0 0 0 0
#obs cpue bio
 867.627 567.495 311.506 519.196 275.361 308.502 345.747 349.33 367.189 281.543 287.824 225.036 250.023 274.511 270.205 221.195 260.685 302.268 307.633 321.443 408.77 350.878 353.286 289.525 250.707 290.288 255.69 223.555 365.234 215.357 279.974 297.504 345.399 323.387 255.941 235.764 309.325 448.844 343.018 342.263 282.697 397.919 300.66 241.014 239.863 168.689 172.719 178.089 180.59 173.005 172.725 198.575 212.216 118.017 126.06 148.562 122.284 157.111 144.361 179.319 134.61 137.792 149.636 150.221 149.113 127.685 139.14 99.813 194.917 157.751 124.244 139.696 98.2172 214.104 190.913 200.352 192.115 189.173 210.765 229.887 184.514 142.377 184.272 199.505 275.28 291.591 216.441 179.412 264.035 213.044 189.91 248.906 247.962 220.676 211.09 216.309 209.111 31.1843 23.0734 29.0363 41.2517 19.0079 20.7987 31.1464 23.2333 29.4861 23.8784 32.9844
#pred surv len freq
 5.97293e-027 6.18864e-021 1.32876e-015 3.892e-011 1.55513e-007 8.47681e-005 0.00630329 0.0639402 0.0884824 0.0170654 0.0146399 0.0760238 0.0561134 0.0234955 0.0697287 0.0460343 0.0563562 0.0575154 0.0615066 0.0628423 0.0658969 0.0685172 0.0754958 0.0681596 0.0217982
 6.52591e-027 7.16647e-021 1.53871e-015 4.50695e-011 1.80085e-007 9.81618e-005 0.00729923 0.074043 0.102463 0.0197423 0.0161901 0.0839534 0.0619432 0.0252896 0.074437 0.0483261 0.0554199 0.0552802 0.0564438 0.0566007 0.0587764 0.0602017 0.0640215 0.0590029 0.0204676
 7.05275e-027 8.09881e-021 1.73889e-015 5.09329e-011 2.03513e-007 0.000110932 0.00824884 0.0836758 0.115793 0.0223171 0.0185451 0.0962064 0.070941 0.0277645 0.0805756 0.0517495 0.056699 0.0547599 0.0515243 0.0488998 0.0487904 0.0490639 0.0508262 0.0467001 0.0168084
 7.44457e-027 8.79269e-021 1.88788e-015 5.52967e-011 2.20949e-007 0.000120437 0.00895558 0.0908449 0.125714 0.0242239 0.0199309 0.103362 0.0762297 0.0301685 0.0878687 0.0559012 0.0587341 0.0557975 0.0500998 0.0443069 0.0408312 0.0390295 0.0393222 0.0356005 0.012958
 7.72557e-027 9.29055e-021 1.99477e-015 5.84278e-011 2.3346e-007 0.000127256 0.00946267 0.0959887 0.132832 0.0255968 0.0211078 0.109474 0.0807258 0.0316342 0.0918339 0.0584987 0.0617806 0.057868 0.0495889 0.041966 0.0356549 0.0309487 0.0294543 0.0260183 0.00943804
 7.85946e-027 9.52807e-021 2.04577e-015 5.99215e-011 2.39429e-007 0.000130509 0.00970458 0.0984427 0.136228 0.0262526 0.0217048 0.11258 0.0830195 0.032639 0.0948529 0.0603385 0.0633398 0.0594769 0.0511773 0.0419005 0.0335512 0.0263325 0.0225445 0.018985 0.00679953
 7.95053e-027 9.68969e-021 2.08047e-015 6.09379e-011 2.4349e-007 0.000132723 0.00986919 0.100113 0.138539 0.0266984 0.0220889 0.114575 0.0844916 0.0332438 0.0966362 0.0614734 0.0645251 0.0604142 0.0515808 0.04227 0.0329516 0.0238689 0.0179251 0.013787 0.00481722
 8.01515e-027 9.80441e-021 2.1051e-015 6.16594e-011 2.46373e-007 0.000134295 0.00998605 0.101298 0.140179 0.0270109 0.0222084 0.115171 0.0849333 0.0334623 0.0973159 0.0619468 0.0652159 0.061116 0.0522423 0.0425986 0.0330437 0.0230503 0.0153394 0.0103104 0.00343714
 8.0632e-027 9.88971e-021 2.12342e-015 6.21958e-011 2.48516e-007 0.000135463 0.0100729 0.102179 0.141398 0.0272431 0.0222933 0.115594 0.0852398 0.0334431 0.0971245 0.0618698 0.065351 0.0613483 0.0526869 0.0430535 0.0333115 0.0229378 0.0141061 0.00811266 0.00249862
 8.14624e-027 1.00368e-020 2.155e-015 6.3121e-011 2.52213e-007 0.000137478 0.0102228 0.103699 0.143502 0.0276451 0.0224999 0.116644 0.0860075 0.0335529 0.0972519 0.0618147 0.0646549 0.0606025 0.0519339 0.042497 0.0329381 0.0225769 0.0133214 0.00666089 0.00183709
 8.19723e-027 1.01272e-020 2.1744e-015 6.36891e-011 2.54483e-007 0.000138715 0.0103148 0.104632 0.144793 0.0278919 0.0226235 0.117272 0.0864664 0.0336231 0.0973467 0.0618299 0.0644554 0.0602793 0.0513432 0.0419479 0.0325405 0.0223284 0.0129215 0.00583039 0.00142084
 8.20524e-027 1.01414e-020 2.17746e-015 6.37787e-011 2.54841e-007 0.00013891 0.0103293 0.10478 0.144997 0.0279314 0.0226667 0.117498 0.0866315 0.0336455 0.0973703 0.0618511 0.0645081 0.0603475 0.0514193 0.0418762 0.0323969 0.0222475 0.0127857 0.00540311 0.00117656
 8.24058e-027 1.02039e-020 2.19088e-015 6.4172e-011 2.56412e-007 0.000139767 0.010393 0.105426 0.145891 0.0281048 0.0228505 0.118458 0.0873366 0.0338435 0.097865 0.0620489 0.0641625 0.0598556 0.0506566 0.0411335 0.0316805 0.0216735 0.0124163 0.00505435 0.00101038
 8.27574e-027 1.02662e-020 2.20425e-015 6.45634e-011 2.57976e-007 0.00014062 0.0104564 0.106069 0.146781 0.028273 0.0228615 0.118494 0.0873655 0.0339232 0.0981634 0.062227 0.0642884 0.0598503 0.0503192 0.0406406 0.0311387 0.0211968 0.0120832 0.00481783 0.000910528
 8.31539e-027 1.03364e-020 2.21932e-015 6.50048e-011 2.5974e-007 0.000141581 0.0105278 0.106794 0.147784 0.0284631 0.0228932 0.118637 0.0874665 0.0338301 0.0977636 0.062015 0.0642664 0.0598465 0.0502941 0.0404359 0.0307675 0.0208065 0.0117843 0.00463532 0.000847148
 8.31952e-027 1.03437e-020 2.22088e-015 6.50507e-011 2.59923e-007 0.000141681 0.0105353 0.106869 0.147889 0.0284858 0.0230114 0.119267 0.0879259 0.033873 0.097752 0.061957 0.0639725 0.0596174 0.0502565 0.0404154 0.0306383 0.0205527 0.0115448 0.00449087 0.000804474
 8.25236e-027 1.02248e-020 2.19537e-015 6.43032e-011 2.56937e-007 0.000140053 0.0104142 0.105641 0.146189 0.028165 0.0230031 0.119266 0.0879314 0.034038 0.098391 0.0623589 0.0643712 0.0599992 0.0506329 0.040866 0.0310601 0.0207538 0.0115495 0.00444338 0.00078513
 8.18555e-027 1.01066e-020 2.16999e-015 6.35599e-011 2.53967e-007 0.000138434 0.0102938 0.10442 0.1445 0.0278436 0.0229021 0.11877 0.0875755 0.0341731 0.0990547 0.0628314 0.0650976 0.0606623 0.0511155 0.0412614 0.0314462 0.0210586 0.0116499 0.00443127 0.00077408
 8.1325e-027 1.00128e-020 2.14984e-015 6.29697e-011 2.51608e-007 0.000137149 0.0101983 0.103451 0.143158 0.0275873 0.022777 0.118136 0.0871139 0.0341674 0.0992129 0.0630344 0.0657906 0.061386 0.0518282 0.0417886 0.0318248 0.0213652 0.0118189 0.00445518 0.000769749
 8.11523e-027 9.98225e-021 2.14329e-015 6.27778e-011 2.50842e-007 0.000136731 0.0101672 0.103135 0.142722 0.0275021 0.0226628 0.117536 0.0866747 0.0340773 0.0990334 0.0629756 0.0659922 0.0616959 0.0523619 0.0422915 0.0321985 0.021603 0.0119711 0.00449401 0.000768977
 8.09711e-027 9.95021e-021 2.13641e-015 6.25763e-011 2.50036e-007 0.000136292 0.0101345 0.102804 0.142264 0.0274129 0.0225522 0.116956 0.0862464 0.0338935 0.098486 0.0627028 0.0660655 0.0619181 0.0529134 0.0429791 0.0328718 0.0220659 0.0122298 0.00458766 0.000779928
 8.05621e-027 9.87788e-021 2.12088e-015 6.21214e-011 2.48219e-007 0.000135301 0.0100609 0.102057 0.141229 0.0272139 0.0224004 0.116171 0.0856683 0.0336885 0.0979138 0.0624061 0.0660785 0.0621592 0.0536921 0.0439698 0.0339395 0.0229196 0.0127178 0.00477017 0.000808426
 8.05238e-027 9.87114e-021 2.11943e-015 6.2079e-011 2.48049e-007 0.000135209 0.010054 0.101987 0.141133 0.0271936 0.0223164 0.115724 0.0853386 0.0335558 0.0975248 0.0621485 0.0657633 0.0619219 0.0536986 0.0443283 0.0345949 0.023613 0.0131818 0.0049491 0.000837779
 8.08153e-027 9.92271e-021 2.1305e-015 6.24034e-011 2.49345e-007 0.000135915 0.0101065 0.10252 0.14187 0.0273344 0.0223848 0.116071 0.0855899 0.0335293 0.0973235 0.0619658 0.0653128 0.0613915 0.0530229 0.0438209 0.0344399 0.0238075 0.0134424 0.00507132 0.000858777
 8.12141e-027 9.99324e-021 2.14565e-015 6.28469e-011 2.51118e-007 0.000136881 0.0101784 0.103249 0.142879 0.0275273 0.0224892 0.116603 0.0859796 0.0336025 0.097456 0.0619686 0.0649296 0.060895 0.0522868 0.0430217 0.0337718 0.023536 0.0134796 0.0051372 0.000872597
 8.1594e-027 1.00604e-020 2.16007e-015 6.32695e-011 2.52806e-007 0.000137801 0.0102468 0.103943 0.143839 0.0277104 0.0225624 0.116969 0.0862475 0.0336477 0.0975274 0.0619828 0.0647945 0.0606569 0.0517964 0.0424062 0.033095 0.0230497 0.0133453 0.00515859 0.000882465
 8.16571e-027 1.00716e-020 2.16247e-015 6.33397e-011 2.53087e-007 0.000137954 0.0102582 0.104058 0.143999 0.0277411 0.0225858 0.117091 0.0863352 0.0336331 0.0974373 0.0619443 0.0648438 0.060732 0.0518977 0.0423653 0.0328814 0.0227673 0.0132172 0.00517842 0.000895649
 8.20338e-027 1.01382e-020 2.17678e-015 6.37588e-011 2.54761e-007 0.000138867 0.0103261 0.104747 0.144952 0.0279233 0.0226818 0.11758 0.0866936 0.0337168 0.0976226 0.0619807 0.0644981 0.0603205 0.051386 0.0418931 0.0324023 0.0222823 0.0128798 0.00508522 0.000890443
 8.20223e-027 1.01362e-020 2.17634e-015 6.3746e-011 2.5471e-007 0.000138839 0.010324 0.104726 0.144923 0.0279172 0.0226572 0.117448 0.086597 0.0336819 0.0975254 0.0619654 0.0646997 0.0605192 0.0515387 0.0419882 0.0324409 0.0222223 0.0127565 0.0050391 0.000891036
 8.17636e-027 1.00904e-020 2.16651e-015 6.34579e-011 2.53559e-007 0.000138212 0.0102773 0.104253 0.144268 0.027795 0.0227099 0.117748 0.0868167 0.0337369 0.0976541 0.0620395 0.0647441 0.060606 0.05173 0.0421387 0.0325277 0.0222398 0.012697 0.00499352 0.000887024
 8.15916e-027 1.00599e-020 2.15997e-015 6.32663e-011 2.52794e-007 0.000137795 0.0102463 0.103938 0.143832 0.0277151 0.0227984 0.118233 0.0871781 0.0339873 0.0984861 0.0624809 0.0647884 0.060504 0.0513524 0.0417966 0.0322389 0.0220044 0.012518 0.00489511 0.000868994
 8.12144e-027 9.9932e-021 2.14564e-015 6.28467e-011 2.51117e-007 0.000136881 0.0101783 0.103248 0.142878 0.0275331 0.0227213 0.117845 0.0868994 0.0340826 0.0989657 0.0628608 0.0655321 0.0611489 0.0516862 0.0418978 0.0322285 0.021976 0.0124704 0.0048522 0.000858108
 8.13164e-027 1.00113e-020 2.14952e-015 6.29602e-011 2.5157e-007 0.000137128 0.0101967 0.103435 0.143136 0.027581 0.0226881 0.117661 0.0867648 0.034066 0.0989537 0.0628865 0.0657158 0.0613502 0.0518754 0.0418754 0.0320129 0.0217415 0.0123114 0.00477138 0.000839794
 8.12964e-027 1.00078e-020 2.14876e-015 6.29382e-011 2.51483e-007 0.00013708 0.0101932 0.103399 0.143086 0.0275694 0.0226034 0.117208 0.0864302 0.033903 0.098451 0.0626416 0.0658162 0.0615953 0.0524202 0.0424215 0.0323726 0.0218452 0.0123159 0.00475696 0.000833552
 8.10214e-027 9.95909e-021 2.13831e-015 6.26321e-011 2.50259e-007 0.000136413 0.0101436 0.102896 0.14239 0.0274388 0.0226289 0.117363 0.0865413 0.0338651 0.0982609 0.0625139 0.0656561 0.0615512 0.052691 0.0428831 0.0328831 0.0221495 0.0124058 0.00476923 0.000832484
 8.0608e-027 9.8859e-021 2.1226e-015 6.21719e-011 2.4842e-007 0.000135411 0.010069 0.10214 0.141344 0.0272435 0.0227139 0.117845 0.0869006 0.0341096 0.0990703 0.0629357 0.065657 0.0614312 0.0523785 0.0427323 0.0329556 0.0223027 0.0124523 0.00475617 0.000826689
 8.00768e-027 9.79194e-021 2.10243e-015 6.15809e-011 2.46059e-007 0.000134124 0.00997334 0.101169 0.140001 0.0269858 0.022544 0.116971 0.0862679 0.0341875 0.0996192 0.0633724 0.0665182 0.0622032 0.0528633 0.0430232 0.0332168 0.0226252 0.0126739 0.00481763 0.00083294
 8.00557e-027 9.78824e-021 2.10163e-015 6.15577e-011 2.45966e-007 0.000134073 0.00996958 0.101131 0.139948 0.0269727 0.0224247 0.116334 0.0857988 0.034029 0.0991868 0.0632098 0.0668778 0.0626465 0.0533978 0.0433438 0.033339 0.0227347 0.0128127 0.00487127 0.000838074
 7.98203e-027 9.74664e-021 2.0927e-015 6.12961e-011 2.44921e-007 0.000133503 0.0099272 0.100701 0.139353 0.0268576 0.0223083 0.115727 0.085349 0.0337865 0.0984197 0.0628049 0.0668546 0.0629041 0.054287 0.0443079 0.0341143 0.023195 0.0131068 0.00500341 0.000859022
 7.99475e-027 9.76912e-021 2.09753e-015 6.14374e-011 2.45486e-007 0.000133811 0.0099501 0.100933 0.139674 0.0269209 0.0224155 0.116292 0.0857618 0.0338437 0.09848 0.0627221 0.0662001 0.0622271 0.0536982 0.0441357 0.0342439 0.0233095 0.013153 0.00503835 0.000866181
 7.99493e-027 9.76943e-021 2.09759e-015 6.14394e-011 2.45493e-007 0.000133815 0.00995041 0.100936 0.139679 0.026922 0.0224232 0.116333 0.0857949 0.0339347 0.0988202 0.0629083 0.0662466 0.0621256 0.0532666 0.0437544 0.0341397 0.0234367 0.0132426 0.00507668 0.000875083
 8.05142e-027 9.86937e-021 2.11905e-015 6.20679e-011 2.48005e-007 0.000135184 0.0100522 0.101969 0.141108 0.0271932 0.0224896 0.116651 0.0860275 0.0339727 0.0988773 0.0629082 0.0660701 0.0618077 0.0525899 0.0428815 0.0333052 0.022986 0.0130841 0.0050238 0.000867608
 8.15528e-027 1.00531e-020 2.1585e-015 6.32233e-011 2.52621e-007 0.000137701 0.0102393 0.103867 0.143734 0.0276954 0.0227501 0.117977 0.0869949 0.0340752 0.0988998 0.0627971 0.0653606 0.0609145 0.0512956 0.0414377 0.0318203 0.0218383 0.0125027 0.00482741 0.000835234
 8.33004e-027 1.03622e-020 2.22487e-015 6.51674e-011 2.6039e-007 0.000141935 0.0105542 0.107061 0.148154 0.0285396 0.0231593 0.120051 0.0885132 0.0343483 0.0993689 0.0628237 0.0641023 0.0592919 0.0489374 0.0389892 0.0294691 0.0199406 0.0113703 0.00441638 0.000766969
 8.56115e-027 1.0771e-020 2.31264e-015 6.77382e-011 2.70662e-007 0.000147534 0.0109705 0.111285 0.153999 0.0296594 0.0238354 0.123516 0.0910484 0.0347896 0.100098 0.0629281 0.0625076 0.0570913 0.045452 0.0353262 0.0260174 0.0172322 0.00968231 0.00375856 0.000655807
 8.69635e-027 1.10101e-020 2.36398e-015 6.92419e-011 2.7667e-007 0.000150809 0.0112141 0.113755 0.157417 0.0303173 0.0243455 0.126156 0.0929846 0.0352539 0.10115 0.0633625 0.0618475 0.055996 0.0433689 0.0327221 0.0232223 0.0148915 0.0081625 0.00313424 0.000547797
 8.81848e-027 1.1226e-020 2.41034e-015 7.05999e-011 2.82096e-007 0.000153767 0.011434 0.115986 0.160505 0.0309151 0.0249478 0.129298 0.0952923 0.0358977 0.102755 0.0640483 0.0609792 0.0545991 0.0408759 0.0299609 0.0203899 0.012481 0.00658213 0.00246985 0.000429332
 8.85191e-027 1.12851e-020 2.42303e-015 7.09716e-011 2.83582e-007 0.000154577 0.0114942 0.116597 0.16135 0.0310784 0.0250998 0.13009 0.0958824 0.0363085 0.104123 0.0648645 0.0615669 0.054831 0.0402176 0.0287554 0.0188311 0.0109633 0.00547714 0.00197763 0.000338398
 8.98292e-027 1.15169e-020 2.47278e-015 7.24289e-011 2.89404e-007 0.000157751 0.0117302 0.118991 0.164663 0.0317154 0.0255693 0.132515 0.0976591 0.0366695 0.104834 0.0650531 0.0605138 0.0533975 0.0380167 0.0264952 0.0167014 0.00924961 0.00434081 0.00148128 0.000246088
 9.00971e-027 1.15642e-020 2.48295e-015 7.27266e-011 2.90594e-007 0.000158399 0.0117784 0.11948 0.16534 0.0318469 0.0257197 0.133302 0.09824 0.0369193 0.10558 0.0654792 0.0607266 0.0534036 0.0375069 0.0256305 0.0156328 0.00827064 0.00364285 0.00115874 0.000183787
 9.01827e-027 1.15793e-020 2.48618e-015 7.28213e-011 2.90973e-007 0.000158605 0.0117938 0.119635 0.165555 0.0318968 0.0260835 0.135243 0.0996656 0.0373194 0.106581 0.0659352 0.0603505 0.0527873 0.0364298 0.024513 0.0145568 0.00739094 0.00306626 0.000903358 0.000134616
 9.06363e-027 1.16595e-020 2.50341e-015 7.33261e-011 2.92989e-007 0.000159705 0.0118755 0.120465 0.166702 0.0321122 0.0260405 0.134983 0.0994854 0.0375687 0.107617 0.0664884 0.060422 0.0526174 0.0357403 0.0237017 0.0137666 0.00676577 0.00266143 0.000726771 0.000100616
 9.2398e-027 1.19712e-020 2.57033e-015 7.52862e-011 3.00821e-007 0.000163974 0.012193 0.123685 0.171158 0.0329616 0.0263862 0.136716 0.100743 0.0374822 0.106792 0.0657961 0.0589053 0.0508496 0.0334773 0.0217239 0.0122752 0.00585483 0.00220314 0.000561112 7.18535e-005
 9.36999e-027 1.22014e-020 2.61977e-015 7.67341e-011 3.06607e-007 0.000167127 0.0124275 0.126064 0.17445 0.033596 0.0269089 0.139428 0.102721 0.0376737 0.106765 0.0654333 0.0569033 0.0486908 0.0311725 0.0196846 0.0107157 0.00493583 0.00178417 0.000427909 5.08126e-005
 9.47162e-027 1.23812e-020 2.65837e-015 7.78648e-011 3.11125e-007 0.00016959 0.0126106 0.127921 0.177021 0.0340846 0.0270546 0.14014 0.103246 0.0378602 0.107282 0.0655492 0.0560144 0.0475473 0.0295744 0.0182632 0.00959538 0.00423183 0.00146363 0.000332815 3.69255e-005
 9.52093e-027 1.24684e-020 2.67708e-015 7.84129e-011 3.13315e-007 0.000170784 0.0126994 0.128821 0.178267 0.0343316 0.0275235 0.142616 0.105054 0.0380609 0.107361 0.065424 0.055057 0.046351 0.0279248 0.0167924 0.00849655 0.00358965 0.00117875 0.000253852 2.65102e-005
 9.58118e-027 1.2575e-020 2.69997e-015 7.90833e-011 3.15994e-007 0.000172244 0.0128079 0.129923 0.179791 0.0346186 0.0275005 0.142453 0.104943 0.0382872 0.108278 0.0658163 0.0545629 0.0457179 0.027084 0.0159385 0.0077686 0.00314024 0.000977829 0.000198331 1.95311e-005
 9.6855e-027 1.27595e-020 2.7396e-015 8.0244e-011 3.20631e-007 0.000174772 0.0129959 0.13183 0.18243 0.0351194 0.0276176 0.143012 0.105341 0.0380534 0.107217 0.0651606 0.053964 0.0450011 0.0260678 0.0150982 0.0071575 0.00277216 0.000817632 0.000155733 1.44152e-005
 9.75029e-027 1.28742e-020 2.76421e-015 8.09649e-011 3.23512e-007 0.000176342 0.0131127 0.133014 0.184069 0.0354325 0.0277714 0.143792 0.105905 0.037966 0.106657 0.0647007 0.0530027 0.0441461 0.0255202 0.0145975 0.00675429 0.00253407 0.000710555 0.000126948 1.10063e-005
 9.73902e-027 1.28542e-020 2.75992e-015 8.08392e-011 3.2301e-007 0.000176068 0.0130923 0.132808 0.183783 0.0353829 0.0279405 0.144704 0.106574 0.0381209 0.106999 0.0648257 0.052699 0.0437787 0.0250864 0.0143094 0.00655987 0.00239758 0.000645772 0.000108668 8.80827e-006
 9.7709e-027 1.29105e-020 2.77201e-015 8.11932e-011 3.24424e-007 0.000176839 0.0131496 0.133389 0.184588 0.0355459 0.0283776 0.147021 0.108274 0.0385377 0.107954 0.0650527 0.0511484 0.0420324 0.0231988 0.0129719 0.00583676 0.00210155 0.000548474 8.77609e-005 6.66941e-006
 9.86754e-027 1.30814e-020 2.80871e-015 8.22683e-011 3.2872e-007 0.000179181 0.0133238 0.135155 0.187032 0.0360128 0.0286091 0.148196 0.109139 0.0388325 0.108759 0.0652263 0.0497332 0.0403176 0.0210535 0.0113369 0.00487687 0.00170876 0.000435725 6.70428e-005 4.81616e-006
 9.9084e-027 1.31537e-020 2.82423e-015 8.27228e-011 3.30536e-007 0.000180171 0.0133974 0.135902 0.188065 0.0362101 0.0287012 0.148662 0.109477 0.0388228 0.108591 0.0651318 0.0496853 0.0400867 0.0203539 0.0105943 0.00430016 0.00143102 0.000352 5.24966e-005 3.60537e-006
 9.93934e-027 1.32085e-020 2.836e-015 8.30676e-011 3.31913e-007 0.000180922 0.0134532 0.136469 0.188849 0.0363523 0.0284792 0.147454 0.108592 0.0386343 0.108202 0.0650065 0.0501254 0.0405951 0.0208903 0.0107962 0.00423709 0.00132902 0.00030794 4.40493e-005 2.91555e-006
 1.00924e-026 1.34792e-020 2.89412e-015 8.47699e-011 3.38716e-007 0.00018463 0.0137289 0.139265 0.192719 0.037093 0.0288935 0.149569 0.110121 0.0383551 0.106521 0.0636735 0.0475061 0.0381599 0.0191388 0.00981747 0.00381468 0.00115265 0.000249967 3.35262e-005 2.12368e-006
 1.01234e-026 1.3534e-020 2.90589e-015 8.51147e-011 3.40093e-007 0.00018538 0.0137847 0.139832 0.193503 0.037243 0.028977 0.149996 0.110434 0.0384476 0.106757 0.0636954 0.0469277 0.037524 0.0184726 0.00933852 0.00356669 0.00106472 0.000221581 2.76875e-005 1.64742e-006
 1.0135e-026 1.35546e-020 2.91031e-015 8.52443e-011 3.40611e-007 0.000185663 0.0138057 0.140045 0.193798 0.0372995 0.029015 0.150192 0.110577 0.0384598 0.106749 0.0636829 0.0468762 0.0374045 0.0181957 0.0090908 0.00340032 0.000995187 0.000202937 2.41454e-005 1.33902e-006
 1.03595e-026 1.39519e-020 2.9956e-015 8.77425e-011 3.50593e-007 0.000191104 0.0142103 0.144149 0.199477 0.0383795 0.029348 0.151825 0.111755 0.0381902 0.105237 0.0623056 0.0434978 0.0342119 0.0158129 0.00767289 0.00277263 0.000787987 0.000156462 1.80653e-005 9.48427e-007
 1.06255e-026 1.44226e-020 3.09667e-015 9.07027e-011 3.62421e-007 0.000197551 0.0146898 0.149012 0.206207 0.0396508 0.0294161 0.152015 0.111872 0.0375853 0.102836 0.0606092 0.0409317 0.0317735 0.0138386 0.00643885 0.00219926 0.000599144 0.00011467 1.28313e-005 6.49028e-007
 1.07667e-026 1.46722e-020 3.15027e-015 9.22728e-011 3.68695e-007 0.000200971 0.014944 0.151591 0.209776 0.0403407 0.0300642 0.155389 0.114314 0.0372418 0.100553 0.0589094 0.0380118 0.0291127 0.0120065 0.00533461 0.00169131 0.000431163 7.80662e-005 8.37603e-006 4.09197e-007
 1.08603e-026 1.48379e-020 3.18584e-015 9.33147e-011 3.72858e-007 0.00020324 0.0151128 0.153303 0.212145 0.040797 0.0304348 0.15731 0.115718 0.0374435 0.100784 0.0585666 0.0353668 0.026605 0.0102483 0.00433396 0.00127387 0.000298964 4.98415e-005 5.02024e-006 2.3466e-007
 1.1088e-026 1.52407e-020 3.27234e-015 9.58481e-011 3.82981e-007 0.000208758 0.0155231 0.157465 0.217905 0.0418894 0.0306659 0.158397 0.116493 0.0370286 0.0988648 0.0570283 0.0322794 0.0237408 0.0082123 0.00322381 0.000859435 0.000184222 2.77657e-005 2.55061e-006 1.11677e-007
 1.12931e-026 1.56035e-020 3.35022e-015 9.81295e-011 3.92096e-007 0.000213727 0.0158926 0.161213 0.223091 0.0428856 0.0313628 0.16199 0.119087 0.0364782 0.0957167 0.0546721 0.0281869 0.0201736 0.0062052 0.00220995 0.000509588 9.66306e-005 1.29355e-005 1.06045e-006 4.22492e-008
 1.12993e-026 1.56145e-020 3.35258e-015 9.81985e-011 3.92372e-007 0.000213877 0.0159037 0.161327 0.223248 0.0429116 0.0312196 0.16122 0.118535 0.0366962 0.0967741 0.0552313 0.0282323 0.0200897 0.00591479 0.00199897 0.000408874 6.71439e-005 7.70028e-006 5.50922e-007 1.94836e-008
 1.14078e-026 1.58065e-020 3.39382e-015 9.94063e-011 3.97198e-007 0.000216508 0.0160994 0.163311 0.225994 0.0434389 0.0315835 0.163095 0.119884 0.0362735 0.0946083 0.0537497 0.0262135 0.0184055 0.00511868 0.00164723 0.000311005 4.54143e-005 4.39449e-006 2.63864e-007 8.04829e-009
 1.13616e-026 1.57245e-020 3.37621e-015 9.88906e-011 3.95138e-007 0.000215385 0.0160158 0.162464 0.224822 0.0432306 0.0320911 0.165842 0.121891 0.0365633 0.094954 0.0536885 0.0248452 0.0171954 0.00452095 0.00138364 0.000242479 3.2545e-005 2.76472e-006 1.38402e-007 3.50474e-009
 1.13973e-026 1.57877e-020 3.38978e-015 9.92883e-011 3.96727e-007 0.000216251 0.0160802 0.163117 0.225726 0.0434063 0.032294 0.166903 0.122668 0.0367011 0.0951826 0.0535283 0.0232546 0.0157953 0.00383441 0.00109337 0.000176095 2.16706e-005 1.65852e-006 7.2139e-008 1.51406e-009
 1.1856e-026 1.65996e-020 3.56409e-015 1.04394e-010 4.17126e-007 0.00022737 0.0169071 0.171504 0.237332 0.045594 0.0322157 0.166182 0.122085 0.03505 0.0889878 0.049522 0.018792 0.0122696 0.0025878 0.000641659 8.98636e-005 9.73445e-006 6.62006e-007 2.55383e-008 4.61546e-010
 1.20767e-026 1.69902e-020 3.64796e-015 1.0685e-010 4.26942e-007 0.000232721 0.0173049 0.17554 0.242917 0.0466419 0.0319931 0.164846 0.121078 0.0340266 0.0854052 0.0475071 0.0179285 0.011647 0.00232561 0.000534451 6.50623e-005 5.99906e-006 3.48245e-007 1.17289e-008 1.85964e-010
 1.21811e-026 1.71749e-020 3.68762e-015 1.08012e-010 4.31584e-007 0.000235251 0.0174931 0.177449 0.245558 0.0471436 0.0321327 0.165524 0.12155 0.033442 0.0829531 0.0460462 0.0168784 0.0108855 0.00215977 0.000488561 5.56865e-005 4.55552e-006 2.20332e-007 6.20072e-009 8.43258e-011
 1.22278e-026 1.72573e-020 3.70532e-015 1.0853e-010 4.33656e-007 0.00023638 0.017577 0.178301 0.246737 0.0473901 0.0330778 0.17055 0.125189 0.032986 0.0797737 0.0438617 0.0138758 0.0085553 0.00154224 0.00031074 3.35246e-005 2.54218e-006 1.08528e-007 2.54048e-009 2.83629e-011
 1.21483e-026 1.71166e-020 3.67509e-015 1.07645e-010 4.30118e-007 0.000234452 0.0174337 0.176846 0.244724 0.0470198 0.0334467 0.172575 0.12668 0.033488 0.0811417 0.0443932 0.0128549 0.0076702 0.00125326 0.000216386 2.06808e-005 1.37575e-006 5.38082e-008 1.11703e-009 1.04289e-011
 1.22118e-026 1.72289e-020 3.6992e-015 1.08351e-010 4.3294e-007 0.00023599 0.017548 0.178006 0.24633 0.0473242 0.0335074 0.172859 0.126878 0.0332625 0.0801876 0.0437359 0.0119399 0.00695693 0.00105648 0.000158069 1.32429e-005 7.24016e-007 2.40296e-008 4.40446e-010 3.6456e-012
 1.20884e-026 1.70106e-020 3.65234e-015 1.06979e-010 4.27454e-007 0.000233 0.0173257 0.175751 0.243209 0.0467388 0.0336383 0.17364 0.127465 0.0337896 0.082008 0.0448063 0.0126424 0.00744832 0.00112544 0.000165494 1.29504e-005 6.11644e-007 1.68718e-008 2.53929e-010 1.80314e-012
 1.20587e-026 1.69579e-020 3.64102e-015 1.06647e-010 4.2613e-007 0.000232278 0.017272 0.175206 0.242455 0.0465944 0.0335471 0.173172 0.127132 0.034023 0.0830415 0.0453942 0.0129258 0.00764353 0.0011696 0.000176149 1.37158e-005 6.25353e-007 1.54381e-008 1.93572e-010 1.11487e-012
 1.20718e-026 1.69812e-020 3.64604e-015 1.06794e-010 4.26718e-007 0.000232598 0.0172958 0.175448 0.24279 0.0466521 0.0333396 0.172053 0.126319 0.0340247 0.0833629 0.0456435 0.0133896 0.00800046 0.00124078 0.000191945 1.52387e-005 7.13207e-007 1.73827e-008 2.02405e-010 9.94101e-013
 1.19961e-026 1.68472e-020 3.61727e-015 1.05951e-010 4.2335e-007 0.000230763 0.0171594 0.174063 0.240874 0.0462973 0.0335994 0.173493 0.127372 0.0341945 0.0836174 0.0458134 0.0136068 0.00816903 0.00128748 0.000205349 1.65984e-005 8.00496e-007 2.00383e-008 2.35572e-010 1.10575e-012
 1.20372e-026 1.69198e-020 3.63285e-015 1.06408e-010 4.25173e-007 0.000231757 0.0172332 0.174813 0.241911 0.0465061 0.0341125 0.17621 0.129336 0.0338574 0.0815477 0.0444201 0.0118159 0.00681753 0.00102461 0.000149445 1.18815e-005 5.67633e-007 1.43755e-008 1.72745e-010 8.24128e-013
 1.21292e-026 1.70827e-020 3.66783e-015 1.07432e-010 4.29267e-007 0.000233988 0.0173992 0.176496 0.24424 0.046933 0.0336213 0.173522 0.127379 0.0337941 0.0820545 0.0446775 0.0117715 0.00675602 0.00097917 0.000131579 9.93883e-006 4.40615e-007 1.0926e-008 1.31414e-010 6.3815e-013
 1.23758e-026 1.75193e-020 3.76156e-015 1.10178e-010 4.40237e-007 0.000239968 0.0178438 0.181007 0.250482 0.0481036 0.0333546 0.171933 0.126181 0.0325789 0.0778017 0.0423174 0.01093 0.00622096 0.00088468 0.000113279 8.1458e-006 3.27305e-007 7.49702e-009 8.50361e-011 4.07439e-013
 1.22729e-026 1.73371e-020 3.72244e-015 1.09032e-010 4.35659e-007 0.000237472 0.0176583 0.179124 0.247877 0.0476235 0.0337959 0.174362 0.127953 0.0327717 0.0778678 0.0423682 0.0110303 0.00629949 0.000903811 0.00011804 8.40697e-006 3.25319e-007 6.94708e-009 7.17076e-011 3.18995e-013
 1.2328e-026 1.74346e-020 3.74339e-015 1.09645e-010 4.38111e-007 0.000238808 0.0177576 0.180132 0.249272 0.0478829 0.0336498 0.173544 0.127356 0.032706 0.0778407 0.0422634 0.0105126 0.00589533 0.000835087 0.000105884 7.5271e-006 2.91108e-007 6.06962e-009 5.91287e-011 2.40825e-013
 1.24191e-026 1.75958e-020 3.778e-015 1.10659e-010 4.42162e-007 0.000241017 0.0179218 0.181798 0.251577 0.0483081 0.033275 0.171479 0.125844 0.0324098 0.0772748 0.0420154 0.0107704 0.00610973 0.00086055 0.000107465 7.5702e-006 2.88518e-007 6.01178e-009 5.80714e-011 2.27191e-013
 1.22138e-026 1.72324e-020 3.69997e-015 1.08374e-010 4.3303e-007 0.000236039 0.0175517 0.178043 0.246381 0.0473403 0.0337599 0.174208 0.127852 0.0330515 0.078994 0.0430625 0.0116453 0.00674863 0.000982916 0.000132752 9.46929e-006 3.62926e-007 7.52401e-009 7.22918e-011 2.81999e-013
 1.21236e-026 1.70726e-020 3.66566e-015 1.07369e-010 4.29014e-007 0.00023385 0.0173889 0.176392 0.244096 0.04693 0.034569 0.178596 0.131048 0.0332101 0.0783731 0.042478 0.0101725 0.00561481 0.000790148 9.86936e-005 7.03806e-006 2.74675e-007 5.6912e-009 5.41713e-011 2.09218e-013
 1.10735e-026 1.52135e-020 3.26649e-015 9.56769e-011 3.82296e-007 0.000208385 0.0154953 0.157184 0.217516 0.0420081 0.0381997 0.19871 0.145797 0.0366223 0.0859269 0.0463645 0.00998029 0.00523014 0.000683517 6.89327e-005 4.55001e-006 1.59796e-007 3.24667e-009 3.09833e-011 1.18786e-013
 1.02005e-026 1.36682e-020 2.9347e-015 8.59587e-011 3.43466e-007 0.000187219 0.0139214 0.141218 0.195423 0.0378668 0.0392443 0.204874 0.150453 0.0415643 0.103294 0.0555039 0.0105828 0.00518001 0.000634448 4.97644e-005 2.88531e-006 7.876e-008 1.37722e-009 1.19788e-011 4.50854e-014
 1.90879e-026 2.94016e-020 6.31281e-015 1.84905e-010 7.38826e-007 0.000402724 0.0299463 0.303773 0.420366 0.0797423 0.0172575 0.0813985 0.0594079 0.00615636 0.00101815 0.000494375 3.55323e-005 3.50412e-007 6.7101e-010 3.00173e-012 5.67564e-015 1.57188e-018 1.4387e-022 7.36689e-026 2.59268e-027
 2.04467e-026 3.18075e-020 6.82938e-015 2.00036e-010 7.99283e-007 0.000435679 0.0323968 0.328631 0.454764 0.0860764 0.0111751 0.047965 0.0349993 0.00348787 6.07513e-005 7.16397e-006 5.08734e-007 4.98907e-009 6.67485e-012 1.22296e-015 3.96083e-020 2.56435e-024 2.56413e-027 2.4733e-027 2.47195e-027
 2.00785e-026 3.11556e-020 6.6894e-015 1.95936e-010 7.829e-007 0.000426749 0.0317327 0.321895 0.445443 0.0843611 0.0128652 0.0572486 0.0417746 0.0041642 7.6896e-005 1.08612e-005 7.73314e-007 7.58384e-009 1.0146e-011 1.85337e-015 4.92555e-020 9.94729e-025 2.50575e-027 2.47347e-027 2.47207e-027
 1.97547e-026 3.05821e-020 6.56628e-015 1.92329e-010 7.6849e-007 0.000418894 0.0311487 0.31597 0.437244 0.0828522 0.0143505 0.0654077 0.0477294 0.00476048 9.83161e-005 1.79213e-005 1.27979e-006 1.2551e-008 1.67914e-011 3.06995e-015 8.67385e-020 3.02837e-024 2.5758e-027 2.47363e-027 2.47217e-027
 2.03306e-026 3.16019e-020 6.78523e-015 1.98742e-010 7.94116e-007 0.000432863 0.0321873 0.326506 0.451824 0.0855354 0.0117069 0.0508862 0.0371313 0.00370261 7.32444e-005 1.22339e-005 8.72827e-007 8.55981e-009 1.14517e-011 2.09259e-015 5.69531e-020 1.48246e-024 2.52247e-027 2.47336e-027 2.47199e-027
 2.04511e-026 3.18152e-020 6.83104e-015 2.00084e-010 7.99477e-007 0.000435785 0.0324046 0.328711 0.454874 0.0860967 0.0111557 0.0478579 0.0349211 0.00347931 5.76241e-005 5.57149e-006 3.94266e-007 3.86645e-009 5.17266e-012 9.44382e-016 2.41057e-020 2.41781e-025 2.48102e-027 2.4733e-027 2.47195e-027
 2.01863e-026 3.13464e-020 6.73038e-015 1.97136e-010 7.87696e-007 0.000429363 0.0319271 0.323867 0.448171 0.0848632 0.0123713 0.0545353 0.0397944 0.00396538 6.77289e-005 7.43637e-006 5.27457e-007 5.17266e-009 6.92014e-012 1.26337e-015 3.21468e-020 2.95433e-025 2.48218e-027 2.47342e-027 2.47203e-027
 2.03799e-026 3.16891e-020 6.80397e-015 1.99291e-010 7.96309e-007 0.000434058 0.0322762 0.327408 0.453071 0.085765 0.0114818 0.0496495 0.0362287 0.00361091 6.49296e-005 8.49297e-006 6.04055e-007 5.9239e-009 7.92519e-012 1.44705e-015 3.71874e-020 4.365e-025 2.48658e-027 2.47333e-027 2.47197e-027
 2.01266e-026 3.12406e-020 6.70767e-015 1.96471e-010 7.85038e-007 0.000427914 0.0318194 0.322774 0.446659 0.0845849 0.0126457 0.0560426 0.0408945 0.0040748 6.88358e-005 7.23857e-006 5.13039e-007 5.03126e-009 6.73098e-012 1.22889e-015 3.13705e-020 3.14597e-025 2.48302e-027 2.47345e-027 2.47205e-027
 2.04726e-026 3.18535e-020 6.83925e-015 2.00325e-010 8.00438e-007 0.000436308 0.0324436 0.329106 0.45542 0.0861973 0.0110557 0.0473088 0.0345204 0.00344065 6.18587e-005 8.08765e-006 5.75223e-007 5.64115e-009 7.54691e-012 1.3779e-015 3.52693e-020 3.77872e-025 2.48461e-027 2.47329e-027 2.47194e-027
 2.11688e-026 3.30861e-020 7.10392e-015 2.08077e-010 8.31414e-007 0.000453193 0.0336991 0.341842 0.473044 0.0894404 0.00785228 0.0297132 0.0216793 0.00217079 7.76922e-005 2.55498e-005 1.83288e-006 1.79755e-008 2.4065e-011 4.63198e-015 5.81062e-019 1.2538e-022 6.99287e-027 2.47299e-027 2.47172e-027
#obs surv len freq
 nan nan nan nan nan nan nan nan nan nan nan nan nan nan nan nan nan nan nan nan nan nan nan nan nan
 4.91074e-027 7.72912e-021 1.65953e-015 4.86081e-011 1.94224e-007 0.000105869 0.00787234 0.0798564 0.110508 0.0213176 0.0184473 0.0958196 0.0706602 0.0277759 0.0807218 0.0515639 0.0552054 0.0534576 0.0510376 0.0495014 0.0502767 0.0512597 0.0541922 0.0512503 0.0191704
 5.27869e-027 8.30825e-021 1.78387e-015 5.22501e-011 2.08777e-007 0.000113801 0.00846219 0.0858398 0.118788 0.0229157 0.0198609 0.103167 0.0760781 0.0298941 0.0868614 0.0552892 0.0582115 0.0548984 0.0484397 0.0439303 0.0424086 0.0424145 0.0445814 0.0421016 0.015744
 5.54072e-027 8.72067e-021 1.87242e-015 5.48438e-011 2.1914e-007 0.00011945 0.00888225 0.0901008 0.124684 0.0240515 0.0207802 0.107933 0.0795936 0.0313143 0.0910261 0.0579375 0.0609748 0.0572271 0.049366 0.041987 0.0370751 0.0348171 0.0358366 0.0336995 0.0125941
 5.6974e-027 8.96727e-021 1.92537e-015 5.63947e-011 2.25337e-007 0.000122828 0.00913342 0.0926487 0.12821 0.0247332 0.0214296 0.111315 0.082085 0.032218 0.0935784 0.0595833 0.0628077 0.0589539 0.0507705 0.0424408 0.0351247 0.0296883 0.0286751 0.0265699 0.00991165
 5.79744e-027 9.12473e-021 1.95918e-015 5.7385e-011 2.29294e-007 0.000124985 0.0092938 0.0942756 0.130461 0.0251677 0.0218158 0.113322 0.0835678 0.0328674 0.0955299 0.0607821 0.063866 0.0599486 0.0516636 0.0431235 0.0350039 0.0272307 0.0234568 0.0207894 0.00770853
 5.85758e-027 9.21937e-021 1.9795e-015 5.79802e-011 2.31672e-007 0.000126281 0.0093902 0.0952534 0.131815 0.0254284 0.0220282 0.114423 0.0843804 0.0332033 0.0965229 0.0614541 0.0647583 0.0607548 0.0522527 0.0436314 0.0353311 0.0265356 0.0203102 0.0164224 0.0059781
 5.90921e-027 9.30065e-021 1.99695e-015 5.84913e-011 2.33715e-007 0.000127395 0.00947298 0.0960931 0.132977 0.0256507 0.0221463 0.115025 0.0848235 0.0333623 0.0969705 0.0617476 0.0651104 0.0611424 0.0527112 0.0439627 0.0355672 0.0264549 0.0186909 0.0133182 0.00464605
 5.91689e-027 9.31273e-021 1.99954e-015 5.85673e-011 2.34018e-007 0.00012756 0.00948528 0.096218 0.133149 0.0256869 0.0222886 0.115782 0.0853786 0.0334956 0.0972747 0.0619402 0.0653099 0.0613487 0.0529536 0.0442546 0.0358149 0.0265515 0.0179803 0.0112934 0.00366637
 5.93394e-027 9.33957e-021 2.00531e-015 5.87361e-011 2.34693e-007 0.000127928 0.00951262 0.0964953 0.133533 0.0257596 0.0223027 0.115847 0.0854314 0.0336423 0.0978232 0.0622426 0.0654073 0.0614106 0.052975 0.0443023 0.0359193 0.026627 0.0176514 0.0100211 0.00296784
 5.94333e-027 9.35435e-021 2.00848e-015 5.8829e-011 2.35064e-007 0.00012813 0.00952767 0.0966479 0.133744 0.0258 0.0223215 0.115943 0.0854999 0.0336172 0.0977011 0.0622316 0.065707 0.0616675 0.0530782 0.0443634 0.0359875 0.0267201 0.0175385 0.0092739 0.00250171
