SBPRF35
0.22417
Curr Bio
200801
B35
187364
F35
0.42155
FOFL
0.42155
OFL
83041.6
Bzero
64048.6
#pred survey bio
 28245.2 25184.5 19131.1 16480.3 25431.9 38421.4 53247.5 69186.7 93134.7 118843 141977 173080 215447 241928 237729 242764 256599 225181 209949 222263 217937 223084 225930 245592 245580 253802 258768 268614 289085 7.05455e+06 5.39815e+06 3.64748e+06 2.34908e+06 1.56512e+06 1.13543e+06 910631 794918 735082 703542 686435 676845 671289 667973 665943 664675 663876 663367 663041 662829 662693 662604 662546 662508 662483 662467 662457 662450 662445 662442 662440 662439 662438 662438 662437 662437 662437 662437 662437 662437 662437 662437 662437 662437 662437 662437 662437 662437 662437 662437 662437 662437 662437 662437 662437 662437 662437 662437 662437 662437 662437 662437 662437 662437 662437 662437 662437 662437 662437 662437 662437 662437 662437 662437 662437 662437 662437 662437 662437 662437 662437 662437 662437 662437 662437 662437 662437 662437 662437 662437 662437 662437 662437 662437 662437 662437 662437 662437 662437 662437 0 0 0 0 0 0 0 0 0 0 0 0 0 0 0 0 0 0 0 0 0 0 0 0 0
#obs survey bio
 20738.2 17528.1 16227.1 26292.3 29549.4 51125 47097.7 87336.4 125844 101475 177692 207477 219318 209881 212510 263671 232914 187920 152473 218872 254930 227164 242608 236313 267819 224475 322475 250183 284234
#pred catch bio
 3167.75 3991.92 3588.39 2548.52 5364.49 7310.3 10838.1 15119.5 23350.1 37224.3 46836.1 57498 80962.1 102478 93074.1 88860 112339 90450.9 75142.2 90902.5 85301.1 89833.4 83433.4 102343 95269.2 98806.8 99133 94719.4 97827.9 83041.6 70596.7 45956.5 28259.9 18030 12727.3 10151.4 8950.32 8405.1 8161.98 8054.87 8008.08 7987.74 7978.95 7975.15 7973.51 7972.81 7972.51 7972.38 7972.32 7972.3 7972.29 7972.29 7972.28 7972.28 7972.28 7972.28 7972.28 7972.28 7972.28 7972.28 7972.28 7972.28 7972.28 7972.28 7972.28 7972.28 7972.28 7972.28 7972.28 7972.28 7972.28 7972.28 7972.28 7972.28 7972.28 7972.28 7972.28 7972.28 7972.28 7972.28 7972.28 7972.28 7972.28 7972.28 7972.28 7972.28 7972.28 7972.28 7972.28 7972.28 7972.28 7972.28 7972.28 7972.28 7972.28 7972.28 7972.28 7972.28 7972.28 7972.28 7972.28 7972.28 7972.28 7972.28 7972.28 7972.28 7972.28 7972.28 7972.28 7972.28 7972.28 7972.28 7972.28 7972.28 7972.28 7972.28 7972.28 7972.28 7972.28 7972.28 7972.28 7972.28 7972.28 7972.28 7972.28 7972.28 7972.28 7972.28 7972.28 0 0 0 0 0 0 0 0 0 0 0 0 0 0 0 0 0 0 0 0 0 0 0 0 0
#obs catch bio
 3401.4 4135.74 3856.65 2542.95 5398.66 7083.24 10650 14551 21773.9 35395.4 45037.6 54675.9 77983.1 104365 96297.2 89320.2 117603 90089.2 77081.7 95261.1 84694.9 89032.3 83219.8 101975 93170.2 102655 104108 94055.6 97555.2
#pred cpue bio
 27359.8 24829.8 18946.6 15759.9 23197.5 35618.7 49987.4 64995.7 86764 111087 132020 160319 199328 224543 221377 226507 239617 211184 196941 207356 203140 207913 210292 228587 228275 236775 241398 250364 270250 6.62028e+06 5.34835e+06 3.6167e+06 2.31877e+06 1.53481e+06 1.10512e+06 880324 764610 704775 673234 656127 646538 640982 637665 635635 634368 633569 633060 632733 632522 632385 632296 632238 632200 632176 632160 632149 632142 632138 632135 632133 632132 632131 632130 632130 632130 632130 632129 632129 632129 632129 632129 632129 632129 632129 632129 632129 632129 632129 632129 632129 632129 632129 632129 632129 632129 632129 632129 632129 632129 632129 632129 632129 632129 632129 632129 632129 632129 632129 632129 632129 632129 632129 632129 632129 632129 632129 632129 632129 632129 632129 632129 632129 632129 632129 632129 632129 632129 632129 632129 632129 632129 632129 632129 632129 632129 632129 632129 632129 632129 0 0 0 0 0 0 0 0 0 0 0 0 0 0 0 0 0 0 0 0 0 0 0 0 0
#obs cpue bio
 17171 25333.1 10960.4 18590 28993.1 39148.3 49208.3 78079.9 103232 126114 106876 169099 207421 195878 187018 222460 219931 292736 188157 189088 212665 223228 173214 273948 233468 172598 155188 359409 269064
#pred surv len freq
 2.43599e-11 1.14577e-09 3.73171e-08 8.41593e-07 1.31427e-05 0.00014212 0.00106421 0.00551859 0.0198243 0.049396 0.0857952 0.105887 0.0993572 0.0845199 0.0795119 0.0792428 0.0739361 0.0651945 0.0568667 0.0490939 0.0419236 0.0357942 0.0298714 0.0226833 0.014363
 1.17303e-11 5.51737e-10 1.79697e-08 4.05262e-07 6.32879e-06 6.84384e-05 0.000512506 0.0026584 0.00956007 0.0239229 0.0422494 0.0554298 0.0625048 0.074585 0.0940908 0.106418 0.103081 0.091992 0.0807126 0.0694989 0.057989 0.0469647 0.0364412 0.0258047 0.0155083
 9.85368e-12 4.6347e-10 1.50949e-08 3.40428e-07 5.31629e-06 5.74889e-05 0.000430493 0.00223264 0.00802396 0.0200297 0.0350398 0.0444406 0.0456497 0.0476906 0.0580414 0.0740218 0.0909645 0.104871 0.10924 0.10146 0.0860992 0.0683821 0.0505916 0.0336648 0.019063
 3.40804e-11 1.60298e-09 5.2208e-08 1.17742e-06 1.83871e-05 0.00019883 0.00148881 0.00771957 0.0277187 0.0689453 0.118925 0.142894 0.121715 0.078461 0.0465079 0.0342404 0.0338463 0.0396153 0.0482628 0.0549283 0.055039 0.0477626 0.0359243 0.0232332 0.0125537
 4.41857e-11 2.07828e-09 6.76883e-08 1.52654e-06 2.38391e-05 0.000257786 0.00193027 0.0100087 0.0359403 0.0894152 0.15437 0.18612 0.160548 0.107555 0.0677242 0.0469667 0.0326921 0.0210851 0.0149427 0.0140775 0.0152032 0.0151557 0.0126854 0.00862391 0.00467193
 3.67412e-11 1.72813e-09 5.6284e-08 1.26934e-06 1.98227e-05 0.000214354 0.00160509 0.0083231 0.0298947 0.0744468 0.129021 0.15789 0.143778 0.112924 0.0938719 0.0816928 0.0626003 0.0398799 0.0226694 0.0130028 0.00863167 0.00698267 0.00587149 0.00425484 0.00242429
 3.3245e-11 1.56369e-09 5.09283e-08 1.14856e-06 1.79364e-05 0.000193957 0.00145236 0.0075312 0.0270514 0.067376 0.116836 0.143306 0.131595 0.105901 0.0921202 0.0855717 0.0731812 0.0557753 0.0388247 0.0242979 0.0135173 0.0072205 0.0041945 0.00259126 0.00144289
 3.37577e-11 1.5878e-09 5.17136e-08 1.16627e-06 1.8213e-05 0.000196948 0.00147475 0.00764719 0.0274666 0.0683953 0.118503 0.144877 0.131527 0.102755 0.0859648 0.0785614 0.0682394 0.0547689 0.0419145 0.0299054 0.0189351 0.0104185 0.00508637 0.00232479 0.00101816
 3.66127e-11 1.72209e-09 5.60873e-08 1.26491e-06 1.97533e-05 0.000213605 0.00159946 0.00829375 0.0297867 0.0741521 0.128335 0.156228 0.139667 0.104519 0.0817158 0.070835 0.059443 0.0464105 0.0352701 0.0260287 0.0177779 0.0107539 0.00558195 0.00245113 0.000916496
 3.50246e-11 1.64739e-09 5.36545e-08 1.21004e-06 1.88966e-05 0.00020434 0.0015301 0.00793421 0.0284975 0.0709629 0.122955 0.150331 0.136493 0.106528 0.0884338 0.0788501 0.0649882 0.0481361 0.0343018 0.0241899 0.0163568 0.0101735 0.00557142 0.002572 0.000969546
 3.67609e-11 1.72906e-09 5.63143e-08 1.27003e-06 1.98333e-05 0.000214469 0.00160594 0.00832736 0.0299078 0.0744574 0.12889 0.157027 0.14078 0.106181 0.083977 0.0731283 0.0608367 0.0462262 0.0334086 0.0231062 0.0149535 0.00894737 0.00484596 0.00227522 0.00088245
 3.76369e-11 1.77026e-09 5.76563e-08 1.30029e-06 2.03059e-05 0.00021958 0.00164421 0.00852578 0.0306202 0.0762289 0.131942 0.160675 0.143814 0.107917 0.0844443 0.0723873 0.0587914 0.0432242 0.0303969 0.0208404 0.0134681 0.00795826 0.00420528 0.00193152 0.000743553
 3.77692e-11 1.77648e-09 5.78589e-08 1.30486e-06 2.03773e-05 0.000220352 0.00164998 0.00855575 0.030728 0.0764982 0.132416 0.161289 0.14448 0.108655 0.0852832 0.0731544 0.0591676 0.042994 0.0295859 0.0197106 0.0123846 0.00716165 0.00372376 0.00168359 0.000637678
 3.6691e-11 1.72577e-09 5.62072e-08 1.26761e-06 1.97956e-05 0.000214062 0.00160289 0.00831161 0.0298521 0.0743275 0.128725 0.157107 0.141743 0.108731 0.0879551 0.0769445 0.0625557 0.0453354 0.0309527 0.0203427 0.0125175 0.00704507 0.00356139 0.00157119 0.000583454
 3.57476e-11 1.6814e-09 5.47621e-08 1.23502e-06 1.92866e-05 0.000208558 0.00156168 0.00809796 0.0290854 0.0724245 0.12547 0.153327 0.138957 0.107926 0.0890021 0.0790853 0.0651111 0.0478927 0.0331668 0.0219316 0.0134326 0.00745306 0.00368686 0.00158528 0.000573754
 3.53435e-11 1.66239e-09 5.4143e-08 1.22106e-06 1.90686e-05 0.0002062 0.00154402 0.00800642 0.0287566 0.0716059 0.124053 0.1516 0.137413 0.106796 0.0882623 0.0788527 0.0656634 0.0492614 0.034966 0.0236428 0.014718 0.00823197 0.00406251 0.00172544 0.000612676
 3.52285e-11 1.65698e-09 5.39668e-08 1.21709e-06 1.90066e-05 0.000205529 0.001539 0.00798036 0.028663 0.071372 0.123643 0.151076 0.136867 0.106228 0.0876481 0.0783052 0.0653995 0.0494231 0.0355426 0.0244887 0.0155965 0.00892363 0.00448014 0.00191842 0.000680267
 3.37463e-11 1.58726e-09 5.16962e-08 1.16588e-06 1.82069e-05 0.000196882 0.00147425 0.00764472 0.0274588 0.068387 0.118564 0.145303 0.133025 0.106139 0.0909665 0.0829915 0.0694064 0.0520135 0.037088 0.0255381 0.0164187 0.00955728 0.00489934 0.00213959 0.000769862
 3.39781e-11 1.59817e-09 5.20513e-08 1.17389e-06 1.83319e-05 0.000198234 0.00148438 0.00769717 0.0276465 0.0688472 0.119312 0.145991 0.132926 0.104604 0.0881793 0.0802676 0.0682467 0.0527245 0.0387239 0.0270604 0.017448 0.0101786 0.00526112 0.00233072 0.000852887
 3.58865e-11 1.68793e-09 5.49747e-08 1.23982e-06 1.93615e-05 0.000209368 0.00156774 0.00812932 0.0291971 0.0726926 0.125868 0.153499 0.138112 0.105225 0.084545 0.0744928 0.0624607 0.0480487 0.0355253 0.0253044 0.016726 0.00996358 0.00521862 0.00233306 0.000861977
 3.57956e-11 1.68365e-09 5.48356e-08 1.23668e-06 1.93125e-05 0.000208838 0.00156377 0.00810881 0.0291241 0.0725179 0.125612 0.153409 0.138735 0.107125 0.087562 0.0773051 0.0634803 0.0468838 0.0331598 0.0229961 0.0151378 0.00912583 0.00487191 0.00221927 0.000832333
 3.57815e-11 1.68299e-09 5.48139e-08 1.23619e-06 1.93049e-05 0.000208755 0.00156316 0.0081056 0.0291125 0.0724885 0.125558 0.153327 0.138615 0.10696 0.0874386 0.0774636 0.0641157 0.0477873 0.0337599 0.0229316 0.0146055 0.00856308 0.00452081 0.00206867 0.000785823
 3.61652e-11 1.70104e-09 5.54017e-08 1.24945e-06 1.95119e-05 0.000210994 0.00157992 0.00819249 0.0294243 0.073262 0.126878 0.154844 0.139682 0.107141 0.0867991 0.0764132 0.0630706 0.0469816 0.033256 0.0226447 0.0143703 0.00830012 0.00428422 0.00192169 0.000722687
 3.61469e-11 1.70018e-09 5.53737e-08 1.24881e-06 1.9502e-05 0.000210887 0.00157912 0.00818836 0.0294095 0.0732256 0.126818 0.154786 0.139678 0.107237 0.0869857 0.0766084 0.0631777 0.0469712 0.0331772 0.0225642 0.0143142 0.00825177 0.00422972 0.00187276 0.000693233
 3.64893e-11 1.71628e-09 5.58983e-08 1.26064e-06 1.96868e-05 0.000212885 0.00159408 0.00826591 0.0296878 0.0739167 0.128002 0.156172 0.140734 0.10763 0.0867666 0.0760124 0.0623914 0.0461036 0.0323402 0.0218723 0.0138227 0.00794661 0.00406128 0.00178947 0.000657177
 3.53093e-11 1.66078e-09 5.40906e-08 1.21988e-06 1.90501e-05 0.000206001 0.00154253 0.00799869 0.0287291 0.0715396 0.123953 0.151549 0.137591 0.10738 0.089178 0.0796366 0.0657811 0.0486357 0.0340367 0.0229148 0.0143951 0.00822543 0.00418217 0.00183473 0.000670772
 3.55132e-11 1.67037e-09 5.4403e-08 1.22692e-06 1.91602e-05 0.00020719 0.00155144 0.00804484 0.0288944 0.0719462 0.124624 0.152214 0.137698 0.106459 0.087348 0.0777704 0.0648739 0.0489349 0.0349953 0.0238735 0.0150489 0.00857689 0.00433821 0.00189226 0.000688115
 3.58126e-11 1.68445e-09 5.48616e-08 1.23727e-06 1.93217e-05 0.000208937 0.00156452 0.00811264 0.0291377 0.07255 0.125657 0.153409 0.138568 0.106672 0.0869148 0.0768896 0.0637577 0.0478299 0.034208 0.0235686 0.0150992 0.00873264 0.00445161 0.0019436 0.000704637
 3.48386e-11 1.63864e-09 5.33695e-08 1.20361e-06 1.87962e-05 0.000203255 0.00152197 0.00789207 0.0283463 0.0705876 0.122313 0.149587 0.13595 0.106412 0.0888196 0.079781 0.066461 0.0498339 0.0355394 0.0244191 0.0156587 0.00911932 0.00470159 0.00207569 0.000758037
#obs surv len freq
 2.32231e-11 1.0923e-09 3.55755e-08 8.02319e-07 1.25294e-05 0.000135488 0.00101454 0.00526108 0.0188997 0.0470953 0.081822 0.101093 0.0952186 0.0817984 0.0781079 0.0791899 0.0756528 0.06877 0.0618603 0.0549997 0.0478902 0.0399768 0.030471 0.0200023 0.0107278
 1.00764e-15 4.7465e-14 1.55504e-12 3.58885e-11 6.11213e-10 8.78971e-09 1.30663e-07 2.01305e-06 2.62767e-05 0.000253517 0.00172478 0.00817562 0.0269814 0.0623762 0.102801 0.126028 0.125298 0.113932 0.102471 0.0910323 0.0782668 0.0640537 0.0481735 0.0315015 0.0169008
 1.37656e-11 6.47469e-10 2.10876e-08 4.7558e-07 7.42685e-06 8.03105e-05 0.000601348 0.00311792 0.0111942 0.0278296 0.0479114 0.0571561 0.047561 0.0294799 0.0212692 0.0340931 0.0659541 0.100859 0.119902 0.11831 0.10419 0.0849114 0.0630809 0.0407733 0.0217172
 5.10654e-11 2.40187e-09 7.82273e-08 1.76422e-06 2.75508e-05 0.000297922 0.00223078 0.0115665 0.0415281 0.103256 0.17785 0.212467 0.176902 0.104587 0.0469149 0.0191878 0.00969957 0.0081283 0.0108947 0.0151288 0.0174447 0.0163748 0.0127829 0.00832119 0.00440788
 3.40588e-11 1.60196e-09 5.21748e-08 1.17667e-06 1.83755e-05 0.000198706 0.00148792 0.00771586 0.0277183 0.0690703 0.120003 0.148259 0.139474 0.118584 0.108238 0.0969921 0.0703936 0.0383528 0.0167683 0.0082934 0.0070131 0.0073595 0.00667117 0.00476143 0.00262575
 4.05913e-11 1.90922e-09 6.2182e-08 1.40236e-06 2.18999e-05 0.000236816 0.00177326 0.00919473 0.0330198 0.0821719 0.142021 0.171977 0.150823 0.106766 0.0763269 0.0629963 0.0535677 0.0424265 0.029923 0.0177604 0.00885283 0.0044035 0.00275173 0.00188772 0.00109659
 2.6332e-11 1.23853e-09 4.03382e-08 9.09729e-07 1.42067e-05 0.000153627 0.00115039 0.00596588 0.0214367 0.0534673 0.0932347 0.116792 0.115003 0.108352 0.111528 0.110155 0.0911922 0.064602 0.0434667 0.0289261 0.0177954 0.0094675 0.00441708 0.0019836 0.00089624
 4.18424e-11 1.96806e-09 6.40986e-08 1.44558e-06 2.25749e-05 0.000244115 0.0018279 0.0094779 0.0340343 0.0846725 0.146179 0.176235 0.152055 0.102303 0.0665144 0.0518496 0.0460014 0.040792 0.0335295 0.0242276 0.0152061 0.00840579 0.00408241 0.0017145 0.000624316
 3.50006e-11 1.64626e-09 5.36176e-08 1.20921e-06 1.88836e-05 0.0002042 0.00152905 0.0079289 0.0284801 0.0709344 0.123008 0.150878 0.138505 0.111083 0.095026 0.0842828 0.0656754 0.0439601 0.0286297 0.0199811 0.0139499 0.00869375 0.0045584 0.00197232 0.000699662
 3.88084e-11 1.82536e-09 5.94508e-08 1.34077e-06 2.0938e-05 0.000226415 0.00169538 0.00879103 0.0315717 0.0785839 0.135928 0.165107 0.146433 0.10711 0.0807312 0.068278 0.0567022 0.0432245 0.0306227 0.0200424 0.0120962 0.00688562 0.00364373 0.00167651 0.000628856
 3.68937e-11 1.7353e-09 5.65177e-08 1.27462e-06 1.9905e-05 0.000215244 0.00161174 0.00835752 0.0300172 0.0747383 0.129437 0.157977 0.142529 0.1093 0.0882393 0.0767331 0.0616569 0.0440335 0.0299327 0.0199605 0.0125145 0.00707017 0.00353715 0.00154577 0.000572802
 4.01574e-11 1.88881e-09 6.15173e-08 1.38737e-06 2.16658e-05 0.000234285 0.00175431 0.00909654 0.0326683 0.0813082 0.140603 0.170608 0.150728 0.108932 0.0801534 0.065851 0.0528922 0.03884 0.0269238 0.017747 0.010838 0.00603143 0.00300317 0.00129556 0.000467885
 3.72343e-11 1.75132e-09 5.70394e-08 1.28638e-06 2.00887e-05 0.000217231 0.00162662 0.00843469 0.0302945 0.0754297 0.130642 0.159483 0.143998 0.110633 0.0894655 0.0775849 0.0616361 0.0429221 0.0280438 0.0179297 0.0108966 0.00604704 0.00297815 0.00126592 0.000450441
 3.66749e-11 1.72501e-09 5.61825e-08 1.26706e-06 1.97869e-05 0.000213968 0.00160218 0.00830795 0.029839 0.0742933 0.128658 0.156988 0.141524 0.108358 0.0875399 0.0768716 0.0631892 0.0464895 0.0319178 0.0206 0.0121743 0.00651435 0.00312773 0.00131 0.00046071
 3.32094e-11 1.56201e-09 5.08737e-08 1.14733e-06 1.79172e-05 0.00019375 0.0014508 0.00752317 0.0270232 0.0673101 0.116753 0.14335 0.132085 0.107131 0.0937738 0.0864121 0.0720656 0.0533158 0.0371796 0.0247733 0.0151848 0.00829921 0.00396937 0.00162878 0.000559722
 3.56303e-11 1.67588e-09 5.45822e-08 1.23097e-06 1.92233e-05 0.000207873 0.00155655 0.00807129 0.0289888 0.0721746 0.124976 0.152435 0.137241 0.104783 0.0846267 0.0752632 0.0640546 0.050101 0.0371483 0.0258472 0.016314 0.00916518 0.00450009 0.00187809 0.000647028
 3.43776e-11 1.61696e-09 5.26632e-08 1.18769e-06 1.85475e-05 0.000200565 0.00150183 0.00778767 0.0279719 0.0696591 0.120732 0.147789 0.134746 0.106345 0.0897173 0.0809019 0.0671432 0.050097 0.0359153 0.0251971 0.016573 0.00977954 0.00500609 0.00215651 0.000760162
 3.2501e-11 1.52869e-09 4.97885e-08 1.12286e-06 1.7535e-05 0.000189617 0.00141985 0.00736267 0.0264464 0.0658712 0.114241 0.140194 0.128959 0.104216 0.0910718 0.0846419 0.0723086 0.0557049 0.0406962 0.0283511 0.0183463 0.0108248 0.00567308 0.00253493 0.000926961
 3.44022e-11 1.61811e-09 5.27009e-08 1.18854e-06 1.85607e-05 0.000200708 0.0015029 0.00779316 0.0279906 0.0696962 0.120731 0.147479 0.133493 0.103429 0.0853808 0.0770433 0.0660133 0.052086 0.0393786 0.0283446 0.0187564 0.0111675 0.00586803 0.00264233 0.000983915
 3.58061e-11 1.68415e-09 5.48515e-08 1.23704e-06 1.93182e-05 0.000208899 0.00156423 0.00811113 0.0291321 0.0725328 0.125606 0.153251 0.138115 0.105675 0.08534 0.0751326 0.0624131 0.047313 0.0346598 0.0248528 0.0167817 0.0102787 0.00553052 0.0025295 0.000952417
 3.48927e-11 1.64118e-09 5.34523e-08 1.20548e-06 1.88254e-05 0.00020357 0.00152433 0.00790432 0.0283904 0.0706969 0.1225 0.149808 0.136124 0.10648 0.0887479 0.0795126 0.0659379 0.0491262 0.0349022 0.0241385 0.0158318 0.00959111 0.00520367 0.00242488 0.000931029
 3.68641e-11 1.73391e-09 5.64722e-08 1.27359e-06 1.9889e-05 0.000215071 0.00161044 0.00835073 0.0299919 0.0746668 0.129255 0.157483 0.141223 0.106578 0.0843245 0.0733313 0.0607633 0.0458961 0.0329924 0.022718 0.0145748 0.00856864 0.00453718 0.00209257 0.000806014
 3.5111e-11 1.65145e-09 5.37867e-08 1.21303e-06 1.89431e-05 0.000204844 0.00153387 0.00795378 0.0285682 0.0711412 0.12328 0.15081 0.137185 0.107596 0.08991 0.08038 0.0660355 0.0483848 0.0337089 0.0228707 0.0146319 0.00855182 0.00445706 0.00201317 0.000762232
 3.71405e-11 1.74691e-09 5.68958e-08 1.28314e-06 2.00381e-05 0.000216684 0.00162252 0.00841334 0.0302166 0.0752242 0.130206 0.158579 0.142003 0.106746 0.0839684 0.0728104 0.0603932 0.0457017 0.032774 0.0223291 0.0140564 0.00805357 0.00413343 0.00184271 0.000687837
 3.61403e-11 1.69986e-09 5.53634e-08 1.24859e-06 1.94985e-05 0.000210849 0.00157883 0.00818687 0.0294045 0.0732154 0.126817 0.154865 0.14 0.107981 0.0880687 0.0775034 0.0632898 0.0462704 0.0322113 0.0218376 0.0139136 0.00804187 0.00411014 0.00180828 0.000664701
 3.36141e-11 1.58104e-09 5.14936e-08 1.16131e-06 1.81355e-05 0.000196111 0.00146848 0.00761479 0.0273517 0.0681227 0.118124 0.144852 0.132895 0.106621 0.0920614 0.0843445 0.0705353 0.0525652 0.0369212 0.024792 0.015491 0.00882848 0.00449503 0.00197714 0.000724043
 3.50927e-11 1.65059e-09 5.37587e-08 1.2124e-06 1.89333e-05 0.000204737 0.00153307 0.00794956 0.0285522 0.0710925 0.123136 0.150355 0.135892 0.104844 0.0859479 0.07701 0.0653918 0.050792 0.0374694 0.0261023 0.0166058 0.00947735 0.00478371 0.00208244 0.000756994
 3.54315e-11 1.66653e-09 5.42777e-08 1.2241e-06 1.91161e-05 0.000206713 0.00154787 0.00802631 0.0288279 0.0717805 0.124336 0.151859 0.137364 0.106155 0.0869811 0.0772178 0.0641367 0.0483087 0.0349612 0.0246085 0.016181 0.00957179 0.00494773 0.00217259 0.000788439
 3.42417e-11 1.61056e-09 5.2455e-08 1.18299e-06 1.84741e-05 0.000199772 0.00149589 0.00775689 0.0278613 0.0693846 0.120261 0.147233 0.13431 0.106169 0.0898457 0.0813705 0.0679265 0.0509037 0.0362862 0.0250085 0.0161966 0.0095991 0.00505493 0.00227465 0.000841908
#pred catch len freq
 2.18951e-11 1.02984e-09 3.35412e-08 7.56437e-07 1.18129e-05 0.00012774 0.000956534 0.00496037 0.017821 0.0444231 0.0772865 0.0959912 0.092006 0.0822174 0.0817734 0.0838719 0.0790218 0.0699396 0.0611216 0.0528135 0.0451143 0.038522 0.0321487 0.0244127 0.015458
 1.02219e-11 4.8079e-10 1.5659e-08 3.5315e-07 5.51499e-06 5.96384e-05 0.000446615 0.00231679 0.00833407 0.0208794 0.0370404 0.0493646 0.0579756 0.073109 0.0953796 0.109178 0.106205 0.0950124 0.0834988 0.071956 0.060057 0.048644 0.0377452 0.0267282 0.0160633
 8.5657e-12 4.0289e-10 1.31219e-08 2.95931e-07 4.6214e-06 4.99747e-05 0.000374229 0.00194093 0.00697682 0.0174281 0.0305732 0.0391731 0.0414939 0.0457859 0.0581737 0.075457 0.0932211 0.107687 0.112267 0.104308 0.0885279 0.0703148 0.0520224 0.0346171 0.0196023
 3.16256e-11 1.48752e-09 4.84475e-08 1.09261e-06 1.70627e-05 0.000184509 0.00138157 0.00716359 0.0257229 0.063987 0.110412 0.132854 0.113787 0.0747794 0.0465379 0.0363473 0.0369736 0.043598 0.0532024 0.0605745 0.0607029 0.0526792 0.0396227 0.0256251 0.0138462
 4.2438e-11 1.99608e-09 6.5011e-08 1.46616e-06 2.28962e-05 0.00024759 0.00185392 0.00961292 0.0345201 0.0858925 0.14836 0.179211 0.155683 0.106687 0.0704296 0.0511583 0.0363921 0.0236495 0.0168208 0.0158768 0.0171557 0.0171038 0.0143162 0.0097326 0.00527256
 3.45237e-11 1.62383e-09 5.28871e-08 1.19274e-06 1.86263e-05 0.000201418 0.00150822 0.00782096 0.0280932 0.0699809 0.121421 0.149245 0.138006 0.112743 0.0987926 0.0887403 0.068767 0.0439793 0.0250572 0.014398 0.00956754 0.00774243 0.0065108 0.00471818 0.00268829
 3.09528e-11 1.45587e-09 4.74169e-08 1.06937e-06 1.66997e-05 0.000180585 0.00135223 0.00701212 0.0251889 0.0627569 0.10896 0.134277 0.125329 0.10506 0.0962841 0.0921538 0.0796358 0.0609232 0.0424907 0.0266205 0.0148169 0.00791641 0.00459918 0.00284134 0.00158215
 3.15075e-11 1.48196e-09 4.82665e-08 1.08853e-06 1.6999e-05 0.000183821 0.00137645 0.00713762 0.0256381 0.0638595 0.110762 0.135973 0.12524 0.10162 0.0895663 0.0845045 0.0742425 0.0598274 0.0458751 0.0327627 0.0207523 0.01142 0.00557561 0.00254846 0.00111612
 3.45272e-11 1.62399e-09 5.28924e-08 1.19285e-06 1.86282e-05 0.000201437 0.00150836 0.00782146 0.028092 0.0699483 0.121163 0.147982 0.133864 0.103517 0.0851125 0.0763483 0.0648958 0.0508919 0.0387559 0.0286302 0.0195625 0.011835 0.00614337 0.0026977 0.0010087
 3.30658e-11 1.55526e-09 5.06537e-08 1.14237e-06 1.78397e-05 0.000192912 0.00144453 0.00749062 0.0269059 0.0670156 0.116225 0.142619 0.131146 0.105818 0.0919673 0.0843458 0.0702259 0.052205 0.0372733 0.0263135 0.0178008 0.0110732 0.00606442 0.00279963 0.00105536
 3.48986e-11 1.64146e-09 5.34614e-08 1.20569e-06 1.88286e-05 0.000203605 0.00152459 0.00790563 0.0283946 0.0707042 0.122489 0.149683 0.135661 0.105429 0.0872337 0.0782918 0.0658661 0.0502414 0.0363777 0.0251838 0.0163047 0.00975727 0.00528486 0.00248133 0.000962393
 3.58153e-11 1.68458e-09 5.48656e-08 1.23736e-06 1.93231e-05 0.000208952 0.00156463 0.00811326 0.0291401 0.0725582 0.125685 0.15351 0.138866 0.10731 0.0878165 0.0775958 0.0637413 0.0470482 0.0331504 0.022752 0.0147101 0.00869348 0.004594 0.0021101 0.000812302
 3.60775e-11 1.69691e-09 5.52673e-08 1.24642e-06 1.94646e-05 0.000210482 0.00157609 0.00817266 0.0293535 0.0730896 0.126607 0.154642 0.13991 0.108151 0.088508 0.07809 0.0638279 0.0465495 0.0320906 0.0214006 0.0134524 0.00778032 0.00404565 0.00182915 0.000692815
 3.51073e-11 1.65128e-09 5.37811e-08 1.2129e-06 1.89412e-05 0.000204822 0.00153371 0.00795297 0.0285654 0.0711366 0.123287 0.150888 0.137477 0.108285 0.0910149 0.0816087 0.0669489 0.0486728 0.0332854 0.0218959 0.0134787 0.00758719 0.00383563 0.0016922 0.000628395
 3.40385e-11 1.60101e-09 5.21438e-08 1.17597e-06 1.83645e-05 0.000198587 0.00148702 0.00771092 0.0276967 0.0689806 0.1196 0.146609 0.134332 0.107399 0.0922377 0.0840637 0.069846 0.051542 0.0357539 0.0236644 0.0144999 0.00804649 0.00398062 0.00171163 0.000619485
 3.35458e-11 1.57783e-09 5.1389e-08 1.15895e-06 1.80987e-05 0.000195712 0.0014655 0.00759932 0.0272959 0.0679832 0.117877 0.144523 0.132511 0.106158 0.0915414 0.0839729 0.0705969 0.0531415 0.0377851 0.0255728 0.0159258 0.00890885 0.00439677 0.00186744 0.000663103
 3.3647e-11 1.5826e-09 5.15441e-08 1.16245e-06 1.81533e-05 0.000196303 0.00146992 0.00762223 0.027378 0.0681849 0.118208 0.144845 0.132538 0.10563 0.0904748 0.0827477 0.0696982 0.0528295 0.0380499 0.0262375 0.016716 0.00956532 0.00480249 0.00205648 0.000729227
 3.20213e-11 1.50613e-09 4.90537e-08 1.10628e-06 1.72762e-05 0.000186818 0.0013989 0.00725409 0.0260572 0.0649109 0.112637 0.138511 0.128316 0.105513 0.0940873 0.0878651 0.0740902 0.0556899 0.0397733 0.0274114 0.0176298 0.0102636 0.00526166 0.00229786 0.000826813
 3.21221e-11 1.51087e-09 4.9208e-08 1.10976e-06 1.73306e-05 0.000187406 0.0014033 0.00727686 0.0261383 0.0651064 0.112932 0.138665 0.127802 0.103806 0.0913536 0.0853511 0.0732455 0.056774 0.0417681 0.0292134 0.0188433 0.010994 0.00568283 0.00251758 0.000921271
 3.42288e-11 1.60996e-09 5.24353e-08 1.18255e-06 1.84672e-05 0.000199697 0.00149533 0.00775393 0.0278501 0.0693516 0.120169 0.146955 0.133534 0.104506 0.0873661 0.0790039 0.0668794 0.0516192 0.0382267 0.0272509 0.0180188 0.0107349 0.00562284 0.0025138 0.000928759
 3.40855e-11 1.60322e-09 5.22158e-08 1.1776e-06 1.83899e-05 0.000198861 0.00148907 0.00772154 0.0277346 0.0690718 0.119738 0.146679 0.13408 0.106534 0.0906939 0.0821574 0.0680989 0.0504618 0.0357518 0.0248171 0.0163431 0.00985375 0.00526074 0.00239642 0.000898778
 3.41051e-11 1.60414e-09 5.22459e-08 1.17827e-06 1.84005e-05 0.000198975 0.00148993 0.00772598 0.0277504 0.0691105 0.119799 0.146728 0.134046 0.106369 0.0904977 0.08223 0.06869 0.0513626 0.0363454 0.0247099 0.0157442 0.00923197 0.00487416 0.00223039 0.000847261
 3.43997e-11 1.618e-09 5.26972e-08 1.18845e-06 1.85594e-05 0.000200694 0.0015028 0.00779269 0.0279898 0.0697043 0.120813 0.147895 0.134872 0.106523 0.090028 0.0814382 0.0678889 0.0507471 0.0359845 0.0245258 0.0155704 0.00899462 0.00464292 0.00208262 0.000783211
 3.45238e-11 1.62384e-09 5.28873e-08 1.19274e-06 1.86264e-05 0.000201418 0.00150822 0.00782081 0.0280907 0.0699549 0.121242 0.148399 0.13526 0.106677 0.089966 0.0812393 0.0676117 0.0504291 0.0356772 0.0242858 0.0154121 0.00888592 0.00455497 0.0020168 0.000746555
 3.47894e-11 1.63633e-09 5.32942e-08 1.20192e-06 1.87697e-05 0.000202968 0.00151982 0.00788096 0.0283066 0.0704914 0.122163 0.149485 0.136117 0.107067 0.0899228 0.0808947 0.0670478 0.0497134 0.0349323 0.0236476 0.0149507 0.00859633 0.00439354 0.0019359 0.000710957
 3.35813e-11 1.5795e-09 5.14434e-08 1.16018e-06 1.81178e-05 0.000195919 0.00146705 0.00760737 0.027325 0.0680575 0.118018 0.144753 0.1329 0.106813 0.0923957 0.0846111 0.0705249 0.052311 0.0366703 0.0247109 0.0155297 0.00887507 0.00451269 0.00197976 0.0007238
 3.37699e-11 1.58837e-09 5.17323e-08 1.16669e-06 1.82196e-05 0.00019702 0.00147528 0.00765005 0.0274778 0.068433 0.118634 0.145347 0.132931 0.10581 0.0904818 0.0826898 0.0696329 0.0526996 0.0377507 0.0257763 0.0162546 0.00926534 0.00468665 0.00204428 0.0007434
 3.39876e-11 1.59861e-09 5.20659e-08 1.17421e-06 1.83371e-05 0.00019829 0.0014848 0.00769936 0.0276548 0.0688723 0.119386 0.146222 0.133582 0.106003 0.0902057 0.0820376 0.0687144 0.0517313 0.0370646 0.0255612 0.0163825 0.00947619 0.00483087 0.00210923 0.000764686
 3.29471e-11 1.54967e-09 5.04718e-08 1.13827e-06 1.77757e-05 0.000192219 0.00143934 0.00746373 0.0268093 0.0667759 0.115814 0.142138 0.130784 0.105721 0.0922353 0.0851219 0.0716011 0.0538743 0.0384902 0.0264725 0.0169827 0.00989182 0.00510012 0.00225167 0.000822309
#obs catch len freq
 2.02457e-11 9.5226e-10 3.10145e-08 6.99455e-07 1.0923e-05 0.000118118 0.000884482 0.00458681 0.0164801 0.0410917 0.0715669 0.0892462 0.0866714 0.0796653 0.081432 0.0842856 0.0794547 0.0713327 0.0653429 0.0603944 0.0539386 0.0450838 0.0341102 0.0223157 0.0119867
 2.09727e-11 9.86457e-10 3.21283e-08 7.24574e-07 1.13153e-05 0.000122359 0.000916242 0.00475144 0.0170706 0.0425547 0.0740506 0.0920432 0.0884585 0.0795883 0.080013 0.0832724 0.080252 0.0731891 0.0659417 0.0586732 0.0511048 0.0426653 0.0325216 0.0213488 0.0114501
 8.59662e-16 4.05047e-14 1.32832e-12 3.07724e-11 5.31139e-10 7.91619e-09 1.23895e-07 1.97328e-06 2.60671e-05 0.000252337 0.00171824 0.00814655 0.0268881 0.0621679 0.102486 0.12572 0.125141 0.113974 0.102648 0.091255 0.0784816 0.0642366 0.0483131 0.0315933 0.0169502
 1.21643e-11 5.72148e-10 1.86345e-08 4.20254e-07 6.56287e-06 7.09678e-05 0.000531392 0.00275521 0.00989193 0.0245922 0.0423383 0.0505145 0.0420926 0.0264364 0.0204076 0.0348668 0.0682277 0.104459 0.124201 0.122565 0.107948 0.0879796 0.0653626 0.0422487 0.0225032
 5.0037e-11 2.3535e-09 7.66518e-08 1.72869e-06 2.6996e-05 0.000291922 0.00218586 0.0113336 0.0406921 0.101179 0.174289 0.208286 0.173661 0.103212 0.0471292 0.0201181 0.0107185 0.00923376 0.0124528 0.0173067 0.0199582 0.0187346 0.0146252 0.00952053 0.00504321
 3.19754e-11 1.50397e-09 4.89833e-08 1.1047e-06 1.72515e-05 0.000186551 0.00139692 0.0072441 0.0260259 0.0648768 0.112878 0.140211 0.134289 0.118937 0.11361 0.104214 0.0762108 0.0416177 0.0182212 0.00903227 0.00765169 0.00803311 0.0072822 0.00519758 0.00286627
 3.87381e-11 1.82206e-09 5.93431e-08 1.33834e-06 2.09001e-05 0.000226005 0.00169231 0.00877507 0.031514 0.0784368 0.135649 0.164656 0.14569 0.105944 0.0795094 0.0682278 0.0589186 0.0468855 0.0331245 0.0196757 0.00981121 0.00488144 0.00305091 0.00209309 0.00121591
 2.42752e-11 1.14179e-09 3.71873e-08 8.38668e-07 1.3097e-05 0.000141627 0.00106054 0.0055001 0.0197655 0.0493237 0.0861765 0.108734 0.109521 0.1079 0.115678 0.116337 0.0968723 0.0687918 0.0463652 0.0308899 0.0190134 0.0101175 0.00472071 0.00212004 0.000957906
 4.01489e-11 1.88841e-09 6.15043e-08 1.38708e-06 2.16612e-05 0.000234235 0.00175392 0.00909439 0.032658 0.081257 0.140341 0.169476 0.147136 0.101038 0.0686366 0.0558452 0.0504756 0.0449962 0.0370429 0.0267819 0.0168135 0.00929554 0.00451483 0.00189616 0.000690477
 3.32033e-11 1.56172e-09 5.08643e-08 1.14712e-06 1.79139e-05 0.000193714 0.00145054 0.0075219 0.0270199 0.0673142 0.116844 0.143854 0.133769 0.110803 0.0988024 0.0897633 0.070533 0.0473499 0.0308908 0.0215835 0.0150759 0.00939688 0.0049273 0.00213196 0.0007563
 3.71002e-11 1.74501e-09 5.6834e-08 1.28175e-06 2.00164e-05 0.000216449 0.00162076 0.00840419 0.0301836 0.0751414 0.130057 0.158374 0.141748 0.106449 0.0837781 0.0731156 0.0614504 0.0470227 0.0333654 0.0218543 0.0131945 0.00751204 0.00397549 0.00182921 0.000686139
 3.52019e-11 1.65573e-09 5.3926e-08 1.21617e-06 1.89922e-05 0.000205374 0.00153784 0.00797441 0.0286426 0.0713298 0.12363 0.151342 0.137996 0.108876 0.0915782 0.0817602 0.0663257 0.0475194 0.0323526 0.021593 0.0135432 0.00765252 0.0038287 0.00167322 0.000620033
 3.86205e-11 1.81652e-09 5.9163e-08 1.33427e-06 2.08366e-05 0.000225318 0.00168717 0.00874852 0.0314196 0.0782115 0.135325 0.164568 0.146568 0.108456 0.0830619 0.0703314 0.0571604 0.0421323 0.0292513 0.0192961 0.0117881 0.0065611 0.00326708 0.00140944 0.000509016
 3.5618e-11 1.6753e-09 5.45633e-08 1.23054e-06 1.92167e-05 0.000207802 0.00155602 0.00806867 0.0289812 0.0721737 0.125097 0.153158 0.139712 0.110328 0.0928084 0.0825379 0.0661707 0.0462194 0.0302429 0.0193524 0.0117659 0.00653048 0.00321642 0.00136723 0.000486492
 3.51366e-11 1.65266e-09 5.3826e-08 1.21391e-06 1.8957e-05 0.000204993 0.00153499 0.0079596 0.0285891 0.0711939 0.123375 0.150945 0.137373 0.107911 0.0904976 0.0814096 0.0675045 0.0498049 0.0342373 0.0221117 0.0130717 0.00699538 0.00335884 0.00140682 0.000494765
 3.15483e-11 1.48388e-09 4.83289e-08 1.08994e-06 1.7021e-05 0.000184059 0.00137824 0.007147 0.0256735 0.0639629 0.111048 0.136821 0.127591 0.106621 0.096921 0.0912504 0.0766632 0.0568603 0.0397016 0.0264723 0.0162314 0.00887228 0.00424366 0.00174136 0.000598415
 3.39992e-11 1.59916e-09 5.20835e-08 1.17462e-06 1.83433e-05 0.000198357 0.0014853 0.00770192 0.0276635 0.0688872 0.119368 0.145995 0.13273 0.104064 0.087395 0.0797244 0.0684758 0.0537179 0.0398808 0.0277656 0.0175295 0.00984907 0.00483608 0.00201835 0.000695354
 3.25805e-11 1.53243e-09 4.99102e-08 1.1256e-06 1.75779e-05 0.000190081 0.00142333 0.00738071 0.0265116 0.0660377 0.114558 0.140715 0.129846 0.105706 0.0929814 0.0859742 0.0719854 0.0538724 0.0386801 0.027159 0.0178697 0.0105461 0.00539876 0.00232571 0.00081981
 3.07588e-11 1.44674e-09 4.71195e-08 1.06266e-06 1.6595e-05 0.000179452 0.00134375 0.00696812 0.0250307 0.0623598 0.108253 0.133321 0.124161 0.103491 0.0940872 0.0894458 0.0770093 0.0594841 0.0435135 0.0303345 0.0196357 0.0115869 0.0060728 0.00271359 0.000992296
 3.27009e-11 1.53809e-09 5.00947e-08 1.12976e-06 1.76429e-05 0.000190783 0.00142858 0.00740789 0.0266081 0.0662669 0.11488 0.140753 0.128759 0.102615 0.0881635 0.0815739 0.0705216 0.0558068 0.0422468 0.0304286 0.0201409 0.0119931 0.00630208 0.00283782 0.00105672
 3.40937e-11 1.6036e-09 5.22283e-08 1.17788e-06 1.83943e-05 0.000198909 0.00148943 0.00772335 0.0277406 0.0690817 0.119721 0.146499 0.133408 0.104981 0.0883219 0.0798398 0.0669613 0.0509224 0.0373586 0.026808 0.0181077 0.0110922 0.00596845 0.00272983 0.00102785
 3.32402e-11 1.56346e-09 5.09208e-08 1.14839e-06 1.79338e-05 0.000193929 0.00145215 0.00753011 0.0270477 0.0673669 0.116823 0.143303 0.131619 0.105894 0.091754 0.084188 0.0704062 0.0526032 0.0374225 0.0259001 0.0169925 0.0102955 0.00558606 0.00260311 0.000999464
 3.52425e-11 1.65764e-09 5.39881e-08 1.21757e-06 1.90141e-05 0.000205611 0.00153961 0.00798351 0.0286743 0.0713989 0.123683 0.151094 0.136784 0.105964 0.0872201 0.0778822 0.0651638 0.0493754 0.0355427 0.0244912 0.0157172 0.00924134 0.0048936 0.00225699 0.000869349
 3.34091e-11 1.5714e-09 5.11796e-08 1.15423e-06 1.80249e-05 0.000194915 0.00145953 0.00756839 0.0271854 0.067712 0.117436 0.144122 0.13258 0.10707 0.0931224 0.0853062 0.0706891 0.0519454 0.0362412 0.0246081 0.015749 0.00920593 0.00479821 0.0021673 0.000820592
 3.54669e-11 1.66819e-09 5.4332e-08 1.22532e-06 1.91352e-05 0.00020692 0.00154941 0.00803434 0.0288567 0.0718515 0.124455 0.151985 0.137423 0.106117 0.0869678 0.077528 0.0649659 0.0493255 0.0354242 0.0241524 0.0152091 0.00871516 0.00447322 0.00199423 0.0007444
 3.45302e-11 1.62414e-09 5.2897e-08 1.19296e-06 1.86298e-05 0.000201456 0.0015085 0.00782227 0.0280964 0.0699713 0.121288 0.148538 0.135648 0.107493 0.0911225 0.0821779 0.0676997 0.0496388 0.0346038 0.0234769 0.0149629 0.00864941 0.00442084 0.00194501 0.000714963
 3.19323e-11 1.50194e-09 4.89172e-08 1.10321e-06 1.72282e-05 0.000186299 0.00139501 0.00723394 0.0259852 0.0647338 0.112347 0.138237 0.128325 0.106061 0.0951831 0.089182 0.0751615 0.0561604 0.0394976 0.0265408 0.016589 0.00945545 0.00481448 0.00211768 0.000775517
 3.3414e-11 1.57163e-09 5.11871e-08 1.1544e-06 1.80276e-05 0.000194943 0.00145974 0.00756941 0.0271881 0.0677091 0.117365 0.143729 0.131258 0.104123 0.0888229 0.0816178 0.0699317 0.0544791 0.0402422 0.0280522 0.0178514 0.0101894 0.00514335 0.00223903 0.000813923
 3.38065e-11 1.59009e-09 5.17883e-08 1.16796e-06 1.82393e-05 0.000197233 0.00147688 0.00765833 0.0275076 0.0685057 0.118753 0.145457 0.132918 0.105544 0.0898836 0.0817625 0.0685066 0.0517494 0.0375012 0.0264145 0.0173736 0.0102784 0.00531317 0.00233309 0.000846686
#spawning biomass
 24117 23581.7 18287.3 13073.3 14877.6 25283.9 37992 49543.2 63204.1 82482.9 95214.8 113129 139727 160348 161049 166538 176966 159644 149001 152290 148526 151919 152551 165802 164368 173979 177296 182995 200801 218287 240317 155992 93754.9 57782.8 39137 30079.4 25856.1 23938.9 23084 22707.4 22542.9 22471.4 22440.4 22427.1 22421.3 22418.8 22417.8 22417.3 22417.1 22417.1 22417 22417 22417 22417 22417 22417 22417 22417 22417 22417 22417 22417 22417 22417 22417 22417 22417 22417 22417 22417 22417 22417 22417 22417 22417 22417 22417 22417 22417 22417 22417 22417 22417 22417 22417 22417 22417 22417 22417 22417 22417 22417 22417 22417 22417 22417 22417 22417 22417 22417 22417 22417 22417 22417 22417 22417 22417 22417 22417 22417 22417 22417 22417 22417 22417 22417 22417 22417 22417 22417 22417 22417 22417 22417 22417 22417 22417 22417 22417 0 0 0 0 0 0 0 0 0 0 0 0 0 0 0 0 0 0 0 0 0 0 0 0 0
