SBPRF35
0.0347911
Curr Bio
46678.1
B35
26455
F35
3.67314
FOFL
3.67314
OFL
71848.7
Bzero
9940.05
#pred survey bio
 9205.25 7092.18 8379.86 10183.3 12328.3 14232.9 13988.4 13848.3 23813.9 34952.8 35096.3 43038.5 65917.7 73416.7 65865.7 55896 54606.9 57563.4 54517.3 54758.8 55414.7 60175 65865.7 68177.1 74350.3 75613.6 67443.5 68260.1 93998.1 2.38245e+06 1.69404e+06 547559 239399 181389 162671 156167 153880 153072 152784 152682 152646 152633 152628 152626 152626 152625 152625 152625 152625 152625 152625 152625 152625 152625 152625 152625 152625 152625 152625 152625 152625 152625 152625 152625 152625 152625 152625 152625 152625 152625 152625 152625 152625 152625 152625 152625 152625 152625 152625 152625 152625 152625 152625 152625 152625 152625 152625 152625 152625 152625 152625 152625 152625 152625 152625 152625 152625 152625 152625 152625 152625 152625 152625 152625 152625 152625 152625 152625 152625 152625 152625 152625 152625 152625 152625 152625 152625 152625 152625 152625 152625 152625 152625 152625 152625 152625 152625 152625 152625 0 0 0 0 0 0 0 0 0 0 0 0 0 0 0 0 0 0 0 0 0 0 0 0 0
#obs survey bio
 7331.27 5690.16 14377.6 7833.75 14848.3 12422.9 8414.71 16658.6 33238.4 32507.9 27474 64902.5 94601.6 56830.2 47015.1 84857.8 58161 39561.7 45014.5 51164.6 51317.8 62886 54242.6 64245.6 73682.7 79506.8 71643.5 120341 71362.9
#pred catch bio
 4573.17 3129.99 3798.95 5014.19 6128.57 7308.79 8812.83 6853.35 8299.57 18598.8 21970 16981.4 34167.6 43612.5 43129 36770.3 30531.3 37090.1 33602.4 35035.3 35168.6 33750.7 42376.7 41943.4 42468.5 50390.5 44101.9 40266.3 81566 71848.7 66645.4 12576.2 4747.94 4616.97 4615.5 4615.48 4615.48 4615.48 4615.48 4615.48 4615.48 4615.48 4615.48 4615.48 4615.48 4615.48 4615.48 4615.48 4615.48 4615.48 4615.48 4615.48 4615.48 4615.48 4615.48 4615.48 4615.48 4615.48 4615.48 4615.48 4615.48 4615.48 4615.48 4615.48 4615.48 4615.48 4615.48 4615.48 4615.48 4615.48 4615.48 4615.48 4615.48 4615.48 4615.48 4615.48 4615.48 4615.48 4615.48 4615.48 4615.48 4615.48 4615.48 4615.48 4615.48 4615.48 4615.48 4615.48 4615.48 4615.48 4615.48 4615.48 4615.48 4615.48 4615.48 4615.48 4615.48 4615.48 4615.48 4615.48 4615.48 4615.48 4615.48 4615.48 4615.48 4615.48 4615.48 4615.48 4615.48 4615.48 4615.48 4615.48 4615.48 4615.48 4615.48 4615.48 4615.48 4615.48 4615.48 4615.48 4615.48 4615.48 4615.48 4615.48 4615.48 4615.48 4615.48 4615.48 4615.48 0 0 0 0 0 0 0 0 0 0 0 0 0 0 0 0 0 0 0 0 0 0 0 0 0
#obs catch bio
 3633.68 3176.47 3771.41 5027.52 6091.41 7337.57 9171.15 6988.14 8101.17 18097.5 22664.2 16500.1 32995.2 43504.7 43264.2 37609.5 29915.2 37709.5 33558.6 35228.5 35939.5 33375.3 42517.4 42798.3 41915.8 50894.1 44583.2 39621.1 80808.9
#pred cpue bio
 7004.09 4308.73 4822.84 5873.65 6925.47 8320.36 8876.71 7570.81 10918.5 20488.1 21598.1 20970.5 35903 43878.4 41173.9 33462.9 30444.2 34282.1 31468.4 31655 31220.8 32932.9 38497 37501.1 41697.8 45594.6 39489.9 37754 46081.9 1.17617e+06 1.33512e+06 521539 182538 121200 102128 95587.3 93296.8 92487.8 92200.6 92098.4 92061.8 92048.8 92044.1 92042.4 92041.8 92041.6 92041.5 92041.5 92041.4 92041.4 92041.4 92041.4 92041.4 92041.4 92041.4 92041.4 92041.4 92041.4 92041.4 92041.4 92041.4 92041.4 92041.4 92041.4 92041.4 92041.4 92041.4 92041.4 92041.4 92041.4 92041.4 92041.4 92041.4 92041.4 92041.4 92041.4 92041.4 92041.4 92041.4 92041.4 92041.4 92041.4 92041.4 92041.4 92041.4 92041.4 92041.4 92041.4 92041.4 92041.4 92041.4 92041.4 92041.4 92041.4 92041.4 92041.4 92041.4 92041.4 92041.4 92041.4 92041.4 92041.4 92041.4 92041.4 92041.4 92041.4 92041.4 92041.4 92041.4 92041.4 92041.4 92041.4 92041.4 92041.4 92041.4 92041.4 92041.4 92041.4 92041.4 92041.4 92041.4 92041.4 92041.4 92041.4 92041.4 92041.4 92041.4 92041.4 92041.4 0 0 0 0 0 0 0 0 0 0 0 0 0 0 0 0 0 0 0 0 0 0 0 0 0
#obs cpue bio
 3165.67 4166.82 5018.09 5548.35 7050.63 5825.77 7079.76 8428.78 14727.8 22324.4 20398.1 34714.3 33382 38500.9 47564.6 23254 34471.4 31541.3 46570.9 24838 27566.4 37706 46795 23502.1 62371.7 36821.8 31814.3 39736.1 49954.9
#pred surv len freq
 2.1414e-27 2.16242e-27 5.48077e-27 1.1352e-21 6.75144e-17 9.23139e-13 2.9019e-09 2.09721e-06 0.000348448 0.0133105 0.116893 0.236013 0.110136 0.0272822 0.0955108 0.134583 0.0570224 0.0521642 0.0465816 0.0302636 0.0239723 0.0186835 0.0170055 0.0144106 0.00581757
 2.14367e-27 2.1693e-27 6.25952e-27 1.39939e-21 8.3227e-17 1.13798e-12 3.57726e-09 2.58529e-06 0.000429543 0.0164082 0.144098 0.290939 0.135669 0.031011 0.101728 0.142895 0.0548047 0.0344556 0.0265804 0.00965958 0.00474594 0.00271607 0.00191302 0.00139809 0.000544872
 2.1441e-27 2.17045e-27 6.38114e-27 1.44062e-21 8.56792e-17 1.17151e-12 3.68266e-09 2.66147e-06 0.000442199 0.0168917 0.148344 0.299512 0.139655 0.0316255 0.102897 0.144444 0.0541398 0.030281 0.0223957 0.00645494 0.00196457 0.000568989 0.000220485 0.000118888 4.19324e-05
 2.14385e-27 2.1698e-27 6.31036e-27 1.4166e-21 8.42507e-17 1.15198e-12 3.62126e-09 2.61709e-06 0.000434826 0.0166101 0.14587 0.294518 0.137365 0.0321154 0.107393 0.150752 0.0559768 0.029709 0.0216343 0.00578646 0.00147248 0.000296458 4.86565e-05 1.16358e-05 3.09192e-06
 2.14439e-27 2.17114e-27 6.45061e-27 1.46417e-21 8.70798e-17 1.19066e-12 3.74286e-09 2.70497e-06 0.000449427 0.0171678 0.150769 0.304407 0.141924 0.0317718 0.102314 0.143573 0.0531766 0.0278064 0.0201071 0.00512506 0.00116927 0.000209393 2.39204e-05 2.19431e-06 2.38539e-07
 2.14323e-27 2.16827e-27 6.14339e-27 1.35994e-21 8.08807e-17 1.1059e-12 3.47641e-09 2.51241e-06 0.000417433 0.0159457 0.140036 0.282738 0.131954 0.0330559 0.116685 0.163792 0.0598169 0.0286954 0.0204173 0.00511757 0.00111748 0.000188589 1.88076e-05 1.22478e-06 5.04255e-08
 2.14136e-27 2.16372e-27 5.66952e-27 1.19923e-21 7.13229e-17 9.75213e-13 3.06559e-09 2.21551e-06 0.000368104 0.0140613 0.123487 0.249328 0.116539 0.0338696 0.131722 0.185142 0.0694603 0.0390099 0.0284071 0.00693174 0.00141714 0.000231576 2.19132e-05 1.28452e-06 3.88337e-08
 2.14518e-27 2.17309e-27 6.66003e-27 1.53522e-21 9.13055e-17 1.24844e-12 3.92449e-09 2.83624e-06 0.000471237 0.0180009 0.158085 0.319179 0.148717 0.0308039 0.0919538 0.129018 0.0487019 0.0282456 0.0206513 0.00500119 0.000997693 0.000156677 1.37248e-05 7.54441e-07 2.09399e-08
 2.14771e-27 2.17923e-27 7.29985e-27 1.75221e-21 1.04211e-16 1.4249e-12 4.47919e-09 3.23712e-06 0.000537843 0.0205452 0.180429 0.36429 0.169529 0.0296245 0.0711567 0.0995105 0.0356413 0.0149431 0.0103874 0.00267736 0.000615586 9.97973e-05 8.64493e-06 4.54206e-07 1.17555e-08
 2.14257e-27 2.16655e-27 5.95134e-27 1.29474e-21 7.70033e-17 1.05288e-12 3.30975e-09 2.39197e-06 0.000397422 0.0151812 0.133322 0.269185 0.125746 0.034583 0.130092 0.182538 0.0643513 0.0237398 0.0159582 0.00392349 0.000825579 0.000140276 1.38529e-05 7.70664e-07 1.96888e-08
 2.14251e-27 2.16658e-27 5.97646e-27 1.30337e-21 7.75163e-17 1.0599e-12 3.3318e-09 2.4079e-06 0.000400069 0.0152824 0.134211 0.270978 0.126498 0.0325444 0.117107 0.164598 0.0629896 0.0390708 0.028648 0.00644974 0.00104798 0.000157822 1.44524e-05 8.35119e-07 2.33843e-08
 2.14695e-27 2.17741e-27 7.10991e-27 1.6878e-21 1.0038e-16 1.37252e-12 4.31452e-09 3.11812e-06 0.000518071 0.0197899 0.173796 0.350899 0.16335 0.0299458 0.0771544 0.108028 0.0395195 0.0191671 0.0136474 0.00337227 0.000698646 0.000103004 7.49962e-06 3.63766e-07 9.67728e-09
 2.14446e-27 2.17122e-27 6.44828e-27 1.46333e-21 8.70296e-17 1.18997e-12 3.7407e-09 2.70342e-06 0.000449168 0.0171579 0.150682 0.304232 0.14188 0.0327355 0.10825 0.15177 0.0537448 0.0205983 0.0140132 0.00354988 0.000791804 0.000130375 1.15568e-05 5.64899e-07 1.25903e-08
 2.14259e-27 2.16669e-27 5.97504e-27 1.30283e-21 7.74841e-17 1.05946e-12 3.33042e-09 2.4069e-06 0.000399903 0.015276 0.134155 0.270865 0.126488 0.033669 0.124006 0.174118 0.0635524 0.0303605 0.0213797 0.00480942 0.000784951 0.000121055 1.14185e-05 6.32601e-07 1.59399e-08
 2.14164e-27 2.16438e-27 5.73678e-27 1.22203e-21 7.26789e-17 9.93754e-13 3.12388e-09 2.25764e-06 0.000375103 0.0143287 0.125835 0.254068 0.118732 0.0339265 0.130641 0.183571 0.0682759 0.0365488 0.0263122 0.00612623 0.00108973 0.000154805 1.1413e-05 5.69162e-07 1.52101e-08
 2.14286e-27 2.16738e-27 6.05331e-27 1.3294e-21 7.90645e-17 1.08107e-12 3.39835e-09 2.456e-06 0.00040806 0.0155876 0.136891 0.27639 0.129015 0.0329524 0.117966 0.165682 0.0616261 0.033002 0.0237667 0.00555191 0.00100077 0.000145932 1.10662e-05 4.99487e-07 1.1134e-08
 2.14417e-27 2.17053e-27 6.37886e-27 1.4398e-21 8.56302e-17 1.17084e-12 3.68055e-09 2.65994e-06 0.000441946 0.016882 0.148259 0.29934 0.139613 0.0326053 0.10893 0.152802 0.0551353 0.024378 0.016949 0.00388975 0.00066763 9.60615e-05 7.34165e-06 3.38118e-07 7.44125e-09
 2.14258e-27 2.16664e-27 5.96829e-27 1.30053e-21 7.73473e-17 1.05759e-12 3.32454e-09 2.40265e-06 0.000399197 0.0152491 0.133918 0.270387 0.126274 0.0338578 0.125302 0.175913 0.0637552 0.0290643 0.0203206 0.00464716 0.000787914 0.000112081 8.40133e-06 3.83744e-07 8.5252e-09
 2.14354e-27 2.16902e-27 6.22302e-27 1.38695e-21 8.24871e-17 1.12786e-12 3.54546e-09 2.56231e-06 0.000425724 0.0162624 0.142817 0.288354 0.134541 0.0327976 0.113416 0.159192 0.0583064 0.0284764 0.0201182 0.00448764 0.00070086 9.62537e-05 7.02885e-06 3.13319e-07 6.83897e-09
 2.14329e-27 2.16837e-27 6.1503e-27 1.36226e-21 8.10189e-17 1.10779e-12 3.48235e-09 2.5167e-06 0.000418147 0.0159729 0.140275 0.283221 0.13219 0.0333681 0.118445 0.166221 0.0599707 0.0264952 0.0184097 0.00420149 0.000705125 9.71168e-05 6.68777e-06 2.83149e-07 5.99999e-09
 2.14391e-27 2.16991e-27 6.31337e-27 1.41758e-21 8.43089e-17 1.15277e-12 3.62376e-09 2.6189e-06 0.000435126 0.0166215 0.145971 0.294722 0.137486 0.0328263 0.111671 0.156671 0.0565666 0.0251166 0.017417 0.00383633 0.00057405 7.73987e-05 5.5519e-06 2.36492e-07 4.78836e-09
 2.14441e-27 2.17111e-27 6.43702e-27 1.45951e-21 8.68027e-17 1.18687e-12 3.73095e-09 2.69637e-06 0.000447997 0.0171132 0.150289 0.303439 0.14151 0.0326712 0.108097 0.151582 0.0540766 0.0219768 0.01496 0.00328367 0.000483893 6.29536e-05 4.15829e-06 1.69973e-07 3.49721e-09
 2.143e-27 2.16766e-27 6.07499e-27 1.33672e-21 7.94996e-17 1.08702e-12 3.41705e-09 2.46951e-06 0.000410305 0.0156734 0.137644 0.277911 0.129744 0.0336236 0.121605 0.170679 0.0615925 0.02725 0.0189022 0.00421418 0.000655009 8.6993e-05 5.73784e-06 2.26677e-07 4.38958e-09
 2.14454e-27 2.17145e-27 6.47793e-27 1.47341e-21 8.76292e-17 1.19817e-12 3.76647e-09 2.72204e-06 0.000452263 0.0172761 0.15172 0.306328 0.142827 0.0321675 0.104151 0.146086 0.0530359 0.024456 0.0170839 0.00376848 0.000564874 7.47144e-05 5.05416e-06 2.03489e-07 3.91165e-09
 2.14372e-27 2.16941e-27 6.25499e-27 1.39775e-21 8.31296e-17 1.13665e-12 3.57307e-09 2.58227e-06 0.00042904 0.016389 0.143929 0.2906 0.135605 0.0334731 0.116862 0.163905 0.0580034 0.0220919 0.0148342 0.00329601 0.000507764 6.7208e-05 4.43841e-06 1.77134e-07 3.46241e-09
 2.14238e-27 2.16618e-27 5.92165e-27 1.28472e-21 7.64071e-17 1.04473e-12 3.28412e-09 2.37345e-06 0.000394344 0.0150637 0.13229 0.2671 0.124752 0.033784 0.125843 0.176722 0.0646864 0.0314642 0.0221882 0.00488177 0.000724651 9.57224e-05 6.51653e-06 2.63834e-07 5.09843e-09
 2.14312e-27 2.16799e-27 6.112e-27 1.34928e-21 8.02471e-17 1.09724e-12 3.44918e-09 2.49273e-06 0.000414163 0.0158208 0.138939 0.280524 0.130938 0.0332474 0.118521 0.166377 0.0606855 0.0288628 0.0203029 0.0045476 0.000716757 9.53292e-05 6.24442e-06 2.48136e-07 4.86945e-09
 2.14431e-27 2.17089e-27 6.41661e-27 1.4526e-21 8.63916e-17 1.18125e-12 3.71328e-09 2.6836e-06 0.000445876 0.0170321 0.149577 0.302002 0.140841 0.0325259 0.107643 0.150981 0.0543942 0.0237857 0.0164587 0.00366311 0.000567091 7.60661e-05 5.18315e-06 2.09026e-07 4.0092e-09
 2.14662e-27 2.17654e-27 7.01414e-27 1.65529e-21 9.84464e-17 1.34608e-12 4.23142e-09 3.05806e-06 0.000508092 0.0194088 0.170449 0.34414 0.160251 0.0306262 0.0833455 0.116698 0.0418071 0.017546 0.0120438 0.00269105 0.000422348 5.68419e-05 3.87392e-06 1.58695e-07 3.13215e-09
#obs surv len freq
 8.69773e-40 4.25693e-33 4.78997e-27 1.23912e-21 7.36951e-17 1.00765e-12 3.16755e-09 2.28919e-06 0.000380353 0.014529 0.127594 0.257619 0.120311 0.0322349 0.119242 0.167678 0.0648992 0.0425574 0.0332266 0.0124499 0.00527143 0.00159932 0.000354425 4.82922e-05 3.3608e-06
 1.03969e-39 5.08855e-33 5.72572e-27 1.48119e-21 8.80918e-17 1.2045e-12 3.78635e-09 2.7364e-06 0.000454657 0.0173673 0.15252 0.307944 0.143517 0.0306323 0.0942921 0.132383 0.0507455 0.0318272 0.0245766 0.00885765 0.00358348 0.00104414 0.000222509 2.93609e-05 1.97967e-06
 9.7047e-40 4.74978e-33 5.34452e-27 1.38258e-21 8.22271e-17 1.12431e-12 3.53427e-09 2.55422e-06 0.000424388 0.0162111 0.142366 0.287443 0.134121 0.0328295 0.113884 0.159804 0.057801 0.0260611 0.0190063 0.00661267 0.00255907 0.000711382 0.000143568 1.80929e-05 1.17565e-06
 1.05061e-39 5.14199e-33 5.78585e-27 1.49674e-21 8.90169e-17 1.21715e-12 3.82611e-09 2.76514e-06 0.000459431 0.0175497 0.154121 0.311177 0.145039 0.0313702 0.0978222 0.137239 0.050878 0.0267705 0.0196193 0.00567281 0.00173325 0.000448808 8.54016e-05 1.01513e-05 6.26601e-07
 9.87164e-40 4.83148e-33 5.43646e-27 1.40636e-21 8.36416e-17 1.14365e-12 3.59507e-09 2.59816e-06 0.000431688 0.0164899 0.144815 0.292388 0.136409 0.0328791 0.112697 0.158097 0.0567707 0.0242858 0.0172752 0.00532586 0.00170043 0.000369252 5.67863e-05 6.13443e-06 3.55481e-07
 8.1747e-40 4.00095e-33 4.50193e-27 1.16461e-21 6.92636e-17 9.47055e-13 2.97707e-09 2.15154e-06 0.000357481 0.0136553 0.119921 0.242129 0.113246 0.0348128 0.139649 0.196192 0.0716522 0.034402 0.0247229 0.00686103 0.0019057 0.000422367 6.23036e-05 5.56603e-06 2.75391e-07
 7.91629e-40 3.87448e-33 4.35962e-27 1.12779e-21 6.70741e-17 9.17117e-13 2.88297e-09 2.08353e-06 0.000346181 0.0132237 0.11613 0.234475 0.109662 0.0336113 0.134622 0.189375 0.0729061 0.0465733 0.0351408 0.0102423 0.00299414 0.000607831 8.08588e-05 6.94216e-06 3.0513e-07
 1.32866e-39 6.50286e-33 7.31711e-27 1.89287e-21 1.12576e-16 1.53927e-12 4.83872e-09 3.49695e-06 0.000581024 0.0221943 0.194911 0.393529 0.182965 0.0274525 0.0490854 0.0685114 0.0261876 0.0161984 0.0123809 0.00416547 0.00147012 0.000318123 4.26085e-05 3.36318e-06 1.36204e-07
 1.10374e-39 5.40202e-33 6.07844e-27 1.57244e-21 9.35186e-17 1.2787e-12 4.0196e-09 2.90497e-06 0.000482665 0.0184372 0.161915 0.326914 0.152363 0.0326633 0.100973 0.141316 0.0473662 0.00965326 0.00535991 0.0017487 0.000623523 0.000154672 2.43978e-05 2.03847e-06 8.00877e-08
 6.37089e-40 3.11811e-33 3.50855e-27 9.07628e-22 5.39801e-17 7.3808e-13 2.32016e-09 1.67678e-06 0.0002786 0.0106422 0.0934595 0.188705 0.088693 0.0386999 0.17948 0.25214 0.0887656 0.0323309 0.0214067 0.0045817 0.000659784 0.000131457 2.17797e-05 2.09249e-06 9.17028e-08
 1.23249e-39 6.0322e-33 6.78753e-27 1.75587e-21 1.04428e-16 1.42787e-12 4.48851e-09 3.24386e-06 0.000538971 0.020588 0.180804 0.365048 0.169814 0.0278902 0.060342 0.0845724 0.0345451 0.0278602 0.0212727 0.005374 0.00116176 0.000171273 1.35331e-05 1.00789e-06 4.71882e-08
 1.18016e-39 5.77604e-33 6.49929e-27 1.68131e-21 9.99936e-17 1.36723e-12 4.2979e-09 3.1061e-06 0.000516084 0.0197137 0.173126 0.349547 0.162775 0.0312717 0.0856562 0.119772 0.0403757 0.0090134 0.00534213 0.00198345 0.000749706 0.000140038 1.34286e-05 6.98977e-07 1.94043e-08
 8.82979e-40 4.32157e-33 4.8627e-27 1.25793e-21 7.48141e-17 1.02295e-12 3.21564e-09 2.32395e-06 0.000386128 0.0147496 0.129531 0.261531 0.122249 0.0356793 0.139091 0.195099 0.067108 0.0194065 0.0120328 0.00261362 0.000413109 9.23186e-05 1.43543e-05 9.78367e-07 2.70504e-08
 9.24335e-40 4.52398e-33 5.09045e-27 1.31685e-21 7.83181e-17 1.07086e-12 3.36625e-09 2.4328e-06 0.000404213 0.0154404 0.135598 0.273779 0.127821 0.0332739 0.120716 0.169522 0.0625103 0.0318277 0.0227282 0.00528975 0.000939665 0.000134585 1.16438e-05 9.03261e-07 3.52689e-08
 7.39132e-40 3.61754e-33 4.07051e-27 1.053e-21 6.2626e-17 8.56298e-13 2.69178e-09 1.94535e-06 0.000323223 0.0123467 0.108429 0.218927 0.102573 0.0362512 0.155423 0.218371 0.0787264 0.0346426 0.0245966 0.00707455 0.00196129 0.000324619 2.68153e-05 1.34721e-06 3.93926e-08
 1.12386e-39 5.5005e-33 6.18926e-27 1.6011e-21 9.52235e-17 1.30201e-12 4.09288e-09 2.95793e-06 0.000491465 0.0187733 0.164867 0.332873 0.155014 0.0298805 0.0821895 0.115287 0.0442765 0.0279587 0.0209014 0.00566619 0.00148357 0.00029773 3.5301e-05 2.05885e-06 5.11352e-08
 8.7035e-40 4.25976e-33 4.79315e-27 1.23994e-21 7.3744e-17 1.00832e-12 3.16965e-09 2.29071e-06 0.000380605 0.0145386 0.127678 0.257791 0.12052 0.035693 0.140301 0.196811 0.0677607 0.0198466 0.0128574 0.00413691 0.00137267 0.000274127 3.32276e-05 2.40386e-06 7.7197e-08
 9.57917e-40 4.68834e-33 5.2754e-27 1.3647e-21 8.11636e-17 1.10976e-12 3.48856e-09 2.52119e-06 0.000418899 0.0160014 0.140524 0.283726 0.132401 0.0327941 0.114789 0.161165 0.0595005 0.030516 0.0218223 0.00510819 0.000990103 0.000208542 3.01575e-05 2.29199e-06 8.12016e-08
 1.00733e-39 4.93018e-33 5.54751e-27 1.43509e-21 8.53501e-17 1.16701e-12 3.6685e-09 2.65124e-06 0.000440506 0.0168268 0.147773 0.29836 0.139162 0.0326576 0.109544 0.153649 0.0551364 0.023462 0.0165639 0.00481131 0.00135565 0.000230258 2.27858e-05 1.74743e-06 6.92289e-08
 8.63131e-40 4.22443e-33 4.75339e-27 1.22966e-21 7.31323e-17 9.99952e-13 3.14336e-09 2.27171e-06 0.000377448 0.014418 0.126619 0.255653 0.119506 0.0350191 0.136832 0.192073 0.0681695 0.0266203 0.0182809 0.00488767 0.00125564 0.000253716 3.08233e-05 1.95681e-06 6.31801e-08
 1.11634e-39 5.46372e-33 6.14787e-27 1.5904e-21 9.45868e-17 1.2933e-12 4.06551e-09 2.93815e-06 0.000488178 0.0186478 0.163765 0.330647 0.154015 0.0306884 0.087792 0.123065 0.0454029 0.0232038 0.0167351 0.00431742 0.00101624 0.000189306 2.26037e-05 1.65537e-06 5.59041e-08
 8.88317e-40 4.3477e-33 4.8921e-27 1.26554e-21 7.52664e-17 1.02913e-12 3.23508e-09 2.338e-06 0.000388462 0.0148388 0.130314 0.263112 0.122967 0.0353413 0.136551 0.191549 0.0662426 0.0203502 0.013218 0.00381386 0.0010866 0.000201446 2.20325e-05 1.51868e-06 5.32682e-08
 9.99914e-40 4.89389e-33 5.50668e-27 1.42453e-21 8.47219e-17 1.15842e-12 3.6415e-09 2.63172e-06 0.000437264 0.0167029 0.146685 0.296164 0.138131 0.0322451 0.107688 0.151142 0.055777 0.028538 0.0204342 0.00487093 0.00097011 0.000185794 2.33273e-05 1.60348e-06 5.26441e-08
 1.03659e-39 5.07337e-33 5.70864e-27 1.47677e-21 8.78291e-17 1.2009e-12 3.77505e-09 2.72824e-06 0.000453301 0.0173155 0.152065 0.307026 0.143165 0.0325658 0.106372 0.149119 0.0527525 0.0200633 0.0138048 0.0039749 0.00110997 0.000190488 1.85592e-05 1.27648e-06 4.48278e-08
 8.75028e-40 4.28266e-33 4.81891e-27 1.24661e-21 7.41404e-17 1.01374e-12 3.18669e-09 2.30303e-06 0.000382651 0.0146168 0.128365 0.259176 0.121137 0.0350567 0.136 0.190866 0.0672921 0.0248452 0.0167606 0.00427627 0.0010016 0.000197321 2.38219e-05 1.50443e-06 4.59773e-08
 9.24278e-40 4.5237e-33 5.09014e-27 1.31677e-21 7.83133e-17 1.07079e-12 3.36605e-09 2.43265e-06 0.000404188 0.0154395 0.135589 0.273762 0.127811 0.0332104 0.120333 0.168986 0.0623402 0.0318407 0.0229212 0.00580195 0.00130132 0.000229358 2.53469e-05 1.79734e-06 6.00976e-08
 9.73402e-40 4.76413e-33 5.36068e-27 1.38676e-21 8.24756e-17 1.1277e-12 3.54495e-09 2.56194e-06 0.00042567 0.0162601 0.142796 0.288312 0.134531 0.0330453 0.114939 0.161272 0.0580857 0.0253866 0.0180012 0.0051852 0.00146319 0.000265112 2.74506e-05 1.76482e-06 5.83142e-08
 1.12667e-39 5.51427e-33 6.20474e-27 1.60511e-21 9.54618e-17 1.30527e-12 4.10312e-09 2.96533e-06 0.000492694 0.0188203 0.16528 0.333706 0.155443 0.0310641 0.0891636 0.124901 0.044716 0.0186925 0.0130465 0.00353279 0.000926338 0.000187351 2.32237e-05 1.54108e-06 4.76708e-08
 1.12667e-39 5.51427e-33 6.20474e-27 1.60511e-21 9.54618e-17 1.30527e-12 4.10312e-09 2.96533e-06 0.000492694 0.0188203 0.16528 0.333706 0.155443 0.0310641 0.0891636 0.124901 0.044716 0.0186925 0.0130465 0.00353279 0.000926338 0.000187351 2.32237e-05 1.54108e-06 4.76708e-08
#pred catch len freq
 2.13473e-27 2.14551e-27 3.68523e-27 5.26203e-22 3.12952e-17 4.27907e-13 1.34513e-09 9.72129e-07 0.000161518 0.00616987 0.0541841 0.109405 0.0516369 0.028187 0.139189 0.196712 0.086085 0.0860319 0.0764741 0.0473003 0.0362922 0.0276734 0.0249299 0.0210662 0.00850035
 2.13615e-27 2.15087e-27 4.3234e-27 7.42708e-22 4.41716e-17 6.03968e-13 1.89858e-09 1.37211e-06 0.000227974 0.00870845 0.0764781 0.154418 0.0727147 0.0353177 0.169166 0.238316 0.0933619 0.0644474 0.0500593 0.0175341 0.00822973 0.00459266 0.00319437 0.00232613 0.000905989
 2.13668e-27 2.15231e-27 4.47329e-27 7.93504e-22 4.71927e-17 6.45276e-13 2.02843e-09 1.46595e-06 0.000243566 0.00930406 0.0817087 0.164979 0.0776486 0.0366885 0.174353 0.245437 0.0934982 0.0568073 0.0423879 0.0118841 0.00344767 0.000973018 0.000369461 0.00019804 6.97823e-05
 2.13665e-27 2.1522e-27 4.45629e-27 7.87706e-22 4.68478e-17 6.40561e-13 2.01361e-09 1.45524e-06 0.000241786 0.00923607 0.0811117 0.163774 0.0771162 0.037352 0.178767 0.251574 0.0945463 0.0536045 0.0393339 0.0102635 0.00248535 0.000489597 7.86369e-05 1.85828e-05 4.92539e-06
 2.13727e-27 2.1537e-27 4.61233e-27 8.40624e-22 4.99951e-17 6.83594e-13 2.14889e-09 1.55301e-06 0.00025803 0.00985655 0.0865608 0.174775 0.0821923 0.037083 0.17381 0.244547 0.0915378 0.0507837 0.0369841 0.00921801 0.00199853 0.000350375 3.92575e-05 3.55695e-06 3.84201e-07
 2.13619e-27 2.15101e-27 4.3216e-27 7.41976e-22 4.41281e-17 6.03373e-13 1.89671e-09 1.37076e-06 0.000227749 0.00869988 0.0764028 0.154267 0.0727653 0.0385301 0.188825 0.265636 0.0979616 0.0499195 0.0358186 0.00878815 0.00182381 0.000301502 2.95069e-05 1.89953e-06 7.76973e-08
 2.135e-27 2.14814e-27 4.02764e-27 6.42306e-22 3.82004e-17 5.22322e-13 1.64193e-09 1.18662e-06 0.000197156 0.00753122 0.0661396 0.133546 0.0631894 0.0386314 0.195689 0.275483 0.103793 0.0595995 0.0434582 0.010381 0.00200887 0.000321 2.98075e-05 1.72735e-06 5.19113e-08
 2.13812e-27 2.15582e-27 4.84157e-27 9.18416e-22 5.46217e-17 7.46854e-13 2.34775e-09 1.69672e-06 0.000281908 0.0107687 0.0945712 0.190948 0.0896218 0.035822 0.161238 0.226918 0.0865878 0.052984 0.0389591 0.00925184 0.00175243 0.000269468 2.31713e-05 1.25845e-06 3.47212e-08
 2.14066e-27 2.16193e-27 5.47088e-27 1.1318e-21 6.73127e-17 9.20382e-13 2.89323e-09 2.09095e-06 0.000347408 0.0132707 0.116544 0.235311 0.110114 0.0353555 0.145018 0.203736 0.0740147 0.0343055 0.0242742 0.00612741 0.0013459 0.000214445 1.82498e-05 9.47737e-07 2.43823e-08
 2.13574e-27 2.14976e-27 4.17185e-27 6.91094e-22 4.11019e-17 5.61996e-13 1.76664e-09 1.27676e-06 0.000212131 0.00810327 0.0711633 0.14369 0.0679509 0.0405533 0.204364 0.287271 0.101937 0.039718 0.0269966 0.00650316 0.00129914 0.000215987 2.09485e-05 1.15366e-06 2.93101e-08
 2.13603e-27 2.1507e-27 4.30412e-27 7.36121e-22 4.37799e-17 5.98612e-13 1.88174e-09 1.35994e-06 0.000225952 0.00863122 0.0757998 0.15305 0.0721528 0.03721 0.181133 0.255064 0.0979368 0.0617022 0.0452744 0.0100303 0.001541 0.000225841 2.0282e-05 1.15824e-06 3.22528e-08
 2.13982e-27 2.15993e-27 5.26595e-27 1.06232e-21 6.31801e-17 8.63876e-13 2.7156e-09 1.96257e-06 0.000326079 0.012456 0.109389 0.220865 0.103437 0.0354103 0.149707 0.210469 0.0780941 0.0412503 0.0297407 0.0072078 0.00142371 0.000206291 1.47599e-05 7.05755e-07 1.86506e-08
 2.13756e-27 2.15427e-27 4.65211e-27 8.54021e-22 5.07919e-17 6.94488e-13 2.18313e-09 1.57776e-06 0.000262142 0.0100136 0.0879403 0.177561 0.0835425 0.0387436 0.183107 0.25733 0.0916521 0.0367942 0.0252428 0.00625193 0.00132432 0.000213794 1.86197e-05 9.00535e-07 1.99508e-08
 2.136e-27 2.15051e-27 4.26505e-27 7.22775e-22 4.29862e-17 5.87759e-13 1.84763e-09 1.33529e-06 0.000221856 0.00847474 0.0744256 0.150276 0.0709383 0.0390201 0.193019 0.271511 0.0995496 0.0489356 0.034589 0.00765973 0.00118315 0.000177561 1.64336e-05 9.00645e-07 2.25718e-08
 2.1354e-27 2.14909e-27 4.12183e-27 6.74229e-22 4.00989e-17 5.48281e-13 1.72353e-09 1.2456e-06 0.000206954 0.00790552 0.0694267 0.140183 0.0662651 0.0388326 0.194916 0.274307 0.10219 0.0551996 0.0397314 0.00907987 0.00152738 0.000212118 1.53513e-05 7.54476e-07 2.00332e-08
 2.1366e-27 2.15203e-27 4.43207e-27 7.7946e-22 4.63574e-17 6.33855e-13 1.99253e-09 1.44001e-06 0.000239255 0.00913938 0.0802626 0.16206 0.0763462 0.0379493 0.18293 0.257375 0.0957015 0.0511513 0.0367648 0.00842482 0.00143449 0.000204355 1.5219e-05 6.78157e-07 1.50165e-08
 2.13744e-27 2.15401e-27 4.63074e-27 8.46801e-22 5.03625e-17 6.88617e-13 2.16468e-09 1.56442e-06 0.000259926 0.00992899 0.0871969 0.17606 0.0828299 0.0382482 0.180535 0.253819 0.0919989 0.0419623 0.0293078 0.00661292 0.00107521 0.000151117 1.13422e-05 5.15731e-07 1.12797e-08
 2.13628e-27 2.15116e-27 4.32934e-27 7.44562e-22 4.42819e-17 6.05476e-13 1.90332e-09 1.37554e-06 0.000228543 0.0087302 0.0766691 0.154805 0.0730394 0.0392089 0.192806 0.271134 0.0983542 0.0451072 0.0315261 0.00708453 0.00113537 0.000157628 1.16019e-05 5.22994e-07 1.1545e-08
 2.13709e-27 2.15317e-27 4.54648e-27 8.18241e-22 4.86639e-17 6.65392e-13 2.09167e-09 1.51165e-06 0.000251159 0.00959411 0.084256 0.170122 0.0800795 0.0381063 0.181459 0.255205 0.0936354 0.0462252 0.0326764 0.00717616 0.00106007 0.000141863 1.01723e-05 4.47404e-07 9.70255e-09
 2.13698e-27 2.15286e-27 4.50745e-27 8.04971e-22 4.78746e-17 6.546e-13 2.05774e-09 1.48714e-06 0.000247086 0.00943851 0.0828895 0.167364 0.0788307 0.0388155 0.18662 0.262372 0.094691 0.041923 0.0290985 0.00652568 0.00103512 0.000139222 9.41941e-06 3.93187e-07 8.27552e-09
 2.13762e-27 2.15444e-27 4.67413e-27 8.61511e-22 5.12373e-17 7.00579e-13 2.20228e-09 1.59159e-06 0.000264441 0.0101015 0.0887116 0.179118 0.0842448 0.0382747 0.179775 0.25272 0.0912343 0.0404688 0.028023 0.00608044 0.000859951 0.000112822 7.9472e-06 3.34067e-07 6.72025e-09
 2.13774e-27 2.15471e-27 4.69972e-27 8.70178e-22 5.17528e-17 7.07627e-13 2.22443e-09 1.6076e-06 0.000267101 0.0102031 0.089604 0.18092 0.0850856 0.0384825 0.180501 0.253688 0.0908327 0.037949 0.0259563 0.00561816 0.000784753 9.95064e-05 6.45883e-06 2.60193e-07 5.31695e-09
 2.1367e-27 2.15218e-27 4.43508e-27 7.80421e-22 4.64146e-17 6.34637e-13 1.99499e-09 1.44178e-06 0.00023955 0.00915066 0.0803616 0.16226 0.0764803 0.0390586 0.189642 0.266636 0.0962624 0.042715 0.0296082 0.00649762 0.000954874 0.000123658 8.01592e-06 3.12188e-07 6.00399e-09
 2.1382e-27 2.15587e-27 4.8281e-27 9.13754e-22 5.43444e-17 7.43063e-13 2.33583e-09 1.68811e-06 0.000280477 0.010714 0.0940911 0.189979 0.0892392 0.0375608 0.172144 0.241996 0.0878848 0.0406111 0.0283456 0.00615939 0.000872984 0.000112447 7.47337e-06 2.96746e-07 5.66655e-09
 2.13707e-27 2.15304e-27 4.51977e-27 8.09115e-22 4.81211e-17 6.57971e-13 2.06834e-09 1.49479e-06 0.000248358 0.0094871 0.0833163 0.168226 0.0792508 0.0393906 0.189871 0.266844 0.094761 0.0371347 0.0250694 0.00548816 0.000801257 0.000103482 6.71718e-06 2.64282e-07 5.13101e-09
 2.1362e-27 2.15099e-27 4.31454e-27 7.39556e-22 4.39842e-17 6.01405e-13 1.89053e-09 1.36629e-06 0.000227007 0.0086715 0.0761536 0.153764 0.0725487 0.0389561 0.191577 0.269462 0.0986025 0.0478644 0.0337005 0.0073048 0.00102497 0.000131788 8.81366e-06 3.51945e-07 6.75615e-09
 2.13688e-27 2.15264e-27 4.48797e-27 7.98381e-22 4.74827e-17 6.49242e-13 2.0409e-09 1.47496e-06 0.000245063 0.00936124 0.0822109 0.165994 0.0781862 0.038518 0.185216 0.260463 0.0949673 0.045051 0.0316327 0.00697101 0.00103831 0.000134692 8.67113e-06 3.39591e-07 6.61854e-09
 2.13779e-27 2.15486e-27 4.71914e-27 8.76781e-22 5.21455e-17 7.12996e-13 2.24131e-09 1.6198e-06 0.000269128 0.0102805 0.0902839 0.182293 0.0857063 0.0381127 0.17783 0.249978 0.0902601 0.0400881 0.0277893 0.00609091 0.000892456 0.00011672 7.81524e-06 3.1089e-07 5.92366e-09
 2.14278e-27 2.16708e-27 6.00751e-27 1.31379e-21 7.81364e-17 1.06838e-12 3.35845e-09 2.42716e-06 0.00040327 0.0154046 0.135284 0.273146 0.12757 0.0343908 0.127725 0.179209 0.0632904 0.0236949 0.0158283 0.00347018 0.000510549 6.67743e-05 4.4681e-06 1.80434e-07 3.53735e-09
#obs catch len freq
 4.10273e-40 2.008e-33 2.25943e-27 5.84494e-22 3.47621e-17 4.75308e-13 1.49414e-09 1.07981e-06 0.000179413 0.00685334 0.060186 0.121526 0.0575298 0.0358984 0.182624 0.257474 0.102711 0.076301 0.0607518 0.0235827 0.0103364 0.00320557 0.000729432 0.000102338 7.3444e-06
 4.2473e-40 2.07876e-33 2.33905e-27 6.05091e-22 3.5987e-17 4.92058e-13 1.54679e-09 1.11787e-06 0.000185735 0.00709484 0.0623069 0.125808 0.0595253 0.0363197 0.183906 0.259194 0.102183 0.0724436 0.0570982 0.0214188 0.00907139 0.00274729 0.000607544 8.26419e-05 5.7441e-06
 5.77627e-40 2.82708e-33 3.18108e-27 8.22915e-22 4.89418e-17 6.69191e-13 2.10361e-09 1.52028e-06 0.000252597 0.00964888 0.0847365 0.171092 0.0804204 0.0352328 0.163623 0.23044 0.0898425 0.0607941 0.0473997 0.0170983 0.00691795 0.00201207 0.000427841 5.63587e-05 3.79518e-06
 5.21519e-40 2.55247e-33 2.87208e-27 7.42981e-22 4.41878e-17 6.04189e-13 1.89927e-09 1.37261e-06 0.000228061 0.00871163 0.0765055 0.154475 0.0728567 0.0383993 0.187961 0.264365 0.0966721 0.046867 0.0346414 0.0120593 0.00466565 0.00129453 0.000260661 3.27911e-05 2.12792e-06
 6.03816e-40 2.95526e-33 3.32531e-27 8.60225e-22 5.11608e-17 6.99532e-13 2.19898e-09 1.58921e-06 0.00026405 0.0100864 0.0885784 0.17885 0.084059 0.0366278 0.169802 0.23891 0.0896754 0.0505422 0.0374353 0.010826 0.00330574 0.000854313 0.000162179 1.92423e-05 1.18614e-06
 5.49657e-40 2.69019e-33 3.02704e-27 7.83068e-22 4.6572e-17 6.36788e-13 2.00175e-09 1.44667e-06 0.000240366 0.00918166 0.0806334 0.162809 0.0767161 0.0385702 0.186493 0.262227 0.0950283 0.0433696 0.0312446 0.00963184 0.00307269 0.000666089 0.000102159 1.10135e-05 6.37311e-07
 4.09476e-40 2.0041e-33 2.25505e-27 5.83359e-22 3.46945e-17 4.74385e-13 1.49123e-09 1.07772e-06 0.000179064 0.00684003 0.0600692 0.121291 0.0575681 0.0398134 0.206596 0.290722 0.107268 0.0548712 0.0398634 0.0110608 0.00306883 0.000678902 9.99075e-05 8.90837e-06 4.40041e-07
 3.93243e-40 1.92465e-33 2.16565e-27 5.60234e-22 3.33192e-17 4.5558e-13 1.43212e-09 1.035e-06 0.000171966 0.00656888 0.0576879 0.116483 0.0552638 0.0376472 0.194822 0.274535 0.107125 0.0726278 0.0552023 0.0160812 0.00469481 0.000951431 0.000126233 1.08167e-05 4.74726e-07
 9.77515e-40 4.78426e-33 5.38332e-27 1.39262e-21 8.2824e-17 1.13247e-12 3.55993e-09 2.57277e-06 0.000427469 0.0163288 0.143399 0.28953 0.135026 0.031226 0.103467 0.145382 0.0562649 0.0368496 0.02837 0.0095363 0.00336062 0.0007259 9.69839e-05 7.64079e-06 3.08957e-07
 6.91071e-40 3.38231e-33 3.80583e-27 9.84533e-22 5.85539e-17 8.00619e-13 2.51675e-09 1.81886e-06 0.000302206 0.0115439 0.101378 0.204694 0.0961093 0.0393537 0.178652 0.250683 0.0842577 0.017957 0.0102108 0.00332922 0.00118464 0.000293215 4.61422e-05 3.84875e-06 1.50993e-07
 3.03092e-40 1.48342e-33 1.66917e-27 4.31799e-22 2.56807e-17 3.51137e-13 1.1038e-09 7.97721e-07 0.000132542 0.00506295 0.0444628 0.0897835 0.0431351 0.0433756 0.237839 0.334442 0.118425 0.0453222 0.0303683 0.00649808 0.000933142 0.000185338 3.0623e-05 2.93686e-06 1.28543e-07
 8.55039e-40 4.18483e-33 4.70883e-27 1.21813e-21 7.24468e-17 9.90579e-13 3.11389e-09 2.25042e-06 0.00037391 0.0142829 0.125432 0.253255 0.118258 0.0312929 0.114809 0.161726 0.0669786 0.0565468 0.0433628 0.010943 0.00235953 0.000347365 2.73618e-05 2.03126e-06 9.49508e-08
 7.92976e-40 3.88107e-33 4.36704e-27 1.12971e-21 6.71882e-17 9.18678e-13 2.88787e-09 2.08707e-06 0.00034677 0.0132462 0.116328 0.234875 0.109991 0.0374378 0.15786 0.221444 0.0748604 0.0174155 0.0105205 0.00390007 0.00147112 0.000274374 2.62457e-05 1.36357e-06 3.77737e-08
 4.87956e-40 2.38821e-33 2.68725e-27 6.95166e-22 4.13441e-17 5.65306e-13 1.77705e-09 1.28427e-06 0.000213384 0.00815099 0.0715821 0.144536 0.068385 0.0416898 0.211045 0.296483 0.102396 0.0309663 0.0194813 0.00423016 0.000666391 0.000148436 2.30312e-05 1.56769e-06 4.32873e-08
 5.23134e-40 2.56038e-33 2.88098e-27 7.45282e-22 4.43247e-17 6.0606e-13 1.90516e-09 1.37686e-06 0.000228767 0.00873861 0.0767425 0.154954 0.0730725 0.0382563 0.186945 0.26304 0.0977792 0.0521796 0.037543 0.00873107 0.00154661 0.000221129 1.90676e-05 1.475e-06 5.75263e-08
 3.75185e-40 1.83627e-33 2.0662e-27 5.34506e-22 3.17891e-17 4.34658e-13 1.36635e-09 9.87466e-07 0.000164069 0.00626722 0.0550387 0.111135 0.0529156 0.0409549 0.216625 0.304741 0.110621 0.0510411 0.0365656 0.0105031 0.00290451 0.000480038 3.95541e-05 1.98273e-06 5.78518e-08
 7.2088e-40 3.52821e-33 3.97e-27 1.027e-21 6.10796e-17 8.35153e-13 2.62531e-09 1.89732e-06 0.000315242 0.0120418 0.105751 0.213521 0.0999996 0.0342675 0.144943 0.204003 0.0791821 0.0524421 0.0394369 0.0106779 0.00278802 0.000558317 6.60396e-05 3.84578e-06 9.53775e-08
 4.78695e-40 2.34288e-33 2.63625e-27 6.81972e-22 4.05594e-17 5.54577e-13 1.74332e-09 1.2599e-06 0.000209334 0.00799629 0.0702235 0.141793 0.0671114 0.0415443 0.210983 0.296407 0.102464 0.0313627 0.0206025 0.00661876 0.00219065 0.000436629 5.27756e-05 3.81079e-06 1.22225e-07
 5.48523e-40 2.68464e-33 3.0208e-27 7.81452e-22 4.64759e-17 6.35474e-13 1.99762e-09 1.44368e-06 0.00023987 0.00916272 0.080467 0.162473 0.0765336 0.0378484 0.182189 0.256339 0.0954562 0.051449 0.0370833 0.00867455 0.00167645 0.000352161 5.08015e-05 3.85435e-06 1.36354e-07
 5.98397e-40 2.92874e-33 3.29547e-27 8.52506e-22 5.07017e-17 6.93254e-13 2.17925e-09 1.57495e-06 0.00026168 0.00999584 0.0877835 0.177245 0.0833725 0.0381025 0.179287 0.252041 0.0910546 0.0406606 0.0289798 0.00840693 0.00236307 0.000400746 3.95331e-05 3.02419e-06 1.19645e-07
 4.70804e-40 2.30426e-33 2.59279e-27 6.70731e-22 3.98908e-17 5.45435e-13 1.71458e-09 1.23913e-06 0.000205883 0.00786448 0.0690659 0.139455 0.0659883 0.040414 0.204788 0.287917 0.102794 0.0420697 0.0291894 0.00779546 0.00199686 0.000402598 4.87904e-05 3.09194e-06 9.96461e-08
 7.1395e-40 3.49429e-33 3.93183e-27 1.01713e-21 6.04924e-17 8.27125e-13 2.60007e-09 1.87908e-06 0.000312212 0.0119261 0.104735 0.211469 0.0991039 0.0356828 0.154202 0.216829 0.0806605 0.0432481 0.0314301 0.00809996 0.00190124 0.000353411 4.20781e-05 3.07554e-06 1.03725e-07
 4.88784e-40 2.39226e-33 2.69181e-27 6.96346e-22 4.14143e-17 5.66265e-13 1.78006e-09 1.28645e-06 0.000213746 0.00816482 0.0717035 0.144781 0.068482 0.0412567 0.208327 0.292701 0.101689 0.032753 0.0215756 0.00621871 0.00176755 0.000327103 3.56773e-05 2.45402e-06 8.59412e-08
 5.9388e-40 2.90663e-33 3.27059e-27 8.4607e-22 5.0319e-17 6.88021e-13 2.1628e-09 1.56306e-06 0.000259705 0.00992038 0.0871208 0.175907 0.0827233 0.0372877 0.174717 0.245786 0.0914379 0.0490203 0.0353622 0.00842195 0.00167208 0.000319431 4.00011e-05 2.74463e-06 8.99666e-08
 6.3039e-40 3.08532e-33 3.47165e-27 8.98084e-22 5.34124e-17 7.30318e-13 2.29576e-09 1.65915e-06 0.00027567 0.0105303 0.0924767 0.186721 0.0877579 0.0382273 0.177193 0.248988 0.0885872 0.0352998 0.0245457 0.00705832 0.00196596 0.000336844 3.27214e-05 2.24521e-06 7.8732e-08
 4.78725e-40 2.34303e-33 2.63641e-27 6.82015e-22 4.0562e-17 5.54612e-13 1.74343e-09 1.25998e-06 0.000209347 0.00799679 0.0702279 0.141801 0.067081 0.0406293 0.205395 0.28872 0.102372 0.0396506 0.0270518 0.00689586 0.00161063 0.000316598 3.81279e-05 2.40375e-06 7.33367e-08
 5.23736e-40 2.56332e-33 2.88429e-27 7.46139e-22 4.43757e-17 6.06757e-13 1.90735e-09 1.37844e-06 0.00022903 0.00874866 0.0768308 0.155132 0.0731508 0.0381465 0.186222 0.262023 0.0974405 0.0521416 0.0378143 0.0095615 0.00213825 0.000376087 4.14405e-05 2.93239e-06 9.79157e-08
 5.64501e-40 2.76284e-33 3.1088e-27 8.04216e-22 4.78297e-17 6.53985e-13 2.05581e-09 1.48574e-06 0.000246857 0.00942963 0.082811 0.167206 0.0787431 0.0384187 0.184243 0.259058 0.0939645 0.0431274 0.0308676 0.0088804 0.00249984 0.000452159 4.66912e-05 2.99549e-06 9.88168e-08
 1.05856e-39 5.18092e-33 5.82965e-27 1.50808e-21 8.96909e-17 1.22636e-12 3.85508e-09 2.78607e-06 0.00046291 0.0176826 0.155288 0.313534 0.146157 0.032108 0.101616 0.142445 0.0507915 0.0205842 0.0142637 0.00384071 0.000996786 0.000200697 2.47811e-05 1.64046e-06 5.06451e-08
#spawning biomass
 6937.1 4285.58 4805 5844.51 6910.05 8256.8 8741.2 7583.85 11166.6 20282.1 21352.2 21286.8 35867 43417.7 40584.9 33141.4 30351.6 33923.9 31266.6 31423.2 31084.4 32882.1 38164.5 37455.8 41492.4 45074.4 39164 37669 46678.1 51476.5 52774 12764.1 3647.92 3481.03 3479.13 3479.11 3479.11 3479.11 3479.11 3479.11 3479.11 3479.11 3479.11 3479.11 3479.11 3479.11 3479.11 3479.11 3479.11 3479.11 3479.11 3479.11 3479.11 3479.11 3479.11 3479.11 3479.11 3479.11 3479.11 3479.11 3479.11 3479.11 3479.11 3479.11 3479.11 3479.11 3479.11 3479.11 3479.11 3479.11 3479.11 3479.11 3479.11 3479.11 3479.11 3479.11 3479.11 3479.11 3479.11 3479.11 3479.11 3479.11 3479.11 3479.11 3479.11 3479.11 3479.11 3479.11 3479.11 3479.11 3479.11 3479.11 3479.11 3479.11 3479.11 3479.11 3479.11 3479.11 3479.11 3479.11 3479.11 3479.11 3479.11 3479.11 3479.11 3479.11 3479.11 3479.11 3479.11 3479.11 3479.11 3479.11 3479.11 3479.11 3479.11 3479.11 3479.11 3479.11 3479.11 3479.11 3479.11 3479.11 3479.11 3479.11 3479.11 3479.11 3479.11 3479.11 3479.11 0 0 0 0 0 0 0 0 0 0 0 0 0 0 0 0 0 0 0 0 0 0 0 0 0
