SBPRF35
0.0818911
Curr Bio
188352
B35
115697
F35
2.61057
FOFL
2.61057
OFL
138295
Bzero
23393.5
#pred survey bio
 22162.9 22850.8 23897.8 28684.3 34970.1 39539.9 43446.7 45861.2 54761.7 64791.3 75016.1 91704.8 102154 113642 114160 115082 120349 119048 122378 129155 135454 123350 116827 128584 122555 116705 116424 134868 3.75222e+06 2.40908e+06 671947 357465 250802 203030 180556 169961 164996 162686 161618 161127 160903 160800 160754 160732 160723 160719 160717 160716 160716 160715 160715 160715 160715 160715 160715 160715 160715 160715 160715 160715 160715 160715 160715 160715 160715 160715 160715 160715 160715 160715 160715 160715 160715 160715 160715 160715 160715 160715 160715 160715 160715 160715 160715 160715 160715 160715 160715 160715 160715 160715 160715 160715 160715 160715 160715 160715 160715 160715 160715 160715 160715 160715 160715 160715 160715 160715 160715 160715 160715 160715 160715 160715 160715 160715 160715 160715 160715 160715 160715 160715 160715 160715 160715 160715 160715 160715 160715 160715 0 0 0 0 0 0 0 0 0 0 0 0 0 0 0 0 0 0 0 0 0 0 0 0 0
#obs survey bio
 17571.9 20924.9 19555.8 23377.1 41467 43283.5 27491.2 35224.9 44565.5 63748.5 75567 103572 97650.5 138851 103472 119821 148716 115523 145381 128137 190043 118636 147356 152469 148176 83829.8 133074 128894
#pred catch bio
 8542.64 12499.9 12179.5 15043.9 20179.4 23437.8 28018.7 27769.6 35157.1 44377.8 46547.2 59912.8 66800.5 78303.4 81249 79871.5 84456.9 81832.6 84767.8 91488.6 104729 94617.8 82363.9 101654 101180 99370 90407.6 93617.6 138295 73693.1 8834 5233.24 5063.98 5056.8 5056.52 5056.51 5056.51 5056.51 5056.51 5056.51 5056.51 5056.51 5056.51 5056.51 5056.51 5056.51 5056.51 5056.51 5056.51 5056.51 5056.51 5056.51 5056.51 5056.51 5056.51 5056.51 5056.51 5056.51 5056.51 5056.51 5056.51 5056.51 5056.51 5056.51 5056.51 5056.51 5056.51 5056.51 5056.51 5056.51 5056.51 5056.51 5056.51 5056.51 5056.51 5056.51 5056.51 5056.51 5056.51 5056.51 5056.51 5056.51 5056.51 5056.51 5056.51 5056.51 5056.51 5056.51 5056.51 5056.51 5056.51 5056.51 5056.51 5056.51 5056.51 5056.51 5056.51 5056.51 5056.51 5056.51 5056.51 5056.51 5056.51 5056.51 5056.51 5056.51 5056.51 5056.51 5056.51 5056.51 5056.51 5056.51 5056.51 5056.51 5056.51 5056.51 5056.51 5056.51 5056.51 5056.51 5056.51 5056.51 5056.51 5056.51 5056.51 5056.51 5056.51 5056.51 0 0 0 0 0 0 0 0 0 0 0 0 0 0 0 0 0 0 0 0 0 0 0 0 0
#obs catch bio
 11614 13018.4 12590.1 16133.1 20757.5 23410.5 29994.7 29124.6 36576 47572.1 47873.3 59539.8 68937.1 73048.2 80219.4 81353.6 84013.7 80819.4 78132.5 87979.3 95652.6 86758.8 75510.1 93256.4 91623.8 102408 84056.6 92570
#pred cpue bio
 21379.9 21800.8 22815.4 27152.1 33181.6 37642.6 41375.9 43302.9 51418.9 60658.7 70027.5 86872.3 95949.1 108114 108381 108444 114578 113013 115931 121459 128391 117347 109692 120971 115535 108314 108171 123936 3.56138e+06 2.60978e+06 666915 349953 243238 195464 172990 162395 157430 155120 154052 153561 153337 153234 153188 153167 153157 153153 153151 153150 153150 153150 153150 153149 153149 153149 153149 153149 153149 153149 153149 153149 153149 153149 153149 153149 153149 153149 153149 153149 153149 153149 153149 153149 153149 153149 153149 153149 153149 153149 153149 153149 153149 153149 153149 153149 153149 153149 153149 153149 153149 153149 153149 153149 153149 153149 153149 153149 153149 153149 153149 153149 153149 153149 153149 153149 153149 153149 153149 153149 153149 153149 153149 153149 153149 153149 153149 153149 153149 153149 153149 153149 153149 153149 153149 153149 153149 153149 153149 153149 0 0 0 0 0 0 0 0 0 0 0 0 0 0 0 0 0 0 0 0 0 0 0 0 0
#obs cpue bio
 20055.8 27306.7 19123.1 23080.4 32402.4 36653.9 40685.5 46375.3 56282.5 47023.1 60017.9 95987 73660.2 164206 104077 85721.6 104168 124539 159488 121950 159752 159763 119691 148108 138760 104017 156566 123708
#pred surv len freq
 1.17577e-11 1.27675e-09 8.17387e-08 3.08523e-06 6.86576e-05 0.000900827 0.00696946 0.0318153 0.0859702 0.139738 0.147133 0.127941 0.121373 0.108626 0.0773562 0.0490509 0.0316195 0.020689 0.0139626 0.00999126 0.00771597 0.00650192 0.00565471 0.00436816 0.00255025
 1.27237e-11 1.38164e-09 8.8454e-08 3.3387e-06 7.42981e-05 0.000974835 0.00754206 0.0344297 0.0930415 0.151286 0.159528 0.139181 0.13173 0.114957 0.0756414 0.0408586 0.0217286 0.0117897 0.00650844 0.00378157 0.00238942 0.00169605 0.00131857 0.000973434 0.00056702
 1.27698e-11 1.38665e-09 8.87747e-08 3.3508e-06 7.45675e-05 0.000978373 0.00756955 0.0345578 0.0934241 0.1522 0.161849 0.144528 0.139865 0.121504 0.0764453 0.0368831 0.0165198 0.00736747 0.00322793 0.00144858 0.000696022 0.000377108 0.000237462 0.000156424 8.7331e-05
 1.32469e-11 1.43845e-09 9.20909e-08 3.47597e-06 7.7353e-05 0.00101492 0.00785214 0.0358445 0.0968563 0.157419 0.165665 0.14367 0.134813 0.116351 0.0744227 0.0373298 0.0171565 0.0072638 0.00272705 0.000961671 0.000340346 0.000128929 5.70925e-05 2.95302e-05 1.4707e-05
 1.31322e-11 1.426e-09 9.1294e-08 3.44589e-06 7.66836e-05 0.00100614 0.00778425 0.0355358 0.096039 0.156226 0.165038 0.144676 0.137259 0.118459 0.0747143 0.0363011 0.0161813 0.00685208 0.00260201 0.000878301 0.00026398 7.33857e-05 2.09973e-05 7.03582e-06 2.67532e-06
 1.29576e-11 1.40705e-09 9.00804e-08 3.40009e-06 7.56643e-05 0.000992762 0.00768085 0.0350654 0.0947886 0.154361 0.163857 0.145593 0.140081 0.121194 0.0756915 0.0357794 0.0152908 0.00621371 0.00228038 0.00075525 0.000223084 5.70978e-05 1.27598e-05 2.70607e-06 6.27292e-07
 1.29381e-11 1.40492e-09 8.99446e-08 3.39496e-06 7.55502e-05 0.000991266 0.00766928 0.0350127 0.0946485 0.154151 0.163719 0.145683 0.140389 0.121538 0.07591 0.0358387 0.0152165 0.00606915 0.00215063 0.000681112 0.000193266 4.78624e-05 1.00849e-05 1.78582e-06 2.7669e-07
 1.34777e-11 1.46352e-09 9.36959e-08 3.53655e-06 7.87011e-05 0.0010326 0.007989 0.0364696 0.0985492 0.160201 0.168733 0.146614 0.13748 0.117229 0.0719744 0.0327727 0.0132396 0.00510598 0.00177888 0.000552628 0.000151787 3.6003e-05 7.24803e-06 1.20992e-06 1.6385e-07
 1.37878e-11 1.49719e-09 9.58513e-08 3.61791e-06 8.05116e-05 0.00105636 0.00817267 0.0373061 0.100783 0.163617 0.171325 0.146356 0.134608 0.113987 0.0701194 0.0321848 0.013081 0.00497895 0.00167283 0.000497898 0.000132388 3.05561e-05 5.94409e-06 9.49261e-07 1.21293e-07
 1.39748e-11 1.5175e-09 9.71518e-08 3.667e-06 8.16039e-05 0.00107069 0.00828353 0.0378116 0.102141 0.165757 0.173269 0.147243 0.134459 0.113057 0.0685032 0.0303198 0.0116976 0.0043076 0.00143378 0.000422472 0.000109303 2.42543e-05 4.54137e-06 7.00453e-07 8.61229e-08
 1.41514e-11 1.53667e-09 9.8379e-08 3.71332e-06 8.26348e-05 0.00108421 0.00838814 0.0382885 0.103421 0.167771 0.175074 0.148003 0.13421 0.112149 0.0671057 0.0287495 0.0104729 0.00362981 0.0011437 0.000321567 8.08209e-05 1.75876e-05 3.20691e-06 4.77042e-07 5.64178e-08
 1.33075e-11 1.44504e-09 9.25128e-08 3.4919e-06 7.77074e-05 0.00101957 0.00788819 0.0360109 0.0973293 0.158377 0.167547 0.147415 0.140102 0.119858 0.0730834 0.0325074 0.0124974 0.00444575 0.00136808 0.000363295 8.56412e-05 1.76557e-05 3.09672e-06 4.47644e-07 5.14204e-08
 1.37867e-11 1.49708e-09 9.58442e-08 3.61764e-06 8.05056e-05 0.00105628 0.00817209 0.0373038 0.100782 0.163656 0.171559 0.147026 0.135649 0.114723 0.0699416 0.0313447 0.0122617 0.00448927 0.00143891 0.000396341 9.35848e-05 1.85403e-05 3.06195e-06 4.18034e-07 4.59409e-08
 1.30665e-11 1.41886e-09 9.0837e-08 3.42864e-06 7.62998e-05 0.0010011 0.00774539 0.0353605 0.0955937 0.15573 0.165574 0.14773 0.142507 0.122481 0.0744509 0.0327811 0.0124824 0.00449971 0.00145002 0.000408874 0.000100003 2.04636e-05 3.40617e-06 4.52513e-07 4.72692e-08
 1.31871e-11 1.43196e-09 9.16756e-08 3.4603e-06 7.70043e-05 0.00101034 0.00781686 0.0356861 0.096463 0.15706 0.166588 0.147643 0.141411 0.121235 0.0737263 0.0325342 0.0124 0.00443597 0.0014032 0.000388019 9.448e-05 1.96431e-05 3.36538e-06 4.59209e-07 4.83409e-08
 1.3631e-11 1.48016e-09 9.47615e-08 3.57678e-06 7.95962e-05 0.00104435 0.00807985 0.0368842 0.099668 0.162007 0.170568 0.148013 0.138408 0.117262 0.0705986 0.0305128 0.0112623 0.00393503 0.00123342 0.000338704 8.13686e-05 1.66523e-05 2.83576e-06 3.90993e-07 4.20699e-08
 1.30407e-11 1.41607e-09 9.06579e-08 3.42188e-06 7.61494e-05 0.000999128 0.00773015 0.0352914 0.0954132 0.155487 0.165554 0.14829 0.143579 0.123349 0.0744858 0.0321707 0.0118167 0.00407565 0.00124783 0.000333234 7.84299e-05 1.58446e-05 2.66449e-06 3.62903e-07 3.88541e-08
 1.31974e-11 1.43308e-09 9.17472e-08 3.463e-06 7.70644e-05 0.00101113 0.00782296 0.035714 0.0965391 0.15719 0.166751 0.147849 0.141647 0.121369 0.0736254 0.0322627 0.0121302 0.00425633 0.00130774 0.000346254 7.9926e-05 1.57401e-05 2.58555e-06 3.46054e-07 3.65543e-08
 1.3316e-11 1.44596e-09 9.25715e-08 3.49412e-06 7.77568e-05 0.00102022 0.00789321 0.0360339 0.0973929 0.158491 0.16772 0.147687 0.140444 0.120025 0.0728619 0.0320542 0.0121537 0.00431994 0.00135167 0.000365067 8.52117e-05 1.67282e-05 2.70488e-06 3.53855e-07 3.65293e-08
 1.37372e-11 1.4917e-09 9.54999e-08 3.60465e-06 8.02164e-05 0.00105249 0.00814277 0.0371707 0.100431 0.163163 0.171391 0.147744 0.137145 0.115951 0.0700055 0.0305352 0.0114363 0.00403571 0.00126582 0.000345571 8.20149e-05 1.63959e-05 2.68395e-06 3.51204e-07 3.58246e-08
 1.33091e-11 1.44521e-09 9.2524e-08 3.49232e-06 7.77168e-05 0.00101969 0.00788918 0.036016 0.0973514 0.158479 0.167965 0.148524 0.141775 0.120946 0.0725692 0.0309152 0.0111169 0.00378487 0.00116219 0.000313464 7.41896e-05 1.4939e-05 2.48074e-06 3.29873e-07 3.40342e-08
 1.31219e-11 1.42488e-09 9.12221e-08 3.44318e-06 7.66233e-05 0.00100535 0.00777826 0.0355112 0.0960088 0.15647 0.166652 0.149379 0.14459 0.123671 0.0735145 0.0303965 0.0103336 0.00331688 0.000970649 0.000250699 5.73924e-05 1.13401e-05 1.87137e-06 2.49907e-07 2.60794e-08
 1.38531e-11 1.50429e-09 9.63058e-08 3.63506e-06 8.08933e-05 0.00106137 0.00821148 0.0374842 0.101277 0.164527 0.172774 0.148789 0.137821 0.115935 0.0689128 0.0287869 0.00994718 0.00319832 0.000908574 0.000222001 4.78361e-05 8.97718e-06 1.42499e-06 1.85785e-07 1.91996e-08
 1.3731e-11 1.49102e-09 9.54564e-08 3.603e-06 8.01799e-05 0.00105201 0.00813908 0.0371542 0.100392 0.16314 0.171561 0.148363 0.138152 0.116696 0.0699009 0.0297917 0.01067 0.0035516 0.00103206 0.000254576 5.40611e-05 9.71993e-06 1.45584e-06 1.79588e-07 1.77876e-08
 1.3654e-11 1.48267e-09 9.49217e-08 3.58282e-06 7.97308e-05 0.00104611 0.00809355 0.0369475 0.0998495 0.162386 0.171358 0.14964 0.14071 0.118719 0.069835 0.0282235 0.00919825 0.00283726 0.000812628 0.000205325 4.48892e-05 8.19379e-06 1.21772e-06 1.45266e-07 1.36767e-08
 1.44941e-11 1.57389e-09 1.00762e-07 3.80326e-06 8.46362e-05 0.00111047 0.00859125 0.0392146 0.105908 0.171691 0.178622 0.149596 0.1339 0.110472 0.0642786 0.0254806 0.00795886 0.00230234 0.000609089 0.000141281 2.92424e-05 5.30356e-06 8.0313e-07 9.73047e-08 9.13066e-09
 1.44529e-11 1.56941e-09 1.00475e-07 3.79244e-06 8.43956e-05 0.00110732 0.00856685 0.0391038 0.105617 0.171283 0.1785 0.150243 0.135217 0.111532 0.0642853 0.0247166 0.00721649 0.00192034 0.000475447 0.000103382 1.97627e-05 3.29311e-06 4.67174e-07 5.50646e-08 5.17971e-09
 1.49821e-11 1.62687e-09 1.04154e-07 3.93129e-06 8.74854e-05 0.00114785 0.00888031 0.040531 0.109422 0.177057 0.182659 0.149072 0.129188 0.105191 0.0612865 0.0246103 0.00786193 0.00228363 0.000574484 0.000118672 2.09411e-05 3.21826e-06 4.20438e-07 4.5601e-08 4.00752e-09
#obs surv len freq
 1.32314e-11 1.43678e-09 9.19836e-08 3.47193e-06 7.72631e-05 0.00101373 0.00784282 0.0357981 0.0966703 0.156588 0.162179 0.134024 0.120241 0.108012 0.0806753 0.0511444 0.0277675 0.0121887 0.0042637 0.00119896 0.000263569 4.31074e-05 5.03561e-06 4.08236e-07 2.24449e-08
 1.35879e-11 1.47549e-09 9.44619e-08 3.56547e-06 7.93448e-05 0.00104105 0.00805428 0.0367655 0.0993053 0.160981 0.16704 0.138043 0.12222 0.106531 0.0758711 0.0454657 0.0237491 0.0102286 0.00348028 0.000922495 0.000186828 2.81499e-05 3.05927e-06 2.31629e-07 1.18294e-08
 1.25587e-11 1.36373e-09 8.7307e-08 3.29541e-06 7.33352e-05 0.000962212 0.00744477 0.0339923 0.0919266 0.149831 0.158873 0.139025 0.130678 0.116111 0.0826889 0.0489942 0.0248379 0.010224 0.00331039 0.000836773 0.000161033 2.2745e-05 2.28334e-06 1.58578e-07 7.43266e-09
 1.33695e-11 1.45177e-09 9.29432e-08 3.50815e-06 7.80694e-05 0.00102433 0.00792523 0.0361825 0.0977961 0.158918 0.16609 0.138883 0.123233 0.107326 0.0776443 0.0472116 0.0240818 0.00971374 0.00301879 0.000721201 0.000130052 1.71545e-05 1.60356e-06 1.03158e-07 4.4494e-09
 1.31235e-11 1.42505e-09 9.12332e-08 3.44361e-06 7.66333e-05 0.00100549 0.0077799 0.0355264 0.0961068 0.156732 0.165914 0.142809 0.129192 0.110613 0.0765338 0.0440766 0.0216459 0.0085979 0.00264693 0.000618129 0.000106669 1.32242e-05 1.14886e-06 6.82995e-08 2.71489e-09
 1.34506e-11 1.46057e-09 9.35071e-08 3.52944e-06 7.85434e-05 0.00103056 0.00797398 0.0364146 0.0985234 0.160693 0.169838 0.144705 0.128218 0.107907 0.0737437 0.0415376 0.0194814 0.00723949 0.00207391 0.000455067 7.46754e-05 8.8229e-06 7.24947e-07 4.03132e-08 1.48477e-09
 1.24762e-11 1.35477e-09 8.67335e-08 3.27377e-06 7.28542e-05 0.000955934 0.00739723 0.0337938 0.0915804 0.150353 0.162667 0.146259 0.136167 0.116178 0.0793402 0.0444798 0.0206361 0.00752331 0.00208514 0.000434182 6.6607e-05 7.32403e-06 5.61451e-07 2.9212e-08 1.00625e-09
 1.35051e-11 1.46649e-09 9.3886e-08 3.54374e-06 7.8862e-05 0.00103476 0.0080069 0.0365722 0.0990123 0.161764 0.17139 0.145372 0.126479 0.10554 0.0733208 0.0421876 0.0197365 0.00711883 0.00192962 0.000388972 5.70506e-05 5.91634e-06 4.22771e-07 2.03597e-08 6.47636e-10
 1.30633e-11 1.41852e-09 9.08148e-08 3.42783e-06 7.62829e-05 0.00100094 0.007746 0.0353947 0.0959787 0.157773 0.170593 0.15093 0.134906 0.109972 0.0718925 0.0385361 0.0171593 0.00604931 0.00161838 0.000319891 4.54183e-05 4.50356e-06 3.04466e-07 1.37429e-08 4.06489e-10
 1.354e-11 1.47029e-09 9.41291e-08 3.55293e-06 7.9067e-05 0.00103748 0.00802883 0.0366873 0.099469 0.163295 0.175272 0.151429 0.131107 0.105374 0.0690084 0.0367279 0.0157308 0.00518795 0.00128866 0.000238909 3.22575e-05 3.06093e-06 1.97582e-07 8.45854e-09 2.35514e-10
 1.27797e-11 1.38773e-09 8.88437e-08 3.35343e-06 7.46281e-05 0.000979264 0.00757931 0.0346504 0.0941225 0.155571 0.170562 0.153739 0.137673 0.111192 0.0723611 0.0382648 0.0163153 0.00534658 0.00130249 0.000231527 2.93969e-05 2.60285e-06 1.56999e-07 6.30661e-09 1.65163e-10
 1.25981e-11 1.36801e-09 8.7581e-08 3.30578e-06 7.3568e-05 0.000965377 0.00747244 0.0341715 0.0929082 0.15399 0.169933 0.154401 0.138506 0.112025 0.0734512 0.0389564 0.0164068 0.00525011 0.00124347 0.000214198 2.61673e-05 2.20384e-06 1.24902e-07 4.67115e-09 1.1339e-10
 1.27552e-11 1.38506e-09 8.86731e-08 3.34701e-06 7.4486e-05 0.000977443 0.00756637 0.0346087 0.0941555 0.156281 0.172717 0.156226 0.138026 0.109761 0.0709604 0.0371037 0.0153784 0.00483241 0.00111792 0.000186495 2.18822e-05 1.75882e-06 9.4601e-08 3.33752e-09 7.59302e-11
 1.24701e-11 1.35411e-09 8.66913e-08 3.27221e-06 7.28225e-05 0.000955659 0.00739898 0.0338628 0.0923104 0.154196 0.17328 0.160737 0.143141 0.111549 0.0693499 0.0344857 0.0135575 0.0040487 0.00089207 0.000141921 1.58741e-05 1.21331e-06 6.18208e-08 2.05769e-09 4.40021e-11
 1.24389e-11 1.35072e-09 8.64744e-08 3.26404e-06 7.26413e-05 0.000953312 0.00738161 0.0337944 0.092209 0.154368 0.174067 0.161497 0.143024 0.111251 0.0693724 0.0342685 0.0131004 0.00373227 0.000775495 0.000115776 1.21445e-05 8.71254e-07 4.16911e-08 1.30283e-09 2.61261e-11
 1.1682e-11 1.26853e-09 8.12126e-08 3.06545e-06 6.82232e-05 0.000895402 0.00693507 0.0317791 0.0869719 0.146966 0.169733 0.163538 0.148654 0.116598 0.0730239 0.0361837 0.0138206 0.00390763 0.000795829 0.000114444 1.13737e-05 7.64453e-07 3.40765e-08 9.89949e-10 1.84496e-11
 1.11079e-11 1.20619e-09 7.72222e-08 2.91485e-06 6.48732e-05 0.000851507 0.00659694 0.0302567 0.0830373 0.141454 0.166475 0.164722 0.152422 0.120738 0.0762676 0.0378598 0.0143385 0.00399279 0.000797376 0.000111772 1.07328e-05 6.89523e-07 2.90587e-08 7.90619e-10 1.37055e-11
 1.22331e-11 1.32837e-09 8.50442e-08 3.2101e-06 7.14442e-05 0.000937739 0.00726425 0.0333007 0.0911881 0.153962 0.176039 0.16427 0.143413 0.110254 0.0687715 0.0337494 0.0125776 0.0034308 0.000667844 9.07385e-05 8.39894e-06 5.17432e-07 2.0799e-08 5.36624e-10 8.76797e-12
 1.21286e-11 1.31702e-09 8.43179e-08 3.18272e-06 7.08369e-05 0.000929856 0.00720529 0.0330596 0.0907596 0.154271 0.178805 0.169 0.146277 0.10889 0.0651261 0.0307806 0.0111752 0.00299244 0.000571513 7.57089e-05 6.77956e-06 4.01225e-07 1.54024e-08 3.77673e-10 5.84045e-12
 1.20591e-11 1.30949e-09 8.38357e-08 3.16455e-06 7.0435e-05 0.000924679 0.00716742 0.0329156 0.0905899 0.154933 0.181641 0.173346 0.148983 0.108044 0.061853 0.027485 0.00927254 0.00230405 0.000411189 5.13998e-05 4.37442e-06 2.46657e-07 9.01133e-09 2.09677e-10 3.06665e-12
 1.21601e-11 1.32045e-09 8.45377e-08 3.19108e-06 7.10274e-05 0.000932525 0.00722964 0.0332168 0.0915057 0.156694 0.183555 0.173859 0.147801 0.106606 0.0608001 0.0266163 0.00867978 0.00204596 0.000341335 3.95629e-05 3.11772e-06 1.63284e-07 5.56559e-09 1.2127e-10 1.66439e-12
 1.14447e-11 1.24276e-09 7.9565e-08 3.00345e-06 6.68561e-05 0.000877954 0.00681103 0.0313531 0.0868358 0.150778 0.18179 0.178479 0.154217 0.110276 0.0616004 0.0263094 0.00835362 0.00190717 0.000304938 3.34151e-05 2.45851e-06 1.19166e-07 3.74244e-09 7.50609e-11 9.4947e-13
 1.22544e-11 1.3307e-09 8.5195e-08 3.21598e-06 7.15874e-05 0.000940076 0.00729221 0.0335499 0.0927031 0.159597 0.187828 0.176704 0.147025 0.103461 0.0573768 0.024114 0.00742876 0.00162908 0.000248741 2.59085e-05 1.80187e-06 8.20016e-08 2.40083e-09 4.46072e-11 5.20198e-13
 1.18148e-11 1.28297e-09 8.21402e-08 3.10077e-06 6.90294e-05 0.000906729 0.0070388 0.03245 0.0901439 0.157175 0.18937 0.182349 0.151433 0.103429 0.0550564 0.022278 0.00665244 0.00141592 0.000208643 2.07865e-05 1.37134e-06 5.88304e-08 1.61603e-09 2.80595e-11 3.0466e-13
 1.16204e-11 1.26186e-09 8.07896e-08 3.04988e-06 6.79022e-05 0.000892122 0.00692936 0.0319906 0.0891606 0.156513 0.190536 0.184969 0.153401 0.103582 0.0538115 0.020886 0.0058977 0.00118012 0.000163619 1.53803e-05 9.5849e-07 3.87881e-08 1.00197e-09 1.63012e-11 1.65289e-13
 1.13705e-11 1.23473e-09 7.90537e-08 2.98448e-06 6.6454e-05 0.000873356 0.00678877 0.0314004 0.0878982 0.155682 0.192108 0.18834 0.155516 0.103191 0.0521896 0.0195378 0.00526769 0.000995982 0.000129269 1.13042e-05 6.53798e-07 2.45649e-08 5.90042e-10 8.93756e-12 8.44149e-14
 1.14475e-11 1.2431e-09 7.9591e-08 3.00486e-06 6.69123e-05 0.000879516 0.0068388 0.0316488 0.0886442 0.15691 0.192729 0.187274 0.153946 0.10273 0.0523961 0.01962 0.00522159 0.000961452 0.000119957 9.96146e-06 5.41382e-07 1.89626e-08 4.22401e-10 5.9169e-12 5.16252e-14
 1.22674e-11 1.33214e-09 8.52927e-08 3.22021e-06 7.17123e-05 0.000942725 0.00733175 0.0339357 0.0949886 0.167386 0.202256 0.189215 0.146999 0.0921452 0.0442395 0.0157003 0.00399011 0.000704217 8.41112e-05 6.65493e-06 3.42463e-07 1.12851e-08 2.35101e-10 3.06422e-12 2.47741e-14
#pred catch len freq
 1.01618e-11 1.10345e-09 7.06439e-08 2.66646e-06 5.93385e-05 0.000778566 0.00602395 0.0275084 0.0744596 0.122055 0.133298 0.127915 0.134084 0.12391 0.0873708 0.053728 0.0337242 0.0218144 0.0146696 0.0104866 0.0080965 0.00682226 0.00593327 0.00458334 0.00267587
 1.18054e-11 1.28193e-09 8.20701e-08 3.09774e-06 6.89361e-05 0.000904488 0.00699805 0.0319521 0.0864266 0.141177 0.151884 0.140044 0.14043 0.124849 0.0814795 0.0428148 0.0220733 0.0117831 0.0064696 0.00375304 0.00237041 0.00168242 0.00130795 0.000965595 0.000562454
 1.1606e-11 1.26027e-09 8.06835e-08 3.0454e-06 6.77714e-05 0.000889212 0.00688005 0.0314175 0.0850386 0.139376 0.152099 0.145453 0.150627 0.133843 0.0838572 0.0395372 0.0171458 0.00748948 0.00325575 0.0014574 0.00069974 0.000379056 0.000238681 0.000157227 8.7779e-05
 1.2174e-11 1.32195e-09 8.46323e-08 3.19445e-06 7.10882e-05 0.000932725 0.00721653 0.0329497 0.0891263 0.145597 0.156682 0.144532 0.144748 0.127737 0.0812577 0.0397705 0.0177242 0.0073674 0.00274607 0.000965684 0.000341395 0.000129283 5.72448e-05 2.96086e-05 1.4746e-05
 1.23152e-11 1.33729e-09 8.56144e-08 3.23152e-06 7.19131e-05 0.000943549 0.00730026 0.0333317 0.0901548 0.147239 0.15827 0.145532 0.145131 0.12734 0.0798506 0.0378936 0.016364 0.00679225 0.00255951 0.00086161 0.000258699 7.18912e-05 2.05673e-05 6.89151e-06 2.62044e-06
 1.22105e-11 1.32591e-09 8.4886e-08 3.20403e-06 7.13013e-05 0.000935523 0.00723821 0.0330496 0.0894077 0.146148 0.15769 0.146441 0.147379 0.129382 0.0803631 0.0371465 0.0153777 0.00611763 0.00222622 0.000735105 0.000216893 5.54922e-05 1.23995e-05 2.62955e-06 6.09549e-07
 1.24751e-11 1.35464e-09 8.67254e-08 3.27345e-06 7.28463e-05 0.000955793 0.00739497 0.0337636 0.0913162 0.149081 0.159993 0.14647 0.145312 0.126883 0.0787067 0.0363296 0.0149438 0.00583551 0.0020503 0.000647317 0.000183455 4.54134e-05 9.56754e-06 1.69414e-06 2.62483e-07
 1.2796e-11 1.38949e-09 8.89563e-08 3.35766e-06 7.47201e-05 0.000980377 0.00758511 0.0346303 0.0936395 0.152708 0.16311 0.147397 0.144154 0.124708 0.0762293 0.0340026 0.0133059 0.00501457 0.0017305 0.000535796 0.00014698 3.48472e-05 7.01432e-06 1.17085e-06 1.58558e-07
 1.33117e-11 1.44549e-09 9.25416e-08 3.49298e-06 7.77316e-05 0.00101989 0.00789064 0.0360218 0.0973559 0.158396 0.167458 0.147067 0.13952 0.119378 0.0730246 0.0328164 0.0129228 0.00480972 0.001601 0.000474878 0.000126095 2.9089e-05 5.65779e-06 9.03493e-07 1.15443e-07
 1.37271e-11 1.4906e-09 9.54298e-08 3.602e-06 8.01575e-05 0.00105171 0.00813679 0.0371435 0.10036 0.163058 0.171335 0.147829 0.137344 0.116084 0.0699323 0.0303535 0.0113458 0.00407702 0.00134287 0.000394224 0.000101853 2.25896e-05 4.22894e-06 6.52228e-07 8.01921e-08
 1.35462e-11 1.47096e-09 9.41721e-08 3.55453e-06 7.91012e-05 0.00103785 0.00802964 0.0366559 0.0990629 0.161119 0.17008 0.148691 0.140121 0.118777 0.0708793 0.0298464 0.0105418 0.00355928 0.00110824 0.000310276 7.7859e-05 1.69333e-05 3.08701e-06 4.5918e-07 5.43043e-08
 1.28742e-11 1.39798e-09 8.95002e-08 3.37819e-06 7.5177e-05 0.000986371 0.00763148 0.0348419 0.0942104 0.153628 0.164042 0.148101 0.144631 0.1248 0.0757032 0.03302 0.0123047 0.00427424 0.00130174 0.000344318 8.1032e-05 1.66944e-05 2.92745e-06 4.23144e-07 4.8605e-08
 1.33675e-11 1.45155e-09 9.29295e-08 3.50762e-06 7.80574e-05 0.00102416 0.00792371 0.0361728 0.0977643 0.159062 0.168169 0.147695 0.140038 0.119511 0.0724795 0.031839 0.0120693 0.0043159 0.00136952 0.000375835 8.86105e-05 1.75444e-05 2.89684e-06 3.95462e-07 4.34591e-08
 1.2831e-11 1.3933e-09 8.92002e-08 3.36687e-06 7.49251e-05 0.000983066 0.00760593 0.0347256 0.0939015 0.153168 0.163757 0.148343 0.145334 0.125413 0.0757826 0.0327315 0.0120779 0.0042477 0.00135419 0.000380381 9.28957e-05 1.89985e-05 3.16169e-06 4.20004e-07 4.38723e-08
 1.30856e-11 1.42094e-09 9.097e-08 3.43366e-06 7.64115e-05 0.00100257 0.00775674 0.0354125 0.0957362 0.155978 0.165911 0.148203 0.14308 0.1228 0.0741797 0.0321025 0.0118578 0.00413959 0.00129555 0.000356848 8.67542e-05 1.80261e-05 3.08772e-06 4.21293e-07 4.43485e-08
 1.34226e-11 1.45753e-09 9.33125e-08 3.52208e-06 7.83791e-05 0.00102838 0.00795638 0.0363221 0.0981699 0.159739 0.168961 0.148561 0.140918 0.119861 0.0717729 0.0304601 0.0108987 0.00371153 0.00115008 0.000314515 7.54371e-05 1.54291e-05 2.62689e-06 3.62169e-07 3.89676e-08
 1.28722e-11 1.39776e-09 8.94862e-08 3.37766e-06 7.51652e-05 0.000986217 0.00763031 0.0348369 0.0942028 0.153662 0.164294 0.148842 0.145775 0.125561 0.0753874 0.0319728 0.0113862 0.00382793 0.00115852 0.000308073 7.23856e-05 1.4614e-05 2.45699e-06 3.34617e-07 3.58248e-08
 1.29512e-11 1.40635e-09 9.00358e-08 3.3984e-06 7.56268e-05 0.000992273 0.00767713 0.03505 0.0947693 0.154508 0.164836 0.14845 0.144542 0.124391 0.0750268 0.0322597 0.0117573 0.00402479 0.00122316 0.000322547 7.43299e-05 1.46283e-05 2.40236e-06 3.2151e-07 3.39607e-08
 1.31029e-11 1.42281e-09 9.10899e-08 3.43819e-06 7.65123e-05 0.00100389 0.00776696 0.0354591 0.0958613 0.156175 0.166088 0.148277 0.143056 0.122713 0.0740489 0.0319566 0.0117436 0.00407286 0.00126073 0.00033916 7.90389e-05 1.55067e-05 2.5068e-06 3.27916e-07 3.38506e-08
 1.36146e-11 1.47838e-09 9.46473e-08 3.57246e-06 7.95003e-05 0.00104309 0.00807012 0.03684 0.0995519 0.161844 0.170518 0.148266 0.138927 0.117685 0.0706151 0.0302261 0.0109726 0.00377615 0.00117135 0.000318492 7.54682e-05 1.50779e-05 2.46766e-06 3.22879e-07 3.29344e-08
 1.35646e-11 1.47295e-09 9.42995e-08 3.55934e-06 7.92082e-05 0.00103926 0.0080405 0.0367054 0.0991966 0.161334 0.170296 0.148849 0.14022 0.118775 0.0707254 0.0295962 0.0103196 0.00342161 0.00103794 0.000278727 6.58577e-05 1.32528e-05 2.20026e-06 2.92555e-07 3.01831e-08
 1.33306e-11 1.44754e-09 9.26729e-08 3.49794e-06 7.78419e-05 0.00102133 0.00790191 0.0360746 0.0975167 0.158803 0.168562 0.149657 0.143335 0.121906 0.0719984 0.0292988 0.00966849 0.00301725 0.000870894 0.000223813 5.11409e-05 1.00977e-05 1.66594e-06 2.22456e-07 2.32141e-08
 1.3697e-11 1.48733e-09 9.52204e-08 3.5941e-06 7.99817e-05 0.00104941 0.00811899 0.0370632 0.100156 0.162832 0.171588 0.149247 0.139772 0.117926 0.0697638 0.0286734 0.00961629 0.00300894 0.000843647 0.000205126 4.41112e-05 8.27141e-06 1.31258e-06 1.71114e-07 1.76828e-08
 1.4085e-11 1.52947e-09 9.79179e-08 3.69591e-06 8.22475e-05 0.00107913 0.00834886 0.0381099 0.102948 0.167084 0.174724 0.148625 0.135705 0.113488 0.0674111 0.0282167 0.00980149 0.00317846 0.000912541 0.000224079 4.74956e-05 8.53279e-06 1.27765e-06 1.57592e-07 1.56084e-08
 1.42058e-11 1.54257e-09 9.87571e-08 3.72759e-06 8.29523e-05 0.00108838 0.0084204 0.0384364 0.103829 0.1685 0.176144 0.149653 0.136296 0.113326 0.0661292 0.0263297 0.00833699 0.00249678 0.000704345 0.000177 3.8621e-05 7.04442e-06 1.04662e-06 1.24844e-07 1.17535e-08
 1.51603e-11 1.64623e-09 1.05393e-07 3.97806e-06 8.85262e-05 0.00116151 0.00898592 0.0410123 0.110712 0.179061 0.184345 0.149459 0.128337 0.103801 0.0598585 0.0233993 0.00711026 0.0019959 0.000519381 0.000119723 2.47214e-05 4.47945e-06 6.78115e-07 8.21498e-08 7.70832e-09
 1.46773e-11 1.59378e-09 1.02035e-07 3.85133e-06 8.5706e-05 0.00112451 0.00869981 0.0397095 0.107236 0.173775 0.180468 0.150307 0.13351 0.109393 0.0627458 0.0238577 0.00679393 0.00175207 0.000425532 9.18417e-05 1.75083e-05 2.9143e-06 4.1327e-07 4.87046e-08 4.58125e-09
 1.4766e-11 1.60341e-09 1.02652e-07 3.87459e-06 8.62236e-05 0.0011313 0.0087523 0.0399481 0.107868 0.174693 0.180931 0.149468 0.131527 0.107705 0.0625609 0.0247822 0.0076995 0.00217296 0.000538362 0.000110552 1.94579e-05 2.9867e-06 3.89997e-07 4.22923e-08 3.71653e-09
#obs catch len freq
 1.04678e-11 1.13668e-09 7.27711e-08 2.74675e-06 6.11255e-05 0.000802016 0.00620552 0.0283399 0.0767348 0.125928 0.137969 0.133094 0.140609 0.133044 0.0981114 0.0610778 0.0339412 0.0159173 0.0059681 0.00173883 0.000384091 6.29776e-05 7.48649e-06 6.25535e-07 3.55436e-08
 1.16958e-11 1.27002e-09 8.13081e-08 3.06898e-06 6.82962e-05 0.000896095 0.0069332 0.0316568 0.0856229 0.139715 0.149159 0.133883 0.131243 0.121642 0.0912627 0.0576179 0.0308851 0.0133089 0.00455107 0.00124294 0.000263345 4.12253e-05 4.58151e-06 3.51392e-07 1.81853e-08
 1.21698e-11 1.3215e-09 8.46036e-08 3.19337e-06 7.10644e-05 0.000932421 0.00721438 0.0329428 0.0891205 0.145504 0.155385 0.138617 0.133036 0.119184 0.0851211 0.0507906 0.0261949 0.0110588 0.00366838 0.000942339 0.000183769 2.64855e-05 2.73536e-06 1.95688e-07 9.39866e-09
 1.1357e-11 1.23324e-09 7.89529e-08 2.98009e-06 6.63183e-05 0.00087016 0.00673312 0.0307548 0.0833166 0.136836 0.149371 0.140108 0.140242 0.126794 0.0902338 0.0530996 0.0265187 0.0106841 0.003369 0.00082413 0.000152432 2.05608e-05 1.95954e-06 1.28499e-07 5.66002e-09
 1.23376e-11 1.33972e-09 8.57697e-08 3.23739e-06 7.20442e-05 0.000945285 0.00731422 0.0334037 0.0904129 0.147809 0.158054 0.139934 0.131436 0.11646 0.0841535 0.0507124 0.0254161 0.0100124 0.00302472 0.000698265 0.000120869 1.52073e-05 1.34797e-06 8.17996e-08 3.31352e-09
 1.2315e-11 1.33726e-09 8.56125e-08 3.23146e-06 7.19123e-05 0.000943567 0.0073013 0.0333518 0.0903494 0.148186 0.160111 0.144434 0.136165 0.117622 0.0810392 0.0462168 0.0222954 0.00863972 0.00258029 0.000580939 9.60524e-05 1.13429e-05 9.33485e-07 5.23068e-08 1.95129e-09
 1.26827e-11 1.37719e-09 8.81689e-08 3.32795e-06 7.40598e-05 0.00097175 0.00751953 0.0343508 0.0930684 0.152642 0.164508 0.146499 0.134984 0.114528 0.0778562 0.0433438 0.0199299 0.00721691 0.00200471 0.000423853 6.65582e-05 7.47887e-06 5.81327e-07 3.04403e-08 1.05153e-09
 1.18251e-11 1.28406e-09 8.22069e-08 3.10292e-06 6.90524e-05 0.00090607 0.00701205 0.0320466 0.0869825 0.143671 0.158553 0.148345 0.142189 0.121637 0.0824647 0.0456246 0.0207195 0.00734722 0.00197047 0.000394672 5.78748e-05 6.04714e-06 4.38109e-07 2.14413e-08 6.9205e-10
 1.30006e-11 1.41171e-09 9.03791e-08 3.41138e-06 7.59167e-05 0.000996131 0.00770862 0.0352206 0.095468 0.156673 0.168422 0.147259 0.131282 0.109767 0.0756333 0.0428533 0.0195808 0.00685807 0.00179588 0.00034761 4.86533e-05 4.78799e-06 3.23048e-07 1.46235e-08 4.35578e-10
 1.26712e-11 1.37594e-09 8.80892e-08 3.32495e-06 7.3994e-05 0.00097093 0.00751444 0.0343487 0.0932645 0.154024 0.168862 0.153188 0.138985 0.112877 0.0730335 0.0385485 0.0167681 0.00573518 0.00147974 0.000280321 3.79174e-05 3.56286e-06 2.27163e-07 9.62968e-09 2.66548e-10
 1.31559e-11 1.42858e-09 9.14589e-08 3.45214e-06 7.68247e-05 0.00100808 0.00780207 0.0356638 0.0968187 0.159655 0.173632 0.153673 0.135109 0.108236 0.0700851 0.0366421 0.0152971 0.00488916 0.00117087 0.000207947 2.67198e-05 2.39919e-06 1.45857e-07 5.85796e-09 1.52517e-10
 1.25009e-11 1.35746e-09 8.69056e-08 3.28029e-06 7.30009e-05 0.000957941 0.00741509 0.0339131 0.0922474 0.153162 0.169975 0.156138 0.140905 0.112984 0.072587 0.0376651 0.0156333 0.00495545 0.00116122 0.000197375 2.38236e-05 1.99453e-06 1.13209e-07 4.26184e-09 1.04257e-10
 1.24016e-11 1.34667e-09 8.62151e-08 3.25423e-06 7.24215e-05 0.000950362 0.00735708 0.0336576 0.0916348 0.152518 0.170086 0.156811 0.14113 0.113092 0.0730874 0.0379628 0.0155383 0.00480355 0.00109295 0.000179748 2.08411e-05 1.65747e-06 8.83146e-08 3.09343e-09 7.01044e-11
 1.26691e-11 1.37572e-09 8.80748e-08 3.32443e-06 7.39844e-05 0.000970893 0.00751653 0.0343938 0.0936836 0.156039 0.173803 0.158569 0.139745 0.10978 0.0698429 0.0357168 0.0143682 0.00435536 0.000966353 0.000153677 1.70909e-05 1.29559e-06 6.54424e-08 2.16045e-09 4.58574e-11
 1.24244e-11 1.34915e-09 8.6374e-08 3.26025e-06 7.25571e-05 0.000952215 0.00737331 0.03376 0.0921508 0.154479 0.174858 0.163167 0.144443 0.110959 0.0677879 0.0329342 0.0125556 0.00361352 0.000762827 0.000115554 1.22356e-05 8.80966e-07 4.21097e-08 1.31037e-09 2.61235e-11
 1.24094e-11 1.34752e-09 8.62698e-08 3.25633e-06 7.24707e-05 0.000951118 0.00736571 0.0337372 0.0921785 0.154867 0.175832 0.163947 0.14422 0.110512 0.0676238 0.0325705 0.0120526 0.00330479 0.000657216 9.33389e-05 9.26009e-06 6.252e-07 2.8039e-08 8.18429e-10 1.52884e-11
 1.17083e-11 1.27139e-09 8.1396e-08 3.07239e-06 6.83789e-05 0.000897497 0.00695252 0.0318758 0.0873646 0.148153 0.172096 0.166084 0.149456 0.115305 0.0707868 0.0341557 0.0126098 0.00342522 0.000666355 9.10105e-05 8.54509e-06 5.40089e-07 2.2549e-08 6.1147e-10 1.06084e-11
 1.11903e-11 1.21514e-09 7.77948e-08 2.93648e-06 6.53561e-05 0.000857903 0.00664781 0.0305074 0.0838506 0.14331 0.169392 0.167336 0.152871 0.118937 0.0735362 0.0354894 0.0129738 0.0034663 0.000660267 8.77636e-05 7.95007e-06 4.79732e-07 1.89205e-08 4.80279e-10 7.74769e-12
 1.23257e-11 1.33843e-09 8.56882e-08 3.23443e-06 7.19872e-05 0.000944926 0.00732127 0.0335791 0.0920704 0.155886 0.178888 0.166649 0.143661 0.10841 0.0661109 0.0315024 0.0113184 0.00295828 0.000548502 7.0572e-05 6.15443e-06 3.5571e-07 1.33673e-08 3.21501e-10 4.88553e-12
 1.22869e-11 1.33422e-09 8.54188e-08 3.2243e-06 7.17641e-05 0.000942095 0.00730159 0.0335189 0.0921343 0.156964 0.182219 0.171223 0.145754 0.10627 0.062084 0.0284774 0.00995861 0.00255151 0.000463386 5.8041e-05 4.8903e-06 2.71209e-07 9.72366e-09 2.22073e-10 3.1916e-12
 1.22282e-11 1.32785e-09 8.50116e-08 3.20897e-06 7.14259e-05 0.000937767 0.00727056 0.0334087 0.0920681 0.157815 0.185218 0.175509 0.148155 0.105084 0.0586655 0.0252658 0.00820395 0.00194967 0.000330694 3.90497e-05 3.12321e-06 1.64826e-07 5.61797e-09 1.21645e-10 1.65222e-12
 1.23548e-11 1.34159e-09 8.5892e-08 3.24224e-06 7.21686e-05 0.000947596 0.00734825 0.0337815 0.0931779 0.159867 0.187317 0.175956 0.146764 0.103407 0.0574109 0.0243106 0.00761725 0.00171494 0.000271675 2.9728e-05 2.20035e-06 1.0778e-07 3.42433e-09 6.93662e-11 8.83306e-13
 1.16652e-11 1.26671e-09 8.10988e-08 3.06139e-06 6.8149e-05 0.000895039 0.00694561 0.0319945 0.0887329 0.154346 0.185913 0.180595 0.152838 0.106661 0.0579507 0.0239164 0.0072864 0.00158636 0.000240491 2.48528e-05 1.71635e-06 7.77785e-08 2.27614e-09 4.24244e-11 4.97631e-13
 1.24902e-11 1.3563e-09 8.68347e-08 3.27793e-06 7.29696e-05 0.000958337 0.00743592 0.0342322 0.0946996 0.163266 0.191903 0.178638 0.145513 0.0997891 0.0537218 0.0217794 0.00642993 0.00134323 0.00019425 1.906e-05 1.24304e-06 5.28514e-08 1.44131e-09 2.48822e-11 2.69062e-13
 1.2075e-11 1.31122e-09 8.39496e-08 3.16915e-06 7.05557e-05 0.000926909 0.00719782 0.0332064 0.0923575 0.16121 0.193713 0.184121 0.149422 0.0993704 0.0513242 0.0200192 0.00572157 0.00115827 0.00016142 1.5133e-05 9.3543e-07 3.74664e-08 9.58083e-10 1.54499e-11 1.55502e-13
 1.18994e-11 1.29216e-09 8.27307e-08 3.12325e-06 6.95405e-05 0.000913794 0.00710028 0.0328039 0.0915367 0.160811 0.195069 0.186683 0.151111 0.0992015 0.049916 0.0186497 0.00503618 0.000957853 0.000125498 1.10893e-05 6.4682e-07 2.44159e-08 5.8674e-10 8.86123e-12 8.32607e-14
 1.16468e-11 1.26474e-09 8.09766e-08 3.05719e-06 6.80786e-05 0.000894884 0.00695909 0.0322152 0.0902963 0.160048 0.196711 0.190011 0.153072 0.098676 0.0482826 0.0173771 0.00447491 0.000803382 9.84625e-05 8.08952e-06 4.37667e-07 1.53289e-08 3.42275e-10 4.80919e-12 4.2064e-14
 1.17497e-11 1.27592e-09 8.16937e-08 3.08437e-06 6.86892e-05 0.000903057 0.00702485 0.0325359 0.0912327 0.161546 0.197503 0.188945 0.15138 0.0979889 0.0482596 0.0173415 0.00440119 0.000768423 9.04302e-05 7.04963e-06 3.58227e-07 1.1693e-08 2.4208e-10 3.14471e-12 2.54003e-14
#spawning biomass
 27028.5 29419.6 31371.6 38017.5 46347 52334.9 57504.7 61518.1 73912.4 87991 102478 122848 138115 151551 152606 155434 160630 159261 164059 174734 181912 165333 158881 174223 166268 161347 161073 188352 219244 100968 13297.9 8428.13 8199.22 8189.51 8189.12 8189.11 8189.11 8189.11 8189.11 8189.11 8189.11 8189.11 8189.11 8189.11 8189.11 8189.11 8189.11 8189.11 8189.11 8189.11 8189.11 8189.11 8189.11 8189.11 8189.11 8189.11 8189.11 8189.11 8189.11 8189.11 8189.11 8189.11 8189.11 8189.11 8189.11 8189.11 8189.11 8189.11 8189.11 8189.11 8189.11 8189.11 8189.11 8189.11 8189.11 8189.11 8189.11 8189.11 8189.11 8189.11 8189.11 8189.11 8189.11 8189.11 8189.11 8189.11 8189.11 8189.11 8189.11 8189.11 8189.11 8189.11 8189.11 8189.11 8189.11 8189.11 8189.11 8189.11 8189.11 8189.11 8189.11 8189.11 8189.11 8189.11 8189.11 8189.11 8189.11 8189.11 8189.11 8189.11 8189.11 8189.11 8189.11 8189.11 8189.11 8189.11 8189.11 8189.11 8189.11 8189.11 8189.11 8189.11 8189.11 8189.11 8189.11 8189.11 8189.11 8189.11 0 0 0 0 0 0 0 0 0 0 0 0 0 0 0 0 0 0 0 0 0 0 0 0 0
