SBPRF35
0.207067
Curr Bio
62782.9
B35
212201
F35
0.448643
FOFL
0.116456
OFL
7000.1
Bzero
59162.1
#pred survey bio
 10352.9 8138.14 5621.28 5296.43 7961.28 11922.5 16208.5 20291.3 29807.1 36514.9 51462.9 57810.7 76361.6 93828.5 98284.4 88452.4 106704 104613 98847.8 70857 76122.6 74386.3 76089.6 93046 87499.6 110844 86049.6 76753.3 80127.1 2.80987e+06 2.28501e+06 1.80941e+06 1.31635e+06 968711 759938 644052 581927 548839 530992 521132 515525 512245 510281 509082 508321 507855 507567 507388 507276 507206 507162 507135 507117 507106 507099 507095 507092 507091 507089 507089 507088 507088 507088 507088 507088 507088 507088 507088 507088 507088 507088 507088 507088 507088 507088 507088 507088 507088 507088 507088 507088 507088 507088 507088 507088 507088 507088 507088 507088 507088 507088 507088 507088 507088 507088 507088 507088 507088 507088 507088 507088 507088 507088 507088 507088 507088 507088 507088 507088 507088 507088 507088 507088 507088 507088 507088 507088 507088 507088 507088 507088 507088 507088 507088 507088 507088 507088 507088 507088 0 0 0 0 0 0 0 0 0 0 0 0 0 0 0 0 0 0 0 0 0 0 0 0 0
#obs survey bio
 9692.13 5708.28 4947.83 7039.74 8301.65 12417.2 15537 23364.9 26330.5 34224.2 54089.1 62882.4 79512.1 85437.6 100218 86065.8 106763 101450 70970.6 55805.8 85474.8 73346.9 90419.9 103670 111732 134791 73240.3 80518.8 91429
#pred catch bio
 5134.18 4499.03 3461.75 2731.06 4363.82 6971.83 10861.5 12747.5 21262.3 26275.7 40897.8 46623.5 63524.1 80787.9 91338.1 81368.7 101337 100359 101712 74546.7 81880.2 80408.2 81794.1 102312 97151.3 126014 98519.2 87361.4 90821.2 7000.1 31205.6 23722.8 16522.3 11725.6 9029.41 7656.5 7000.68 6700.83 6567.95 6510.39 6485.87 6475.57 6471.27 6469.5 6468.76 6468.47 6468.35 6468.3 6468.28 6468.27 6468.27 6468.27 6468.27 6468.27 6468.27 6468.27 6468.27 6468.27 6468.27 6468.27 6468.27 6468.27 6468.27 6468.27 6468.27 6468.27 6468.27 6468.27 6468.27 6468.27 6468.27 6468.27 6468.27 6468.27 6468.27 6468.27 6468.27 6468.27 6468.27 6468.27 6468.27 6468.27 6468.27 6468.27 6468.27 6468.27 6468.27 6468.27 6468.27 6468.27 6468.27 6468.27 6468.27 6468.27 6468.27 6468.27 6468.27 6468.27 6468.27 6468.27 6468.27 6468.27 6468.27 6468.27 6468.27 6468.27 6468.27 6468.27 6468.27 6468.27 6468.27 6468.27 6468.27 6468.27 6468.27 6468.27 6468.27 6468.27 6468.27 6468.27 6468.27 6468.27 6468.27 6468.27 6468.27 6468.27 6468.27 6468.27 6468.27 0 0 0 0 0 0 0 0 0 0 0 0 0 0 0 0 0 0 0 0 0 0 0 0 0
#obs catch bio
 4963.96 5223.79 4003.53 2656.22 4341.65 6522.66 11200 11648.4 20675.7 26107.6 39632.1 43292.5 63884.8 82683.7 100833 79444.9 97734.9 97181.2 109012 77953.1 83669.4 76879.9 69752.2 89159 86737.9 120183 95460.8 75563.4 89559.4
#pred cpue bio
 10241.2 8088.91 5569.99 5220.64 7846.83 11743.6 15969.8 19958.5 29324.6 35894.7 50535.4 56757.5 74868.5 92001.4 96372.9 86593.5 104411 102370 96709.7 69216 74285.5 72573.6 74226.6 90765.5 85332.7 108069 83881.5 74812.9 78104.6 2.73908e+06 2.282e+06 1.80655e+06 1.31349e+06 965845 757073 641187 579061 545973 528126 518266 512659 509379 507415 506217 505455 504989 504701 504522 504411 504340 504296 504269 504251 504240 504234 504229 504226 504225 504224 504223 504222 504222 504222 504222 504222 504222 504222 504222 504222 504222 504222 504222 504222 504222 504222 504222 504222 504222 504222 504222 504222 504222 504222 504222 504222 504222 504222 504222 504222 504222 504222 504222 504222 504222 504222 504222 504222 504222 504222 504222 504222 504222 504222 504222 504222 504222 504222 504222 504222 504222 504222 504222 504222 504222 504222 504222 504222 504222 504222 504222 504222 504222 504222 504222 504222 504222 504222 504222 504222 0 0 0 0 0 0 0 0 0 0 0 0 0 0 0 0 0 0 0 0 0 0 0 0 0
#obs cpue bio
 7173.25 4356.89 4265.31 5576.36 7518.47 17003.8 12394.7 29794.6 33728.9 36173.2 59673.3 70033.9 66017.2 91468.9 64526 99411 125556 117860 104195 70450.1 62214.8 88352.4 116164 143892 99756.5 113306 109697 124552 72100.8
#pred surv len freq
 1.71649e-11 1.8639e-09 1.19329e-07 4.50406e-06 0.000100231 0.00131506 0.0101731 0.046413 0.125047 0.200278 0.196992 0.136337 0.0914829 0.0675499 0.044849 0.0270976 0.0168088 0.0107229 0.00708206 0.00495889 0.00375106 0.00310836 0.0026752 0.00205615 0.0011979
 1.13967e-11 1.23754e-09 7.92287e-08 2.99049e-06 6.65493e-05 0.000873173 0.0067558 0.0308468 0.0834467 0.13639 0.147115 0.13665 0.138439 0.124964 0.0846951 0.0479707 0.0266389 0.0146369 0.0080034 0.00456066 0.00281041 0.00194343 0.00148125 0.00108199 0.000627373
 1.55734e-11 1.69109e-09 1.08265e-07 4.08646e-06 9.09383e-05 0.00119314 0.00923002 0.0421119 0.113482 0.181945 0.179883 0.127238 0.0906118 0.0748753 0.0614817 0.0481438 0.0330571 0.0186114 0.00916962 0.00433329 0.00208648 0.00110256 0.000673274 0.000434297 0.000240058
 1.92046e-11 2.08539e-09 1.33508e-07 5.03927e-06 0.000112141 0.00147132 0.0113816 0.0519197 0.139789 0.223131 0.215874 0.139708 0.080523 0.0523069 0.0327716 0.0194496 0.0127525 0.00875591 0.00536015 0.00270037 0.00115647 0.000469819 0.000207169 0.0001041 5.08037e-05
 1.87829e-11 2.0396e-09 1.30577e-07 4.92862e-06 0.000109679 0.00143902 0.0111319 0.0507842 0.136781 0.218733 0.213526 0.143351 0.0897602 0.0614183 0.0366552 0.0180945 0.00871872 0.00448382 0.00248695 0.00139981 0.000692663 0.000281007 9.92962e-05 3.53864e-05 1.33082e-05
 1.91649e-11 2.08108e-09 1.33233e-07 5.02887e-06 0.00011191 0.00146829 0.0113583 0.051815 0.139534 0.222941 0.21672 0.143044 0.0863085 0.0577502 0.0350418 0.0181178 0.00883509 0.00401091 0.00168322 0.000719674 0.000325177 0.000140028 5.09592e-05 1.54876e-05 4.28838e-06
 1.89257e-11 2.0551e-09 1.31569e-07 4.96608e-06 0.000110513 0.00144996 0.0112165 0.0511696 0.137813 0.220327 0.21482 0.143523 0.088957 0.0605616 0.0364212 0.0182844 0.00872246 0.00399507 0.00166447 0.000628133 0.000220149 7.60322e-05 2.56936e-05 7.65086e-06 1.87347e-06
 1.9991e-11 2.17079e-09 1.38976e-07 5.24564e-06 0.000116734 0.00153157 0.0118477 0.0540447 0.145498 0.232138 0.224089 0.143628 0.0805787 0.0503286 0.0294348 0.0147023 0.00696228 0.00312719 0.00127383 0.000473105 0.000157635 4.65357e-05 1.25244e-05 3.14593e-06 7.00514e-07
 1.97851e-11 2.14842e-09 1.37544e-07 5.19159e-06 0.000115531 0.0015158 0.0117257 0.0534895 0.14402 0.229918 0.222596 0.144432 0.0834658 0.0531923 0.0305448 0.0143426 0.00628789 0.00270125 0.00107955 0.000393788 0.000128111 3.63104e-05 8.8462e-06 1.85447e-06 3.38784e-07
 2.02592e-11 2.19991e-09 1.4084e-07 5.316e-06 0.0001183 0.00155212 0.0120066 0.054769 0.147439 0.235169 0.226697 0.144415 0.0796481 0.0486041 0.0275218 0.0128919 0.00558246 0.00230027 0.000859251 0.000294529 9.22639e-05 2.54599e-05 5.97917e-06 1.16445e-06 1.85643e-07
 2.08287e-11 2.26175e-09 1.44799e-07 5.46544e-06 0.000121625 0.00159575 0.012344 0.0563061 0.151549 0.241498 0.231722 0.144662 0.0754536 0.0432992 0.0236526 0.010665 0.00441476 0.00176695 0.000646732 0.000213567 6.30104e-05 1.63351e-05 3.65693e-06 6.835e-07 1.02723e-07
 2.0891e-11 2.26852e-09 1.45232e-07 5.4818e-06 0.000121989 0.00160052 0.0123809 0.0564745 0.152003 0.242224 0.232429 0.145124 0.0756637 0.0431875 0.0231048 0.00986507 0.00374331 0.00138578 0.000478981 0.000151397 4.31117e-05 1.07048e-05 2.26232e-06 3.98057e-07 5.669e-08
 2.16107e-11 2.34666e-09 1.50235e-07 5.67063e-06 0.000126191 0.00165565 0.0128073 0.0584165 0.157191 0.250182 0.238592 0.144925 0.0695846 0.0359634 0.0184204 0.00775159 0.00289007 0.00102842 0.00033134 9.60249e-05 2.5359e-05 5.95061e-06 1.19956e-06 2.00737e-07 2.69981e-08
 2.15344e-11 2.33838e-09 1.49705e-07 5.65061e-06 0.000125746 0.00164981 0.0127621 0.0582109 0.156645 0.249365 0.238067 0.145299 0.0707691 0.0370942 0.0187839 0.00749575 0.00254228 0.000833455 0.000256645 7.13027e-05 1.76478e-05 3.80874e-06 7.07729e-07 1.10829e-07 1.40998e-08
 2.15186e-11 2.33666e-09 1.49595e-07 5.64647e-06 0.000125654 0.0016486 0.0127527 0.0581683 0.156531 0.249192 0.237936 0.145316 0.0709245 0.0372791 0.0189093 0.00754968 0.00254389 0.000808748 0.000232837 5.92157e-05 1.35895e-05 2.75964e-06 4.78835e-07 6.91257e-08 8.1097e-09
 2.23169e-11 2.42335e-09 1.55145e-07 5.85594e-06 0.000130315 0.00170975 0.0132257 0.0603224 0.162285 0.258013 0.244741 0.145005 0.0640349 0.0291401 0.0136838 0.00527071 0.0017112 0.000526567 0.000148611 3.67941e-05 7.99411e-06 1.49845e-06 2.39031e-07 3.19729e-08 3.47873e-09
 2.25328e-11 2.44679e-09 1.56646e-07 5.91259e-06 0.000131576 0.00172629 0.0133536 0.060905 0.163843 0.260409 0.246633 0.145063 0.0623895 0.0270844 0.0122122 0.00445544 0.0013073 0.000358842 9.3881e-05 2.21609e-05 4.65012e-06 8.42003e-07 1.27501e-07 1.58383e-08 1.58496e-09
 2.25002e-11 2.44325e-09 1.56419e-07 5.90404e-06 0.000131386 0.0017238 0.0133343 0.0608172 0.163609 0.260055 0.246384 0.145156 0.0627933 0.0275004 0.0123975 0.00444138 0.0012409 0.000314718 7.48966e-05 1.58183e-05 2.98551e-06 5.01553e-07 7.22298e-08 8.587e-09 8.14511e-10
 2.25926e-11 2.45328e-09 1.57062e-07 5.92828e-06 0.000131925 0.00173087 0.013389 0.0610665 0.164275 0.261074 0.247163 0.145095 0.0619587 0.0265348 0.0118057 0.00421441 0.00117512 0.000295311 6.8299e-05 1.35883e-05 2.33892e-06 3.51522e-07 4.52606e-08 4.907e-09 4.35494e-10
 2.33053e-11 2.53068e-09 1.62016e-07 6.11531e-06 0.000136087 0.00178548 0.0138112 0.0629896 0.169411 0.268938 0.253183 0.144667 0.0555779 0.0191132 0.00719715 0.0023842 0.000618199 0.00014216 3.09965e-05 6.00592e-06 1.00818e-06 1.44454e-07 1.71673e-08 1.67408e-09 1.32783e-10
 2.37339e-11 2.57722e-09 1.64996e-07 6.22776e-06 0.000138589 0.00181831 0.0140651 0.064146 0.1725 0.273667 0.2568 0.144401 0.0517284 0.0146424 0.00443035 0.00129613 0.000293664 5.45665e-05 9.68579e-06 1.63581e-06 2.49802e-07 3.3696e-08 3.84944e-09 3.58653e-10 2.65277e-11
 2.38336e-11 2.58804e-09 1.65689e-07 6.25391e-06 0.000139171 0.00182594 0.0141242 0.0644149 0.173218 0.274766 0.257642 0.144341 0.0508361 0.0136046 0.00378618 0.00104058 0.000216064 3.3261e-05 4.49735e-06 5.85973e-07 7.03123e-08 7.68974e-09 7.57985e-10 6.43281e-11 4.47728e-12
 2.38834e-11 2.59345e-09 1.66035e-07 6.26699e-06 0.000139462 0.00182976 0.0141537 0.0645494 0.173577 0.275315 0.25806 0.144303 0.0503772 0.0130773 0.0034676 0.000924397 0.000187348 2.73998e-05 3.35153e-06 3.78294e-07 3.69806e-08 3.07049e-09 2.26317e-10 1.48623e-11 8.4732e-13
 2.38942e-11 2.59462e-09 1.6611e-07 6.26982e-06 0.000139525 0.00183058 0.0141601 0.0645784 0.173655 0.275434 0.25815 0.144295 0.0502786 0.0129638 0.00339879 0.000899034 0.000180905 2.60355e-05 3.08641e-06 3.34107e-07 3.07685e-08 2.30267e-09 1.43776e-10 7.48128e-12 3.20499e-13
 2.40037e-11 2.60652e-09 1.66872e-07 6.29857e-06 0.000140165 0.00183898 0.014225 0.0648741 0.174444 0.276641 0.259067 0.144204 0.0492587 0.0117974 0.00270201 0.000654381 0.000127113 1.76474e-05 1.97164e-06 2.01245e-07 1.7813e-08 1.28542e-09 7.64728e-11 3.69998e-12 1.40804e-13
 2.41204e-11 2.61918e-09 1.67683e-07 6.32917e-06 0.000140846 0.00184791 0.0142941 0.0651888 0.175284 0.277926 0.260042 0.144106 0.0481719 0.010555 0.00196076 0.000395188 7.08876e-05 9.18334e-06 9.08669e-07 8.06162e-08 6.47435e-09 4.35534e-10 2.43597e-11 1.12094e-12 4.07793e-14
 2.41868e-11 2.6264e-09 1.68144e-07 6.34661e-06 0.000141234 0.001853 0.0143335 0.065368 0.175763 0.278658 0.260597 0.144049 0.047552 0.00984684 0.0015388 0.000248353 3.95402e-05 4.66796e-06 3.84471e-07 2.54955e-08 1.57887e-09 8.86094e-11 4.26855e-12 1.74388e-13 5.82172e-15
 2.42223e-11 2.63025e-09 1.68391e-07 6.35592e-06 0.000141441 0.00185572 0.0143545 0.0654638 0.176019 0.279049 0.260894 0.144018 0.0472198 0.00946778 0.00131363 0.000170813 2.35697e-05 2.60432e-06 1.95577e-07 1.06548e-08 5.02233e-10 2.16655e-11 7.92722e-13 2.44236e-14 6.46795e-16
 2.42056e-11 2.62844e-09 1.68275e-07 6.35154e-06 0.000141344 0.00185444 0.0143446 0.0654187 0.175898 0.278865 0.260754 0.144033 0.0473766 0.00964654 0.00141958 0.000207003 3.08123e-05 3.45167e-06 2.52321e-07 1.26132e-08 5.0953e-10 1.85883e-11 5.68689e-13 1.37896e-14 2.7415e-16
#obs surv len freq
 3.30224e-11 3.19038e-09 1.81725e-07 6.10275e-06 0.000120831 0.00141054 0.00970973 0.0394456 0.0949834 0.138718 0.136877 0.125088 0.130811 0.121294 0.0876753 0.0548768 0.0316552 0.0161748 0.00722275 0.00278593 0.00088351 0.000216528 3.87272e-05 4.81508e-06 4.00403e-07
 2.71744e-11 2.53226e-09 1.39122e-07 4.50631e-06 8.60585e-05 0.000969046 0.0064365 0.0252734 0.0593564 0.0884254 0.10438 0.135968 0.173344 0.162992 0.111733 0.0653896 0.0361322 0.0180355 0.00772465 0.00275493 0.000789631 0.000174037 2.80431e-05 3.1476e-06 2.36591e-07
 1.02336e-10 9.18199e-09 4.85718e-07 1.51485e-05 0.000278545 0.0030197 0.019302 0.0727669 0.162052 0.215013 0.177606 0.10995 0.0747637 0.059208 0.0443582 0.0302271 0.0177942 0.00862196 0.00347838 0.00116418 0.000309193 6.19231e-05 8.95161e-06 8.98587e-07 6.05272e-08
 1.25279e-10 1.08054e-08 5.49461e-07 1.6473e-05 0.000291173 0.00303446 0.0186478 0.0676292 0.145355 0.189289 0.165611 0.131818 0.117253 0.0881351 0.0454419 0.0171343 0.0062329 0.00260691 0.00105297 0.000345275 8.62689e-05 1.59097e-05 2.09206e-06 1.8927e-07 1.14253e-08
 2.01005e-10 1.66397e-08 8.12126e-07 2.3369e-05 0.000396457 0.00396555 0.0233891 0.0813957 0.167708 0.20829 0.169945 0.120315 0.096244 0.0695765 0.0367639 0.014856 0.00511489 0.00151124 0.000387146 9.31738e-05 2.03484e-05 3.4933e-06 4.26342e-07 3.53025e-08 1.93145e-09
 2.63144e-10 2.08776e-08 9.76574e-07 2.69321e-05 0.000437902 0.004198 0.0237329 0.0792071 0.156937 0.190044 0.160075 0.130037 0.115277 0.0818693 0.0393703 0.013553 0.00391973 0.00103104 0.000232383 4.27313e-05 6.43909e-06 8.03369e-07 7.99145e-08 5.83432e-09 2.89841e-10
 3.99915e-10 3.03675e-08 1.35953e-06 3.58844e-05 0.000558428 0.00512374 0.0277241 0.0885652 0.168025 0.195158 0.158635 0.125367 0.107521 0.0734856 0.0341915 0.0114854 0.00318959 0.000760852 0.000146783 2.24028e-05 2.72654e-06 2.60023e-07 1.88618e-08 1.01729e-09 3.96765e-11
 6.14878e-10 4.46298e-08 1.90985e-06 4.81849e-05 0.000716748 0.00628612 0.0325127 0.0992841 0.180098 0.200202 0.156268 0.11904 0.0981609 0.0645906 0.0293361 0.00986841 0.00278288 0.000661351 0.000123006 1.73762e-05 1.86011e-06 1.48691e-07 8.68977e-09 3.64739e-10 1.08003e-11
 8.74526e-10 6.06007e-08 2.47583e-06 5.96355e-05 0.000846901 0.00709134 0.0350206 0.102166 0.177536 0.191595 0.152247 0.124594 0.104875 0.0659973 0.0274758 0.00806505 0.00193672 0.000409348 7.17829e-05 9.8085e-06 1.00839e-06 7.53293e-08 3.96667e-09 1.44335e-10 3.57704e-12
 1.25651e-09 8.30329e-08 3.23498e-06 7.43077e-05 0.00100633 0.0080358 0.0378502 0.105383 0.175344 0.183977 0.149206 0.129224 0.109141 0.0659615 0.0259091 0.00703866 0.00151887 0.000280574 4.21854e-05 4.92308e-06 4.42742e-07 3.00334e-08 1.47085e-09 4.98833e-11 1.13679e-12
 1.98978e-09 1.25258e-07 4.64886e-06 0.000101725 0.00131236 0.00998295 0.0447946 0.11882 0.18842 0.188679 0.146502 0.121401 0.0974666 0.0556925 0.0205089 0.00512971 0.000995359 0.000163731 2.18537e-05 2.22611e-06 1.70868e-07 9.80039e-09 4.09245e-10 1.20751e-11 2.4506e-13
 2.80605e-09 1.68106e-07 5.93761e-06 0.000123646 0.00151809 0.0109905 0.0469453 0.118677 0.180398 0.177711 0.145517 0.130263 0.104816 0.0574155 0.0199774 0.004667 0.000832711 0.000124488 1.49859e-05 1.35854e-06 9.13343e-08 4.53697e-09 1.62774e-10 4.09755e-12 7.07549e-14
 4.88971e-09 2.78522e-07 9.35351e-06 0.000185195 0.00216189 0.0148807 0.0604231 0.145086 0.208591 0.190623 0.137386 0.106127 0.0776931 0.0400057 0.0132509 0.00297859 0.000515086 7.3855e-05 8.32368e-06 6.89753e-07 4.15708e-08 1.82761e-09 5.75813e-11 1.26441e-12 1.89254e-14
 5.15507e-09 2.78951e-07 8.8994e-06 0.000167393 0.00185644 0.0121425 0.0469058 0.107786 0.152679 0.154475 0.153853 0.159252 0.12485 0.0621711 0.0192453 0.00392578 0.000597338 7.54588e-05 7.74171e-06 5.98742e-07 3.38384e-08 1.38101e-09 3.97447e-11 7.84942e-13 1.04408e-14
 9.53683e-09 4.89865e-07 1.4835e-05 0.000264876 0.00278842 0.017311 0.0634467 0.138044 0.183281 0.167291 0.142222 0.129375 0.0941594 0.0447521 0.013623 0.00287896 0.000475969 6.35667e-05 6.34704e-06 4.46642e-07 2.22226e-08 7.97665e-10 2.05454e-11 3.69162e-13 4.4954e-15
 1.37574e-08 6.70325e-07 1.92563e-05 0.000326142 0.00325693 0.0191825 0.066732 0.138153 0.176575 0.161782 0.145908 0.135611 0.095157 0.0425945 0.0120162 0.00229982 0.000339596 4.16203e-05 4.01708e-06 2.84861e-07 1.44574e-08 5.16348e-10 1.26406e-11 2.07259e-13 2.25098e-15
 2.30708e-08 1.06567e-06 2.90218e-05 0.000465982 0.00441145 0.0246308 0.0812196 0.159285 0.192257 0.164385 0.136054 0.116963 0.0770379 0.0326134 0.00876811 0.00161745 0.000231299 2.69586e-05 2.40222e-06 1.5416e-07 7.08266e-09 2.33987e-10 5.45637e-12 8.69724e-14 9.21631e-16
 2.80485e-08 1.22761e-06 3.16774e-05 0.000481936 0.00432341 0.0228822 0.0716484 0.134574 0.161679 0.154779 0.157064 0.146983 0.0950524 0.0384857 0.00993648 0.00179159 0.000253998 2.91095e-05 2.50705e-06 1.53729e-07 6.67401e-09 2.05064e-10 4.37758e-12 6.33471e-14 6.10656e-16
 4.56807e-08 1.8936e-06 4.62788e-05 0.000666848 0.00566591 0.0284023 0.0842352 0.149878 0.170601 0.154607 0.148242 0.131514 0.0817347 0.0329504 0.00913381 0.00194456 0.00033077 4.18594e-05 3.68072e-06 2.22673e-07 9.42231e-09 2.79359e-10 5.68554e-12 7.7509e-14 6.96206e-16
 7.25129e-08 2.84597e-06 6.58547e-05 0.000898451 0.00722781 0.0343074 0.096374 0.162647 0.176587 0.154586 0.143204 0.120481 0.0699656 0.0258802 0.00638301 0.00118311 0.000181824 2.25878e-05 2.10235e-06 1.40129e-07 6.49076e-09 2.02559e-10 4.15763e-12 5.54728e-14 4.79122e-16
 1.06582e-07 3.95965e-06 8.67304e-05 0.00112006 0.00852973 0.0383345 0.102067 0.164063 0.173038 0.153851 0.145387 0.118903 0.065477 0.0228127 0.00527618 0.000907422 0.000126969 1.40913e-05 1.16262e-06 6.97756e-08 3.03276e-09 9.32699e-11 1.95638e-12 2.7087e-14 2.41784e-16
 1.60611e-07 5.64729e-06 0.000117071 0.00143092 0.0103139 0.0438805 0.1107 0.169282 0.172518 0.152726 0.143068 0.112379 0.05878 0.0195529 0.00438793 0.000744421 0.000102034 1.07848e-05 8.24269e-07 4.48134e-08 1.7369e-09 4.74048e-11 8.89388e-13 1.12211e-14 9.35691e-17
 2.44413e-07 8.13302e-06 0.00015956 0.00184568 0.0125906 0.0507051 0.121181 0.176187 0.172975 0.150813 0.138071 0.103531 0.0513711 0.0163206 0.0035564 0.000595473 8.03932e-05 8.26511e-06 6.09892e-07 3.18247e-08 1.16916e-09 2.96956e-11 5.09049e-13 5.78518e-15 4.30942e-17
 3.58943e-07 1.13036e-05 0.000209869 0.00229747 0.0148333 0.0565565 0.128163 0.177889 0.170787 0.150933 0.137539 0.0985454 0.0457925 0.0133943 0.0026147 0.000382165 4.54511e-05 4.2685e-06 2.96331e-07 1.47504e-08 5.1815e-10 1.25392e-11 2.03649e-13 2.17753e-15 1.5131e-17
 4.81487e-07 1.43502e-05 0.000252161 0.00261266 0.0159678 0.0576783 0.124296 0.166818 0.163528 0.156978 0.14804 0.102869 0.0454776 0.0126905 0.00239344 0.000340725 3.87544e-05 3.35434e-06 2.07994e-07 9.11988e-09 2.84164e-10 6.22121e-12 9.3175e-14 9.29744e-16 6.05877e-18
 6.48492e-07 1.82937e-05 0.000304263 0.002984 0.0172665 0.0591099 0.121305 0.158196 0.159493 0.163557 0.155474 0.103944 0.043889 0.0118626 0.00223142 0.000324231 3.71914e-05 3.15249e-06 1.87506e-07 7.76488e-09 2.24235e-10 4.45682e-12 5.96586e-14 5.28573e-16 3.06585e-18
 1.00336e-06 2.67932e-05 0.000421839 0.0039163 0.0214525 0.0695373 0.135226 0.167578 0.161481 0.158255 0.142722 0.0905705 0.0367472 0.00982596 0.00190814 0.000292105 3.45042e-05 2.93079e-06 1.73062e-07 7.09279e-09 2.00733e-10 3.84648e-12 4.88025e-14 4.03714e-16 2.15734e-18
 1.47081e-06 3.71837e-05 0.00055425 0.00487169 0.0252689 0.0776083 0.143403 0.170715 0.162086 0.157413 0.136485 0.0816038 0.0308459 0.00757191 0.00132752 0.000184074 2.03445e-05 1.68e-06 9.90205e-08 4.08498e-09 1.15541e-10 2.18472e-12 2.70584e-14 2.16727e-16 1.11268e-18
 1.43227e-06 3.42856e-05 0.00048393 0.00402897 0.0198202 0.0580877 0.105222 0.13521 0.162905 0.194344 0.175072 0.10033 0.0352832 0.00783333 0.00119116 0.00013869 1.29775e-05 9.31031e-07 4.86128e-08 1.81228e-09 4.75188e-11 8.53702e-13 1.02152e-14 7.96176e-17 3.97639e-19
#pred catch len freq
 1.74061e-11 1.8901e-09 1.21006e-07 4.56736e-06 0.00010164 0.00133354 0.0103161 0.0470642 0.126789 0.20297 0.199175 0.136596 0.0899641 0.06556 0.0433605 0.0261803 0.0162387 0.0103591 0.00684183 0.00479069 0.00362382 0.00300293 0.00258445 0.0019864 0.00115726
 1.17641e-11 1.27744e-09 8.17829e-08 3.0869e-06 6.86947e-05 0.00090132 0.00697348 0.0318384 0.0860986 0.140477 0.150373 0.136859 0.135821 0.121652 0.0823068 0.0466041 0.0258794 0.0142196 0.00777524 0.00443065 0.0027303 0.00188803 0.00143903 0.00105115 0.000609488
 1.59765e-11 1.73486e-09 1.11067e-07 4.19223e-06 9.32918e-05 0.00122402 0.00946883 0.0432002 0.116396 0.18647 0.183656 0.128014 0.0885792 0.0718196 0.0586792 0.0459163 0.0315258 0.0177492 0.00874483 0.00413255 0.00198982 0.00105148 0.000642085 0.000414178 0.000228938
 1.94079e-11 2.10747e-09 1.34922e-07 5.09263e-06 0.000113329 0.0014869 0.0115021 0.0524686 0.141257 0.225397 0.217697 0.139879 0.0791676 0.0505662 0.0314965 0.0186717 0.012241 0.00840467 0.00514513 0.00259205 0.00111008 0.000450972 0.000198859 9.99236e-05 4.87658e-05
 1.90237e-11 2.06575e-09 1.32251e-07 4.99181e-06 0.000111085 0.00145747 0.0112746 0.0514341 0.138519 0.221403 0.215622 0.143379 0.0878732 0.0591157 0.0350909 0.0173035 0.00833642 0.00428719 0.0023779 0.00133843 0.000662289 0.000268685 9.4942e-05 3.38347e-05 1.27247e-05
 1.94204e-11 2.10883e-09 1.35009e-07 5.09592e-06 0.000113402 0.00148786 0.0115096 0.0525045 0.141377 0.225775 0.21895 0.14309 0.0843295 0.055308 0.0333387 0.0172146 0.00839327 0.00381031 0.00159903 0.000683681 0.000308914 0.000133024 4.84105e-05 1.4713e-05 4.0739e-06
 1.92614e-11 2.09156e-09 1.33904e-07 5.05419e-06 0.000112474 0.00147568 0.0114154 0.0520758 0.140235 0.224049 0.21774 0.143551 0.0863063 0.0573191 0.0341964 0.01714 0.00817478 0.00374417 0.00155994 0.000588686 0.000206323 7.12573e-05 2.408e-05 7.17038e-06 1.75581e-06
 2.02419e-11 2.19803e-09 1.4072e-07 5.31147e-06 0.000118199 0.00155079 0.0119963 0.0547218 0.147307 0.234919 0.22627 0.143648 0.0785964 0.0479028 0.0277683 0.0138444 0.00655438 0.00294393 0.00119918 0.000445381 0.000148398 4.38087e-05 1.17905e-05 2.96158e-06 6.59464e-07
 2.01095e-11 2.18366e-09 1.398e-07 5.27673e-06 0.000117426 0.00154065 0.0119179 0.0543651 0.14636 0.23351 0.225395 0.144399 0.0808111 0.049992 0.0284082 0.01331 0.00583329 0.0025059 0.00100148 0.00036531 0.000118846 3.36845e-05 8.20645e-06 1.72036e-06 3.14284e-07
 2.05588e-11 2.23244e-09 1.42923e-07 5.39462e-06 0.000120049 0.00157507 0.0121841 0.0555775 0.1496 0.238487 0.229282 0.144382 0.0771921 0.0456423 0.0255414 0.0119339 0.00516573 0.0021285 0.000795085 0.000272535 8.5374e-05 2.35586e-05 5.53267e-06 1.07749e-06 1.7178e-07
 2.11391e-11 2.29546e-09 1.46957e-07 5.5469e-06 0.000123438 0.00161953 0.0125279 0.0571438 0.153787 0.244933 0.234389 0.1446 0.0728663 0.0402012 0.0216101 0.00970906 0.00401681 0.00160759 0.000588404 0.000194306 5.73275e-05 1.48618e-05 3.32712e-06 6.21856e-07 9.34585e-08
 2.1204e-11 2.30251e-09 1.47409e-07 5.56393e-06 0.000123817 0.0016245 0.0125664 0.0573192 0.154259 0.245684 0.235103 0.145017 0.0729873 0.0400165 0.0210581 0.00895746 0.00339682 0.00125743 0.000434619 0.000137375 3.91188e-05 9.71339e-06 2.05279e-06 3.6119e-07 5.14396e-08
 2.18758e-11 2.37545e-09 1.52079e-07 5.74021e-06 0.00012774 0.00167597 0.0129644 0.059132 0.159103 0.253113 0.240856 0.14483 0.0673098 0.0332705 0.0166844 0.00698536 0.00260217 0.000925894 0.000298306 8.64514e-05 2.28308e-05 5.35734e-06 1.07997e-06 1.80724e-07 2.43065e-08
 2.1823e-11 2.36972e-09 1.51711e-07 5.72635e-06 0.000127431 0.00167192 0.0129331 0.0589897 0.158725 0.252552 0.240517 0.14516 0.0682374 0.0341258 0.0169089 0.00671206 0.00227437 0.000745543 0.000229573 6.37814e-05 1.57862e-05 3.40698e-06 6.33075e-07 9.91381e-08 1.26125e-08
 2.185e-11 2.37264e-09 1.51899e-07 5.73342e-06 0.000127589 0.00167398 0.012949 0.0590624 0.158919 0.252851 0.240749 0.145155 0.0680158 0.0338683 0.0167538 0.00664857 0.00223786 0.000711364 0.000204799 5.2085e-05 1.1953e-05 2.42733e-06 4.21173e-07 6.08016e-08 7.13314e-09
 2.25521e-11 2.44888e-09 1.5678e-07 5.91765e-06 0.000131688 0.00172777 0.013365 0.060957 0.16398 0.260609 0.246734 0.144881 0.0619564 0.0267101 0.0121579 0.00464418 0.00150548 0.000463177 0.000130719 3.23643e-05 7.03166e-06 1.31805e-06 2.10253e-07 2.81235e-08 3.0599e-09
 2.27546e-11 2.47088e-09 1.58188e-07 5.9708e-06 0.000132871 0.00174329 0.013485 0.0615036 0.165442 0.262856 0.248505 0.144925 0.0603952 0.0247696 0.0107818 0.00389506 0.00114069 0.000313027 8.18931e-05 1.93311e-05 4.05633e-06 7.34485e-07 1.1122e-07 1.38159e-08 1.38257e-09
 2.273e-11 2.46821e-09 1.58017e-07 5.96434e-06 0.000132727 0.0017414 0.0134704 0.0614373 0.165265 0.26259 0.24832 0.145003 0.0607132 0.0250928 0.0109191 0.00387343 0.00108012 0.000273864 6.51726e-05 1.37646e-05 2.59789e-06 4.36435e-07 6.2852e-08 7.47212e-09 7.0876e-10
 2.28388e-11 2.48003e-09 1.58773e-07 5.9929e-06 0.000133363 0.00174974 0.0135349 0.0617309 0.166049 0.26379 0.249237 0.144931 0.0597293 0.0239544 0.010221 0.00360558 0.00100299 0.000251967 5.82726e-05 1.15935e-05 1.99556e-06 2.99918e-07 3.86163e-08 4.18665e-09 3.71562e-10
 2.34539e-11 2.54681e-09 1.63049e-07 6.15428e-06 0.000136954 0.00179685 0.0138992 0.0633904 0.170482 0.270576 0.254432 0.144561 0.0542223 0.0175497 0.0062448 0.00202749 0.000523427 0.000120282 2.62245e-05 5.08128e-06 8.52961e-07 1.22214e-07 1.45243e-08 1.41635e-09 1.1234e-10
 2.38199e-11 2.58656e-09 1.65594e-07 6.25034e-06 0.000139092 0.0018249 0.0141161 0.0643781 0.17312 0.274614 0.257521 0.144333 0.0509333 0.0137303 0.00388173 0.00109894 0.000246963 4.58199e-05 8.13164e-06 1.37331e-06 2.09716e-07 2.82889e-08 3.23172e-09 3.011e-10 2.22708e-11
 2.39042e-11 2.59571e-09 1.6618e-07 6.27245e-06 0.000139584 0.00183135 0.014166 0.0646056 0.173727 0.275544 0.258233 0.144282 0.0501782 0.0128523 0.00333691 0.00088299 0.000181506 2.78852e-05 3.76927e-06 4.91094e-07 5.89274e-08 6.44463e-09 6.35253e-10 5.39122e-11 3.75233e-12
 2.39455e-11 2.60019e-09 1.66467e-07 6.28328e-06 0.000139825 0.00183452 0.0141905 0.0647169 0.174024 0.275999 0.258579 0.144251 0.0497985 0.0124159 0.00307323 0.000786777 0.000157689 2.301e-05 2.81351e-06 3.17553e-07 3.10427e-08 2.57747e-09 1.89978e-10 1.24759e-11 7.11268e-13
 2.39567e-11 2.60141e-09 1.66545e-07 6.28623e-06 0.00013989 0.00183538 0.0141971 0.0647472 0.174105 0.276123 0.258673 0.144242 0.0496952 0.0122972 0.00300149 0.000760615 0.000151237 2.17126e-05 2.57288e-06 2.78504e-07 2.56478e-08 1.91945e-09 1.19848e-10 6.2362e-12 2.6716e-13
 2.40488e-11 2.61141e-09 1.67185e-07 6.31038e-06 0.000140428 0.00184243 0.0142517 0.0649955 0.174768 0.277137 0.259443 0.144165 0.0488385 0.0113174 0.00241619 0.000555122 0.000106067 1.46738e-05 1.63841e-06 1.67219e-07 1.48011e-08 1.06808e-09 6.35426e-11 3.07438e-12 1.16997e-13
 2.41466e-11 2.62203e-09 1.67865e-07 6.33604e-06 0.000140999 0.00184992 0.0143096 0.0652594 0.175473 0.278214 0.26026 0.144083 0.0479272 0.0102757 0.00179469 0.000337827 5.89471e-05 7.58726e-06 7.49829e-07 6.65124e-08 5.34158e-09 3.59331e-10 2.00976e-11 9.24815e-13 3.36443e-14
 2.42015e-11 2.62799e-09 1.68247e-07 6.35046e-06 0.00014132 0.00185413 0.0143422 0.0654077 0.175869 0.278819 0.26072 0.144036 0.0474145 0.00968992 0.00144567 0.000216375 3.30217e-05 3.85408e-06 3.16694e-07 2.09925e-08 1.29994e-09 7.29551e-11 3.51444e-12 1.43579e-13 4.79322e-15
 2.42307e-11 2.63116e-09 1.68449e-07 6.35812e-06 0.00014149 0.00185636 0.0143594 0.0654864 0.176079 0.279141 0.260963 0.144011 0.0471415 0.00937845 0.00126064 0.000152659 1.98979e-05 2.15809e-06 1.61407e-07 8.78644e-09 4.14115e-10 1.7864e-11 6.5363e-13 2.01382e-14 5.33307e-16
 2.42168e-11 2.62966e-09 1.68353e-07 6.35448e-06 0.000141409 0.0018553 0.0143512 0.065449 0.175979 0.278988 0.260848 0.144023 0.0472714 0.00952652 0.0013484 0.000182637 2.58975e-05 2.86012e-06 2.08443e-07 1.04137e-08 4.20636e-10 1.53452e-11 4.69469e-13 1.13837e-14 2.26318e-16
#obs catch len freq
 3.35111e-11 3.2376e-09 1.84415e-07 6.19309e-06 0.000122619 0.00143141 0.00985345 0.0400294 0.0963895 0.140772 0.138893 0.126791 0.131887 0.120424 0.0842857 0.0510295 0.0296981 0.0160697 0.00772754 0.00318618 0.0010691 0.000275081 5.13056e-05 6.61429e-06 5.67526e-07
 4.4164e-11 4.11544e-09 2.26101e-07 7.32366e-06 0.000139861 0.00157478 0.0104563 0.0409823 0.0953161 0.135231 0.132736 0.125785 0.134481 0.123276 0.0879203 0.0546487 0.0312073 0.015719 0.00689987 0.00259846 0.000796893 0.000187013 3.17432e-05 3.71751e-06 2.89463e-07
 3.68533e-11 3.30663e-09 1.74918e-07 5.45533e-06 0.000100313 0.00108762 0.00695663 0.0263186 0.0597226 0.0870928 0.104381 0.139949 0.176908 0.16228 0.109279 0.0635119 0.0347927 0.0170962 0.00716992 0.00248841 0.000688718 0.000145281 2.22102e-05 2.34768e-06 1.65217e-07
 1.44184e-10 1.24358e-08 6.32372e-07 1.89587e-05 0.000335108 0.00349225 0.0214585 0.0777715 0.166569 0.212971 0.171167 0.106514 0.0749555 0.0598844 0.0445843 0.030043 0.0173601 0.00823854 0.00324993 0.00105677 0.000270362 5.173e-05 7.09004e-06 6.70212e-07 4.22722e-08
 1.78687e-10 1.47922e-08 7.21956e-07 2.07743e-05 0.00035244 0.00352532 0.0207943 0.0723978 0.149523 0.18799 0.161884 0.131257 0.117524 0.0861037 0.0430209 0.0159605 0.00584443 0.00244243 0.000964599 0.000305793 7.33681e-05 1.29039e-05 1.60694e-06 1.36826e-07 7.73339e-09
 2.92744e-10 2.32261e-08 1.08643e-06 2.99616e-05 0.000487159 0.00467013 0.0263997 0.0880644 0.174038 0.207991 0.165546 0.117728 0.0943773 0.0665846 0.0341953 0.0135445 0.00458326 0.00132694 0.000334464 7.91375e-05 1.67269e-05 2.73839e-06 3.15995e-07 2.45997e-08 1.25961e-09
 3.90052e-10 2.96185e-08 1.326e-06 3.49994e-05 0.000544655 0.00499739 0.0270411 0.0863942 0.164014 0.191133 0.157474 0.127939 0.111753 0.0766477 0.0355673 0.0119419 0.00340303 0.000878793 0.000192927 3.44343e-05 5.02532e-06 6.03596e-07 5.71845e-08 3.93529e-09 1.8302e-10
 5.96563e-10 4.33004e-08 1.85296e-06 4.67497e-05 0.0006954 0.00609892 0.0315456 0.0963479 0.174936 0.195383 0.155416 0.122941 0.103819 0.0684659 0.0307279 0.0100574 0.00273986 0.000637681 0.000119337 1.76366e-05 2.07093e-06 1.89397e-07 1.30948e-08 6.6893e-10 2.45419e-11
 9.3009e-10 6.44511e-08 2.63314e-06 6.34245e-05 0.000900706 0.00754175 0.0372417 0.108596 0.188262 0.2008 0.152557 0.115164 0.0928387 0.0588153 0.0257747 0.00845569 0.00233537 0.000539535 9.69455e-05 1.31971e-05 1.35682e-06 1.03678e-07 5.76465e-09 2.29104e-10 6.39164e-12
 1.34201e-09 8.86828e-08 3.4551e-06 7.93638e-05 0.0010748 0.00858237 0.0404204 0.112476 0.186605 0.193085 0.149117 0.119887 0.097653 0.0588378 0.0235139 0.00669878 0.00157662 0.000325459 5.52732e-05 7.27335e-06 7.16265e-07 5.09798e-08 2.54632e-09 8.75482e-11 2.04268e-12
 1.95483e-09 1.23058e-07 4.56719e-06 9.99376e-05 0.00128931 0.00980765 0.0440092 0.116754 0.185284 0.186209 0.146351 0.123423 0.100132 0.0577515 0.0217209 0.00570815 0.00120283 0.000216375 3.14507e-05 3.53673e-06 3.05446e-07 1.97786e-08 9.18849e-10 2.94123e-11 6.30165e-13
 3.10916e-09 1.86265e-07 6.579e-06 0.000137002 0.00168207 0.012177 0.0520015 0.131301 0.198365 0.189946 0.142434 0.114374 0.087927 0.0478477 0.0168324 0.00406033 0.000767531 0.000122823 1.58201e-05 1.54877e-06 1.13968e-07 6.23996e-09 2.47461e-10 6.9013e-12 1.31812e-13
 4.44284e-09 2.53068e-07 8.4987e-06 0.000168271 0.00196434 0.0135215 0.0549177 0.132034 0.191055 0.179825 0.141771 0.122023 0.0935242 0.0486747 0.0161494 0.00363046 0.000629669 9.14302e-05 1.06025e-05 9.21838e-07 5.93208e-08 2.81023e-09 9.56911e-11 2.27628e-12 3.70042e-14
 7.69565e-09 4.16427e-07 1.32853e-05 0.000249887 0.00277117 0.0181206 0.0699011 0.159476 0.217975 0.189816 0.131053 0.096979 0.0675248 0.0330077 0.0104212 0.00225396 0.000378473 5.25631e-05 5.6894e-06 4.51012e-07 2.59703e-08 1.08766e-09 3.24996e-11 6.74016e-13 9.49543e-15
 8.44814e-09 4.33944e-07 1.31415e-05 0.00023464 0.00247016 0.0153369 0.0562422 0.122713 0.165165 0.159058 0.150774 0.147905 0.10968 0.0517156 0.0152172 0.00297562 0.000438609 5.37419e-05 5.30527e-06 3.92593e-07 2.11728e-08 8.21657e-10 2.23879e-11 4.17068e-13 5.2175e-15
 1.54455e-08 7.52578e-07 2.16192e-05 0.00036616 0.00365648 0.0215332 0.0748659 0.154531 0.19468 0.168617 0.135769 0.116645 0.0802038 0.0361114 0.0104767 0.00213119 0.000341233 4.38738e-05 4.18271e-06 2.80341e-07 1.32908e-08 4.53957e-10 1.1082e-11 1.87889e-13 2.15106e-15
 2.25304e-08 1.04071e-06 2.8342e-05 0.000455068 0.00430814 0.0240546 0.079331 0.155691 0.188552 0.163288 0.138466 0.12094 0.0799999 0.0338636 0.00908206 0.0016685 0.000238599 2.82506e-05 2.61246e-06 1.76669e-07 8.52701e-09 2.8854e-10 6.66663e-12 1.02872e-13 1.04934e-15
 3.74368e-08 1.63851e-06 4.22802e-05 0.000643236 0.00576992 0.0305249 0.0953717 0.1772 0.202469 0.163273 0.126549 0.101905 0.0631847 0.0252821 0.00646206 0.00114423 0.00015819 1.775e-05 1.5108e-06 9.23388e-08 4.03746e-09 1.26609e-10 2.7901e-12 4.18527e-14 4.16029e-16
 4.67243e-08 1.93685e-06 4.7336e-05 0.000682081 0.00579531 0.0290501 0.0861455 0.153178 0.173851 0.156111 0.147703 0.129494 0.0788589 0.0301849 0.00741446 0.00128433 0.000175883 1.93595e-05 1.58956e-06 9.26858e-08 3.82235e-09 1.11257e-10 2.24131e-12 3.0506e-14 2.75891e-16
 7.60134e-08 2.98336e-06 6.90337e-05 0.000941818 0.00757651 0.0359584 0.100955 0.169908 0.182229 0.153774 0.136197 0.11275 0.0660219 0.0252681 0.00671434 0.00137913 0.000225203 2.71273e-05 2.26299e-06 1.29918e-07 5.21434e-09 1.4621e-10 2.80358e-12 3.58986e-14 3.02155e-16
 1.20211e-07 4.46598e-06 9.78207e-05 0.00126327 0.0096197 0.0432194 0.114893 0.183276 0.187041 0.151494 0.128706 0.100685 0.054971 0.0192482 0.0045349 0.000811046 0.000120368 1.43315e-05 1.27078e-06 8.03669e-08 3.51702e-09 1.03295e-10 1.99011e-12 2.4881e-14 2.01065e-16
 1.77618e-07 6.24528e-06 0.000129467 0.00158242 0.0114051 0.0485077 0.122181 0.185441 0.183144 0.149384 0.128747 0.0977986 0.0506102 0.0166809 0.00368046 0.000609212 8.20665e-05 8.71042e-06 6.84613e-07 3.90866e-08 1.61129e-09 4.67717e-11 9.21679e-13 1.19465e-14 9.9571e-17
 2.6767e-07 8.9069e-06 0.000174742 0.00202127 0.0137874 0.0555059 0.132432 0.19102 0.181576 0.146286 0.124374 0.0906514 0.0445613 0.0140317 0.00300651 0.000490555 6.4532e-05 6.50127e-06 4.7205e-07 2.43616e-08 8.94458e-10 2.30412e-11 4.06505e-13 4.808e-15 3.74835e-17
 4.0784e-07 1.28434e-05 0.000238457 0.00261037 0.0168514 0.0642125 0.14509 0.198672 0.180858 0.141748 0.116748 0.0810216 0.03777 0.0113648 0.00236603 0.000380745 4.9236e-05 4.8174e-06 3.37375e-07 1.6687e-08 5.79551e-10 1.38649e-11 2.23146e-13 2.37506e-15 1.65341e-17
 6.00376e-07 1.78935e-05 0.000314421 0.00325756 0.0199039 0.0718034 0.15378 0.200639 0.177394 0.139447 0.11392 0.0755159 0.03294 0.00910685 0.00169325 0.000237462 2.70881e-05 2.42576e-06 1.59966e-07 7.54637e-09 2.50413e-10 5.70244e-12 8.68662e-14 8.69019e-16 5.63785e-18
 8.21256e-07 2.31672e-05 0.000385313 0.0037786 0.0218562 0.0746885 0.15198 0.190923 0.170118 0.143458 0.121529 0.0783452 0.0325458 0.00858947 0.00154315 0.000210381 2.28601e-05 1.8796e-06 1.10461e-07 4.58864e-09 1.35213e-10 2.7893e-12 3.92124e-14 3.66123e-16 2.22689e-18
 1.12446e-06 3.00269e-05 0.000472747 0.00438874 0.0240353 0.0778304 0.150636 0.182887 0.165307 0.147823 0.126756 0.0788334 0.0313195 0.00801785 0.00143838 0.000199922 2.18415e-05 1.75452e-06 9.87397e-08 3.86659e-09 1.05371e-10 1.97e-12 2.47302e-14 2.05e-16 1.11023e-18
 1.72726e-06 4.36671e-05 0.00065088 0.0057206 0.0296612 0.0909401 0.166683 0.191741 0.164213 0.138764 0.112271 0.0662082 0.0252975 0.00641903 0.0011901 0.000173924 1.95101e-05 1.56835e-06 8.75749e-08 3.39025e-09 9.03823e-11 1.62611e-12 1.93187e-14 1.49339e-16 7.44419e-19
 2.54284e-06 6.08696e-05 0.000859079 0.00714939 0.0351033 0.101954 0.17731 0.194755 0.161858 0.133726 0.10361 0.0575006 0.020445 0.00475376 0.000794349 0.000105175 1.10585e-05 8.6563e-07 4.82674e-08 1.87899e-09 4.99809e-11 8.85998e-13 1.02631e-14 7.67382e-17 3.67155e-19
#spawning biomass
 9395.25 7716.31 5181.55 4646.62 6980.04 10388.4 14162.3 17437.7 25670 31197.1 43510.2 48779.9 63558.9 78161.7 81893.9 72512.8 87039.5 85378.9 80513 56784.8 60368.2 58842.1 60113.9 73490.1 68917.8 87043.7 67456.5 60113.1 62782.9 62937.9 104631 79275.9 54834.3 38552.4 29400.3 24740.1 22514 21496.2 21045.1 20849.7 20766.5 20731.5 20717 20710.9 20708.4 20707.4 20707 20706.9 20706.8 20706.8 20706.8 20706.7 20706.7 20706.7 20706.7 20706.7 20706.7 20706.7 20706.7 20706.7 20706.7 20706.7 20706.7 20706.7 20706.7 20706.7 20706.7 20706.7 20706.7 20706.7 20706.7 20706.7 20706.7 20706.7 20706.7 20706.7 20706.7 20706.7 20706.7 20706.7 20706.7 20706.7 20706.7 20706.7 20706.7 20706.7 20706.7 20706.7 20706.7 20706.7 20706.7 20706.7 20706.7 20706.7 20706.7 20706.7 20706.7 20706.7 20706.7 20706.7 20706.7 20706.7 20706.7 20706.7 20706.7 20706.7 20706.7 20706.7 20706.7 20706.7 20706.7 20706.7 20706.7 20706.7 20706.7 20706.7 20706.7 20706.7 20706.7 20706.7 20706.7 20706.7 20706.7 20706.7 20706.7 20706.7 20706.7 20706.7 20706.7 0 0 0 0 0 0 0 0 0 0 0 0 0 0 0 0 0 0 0 0 0 0 0 0 0
