SBPRF35
0.827133
Curr Bio
149653
B35
610779
F35
0.223916
FOFL
0.0484291
OFL
4277.39
Bzero
236324
#pred survey bio
 8734.74 10132.4 12063.5 17687.7 21399.1 24771.9 30376.8 35476.6 39859.5 51695.4 65246.2 76779.4 94281.4 120611 126319 107252 100091 93427 90119.7 88806.5 82690.9 96615.7 101048 102009 119162 118057 122259 112081 4.14293e+06 4.8052e+06 5.33895e+06 5.17756e+06 4.69754e+06 4.12596e+06 3.58794e+06 3.13575e+06 2.77986e+06 2.51104e+06 2.31329e+06 2.17022e+06 2.06768e+06 1.99448e+06 1.94154e+06 1.90258e+06 1.87514e+06 1.85557e+06 1.84144e+06 1.8311e+06 1.82345e+06 1.81771e+06 1.81335e+06 1.81001e+06 1.80742e+06 1.80539e+06 1.8038e+06 1.80253e+06 1.80152e+06 1.80071e+06 1.80006e+06 1.79954e+06 1.79911e+06 1.79877e+06 1.79849e+06 1.79826e+06 1.79807e+06 1.79792e+06 1.7978e+06 1.7977e+06 1.79761e+06 1.79755e+06 1.79749e+06 1.79744e+06 1.79741e+06 1.79738e+06 1.79735e+06 1.79733e+06 1.79732e+06 1.7973e+06 1.79729e+06 1.79728e+06 1.79727e+06 1.79727e+06 1.79726e+06 1.79726e+06 1.79726e+06 1.79725e+06 1.79725e+06 1.79725e+06 1.79725e+06 1.79725e+06 1.79725e+06 1.79724e+06 1.79724e+06 1.79724e+06 1.79724e+06 1.79724e+06 1.79724e+06 1.79724e+06 1.79724e+06 1.79724e+06 1.79724e+06 1.79724e+06 1.79724e+06 1.79724e+06 1.79724e+06 1.79724e+06 1.79724e+06 1.79724e+06 1.79724e+06 1.79724e+06 1.79724e+06 1.79724e+06 1.79724e+06 1.79724e+06 1.79724e+06 1.79724e+06 1.79724e+06 1.79724e+06 1.79724e+06 1.79724e+06 1.79724e+06 1.79724e+06 1.79724e+06 1.79724e+06 1.79724e+06 1.79724e+06 1.79724e+06 1.79724e+06 0 0 0 0 0 0 0 0 0 0 0 0 0 0 0 0 0 0 0 0 0 0 0 0 0
#obs survey bio
 8008.41 10384.7 19217.7 17346.8 19980.3 22067 33893.5 33031.8 42439.1 58157.1 93007.1 73060.5 134113 106979 80468.4 98439.9 87395.1 76767.2 53253.2 84735.6 107147 94462.8 105230 182273 127134 138926 100662 95832.2
#pred catch bio
 4233.99 5918.98 6326.22 10585.5 13901 16340.9 20922.3 26059.7 28610 38979.2 49347.4 61250.6 75716.1 95871 105503 90431.2 87049.2 82093.4 80144.3 82201.3 74699.9 89434 95060.3 93876.3 114576 108904 115756 100351 4277.39 41251.1 45593.1 43737.9 39153.1 33863.7 28974.2 24930.4 21803 19489.2 17829.3 16664.6 15860.6 15312.1 14938.4 14683.6 14516.8 14407.7 14336.3 14289.5 14258.9 14238.9 14225.8 14217.2 14211.6 14207.9 14205.5 14203.9 14202.9 14202.2 14201.8 14201.5 14201.3 14201.2 14201.1 14201.1 14201 14201 14201 14201 14201 14201 14201 14201 14201 14201 14201 14201 14201 14201 14201 14201 14201 14201 14201 14201 14201 14201 14201 14201 14201 14201 14201 14201 14201 14201 14201 14201 14201 14201 14201 14201 14201 14201 14201 14201 14201 14201 14201 14201 14201 14201 14201 14201 14201 14201 14201 14201 14201 14201 14201 14201 14201 14201 14201 14201 14201 14201 14201 14201 0 0 0 0 0 0 0 0 0 0 0 0 0 0 0 0 0 0 0 0 0 0 0 0 0
#obs catch bio
 5691.81 5955.54 6162.91 10519.7 14029.3 16396.9 21255.4 26630.5 28482.3 37996 47360.6 60639.1 73961.3 94481.4 108362 92287.7 85730.4 81935.5 79968.8 83380 73926.5 88271.4 92595.7 90007.1 110637 106251 114653 100640
#pred cpue bio
 8061.08 9174.2 10465.3 15725.8 19026.4 21620.8 26569 30930 34289 43452 56091.5 65395.1 77519.1 102850 111229 92872.4 85725.8 79746.5 75731.5 75522.7 67607.7 79430 84290.7 82699.1 97856.8 97249.3 102370 93116.9 3.47824e+06 4.7535e+06 5.30425e+06 5.14231e+06 4.66227e+06 4.09069e+06 3.55267e+06 3.10048e+06 2.74459e+06 2.47578e+06 2.27802e+06 2.13495e+06 2.03242e+06 1.95921e+06 1.90627e+06 1.86732e+06 1.83987e+06 1.8203e+06 1.80617e+06 1.79583e+06 1.78818e+06 1.78244e+06 1.77808e+06 1.77474e+06 1.77215e+06 1.77012e+06 1.76853e+06 1.76726e+06 1.76625e+06 1.76544e+06 1.76479e+06 1.76427e+06 1.76384e+06 1.7635e+06 1.76322e+06 1.76299e+06 1.7628e+06 1.76265e+06 1.76253e+06 1.76243e+06 1.76234e+06 1.76228e+06 1.76222e+06 1.76218e+06 1.76214e+06 1.76211e+06 1.76208e+06 1.76206e+06 1.76205e+06 1.76203e+06 1.76202e+06 1.76201e+06 1.76201e+06 1.762e+06 1.76199e+06 1.76199e+06 1.76199e+06 1.76198e+06 1.76198e+06 1.76198e+06 1.76198e+06 1.76198e+06 1.76198e+06 1.76198e+06 1.76197e+06 1.76197e+06 1.76197e+06 1.76197e+06 1.76197e+06 1.76197e+06 1.76197e+06 1.76197e+06 1.76197e+06 1.76197e+06 1.76197e+06 1.76197e+06 1.76197e+06 1.76197e+06 1.76197e+06 1.76197e+06 1.76197e+06 1.76197e+06 1.76197e+06 1.76197e+06 1.76197e+06 1.76197e+06 1.76197e+06 1.76197e+06 1.76197e+06 1.76197e+06 1.76197e+06 1.76197e+06 1.76197e+06 1.76197e+06 1.76197e+06 1.76197e+06 1.76197e+06 1.76197e+06 1.76197e+06 1.76197e+06 0 0 0 0 0 0 0 0 0 0 0 0 0 0 0 0 0 0 0 0 0 0 0 0 0
#obs cpue bio
 7383.96 11362.6 11045.7 12144.8 20001.2 18967.5 19917.3 21913.5 44203 63693.8 70399.5 81425.4 67919.1 132451 96091.1 90936.3 116339 111390 102106 75088.4 62867.4 90364.9 148237 90155.8 145507 106624 147575 119582
#pred surv len freq
 2.55949e-27 2.57825e-27 2.4083e-26 4.54054e-20 1.11306e-14 3.29819e-10 1.18136e-06 0.000511483 0.0267692 0.16935 0.130003 0.0434504 0.239385 0.220982 0.046833 0.0515381 0.0211138 0.0149232 0.0089129 0.00665485 0.00519106 0.00450133 0.00455664 0.00407502 0.00124844
 2.56082e-27 2.58246e-27 2.83174e-26 5.43398e-20 1.33208e-14 3.94718e-10 1.41381e-06 0.000612127 0.0320365 0.202672 0.155362 0.0380566 0.180524 0.167873 0.0594537 0.0936609 0.0333933 0.0163955 0.00738981 0.00416846 0.00262832 0.00194216 0.00174172 0.00156276 0.000525509
 2.56358e-27 2.58949e-27 3.40396e-26 6.64095e-20 1.62795e-14 4.82391e-10 1.72784e-06 0.00074809 0.0391523 0.247689 0.18978 0.0408802 0.177828 0.164277 0.0386908 0.047406 0.0223562 0.0188472 0.00692809 0.00263995 0.00113625 0.000635009 0.000469196 0.0003965 0.000138325
 2.56174e-27 2.58436e-27 2.93772e-26 5.65732e-20 1.38682e-14 4.10941e-10 1.47192e-06 0.000637286 0.0333532 0.211002 0.161805 0.0432396 0.215439 0.198941 0.0441501 0.0508472 0.0190458 0.011012 0.00602117 0.00302975 0.000868707 0.000298964 0.000155458 0.000112992 3.91072e-05
 2.56172e-27 2.58442e-27 2.95239e-26 5.68831e-20 1.39442e-14 4.13192e-10 1.47998e-06 0.000640776 0.0335359 0.212158 0.162672 0.0423174 0.207812 0.192155 0.047539 0.0602842 0.0218916 0.0112842 0.00442789 0.00206547 0.0008826 0.000224505 6.3366e-05 3.30568e-05 1.07447e-05
 2.56292e-27 2.58753e-27 3.2147e-26 6.24163e-20 1.53006e-14 4.53384e-10 1.62395e-06 0.000703106 0.036798 0.232795 0.178435 0.0425909 0.198819 0.183607 0.0415136 0.0487123 0.018663 0.0110079 0.0040999 0.00152325 0.000515852 0.00016922 3.39922e-05 9.18216e-06 2.50441e-06
 2.56269e-27 2.58679e-27 3.13735e-26 6.07841e-20 1.49005e-14 4.41528e-10 1.58148e-06 0.00068472 0.0358358 0.226707 0.173806 0.0437972 0.211252 0.194907 0.0404037 0.0432575 0.0157998 0.00834256 0.00336175 0.0013424 0.000377026 9.88481e-05 2.15513e-05 3.30021e-06 5.7844e-07
 2.56286e-27 2.58722e-27 3.17228e-26 6.15209e-20 1.50811e-14 4.4688e-10 1.60065e-06 0.00069302 0.0362702 0.229456 0.175905 0.0438573 0.210234 0.19397 0.0403105 0.043237 0.0151207 0.00697975 0.00259147 0.000987642 0.000302856 6.89242e-05 1.23466e-05 1.60067e-06 1.52775e-07
 2.56361e-27 2.58915e-27 3.33311e-26 6.49133e-20 1.59127e-14 4.71522e-10 1.68891e-06 0.000731235 0.0382702 0.242108 0.185571 0.0441679 0.205806 0.189721 0.0366133 0.035851 0.0125213 0.00575005 0.00198334 0.000663423 0.0001875 4.43111e-05 6.97107e-06 7.36983e-07 4.727e-08
 2.56485e-27 2.59249e-27 3.62513e-26 7.10737e-20 1.74229e-14 5.16271e-10 1.84919e-06 0.000800631 0.0419021 0.265085 0.203106 0.0435711 0.188945 0.174125 0.0332009 0.031958 0.0107814 0.00438997 0.00149725 0.000484736 0.000120141 2.56284e-05 3.98733e-06 3.62777e-07 1.77637e-08
 2.56353e-27 2.58878e-27 3.28514e-26 6.39008e-20 1.56645e-14 4.64168e-10 1.66257e-06 0.00071983 0.0376733 0.238332 0.18271 0.0455838 0.218592 0.201262 0.0340128 0.0269614 0.00900879 0.00356354 0.00114327 0.000336737 8.07794e-05 1.53544e-05 2.129e-06 1.83124e-07 7.47087e-09
 2.56409e-27 2.59038e-27 3.43465e-26 6.70551e-20 1.64377e-14 4.8708e-10 1.74464e-06 0.000755362 0.0395329 0.250096 0.191675 0.044437 0.203566 0.187581 0.0349486 0.0325162 0.0103285 0.00321405 0.000993708 0.000279915 6.0843e-05 1.08084e-05 1.33556e-06 1.02216e-07 3.78942e-09
 2.56584e-27 2.59503e-27 3.83681e-26 7.55388e-20 1.85174e-14 5.48704e-10 1.96537e-06 0.000850928 0.0445345 0.281738 0.215829 0.0439932 0.183219 0.16862 0.0282359 0.0219879 0.00725986 0.00272445 0.000781506 0.000180348 3.69673e-05 5.99806e-06 6.72776e-07 4.54973e-08 1.5004e-09
 2.56392e-27 2.58971e-27 3.35675e-26 6.54111e-20 1.60347e-14 4.75138e-10 1.70186e-06 0.000736842 0.0385637 0.243965 0.187021 0.0462008 0.220258 0.202634 0.0312586 0.0202948 0.0063736 0.00192867 0.000581602 0.00015137 2.64794e-05 3.76759e-06 3.83377e-07 2.31327e-08 6.70482e-10
 2.56206e-27 2.58477e-27 2.9301e-26 5.6411e-20 1.38285e-14 4.09763e-10 1.4677e-06 0.000635459 0.0332576 0.210397 0.161396 0.0465778 0.241131 0.222119 0.0387712 0.0325134 0.00992116 0.00244002 0.000658597 0.000147235 2.82567e-05 3.79918e-06 3.27398e-07 1.75729e-08 4.5001e-10
 2.56312e-27 2.58771e-27 3.19453e-26 6.19894e-20 1.51959e-14 4.50283e-10 1.61284e-06 0.000698298 0.0365464 0.231203 0.177265 0.0454438 0.221352 0.203926 0.0365969 0.032168 0.0103321 0.00338443 0.000890203 0.000162569 2.64253e-05 3.51118e-06 2.96289e-07 1.3534e-08 3.03251e-10
 2.56372e-27 2.58925e-27 3.32338e-26 6.47074e-20 1.58622e-14 4.70027e-10 1.68356e-06 0.000728915 0.0381488 0.24134 0.18501 0.0457077 0.217919 0.200603 0.0332014 0.0252571 0.00818855 0.00284805 0.00082714 0.000188395 2.73757e-05 2.9617e-06 2.32649e-07 1.02506e-08 1.98021e-10
 2.56386e-27 2.58957e-27 3.34558e-26 6.51755e-20 1.5977e-14 4.73426e-10 1.69573e-06 0.000734188 0.0384248 0.243086 0.18635 0.0461783 0.220559 0.202926 0.0315898 0.0209743 0.00654778 0.00190906 0.000555422 0.000136806 2.38368e-05 2.66695e-06 1.71135e-07 6.7831e-09 1.23411e-10
 2.56468e-27 2.59179e-27 3.54061e-26 6.92898e-20 1.69856e-14 5.03313e-10 1.80278e-06 0.000780535 0.0408504 0.258431 0.198059 0.0456609 0.208394 0.191694 0.0294736 0.0189645 0.0057695 0.00143663 0.000383793 8.22993e-05 1.49244e-05 1.93413e-06 1.35021e-07 4.55328e-09 7.31829e-11
 2.56403e-27 2.58995e-27 3.3732e-26 6.57579e-20 1.61197e-14 4.77657e-10 1.71089e-06 0.000740749 0.0387681 0.245258 0.188015 0.0465728 0.222391 0.204515 0.0300214 0.0169835 0.00512515 0.00122877 0.00031121 5.71799e-05 9.02716e-06 1.13205e-06 8.96581e-08 3.28717e-09 4.67518e-11
 2.56597e-27 2.59524e-27 3.84164e-26 7.56401e-20 1.85423e-14 5.4944e-10 1.968e-06 0.00085207 0.0445943 0.282116 0.216136 0.045134 0.191684 0.17619 0.0252147 0.0131462 0.00388515 0.00080719 0.00019746 3.45932e-05 4.85377e-06 5.15846e-07 3.82177e-08 1.54653e-09 2.36154e-11
 2.5657e-27 2.59447e-27 3.7705e-26 7.41392e-20 1.81743e-14 5.38538e-10 1.92895e-06 0.000835163 0.0437094 0.276518 0.211869 0.0455737 0.198028 0.181992 0.0252949 0.0118665 0.00346489 0.000664492 0.000154353 2.37959e-05 3.16092e-06 3.03405e-07 1.89148e-08 7.07007e-10 1.16025e-11
 2.56498e-27 2.5925e-27 3.59425e-26 7.04209e-20 1.72628e-14 5.11529e-10 1.83221e-06 0.000793277 0.0415173 0.26265 0.201291 0.0463127 0.211084 0.193992 0.0265497 0.0117047 0.00337296 0.000580544 0.000129355 1.83861e-05 2.20966e-06 1.90891e-07 1.07208e-08 3.39209e-10 5.12476e-12
 2.56632e-27 2.59617e-27 3.9212e-26 7.73184e-20 1.89537e-14 5.61632e-10 2.01167e-06 0.000870976 0.0455838 0.288376 0.220916 0.0451261 0.188266 0.172985 0.023717 0.0105326 0.00301793 0.000487761 0.000104678 1.34437e-05 1.50354e-06 1.16837e-07 5.80138e-09 1.62614e-10 2.09947e-12
 2.56573e-27 2.59454e-27 3.77526e-26 7.42396e-20 1.8199e-14 5.39268e-10 1.93157e-06 0.000836294 0.0437686 0.276893 0.212157 0.0457233 0.198964 0.182819 0.0247717 0.0104623 0.00299608 0.000489357 0.000104058 1.25585e-05 1.30527e-06 9.15518e-08 4.07553e-09 1.00154e-10 1.1303e-12
 2.56557e-27 2.59408e-27 3.73186e-26 7.33238e-20 1.79745e-14 5.32615e-10 1.90774e-06 0.000825978 0.0432287 0.273477 0.209554 0.0460624 0.203374 0.186838 0.0245799 0.00901311 0.00255558 0.000395269 8.30428e-05 1.0083e-05 1.01632e-06 6.5887e-08 2.63571e-09 5.74714e-11 5.66283e-13
 2.5648e-27 2.592e-27 3.5498e-26 6.94832e-20 1.7033e-14 5.04717e-10 1.80781e-06 0.000782714 0.0409644 0.259153 0.198622 0.0464158 0.213743 0.196457 0.0271869 0.0125322 0.00354528 0.000485813 9.75953e-05 1.12823e-05 1.12561e-06 7.20043e-08 2.68684e-09 5.25433e-11 4.56419e-13
 2.56518e-27 2.59304e-27 3.6422e-26 7.14326e-20 1.75108e-14 5.18878e-10 1.85853e-06 0.000804673 0.0421137 0.266423 0.20417 0.0461536 0.207851 0.191013 0.0260936 0.0114144 0.00328186 0.000551951 0.000114949 1.18916e-05 1.11663e-06 6.88024e-08 2.53056e-09 4.66832e-11 3.64574e-13
#obs surv len freq
 1.08232e-41 1.50219e-33 2.52024e-26 5.11099e-20 1.2529e-14 3.71257e-10 1.32978e-06 0.00057575 0.0301325 0.190627 0.146269 0.0400951 0.173047 0.146464 0.103964 0.10204 0.0446219 0.0176142 0.00401388 0.000507557 2.61803e-05 3.99251e-07 1.35593e-09 8.36562e-13 8.21458e-17
 1.60501e-41 2.22765e-33 3.73735e-26 7.57927e-20 1.85797e-14 5.5055e-10 1.97198e-06 0.000853799 0.0446845 0.282687 0.216582 0.0406739 0.126539 0.102127 0.0758983 0.0686086 0.0287347 0.0102818 0.00209044 0.000226889 9.57713e-06 1.13257e-07 2.85953e-10 1.27798e-13 8.96052e-18
 1.53842e-41 2.13522e-33 3.58228e-26 7.2648e-20 1.78088e-14 5.27707e-10 1.89016e-06 0.000818374 0.0428305 0.270959 0.207858 0.050091 0.177032 0.128979 0.0561595 0.0421847 0.0167111 0.00534037 0.000946541 8.59196e-05 2.90961e-06 2.64896e-08 4.97426e-11 1.61405e-14 8.09622e-19
 1.07567e-41 1.49296e-33 2.50475e-26 5.07958e-20 1.2452e-14 3.68975e-10 1.32161e-06 0.000572211 0.0299473 0.189457 0.145852 0.0564038 0.229829 0.16289 0.0983768 0.0661426 0.0160222 0.00387008 0.000589293 4.3821e-05 1.16336e-06 8.02983e-09 1.11542e-11 2.62953e-15 9.462e-20
 1.50444e-41 2.08806e-33 3.50316e-26 7.10433e-20 1.74154e-14 5.16051e-10 1.84841e-06 0.000800298 0.0418844 0.264974 0.203322 0.0473149 0.142574 0.104298 0.103561 0.068681 0.018768 0.00348059 0.000320702 1.78394e-05 3.62836e-07 1.86339e-09 1.8912e-12 3.22117e-16 8.3083e-21
 1.20097e-41 1.66686e-33 2.7965e-26 5.67126e-20 1.39024e-14 4.11954e-10 1.47555e-06 0.000638863 0.0334355 0.211527 0.163065 0.0649883 0.231205 0.144018 0.0784972 0.0496932 0.0189406 0.0036909 0.000288868 9.80307e-06 1.31473e-07 4.85495e-10 3.54638e-13 4.3182e-17 7.93185e-22
 1.37584e-41 1.90957e-33 3.2037e-26 6.49704e-20 1.59267e-14 4.71938e-10 1.69041e-06 0.000731887 0.0383041 0.242326 0.186461 0.0579385 0.175173 0.116657 0.109835 0.0569948 0.012859 0.00248989 0.000221611 6.32082e-06 5.34281e-08 1.22221e-10 6.04496e-14 5.15934e-18 6.67973e-23
 1.19482e-41 1.65833e-33 2.78219e-26 5.64222e-20 1.38312e-14 4.09845e-10 1.468e-06 0.000635592 0.0332644 0.210446 0.162681 0.0721415 0.226771 0.13319 0.0940297 0.0496855 0.0149159 0.00209638 0.000137672 3.85133e-06 2.74009e-08 4.16233e-11 1.26289e-14 6.91274e-19 6.04323e-24
 1.51398e-41 2.1013e-33 3.52537e-26 7.14938e-20 1.75259e-14 5.19323e-10 1.86013e-06 0.000805373 0.04215 0.266659 0.20543 0.0644714 0.167148 0.104033 0.096134 0.0421377 0.00956715 0.00138017 8.07643e-05 1.60678e-06 9.46963e-09 1.18382e-11 2.5684e-15 9.05201e-20 4.982e-25
 1.51988e-41 2.1095e-33 3.53912e-26 7.17727e-20 1.75942e-14 5.21349e-10 1.86739e-06 0.000808515 0.0423145 0.267702 0.206841 0.0778671 0.198086 0.103582 0.0663132 0.0285443 0.00709935 0.00079988 3.88158e-05 6.59869e-07 2.83788e-09 2.63861e-12 4.46892e-16 1.18722e-20 4.58584e-26
 1.09455e-41 1.51916e-33 2.54871e-26 5.16873e-20 1.26705e-14 3.75451e-10 1.3448e-06 0.000582254 0.0304728 0.192795 0.150719 0.0971835 0.258213 0.136246 0.0955459 0.0320515 0.00558213 0.000582522 2.40733e-05 3.13769e-07 1.0606e-09 7.29597e-13 8.80686e-17 1.70689e-21 4.91206e-27
 1.66583e-41 2.31206e-33 3.87897e-26 7.86647e-20 1.92837e-14 5.71412e-10 2.0467e-06 0.000886152 0.0463777 0.293409 0.226541 0.071235 0.144663 0.0940137 0.0895079 0.028466 0.00455353 0.000334439 1.02714e-05 1.07871e-07 2.73887e-10 1.39575e-13 1.23872e-17 1.71787e-22 3.48998e-28
 1.3418e-41 1.86233e-33 3.12444e-26 6.3363e-20 1.55327e-14 4.60262e-10 1.64858e-06 0.00071378 0.0373564 0.236352 0.185157 0.110634 0.242955 0.106312 0.0566631 0.0197873 0.00381118 0.000251115 5.71274e-06 4.11139e-08 7.65494e-11 2.87793e-14 1.84561e-18 1.84241e-23 2.6876e-29
 1.117e-41 1.55032e-33 2.60099e-26 5.27475e-20 1.29304e-14 3.83152e-10 1.37239e-06 0.000594197 0.0310979 0.196766 0.155528 0.112123 0.235765 0.137785 0.103501 0.0237626 0.00287554 0.000196226 4.33468e-06 2.386e-08 3.01683e-11 7.7688e-15 3.53586e-19 2.52516e-24 2.62206e-30
 8.76781e-42 1.21691e-33 2.04163e-26 4.14038e-20 1.01496e-14 3.00752e-10 1.07725e-06 0.00046641 0.0244101 0.154469 0.124489 0.123477 0.249309 0.15985 0.124379 0.0343608 0.00458617 0.000199456 3.32388e-06 1.64979e-08 1.67436e-11 3.04353e-15 9.32596e-20 4.52371e-25 3.26137e-31
 1.4129e-41 1.96101e-33 3.29001e-26 6.67207e-20 1.63558e-14 4.84652e-10 1.73595e-06 0.000751605 0.039336 0.248887 0.195109 0.0945907 0.159886 0.126609 0.101789 0.0287631 0.00408332 0.000190392 2.52108e-06 8.50723e-09 6.68874e-12 9.75088e-16 2.24612e-20 7.668e-26 3.76296e-32
 9.72694e-42 1.35003e-33 2.26496e-26 4.5933e-20 1.12599e-14 3.33652e-10 1.19509e-06 0.000517432 0.0270804 0.171404 0.141334 0.161926 0.272542 0.126553 0.07272 0.0225182 0.00324992 0.000151395 1.97577e-06 5.67898e-09 3.17384e-12 3.22577e-16 5.50296e-21 1.42563e-26 5.20858e-33
 1.43783e-41 1.99561e-33 3.34805e-26 6.78977e-20 1.66443e-14 4.93202e-10 1.76657e-06 0.000764863 0.0400299 0.253303 0.200482 0.107953 0.161303 0.135599 0.0836854 0.0151566 0.00164484 7.48126e-05 9.20556e-07 2.41415e-09 1.15245e-12 8.98704e-17 1.08144e-21 1.94089e-27 5.02967e-34
 1.00247e-41 1.39136e-33 2.3343e-26 4.7339e-20 1.16046e-14 3.43866e-10 1.23167e-06 0.000533271 0.0279095 0.176708 0.149357 0.183342 0.260921 0.121334 0.0624652 0.0159074 0.00147835 4.3103e-05 4.28928e-07 9.87512e-10 4.04783e-13 2.62853e-17 2.52284e-22 3.4211e-28 6.37749e-35
 1.28679e-41 1.78598e-33 2.99634e-26 6.07653e-20 1.48959e-14 4.41392e-10 1.581e-06 0.000684517 0.035825 0.226759 0.184057 0.132443 0.181488 0.152369 0.0740649 0.0113287 0.000952018 2.72032e-05 1.91286e-07 3.1031e-10 1.00032e-13 5.27054e-18 4.07012e-23 4.37108e-29 6.33046e-36
 1.413e-41 1.96115e-33 3.29024e-26 6.67253e-20 1.63569e-14 4.84686e-10 1.73607e-06 0.000751656 0.039339 0.249048 0.204838 0.15945 0.187509 0.101348 0.0474697 0.00959312 0.000639433 1.29301e-05 7.70298e-08 9.6088e-11 2.14103e-14 7.98928e-19 4.61085e-24 3.80184e-30 4.24745e-37
 1.12804e-41 1.56565e-33 2.6267e-26 5.3269e-20 1.30583e-14 3.8694e-10 1.38596e-06 0.000600071 0.0314058 0.198963 0.172579 0.196467 0.225243 0.123053 0.044807 0.00644834 0.000424607 8.03823e-06 3.49154e-08 3.22711e-11 5.50504e-15 1.49378e-19 5.99433e-25 3.4384e-31 2.73912e-38
 1.3731e-41 1.90577e-33 3.19732e-26 6.4841e-20 1.5895e-14 4.70998e-10 1.68704e-06 0.00073043 0.0382283 0.242111 0.202751 0.16015 0.17912 0.126911 0.0443276 0.0054099 0.000255752 3.83608e-06 1.44761e-08 1.04222e-11 1.27462e-15 2.49793e-20 7.3478e-26 3.05112e-32 1.71824e-39
 1.35212e-41 1.87666e-33 3.14849e-26 6.38507e-20 1.56522e-14 4.63804e-10 1.66127e-06 0.000719273 0.0376448 0.238561 0.206628 0.19382 0.188204 0.0974467 0.0325316 0.00426703 0.000173913 1.90781e-06 5.19418e-09 2.90612e-12 2.78713e-16 4.07037e-21 8.5601e-27 2.51911e-33 1.01323e-40
 1.18736e-41 1.64798e-33 2.76482e-26 5.607e-20 1.37449e-14 4.07286e-10 1.45883e-06 0.000631625 0.033058 0.209697 0.190345 0.214009 0.206762 0.112855 0.0296155 0.00291637 0.000108005 1.04534e-06 2.15028e-09 8.45081e-13 5.78982e-17 6.26787e-22 9.89097e-28 2.15397e-34 6.26707e-42
 1.06236e-41 1.47448e-33 2.47375e-26 5.01672e-20 1.22979e-14 3.64409e-10 1.30525e-06 0.000565131 0.0295785 0.187837 0.177937 0.221013 0.217483 0.130099 0.0325871 0.00282045 7.75573e-05 5.82305e-07 9.8632e-10 3.02437e-13 1.49848e-17 1.13297e-22 1.25291e-28 1.94812e-35 4.114e-43
 1.05028e-41 1.45772e-33 2.44562e-26 4.95967e-20 1.2158e-14 3.60265e-10 1.29041e-06 0.000558704 0.0292428 0.185869 0.179762 0.221152 0.21666 0.131988 0.0320434 0.00265977 6.25687e-05 3.5685e-07 4.38964e-10 1.01304e-13 3.8479e-18 2.18095e-23 1.74466e-29 1.91145e-36 2.81383e-44
 1.27006e-41 1.76277e-33 2.95741e-26 5.99756e-20 1.47023e-14 4.35656e-10 1.56045e-06 0.000675622 0.0353615 0.224475 0.204862 0.20001 0.192308 0.112911 0.0271146 0.00223077 5.08961e-05 2.6656e-07 2.76669e-10 5.08412e-14 1.52539e-18 6.97099e-24 4.57829e-30 4.13038e-37 4.96009e-45
#pred catch len freq
 2.55704e-27 2.57166e-27 1.83236e-26 3.32556e-20 8.15222e-15 2.41565e-10 8.65245e-07 0.000374618 0.0196062 0.124035 0.0954189 0.0445745 0.272237 0.251354 0.0532029 0.0584676 0.0239501 0.016925 0.0101083 0.00754742 0.00588729 0.00510506 0.00516779 0.00462157 0.00141589
 2.55855e-27 2.57642e-27 2.31053e-26 4.3345e-20 1.06255e-14 3.14853e-10 1.12775e-06 0.000488272 0.0255544 0.161665 0.124056 0.0384739 0.205695 0.191318 0.0675122 0.106181 0.0378541 0.0185818 0.00837505 0.00472419 0.00297873 0.00220109 0.00197393 0.0017711 0.000595569
 2.56093e-27 2.5824e-27 2.78661e-26 5.33864e-20 1.3087e-14 3.87792e-10 1.38901e-06 0.000601386 0.0314744 0.199116 0.152708 0.0419626 0.212111 0.196012 0.046065 0.0563329 0.0265623 0.0223896 0.0082302 0.00313611 0.0013498 0.000754353 0.000557377 0.000471018 0.000164322
 2.55959e-27 2.57857e-27 2.43015e-26 4.58658e-20 1.12435e-14 3.33164e-10 1.19334e-06 0.000516669 0.0270406 0.171067 0.131329 0.0443593 0.245372 0.226625 0.0501477 0.0575881 0.0215682 0.0124679 0.00681711 0.00343025 0.000983539 0.000338483 0.000176008 0.000127928 4.42767e-05
 2.55985e-27 2.57939e-27 2.51227e-26 4.75986e-20 1.16682e-14 3.4575e-10 1.23842e-06 0.000536188 0.0280622 0.17753 0.136245 0.0431988 0.233087 0.215558 0.0531171 0.0671413 0.0243789 0.0125636 0.00492983 0.0022996 0.000982645 0.000249953 7.05487e-05 3.68039e-05 1.19627e-05
 2.56109e-27 2.58261e-27 2.78353e-26 5.33205e-20 1.30709e-14 3.87314e-10 1.38729e-06 0.000600645 0.0314356 0.198871 0.152546 0.0435483 0.224294 0.20717 0.0466589 0.0545456 0.0208951 0.0123219 0.00458921 0.00170504 0.000577415 0.000189415 3.80489e-05 1.0278e-05 2.80329e-06
 2.56107e-27 2.58241e-27 2.75182e-26 5.26511e-20 1.29068e-14 3.82451e-10 1.36988e-06 0.000593104 0.0310409 0.196374 0.150659 0.0447725 0.234936 0.216789 0.0447634 0.0477097 0.0174235 0.00919785 0.00370633 0.00147999 0.000415669 0.00010898 2.37602e-05 3.63848e-06 6.37728e-07
 2.56156e-27 2.58369e-27 2.86198e-26 5.49749e-20 1.34764e-14 3.99331e-10 1.43034e-06 0.000619281 0.0324109 0.205041 0.157275 0.0446686 0.229497 0.211765 0.0438072 0.0467426 0.0163444 0.00754277 0.00280046 0.00106728 0.000327277 7.4482e-05 1.33422e-05 1.72975e-06 1.65094e-07
 2.5622e-27 2.58532e-27 2.99547e-26 5.77907e-20 1.41667e-14 4.19784e-10 1.5036e-06 0.000651 0.034071 0.215543 0.165302 0.0451099 0.227216 0.209487 0.0402659 0.0392156 0.0136944 0.00628725 0.00216859 0.000725385 0.000205013 4.84497e-05 7.62214e-06 8.05815e-07 5.16849e-08
 2.56374e-27 2.58946e-27 3.35755e-26 6.54288e-20 1.60391e-14 4.75267e-10 1.70233e-06 0.000737042 0.0385741 0.244031 0.187042 0.0443415 0.206094 0.189953 0.0360578 0.0344949 0.0116355 0.00473653 0.00161541 0.000522987 0.000129621 2.76507e-05 4.30197e-06 3.91404e-07 1.91654e-08
 2.56241e-27 2.58573e-27 3.01418e-26 5.81847e-20 1.42633e-14 4.22647e-10 1.51385e-06 0.000655439 0.0343033 0.217013 0.166445 0.0464458 0.236578 0.217846 0.0366818 0.0288778 0.00964734 0.00381516 0.00122397 0.000360503 8.64805e-05 1.64381e-05 2.27925e-06 1.96048e-07 7.99813e-09
 2.5633e-27 2.58823e-27 3.24415e-26 6.30363e-20 1.54526e-14 4.57888e-10 1.64008e-06 0.000710091 0.0371636 0.235108 0.180239 0.0450202 0.216039 0.199087 0.0369144 0.0341047 0.0108314 0.00336963 0.00104177 0.000293452 6.37856e-05 1.13311e-05 1.40015e-06 1.0716e-07 3.97269e-09
 2.56514e-27 2.59311e-27 3.66702e-26 7.19567e-20 1.76393e-14 5.22685e-10 1.87217e-06 0.000810578 0.0424227 0.268378 0.205637 0.0445488 0.194608 0.179117 0.0298707 0.0230755 0.00761741 0.00285787 0.000819754 0.000189173 3.87763e-05 6.29157e-06 7.05698e-07 4.77237e-08 1.57382e-09
 2.5631e-27 2.58748e-27 3.15863e-26 6.12315e-20 1.50102e-14 4.44778e-10 1.59312e-06 0.000689761 0.0360996 0.228376 0.175129 0.0468844 0.233815 0.215122 0.0330757 0.0212956 0.0066864 0.00202278 0.000609959 0.000158749 2.77703e-05 3.95126e-06 4.02067e-07 2.42605e-08 7.03169e-10
 2.56157e-27 2.58343e-27 2.81083e-26 5.38948e-20 1.32117e-14 3.91485e-10 1.40223e-06 0.000607114 0.0317741 0.201013 0.154236 0.0469836 0.24925 0.2296 0.039889 0.0331796 0.0101227 0.00248889 0.000671759 0.000150176 2.88212e-05 3.87508e-06 3.33939e-07 1.79239e-08 4.58999e-10
 2.56271e-27 2.58657e-27 3.09389e-26 5.98664e-20 1.46755e-14 4.34862e-10 1.5576e-06 0.000674382 0.0352947 0.223285 0.171224 0.0457847 0.22819 0.210226 0.0375378 0.0327285 0.0105102 0.00344182 0.000905266 0.000165319 2.68723e-05 3.57057e-06 3.013e-07 1.37629e-08 3.0838e-10
 2.56355e-27 2.58878e-27 3.28144e-26 6.38227e-20 1.56454e-14 4.636e-10 1.66054e-06 0.000718949 0.0376272 0.238041 0.182493 0.0458775 0.220979 0.203416 0.0335116 0.0252562 0.00818637 0.00284649 0.000826661 0.000188285 2.73597e-05 2.95996e-06 2.32513e-07 1.02445e-08 1.97904e-10
 2.56377e-27 2.58933e-27 3.32321e-26 6.47036e-20 1.58613e-14 4.69999e-10 1.68346e-06 0.000728873 0.0381466 0.241326 0.185008 0.0462842 0.222307 0.204531 0.031709 0.0208421 0.0065048 0.00189598 0.000551597 0.000135863 2.36724e-05 2.64856e-06 1.69956e-07 6.73634e-09 1.2256e-10
 2.56469e-27 2.59181e-27 3.54228e-26 6.9325e-20 1.69942e-14 5.03568e-10 1.8037e-06 0.000780932 0.0408711 0.258563 0.19816 0.0456845 0.208503 0.191788 0.0293682 0.0187005 0.00568767 0.00141584 0.000378221 8.11041e-05 1.47077e-05 1.90604e-06 1.3306e-07 4.48715e-09 7.212e-11
 2.56439e-27 2.59094e-27 3.46061e-26 6.7602e-20 1.65718e-14 4.91052e-10 1.75887e-06 0.000761522 0.0398553 0.252136 0.193262 0.0462991 0.216621 0.199193 0.0291285 0.0162867 0.00491328 0.00117762 0.000298241 5.47968e-05 8.65092e-06 1.08487e-06 8.59213e-08 3.15016e-09 4.48032e-11
 2.5661e-27 2.59558e-27 3.87179e-26 7.6276e-20 1.86981e-14 5.5406e-10 1.98455e-06 0.000859234 0.0449692 0.284488 0.217946 0.0450488 0.189764 0.174417 0.024877 0.0128225 0.00378821 0.000786818 0.000192466 3.37181e-05 4.73097e-06 5.02795e-07 3.72508e-08 1.5074e-09 2.3018e-11
 2.56602e-27 2.59536e-27 3.84952e-26 7.58063e-20 1.8583e-14 5.50648e-10 1.97233e-06 0.000853943 0.0446923 0.282736 0.216612 0.0453101 0.19269 0.177072 0.0245338 0.0113695 0.00331848 0.000636226 0.000147778 2.27821e-05 3.02625e-06 2.90479e-07 1.8109e-08 6.76885e-10 1.11082e-11
 2.56547e-27 2.59382e-27 3.71178e-26 7.29004e-20 1.78706e-14 5.29539e-10 1.89672e-06 0.000821207 0.042979 0.271898 0.208346 0.0459072 0.203042 0.186583 0.0254583 0.0110814 0.00319197 0.000549231 0.00012237 1.73931e-05 2.09032e-06 1.80581e-07 1.01418e-08 3.20888e-10 4.84797e-12
 2.56659e-27 2.59689e-27 3.98533e-26 7.86713e-20 1.92853e-14 5.71459e-10 2.04687e-06 0.000886216 0.0463814 0.293421 0.224765 0.0449112 0.183926 0.168985 0.0231006 0.0101341 0.00290255 0.000468978 0.00010064 1.2925e-05 1.44552e-06 1.12328e-07 5.57752e-09 1.56339e-10 2.01846e-12
 2.56638e-27 2.59633e-27 3.93429e-26 7.75945e-20 1.90214e-14 5.63637e-10 2.01885e-06 0.000874086 0.0457465 0.289405 0.221703 0.0451625 0.18799 0.172712 0.0233324 0.00972479 0.00278358 0.000454514 9.66416e-05 1.16633e-05 1.21223e-06 8.50262e-08 3.78504e-09 9.3015e-11 1.04973e-12
 2.56587e-27 2.59489e-27 3.80361e-26 7.48375e-20 1.83455e-14 5.4361e-10 1.94712e-06 0.000843028 0.0441211 0.279122 0.213861 0.0458114 0.198438 0.182292 0.0239238 0.00866143 0.00245461 0.000379544 7.97329e-05 9.68107e-06 9.75805e-07 6.32604e-08 2.53063e-09 5.51802e-11 5.43708e-13
 2.56535e-27 2.5935e-27 3.68328e-26 7.22992e-20 1.77233e-14 5.25172e-10 1.88108e-06 0.000814436 0.0426246 0.269655 0.206634 0.0459564 0.204618 0.18805 0.02594 0.0118058 0.00333842 0.000457338 9.18668e-05 1.062e-05 1.05953e-06 6.77773e-08 2.52911e-09 4.94588e-11 4.29625e-13
 2.56524e-27 2.59319e-27 3.65541e-26 7.17112e-20 1.75791e-14 5.20901e-10 1.86578e-06 0.000807812 0.042278 0.267462 0.204963 0.0461234 0.207063 0.190284 0.0259221 0.0112068 0.00322088 0.000541542 0.000112774 1.16665e-05 1.09549e-06 6.74996e-08 2.48265e-09 4.57992e-11 3.57671e-13
#obs catch len freq
 4.98949e-42 6.92508e-34 1.16183e-26 2.35616e-20 5.77585e-15 1.71149e-10 6.13027e-07 0.00026542 0.013891 0.0878798 0.0678269 0.0397995 0.21824 0.186324 0.143878 0.143683 0.0648853 0.0262971 0.00618126 0.000804639 4.30694e-05 6.85797e-07 2.42978e-09 1.55681e-12 1.57948e-16
 5.72111e-42 7.94052e-34 1.33219e-26 2.70165e-20 6.62278e-15 1.96245e-10 7.02917e-07 0.000304339 0.0159279 0.100766 0.0777779 0.0435807 0.222663 0.181199 0.143068 0.131259 0.0571814 0.0212156 0.00452275 0.000510898 2.2338e-05 2.73787e-07 7.1695e-10 3.31608e-13 2.39745e-17
 1.08916e-41 1.51168e-33 2.53616e-26 5.14328e-20 1.26082e-14 3.73603e-10 1.33818e-06 0.000579387 0.0303228 0.191832 0.147363 0.0451569 0.180891 0.140226 0.113225 0.0950488 0.0394318 0.0131835 0.0024894 0.000239285 8.47651e-06 7.99003e-08 1.54731e-10 5.16906e-14 2.66425e-18
 1.11444e-41 1.54677e-33 2.59502e-26 5.26266e-20 1.29008e-14 3.82274e-10 1.36924e-06 0.000592835 0.0310266 0.196286 0.151113 0.0585861 0.238817 0.164813 0.0765279 0.0538745 0.0210205 0.00623898 0.00101904 8.12244e-05 2.28833e-06 1.64857e-08 2.36281e-11 5.71462e-15 2.10403e-19
 7.88244e-42 1.09403e-33 1.83546e-26 3.72228e-20 9.12473e-15 2.70383e-10 9.68466e-07 0.000419312 0.0219451 0.138835 0.107501 0.0646851 0.273015 0.184128 0.116718 0.0714799 0.0168648 0.00383817 0.00053434 3.45748e-05 7.57532e-07 4.11222e-09 4.34134e-12 7.60795e-16 2.00637e-20
 1.26065e-41 1.7497e-33 2.93549e-26 5.95312e-20 1.45934e-14 4.32428e-10 1.54889e-06 0.000670615 0.0350973 0.222038 0.170771 0.0530344 0.172988 0.122363 0.124615 0.0750257 0.0197747 0.00332278 0.000282278 1.36906e-05 2.2816e-07 9.16678e-10 7.04594e-13 8.90028e-17 1.67994e-21
 1.03789e-41 1.44053e-33 2.41678e-26 4.90119e-20 1.20147e-14 3.56017e-10 1.27519e-06 0.000552115 0.0288955 0.182807 0.141512 0.0737378 0.260284 0.153607 0.0860327 0.0507008 0.0184352 0.00320473 0.000223201 6.55032e-06 7.24723e-08 2.0887e-10 1.15223e-13 1.03854e-17 1.39418e-22
 1.27497e-41 1.76957e-33 2.96882e-26 6.0207e-20 1.4759e-14 4.37338e-10 1.56647e-06 0.000678228 0.0354958 0.224562 0.173207 0.0643769 0.192506 0.123964 0.116523 0.0545112 0.0118978 0.00210939 0.000163111 3.90174e-06 2.68902e-08 4.82374e-11 1.80364e-14 1.13827e-18 1.07597e-23
 1.15061e-41 1.59698e-33 2.67926e-26 5.43349e-20 1.33196e-14 3.94683e-10 1.41369e-06 0.000612079 0.0320338 0.202663 0.157146 0.0796523 0.238584 0.133994 0.0945544 0.046077 0.0129635 0.0016211 9.50527e-05 2.21084e-06 1.25309e-08 1.47808e-11 3.39606e-15 1.37694e-19 8.78623e-25
 1.51418e-41 2.10159e-33 3.52585e-26 7.15035e-20 1.75282e-14 5.19394e-10 1.86038e-06 0.000805482 0.0421557 0.266697 0.20578 0.069694 0.171571 0.103723 0.0933546 0.037131 0.00800236 0.00103152 5.20034e-05 8.64424e-07 4.06039e-09 3.89653e-12 6.36159e-16 1.66168e-20 6.68863e-26
 1.55156e-41 2.15346e-33 3.61287e-26 7.32684e-20 1.79609e-14 5.32214e-10 1.9063e-06 0.000825363 0.0431962 0.273283 0.211492 0.083117 0.196953 0.0984946 0.0618743 0.0245367 0.00563992 0.0005619 2.36573e-05 3.30024e-07 1.12388e-09 8.02533e-13 1.01867e-16 1.99921e-21 5.65171e-27
 1.15177e-41 1.59857e-33 2.68194e-26 5.43892e-20 1.33329e-14 3.95078e-10 1.4151e-06 0.000612691 0.0320658 0.202877 0.158991 0.103928 0.253995 0.129223 0.08715 0.0264329 0.00431135 0.000398007 1.399e-05 1.4937e-07 3.97195e-10 2.08549e-13 1.88368e-17 2.6919e-22 5.65598e-28
 1.72844e-41 2.39896e-33 4.02475e-26 8.16211e-20 2.00085e-14 5.92887e-10 2.12362e-06 0.000919456 0.0481207 0.304439 0.235309 0.0747589 0.140079 0.0899786 0.0798251 0.022982 0.00336429 0.000216344 5.6954e-06 4.85402e-08 9.63965e-11 3.739e-14 2.47538e-18 2.5272e-23 3.74499e-29
 1.4041e-41 1.9488e-33 3.26952e-26 6.63052e-20 1.62539e-14 4.81634e-10 1.72513e-06 0.000746924 0.039091 0.247333 0.194245 0.116579 0.234314 0.0981535 0.0503377 0.0162505 0.0027875 0.000158072 3.03182e-06 1.7721e-08 2.57733e-11 7.34655e-15 3.50697e-19 2.57324e-24 2.73492e-30
 1.18696e-41 1.64742e-33 2.76389e-26 5.60512e-20 1.37403e-14 4.0715e-10 1.45834e-06 0.000631412 0.0330457 0.209096 0.165787 0.118898 0.229045 0.131772 0.0907818 0.0187255 0.00209017 0.00012322 2.24016e-06 9.86469e-09 9.70955e-12 1.89606e-15 6.41538e-20 3.36281e-25 2.54188e-31
 9.45659e-42 1.31251e-33 2.20201e-26 4.46564e-20 1.0947e-14 3.24379e-10 1.16187e-06 0.000503051 0.0263277 0.166613 0.134874 0.131829 0.244019 0.154877 0.109898 0.0276982 0.00323856 0.000120872 1.68741e-06 6.63451e-09 5.17892e-12 7.10751e-16 1.61845e-20 5.76047e-26 3.02017e-32
 1.49919e-41 2.08077e-33 3.49093e-26 7.07953e-20 1.73546e-14 5.14249e-10 1.84196e-06 0.000797504 0.0417382 0.264093 0.207432 0.0987791 0.153413 0.12075 0.0874357 0.0226397 0.00280871 0.000110394 1.19285e-06 3.20235e-09 1.93742e-12 2.11993e-16 3.61636e-21 9.05651e-27 3.23451e-33
 1.04953e-41 1.45668e-33 2.44389e-26 4.95616e-20 1.21494e-14 3.6001e-10 1.2895e-06 0.000558308 0.0292197 0.184961 0.153283 0.169936 0.260787 0.118066 0.0630002 0.0178687 0.00223139 8.73433e-05 9.18606e-07 2.06453e-09 8.82837e-13 6.7369e-17 8.49238e-22 1.60939e-27 4.2755e-34
 1.53069e-41 2.12449e-33 3.56428e-26 7.22829e-20 1.77193e-14 5.25055e-10 1.88066e-06 0.000814262 0.0426153 0.269674 0.213892 0.111484 0.153521 0.126603 0.068899 0.0113567 0.00109555 4.16209e-05 4.0936e-07 8.32249e-10 3.01151e-13 1.75347e-17 1.55748e-22 2.0435e-28 3.84215e-35
 1.08575e-41 1.50696e-33 2.52823e-26 5.1272e-20 1.25687e-14 3.72434e-10 1.334e-06 0.000577576 0.0302283 0.191415 0.16263 0.19031 0.247132 0.111823 0.052862 0.0120459 0.00095055 2.34045e-05 1.87271e-07 3.3212e-10 1.02541e-13 4.94468e-18 3.48998e-23 3.45583e-29 4.67782e-36
 1.38496e-41 1.92224e-33 3.22495e-26 6.54014e-20 1.60324e-14 4.75069e-10 1.70162e-06 0.000736742 0.0385584 0.24408 0.198662 0.136224 0.173023 0.140075 0.0597508 0.00827183 0.00060232 1.40905e-05 7.88273e-08 9.895e-11 2.39808e-14 9.342e-19 5.28479e-24 4.13199e-30 4.33713e-37
 1.50812e-41 2.09316e-33 3.51172e-26 7.1217e-20 1.7458e-14 5.17312e-10 1.85293e-06 0.000802254 0.0419872 0.265843 0.219291 0.161524 0.173925 0.0909123 0.0384835 0.00684056 0.000383672 6.4321e-06 3.02765e-08 2.88977e-11 4.83527e-15 1.33337e-19 5.62124e-25 3.36325e-31 2.71578e-38
 1.22115e-41 1.69488e-33 2.84351e-26 5.76659e-20 1.41361e-14 4.18879e-10 1.50036e-06 0.000649602 0.0339982 0.215432 0.187645 0.200262 0.211298 0.110249 0.0356224 0.00458361 0.000254966 3.89721e-06 1.33021e-08 9.40642e-12 1.19932e-15 2.39933e-20 7.03287e-26 2.92448e-32 1.6795e-39
 1.47399e-41 2.0458e-33 3.43226e-26 6.96055e-20 1.7063e-14 5.05607e-10 1.811e-06 0.000784101 0.0410374 0.259943 0.21824 0.161617 0.168032 0.112077 0.0344293 0.00369015 0.000146903 1.79024e-06 5.25677e-09 2.87146e-12 2.62049e-16 3.77983e-21 8.10461e-27 2.43856e-33 9.90916e-41
 1.45045e-41 2.01313e-33 3.37744e-26 6.84938e-20 1.67905e-14 4.97532e-10 1.78208e-06 0.000771579 0.0403825 0.25597 0.222312 0.193912 0.173519 0.0849437 0.0252324 0.00285686 9.63922e-05 8.52342e-07 1.80745e-09 7.65262e-13 5.45075e-17 5.8473e-22 8.96106e-28 1.9092e-34 5.53223e-42
 1.28484e-41 1.78327e-33 2.99181e-26 6.06732e-20 1.48733e-14 4.40724e-10 1.5786e-06 0.00068348 0.0357724 0.226995 0.206646 0.214959 0.192697 0.0977261 0.0225281 0.00193162 5.90973e-05 4.54366e-07 7.2211e-10 2.14417e-13 1.08965e-17 8.64079e-23 9.91208e-29 1.56168e-35 3.2757e-43
 1.159e-41 1.60862e-33 2.69879e-26 5.4731e-20 1.34167e-14 3.9756e-10 1.424e-06 0.000616542 0.0322698 0.205026 0.194726 0.223021 0.205129 0.112656 0.0246855 0.0018274 4.1337e-05 2.46754e-07 3.20838e-10 7.39035e-14 2.71147e-18 1.50123e-23 1.20535e-29 1.35276e-36 2.05429e-44
 1.14763e-41 1.59283e-33 2.6723e-26 5.41937e-20 1.32849e-14 3.93657e-10 1.41002e-06 0.000610489 0.0319529 0.202985 0.191627 0.216043 0.20868 0.11921 0.0268428 0.00200469 4.13644e-05 2.01957e-07 2.08206e-10 3.96516e-14 1.23155e-18 5.67707e-24 3.67738e-30 3.24936e-37 3.84453e-45
#spawning biomass
 10088.5 12037.6 15226.9 21597.1 26123.3 31027.7 37948.8 44514.5 50916 68006.3 83441.2 99355.9 127399 155898 156462 135858 128632 120609 118644 115199 112508 130616 134264 140157 161313 159246 161703 149653 156035 234073 254750 244553 219432 190450 163659 141502 124367 111689 102594 96212.1 91806.8 88801.4 86754 85357.8 84444.1 83846.1 83454.7 83198.5 83030.9 82921.2 82849.3 82802.3 82771.6 82751.5 82738.3 82729.7 82724 82720.3 82717.9 82716.3 82715.3 82714.6 82714.2 82713.9 82713.7 82713.6 82713.5 82713.4 82713.4 82713.4 82713.3 82713.3 82713.3 82713.3 82713.3 82713.3 82713.3 82713.3 82713.3 82713.3 82713.3 82713.3 82713.3 82713.3 82713.3 82713.3 82713.3 82713.3 82713.3 82713.3 82713.3 82713.3 82713.3 82713.3 82713.3 82713.3 82713.3 82713.3 82713.3 82713.3 82713.3 82713.3 82713.3 82713.3 82713.3 82713.3 82713.3 82713.3 82713.3 82713.3 82713.3 82713.3 82713.3 82713.3 82713.3 82713.3 82713.3 82713.3 82713.3 82713.3 82713.3 82713.3 82713.3 82713.3 82713.3 82713.3 82713.3 82713.3 0 0 0 0 0 0 0 0 0 0 0 0 0 0 0 0 0 0 0 0 0 0 0 0 0
