SBPRF35
0.690833
Curr Bio
161324
B35
527370
F35
0.297504
FOFL
0.0682702
OFL
3299.09
Bzero
197381
#pred survey bio
 11054 10870.9 14119 19573.6 24106.9 28284.4 32906.9 39998.7 45520.4 60464.7 73593.8 87709.6 108038 128539 129403 119457 111811 107173 102466 98896.9 102920 110673 118017 128731 134482 144704 143444 121827 128604 3.8825e+06 4.04586e+06 4.71696e+06 4.42404e+06 3.81603e+06 3.20756e+06 2.70697e+06 2.332e+06 2.06567e+06 1.88233e+06 1.75828e+06 1.67494e+06 1.61891e+06 1.58096e+06 1.55463e+06 1.53575e+06 1.52266e+06 1.51338e+06 1.50667e+06 1.50173e+06 1.49803e+06 1.49522e+06 1.49306e+06 1.49139e+06 1.49008e+06 1.48906e+06 1.48825e+06 1.48761e+06 1.4871e+06 1.4867e+06 1.48638e+06 1.48613e+06 1.48592e+06 1.48576e+06 1.48563e+06 1.48553e+06 1.48544e+06 1.48538e+06 1.48533e+06 1.48528e+06 1.48525e+06 1.48522e+06 1.4852e+06 1.48518e+06 1.48517e+06 1.48516e+06 1.48515e+06 1.48514e+06 1.48514e+06 1.48513e+06 1.48513e+06 1.48513e+06 1.48513e+06 1.48512e+06 1.48512e+06 1.48512e+06 1.48512e+06 1.48512e+06 1.48512e+06 1.48512e+06 1.48512e+06 1.48512e+06 1.48512e+06 1.48512e+06 1.48512e+06 1.48512e+06 1.48512e+06 1.48512e+06 1.48512e+06 1.48512e+06 1.48512e+06 1.48512e+06 1.48512e+06 1.48512e+06 1.48512e+06 1.48512e+06 1.48512e+06 1.48512e+06 1.48512e+06 1.48512e+06 1.48512e+06 1.48512e+06 1.48512e+06 1.48512e+06 1.48512e+06 1.48512e+06 1.48512e+06 1.48512e+06 1.48512e+06 1.48512e+06 1.48512e+06 1.48512e+06 1.48512e+06 1.48512e+06 1.48512e+06 1.48512e+06 1.48512e+06 1.48512e+06 1.48512e+06 1.48512e+06 0 0 0 0 0 0 0 0 0 0 0 0 0 0 0 0 0 0 0 0 0 0 0 0 0
#obs survey bio
 9751.31 8985.91 14907.9 28977.7 32213.9 29563.8 33621.5 37859.6 44770.8 69875.4 59913.9 86900.9 114755 95407.3 100452 82941.9 97346.5 134105 73485.5 73035.8 71526.5 94483.2 106542 97052.7 121118 118924 95482.3 102127 102176
#pred catch bio
 6385.85 5868.44 7106.51 10772.5 14357.6 17569.7 19702 26325.7 28885.1 41344.6 51014.4 64058.2 78461.4 94621.2 97842.9 93262.6 88446.3 86979.2 82619.2 79451.3 83734.2 89961.9 96754.9 109683 111165 119106 127579 98346.8 117332 3299.09 36908.4 49861.2 46261.6 38720.2 31543.4 25825.7 21659.9 18790.6 16888.4 15661.3 14885.2 14401.6 14103.5 13920.3 13807.7 13740.8 13701.2 13677.6 13663.7 13655.4 13650.5 13647.5 13645.8 13644.8 13644.2 13643.8 13643.6 13643.5 13643.4 13643.3 13643.3 13643.3 13643.3 13643.3 13643.3 13643.3 13643.3 13643.3 13643.3 13643.3 13643.3 13643.3 13643.3 13643.3 13643.3 13643.3 13643.3 13643.3 13643.3 13643.3 13643.3 13643.3 13643.3 13643.3 13643.3 13643.3 13643.3 13643.3 13643.3 13643.3 13643.3 13643.3 13643.3 13643.3 13643.3 13643.3 13643.3 13643.3 13643.3 13643.3 13643.3 13643.3 13643.3 13643.3 13643.3 13643.3 13643.3 13643.3 13643.3 13643.3 13643.3 13643.3 13643.3 13643.3 13643.3 13643.3 13643.3 13643.3 13643.3 13643.3 13643.3 13643.3 13643.3 13643.3 13643.3 13643.3 13643.3 13643.3 13643.3 0 0 0 0 0 0 0 0 0 0 0 0 0 0 0 0 0 0 0 0 0 0 0 0 0
#obs catch bio
 5706.28 5896.38 6993.43 10410.3 14039.7 17236.8 19233 25855.4 28195.4 39793.3 49958.4 62784.8 76618 93260.2 97235.1 93549.3 86285.4 85257 81134.6 78335.6 82605.7 86495 93923.9 106746 106016 114986 125683 95020.3 114995
#pred cpue bio
 8054.89 7447.7 8704.59 12426.7 15688 17803.1 20326.7 24912.4 27257.6 34274.6 41936 50024 57278.7 71568.6 77799.7 71586.8 63723.9 60343.5 56075.2 54920.6 54534.4 57629 62177.3 65903.5 67826.1 75061 77779.6 63163.3 68859.9 1.92216e+06 3.254e+06 4.55344e+06 4.31896e+06 3.69228e+06 3.07561e+06 2.57273e+06 2.1972e+06 1.93074e+06 1.74737e+06 1.62332e+06 1.53997e+06 1.48394e+06 1.44599e+06 1.41967e+06 1.40078e+06 1.38769e+06 1.37842e+06 1.37171e+06 1.36677e+06 1.36307e+06 1.36026e+06 1.3581e+06 1.35642e+06 1.35512e+06 1.35409e+06 1.35329e+06 1.35265e+06 1.35214e+06 1.35174e+06 1.35142e+06 1.35116e+06 1.35096e+06 1.35079e+06 1.35067e+06 1.35056e+06 1.35048e+06 1.35041e+06 1.35036e+06 1.35032e+06 1.35029e+06 1.35026e+06 1.35024e+06 1.35022e+06 1.35021e+06 1.3502e+06 1.35019e+06 1.35018e+06 1.35017e+06 1.35017e+06 1.35017e+06 1.35016e+06 1.35016e+06 1.35016e+06 1.35016e+06 1.35016e+06 1.35016e+06 1.35016e+06 1.35015e+06 1.35015e+06 1.35015e+06 1.35015e+06 1.35015e+06 1.35015e+06 1.35015e+06 1.35015e+06 1.35015e+06 1.35015e+06 1.35015e+06 1.35015e+06 1.35015e+06 1.35015e+06 1.35015e+06 1.35015e+06 1.35015e+06 1.35015e+06 1.35015e+06 1.35015e+06 1.35015e+06 1.35015e+06 1.35015e+06 1.35015e+06 1.35015e+06 1.35015e+06 1.35015e+06 1.35015e+06 1.35015e+06 1.35015e+06 1.35015e+06 1.35015e+06 1.35015e+06 1.35015e+06 1.35015e+06 1.35015e+06 1.35015e+06 1.35015e+06 1.35015e+06 1.35015e+06 1.35015e+06 1.35015e+06 0 0 0 0 0 0 0 0 0 0 0 0 0 0 0 0 0 0 0 0 0 0 0 0 0
#obs cpue bio
 9025.91 8276.54 11872.4 15919.1 17422.4 19167.1 31714.1 32299.6 46217.2 58420.8 50832.2 90826.3 64759.5 104242 102271 116400 101552 80548.3 78394.6 102975 100593 124393 116967 133066 155469 138666 151962 139416 140528
#pred surv len freq
 2.5618e-27 2.58472e-27 2.99982e-26 5.78846e-20 1.41897e-14 4.20466e-10 1.50604e-06 0.000652058 0.0341264 0.215893 0.16549 0.0401576 0.189393 0.17509 0.042994 0.0544076 0.0230958 0.0173746 0.0105477 0.00793232 0.00616851 0.00529697 0.00528413 0.00467068 0.00142427
 2.56384e-27 2.59045e-27 3.51715e-26 6.87985e-20 1.68651e-14 4.99743e-10 1.79e-06 0.000775 0.0405607 0.256598 0.196535 0.0377806 0.149497 0.13897 0.0494964 0.0780988 0.0266977 0.0113929 0.00506781 0.00285754 0.0018036 0.00132297 0.00116779 0.00103174 0.000344699
 2.56632e-27 2.5969e-27 4.05655e-26 8.01763e-20 1.96543e-14 5.82391e-10 2.08603e-06 0.00090317 0.0472687 0.299035 0.228958 0.0390442 0.136332 0.126153 0.0351014 0.0486053 0.0194563 0.0124552 0.00406672 0.00130313 0.000545949 0.000303414 0.000220974 0.000183209 6.3363e-05
 2.56431e-27 2.59132e-27 3.55102e-26 6.95113e-20 1.70399e-14 5.04922e-10 1.80854e-06 0.000783031 0.040981 0.259257 0.198624 0.0414836 0.176208 0.162821 0.0392947 0.0488077 0.0175148 0.008766 0.00357011 0.00136684 0.000319451 0.000100415 5.13546e-05 3.65344e-05 1.25028e-05
 2.56413e-27 2.591e-27 3.54001e-26 6.92797e-20 1.69831e-14 5.03239e-10 1.80252e-06 0.000780421 0.0408444 0.258393 0.19794 0.0399722 0.165188 0.153059 0.0449686 0.0641722 0.0216516 0.00866665 0.00295564 0.00102155 0.00030078 5.97894e-05 1.47396e-05 7.45684e-06 2.38928e-06
 2.56503e-27 2.59335e-27 3.73787e-26 7.34534e-20 1.80062e-14 5.33556e-10 1.91111e-06 0.000827437 0.0433051 0.27396 0.209831 0.0402581 0.159009 0.147121 0.0396373 0.0535567 0.0191855 0.00935761 0.00291661 0.000788476 0.000193682 4.21809e-05 6.24297e-06 1.45145e-06 3.86328e-07
 2.56501e-27 2.59317e-27 3.70878e-26 7.28392e-20 1.78556e-14 5.29095e-10 1.89513e-06 0.000820518 0.042943 0.271669 0.208099 0.0413721 0.168703 0.155874 0.0377159 0.0468965 0.0160232 0.00675197 0.00227479 0.000689159 0.000137949 2.41122e-05 3.34602e-06 3.61451e-07 5.64026e-08
 2.56493e-27 2.59298e-27 3.69706e-26 7.25921e-20 1.77951e-14 5.273e-10 1.8887e-06 0.000817734 0.0427973 0.270748 0.207389 0.040969 0.166135 0.153629 0.0395833 0.0516993 0.0171461 0.00639548 0.00198923 0.000554664 0.000124083 1.94581e-05 2.12536e-06 1.67354e-07 1.14389e-08
 2.56577e-27 2.59516e-27 3.87927e-26 7.64357e-20 1.87373e-14 5.55219e-10 1.9887e-06 0.000861032 0.0450633 0.285083 0.218341 0.0413297 0.161185 0.14886 0.0351076 0.0426759 0.0141629 0.00529815 0.00156061 0.000380001 7.63706e-05 1.23892e-05 1.25595e-06 7.55822e-08 2.87294e-09
 2.56715e-27 2.59885e-27 4.1992e-26 8.31845e-20 2.03917e-14 6.04242e-10 2.16429e-06 0.000937056 0.0490421 0.310254 0.237555 0.0408937 0.144368 0.13324 0.0305147 0.0361015 0.0116886 0.00392445 0.00114631 0.000275216 4.93727e-05 7.04035e-06 7.01513e-07 3.83697e-08 1.02651e-09
 2.56615e-27 2.59596e-27 3.92832e-26 7.74695e-20 1.89907e-14 5.62729e-10 2.0156e-06 0.000872678 0.0456728 0.288939 0.221312 0.0429837 0.171684 0.158167 0.0298514 0.0282831 0.00884975 0.00251684 0.000688146 0.000148324 2.59985e-05 3.39372e-06 2.94563e-07 1.53049e-08 3.5632e-10
 2.56649e-27 2.59695e-27 4.02302e-26 7.94676e-20 1.94805e-14 5.77243e-10 2.06759e-06 0.000895186 0.0468508 0.296391 0.226987 0.0420517 0.160604 0.148117 0.0312426 0.0339601 0.0101659 0.00210024 0.000519213 9.5717e-05 1.50126e-05 1.82721e-06 1.45589e-07 6.62337e-09 1.42496e-10
 2.56802e-27 2.60103e-27 4.37493e-26 8.68911e-20 2.13003e-14 6.31166e-10 2.26073e-06 0.00097881 0.0512274 0.324079 0.248124 0.0417488 0.143449 0.132101 0.0250517 0.0238805 0.00724049 0.00166838 0.000388214 5.2718e-05 6.9447e-06 7.25429e-07 5.22723e-08 2.15703e-09 4.09353e-11
 2.56628e-27 2.5962e-27 3.93941e-26 7.77031e-20 1.9048e-14 5.64426e-10 2.02168e-06 0.000875309 0.0458105 0.28981 0.221989 0.0437615 0.177127 0.16302 0.027645 0.0219984 0.00646676 0.00118161 0.000268879 3.89876e-05 4.31787e-06 3.40267e-07 2.03222e-08 7.40605e-10 1.26036e-11
 2.56448e-27 2.59144e-27 3.5307e-26 6.90816e-20 1.69345e-14 5.018e-10 1.79736e-06 0.000778189 0.0407276 0.257655 0.197438 0.0439073 0.195486 0.180233 0.0356151 0.0358248 0.0103849 0.00157672 0.000327863 3.91904e-05 4.30882e-06 3.18991e-07 1.4273e-08 4.12651e-10 6.0881e-12
 2.56519e-27 2.5935e-27 3.72347e-26 7.31485e-20 1.79315e-14 5.31342e-10 1.90318e-06 0.000824003 0.0431253 0.272823 0.208997 0.0424283 0.17611 0.162553 0.0361066 0.0414187 0.0124196 0.00257301 0.00055745 5.61731e-05 5.26011e-06 3.4342e-07 1.45867e-08 3.27276e-10 3.72948e-12
 2.56618e-27 2.59606e-27 3.93828e-26 7.76796e-20 1.90422e-14 5.64255e-10 2.02107e-06 0.000875045 0.0457967 0.289723 0.221908 0.0428414 0.170182 0.156822 0.0303607 0.029767 0.00904613 0.00211343 0.000492242 6.40478e-05 5.97061e-06 3.20783e-07 1.15644e-08 2.36545e-10 2.15539e-12
 2.56613e-27 2.59584e-27 3.9108e-26 7.70997e-20 1.89001e-14 5.60042e-10 2.00598e-06 0.000868512 0.0454548 0.28756 0.220268 0.0435544 0.176761 0.162754 0.0289098 0.0249463 0.0073095 0.00127751 0.000287786 4.16721e-05 4.52237e-06 2.85654e-07 9.02359e-09 1.52569e-10 1.222e-12
 2.56683e-27 2.59771e-27 4.07461e-26 8.05552e-20 1.97471e-14 5.85143e-10 2.09588e-06 0.000907438 0.047492 0.300448 0.230103 0.0432152 0.167269 0.153964 0.0267824 0.0223009 0.00640744 0.000903831 0.000181703 2.03195e-05 2.18497e-06 1.58791e-07 5.97324e-09 9.72853e-11 6.46188e-13
 2.56624e-27 2.59608e-27 3.92626e-26 7.74257e-20 1.898e-14 5.62411e-10 2.01446e-06 0.000872184 0.045647 0.288776 0.221203 0.0439577 0.179173 0.164878 0.0274435 0.02106 0.00601674 0.000802284 0.000153554 1.39884e-05 1.21892e-06 7.49867e-08 3.09485e-09 5.93445e-11 4.03307e-13
 2.56771e-27 2.60012e-27 4.28841e-26 8.50656e-20 2.08528e-14 6.17906e-10 2.21324e-06 0.000958247 0.0501512 0.31727 0.242937 0.0424871 0.152711 0.140552 0.0248096 0.0211756 0.00603387 0.000757108 0.000141062 1.21975e-05 9.51056e-07 4.5741e-08 1.52854e-09 2.97726e-11 2.33298e-13
 2.56768e-27 2.59996e-27 4.26587e-26 8.45899e-20 2.07362e-14 6.14451e-10 2.20086e-06 0.000952888 0.0498707 0.315496 0.241595 0.0433039 0.15987 0.146974 0.0226095 0.0145484 0.00413359 0.000535573 9.99803e-05 8.08156e-06 5.98304e-07 2.62226e-08 7.07184e-10 1.08312e-11 8.11692e-14
 2.56742e-27 2.59925e-27 4.20363e-26 8.32769e-20 2.04143e-14 6.04913e-10 2.1667e-06 0.000938097 0.0490966 0.310599 0.237858 0.0434464 0.16358 0.150412 0.0234923 0.0156897 0.00438161 0.000426476 7.10427e-05 5.87937e-06 4.29461e-07 1.75127e-08 4.3413e-10 5.50785e-12 3.23346e-14
 2.56815e-27 2.60125e-27 4.38156e-26 8.70304e-20 2.13345e-14 6.32178e-10 2.26436e-06 0.00098038 0.0513095 0.324598 0.248538 0.0428178 0.151293 0.139095 0.0218737 0.0148488 0.0041544 0.000415261 6.80484e-05 4.39521e-06 2.82065e-07 1.15719e-08 2.72982e-10 3.16567e-12 1.57386e-14
 2.5682e-27 2.60131e-27 4.38174e-26 8.70341e-20 2.13354e-14 6.32205e-10 2.26445e-06 0.000980421 0.0513117 0.324612 0.248556 0.043302 0.154965 0.142365 0.0202932 0.0104256 0.00288266 0.000260373 4.04963e-05 2.61155e-06 1.53831e-07 4.94332e-09 1.08929e-10 1.2254e-12 5.60223e-15
 2.56764e-27 2.59981e-27 4.25012e-26 8.42575e-20 2.06547e-14 6.12036e-10 2.19221e-06 0.000949143 0.0496747 0.314256 0.240653 0.043563 0.162504 0.149358 0.0221835 0.012971 0.00357125 0.000274031 3.80851e-05 2.26984e-06 1.26625e-07 3.92394e-09 7.22261e-11 6.91382e-13 3.02722e-15
 2.56661e-27 2.59703e-27 4.00558e-26 7.90987e-20 1.93901e-14 5.74563e-10 2.05799e-06 0.000891031 0.0466333 0.295016 0.225971 0.044168 0.177424 0.163159 0.0252399 0.0164636 0.00457069 0.000399555 5.98107e-05 3.12469e-06 1.51572e-07 4.30063e-09 7.52933e-11 6.36629e-13 2.31953e-15
 2.56763e-27 2.5998e-27 4.24869e-26 8.42273e-20 2.06473e-14 6.11816e-10 2.19142e-06 0.000948803 0.0496569 0.314143 0.240567 0.0435946 0.162805 0.149628 0.0220974 0.012708 0.00351051 0.000293102 4.29869e-05 2.44915e-06 1.24002e-07 3.01032e-09 4.63167e-11 3.61872e-13 1.19716e-15
 2.56705e-27 2.59825e-27 4.11543e-26 8.14162e-20 1.99582e-14 5.91397e-10 2.11829e-06 0.000917137 0.0479996 0.303659 0.232563 0.0436529 0.168873 0.155313 0.0246567 0.0171084 0.00476109 0.000426121 6.50929e-05 3.66932e-06 1.88424e-07 4.99851e-09 7.37053e-11 4.9158e-13 1.4635e-15
#obs surv len freq
 1.08612e-41 1.50747e-33 2.52909e-26 5.12895e-20 1.2573e-14 3.72561e-10 1.33445e-06 0.000577772 0.0302383 0.191297 0.146782 0.040163 0.173181 0.146547 0.103792 0.10169 0.0440568 0.0172576 0.0038999 0.000491353 2.53888e-05 3.89123e-07 1.32765e-09 8.20905e-13 8.05804e-17
 1.60331e-41 2.22529e-33 3.73339e-26 7.57124e-20 1.856e-14 5.49967e-10 1.96989e-06 0.000852895 0.0446371 0.282388 0.216355 0.0406976 0.126813 0.102336 0.0759702 0.068667 0.0287505 0.0102393 0.00206112 0.000221812 9.32912e-06 1.10477e-07 2.79982e-10 1.256e-13 8.82894e-18
 1.53552e-41 2.1312e-33 3.57552e-26 7.25109e-20 1.77752e-14 5.26711e-10 1.88659e-06 0.00081683 0.0427496 0.270448 0.207467 0.0500783 0.177166 0.129112 0.0564349 0.0424469 0.016849 0.00538951 0.000952152 8.56386e-05 2.8767e-06 2.61013e-08 4.90362e-11 1.59495e-14 8.02356e-19
 1.07723e-41 1.49512e-33 2.50837e-26 5.08693e-20 1.247e-14 3.69509e-10 1.32352e-06 0.000573039 0.0299906 0.189731 0.146062 0.0564051 0.229733 0.162806 0.0982421 0.0660225 0.0159563 0.00384785 0.000585212 4.33268e-05 1.14069e-06 7.81726e-09 1.08197e-11 2.54881e-15 9.1806e-20
 1.505e-41 2.08884e-33 3.50446e-26 7.10699e-20 1.74219e-14 5.16244e-10 1.8491e-06 0.000800597 0.0419001 0.265073 0.203397 0.0472752 0.142343 0.104161 0.103564 0.0687586 0.0188773 0.00350689 0.00032317 1.79574e-05 3.63737e-07 1.85576e-09 1.8721e-12 3.17609e-16 8.17644e-21
 1.20082e-41 1.66666e-33 2.79616e-26 5.67056e-20 1.39007e-14 4.11904e-10 1.47537e-06 0.000638785 0.0334315 0.211501 0.163046 0.0650263 0.231388 0.144091 0.07837 0.0495993 0.0189132 0.00369374 0.000289989 9.84733e-06 1.31899e-07 4.85454e-10 3.52903e-13 4.2759e-17 7.82253e-22
 1.38168e-41 1.91767e-33 3.2173e-26 6.52461e-20 1.59943e-14 4.73941e-10 1.69758e-06 0.000734993 0.0384666 0.243354 0.18725 0.0580774 0.175449 0.116561 0.108873 0.0562145 0.0124246 0.00237681 0.000210679 6.01088e-06 5.08126e-08 1.16091e-10 5.72802e-14 4.87292e-18 6.28582e-23
 1.19385e-41 1.65698e-33 2.77993e-26 5.63765e-20 1.382e-14 4.09512e-10 1.46681e-06 0.000635077 0.0332374 0.210275 0.162555 0.0722907 0.227406 0.133458 0.0938986 0.0493999 0.0146737 0.0020342 0.000130926 3.6344e-06 2.58263e-08 3.92317e-11 1.18961e-14 6.50264e-19 5.67365e-24
 1.51199e-41 2.09854e-33 3.52074e-26 7.14e-20 1.75029e-14 5.18642e-10 1.85769e-06 0.000804316 0.0420947 0.266309 0.20516 0.0643646 0.166858 0.104098 0.0967134 0.0424637 0.00966489 0.00138703 8.0176e-05 1.56789e-06 9.14265e-09 1.13951e-11 2.47104e-15 8.70751e-20 4.79003e-25
 1.51999e-41 2.10964e-33 3.53936e-26 7.17776e-20 1.75954e-14 5.21385e-10 1.86751e-06 0.00080857 0.0423173 0.26772 0.206856 0.0778958 0.198175 0.103569 0.066191 0.0285174 0.00710707 0.000801337 3.87309e-05 6.51423e-07 2.76211e-09 2.53854e-12 4.27489e-16 1.1334e-20 4.37546e-26
 1.09407e-41 1.5185e-33 2.54759e-26 5.16646e-20 1.2665e-14 3.75286e-10 1.34421e-06 0.000581999 0.0304595 0.192711 0.150645 0.0969461 0.257519 0.136241 0.096138 0.0324136 0.00571611 0.000601611 2.49851e-05 3.25269e-07 1.09168e-09 7.4326e-13 8.87906e-17 1.70747e-21 4.89119e-27
 1.66539e-41 2.31146e-33 3.87795e-26 7.8644e-20 1.92787e-14 5.71262e-10 2.04617e-06 0.000885919 0.0463655 0.293332 0.226483 0.0712529 0.144725 0.093991 0.0894557 0.0285492 0.00460456 0.000341651 1.06232e-05 1.12299e-07 2.85409e-10 1.44925e-13 1.27787e-17 1.75855e-22 3.54571e-28
 1.33741e-41 1.85624e-33 3.11423e-26 6.31559e-20 1.54819e-14 4.58758e-10 1.6432e-06 0.000711447 0.0372343 0.23558 0.184569 0.110652 0.243162 0.106637 0.0571701 0.0201085 0.00390746 0.000260079 5.99826e-06 4.3739e-08 8.21596e-11 3.09973e-14 1.98744e-18 1.97855e-23 2.87362e-29
 1.11678e-41 1.55001e-33 2.60046e-26 5.27369e-20 1.29278e-14 3.83075e-10 1.37211e-06 0.000594078 0.0310917 0.196726 0.155478 0.111734 0.234904 0.137989 0.104204 0.024099 0.00296797 0.000205499 4.59544e-06 2.56206e-08 3.28065e-11 8.53233e-15 3.90706e-19 2.79807e-24 2.90694e-30
 8.79239e-42 1.22033e-33 2.04735e-26 4.15198e-20 1.01781e-14 3.01596e-10 1.08027e-06 0.000467718 0.0244786 0.154902 0.124845 0.123959 0.250183 0.15928 0.123269 0.0338972 0.00451523 0.000197851 3.34217e-06 1.6781e-08 1.72068e-11 3.15983e-15 9.77364e-20 4.77671e-25 3.46213e-31
 1.41347e-41 1.96181e-33 3.29134e-26 6.67478e-20 1.63624e-14 4.84849e-10 1.73665e-06 0.000751909 0.039352 0.248988 0.195183 0.0945409 0.159794 0.126717 0.10182 0.0286192 0.0040424 0.000188001 2.49814e-06 8.51766e-09 6.7725e-12 9.9626e-16 2.31323e-20 7.95732e-26 3.93293e-32
 9.75736e-42 1.35426e-33 2.27205e-26 4.60766e-20 1.12951e-14 3.34696e-10 1.19883e-06 0.00051905 0.0271651 0.17194 0.141765 0.162275 0.27301 0.126101 0.0719182 0.0220153 0.0031445 0.000144979 1.88089e-06 5.40448e-09 3.03553e-12 3.11064e-16 5.35042e-21 1.3958e-26 5.13046e-33
 1.435e-41 1.99169e-33 3.34147e-26 6.77644e-20 1.66116e-14 4.92233e-10 1.7631e-06 0.000763361 0.0399514 0.252806 0.200097 0.107851 0.161285 0.13611 0.084139 0.0152683 0.00165198 7.45232e-05 9.09385e-07 2.37037e-09 1.12874e-12 8.81043e-17 1.06421e-21 1.92068e-27 5.0077e-34
 1.00387e-41 1.3933e-33 2.33755e-26 4.7405e-20 1.16208e-14 3.44345e-10 1.23339e-06 0.000534014 0.0279484 0.176954 0.149588 0.183864 0.261543 0.120863 0.0616946 0.0155334 0.00143451 4.14784e-05 4.08651e-07 9.33089e-10 3.80079e-13 2.45796e-17 2.35452e-22 3.19277e-28 5.96139e-35
 1.28552e-41 1.78422e-33 2.9934e-26 6.07055e-20 1.48812e-14 4.40958e-10 1.57944e-06 0.000683843 0.0357898 0.226536 0.18387 0.132256 0.181383 0.152833 0.0743328 0.0113412 0.000946228 2.68423e-05 1.87464e-07 3.01647e-10 9.65198e-14 5.05563e-18 3.88638e-23 4.15975e-29 6.01109e-36
 1.41302e-41 1.96117e-33 3.29028e-26 6.67261e-20 1.63571e-14 4.84692e-10 1.73609e-06 0.000751666 0.0393394 0.249051 0.204826 0.159309 0.187351 0.101391 0.047647 0.00967447 0.00064512 1.29882e-05 7.68773e-08 9.53313e-11 2.11139e-14 7.83025e-19 4.49418e-24 3.68868e-30 4.10552e-37
 1.12964e-41 1.56786e-33 2.63041e-26 5.33442e-20 1.30767e-14 3.87487e-10 1.38791e-06 0.000600919 0.0314502 0.199244 0.17283 0.196795 0.225394 0.122502 0.0444093 0.00634792 0.000417206 7.89265e-06 3.41709e-08 3.14136e-11 5.33038e-15 1.43957e-19 5.75052e-25 3.28368e-31 2.60468e-38
 1.37702e-41 1.91121e-33 3.20645e-26 6.50262e-20 1.59404e-14 4.72344e-10 1.69186e-06 0.000732516 0.0383375 0.242802 0.203289 0.160268 0.178972 0.126251 0.043819 0.00527771 0.000246697 3.67199e-06 1.38165e-08 9.92512e-12 1.20975e-15 2.36109e-20 6.91745e-26 2.86202e-32 1.60636e-39
 1.3551e-41 1.88079e-33 3.15542e-26 6.39912e-20 1.56867e-14 4.64825e-10 1.66493e-06 0.000720857 0.0377276 0.239086 0.207094 0.194303 0.188285 0.0966221 0.0318788 0.00411312 0.000165 1.78013e-06 4.79144e-09 2.6652e-12 2.54903e-16 3.71496e-21 7.79413e-27 2.28733e-33 9.17317e-41
 1.19007e-41 1.65174e-33 2.77114e-26 5.61983e-20 1.37763e-14 4.08218e-10 1.46217e-06 0.00063307 0.0331336 0.210175 0.190662 0.213728 0.20649 0.112722 0.0294776 0.00287221 0.000104798 9.98529e-07 2.02391e-09 7.85664e-13 5.33843e-17 5.75187e-22 9.05268e-28 1.96799e-34 5.71717e-42
 1.06416e-41 1.47698e-33 2.47795e-26 5.02523e-20 1.23188e-14 3.65027e-10 1.30747e-06 0.000566089 0.0296287 0.188156 0.178256 0.221445 0.217381 0.129415 0.0322975 0.00277794 7.56185e-05 5.59481e-07 9.34019e-10 2.82744e-13 1.38518e-17 1.03751e-22 1.1392e-28 1.76261e-35 3.71015e-43
 1.04147e-41 1.44549e-33 2.42511e-26 4.91807e-20 1.20561e-14 3.57243e-10 1.27959e-06 0.000554018 0.0289975 0.184314 0.178461 0.220549 0.217449 0.133926 0.0329173 0.00276507 6.53184e-05 3.71715e-07 4.53579e-10 1.03569e-13 3.89324e-18 2.18604e-23 1.73408e-29 1.88573e-36 2.75818e-44
 1.26582e-41 1.75688e-33 2.94753e-26 5.97753e-20 1.46532e-14 4.34202e-10 1.55524e-06 0.000673366 0.0352434 0.223725 0.204179 0.199429 0.192548 0.114053 0.0277684 0.00232475 5.38399e-05 2.84695e-07 2.96299e-10 5.43175e-14 1.62027e-18 7.35015e-24 4.79089e-30 4.29144e-37 5.11979e-45
 1.26585e-41 1.75692e-33 2.94759e-26 5.97766e-20 1.46535e-14 4.34211e-10 1.55527e-06 0.00067338 0.0352442 0.22373 0.204183 0.199439 0.19272 0.114415 0.027379 0.00216831 4.64834e-05 2.23033e-07 2.07554e-10 3.36227e-14 8.78603e-19 3.47243e-24 1.96621e-30 1.52791e-37 1.57988e-45
#pred catch len freq
 2.55603e-27 2.56943e-27 1.69041e-26 3.02632e-20 7.41865e-15 2.19828e-10 7.87387e-07 0.000340908 0.0178419 0.112874 0.0868308 0.0404441 0.246837 0.228584 0.0610853 0.0824192 0.0349407 0.0261812 0.0158082 0.0118373 0.00918275 0.00787706 0.00785521 0.0069428 0.00211711
 2.55732e-27 2.57333e-27 2.05866e-26 3.80324e-20 9.32319e-15 2.76263e-10 9.89527e-07 0.000428427 0.0224223 0.141851 0.108908 0.0373573 0.20784 0.19379 0.0768989 0.126917 0.0433606 0.0184323 0.00816091 0.00457867 0.00288231 0.0021118 0.00186337 0.00164616 0.000549967
 2.55972e-27 2.57942e-27 2.55376e-26 4.84754e-20 1.18831e-14 3.52119e-10 1.26123e-06 0.000546065 0.0285791 0.1808 0.13869 0.0399669 0.206774 0.19182 0.0586707 0.0860633 0.0344152 0.0219575 0.00714781 0.00227666 0.000950895 0.000527736 0.000384174 0.000318489 0.000110148
 2.55825e-27 2.57516e-27 2.15078e-26 3.99732e-20 9.79895e-15 2.9036e-10 1.04002e-06 0.00045029 0.0235666 0.149089 0.114529 0.0432162 0.248477 0.230001 0.0600317 0.0792993 0.028428 0.0141544 0.00573947 0.00218729 0.000509847 0.000159957 8.17557e-05 5.81553e-05 1.99016e-05
 2.55817e-27 2.57522e-27 2.18082e-26 4.06078e-20 9.95451e-15 2.9497e-10 1.05653e-06 0.000457438 0.0239407 0.151456 0.1163 0.0409437 0.22994 0.213485 0.0678415 0.101206 0.0340992 0.0135509 0.0046027 0.00158161 0.00046444 9.21944e-05 2.27083e-05 1.14859e-05 3.68019e-06
 2.55927e-27 2.57804e-27 2.41376e-26 4.55213e-20 1.1159e-14 3.30661e-10 1.18437e-06 0.000512788 0.0268375 0.169782 0.130305 0.0416977 0.225838 0.209313 0.0600801 0.0846311 0.0302424 0.014622 0.00454143 0.00122008 0.000298808 6.49726e-05 9.60982e-06 2.23348e-06 5.94458e-07
 2.55923e-27 2.57772e-27 2.36613e-26 4.45157e-20 1.09125e-14 3.23356e-10 1.15821e-06 0.00050146 0.0262446 0.166031 0.127467 0.0433489 0.240397 0.222467 0.0573543 0.0749896 0.0255792 0.010691 0.00358735 0.00108076 0.000215763 3.76446e-05 5.21999e-06 5.6372e-07 8.79582e-08
 2.55951e-27 2.57851e-27 2.4402e-26 4.60784e-20 1.12956e-14 3.34708e-10 1.19887e-06 0.000519063 0.0271659 0.17186 0.131908 0.0427581 0.232781 0.215565 0.0584274 0.0791324 0.0261854 0.00965834 0.00299154 0.000828904 0.000184909 2.89514e-05 3.15967e-06 2.48719e-07 1.69985e-08
 2.56029e-27 2.58047e-27 2.59822e-26 4.94114e-20 1.21126e-14 3.58918e-10 1.28558e-06 0.000556609 0.0291309 0.184291 0.141413 0.0435433 0.232079 0.214637 0.0531955 0.0674137 0.0223264 0.00826309 0.00242482 0.000586656 0.000117558 1.9038e-05 1.92855e-06 1.16021e-07 4.40951e-09
 2.56226e-27 2.58569e-27 3.04804e-26 5.89004e-20 1.44387e-14 4.27845e-10 1.53247e-06 0.0006635 0.0347252 0.219682 0.168432 0.0432235 0.210662 0.194666 0.045924 0.0558056 0.0180195 0.00596286 0.00173395 0.000413536 7.39729e-05 1.05286e-05 1.04823e-06 5.7316e-08 1.5332e-09
 2.56131e-27 2.58287e-27 2.77466e-26 5.31323e-20 1.30247e-14 3.85947e-10 1.3824e-06 0.000598525 0.0313246 0.198169 0.152049 0.0460034 0.243327 0.224379 0.0433887 0.0424968 0.0132704 0.00371959 0.00101246 0.000216732 3.78757e-05 4.93517e-06 4.27988e-07 2.22297e-08 5.17479e-10
 2.56195e-27 2.58469e-27 2.94544e-26 5.67354e-20 1.3908e-14 4.12119e-10 1.47614e-06 0.000639113 0.0334489 0.211607 0.162289 0.0446444 0.225791 0.208428 0.0447732 0.049631 0.0148316 0.00301427 0.000741199 0.000135658 2.121e-05 2.57645e-06 2.05112e-07 9.3279e-09 2.00655e-10
 2.5638e-27 2.58959e-27 3.36533e-26 6.55929e-20 1.60793e-14 4.76459e-10 1.70659e-06 0.00073889 0.0386708 0.244643 0.187512 0.0445199 0.207122 0.190921 0.0366174 0.0354495 0.0107251 0.00242837 0.000562505 7.58249e-05 9.95293e-06 1.03746e-06 7.46873e-08 3.08081e-09 5.84583e-11
 2.56186e-27 2.5842e-27 2.87697e-26 5.52901e-20 1.35537e-14 4.0162e-10 1.43854e-06 0.000622831 0.0325967 0.206217 0.15821 0.0469725 0.246373 0.226919 0.0389584 0.031708 0.00930859 0.00167308 0.000378672 5.45146e-05 6.01914e-06 4.73211e-07 2.82325e-08 1.02844e-09 1.74994e-11
 2.56002e-27 2.5794e-27 2.46954e-26 4.66957e-20 1.14469e-14 3.39192e-10 1.21493e-06 0.000526017 0.0275298 0.174162 0.133728 0.0466523 0.261137 0.24093 0.048449 0.0498023 0.0144216 0.00215573 0.000445725 5.28988e-05 5.79553e-06 4.28128e-07 1.91362e-08 5.52965e-10 8.15677e-12
 2.56093e-27 2.582e-27 2.71396e-26 5.18524e-20 1.2711e-14 3.76649e-10 1.34909e-06 0.000584106 0.03057 0.193395 0.148384 0.044765 0.236478 0.21843 0.0490898 0.0569575 0.0170447 0.0034691 0.00074823 7.48683e-05 6.98417e-06 4.54878e-07 1.93002e-08 4.32817e-10 4.93107e-12
 2.56219e-27 2.58525e-27 2.98363e-26 5.75407e-20 1.41054e-14 4.17969e-10 1.49709e-06 0.000648184 0.0339236 0.214611 0.164595 0.0454581 0.230363 0.212417 0.0413103 0.0407427 0.0123502 0.00283093 0.000656235 8.4764e-05 7.87837e-06 4.22247e-07 1.52041e-08 3.10824e-10 2.8316e-12
 2.56236e-27 2.58559e-27 3.00336e-26 5.79565e-20 1.42073e-14 4.20989e-10 1.50791e-06 0.000652868 0.0341687 0.216161 0.165793 0.04629 0.235852 0.217285 0.038609 0.033333 0.00974812 0.0016709 0.000374019 5.37545e-05 5.81574e-06 3.66555e-07 1.15674e-08 1.95461e-10 1.56515e-12
 2.56313e-27 2.58765e-27 3.18301e-26 6.17461e-20 1.51363e-14 4.48516e-10 1.60651e-06 0.000695558 0.036403 0.230296 0.17658 0.0459637 0.22579 0.207955 0.0361533 0.0300724 0.00862732 0.0011942 0.000238387 2.64594e-05 2.83436e-06 2.05536e-07 7.72425e-09 1.25743e-10 8.34995e-13
 2.56242e-27 2.58569e-27 3.00499e-26 5.79906e-20 1.42157e-14 4.21237e-10 1.5088e-06 0.000653252 0.0341889 0.216289 0.165899 0.0468798 0.240266 0.221223 0.0368674 0.0283599 0.00809165 0.0010595 0.000201379 1.82154e-05 1.58079e-06 9.70047e-08 3.99917e-09 7.66499e-11 5.20808e-13
 2.56427e-27 2.59076e-27 3.45899e-26 6.75683e-20 1.65636e-14 4.90808e-10 1.75799e-06 0.000761143 0.0398355 0.252011 0.193147 0.0450447 0.207157 0.190784 0.0335398 0.0284317 0.00808981 0.000995955 0.000184137 1.58098e-05 1.22773e-06 5.88967e-08 1.96567e-09 3.82653e-11 2.99784e-13
 2.56425e-27 2.5906e-27 3.43324e-26 6.70246e-20 1.64303e-14 4.86858e-10 1.74385e-06 0.000755018 0.0395149 0.249983 0.191615 0.0461261 0.216462 0.199124 0.0305402 0.0195007 0.0055321 0.000703158 0.000130298 1.04597e-05 7.71102e-07 3.37109e-08 9.07998e-10 1.38978e-11 1.04122e-13
 2.564e-27 2.58991e-27 3.37337e-26 6.57616e-20 1.61207e-14 4.77684e-10 1.71098e-06 0.00074079 0.0387703 0.245272 0.18802 0.0462409 0.219862 0.202283 0.0314847 0.0208515 0.00581672 0.000556409 9.17873e-05 7.5428e-06 5.4874e-07 2.23203e-08 5.52606e-10 7.00641e-12 4.11198e-14
 2.56523e-27 2.59327e-27 3.67153e-26 7.20516e-20 1.76626e-14 5.23374e-10 1.87464e-06 0.000811646 0.0424786 0.268732 0.205918 0.0452326 0.199614 0.183623 0.0286262 0.0190331 0.00531736 0.00052164 8.4648e-05 5.4324e-06 3.4684e-07 1.41925e-08 3.34392e-10 3.87524e-12 1.92606e-14
 2.56504e-27 2.59267e-27 3.61129e-26 7.07805e-20 1.7351e-14 5.14141e-10 1.84157e-06 0.000797328 0.0417293 0.263991 0.202311 0.0460547 0.208404 0.191578 0.0271875 0.0137543 0.00379822 0.000337203 5.19e-05 3.32573e-06 1.94957e-07 6.24852e-09 1.37486e-10 1.54563e-12 7.06414e-15
 2.5643e-27 2.5907e-27 3.4391e-26 6.71481e-20 1.64605e-14 4.87755e-10 1.74706e-06 0.000756409 0.0395877 0.250443 0.191971 0.0463867 0.218195 0.200662 0.0296917 0.0171716 0.00472357 0.000356952 4.90211e-05 2.90381e-06 1.61161e-07 4.98134e-09 9.15599e-11 8.75779e-13 3.83334e-15
 2.56376e-27 2.58924e-27 3.31216e-26 6.44704e-20 1.58041e-14 4.68305e-10 1.67739e-06 0.000726245 0.0380091 0.240456 0.184348 0.0465703 0.224948 0.206942 0.0316957 0.0201587 0.00558879 0.000479912 7.10433e-05 3.69099e-06 1.78004e-07 5.03714e-09 8.80563e-11 7.43991e-13 2.70973e-15
 2.56415e-27 2.59027e-27 3.40037e-26 6.63311e-20 1.62603e-14 4.81821e-10 1.7258e-06 0.000747207 0.0391061 0.247396 0.189647 0.0465448 0.221031 0.203268 0.0299583 0.0171248 0.00472655 0.000388465 5.63682e-05 3.19294e-06 1.60837e-07 3.89493e-09 5.98281e-11 4.67067e-13 1.54462e-15
 2.56454e-27 2.5914e-27 3.5058e-26 6.85553e-20 1.68055e-14 4.97977e-10 1.78367e-06 0.000772262 0.0404174 0.255692 0.195969 0.0457612 0.210626 0.193781 0.0303447 0.0203913 0.00566587 0.000497721 7.51753e-05 4.2125e-06 2.15147e-07 5.69293e-09 8.38221e-11 5.586e-13 1.66235e-15
#obs catch len freq
 5.01913e-42 6.96622e-34 1.16873e-26 2.37016e-20 5.81017e-15 1.72166e-10 6.1667e-07 0.000266997 0.0139735 0.0884019 0.0682281 0.0399396 0.218909 0.186793 0.143458 0.143013 0.0641898 0.0259129 0.00607688 0.000792943 4.27007e-05 6.83688e-07 2.42632e-09 1.55145e-12 1.56801e-16
 5.74027e-42 7.96712e-34 1.33665e-26 2.7107e-20 6.64496e-15 1.96902e-10 7.05272e-07 0.000305358 0.0159812 0.101104 0.0780375 0.0436781 0.223112 0.181524 0.143042 0.130976 0.0565167 0.0208069 0.00439962 0.000495408 2.17064e-05 2.67375e-07 7.03257e-10 3.25948e-13 2.35581e-17
 1.08622e-41 1.50761e-33 2.52932e-26 5.12941e-20 1.25742e-14 3.72595e-10 1.33458e-06 0.000577825 0.0302411 0.191315 0.146969 0.0451936 0.18131 0.140536 0.113384 0.0951797 0.0394693 0.0131274 0.00245398 0.000233954 8.26182e-06 7.8001e-08 1.51612e-10 5.08327e-14 2.62657e-18
 1.11414e-41 1.54636e-33 2.59433e-26 5.26126e-20 1.28974e-14 3.82172e-10 1.36888e-06 0.000592677 0.0310184 0.196234 0.151071 0.0585313 0.238545 0.164674 0.0767281 0.0540777 0.0211417 0.00627966 0.00102174 8.06829e-05 2.25565e-06 1.6201e-08 2.32333e-11 5.63232e-15 2.07953e-19
 7.8771e-42 1.09329e-33 1.83422e-26 3.71976e-20 9.11856e-15 2.702e-10 9.67811e-07 0.000419029 0.0219303 0.138741 0.10743 0.0647103 0.273173 0.184222 0.116719 0.0714487 0.0168178 0.00382161 0.000531331 3.4215e-05 7.43446e-07 4.00833e-09 4.21734e-12 7.38566e-16 1.94957e-20
 1.26164e-41 1.75107e-33 2.93779e-26 5.95777e-20 1.46048e-14 4.32766e-10 1.5501e-06 0.000671139 0.0351248 0.222212 0.170902 0.0529799 0.17268 0.122188 0.124596 0.0751086 0.0198895 0.00334719 0.000284375 1.37747e-05 2.28569e-07 9.12372e-10 6.97206e-13 8.77355e-17 1.65292e-21
 1.0432e-41 1.4479e-33 2.42915e-26 4.92626e-20 1.20762e-14 3.57839e-10 1.28172e-06 0.00055494 0.0290434 0.183742 0.142224 0.0736809 0.259756 0.153227 0.085584 0.0504194 0.0183414 0.00319597 0.000223245 6.55468e-06 7.24187e-08 2.08012e-10 1.14208e-13 1.02446e-17 1.36988e-22
 1.28132e-41 1.77839e-33 2.98361e-26 6.05071e-20 1.48326e-14 4.39517e-10 1.57428e-06 0.000681609 0.0356727 0.225681 0.174065 0.064526 0.192772 0.12379 0.115456 0.0537038 0.0114793 0.00201199 0.000155018 3.70955e-06 2.55655e-08 4.58009e-11 1.70847e-14 1.0748e-18 1.01237e-23
 1.14809e-41 1.59347e-33 2.67338e-26 5.42155e-20 1.32903e-14 3.93816e-10 1.41058e-06 0.000610734 0.0319634 0.202218 0.156813 0.0798556 0.239436 0.134356 0.0944996 0.0458261 0.0127563 0.00157197 9.0397e-05 2.08799e-06 1.18224e-08 1.3945e-11 3.20205e-15 1.29653e-19 8.25763e-25
 1.51286e-41 2.09975e-33 3.52277e-26 7.1441e-20 1.75129e-14 5.1894e-10 1.85876e-06 0.000804778 0.0421189 0.266464 0.205598 0.0695666 0.17121 0.103778 0.0938821 0.0374095 0.00807909 0.00103537 5.15344e-05 8.42232e-07 3.9173e-09 3.74885e-12 6.11766e-16 1.59773e-20 6.42817e-26
 1.54974e-41 2.15094e-33 3.60864e-26 7.31825e-20 1.79398e-14 5.3159e-10 1.90407e-06 0.000824396 0.0431456 0.272963 0.211252 0.0832148 0.197321 0.0986181 0.0618593 0.0245567 0.00565574 0.000563773 2.36277e-05 3.26011e-07 1.09479e-09 7.73116e-13 9.7598e-17 1.91171e-21 5.40128e-27
 1.15122e-41 1.59781e-33 2.68066e-26 5.43633e-20 1.33265e-14 3.94889e-10 1.41443e-06 0.000612399 0.0320505 0.20278 0.158907 0.103688 0.253358 0.129283 0.0877186 0.026756 0.00441864 0.000411339 1.45236e-05 1.54814e-07 4.08683e-10 2.12404e-13 1.89919e-17 2.69346e-22 5.6336e-28
 1.72695e-41 2.3969e-33 4.02129e-26 8.1551e-20 1.99913e-14 5.92378e-10 2.1218e-06 0.000918667 0.0480794 0.304178 0.235113 0.0748144 0.140268 0.0900402 0.0798676 0.0230846 0.00340752 0.00022146 5.90047e-06 5.05946e-08 1.00544e-10 3.88557e-14 2.55602e-18 2.58999e-23 3.80981e-29
 1.39884e-41 1.9415e-33 3.25727e-26 6.60567e-20 1.6193e-14 4.79829e-10 1.71867e-06 0.000744125 0.0389445 0.246406 0.193544 0.116671 0.234708 0.0985628 0.0508474 0.0165411 0.00286221 0.000164023 3.18933e-06 1.88826e-08 2.76943e-11 7.92011e-15 3.77982e-19 2.76604e-24 2.92748e-30
 1.18796e-41 1.64881e-33 2.76622e-26 5.60983e-20 1.37518e-14 4.07492e-10 1.45957e-06 0.000631944 0.0330735 0.209272 0.165895 0.118444 0.228098 0.131939 0.0913577 0.0189976 0.00215836 0.000129082 2.37536e-06 1.05938e-08 1.05569e-11 2.08142e-15 7.08419e-20 3.72362e-25 2.8162e-31
 9.47983e-42 1.31574e-33 2.20742e-26 4.47661e-20 1.09739e-14 3.25176e-10 1.16473e-06 0.000504287 0.0263924 0.167022 0.135216 0.13232 0.244809 0.154233 0.10888 0.0273117 0.00318897 0.000119996 1.69793e-06 6.75157e-09 5.32381e-12 7.37984e-16 1.69593e-20 6.08093e-26 3.20499e-32
 1.50072e-41 2.0829e-33 3.49449e-26 7.08676e-20 1.73724e-14 5.14775e-10 1.84384e-06 0.000798319 0.0417809 0.264363 0.20763 0.0986826 0.153221 0.120765 0.0873718 0.0224985 0.00277761 0.000108928 1.18172e-06 3.20582e-09 1.96087e-12 2.16459e-16 3.72138e-21 9.38892e-27 3.37674e-33
 1.05196e-41 1.46005e-33 2.44953e-26 4.9676e-20 1.21775e-14 3.60841e-10 1.29248e-06 0.000559597 0.0292872 0.185388 0.153635 0.170305 0.261239 0.11761 0.0622748 0.0174578 0.00215758 8.36069e-05 8.74522e-07 1.96542e-09 8.44743e-13 6.49845e-17 8.25795e-22 1.57567e-27 4.21073e-34
 1.52891e-41 2.12202e-33 3.56014e-26 7.21988e-20 1.76987e-14 5.24445e-10 1.87848e-06 0.000813315 0.0425658 0.269361 0.213643 0.111345 0.15344 0.12702 0.069237 0.0114331 0.00109895 4.14067e-05 4.03948e-07 8.16494e-10 2.94772e-13 1.71802e-17 1.53164e-22 2.02053e-28 3.8216e-35
 1.0868e-41 1.50841e-33 2.53067e-26 5.13216e-20 1.25809e-14 3.72794e-10 1.33529e-06 0.000578134 0.0302575 0.1916 0.16282 0.190842 0.247688 0.111341 0.0521693 0.0117565 0.000921932 2.25061e-05 1.78319e-07 3.13714e-10 9.62708e-14 4.62382e-18 3.25727e-23 3.22516e-29 4.37207e-36
 1.38361e-41 1.92036e-33 3.2218e-26 6.53374e-20 1.60167e-14 4.74604e-10 1.69995e-06 0.000736022 0.0385207 0.243841 0.198463 0.136054 0.172979 0.140538 0.0599741 0.0082789 0.00059842 1.39001e-05 7.72307e-08 9.61711e-11 2.31393e-14 8.96258e-19 5.04756e-24 3.93345e-30 4.1196e-37
 1.50854e-41 2.09375e-33 3.51271e-26 7.1237e-20 1.74629e-14 5.17458e-10 1.85345e-06 0.00080248 0.041999 0.265917 0.219328 0.161352 0.17374 0.0909381 0.0386307 0.00689748 0.000386896 6.45636e-06 3.01978e-08 2.86551e-11 4.76633e-15 1.30646e-19 5.47811e-25 3.26288e-31 2.62496e-38
 1.22301e-41 1.69745e-33 2.84783e-26 5.77534e-20 1.41576e-14 4.19515e-10 1.50263e-06 0.000650589 0.0340499 0.215759 0.187928 0.200537 0.211336 0.109695 0.0352791 0.00450962 0.000250433 3.82474e-06 1.30106e-08 9.15152e-12 1.16078e-15 2.31152e-20 6.74541e-26 2.79262e-32 1.59706e-39
 1.47821e-41 2.05165e-33 3.44207e-26 6.98046e-20 1.71118e-14 5.07053e-10 1.81618e-06 0.000786344 0.0411548 0.260686 0.218808 0.16166 0.167772 0.111403 0.0339894 0.00359514 0.000141537 1.71232e-06 5.01392e-09 2.73271e-12 2.48561e-16 3.57094e-21 7.62671e-27 2.28663e-33 9.26141e-41
 1.45326e-41 2.01703e-33 3.38398e-26 6.86265e-20 1.6823e-14 4.98495e-10 1.78553e-06 0.000773073 0.0404607 0.256466 0.222756 0.194345 0.173501 0.0841608 0.0246935 0.00275047 9.13346e-05 7.94565e-07 1.66647e-09 7.01622e-13 4.98397e-17 5.33575e-22 8.15829e-28 1.7335e-34 5.00882e-42
 1.28771e-41 1.78726e-33 2.9985e-26 6.08089e-20 1.49066e-14 4.4171e-10 1.58213e-06 0.000685009 0.0358524 0.2275 0.206972 0.214639 0.192406 0.0975788 0.0224066 0.00190022 5.72746e-05 4.33596e-07 6.7921e-10 1.99271e-13 1.00454e-17 7.92857e-23 9.07102e-29 1.4267e-35 2.98809e-43
 1.16039e-41 1.61054e-33 2.70202e-26 5.47964e-20 1.34327e-14 3.98035e-10 1.4257e-06 0.000617278 0.0323083 0.205272 0.194999 0.223451 0.204996 0.112055 0.0244604 0.00179912 4.02761e-05 2.36943e-07 3.03736e-10 6.90908e-14 2.50708e-18 1.37532e-23 1.09649e-29 1.22452e-36 1.85341e-44
 1.13862e-41 1.58032e-33 2.65132e-26 5.37683e-20 1.31807e-14 3.90567e-10 1.39895e-06 0.000605697 0.0317021 0.201396 0.190329 0.215599 0.209584 0.121056 0.0275975 0.00208541 4.3209e-05 2.10512e-07 2.15335e-10 4.05856e-14 1.24776e-18 5.69891e-24 3.66103e-30 3.21109e-37 3.77495e-45
 1.37532e-41 1.90885e-33 3.20249e-26 6.49458e-20 1.59207e-14 4.71759e-10 1.68977e-06 0.000731611 0.0382916 0.242972 0.217292 0.191501 0.179429 0.103429 0.0244016 0.0019103 4.06554e-05 1.94071e-07 1.79959e-10 2.90762e-14 7.58309e-19 2.99268e-24 1.69277e-30 1.31442e-37 1.35833e-45
#spawning biomass
 12786.3 12869.1 17183.8 23627.2 28945.4 34245.2 40010.9 48550.9 55773.4 75042.3 91126.4 108654 135949 159908 158224 146290 138464 133024 127987 123091 129474 139639 148546 163018 170735 182688 179415 153816 161324 141337 215872 233309 210589 177343 146319 121645 103672 91291.7 83084.8 77790.1 74441.6 72355 71068.8 70278.7 69792.6 69504.2 69333 69231.5 69171.2 69135.5 69114.3 69101.7 69094.2 69089.8 69087.2 69085.6 69084.7 69084.1 69083.8 69083.6 69083.5 69083.4 69083.4 69083.4 69083.3 69083.3 69083.3 69083.3 69083.3 69083.3 69083.3 69083.3 69083.3 69083.3 69083.3 69083.3 69083.3 69083.3 69083.3 69083.3 69083.3 69083.3 69083.3 69083.3 69083.3 69083.3 69083.3 69083.3 69083.3 69083.3 69083.3 69083.3 69083.3 69083.3 69083.3 69083.3 69083.3 69083.3 69083.3 69083.3 69083.3 69083.3 69083.3 69083.3 69083.3 69083.3 69083.3 69083.3 69083.3 69083.3 69083.3 69083.3 69083.3 69083.3 69083.3 69083.3 69083.3 69083.3 69083.3 69083.3 69083.3 69083.3 69083.3 69083.3 69083.3 69083.3 69083.3 69083.3 69083.3 0 0 0 0 0 0 0 0 0 0 0 0 0 0 0 0 0 0 0 0 0 0 0 0 0
