SBPRF35
0.224663
Curr Bio
38519.4
B35
178509
F35
0.33961
FOFL
0.205613
OFL
35168.3
Bzero
64189.3
#pred survey bio
 7172.3 6925.83 7782.79 7183.86 9274.95 12502.3 14466.3 17115.2 29591.8 47474.6 66619.1 85867.7 112370 131950 137406 118185 114559 113703 114671 112812 115894 125493 131384 150944 166732 168932 156220 142291 118919 8.14046e+06 4.73373e+06 3.58604e+06 2.52394e+06 1.79317e+06 1.34789e+06 1.09283e+06 951235 873594 830982 807348 794010 786316 781768 779012 777304 776231 775544 775099 774807 774613 774485 774399 774341 774302 774276 774259 774247 774239 774233 774230 774227 774225 774224 774224 774223 774223 774222 774222 774222 774222 774222 774222 774222 774222 774222 774222 774222 774222 774222 774222 774222 774222 774222 774222 774222 774222 774222 774222 774222 774222 774222 774222 774222 774222 774222 774222 774222 774222 774222 774222 774222 774222 774222 774222 774222 774222 774222 774222 774222 774222 774222 774222 774222 774222 774222 774222 774222 774222 774222 774222 774222 774222 774222 774222 774222 774222 774222 774222 774222 0 0 0 0 0 0 0 0 0 0 0 0 0 0 0 0 0 0 0 0 0 0 0 0 0
#obs survey bio
 6685.67 9024.9 7863.37 6279.11 12882.1 20558.2 26063.6 28234.7 42651.9 73793.2 95414.5 131711 119751 129086 119622 121192 110620 159942 132209 130320 144389 76447.1 139700 156186 235758 166889 131077 144776 171562
#pred catch bio
 4816.55 4800.76 5899.13 5254.05 6516.77 8848.7 10697.8 11300.6 19390.9 32086.8 47584.7 61668.6 83015.6 95457.5 105656 89030.9 86341 84077.9 84268.5 81427 82091.4 92471.3 92698.8 106644 118597 122221 111484 104033 1.28346 35168.3 53782 39482.3 26979.2 18663.2 13765.8 11076.4 9662.27 8939.4 8576.73 8397.05 8308.79 8265.69 8244.73 8234.56 8229.64 8227.26 8226.12 8225.57 8225.31 8225.18 8225.12 8225.09 8225.07 8225.07 8225.06 8225.06 8225.06 8225.06 8225.06 8225.06 8225.06 8225.06 8225.06 8225.06 8225.06 8225.06 8225.06 8225.06 8225.06 8225.06 8225.06 8225.06 8225.06 8225.06 8225.06 8225.06 8225.06 8225.06 8225.06 8225.06 8225.06 8225.06 8225.06 8225.06 8225.06 8225.06 8225.06 8225.06 8225.06 8225.06 8225.06 8225.06 8225.06 8225.06 8225.06 8225.06 8225.06 8225.06 8225.06 8225.06 8225.06 8225.06 8225.06 8225.06 8225.06 8225.06 8225.06 8225.06 8225.06 8225.06 8225.06 8225.06 8225.06 8225.06 8225.06 8225.06 8225.06 8225.06 8225.06 8225.06 8225.06 8225.06 8225.06 8225.06 8225.06 8225.06 8225.06 8225.06 8225.06 0 0 0 0 0 0 0 0 0 0 0 0 0 0 0 0 0 0 0 0 0 0 0 0 0
#obs catch bio
 5309.14 4818.53 5837.59 5224.2 6275.64 8537.09 10448 10930.8 18349 30774.9 46337.8 59718.6 82109.5 92920.3 107165 89920.8 87139.4 83029.8 82367.2 79598.4 79461.9 92637.6 92492.6 105789 115372 121565 113172 110094 1.17583
#pred cpue bio
 6788.59 6306.54 7133.17 6574.92 8336.1 11341.9 13227.1 15456.8 26547 42937.2 60469.2 77710 101601 119767 126238 108362 104536 103770 104922 103444 106134 114860 119753 137853 152619 155439 144078 131607 110130 7.88024e+06 4.7549e+06 3.57633e+06 2.50727e+06 1.77574e+06 1.33039e+06 1.07532e+06 933729 856087 813475 789842 776504 768810 764262 761505 759798 758724 758038 757592 757300 757107 756978 756892 756835 756796 756770 756752 756740 756732 756727 756723 756721 756719 756718 756717 756716 756716 756716 756716 756716 756716 756715 756715 756715 756715 756715 756715 756715 756715 756715 756715 756715 756715 756715 756715 756715 756715 756715 756715 756715 756715 756715 756715 756715 756715 756715 756715 756715 756715 756715 756715 756715 756715 756715 756715 756715 756715 756715 756715 756715 756715 756715 756715 756715 756715 756715 756715 756715 756715 756715 756715 756715 756715 756715 756715 756715 756715 756715 756715 756715 0 0 0 0 0 0 0 0 0 0 0 0 0 0 0 0 0 0 0 0 0 0 0 0 0
#obs cpue bio
 6223.15 4726.12 9255.53 7809.61 13865.8 11574.8 9864.46 17241.8 54897.6 44676.9 56343.4 87463.5 98344.1 210380 91218.7 92912.2 93109.9 103744 137759 127947 150881 145642 118513 159557 193464 145177 119780 127644 137534
#pred surv len freq
 2.146e-27 2.17349e-27 6.61729e-27 1.52055e-21 9.04332e-17 1.23651e-12 3.887e-09 2.80914e-06 0.000466735 0.017829 0.156575 0.316128 0.147142 0.0264116 0.0660517 0.0927126 0.0378039 0.0306327 0.0273133 0.018554 0.0156991 0.0136654 0.0141963 0.0132436 0.00557252
 2.14881e-27 2.1817e-27 7.55222e-27 1.83781e-21 1.09302e-16 1.49451e-12 4.69801e-09 3.39526e-06 0.000564118 0.0215489 0.189244 0.382086 0.177687 0.0277769 0.0545127 0.0760984 0.0278525 0.0136414 0.0107989 0.00579249 0.00403748 0.00287717 0.00248819 0.00211233 0.000878681
 2.14771e-27 2.17919e-27 7.29201e-27 1.74954e-21 1.04052e-16 1.42272e-12 4.47235e-09 3.23218e-06 0.000537022 0.0205139 0.180154 0.363735 0.169275 0.0297158 0.071881 0.100486 0.0353231 0.0127383 0.00889408 0.00327604 0.00158071 0.000827268 0.000533017 0.000377317 0.000148745
 2.14781e-27 2.17948e-27 7.32715e-27 1.76148e-21 1.04762e-16 1.43243e-12 4.50288e-09 3.25424e-06 0.000540687 0.0206539 0.181384 0.366217 0.170411 0.0294116 0.069276 0.0968675 0.0347968 0.0149255 0.010601 0.00322945 0.00109762 0.000354516 0.000137238 6.88209e-05 2.38966e-05
 2.14951e-27 2.18368e-27 7.77304e-27 1.91274e-21 1.13758e-16 1.55543e-12 4.88953e-09 3.53368e-06 0.000587115 0.0224274 0.196959 0.397662 0.184894 0.0279355 0.0507874 0.0707944 0.0254203 0.0108794 0.00781398 0.00260885 0.000934588 0.000229755 4.80051e-05 1.23548e-05 3.16677e-06
 2.14863e-27 2.18149e-27 7.53641e-27 1.83245e-21 1.08983e-16 1.49014e-12 4.68428e-09 3.38534e-06 0.00056247 0.021486 0.188691 0.38097 0.177221 0.0291164 0.0630278 0.0879852 0.0306369 0.0101054 0.00681581 0.00227689 0.0008374 0.00021908 3.93423e-05 5.06755e-06 6.47861e-07
 2.14788e-27 2.17965e-27 7.34416e-27 1.76724e-21 1.05105e-16 1.43712e-12 4.5176e-09 3.26488e-06 0.000542455 0.0207214 0.181977 0.367414 0.17097 0.029533 0.0696564 0.0973773 0.0346247 0.0137323 0.00954476 0.00277751 0.000858562 0.000221972 4.0994e-05 4.55053e-06 3.00152e-07
 2.14908e-27 2.18262e-27 7.6598e-27 1.87432e-21 1.11473e-16 1.5242e-12 4.79133e-09 3.46271e-06 0.000575324 0.021977 0.193003 0.389676 0.181217 0.0283346 0.0556311 0.0776227 0.0278462 0.0118317 0.00843864 0.00269301 0.000905973 0.000206843 3.35698e-05 3.63304e-06 2.04281e-07
 2.14966e-27 2.18402e-27 7.80609e-27 1.92394e-21 1.14424e-16 1.56454e-12 4.91816e-09 3.55437e-06 0.000590553 0.0225587 0.198112 0.399991 0.185973 0.0280183 0.0505914 0.0704852 0.0248638 0.00924047 0.0064286 0.00214129 0.00077459 0.000192491 3.15397e-05 3.04311e-06 1.56345e-07
 2.14892e-27 2.18219e-27 7.61102e-27 1.85776e-21 1.10488e-16 1.51072e-12 4.74898e-09 3.4321e-06 0.000570239 0.0217827 0.191297 0.386232 0.179643 0.0288264 0.0596715 0.0832633 0.0290967 0.00992922 0.00669746 0.00207324 0.000697308 0.000180753 3.21746e-05 3.24795e-06 1.58463e-07
 2.14859e-27 2.18141e-27 7.52979e-27 1.83021e-21 1.0885e-16 1.48832e-12 4.67857e-09 3.38121e-06 0.000561784 0.0214598 0.188461 0.380505 0.176999 0.0289341 0.062055 0.0866549 0.0307321 0.0119365 0.0082737 0.00244723 0.000758929 0.000182266 3.14044e-05 3.34705e-06 1.72594e-07
 2.14888e-27 2.1821e-27 7.60394e-27 1.85537e-21 1.10346e-16 1.50878e-12 4.74288e-09 3.42769e-06 0.000569506 0.0217547 0.191051 0.385735 0.179407 0.0286574 0.058789 0.0820521 0.0291133 0.0113564 0.00794032 0.00250757 0.000836781 0.000192379 3.03191e-05 3.05227e-06 1.59146e-07
 2.14896e-27 2.18229e-27 7.62297e-27 1.86182e-21 1.10729e-16 1.51403e-12 4.75936e-09 3.43961e-06 0.000571486 0.0218304 0.191715 0.387076 0.180027 0.0286695 0.0584588 0.0815731 0.0287582 0.0106297 0.00733985 0.00232553 0.000792558 0.000193807 3.15703e-05 2.99789e-06 1.4602e-07
 2.14859e-27 2.18139e-27 7.52632e-27 1.82903e-21 1.08779e-16 1.48736e-12 4.67555e-09 3.37903e-06 0.000561421 0.0214459 0.188339 0.38026 0.17689 0.0290532 0.0628557 0.0877632 0.0308436 0.0110876 0.0075765 0.0023302 0.000766413 0.000188506 3.19209e-05 3.16592e-06 1.52194e-07
 2.14738e-27 2.17843e-27 7.21476e-27 1.72334e-21 1.02494e-16 1.40142e-12 4.40539e-09 3.18379e-06 0.000528981 0.0202067 0.177457 0.358289 0.166768 0.0299906 0.0752006 0.105188 0.0373264 0.014568 0.0101376 0.00307427 0.000984463 0.000234521 3.88678e-05 3.93161e-06 1.96006e-07
 2.14761e-27 2.17902e-27 7.28003e-27 1.7455e-21 1.03812e-16 1.41944e-12 4.46203e-09 3.22472e-06 0.000535783 0.0204665 0.179738 0.362895 0.168879 0.0295012 0.0708243 0.0990626 0.0357438 0.0158338 0.0113744 0.0035976 0.00120939 0.00028498 4.57328e-05 4.50253e-06 2.24527e-07
 2.1481e-27 2.18022e-27 7.40635e-27 1.78835e-21 1.0636e-16 1.45429e-12 4.57157e-09 3.30388e-06 0.000548935 0.020969 0.18415 0.371803 0.172984 0.0291301 0.0658741 0.0920693 0.0330548 0.0141327 0.0101717 0.00345966 0.00127542 0.000316217 5.2308e-05 5.06517e-06 2.45753e-07
 2.14808e-27 2.18014e-27 7.39681e-27 1.78511e-21 1.06167e-16 1.45165e-12 4.56327e-09 3.29789e-06 0.000547939 0.0209309 0.183816 0.371129 0.172678 0.0293009 0.0671202 0.0938032 0.0333624 0.0132719 0.00938092 0.00313049 0.00115475 0.000308469 5.56812e-05 5.64969e-06 2.76113e-07
 2.14782e-27 2.17951e-27 7.33063e-27 1.76266e-21 1.04832e-16 1.43339e-12 4.50589e-09 3.25642e-06 0.000541049 0.0206677 0.181505 0.366462 0.170527 0.0294804 0.0696225 0.0973408 0.0347585 0.0142602 0.0100978 0.00323697 0.00113532 0.000298976 5.58115e-05 6.13036e-06 3.19354e-07
 2.1476e-27 2.17899e-27 7.27654e-27 1.74431e-21 1.03741e-16 1.41847e-12 4.45899e-09 3.22253e-06 0.000535418 0.0204526 0.179616 0.362648 0.168767 0.029571 0.0713253 0.0997564 0.035818 0.0153194 0.0109664 0.00357411 0.00126323 0.00031963 5.73668e-05 6.36976e-06 3.50758e-07
 2.14774e-27 2.17934e-27 7.31484e-27 1.75731e-21 1.04514e-16 1.42905e-12 4.49222e-09 3.24654e-06 0.000539408 0.020605 0.180954 0.365351 0.170009 0.0293523 0.0691757 0.0967394 0.0349266 0.0155442 0.0112503 0.00375825 0.00137064 0.000351917 6.24155e-05 6.68459e-06 3.64851e-07
 2.1478e-27 2.17949e-27 7.32955e-27 1.7623e-21 1.04811e-16 1.4331e-12 4.50498e-09 3.25576e-06 0.00054094 0.0206635 0.181468 0.366388 0.170487 0.0293234 0.0686861 0.0960439 0.0346035 0.0151781 0.0109874 0.00376005 0.00141634 0.00037448 6.82662e-05 7.3225e-06 3.90866e-07
 2.14821e-27 2.18049e-27 7.43483e-27 1.79801e-21 1.06935e-16 1.46214e-12 4.59626e-09 3.32173e-06 0.0005519 0.0210822 0.185145 0.373812 0.173909 0.0290566 0.0648198 0.0905788 0.0324688 0.0137217 0.00984577 0.00333839 0.0012545 0.000340446 6.43552e-05 7.1128e-06 3.84331e-07
 2.14801e-27 2.17999e-27 7.38127e-27 1.77984e-21 1.05854e-16 1.44736e-12 4.5498e-09 3.28815e-06 0.000546322 0.0208691 0.183274 0.370033 0.172171 0.0292901 0.0673846 0.094187 0.033648 0.013858 0.00986415 0.00327675 0.00120188 0.000323562 6.18268e-05 7.05431e-06 3.93451e-07
 2.14778e-27 2.17944e-27 7.32351e-27 1.76025e-21 1.04689e-16 1.43143e-12 4.49973e-09 3.25196e-06 0.000540309 0.0206394 0.181257 0.365961 0.170293 0.0294184 0.0693953 0.097034 0.0348296 0.0148626 0.0106388 0.00348163 0.00124857 0.000328348 6.15114e-05 7.0327e-06 4.00994e-07
 2.14724e-27 2.17812e-27 7.1845e-27 1.7131e-21 1.01885e-16 1.39309e-12 4.37919e-09 3.16486e-06 0.000525836 0.0200866 0.176401 0.356158 0.165776 0.0298096 0.0747378 0.104578 0.0376688 0.0164899 0.0118946 0.00397001 0.00144848 0.000375181 6.84354e-05 7.65023e-06 4.334e-07
 2.147e-27 2.17753e-27 7.12447e-27 1.69274e-21 1.00674e-16 1.37654e-12 4.32716e-09 3.12725e-06 0.000519588 0.0198479 0.174305 0.351927 0.163821 0.0298452 0.0762303 0.106709 0.0387892 0.0180879 0.0132306 0.00448264 0.00167028 0.000441037 8.08493e-05 8.85648e-06 4.90144e-07
 2.14669e-27 2.17678e-27 7.04667e-27 1.66636e-21 9.91047e-17 1.35508e-12 4.25971e-09 3.07851e-06 0.000511489 0.0195385 0.171588 0.346441 0.16129 0.0299787 0.0786987 0.110207 0.0402691 0.0194314 0.0143732 0.00505965 0.00196749 0.000530909 9.95835e-05 1.10375e-05 6.05578e-07
 2.14655e-27 2.17645e-27 7.01206e-27 1.65462e-21 9.84068e-17 1.34554e-12 4.22971e-09 3.05683e-06 0.000507887 0.0194009 0.17038 0.344002 0.160164 0.0300234 0.079707 0.111638 0.0409009 0.020076 0.0149353 0.00536959 0.00215417 0.00060608 0.00011843 1.34708e-05 7.50759e-07
#obs surv len freq
 1.2365e-39 6.05183e-33 6.80962e-27 1.76158e-21 1.04768e-16 1.43251e-12 4.50312e-09 3.25441e-06 0.000540725 0.020655 0.181392 0.366236 0.170415 0.0292491 0.0682789 0.095481 0.0345505 0.0156278 0.0114178 0.00401096 0.00158002 0.000453702 9.5326e-05 1.24116e-05 8.24878e-07
 1.31743e-39 6.44789e-33 7.25527e-27 1.87687e-21 1.11624e-16 1.52626e-12 4.79782e-09 3.46739e-06 0.000576112 0.0220068 0.193263 0.390203 0.181456 0.0282123 0.0547262 0.076358 0.0275367 0.0121616 0.00883065 0.00306527 0.00118849 0.000334777 6.81773e-05 8.57099e-06 5.52734e-07
 1.15627e-39 5.65915e-33 6.36776e-27 1.64728e-21 9.797e-17 1.33956e-12 4.21092e-09 3.04324e-06 0.000505639 0.0193148 0.169622 0.342473 0.15949 0.0308824 0.0854118 0.119552 0.0419887 0.0150178 0.0103804 0.00354762 0.0013508 0.00037458 7.46385e-05 9.11178e-06 5.67949e-07
 1.34405e-39 6.57819e-33 7.40189e-27 1.9148e-21 1.1388e-16 1.55711e-12 4.89478e-09 3.53747e-06 0.000587755 0.0224515 0.197169 0.398088 0.185076 0.0275408 0.0482507 0.0672874 0.0251193 0.0137533 0.0102009 0.00310723 0.00102781 0.000275507 5.37187e-05 6.41191e-06 3.88792e-07
 1.39416e-39 6.82347e-33 7.67788e-27 1.98619e-21 1.18126e-16 1.61517e-12 5.07729e-09 3.66937e-06 0.00060967 0.0232886 0.204521 0.412931 0.191938 0.0275141 0.0436134 0.0606236 0.0210259 0.00667404 0.00454804 0.00176689 0.00072896 0.000178779 3.10268e-05 3.55102e-06 2.10091e-07
 1.27e-39 6.21577e-33 6.99409e-27 1.8093e-21 1.07606e-16 1.47132e-12 4.6251e-09 3.34257e-06 0.000555373 0.0212145 0.186306 0.376157 0.175014 0.0295832 0.0673283 0.0940128 0.0323057 0.00925274 0.00586507 0.00168017 0.000531687 0.000156387 3.0561e-05 3.2246e-06 1.76842e-07
 1.27895e-39 6.25958e-33 7.04338e-27 1.82206e-21 1.08365e-16 1.48169e-12 4.6577e-09 3.36613e-06 0.000559288 0.0213641 0.187619 0.378808 0.176214 0.0289141 0.0624449 0.0872269 0.0312433 0.0131092 0.00916064 0.0024921 0.000665079 0.000146802 2.54928e-05 3.00373e-06 1.66757e-07
 1.41874e-39 6.94377e-33 7.81324e-27 2.02121e-21 1.20209e-16 1.64364e-12 5.1668e-09 3.73406e-06 0.000620419 0.0236992 0.208126 0.420211 0.195283 0.0269727 0.0381147 0.05291 0.0188153 0.00747736 0.00527992 0.00174248 0.000599022 0.000125976 1.72395e-05 1.64953e-06 9.05905e-08
 1.41458e-39 6.92337e-33 7.79028e-27 2.01527e-21 1.19856e-16 1.63881e-12 5.15162e-09 3.72309e-06 0.000618596 0.0236296 0.207515 0.418977 0.194728 0.0273966 0.0410748 0.0570209 0.0194308 0.00503431 0.00311786 0.000999066 0.00035018 8.86578e-05 1.42002e-05 1.21181e-06 5.3798e-08
 1.34579e-39 6.58671e-33 7.41147e-27 1.91728e-21 1.14028e-16 1.55912e-12 4.90111e-09 3.54204e-06 0.000588516 0.0224805 0.197424 0.398604 0.18535 0.0284697 0.0537653 0.0749001 0.0256307 0.00698632 0.00431126 0.00112091 0.000284321 6.81593e-05 1.1876e-05 1.183e-06 5.35969e-08
 1.31887e-39 6.45498e-33 7.26324e-27 1.87893e-21 1.11747e-16 1.52794e-12 4.80309e-09 3.47121e-06 0.000576746 0.022031 0.193476 0.390632 0.181671 0.0286423 0.0572217 0.0798109 0.0278948 0.00952554 0.00632324 0.00167853 0.000420177 8.10988e-05 1.0974e-05 1.07535e-06 5.40084e-08
 1.35593e-39 6.63635e-33 7.46733e-27 1.93173e-21 1.14887e-16 1.57087e-12 4.93805e-09 3.56874e-06 0.000592951 0.02265 0.198912 0.401608 0.186721 0.0280004 0.0499955 0.0696399 0.0244979 0.00888124 0.00605575 0.00178832 0.000533069 0.000106302 1.30947e-05 1.02153e-06 4.49337e-08
 1.32703e-39 6.4949e-33 7.30817e-27 1.89055e-21 1.12438e-16 1.53739e-12 4.8328e-09 3.49268e-06 0.000580313 0.0221672 0.194672 0.393048 0.182784 0.02855 0.0559302 0.0779812 0.0271141 0.00881114 0.00585434 0.00178525 0.000570437 0.000127937 1.80411e-05 1.39599e-06 5.27734e-08
 1.28629e-39 6.29551e-33 7.08381e-27 1.83251e-21 1.08986e-16 1.49019e-12 4.68443e-09 3.38545e-06 0.000562497 0.0214867 0.188696 0.380982 0.177224 0.0290519 0.0626311 0.0874436 0.0306931 0.0109069 0.00737918 0.00213106 0.000636049 0.000147301 2.28461e-05 1.99842e-06 8.05639e-08
 1.16334e-39 5.69374e-33 6.40669e-27 1.65735e-21 9.85689e-17 1.34775e-12 4.23667e-09 3.06185e-06 0.00050873 0.0194329 0.170659 0.344567 0.160448 0.0306226 0.0831947 0.116464 0.0414068 0.0164123 0.0114571 0.00345997 0.00108409 0.00024044 3.60577e-05 3.3343e-06 1.48745e-07
 1.26806e-39 6.2063e-33 6.98343e-27 1.80655e-21 1.07442e-16 1.46908e-12 4.61805e-09 3.33748e-06 0.000554527 0.0211822 0.186022 0.375583 0.17471 0.0285619 0.0612665 0.0856443 0.0317383 0.0166765 0.0123689 0.00396698 0.00135257 0.000315442 4.8248e-05 4.34129e-06 1.96042e-07
 1.23615e-39 6.05012e-33 6.80769e-27 1.76109e-21 1.04738e-16 1.43211e-12 4.50184e-09 3.25349e-06 0.000540572 0.0206492 0.181341 0.366133 0.170377 0.0295104 0.0699054 0.0977267 0.0347009 0.0136387 0.00978656 0.00371201 0.00152036 0.000385724 6.39911e-05 6.00282e-06 2.71437e-07
 1.2786e-39 6.25784e-33 7.04142e-27 1.82155e-21 1.08334e-16 1.48128e-12 4.6564e-09 3.36519e-06 0.000559131 0.0213581 0.187567 0.378702 0.176159 0.0287509 0.0614807 0.0858866 0.0310121 0.0138098 0.0099413 0.00319015 0.00116217 0.000342932 6.72844e-05 6.95651e-06 3.34314e-07
 1.24649e-39 6.10068e-33 6.86458e-27 1.7758e-21 1.05614e-16 1.44408e-12 4.53946e-09 3.28068e-06 0.00054509 0.0208217 0.182856 0.369192 0.171787 0.0293955 0.0682815 0.0954386 0.0339165 0.0134079 0.00949872 0.00325624 0.00121608 0.000314973 6.08564e-05 7.27786e-06 3.97014e-07
 1.26132e-39 6.17331e-33 6.9463e-27 1.79694e-21 1.06871e-16 1.46127e-12 4.59351e-09 3.31974e-06 0.000551579 0.0210696 0.185033 0.373587 0.173805 0.0290288 0.0647186 0.0904463 0.0325633 0.0142031 0.0101868 0.00327077 0.00115707 0.000310501 5.80696e-05 6.58561e-06 3.84344e-07
 1.27214e-39 6.22624e-33 7.00586e-27 1.81235e-21 1.07787e-16 1.4738e-12 4.63289e-09 3.3482e-06 0.000556308 0.0212503 0.18662 0.37679 0.175282 0.0289311 0.0631565 0.0882315 0.0316024 0.0132774 0.00951707 0.00322612 0.00119031 0.000303794 5.519e-05 6.20597e-06 3.50768e-07
 1.26283e-39 6.18068e-33 6.9546e-27 1.79909e-21 1.06998e-16 1.46301e-12 4.59899e-09 3.3237e-06 0.000552237 0.0210948 0.185254 0.374033 0.174014 0.0291174 0.0651253 0.0909989 0.0324738 0.0132637 0.00942395 0.00312986 0.00114701 0.00030566 5.60921e-05 6.09302e-06 3.37091e-07
 1.26505e-39 6.19153e-33 6.96681e-27 1.80225e-21 1.07186e-16 1.46558e-12 4.60706e-09 3.32953e-06 0.000553207 0.0211318 0.185579 0.37469 0.174315 0.0290341 0.0644186 0.0900124 0.0322599 0.0136114 0.00971867 0.00317597 0.00113674 0.000298251 5.53634e-05 6.1467e-06 3.35961e-07
 1.25455e-39 6.14015e-33 6.909e-27 1.78729e-21 1.06297e-16 1.45342e-12 4.56884e-09 3.30191e-06 0.000548617 0.0209565 0.18404 0.371581 0.172882 0.0291648 0.0661532 0.0924599 0.0331549 0.0140472 0.0100625 0.00334987 0.00121818 0.000314553 5.71259e-05 6.32752e-06 3.50544e-07
 1.26346e-39 6.18375e-33 6.95805e-27 1.79998e-21 1.07052e-16 1.46374e-12 4.60128e-09 3.32535e-06 0.000552512 0.0211052 0.185346 0.374219 0.174096 0.0289964 0.0643301 0.0898966 0.0323381 0.0140236 0.0100964 0.00337072 0.00123565 0.000324383 5.91508e-05 6.44336e-06 3.5341e-07
 1.19449e-39 5.84618e-33 6.57822e-27 1.70172e-21 1.01208e-16 1.38383e-12 4.35009e-09 3.14382e-06 0.00052235 0.0199531 0.175228 0.353791 0.164688 0.0299781 0.07648 0.107023 0.0383915 0.0163126 0.011716 0.00396498 0.00147606 0.000390171 7.20276e-05 7.91845e-06 4.316e-07
 1.19325e-39 5.84012e-33 6.5714e-27 1.69996e-21 1.01103e-16 1.3824e-12 4.34559e-09 3.14056e-06 0.000521809 0.0199324 0.175047 0.353425 0.164504 0.0295715 0.0741084 0.103753 0.0382184 0.0193847 0.0143677 0.00481194 0.0017771 0.000475696 8.91176e-05 9.90837e-06 5.45195e-07
 1.23164e-39 6.02803e-33 6.78283e-27 1.75465e-21 1.04356e-16 1.42688e-12 4.4854e-09 3.24161e-06 0.000538598 0.0205738 0.180679 0.364795 0.169742 0.0290806 0.0676843 0.094678 0.0347362 0.0172071 0.0128879 0.00479968 0.0019582 0.000525716 9.85303e-05 1.11004e-05 6.18743e-07
 1.23164e-39 6.02803e-33 6.78283e-27 1.75465e-21 1.04356e-16 1.42688e-12 4.4854e-09 3.24161e-06 0.000538598 0.0205738 0.180679 0.364795 0.169742 0.0290806 0.0676843 0.094678 0.0347362 0.0172071 0.0128879 0.00479968 0.0019582 0.000525716 9.85303e-05 1.11004e-05 6.18743e-07
#pred catch len freq
 2.14596e-27 2.17341e-27 6.60971e-27 1.51798e-21 9.02804e-17 1.23442e-12 3.88042e-09 2.80439e-06 0.000465946 0.0177988 0.15631 0.315594 0.1469 0.0265412 0.0670038 0.0940452 0.0381587 0.0303912 0.0270307 0.0183086 0.0154715 0.0134617 0.0139831 0.0130444 0.00548872
 2.14879e-27 2.18167e-27 7.54808e-27 1.83641e-21 1.09218e-16 1.49337e-12 4.69441e-09 3.39267e-06 0.000563686 0.0215324 0.189099 0.381794 0.177554 0.0278373 0.0549695 0.0767367 0.0280062 0.0134685 0.0106218 0.00568147 0.00395382 0.00281622 0.00243514 0.00206725 0.000859928
 2.1478e-27 2.17941e-27 7.31472e-27 1.75724e-21 1.0451e-16 1.42899e-12 4.49205e-09 3.24641e-06 0.000539387 0.0206042 0.180947 0.365336 0.170014 0.0296747 0.0711478 0.0994477 0.034885 0.012346 0.00857616 0.00315144 0.0015172 0.000793556 0.000511199 0.000361861 0.000142652
 2.14785e-27 2.17958e-27 7.337e-27 1.76482e-21 1.04961e-16 1.43515e-12 4.51141e-09 3.26041e-06 0.000541712 0.020693 0.181727 0.366911 0.170733 0.0294169 0.0690996 0.0966122 0.0346175 0.0145733 0.0103089 0.00313448 0.00106267 0.000342984 0.000132735 6.65586e-05 2.31109e-05
 2.1495e-27 2.18366e-27 7.77016e-27 1.91176e-21 1.137e-16 1.55464e-12 4.88703e-09 3.53187e-06 0.000586815 0.0224159 0.196858 0.397459 0.184801 0.0279723 0.0510736 0.0711934 0.0255009 0.0107166 0.00766606 0.0025541 0.00091293 0.0002243 4.68488e-05 1.20559e-05 3.09012e-06
 2.14863e-27 2.18147e-27 7.53408e-27 1.83165e-21 1.08935e-16 1.4895e-12 4.68226e-09 3.38388e-06 0.000562227 0.0214767 0.188609 0.380805 0.177146 0.0291497 0.0632806 0.0883373 0.0307048 0.00995006 0.00667538 0.0022252 0.000816541 0.000213498 3.83284e-05 4.93641e-06 6.31074e-07
 2.14793e-27 2.17978e-27 7.35725e-27 1.77168e-21 1.05369e-16 1.44073e-12 4.52895e-09 3.27308e-06 0.000543818 0.0207735 0.182434 0.368337 0.171396 0.0295225 0.0693145 0.0968894 0.0343715 0.0133792 0.00925822 0.00268929 0.00082915 0.000214218 3.95499e-05 4.38979e-06 2.8954e-07
 2.14901e-27 2.18244e-27 7.64044e-27 1.86775e-21 1.11082e-16 1.51885e-12 4.77454e-09 3.45057e-06 0.000573308 0.0219 0.192327 0.38831 0.180589 0.0284271 0.056607 0.078994 0.0282717 0.0118034 0.00838569 0.00267083 0.000896445 0.000204548 3.31857e-05 3.59105e-06 2.01913e-07
 2.14958e-27 2.18383e-27 7.78636e-27 1.91724e-21 1.14026e-16 1.5591e-12 4.90105e-09 3.54201e-06 0.000588499 0.0224803 0.197423 0.398599 0.185334 0.0281085 0.0515613 0.0718486 0.0252945 0.00923982 0.00639931 0.00212708 0.000767735 0.000190679 3.12331e-05 3.0132e-06 1.54802e-07
 2.14886e-27 2.18206e-27 7.59622e-27 1.85273e-21 1.10189e-16 1.50664e-12 4.73615e-09 3.42283e-06 0.000568698 0.0217239 0.19078 0.385188 0.179163 0.0289024 0.0604499 0.0843563 0.0294253 0.0098689 0.00662386 0.00204646 0.000686646 0.000177876 3.1653e-05 3.19498e-06 1.55873e-07
 2.1486e-27 2.18142e-27 7.53077e-27 1.83054e-21 1.08869e-16 1.48859e-12 4.67941e-09 3.38182e-06 0.000561885 0.0214636 0.188495 0.380574 0.177032 0.0289599 0.0621916 0.0868425 0.0307307 0.0117201 0.00808768 0.00238783 0.000738654 0.000177278 3.05349e-05 3.25404e-06 1.67792e-07
 2.14889e-27 2.18213e-27 7.60654e-27 1.85625e-21 1.10398e-16 1.5095e-12 4.74513e-09 3.42932e-06 0.000569776 0.0217651 0.191142 0.385919 0.179492 0.0286768 0.0588522 0.0821365 0.0290785 0.0111369 0.00775204 0.00244323 0.000813394 0.00018689 2.94441e-05 2.96383e-06 1.54529e-07
 2.149e-27 2.1824e-27 7.63368e-27 1.86545e-21 1.10946e-16 1.51698e-12 4.76865e-09 3.44632e-06 0.000572601 0.021873 0.192089 0.387832 0.180376 0.0286592 0.0581683 0.0811591 0.0285518 0.0103596 0.00711894 0.00225098 0.000765332 0.000187036 3.04576e-05 2.89192e-06 1.40853e-07
 2.14861e-27 2.18143e-27 7.5309e-27 1.83058e-21 1.08872e-16 1.48863e-12 4.67951e-09 3.3819e-06 0.000561897 0.0214641 0.188499 0.380582 0.17704 0.0290645 0.0628276 0.087719 0.0307659 0.0108601 0.00738485 0.00226684 0.000743762 0.000182818 3.09479e-05 3.0691e-06 1.47535e-07
 2.1475e-27 2.17871e-27 7.24377e-27 1.73318e-21 1.03079e-16 1.40942e-12 4.43054e-09 3.20196e-06 0.000532001 0.0203221 0.17847 0.360334 0.167711 0.0299289 0.0742075 0.103782 0.0367417 0.0140675 0.00974386 0.00294918 0.00094207 0.000224276 3.71577e-05 3.75822e-06 1.87355e-07
 2.1477e-27 2.17922e-27 7.30115e-27 1.75266e-21 1.04238e-16 1.42526e-12 4.48034e-09 3.23795e-06 0.000537981 0.0205505 0.180476 0.364384 0.169566 0.0294731 0.0702042 0.0981809 0.0353309 0.0153544 0.0109856 0.00346772 0.00116296 0.000273873 4.39359e-05 4.32512e-06 2.15672e-07
 2.14818e-27 2.18041e-27 7.42631e-27 1.79512e-21 1.06763e-16 1.45979e-12 4.58886e-09 3.31638e-06 0.000551012 0.0210483 0.184847 0.37321 0.173633 0.0291018 0.0652771 0.0912212 0.0326664 0.0137026 0.00982055 0.003333 0.001226 0.000303789 5.02365e-05 4.86405e-06 2.35986e-07
 2.14813e-27 2.18027e-27 7.40975e-27 1.78949e-21 1.06428e-16 1.45521e-12 4.57448e-09 3.30599e-06 0.000549285 0.0209823 0.184268 0.37204 0.173099 0.0292916 0.0667886 0.09333 0.0331172 0.01293 0.00909827 0.0030297 0.00111502 0.000297681 5.37181e-05 5.44999e-06 2.66344e-07
 2.14787e-27 2.17962e-27 7.34191e-27 1.76648e-21 1.05059e-16 1.4365e-12 4.51566e-09 3.26348e-06 0.000542222 0.0207125 0.181898 0.367257 0.170895 0.029479 0.0693746 0.0969853 0.0345484 0.0139114 0.00980841 0.00313783 0.00109795 0.000288956 5.39246e-05 5.92254e-06 3.08519e-07
 2.14763e-27 2.17905e-27 7.28197e-27 1.74616e-21 1.03851e-16 1.41997e-12 4.4637e-09 3.22593e-06 0.000535983 0.0204742 0.179805 0.363031 0.168945 0.029592 0.0713379 0.0997676 0.0357327 0.015002 0.0106954 0.00347861 0.00122664 0.000310186 5.56542e-05 6.17897e-06 3.40241e-07
 2.14774e-27 2.17934e-27 7.31408e-27 1.75705e-21 1.04499e-16 1.42883e-12 4.49155e-09 3.24606e-06 0.000539328 0.020602 0.180927 0.365296 0.169985 0.0293942 0.0694475 0.097116 0.034972 0.0152809 0.0110168 0.00367254 0.00133636 0.000342916 6.08003e-05 6.51094e-06 3.55362e-07
 2.14785e-27 2.17961e-27 7.34228e-27 1.76662e-21 1.05068e-16 1.43661e-12 4.51601e-09 3.26373e-06 0.000542264 0.0207141 0.181913 0.367285 0.170902 0.0293216 0.0684048 0.0956405 0.0343685 0.0147937 0.0106657 0.00364206 0.00136885 0.000361714 6.59193e-05 7.07007e-06 3.77379e-07
 2.14821e-27 2.18047e-27 7.43261e-27 1.79726e-21 1.0689e-16 1.46153e-12 4.59433e-09 3.32033e-06 0.000551669 0.0210734 0.185067 0.373654 0.173838 0.0290987 0.0651245 0.0910026 0.0325417 0.0135035 0.00964952 0.00326486 0.00122413 0.00033201 6.2742e-05 6.93386e-06 3.74651e-07
 2.14801e-27 2.17997e-27 7.37926e-27 1.77915e-21 1.05813e-16 1.44681e-12 4.54805e-09 3.28689e-06 0.000546112 0.0208611 0.183203 0.369891 0.172107 0.0293318 0.0676816 0.0945999 0.0337161 0.013635 0.00966464 0.00320374 0.00117243 0.000315446 6.02579e-05 6.87465e-06 3.83419e-07
 2.14779e-27 2.17944e-27 7.32387e-27 1.76037e-21 1.04696e-16 1.43153e-12 4.50003e-09 3.25219e-06 0.000540346 0.0206408 0.181269 0.365986 0.170306 0.0294547 0.0696094 0.0973296 0.0348496 0.0146004 0.0104087 0.00339931 0.00121624 0.000319653 5.98643e-05 6.84371e-06 3.90207e-07
 2.14727e-27 2.17818e-27 7.19121e-27 1.71537e-21 1.0202e-16 1.39494e-12 4.38501e-09 3.16906e-06 0.000526534 0.0201132 0.176635 0.356631 0.165995 0.02983 0.0747197 0.104545 0.0375604 0.0161392 0.011595 0.00386188 0.00140584 0.000363922 6.63612e-05 7.41763e-06 4.20209e-07
 2.14701e-27 2.17756e-27 7.12672e-27 1.6935e-21 1.00719e-16 1.37716e-12 4.3291e-09 3.12866e-06 0.000519822 0.0198568 0.174384 0.352085 0.163896 0.0298843 0.0764213 0.10697 0.0387776 0.0177507 0.0129357 0.00437341 0.00162594 0.000429081 7.86339e-05 8.61295e-06 4.76651e-07
 2.14674e-27 2.1769e-27 7.05867e-27 1.67042e-21 9.93466e-17 1.35839e-12 4.27011e-09 3.08602e-06 0.000512738 0.0195862 0.172007 0.347287 0.161681 0.0299923 0.0785265 0.109955 0.0400606 0.01897 0.0139806 0.00491056 0.00190538 0.000513861 9.6357e-05 1.06789e-05 5.85884e-07
 2.14547e-27 2.1738e-27 6.73189e-27 1.55958e-21 9.27544e-17 1.26825e-12 3.98676e-09 2.88125e-06 0.000478715 0.0182866 0.160594 0.324243 0.151063 0.0309137 0.0910972 0.127703 0.0467187 0.0227201 0.0168705 0.00605354 0.002424 0.000681643 0.000133159 1.51448e-05 8.44028e-07
#obs catch len freq
 1.21915e-39 5.96691e-33 6.71406e-27 1.73686e-21 1.03298e-16 1.41241e-12 4.43993e-09 3.20875e-06 0.000533137 0.0203652 0.178847 0.361097 0.168047 0.0294658 0.0711507 0.0995331 0.0360355 0.0163591 0.011976 0.00425134 0.00170613 0.000504977 0.000109393 1.46111e-05 9.99194e-07
 1.22724e-39 6.00651e-33 6.75862e-27 1.74839e-21 1.03983e-16 1.42179e-12 4.46939e-09 3.23004e-06 0.000536676 0.0205003 0.180034 0.363494 0.169153 0.0294073 0.0700716 0.098004 0.0353871 0.0157673 0.0114817 0.00402112 0.00157887 0.000452682 9.49971e-05 1.236e-05 8.21084e-07
 1.30951e-39 6.40917e-33 7.2117e-27 1.8656e-21 1.10954e-16 1.5171e-12 4.76901e-09 3.44657e-06 0.000572653 0.0218746 0.192103 0.38786 0.180378 0.028346 0.0562483 0.0785003 0.02825 0.0122907 0.00889434 0.00307807 0.00118954 0.000334567 6.80525e-05 8.54917e-06 5.51077e-07
 1.14586e-39 5.6082e-33 6.31043e-27 1.63245e-21 9.70879e-17 1.3275e-12 4.17301e-09 3.01585e-06 0.000501087 0.0191409 0.168095 0.33939 0.158071 0.0310662 0.0874629 0.122438 0.0429325 0.015131 0.0104152 0.00354883 0.00134678 0.000372902 7.42145e-05 9.05354e-06 5.64061e-07
 1.33809e-39 6.54903e-33 7.36908e-27 1.90631e-21 1.13375e-16 1.5502e-12 4.87308e-09 3.52178e-06 0.000585149 0.022352 0.196295 0.396324 0.184264 0.027644 0.0494122 0.0689219 0.0256591 0.0138357 0.0102348 0.0031095 0.00102479 0.000274252 5.34087e-05 6.37034e-06 3.86094e-07
 1.38892e-39 6.7978e-33 7.649e-27 1.97872e-21 1.17682e-16 1.60909e-12 5.05819e-09 3.65556e-06 0.000607377 0.023201 0.203751 0.411378 0.191223 0.0276073 0.044651 0.0620833 0.0215018 0.00672595 0.00456108 0.001766 0.00072651 0.000177943 3.08408e-05 3.527e-06 2.08572e-07
 1.2628e-39 6.18052e-33 6.95442e-27 1.79904e-21 1.06996e-16 1.46298e-12 4.59888e-09 3.32362e-06 0.000552224 0.0210942 0.18525 0.374024 0.174032 0.0297134 0.0687663 0.0960352 0.0329599 0.00930619 0.00586862 0.00167704 0.000528597 0.000155211 3.02998e-05 3.19486e-06 1.75122e-07
 1.2716e-39 6.22362e-33 7.00291e-27 1.81159e-21 1.07742e-16 1.47318e-12 4.63094e-09 3.34679e-06 0.000556074 0.0212413 0.186541 0.376632 0.175213 0.0290439 0.0638936 0.089265 0.0319094 0.0131874 0.00918382 0.00249297 0.000662743 0.000146041 2.5324e-05 2.98163e-06 1.65463e-07
 1.41372e-39 6.91918e-33 7.78557e-27 2.01405e-21 1.19783e-16 1.63782e-12 5.1485e-09 3.72083e-06 0.000618222 0.0236153 0.207389 0.418723 0.194598 0.0270598 0.0390947 0.054289 0.0192697 0.00754341 0.00530657 0.00174625 0.000598368 0.00012568 1.71753e-05 1.64192e-06 9.01242e-08
 1.40938e-39 6.89792e-33 7.76165e-27 2.00787e-21 1.19415e-16 1.63279e-12 5.13268e-09 3.7094e-06 0.000616322 0.0235427 0.206752 0.417437 0.194019 0.0274889 0.0421018 0.0584656 0.0199018 0.00508562 0.00313151 0.00100056 0.000349487 8.8353e-05 1.41357e-05 1.20547e-06 5.34861e-08
 1.33947e-39 6.55578e-33 7.37667e-27 1.90827e-21 1.13492e-16 1.5518e-12 4.8781e-09 3.52541e-06 0.000585752 0.022375 0.196497 0.396732 0.184489 0.0285824 0.055018 0.0766622 0.0262035 0.00704279 0.00432294 0.00112163 0.000283345 6.7802e-05 1.17991e-05 1.17456e-06 5.31914e-08
 1.31234e-39 6.42302e-33 7.22728e-27 1.86963e-21 1.11194e-16 1.52037e-12 4.77931e-09 3.45402e-06 0.00057389 0.0219219 0.192518 0.388698 0.180781 0.0287589 0.0585164 0.0816321 0.028487 0.00958469 0.00633555 0.00167827 0.000418491 8.06487e-05 1.0897e-05 1.06687e-06 5.3558e-08
 1.34931e-39 6.60394e-33 7.43086e-27 1.92229e-21 1.14326e-16 1.5632e-12 4.91393e-09 3.55131e-06 0.000590055 0.0225394 0.197941 0.399646 0.185818 0.0281156 0.0512898 0.0714609 0.0250968 0.00896442 0.00608791 0.00179331 0.000532658 0.000106078 1.30501e-05 1.01717e-06 4.47153e-08
 1.32049e-39 6.4629e-33 7.27216e-27 1.88124e-21 1.11884e-16 1.52981e-12 4.80899e-09 3.47547e-06 0.000577454 0.022058 0.193713 0.391112 0.181893 0.0286666 0.0572254 0.0798031 0.0277072 0.00887278 0.00586846 0.00178482 0.000568279 0.000127272 1.79257e-05 1.38608e-06 5.23708e-08
 1.27892e-39 6.25945e-33 7.04323e-27 1.82202e-21 1.08362e-16 1.48166e-12 4.6576e-09 3.36606e-06 0.000559275 0.0213636 0.187615 0.3788 0.176221 0.0291828 0.0640874 0.0894924 0.0313611 0.0109799 0.00739808 0.00213131 0.000633752 0.000146542 2.27004e-05 1.9843e-06 7.99582e-08
 1.15513e-39 5.65355e-33 6.36147e-27 1.64565e-21 9.78731e-17 1.33824e-12 4.20676e-09 3.04024e-06 0.000505139 0.0192957 0.169455 0.342135 0.159329 0.0307738 0.0848505 0.118792 0.0421556 0.0164576 0.011446 0.00344769 0.00107639 0.000238388 3.57031e-05 3.29901e-06 1.47103e-07
 1.26127e-39 6.17305e-33 6.94601e-27 1.79687e-21 1.06866e-16 1.46121e-12 4.59331e-09 3.3196e-06 0.000551556 0.0210687 0.185025 0.373571 0.173785 0.0286835 0.0626156 0.0875422 0.0323567 0.0167424 0.0123829 0.00396049 0.00134574 0.000313408 4.78775e-05 4.30475e-06 1.94294e-07
 1.22773e-39 6.00887e-33 6.76128e-27 1.74908e-21 1.04024e-16 1.42234e-12 4.47115e-09 3.23131e-06 0.000536887 0.0205084 0.180105 0.363637 0.169228 0.0296594 0.0715668 0.100064 0.0354658 0.0137316 0.00981483 0.00371057 0.00151528 0.000383921 6.36165e-05 5.96353e-06 2.69532e-07
 1.27076e-39 6.2195e-33 6.99828e-27 1.81039e-21 1.07671e-16 1.4722e-12 4.62788e-09 3.34458e-06 0.000555706 0.0212273 0.186418 0.376382 0.175092 0.0288869 0.0630097 0.0880381 0.0317212 0.0139133 0.00998279 0.00319454 0.0011596 0.000341633 6.69585e-05 6.91843e-06 3.32337e-07
 1.23787e-39 6.0585e-33 6.81712e-27 1.76352e-21 1.04883e-16 1.43409e-12 4.50808e-09 3.258e-06 0.000541321 0.0206778 0.181592 0.36664 0.170612 0.0295461 0.0699708 0.0978155 0.0346971 0.0135128 0.00953682 0.00325952 0.00121335 0.000313801 6.05512e-05 7.23641e-06 3.94599e-07
 1.25187e-39 6.12705e-33 6.89426e-27 1.78348e-21 1.0607e-16 1.45032e-12 4.55909e-09 3.29486e-06 0.000547446 0.0209117 0.183647 0.370788 0.172517 0.0291882 0.0665355 0.0930036 0.0334152 0.0143588 0.0102641 0.00328647 0.00115857 0.000310429 5.79872e-05 6.57143e-06 3.83339e-07
 1.26322e-39 6.18259e-33 6.95676e-27 1.79965e-21 1.07032e-16 1.46347e-12 4.60042e-09 3.32473e-06 0.000552409 0.0211013 0.185312 0.374149 0.174067 0.029083 0.0648798 0.0906569 0.0324072 0.0134136 0.00958087 0.00323819 0.00119085 0.000303491 5.50652e-05 6.18744e-06 3.49559e-07
 1.25327e-39 6.1339e-33 6.90196e-27 1.78547e-21 1.06189e-16 1.45194e-12 4.56418e-09 3.29854e-06 0.000548058 0.0209351 0.183852 0.371202 0.172712 0.0292794 0.0669671 0.0935911 0.0333356 0.0134151 0.00949737 0.00314515 0.00114872 0.000305662 5.6026e-05 6.08147e-06 3.36292e-07
 1.25413e-39 6.13809e-33 6.90667e-27 1.78669e-21 1.06261e-16 1.45293e-12 4.5673e-09 3.3008e-06 0.000548432 0.0209494 0.183978 0.371456 0.172826 0.0292138 0.0664904 0.0929292 0.0332405 0.0138209 0.00983463 0.00320482 0.00114317 0.00029949 5.55256e-05 6.16038e-06 3.36555e-07
 1.24373e-39 6.08719e-33 6.84941e-27 1.77188e-21 1.0538e-16 1.44088e-12 4.52943e-09 3.27343e-06 0.000543885 0.0207757 0.182452 0.368376 0.171407 0.0293438 0.0682124 0.0953587 0.0341274 0.0142481 0.0101714 0.00337639 0.00122374 0.000315525 5.72319e-05 6.33467e-06 3.5078e-07
 1.25223e-39 6.12881e-33 6.89623e-27 1.78399e-21 1.06101e-16 1.45073e-12 4.56039e-09 3.29581e-06 0.000547603 0.0209177 0.183699 0.370894 0.172565 0.0291795 0.0664505 0.092882 0.0333451 0.01425 0.0102252 0.00340393 0.00124367 0.000326008 5.93757e-05 6.46324e-06 3.54334e-07
 1.18122e-39 5.78123e-33 6.50514e-27 1.68282e-21 1.00083e-16 1.36846e-12 4.30177e-09 3.1089e-06 0.000516548 0.0197314 0.173282 0.349861 0.16288 0.0301952 0.07899 0.110557 0.0395821 0.0165757 0.0118646 0.00400359 0.00148554 0.000392102 7.22969e-05 7.94246e-06 4.3271e-07
 1.18036e-39 5.77705e-33 6.50043e-27 1.6816e-21 1.00011e-16 1.36747e-12 4.29866e-09 3.10665e-06 0.000516174 0.0197172 0.173156 0.349608 0.162747 0.0297773 0.076515 0.107142 0.039372 0.019679 0.0145446 0.0048572 0.00178785 0.000477862 8.94166e-05 9.93463e-06 5.46391e-07
 1.16005e-39 5.67765e-33 6.38858e-27 1.65267e-21 9.82903e-17 1.34394e-12 4.22469e-09 3.05319e-06 0.000507292 0.0193779 0.170177 0.343593 0.159975 0.030015 0.079779 0.111741 0.0409573 0.0201674 0.0150841 0.00560331 0.00228043 0.000611465 0.000114475 1.28883e-05 7.18094e-07
#spawning biomass
 3732.54 2150.82 2244.43 2057.27 2271.92 3210.05 4042.87 4364.27 6982.71 11888.4 17473 22021.6 28385.6 34294 39856.2 34479.7 32088.9 31518.9 32544.7 32810.5 33625.2 36214.7 36406.9 42298.3 47819.4 50759.2 48367.6 45423.6 38519.4 111598 156498 144205 99723.3 65744.6 45454.5 34297 28429.6 25430.3 23925.4 23179.9 22813.7 22634.9 22547.9 22505.7 22485.3 22475.4 22470.7 22468.4 22467.3 22466.8 22466.5 22466.4 22466.3 22466.3 22466.3 22466.3 22466.3 22466.3 22466.3 22466.3 22466.3 22466.3 22466.3 22466.3 22466.3 22466.3 22466.3 22466.3 22466.3 22466.3 22466.3 22466.3 22466.3 22466.3 22466.3 22466.3 22466.3 22466.3 22466.3 22466.3 22466.3 22466.3 22466.3 22466.3 22466.3 22466.3 22466.3 22466.3 22466.3 22466.3 22466.3 22466.3 22466.3 22466.3 22466.3 22466.3 22466.3 22466.3 22466.3 22466.3 22466.3 22466.3 22466.3 22466.3 22466.3 22466.3 22466.3 22466.3 22466.3 22466.3 22466.3 22466.3 22466.3 22466.3 22466.3 22466.3 22466.3 22466.3 22466.3 22466.3 22466.3 22466.3 22466.3 22466.3 22466.3 22466.3 22466.3 22466.3 22466.3 0 0 0 0 0 0 0 0 0 0 0 0 0 0 0 0 0 0 0 0 0 0 0 0 0
