SBPRF35
0.256306
Curr Bio
344411
B35
443290
F35
0.37832
FOFL
0.359453
OFL
153600
Bzero
73230.3
#pred survey bio
 74420 70489.3 55634.7 43327.7 66047.5 101834 160801 232478 290048 314177 346491 370969 385869 401293 387724 406442 391240 397138 373578 374734 391551 402986 434695 438948 457070 441371 459201 545504 2.18661e+07 1.19135e+07 8.37337e+06 5.37785e+06 3.38799e+06 2.20716e+06 1.54548e+06 1.18424e+06 988118 880704 820756 786446 766254 754034 746445 741624 738528 736511 735182 734300 733711 733316 733051 732872 732752 732670 732615 732578 732553 732536 732525 732517 732512 732508 732506 732504 732503 732502 732502 732501 732501 732501 732501 732501 732501 732501 732501 732501 732501 732501 732501 732501 732501 732501 732501 732501 732501 732501 732501 732501 732501 732501 732501 732501 732501 732501 732501 732501 732501 732501 732501 732501 732501 732501 732501 732501 732501 732501 732501 732501 732501 732501 732501 732501 732501 732501 732501 732501 732501 732501 732501 732501 732501 732501 732501 732501 732501 732501 732501 732501 0 0 0 0 0 0 0 0 0 0 0 0 0 0 0 0 0 0 0 0 0 0 0 0 0
#obs survey bio
 63723.7 41365.6 27364.3 56100.3 87392.9 126767 287157 267754 245388 331788 413532 368331 430301 350541 278177 450623 396077 437537 354684 452438 367251 383093 469273 398718 501429 370018 422008 650753
#pred catch bio
 10558.4 12292 13417.4 9682.23 18243.5 24382.4 39491.4 73542.8 109144 115878 135942 157744 166102 190133 180421 204976 183314 197232 177422 162984 172952 181864 209164 203207 219808 200185 186880 210449 153600 146302 99361.8 61219.4 36795.6 22932.9 15599.2 11886.1 10058.8 9176.43 8755.74 8556.9 8463.48 8419.76 8399.36 8389.85 8385.45 8383.41 8382.46 8382.02 8381.82 8381.72 8381.68 8381.66 8381.65 8381.65 8381.64 8381.64 8381.64 8381.64 8381.64 8381.64 8381.64 8381.64 8381.64 8381.64 8381.64 8381.64 8381.64 8381.64 8381.64 8381.64 8381.64 8381.64 8381.64 8381.64 8381.64 8381.64 8381.64 8381.64 8381.64 8381.64 8381.64 8381.64 8381.64 8381.64 8381.64 8381.64 8381.64 8381.64 8381.64 8381.64 8381.64 8381.64 8381.64 8381.64 8381.64 8381.64 8381.64 8381.64 8381.64 8381.64 8381.64 8381.64 8381.64 8381.64 8381.64 8381.64 8381.64 8381.64 8381.64 8381.64 8381.64 8381.64 8381.64 8381.64 8381.64 8381.64 8381.64 8381.64 8381.64 8381.64 8381.64 8381.64 8381.64 8381.64 8381.64 8381.64 8381.64 8381.64 0 0 0 0 0 0 0 0 0 0 0 0 0 0 0 0 0 0 0 0 0 0 0 0 0
#obs catch bio
 13923.9 12808.7 14817.1 9953.1 18644.5 23861.3 36550.6 66842.8 105353 114146 127804 150847 157151 187725 183568 206115 180432 194293 182572 158960 175278 189502 203360 205080 220962 199505 184262 209614
#pred cpue bio
 72947.9 69853.4 55454.9 42450.1 62405.8 97399.5 153917 223581 279038 302831 333591 356892 370417 385339 371793 388383 374282 380601 358004 358763 376186 386634 415344 420101 437576 423448 439774 521500 2.10296e+07 1.19093e+07 8.3575e+06 5.36151e+06 3.37165e+06 2.19081e+06 1.52914e+06 1.16789e+06 971772 864358 804410 770100 749908 737688 730099 725278 722182 720165 718836 717954 717365 716970 716705 716526 716406 716324 716269 716232 716207 716190 716179 716171 716166 716162 716160 716158 716157 716156 716156 716155 716155 716155 716155 716155 716155 716155 716155 716155 716155 716155 716155 716155 716155 716155 716155 716155 716155 716155 716155 716155 716155 716155 716155 716155 716155 716155 716155 716155 716155 716155 716155 716155 716155 716155 716155 716155 716155 716155 716155 716155 716155 716155 716155 716155 716155 716155 716155 716155 716155 716155 716155 716155 716155 716155 716155 716155 716155 716155 716155 716155 0 0 0 0 0 0 0 0 0 0 0 0 0 0 0 0 0 0 0 0 0 0 0 0 0
#obs cpue bio
 74578.8 63523.2 51151.6 48603.7 66102.2 105549 200813 284668 241136 254943 464395 384425 421365 397745 413575 387867 395180 384458 283365 393828 324465 309179 589344 367163 423132 508842 519059 428420
#pred surv len freq
 2.64273e-11 1.24301e-09 4.04841e-08 9.13018e-07 1.42581e-05 0.000154182 0.00115452 0.00598689 0.021506 0.0535803 0.0930227 0.114617 0.106931 0.0896462 0.0826248 0.080752 0.0735088 0.0625861 0.0524433 0.0434936 0.0356938 0.0293965 0.0238763 0.0178274 0.0111835
 1.48032e-11 6.96272e-10 2.26771e-08 5.11426e-07 7.98669e-06 8.63662e-05 0.000646746 0.00335443 0.0120592 0.0301378 0.0529609 0.0682578 0.0732825 0.0811366 0.0971317 0.107204 0.101892 0.0886053 0.0751152 0.0620316 0.0493018 0.0379523 0.028161 0.0193041 0.0113708
 6.88674e-12 3.23919e-10 1.05498e-08 2.37926e-07 3.71557e-06 4.01798e-05 0.000300895 0.00156088 0.00561487 0.0140672 0.0249582 0.0332892 0.039298 0.050615 0.0698262 0.0897396 0.105155 0.114909 0.114794 0.102673 0.083352 0.0627787 0.0439407 0.0278589 0.0152253
 3.00437e-11 1.41311e-09 4.60241e-08 1.03796e-06 1.62092e-05 0.000175279 0.00131246 0.00680519 0.0244352 0.0607765 0.104823 0.125897 0.107103 0.0689701 0.0417332 0.0341394 0.0397693 0.0516799 0.0638309 0.0701909 0.0670653 0.0552972 0.0393936 0.0241406 0.0124457
 4.65602e-11 2.18997e-09 7.13259e-08 1.60858e-06 2.51202e-05 0.000271639 0.00203399 0.0105464 0.037869 0.0941936 0.162483 0.195255 0.166327 0.106837 0.0610316 0.0379254 0.0251625 0.016745 0.0134231 0.0142383 0.0158341 0.0153916 0.0123191 0.00797007 0.00411639
 3.82149e-11 1.79744e-09 5.85416e-08 1.32026e-06 2.06178e-05 0.000222952 0.00166946 0.00865686 0.0310928 0.0774222 0.134123 0.163874 0.148388 0.114746 0.0930484 0.0790181 0.058706 0.0354293 0.0186724 0.0102842 0.00719515 0.0062463 0.00533118 0.00377603 0.00207592
 3.8152e-11 1.79449e-09 5.84453e-08 1.31809e-06 2.05838e-05 0.000222585 0.00166671 0.00864244 0.031039 0.0772688 0.133725 0.16277 0.145451 0.108699 0.0847342 0.0730136 0.06019 0.0445439 0.0299253 0.017933 0.00951007 0.00492674 0.00288899 0.0018176 0.00100964
 3.58531e-11 1.68636e-09 5.49236e-08 1.23866e-06 1.93435e-05 0.000209173 0.00156628 0.00812184 0.0291711 0.0726369 0.125832 0.15374 0.139239 0.107945 0.0887613 0.0786984 0.0647591 0.0477945 0.0334091 0.0222404 0.0133908 0.00704866 0.00330561 0.00147158 0.000638942
 3.59582e-11 1.6913e-09 5.50846e-08 1.24229e-06 1.94002e-05 0.000209786 0.00157087 0.00814559 0.0292558 0.0728416 0.126145 0.153925 0.138782 0.106334 0.0861368 0.0761978 0.0636862 0.0483763 0.034855 0.0238542 0.0149565 0.00834916 0.00405766 0.00169206 0.000608214
 3.49403e-11 1.64342e-09 5.35252e-08 1.20713e-06 1.8851e-05 0.000203848 0.00152641 0.00791509 0.0284288 0.070792 0.122659 0.149971 0.136174 0.106324 0.0884313 0.0792541 0.0660007 0.0495962 0.0355867 0.0246653 0.0159 0.00920728 0.00465176 0.00198966 0.000702896
 3.57171e-11 1.67996e-09 5.47152e-08 1.23396e-06 1.92701e-05 0.00020838 0.00156034 0.00809098 0.0290596 0.0723535 0.125301 0.152902 0.137881 0.105693 0.0856944 0.0759045 0.0635993 0.0485794 0.0353862 0.0246834 0.015974 0.00936181 0.00484215 0.00213264 0.00077157
 3.60445e-11 1.69536e-09 5.52168e-08 1.24528e-06 1.94468e-05 0.00021029 0.00157464 0.00816514 0.029326 0.0730165 0.126448 0.154297 0.139117 0.106559 0.0861633 0.0758131 0.0627102 0.0470358 0.0337867 0.0235509 0.0153821 0.00912154 0.0047772 0.00213729 0.000788419
 3.70965e-11 1.74484e-09 5.68284e-08 1.28162e-06 2.00144e-05 0.000216428 0.0016206 0.0084034 0.030181 0.0751382 0.130074 0.158494 0.142165 0.107341 0.084886 0.0735005 0.060269 0.0447931 0.0317439 0.0217751 0.0140364 0.00828152 0.00435503 0.0019685 0.00073593
 3.67822e-11 1.73006e-09 5.63469e-08 1.27076e-06 1.98448e-05 0.000214594 0.00160687 0.00833225 0.029926 0.0745086 0.12902 0.157377 0.141702 0.108107 0.0867709 0.0756263 0.0616431 0.0450889 0.0313072 0.0210778 0.013365 0.00776773 0.00403953 0.00181781 0.000681315
 3.745e-11 1.76147e-09 5.73699e-08 1.29383e-06 2.02051e-05 0.00021849 0.00163604 0.00848347 0.0304685 0.0758539 0.131311 0.159995 0.14349 0.10828 0.0854969 0.0737857 0.060083 0.0440549 0.0305633 0.0203855 0.0127045 0.0072336 0.0036906 0.00163627 0.000607494
 3.90663e-11 1.83749e-09 5.9846e-08 1.34967e-06 2.10771e-05 0.000227919 0.00170665 0.0088495 0.031782 0.0791123 0.136873 0.1664 0.148034 0.109157 0.0829961 0.0695833 0.0557808 0.0404036 0.0277349 0.0183756 0.0113896 0.00642379 0.00322811 0.00140559 0.000513082
 3.82844e-11 1.80071e-09 5.86481e-08 1.32266e-06 2.06552e-05 0.000223357 0.00167249 0.00867246 0.0311472 0.0775427 0.134229 0.16352 0.146545 0.11031 0.0865437 0.0737466 0.0586038 0.0412459 0.0272628 0.0175039 0.0106314 0.00591685 0.00294072 0.00126518 0.000455419
 3.74686e-11 1.76235e-09 5.73985e-08 1.29448e-06 2.02151e-05 0.000218598 0.00163686 0.00848772 0.0304842 0.0758962 0.131408 0.160222 0.144043 0.109418 0.0872031 0.0755012 0.0610558 0.0439507 0.0295774 0.0189478 0.0112474 0.00606859 0.00293506 0.00123783 0.000438967
 3.75843e-11 1.76779e-09 5.75757e-08 1.29847e-06 2.02776e-05 0.000219273 0.00164191 0.0085139 0.0305779 0.0761273 0.131791 0.160611 0.144139 0.108967 0.0862401 0.074425 0.0603581 0.0438613 0.029995 0.019584 0.0118001 0.00638459 0.00304916 0.00125716 0.000435192
 3.80912e-11 1.79163e-09 5.83521e-08 1.31598e-06 2.0551e-05 0.00022223 0.00166405 0.00862867 0.0309897 0.0771483 0.13353 0.162595 0.145485 0.109061 0.0851692 0.0727906 0.0587702 0.0426217 0.0291769 0.0191742 0.0116978 0.00642554 0.00310418 0.00128279 0.000440449
 3.62855e-11 1.70669e-09 5.55859e-08 1.2536e-06 1.95768e-05 0.000211696 0.00158517 0.00821978 0.0295227 0.0735112 0.127338 0.155541 0.140738 0.108812 0.0890382 0.0784437 0.0638672 0.0462224 0.0314799 0.020615 0.0125841 0.00695136 0.00339132 0.00141671 0.000490211
 3.72074e-11 1.75006e-09 5.69982e-08 1.28545e-06 2.00742e-05 0.000217074 0.00162544 0.0084285 0.0302712 0.0753627 0.130462 0.158967 0.142592 0.10768 0.0852193 0.0739455 0.0608529 0.0453347 0.0318901 0.0212991 0.0130783 0.00722575 0.00352944 0.00148121 0.000516202
 3.9156e-11 1.84171e-09 5.99834e-08 1.35277e-06 2.11255e-05 0.000228443 0.00171057 0.00886981 0.0318548 0.0792921 0.137175 0.16672 0.148169 0.10894 0.0824462 0.0689268 0.0552969 0.040245 0.0278917 0.0187162 0.0117242 0.00661939 0.00327996 0.00138635 0.00048516
 3.80969e-11 1.7919e-09 5.83609e-08 1.31618e-06 2.05541e-05 0.000222264 0.0016643 0.00863001 0.0309949 0.0771649 0.133584 0.16278 0.146026 0.110224 0.0868477 0.0742178 0.0590312 0.0415604 0.0275093 0.0177379 0.0108588 0.006101 0.00305052 0.00130852 0.000464101
 3.802e-11 1.78828e-09 5.8243e-08 1.31353e-06 2.05126e-05 0.000221815 0.00166094 0.00861256 0.030932 0.0770062 0.133295 0.16236 0.14544 0.109378 0.0858476 0.0736103 0.0594256 0.0428869 0.0289726 0.0186209 0.0110882 0.00601077 0.00292583 0.00124125 0.000441018
 3.69714e-11 1.73896e-09 5.66368e-08 1.2773e-06 1.99469e-05 0.000215698 0.00161514 0.00837513 0.0300801 0.074894 0.129698 0.158254 0.142651 0.109153 0.087944 0.0766718 0.0621416 0.0448406 0.0304186 0.0197821 0.0119283 0.00647539 0.00310616 0.00128705 0.000447723
 3.80063e-11 1.78763e-09 5.82221e-08 1.31305e-06 2.05052e-05 0.000221735 0.00166034 0.00860943 0.0309205 0.0769749 0.133223 0.162185 0.145008 0.108491 0.0845438 0.0723807 0.0589061 0.0433043 0.0300361 0.0198449 0.0120849 0.00661509 0.00319199 0.00132138 0.000455314
 3.88153e-11 1.82569e-09 5.94615e-08 1.341e-06 2.09417e-05 0.000226455 0.00169568 0.00879267 0.0315781 0.0786073 0.136016 0.165435 0.147424 0.109233 0.0836988 0.0705251 0.0565656 0.0408995 0.0280256 0.0185472 0.0114519 0.00637819 0.00312201 0.00130445 0.000451305
#obs surv len freq
 2.4788e-11 1.16591e-09 3.79728e-08 8.56383e-07 1.33737e-05 0.000144618 0.00108291 0.00561562 0.0201736 0.0502725 0.0873607 0.108021 0.101994 0.0879897 0.0838785 0.0834678 0.0766926 0.0664658 0.0577852 0.0501142 0.0417985 0.0325987 0.0230678 0.0142089 0.00725299
 5.40292e-12 2.54128e-10 8.27678e-09 1.86663e-07 2.91505e-06 3.15241e-05 0.000236108 0.00122548 0.00441805 0.0111641 0.0204543 0.0302524 0.0443847 0.0704493 0.102973 0.12245 0.120787 0.108574 0.0949658 0.0808396 0.0661277 0.0511936 0.0361459 0.0221346 0.0111896
 1.62852e-14 7.65994e-13 2.49501e-11 5.62887e-10 8.80262e-09 9.57174e-08 7.32478e-07 4.12266e-06 1.94396e-05 9.42808e-05 0.000479239 0.00210583 0.0070624 0.0178852 0.0362582 0.0637399 0.099912 0.134537 0.151061 0.14408 0.122078 0.0944618 0.0660273 0.0400767 0.0201167
 5.25769e-11 2.47296e-09 8.05428e-08 1.81644e-06 2.83663e-05 0.00030674 0.00229681 0.0119087 0.0427553 0.106292 0.182979 0.218117 0.180051 0.102991 0.0411262 0.0125042 0.00562123 0.0075698 0.0122543 0.0165006 0.0179562 0.0159889 0.0118315 0.00727645 0.00364244
 3.44559e-11 1.62064e-09 5.27832e-08 1.1904e-06 1.85898e-05 0.000201023 0.00150527 0.00780583 0.0280414 0.0698748 0.121396 0.149955 0.140982 0.119644 0.108768 0.0967025 0.0689684 0.0361687 0.0149005 0.00746841 0.00696912 0.00741671 0.00648445 0.00441223 0.00231676
 4.20756e-11 1.97903e-09 6.44557e-08 1.45364e-06 2.27007e-05 0.000245475 0.00183809 0.00953086 0.0342259 0.0851636 0.147125 0.177839 0.154933 0.107433 0.073829 0.0589589 0.0495487 0.0391005 0.0273786 0.0160064 0.00783447 0.00389213 0.00246636 0.00167854 0.000947928
 3.73154e-11 1.75514e-09 5.71636e-08 1.28919e-06 2.01325e-05 0.000217705 0.00163017 0.00845307 0.0303606 0.075596 0.13094 0.159896 0.144519 0.111303 0.0901708 0.0778714 0.0611077 0.0419085 0.0273637 0.0178138 0.0108131 0.00569064 0.0026283 0.0011707 0.000523531
 4.01273e-11 1.88739e-09 6.14712e-08 1.38633e-06 2.16495e-05 0.000234109 0.00175299 0.00908972 0.0326438 0.0812464 0.140491 0.170452 0.150524 0.108669 0.0799089 0.0658776 0.0534179 0.039701 0.0276064 0.0179131 0.0105933 0.00565622 0.00268744 0.00111166 0.000399727
 3.59271e-11 1.68984e-09 5.50369e-08 1.24122e-06 1.93835e-05 0.000209605 0.00156952 0.00813866 0.0292321 0.0727937 0.126138 0.154278 0.140241 0.109739 0.0912019 0.0806924 0.0649735 0.0460001 0.0307167 0.020023 0.0122644 0.00674549 0.00323767 0.00132717 0.000455953
 3.46361e-11 1.62912e-09 5.30593e-08 1.19662e-06 1.8687e-05 0.000202073 0.00151312 0.0078462 0.0281816 0.0701773 0.121601 0.148715 0.135161 0.105851 0.0886187 0.0802865 0.0679833 0.0519882 0.037253 0.0249262 0.0151503 0.00827498 0.00400775 0.00166782 0.000575359
 3.7984e-11 1.78659e-09 5.81879e-08 1.31228e-06 2.04932e-05 0.000221605 0.00165937 0.00860432 0.0309016 0.0769202 0.133079 0.161781 0.143913 0.106163 0.081061 0.0689928 0.0572588 0.044054 0.0325597 0.0229759 0.0148183 0.00846162 0.00418745 0.00175635 0.000608945
 3.64607e-11 1.71494e-09 5.58544e-08 1.25966e-06 1.96714e-05 0.000212718 0.00159283 0.00825945 0.029665 0.0738622 0.127925 0.156159 0.140978 0.108315 0.0877679 0.0767193 0.0621565 0.0449912 0.0311463 0.0212953 0.013882 0.00824004 0.00427642 0.00186849 0.000665846
 3.92514e-11 1.8462e-09 6.01294e-08 1.35607e-06 2.1177e-05 0.000228999 0.00171473 0.00889137 0.031932 0.079481 0.13748 0.166992 0.148095 0.108243 0.0812298 0.0678178 0.054962 0.0406958 0.0285393 0.019122 0.0119533 0.00687016 0.00355487 0.00158871 0.000585497
 3.56178e-11 1.67529e-09 5.45631e-08 1.23054e-06 1.92166e-05 0.000207801 0.00155601 0.0080686 0.0289806 0.0721689 0.125065 0.153013 0.139241 0.109281 0.0912446 0.0810769 0.0655779 0.0466986 0.0313594 0.0205575 0.012763 0.00724617 0.00366968 0.00161112 0.000592042
 3.9056e-11 1.83701e-09 5.98301e-08 1.34932e-06 2.10716e-05 0.000227859 0.0017062 0.00884712 0.0317731 0.079085 0.136793 0.16615 0.147326 0.10766 0.0808786 0.0678881 0.055693 0.0419811 0.0298473 0.0199396 0.0121738 0.00672471 0.00332838 0.0014353 0.000519652
 3.87966e-11 1.8248e-09 5.94326e-08 1.34036e-06 2.09316e-05 0.000226346 0.00169486 0.00878843 0.0315633 0.0785725 0.135973 0.165462 0.147698 0.109937 0.0847359 0.0713473 0.0565697 0.0400842 0.0270018 0.0178635 0.0111796 0.00632737 0.00314269 0.00133651 0.000474544
 3.79807e-11 1.78643e-09 5.81828e-08 1.31217e-06 2.04914e-05 0.000221586 0.00165923 0.00860367 0.0309004 0.0769283 0.133169 0.162245 0.145463 0.109647 0.0863178 0.0740233 0.0594926 0.0425745 0.0285316 0.0183286 0.011027 0.00608468 0.00301229 0.00128986 0.000459186
 3.74403e-11 1.76101e-09 5.73549e-08 1.2935e-06 2.01998e-05 0.000218433 0.00163562 0.00848127 0.030461 0.0758367 0.131294 0.160034 0.143717 0.108851 0.0864137 0.0747743 0.060772 0.0442526 0.0302858 0.0197453 0.0118804 0.00644836 0.00311293 0.00130496 0.000459496
 3.78911e-11 1.78221e-09 5.80455e-08 1.30907e-06 2.04431e-05 0.000221063 0.00165531 0.00858334 0.030827 0.0767426 0.132826 0.161727 0.144677 0.108409 0.0846782 0.0725972 0.0590935 0.0434596 0.0302222 0.0200782 0.0123065 0.00676879 0.00327507 0.0013599 0.000471208
 3.78591e-11 1.78071e-09 5.79965e-08 1.30797e-06 2.04258e-05 0.000220876 0.00165391 0.0085761 0.0308012 0.0766795 0.132726 0.161648 0.144744 0.108733 0.0852056 0.0730341 0.0591166 0.043053 0.0296973 0.0197456 0.0122344 0.00684164 0.00336491 0.00141246 0.000490718
 3.47227e-11 1.63319e-09 5.31919e-08 1.19961e-06 1.87337e-05 0.000202578 0.00151691 0.00786587 0.0282529 0.0703608 0.12196 0.149347 0.13634 0.107953 0.0914312 0.0824588 0.0679571 0.0496921 0.0342098 0.0226205 0.0139411 0.00779405 0.00386021 0.00163968 0.000576591
 3.84707e-11 1.80947e-09 5.89334e-08 1.3291e-06 2.07558e-05 0.000224444 0.00168062 0.00871453 0.0312971 0.0779022 0.13476 0.163742 0.145391 0.106692 0.0807856 0.068403 0.0567021 0.0434461 0.031598 0.0216494 0.0135212 0.00756944 0.00374379 0.00159209 0.00056278
 3.94927e-11 1.85754e-09 6.0499e-08 1.36441e-06 2.13071e-05 0.000230407 0.00172527 0.00894605 0.0321287 0.0799729 0.138348 0.168127 0.149352 0.109634 0.0826281 0.0685305 0.0542084 0.0386617 0.0263959 0.0177939 0.0113919 0.00660413 0.00334723 0.00143976 0.000511174
 3.73489e-11 1.75671e-09 5.72149e-08 1.29034e-06 2.01505e-05 0.0002179 0.00163163 0.0084606 0.0303872 0.0756574 0.131014 0.159835 0.143988 0.109968 0.0882537 0.0764606 0.0612735 0.0433461 0.0286864 0.0183554 0.0111346 0.00625478 0.00316654 0.00138543 0.000501464
 3.84216e-11 1.80717e-09 5.88582e-08 1.3274e-06 2.07293e-05 0.000224158 0.00167848 0.00870348 0.0312581 0.0778115 0.134647 0.163812 0.146115 0.108589 0.0837445 0.071249 0.0579762 0.0426956 0.0295421 0.0193069 0.011567 0.00626186 0.0030399 0.0012924 0.000463419
 3.55462e-11 1.67192e-09 5.44535e-08 1.22806e-06 1.9178e-05 0.000207383 0.00155288 0.00805238 0.0289222 0.072022 0.124801 0.152644 0.138766 0.108642 0.0904986 0.080584 0.0657716 0.0476024 0.0325108 0.0214418 0.013174 0.00727625 0.00352855 0.00146891 0.000512183
 4.0525e-11 1.9061e-09 6.20804e-08 1.40007e-06 2.18641e-05 0.000236429 0.00177036 0.00917976 0.0329666 0.0820443 0.141834 0.171904 0.151236 0.107964 0.0778539 0.063322 0.0513882 0.0387637 0.0277638 0.0187699 0.0116 0.00643809 0.00315485 0.00132524 0.000461765
 3.75349e-11 1.76546e-09 5.74999e-08 1.29677e-06 2.02509e-05 0.000218985 0.00163975 0.00850275 0.0305386 0.0760351 0.131672 0.160656 0.144781 0.110648 0.0887352 0.0764273 0.0604088 0.0419066 0.0274632 0.017853 0.0111459 0.00634809 0.00317374 0.00134938 0.000473819
#pred catch len freq
 2.50489e-11 1.17818e-09 3.83726e-08 8.65397e-07 1.35144e-05 0.00014614 0.00109431 0.00567473 0.0203858 0.0508005 0.0882722 0.109119 0.102941 0.0886295 0.0843069 0.0837687 0.0766154 0.0652697 0.0546757 0.0453338 0.0372 0.0306359 0.0248827 0.0185787 0.0116548
 1.38104e-11 6.49578e-10 2.11563e-08 4.77128e-07 7.45108e-06 8.05744e-05 0.00060338 0.00312961 0.0112524 0.0281358 0.0495404 0.0643032 0.0704234 0.0804393 0.0984009 0.109448 0.1042 0.0906032 0.0767778 0.0633885 0.0503751 0.0387771 0.0287726 0.0197233 0.0116178
 6.39911e-12 3.00983e-10 9.80284e-09 2.21079e-07 3.45249e-06 3.73349e-05 0.000279594 0.00145044 0.0052185 0.013083 0.0232721 0.0313184 0.0378014 0.0500667 0.0701414 0.0905513 0.106166 0.115979 0.115831 0.103587 0.0840892 0.0633324 0.0443279 0.0281042 0.0153594
 2.88121e-11 1.35519e-09 4.41375e-08 9.9541e-07 1.55448e-05 0.000168094 0.00125866 0.00652625 0.0234339 0.0582885 0.100548 0.120845 0.103078 0.0670213 0.041612 0.0351166 0.0414173 0.0539193 0.0665985 0.0732298 0.0699669 0.057689 0.0410973 0.0251846 0.012984
 4.58201e-11 2.15516e-09 7.01921e-08 1.58301e-06 2.47209e-05 0.000267321 0.00200166 0.0103788 0.0372676 0.0927015 0.159936 0.192319 0.164235 0.106396 0.062059 0.0395642 0.0266192 0.0177852 0.0142594 0.0151194 0.0168118 0.0163416 0.0130793 0.00846193 0.00437043
 3.71045e-11 1.74522e-09 5.68406e-08 1.2819e-06 2.00187e-05 0.000216474 0.00162096 0.00840542 0.0301907 0.0751865 0.130322 0.159565 0.145562 0.114798 0.0957202 0.0827254 0.0618321 0.0373664 0.0196904 0.0108389 0.00758011 0.00657961 0.00561552 0.00397741 0.00218663
 3.70552e-11 1.7429e-09 5.67651e-08 1.28019e-06 1.99921e-05 0.000216186 0.0016188 0.00839406 0.0301478 0.0750591 0.12996 0.158468 0.142512 0.108428 0.0869222 0.0763436 0.0633455 0.0469342 0.0315248 0.0188857 0.0100135 0.00518708 0.00304152 0.00191354 0.00106293
 3.48489e-11 1.63912e-09 5.33852e-08 1.20397e-06 1.88017e-05 0.000203314 0.00152242 0.00789443 0.0283552 0.0706137 0.122385 0.149802 0.136549 0.107696 0.0907511 0.0817005 0.0675621 0.0499011 0.0348698 0.0232044 0.0139687 0.00735232 0.00344793 0.00153491 0.000666439
 3.5084e-11 1.65019e-09 5.37455e-08 1.21209e-06 1.89286e-05 0.000204686 0.00153269 0.00794764 0.0285455 0.0710802 0.123142 0.150489 0.136414 0.106058 0.087782 0.0787325 0.0660979 0.0502384 0.0361832 0.0247545 0.0155184 0.00866221 0.0042097 0.00175545 0.000630995
 3.40355e-11 1.60087e-09 5.21393e-08 1.17587e-06 1.83629e-05 0.000198569 0.00148689 0.00771021 0.0276937 0.068969 0.119552 0.146416 0.13373 0.106053 0.0901508 0.0818837 0.0684792 0.0514871 0.036929 0.0255863 0.0164908 0.00954875 0.00482417 0.00206339 0.000728939
 3.48752e-11 1.64036e-09 5.34255e-08 1.20488e-06 1.88159e-05 0.000203468 0.00152357 0.00790033 0.0283756 0.070657 0.122409 0.14959 0.135593 0.105409 0.0872491 0.0783121 0.0658957 0.0503608 0.0366696 0.0255696 0.0165447 0.00969564 0.0050147 0.00220862 0.000799056
 3.5281e-11 1.65945e-09 5.40473e-08 1.2189e-06 1.90349e-05 0.000205836 0.0015413 0.00799226 0.0287057 0.0714783 0.123826 0.151297 0.137054 0.106329 0.0876126 0.078028 0.0647941 0.0486214 0.0349109 0.0243252 0.0158849 0.00941908 0.00493292 0.00220694 0.00081411
 3.63598e-11 1.71019e-09 5.56999e-08 1.25617e-06 1.96169e-05 0.000212129 0.00158842 0.00823657 0.0295824 0.0736539 0.127544 0.155601 0.140181 0.107134 0.0863066 0.0756607 0.0622936 0.0463221 0.0328139 0.0225003 0.0145011 0.00855511 0.00449879 0.00203347 0.000760216
 3.61416e-11 1.69993e-09 5.53656e-08 1.24863e-06 1.94992e-05 0.000210857 0.00157889 0.00818719 0.0294055 0.0732181 0.126821 0.154866 0.139989 0.107956 0.08805 0.0775456 0.0634201 0.0464048 0.0322059 0.0216738 0.0137401 0.00798512 0.00415248 0.00186862 0.000700355
 3.67984e-11 1.73082e-09 5.63718e-08 1.27132e-06 1.98536e-05 0.000214688 0.00160758 0.00833592 0.0299392 0.0745413 0.129075 0.157441 0.141747 0.108124 0.0867964 0.0757396 0.0618981 0.0454048 0.0314858 0.0209922 0.01308 0.00744681 0.00379928 0.00168443 0.000625374
 3.85296e-11 1.81225e-09 5.90238e-08 1.33113e-06 2.07876e-05 0.000224788 0.0016832 0.00872796 0.0313459 0.0780311 0.135032 0.164298 0.146605 0.109043 0.0840878 0.0712119 0.0572819 0.0415065 0.0284786 0.0188602 0.0116874 0.00659127 0.00331217 0.00144218 0.000526437
 3.76517e-11 1.77095e-09 5.76788e-08 1.3008e-06 2.03139e-05 0.000219666 0.00164485 0.00852919 0.0306332 0.0762683 0.132059 0.161047 0.144878 0.110213 0.0878865 0.0757175 0.0603915 0.0425244 0.0280953 0.0180302 0.0109485 0.0060928 0.00302808 0.00130275 0.000468941
 3.68912e-11 1.73519e-09 5.65139e-08 1.27453e-06 1.99036e-05 0.00021523 0.00161164 0.00835697 0.0300151 0.0747331 0.129427 0.157963 0.142514 0.109314 0.0884058 0.077284 0.0626924 0.0451424 0.030365 0.0194438 0.0115393 0.00622555 0.00301087 0.00126979 0.000450299
 3.69569e-11 1.73827e-09 5.66145e-08 1.2768e-06 1.9939e-05 0.000215613 0.0016145 0.00837182 0.0300682 0.0748633 0.129638 0.158153 0.14247 0.108837 0.0875221 0.0763379 0.062125 0.0451628 0.030871 0.0201475 0.0121371 0.0065664 0.00313589 0.0012929 0.000447564
 3.73797e-11 1.75816e-09 5.72622e-08 1.29141e-06 2.01672e-05 0.00021808 0.00163297 0.00846757 0.0304117 0.075715 0.131089 0.159808 0.14359 0.108909 0.0866142 0.0749499 0.0607665 0.0440948 0.030173 0.0198207 0.0120897 0.00664031 0.00320785 0.00132562 0.000455151
 3.55623e-11 1.67268e-09 5.44781e-08 1.22862e-06 1.91866e-05 0.000207477 0.00155358 0.00805602 0.0289352 0.0720545 0.124857 0.152709 0.138815 0.108665 0.0905188 0.080649 0.0658987 0.0477127 0.0324805 0.0212614 0.0129759 0.00716724 0.00349654 0.00146065 0.000505413
 3.652e-11 1.71773e-09 5.59452e-08 1.2617e-06 1.97033e-05 0.000213064 0.00159542 0.00827284 0.0297127 0.0739778 0.128103 0.156269 0.140746 0.107497 0.0865646 0.0759874 0.0627701 0.0467838 0.0328955 0.0219621 0.0134828 0.0074487 0.00363824 0.00152685 0.000532108
 3.85671e-11 1.81401e-09 5.90812e-08 1.33243e-06 2.08078e-05 0.000225007 0.00168484 0.00873644 0.0313763 0.0781056 0.135153 0.164412 0.146597 0.108806 0.0836291 0.0706988 0.0569362 0.041458 0.0287197 0.0192637 0.0120647 0.00681111 0.00337487 0.00142645 0.000499192
 3.74484e-11 1.76139e-09 5.73675e-08 1.29378e-06 2.02042e-05 0.00021848 0.00163598 0.00848316 0.030468 0.0758586 0.13136 0.160245 0.144316 0.110123 0.0882208 0.0762342 0.0608605 0.0428691 0.0283629 0.01828 0.0111881 0.00628546 0.00314265 0.00134803 0.000478112
 3.74126e-11 1.75971e-09 5.73127e-08 1.29254e-06 2.01849e-05 0.000218272 0.00163441 0.00847504 0.0304386 0.0757828 0.131212 0.159983 0.143829 0.109261 0.0871026 0.0754764 0.0611442 0.0441446 0.0298088 0.0191502 0.0114009 0.00617976 0.00300799 0.00127609 0.000453396
 3.62851e-11 1.70668e-09 5.55854e-08 1.25359e-06 1.95766e-05 0.000211694 0.00158516 0.00821971 0.0295225 0.0735114 0.127343 0.155568 0.140829 0.109019 0.0893587 0.0787746 0.0640758 0.046256 0.0313649 0.0203888 0.0122915 0.00667203 0.00320039 0.00132608 0.000461298
 3.7232e-11 1.75121e-09 5.70359e-08 1.2863e-06 2.00875e-05 0.000217218 0.00162652 0.00843409 0.0302914 0.0754149 0.130565 0.159149 0.142935 0.108302 0.0860833 0.074703 0.061074 0.0449278 0.0311505 0.0205733 0.012526 0.00685605 0.00330817 0.00136946 0.00047188
 3.80111e-11 1.78786e-09 5.82294e-08 1.31322e-06 2.05078e-05 0.000221763 0.00166055 0.00861054 0.0309247 0.076987 0.133256 0.162284 0.145279 0.109055 0.0853242 0.0729563 0.0588134 0.0425598 0.0291531 0.0192858 0.0119055 0.00663035 0.00324535 0.00135597 0.000469128
#obs catch len freq
 2.49033e-11 1.17133e-09 3.81494e-08 8.60367e-07 1.34359e-05 0.00014529 0.00108794 0.00564164 0.020266 0.0504917 0.087667 0.108052 0.100935 0.0850042 0.0792894 0.0794464 0.0756901 0.0686723 0.0610794 0.052559 0.0431999 0.0336723 0.0241523 0.0151234 0.00781121
 2.36609e-11 1.1129e-09 3.62463e-08 8.17446e-07 1.27656e-05 0.000138043 0.00103368 0.00536039 0.0192577 0.0479997 0.0834768 0.103528 0.0987357 0.0871685 0.0852676 0.085945 0.0792397 0.0686839 0.0596818 0.0517372 0.0431416 0.0336415 0.0238039 0.0146616 0.00748393
 5.03955e-12 2.37036e-10 7.72013e-09 1.74109e-07 2.71901e-06 2.94042e-05 0.000220235 0.00114319 0.00412277 0.0104315 0.0192036 0.0288108 0.0433575 0.0702374 0.103504 0.123338 0.12167 0.109304 0.0955453 0.0812991 0.066487 0.051464 0.0363338 0.0222487 0.011247
 1.51501e-14 7.12606e-13 2.32114e-11 5.23674e-10 8.19028e-09 8.90973e-08 6.82948e-07 3.86671e-06 1.85329e-05 9.21467e-05 0.000476388 0.00210632 0.00707561 0.0179219 0.0363189 0.0638075 0.0999623 0.134557 0.151048 0.14404 0.122025 0.094409 0.0659852 0.0400494 0.0201025
 5.2212e-11 2.4558e-09 7.99839e-08 1.80384e-06 2.81695e-05 0.000304611 0.00228087 0.0118261 0.0424586 0.105555 0.181709 0.216604 0.178802 0.102283 0.0408694 0.0125132 0.00583134 0.00803486 0.013036 0.0175541 0.0191016 0.017008 0.0125851 0.00773965 0.00387423
 3.34404e-11 1.57288e-09 5.12275e-08 1.15531e-06 1.80419e-05 0.000195098 0.00146091 0.00757588 0.0272165 0.067831 0.117925 0.146043 0.138491 0.119896 0.111502 0.100321 0.0718256 0.0377041 0.015531 0.00777384 0.00724568 0.00770909 0.00673979 0.00458591 0.00240792
 4.12765e-11 1.94145e-09 6.32317e-08 1.42603e-06 2.22696e-05 0.000240813 0.00180319 0.0093499 0.0335767 0.0835533 0.144379 0.17469 0.152743 0.10713 0.0752779 0.0612844 0.0518793 0.0409901 0.0286948 0.0167706 0.00820643 0.0040756 0.00258186 0.00175695 0.000992176
 3.64686e-11 1.71531e-09 5.58664e-08 1.25993e-06 1.96756e-05 0.000212764 0.00159318 0.00826132 0.0296727 0.0738906 0.128037 0.156593 0.142308 0.111219 0.0920302 0.0805541 0.0634936 0.0435709 0.0284319 0.0184968 0.0112234 0.00590542 0.00272715 0.0012146 0.000543124
 3.93655e-11 1.85156e-09 6.03041e-08 1.36001e-06 2.12385e-05 0.000229665 0.00171971 0.00891721 0.0320248 0.0797115 0.137876 0.167462 0.148479 0.108471 0.0814083 0.0681584 0.0555704 0.0413332 0.0287278 0.018631 0.0110141 0.00587957 0.00279316 0.00115529 0.000415393
 3.50913e-11 1.65052e-09 5.37565e-08 1.21235e-06 1.89325e-05 0.000204729 0.00153301 0.00794938 0.0285531 0.0711101 0.123272 0.151011 0.138037 0.109609 0.092971 0.0832893 0.0673287 0.0476875 0.031824 0.0207317 0.0126937 0.00698007 0.00334984 0.00137304 0.000471688
 3.38813e-11 1.59361e-09 5.1903e-08 1.17054e-06 1.82797e-05 0.00019767 0.00148015 0.00767528 0.0275684 0.0686564 0.119009 0.145749 0.133123 0.105628 0.0900646 0.0825063 0.0700939 0.0536107 0.0383917 0.0256741 0.0155995 0.00851854 0.00412515 0.00171653 0.000592135
 3.72878e-11 1.75384e-09 5.71214e-08 1.28823e-06 2.01176e-05 0.000217543 0.00162895 0.00844667 0.0303359 0.0755173 0.130687 0.159042 0.14202 0.105928 0.0823456 0.0709829 0.0591587 0.0455327 0.0336318 0.0237193 0.0152927 0.00873087 0.00432019 0.0018119 0.000628173
 3.58563e-11 1.68651e-09 5.49284e-08 1.23877e-06 1.93453e-05 0.000209192 0.00156643 0.00812257 0.0291739 0.0726446 0.125851 0.153792 0.139371 0.108193 0.0890037 0.0785524 0.0638314 0.0462077 0.0319641 0.0218393 0.0142309 0.00844532 0.00438244 0.00191468 0.000682279
 3.86228e-11 1.81663e-09 5.91664e-08 1.33435e-06 2.08378e-05 0.000225332 0.00168727 0.00874902 0.0314213 0.0782146 0.135322 0.164526 0.146409 0.108082 0.0824691 0.0696919 0.0567135 0.042009 0.0294416 0.0197148 0.0123192 0.00707886 0.00366236 0.00163663 0.000603129
 3.50332e-11 1.64779e-09 5.36676e-08 1.21034e-06 1.89012e-05 0.00020439 0.00153047 0.00793622 0.0285057 0.0709914 0.123061 0.150728 0.137702 0.109195 0.0924884 0.0828985 0.0672252 0.0478718 0.0321223 0.0210427 0.0130586 0.00741227 0.00375329 0.0016477 0.000605454
 3.84891e-11 1.81034e-09 5.89617e-08 1.32973e-06 2.07657e-05 0.000224552 0.00168143 0.00871874 0.0313125 0.0779428 0.134847 0.163924 0.1458 0.107505 0.0819822 0.0695697 0.0572794 0.0431867 0.0306842 0.0204866 0.0125032 0.00690513 0.00341719 0.00147347 0.000533446
 3.82429e-11 1.79876e-09 5.85844e-08 1.32123e-06 2.06329e-05 0.000223115 0.00167068 0.00866305 0.0311135 0.0774573 0.134074 0.163298 0.146238 0.109851 0.0859079 0.0730658 0.0581247 0.0411945 0.0277291 0.0183317 0.0114678 0.00648899 0.00322255 0.00137036 0.000486541
 3.73885e-11 1.75858e-09 5.72757e-08 1.29171e-06 2.01719e-05 0.000218131 0.00163336 0.00846957 0.0304193 0.0757355 0.131137 0.15993 0.143899 0.10955 0.0875667 0.0758643 0.0611723 0.043785 0.0293224 0.018824 0.0113204 0.00624502 0.00309122 0.00132355 0.000471156
 3.67734e-11 1.72964e-09 5.63333e-08 1.27046e-06 1.984e-05 0.000214542 0.00160649 0.00833026 0.0299192 0.0744932 0.129006 0.157423 0.141944 0.108717 0.0877833 0.0768148 0.0626545 0.0456356 0.0312118 0.0203364 0.0122314 0.00663736 0.00320372 0.0013429 0.000472832
 3.72323e-11 1.75123e-09 5.70364e-08 1.28631e-06 2.00876e-05 0.00021722 0.00162653 0.00843416 0.0302918 0.0754154 0.130565 0.159145 0.142919 0.10826 0.0860047 0.0745872 0.0609406 0.0448311 0.0311556 0.0206857 0.0126742 0.00696947 0.00337172 0.00139991 0.00048505
 3.72265e-11 1.75095e-09 5.70274e-08 1.28611e-06 2.00845e-05 0.000217186 0.00162628 0.00843285 0.0302872 0.0754052 0.130555 0.159171 0.143061 0.108601 0.086496 0.0749578 0.0608893 0.044355 0.0305745 0.0203159 0.0125829 0.00703495 0.00345952 0.00145207 0.000504454
 3.40856e-11 1.60322e-09 5.22159e-08 1.1776e-06 1.83899e-05 0.000198861 0.00148908 0.00772159 0.0277353 0.0690773 0.119774 0.146852 0.134648 0.107827 0.0927408 0.0844063 0.069748 0.051002 0.0350858 0.0231846 0.0142832 0.00798346 0.00395349 0.00167917 0.000590449
 3.78748e-11 1.78145e-09 5.80206e-08 1.30851e-06 2.04343e-05 0.000220968 0.0016546 0.00857961 0.030813 0.0767016 0.132714 0.161399 0.143778 0.106506 0.0819101 0.0701355 0.0583519 0.0447201 0.0325034 0.022257 0.0138959 0.00777753 0.0038462 0.00163551 0.000578102
 3.89223e-11 1.83072e-09 5.96252e-08 1.3447e-06 2.09994e-05 0.000227079 0.00170036 0.00881689 0.0316653 0.078824 0.136392 0.165896 0.147841 0.109531 0.0838119 0.0702772 0.0557973 0.0398073 0.0271586 0.0182953 0.0117082 0.00678597 0.00343897 0.00147911 0.000525122
 3.67205e-11 1.72716e-09 5.62523e-08 1.26863e-06 1.98115e-05 0.000214234 0.00160418 0.00831832 0.0298767 0.0743918 0.128859 0.157379 0.142334 0.109878 0.0895956 0.0784272 0.0630554 0.0446161 0.0295064 0.0188672 0.0114402 0.00642484 0.00325218 0.00142278 0.00051496
 3.78025e-11 1.77805e-09 5.79098e-08 1.30601e-06 2.03953e-05 0.000220546 0.00165144 0.00856328 0.0307551 0.0765643 0.132523 0.161386 0.144464 0.108451 0.0849961 0.0731274 0.0597229 0.0439938 0.0304205 0.0198689 0.0118992 0.00644023 0.00312604 0.0013289 0.000476484
 3.48914e-11 1.64113e-09 5.34504e-08 1.20544e-06 1.88247e-05 0.000203563 0.00152428 0.0079041 0.0283902 0.070703 0.122555 0.150082 0.137032 0.108522 0.0918591 0.0825974 0.0676138 0.0489403 0.0334005 0.022014 0.0135203 0.00746583 0.00362001 0.00150686 0.00052539
 3.99267e-11 1.87796e-09 6.11639e-08 1.3794e-06 2.15413e-05 0.000232939 0.00174423 0.00904428 0.0324805 0.0808389 0.13978 0.169554 0.149622 0.107789 0.0790012 0.0650791 0.0530528 0.0400385 0.0286596 0.0193645 0.0119633 0.00663829 0.00325252 0.00136616 0.000475999
#spawning biomass
 61758.1 64476.7 53791.8 36153.1 36264.2 64350.3 103038 157273 197206 218122 237707 252270 255951 266870 253789 255303 248734 257921 242593 240634 261733 265502 272832 280485 293292 290263 296153 344411 422288 540110 370272 225802 133275 80756.9 52973.8 38906.9 31984.4 28641.6 27047.8 26294.6 25940.6 25775 25697.7 25661.7 25645 25637.3 25633.7 25632.1 25631.3 25630.9 25630.8 25630.7 25630.6 25630.6 25630.6 25630.6 25630.6 25630.6 25630.6 25630.6 25630.6 25630.6 25630.6 25630.6 25630.6 25630.6 25630.6 25630.6 25630.6 25630.6 25630.6 25630.6 25630.6 25630.6 25630.6 25630.6 25630.6 25630.6 25630.6 25630.6 25630.6 25630.6 25630.6 25630.6 25630.6 25630.6 25630.6 25630.6 25630.6 25630.6 25630.6 25630.6 25630.6 25630.6 25630.6 25630.6 25630.6 25630.6 25630.6 25630.6 25630.6 25630.6 25630.6 25630.6 25630.6 25630.6 25630.6 25630.6 25630.6 25630.6 25630.6 25630.6 25630.6 25630.6 25630.6 25630.6 25630.6 25630.6 25630.6 25630.6 25630.6 25630.6 25630.6 25630.6 25630.6 25630.6 25630.6 25630.6 0 0 0 0 0 0 0 0 0 0 0 0 0 0 0 0 0 0 0 0 0 0 0 0 0
