SBPRF35
0.256306
Curr Bio
123590
B35
185778
F35
0.462547
FOFL
0.382107
OFL
51761.8
Bzero
73230.3
#pred survey bio
 50379.4 41256.8 43478.6 48938.3 49640.2 51724.8 58395.7 64498.1 64535.4 73081 79655.2 85622 93309.4 102268 115023 102661 118492 125938 122014 125716 140256 154661 157778 182108 170000 168999 190948 211995 8.5448e+06 4.99255e+06 3.51535e+06 2.34479e+06 1.61634e+06 1.2103e+06 995073 882676 823450 791436 773509 763074 756772 752844 750332 748694 747619 746907 746432 746114 745900 745756 745658 745593 745548 745518 745498 745484 745475 745469 745464 745461 745459 745458 745457 745457 745456 745456 745456 745456 745456 745456 745456 745455 745455 745455 745455 745455 745455 745455 745455 745455 745455 745455 745455 745455 745455 745455 745455 745455 745455 745455 745455 745455 745455 745455 745455 745455 745455 745455 745455 745455 745455 745455 745455 745455 745455 745455 745455 745455 745455 745455 745455 745455 745455 745455 745455 745455 745455 745455 745455 745455 745455 745455 745455 745455 745455 745455 745455 745455 0 0 0 0 0 0 0 0 0 0 0 0 0 0 0 0 0 0 0 0 0 0 0 0 0
#obs survey bio
 45328.2 40222.6 63054.9 53966.6 44389.3 55532.8 49643.2 53831.4 73679.8 76147 86357.7 112114 99406.6 111277 110268 94772.4 69402.6 133848 123979 146001 122094 160724 159485 147556 199537 215219 192066 240574
#pred catch bio
 29902 23867.9 24079.8 28450.5 28715.2 27924.2 32766 38513.7 36465.9 43250.1 46014.3 48405 51796.6 55606.9 72060.7 53281.6 69083.8 76556.4 73235.7 68299.7 76877.4 92064.4 79764.1 107857 98866.4 85179.8 97431.7 94174.5 51761.8 70978.3 47544 29851.1 19377.3 13896.3 11226.3 9982.31 9419.19 9169.11 9059.47 9011.83 8991.25 8982.4 8978.6 8976.98 8976.28 8975.99 8975.86 8975.81 8975.78 8975.77 8975.77 8975.77 8975.77 8975.77 8975.77 8975.77 8975.77 8975.77 8975.77 8975.77 8975.77 8975.77 8975.77 8975.77 8975.77 8975.77 8975.77 8975.77 8975.77 8975.77 8975.77 8975.77 8975.77 8975.77 8975.77 8975.77 8975.77 8975.77 8975.77 8975.77 8975.77 8975.77 8975.77 8975.77 8975.77 8975.77 8975.77 8975.77 8975.77 8975.77 8975.77 8975.77 8975.77 8975.77 8975.77 8975.77 8975.77 8975.77 8975.77 8975.77 8975.77 8975.77 8975.77 8975.77 8975.77 8975.77 8975.77 8975.77 8975.77 8975.77 8975.77 8975.77 8975.77 8975.77 8975.77 8975.77 8975.77 8975.77 8975.77 8975.77 8975.77 8975.77 8975.77 8975.77 8975.77 8975.77 8975.77 8975.77 0 0 0 0 0 0 0 0 0 0 0 0 0 0 0 0 0 0 0 0 0 0 0 0 0
#obs catch bio
 21351 24252.3 23279.5 27402.7 27789.6 26697.7 32698.1 40021.2 34606.8 43539.7 46528.7 45906.4 49989.1 52675.8 72879.6 52555.2 70914.9 78201.9 78038.4 66865.9 77901.2 94490.3 81310.8 109927 96329.6 80781.5 95600.2 93277.3
#pred cpue bio
 40891.2 30368.6 30969.4 35239.2 36055.4 37231 42463.2 46214.7 46385 51869.8 55975.6 61483.7 67152.2 74115 83310.1 74250.7 87029.3 89304.7 87927.9 89045.4 102536 112139 112490 135838 124668 123011 143004 157622 6.64175e+06 4.9036e+06 3.42639e+06 2.25583e+06 1.52739e+06 1.12135e+06 906120 793723 734498 702484 684557 674121 667819 663891 661379 659741 658667 657955 657480 657162 656948 656803 656706 656640 656596 656566 656546 656532 656523 656516 656512 656509 656507 656506 656505 656504 656504 656504 656504 656503 656503 656503 656503 656503 656503 656503 656503 656503 656503 656503 656503 656503 656503 656503 656503 656503 656503 656503 656503 656503 656503 656503 656503 656503 656503 656503 656503 656503 656503 656503 656503 656503 656503 656503 656503 656503 656503 656503 656503 656503 656503 656503 656503 656503 656503 656503 656503 656503 656503 656503 656503 656503 656503 656503 656503 656503 656503 656503 656503 656503 0 0 0 0 0 0 0 0 0 0 0 0 0 0 0 0 0 0 0 0 0 0 0 0 0
#obs cpue bio
 32461 31288.2 27525.9 36266 46519.4 39980.7 47320.8 45531.5 57986.8 44085.6 47928 68121.6 68580.8 83469.2 84372.8 69908.8 147093 75022 66063.6 91716.8 100230 108194 85955.8 185014 129634 118064 146045 138275
#pred surv len freq
 3.71318e-11 1.7465e-09 5.68825e-08 1.28284e-06 2.00334e-05 0.000216633 0.00162214 0.00841125 0.0302076 0.0751892 0.130057 0.157979 0.140112 0.102431 0.076915 0.0643334 0.0525212 0.0399222 0.0300619 0.0233464 0.0188714 0.0160188 0.0137651 0.010874 0.00712317
 4.15103e-11 1.95245e-09 6.35899e-08 1.43411e-06 2.23957e-05 0.000242178 0.00181341 0.00940308 0.0337697 0.0840561 0.145398 0.176628 0.156663 0.114351 0.0847894 0.0678232 0.0497058 0.0306318 0.0170898 0.00988534 0.00632514 0.00442508 0.00325019 0.00230613 0.00141932
 4.2711e-11 2.00892e-09 6.54293e-08 1.47559e-06 2.30435e-05 0.000249183 0.00186587 0.00967503 0.0347459 0.0864818 0.149565 0.181552 0.160585 0.116263 0.0849867 0.0671301 0.0486334 0.0291792 0.0150532 0.007271 0.00344839 0.00166671 0.00087201 0.000489224 0.000262632
 4.19029e-11 1.97091e-09 6.41914e-08 1.44768e-06 2.26075e-05 0.000244469 0.00183057 0.00949206 0.0340896 0.0848562 0.146808 0.178462 0.158681 0.116648 0.087484 0.0704477 0.0514044 0.0308621 0.0158291 0.00746525 0.00328869 0.00132608 0.000498645 0.000185979 7.10577e-05
 4.13386e-11 1.94437e-09 6.33269e-08 1.42818e-06 2.23031e-05 0.000241176 0.00180592 0.00936427 0.0336312 0.0837202 0.144878 0.17628 0.157273 0.116739 0.08895 0.0724697 0.0531368 0.0319727 0.016426 0.00774646 0.00338754 0.00132486 0.000454582 0.000137657 3.75656e-05
 4.19611e-11 1.97365e-09 6.42805e-08 1.44969e-06 2.26389e-05 0.000244808 0.00183311 0.00950522 0.0341368 0.0849722 0.146999 0.17865 0.158707 0.116377 0.08696 0.0699441 0.0512259 0.0310617 0.0161947 0.00776332 0.00343231 0.00134576 0.000456751 0.000132755 3.26556e-05
 4.13576e-11 1.94526e-09 6.3356e-08 1.42884e-06 2.23133e-05 0.000241287 0.00180675 0.00936856 0.0336465 0.0837564 0.144929 0.176286 0.157099 0.116248 0.0881907 0.0717936 0.0529553 0.0323568 0.017071 0.0083102 0.00373374 0.00148681 0.000511131 0.000149324 3.63373e-05
 4.22919e-11 1.98921e-09 6.47873e-08 1.46111e-06 2.28174e-05 0.000246738 0.00184756 0.00958012 0.0344054 0.0856372 0.148125 0.179901 0.159441 0.116119 0.0857992 0.0684898 0.0501326 0.030564 0.0161274 0.00787464 0.00356352 0.00143551 0.000500783 0.000148533 3.65949e-05
 4.19493e-11 1.97309e-09 6.42624e-08 1.44928e-06 2.26325e-05 0.000244739 0.00183259 0.00950256 0.0341274 0.0849509 0.146977 0.178689 0.15895 0.116978 0.0878485 0.0706809 0.0513109 0.030455 0.0153477 0.00712662 0.00311938 0.00124054 0.000432864 0.000129333 3.22198e-05
 4.27969e-11 2.01296e-09 6.55609e-08 1.47856e-06 2.30899e-05 0.000249684 0.00186962 0.00969449 0.0348158 0.0866551 0.149862 0.181896 0.160841 0.11635 0.084956 0.0671276 0.0487813 0.0294459 0.0152559 0.00723859 0.00315715 0.00122105 0.000410871 0.000119282 2.92864e-05
 4.32792e-11 2.03565e-09 6.62997e-08 1.49522e-06 2.33501e-05 0.000252498 0.00189069 0.00980371 0.0352078 0.0876284 0.151529 0.183844 0.162316 0.116869 0.0845614 0.0661069 0.0473857 0.0279265 0.0139506 0.00639457 0.00275031 0.00106811 0.000361315 0.000104186 2.50841e-05
 4.19585e-11 1.97353e-09 6.42766e-08 1.4496e-06 2.26375e-05 0.000244793 0.001833 0.00950467 0.034135 0.0849704 0.147014 0.178748 0.15905 0.117149 0.0880886 0.0709125 0.0514247 0.0303988 0.0151528 0.00687383 0.002895 0.00109366 0.000360702 0.000102386 2.44773e-05
 4.19411e-11 1.97271e-09 6.42499e-08 1.44899e-06 2.26281e-05 0.000244691 0.00183223 0.0095007 0.0341206 0.0849324 0.146934 0.178587 0.158704 0.116486 0.0871736 0.0701771 0.0513728 0.0310763 0.0161024 0.00762262 0.00330055 0.00125617 0.000410831 0.000114491 2.67789e-05
 4.15385e-11 1.95377e-09 6.36331e-08 1.43508e-06 2.24109e-05 0.000242342 0.00181465 0.00940952 0.0337935 0.0841213 0.145553 0.177011 0.157633 0.116401 0.0879883 0.0713807 0.0524641 0.0318708 0.0166595 0.0080221 0.00356678 0.00140347 0.000474335 0.000135265 3.18986e-05
 4.16379e-11 1.95845e-09 6.37854e-08 1.43852e-06 2.24645e-05 0.000242922 0.00181899 0.00943202 0.0338741 0.08432 0.145883 0.177351 0.157739 0.116072 0.0872747 0.0706373 0.0520862 0.0319506 0.0169786 0.00833163 0.00376706 0.00150736 0.000520338 0.000152333 3.6942e-05
 4.15347e-11 1.9536e-09 6.36273e-08 1.43495e-06 2.24089e-05 0.000242321 0.00181448 0.0094087 0.0337907 0.0841171 0.145563 0.177104 0.157972 0.117168 0.089098 0.0722938 0.0525606 0.0310965 0.0155715 0.00718656 0.00313964 0.00125059 0.000436861 0.000130203 3.22165e-05
 4.07675e-11 1.91751e-09 6.24521e-08 1.40845e-06 2.1995e-05 0.000237845 0.00178097 0.00923493 0.0331669 0.0825666 0.142896 0.173939 0.155414 0.115876 0.0890599 0.073381 0.0547492 0.0340116 0.0183224 0.00902898 0.00402579 0.00156747 0.000527218 0.000152832 3.74847e-05
 4.29243e-11 2.01895e-09 6.57561e-08 1.48296e-06 2.31586e-05 0.000250427 0.00187518 0.00972333 0.0349191 0.0869104 0.150289 0.182351 0.161037 0.116058 0.0842121 0.066267 0.0481954 0.0292977 0.0154523 0.00758073 0.00346698 0.00141247 0.000494961 0.000145962 3.55302e-05
 4.17163e-11 1.96214e-09 6.39055e-08 1.44123e-06 2.25068e-05 0.00024338 0.00182242 0.00944982 0.0339383 0.0844836 0.146191 0.17784 0.158539 0.117389 0.0889922 0.0719621 0.0520811 0.0305424 0.0150543 0.00680901 0.00292582 0.00115627 0.000404522 0.000121641 3.04604e-05
 4.28527e-11 2.01558e-09 6.56463e-08 1.48049e-06 2.31199e-05 0.000250009 0.00187205 0.00970712 0.0348612 0.0867686 0.150062 0.182156 0.161125 0.116663 0.0852828 0.0673393 0.0487113 0.0290825 0.0147746 0.00683283 0.00290326 0.00109514 0.0003603 0.000102934 2.50882e-05
 4.09192e-11 1.92465e-09 6.26845e-08 1.41369e-06 2.20768e-05 0.00023873 0.0017876 0.00926931 0.0332905 0.0828759 0.143442 0.174652 0.156203 0.116754 0.0899648 0.0739087 0.0544106 0.0328368 0.016925 0.00799463 0.00348176 0.00134166 0.000444681 0.00012509 2.9417e-05
 4.16029e-11 1.9568e-09 6.37318e-08 1.43731e-06 2.24457e-05 0.000242718 0.00181746 0.0094241 0.0338456 0.0842487 0.145757 0.177185 0.157552 0.115859 0.0870552 0.0705168 0.0521896 0.0322641 0.0173346 0.00857479 0.00387194 0.00153224 0.000519677 0.000149116 3.54863e-05
 4.25079e-11 1.99937e-09 6.51181e-08 1.46857e-06 2.29339e-05 0.000247998 0.00185699 0.00962904 0.034581 0.0860741 0.148879 0.180807 0.16021 0.116591 0.0859674 0.0683177 0.049542 0.0296489 0.0152077 0.00723369 0.00324046 0.00131071 0.000460611 0.000136891 3.35276e-05
 3.96692e-11 1.86585e-09 6.07696e-08 1.3705e-06 2.14024e-05 0.000231437 0.00173299 0.00898624 0.0322749 0.0803568 0.139147 0.169729 0.152788 0.116302 0.0922551 0.0775466 0.0580169 0.035748 0.0190005 0.00928112 0.00415698 0.00164722 0.00056741 0.000168056 4.17795e-05
 4.08751e-11 1.92257e-09 6.26168e-08 1.41216e-06 2.2053e-05 0.000238472 0.00178567 0.00925929 0.0332543 0.0827835 0.143267 0.17437 0.155731 0.115961 0.0889061 0.0730365 0.0542771 0.0335339 0.0180125 0.00896637 0.0041175 0.00167285 0.000585668 0.000173877 4.29303e-05
 4.12997e-11 1.94254e-09 6.32673e-08 1.42684e-06 2.22821e-05 0.00024095 0.00180422 0.00935545 0.0335995 0.0836401 0.144732 0.176068 0.156973 0.116293 0.0883825 0.0720032 0.0530562 0.0323401 0.0170331 0.00832985 0.0038033 0.00155736 0.000554754 0.000168139 4.22593e-05
 3.9512e-11 1.85846e-09 6.05287e-08 1.36507e-06 2.13176e-05 0.00023052 0.00172613 0.00895061 0.0321469 0.0800375 0.138589 0.169028 0.152094 0.115662 0.0916888 0.0772566 0.0582823 0.0365706 0.0200311 0.0101388 0.00469366 0.00191558 0.000677376 0.000205044 5.19196e-05
 4.01892e-11 1.89031e-09 6.15661e-08 1.38847e-06 2.16829e-05 0.00023447 0.0017557 0.00910393 0.0326966 0.0813971 0.140882 0.171533 0.153416 0.114736 0.0887338 0.0737855 0.0559495 0.0359051 0.0204443 0.010834 0.00523636 0.00221764 0.000805962 0.000247542 6.29523e-05
#obs surv len freq
 4.03974e-11 1.9001e-09 6.18849e-08 1.39566e-06 2.17953e-05 0.000235685 0.0017648 0.00915108 0.032866 0.0818182 0.141608 0.172406 0.154156 0.115186 0.0888764 0.0735683 0.0552899 0.0349282 0.0195225 0.0102678 0.00502176 0.00217978 0.000812007 0.000253233 6.4634e-05
 4.05942e-11 1.90936e-09 6.21865e-08 1.40246e-06 2.19015e-05 0.000236834 0.0017734 0.00919568 0.0330262 0.0822172 0.1423 0.173253 0.154928 0.115779 0.0892962 0.0737225 0.0550003 0.034171 0.0185282 0.00935408 0.00438936 0.0018481 0.000682815 0.000216731 5.72573e-05
 4.38769e-11 2.06376e-09 6.72152e-08 1.51587e-06 2.36725e-05 0.000255985 0.00191679 0.00993901 0.035693 0.0888276 0.153547 0.186031 0.163406 0.115889 0.0817315 0.0628982 0.045397 0.027594 0.0145653 0.0071157 0.00322262 0.00130484 0.000462647 0.000141817 3.67406e-05
 4.04867e-11 1.9043e-09 6.20217e-08 1.39875e-06 2.18434e-05 0.000236206 0.0017687 0.00917136 0.0329395 0.0820069 0.141974 0.173037 0.15531 0.117234 0.0916739 0.0759254 0.0557497 0.0332187 0.0167478 0.00773581 0.00333897 0.00130024 0.000444079 0.000130927 3.26426e-05
 4.33223e-11 2.03767e-09 6.63656e-08 1.49671e-06 2.33733e-05 0.000252749 0.00189256 0.00981342 0.0352425 0.087711 0.151648 0.18388 0.162002 0.115938 0.0831306 0.0648978 0.0472093 0.0288437 0.0152353 0.00733889 0.00319641 0.00121185 0.000394621 0.000110429 2.62492e-05
 3.99838e-11 1.88065e-09 6.12515e-08 1.38138e-06 2.15722e-05 0.000233273 0.00174674 0.00905751 0.032531 0.0809948 0.140255 0.171097 0.154064 0.117334 0.0930031 0.0777338 0.0572636 0.0341484 0.0172216 0.00795572 0.00342627 0.00132041 0.000439192 0.000123481 2.87986e-05
 4.28403e-11 2.015e-09 6.56272e-08 1.48006e-06 2.31132e-05 0.000249937 0.00187151 0.00970427 0.0348508 0.0867391 0.149988 0.18196 0.160615 0.11561 0.0837949 0.0661244 0.0485908 0.0301336 0.0162634 0.00800467 0.0035359 0.00134916 0.000439441 0.000122068 2.84785e-05
 4.13365e-11 1.94427e-09 6.33235e-08 1.42811e-06 2.23019e-05 0.000241164 0.00180582 0.00936378 0.0336296 0.0837163 0.144873 0.176285 0.157308 0.116827 0.0890765 0.072558 0.0531091 0.0318446 0.0162993 0.00769426 0.00339276 0.00133756 0.000453856 0.000129444 3.03916e-05
 4.20735e-11 1.97894e-09 6.44527e-08 1.45357e-06 2.26996e-05 0.000245464 0.00183802 0.00953067 0.0342282 0.085198 0.147381 0.179071 0.158944 0.116266 0.0865449 0.0694704 0.0509451 0.0310177 0.0162434 0.00777384 0.00339301 0.00130151 0.000431148 0.000122404 2.91662e-05
 4.37234e-11 2.05654e-09 6.69801e-08 1.51057e-06 2.35897e-05 0.000255089 0.00191009 0.00990428 0.0355686 0.0885209 0.153037 0.185507 0.163251 0.116417 0.0828671 0.064089 0.0460219 0.0274956 0.0140666 0.00660115 0.00286446 0.0011035 0.000366452 0.000103312 2.42871e-05
 4.1324e-11 1.94368e-09 6.33045e-08 1.42768e-06 2.22952e-05 0.000241091 0.00180528 0.00936099 0.0336198 0.0836939 0.144848 0.17632 0.157547 0.117427 0.0899877 0.0733821 0.0533659 0.0314262 0.0155261 0.00696305 0.00290181 0.00108522 0.000353341 9.85484e-05 2.30547e-05
 4.22915e-11 1.98919e-09 6.47866e-08 1.4611e-06 2.28172e-05 0.000246736 0.00184754 0.00958003 0.0344053 0.0856367 0.148125 0.179908 0.15947 0.116194 0.0859359 0.0686875 0.0503575 0.0307298 0.0161258 0.00768622 0.00329914 0.00122492 0.000387233 0.000104285 2.36895e-05
 4.25115e-11 1.99954e-09 6.51236e-08 1.4687e-06 2.29359e-05 0.000248019 0.00185715 0.00962985 0.034584 0.0860804 0.148884 0.180788 0.160115 0.116364 0.0856457 0.0680873 0.0496022 0.029983 0.0155787 0.00743706 0.00326749 0.0012641 0.000417232 0.000115447 2.63051e-05
 4.05874e-11 1.90904e-09 6.21761e-08 1.40223e-06 2.18978e-05 0.000236794 0.0017731 0.00919416 0.033021 0.0822067 0.142298 0.173331 0.155249 0.116531 0.090426 0.0747582 0.0553656 0.0337241 0.0176251 0.00844277 0.00370997 0.0014374 0.000479244 0.000135586 3.18388e-05
 4.41307e-11 2.0757e-09 6.76041e-08 1.52464e-06 2.38095e-05 0.000257466 0.00192788 0.0099965 0.0358993 0.0893394 0.15442 0.187037 0.16412 0.116029 0.0813465 0.0622572 0.0447522 0.0270488 0.014123 0.00677044 0.00297721 0.00115345 0.000384377 0.000108843 2.56931e-05
 3.64691e-11 1.71533e-09 5.58671e-08 1.25995e-06 1.96759e-05 0.000212767 0.00159321 0.00826162 0.0296759 0.0739198 0.128233 0.157509 0.14529 0.11789 0.102095 0.090212 0.0678165 0.0407295 0.0206169 0.00953653 0.00410006 0.00157705 0.000526042 0.000149418 3.53695e-05
 4.56663e-11 2.14792e-09 6.99565e-08 1.5777e-06 2.4638e-05 0.000266424 0.00199496 0.0103442 0.0371461 0.0924242 0.15963 0.19277 0.167294 0.114336 0.0752912 0.0550994 0.0399718 0.0256338 0.0146795 0.00764533 0.00349629 0.00135489 0.000443673 0.00012344 2.88578e-05
 3.82445e-11 1.79883e-09 5.85869e-08 1.32128e-06 2.06337e-05 0.000223125 0.00167076 0.00866368 0.0311186 0.0774984 0.134338 0.164528 0.150227 0.118714 0.0990752 0.08515 0.0624977 0.0361626 0.0172961 0.00760997 0.00326295 0.00131058 0.000461492 0.00013595 3.25713e-05
 4.351e-11 2.0465e-09 6.66532e-08 1.5032e-06 2.34746e-05 0.000253844 0.00190077 0.00985592 0.0353946 0.0880854 0.152266 0.18449 0.162096 0.115088 0.0814781 0.0633098 0.0466341 0.0294067 0.0162339 0.00808294 0.00353079 0.00130997 0.00041583 0.000115133 2.74843e-05
 4.07298e-11 1.91573e-09 6.23942e-08 1.40715e-06 2.19746e-05 0.000237625 0.00177932 0.00922642 0.0331369 0.0824957 0.142802 0.173957 0.155849 0.117041 0.0908071 0.0748202 0.0548866 0.0328034 0.0167063 0.00788326 0.00350464 0.00139749 0.000476604 0.000135127 3.13278e-05
 3.97909e-11 1.87157e-09 6.09558e-08 1.37471e-06 2.14681e-05 0.000232147 0.00173831 0.00901378 0.0323737 0.0806009 0.139557 0.170172 0.153003 0.116091 0.0916767 0.0769336 0.0577167 0.0358104 0.0191935 0.00938922 0.00415197 0.00160217 0.000533263 0.000152318 3.64879e-05
 4.27705e-11 2.01172e-09 6.55204e-08 1.47765e-06 2.30756e-05 0.00024953 0.00186846 0.00968847 0.0347941 0.0865984 0.149747 0.181681 0.160409 0.115547 0.0838472 0.0662054 0.0486379 0.0301741 0.016377 0.00820855 0.00375228 0.00149833 0.000510305 0.00014639 3.48028e-05
 3.9306e-11 1.84877e-09 6.02131e-08 1.35796e-06 2.12065e-05 0.000229318 0.00171713 0.00890401 0.0319802 0.0796287 0.137925 0.168421 0.152193 0.117045 0.0941748 0.0796241 0.0591513 0.0357007 0.0183789 0.00873295 0.00388239 0.00155165 0.000538966 0.00015889 3.87379e-05
 4.01243e-11 1.88725e-09 6.14667e-08 1.38623e-06 2.1648e-05 0.000234092 0.00175287 0.00908924 0.0326441 0.0812669 0.140662 0.171295 0.153297 0.114853 0.0890979 0.0743045 0.0564781 0.0362736 0.0205005 0.0105765 0.00485509 0.00191629 0.000647079 0.000187084 4.55401e-05
 4.21952e-11 1.98466e-09 6.4639e-08 1.45777e-06 2.27652e-05 0.000246173 0.00184333 0.00955819 0.0343267 0.0854398 0.147776 0.179444 0.158932 0.115541 0.0851737 0.0680479 0.0501843 0.0311623 0.0169946 0.00866423 0.00409411 0.00170997 0.000610228 0.000182001 4.45012e-05
 3.98601e-11 1.87483e-09 6.10619e-08 1.3771e-06 2.15054e-05 0.000232551 0.00174133 0.00902947 0.0324301 0.0807418 0.139804 0.170489 0.153334 0.116423 0.0919665 0.0770018 0.0573721 0.0351371 0.018557 0.0090736 0.00412816 0.00168469 0.000601092 0.000183586 4.65852e-05
 3.88309e-11 1.82642e-09 5.94853e-08 1.34154e-06 2.09501e-05 0.000226546 0.00169637 0.00879638 0.0315935 0.0786646 0.136246 0.166333 0.150191 0.115324 0.0928158 0.07917 0.0603145 0.0383406 0.0213392 0.0109105 0.00503327 0.00202207 0.00070009 0.000208027 5.20914e-05
 4.01377e-11 1.88788e-09 6.14871e-08 1.38669e-06 2.16552e-05 0.00023417 0.00175345 0.00909226 0.0326549 0.0812936 0.140707 0.171339 0.153305 0.114785 0.0889299 0.074036 0.0561505 0.0360112 0.0204661 0.0108021 0.00518287 0.0021691 0.000775085 0.000233116 5.79626e-05
#pred catch len freq
 3.08158e-11 1.44943e-09 4.72069e-08 1.06463e-06 1.66258e-05 0.000179785 0.00134623 0.00698091 0.0250751 0.0624565 0.108324 0.132952 0.122354 0.098952 0.0863947 0.0798412 0.0674959 0.0517454 0.0390259 0.0303138 0.0245038 0.0207998 0.0178734 0.0141194 0.00924916
 3.59284e-11 1.6899e-09 5.50389e-08 1.24126e-06 1.93841e-05 0.000209613 0.00156958 0.00813909 0.0292351 0.0728167 0.126283 0.154942 0.142379 0.114439 0.0979718 0.0862645 0.0654559 0.0407168 0.0227641 0.0131724 0.00842873 0.00589677 0.00433114 0.0030731 0.00189135
 3.71683e-11 1.74822e-09 5.69383e-08 1.2841e-06 2.00531e-05 0.000216846 0.00162375 0.00841993 0.0302435 0.0753241 0.130603 0.16011 0.146704 0.117036 0.0991554 0.0866065 0.0650967 0.0394483 0.0203975 0.00985661 0.00467493 0.00225954 0.00118218 0.000663237 0.000356048
 3.65007e-11 1.71682e-09 5.59157e-08 1.26104e-06 1.96929e-05 0.000212952 0.00159459 0.00826879 0.0297014 0.0739819 0.128329 0.157577 0.145192 0.117491 0.101436 0.0895878 0.0675726 0.0409321 0.0210368 0.00992509 0.00437256 0.00176313 0.00066299 0.000247275 9.44772e-05
 3.5782e-11 1.68302e-09 5.48147e-08 1.23621e-06 1.93052e-05 0.000208759 0.0015632 0.00810605 0.0291176 0.0725352 0.125871 0.154798 0.143398 0.117607 0.103303 0.092164 0.0697811 0.0423495 0.0217998 0.0102845 0.00449766 0.00175904 0.000603555 0.00018277 4.98764e-05
 3.60924e-11 1.69761e-09 5.52902e-08 1.24693e-06 1.94726e-05 0.00021057 0.00157675 0.00817631 0.0293695 0.0731583 0.126922 0.155948 0.14401 0.117199 0.101982 0.0906303 0.0687887 0.0421119 0.0220037 0.0105522 0.00466559 0.00182932 0.000620871 0.000180457 4.43895e-05
 3.55958e-11 1.67426e-09 5.45294e-08 1.22977e-06 1.92047e-05 0.000207673 0.00155506 0.00806386 0.028966 0.0721575 0.125215 0.153987 0.142637 0.116982 0.102832 0.0920083 0.0701721 0.0432598 0.0228691 0.0111368 0.00500395 0.00199262 0.000685021 0.000200124 4.86994e-05
 3.71581e-11 1.74774e-09 5.69228e-08 1.28375e-06 2.00476e-05 0.000216787 0.00162331 0.00841763 0.0302351 0.0753025 0.13056 0.160032 0.146553 0.116771 0.0988395 0.0864929 0.0654629 0.0402706 0.0212924 0.0104004 0.00470675 0.00189605 0.000661445 0.000196185 4.83353e-05
 3.63708e-11 1.71071e-09 5.57167e-08 1.25655e-06 1.96229e-05 0.000212194 0.00158892 0.00823939 0.0295961 0.0737224 0.127899 0.157138 0.145073 0.117964 0.10242 0.090581 0.0680218 0.0407439 0.0205763 0.00955832 0.004184 0.00166394 0.0005806 0.000173475 4.32164e-05
 3.77195e-11 1.77414e-09 5.77827e-08 1.30314e-06 2.03505e-05 0.000220062 0.00164783 0.00854475 0.0306913 0.0764342 0.132492 0.162258 0.148138 0.11709 0.0979972 0.0850672 0.0639948 0.0389926 0.0202452 0.00960968 0.00419154 0.00162112 0.00054549 0.000158364 3.88818e-05
 3.81592e-11 1.79482e-09 5.84563e-08 1.31833e-06 2.05877e-05 0.000222627 0.00166703 0.00864434 0.0310488 0.0773227 0.13402 0.16407 0.149598 0.117817 0.0979998 0.0844298 0.0627434 0.0373442 0.0186982 0.00857452 0.00368813 0.00143234 0.000484524 0.000139714 3.36377e-05
 3.63884e-11 1.71154e-09 5.57436e-08 1.25716e-06 1.96323e-05 0.000212297 0.00158968 0.00824337 0.0296104 0.0737587 0.127965 0.157237 0.145219 0.118192 0.102729 0.0908734 0.0681592 0.0406592 0.0203101 0.00921712 0.00388213 0.00146658 0.000483697 0.000137298 3.28237e-05
 3.62422e-11 1.70466e-09 5.55197e-08 1.25211e-06 1.95535e-05 0.000211444 0.0015833 0.00821024 0.0294913 0.0734605 0.127439 0.156547 0.144448 0.117321 0.101818 0.0903213 0.0684577 0.0417987 0.0217043 0.0102785 0.00445076 0.00169394 0.000554004 0.00015439 3.61113e-05
 3.56187e-11 1.67534e-09 5.45646e-08 1.23057e-06 1.92171e-05 0.000207806 0.00155606 0.00806906 0.0289847 0.0722047 0.1253 0.154109 0.142802 0.117218 0.103122 0.0922278 0.0701701 0.0430218 0.0225355 0.0108557 0.0048269 0.00189931 0.000641918 0.000183055 4.31685e-05
 3.67229e-11 1.72727e-09 5.62561e-08 1.26871e-06 1.98128e-05 0.000214248 0.00160429 0.00831907 0.0298815 0.0744256 0.129066 0.158324 0.145383 0.116657 0.0997042 0.08783 0.0667631 0.0412878 0.0219805 0.0107896 0.00487865 0.00195216 0.000673883 0.000197285 4.7843e-05
 3.53458e-11 1.6625e-09 5.41465e-08 1.22114e-06 1.90698e-05 0.000206214 0.00154414 0.00800729 0.0287635 0.0716598 0.124398 0.1532 0.142596 0.118305 0.105326 0.0944214 0.0711033 0.0424661 0.0213115 0.0098398 0.00429904 0.00171242 0.000598187 0.000178286 4.41136e-05
 3.51394e-11 1.65279e-09 5.38303e-08 1.21401e-06 1.89585e-05 0.00020501 0.00153512 0.0079605 0.028595 0.0712362 0.123635 0.152137 0.141221 0.11645 0.10316 0.0929717 0.0715764 0.0448344 0.0241971 0.0119278 0.00531854 0.00207082 0.000696519 0.00020191 4.95219e-05
 3.80623e-11 1.79027e-09 5.8308e-08 1.31499e-06 2.05355e-05 0.000222062 0.0016628 0.00862238 0.0309696 0.0771229 0.133654 0.163535 0.148835 0.11668 0.096568 0.0833154 0.0626985 0.0384681 0.0203316 0.00997823 0.00456369 0.00185929 0.000651535 0.000192135 4.67697e-05
 3.65083e-11 1.71718e-09 5.59273e-08 1.2613e-06 1.9697e-05 0.000212996 0.00159492 0.00827053 0.0297079 0.0740012 0.128383 0.157737 0.145635 0.118425 0.102765 0.0906822 0.0677051 0.0400406 0.0197749 0.00894755 0.00384496 0.00151952 0.000531606 0.000159856 4.00298e-05
 3.72379e-11 1.75149e-09 5.7045e-08 1.28651e-06 2.00907e-05 0.000217253 0.00162679 0.00843573 0.0303003 0.0754668 0.130857 0.160457 0.147131 0.117599 0.0998748 0.0873256 0.0655698 0.0395452 0.0201367 0.00931673 0.00395891 0.00149335 0.000491312 0.000140362 3.42107e-05
 3.49213e-11 1.64253e-09 5.34962e-08 1.20647e-06 1.88408e-05 0.000203738 0.0015256 0.00791114 0.0284184 0.0708023 0.122925 0.151461 0.141218 0.117675 0.105434 0.095151 0.0723831 0.0440659 0.0227579 0.0107538 0.00468367 0.00180482 0.000598189 0.000168272 3.95721e-05
 3.62939e-11 1.70709e-09 5.55989e-08 1.25389e-06 1.95814e-05 0.000211745 0.00158555 0.00822192 0.0295329 0.0735607 0.127589 0.156622 0.144175 0.116422 0.100383 0.0890107 0.068043 0.0424284 0.0228394 0.0113017 0.00510349 0.00201961 0.000684974 0.000196547 4.67737e-05
 3.63947e-11 1.71183e-09 5.57533e-08 1.25738e-06 1.96358e-05 0.000212334 0.00158996 0.00824479 0.0296153 0.0737688 0.127969 0.157175 0.144952 0.11756 0.101773 0.0899818 0.0678177 0.0410108 0.0210859 0.0100342 0.00449528 0.00181828 0.000638981 0.000189902 4.65111e-05
 3.39496e-11 1.59683e-09 5.20076e-08 1.1729e-06 1.83166e-05 0.000198069 0.00148315 0.00769108 0.0276287 0.0688426 0.119576 0.147586 0.138408 0.116982 0.10672 0.0975609 0.0751126 0.0466313 0.0248269 0.0121308 0.00543355 0.00215308 0.00074166 0.000219666 5.46099e-05
 3.52506e-11 1.65802e-09 5.40007e-08 1.21785e-06 1.90185e-05 0.000205659 0.00153998 0.00798568 0.0286854 0.0714606 0.12402 0.152587 0.141562 0.116566 0.103034 0.0926241 0.0710447 0.0442621 0.0238196 0.011861 0.00544699 0.00221301 0.000774778 0.000230021 5.67923e-05
 3.48864e-11 1.64089e-09 5.34428e-08 1.20527e-06 1.8822e-05 0.000203534 0.00152407 0.00790323 0.0283898 0.0707297 0.122789 0.15125 0.140882 0.117125 0.104697 0.0945061 0.0721924 0.0444282 0.0234505 0.0114727 0.00523857 0.00214508 0.000764107 0.000231591 5.82072e-05
 3.28052e-11 1.543e-09 5.02545e-08 1.13336e-06 1.76991e-05 0.000191392 0.00143316 0.00743192 0.0266986 0.0665349 0.115634 0.143031 0.135127 0.116223 0.108306 0.100425 0.0782557 0.0495193 0.0271739 0.0137586 0.00636968 0.00259961 0.000919258 0.000278263 7.04595e-05
 3.29081e-11 1.54784e-09 5.04121e-08 1.13692e-06 1.77546e-05 0.000191992 0.00143765 0.00745518 0.0267817 0.0667368 0.11595 0.143261 0.134837 0.114997 0.10626 0.098483 0.0775061 0.0502207 0.028655 0.0151903 0.00734221 0.0031095 0.00113009 0.000347095 8.82695e-05
#obs catch len freq
 3.30634e-11 1.55514e-09 5.06499e-08 1.14228e-06 1.78384e-05 0.000192898 0.00144443 0.0074903 0.0269074 0.0670443 0.116446 0.143698 0.134699 0.113819 0.104214 0.0966209 0.0769983 0.0512006 0.0301823 0.0163278 0.00786274 0.00325503 0.00114811 0.000343715 8.61963e-05
 3.48908e-11 1.6411e-09 5.34494e-08 1.20542e-06 1.88244e-05 0.00020356 0.00152426 0.00790416 0.0283927 0.0707308 0.122751 0.151017 0.140082 0.115328 0.102044 0.0921523 0.0715294 0.0457482 0.025785 0.0136531 0.00670508 0.00291648 0.00108757 0.000339362 8.66466e-05
 3.5488e-11 1.66919e-09 5.43643e-08 1.22605e-06 1.91466e-05 0.000207044 0.00155035 0.00803942 0.0288782 0.0719367 0.12482 0.153447 0.141966 0.116109 0.101801 0.0912256 0.070154 0.0440802 0.0240801 0.012232 0.00576254 0.00243124 0.000899217 0.000285585 7.54722e-05
 3.90002e-11 1.83438e-09 5.97446e-08 1.34739e-06 2.10415e-05 0.000227534 0.00170377 0.00883473 0.0317315 0.0790099 0.136857 0.167136 0.151098 0.116362 0.0939081 0.0798225 0.0599301 0.0369463 0.0196676 0.0096749 0.00440151 0.00178642 0.000634182 0.000194534 5.04184e-05
 3.54021e-11 1.66514e-09 5.42326e-08 1.22308e-06 1.91002e-05 0.000206543 0.0015466 0.00802002 0.0288092 0.0717718 0.124581 0.153377 0.142604 0.118007 0.104776 0.0939193 0.0709732 0.0427308 0.0216936 0.0100845 0.00437264 0.00170699 0.000583726 0.000172217 4.2954e-05
 3.85477e-11 1.8131e-09 5.90514e-08 1.33176e-06 2.07973e-05 0.000224894 0.001684 0.00873227 0.0313639 0.0780989 0.135308 0.165381 0.149949 0.116397 0.0950538 0.081491 0.0614935 0.0380673 0.0202653 0.00982333 0.00429605 0.00163233 0.000532181 0.000149032 3.54412e-05
 3.46368e-11 1.62915e-09 5.30602e-08 1.19664e-06 1.86873e-05 0.000202078 0.00151317 0.00784672 0.0281875 0.0702314 0.121964 0.150421 0.140701 0.118144 0.106779 0.0966543 0.0732739 0.044157 0.0224311 0.0104326 0.00451469 0.00174438 0.000580965 0.000163457 3.81381e-05
 3.78851e-11 1.78193e-09 5.80364e-08 1.30887e-06 2.04399e-05 0.000221029 0.00165506 0.00858223 0.0308255 0.0767628 0.133025 0.162742 0.148044 0.11595 0.0959718 0.0831811 0.0633929 0.0398369 0.0216738 0.0107349 0.0047609 0.00182043 0.000593639 0.000165021 3.85171e-05
 3.62441e-11 1.70475e-09 5.55225e-08 1.25217e-06 1.95545e-05 0.000211455 0.00158338 0.00821068 0.029493 0.0734653 0.127451 0.156583 0.144545 0.117519 0.102077 0.0904708 0.0683255 0.0414344 0.0213655 0.0101529 0.00449749 0.00177738 0.000603821 0.000172327 4.04757e-05
 3.72357e-11 1.75139e-09 5.70415e-08 1.28643e-06 2.00895e-05 0.000217239 0.00162669 0.00843518 0.0302982 0.0754586 0.130825 0.160334 0.146757 0.116786 0.0987037 0.0863438 0.0654166 0.0402986 0.0212584 0.010236 0.00448576 0.00172441 0.000571904 0.000162476 3.87302e-05
 3.92185e-11 1.84465e-09 6.0079e-08 1.35493e-06 2.11592e-05 0.000228807 0.0017133 0.00888418 0.0319091 0.0794523 0.137624 0.168078 0.151961 0.117031 0.0943735 0.0799489 0.0595048 0.0360003 0.0185539 0.00876111 0.00381788 0.00147412 0.000490096 0.00013826 3.25155e-05
 3.62019e-11 1.70276e-09 5.54578e-08 1.25071e-06 1.95317e-05 0.000211209 0.00158154 0.00820113 0.0294591 0.0733836 0.12733 0.156529 0.144797 0.118317 0.103351 0.0916549 0.0687442 0.0409293 0.0203663 0.00919514 0.00385094 0.00144411 0.000470848 0.000131422 3.07592e-05
 3.71666e-11 1.74814e-09 5.69357e-08 1.28404e-06 2.00522e-05 0.000216837 0.00162367 0.00841953 0.0302421 0.0753192 0.130587 0.160056 0.14655 0.116724 0.0987897 0.08655 0.0657097 0.0406104 0.0214812 0.0103064 0.00444308 0.00165351 0.000523391 0.000141065 3.20604e-05
 3.72494e-11 1.75203e-09 5.70626e-08 1.28691e-06 2.00969e-05 0.00021732 0.00162729 0.0084383 0.0303095 0.0754872 0.130878 0.160415 0.14688 0.116977 0.0989357 0.0864858 0.0653296 0.0400121 0.0209646 0.0100802 0.00445015 0.00172603 0.000570441 0.000157956 3.60074e-05
 3.56736e-11 1.67791e-09 5.46486e-08 1.23246e-06 1.92467e-05 0.000208126 0.00155846 0.00808147 0.0290293 0.0723145 0.125484 0.154302 0.142878 0.117077 0.102799 0.0919103 0.0700539 0.0431205 0.0226909 0.0109334 0.00482342 0.00187273 0.000625069 0.000176953 4.15683e-05
 3.9173e-11 1.84251e-09 6.00093e-08 1.35336e-06 2.11347e-05 0.000228542 0.00171132 0.00887387 0.031872 0.0793587 0.137455 0.167837 0.151636 0.116573 0.093821 0.0795549 0.0595702 0.0365345 0.0192427 0.00929089 0.00410493 0.00159436 0.000532009 0.000150762 3.56049e-05
 3.08679e-11 1.45188e-09 4.72867e-08 1.06643e-06 1.66539e-05 0.00018009 0.00134854 0.0069933 0.025126 0.0626447 0.109071 0.135846 0.131278 0.118708 0.116482 0.109998 0.0845886 0.051249 0.0261174 0.0121599 0.00525247 0.00202544 0.000676479 0.000192285 4.55357e-05
 4.14458e-11 1.94941e-09 6.3491e-08 1.43188e-06 2.23609e-05 0.000241801 0.00181059 0.00938846 0.0337173 0.0839254 0.145172 0.176353 0.156432 0.114284 0.0851698 0.0692171 0.0525235 0.034226 0.0197632 0.01035 0.00474834 0.00184318 0.000604163 0.000168201 3.93383e-05
 3.28594e-11 1.54555e-09 5.03375e-08 1.13524e-06 1.77284e-05 0.000191709 0.00143553 0.00744431 0.0267444 0.0666599 0.115927 0.143749 0.13691 0.119841 0.11339 0.104553 0.0786253 0.0458938 0.0220912 0.00978681 0.00421927 0.00169968 0.000599299 0.000176657 4.23383e-05
 3.85398e-11 1.81272e-09 5.90392e-08 1.33148e-06 2.07931e-05 0.000224848 0.00168365 0.00873044 0.031357 0.0780779 0.135247 0.16519 0.149411 0.115264 0.0934611 0.0802444 0.0614993 0.0393442 0.0219039 0.0109741 0.004812 0.001789 0.000568592 0.00015756 3.76326e-05
 3.5368e-11 1.66354e-09 5.41804e-08 1.22191e-06 1.90818e-05 0.000206344 0.00154511 0.00801229 0.0287814 0.0717024 0.124459 0.153217 0.142425 0.117802 0.104539 0.0937093 0.0708939 0.0428498 0.0219911 0.0104508 0.00466911 0.00186664 0.000637391 0.000180832 4.19404e-05
 3.44022e-11 1.61811e-09 5.27009e-08 1.18854e-06 1.85608e-05 0.000200709 0.00150292 0.00779356 0.0279962 0.0697519 0.121112 0.149278 0.139352 0.116505 0.104982 0.0955313 0.0738119 0.0463089 0.0250085 0.0123111 0.00546639 0.00211402 0.000704474 0.000201367 4.82588e-05
 3.77327e-11 1.77476e-09 5.78029e-08 1.3036e-06 2.03576e-05 0.000220139 0.0016484 0.00854771 0.0307016 0.0764556 0.132501 0.162139 0.147618 0.115866 0.0961812 0.0834869 0.0636289 0.0400074 0.0218945 0.0110462 0.00507032 0.00202898 0.000691818 0.000198592 4.72324e-05
 3.33074e-11 1.56662e-09 5.10238e-08 1.15072e-06 1.79701e-05 0.000194322 0.0014551 0.00754569 0.0271074 0.0675531 0.117401 0.145204 0.137131 0.117799 0.1094 0.100648 0.0770584 0.0470454 0.0244234 0.0116958 0.00522781 0.00209536 0.000728874 0.000215043 5.2452e-05
 3.45945e-11 1.62716e-09 5.29955e-08 1.19518e-06 1.86645e-05 0.000201831 0.00151132 0.00783706 0.0281518 0.0701321 0.121722 0.149799 0.139109 0.114881 0.102177 0.0929053 0.0729145 0.04741 0.0270127 0.014023 0.00646146 0.00255541 0.000863877 0.000249944 6.08688e-05
 3.68014e-11 1.73096e-09 5.63763e-08 1.27143e-06 1.98552e-05 0.000214706 0.00160772 0.00833682 0.029945 0.0745803 0.129311 0.158517 0.145223 0.115852 0.0983268 0.0864834 0.0661702 0.0416543 0.0229181 0.0117681 0.00558593 0.00233839 0.00083545 0.000249335 6.09884e-05
 3.40261e-11 1.60043e-09 5.21248e-08 1.17555e-06 1.83579e-05 0.000198515 0.00148649 0.00770841 0.0276909 0.0689967 0.119838 0.147883 0.138604 0.116976 0.106513 0.0972274 0.0747465 0.0463272 0.0246746 0.0121549 0.00555761 0.002274 0.000812445 0.000248322 6.30388e-05
 3.2871e-11 1.54609e-09 5.03553e-08 1.13564e-06 1.77346e-05 0.000191776 0.00143603 0.00744679 0.0267519 0.0666642 0.115837 0.143182 0.134955 0.115476 0.107084 0.0993486 0.0780202 0.0501949 0.0281757 0.0145053 0.00672032 0.00270592 0.000938027 0.000278939 6.98807e-05
#spawning biomass
 35002.5 23609 23224.4 26713.8 27572.8 28219 32526.1 34872.9 35084.5 38741.3 41340.7 46450.7 50882.8 56568.2 63568.9 56514.7 67355.2 66659 66659.9 66340.4 78925.2 85676.9 84401.6 106689 96333.7 94315 112814 123590 155085 221145 149565 92717.7 59058 41443.8 32863.2 28865.3 27055.6 26252 25899.6 25746.5 25680.4 25651.9 25639.7 25634.5 25632.3 25631.3 25630.9 25630.7 25630.7 25630.6 25630.6 25630.6 25630.6 25630.6 25630.6 25630.6 25630.6 25630.6 25630.6 25630.6 25630.6 25630.6 25630.6 25630.6 25630.6 25630.6 25630.6 25630.6 25630.6 25630.6 25630.6 25630.6 25630.6 25630.6 25630.6 25630.6 25630.6 25630.6 25630.6 25630.6 25630.6 25630.6 25630.6 25630.6 25630.6 25630.6 25630.6 25630.6 25630.6 25630.6 25630.6 25630.6 25630.6 25630.6 25630.6 25630.6 25630.6 25630.6 25630.6 25630.6 25630.6 25630.6 25630.6 25630.6 25630.6 25630.6 25630.6 25630.6 25630.6 25630.6 25630.6 25630.6 25630.6 25630.6 25630.6 25630.6 25630.6 25630.6 25630.6 25630.6 25630.6 25630.6 25630.6 25630.6 25630.6 25630.6 25630.6 25630.6 0 0 0 0 0 0 0 0 0 0 0 0 0 0 0 0 0 0 0 0 0 0 0 0 0
