SBPRF35
0.178135
Curr Bio
132549
B35
202419
F35
0.651496
FOFL
0.651496
OFL
76881.6
Bzero
50895.7
#pred survey bio
 7343.83 8084.75 10865 12314.8 20457.8 31492.5 30753.9 37043.4 45604.4 57004.5 74642.5 96983.6 127029 149454 158894 134462 119258 115288 107171 110417 123103 133759 140798 142931 143563 158537 149335 141509 145531 5.29288e+06 4.42232e+06 2.75623e+06 1.60207e+06 1.00188e+06 714587 578595 512220 478083 459529 448977 442783 439079 436839 435471 434631 434129 433827 433646 433537 433471 433431 433407 433393 433384 433379 433375 433373 433372 433372 433371 433371 433371 433371 433371 433371 433371 433371 433371 433371 433371 433371 433371 433371 433371 433371 433371 433371 433371 433371 433371 433371 433371 433371 433371 433371 433371 433371 433371 433371 433371 433371 433371 433371 433371 433371 433371 433371 433371 433371 433371 433371 433371 433371 433371 433371 433371 433371 433371 433371 433371 433371 433371 433371 433371 433371 433371 433371 433371 433371 433371 433371 433371 433371 433371 433371 433371 433371 433371 433371 0 0 0 0 0 0 0 0 0 0 0 0 0 0 0 0 0 0 0 0 0 0 0 0 0
#obs survey bio
 6487.73 6834.06 9796.69 11325.1 19687.5 34365 28443.8 32269.1 37032.4 50513.2 82477.2 94985.5 133224 121567 121257 123490 101883 101345 89785.7 102823 125402 128896 146502 162177 166978 133229 196336 108480 127280
#pred catch bio
 3871.23 4230.45 6472 6907.53 9439.5 18679.9 18032.1 23048.4 28875.2 35801.6 48057.2 61119.9 82396.5 95453 112643 96556.7 84641.4 84164.1 76065.1 76476.8 86769.2 96015.4 103681 108163 104695 122148 113451 106892 51769.5 76881.6 76485.5 44123.7 22911.7 12972.3 8863.63 7288.22 6714.14 6512.35 6443.26 6420.06 6412.39 6409.87 6409.06 6408.8 6408.71 6408.68 6408.68 6408.67 6408.67 6408.67 6408.67 6408.67 6408.67 6408.67 6408.67 6408.67 6408.67 6408.67 6408.67 6408.67 6408.67 6408.67 6408.67 6408.67 6408.67 6408.67 6408.67 6408.67 6408.67 6408.67 6408.67 6408.67 6408.67 6408.67 6408.67 6408.67 6408.67 6408.67 6408.67 6408.67 6408.67 6408.67 6408.67 6408.67 6408.67 6408.67 6408.67 6408.67 6408.67 6408.67 6408.67 6408.67 6408.67 6408.67 6408.67 6408.67 6408.67 6408.67 6408.67 6408.67 6408.67 6408.67 6408.67 6408.67 6408.67 6408.67 6408.67 6408.67 6408.67 6408.67 6408.67 6408.67 6408.67 6408.67 6408.67 6408.67 6408.67 6408.67 6408.67 6408.67 6408.67 6408.67 6408.67 6408.67 6408.67 6408.67 6408.67 6408.67 6408.67 0 0 0 0 0 0 0 0 0 0 0 0 0 0 0 0 0 0 0 0 0 0 0 0 0
#obs catch bio
 4361.29 4231.29 6456.42 6896.17 9237.93 18041.2 17582.6 22635.3 28873.9 35739 47406.4 60210.1 80851.4 94303.4 112278 95807.9 83390 85395.6 75269 75487.2 84195.9 92667.8 99566.3 104427 100614 119936 108569 105162 51104.4
#pred cpue bio
 6191.98 6247.39 8363.66 9531.36 14784.6 24682 24643.4 27998.9 34275.1 42534.9 55413.7 71602 94492 112418 122750 103436 90228.9 86611.7 80261.4 82096.9 91209.3 98988.6 104059 105162 104523 115745 109374 104233 105521 4.32097e+06 4.28798e+06 2.71026e+06 1.55345e+06 952569 665206 529208 462832 428695 410141 399589 393396 389691 387451 386083 385243 384741 384439 384258 384149 384083 384043 384019 384005 383996 383991 383988 383986 383984 383984 383983 383983 383983 383983 383983 383983 383983 383983 383983 383983 383983 383983 383983 383983 383983 383983 383983 383983 383983 383983 383983 383983 383983 383983 383983 383983 383983 383983 383983 383983 383983 383983 383983 383983 383983 383983 383983 383983 383983 383983 383983 383983 383983 383983 383983 383983 383983 383983 383983 383983 383983 383983 383983 383983 383983 383983 383983 383983 383983 383983 383983 383983 383983 383983 383983 383983 383983 383983 383983 383983 0 0 0 0 0 0 0 0 0 0 0 0 0 0 0 0 0 0 0 0 0 0 0 0 0
#obs cpue bio
 5421.56 7614.54 9421.84 11373.5 27182.3 35393.7 44809.8 34964.3 37133.7 49475.3 72084.9 88944.2 127355 148532 166187 137257 132216 67842.1 130666 109891 162701 184263 190102 157678 169838 164018 190898 162506 135734
#pred surv len freq
 2.56837e-27 2.60238e-27 4.54842e-26 9.05531e-20 2.2198e-14 6.57767e-10 2.35601e-06 0.00102006 0.0533864 0.337737 0.25847 0.0364689 0.0959967 0.0886851 0.0237285 0.0321493 0.0152583 0.0137191 0.00937849 0.00777684 0.00654161 0.00597362 0.00626253 0.00569322 0.00175241
 2.57064e-27 2.6082e-27 5.01826e-26 1.00463e-19 2.46273e-14 7.29751e-10 2.61385e-06 0.0011317 0.0592289 0.374698 0.286734 0.0391047 0.0961996 0.0885038 0.0173235 0.0173282 0.00676888 0.00433278 0.00243945 0.00171878 0.00126388 0.00102851 0.000980379 0.000905349 0.000306869
 2.57027e-27 2.60714e-27 4.91651e-26 9.83161e-20 2.4101e-14 7.14156e-10 2.55799e-06 0.00110751 0.0579631 0.366691 0.280636 0.040125 0.108249 0.0995726 0.0184279 0.0169975 0.00569671 0.00229502 0.000941178 0.000478383 0.000278026 0.000190144 0.000157799 0.000140515 4.96942e-05
 2.56995e-27 2.60628e-27 4.83897e-26 9.66804e-20 2.37e-14 7.02274e-10 2.51543e-06 0.00108908 0.0569988 0.36059 0.275983 0.0404399 0.113915 0.104803 0.0194003 0.0178896 0.00582868 0.00205207 0.000643146 0.000200953 7.51104e-05 3.7517e-05 2.50295e-05 2.01888e-05 7.16314e-06
 2.57251e-27 2.61323e-27 5.45525e-26 1.09681e-19 2.68871e-14 7.96712e-10 2.85369e-06 0.00123554 0.0646636 0.409079 0.312978 0.0385178 0.0732956 0.067344 0.0132163 0.0132097 0.00431757 0.00152968 0.000455064 0.000115369 2.5752e-05 7.23082e-06 3.21813e-06 2.13157e-06 7.29219e-07
 2.5693e-27 2.60444e-27 4.67069e-26 9.31302e-20 2.28297e-14 6.76486e-10 2.42306e-06 0.00104909 0.0549057 0.347349 0.265888 0.0414184 0.128454 0.118105 0.0196871 0.0152003 0.00509654 0.00203947 0.000615956 0.000154192 2.90757e-05 4.7476e-06 1.00806e-06 4.41123e-07 1.37037e-07
 2.56844e-27 2.60223e-27 4.48712e-26 8.9258e-20 2.18805e-14 6.48359e-10 2.32231e-06 0.00100547 0.0526228 0.332907 0.254852 0.0409301 0.132492 0.122089 0.0250649 0.0264479 0.00827642 0.0023499 0.000719291 0.000198361 3.75311e-05 5.23818e-06 5.67047e-07 1.05447e-07 2.56716e-08
 2.57105e-27 2.60934e-27 5.11795e-26 1.02566e-19 2.51428e-14 7.45026e-10 2.66856e-06 0.00115538 0.0604686 0.382541 0.292722 0.0390005 0.091201 0.0839722 0.0180573 0.0200952 0.0068736 0.00289023 0.000809559 0.000171511 3.42514e-05 4.95468e-06 4.35115e-07 3.13058e-08 3.92756e-09
 2.57105e-27 2.6092e-27 5.09329e-26 1.02045e-19 2.50152e-14 7.41244e-10 2.65501e-06 0.00114952 0.0601617 0.380599 0.291256 0.040074 0.1004 0.0922332 0.015396 0.0119281 0.00412882 0.00185817 0.000610198 0.000170386 2.80441e-05 3.74228e-06 3.38388e-07 1.65459e-08 7.14724e-10
 2.5713e-27 2.60987e-27 5.15254e-26 1.03295e-19 2.53216e-14 7.50323e-10 2.68753e-06 0.0011636 0.0608985 0.385261 0.294812 0.0398854 0.0964661 0.0886256 0.0151781 0.0123125 0.00383134 0.00108 0.000348686 0.000108098 2.30341e-05 3.062e-06 2.42941e-07 1.13965e-08 2.59456e-10
 2.57147e-27 2.61033e-27 5.1924e-26 1.04136e-19 2.55277e-14 7.56431e-10 2.70941e-06 0.00117307 0.0613943 0.388397 0.297206 0.0398168 0.0942621 0.08658 0.0146012 0.0115137 0.00361766 0.00106932 0.000287981 6.17104e-05 1.36984e-05 2.24129e-06 1.92812e-07 8.09052e-09 1.57446e-10
 2.57164e-27 2.6108e-27 5.23295e-26 1.04991e-19 2.57374e-14 7.62644e-10 2.73166e-06 0.00118271 0.0618986 0.391587 0.299641 0.0397758 0.0922394 0.084696 0.0139508 0.0105021 0.00327443 0.000931884 0.000253955 5.31869e-05 8.49274e-06 1.23156e-06 1.26105e-07 5.80562e-09 1.03203e-10
 2.57137e-27 2.61005e-27 5.16682e-26 1.03596e-19 2.53954e-14 7.52512e-10 2.69537e-06 0.00116699 0.0610762 0.386385 0.295672 0.0399926 0.0966775 0.0887883 0.0146198 0.0109961 0.00339922 0.000919029 0.000245701 5.00971e-05 7.93494e-06 9.12436e-07 7.7191e-08 4.03326e-09 7.78827e-11
 2.57096e-27 2.60894e-27 5.06855e-26 1.01523e-19 2.48872e-14 7.37452e-10 2.64143e-06 0.00114364 0.0598539 0.378652 0.289772 0.0402787 0.103 0.0946249 0.0156906 0.0119693 0.0036976 0.000993288 0.000261132 5.07705e-05 7.80912e-06 8.73142e-07 6.11067e-08 2.655e-09 5.56444e-11
 2.56992e-27 2.60614e-27 4.82236e-26 9.63298e-20 2.36141e-14 6.99728e-10 2.50631e-06 0.00108514 0.0567921 0.359282 0.274991 0.0408804 0.117964 0.108464 0.0186992 0.0153497 0.00476361 0.00130556 0.000343569 6.6126e-05 9.81066e-06 1.05136e-06 7.02703e-08 2.56172e-09 4.5827e-11
 2.57011e-27 2.60667e-27 4.86955e-26 9.73253e-20 2.38581e-14 7.06959e-10 2.53221e-06 0.00109635 0.057379 0.362995 0.277824 0.0406896 0.114522 0.105297 0.0183018 0.0152442 0.00478691 0.00140269 0.000374445 7.31728e-05 1.08116e-05 1.1264e-06 7.17765e-08 2.45553e-09 3.72404e-11
 2.57076e-27 2.60842e-27 5.02326e-26 1.00568e-19 2.4653e-14 7.30513e-10 2.61657e-06 0.00113288 0.0592907 0.375089 0.287052 0.040318 0.10521 0.0966833 0.0163991 0.0130722 0.00411216 0.00122305 0.000334038 6.91655e-05 1.0425e-05 1.09097e-06 6.78323e-08 2.20991e-09 3.10329e-11
 2.571e-27 2.60905e-27 5.07754e-26 1.01713e-19 2.49337e-14 7.38831e-10 2.64637e-06 0.00114578 0.0599658 0.37936 0.290313 0.0402871 0.102684 0.0943233 0.0154581 0.0115164 0.00358572 0.00101351 0.000276346 5.83232e-05 9.20292e-06 1.00322e-06 6.29714e-08 2.00753e-09 2.68315e-11
 2.57109e-27 2.60927e-27 5.09582e-26 1.02099e-19 2.50282e-14 7.41632e-10 2.6564e-06 0.00115012 0.0601931 0.380798 0.291412 0.0403525 0.10241 0.0940442 0.0149427 0.0104075 0.00319052 0.000826001 0.000218843 4.42889e-05 7.03823e-06 7.97094e-07 5.25015e-08 1.69914e-09 2.22738e-11
 2.57136e-27 2.61003e-27 5.16372e-26 1.03531e-19 2.53794e-14 7.52037e-10 2.69367e-06 0.00116626 0.0610376 0.386141 0.295487 0.0400839 0.0975019 0.0895325 0.0144538 0.0104262 0.0031655 0.000763829 0.00019507 3.64618e-05 5.54113e-06 6.18177e-07 4.20895e-08 1.42789e-09 1.90726e-11
 2.57149e-27 2.61036e-27 5.19325e-26 1.04154e-19 2.55321e-14 7.56561e-10 2.70987e-06 0.00117327 0.0614048 0.388464 0.29726 0.0400056 0.0956612 0.0878306 0.0140927 0.0100324 0.00306554 0.00077316 0.000194979 3.40506e-05 4.83178e-06 5.03616e-07 3.34044e-08 1.16321e-09 1.62283e-11
 2.57152e-27 2.61043e-27 5.19842e-26 1.04263e-19 2.55588e-14 7.57354e-10 2.71271e-06 0.0011745 0.0614692 0.388871 0.297572 0.040052 0.0957951 0.0879399 0.0138538 0.00945929 0.00287962 0.000712644 0.000181407 3.27055e-05 4.45818e-06 4.29576e-07 2.63529e-08 8.87128e-10 1.26191e-11
 2.57155e-27 2.61053e-27 5.20654e-26 1.04434e-19 2.56008e-14 7.58598e-10 2.71717e-06 0.00117643 0.0615701 0.389509 0.298059 0.0400657 0.0955565 0.0877118 0.0136685 0.00909249 0.00274613 0.00064541 0.000162085 2.88426e-05 4.01351e-06 3.83348e-07 2.17644e-08 6.74753e-10 9.23604e-12
 2.5717e-27 2.61092e-27 5.2404e-26 1.05149e-19 2.57759e-14 7.63786e-10 2.73575e-06 0.00118448 0.0619912 0.392173 0.300093 0.040011 0.0937118 0.085999 0.0131751 0.00839747 0.00252162 0.000571534 0.000140695 2.38945e-05 3.2654e-06 3.13302e-07 1.77768e-08 5.14952e-10 6.4929e-12
 2.57204e-27 2.61184e-27 5.32183e-26 1.06866e-19 2.6197e-14 7.76263e-10 2.78044e-06 0.00120383 0.0630039 0.39858 0.304982 0.0398156 0.0887903 0.0814465 0.0121703 0.00725099 0.00215867 0.000463024 0.000111839 1.83173e-05 2.40975e-06 2.23155e-07 1.26045e-08 3.6369e-10 4.32419e-12
 2.57195e-27 2.61159e-27 5.29904e-26 1.06385e-19 2.60791e-14 7.72771e-10 2.76794e-06 0.00119841 0.0627205 0.396787 0.303613 0.0398884 0.0903054 0.0828444 0.0124146 0.00745502 0.00220321 0.000444083 0.000104627 1.62958e-05 2.07426e-06 1.84063e-07 9.97633e-09 2.84143e-10 3.34817e-12
 2.57182e-27 2.61123e-27 5.26587e-26 1.05686e-19 2.59076e-14 7.67688e-10 2.74973e-06 0.00119053 0.0623079 0.394177 0.301624 0.040085 0.0931993 0.0854918 0.0124656 0.0069049 0.0020349 0.000406755 9.42854e-05 1.38374e-05 1.68521e-06 1.42524e-07 7.38118e-09 2.01309e-10 2.32666e-12
 2.57163e-27 2.61072e-27 5.22131e-26 1.04746e-19 2.56772e-14 7.60861e-10 2.72527e-06 0.00117994 0.0617538 0.390671 0.298949 0.0401848 0.095838 0.087936 0.0130656 0.00765641 0.00223962 0.000413764 9.42169e-05 1.3671e-05 1.60241e-06 1.27664e-07 6.26135e-09 1.62422e-10 1.79643e-12
 2.57218e-27 2.61223e-27 5.3564e-26 1.07596e-19 2.63758e-14 7.81561e-10 2.79942e-06 0.00121204 0.0634339 0.4013 0.307056 0.0396793 0.0862952 0.0791529 0.0119259 0.0072694 0.00214254 0.000420054 9.521e-05 1.28846e-05 1.47683e-06 1.14289e-07 5.27645e-09 1.28818e-10 1.35073e-12
#obs surv len freq
 1.76916e-41 2.45547e-33 4.11956e-26 8.35439e-20 2.04798e-14 6.06854e-10 2.17365e-06 0.000941117 0.0492543 0.311597 0.238667 0.0440419 0.151797 0.128574 0.0360334 0.0275863 0.00833364 0.00260631 0.000504843 5.81434e-05 2.92702e-06 4.70179e-08 1.79178e-10 1.30254e-13 1.56319e-17
 2.17503e-41 3.0188e-33 5.06466e-26 1.0271e-19 2.51782e-14 7.46077e-10 2.67233e-06 0.00115703 0.0605541 0.383083 0.293224 0.042021 0.097288 0.0778798 0.0223489 0.0161362 0.00467496 0.00136311 0.000242222 2.44376e-05 1.0155e-06 1.27367e-08 3.64262e-11 1.93519e-14 1.66917e-18
 1.72376e-41 2.39247e-33 4.01386e-26 8.14003e-20 1.99543e-14 5.91283e-10 2.11788e-06 0.000916969 0.0479905 0.303603 0.232756 0.0512103 0.18167 0.1357 0.0266741 0.0142349 0.00397376 0.00107853 0.000173804 1.52103e-05 5.20066e-07 5.07812e-09 1.08616e-11 4.21169e-15 2.61259e-19
 2.08723e-41 2.89694e-33 4.86022e-26 9.85643e-20 2.41619e-14 7.15961e-10 2.56446e-06 0.00111032 0.0581097 0.367619 0.281541 0.0458372 0.113725 0.0815956 0.0282695 0.0179914 0.00342027 0.000673703 9.71499e-05 7.29274e-06 2.0319e-07 1.5408e-09 2.46442e-12 6.97127e-16 3.10938e-20
 2.37422e-41 3.29526e-33 5.52848e-26 1.12116e-19 2.7484e-14 8.14402e-10 2.91705e-06 0.00126298 0.0660995 0.418165 0.320106 0.0442531 0.0787179 0.0518189 0.0114989 0.00598181 0.00171255 0.000345876 3.24228e-05 1.89661e-06 4.24891e-08 2.48519e-10 2.96893e-13 6.13541e-17 1.97037e-21
 1.31677e-41 1.82759e-33 3.06616e-26 6.21811e-20 1.5243e-14 4.51677e-10 1.61783e-06 0.000700465 0.0366596 0.231923 0.178686 0.0712854 0.272777 0.166728 0.0280138 0.0107553 0.0020307 0.000394972 4.27047e-05 1.76801e-06 2.76479e-08 1.21384e-10 1.0774e-13 1.62526e-17 3.76361e-22
 2.2102e-41 3.06762e-33 5.14656e-26 1.04371e-19 2.55854e-14 7.58142e-10 2.71554e-06 0.00117574 0.0615333 0.389278 0.298188 0.046766 0.089226 0.0567642 0.0358271 0.0184133 0.0024965 0.000302967 2.53892e-05 1.02785e-06 1.20758e-08 3.55054e-11 2.22474e-14 2.4219e-18 4.03606e-23
 1.98397e-41 2.75361e-33 4.61976e-26 9.36878e-20 2.29665e-14 6.80538e-10 2.43758e-06 0.00105539 0.0552347 0.349434 0.268242 0.0610627 0.155538 0.0828417 0.0160231 0.00742304 0.00273452 0.00038875 1.97791e-05 5.46436e-07 5.36347e-09 1.20033e-11 5.08795e-15 3.74453e-19 4.34991e-24
 2.0311e-41 2.81903e-33 4.72951e-26 9.59136e-20 2.35121e-14 6.96706e-10 2.49549e-06 0.00108046 0.056547 0.357736 0.274666 0.0613406 0.142574 0.0732974 0.0227404 0.00845851 0.00129066 0.000247552 1.93542e-05 3.85004e-07 2.37473e-09 3.92357e-12 1.25229e-15 6.4914e-20 5.09483e-25
 1.98351e-41 2.75298e-33 4.6187e-26 9.36663e-20 2.29612e-14 6.80382e-10 2.43702e-06 0.00105514 0.055222 0.349355 0.268558 0.0669714 0.154034 0.0735607 0.0217294 0.00789422 0.00144448 0.000161678 1.07612e-05 2.71989e-07 1.41924e-09 1.50089e-12 3.20434e-16 1.1936e-20 6.76512e-26
 2.09772e-41 2.91149e-33 4.88463e-26 9.90594e-20 2.42833e-14 7.19557e-10 2.57734e-06 0.0011159 0.0584016 0.369471 0.283973 0.0658951 0.133371 0.0602963 0.0196954 0.00652951 0.00111714 0.000124398 6.02649e-06 1.14019e-07 5.99012e-10 5.70856e-13 8.69507e-17 2.11283e-21 8.01902e-27
 2.04289e-41 2.8354e-33 4.75697e-26 9.64704e-20 2.36486e-14 7.00751e-10 2.50997e-06 0.00108673 0.0568752 0.359817 0.277036 0.0732314 0.146973 0.0610467 0.0175911 0.00533503 0.000910308 9.0956e-05 3.92256e-06 5.57126e-08 2.09193e-10 1.67258e-13 2.23235e-17 4.33414e-22 1.17364e-27
 1.99651e-41 2.77102e-33 4.64896e-26 9.428e-20 2.31116e-14 6.84839e-10 2.45298e-06 0.00106206 0.0555838 0.351651 0.271261 0.0795696 0.154156 0.0611411 0.0195052 0.00523429 0.00076206 6.88679e-05 2.60046e-06 3.03623e-08 8.51469e-11 4.77576e-14 4.71426e-18 7.27613e-23 1.59519e-28
 1.87066e-41 2.59636e-33 4.35593e-26 8.83374e-20 2.16549e-14 6.41674e-10 2.29837e-06 0.000995115 0.0520804 0.329493 0.255164 0.0912958 0.175248 0.0664912 0.022588 0.00576391 0.000815199 6.11174e-05 1.90994e-06 1.83525e-08 4.03778e-11 1.68165e-14 1.17343e-18 1.26733e-23 2.00129e-29
 1.69759e-41 2.35614e-33 3.95291e-26 8.01643e-20 1.96513e-14 5.82305e-10 2.08572e-06 0.000903045 0.0472618 0.299019 0.233044 0.106145 0.200324 0.0755899 0.0294643 0.0071808 0.000997114 6.80603e-05 1.7415e-06 1.29933e-08 2.21643e-11 7.02496e-15 3.62713e-19 2.81767e-24 3.1294e-30
 1.90908e-41 2.64968e-33 4.44539e-26 9.01516e-20 2.20996e-14 6.54852e-10 2.34557e-06 0.00101555 0.05315 0.336269 0.26122 0.0957236 0.155354 0.061197 0.0280683 0.006944 0.000992231 6.27825e-05 1.3909e-06 8.21787e-09 1.05063e-11 2.47084e-15 9.45166e-20 5.39537e-25 4.34971e-31
 1.85494e-41 2.57453e-33 4.31931e-26 8.75948e-20 2.14728e-14 6.36279e-10 2.27905e-06 0.00098675 0.0516426 0.326746 0.255263 0.109817 0.169911 0.0577955 0.0213897 0.00554757 0.000845858 5.21496e-05 1.02802e-06 5.00027e-09 4.94054e-12 8.58669e-16 2.38159e-20 9.83036e-26 5.7365e-32
 1.84795e-41 2.56483e-33 4.30303e-26 8.72646e-20 2.13919e-14 6.33881e-10 2.27046e-06 0.00098303 0.0514479 0.325527 0.255329 0.116347 0.166959 0.057128 0.0212407 0.00440297 0.000595714 3.66169e-05 6.65609e-07 2.74782e-09 2.16293e-12 2.86595e-16 5.87052e-21 1.75261e-26 7.31993e-33
 1.86249e-41 2.58501e-33 4.33689e-26 8.79513e-20 2.15602e-14 6.38869e-10 2.28833e-06 0.000990766 0.0518528 0.328103 0.258332 0.121537 0.160463 0.054299 0.0199644 0.0039781 0.000453681 2.2831e-05 3.70366e-07 1.32812e-09 8.55885e-13 8.87196e-17 1.3771e-21 3.04609e-27 9.27152e-34
 1.94323e-41 2.69708e-33 4.52491e-26 9.17643e-20 2.24949e-14 6.66566e-10 2.38753e-06 0.00103372 0.0541008 0.342339 0.269876 0.121212 0.144243 0.047288 0.0164484 0.00311746 0.000325783 1.34537e-05 1.70117e-07 4.95399e-10 2.6135e-13 2.16053e-17 2.59681e-22 4.34576e-28 9.83629e-35
 1.93836e-41 2.69032e-33 4.51357e-26 9.15342e-20 2.24385e-14 6.64895e-10 2.38155e-06 0.00103113 0.0539652 0.341508 0.270893 0.129906 0.142852 0.0436219 0.013622 0.00236777 0.000222568 7.89235e-06 7.854e-08 1.71676e-10 6.87409e-14 4.39404e-18 4.08925e-23 5.24278e-29 8.96714e-36
 1.98711e-41 2.75797e-33 4.62707e-26 9.38361e-20 2.30028e-14 6.81615e-10 2.44143e-06 0.00105706 0.0553223 0.350119 0.278571 0.131197 0.131204 0.0393197 0.0113553 0.00171007 0.000137375 4.1007e-06 3.28821e-08 5.48458e-11 1.61409e-14 7.52636e-19 5.15905e-24 4.92529e-30 6.30516e-37
 1.91713e-41 2.66085e-33 4.46413e-26 9.05317e-20 2.21928e-14 6.57613e-10 2.35546e-06 0.00101983 0.0533743 0.337851 0.272189 0.146774 0.13782 0.0391606 0.0103082 0.00140399 9.40568e-05 2.24701e-06 1.42067e-08 1.82498e-11 4.01965e-15 1.36866e-19 6.75315e-25 4.62471e-31 4.26243e-38
 1.96274e-41 2.72415e-33 4.57033e-26 9.26854e-20 2.27207e-14 6.73257e-10 2.4115e-06 0.0010441 0.0546442 0.345924 0.279585 0.145415 0.125178 0.0374998 0.00949626 0.00114431 6.48012e-05 1.22917e-06 5.90918e-09 5.70512e-12 9.37248e-16 2.35418e-20 8.46479e-26 4.17861e-32 2.75434e-39
 1.93578e-41 2.68674e-33 4.50756e-26 9.14124e-20 2.24087e-14 6.6401e-10 2.37838e-06 0.00102975 0.0538939 0.341255 0.27912 0.155961 0.124336 0.035096 0.00830016 0.000959068 4.64574e-05 7.0134e-07 2.56078e-09 1.82165e-12 2.18175e-16 3.98811e-21 1.04211e-26 3.72693e-33 1.77212e-40
 1.87444e-41 2.6016e-33 4.36472e-26 8.85157e-20 2.16986e-14 6.42969e-10 2.30301e-06 0.000997124 0.0521864 0.330564 0.275045 0.169446 0.127113 0.0360023 0.00780361 0.000804667 3.43782e-05 4.25802e-07 1.18938e-09 6.25073e-13 5.4256e-17 7.11834e-22 1.33117e-27 3.40823e-34 1.16127e-41
 1.7925e-41 2.48788e-33 4.17393e-26 8.46465e-20 2.07501e-14 6.14863e-10 2.20234e-06 0.000953537 0.0499058 0.316288 0.269172 0.184436 0.131653 0.0387997 0.00801489 0.000747564 2.6969e-05 2.74023e-07 6.01976e-10 2.37621e-13 1.50541e-17 1.42081e-22 1.89656e-28 3.45159e-35 8.3452e-43
 1.82165e-41 2.52833e-33 4.2418e-26 8.60229e-20 2.10875e-14 6.24861e-10 2.23815e-06 0.000969043 0.0507178 0.321544 0.275608 0.182468 0.122473 0.0379154 0.00761614 0.000666043 2.0575e-05 1.67946e-07 2.8709e-10 8.63274e-14 4.07098e-18 2.80255e-23 2.69155e-29 3.49624e-36 6.0062e-44
 1.82172e-41 2.52843e-33 4.24197e-26 8.60263e-20 2.10883e-14 6.24886e-10 2.23824e-06 0.000969082 0.0507198 0.321557 0.275625 0.182742 0.123457 0.0373014 0.00704714 0.000564179 1.53914e-05 1.07609e-07 1.53988e-10 3.81803e-14 1.47027e-18 8.21124e-24 6.36773e-30 6.65646e-37 9.17991e-45
#pred catch len freq
 2.56657e-27 2.59756e-27 4.13388e-26 8.18086e-20 2.00544e-14 5.94248e-10 2.1285e-06 0.000921557 0.048231 0.305122 0.233569 0.0366702 0.115022 0.106339 0.0285322 0.0387325 0.0183559 0.0164713 0.0112528 0.00932799 0.0078456 0.00716422 0.00751067 0.00682789 0.00210167
 2.56917e-27 2.60424e-27 4.67024e-26 9.31214e-20 2.28276e-14 6.76422e-10 2.42283e-06 0.00104899 0.0549005 0.347316 0.265838 0.0399064 0.116982 0.107704 0.0211123 0.021157 0.00825567 0.00527161 0.00296611 0.00208906 0.001536 0.00124991 0.00119142 0.00110023 0.000372925
 2.56902e-27 2.60375e-27 4.61681e-26 9.19937e-20 2.25511e-14 6.68231e-10 2.39349e-06 0.00103629 0.0542357 0.34311 0.262644 0.0409649 0.127282 0.117142 0.0216589 0.0199492 0.00668063 0.00268322 0.0010996 0.00055863 0.000324622 0.000222004 0.000184238 0.000164059 5.80205e-05
 2.56854e-27 2.60244e-27 4.50009e-26 8.95313e-20 2.19475e-14 6.50344e-10 2.32942e-06 0.00100855 0.052784 0.333926 0.255638 0.0414007 0.13552 0.124749 0.0230974 0.021305 0.00693701 0.00243516 0.000762754 0.000238186 8.90126e-05 4.44591e-05 2.96608e-05 2.39243e-05 8.48853e-06
 2.57121e-27 2.60971e-27 5.14489e-26 1.03134e-19 2.52821e-14 7.49154e-10 2.68334e-06 0.00116178 0.0608036 0.38466 0.294345 0.0393404 0.0926464 0.0852225 0.0167742 0.0168289 0.00549766 0.00194281 0.000577669 0.00014637 3.26664e-05 9.1717e-06 4.08189e-06 2.70369e-06 9.24943e-07
 2.56793e-27 2.60072e-27 4.34146e-26 8.61847e-20 2.11271e-14 6.26035e-10 2.24235e-06 0.000970853 0.0508109 0.321444 0.246124 0.0424411 0.150122 0.138088 0.0230046 0.017741 0.00594367 0.00237138 0.00071581 0.000179084 3.37641e-05 5.51274e-06 1.1705e-06 5.12206e-07 1.59119e-07
 2.56695e-27 2.5982e-27 4.13263e-26 8.17797e-20 2.00473e-14 5.94038e-10 2.12774e-06 0.000921232 0.0482139 0.305015 0.233569 0.0418543 0.154478 0.142408 0.0292264 0.0308262 0.00964147 0.00272916 0.000834797 0.000230085 4.3527e-05 6.07461e-06 6.5758e-07 1.22282e-07 2.97702e-08
 2.56999e-27 2.60648e-27 4.86615e-26 9.72541e-20 2.38407e-14 7.06442e-10 2.53036e-06 0.00109555 0.057337 0.36273 0.277604 0.0396188 0.106528 0.0981427 0.0210545 0.0233713 0.00798698 0.00334791 0.000937294 0.000198447 3.96231e-05 5.73138e-06 5.03316e-07 3.62125e-08 4.54314e-09
 2.57003e-27 2.60643e-27 4.84805e-26 9.68717e-20 2.37469e-14 7.03664e-10 2.52041e-06 0.00109124 0.0571116 0.361303 0.276534 0.0408365 0.116546 0.107122 0.0178463 0.0137732 0.00476265 0.00213668 0.000701257 0.000195704 3.22064e-05 4.29739e-06 3.88574e-07 1.89998e-08 8.20722e-10
 2.57029e-27 2.60714e-27 4.91069e-26 9.81932e-20 2.40709e-14 7.13263e-10 2.55479e-06 0.00110613 0.0578907 0.366232 0.280294 0.0406352 0.112372 0.103297 0.017656 0.0142713 0.00443812 0.00124689 0.000402252 0.000124635 2.6554e-05 3.52971e-06 2.80043e-07 1.31369e-08 2.99079e-10
 2.57054e-27 2.6078e-27 4.96841e-26 9.94108e-20 2.43694e-14 7.22108e-10 2.58647e-06 0.00111984 0.0586085 0.370773 0.28376 0.0405216 0.109073 0.100238 0.0168646 0.0132384 0.00415669 0.0012245 0.000329558 7.05739e-05 1.56629e-05 2.56258e-06 2.20447e-07 9.25009e-09 1.80011e-10
 2.57069e-27 2.60821e-27 5.00351e-26 1.00151e-19 2.45509e-14 7.27486e-10 2.60573e-06 0.00112818 0.0590451 0.373535 0.285869 0.0405095 0.107499 0.0987658 0.0162367 0.0121745 0.00379341 0.00107599 0.000293029 6.1332e-05 9.79159e-06 1.41979e-06 1.45377e-07 6.69284e-09 1.18974e-10
 2.57045e-27 2.60754e-27 4.94358e-26 9.88868e-20 2.42409e-14 7.18302e-10 2.57284e-06 0.00111394 0.0582996 0.368819 0.282271 0.0407098 0.111551 0.102502 0.0168379 0.012603 0.00389345 0.00104906 0.000280268 5.71088e-05 9.04391e-06 1.03988e-06 8.79704e-08 4.59646e-09 8.87581e-11
 2.56995e-27 2.6062e-27 4.82503e-26 9.6386e-20 2.36279e-14 7.00136e-10 2.50777e-06 0.00108577 0.0568252 0.359492 0.275154 0.0410556 0.119183 0.109547 0.0181274 0.0137708 0.0042515 0.00113825 0.000299038 5.81032e-05 8.93534e-06 9.98988e-07 6.99125e-08 3.03758e-09 6.36627e-11
 2.56907e-27 2.60383e-27 4.61754e-26 9.20089e-20 2.25549e-14 6.68341e-10 2.39389e-06 0.00103646 0.0542446 0.343167 0.262696 0.0415269 0.131522 0.120968 0.0207697 0.0169247 0.00524856 0.00143322 0.000376892 7.2492e-05 1.07531e-05 1.15226e-06 7.7013e-08 2.80751e-09 5.02239e-11
 2.56932e-27 2.6045e-27 4.67768e-26 9.32777e-20 2.28659e-14 6.77557e-10 2.4269e-06 0.00105075 0.0549927 0.347899 0.266306 0.0412928 0.127204 0.116993 0.0202444 0.0167311 0.00524967 0.00153261 0.000408845 7.98428e-05 1.17949e-05 1.22875e-06 7.82966e-08 2.67857e-09 4.0623e-11
 2.56999e-27 2.60632e-27 4.83705e-26 9.66397e-20 2.36901e-14 7.01979e-10 2.51437e-06 0.00108863 0.0569748 0.360438 0.275874 0.0409115 0.11758 0.108089 0.0182584 0.0144422 0.0045395 0.0013452 0.000367145 7.59713e-05 1.14487e-05 1.19801e-06 7.44861e-08 2.42667e-09 3.40767e-11
 2.57033e-27 2.60721e-27 4.91454e-26 9.82742e-20 2.40907e-14 7.13852e-10 2.5569e-06 0.00110704 0.0579384 0.366534 0.280528 0.0408234 0.11364 0.104422 0.0170378 0.0125775 0.0039129 0.00110181 0.0003002 6.33163e-05 9.989e-06 1.08883e-06 6.83435e-08 2.17878e-09 2.91203e-11
 2.57035e-27 2.60725e-27 4.91642e-26 9.83139e-20 2.41005e-14 7.1414e-10 2.55793e-06 0.00110749 0.0579618 0.366682 0.280643 0.0409518 0.114536 0.10522 0.0166577 0.0115056 0.00352458 0.00090912 0.000240679 4.86762e-05 7.73401e-06 8.75826e-07 5.76861e-08 1.86692e-09 2.44732e-11
 2.57059e-27 2.60792e-27 4.97648e-26 9.9581e-20 2.44111e-14 7.23344e-10 2.5909e-06 0.00112176 0.0587088 0.371408 0.284248 0.040701 0.110095 0.10114 0.0162727 0.0116523 0.0035354 0.000850002 0.000216908 4.05168e-05 6.15619e-06 6.8674e-07 4.67568e-08 1.58622e-09 2.11873e-11
 2.57077e-27 2.60841e-27 5.01931e-26 1.00484e-19 2.46325e-14 7.29906e-10 2.6144e-06 0.00113194 0.0592415 0.374778 0.286819 0.0405826 0.107388 0.0986391 0.0157693 0.0111353 0.00340011 0.00085439 0.000215303 3.75748e-05 5.33079e-06 5.55582e-07 3.68504e-08 1.2832e-09 1.79023e-11
 2.57085e-27 2.6086e-27 5.03582e-26 1.00833e-19 2.47179e-14 7.32436e-10 2.62346e-06 0.00113586 0.0594468 0.376077 0.287811 0.0405998 0.106822 0.0981011 0.0153959 0.0104181 0.00316918 0.000781374 0.000198747 3.58079e-05 4.88014e-06 4.70194e-07 2.88439e-08 9.70979e-10 1.38119e-11
 2.57095e-27 2.60888e-27 5.06028e-26 1.01349e-19 2.48444e-14 7.36185e-10 2.63689e-06 0.00114167 0.0597511 0.378001 0.28928 0.0405649 0.105524 0.0968953 0.0150372 0.00990209 0.00298843 0.000699677 0.000175568 3.12208e-05 4.34358e-06 4.1484e-07 2.35517e-08 7.30161e-10 9.99446e-12
 2.57118e-27 2.6095e-27 5.11408e-26 1.02484e-19 2.51226e-14 7.44429e-10 2.66642e-06 0.00115446 0.0604201 0.382234 0.29251 0.0404497 0.102378 0.093982 0.0143346 0.00903204 0.00271008 0.00061185 0.00015049 2.55405e-05 3.48962e-06 3.34787e-07 1.89954e-08 5.50248e-10 6.93793e-12
 2.57146e-27 2.61025e-27 5.18027e-26 1.0388e-19 2.54649e-14 7.54572e-10 2.70275e-06 0.00117019 0.0612434 0.387442 0.296485 0.0403102 0.0985238 0.0904122 0.0134614 0.00793815 0.00236156 0.000504627 0.000121781 1.99321e-05 2.62165e-06 2.42757e-07 1.37114e-08 3.95625e-10 4.70387e-12
 2.57149e-27 2.61035e-27 5.18851e-26 1.04054e-19 2.55076e-14 7.55834e-10 2.70727e-06 0.00117215 0.0613459 0.388091 0.296979 0.0402795 0.0979422 0.0898777 0.0134086 0.00795121 0.00234808 0.000471416 0.000110962 1.72704e-05 2.19784e-06 1.95012e-07 1.05695e-08 3.01035e-10 3.54721e-12
 2.57132e-27 2.60986e-27 5.14387e-26 1.03112e-19 2.52767e-14 7.48994e-10 2.68277e-06 0.00116154 0.0607906 0.384578 0.294301 0.040521 0.101662 0.0932849 0.0135491 0.00741365 0.00218317 0.000434694 0.000100668 1.47639e-05 1.79764e-06 1.52018e-07 7.87268e-09 2.14712e-10 2.48157e-12
 2.5711e-27 2.60927e-27 5.0922e-26 1.02022e-19 2.50095e-14 7.41076e-10 2.65441e-06 0.00114926 0.060148 0.380513 0.291199 0.0406414 0.104757 0.0961507 0.0142288 0.00824074 0.0024089 0.000443329 0.000100848 1.46231e-05 1.71363e-06 1.36512e-07 6.69513e-09 1.73673e-10 1.92086e-12
 2.57055e-27 2.60777e-27 4.96016e-26 9.92366e-20 2.43266e-14 7.20842e-10 2.58193e-06 0.00111788 0.0585058 0.370123 0.283272 0.04101 0.113132 0.103885 0.0157135 0.0096803 0.0028531 0.000558189 0.00012645 1.71025e-05 1.95989e-06 1.51659e-07 7.00154e-09 1.70933e-10 1.79233e-12
#obs catch len freq
 1.7498e-41 2.4286e-33 4.07448e-26 8.26297e-20 2.02557e-14 6.00214e-10 2.14987e-06 0.000930818 0.0487153 0.308187 0.236064 0.0440933 0.153808 0.130338 0.0370393 0.0286139 0.00878424 0.00279745 0.000555372 6.65119e-05 3.50169e-06 5.87487e-08 2.33316e-10 1.76161e-13 2.18764e-17
 1.77221e-41 2.45971e-33 4.12667e-26 8.36881e-20 2.05152e-14 6.07902e-10 2.1774e-06 0.000942741 0.0493393 0.312135 0.239137 0.0459814 0.15549 0.124672 0.0358679 0.0259852 0.00768936 0.00229472 0.000418484 4.35181e-05 1.88315e-06 2.46387e-08 7.32143e-11 4.02503e-14 3.57995e-18
 2.18281e-41 3.0296e-33 5.08278e-26 1.03078e-19 2.52683e-14 7.48746e-10 2.68189e-06 0.00116116 0.0607707 0.384453 0.294313 0.0433133 0.0987364 0.0746336 0.0220227 0.0149593 0.00424525 0.00117504 0.000195437 1.76412e-05 6.23732e-07 6.32021e-09 1.40153e-11 5.61143e-15 3.5799e-19
 1.73968e-41 2.41456e-33 4.05093e-26 8.2152e-20 2.01386e-14 5.96744e-10 2.13744e-06 0.000925437 0.0484337 0.306407 0.234989 0.0537357 0.183478 0.128765 0.0255906 0.0130441 0.00356803 0.00091367 0.000136927 1.0628e-05 3.06126e-07 2.39549e-09 3.95195e-12 1.15117e-15 5.27178e-20
 2.10738e-41 2.92491e-33 4.90714e-26 9.95157e-20 2.43951e-14 7.22872e-10 2.58921e-06 0.00112104 0.0586707 0.371168 0.284315 0.0474525 0.113509 0.0767037 0.0274433 0.0160463 0.00293295 0.000555684 7.41203e-05 4.89004e-06 1.13722e-07 6.85877e-10 8.41821e-13 1.78343e-16 5.86202e-21
 2.39026e-41 3.31753e-33 5.56584e-26 1.12874e-19 2.76698e-14 8.19906e-10 2.93677e-06 0.00127152 0.0665463 0.420991 0.322314 0.0453401 0.0777243 0.0478889 0.0108268 0.00531602 0.00148117 0.00027194 2.36403e-05 1.21987e-06 2.26216e-08 1.04512e-10 9.53561e-14 1.47143e-17 3.47629e-22
 1.35104e-41 1.87515e-33 3.14595e-26 6.37993e-20 1.56397e-14 4.63432e-10 1.65994e-06 0.000718695 0.0376136 0.237959 0.183511 0.0757419 0.271857 0.154899 0.0261608 0.00945592 0.00173261 0.000317589 3.05613e-05 1.09447e-06 1.42352e-08 4.91787e-11 3.31978e-14 3.72899e-18 6.34149e-23
 2.23964e-41 3.10847e-33 5.21511e-26 1.05761e-19 2.59262e-14 7.6824e-10 2.75171e-06 0.00119139 0.0623529 0.394463 0.302222 0.0481496 0.087047 0.0526941 0.0340077 0.0156122 0.00200935 0.000229706 1.75777e-05 6.04359e-07 5.77845e-09 1.33747e-11 6.37036e-15 5.15296e-19 6.29588e-24
 2.02132e-41 2.80545e-33 4.70673e-26 9.54516e-20 2.33988e-14 6.9335e-10 2.48347e-06 0.00107526 0.0562746 0.356013 0.273415 0.0634088 0.151113 0.0748642 0.0146934 0.00656916 0.0022747 0.00028283 1.29804e-05 3.10137e-07 2.4634e-09 4.28292e-12 1.37654e-15 7.52826e-20 6.40509e-25
 2.07059e-41 2.87385e-33 4.82147e-26 9.77785e-20 2.39693e-14 7.10253e-10 2.54401e-06 0.00110147 0.0576465 0.364693 0.280136 0.063517 0.137563 0.0662076 0.0208652 0.00701733 0.0010518 0.00018709 1.23452e-05 2.05235e-07 1.03382e-09 1.32864e-12 3.19841e-16 1.22947e-20 7.06987e-26
 2.0271e-41 2.81348e-33 4.72019e-26 9.57246e-20 2.34658e-14 6.95333e-10 2.49057e-06 0.00107833 0.0564356 0.357034 0.274619 0.069357 0.147845 0.0660376 0.0197504 0.00657782 0.00113999 0.000115991 6.91009e-06 1.41859e-07 5.84189e-10 4.79446e-13 7.73917e-17 2.13472e-21 8.85441e-27
 2.14e-41 2.97018e-33 4.98309e-26 1.01056e-19 2.47727e-14 7.3406e-10 2.62929e-06 0.00113839 0.0595788 0.37692 0.289855 0.067859 0.126853 0.0538028 0.0176819 0.00534899 0.000869576 8.67317e-05 3.6576e-06 5.77581e-08 2.37993e-10 1.72636e-13 1.97485e-17 3.55581e-22 9.8726e-28
 2.0893e-41 2.89981e-33 4.86504e-26 9.8662e-20 2.41858e-14 7.1667e-10 2.567e-06 0.00111142 0.0581673 0.367994 0.283529 0.0753754 0.139052 0.0540634 0.0156005 0.00434313 0.000697062 6.21163e-05 2.30125e-06 2.6806e-08 7.94904e-11 4.83925e-14 4.81201e-18 6.8892e-23 1.36552e-28
 2.04691e-41 2.84098e-33 4.76633e-26 9.66603e-20 2.36951e-14 7.0213e-10 2.51492e-06 0.00108887 0.0569872 0.360532 0.27835 0.081811 0.145151 0.0541395 0.0171296 0.00418717 0.000573047 4.60478e-05 1.47825e-06 1.40078e-08 3.07121e-11 1.31027e-14 9.63398e-19 1.09219e-23 1.74557e-29
 1.92741e-41 2.67512e-33 4.48807e-26 9.10171e-20 2.23118e-14 6.61138e-10 2.36809e-06 0.0010253 0.0536602 0.339492 0.263219 0.0939628 0.164669 0.0590219 0.0197104 0.00459571 0.000601536 3.97935e-05 1.0538e-06 8.15376e-09 1.39238e-11 4.38731e-15 2.2754e-19 1.80352e-24 2.07123e-30
 1.76036e-41 2.44327e-33 4.09909e-26 8.31287e-20 2.0378e-14 6.03838e-10 2.16285e-06 0.000936439 0.0490095 0.310082 0.242081 0.109547 0.188428 0.0677931 0.0256283 0.00571926 0.00072864 4.33999e-05 9.29853e-07 5.56288e-09 7.33223e-12 1.75068e-15 6.69886e-20 3.81392e-25 3.07984e-31
 1.96836e-41 2.73195e-33 4.58342e-26 9.29508e-20 2.27858e-14 6.75185e-10 2.4184e-06 0.00104708 0.0548003 0.346716 0.269702 0.0978788 0.144552 0.0549918 0.0240755 0.00548521 0.000709418 3.88408e-05 7.11937e-07 3.34096e-09 3.28594e-12 5.80626e-16 1.64209e-20 6.85754e-26 4.01576e-32
 1.91718e-41 2.66092e-33 4.46425e-26 9.05341e-20 2.21934e-14 6.5763e-10 2.35552e-06 0.00101986 0.0533755 0.337718 0.264293 0.111963 0.1572 0.0511817 0.0182232 0.00439247 0.000598525 3.15914e-05 5.09165e-07 1.9491e-09 1.47188e-12 1.91536e-16 3.92036e-21 1.18211e-26 5.00411e-33
 1.91124e-41 2.65267e-33 4.45041e-26 9.02534e-20 2.21246e-14 6.55591e-10 2.34822e-06 0.0010167 0.05321 0.336687 0.264602 0.118249 0.15389 0.0507041 0.0177865 0.00341205 0.000417614 2.1781e-05 3.19718e-07 1.02872e-09 6.14832e-13 6.0742e-17 9.15978e-22 1.99517e-27 6.04025e-34
 1.92647e-41 2.67381e-33 4.48587e-26 9.09725e-20 2.23008e-14 6.60815e-10 2.36693e-06 0.0010248 0.053634 0.339388 0.267785 0.122988 0.147159 0.0481018 0.0165608 0.00303483 0.000308307 1.32288e-05 1.7245e-07 4.77485e-10 2.32028e-13 1.78522e-17 2.03424e-22 3.27749e-28 7.22484e-35
 2.00492e-41 2.78269e-33 4.66855e-26 9.46772e-20 2.3209e-14 6.87725e-10 2.46332e-06 0.00106653 0.0558182 0.353222 0.279035 0.121896 0.131322 0.0415985 0.0134728 0.00234368 0.000215537 7.4921e-06 7.60123e-08 1.70471e-10 6.74499e-14 4.11962e-18 3.62358e-23 4.40808e-29 7.21695e-36
 2.00093e-41 2.77716e-33 4.65927e-26 9.4489e-20 2.31629e-14 6.86358e-10 2.45842e-06 0.00106441 0.0557073 0.352553 0.280299 0.130046 0.12935 0.038053 0.0110238 0.00175273 0.000143983 4.24818e-06 3.35963e-08 5.637e-11 1.68963e-14 7.95594e-19 5.40182e-24 5.02246e-30 6.20375e-37
 2.04803e-41 2.84253e-33 4.76893e-26 9.67129e-20 2.3708e-14 7.02512e-10 2.51628e-06 0.00108946 0.0570185 0.360878 0.287797 0.130634 0.118141 0.0340718 0.00904151 0.00123885 8.65248e-05 2.1324e-06 1.34758e-08 1.71479e-11 3.76662e-15 1.29165e-19 6.44743e-25 4.45397e-31 4.10902e-38
 1.981e-41 2.7495e-33 4.61285e-26 9.35477e-20 2.29321e-14 6.7952e-10 2.43393e-06 0.00105381 0.0551526 0.349141 0.282069 0.145766 0.123857 0.0337671 0.00813405 0.000999295 5.76436e-05 1.13037e-06 5.6011e-09 5.46163e-12 8.94642e-16 2.23567e-20 8.02389e-26 3.97209e-32 2.63479e-39
 2.02523e-41 2.81088e-33 4.71584e-26 9.56362e-20 2.34441e-14 6.94691e-10 2.48827e-06 0.00107734 0.056384 0.356977 0.289299 0.143708 0.112138 0.0321948 0.00738337 0.000797093 3.85064e-05 5.94213e-07 2.22806e-09 1.62729e-12 1.98246e-16 3.64678e-21 9.52505e-27 3.39648e-33 1.61066e-40
 1.99943e-41 2.77508e-33 4.65577e-26 9.44181e-20 2.31455e-14 6.85844e-10 2.45658e-06 0.00106361 0.0556662 0.352528 0.289191 0.15354 0.110997 0.0299177 0.00640941 0.000656257 2.68115e-05 3.26622e-07 9.24659e-10 4.95915e-13 4.39513e-17 5.87351e-22 1.11326e-27 2.87286e-34 9.82076e-42
 1.94044e-41 2.6932e-33 4.51841e-26 9.16324e-20 2.24626e-14 6.65608e-10 2.3841e-06 0.00103223 0.0540242 0.342273 0.285726 0.166409 0.113479 0.0305363 0.00595621 0.000541891 1.93503e-05 1.91405e-07 4.12062e-10 1.62694e-13 1.04279e-17 9.98881e-23 1.35348e-28 2.49798e-35 6.11337e-43
 1.86137e-41 2.58346e-33 4.33428e-26 8.78984e-20 2.15472e-14 6.38484e-10 2.28695e-06 0.00099017 0.0518235 0.328531 0.280616 0.180855 0.117796 0.0328131 0.00606424 0.000494018 1.47897e-05 1.19158e-07 2.00424e-10 5.92017e-14 2.76376e-18 1.90209e-23 1.83826e-29 2.4102e-36 4.1834e-44
 1.88325e-41 2.61383e-33 4.38524e-26 8.89318e-20 2.18006e-14 6.45991e-10 2.31384e-06 0.00100181 0.0524327 0.332355 0.282253 0.174664 0.116009 0.0343457 0.00641395 0.000509666 1.38441e-05 9.65411e-08 1.37936e-10 3.4167e-14 1.31488e-18 7.3401e-24 5.69024e-30 5.9467e-37 8.1994e-45
#spawning biomass
 7003.28 7518.38 10126.6 11513.1 18550.2 29650.4 29170.1 34201.2 42128.8 52499.1 68601.5 88942.5 116889 138196 148618 125507 110523 106556 98955.7 101611 113115 122868 129275 130998 131001 144841 136665 129809 132549 220471 206772 115765 60544.1 34804.6 24168.5 20090.3 18604.2 18081.9 17903 17843 17823.1 17816.6 17814.5 17813.8 17813.6 17813.5 17813.5 17813.5 17813.5 17813.5 17813.5 17813.5 17813.5 17813.5 17813.5 17813.5 17813.5 17813.5 17813.5 17813.5 17813.5 17813.5 17813.5 17813.5 17813.5 17813.5 17813.5 17813.5 17813.5 17813.5 17813.5 17813.5 17813.5 17813.5 17813.5 17813.5 17813.5 17813.5 17813.5 17813.5 17813.5 17813.5 17813.5 17813.5 17813.5 17813.5 17813.5 17813.5 17813.5 17813.5 17813.5 17813.5 17813.5 17813.5 17813.5 17813.5 17813.5 17813.5 17813.5 17813.5 17813.5 17813.5 17813.5 17813.5 17813.5 17813.5 17813.5 17813.5 17813.5 17813.5 17813.5 17813.5 17813.5 17813.5 17813.5 17813.5 17813.5 17813.5 17813.5 17813.5 17813.5 17813.5 17813.5 17813.5 17813.5 17813.5 17813.5 17813.5 17813.5 0 0 0 0 0 0 0 0 0 0 0 0 0 0 0 0 0 0 0 0 0 0 0 0 0
