SBPRF35
0.339991
Curr Bio
111715
B35
395679
F35
0.356205
FOFL
0.143235
OFL
17746.8
Bzero
97140.4
#pred survey bio
 33670.7 34494.7 25342.7 15914.9 16431.3 22687.1 28346.9 34614.8 46226.3 58348.1 60235.7 61456.4 67173.6 70308.5 86892.9 83277.6 100761 97502.5 97366.3 95873.2 126812 115546 124187 120591 99808.7 125316 116815 111935 5.99155e+06 5.72896e+06 4.9639e+06 3.82418e+06 2.81101e+06 2.06904e+06 1.57735e+06 1.26914e+06 1.08148e+06 968497 900344 858764 832943 816568 805899 798681 793919 790720 788540 787039 785997 785269 784759 784400 784147 783968 783841 783752 783688 783643 783612 783589 783573 783562 783554 783548 783544 783541 783539 783538 783537 783536 783535 783535 783535 783535 783535 783534 783534 783534 783534 783534 783534 783534 783534 783534 783534 783534 783534 783534 783534 783534 783534 783534 783534 783534 783534 783534 783534 783534 783534 783534 783534 783534 783534 783534 783534 783534 783534 783534 783534 783534 783534 783534 783534 783534 783534 783534 783534 783534 783534 783534 783534 783534 783534 783534 783534 783534 783534 783534 0 0 0 0 0 0 0 0 0 0 0 0 0 0 0 0 0 0 0 0 0 0 0 0 0
#obs survey bio
 31051.8 27841.3 17617.1 16807.8 14591.9 22326.4 30508.7 36512.2 55310.4 56986.9 47222.8 53496.4 85251.5 62632.5 62840.8 126780 83995.6 109313 104881 88905.5 120482 128315 103534 166325 110345 159738 130426 99479.4
#pred catch bio
 15096.1 16966.8 14300.5 10042.2 9434.12 13859.8 19138.9 22154.4 30917.1 45380 50311.3 52183.7 59919.2 61874.8 83986.6 74242.5 95611.2 94723.6 101126 93691.6 135808 124754 140867 142557 112679 150239 144480 103262 17746.8 68750.8 57983.5 43206 30574.2 21664.8 16018 12672.9 10779.9 9742.8 9187.82 8895.97 8744.49 8666.65 8626.86 8606.49 8596.38 8591.36 8588.86 8587.63 8587.01 8586.71 8586.55 8586.48 8586.44 8586.42 8586.41 8586.41 8586.41 8586.41 8586.41 8586.41 8586.41 8586.41 8586.41 8586.41 8586.41 8586.41 8586.41 8586.41 8586.41 8586.41 8586.41 8586.41 8586.41 8586.41 8586.41 8586.41 8586.41 8586.41 8586.41 8586.41 8586.41 8586.41 8586.41 8586.41 8586.41 8586.41 8586.41 8586.41 8586.41 8586.41 8586.41 8586.41 8586.41 8586.41 8586.41 8586.41 8586.41 8586.41 8586.41 8586.41 8586.41 8586.41 8586.41 8586.41 8586.41 8586.41 8586.41 8586.41 8586.41 8586.41 8586.41 8586.41 8586.41 8586.41 8586.41 8586.41 8586.41 8586.41 8586.41 8586.41 8586.41 8586.41 8586.41 8586.41 8586.41 8586.41 8586.41 8586.41 0 0 0 0 0 0 0 0 0 0 0 0 0 0 0 0 0 0 0 0 0 0 0 0 0
#obs catch bio
 14841.4 17698.5 17191.1 11233 9147.28 14389.2 17826.1 21901.4 29874.5 43966.3 52194.1 52237.3 56267.5 66215.4 88686.1 64717.5 89261.4 88551.1 103936 87424 127130 115410 141066 128237 98298.5 135537 128173 98048.8
#pred cpue bio
 31965.9 33426.4 24935.8 15193.4 15028 21202.5 26163.5 31860.6 42586 53691.9 55088.1 55630.6 60703.1 63078.6 77546.1 74339.2 90153.4 87277.5 86257.2 83936.6 111670 101111 107808 104150 85865 107673 99792 94783.5 5.39124e+06 5.71282e+06 4.94776e+06 3.80804e+06 2.79487e+06 2.05289e+06 1.56121e+06 1.253e+06 1.06534e+06 952355 884203 842622 816802 800427 789758 782540 777778 774579 772399 770898 769856 769128 768618 768259 768005 767826 767700 767610 767547 767502 767470 767448 767432 767421 767413 767407 767403 767400 767398 767396 767395 767395 767394 767394 767394 767393 767393 767393 767393 767393 767393 767393 767393 767393 767393 767393 767393 767393 767393 767393 767393 767393 767393 767393 767393 767393 767393 767393 767393 767393 767393 767393 767393 767393 767393 767393 767393 767393 767393 767393 767393 767393 767393 767393 767393 767393 767393 767393 767393 767393 767393 767393 767393 767393 767393 767393 767393 767393 767393 767393 0 0 0 0 0 0 0 0 0 0 0 0 0 0 0 0 0 0 0 0 0 0 0 0 0
#obs cpue bio
 29192.7 28075.1 12357.7 15169.2 20168 17603.8 43742.9 24530 44637.3 63302.3 55500.1 66218.8 67032.2 43532.5 99311.4 97746.5 132205 98521.3 69816.5 119766 160977 120052 124534 125018 126992 128781 147828 120871
#pred surv len freq
 1.305e-11 1.41645e-09 9.06529e-08 3.42096e-06 7.61208e-05 0.000998752 0.00772784 0.0352818 0.0953205 0.154606 0.161 0.135283 0.122791 0.106367 0.0720734 0.0417747 0.0243283 0.0144823 0.00888688 0.00580395 0.00412119 0.00323342 0.00267426 0.00200877 0.00115712
 9.08153e-12 9.85713e-10 6.30855e-08 2.38065e-06 5.2973e-05 0.000695058 0.00537882 0.024576 0.0666542 0.110189 0.124478 0.129477 0.145975 0.139876 0.102171 0.0648646 0.0390765 0.0214323 0.0110232 0.00575605 0.00322727 0.00204254 0.00145411 0.00101995 0.000579698
 5.73896e-12 6.22909e-10 3.98661e-08 1.50443e-06 3.34759e-05 0.000439253 0.00339984 0.0155483 0.0423658 0.0716153 0.0881877 0.109215 0.141167 0.14859 0.125947 0.0980988 0.0696742 0.0425096 0.022692 0.0108792 0.00490808 0.00231552 0.00126018 0.000752277 0.000400083
 1.33184e-11 1.44558e-09 9.25169e-08 3.4913e-06 7.76858e-05 0.00101927 0.00788602 0.0359904 0.0970483 0.155906 0.155363 0.113155 0.0856844 0.0760496 0.0690465 0.0625776 0.0526884 0.0390199 0.0249678 0.0134255 0.00607366 0.00243189 0.000966701 0.00042717 0.000192175
 1.75075e-11 1.90028e-09 1.21617e-07 4.58946e-06 0.000102121 0.00133987 0.0103663 0.0473055 0.127501 0.204348 0.20132 0.139906 0.0940877 0.0678705 0.0415555 0.022106 0.0137635 0.0105723 0.00802954 0.00523623 0.00278414 0.00119093 0.000424462 0.000139956 4.6724e-05
 1.43106e-11 1.55328e-09 9.94095e-08 3.75141e-06 8.34737e-05 0.00109522 0.0084742 0.0386873 0.104493 0.169254 0.175169 0.14431 0.127052 0.105991 0.0658395 0.0313914 0.0138733 0.00638956 0.0033923 0.00214719 0.00132281 0.000668119 0.000261802 8.09914e-05 2.12662e-05
 1.60134e-11 1.7381e-09 1.11238e-07 4.19779e-06 9.34061e-05 0.00122553 0.00948195 0.0432765 0.116732 0.187817 0.188489 0.140348 0.107401 0.0856935 0.0570413 0.0323864 0.0170088 0.00776654 0.00305628 0.00119429 0.000542862 0.000271235 0.000119526 4.05788e-05 1.03583e-05
 1.61311e-11 1.75087e-09 1.12056e-07 4.22863e-06 9.40923e-05 0.00123453 0.00955167 0.0435959 0.117609 0.189356 0.190627 0.143417 0.111081 0.0874233 0.0545296 0.0273665 0.0132207 0.0063872 0.00284516 0.00109934 0.000370245 0.000123276 4.47116e-05 1.53976e-05 4.17986e-06
 1.60209e-11 1.73891e-09 1.1129e-07 4.19975e-06 9.34496e-05 0.0012261 0.00948645 0.0432986 0.116812 0.188116 0.189582 0.14318 0.111665 0.0885216 0.0558738 0.0284919 0.0135791 0.0061025 0.00251465 0.000972337 0.00034081 0.000102651 2.73566e-05 7.07626e-06 1.73483e-06
 1.61335e-11 1.75113e-09 1.12072e-07 4.22926e-06 9.41064e-05 0.00123472 0.00955309 0.0436023 0.117626 0.189378 0.190626 0.143365 0.111041 0.0875992 0.0550385 0.0278794 0.0132475 0.00597285 0.00243201 0.000895183 0.000296474 8.70949e-05 2.20464e-05 4.72857e-06 8.88097e-07
 1.66931e-11 1.81187e-09 1.15959e-07 4.37595e-06 9.73704e-05 0.00127754 0.00988434 0.0451123 0.121673 0.195681 0.195965 0.144712 0.108615 0.0835795 0.0509358 0.0242953 0.0107208 0.0046199 0.00184987 0.000676026 0.0002197 6.19037e-05 1.48987e-05 3.00103e-06 4.95461e-07
 1.76239e-11 1.9129e-09 1.22426e-07 4.61996e-06 0.0001028 0.00134878 0.0104353 0.0476231 0.128392 0.206064 0.204364 0.145623 0.102547 0.0755209 0.0446236 0.0201586 0.00817805 0.00323429 0.00119561 0.000410322 0.000128858 3.55963e-05 8.33921e-06 1.6077e-06 2.48921e-07
 1.77186e-11 1.92318e-09 1.23083e-07 4.64478e-06 0.000103352 0.00135602 0.0104914 0.0478788 0.129081 0.207165 0.205435 0.146315 0.102858 0.0753695 0.0438518 0.019013 0.00718107 0.00262286 0.00088944 0.000277071 7.94344e-05 2.04564e-05 4.58226e-06 8.561e-07 1.27855e-07
 1.83458e-11 1.99126e-09 1.2744e-07 4.80919e-06 0.00010701 0.00140402 0.0108626 0.0495703 0.133605 0.214126 0.210926 0.146463 0.0980448 0.0694052 0.0396682 0.0167629 0.00604917 0.002088 0.000661229 0.000188814 4.90239e-05 1.13777e-05 2.31528e-06 4.01748e-07 5.70252e-08
 1.87869e-11 2.03914e-09 1.30504e-07 4.92483e-06 0.000109583 0.00143777 0.0111237 0.0507599 0.136785 0.219016 0.214761 0.146492 0.0945424 0.065122 0.0367318 0.0152613 0.00534494 0.00177878 0.000539538 0.000145309 3.49888e-05 7.40081e-06 1.35362e-06 2.10684e-07 2.71677e-08
 1.87078e-11 2.03055e-09 1.29955e-07 4.9041e-06 0.000109122 0.00143172 0.0110769 0.0505471 0.136222 0.218193 0.214331 0.147195 0.0962537 0.0666196 0.0369834 0.0145571 0.00458684 0.00137091 0.000389014 9.9904e-05 2.28906e-05 4.54998e-06 7.67762e-07 1.08289e-07 1.25174e-08
 1.85425e-11 2.01261e-09 1.28807e-07 4.86077e-06 0.000108158 0.00141908 0.0109791 0.0501012 0.135027 0.216334 0.212764 0.146828 0.0970301 0.0678961 0.0382992 0.0156793 0.00529255 0.00165192 0.000452356 0.00010575 2.20055e-05 4.07198e-06 6.46477e-07 8.51547e-08 9.04805e-09
 1.84824e-11 2.00609e-09 1.2839e-07 4.84502e-06 0.000107808 0.00141448 0.0109435 0.0499394 0.134596 0.215691 0.212352 0.147127 0.0979658 0.0687708 0.0385402 0.0154317 0.00501574 0.00153539 0.000431159 0.000105211 2.19762e-05 3.83374e-06 5.557e-07 6.71631e-08 6.62678e-09
 1.93452e-11 2.09974e-09 1.34383e-07 5.07119e-06 0.00011284 0.0014805 0.0114541 0.0522658 0.140813 0.225224 0.219706 0.146778 0.0904906 0.0599535 0.0329083 0.0130066 0.00413806 0.00122928 0.000333896 7.92823e-05 1.65372e-05 2.94755e-06 4.30542e-07 5.01507e-08 4.59227e-09
 2.0216e-11 2.19425e-09 1.40432e-07 5.29946e-06 0.000117919 0.00154714 0.0119695 0.054614 0.147091 0.23487 0.227244 0.146745 0.083429 0.0513667 0.0270701 0.0100953 0.00285822 0.000740393 0.000184621 4.18355e-05 8.41381e-06 1.45735e-06 2.10444e-07 2.46385e-08 2.25801e-09
 1.97769e-11 2.14659e-09 1.37382e-07 5.18435e-06 0.000115358 0.00151354 0.0117097 0.05343 0.143928 0.230025 0.22353 0.147002 0.0873589 0.0559499 0.0299318 0.0112423 0.00320143 0.000818663 0.000191862 3.88096e-05 6.91789e-06 1.1018e-06 1.5122e-07 1.714e-08 1.54423e-09
 2.02358e-11 2.1964e-09 1.40569e-07 5.30465e-06 0.000118035 0.00154865 0.0119813 0.0546675 0.147235 0.235102 0.227473 0.146902 0.0835113 0.0513373 0.026881 0.00981574 0.00263049 0.000620629 0.000138278 2.72838e-05 4.66162e-06 6.81289e-07 8.35066e-08 8.55133e-09 7.18894e-10
 2.08016e-11 2.25781e-09 1.445e-07 5.45297e-06 0.000121335 0.00159195 0.0123161 0.0561931 0.151311 0.241346 0.232262 0.146583 0.0784702 0.0454586 0.0232165 0.00834462 0.00216952 0.000485663 0.000101626 1.86687e-05 2.96756e-06 4.10773e-07 4.79392e-08 4.5679e-09 3.48107e-10
 2.11388e-11 2.29442e-09 1.46842e-07 5.54137e-06 0.000123302 0.00161776 0.0125157 0.0571023 0.153742 0.245076 0.235154 0.146495 0.0756215 0.0420554 0.0209815 0.00731671 0.00176716 0.000347959 6.46489e-05 1.09815e-05 1.63071e-06 2.09851e-07 2.27318e-08 2.02357e-09 1.45005e-10
 2.13904e-11 2.32172e-09 1.4859e-07 5.60731e-06 0.000124769 0.00163701 0.0126646 0.0577807 0.155554 0.247856 0.237298 0.146392 0.0734388 0.0394791 0.0193325 0.00660531 0.00151415 0.000266768 4.30471e-05 6.40494e-06 8.31896e-07 9.48791e-08 9.36247e-09 7.69598e-10 5.10785e-11
 2.1478e-11 2.33124e-09 1.49199e-07 5.63029e-06 0.000125281 0.00164371 0.0127165 0.058017 0.156185 0.248817 0.238013 0.146269 0.0725451 0.0384956 0.0188009 0.00648596 0.00153506 0.000287927 4.88818e-05 7.13073e-06 8.41274e-07 8.32813e-08 7.08575e-09 5.07608e-10 2.99582e-11
 2.18376e-11 2.37026e-09 1.51696e-07 5.72455e-06 0.000127378 0.00167123 0.0129293 0.0589865 0.158776 0.252786 0.241057 0.146066 0.069342 0.0347572 0.0164649 0.0055439 0.00124186 0.000208105 3.14038e-05 4.40222e-06 5.32498e-07 5.40444e-08 4.45432e-09 2.89037e-10 1.48302e-11
 2.23702e-11 2.42807e-09 1.55396e-07 5.86417e-06 0.000130485 0.00171199 0.0132445 0.0604225 0.162612 0.258657 0.245532 0.145671 0.0644523 0.0291267 0.013053 0.00429003 0.000926304 0.000142264 1.87106e-05 2.29088e-06 2.44652e-07 2.23901e-08 1.7616e-09 1.14322e-10 5.84024e-12
#obs surv len freq
 3.99658e-11 3.70389e-09 2.02402e-07 6.52167e-06 0.000123906 0.00138814 0.00917198 0.0357787 0.0828463 0.117117 0.114782 0.109232 0.120098 0.120996 0.104691 0.0811077 0.0536303 0.0291963 0.0131902 0.00487163 0.00141121 0.000306812 4.79908e-05 5.18709e-06 3.73865e-07
 2.49156e-11 2.2271e-09 1.1738e-07 3.64786e-06 6.68469e-05 0.000722399 0.00460692 0.0173979 0.0396234 0.0593564 0.0773192 0.114318 0.155755 0.16323 0.14058 0.105852 0.0663073 0.0337559 0.0143394 0.00504151 0.00139273 0.00028566 4.15404e-05 4.12951e-06 2.72516e-07
 1.36683e-11 1.17634e-09 5.96951e-08 1.78623e-06 3.1517e-05 0.000327995 0.00201585 0.0073661 0.0165636 0.0266081 0.0432838 0.0792102 0.127268 0.169634 0.189696 0.163381 0.101775 0.0474776 0.0179444 0.00566518 0.0014354 0.000273739 3.71094e-05 3.4237e-06 2.08299e-07
 2.42893e-10 2.00946e-08 9.80235e-07 2.81947e-05 0.000478181 0.00478195 0.0281975 0.0980479 0.20111 0.243781 0.176465 0.0812586 0.0339903 0.0275416 0.0321997 0.0310637 0.02225 0.0119855 0.00489499 0.00150819 0.000349067 5.98411e-05 7.35003e-06 6.20474e-07 3.47106e-08
 1.41329e-10 1.12221e-08 5.25421e-07 1.45054e-05 0.00023613 0.00226688 0.0128429 0.0430948 0.0872698 0.116458 0.13481 0.172422 0.190604 0.140085 0.0650154 0.021521 0.00751813 0.00353695 0.00160204 0.00054646 0.000131316 2.18035e-05 2.47238e-06 1.88811e-07 9.53429e-09
 3.31478e-10 2.52263e-08 1.13198e-06 2.99512e-05 0.000467281 0.0042988 0.0233236 0.0747004 0.141916 0.163977 0.129463 0.0985959 0.0950624 0.0959411 0.0841997 0.0555132 0.0242914 0.00673561 0.00125209 0.000194686 3.20924e-05 4.88915e-06 5.4197e-07 3.96806e-08 1.86714e-09
 4.82171e-10 3.51209e-08 1.5084e-06 3.81995e-05 0.000570414 0.00502278 0.0260892 0.0800743 0.146539 0.167226 0.142401 0.127158 0.118777 0.0890468 0.0525356 0.0270639 0.0120251 0.00417284 0.00104981 0.000183133 2.19894e-05 1.92636e-06 1.3572e-07 7.77598e-09 3.26803e-10
 6.07794e-10 4.23187e-08 1.73738e-06 4.20579e-05 0.000600338 0.00505338 0.0250969 0.0737288 0.12985 0.146243 0.132723 0.133361 0.132408 0.104144 0.0655826 0.0337359 0.0130394 0.00355762 0.000707089 0.000110076 1.35006e-05 1.21272e-06 7.46845e-08 3.09774e-09 8.81906e-11
 9.68725e-10 6.43973e-08 2.52419e-06 5.83399e-05 0.000795068 0.00638967 0.0302962 0.0849548 0.142659 0.152411 0.12942 0.121913 0.118204 0.0957363 0.0642645 0.0346821 0.0136484 0.00373032 0.000720975 0.000102151 1.07634e-05 8.36325e-07 4.69158e-08 1.83712e-09 4.82876e-11
 1.32169e-09 8.37918e-08 3.13228e-06 6.90413e-05 0.000897344 0.00687817 0.0311151 0.0833918 0.135021 0.144489 0.134782 0.140525 0.133347 0.0964876 0.0554244 0.0258838 0.00904465 0.00220878 0.000379972 4.81716e-05 4.59484e-06 3.22334e-07 1.60309e-08 5.49438e-10 1.27172e-11
 2.11931e-09 1.28001e-07 4.55849e-06 9.57234e-05 0.00118527 0.00865519 0.0373002 0.0952207 0.146729 0.148879 0.130726 0.129498 0.120819 0.0899407 0.0543577 0.0257507 0.00860799 0.00191219 0.000285486 3.02444e-05 2.39033e-06 1.41791e-07 6.12296e-09 1.85394e-10 3.81211e-12
 3.24502e-09 1.86535e-07 6.32254e-06 0.000126361 0.00148915 0.01035 0.0424626 0.103297 0.152412 0.150972 0.134382 0.133409 0.11846 0.0811329 0.0445379 0.0193968 0.00607889 0.00128358 0.000183045 1.83107e-05 1.32185e-06 6.86317e-08 2.51359e-09 6.38705e-11 1.11046e-12
 4.54839e-09 2.48615e-07 8.01282e-06 0.000152277 0.00170646 0.011279 0.0440241 0.102105 0.145092 0.14391 0.136773 0.141602 0.123666 0.0819875 0.043358 0.0179377 0.00524409 0.00101323 0.000129412 1.14073e-05 7.26495e-07 3.37764e-08 1.11824e-09 2.55238e-11 3.91756e-13
 7.12177e-09 3.69843e-07 1.13249e-05 0.000204477 0.00217705 0.0136715 0.0507054 0.111802 0.151388 0.144246 0.133325 0.134475 0.115637 0.0775124 0.0417851 0.017179 0.00486158 0.000899194 0.00010959 9.15849e-06 5.43389e-07 2.29662e-08 6.77785e-10 1.36799e-11 1.86007e-13
 9.92472e-09 4.89299e-07 1.42239e-05 0.000243814 0.00246448 0.0146954 0.0517923 0.108935 0.143207 0.140515 0.142114 0.147179 0.120435 0.0741509 0.0363186 0.013674 0.00357532 0.000611404 6.84916e-05 5.22515e-06 2.82733e-07 1.0959e-08 2.97969e-10 5.5266e-12 6.84388e-14
 1.5977e-08 7.47271e-07 2.06087e-05 0.000335133 0.00321376 0.0181805 0.060793 0.121349 0.151542 0.141626 0.136938 0.136653 0.110134 0.0687321 0.0341586 0.0126301 0.00313955 0.000499282 5.10222e-05 3.48167e-06 1.66196e-07 5.6759e-09 1.37035e-10 2.27762e-12 2.54644e-14
 2.21443e-08 9.82001e-07 2.56774e-05 0.000395903 0.00359977 0.0193132 0.0613136 0.116809 0.142464 0.138783 0.145074 0.14607 0.113192 0.067118 0.0316296 0.011112 0.00264544 0.000409202 4.15574e-05 2.86724e-06 1.37749e-07 4.58927e-09 1.03772e-10 1.56407e-12 1.55755e-14
 2.9725e-08 1.24916e-06 3.09531e-05 0.000452265 0.00389719 0.0198205 0.0597239 0.108642 0.129721 0.131462 0.145907 0.150157 0.120075 0.0757185 0.0374525 0.0132736 0.00312838 0.000483297 5.01992e-05 3.6126e-06 1.8113e-07 6.20411e-09 1.41691e-10 2.1225e-12 2.0642e-14
 5.54473e-08 2.20719e-06 5.18072e-05 0.000717034 0.00585258 0.0281896 0.0803789 0.137799 0.152383 0.137131 0.134121 0.127529 0.0972214 0.058986 0.02788 0.00934867 0.00207474 0.000302026 2.97472e-05 2.05546e-06 1.00597e-07 3.41731e-09 7.8282e-11 1.18128e-12 1.15394e-14
 6.79559e-08 2.5616e-06 5.69361e-05 0.000746239 0.00576885 0.026336 0.0714268 0.118417 0.13507 0.142004 0.159189 0.149875 0.103812 0.0553213 0.0231949 0.00709395 0.00146503 0.000200588 1.8674e-05 1.22024e-06 5.63625e-08 1.80589e-09 3.91477e-11 5.62867e-13 5.28295e-15
 1.0927e-07 3.89949e-06 8.20553e-05 0.00101816 0.0074515 0.0322021 0.0826383 0.12935 0.138148 0.134607 0.143152 0.135278 0.100617 0.0593509 0.0263284 0.00798322 0.00157018 0.00020075 1.7279e-05 1.04035e-06 4.43711e-08 1.31839e-09 2.65872e-11 3.5611e-13 3.11567e-15
 1.54676e-07 5.22505e-06 0.000104076 0.00122246 0.00847008 0.0346747 0.0845327 0.127298 0.136644 0.141749 0.154001 0.13818 0.0941917 0.0506516 0.0208819 0.00605306 0.00117397 0.000152817 1.36695e-05 8.48699e-07 3.60963e-08 1.02986e-09 1.94219e-11 2.40103e-13 1.93115e-15
 2.18972e-07 7.00141e-06 0.000132002 0.0014676 0.00962619 0.0373266 0.0864173 0.12499 0.133528 0.143002 0.156243 0.138051 0.0933861 0.0496697 0.0197223 0.00535468 0.000953812 0.000112807 9.20468e-06 5.33246e-07 2.18279e-08 6.13414e-10 1.14765e-11 1.39666e-13 1.08756e-15
 3.40266e-07 1.02978e-05 0.000183769 0.00193391 0.0120074 0.0440852 0.0967566 0.133316 0.137548 0.143734 0.151649 0.129054 0.0846354 0.0435275 0.0165127 0.00424581 0.000713979 7.95449e-05 6.075e-06 3.25595e-07 1.21999e-08 3.13044e-10 5.38692e-12 6.11291e-14 4.50445e-16
 4.67617e-07 1.33959e-05 0.000226285 0.00225425 0.0132523 0.0461186 0.0964082 0.12908 0.136488 0.150375 0.158311 0.129327 0.0806614 0.0393198 0.0141097 0.00343901 0.000551779 5.91353e-05 4.36214e-06 2.24695e-07 7.99303e-09 1.92034e-10 3.05732e-12 3.18191e-14 2.14012e-16
 6.02837e-07 1.63485e-05 0.000261435 0.00246573 0.0137288 0.0453272 0.0905947 0.119533 0.133257 0.157019 0.166318 0.133533 0.082042 0.038998 0.0133515 0.0030507 0.000453731 4.47599e-05 3.03509e-06 1.44576e-07 4.80263e-09 1.08562e-10 1.62978e-12 1.59504e-14 1.003e-16
 9.5661e-07 2.45616e-05 0.000371869 0.00332066 0.0175059 0.0547355 0.103676 0.129907 0.137934 0.154813 0.156744 0.121636 0.0727072 0.0332596 0.0107466 0.00227815 0.000309373 2.73821e-05 1.64059e-06 6.87008e-08 2.01999e-09 4.09096e-11 5.56686e-13 4.98586e-15 2.89082e-17
 1.18523e-06 2.88156e-05 0.000413123 0.00349379 0.0174556 0.051887 0.0947181 0.120017 0.139355 0.167349 0.167472 0.124488 0.0708434 0.0307978 0.0094739 0.00192792 0.000254975 2.23143e-05 1.32714e-06 5.42217e-08 1.50549e-09 2.78861e-11 3.39845e-13 2.70234e-15 1.39177e-17
#pred catch len freq
 1.27509e-11 1.38399e-09 8.85752e-08 3.34255e-06 7.43762e-05 0.000975863 0.00755081 0.034475 0.0931619 0.151274 0.158322 0.135047 0.124817 0.108966 0.0739692 0.0428874 0.0249773 0.0148686 0.00912397 0.0059588 0.00423114 0.00331969 0.00274561 0.00206237 0.00118799
 8.90249e-12 9.66279e-10 6.18418e-08 2.33372e-06 5.19286e-05 0.000681357 0.00527284 0.024093 0.0653618 0.108192 0.122863 0.129304 0.147144 0.141419 0.103364 0.0656289 0.0395374 0.0216851 0.0111532 0.00582394 0.00326533 0.00206663 0.00147126 0.00103198 0.000586536
 5.74913e-12 6.24013e-10 3.99368e-08 1.5071e-06 3.35353e-05 0.000440031 0.00340586 0.0155757 0.0424393 0.0717294 0.0882828 0.109234 0.141115 0.148513 0.125878 0.0980449 0.069636 0.0424863 0.0226795 0.0108733 0.00490539 0.00231425 0.00125949 0.000751864 0.000399863
 1.35333e-11 1.46891e-09 9.401e-08 3.54764e-06 7.89395e-05 0.00103572 0.00801325 0.0365704 0.0986035 0.158333 0.157445 0.113763 0.0849217 0.0747323 0.0677103 0.0613499 0.0516536 0.0382535 0.0244774 0.0131618 0.00595437 0.00238412 0.000947713 0.00041878 0.0001884
 1.75397e-11 1.90376e-09 1.2184e-07 4.59788e-06 0.000102308 0.00134232 0.0103853 0.0473921 0.127733 0.204705 0.201605 0.139926 0.0938631 0.0675905 0.0413627 0.0220012 0.013698 0.010522 0.00799135 0.00521133 0.0027709 0.00118527 0.000422444 0.000139291 4.65018e-05
 1.44543e-11 1.56888e-09 1.00408e-07 3.78909e-06 8.43121e-05 0.00110622 0.00855928 0.0390749 0.105529 0.170846 0.176415 0.144307 0.125893 0.104589 0.064903 0.0309388 0.0136729 0.00629725 0.0033433 0.00211618 0.0013037 0.000658467 0.00025802 7.98214e-05 2.0959e-05
 1.63168e-11 1.77103e-09 1.13346e-07 4.27732e-06 9.51758e-05 0.00124875 0.00966153 0.0440948 0.11892 0.191189 0.19117 0.140486 0.105173 0.0828717 0.0549804 0.0311975 0.0163833 0.00748085 0.00294386 0.00115036 0.000522893 0.000261258 0.000115129 3.90861e-05 9.97723e-06
 1.63363e-11 1.77314e-09 1.13481e-07 4.28242e-06 9.52892e-05 0.00125024 0.00967312 0.0441492 0.119089 0.191631 0.192412 0.143434 0.10946 0.0854435 0.0531789 0.0266775 0.012887 0.00622599 0.00277335 0.0010716 0.0003609 0.000120164 4.35831e-05 1.5009e-05 4.07436e-06
 1.63057e-11 1.76983e-09 1.13269e-07 4.2744e-06 9.51108e-05 0.0012479 0.00965502 0.0440666 0.118866 0.191274 0.192063 0.143212 0.109425 0.0857726 0.0539778 0.0275095 0.0131098 0.00589159 0.00242774 0.000938731 0.00032903 9.91032e-05 2.64111e-05 6.83169e-06 1.67487e-06
 1.67279e-11 1.81565e-09 1.16201e-07 4.38508e-06 9.75734e-05 0.00128021 0.00990491 0.0452053 0.121912 0.195968 0.195799 0.14342 0.106347 0.0818497 0.0510876 0.0258454 0.0122788 0.00553604 0.00225415 0.000829715 0.000274791 8.07254e-05 2.04341e-05 4.38275e-06 8.23147e-07
 1.74245e-11 1.89127e-09 1.21041e-07 4.5677e-06 0.000101637 0.00133352 0.0103173 0.0470848 0.126946 0.203781 0.202286 0.144654 0.102646 0.0763694 0.0461108 0.0219536 0.00968487 0.00417338 0.00167107 0.000610685 0.000198466 5.59205e-05 1.34587e-05 2.71097e-06 4.47573e-07
 1.83181e-11 1.98825e-09 1.27248e-07 4.80194e-06 0.000106849 0.0014019 0.0108462 0.0494951 0.133396 0.213744 0.210325 0.145464 0.0967215 0.0685613 0.0400624 0.0180572 0.00732295 0.00289601 0.00107056 0.000367404 0.00011538 3.18731e-05 7.46698e-06 1.43954e-06 2.22885e-07
 1.85183e-11 2.00999e-09 1.28639e-07 4.85443e-06 0.000108017 0.00141722 0.0109647 0.0500354 0.134845 0.216006 0.212271 0.146046 0.0960123 0.0672543 0.0386155 0.0166971 0.00630357 0.00230225 0.000780714 0.000243202 6.97243e-05 1.79558e-05 4.02212e-06 7.5145e-07 1.12226e-07
 1.90484e-11 2.06752e-09 1.32321e-07 4.99339e-06 0.000111109 0.00145779 0.0112785 0.051465 0.138668 0.221891 0.216917 0.146183 0.0919638 0.0622275 0.0350767 0.0147797 0.00533091 0.00183997 0.000582682 0.000166385 4.32003e-05 1.00261e-05 2.04025e-06 3.54024e-07 5.02512e-08
 1.96426e-11 2.13202e-09 1.36449e-07 5.14916e-06 0.000114575 0.00150326 0.0116302 0.0530674 0.142951 0.228469 0.222046 0.14612 0.0870874 0.0563459 0.0311484 0.0128861 0.0045098 0.00150072 0.000455194 0.000122594 2.95192e-05 6.24388e-06 1.14201e-06 1.77749e-07 2.29207e-08
 1.93971e-11 2.10537e-09 1.34743e-07 5.0848e-06 0.000113143 0.00148447 0.0114849 0.0524058 0.141188 0.225802 0.220169 0.146812 0.0901217 0.0594651 0.0325187 0.0127586 0.0040178 0.00120075 0.000340726 8.75029e-05 2.00492e-05 3.98519e-06 6.7246e-07 9.48473e-08 1.09636e-08
 1.93893e-11 2.10452e-09 1.34689e-07 5.08274e-06 0.000113097 0.00148387 0.0114802 0.0523844 0.141128 0.225686 0.21996 0.146426 0.0896004 0.0591726 0.0327785 0.0133677 0.00450926 0.00140733 0.000385375 9.00911e-05 1.87471e-05 3.46903e-06 5.50751e-07 7.25456e-08 7.70828e-09
 1.93933e-11 2.10496e-09 1.34717e-07 5.08381e-06 0.000113121 0.00148418 0.0114826 0.0523955 0.141159 0.225748 0.220077 0.146652 0.0899089 0.0593461 0.0326251 0.0130098 0.00422551 0.00129337 0.000363195 8.8626e-05 1.8512e-05 3.22942e-06 4.68103e-07 5.6576e-08 5.58219e-09
 2.0272e-11 2.20033e-09 1.40821e-07 5.31414e-06 0.000118246 0.00155142 0.0120027 0.0547647 0.14749 0.235455 0.227559 0.146276 0.0822638 0.0503439 0.0268955 0.0105673 0.00335841 0.000997537 0.000270947 6.43353e-05 1.34195e-05 2.39185e-06 3.49373e-07 4.06959e-08 3.72649e-09
 2.08746e-11 2.26574e-09 1.45007e-07 5.47212e-06 0.000121761 0.00159754 0.0123594 0.0563898 0.151835 0.242135 0.232799 0.146316 0.0774737 0.0444655 0.0228278 0.00846254 0.00239327 0.00061985 0.000154561 3.50237e-05 7.04384e-06 1.22006e-06 1.76179e-07 2.06268e-08 1.89036e-09
 2.06866e-11 2.24533e-09 1.43701e-07 5.42282e-06 0.000120664 0.00158315 0.0122481 0.0558828 0.150481 0.240059 0.231204 0.146416 0.0791416 0.0464216 0.0240655 0.00897532 0.0025525 0.000652594 0.00015294 3.09364e-05 5.51447e-06 8.78277e-07 1.20542e-07 1.36628e-08 1.23096e-09
 2.10681e-11 2.28674e-09 1.46351e-07 5.52282e-06 0.000122889 0.00161234 0.0124738 0.0569114 0.15323 0.244279 0.234479 0.146325 0.0759321 0.0425801 0.0215331 0.00780026 0.00208717 0.000492323 0.000109688 2.16427e-05 3.69779e-06 5.40428e-07 6.62411e-08 6.78328e-09 5.70258e-10
 2.1598e-11 2.34426e-09 1.50032e-07 5.66175e-06 0.000125981 0.0016529 0.0127875 0.0583404 0.157048 0.250128 0.238961 0.146014 0.0711915 0.0370611 0.0181054 0.00643911 0.00167067 0.000373869 7.823e-05 1.43709e-05 2.28437e-06 3.16205e-07 3.69027e-08 3.51628e-09 2.67967e-10
 2.19196e-11 2.37916e-09 1.52266e-07 5.74604e-06 0.000127856 0.00167751 0.0129778 0.0592075 0.159365 0.253682 0.241708 0.145899 0.0684276 0.0337847 0.0159885 0.00550394 0.00132591 0.00026096 4.84822e-05 8.23535e-06 1.22291e-06 1.57373e-07 1.70473e-08 1.51754e-09 1.08743e-10
 2.20428e-11 2.39254e-09 1.53122e-07 5.77835e-06 0.000128575 0.00168694 0.0130508 0.0595398 0.160253 0.255045 0.242767 0.145874 0.0673965 0.0325477 0.0151693 0.00511943 0.00117062 0.00020615 3.32635e-05 4.94921e-06 6.42821e-07 7.33149e-08 7.23456e-09 5.94682e-10 3.94693e-11
 2.21918e-11 2.4087e-09 1.54157e-07 5.81739e-06 0.000129444 0.00169833 0.0131389 0.0599413 0.161326 0.256683 0.244 0.145715 0.0659565 0.0309268 0.0142397 0.00483997 0.00114207 0.000214103 3.63461e-05 5.30204e-06 6.25527e-07 6.19236e-08 5.26859e-09 3.77431e-10 2.22754e-11
 2.24946e-11 2.44157e-09 1.5626e-07 5.89678e-06 0.00013121 0.00172151 0.0133182 0.0607579 0.163507 0.260025 0.246561 0.145536 0.0632454 0.0277695 0.0122764 0.00405927 0.000905909 0.000151703 2.28903e-05 3.20876e-06 3.88135e-07 3.93927e-08 3.24673e-09 2.10678e-10 1.08097e-11
 2.26396e-11 2.45731e-09 1.57268e-07 5.93479e-06 0.000132056 0.0017326 0.013404 0.0611488 0.164552 0.261625 0.247787 0.145449 0.0619451 0.0262568 0.011338 0.00368848 0.000794715 0.000122005 1.60451e-05 1.96451e-06 2.09797e-07 1.92002e-08 1.51063e-09 9.80345e-11 5.0082e-12
#obs catch len freq
 4.06293e-11 3.76538e-09 2.05762e-07 6.62995e-06 0.000125963 0.00141119 0.00932414 0.0363702 0.0841912 0.11884 0.115738 0.108628 0.118379 0.119405 0.103973 0.0810322 0.0536697 0.0291201 0.0130998 0.00486372 0.00143993 0.000323546 5.22637e-05 5.7829e-06 4.22549e-07
 5.50288e-11 4.91878e-09 2.59246e-07 8.05665e-06 0.000147634 0.00159525 0.0101666 0.038259 0.0855458 0.117338 0.113676 0.110009 0.121599 0.121139 0.103816 0.0794635 0.0516183 0.0275598 0.0121755 0.00436863 0.0012198 0.000253577 3.76344e-05 3.83351e-06 2.58981e-07
 3.54384e-11 3.04995e-09 1.54774e-07 4.63119e-06 8.17125e-05 0.000850248 0.00522138 0.0189981 0.0417997 0.0611888 0.0798372 0.118142 0.157919 0.162329 0.13808 0.102409 0.062861 0.0313551 0.013027 0.00444734 0.00118221 0.000231384 3.18762e-05 2.98363e-06 1.84456e-07
 2.00072e-11 1.6552e-09 8.07425e-08 2.32245e-06 3.93916e-05 0.000394086 0.00232877 0.00818957 0.0178038 0.0281106 0.0458714 0.0832568 0.131502 0.172785 0.189387 0.158463 0.0958007 0.0435772 0.0160946 0.00493881 0.0012048 0.000219146 2.81158e-05 2.43989e-06 1.38963e-07
 3.51095e-10 2.78785e-08 1.30527e-06 3.60346e-05 0.000586577 0.00563014 0.0318645 0.106346 0.209373 0.243667 0.169582 0.0757546 0.0321248 0.0271367 0.0314142 0.0294652 0.0204907 0.0107092 0.00423154 0.00125701 0.000279238 4.56477e-05 5.30717e-06 4.2134e-07 2.20559e-08
 2.11997e-10 1.61335e-08 7.23961e-07 1.91554e-05 0.000298861 0.00274987 0.014933 0.0480514 0.0935172 0.12102 0.138358 0.174207 0.18597 0.131129 0.0586227 0.0190991 0.00681177 0.00321534 0.00141238 0.000461391 0.000105609 1.66306e-05 1.78055e-06 1.27792e-07 6.03782e-09
 4.98057e-10 3.6278e-08 1.5581e-06 3.94579e-05 0.000589202 0.005188 0.0269417 0.0825995 0.150297 0.166787 0.127905 0.09677 0.0929422 0.0925502 0.0792702 0.0503165 0.021039 0.00557716 0.00100238 0.000153943 2.49629e-05 3.63859e-06 3.8021e-07 2.60928e-08 1.147e-09
 7.32449e-10 5.0998e-08 2.09371e-06 5.06836e-05 0.000723457 0.0060895 0.0302364 0.0887319 0.155409 0.170476 0.141472 0.124458 0.113193 0.082374 0.047653 0.0241573 0.0104635 0.00350535 0.000845753 0.000140936 1.61718e-05 1.35906e-06 9.17594e-08 4.98316e-09 1.96288e-10
 9.3465e-10 6.21321e-08 2.4354e-06 5.62878e-05 0.000767106 0.00616509 0.0292349 0.0820305 0.138191 0.149832 0.133109 0.131693 0.127117 0.0972526 0.0598859 0.0299403 0.0111427 0.00292322 0.00056123 8.44813e-05 9.94155e-06 8.48908e-07 4.94337e-08 1.93404e-09 5.18116e-11
 1.51715e-09 9.61836e-08 3.5955e-06 7.92514e-05 0.00103003 0.00789466 0.0357001 0.0954945 0.153109 0.1568 0.129015 0.118467 0.111485 0.0880276 0.0577267 0.0301532 0.0113908 0.00298486 0.000554048 7.53897e-05 7.60713e-06 5.63561e-07 2.99817e-08 1.10713e-09 2.73129e-11
 2.0955e-09 1.26563e-07 4.50728e-06 9.46482e-05 0.00117196 0.00855817 0.0368859 0.0942143 0.14557 0.149423 0.135048 0.136338 0.124627 0.0874033 0.0489766 0.0221768 0.00744144 0.00174024 0.000287309 3.49954e-05 3.19612e-06 2.13437e-07 1.00517e-08 3.24819e-10 7.06174e-12
 3.38225e-09 1.94423e-07 6.5899e-06 0.000131704 0.00155211 0.0107872 0.0442479 0.107538 0.15792 0.153307 0.129835 0.124191 0.111771 0.0808445 0.0475501 0.0216981 0.00692325 0.00146509 0.000208966 2.12212e-05 1.60722e-06 9.0942e-08 3.7242e-09 1.06377e-10 2.05451e-12
 5.21794e-09 2.85213e-07 9.19234e-06 0.000174692 0.00195762 0.0129379 0.0504755 0.116791 0.164051 0.155203 0.13264 0.126361 0.107767 0.0715082 0.0381826 0.0160338 0.00479897 0.000965128 0.000131315 1.25541e-05 8.64918e-07 4.26966e-08 1.48095e-09 3.5513e-11 5.80612e-13
 7.38985e-09 3.83765e-07 1.17512e-05 0.000212174 0.00225899 0.0141859 0.0526099 0.115964 0.156774 0.148415 0.135122 0.133809 0.112095 0.0719515 0.0369466 0.0146996 0.0040932 0.00075116 9.13057e-05 7.68342e-06 4.67268e-07 2.06697e-08 6.47848e-10 1.39384e-11 2.00956e-13
 1.16809e-08 5.7588e-07 1.67408e-05 0.000286954 0.00290044 0.0172919 0.0608866 0.127468 0.163927 0.148405 0.130304 0.125076 0.103191 0.0670305 0.0349958 0.0137814 0.00370534 0.000650057 7.5309e-05 5.9966e-06 3.38847e-07 1.35941e-08 3.79325e-10 7.21454e-12 9.21624e-14
 1.64941e-08 7.71458e-07 2.12757e-05 0.00034598 0.00331777 0.0187687 0.0627557 0.125225 0.15614 0.145068 0.138562 0.135976 0.106427 0.0633496 0.0300333 0.0108328 0.00268963 0.000435745 4.63342e-05 3.36468e-06 1.73353e-07 6.37797e-09 1.63885e-10 2.86176e-12 3.3262e-14
 2.64759e-08 1.17409e-06 3.07e-05 0.000473338 0.00430362 0.0230832 0.0731833 0.138497 0.163893 0.144783 0.131949 0.124776 0.0963803 0.0581994 0.0279059 0.00984151 0.0023156 0.000347989 3.36722e-05 2.18261e-06 9.91074e-08 3.21313e-09 7.33442e-11 1.14801e-12 1.20482e-14
 3.67441e-08 1.54413e-06 3.8262e-05 0.000559051 0.00481709 0.0244915 0.0736864 0.13305 0.153802 0.141856 0.140194 0.133991 0.0995272 0.0570784 0.0259391 0.00869106 0.0019595 0.000286744 2.76045e-05 1.80847e-06 8.24151e-08 2.59593e-09 5.5307e-11 7.83443e-13 7.31749e-15
 5.06157e-08 2.01486e-06 4.72928e-05 0.000654559 0.00534283 0.025739 0.0734578 0.126484 0.142526 0.135256 0.140464 0.137034 0.105342 0.0642327 0.0304901 0.010267 0.00228994 0.000335088 3.30379e-05 2.25709e-06 1.07127e-07 3.46016e-09 7.42858e-11 1.04364e-12 9.49982e-15
 9.28253e-08 3.49904e-06 7.77719e-05 0.00101929 0.00787816 0.0359317 0.0970025 0.157328 0.163992 0.137694 0.125261 0.112576 0.0824378 0.0482968 0.0218648 0.00695627 0.00145991 0.000201263 1.88234e-05 1.23571e-06 5.72921e-08 1.8358e-09 3.95166e-11 5.5867e-13 5.10053e-15
 1.1581e-07 4.13288e-06 8.69663e-05 0.0010791 0.00789755 0.0341311 0.0876065 0.137248 0.147003 0.143442 0.149691 0.133197 0.0883805 0.0454448 0.0182863 0.00531563 0.00103888 0.000134713 1.19044e-05 7.38507e-07 3.22916e-08 9.75524e-10 1.98689e-11 2.67633e-13 2.34734e-15
 1.85702e-07 6.27311e-06 0.000124951 0.00146761 0.0101669 0.0415864 0.100974 0.149257 0.149373 0.134441 0.132745 0.118958 0.0851086 0.0483009 0.0204109 0.00585058 0.00108589 0.000131273 1.07146e-05 6.12189e-07 2.47144e-08 6.92277e-10 1.31129e-11 1.64477e-13 1.34422e-15
 2.66e-07 8.50506e-06 0.000160349 0.0017827 0.0116909 0.0452926 0.104418 0.14817 0.147932 0.140233 0.140817 0.119541 0.0782406 0.0404925 0.0159329 0.00437646 0.00080308 9.90386e-05 8.39688e-06 4.93085e-07 1.97662e-08 5.29919e-10 9.3695e-12 1.0838e-13 8.13972e-16
 3.81158e-07 1.15354e-05 0.000205851 0.00216624 0.0134481 0.0493432 0.107968 0.14677 0.144674 0.140275 0.141397 0.118332 0.0768559 0.0392251 0.0148108 0.00380033 0.00063937 7.16006e-05 5.54416e-06 3.04489e-07 1.17694e-08 3.10911e-10 5.44809e-12 6.19275e-14 4.49448e-16
 5.88468e-07 1.68579e-05 0.000284761 0.00283657 0.0166697 0.0579118 0.120091 0.155297 0.147212 0.138614 0.134761 0.108647 0.0683762 0.0336834 0.0121318 0.00294567 0.000467618 4.92896e-05 3.56715e-06 1.80965e-07 6.397e-09 1.54303e-10 2.48843e-12 2.63927e-14 1.81327e-16
 8.21334e-07 2.22738e-05 0.00035618 0.0033589 0.0186907 0.0615367 0.121407 0.151813 0.145663 0.143327 0.138996 0.107568 0.0643139 0.029991 0.0102111 0.00235036 0.000356138 3.61156e-05 2.52275e-06 1.22816e-07 4.11466e-09 9.27923e-11 1.383e-12 1.34436e-14 8.42756e-17
 1.09761e-06 2.81818e-05 0.000426674 0.0038098 0.0200784 0.0626883 0.117959 0.143923 0.142515 0.148163 0.144538 0.109997 0.0646876 0.0293223 0.00950005 0.00204661 0.000287148 2.67847e-05 1.71969e-06 7.74482e-08 2.4237e-09 5.14197e-11 7.22266e-13 6.59725e-15 3.86365e-17
 1.70596e-06 4.14754e-05 0.000594593 0.00502727 0.025089 0.0741884 0.132291 0.153236 0.144487 0.14319 0.133658 0.0983585 0.0562103 0.0244644 0.00746559 0.00148974 0.00019052 1.59176e-05 9.02072e-07 3.57163e-08 9.90041e-10 1.88326e-11 2.39908e-13 2.00605e-15 1.08338e-17
#spawning biomass
 33642.4 34472.8 25332.5 15904.2 16411.3 22662.9 28314.1 34573 46170.9 58277.5 60158.7 61371.6 67079.4 70205.2 86761.1 83151 100611 97356.7 97211.9 95711.2 126604 115350 123968 120373 99625.2 125085 116593 111715 170937 268764 226834 169146 119834 85054.2 63010.3 49951.7 42562 38513.4 36346.9 35207.6 34616.3 34312.4 34157 34077.5 34038.1 34018.5 34008.7 34003.9 34001.5 34000.3 33999.7 33999.4 33999.3 33999.2 33999.2 33999.2 33999.1 33999.1 33999.1 33999.1 33999.1 33999.1 33999.1 33999.1 33999.1 33999.1 33999.1 33999.1 33999.1 33999.1 33999.1 33999.1 33999.1 33999.1 33999.1 33999.1 33999.1 33999.1 33999.1 33999.1 33999.1 33999.1 33999.1 33999.1 33999.1 33999.1 33999.1 33999.1 33999.1 33999.1 33999.1 33999.1 33999.1 33999.1 33999.1 33999.1 33999.1 33999.1 33999.1 33999.1 33999.1 33999.1 33999.1 33999.1 33999.1 33999.1 33999.1 33999.1 33999.1 33999.1 33999.1 33999.1 33999.1 33999.1 33999.1 33999.1 33999.1 33999.1 33999.1 33999.1 33999.1 33999.1 33999.1 33999.1 33999.1 33999.1 33999.1 33999.1 0 0 0 0 0 0 0 0 0 0 0 0 0 0 0 0 0 0 0 0 0 0 0 0 0
