SBPRF35
0.185483
Curr Bio
152455
B35
182384
F35
1.31672
FOFL
0.832207
OFL
20558.3
Bzero
52994.1
#pred survey bio
 12378.4 15850.3 17258.7 18734.9 22662.5 26097.3 30320.3 35986.1 49666.8 68314.3 84370.2 96812.3 134887 166507 160496 129566 117583 117257 109938 110444 115563 119426 130877 133816 144553 145255 136938 119323 3.14961e+06 2.26443e+06 1.46425e+06 819319 577529 486550 445115 422873 409859 401973 397137 394164 392336 391215 390525 390097 389840 389686 389593 389538 389504 389484 389471 389464 389460 389457 389455 389454 389454 389453 389453 389453 389453 389453 389453 389453 389453 389453 389453 389453 389453 389453 389453 389453 389453 389453 389453 389453 389453 389453 389453 389453 389453 389453 389453 389453 389453 389453 389453 389453 389453 389453 389453 389453 389453 389453 389453 389453 389453 389453 389453 389453 389453 389453 389453 389453 389453 389453 389453 389453 389453 389453 389453 389453 389453 389453 389453 389453 389453 389453 389453 389453 389453 389453 389453 389453 389453 389453 389453 389453 0 0 0 0 0 0 0 0 0 0 0 0 0 0 0 0 0 0 0 0 0 0 0 0 0
#obs survey bio
 8623.14 10743.9 16458.7 13462.4 24590.3 19925.4 30008.2 26407.2 49970.5 56647.5 48274.6 64835.1 129871 123298 131889 114543 89476 96441.6 57372.2 82917.5 97480 105758 116323 96851.7 117363 134587 160281 78864.1
#pred catch bio
 3796.51 7077.23 8341.44 8621.28 11292.9 13014.2 16869 18953.8 25665.7 36576.6 53801.9 58598.4 80264.7 105356 113770 92119.5 79263.4 83520 79341.8 77793 82045.5 82982.9 95767.5 97806.6 111056 114364 106628 108998 20558.3 52728.5 32373.8 13617.5 8393.42 7266.77 7044.74 7003.2 6995.7 6994.38 6994.15 6994.12 6994.11 6994.11 6994.11 6994.11 6994.11 6994.11 6994.11 6994.11 6994.11 6994.11 6994.11 6994.11 6994.11 6994.11 6994.11 6994.11 6994.11 6994.11 6994.11 6994.11 6994.11 6994.11 6994.11 6994.11 6994.11 6994.11 6994.11 6994.11 6994.11 6994.11 6994.11 6994.11 6994.11 6994.11 6994.11 6994.11 6994.11 6994.11 6994.11 6994.11 6994.11 6994.11 6994.11 6994.11 6994.11 6994.11 6994.11 6994.11 6994.11 6994.11 6994.11 6994.11 6994.11 6994.11 6994.11 6994.11 6994.11 6994.11 6994.11 6994.11 6994.11 6994.11 6994.11 6994.11 6994.11 6994.11 6994.11 6994.11 6994.11 6994.11 6994.11 6994.11 6994.11 6994.11 6994.11 6994.11 6994.11 6994.11 6994.11 6994.11 6994.11 6994.11 6994.11 6994.11 6994.11 6994.11 6994.11 6994.11 0 0 0 0 0 0 0 0 0 0 0 0 0 0 0 0 0 0 0 0 0 0 0 0 0
#obs catch bio
 6438.45 7228.94 8455.52 8816.07 11259.9 12963 17218.4 18970.2 24946.5 35776.8 53661.6 58579.3 78342.2 103576 115156 92675.5 77797.7 81051.1 78995.1 78016.8 78264.8 79130.9 92630.4 92531.8 107120 110516 103819 108374
#pred cpue bio
 7744.45 10061.3 10537.5 11092.9 12994 14847.4 17214.3 18839 25055 35135.5 45137.9 47407.1 62964.7 84785.2 88531.8 69483.7 59307.8 60114.3 55071.7 52920 56124.6 57733.6 62604.9 63473.2 66784.4 66792.6 63407.4 58233.6 1.29781e+06 1.64681e+06 1.32328e+06 704991 460520 368827 327252 304983 291963 284076 279240 276266 274439 273317 272628 272199 271943 271789 271696 271640 271606 271586 271574 271567 271562 271559 271558 271557 271556 271556 271556 271555 271555 271555 271555 271555 271555 271555 271555 271555 271555 271555 271555 271555 271555 271555 271555 271555 271555 271555 271555 271555 271555 271555 271555 271555 271555 271555 271555 271555 271555 271555 271555 271555 271555 271555 271555 271555 271555 271555 271555 271555 271555 271555 271555 271555 271555 271555 271555 271555 271555 271555 271555 271555 271555 271555 271555 271555 271555 271555 271555 271555 271555 271555 271555 271555 271555 271555 271555 271555 0 0 0 0 0 0 0 0 0 0 0 0 0 0 0 0 0 0 0 0 0 0 0 0 0
#obs cpue bio
 8505.72 9125.96 9091.86 9948.93 20129.5 16702 12879.2 29434 51844.8 49173 72769.9 75433.6 103069 123670 83555 87647.5 101396 131255 88001.6 72224.2 190287 132380 114832 227091 128307 116031 81103.5 104893
#pred surv len freq
 2.56616e-27 2.59626e-27 3.98641e-26 7.86962e-20 1.92914e-14 5.71639e-10 2.04752e-06 0.000886496 0.046396 0.293514 0.224761 0.0402193 0.148221 0.136717 0.0294873 0.0330802 0.0138159 0.0101133 0.006057 0.00448541 0.00342033 0.00287169 0.00279316 0.00242447 0.0007342
 2.56527e-27 2.59409e-27 3.81368e-26 7.5053e-20 1.83983e-14 5.45176e-10 1.95273e-06 0.000845457 0.0442482 0.279926 0.214367 0.0390545 0.146662 0.135923 0.0411694 0.0598137 0.0202165 0.00828688 0.00364621 0.00202971 0.0012574 0.000899509 0.000769818 0.000663236 0.000219393
 2.56588e-27 2.59565e-27 3.94094e-26 7.77372e-20 1.90563e-14 5.64674e-10 2.02257e-06 0.000875694 0.0458307 0.289937 0.222022 0.0397249 0.146385 0.135418 0.0365512 0.0494993 0.0184927 0.0101209 0.00320927 0.000986139 0.000404957 0.000219482 0.000154193 0.000123598 4.21584e-05
 2.56623e-27 2.59647e-27 4.00233e-26 7.9032e-20 1.93737e-14 5.74078e-10 2.05625e-06 0.000890279 0.046594 0.294766 0.225721 0.0404416 0.149241 0.137908 0.0344142 0.0439051 0.0153625 0.00704793 0.00255329 0.000852632 0.000189087 5.72085e-05 2.81314e-05 1.91537e-05 6.42956e-06
 2.56712e-27 2.59889e-27 4.21356e-26 8.34878e-20 2.0466e-14 6.06445e-10 2.17218e-06 0.000940473 0.0492209 0.311385 0.238404 0.0399862 0.136864 0.126475 0.0321686 0.0416324 0.01422 0.00596419 0.00195108 0.000598793 0.00014957 2.71682e-05 6.3042e-06 3.01417e-06 9.39731e-07
 2.56672e-27 2.59767e-27 4.0948e-26 8.0982e-20 1.98518e-14 5.88244e-10 2.10699e-06 0.000912246 0.0477437 0.30204 0.231288 0.0412403 0.151408 0.139703 0.0310332 0.0356889 0.0120505 0.00485374 0.00151237 0.000413026 9.13445e-05 1.67657e-05 2.1853e-06 4.63784e-07 1.18336e-07
 2.56695e-27 2.59833e-27 4.15626e-26 8.22787e-20 2.01696e-14 5.97663e-10 2.14073e-06 0.000926853 0.0485081 0.306876 0.234972 0.040731 0.144944 0.133838 0.0318264 0.0389449 0.0125838 0.00418385 0.00125825 0.000327158 6.524e-05 1.05065e-05 1.21688e-06 1.11815e-07 1.59682e-08
 2.56858e-27 2.60265e-27 4.52762e-26 9.01125e-20 2.209e-14 6.54566e-10 2.34454e-06 0.0010151 0.0531266 0.336093 0.25728 0.0405647 0.128005 0.117994 0.0251642 0.0277249 0.00896898 0.00300366 0.000836114 0.000181512 3.39442e-05 4.94611e-06 4.95778e-07 3.21842e-08 1.83967e-09
 2.56904e-27 2.60382e-27 4.62415e-26 9.21487e-20 2.25891e-14 6.69357e-10 2.39752e-06 0.00103804 0.0543271 0.343688 0.263084 0.0408803 0.126329 0.116319 0.0225557 0.0221751 0.00694422 0.00197855 0.000542116 0.000115519 1.85798e-05 2.37646e-06 2.1298e-07 1.144e-08 3.52483e-10
 2.56851e-27 2.60236e-27 4.49335e-26 8.93892e-20 2.19127e-14 6.49312e-10 2.32573e-06 0.00100695 0.0527002 0.333396 0.255233 0.0413662 0.135543 0.124809 0.023823 0.0229169 0.00699177 0.00168881 0.000429779 7.98332e-05 1.24629e-05 1.42809e-06 1.08636e-07 5.07191e-09 1.17295e-10
 2.56763e-27 2.6e-27 4.28726e-26 8.50418e-20 2.0847e-14 6.17733e-10 2.21262e-06 0.000957978 0.0501371 0.317181 0.242858 0.0417797 0.147384 0.135787 0.0267007 0.0267137 0.00810147 0.0018641 0.000450465 7.12268e-05 9.75371e-06 1.01837e-06 6.99098e-08 2.75019e-09 5.33317e-11
 2.56945e-27 2.60488e-27 4.71354e-26 9.40342e-20 2.30513e-14 6.83053e-10 2.44658e-06 0.00105928 0.0554387 0.35072 0.268455 0.0409427 0.123031 0.113213 0.0208669 0.0190855 0.00569805 0.00117098 0.000272274 3.95761e-05 4.78815e-06 4.21098e-07 2.54266e-08 8.88306e-10 1.44888e-11
 2.57011e-27 2.60662e-27 4.86177e-26 9.71611e-20 2.38179e-14 7.05766e-10 2.52794e-06 0.0010945 0.0572821 0.362382 0.27736 0.0409569 0.116882 0.107431 0.0178911 0.0137514 0.00404041 0.000738192 0.000163725 2.14446e-05 2.41066e-06 1.87403e-07 9.43126e-09 2.82405e-10 4.02031e-12
 2.5681e-27 2.60112e-27 4.37218e-26 8.68327e-20 2.1286e-14 6.30742e-10 2.25921e-06 0.000978152 0.0511929 0.323861 0.247973 0.0426938 0.150746 0.138623 0.0223655 0.0160959 0.00462894 0.000681714 0.000140191 1.64185e-05 1.68994e-06 1.18153e-07 5.24623e-09 1.30597e-10 1.56735e-12
 2.5664e-27 2.59659e-27 3.97901e-26 7.85386e-20 1.92528e-14 5.70495e-10 2.04342e-06 0.000884722 0.0463031 0.292927 0.22436 0.0432027 0.171209 0.157674 0.0287986 0.0259608 0.00744747 0.00101297 0.000196654 1.89088e-05 1.72207e-06 1.06772e-07 4.21805e-09 9.15959e-11 9.14534e-13
 2.56726e-27 2.59894e-27 4.18808e-26 8.29493e-20 2.0334e-14 6.02533e-10 2.15817e-06 0.000934407 0.0489035 0.309377 0.23691 0.0424959 0.157013 0.144588 0.0267292 0.0245428 0.00713143 0.00112646 0.000225236 1.96892e-05 1.57423e-06 8.00677e-08 2.74664e-09 5.22888e-11 4.5147e-13
 2.56853e-27 2.60233e-27 4.48271e-26 8.91645e-20 2.18576e-14 6.4768e-10 2.31988e-06 0.00100442 0.0525677 0.332558 0.254603 0.0420354 0.141078 0.129779 0.0222089 0.0179656 0.00520365 0.000811635 0.000164897 1.62793e-05 1.31321e-06 5.87098e-08 1.65816e-09 2.64164e-11 1.97414e-13
 2.568e-27 2.60087e-27 4.35136e-26 8.63934e-20 2.11783e-14 6.27551e-10 2.24778e-06 0.000973204 0.050934 0.322223 0.246721 0.0426481 0.151278 0.139141 0.0229586 0.0173157 0.00496268 0.000692513 0.000136227 1.34424e-05 1.14153e-06 5.58101e-08 1.4626e-09 1.93009e-11 1.18388e-13
 2.56851e-27 2.60225e-27 4.47252e-26 8.89495e-20 2.18049e-14 6.46118e-10 2.31429e-06 0.001002 0.052441 0.331756 0.253996 0.0423287 0.143737 0.132172 0.0215544 0.0158657 0.00449591 0.000540249 9.93532e-05 8.76705e-06 7.12059e-07 3.55403e-08 1.0077e-09 1.31019e-11 6.81653e-14
 2.56935e-27 2.6045e-27 4.66981e-26 9.31113e-20 2.28251e-14 6.76349e-10 2.42257e-06 0.00104888 0.0548945 0.347278 0.265842 0.0419168 0.132279 0.121554 0.0188533 0.0123812 0.003485 0.000390595 6.86311e-05 5.25445e-06 3.81199e-07 1.71818e-08 4.82288e-10 6.64047e-12 3.51013e-14
 2.56896e-27 2.60342e-27 4.57211e-26 9.10501e-20 2.23198e-14 6.61377e-10 2.36894e-06 0.00102566 0.0536794 0.339591 0.259979 0.0423893 0.139994 0.128631 0.0193401 0.0117093 0.00327004 0.000330532 5.51052e-05 3.95968e-06 2.63406e-07 1.01637e-08 2.52939e-10 3.31898e-12 1.81747e-14
 2.56912e-27 2.60388e-27 4.614e-26 9.1934e-20 2.25365e-14 6.67797e-10 2.39194e-06 0.00103562 0.0542005 0.342887 0.262492 0.0421509 0.136414 0.125356 0.0192684 0.0123685 0.0034452 0.000324111 5.16203e-05 3.3884e-06 2.08848e-07 7.38754e-09 1.60378e-10 1.8163e-12 9.23013e-15
 2.56937e-27 2.60457e-27 4.67569e-26 9.32355e-20 2.28555e-14 6.77251e-10 2.4258e-06 0.00105028 0.0549678 0.347741 0.266195 0.0419098 0.131977 0.121274 0.0187721 0.0122654 0.00343294 0.000350314 5.77621e-05 3.58163e-06 2.06081e-07 6.58516e-09 1.30632e-10 1.30221e-12 5.68122e-15
 2.56936e-27 2.60451e-27 4.66757e-26 9.3064e-20 2.28135e-14 6.76005e-10 2.42134e-06 0.00104835 0.0548667 0.347102 0.265712 0.0422188 0.134668 0.123688 0.0179364 0.00975406 0.0027064 0.000254323 4.0466e-05 2.6386e-06 1.54506e-07 4.59223e-09 8.2944e-11 7.43001e-13 2.87455e-15
 2.56992e-27 2.60602e-27 4.8024e-26 9.59084e-20 2.35108e-14 6.96667e-10 2.49534e-06 0.00108039 0.0565436 0.35771 0.273805 0.0417287 0.125253 0.11502 0.0167744 0.00928573 0.00255887 0.000206605 2.98134e-05 1.81087e-06 1.02617e-07 3.18726e-09 5.61045e-11 4.58376e-13 1.5909e-15
 2.56981e-27 2.60571e-27 4.77057e-26 9.52368e-20 2.33461e-14 6.91788e-10 2.47787e-06 0.00107282 0.0561477 0.355206 0.271898 0.0421376 0.129704 0.11905 0.0160894 0.00671177 0.00182713 0.000133853 1.77535e-05 9.29516e-07 4.54832e-08 1.30718e-09 2.30258e-11 1.89679e-13 6.13966e-16
 2.56964e-27 2.60522e-27 4.72627e-26 9.43021e-20 2.3117e-14 6.84999e-10 2.45355e-06 0.00106229 0.0555966 0.351719 0.26924 0.0423487 0.133178 0.122238 0.0163229 0.00644122 0.00173648 0.000102209 1.08384e-05 5.16117e-07 2.21034e-08 5.30817e-10 8.22759e-12 6.4867e-14 2.11547e-16
 2.56853e-27 2.60219e-27 4.45763e-26 8.86349e-20 2.17278e-14 6.43833e-10 2.3061e-06 0.000998454 0.0522555 0.330583 0.253115 0.0432515 0.151378 0.139012 0.0189212 0.00814134 0.00220072 0.000128656 1.3374e-05 5.38446e-07 1.77672e-08 3.71477e-10 4.87647e-12 3.23194e-14 9.70067e-17
#obs surv len freq
 1.2459e-41 1.72923e-33 2.90114e-26 5.88345e-20 1.44226e-14 4.27368e-10 1.53076e-06 0.000662767 0.0346866 0.219438 0.168292 0.0416521 0.169934 0.142319 0.0895276 0.084908 0.0336501 0.0121725 0.00246567 0.000277038 1.27498e-05 1.75504e-07 5.44393e-10 3.10354e-13 2.84653e-17
 1.5589e-41 2.16365e-33 3.62998e-26 7.36152e-20 1.80459e-14 5.34733e-10 1.91533e-06 0.000829271 0.0434007 0.274566 0.210422 0.042621 0.1419 0.113094 0.0741635 0.0647642 0.0245752 0.00806513 0.00145297 0.000138566 5.16225e-06 5.48581e-08 1.26679e-10 5.24948e-14 3.44903e-18
 1.29377e-41 1.79567e-33 3.01261e-26 6.10951e-20 1.49767e-14 4.43788e-10 1.58958e-06 0.000688232 0.0360193 0.22787 0.175008 0.0517939 0.204161 0.150038 0.0730056 0.0550805 0.0196235 0.00573654 0.00090044 7.15774e-05 2.1214e-06 1.7214e-08 2.94459e-11 8.85702e-15 4.17019e-19
 1.56008e-41 2.16529e-33 3.63272e-26 7.36708e-20 1.80595e-14 5.35137e-10 1.91677e-06 0.000829896 0.0434335 0.274774 0.210755 0.0474361 0.149879 0.109621 0.0845177 0.0592867 0.0153595 0.00359265 0.000480669 3.12177e-05 7.23333e-07 4.42266e-09 5.55925e-12 1.20932e-15 4.0759e-20
 1.53884e-41 2.13582e-33 3.58327e-26 7.2668e-20 1.78137e-14 5.27853e-10 1.89068e-06 0.000818601 0.0428423 0.271035 0.20814 0.055296 0.179884 0.118679 0.0640352 0.0418229 0.014241 0.00291662 0.000273654 1.36448e-05 2.42307e-07 1.10086e-09 1.00683e-12 1.57383e-16 3.78356e-21
 1.34753e-41 1.87028e-33 3.13778e-26 6.36336e-20 1.5599e-14 4.62228e-10 1.65562e-06 0.000716828 0.0375159 0.23734 0.182657 0.0611822 0.205315 0.131097 0.0836954 0.0468777 0.0112071 0.00218415 0.000202592 7.18475e-06 8.90308e-08 2.92512e-10 1.92362e-13 2.14339e-17 3.65429e-22
 1.56255e-41 2.16872e-33 3.63848e-26 7.37876e-20 1.80882e-14 5.35985e-10 1.91981e-06 0.000831212 0.0435023 0.275211 0.211546 0.058045 0.165525 0.105049 0.0835788 0.0442425 0.0107304 0.00161643 0.000115189 3.58923e-06 3.2516e-08 7.16317e-11 3.24942e-14 2.54149e-18 3.04876e-23
 1.7311e-41 2.40265e-33 4.03094e-26 8.17467e-20 2.00392e-14 5.93799e-10 2.12689e-06 0.000920871 0.0481947 0.304898 0.234417 0.0627307 0.163077 0.0926705 0.0567369 0.0278712 0.00737751 0.00104209 6.0412e-05 1.36876e-06 9.62009e-09 1.55327e-11 4.75252e-15 2.48925e-19 2.04164e-24
 1.65434e-41 2.29611e-33 3.8522e-26 7.81218e-20 1.91506e-14 5.67469e-10 2.03258e-06 0.000880037 0.0460576 0.29138 0.224501 0.0712348 0.184809 0.098103 0.0554004 0.0225183 0.00450097 0.00058007 3.17148e-05 5.75099e-07 2.88411e-09 3.34883e-12 7.40439e-16 2.69372e-20 1.48804e-25
 1.53358e-41 2.1285e-33 3.57101e-26 7.24193e-20 1.77527e-14 5.26046e-10 1.88421e-06 0.000815799 0.0426956 0.270114 0.208706 0.0786018 0.199993 0.104772 0.066382 0.023701 0.00383846 0.000363261 1.52642e-05 2.36078e-07 9.34528e-10 7.74727e-13 1.1896e-16 3.04018e-21 1.1821e-26
 1.46631e-41 2.03514e-33 3.41437e-26 6.92427e-20 1.6974e-14 5.02971e-10 1.80156e-06 0.000780014 0.0408228 0.258269 0.200092 0.08415 0.203715 0.107405 0.07526 0.0251504 0.00403459 0.000310246 9.20021e-06 1.00372e-07 3.04273e-10 1.93992e-13 2.16623e-17 3.85886e-22 1.03445e-27
 1.88232e-41 2.61254e-33 4.38308e-26 8.88879e-20 2.17898e-14 6.45672e-10 2.31269e-06 0.00100132 0.0524049 0.331539 0.255659 0.0729868 0.140801 0.0736964 0.0525959 0.0164923 0.00263233 0.000183503 4.51094e-06 3.45848e-08 7.0129e-11 3.14681e-14 2.57957e-18 3.3673e-23 6.45636e-29
 1.5693e-41 2.17809e-33 3.65419e-26 7.41063e-20 1.81663e-14 5.383e-10 1.9281e-06 0.000834803 0.0436903 0.276419 0.215274 0.102368 0.214045 0.0902637 0.042951 0.0121743 0.00185758 0.00011848 2.59739e-06 1.61089e-08 2.34533e-11 7.00508e-15 3.83279e-19 3.46273e-24 4.72644e-30
 1.27274e-41 1.76648e-33 2.96363e-26 6.01019e-20 1.47333e-14 4.36574e-10 1.56374e-06 0.000677044 0.0354338 0.224195 0.176487 0.113714 0.233375 0.11935 0.0779522 0.0169889 0.00173048 9.26706e-05 1.78293e-06 9.34611e-09 1.08317e-11 2.38368e-15 8.98671e-20 5.40949e-25 4.92254e-31
 1.14915e-41 1.59494e-33 2.67584e-26 5.42656e-20 1.33026e-14 3.94179e-10 1.41189e-06 0.000611298 0.0319929 0.202436 0.160641 0.117505 0.227454 0.135069 0.097694 0.0237326 0.00275544 0.000105683 1.40401e-06 5.82825e-09 5.43592e-12 9.3447e-16 2.64436e-20 1.14555e-25 7.23717e-32
 1.56095e-41 2.1665e-33 3.63475e-26 7.3712e-20 1.80696e-14 5.35436e-10 1.91785e-06 0.000830361 0.0434578 0.274964 0.215329 0.100857 0.165501 0.104022 0.0736094 0.0189425 0.00238623 9.6074e-05 1.1003e-06 3.11325e-09 2.03803e-12 2.63217e-16 5.66722e-21 1.8449e-26 8.59507e-33
 1.40892e-41 1.95549e-33 3.28074e-26 6.65328e-20 1.63097e-14 4.83287e-10 1.73106e-06 0.000749488 0.0392253 0.248218 0.197929 0.136029 0.21525 0.0969595 0.0512445 0.0127545 0.00157358 6.45117e-05 7.35321e-07 1.8488e-09 9.01541e-13 7.90889e-17 1.17819e-21 2.76173e-27 9.44727e-34
 1.46083e-41 2.02753e-33 3.40161e-26 6.8984e-20 1.69106e-14 5.01092e-10 1.79483e-06 0.0007771 0.0406704 0.25737 0.205255 0.130108 0.190251 0.107796 0.0570675 0.00976897 0.000900776 3.35561e-05 3.58003e-07 8.33678e-10 3.56325e-13 2.50076e-17 2.70867e-22 4.36529e-28 1.01917e-34
 1.44035e-41 1.99911e-33 3.35391e-26 6.80167e-20 1.66735e-14 4.94066e-10 1.76967e-06 0.000766204 0.0401002 0.253792 0.204586 0.144208 0.195476 0.101713 0.0494247 0.0091888 0.000725039 1.84274e-05 1.52293e-07 3.02414e-10 1.11224e-13 6.59575e-18 5.8287e-23 7.31194e-29 1.26372e-35
 1.55797e-41 2.16236e-33 3.62781e-26 7.35712e-20 1.80351e-14 5.34413e-10 1.91418e-06 0.000828774 0.0433749 0.274528 0.221144 0.14146 0.175112 0.0948532 0.0416039 0.00661077 0.000472613 1.06612e-05 6.37893e-08 8.86687e-11 2.48281e-14 1.1748e-18 8.3517e-24 8.36943e-30 1.13924e-36
 1.50715e-41 2.09183e-33 3.50947e-26 7.11714e-20 1.74468e-14 5.16981e-10 1.85174e-06 0.000801741 0.0419602 0.265631 0.21751 0.160449 0.184579 0.089375 0.0343573 0.00502714 0.00030284 5.63e-06 2.78935e-08 2.93538e-11 5.7145e-15 1.88963e-19 9.81125e-25 7.42231e-31 7.73795e-38
 1.55127e-41 2.15306e-33 3.61221e-26 7.32549e-20 1.79576e-14 5.32116e-10 1.90595e-06 0.000825211 0.0431887 0.273441 0.224893 0.160242 0.172526 0.0898359 0.0310646 0.00378843 0.000190539 2.91621e-06 1.13657e-08 9.308e-12 1.37832e-15 3.29707e-20 1.19057e-25 6.22508e-32 4.56211e-39
 1.5581e-41 2.16255e-33 3.62812e-26 7.35776e-20 1.80367e-14 5.3446e-10 1.91435e-06 0.000828846 0.043379 0.274714 0.228851 0.170957 0.170151 0.0824085 0.0256764 0.00290857 0.000120752 1.4367e-06 4.33188e-09 2.69921e-12 2.99326e-16 5.32845e-21 1.41643e-26 5.34241e-33 2.76248e-40
 1.59555e-41 2.21452e-33 3.71532e-26 7.53458e-20 1.84701e-14 5.47304e-10 1.96035e-06 0.000848766 0.0444218 0.281382 0.236298 0.174229 0.161967 0.0775111 0.0212105 0.0020571 7.25432e-05 7.05328e-07 1.61613e-09 7.44262e-13 6.07831e-17 7.93032e-22 1.53693e-27 4.21511e-34 1.58116e-41
 1.58795e-41 2.20397e-33 3.69762e-26 7.4987e-20 1.83822e-14 5.44698e-10 1.95102e-06 0.000844725 0.0442106 0.280156 0.239139 0.184418 0.159982 0.0721575 0.0175473 0.00149927 4.33787e-05 3.36198e-07 6.02472e-10 2.09083e-13 1.24453e-17 1.16814e-22 1.62662e-28 3.20695e-35 8.64319e-43
 1.37441e-41 1.90759e-33 3.20037e-26 6.49029e-20 1.59102e-14 4.71448e-10 1.68865e-06 0.000731128 0.0382661 0.242777 0.218999 0.216884 0.183015 0.080743 0.017287 0.00126625 3.0303e-05 1.87043e-07 2.56714e-10 6.70251e-14 2.96276e-18 2.03044e-23 2.0321e-29 2.85293e-36 5.45891e-44
 1.3996e-41 1.94255e-33 3.25903e-26 6.60924e-20 1.62018e-14 4.80088e-10 1.7196e-06 0.000744528 0.0389678 0.247316 0.223462 0.205394 0.176867 0.0885847 0.0175137 0.00112541 2.20797e-05 1.07623e-07 1.13411e-10 2.21685e-14 7.20847e-19 3.60314e-24 2.61684e-30 2.6509e-37 3.63555e-45
 1.46265e-41 2.03006e-33 3.40585e-26 6.907e-20 1.69317e-14 5.01717e-10 1.79707e-06 0.00077807 0.0407233 0.258408 0.231343 0.202812 0.169549 0.0790882 0.0161911 0.00108692 1.98165e-05 8.39468e-08 7.41338e-11 1.19289e-14 3.1616e-19 1.27833e-24 7.46727e-31 6.06547e-38 6.66245e-46
#pred catch len freq
 2.55908e-27 2.57741e-27 2.36332e-26 4.44576e-20 1.08982e-14 3.22934e-10 1.1567e-06 0.000500805 0.0262103 0.165815 0.12727 0.04134 0.225244 0.208279 0.0507562 0.0638114 0.0268044 0.0197684 0.0117992 0.00870783 0.00662485 0.00555635 0.00540243 0.00468898 0.00141994
 2.55877e-27 2.57691e-27 2.34189e-26 4.40062e-20 1.07876e-14 3.19656e-10 1.14495e-06 0.000495721 0.0259443 0.164131 0.125954 0.0394027 0.21143 0.196524 0.066953 0.103464 0.0350067 0.0143722 0.00630064 0.0034915 0.00215739 0.00154154 0.00131875 0.00113607 0.0003758
 2.55971e-27 2.57928e-27 2.53121e-26 4.79992e-20 1.17664e-14 3.48661e-10 1.24884e-06 0.000540702 0.0282984 0.179024 0.137347 0.0407861 0.213952 0.198392 0.0589473 0.0848878 0.0317213 0.0173427 0.00548505 0.00167579 0.000686064 0.000371316 0.000260739 0.000208982 7.12816e-05
 2.56004e-27 2.58001e-27 2.5777e-26 4.89792e-20 1.20067e-14 3.55779e-10 1.27434e-06 0.000551741 0.0288761 0.182679 0.140158 0.0420382 0.221506 0.205147 0.0562901 0.0769727 0.0269511 0.0123605 0.00446378 0.00148386 0.000328205 9.91041e-05 4.87019e-05 3.31552e-05 1.11295e-05
 2.56126e-27 2.58326e-27 2.85914e-26 5.49163e-20 1.34621e-14 3.98905e-10 1.42881e-06 0.000618621 0.0323764 0.204822 0.157061 0.0416575 0.206734 0.191458 0.0528629 0.072548 0.0247733 0.0103568 0.00337734 0.00103092 0.000256824 4.65786e-05 1.07981e-05 5.16169e-06 1.60924e-06
 2.56095e-27 2.58222e-27 2.74794e-26 5.25696e-20 1.28868e-14 3.81859e-10 1.36776e-06 0.000592186 0.0309929 0.19607 0.150408 0.0435509 0.225817 0.208735 0.0499012 0.0614007 0.0207314 0.00832346 0.0025859 0.000702352 0.000154903 2.83846e-05 3.69696e-06 7.84315e-07 2.00112e-07
 2.56156e-27 2.5839e-27 2.89995e-26 5.57767e-20 1.3673e-14 4.05155e-10 1.4512e-06 0.000628313 0.0328836 0.208031 0.159529 0.0428044 0.213727 0.197691 0.0500012 0.064354 0.0207761 0.00686003 0.00205589 0.000531438 0.000105682 1.69894e-05 1.96619e-06 1.80604e-07 2.57892e-08
 2.56338e-27 2.58865e-27 3.30263e-26 6.42708e-20 1.57552e-14 4.66855e-10 1.6722e-06 0.000723998 0.0378914 0.239712 0.183725 0.0430845 0.19886 0.183635 0.041424 0.0483109 0.0156173 0.00519489 0.00144176 0.000311078 5.80046e-05 8.43712e-06 8.44998e-07 5.48357e-08 3.13403e-09
 2.56397e-27 2.59012e-27 3.41976e-26 6.67414e-20 1.63609e-14 4.84801e-10 1.73648e-06 0.000751828 0.039348 0.248927 0.190772 0.0437747 0.199161 0.183692 0.0374501 0.0391952 0.01227 0.00347198 0.000948301 0.000200862 3.22168e-05 4.11265e-06 3.68262e-07 1.97738e-08 6.09176e-10
 2.56344e-27 2.58868e-27 3.2895e-26 6.39933e-20 1.56872e-14 4.64839e-10 1.66498e-06 0.000720871 0.0377278 0.238677 0.182954 0.0443506 0.209036 0.192776 0.0385555 0.039409 0.0120205 0.0028817 0.000731046 0.000134947 2.10051e-05 2.4024e-06 1.82583e-07 8.521e-09 1.97033e-10
 2.56314e-27 2.58787e-27 3.21935e-26 6.25135e-20 1.53244e-14 4.5409e-10 1.62648e-06 0.000704202 0.0368554 0.233158 0.178742 0.0444557 0.212795 0.196276 0.0397204 0.0411794 0.0124732 0.00283415 0.00068222 0.000107134 1.46243e-05 1.52371e-06 1.04503e-07 4.10938e-09 7.96767e-11
 2.56521e-27 2.59339e-27 3.69988e-26 7.26503e-20 1.78094e-14 5.27723e-10 1.89021e-06 0.000818391 0.0428316 0.270965 0.207599 0.0437043 0.186803 0.172131 0.032577 0.0309564 0.00923362 0.00187408 0.000434008 6.26565e-05 7.55688e-06 6.63124e-07 4.00001e-08 1.39684e-09 2.27795e-11
 2.56606e-27 2.59562e-27 3.88827e-26 7.66242e-20 1.87835e-14 5.56589e-10 1.99361e-06 0.000863156 0.0451745 0.285786 0.218919 0.043901 0.180346 0.165994 0.0282473 0.0226222 0.00664287 0.00119858 0.000264719 3.44374e-05 3.85871e-06 2.99304e-07 1.5047e-08 4.50341e-10 6.40988e-12
 2.56377e-27 2.58935e-27 3.3291e-26 6.4828e-20 1.58918e-14 4.70903e-10 1.68669e-06 0.000730274 0.0382199 0.24179 0.185357 0.0459347 0.219403 0.201959 0.0332312 0.0249238 0.00716593 0.00104249 0.000213356 2.48186e-05 2.546e-06 1.77594e-07 7.87707e-09 1.95987e-10 2.35164e-12
 2.56235e-27 2.5856e-27 3.00777e-26 5.80496e-20 1.42302e-14 4.21665e-10 1.51033e-06 0.000653917 0.0342237 0.216509 0.166052 0.0459433 0.233032 0.214774 0.039831 0.036736 0.0105307 0.00141194 0.000272581 2.60315e-05 2.36168e-06 1.46075e-07 5.76425e-09 1.25105e-10 1.24882e-12
 2.56336e-27 2.58836e-27 3.25321e-26 6.32274e-20 1.54994e-14 4.59276e-10 1.64505e-06 0.000712243 0.0372763 0.23582 0.180785 0.045124 0.216445 0.199481 0.0373513 0.0349404 0.0101414 0.00157733 0.000313822 2.72511e-05 2.17034e-06 1.10106e-07 3.77241e-09 7.17756e-11 6.19573e-13
 2.56461e-27 2.5917e-27 3.54168e-26 6.93127e-20 1.69912e-14 5.03479e-10 1.80338e-06 0.000780793 0.0408639 0.258517 0.198112 0.0448612 0.202272 0.186254 0.0323208 0.0268026 0.00775636 0.00119214 0.000240995 2.36316e-05 1.89985e-06 8.47259e-08 2.3899e-09 3.80492e-11 2.84272e-13
 2.5643e-27 2.59081e-27 3.45907e-26 6.75698e-20 1.65639e-14 4.90818e-10 1.75803e-06 0.000761159 0.0398363 0.252016 0.193157 0.0454433 0.210183 0.193476 0.0321909 0.0246852 0.00706819 0.000970971 0.000189875 1.86064e-05 1.57437e-06 7.6788e-08 2.01006e-09 2.65079e-11 1.62545e-13
 2.56502e-27 2.59275e-27 3.62972e-26 7.11698e-20 1.74464e-14 5.16968e-10 1.85169e-06 0.000801713 0.0419587 0.265443 0.203403 0.045015 0.199725 0.183807 0.0301426 0.0224453 0.00635507 0.000751722 0.000137297 1.20323e-05 9.73396e-07 4.84641e-08 1.37255e-09 1.78351e-11 9.27638e-14
 2.56595e-27 2.59525e-27 3.84785e-26 7.57713e-20 1.85744e-14 5.50393e-10 1.97142e-06 0.000853548 0.0446716 0.282605 0.216502 0.0446356 0.187635 0.172582 0.0269112 0.0179051 0.00503642 0.000555927 9.69914e-05 7.37743e-06 5.32914e-07 2.39584e-08 6.71665e-10 9.24235e-12 4.88418e-14
 2.56551e-27 2.594e-27 3.73488e-26 7.33879e-20 1.79902e-14 5.33081e-10 1.90941e-06 0.0008267 0.0432665 0.273716 0.209723 0.0452201 0.196845 0.181023 0.0273536 0.0167883 0.00468606 0.000466783 7.72215e-05 5.51373e-06 3.65183e-07 1.40543e-08 3.49288e-10 4.5802e-12 2.5074e-14
 2.56558e-27 2.59423e-27 3.75682e-26 7.3851e-20 1.81037e-14 5.36444e-10 1.92145e-06 0.000831916 0.0435395 0.275443 0.211038 0.0449972 0.194225 0.178645 0.0276484 0.0180567 0.00502789 0.000466566 7.37221e-05 4.81008e-06 2.95106e-07 1.04118e-08 2.25724e-10 2.5545e-12 1.29775e-14
 2.56622e-27 2.59598e-27 3.91211e-26 7.71269e-20 1.89067e-14 5.6024e-10 2.00669e-06 0.000868819 0.0454708 0.287661 0.22036 0.0444596 0.183584 0.168841 0.0261858 0.0171917 0.00480798 0.000483008 7.90093e-05 4.87006e-06 2.7885e-07 8.88722e-09 1.76044e-10 1.75362e-12 7.648e-15
 2.56622e-27 2.59592e-27 3.90212e-26 7.69161e-20 1.8855e-14 5.58709e-10 2.0012e-06 0.000866444 0.0453465 0.286875 0.219766 0.0448872 0.187256 0.172131 0.0250025 0.0136678 0.00378988 0.000350814 5.53365e-05 3.5861e-06 2.09025e-07 6.19686e-09 1.11761e-10 1.00037e-12 3.8689e-15
 2.56726e-27 2.59875e-27 4.15482e-26 8.22469e-20 2.01618e-14 5.97431e-10 2.1399e-06 0.000926495 0.0484894 0.306757 0.234934 0.0440017 0.169861 0.156109 0.0227068 0.0124657 0.0034322 0.000272987 3.89688e-05 2.35254e-06 1.3264e-07 4.1091e-09 7.22304e-11 5.89672e-13 2.04583e-15
 2.56729e-27 2.5988e-27 4.15468e-26 8.22438e-20 2.01611e-14 5.97408e-10 2.13982e-06 0.000926459 0.0484875 0.306746 0.234931 0.044401 0.1729 0.158816 0.0213972 0.00880222 0.00239373 0.000172858 2.26525e-05 1.17944e-06 5.73833e-08 1.64475e-09 2.89285e-11 2.38124e-13 7.70505e-16
 2.56699e-27 2.59797e-27 4.07974e-26 8.06629e-20 1.97735e-14 5.85925e-10 2.09869e-06 0.000908651 0.0475555 0.300849 0.230434 0.0447365 0.178613 0.164062 0.0218584 0.00853269 0.00229861 0.000133766 1.398e-05 6.62228e-07 2.8191e-08 6.75213e-10 1.04479e-11 8.23054e-14 2.6832e-16
 2.56687e-27 2.59766e-27 4.0528e-26 8.00945e-20 1.96342e-14 5.81796e-10 2.0839e-06 0.000902248 0.0472204 0.298729 0.228816 0.044771 0.180013 0.165365 0.0223066 0.00922547 0.00248954 0.000143687 1.46918e-05 5.88883e-07 1.92942e-08 4.02261e-10 5.27104e-12 3.49036e-14 1.04719e-16
#obs catch len freq
 5.96757e-42 8.2826e-34 1.38958e-26 2.81804e-20 6.90808e-15 2.04699e-10 7.33199e-07 0.00031745 0.0166141 0.105107 0.0810257 0.0423784 0.227065 0.191745 0.131935 0.127569 0.0521616 0.019461 0.00411484 0.000482095 2.3196e-05 3.33393e-07 1.07691e-09 6.36725e-13 6.02661e-17
 6.80765e-42 9.44856e-34 1.58519e-26 3.21474e-20 7.88055e-15 2.33515e-10 8.36414e-07 0.000362138 0.0189529 0.119903 0.0924347 0.0460779 0.229626 0.184458 0.129471 0.114897 0.0452428 0.0153631 0.00290707 0.000291702 1.1397e-05 1.26383e-07 3.03094e-10 1.29882e-13 8.79125e-18
 1.03533e-41 1.43697e-33 2.41082e-26 4.8891e-20 1.19851e-14 3.55139e-10 1.27205e-06 0.000550754 0.0288243 0.182352 0.14019 0.0481038 0.201529 0.153822 0.109939 0.0891589 0.033437 0.0102344 0.00170894 0.000144259 4.51993e-06 3.83984e-08 6.82042e-11 2.11795e-14 1.02515e-18
 8.86492e-42 1.23039e-33 2.06424e-26 4.18623e-20 1.02621e-14 3.04084e-10 1.08918e-06 0.000471577 0.0246804 0.156138 0.120511 0.0601511 0.262327 0.182978 0.095181 0.0668352 0.0234029 0.0063415 0.00091545 6.38418e-05 1.57747e-06 1.01629e-08 1.331e-11 2.9916e-15 1.03598e-19
 1.21435e-41 1.68543e-33 2.82766e-26 5.73444e-20 1.40573e-14 4.16544e-10 1.49199e-06 0.000645981 0.0338081 0.213882 0.164504 0.0540945 0.194144 0.136163 0.110282 0.0703528 0.0177521 0.00386968 0.00047257 2.66917e-05 5.11422e-07 2.46751e-09 2.365e-12 3.83445e-16 9.49059e-21
 1.28066e-41 1.77748e-33 2.98208e-26 6.04761e-20 1.4825e-14 4.39292e-10 1.57347e-06 0.000681259 0.0356544 0.225563 0.173737 0.0636208 0.220338 0.137858 0.0773832 0.0467286 0.0153494 0.00283164 0.00024247 1.04885e-05 1.52913e-07 5.45231e-10 3.78876e-13 4.40416e-17 7.76419e-22
 1.16772e-41 1.62072e-33 2.71909e-26 5.51427e-20 1.35176e-14 4.00551e-10 1.43471e-06 0.000621179 0.03251 0.205673 0.158832 0.0695092 0.235433 0.143134 0.0935871 0.0475696 0.0109997 0.00196364 0.000160955 4.88364e-06 4.96955e-08 1.27724e-10 6.36309e-14 5.26242e-18 6.57115e-23
 1.45048e-41 2.01317e-33 3.37751e-26 6.84952e-20 1.67908e-14 4.97542e-10 1.78212e-06 0.000771594 0.0403822 0.255474 0.196787 0.0646307 0.18464 0.112507 0.0900783 0.0432722 0.0100095 0.00135588 8.64763e-05 2.27178e-06 1.66389e-08 2.86435e-11 9.83834e-15 5.70421e-19 5.00676e-24
 1.67403e-41 2.32345e-33 3.89807e-26 7.90521e-20 1.93787e-14 5.74225e-10 2.05678e-06 0.000890516 0.0466061 0.294849 0.227066 0.0688225 0.175198 0.0947513 0.0581967 0.0262004 0.00655177 0.000822568 4.18497e-05 7.99292e-07 4.5208e-09 5.65263e-12 1.30685e-15 5.07493e-20 3.04432e-25
 1.64351e-41 2.28109e-33 3.827e-26 7.76108e-20 1.90254e-14 5.63757e-10 2.01928e-06 0.00087428 0.0457564 0.289476 0.223407 0.0770298 0.189956 0.0958198 0.053703 0.0197781 0.00374548 0.000431907 2.04023e-05 3.06817e-07 1.23199e-09 1.1061e-12 1.8418e-16 4.96147e-21 2.00572e-26
 1.55765e-41 2.16192e-33 3.62707e-26 7.35562e-20 1.80314e-14 5.34305e-10 1.91379e-06 0.000828606 0.043366 0.274357 0.212348 0.0840895 0.199734 0.100103 0.0619815 0.0199092 0.00301796 0.000253633 9.2715e-06 1.18069e-07 3.69757e-10 2.35776e-13 2.72312e-17 5.14742e-22 1.46374e-27
 1.51954e-41 2.10903e-33 3.53833e-26 7.17566e-20 1.75903e-14 5.21233e-10 1.86697e-06 0.000808334 0.042305 0.267649 0.207689 0.0891174 0.199107 0.101232 0.0682465 0.0205855 0.00304878 0.000204753 5.23306e-06 4.70993e-08 1.12794e-10 5.49824e-14 4.60069e-18 6.05545e-23 1.18672e-28
 1.92897e-41 2.67728e-33 4.49169e-26 9.10906e-20 2.23298e-14 6.61672e-10 2.37e-06 0.00102613 0.0537035 0.339757 0.262268 0.0761945 0.135879 0.068979 0.0468178 0.0133109 0.0019417 0.000117339 2.44356e-06 1.52903e-08 2.44832e-11 8.40198e-15 5.14971e-19 4.95611e-24 6.94249e-30
 1.62374e-41 2.25365e-33 3.78096e-26 7.66771e-20 1.87965e-14 5.56975e-10 1.99499e-06 0.000863763 0.0452059 0.286013 0.223206 0.107327 0.205718 0.0826956 0.037782 0.00976053 0.0013494 7.43184e-05 1.36518e-06 6.82713e-09 7.78079e-12 1.77388e-15 7.25844e-20 4.83055e-25 4.80919e-31
 1.33711e-41 1.85582e-33 3.11352e-26 6.31416e-20 1.54784e-14 4.58654e-10 1.64282e-06 0.000711286 0.0372259 0.235541 0.185967 0.119999 0.225492 0.112497 0.0680336 0.013241 0.00123254 5.71813e-05 9.15146e-07 3.83734e-09 3.4532e-12 5.76911e-16 1.6237e-20 7.20177e-26 4.78073e-32
 1.22046e-41 1.69392e-33 2.8419e-26 5.76331e-20 1.41281e-14 4.18641e-10 1.4995e-06 0.000649234 0.0339783 0.215008 0.171195 0.124192 0.220213 0.128957 0.0850963 0.0187304 0.0019154 6.25465e-05 6.96054e-07 2.30802e-09 1.6622e-12 2.15857e-16 4.54513e-21 1.44916e-26 6.6826e-33
 1.63835e-41 2.27392e-33 3.81498e-26 7.7367e-20 1.89656e-14 5.61985e-10 2.01294e-06 0.000871534 0.0456127 0.288606 0.226464 0.104641 0.157193 0.097575 0.0626531 0.014709 0.00161707 5.4863e-05 5.12883e-07 1.15398e-09 5.842e-13 5.68644e-17 9.0816e-22 2.17091e-27 7.3738e-34
 1.48701e-41 2.06388e-33 3.46258e-26 7.02205e-20 1.72137e-14 5.10074e-10 1.827e-06 0.000791029 0.0413994 0.261989 0.209565 0.140645 0.202686 0.0887929 0.0432152 0.00982421 0.00105447 3.62979e-05 3.33838e-07 6.57547e-10 2.45757e-13 1.62322e-17 1.79236e-22 3.07844e-28 7.66063e-35
 1.54402e-41 2.14299e-33 3.59532e-26 7.29123e-20 1.78736e-14 5.29627e-10 1.89704e-06 0.000821352 0.0429864 0.272041 0.21757 0.133866 0.178922 0.0990819 0.0468509 0.00724985 0.000589827 1.8435e-05 1.57812e-07 2.85527e-10 9.2714e-14 4.86895e-18 3.90176e-23 4.60876e-29 7.82427e-36
 1.52662e-41 2.11885e-33 3.55481e-26 7.20907e-20 1.76722e-14 5.2366e-10 1.87566e-06 0.000812097 0.0425021 0.269013 0.217526 0.147542 0.182598 0.0924289 0.0403718 0.00673982 0.000455262 9.71792e-06 6.47535e-08 9.95193e-11 2.76481e-14 1.22007e-18 7.94351e-24 7.28965e-30 9.16515e-37
 1.64601e-41 2.28455e-33 3.83281e-26 7.77285e-20 1.90542e-14 5.64612e-10 2.02235e-06 0.000875607 0.045826 0.290063 0.23428 0.14339 0.162248 0.0850587 0.0332289 0.00473367 0.000289578 5.38631e-06 2.57134e-08 2.77123e-11 5.85528e-15 2.05398e-19 1.07153e-24 7.82854e-31 7.73316e-38
 1.59653e-41 2.21588e-33 3.7176e-26 7.53922e-20 1.84815e-14 5.47641e-10 1.96156e-06 0.000849288 0.0444487 0.281414 0.231132 0.161908 0.170134 0.0792414 0.0271539 0.00353353 0.000180595 2.76054e-06 1.08201e-08 8.75246e-12 1.28318e-15 3.14393e-20 1.19508e-25 6.56978e-32 4.95488e-39
 1.64297e-41 2.28033e-33 3.82572e-26 7.75849e-20 1.9019e-14 5.63568e-10 2.01861e-06 0.000873988 0.0457416 0.289639 0.238857 0.160713 0.158581 0.0788161 0.0240673 0.0025972 0.000110378 1.37789e-06 4.22701e-09 2.6496e-12 2.9416e-16 5.20273e-21 1.37519e-26 5.22223e-33 2.76329e-40
 1.6504e-41 2.29065e-33 3.84304e-26 7.7936e-20 1.91051e-14 5.66119e-10 2.02775e-06 0.000877944 0.0459488 0.291032 0.243083 0.170455 0.155489 0.0714317 0.0196613 0.00195058 6.77291e-05 6.54229e-07 1.54547e-09 7.34009e-13 6.08498e-17 7.98944e-22 1.55196e-27 4.2501e-34 1.58801e-41
 1.68808e-41 2.34294e-33 3.93076e-26 7.97152e-20 1.95412e-14 5.79042e-10 2.07403e-06 0.000897986 0.046998 0.297753 0.250633 0.172685 0.147385 0.0663102 0.0159481 0.00134772 3.95262e-05 3.09163e-07 5.51946e-10 1.93166e-13 1.17629e-17 1.1296e-22 1.5972e-28 3.176e-35 8.59946e-43
 1.68088e-41 2.33295e-33 3.91401e-26 7.93753e-20 1.94579e-14 5.76574e-10 2.06519e-06 0.000894158 0.0467981 0.296619 0.253738 0.181933 0.145 0.0610232 0.0130098 0.000959859 2.2941e-05 1.42297e-07 1.97597e-10 5.18963e-14 2.29825e-18 1.58541e-23 1.60838e-29 2.29623e-36 4.4625e-44
 1.46987e-41 2.04008e-33 3.42266e-26 6.94108e-20 1.70152e-14 5.04192e-10 1.80594e-06 0.000781908 0.0409243 0.259738 0.234855 0.214799 0.167172 0.0681735 0.0127386 0.000800186 1.5718e-05 7.71316e-08 8.16664e-11 1.60828e-14 5.27552e-19 2.65307e-24 1.93307e-30 1.96426e-37 2.70843e-45
 1.49733e-41 2.0782e-33 3.4866e-26 7.07076e-20 1.73331e-14 5.13613e-10 1.83968e-06 0.000796518 0.0416887 0.264488 0.234844 0.197333 0.167196 0.0784424 0.0143621 0.000832439 1.43295e-05 5.9873e-08 5.2996e-11 8.57839e-15 2.28612e-19 9.29835e-25 5.46737e-31 4.46839e-38 4.93155e-46
#spawning biomass
 14956.5 19132.5 21040.8 23007.5 28056.8 32338.1 37607.1 45439.4 63173.8 86523.4 105953 123857 174110 211090 200012 162542 149430 148458 139871 141760 147898 153005 168042 172037 186808 187802 176798 152455 118628 118062 62111 29528.6 20858.3 18998.2 18631.9 18563.3 18551 18548.8 18548.4 18548.3 18548.3 18548.3 18548.3 18548.3 18548.3 18548.3 18548.3 18548.3 18548.3 18548.3 18548.3 18548.3 18548.3 18548.3 18548.3 18548.3 18548.3 18548.3 18548.3 18548.3 18548.3 18548.3 18548.3 18548.3 18548.3 18548.3 18548.3 18548.3 18548.3 18548.3 18548.3 18548.3 18548.3 18548.3 18548.3 18548.3 18548.3 18548.3 18548.3 18548.3 18548.3 18548.3 18548.3 18548.3 18548.3 18548.3 18548.3 18548.3 18548.3 18548.3 18548.3 18548.3 18548.3 18548.3 18548.3 18548.3 18548.3 18548.3 18548.3 18548.3 18548.3 18548.3 18548.3 18548.3 18548.3 18548.3 18548.3 18548.3 18548.3 18548.3 18548.3 18548.3 18548.3 18548.3 18548.3 18548.3 18548.3 18548.3 18548.3 18548.3 18548.3 18548.3 18548.3 18548.3 18548.3 18548.3 18548.3 18548.3 0 0 0 0 0 0 0 0 0 0 0 0 0 0 0 0 0 0 0 0 0 0 0 0 0
