SBPRF35
0.18548
Curr Bio
157007
B35
186220
F35
0.867054
FOFL
0.642813
OFL
30313.2
Bzero
52994.1
#pred survey bio
 10814.8 13904.8 14822.8 15857 18960.4 21744.4 24969.5 28520.4 38848.5 53761.4 67639.9 75113.9 103969 133964 133501 105810 93329.8 93821.2 86678.1 85793 90518.9 92764.4 101290 103513 111583 112964 107212 101263 3.02295e+06 2.62359e+06 1.5755e+06 922182 623517 492033 431027 400112 383099 373193 367244 363620 361399 360038 359201 358681 358369 358182 358069 358001 357960 357935 357920 357911 357906 357903 357901 357899 357899 357898 357898 357898 357898 357898 357898 357898 357898 357898 357898 357898 357898 357898 357898 357898 357898 357898 357898 357898 357898 357898 357898 357898 357898 357898 357898 357898 357898 357898 357898 357898 357898 357898 357898 357898 357898 357898 357898 357898 357898 357898 357898 357898 357898 357898 357898 357898 357898 357898 357898 357898 357898 357898 357898 357898 357898 357898 357898 357898 357898 357898 357898 357898 357898 357898 357898 357898 357898 357898 357898 357898 0 0 0 0 0 0 0 0 0 0 0 0 0 0 0 0 0 0 0 0 0 0 0 0 0
#obs survey bio
 8623.14 10743.9 16458.7 13462.4 24590.3 19925.4 30008.2 26407.2 49970.5 56647.5 48274.6 64835.1 129871 123298 131889 114543 89476 96441.6 57372.2 82917.5 97480 105758 116323 96851.7 117363 134587 160281 78864.1
#pred catch bio
 3613.32 6993.67 8256.29 8542.98 11213.8 12886.6 16742.4 18882.1 25578.9 36371.8 53342.2 58307.6 79929.3 104151 112360 91341.7 78789.8 82812.5 78525.1 77414 81589.9 82409.7 95187.5 97079.5 110115 113249 105637 107499 30313.2 61334.3 29720.9 15028.5 9479.7 7620.51 7043.52 6873.54 6825.29 6811.95 6808.33 6807.37 6807.11 6807.05 6807.03 6807.02 6807.02 6807.02 6807.02 6807.02 6807.02 6807.02 6807.02 6807.02 6807.02 6807.02 6807.02 6807.02 6807.02 6807.02 6807.02 6807.02 6807.02 6807.02 6807.02 6807.02 6807.02 6807.02 6807.02 6807.02 6807.02 6807.02 6807.02 6807.02 6807.02 6807.02 6807.02 6807.02 6807.02 6807.02 6807.02 6807.02 6807.02 6807.02 6807.02 6807.02 6807.02 6807.02 6807.02 6807.02 6807.02 6807.02 6807.02 6807.02 6807.02 6807.02 6807.02 6807.02 6807.02 6807.02 6807.02 6807.02 6807.02 6807.02 6807.02 6807.02 6807.02 6807.02 6807.02 6807.02 6807.02 6807.02 6807.02 6807.02 6807.02 6807.02 6807.02 6807.02 6807.02 6807.02 6807.02 6807.02 6807.02 6807.02 6807.02 6807.02 6807.02 6807.02 6807.02 6807.02 0 0 0 0 0 0 0 0 0 0 0 0 0 0 0 0 0 0 0 0 0 0 0 0 0
#obs catch bio
 6438.45 7228.94 8455.52 8816.07 11259.9 12963 17218.4 18970.2 24946.5 35776.8 53661.6 58579.3 78342.2 103576 115156 92675.5 77797.7 81051.1 78995.1 78016.8 78264.8 79130.9 92630.4 92531.8 107120 110516 103819 108374
#pred cpue bio
 10433.3 13302.1 14136.6 15012.6 17740.5 20538.1 23429.4 25882.5 35033.4 48959.1 62564.9 66715.5 91074 123295 126811 98820.3 84825.8 86344.8 78757.9 76289.6 81466.8 83171.6 89950.1 91948.8 97638.7 99454.9 94833.9 90387.6 2.58469e+06 2.8505e+06 1.57976e+06 914848 615677 484170 423164 392248 375235 365330 359381 355756 353536 352175 351337 350817 350505 350318 350205 350137 350096 350072 350057 350048 350042 350039 350037 350036 350035 350035 350035 350034 350034 350034 350034 350034 350034 350034 350034 350034 350034 350034 350034 350034 350034 350034 350034 350034 350034 350034 350034 350034 350034 350034 350034 350034 350034 350034 350034 350034 350034 350034 350034 350034 350034 350034 350034 350034 350034 350034 350034 350034 350034 350034 350034 350034 350034 350034 350034 350034 350034 350034 350034 350034 350034 350034 350034 350034 350034 350034 350034 350034 350034 350034 350034 350034 350034 350034 350034 350034 0 0 0 0 0 0 0 0 0 0 0 0 0 0 0 0 0 0 0 0 0 0 0 0 0
#obs cpue bio
 8505.72 9125.96 9091.86 9948.93 20129.5 16702 12879.2 29434 51844.8 49173 72769.9 75433.6 103069 123670 83555 87647.5 101396 131255 88001.6 72224.2 190287 132380 114832 227091 128307 116031 81103.5 104893
#pred surv len freq
 2.56268e-27 2.58681e-27 3.15389e-26 6.11336e-20 1.49862e-14 4.44067e-10 1.59057e-06 0.000688657 0.0360418 0.228011 0.174778 0.0423631 0.199653 0.18419 0.0380928 0.0407941 0.0167437 0.0118779 0.00706006 0.00521644 0.00399387 0.00337996 0.00332262 0.00290757 0.000883308
 2.56261e-27 2.58703e-27 3.2059e-26 6.22321e-20 1.52554e-14 4.52046e-10 1.61915e-06 0.000701032 0.0366895 0.232108 0.17786 0.0394344 0.175202 0.162503 0.0502432 0.0738982 0.0257385 0.0117515 0.00526199 0.00295536 0.00183985 0.00132716 0.00115006 0.00100186 0.00033291
 2.56318e-27 2.58835e-27 3.29942e-26 6.42041e-20 1.57389e-14 4.6637e-10 1.67046e-06 0.000723246 0.0378521 0.239463 0.183509 0.0414638 0.186676 0.17248 0.0408959 0.0502599 0.0215238 0.0156932 0.00549941 0.00197064 0.000839746 0.000461223 0.000328617 0.000267241 9.17226e-05
 2.56381e-27 2.58994e-27 3.42589e-26 6.68715e-20 1.63927e-14 4.85746e-10 1.73986e-06 0.000753294 0.0394247 0.249412 0.191116 0.042115 0.186288 0.172019 0.0390164 0.0458841 0.017041 0.00950421 0.00450876 0.00202265 0.000539231 0.000179711 9.05396e-05 6.27905e-05 2.12569e-05
 2.56456e-27 2.59191e-27 3.59613e-26 7.04626e-20 1.72731e-14 5.11831e-10 1.83329e-06 0.000793746 0.0415418 0.262805 0.20134 0.0419307 0.177703 0.164069 0.0371392 0.0435708 0.0158248 0.00816998 0.00313683 0.00132778 0.000483822 0.00011244 3.00227e-05 1.48567e-05 4.68711e-06
 2.56416e-27 2.59072e-27 3.47934e-26 6.79984e-20 1.6669e-14 4.93932e-10 1.76918e-06 0.000765987 0.040089 0.253615 0.194343 0.0432277 0.192489 0.177517 0.0359752 0.0375048 0.0135883 0.00697775 0.00257071 0.000942347 0.000292965 8.17234e-05 1.46343e-05 3.6423e-06 9.53191e-07
 2.56449e-27 2.59165e-27 3.56417e-26 6.97882e-20 1.71077e-14 5.06933e-10 1.81575e-06 0.000786149 0.0411442 0.26029 0.199431 0.0426792 0.18474 0.170467 0.0365629 0.0405833 0.0139582 0.00607724 0.00220639 0.000791476 0.000217596 5.22687e-05 9.64694e-06 1.28482e-06 2.08761e-07
 2.56642e-27 2.59673e-27 3.99965e-26 7.89744e-20 1.93596e-14 5.7366e-10 2.05475e-06 0.00088963 0.04656 0.294552 0.22559 0.0425258 0.165193 0.152177 0.0287602 0.0273723 0.00964905 0.00455959 0.00152627 0.000482006 0.000128641 2.75875e-05 4.4431e-06 4.82216e-07 3.99409e-08
 2.5668e-27 2.59768e-27 4.07496e-26 8.05628e-20 1.9749e-14 5.85198e-10 2.09608e-06 0.000907523 0.0474965 0.300476 0.230122 0.0430202 0.165772 0.152576 0.0263969 0.0218345 0.00724449 0.0027911 0.000959046 0.000312077 7.30911e-05 1.45157e-05 2.07149e-06 1.90942e-07 1.01821e-08
 2.56635e-27 2.59643e-27 3.96347e-26 7.82108e-20 1.91724e-14 5.68114e-10 2.03489e-06 0.000881029 0.0461099 0.291704 0.22343 0.0434434 0.173694 0.15988 0.0275929 0.0227067 0.00724857 0.00233417 0.00071361 0.000200979 4.84387e-05 8.81792e-06 1.12243e-06 8.96989e-08 3.73206e-09
 2.56556e-27 2.59431e-27 3.77639e-26 7.42641e-20 1.8205e-14 5.39445e-10 1.9322e-06 0.00083657 0.0437831 0.276984 0.212198 0.0439389 0.185356 0.170658 0.0297871 0.0249997 0.00797465 0.00254465 0.000724959 0.000170311 3.46869e-05 6.05163e-06 7.16824e-07 5.0133e-08 1.75332e-09
 2.56753e-27 2.5996e-27 4.23876e-26 8.4018e-20 2.0596e-14 6.10297e-10 2.18598e-06 0.000946446 0.0495336 0.313363 0.239963 0.0430431 0.159032 0.146255 0.0234556 0.0166947 0.00533554 0.00174334 0.000496676 0.000113104 1.97741e-05 2.83505e-06 3.05828e-07 1.96384e-08 5.9391e-10
 2.56815e-27 2.60122e-27 4.37749e-26 8.69445e-20 2.13134e-14 6.31554e-10 2.26212e-06 0.000979412 0.0512589 0.324278 0.248296 0.0430004 0.152852 0.140474 0.0210141 0.0125673 0.00386329 0.0010412 0.000292147 6.77489e-05 1.16354e-05 1.47316e-06 1.28578e-07 7.30153e-09 1.98982e-10
 2.56599e-27 2.59532e-27 3.85153e-26 7.58488e-20 1.85934e-14 5.50957e-10 1.97343e-06 0.000854421 0.0447173 0.282894 0.216727 0.044896 0.189458 0.174184 0.0257257 0.0148192 0.0044273 0.000984119 0.000251387 4.97336e-05 8.47858e-06 1.06429e-06 8.25156e-08 3.79478e-09 8.99415e-11
 2.56423e-27 2.5906e-27 3.43941e-26 6.71549e-20 1.64622e-14 4.87805e-10 1.74724e-06 0.000756486 0.0395918 0.250469 0.191978 0.0455953 0.212168 0.195271 0.0318267 0.023423 0.0069989 0.00149298 0.000359219 5.89992e-05 8.60225e-06 9.95069e-07 7.58563e-08 3.08867e-09 5.97384e-11
 2.56515e-27 2.59312e-27 3.66345e-26 7.18814e-20 1.76209e-14 5.22137e-10 1.87021e-06 0.000809729 0.0423783 0.268097 0.205427 0.0448723 0.197217 0.181474 0.0293788 0.0213304 0.00662682 0.00184621 0.000458447 7.15688e-05 9.11739e-06 8.66544e-07 5.84949e-08 2.28125e-09 3.88826e-11
 2.56656e-27 2.5969e-27 3.99404e-26 7.88553e-20 1.93304e-14 5.72795e-10 2.05166e-06 0.000888289 0.0464898 0.294108 0.225279 0.0442555 0.178576 0.164185 0.024744 0.0151071 0.00466395 0.00128295 0.000342303 6.69959e-05 8.62194e-06 7.32975e-07 4.02734e-08 1.35706e-09 2.15782e-11
 2.566e-27 2.59534e-27 3.85266e-26 7.58726e-20 1.85993e-14 5.51129e-10 1.97405e-06 0.000854689 0.0447314 0.282983 0.216795 0.0449287 0.189659 0.17436 0.0255899 0.0144658 0.0043323 0.000984593 0.00025413 5.02952e-05 7.57056e-06 7.28354e-07 3.67406e-08 1.01314e-09 1.37293e-11
 2.56662e-27 2.59701e-27 3.99966e-26 7.89736e-20 1.93594e-14 5.73655e-10 2.05473e-06 0.000889621 0.0465596 0.294549 0.22562 0.0445348 0.180461 0.165863 0.0239199 0.0127937 0.00378705 0.000792339 0.000191029 3.20459e-05 4.70726e-06 4.99946e-07 2.93035e-08 7.71791e-10 8.66677e-12
 2.56759e-27 2.59963e-27 4.23023e-26 8.38378e-20 2.05518e-14 6.08987e-10 2.18129e-06 0.000944415 0.0494273 0.312691 0.239464 0.0439625 0.166379 0.15284 0.021104 0.00964916 0.00282481 0.000558085 0.000130449 2.00361e-05 2.5787e-06 2.48289e-07 1.55625e-08 4.69019e-10 5.18047e-12
 2.56709e-27 2.59826e-27 4.10635e-26 8.12243e-20 1.99112e-14 5.90003e-10 2.11329e-06 0.000914975 0.0478865 0.302943 0.23203 0.0445337 0.175949 0.161626 0.0218368 0.00910582 0.00261497 0.000442557 9.87305e-05 1.43286e-05 1.72674e-06 1.46198e-07 8.11017e-09 2.53398e-10 3.13213e-12
 2.56724e-27 2.59868e-27 4.14542e-26 8.20486e-20 2.01132e-14 5.95991e-10 2.13474e-06 0.00092426 0.0483724 0.306018 0.234374 0.0443049 0.172561 0.158528 0.0217947 0.00978805 0.00279507 0.000433346 9.15976e-05 1.15394e-05 1.29959e-06 1.02275e-07 5.01249e-09 1.38243e-10 1.72879e-12
 2.56764e-27 2.59978e-27 4.24343e-26 8.41163e-20 2.06201e-14 6.1101e-10 2.18854e-06 0.000947552 0.0495915 0.313729 0.240256 0.0439168 0.165475 0.152009 0.0210292 0.00968461 0.0027854 0.0004627 9.79615e-05 1.1316e-05 1.14892e-06 7.98867e-08 3.59774e-09 8.78131e-11 9.73553e-13
 2.56766e-27 2.5998e-27 4.24246e-26 8.40956e-20 2.0615e-14 6.1086e-10 2.188e-06 0.000947319 0.0495793 0.313652 0.240202 0.044202 0.167684 0.153979 0.0201326 0.00714526 0.0020415 0.00034748 7.49357e-05 9.17246e-06 9.05773e-07 5.63967e-08 2.21901e-09 4.86382e-11 4.77747e-13
 2.56826e-27 2.60144e-27 4.38867e-26 8.718e-20 2.13711e-14 6.33265e-10 2.26825e-06 0.000982065 0.0513977 0.325156 0.248977 0.0436474 0.157297 0.144424 0.0189693 0.00689554 0.00193186 0.00025913 5.25677e-05 6.58913e-06 6.75178e-07 4.29435e-08 1.54438e-09 2.94466e-11 2.55546e-13
 2.56804e-27 2.60082e-27 4.33102e-26 8.59638e-20 2.1073e-14 6.24431e-10 2.23661e-06 0.000968365 0.0506807 0.32062 0.245521 0.0440852 0.163058 0.149675 0.0187314 0.00503263 0.00139323 0.000190589 3.7351e-05 3.78093e-06 3.67509e-07 2.41399e-08 8.94587e-10 1.60395e-11 1.21625e-13
 2.56786e-27 2.60032e-27 4.28546e-26 8.50026e-20 2.08374e-14 6.17448e-10 2.2116e-06 0.000957537 0.050114 0.317035 0.242786 0.0442858 0.166505 0.152843 0.0190353 0.00492689 0.00133821 0.00014235 2.5486e-05 2.5956e-06 2.2764e-07 1.26804e-08 4.69219e-10 8.66047e-12 6.30317e-14
 2.56748e-27 2.59929e-27 4.19447e-26 8.30832e-20 2.03668e-14 6.03506e-10 2.16166e-06 0.000935915 0.0489824 0.309876 0.237324 0.0445597 0.172427 0.158308 0.0200187 0.0057925 0.00157969 0.000163069 2.78282e-05 2.25204e-06 1.80632e-07 9.57092e-09 3.02168e-10 5.26113e-12 3.90472e-14
#obs surv len freq
 1.2459e-41 1.72923e-33 2.90114e-26 5.88345e-20 1.44226e-14 4.27368e-10 1.53076e-06 0.000662767 0.0346866 0.219438 0.168292 0.0416521 0.169934 0.142319 0.0895276 0.084908 0.0336501 0.0121725 0.00246567 0.000277038 1.27498e-05 1.75504e-07 5.44393e-10 3.10354e-13 2.84653e-17
 1.5589e-41 2.16365e-33 3.62998e-26 7.36152e-20 1.80459e-14 5.34733e-10 1.91533e-06 0.000829271 0.0434007 0.274566 0.210422 0.042621 0.1419 0.113094 0.0741635 0.0647642 0.0245752 0.00806513 0.00145297 0.000138566 5.16225e-06 5.48581e-08 1.26679e-10 5.24948e-14 3.44903e-18
 1.29377e-41 1.79567e-33 3.01261e-26 6.10951e-20 1.49767e-14 4.43788e-10 1.58958e-06 0.000688232 0.0360193 0.22787 0.175008 0.0517939 0.204161 0.150038 0.0730056 0.0550805 0.0196235 0.00573654 0.00090044 7.15774e-05 2.1214e-06 1.7214e-08 2.94459e-11 8.85702e-15 4.17019e-19
 1.56008e-41 2.16529e-33 3.63272e-26 7.36708e-20 1.80595e-14 5.35137e-10 1.91677e-06 0.000829896 0.0434335 0.274774 0.210755 0.0474361 0.149879 0.109621 0.0845177 0.0592867 0.0153595 0.00359265 0.000480669 3.12177e-05 7.23333e-07 4.42266e-09 5.55925e-12 1.20932e-15 4.0759e-20
 1.53884e-41 2.13582e-33 3.58327e-26 7.2668e-20 1.78137e-14 5.27853e-10 1.89068e-06 0.000818601 0.0428423 0.271035 0.20814 0.055296 0.179884 0.118679 0.0640352 0.0418229 0.014241 0.00291662 0.000273654 1.36448e-05 2.42307e-07 1.10086e-09 1.00683e-12 1.57383e-16 3.78356e-21
 1.34753e-41 1.87028e-33 3.13778e-26 6.36336e-20 1.5599e-14 4.62228e-10 1.65562e-06 0.000716828 0.0375159 0.23734 0.182657 0.0611822 0.205315 0.131097 0.0836954 0.0468777 0.0112071 0.00218415 0.000202592 7.18475e-06 8.90308e-08 2.92512e-10 1.92362e-13 2.14339e-17 3.65429e-22
 1.56255e-41 2.16872e-33 3.63848e-26 7.37876e-20 1.80882e-14 5.35985e-10 1.91981e-06 0.000831212 0.0435023 0.275211 0.211546 0.058045 0.165525 0.105049 0.0835788 0.0442425 0.0107304 0.00161643 0.000115189 3.58923e-06 3.2516e-08 7.16317e-11 3.24942e-14 2.54149e-18 3.04876e-23
 1.7311e-41 2.40265e-33 4.03094e-26 8.17467e-20 2.00392e-14 5.93799e-10 2.12689e-06 0.000920871 0.0481947 0.304898 0.234417 0.0627307 0.163077 0.0926705 0.0567369 0.0278712 0.00737751 0.00104209 6.0412e-05 1.36876e-06 9.62009e-09 1.55327e-11 4.75252e-15 2.48925e-19 2.04164e-24
 1.65434e-41 2.29611e-33 3.8522e-26 7.81218e-20 1.91506e-14 5.67469e-10 2.03258e-06 0.000880037 0.0460576 0.29138 0.224501 0.0712348 0.184809 0.098103 0.0554004 0.0225183 0.00450097 0.00058007 3.17148e-05 5.75099e-07 2.88411e-09 3.34883e-12 7.40439e-16 2.69372e-20 1.48804e-25
 1.53358e-41 2.1285e-33 3.57101e-26 7.24193e-20 1.77527e-14 5.26046e-10 1.88421e-06 0.000815799 0.0426956 0.270114 0.208706 0.0786018 0.199993 0.104772 0.066382 0.023701 0.00383846 0.000363261 1.52642e-05 2.36078e-07 9.34528e-10 7.74727e-13 1.1896e-16 3.04018e-21 1.1821e-26
 1.46631e-41 2.03514e-33 3.41437e-26 6.92427e-20 1.6974e-14 5.02971e-10 1.80156e-06 0.000780014 0.0408228 0.258269 0.200092 0.08415 0.203715 0.107405 0.07526 0.0251504 0.00403459 0.000310246 9.20021e-06 1.00372e-07 3.04273e-10 1.93992e-13 2.16623e-17 3.85886e-22 1.03445e-27
 1.88232e-41 2.61254e-33 4.38308e-26 8.88879e-20 2.17898e-14 6.45672e-10 2.31269e-06 0.00100132 0.0524049 0.331539 0.255659 0.0729868 0.140801 0.0736964 0.0525959 0.0164923 0.00263233 0.000183503 4.51094e-06 3.45848e-08 7.0129e-11 3.14681e-14 2.57957e-18 3.3673e-23 6.45636e-29
 1.5693e-41 2.17809e-33 3.65419e-26 7.41063e-20 1.81663e-14 5.383e-10 1.9281e-06 0.000834803 0.0436903 0.276419 0.215274 0.102368 0.214045 0.0902637 0.042951 0.0121743 0.00185758 0.00011848 2.59739e-06 1.61089e-08 2.34533e-11 7.00508e-15 3.83279e-19 3.46273e-24 4.72644e-30
 1.27274e-41 1.76648e-33 2.96363e-26 6.01019e-20 1.47333e-14 4.36574e-10 1.56374e-06 0.000677044 0.0354338 0.224195 0.176487 0.113714 0.233375 0.11935 0.0779522 0.0169889 0.00173048 9.26706e-05 1.78293e-06 9.34611e-09 1.08317e-11 2.38368e-15 8.98671e-20 5.40949e-25 4.92254e-31
 1.14915e-41 1.59494e-33 2.67584e-26 5.42656e-20 1.33026e-14 3.94179e-10 1.41189e-06 0.000611298 0.0319929 0.202436 0.160641 0.117505 0.227454 0.135069 0.097694 0.0237326 0.00275544 0.000105683 1.40401e-06 5.82825e-09 5.43592e-12 9.3447e-16 2.64436e-20 1.14555e-25 7.23717e-32
 1.56095e-41 2.1665e-33 3.63475e-26 7.3712e-20 1.80696e-14 5.35436e-10 1.91785e-06 0.000830361 0.0434578 0.274964 0.215329 0.100857 0.165501 0.104022 0.0736094 0.0189425 0.00238623 9.6074e-05 1.1003e-06 3.11325e-09 2.03803e-12 2.63217e-16 5.66722e-21 1.8449e-26 8.59507e-33
 1.40892e-41 1.95549e-33 3.28074e-26 6.65328e-20 1.63097e-14 4.83287e-10 1.73106e-06 0.000749488 0.0392253 0.248218 0.197929 0.136029 0.21525 0.0969595 0.0512445 0.0127545 0.00157358 6.45117e-05 7.35321e-07 1.8488e-09 9.01541e-13 7.90889e-17 1.17819e-21 2.76173e-27 9.44727e-34
 1.46083e-41 2.02753e-33 3.40161e-26 6.8984e-20 1.69106e-14 5.01092e-10 1.79483e-06 0.0007771 0.0406704 0.25737 0.205255 0.130108 0.190251 0.107796 0.0570675 0.00976897 0.000900776 3.35561e-05 3.58003e-07 8.33678e-10 3.56325e-13 2.50076e-17 2.70867e-22 4.36529e-28 1.01917e-34
 1.44035e-41 1.99911e-33 3.35391e-26 6.80167e-20 1.66735e-14 4.94066e-10 1.76967e-06 0.000766204 0.0401002 0.253792 0.204586 0.144208 0.195476 0.101713 0.0494247 0.0091888 0.000725039 1.84274e-05 1.52293e-07 3.02414e-10 1.11224e-13 6.59575e-18 5.8287e-23 7.31194e-29 1.26372e-35
 1.55797e-41 2.16236e-33 3.62781e-26 7.35712e-20 1.80351e-14 5.34413e-10 1.91418e-06 0.000828774 0.0433749 0.274528 0.221144 0.14146 0.175112 0.0948532 0.0416039 0.00661077 0.000472613 1.06612e-05 6.37893e-08 8.86687e-11 2.48281e-14 1.1748e-18 8.3517e-24 8.36943e-30 1.13924e-36
 1.50715e-41 2.09183e-33 3.50947e-26 7.11714e-20 1.74468e-14 5.16981e-10 1.85174e-06 0.000801741 0.0419602 0.265631 0.21751 0.160449 0.184579 0.089375 0.0343573 0.00502714 0.00030284 5.63e-06 2.78935e-08 2.93538e-11 5.7145e-15 1.88963e-19 9.81125e-25 7.42231e-31 7.73795e-38
 1.55127e-41 2.15306e-33 3.61221e-26 7.32549e-20 1.79576e-14 5.32116e-10 1.90595e-06 0.000825211 0.0431887 0.273441 0.224893 0.160242 0.172526 0.0898359 0.0310646 0.00378843 0.000190539 2.91621e-06 1.13657e-08 9.308e-12 1.37832e-15 3.29707e-20 1.19057e-25 6.22508e-32 4.56211e-39
 1.5581e-41 2.16255e-33 3.62812e-26 7.35776e-20 1.80367e-14 5.3446e-10 1.91435e-06 0.000828846 0.043379 0.274714 0.228851 0.170957 0.170151 0.0824085 0.0256764 0.00290857 0.000120752 1.4367e-06 4.33188e-09 2.69921e-12 2.99326e-16 5.32845e-21 1.41643e-26 5.34241e-33 2.76248e-40
 1.59555e-41 2.21452e-33 3.71532e-26 7.53458e-20 1.84701e-14 5.47304e-10 1.96035e-06 0.000848766 0.0444218 0.281382 0.236298 0.174229 0.161967 0.0775111 0.0212105 0.0020571 7.25432e-05 7.05328e-07 1.61613e-09 7.44262e-13 6.07831e-17 7.93032e-22 1.53693e-27 4.21511e-34 1.58116e-41
 1.58795e-41 2.20397e-33 3.69762e-26 7.4987e-20 1.83822e-14 5.44698e-10 1.95102e-06 0.000844725 0.0442106 0.280156 0.239139 0.184418 0.159982 0.0721575 0.0175473 0.00149927 4.33787e-05 3.36198e-07 6.02472e-10 2.09083e-13 1.24453e-17 1.16814e-22 1.62662e-28 3.20695e-35 8.64319e-43
 1.37441e-41 1.90759e-33 3.20037e-26 6.49029e-20 1.59102e-14 4.71448e-10 1.68865e-06 0.000731128 0.0382661 0.242777 0.218999 0.216884 0.183015 0.080743 0.017287 0.00126625 3.0303e-05 1.87043e-07 2.56714e-10 6.70251e-14 2.96276e-18 2.03044e-23 2.0321e-29 2.85293e-36 5.45891e-44
 1.3996e-41 1.94255e-33 3.25903e-26 6.60924e-20 1.62018e-14 4.80088e-10 1.7196e-06 0.000744528 0.0389678 0.247316 0.223462 0.205394 0.176867 0.0885847 0.0175137 0.00112541 2.20797e-05 1.07623e-07 1.13411e-10 2.21685e-14 7.20847e-19 3.60314e-24 2.61684e-30 2.6509e-37 3.63555e-45
 1.46265e-41 2.03006e-33 3.40585e-26 6.907e-20 1.69317e-14 5.01717e-10 1.79707e-06 0.00077807 0.0407233 0.258408 0.231343 0.202812 0.169549 0.0790882 0.0161911 0.00108692 1.98165e-05 8.39468e-08 7.41338e-11 1.19289e-14 3.1616e-19 1.27833e-24 7.46727e-31 6.06547e-38 6.66245e-46
#pred catch len freq
 2.55967e-27 2.57864e-27 2.43112e-26 4.58861e-20 1.12484e-14 3.33311e-10 1.19386e-06 0.000516898 0.0270526 0.171143 0.131389 0.0445077 0.246458 0.227337 0.0449028 0.0454913 0.0185952 0.0131069 0.0077838 0.00574918 0.00440148 0.00372488 0.00366169 0.00320428 0.000973449
 2.56034e-27 2.58089e-27 2.66443e-26 5.08094e-20 1.24553e-14 3.69073e-10 1.32196e-06 0.000572357 0.0299551 0.189505 0.145352 0.0408862 0.20909 0.193798 0.0562103 0.0796415 0.0276688 0.01254 0.00560918 0.00314895 0.00196023 0.00141397 0.00122529 0.0010674 0.000354687
 2.56114e-27 2.5828e-27 2.80722e-26 5.38205e-20 1.31935e-14 3.90946e-10 1.4003e-06 0.000606277 0.0317304 0.200736 0.153962 0.0430265 0.219327 0.202574 0.045556 0.0533312 0.0227435 0.0164814 0.00577193 0.00206714 0.000880777 0.000483751 0.000344667 0.000280294 9.62026e-05
 2.56165e-27 2.58405e-27 2.90377e-26 5.58569e-20 1.36926e-14 4.05738e-10 1.45328e-06 0.000629216 0.0329309 0.208331 0.159773 0.0437948 0.221092 0.204097 0.0440009 0.0491875 0.018208 0.0100843 0.0047795 0.00214325 0.000571336 0.000190406 9.59273e-05 6.6527e-05 2.25219e-05
 2.56268e-27 2.58679e-27 3.14142e-26 6.08701e-20 1.49216e-14 4.42153e-10 1.58372e-06 0.000685689 0.0358865 0.227028 0.174045 0.0434436 0.208392 0.192347 0.0413893 0.0461518 0.0167101 0.00856595 0.00328594 0.00139018 0.00050652 0.000117713 3.14305e-05 1.55534e-05 4.9069e-06
 2.56226e-27 2.58553e-27 3.01707e-26 5.82463e-20 1.42784e-14 4.23094e-10 1.51545e-06 0.000656132 0.0343396 0.217242 0.166595 0.0448494 0.224325 0.206835 0.040077 0.0394838 0.0142587 0.00727015 0.0026761 0.000980471 0.000304788 8.50198e-05 1.52246e-05 3.7892e-06 9.91636e-07
 2.56306e-27 2.58773e-27 3.21435e-26 6.24083e-20 1.52987e-14 4.53326e-10 1.62374e-06 0.000703017 0.0367934 0.232765 0.178434 0.0439805 0.209395 0.193158 0.039491 0.0415491 0.0142508 0.00615887 0.00223382 0.000800899 0.000220166 5.28847e-05 9.7606e-06 1.29996e-06 2.1122e-07
 2.56497e-27 2.59277e-27 3.64672e-26 7.15289e-20 1.75344e-14 5.19577e-10 1.86104e-06 0.000805758 0.0421705 0.266782 0.204407 0.0438237 0.189953 0.174967 0.0317424 0.0284378 0.00999263 0.00468784 0.00156782 0.000494852 0.000132055 2.83191e-05 4.5609e-06 4.95001e-07 4.09998e-08
 2.56533e-27 2.59365e-27 3.71498e-26 7.29687e-20 1.78874e-14 5.30036e-10 1.8985e-06 0.000821977 0.0430193 0.272152 0.208516 0.0443663 0.191196 0.175973 0.0293846 0.0227589 0.00752881 0.00287879 0.000988123 0.000321365 7.52591e-05 1.49459e-05 2.13286e-06 1.966e-07 1.04838e-08
 2.56495e-27 2.59261e-27 3.62193e-26 7.10056e-20 1.74062e-14 5.15776e-10 1.84742e-06 0.000799863 0.041862 0.264831 0.202931 0.0447456 0.198006 0.182249 0.030363 0.0233925 0.00744773 0.00237988 0.000726726 0.000204552 4.92942e-05 8.97344e-06 1.14222e-06 9.12803e-08 3.79786e-09
 2.56487e-27 2.59239e-27 3.60267e-26 7.05992e-20 1.73065e-14 5.12824e-10 1.83685e-06 0.000795286 0.0416224 0.263315 0.201774 0.0447356 0.198743 0.182947 0.0308027 0.0242201 0.00770583 0.00243999 0.000694348 0.000163019 3.31974e-05 5.79158e-06 6.86018e-07 4.79785e-08 1.67797e-09
 2.5668e-27 2.59758e-27 4.05716e-26 8.01869e-20 1.96569e-14 5.82468e-10 2.0863e-06 0.000903289 0.0472749 0.299074 0.229064 0.0438167 0.172576 0.1587 0.0246898 0.0163753 0.00521799 0.00169186 0.000481473 0.000109574 1.91546e-05 2.74613e-06 2.96234e-07 1.90223e-08 5.75278e-10
 2.56738e-27 2.59911e-27 4.18761e-26 8.29387e-20 2.03314e-14 6.02456e-10 2.1579e-06 0.000934287 0.0488972 0.309338 0.236901 0.0437877 0.16685 0.15334 0.0223634 0.0124049 0.00380178 0.00101668 0.000284884 6.60239e-05 1.13378e-05 1.43542e-06 1.25284e-07 7.11443e-09 1.93883e-10
 2.56518e-27 2.59307e-27 3.64946e-26 7.15859e-20 1.75484e-14 5.19991e-10 1.86252e-06 0.000806401 0.0422041 0.266995 0.2046 0.0457538 0.204506 0.188011 0.0270971 0.0144654 0.00430913 0.000950442 0.000242406 4.79257e-05 8.16919e-06 1.02541e-06 7.95012e-08 3.65615e-09 8.66557e-11
 2.56387e-27 2.58958e-27 3.34647e-26 6.51943e-20 1.59816e-14 4.73563e-10 1.69622e-06 0.0007344 0.0384358 0.243156 0.186403 0.0461366 0.220204 0.202624 0.0320014 0.0219697 0.0065496 0.00138636 0.000333038 5.46628e-05 7.96866e-06 9.21741e-07 7.02658e-08 2.86104e-09 5.53358e-11
 2.56496e-27 2.59258e-27 3.61286e-26 7.08139e-20 1.73592e-14 5.14384e-10 1.84244e-06 0.000797704 0.041749 0.264116 0.202393 0.0452588 0.202289 0.1861 0.0292072 0.0197726 0.00612644 0.00169361 0.000420047 6.55311e-05 8.34681e-06 7.9327e-07 5.35481e-08 2.08833e-09 3.55943e-11
 2.56623e-27 2.59597e-27 3.90881e-26 7.70572e-20 1.88896e-14 5.59734e-10 2.00487e-06 0.000868033 0.0454297 0.287401 0.220165 0.0447067 0.185602 0.170623 0.0250556 0.0141957 0.00436934 0.0011926 0.000317791 6.2159e-05 7.9984e-06 6.79935e-07 3.73587e-08 1.25885e-09 2.00165e-11
 2.56592e-27 2.59511e-27 3.83064e-26 7.5408e-20 1.84854e-14 5.47755e-10 1.96196e-06 0.000849456 0.0444575 0.28125 0.215475 0.0451554 0.192311 0.17677 0.0253288 0.0132633 0.00396041 0.000893106 0.000230164 4.55227e-05 6.85124e-06 6.59124e-07 3.32481e-08 9.16833e-10 1.24242e-11
 2.5667e-27 2.59723e-27 4.01767e-26 7.93537e-20 1.94526e-14 5.76415e-10 2.06462e-06 0.000893903 0.0467836 0.295966 0.226704 0.0446027 0.180216 0.165608 0.0233483 0.0115541 0.00340982 0.000707915 0.000170399 2.85661e-05 4.19543e-06 4.45568e-07 2.6116e-08 6.87838e-10 7.72403e-12
 2.56763e-27 2.59973e-27 4.23797e-26 8.4001e-20 2.05918e-14 6.10173e-10 2.18554e-06 0.000946253 0.0495235 0.313299 0.23993 0.0440338 0.166594 0.153016 0.0207254 0.00874146 0.00255036 0.000499995 0.000116673 1.79082e-05 2.30443e-06 2.21871e-07 1.39065e-08 4.19112e-10 4.62924e-12
 2.56712e-27 2.59832e-27 4.11121e-26 8.13267e-20 1.99363e-14 5.90747e-10 2.11596e-06 0.000916128 0.0479468 0.303325 0.232323 0.0446088 0.176315 0.161942 0.0214999 0.0082583 0.00236314 0.000396921 8.83752e-05 1.28171e-05 1.54432e-06 1.30747e-07 7.25293e-09 2.26614e-10 2.80106e-12
 2.56719e-27 2.59852e-27 4.12949e-26 8.17125e-20 2.00308e-14 5.93549e-10 2.12599e-06 0.000920474 0.0481743 0.304764 0.233419 0.0444623 0.17443 0.160225 0.0216155 0.00895246 0.00254819 0.000392132 8.27102e-05 1.04127e-05 1.17246e-06 9.22653e-08 4.52188e-09 1.24712e-10 1.55958e-12
 2.56793e-27 2.60057e-27 4.31255e-26 8.55742e-20 2.09775e-14 6.216e-10 2.22647e-06 0.000963976 0.050451 0.319167 0.244406 0.0437645 0.1614 0.148236 0.0201131 0.00854578 0.00244995 0.000403917 8.53482e-05 9.85236e-06 1.0001e-06 6.95351e-08 3.13152e-09 7.64334e-11 8.4739e-13
 2.56792e-27 2.60051e-27 4.30475e-26 8.54097e-20 2.09372e-14 6.20406e-10 2.22219e-06 0.000962123 0.050354 0.318554 0.243942 0.0440423 0.16384 0.150426 0.0193791 0.006322 0.00179875 0.000303851 6.54005e-05 7.99996e-06 7.89828e-07 4.91748e-08 1.93484e-09 4.24092e-11 4.16563e-13
 2.56882e-27 2.60297e-27 4.52437e-26 9.00429e-20 2.20729e-14 6.5406e-10 2.34273e-06 0.00101431 0.0530856 0.335834 0.257124 0.0432105 0.148249 0.136081 0.0176044 0.00588389 0.00164204 0.000218666 4.42502e-05 5.54278e-06 5.67846e-07 3.6115e-08 1.29879e-09 2.47639e-11 2.14908e-13
 2.56871e-27 2.60263e-27 4.49192e-26 8.93581e-20 2.19051e-14 6.49086e-10 2.32492e-06 0.0010066 0.0526818 0.33328 0.255178 0.0435211 0.151979 0.139471 0.0172627 0.0042527 0.00117109 0.000159039 3.10939e-05 3.14544e-06 3.05662e-07 2.00764e-08 7.43991e-10 1.33393e-11 1.01151e-13
 2.56842e-27 2.60184e-27 4.42073e-26 8.78564e-20 2.15369e-14 6.38178e-10 2.28585e-06 0.000989684 0.0517965 0.327679 0.250906 0.0438165 0.157229 0.144297 0.0177812 0.00421901 0.00113984 0.000120434 2.14962e-05 2.18775e-06 1.91825e-07 1.06847e-08 3.95365e-10 7.29732e-12 5.31105e-14
 2.56859e-27 2.60232e-27 4.46482e-26 8.87864e-20 2.17649e-14 6.44933e-10 2.31004e-06 0.00100016 0.0523448 0.331148 0.253551 0.0435889 0.153638 0.141007 0.0176191 0.0046771 0.00126947 0.000130177 2.21456e-05 1.79099e-06 1.43609e-07 7.60873e-09 2.40215e-10 4.18244e-12 3.10413e-14
#obs catch len freq
 5.96757e-42 8.2826e-34 1.38958e-26 2.81804e-20 6.90808e-15 2.04699e-10 7.33199e-07 0.00031745 0.0166141 0.105107 0.0810257 0.0423784 0.227065 0.191745 0.131935 0.127569 0.0521616 0.019461 0.00411484 0.000482095 2.3196e-05 3.33393e-07 1.07691e-09 6.36725e-13 6.02661e-17
 6.80765e-42 9.44856e-34 1.58519e-26 3.21474e-20 7.88055e-15 2.33515e-10 8.36414e-07 0.000362138 0.0189529 0.119903 0.0924347 0.0460779 0.229626 0.184458 0.129471 0.114897 0.0452428 0.0153631 0.00290707 0.000291702 1.1397e-05 1.26383e-07 3.03094e-10 1.29882e-13 8.79125e-18
 1.03533e-41 1.43697e-33 2.41082e-26 4.8891e-20 1.19851e-14 3.55139e-10 1.27205e-06 0.000550754 0.0288243 0.182352 0.14019 0.0481038 0.201529 0.153822 0.109939 0.0891589 0.033437 0.0102344 0.00170894 0.000144259 4.51993e-06 3.83984e-08 6.82042e-11 2.11795e-14 1.02515e-18
 8.86492e-42 1.23039e-33 2.06424e-26 4.18623e-20 1.02621e-14 3.04084e-10 1.08918e-06 0.000471577 0.0246804 0.156138 0.120511 0.0601511 0.262327 0.182978 0.095181 0.0668352 0.0234029 0.0063415 0.00091545 6.38418e-05 1.57747e-06 1.01629e-08 1.331e-11 2.9916e-15 1.03598e-19
 1.21435e-41 1.68543e-33 2.82766e-26 5.73444e-20 1.40573e-14 4.16544e-10 1.49199e-06 0.000645981 0.0338081 0.213882 0.164504 0.0540945 0.194144 0.136163 0.110282 0.0703528 0.0177521 0.00386968 0.00047257 2.66917e-05 5.11422e-07 2.46751e-09 2.365e-12 3.83445e-16 9.49059e-21
 1.28066e-41 1.77748e-33 2.98208e-26 6.04761e-20 1.4825e-14 4.39292e-10 1.57347e-06 0.000681259 0.0356544 0.225563 0.173737 0.0636208 0.220338 0.137858 0.0773832 0.0467286 0.0153494 0.00283164 0.00024247 1.04885e-05 1.52913e-07 5.45231e-10 3.78876e-13 4.40416e-17 7.76419e-22
 1.16772e-41 1.62072e-33 2.71909e-26 5.51427e-20 1.35176e-14 4.00551e-10 1.43471e-06 0.000621179 0.03251 0.205673 0.158832 0.0695092 0.235433 0.143134 0.0935871 0.0475696 0.0109997 0.00196364 0.000160955 4.88364e-06 4.96955e-08 1.27724e-10 6.36309e-14 5.26242e-18 6.57115e-23
 1.45048e-41 2.01317e-33 3.37751e-26 6.84952e-20 1.67908e-14 4.97542e-10 1.78212e-06 0.000771594 0.0403822 0.255474 0.196787 0.0646307 0.18464 0.112507 0.0900783 0.0432722 0.0100095 0.00135588 8.64763e-05 2.27178e-06 1.66389e-08 2.86435e-11 9.83834e-15 5.70421e-19 5.00676e-24
 1.67403e-41 2.32345e-33 3.89807e-26 7.90521e-20 1.93787e-14 5.74225e-10 2.05678e-06 0.000890516 0.0466061 0.294849 0.227066 0.0688225 0.175198 0.0947513 0.0581967 0.0262004 0.00655177 0.000822568 4.18497e-05 7.99292e-07 4.5208e-09 5.65263e-12 1.30685e-15 5.07493e-20 3.04432e-25
 1.64351e-41 2.28109e-33 3.827e-26 7.76108e-20 1.90254e-14 5.63757e-10 2.01928e-06 0.00087428 0.0457564 0.289476 0.223407 0.0770298 0.189956 0.0958198 0.053703 0.0197781 0.00374548 0.000431907 2.04023e-05 3.06817e-07 1.23199e-09 1.1061e-12 1.8418e-16 4.96147e-21 2.00572e-26
 1.55765e-41 2.16192e-33 3.62707e-26 7.35562e-20 1.80314e-14 5.34305e-10 1.91379e-06 0.000828606 0.043366 0.274357 0.212348 0.0840895 0.199734 0.100103 0.0619815 0.0199092 0.00301796 0.000253633 9.2715e-06 1.18069e-07 3.69757e-10 2.35776e-13 2.72312e-17 5.14742e-22 1.46374e-27
 1.51954e-41 2.10903e-33 3.53833e-26 7.17566e-20 1.75903e-14 5.21233e-10 1.86697e-06 0.000808334 0.042305 0.267649 0.207689 0.0891174 0.199107 0.101232 0.0682465 0.0205855 0.00304878 0.000204753 5.23306e-06 4.70993e-08 1.12794e-10 5.49824e-14 4.60069e-18 6.05545e-23 1.18672e-28
 1.92897e-41 2.67728e-33 4.49169e-26 9.10906e-20 2.23298e-14 6.61672e-10 2.37e-06 0.00102613 0.0537035 0.339757 0.262268 0.0761945 0.135879 0.068979 0.0468178 0.0133109 0.0019417 0.000117339 2.44356e-06 1.52903e-08 2.44832e-11 8.40198e-15 5.14971e-19 4.95611e-24 6.94249e-30
 1.62374e-41 2.25365e-33 3.78096e-26 7.66771e-20 1.87965e-14 5.56975e-10 1.99499e-06 0.000863763 0.0452059 0.286013 0.223206 0.107327 0.205718 0.0826956 0.037782 0.00976053 0.0013494 7.43184e-05 1.36518e-06 6.82713e-09 7.78079e-12 1.77388e-15 7.25844e-20 4.83055e-25 4.80919e-31
 1.33711e-41 1.85582e-33 3.11352e-26 6.31416e-20 1.54784e-14 4.58654e-10 1.64282e-06 0.000711286 0.0372259 0.235541 0.185967 0.119999 0.225492 0.112497 0.0680336 0.013241 0.00123254 5.71813e-05 9.15146e-07 3.83734e-09 3.4532e-12 5.76911e-16 1.6237e-20 7.20177e-26 4.78073e-32
 1.22046e-41 1.69392e-33 2.8419e-26 5.76331e-20 1.41281e-14 4.18641e-10 1.4995e-06 0.000649234 0.0339783 0.215008 0.171195 0.124192 0.220213 0.128957 0.0850963 0.0187304 0.0019154 6.25465e-05 6.96054e-07 2.30802e-09 1.6622e-12 2.15857e-16 4.54513e-21 1.44916e-26 6.6826e-33
 1.63835e-41 2.27392e-33 3.81498e-26 7.7367e-20 1.89656e-14 5.61985e-10 2.01294e-06 0.000871534 0.0456127 0.288606 0.226464 0.104641 0.157193 0.097575 0.0626531 0.014709 0.00161707 5.4863e-05 5.12883e-07 1.15398e-09 5.842e-13 5.68644e-17 9.0816e-22 2.17091e-27 7.3738e-34
 1.48701e-41 2.06388e-33 3.46258e-26 7.02205e-20 1.72137e-14 5.10074e-10 1.827e-06 0.000791029 0.0413994 0.261989 0.209565 0.140645 0.202686 0.0887929 0.0432152 0.00982421 0.00105447 3.62979e-05 3.33838e-07 6.57547e-10 2.45757e-13 1.62322e-17 1.79236e-22 3.07844e-28 7.66063e-35
 1.54402e-41 2.14299e-33 3.59532e-26 7.29123e-20 1.78736e-14 5.29627e-10 1.89704e-06 0.000821352 0.0429864 0.272041 0.21757 0.133866 0.178922 0.0990819 0.0468509 0.00724985 0.000589827 1.8435e-05 1.57812e-07 2.85527e-10 9.2714e-14 4.86895e-18 3.90176e-23 4.60876e-29 7.82427e-36
 1.52662e-41 2.11885e-33 3.55481e-26 7.20907e-20 1.76722e-14 5.2366e-10 1.87566e-06 0.000812097 0.0425021 0.269013 0.217526 0.147542 0.182598 0.0924289 0.0403718 0.00673982 0.000455262 9.71792e-06 6.47535e-08 9.95193e-11 2.76481e-14 1.22007e-18 7.94351e-24 7.28965e-30 9.16515e-37
 1.64601e-41 2.28455e-33 3.83281e-26 7.77285e-20 1.90542e-14 5.64612e-10 2.02235e-06 0.000875607 0.045826 0.290063 0.23428 0.14339 0.162248 0.0850587 0.0332289 0.00473367 0.000289578 5.38631e-06 2.57134e-08 2.77123e-11 5.85528e-15 2.05398e-19 1.07153e-24 7.82854e-31 7.73316e-38
 1.59653e-41 2.21588e-33 3.7176e-26 7.53922e-20 1.84815e-14 5.47641e-10 1.96156e-06 0.000849288 0.0444487 0.281414 0.231132 0.161908 0.170134 0.0792414 0.0271539 0.00353353 0.000180595 2.76054e-06 1.08201e-08 8.75246e-12 1.28318e-15 3.14393e-20 1.19508e-25 6.56978e-32 4.95488e-39
 1.64297e-41 2.28033e-33 3.82572e-26 7.75849e-20 1.9019e-14 5.63568e-10 2.01861e-06 0.000873988 0.0457416 0.289639 0.238857 0.160713 0.158581 0.0788161 0.0240673 0.0025972 0.000110378 1.37789e-06 4.22701e-09 2.6496e-12 2.9416e-16 5.20273e-21 1.37519e-26 5.22223e-33 2.76329e-40
 1.6504e-41 2.29065e-33 3.84304e-26 7.7936e-20 1.91051e-14 5.66119e-10 2.02775e-06 0.000877944 0.0459488 0.291032 0.243083 0.170455 0.155489 0.0714317 0.0196613 0.00195058 6.77291e-05 6.54229e-07 1.54547e-09 7.34009e-13 6.08498e-17 7.98944e-22 1.55196e-27 4.2501e-34 1.58801e-41
 1.68808e-41 2.34294e-33 3.93076e-26 7.97152e-20 1.95412e-14 5.79042e-10 2.07403e-06 0.000897986 0.046998 0.297753 0.250633 0.172685 0.147385 0.0663102 0.0159481 0.00134772 3.95262e-05 3.09163e-07 5.51946e-10 1.93166e-13 1.17629e-17 1.1296e-22 1.5972e-28 3.176e-35 8.59946e-43
 1.68088e-41 2.33295e-33 3.91401e-26 7.93753e-20 1.94579e-14 5.76574e-10 2.06519e-06 0.000894158 0.0467981 0.296619 0.253738 0.181933 0.145 0.0610232 0.0130098 0.000959859 2.2941e-05 1.42297e-07 1.97597e-10 5.18963e-14 2.29825e-18 1.58541e-23 1.60838e-29 2.29623e-36 4.4625e-44
 1.46987e-41 2.04008e-33 3.42266e-26 6.94108e-20 1.70152e-14 5.04192e-10 1.80594e-06 0.000781908 0.0409243 0.259738 0.234855 0.214799 0.167172 0.0681735 0.0127386 0.000800186 1.5718e-05 7.71316e-08 8.16664e-11 1.60828e-14 5.27552e-19 2.65307e-24 1.93307e-30 1.96426e-37 2.70843e-45
 1.49733e-41 2.0782e-33 3.4866e-26 7.07076e-20 1.73331e-14 5.13613e-10 1.83968e-06 0.000796518 0.0416887 0.264488 0.234844 0.197333 0.167196 0.0784424 0.0143621 0.000832439 1.43295e-05 5.9873e-08 5.2996e-11 8.57839e-15 2.28612e-19 9.29835e-25 5.46737e-31 4.46839e-38 4.93155e-46
#spawning biomass
 14251.6 18363.2 20001.4 21834.1 26619.4 30392.3 35150.5 42304 58463.6 80028.6 98675.3 115678 163272 198768 189129 153244 140399 139258 130799 133029 138598 142553 157306 161104 176545 177891 168014 157007 140467 134095 67103.9 35969.8 24211.6 20271.8 19049.1 18689 18586.7 18558.4 18550.8 18548.7 18548.2 18548 18548 18548 18548 18548 18548 18548 18548 18548 18548 18548 18548 18548 18548 18548 18548 18548 18548 18548 18548 18548 18548 18548 18548 18548 18548 18548 18548 18548 18548 18548 18548 18548 18548 18548 18548 18548 18548 18548 18548 18548 18548 18548 18548 18548 18548 18548 18548 18548 18548 18548 18548 18548 18548 18548 18548 18548 18548 18548 18548 18548 18548 18548 18548 18548 18548 18548 18548 18548 18548 18548 18548 18548 18548 18548 18548 18548 18548 18548 18548 18548 18548 18548 18548 18548 18548 18548 0 0 0 0 0 0 0 0 0 0 0 0 0 0 0 0 0 0 0 0 0 0 0 0 0
