SBPRF35
0.266528
Curr Bio
92310.4
B35
187628
F35
0.465346
FOFL
0.250308
OFL
24052.8
Bzero
76150.8
#pred survey bio
 32396.7 39377 39082.7 42672.1 47664 54768.7 61966.2 65325.4 70663.8 76321.3 76861.3 82735.8 96315.3 102508 113514 116659 118149 132899 137468 150360 139325 136004 154078 144756 146621 177116 159121 160605 6.08263e+06 3.83138e+06 2.86357e+06 1.99351e+06 1.43883e+06 1.12609e+06 959155 871611 825376 800354 786327 778148 773194 770093 768098 766787 765920 765341 764952 764688 764509 764388 764305 764248 764210 764184 764166 764153 764145 764139 764135 764133 764131 764130 764129 764128 764128 764128 764127 764127 764127 764127 764127 764127 764127 764127 764127 764127 764127 764127 764127 764127 764127 764127 764127 764127 764127 764127 764127 764127 764127 764127 764127 764127 764127 764127 764127 764127 764127 764127 764127 764127 764127 764127 764127 764127 764127 764127 764127 764127 764127 764127 764127 764127 764127 764127 764127 764127 764127 764127 764127 764127 764127 764127 764127 764127 764127 764127 764127 764127 0 0 0 0 0 0 0 0 0 0 0 0 0 0 0 0 0 0 0 0 0 0 0 0 0
#obs survey bio
 26843.2 48868.7 33019.7 40522 47075.6 38909.5 83981.3 63359.8 71627.8 107281 68809.5 87729 90791.7 93196.5 98922.7 180983 128040 118438 184395 130301 128882 132388 233214 157161 149115 189595 118490 183920
#pred catch bio
 15559.4 23851.7 22640.1 24931.5 27117 31508.5 37376.1 39543.7 42000.3 45855.5 45483.1 45449 56017 58281.3 68665.9 70314.2 66986.8 80098 77199.2 91111.9 81865.5 73895.6 92374.6 81985.4 71856.4 108698 92294.6 84552.3 24052.8 52476 38819.7 25534.8 17403.3 13085.4 10959 9958.99 9502.51 9298.19 9207.94 9168.44 9151.25 9143.81 9140.59 9139.2 9138.61 9138.35 9138.24 9138.19 9138.17 9138.16 9138.16 9138.16 9138.16 9138.16 9138.16 9138.16 9138.16 9138.16 9138.16 9138.16 9138.16 9138.16 9138.16 9138.16 9138.16 9138.16 9138.16 9138.16 9138.16 9138.16 9138.16 9138.16 9138.16 9138.16 9138.16 9138.16 9138.16 9138.16 9138.16 9138.16 9138.16 9138.16 9138.16 9138.16 9138.16 9138.16 9138.16 9138.16 9138.16 9138.16 9138.16 9138.16 9138.16 9138.16 9138.16 9138.16 9138.16 9138.16 9138.16 9138.16 9138.16 9138.16 9138.16 9138.16 9138.16 9138.16 9138.16 9138.16 9138.16 9138.16 9138.16 9138.16 9138.16 9138.16 9138.16 9138.16 9138.16 9138.16 9138.16 9138.16 9138.16 9138.16 9138.16 9138.16 9138.16 9138.16 9138.16 9138.16 0 0 0 0 0 0 0 0 0 0 0 0 0 0 0 0 0 0 0 0 0 0 0 0 0
#obs catch bio
 21792 24512.5 22757.2 24593.5 27626.1 32136 37550.5 41771.7 41815.6 42497.4 44159.1 42310.8 52850 57454.6 73451.4 71627.5 64363.6 86551.8 74335.9 92921.9 82913.2 72938.7 87832.3 79116.5 71826.5 112534 93917.1 84562.5
#pred cpue bio
 24761.3 27850.5 27268.4 29688.9 32807.5 37942.5 42847.8 45078.9 48299.2 52813.3 53925.3 57127.2 67498.8 71699.9 79326.2 80833.4 82569.8 92550 95328.8 106335 99474.7 96909 108730 103588 105169 127443 113416 114012 4.42549e+06 3.54627e+06 2.74924e+06 1.88923e+06 1.335e+06 1.02227e+06 855339 767795 721560 696538 682511 674332 669378 666277 664282 662971 662104 661525 661136 660872 660693 660572 660489 660433 660394 660368 660350 660337 660329 660323 660319 660317 660315 660314 660313 660312 660312 660312 660311 660311 660311 660311 660311 660311 660311 660311 660311 660311 660311 660311 660311 660311 660311 660311 660311 660311 660311 660311 660311 660311 660311 660311 660311 660311 660311 660311 660311 660311 660311 660311 660311 660311 660311 660311 660311 660311 660311 660311 660311 660311 660311 660311 660311 660311 660311 660311 660311 660311 660311 660311 660311 660311 660311 660311 660311 660311 660311 660311 660311 660311 0 0 0 0 0 0 0 0 0 0 0 0 0 0 0 0 0 0 0 0 0 0 0 0 0
#obs cpue bio
 27970.7 24900.8 29516.9 35021.3 28243.7 48568.4 33984.2 33008.2 56010.8 57697.7 61594.3 77059.2 88646.2 72852.3 61577.5 56391.9 92232.7 63715.4 101284 104768 99789.1 108525 102492 102663 82249.2 123248 130794 106165
#pred surv len freq
 4.00858e-11 1.88545e-09 6.14077e-08 1.3849e-06 2.16272e-05 0.000233867 0.00175118 0.00908024 0.0326086 0.0811491 0.140255 0.169842 0.148934 0.10522 0.0742561 0.0588604 0.0465272 0.0343693 0.0251257 0.0190456 0.0151298 0.0126882 0.0108214 0.00851385 0.00556553
 4.20806e-11 1.97927e-09 6.44636e-08 1.45381e-06 2.27034e-05 0.000245505 0.00183833 0.00953222 0.0342329 0.0852033 0.147344 0.178807 0.158005 0.114093 0.0831212 0.065789 0.0483673 0.0302367 0.0171385 0.00984939 0.00605931 0.00403533 0.00286249 0.00199633 0.00121969
 4.17056e-11 1.96163e-09 6.38891e-08 1.44086e-06 2.25011e-05 0.000243318 0.00182195 0.00944737 0.0339293 0.0844584 0.146129 0.177679 0.158121 0.116523 0.0877421 0.070854 0.0517402 0.0310646 0.0159705 0.00764208 0.00354294 0.00163277 0.000796776 0.00042011 0.000217627
 4.1939e-11 1.97261e-09 6.42466e-08 1.44892e-06 2.2627e-05 0.000244679 0.00183214 0.0095002 0.0341186 0.0849262 0.146915 0.178522 0.158514 0.116078 0.0865874 0.0696842 0.051288 0.0314317 0.0166269 0.00804408 0.00354805 0.00139091 0.000494533 0.0001704 5.99289e-05
 4.26459e-11 2.00586e-09 6.53295e-08 1.47334e-06 2.30084e-05 0.000248803 0.00186302 0.00966027 0.034693 0.08635 0.149338 0.181279 0.160358 0.11614 0.0850036 0.0673617 0.0491558 0.0299117 0.0157179 0.00759609 0.00337076 0.00131879 0.00044551 0.000130186 3.34498e-05
 4.21472e-11 1.9824e-09 6.45655e-08 1.45611e-06 2.27393e-05 0.000245894 0.00184124 0.00954735 0.0342879 0.0853466 0.147635 0.179368 0.159165 0.116335 0.0864627 0.0692784 0.0506857 0.0307485 0.0160428 0.00768414 0.00338407 0.00131733 0.000442566 0.000126839 3.05439e-05
 4.23222e-11 1.99063e-09 6.48336e-08 1.46216e-06 2.28337e-05 0.000246914 0.00184888 0.00958698 0.03443 0.0856983 0.14823 0.180025 0.159542 0.116174 0.0858201 0.0685056 0.0501551 0.030567 0.0160669 0.00774469 0.0034145 0.00132341 0.000441283 0.000125337 2.97959e-05
 4.23466e-11 1.99178e-09 6.48711e-08 1.463e-06 2.28469e-05 0.000247057 0.00184995 0.00959252 0.03445 0.0857491 0.148325 0.180171 0.159768 0.116533 0.0862803 0.0688517 0.0501346 0.0301668 0.0155369 0.00733616 0.00319536 0.00123378 0.000411073 0.000116511 2.75564e-05
 4.29887e-11 2.02198e-09 6.58547e-08 1.48519e-06 2.31933e-05 0.000250803 0.001878 0.00973792 0.0349716 0.0870418 0.150522 0.182658 0.161386 0.116467 0.0846767 0.0666372 0.0482561 0.0289773 0.014884 0.00698189 0.00300467 0.00114129 0.000373849 0.000104569 2.45342e-05
 4.20849e-11 1.97947e-09 6.44701e-08 1.45396e-06 2.27057e-05 0.00024553 0.00183852 0.00953326 0.0342375 0.085223 0.147434 0.179182 0.15919 0.116743 0.0872069 0.0700059 0.0509924 0.030545 0.0155771 0.00724524 0.00309671 0.00116915 0.000379886 0.000105036 2.43052e-05
 4.11756e-11 1.9367e-09 6.30772e-08 1.42255e-06 2.22151e-05 0.000240225 0.0017988 0.00932736 0.0334987 0.0833914 0.144315 0.175625 0.156785 0.116589 0.089131 0.0728839 0.0536891 0.0325506 0.0168785 0.00797834 0.00343738 0.00129656 0.000418713 0.000114848 2.63458e-05
 4.24894e-11 1.9985e-09 6.50899e-08 1.46794e-06 2.2924e-05 0.00024789 0.00185619 0.00962485 0.0345658 0.0860341 0.148796 0.180642 0.159863 0.115937 0.0850857 0.0676675 0.0496361 0.0304772 0.0162115 0.00789944 0.00349412 0.00134548 0.000441366 0.000122194 2.80959e-05
 4.14093e-11 1.9477e-09 6.34352e-08 1.43062e-06 2.23412e-05 0.000241589 0.001809 0.00938026 0.0336884 0.0838601 0.145103 0.176475 0.157192 0.116161 0.0879465 0.0715275 0.0528118 0.0323649 0.0171473 0.00836745 0.00374821 0.00147769 0.000499161 0.000142167 3.34372e-05
 4.15869e-11 1.95605e-09 6.37073e-08 1.43676e-06 2.2437e-05 0.000242625 0.00181676 0.00942048 0.0338326 0.0842171 0.145707 0.177146 0.157585 0.116022 0.0873294 0.0707729 0.0522775 0.0321546 0.0171306 0.00839401 0.00376241 0.00148292 0.000503021 0.000145025 3.47848e-05
 4.16797e-11 1.96041e-09 6.38494e-08 1.43996e-06 2.24871e-05 0.000243166 0.00182082 0.00944149 0.033908 0.0844036 0.146023 0.177495 0.157786 0.11594 0.0869903 0.0703536 0.0519693 0.0320249 0.0171269 0.0084375 0.00380464 0.00150837 0.000514229 0.000148878 3.58879e-05
 4.21429e-11 1.9822e-09 6.45589e-08 1.45596e-06 2.2737e-05 0.000245868 0.00184105 0.00954638 0.0342844 0.0853379 0.147621 0.17935 0.159152 0.116328 0.0864586 0.0692684 0.0506655 0.0307283 0.0160423 0.00771048 0.00342261 0.00134868 0.000459691 0.00013345 3.22959e-05
 4.14604e-11 1.9501e-09 6.35134e-08 1.43239e-06 2.23688e-05 0.000241887 0.00181124 0.00939184 0.0337301 0.0839648 0.145291 0.176733 0.157518 0.116591 0.0884549 0.0719037 0.0527913 0.0319145 0.0165094 0.00781846 0.00340512 0.00131306 0.000438258 0.000125239 3.00543e-05
 4.19387e-11 1.9726e-09 6.42462e-08 1.44891e-06 2.26268e-05 0.000244677 0.00183213 0.00950014 0.0341184 0.0849248 0.146907 0.178488 0.158406 0.115843 0.0862487 0.0694038 0.0512565 0.0316765 0.0169902 0.00834582 0.00371251 0.00143699 0.00047562 0.000133845 3.15529e-05
 4.20601e-11 1.97831e-09 6.44322e-08 1.45311e-06 2.26923e-05 0.000245386 0.00183743 0.00952764 0.0342172 0.0851717 0.14734 0.179041 0.158981 0.116418 0.0867837 0.0696518 0.0509204 0.0308046 0.0160177 0.00767146 0.00339904 0.00133606 0.00045201 0.000129265 3.0617e-05
 4.07403e-11 1.91623e-09 6.24103e-08 1.40751e-06 2.19803e-05 0.000237686 0.00177978 0.00922877 0.0331449 0.0825131 0.142812 0.173876 0.155484 0.116184 0.0895656 0.0738322 0.0548623 0.0337549 0.0179262 0.00872292 0.00386735 0.00150342 0.000503101 0.000143659 3.43186e-05
 4.00333e-11 1.88297e-09 6.13272e-08 1.38308e-06 2.15988e-05 0.000233561 0.0017489 0.00906867 0.0325706 0.0810895 0.140391 0.171131 0.153678 0.116204 0.0912551 0.0762061 0.0569203 0.0351151 0.0187224 0.00917714 0.00411191 0.00161648 0.000544936 0.000155693 3.70342e-05
 4.03808e-11 1.89932e-09 6.18596e-08 1.39509e-06 2.17863e-05 0.000235588 0.00176408 0.00914735 0.0328526 0.0817866 0.141563 0.172396 0.154291 0.115588 0.0895436 0.0742876 0.0557625 0.0349746 0.0191519 0.00965042 0.00441077 0.00175748 0.00059933 0.000173121 4.15531e-05
 4.12567e-11 1.94052e-09 6.32014e-08 1.42535e-06 2.22589e-05 0.000240698 0.00180234 0.00934568 0.033564 0.0835484 0.14455 0.175738 0.156334 0.115131 0.0868056 0.0707467 0.0529833 0.033531 0.0187022 0.0096587 0.00453779 0.00186208 0.000653585 0.000193445 4.72912e-05
 3.9834e-11 1.8736e-09 6.1022e-08 1.3762e-06 2.14913e-05 0.000232398 0.00174019 0.00902355 0.0324088 0.080689 0.139714 0.170381 0.153247 0.116377 0.0919559 0.0770125 0.0574007 0.035192 0.0186429 0.00917277 0.00420849 0.00172876 0.000616822 0.000186949 4.68933e-05
 3.99876e-11 1.88082e-09 6.12572e-08 1.3815e-06 2.15742e-05 0.000233294 0.0017469 0.00905829 0.032533 0.0809932 0.140206 0.170817 0.15312 0.115234 0.0899608 0.0751861 0.0568776 0.0361064 0.0200967 0.0102713 0.00473318 0.00190005 0.000658351 0.000196001 4.91206e-05
 4.00622e-11 1.88433e-09 6.13715e-08 1.38408e-06 2.16144e-05 0.000233729 0.00175016 0.00907515 0.0325932 0.0811396 0.140435 0.170983 0.152907 0.114335 0.0884559 0.073737 0.0562764 0.0365668 0.0211698 0.0113615 0.005505 0.00231379 0.000828167 0.000249326 6.20684e-05
 4.02904e-11 1.89507e-09 6.17211e-08 1.39196e-06 2.17375e-05 0.000235061 0.00176013 0.00912688 0.0327793 0.0816062 0.141265 0.172097 0.154229 0.115954 0.0902532 0.0749092 0.0558491 0.0345325 0.0186247 0.00941303 0.00446232 0.00190072 0.000703195 0.000220004 5.66199e-05
 4.06715e-11 1.91299e-09 6.23049e-08 1.40513e-06 2.19431e-05 0.000237284 0.00177677 0.00921316 0.0330887 0.0823718 0.142559 0.173525 0.155036 0.115583 0.0888471 0.0732887 0.0548604 0.0343404 0.0187716 0.00946538 0.0043604 0.00177559 0.00063159 0.000194403 5.04456e-05
#obs surv len freq
 4.02865e-11 1.89488e-09 6.17151e-08 1.39183e-06 2.17354e-05 0.000235038 0.00175996 0.00912599 0.0327762 0.0815977 0.141247 0.172063 0.154159 0.115827 0.0900997 0.0748476 0.0559947 0.034838 0.0188872 0.00948465 0.00437953 0.00178655 0.000629986 0.000189831 4.80742e-05
 4.19392e-11 1.97262e-09 6.42469e-08 1.44893e-06 2.26271e-05 0.00024468 0.00183215 0.00950023 0.0341188 0.0849247 0.146901 0.178456 0.158298 0.115597 0.0858748 0.0690378 0.0510762 0.0317532 0.0172579 0.00868037 0.0040042 0.00162976 0.000573412 0.000172076 4.31266e-05
 4.20406e-11 1.97739e-09 6.44022e-08 1.45243e-06 2.26818e-05 0.000245272 0.00183658 0.00952321 0.0342015 0.0851323 0.147272 0.178964 0.158927 0.116409 0.0868097 0.0696817 0.0509276 0.0307945 0.0160216 0.00770954 0.00345914 0.00139156 0.00048752 0.000145917 3.64525e-05
 4.22471e-11 1.9871e-09 6.47186e-08 1.45957e-06 2.27932e-05 0.000246477 0.0018456 0.00956998 0.0343692 0.0855475 0.147975 0.179743 0.15938 0.116243 0.0860961 0.068838 0.0503831 0.0306425 0.0160498 0.00771112 0.0033992 0.0013253 0.000448551 0.00013065 3.2109e-05
 4.25897e-11 2.00321e-09 6.52434e-08 1.4714e-06 2.29781e-05 0.000248475 0.00186057 0.00964756 0.0346476 0.0862386 0.149157 0.181115 0.160389 0.116526 0.0856967 0.0680243 0.0494046 0.0296749 0.0152545 0.00719328 0.00313435 0.00121314 0.000406 0.000115918 2.77423e-05
 4.16149e-11 1.95737e-09 6.37501e-08 1.43773e-06 2.24522e-05 0.000242788 0.00181799 0.00942683 0.0338557 0.0842757 0.145818 0.177325 0.157887 0.11653 0.0880046 0.0713193 0.0523372 0.0316786 0.0164202 0.00778342 0.00338193 0.00129554 0.000427756 0.000120516 2.84652e-05
 4.18456e-11 1.96822e-09 6.41035e-08 1.4457e-06 2.25766e-05 0.000244134 0.00182806 0.00947907 0.0340431 0.0847394 0.146602 0.178194 0.158389 0.116331 0.0871713 0.0702975 0.0516035 0.0313874 0.0164196 0.00787047 0.00345252 0.00133077 0.000440115 0.000123519 2.89185e-05
 4.16334e-11 1.95823e-09 6.37784e-08 1.43836e-06 2.24621e-05 0.000242896 0.00181879 0.00943102 0.0338709 0.0843141 0.145889 0.177435 0.158057 0.116798 0.0883454 0.0715665 0.0523 0.0313558 0.0160153 0.00749059 0.00324068 0.00124656 0.000414089 0.000116869 2.74563e-05
 4.42066e-11 2.07926e-09 6.77203e-08 1.52726e-06 2.38504e-05 0.000257908 0.00193119 0.0100137 0.035961 0.0894925 0.154682 0.187342 0.164348 0.116103 0.0812805 0.062112 0.0445784 0.0268673 0.0139461 0.00661803 0.00286825 0.00109157 0.000357166 9.96548e-05 2.33054e-05
 4.0642e-11 1.9116e-09 6.22597e-08 1.40411e-06 2.19273e-05 0.000237112 0.00177549 0.00920655 0.0330659 0.0823215 0.142518 0.173698 0.155891 0.117637 0.0918948 0.0759098 0.0553996 0.0325739 0.0160348 0.00717878 0.0030034 0.00113227 0.000371051 0.000103498 2.40596e-05
 4.33852e-11 2.04063e-09 6.6462e-08 1.49889e-06 2.34073e-05 0.000253116 0.00189531 0.00982769 0.0352938 0.0878391 0.151873 0.184168 0.162304 0.116248 0.0834358 0.0650817 0.0471183 0.0284706 0.0147524 0.00693424 0.0029426 0.001084 0.000341218 9.18452e-05 2.09035e-05
 4.28752e-11 2.01664e-09 6.56807e-08 1.48127e-06 2.31321e-05 0.000250141 0.00187304 0.00971221 0.0348797 0.0868148 0.150145 0.182273 0.161277 0.116867 0.0855185 0.0674868 0.0486363 0.0288023 0.0144616 0.00663179 0.0028196 0.00106602 0.000345895 9.44744e-05 2.13357e-05
 4.22731e-11 1.98832e-09 6.47584e-08 1.46047e-06 2.28073e-05 0.000246628 0.00184674 0.00957587 0.0343905 0.0856019 0.148078 0.179911 0.159664 0.116724 0.0867396 0.0693671 0.0504614 0.0302172 0.0153926 0.00712935 0.00302056 0.00112636 0.000361154 9.86546e-05 2.25453e-05
 4.17847e-11 1.96535e-09 6.40101e-08 1.44359e-06 2.25437e-05 0.000243779 0.0018254 0.00946526 0.0339935 0.0846166 0.146393 0.177956 0.158229 0.116323 0.0873085 0.0705103 0.0518179 0.0315574 0.0165215 0.00790261 0.00343998 0.00130685 0.000423294 0.000115824 2.63714e-05
 4.04191e-11 1.90112e-09 6.19182e-08 1.39641e-06 2.1807e-05 0.000235812 0.00176575 0.00915604 0.0328843 0.0818677 0.141722 0.172676 0.154815 0.116527 0.0908153 0.075311 0.0558507 0.034054 0.0178294 0.00856676 0.00377777 0.00146619 0.000487332 0.000136606 3.16608e-05
 4.19155e-11 1.9715e-09 6.42106e-08 1.44811e-06 2.26143e-05 0.000244542 0.00183112 0.00949488 0.0340997 0.0848785 0.14683 0.178413 0.158397 0.115952 0.0864563 0.0695957 0.0513098 0.0315816 0.0168503 0.008257 0.00368823 0.00144255 0.00048369 0.000137468 3.24613e-05
 4.11332e-11 1.93471e-09 6.30121e-08 1.42108e-06 2.21922e-05 0.000239978 0.00179694 0.00931773 0.0334643 0.0833053 0.144166 0.175442 0.156617 0.116456 0.0890225 0.0728043 0.0536704 0.0326273 0.0170568 0.00821638 0.00365887 0.00144554 0.000492376 0.000142077 3.39904e-05
 4.19485e-11 1.97306e-09 6.42611e-08 1.44925e-06 2.26321e-05 0.000244734 0.00183256 0.00950236 0.0341266 0.0849465 0.146954 0.178592 0.158647 0.116316 0.0869058 0.0699271 0.0512794 0.0311732 0.0163041 0.00782364 0.00344661 0.00134147 0.000451256 0.000129672 3.1176e-05
 4.09137e-11 1.92439e-09 6.26759e-08 1.4135e-06 2.20739e-05 0.000238698 0.00178736 0.00926805 0.033286 0.0828633 0.143412 0.174581 0.156029 0.116403 0.08947 0.073501 0.0543593 0.0331708 0.01741 0.00838786 0.0037076 0.0014445 0.000484438 0.000138202 3.29339e-05
 4.14263e-11 1.94849e-09 6.34611e-08 1.43121e-06 2.23504e-05 0.000241688 0.00180974 0.0093841 0.0337024 0.0838946 0.145163 0.17655 0.157265 0.116227 0.0880065 0.0715666 0.0528041 0.032301 0.0170456 0.00826209 0.0036683 0.00143319 0.000481504 0.000137441 3.27045e-05
 3.79489e-11 1.78493e-09 5.81341e-08 1.31107e-06 2.04743e-05 0.000221401 0.00165785 0.00859668 0.0308775 0.0768938 0.133261 0.163074 0.14848 0.116545 0.0966608 0.0836099 0.0631614 0.0389868 0.0207133 0.0101139 0.00452483 0.0017815 0.000602956 0.000173151 4.13688e-05
 4.24381e-11 1.99608e-09 6.50111e-08 1.46617e-06 2.28963e-05 0.000247591 0.00185394 0.00961318 0.0345236 0.0859249 0.148581 0.180257 0.159129 0.114607 0.0832757 0.0661953 0.0494744 0.0317439 0.0180694 0.00944934 0.0044196 0.00178076 0.000610643 0.000177043 4.26402e-05
 4.07148e-11 1.91503e-09 6.23712e-08 1.40663e-06 2.19665e-05 0.000237537 0.00177867 0.00922301 0.0331246 0.0824641 0.142741 0.173854 0.155666 0.116722 0.0903702 0.0744431 0.0547889 0.0330309 0.017106 0.00827321 0.00379453 0.00157639 0.000567687 0.00017182 4.25989e-05
 4.01295e-11 1.8875e-09 6.14745e-08 1.38641e-06 2.16507e-05 0.000234122 0.0017531 0.00909044 0.0326487 0.0812817 0.14071 0.171458 0.153775 0.115876 0.0905619 0.0755132 0.0566232 0.0352711 0.0190583 0.00943184 0.00423445 0.0016691 0.000572589 0.00017018 4.27618e-05
 3.8195e-11 1.79651e-09 5.8511e-08 1.31957e-06 2.0607e-05 0.000222836 0.00166859 0.00865236 0.0310768 0.0773833 0.134063 0.163838 0.148488 0.115167 0.0940742 0.0810646 0.0620795 0.0396738 0.0222858 0.0115571 0.00542311 0.00221061 0.000768406 0.000225656 5.51889e-05
 4.18825e-11 1.96995e-09 6.41599e-08 1.44697e-06 2.25965e-05 0.000244349 0.00182967 0.00948736 0.0340723 0.0848069 0.146683 0.178123 0.157785 0.114785 0.0848175 0.0681819 0.050972 0.0324916 0.0183927 0.009693 0.00466365 0.00196672 0.000710636 0.000216111 5.40703e-05
 3.89289e-11 1.83103e-09 5.96353e-08 1.34493e-06 2.1003e-05 0.000227118 0.00170065 0.00881859 0.0316737 0.0788676 0.136621 0.166899 0.151045 0.116644 0.0944658 0.0803348 0.0600585 0.0366766 0.0193013 0.00947695 0.00438764 0.00183934 0.000674434 0.000210534 5.43469e-05
 4.17869e-11 1.96545e-09 6.40135e-08 1.44367e-06 2.25449e-05 0.000243791 0.00182549 0.00946571 0.0339947 0.0846151 0.14636 0.177773 0.157611 0.114949 0.085308 0.068807 0.0514922 0.032753 0.0183581 0.0094442 0.00436864 0.00176003 0.000614627 0.000185719 4.75401e-05
#pred catch len freq
 3.39346e-11 1.59612e-09 5.19847e-08 1.17238e-06 1.83085e-05 0.000197981 0.00148247 0.00768724 0.0276099 0.0687476 0.119081 0.14543 0.131513 0.101551 0.0830724 0.0735838 0.0609756 0.0460376 0.0341618 0.026132 0.0208433 0.0175046 0.0149355 0.011752 0.00768252
 3.77796e-11 1.77697e-09 5.78749e-08 1.30522e-06 2.03829e-05 0.000220413 0.00165045 0.00855828 0.0307388 0.0765418 0.132605 0.162053 0.146855 0.113843 0.0928209 0.0796171 0.0604493 0.0383066 0.0219451 0.0127279 0.00787206 0.0052537 0.00372919 0.00260122 0.00158932
 3.71536e-11 1.74753e-09 5.69158e-08 1.28359e-06 2.00452e-05 0.000216761 0.00162311 0.0084166 0.0302315 0.0752944 0.130551 0.160047 0.146647 0.116997 0.0991469 0.0866606 0.0652456 0.0396686 0.0205988 0.00995111 0.00464412 0.00214753 0.00104952 0.000553665 0.000286856
 3.74725e-11 1.76253e-09 5.74044e-08 1.29461e-06 2.02172e-05 0.000218621 0.00163704 0.00848881 0.0304903 0.075934 0.131626 0.161204 0.147199 0.11642 0.0976127 0.0850926 0.0646172 0.0401196 0.0214363 0.0104627 0.00464153 0.00182492 0.000649777 0.000224059 7.88277e-05
 3.81654e-11 1.79512e-09 5.84659e-08 1.31855e-06 2.05911e-05 0.000222664 0.00166731 0.00864572 0.0310533 0.0773298 0.134003 0.163914 0.14903 0.116531 0.0961307 0.0828686 0.0625211 0.03857 0.0204803 0.00999005 0.00446019 0.00175034 0.000592125 0.000173149 4.45049e-05
 3.76374e-11 1.77029e-09 5.76571e-08 1.30031e-06 2.03062e-05 0.000219584 0.00164424 0.00852617 0.0306245 0.0762676 0.132201 0.161894 0.147781 0.116768 0.0977198 0.0849365 0.0641503 0.0394315 0.0207835 0.010047 0.00445187 0.00173835 0.000584839 0.00016773 4.04049e-05
 3.81199e-11 1.79298e-09 5.83961e-08 1.31698e-06 2.05665e-05 0.000222398 0.00166532 0.0086354 0.0310163 0.0772381 0.133847 0.163738 0.148918 0.116543 0.0962615 0.083058 0.0627011 0.038696 0.020534 0.00998172 0.0044252 0.00171991 0.000574236 0.000163205 3.88105e-05
 3.81796e-11 1.79579e-09 5.84876e-08 1.31904e-06 2.05987e-05 0.000222747 0.00166793 0.00864895 0.0310651 0.0773604 0.134066 0.164036 0.149282 0.117006 0.0967873 0.0834086 0.0625907 0.0381236 0.0198181 0.00943792 0.0041347 0.00160117 0.000534199 0.000151507 3.5845e-05
 3.88336e-11 1.82655e-09 5.94894e-08 1.34163e-06 2.09516e-05 0.000226562 0.00169649 0.00879703 0.0315963 0.078677 0.136304 0.16657 0.150935 0.11695 0.0951715 0.0811725 0.0606912 0.0369146 0.0191428 0.00905828 0.00392142 0.00149402 0.000490083 0.000137175 3.21958e-05
 3.78294e-11 1.77931e-09 5.79511e-08 1.30694e-06 2.04098e-05 0.000220704 0.00165263 0.00856965 0.0307807 0.0766564 0.132874 0.162711 0.148503 0.117275 0.0980083 0.0849367 0.0637347 0.0386402 0.019889 0.00933139 0.0040123 0.0015195 0.000494426 0.0001368 3.16668e-05
 3.66623e-11 1.72442e-09 5.61632e-08 1.26662e-06 1.97801e-05 0.000213894 0.00160165 0.00830536 0.0298324 0.0743053 0.12887 0.158143 0.145407 0.117056 0.100449 0.0886065 0.0671929 0.0412342 0.0215878 0.010295 0.00446191 0.00168811 0.00054594 0.000149851 3.43884e-05
 3.77851e-11 1.77723e-09 5.78832e-08 1.30541e-06 2.03859e-05 0.000220445 0.00165069 0.00855959 0.0307442 0.0765628 0.132692 0.162398 0.147933 0.116268 0.0966564 0.0838623 0.063673 0.0396631 0.0213312 0.0104942 0.00467058 0.00180404 0.000592649 0.000164198 3.77684e-05
 3.68222e-11 1.73194e-09 5.64083e-08 1.27215e-06 1.98664e-05 0.000214828 0.00160863 0.00834156 0.0299621 0.074625 0.129402 0.15869 0.145573 0.116514 0.099269 0.0873431 0.066481 0.0412679 0.0220869 0.0108758 0.00490056 0.00193762 0.000655401 0.000186786 4.39462e-05
 3.68982e-11 1.73552e-09 5.65246e-08 1.27477e-06 1.99074e-05 0.000215271 0.00161195 0.00835876 0.0300238 0.0747772 0.129657 0.158961 0.145691 0.116344 0.0988477 0.0868953 0.0662483 0.0412965 0.0222335 0.0109958 0.00495815 0.00196001 0.000665771 0.000192077 4.60864e-05
 3.73727e-11 1.75783e-09 5.72515e-08 1.29116e-06 2.01634e-05 0.000218039 0.00163268 0.00846621 0.0304092 0.0757322 0.131279 0.160789 0.146855 0.116224 0.0975522 0.0851456 0.0647952 0.0404286 0.0218296 0.0108446 0.00491636 0.00195429 0.000667064 0.000193243 4.65965e-05
 3.79064e-11 1.78294e-09 5.80691e-08 1.3096e-06 2.04514e-05 0.000221153 0.00165599 0.00858708 0.030843 0.0768092 0.133122 0.162936 0.148459 0.116737 0.0970364 0.0839762 0.063305 0.0388716 0.020487 0.00993164 0.00443376 0.00175212 0.000597975 0.000173702 4.20502e-05
 3.67478e-11 1.72844e-09 5.62943e-08 1.26958e-06 1.98263e-05 0.000214394 0.00160538 0.00832473 0.0299019 0.0744777 0.129164 0.15848 0.145642 0.117088 0.100284 0.0883238 0.0668763 0.040953 0.0214036 0.0102331 0.00448551 0.00173533 0.000580074 0.000165887 3.98235e-05
 3.76534e-11 1.77104e-09 5.76815e-08 1.30086e-06 2.03148e-05 0.000219677 0.00164494 0.00852977 0.0306372 0.0762969 0.132236 0.161863 0.147521 0.116106 0.0967332 0.0841097 0.0640364 0.0400801 0.0217057 0.0107508 0.00480761 0.00186577 0.000618307 0.000174109 4.10587e-05
 3.74015e-11 1.75919e-09 5.72957e-08 1.29216e-06 2.0179e-05 0.000218207 0.00163394 0.00847275 0.0304329 0.0757931 0.131397 0.160994 0.14723 0.116885 0.098439 0.0858438 0.06482 0.0397421 0.0208835 0.010099 0.00450359 0.00177594 0.000601705 0.000172193 4.07989e-05
 3.62909e-11 1.70695e-09 5.55943e-08 1.25379e-06 1.95797e-05 0.000211728 0.00158542 0.00822124 0.0295305 0.0735551 0.127581 0.156623 0.144206 0.116512 0.100529 0.0891641 0.0681367 0.0424238 0.0227441 0.0111607 0.00497523 0.0019394 0.00064983 0.000185676 4.43706e-05
 3.5279e-11 1.65936e-09 5.40442e-08 1.21883e-06 1.90338e-05 0.000205824 0.00154122 0.00799211 0.0287084 0.0715176 0.124116 0.152691 0.141615 0.116526 0.102927 0.0925476 0.0710853 0.0443898 0.023905 0.0118226 0.00532789 0.00210051 0.000709049 0.000202715 4.82352e-05
 3.5222e-11 1.65667e-09 5.39568e-08 1.21686e-06 1.9003e-05 0.000205492 0.00153873 0.00797917 0.0286618 0.0713994 0.123897 0.15236 0.141113 0.115742 0.101926 0.0917807 0.0710921 0.0452154 0.0250417 0.0127409 0.00585847 0.00234121 0.000799499 0.000231102 5.54902e-05
 3.68e-11 1.7309e-09 5.63742e-08 1.27138e-06 1.98544e-05 0.000214698 0.00160766 0.00833649 0.0299435 0.0745745 0.129286 0.158416 0.144909 0.115172 0.0973644 0.0857316 0.0661803 0.0424327 0.0239055 0.0124479 0.00587737 0.00241755 0.000849495 0.000251568 6.15177e-05
 3.48345e-11 1.63845e-09 5.33632e-08 1.20347e-06 1.8794e-05 0.000203231 0.0015218 0.00789146 0.0283474 0.0706236 0.1226 0.150996 0.14058 0.116754 0.10428 0.094221 0.0722584 0.0448578 0.0240153 0.0119314 0.00550901 0.00227 0.00081105 0.000245972 6.1717e-05
 3.42501e-11 1.61096e-09 5.24679e-08 1.18328e-06 1.84787e-05 0.000199822 0.00149627 0.00775907 0.027872 0.0694401 0.120554 0.148512 0.138394 0.11525 0.103508 0.094456 0.0739029 0.0476442 0.0268584 0.0138739 0.00643497 0.00259145 0.000899291 0.000267943 6.71774e-05
 3.5543e-11 1.67177e-09 5.44485e-08 1.22795e-06 1.91762e-05 0.000207364 0.00155275 0.0080518 0.0289218 0.0720387 0.124949 0.153384 0.14121 0.114132 0.0988063 0.0886226 0.0695857 0.0457907 0.0267708 0.014478 0.00704624 0.0029678 0.0010633 0.000320272 7.97504e-05
 3.54908e-11 1.66932e-09 5.43686e-08 1.22615e-06 1.91481e-05 0.00020706 0.00155047 0.00804006 0.0288804 0.0719428 0.124833 0.153473 0.142022 0.116213 0.101929 0.0912847 0.0700556 0.0438659 0.0239062 0.0121953 0.00581555 0.00248409 0.00092014 0.000288036 7.41477e-05
 3.53987e-11 1.66499e-09 5.42275e-08 1.22296e-06 1.90984e-05 0.000206523 0.00154645 0.00801918 0.0288053 0.0717552 0.124503 0.153047 0.141569 0.115745 0.101508 0.0911673 0.0705158 0.0447847 0.0247705 0.012617 0.00584905 0.00238919 0.000851085 0.00026215 6.8049e-05
#obs catch len freq
 3.48002e-11 1.63683e-09 5.33106e-08 1.20229e-06 1.87755e-05 0.000203031 0.0015203 0.00788366 0.0283193 0.0705509 0.122459 0.15075 0.140129 0.115959 0.103228 0.0934362 0.0723327 0.0457884 0.0251752 0.0127456 0.00588877 0.00240758 0.000862908 0.000268794 7.08505e-05
 3.47647e-11 1.63516e-09 5.32562e-08 1.20106e-06 1.87563e-05 0.000202824 0.00151875 0.00787562 0.0282906 0.0704804 0.122344 0.150643 0.140139 0.116179 0.103619 0.093782 0.0724061 0.0455899 0.0249181 0.0125982 0.00584245 0.0023887 0.000843312 0.000254286 6.44233e-05
 3.6847e-11 1.73311e-09 5.64462e-08 1.273e-06 1.98798e-05 0.000214972 0.00160971 0.00834715 0.0299821 0.0746723 0.129468 0.158702 0.145363 0.115909 0.0983251 0.0864872 0.066215 0.0416868 0.0228383 0.011561 0.00535471 0.00218406 0.000769289 0.000231005 5.79179e-05
 3.68088e-11 1.73131e-09 5.63876e-08 1.27168e-06 1.98592e-05 0.000214749 0.00160805 0.00833853 0.0299515 0.0746001 0.12937 0.158707 0.145765 0.11701 0.100008 0.0879505 0.0665341 0.040739 0.0213682 0.0103549 0.00466816 0.00188264 0.000660401 0.0001978 4.94337e-05
 3.73054e-11 1.75467e-09 5.71483e-08 1.28884e-06 2.01271e-05 0.000217646 0.00162974 0.00845097 0.0303549 0.075599 0.131064 0.160604 0.14693 0.116772 0.0985105 0.0860635 0.0651504 0.0401088 0.0211687 0.0102355 0.00453119 0.00177066 0.000600003 0.000174884 4.29981e-05
 3.74496e-11 1.76145e-09 5.73693e-08 1.29382e-06 2.02049e-05 0.000218488 0.00163604 0.00848365 0.0304722 0.0758913 0.13157 0.161223 0.14749 0.117189 0.098771 0.0860744 0.0647806 0.0394123 0.0204248 0.00969908 0.00424654 0.00164783 0.000552211 0.000157782 3.77784e-05
 3.64976e-11 1.71667e-09 5.59109e-08 1.26093e-06 1.96913e-05 0.000212934 0.00159445 0.00826807 0.0296988 0.0739741 0.128308 0.157514 0.145023 0.117141 0.100953 0.0892374 0.0676494 0.0414326 0.0216401 0.0103251 0.00450623 0.00173035 0.000572033 0.000161282 3.81104e-05
 3.70928e-11 1.74467e-09 5.68226e-08 1.28149e-06 2.00124e-05 0.000216406 0.00162045 0.00840283 0.0301822 0.0751712 0.130338 0.159788 0.146421 0.116854 0.0991325 0.0868839 0.0658131 0.0404844 0.0213283 0.0102839 0.00452896 0.00174933 0.000579175 0.000162649 3.80944e-05
 3.66201e-11 1.72243e-09 5.60984e-08 1.26516e-06 1.97573e-05 0.000213648 0.0015998 0.0082958 0.0297984 0.0742221 0.128738 0.158039 0.145495 0.117487 0.101159 0.0892242 0.0673071 0.0408162 0.021001 0.00988627 0.0042964 0.00165664 0.000550994 0.000155616 3.65742e-05
 3.96963e-11 1.86712e-09 6.08109e-08 1.37144e-06 2.1417e-05 0.000231595 0.00173418 0.00899237 0.0322971 0.0804128 0.139249 0.16988 0.153008 0.116636 0.0926849 0.0779006 0.0580791 0.0354765 0.0185577 0.00886166 0.00385666 0.00147101 0.000481888 0.000134547 3.14785e-05
 3.58503e-11 1.68622e-09 5.49192e-08 1.23857e-06 1.9342e-05 0.000209157 0.00156618 0.00812152 0.0291735 0.0726764 0.126131 0.155188 0.143976 0.118497 0.104434 0.093032 0.0697816 0.0414289 0.0205224 0.00924262 0.00388391 0.00146777 0.000481578 0.000134415 3.12587e-05
 3.86548e-11 1.81814e-09 5.92155e-08 1.33546e-06 2.08551e-05 0.000225519 0.00168868 0.00875654 0.0314511 0.0783164 0.135687 0.165855 0.150411 0.116812 0.0954086 0.0816607 0.0613043 0.0375223 0.0195922 0.00926715 0.00394914 0.0014581 0.000459547 0.000123789 2.81872e-05
 3.79819e-11 1.78648e-09 5.81846e-08 1.31221e-06 2.04921e-05 0.000221593 0.00165929 0.00860418 0.0309048 0.0769649 0.133407 0.163355 0.149059 0.117634 0.098163 0.0848382 0.0633051 0.0379524 0.0192009 0.00886462 0.00378693 0.00143543 0.000466368 0.000127471 2.88e-05
 3.70201e-11 1.74125e-09 5.67113e-08 1.27898e-06 1.99732e-05 0.000215982 0.00161728 0.00838639 0.0301234 0.0750275 0.130107 0.159589 0.146505 0.117452 0.100178 0.08789 0.0662139 0.0401535 0.0206196 0.00961792 0.00409493 0.00153106 0.000491611 0.000134401 3.07296e-05
 3.66344e-11 1.72311e-09 5.61204e-08 1.26566e-06 1.97651e-05 0.000213732 0.00160043 0.00829903 0.0298098 0.0742483 0.128769 0.158009 0.145253 0.116876 0.100252 0.0884729 0.0672251 0.0414414 0.021866 0.010528 0.00460288 0.00175272 0.000568413 0.000155646 3.54543e-05
 3.51944e-11 1.65537e-09 5.39145e-08 1.21591e-06 1.89882e-05 0.000205331 0.00153752 0.00797296 0.02864 0.0713496 0.123843 0.152441 0.141655 0.117092 0.103948 0.0935272 0.0714609 0.0440552 0.0232369 0.0112366 0.00497643 0.0019358 0.000644177 0.000180694 4.1896e-05
 3.67586e-11 1.72895e-09 5.63107e-08 1.26995e-06 1.98321e-05 0.000214456 0.00160585 0.00832715 0.0299105 0.0744963 0.12918 0.158424 0.145351 0.116385 0.0992401 0.0874271 0.0666968 0.0415702 0.0223575 0.0110277 0.00494683 0.00193916 0.000650982 0.000185142 4.37377e-05
 3.61048e-11 1.69819e-09 5.53091e-08 1.24736e-06 1.94793e-05 0.000210642 0.00157729 0.00817911 0.0293796 0.0731825 0.126959 0.15597 0.143957 0.117012 0.101678 0.0903437 0.0686811 0.0422233 0.0222354 0.0107785 0.0048201 0.00190855 0.000650827 0.000187919 4.49746e-05
 3.67166e-11 1.72697e-09 5.62463e-08 1.2685e-06 1.98094e-05 0.000214211 0.00160402 0.00831763 0.0298765 0.0744138 0.12905 0.15833 0.145468 0.116882 0.100057 0.0881699 0.0669138 0.0411897 0.0217171 0.0104927 0.00464362 0.00181178 0.000610246 0.000175489 4.221e-05
 3.57831e-11 1.68307e-09 5.48164e-08 1.23625e-06 1.93058e-05 0.000208766 0.00156324 0.00810627 0.0291183 0.0725345 0.125855 0.154709 0.143099 0.116942 0.102343 0.0913702 0.0696854 0.0430056 0.0227399 0.0110254 0.0048941 0.00191104 0.000641653 0.000183176 4.36693e-05
 3.61022e-11 1.69807e-09 5.53051e-08 1.24727e-06 1.94779e-05 0.000210627 0.00157718 0.00817851 0.0293774 0.0731761 0.126942 0.155922 0.143828 0.116745 0.101306 0.0900601 0.0687001 0.042544 0.0226324 0.0110449 0.00492597 0.00192915 0.000648942 0.000185369 4.41286e-05
 3.21407e-11 1.51174e-09 4.92365e-08 1.11041e-06 1.73406e-05 0.000187515 0.00140413 0.00728146 0.0261593 0.0652004 0.113382 0.140563 0.133796 0.117055 0.111089 0.103714 0.0804854 0.0502054 0.0268817 0.013216 0.0059395 0.0023441 0.000794367 0.000228284 5.45651e-05
 3.73509e-11 1.7568e-09 5.7218e-08 1.29041e-06 2.01516e-05 0.000217912 0.00163172 0.0084612 0.0303908 0.0756811 0.131155 0.160476 0.14606 0.114595 0.0952488 0.0832461 0.064559 0.0419936 0.0241028 0.0126814 0.00595288 0.0024031 0.000824917 0.000239322 5.76632e-05
 3.52063e-11 1.65594e-09 5.39327e-08 1.21632e-06 1.89946e-05 0.0002054 0.00153805 0.00797567 0.0286499 0.071375 0.123893 0.152531 0.141825 0.11739 0.104311 0.0936982 0.071184 0.043422 0.0226703 0.0110452 0.00509138 0.00212061 0.000764621 0.000231576 5.74353e-05
 3.40857e-11 1.60323e-09 5.22161e-08 1.1776e-06 1.839e-05 0.000198863 0.00148909 0.00772188 0.027739 0.0691135 0.12002 0.148014 0.138429 0.11626 0.105365 0.096265 0.0746425 0.0471007 0.0256807 0.0128052 0.00577694 0.00228305 0.000784333 0.000233314 5.86557e-05
 3.24394e-11 1.52579e-09 4.9694e-08 1.12073e-06 1.75018e-05 0.000189258 0.00141718 0.00734904 0.0264011 0.0657941 0.114352 0.141473 0.133749 0.115256 0.107765 0.100466 0.0791381 0.0511452 0.0289599 0.0151148 0.00712053 0.00290845 0.00101209 0.000297413 7.27682e-05
 3.66207e-11 1.72246e-09 5.60995e-08 1.26518e-06 1.97577e-05 0.000213652 0.00159983 0.00829587 0.0297978 0.0742119 0.128661 0.15767 0.144291 0.114822 0.0972638 0.0858444 0.0665186 0.0429746 0.0245339 0.013013 0.00628541 0.0026559 0.000960663 0.000292323 7.31649e-05
 3.31516e-11 1.55929e-09 5.07851e-08 1.14533e-06 1.78861e-05 0.000193413 0.00144829 0.00751039 0.0269806 0.0672369 0.11685 0.144519 0.136473 0.117224 0.108913 0.100384 0.0772325 0.0476863 0.0252981 0.0125119 0.00582116 0.00244646 0.000898172 0.000280563 7.24515e-05
#spawning biomass
 20956.6 22245.4 21672 23489.7 25609 29886.2 33649.7 35356.8 37409.8 41605.1 43196.6 44743 53906.2 57096.6 63078 63680.9 65819.4 73253 75201.5 85886 81273 78823.3 87255.8 84896.3 86122.6 104423 92369.3 92310.4 105260 168900 121563 78892.5 52978.3 39224.9 32452.1 29267.1 27813.2 27162.5 26875 26749.2 26694.5 26670.8 26660.5 26656.1 26654.2 26653.4 26653 26652.9 26652.8 26652.8 26652.8 26652.8 26652.8 26652.8 26652.8 26652.8 26652.8 26652.8 26652.8 26652.8 26652.8 26652.8 26652.8 26652.8 26652.8 26652.8 26652.8 26652.8 26652.8 26652.8 26652.8 26652.8 26652.8 26652.8 26652.8 26652.8 26652.8 26652.8 26652.8 26652.8 26652.8 26652.8 26652.8 26652.8 26652.8 26652.8 26652.8 26652.8 26652.8 26652.8 26652.8 26652.8 26652.8 26652.8 26652.8 26652.8 26652.8 26652.8 26652.8 26652.8 26652.8 26652.8 26652.8 26652.8 26652.8 26652.8 26652.8 26652.8 26652.8 26652.8 26652.8 26652.8 26652.8 26652.8 26652.8 26652.8 26652.8 26652.8 26652.8 26652.8 26652.8 26652.8 26652.8 26652.8 26652.8 26652.8 26652.8 26652.8 0 0 0 0 0 0 0 0 0 0 0 0 0 0 0 0 0 0 0 0 0 0 0 0 0
